data/wind_velocity.json
{"header": { "parameterUnit": "kt", "parameterCategory": 2, "nx": 255, "ny": 198, "lo1": 44.73521041870117, "la1": -3.236724853515625, "lo2": 111.26478576660156, "la2": 43.468475341796875, "dx": 0.26192745566368103, "dy": -0.23708222806453705, "refTime": "2024-05-01 00:00:00", "forecastTime": 0, "parameterNumber": 2, "parameterNumberName": "eastward_wind" }, "data":
[rows 114 to 132 of 198, columns 172 to 214 of 255]
-4.399615287780762,-2.9186999797821045,-3.001011848449707,-1.3664077520370483,-1.4755501747131348,-1.8701733350753784,-0.553551197052002,0.000028065733204130083,0.19875572621822357,0.2681390047073364,1.0056970119476318,1.664045810699463,0.8858841061592102,-1.4762516021728516,-1.2753853797912598,-1.222671627998352,-1.4096672534942627,-0.6353693008422852,-0.32505002617836,-0.5672152042388916,-0.5463177561759949,2.1143712997436523,1.4926682710647583,0.021059704944491386,-1.8545459508895874,-0.5769660472869873,0.266099214553833,-1.0227051973342896,-2.5391008853912354,1.1745439767837524,-0.33695629239082336,0.9551717042922974,-4.657251358032227,1.8852574825286865,1.4291964769363403,1.473252296447754,0.8211464881896973,1.72327721118927,1.2802326679229736,2.140367031097412,2.794219493865967,1.4793767929077148,-0.08329027146100998
-5.480540752410889,-5.9501633644104,-5.875157833099365,-3.3062891960144043,-1.7930855751037598,-1.3117033243179321,-1.011114239692688,-1.6776355504989624,-1.4542428255081177,-0.6627463698387146,0.3471108376979828,0.4278686046600342,-2.9828736782073975,-2.225837469100952,-1.683849811553955,-1.661259412765503,-2.1276755332946777,-2.317680597305298,-2.109166383743286,-0.803784966468811,-1.451184630393982,1.5880506038665771,3.4250476360321045,0.8038150668144226,-3.0081677436828613,-0.4483427107334137,1.0120885372161865,-0.5861836671829224,-2.895155668258667,0.8986285328865051,-1.1125452518463135,-0.2189784049987793,-3.940558433532715,-1.276732087135315,-0.9335506558418274,2.6220479011535645,1.4625352621078491,1.1228052377700806,1.6963492631912231,2.941999912261963,3.7985756397247314,1.1103250980377197,0.7764061093330383
-6.04481315612793,-5.758849620819092,-6.089255332946777,-3.9400792121887207,-3.776217222213745,-4.615102767944336,-4.63073205947876,-4.809445858001709,-3.4550747871398926,-2.194028615951538,-1.8569375276565552,-2.580803632736206,-3.1042070388793945,-2.052400827407837,-2.7958595752716064,-0.9278270602226257,-0.30619099736213684,-2.199907064437866,-2.02337646484375,-1.0724258422851562,-0.45665475726127625,1.7443921566009521,3.3370563983917236,1.1966490745544434,-1.021891713142395,-0.5703598856925964,0.3567175567150116,-0.3275538980960846,-2.810462236404419,-0.8933435082435608,-0.37880420684814453,0.04621098190546036,-3.077392578125,-2.5790348052978516,-0.15344764292240143,3.1979832649230957,1.1249850988388062,1.7037569284439087,2.3902344703674316,3.07999324798584,3.960472345352173,1.218523621559143,0.06293203681707382
-5.823672294616699,-5.941864967346191,-5.36704158782959,-3.836108922958374,-4.289747714996338,-5.584805488586426,-6.133134365081787,-6.503115177154541,-6.291778564453125,-5.628312587738037,-5.110030174255371,-4.586767673492432,-2.7309651374816895,-2.964162588119507,-2.903347969055176,-0.39586469531059265,0.912132203578949,-1.2392668724060059,-1.1644004583358765,-1.0993558168411255,-0.7696801424026489,1.0197691917419434,2.0650861263275146,0.0003718659863807261,0.9937953352928162,0.0992974266409874,0.4341443181037903,-0.7627893090248108,-3.27146577835083,-1.3931901454925537,0.6322903633117676,-0.1276269108057022,-3.3603312969207764,-3.2258830070495605,-0.3366088271141052,3.320080280303955,1.1526087522506714,1.8055880069732666,2.816242218017578,3.0974764823913574,3.8900108337402344,0.9270374178886414,0.24512246251106262
-2.464155435562134,-2.5370876789093018,-1.856555700302124,-2.219756841659546,-2.2730627059936523,-2.100456953048706,-2.9492292404174805,-3.5039000511169434,-4.573458194732666,-5.431009292602539,-5.628725528717041,-5.991154670715332,-4.695209503173828,-5.519332408905029,-4.771062850952148,-3.9020209312438965,-2.612894296646118,-3.4470081329345703,-2.6750574111938477,-1.0838491916656494,-0.9067591428756714,-1.1594030857086182,-0.1040748730301857,-0.4918254017829895,1.4401249885559082,1.7508597373962402,0.8545704483985901,-1.0252478122711182,-3.758906602859497,-1.1967061758041382,1.7971092462539673,-0.1914484053850174,-3.226586103439331,-2.8636624813079834,-1.4635229110717773,2.798044443130493,2.5945515632629395,1.811464548110962,2.4215104579925537,3.121560573577881,3.4209585189819336,2.180976152420044,0.03244466707110405
0.5168204307556152,1.4842654466629028,0.5689511895179749,-0.9250007271766663,-0.06706275045871735,-0.0760934129357338,-1.127861738204956,-1.4746454954147339,-1.3539637327194214,-0.9097574353218079,-2.16096568107605,-2.093747138977051,-2.569490432739258,-3.1222963333129883,-3.3104634284973145,-4.175306797027588,-4.285959720611572,-5.174624919891357,-4.057933807373047,-2.682224988937378,-1.575931191444397,-1.6025584936141968,-1.9426114559173584,-1.1195580959320068,0.8933841586112976,1.704006314277649,-1.133233904838562,-2.31317400932312,-3.3321897983551025,0.3810091018676758,2.542660713195801,-0.833440899848938,-2.9048147201538086,-1.6229451894760132,-0.9071062803268433,2.6193065643310547,3.5154192447662354,1.744148850440979,1.7613375186920166,0.9834327697753906,1.8093698024749756,2.8262617588043213,-0.11171208322048187
1.3135387897491455,2.7177445888519287,-0.35504376888275146,0.022509338334202766,-0.12764452397823334,0.5788339972496033,0.04959836229681969,-3.2410335540771484,-1.7559452056884766,2.209792137145996,3.065371036529541,3.973848819732666,0.4790608286857605,-0.6065158843994141,-0.7141181230545044,-0.49845483899116516,-1.3691778182983398,-4.368887901306152,-3.9594545364379883,-3.4613051414489746,-2.87325119972229,-1.7374298572540283,-2.4757649898529053,-1.5582425594329834,-0.5117064118385315,-0.41369524598121643,-3.643218517303467,-2.9075417518615723,-2.413459300994873,2.425488233566284,2.5006353855133057,-0.8450278639793396,-2.9014811515808105,-1.9387277364730835,-0.3479063808917999,2.624450445175171,2.6840107440948486,1.244984745979309,1.180186152458191,-0.12516407668590546,1.7749557495117188,2.067915916442871,0.4618321359157562
0.808818519115448,1.7951627969741821,-1.2678488492965698,0.2556494474411011,-1.0471272468566895,1.743230938911438,1.2527769804000854,-2.2374744415283203,-4.1277241706848145,0.7631546854972839,4.939472675323486,4.523833274841309,1.552775502204895,-1.1392369270324707,-0.2424306422472,2.305983066558838,1.0058269500732422,-1.159409761428833,-1.844000220298767,-1.7564016580581665,-2.7597122192382812,-2.408620595932007,-1.6985710859298706,-1.7864128351211548,-2.1490323543548584,-2.365387201309204,-4.137330055236816,-3.035037040710449,0.48719069361686707,3.2136659622192383,0.09016711264848709,-0.6323701739311218,-2.1764132976531982,-2.3213040828704834,0.24087460339069366,1.9539330005645752,1.367342233657837,0.9567322731018066,0.9587123394012451,1.606526494026184,2.671190023422241,0.9114174246788025,1.3977806568145752
0.8946664333343506,0.43539780378341675,-0.5108933448791504,-0.13502320647239685,-0.44453051686286926,1.0605831146240234,-0.09285473823547363,0.6561036109924316,-3.8076894283294678,-1.7708996534347534,1.463369369506836,3.6378049850463867,3.0994415283203125,-0.49678847193717957,-0.22394543886184692,2.754067897796631,1.1541199684143066,2.2124969959259033,1.0434596538543701,0.5617184638977051,-0.563687801361084,-1.0894461870193481,-0.6521005034446716,-2.794229745864868,-2.37870192527771,-2.89402437210083,-5.044828414916992,-2.7827656269073486,4.060116291046143,2.755544900894165,-2.424422264099121,-0.9055518507957458,-1.2165459394454956,-0.9882230758666992,1.8689498901367188,0.9288471341133118,0.8079577088356018,1.0024938583374023,1.2063698768615723,2.6243035793304443,1.9796663522720337,-0.35012906789779663,1.689882755279541
1.1198759078979492,0.1202724352478981,0.025984641164541245,1.3862993717193604,1.783440113067627,-0.2164791077375412,-1.959864854812622,-0.945122241973877,-0.4751574993133545,-0.9562005400657654,-0.6563115119934082,6.179223537445068,3.624079942703247,-0.23148676753044128,0.24224242568016052,1.4351048469543457,1.4579088687896729,2.2308402061462402,1.2372416257858276,1.463625431060791,1.4940910339355469,1.734166145324707,0.05284008011221886,-3.2242867946624756,-0.8365623950958252,-3.0780937671661377,-6.676675319671631,-1.464006781578064,2.13366961479187,1.8749884366989136,-0.2786315381526947,-0.6050547957420349,-0.7583484053611755,0.06526970118284225,1.9592385292053223,0.7717804908752441,0.7023518681526184,0.4286789894104004,0.9974355697631836,1.6227805614471436,2.0070056915283203,-0.7538397312164307,0.9273701310157776
-2.3434979915618896,-0.06758458912372589,0.4059922993183136,3.7679426670074463,4.971396446228027,1.8334161043167114,-2.1765806674957275,0.19370250403881073,1.5397403240203857,1.8805482387542725,3.300851821899414,2.4837939739227295,2.893061399459839,-0.1435057371854782,2.637603521347046,0.7937673926353455,0.8987717628479004,1.439680576324463,0.2623658776283264,0.44534459710121155,1.3001073598861694,2.8917970657348633,1.2180486917495728,-2.1305556297302246,-0.37059712409973145,-4.019526958465576,-3.8001177310943604,-2.938870668411255,-2.8601937294006348,0.7536370754241943,2.8179867267608643,-1.2718653678894043,1.3958982229232788,1.6772329807281494,0.8005144000053406,1.8958580493927002,0.7439698576927185,-0.22684422135353088,-0.22394026815891266,0.6487083435058594,3.010995626449585,0.6025368571281433,1.1688289642333984
-1.2065759897232056,-1.3335875272750854,1.6409902572631836,4.403486251831055,4.684228897094727,1.1536223888397217,0.8136764764785767,1.1606184244155884,-0.10068235546350479,2.0484864711761475,2.388660192489624,-2.8577942848205566,-0.35258209705352783,4.843017578125,2.2615087032318115,0.8098374605178833,0.6811532974243164,0.1392175853252411,-0.30141162872314453,1.6258180141448975,0.7747492790222168,0.43973419070243835,0.6011053323745728,-1.1413352489471436,-4.063684940338135,-3.2048287391662598,-0.8358946442604065,0.032758504152297974,-0.24550220370292664,-0.8730775713920593,3.9177699089050293,0.20373813807964325,2.446549892425537,3.00730299949646,0.9064946174621582,2.277191400527954,1.2590705156326294,0.18745087087154388,-0.9696551561355591,-0.04706839472055435,1.0891984701156616,1.9114619493484497,1.9968836307525635
2.4082565307617188,3.914985418319702,5.0045366287231445,3.699800491333008,-1.090378761291504,0.39659613370895386,2.2167468070983887,2.275554895401001,-1.3735939264297485,2.2549915313720703,0.7338531613349915,-5.187946796417236,-3.465812921524048,0.015222860500216484,0.5989717245101929,0.032286420464515686,-0.1564761847257614,-0.6313962340354919,-0.03672207146883011,1.3063453435897827,2.2741923332214355,-1.3522226810455322,-2.431124448776245,1.2610622644424438,-3.651228427886963,-2.7350826263427734,-0.04846363887190819,-0.019522596150636673,1.5287779569625854,1.2963247299194336,0.8218023180961609,0.497686505317688,2.9762701988220215,3.30546498298645,0.42387962341308594,0.6919869780540466,2.319101333618164,0.5413187146186829,-0.7114359736442566,-0.9011650681495667,1.7794549465179443,2.5832486152648926,0.2939489185810089
1.456031322479248,2.210571527481079,6.373471736907959,3.455676317214966,-1.7593538761138916,0.7508325576782227,-1.2321416139602661,-1.6601802110671997,-2.0947086811065674,-0.3231911361217499,-0.5785059928894043,-2.3255245685577393,-0.8216923475265503,1.3035920858383179,-0.20136044919490814,-0.4059866666793823,-0.2168535590171814,0.6963435411453247,1.6430332660675049,2.787351608276367,2.0504302978515625,-1.9155206680297852,-2.90484881401062,-0.08544359356164932,-3.1609692573547363,-2.913694381713867,-1.11159086227417,1.3597002029418945,-0.3127940893173218,-1.1361825466156006,-3.440814971923828,-1.5303491353988647,4.482102394104004,0.10270576924085617,1.3134592771530151,0.9282479882240295,3.4854540824890137,-0.08437991887331009,-0.25295060873031616,-0.5147068500518799,1.3496322631835938,2.5993120670318604,1.5968341827392578
2.152348756790161,3.3640496730804443,5.9853644371032715,2.224564790725708,0.9973533153533936,-2.3524274826049805,-3.6892828941345215,-2.22182035446167,0.19336196780204773,0.13942795991897583,-2.5983309745788574,-2.5064663887023926,-2.144491195678711,-3.015693187713623,-2.499070882797241,-1.8375829458236694,0.010924676433205605,1.9714937210083008,4.045341968536377,2.3574814796447754,-0.019495410844683647,-2.004774332046509,-3.440812587738037,-1.6516914367675781,-2.342003345489502,-2.3337645530700684,0.12586376070976257,-0.44656944274902344,-0.4246152341365814,0.2408982366323471,-1.8771679401397705,5.198654651641846,3.3637630939483643,-0.42275741696357727,3.1130945682525635,1.9971239566802979,-0.017982836812734604,-1.3138220310211182,-1.19440758228302,-0.7476085424423218,1.736948847770691,2.7553582191467285,0.9732093214988708
4.6594085693359375,2.328644037246704,1.9525264501571655,2.71854829788208,0.3734801709651947,-3.215211868286133,-4.057583332061768,-3.372903823852539,-3.8019068241119385,-4.265527248382568,-4.222283363342285,-3.1343002319335938,-2.359022855758667,-2.6811418533325195,-3.4374356269836426,-2.589815139770508,-1.7284693717956543,-1.0042585134506226,-0.36059361696243286,0.8888697624206543,1.6222209930419922,-0.48529940843582153,-3.998988628387451,-2.982402801513672,-2.715675115585327,-3.048874855041504,-1.052495002746582,1.7396972179412842,-0.2726829946041107,-0.4879012703895569,0.05295014753937721,5.93535852432251,0.32410934567451477,3.000873327255249,2.5426902770996094,-1.2532695531845093,-1.5132981538772583,-1.3488301038742065,-1.0491783618927002,-0.34050947427749634,1.9218807220458984,2.16756534576416,2.0132339000701904
3.446746349334717,1.4661675691604614,-1.526682734489441,3.5918118953704834,2.8268072605133057,-2.1833791732788086,-1.9532890319824219,-2.456721544265747,-1.9262176752090454,-1.739001989364624,-3.051957607269287,-3.024872064590454,-2.522084951400757,-1.7924970388412476,-2.43630313873291,-1.711301565170288,-0.7470571994781494,0.8474283814430237,0.414476215839386,-1.0141879320144653,-0.6230932474136353,0.9462197422981262,-1.2397494316101074,-3.140897512435913,-2.7177348136901855,-0.4835417866706848,0.9137967824935913,-1.8106368780136108,-2.5576372146606445,3.1250369548797607,4.7452826499938965,2.158177137374878,0.7261680960655212,3.470489263534546,-2.557133674621582,-1.6791977882385254,-1.3482882976531982,-1.6607798337936401,-0.14627227187156677,0.881798505783081,2.4505059719085693,2.605797052383423,1.5980478525161743
-0.01687821000814438,0.29813629388809204,0.4040956497192383,2.694045305252075,3.6166915893554688,-0.2159227579832077,-1.058795690536499,-2.2431094646453857,-1.2005267143249512,-0.10939908772706985,-2.5134592056274414,-2.719273567199707,-2.3490633964538574,-1.0299278497695923,-1.1442559957504272,-1.409866213798523,-1.0953112840652466,-0.7655590772628784,-0.12030839174985886,-0.2803170382976532,-0.22681082785129547,0.7219909429550171,-1.7503305673599243,-3.063377857208252,-2.3512682914733887,-1.8079558610916138,0.4365096092224121,-3.658019542694092,-1.6917991638183594,7.395223140716553,0.6300152540206909,0.3067619204521179,3.1952991485595703,1.2442501783370972,-3.1263692378997803,-1.4815887212753296,-1.5255063772201538,-2.2548961639404297,0.6225831508636475,1.8204779624938965,2.9503366947174072,1.936725378036499,1.622996211051941
2.1003546714782715,1.3276071548461914,4.493917942047119,2.7301840782165527,2.3986148834228516,1.0475780963897705,-0.5165054202079773,-1.912173867225647,-1.7158703804016113,-0.8973097205162048,-2.670534610748291,-3.6687779426574707,-1.789180874824524,-0.5517978668212891,-1.9262471199035645,-2.604025363922119,-1.8715909719467163,-2.1795411109924316,-0.7721109390258789,0.3385607898235321,-0.18388760089874268,-0.8396597504615784,-2.336005687713623,-2.806227922439575,-2.9976162910461426,-4.262048244476318,-0.755728542804718,-0.597452700138092,2.467568874359131,3.0063188076019287,-3.2321670055389404,1.0239965915679932,1.9542124271392822,-2.2485992908477783,-1.5659376382827759,-0.13259091973304749,-0.04504901543259621,-1.7575896978378296,1.05077064037323,2.405379056930542,2.3609566688537598,1.570470929145813,2.107849359512329
