data/wind_velocity.json
{"header": { "parameterUnit": "kt", "parameterCategory": 2, "nx": 255, "ny": 198, "lo1": 44.73521041870117, "la1": -3.236724853515625, "lo2": 111.26478576660156, "la2": 43.468475341796875, "dx": 0.26192745566368103, "dy": -0.23708222806453705, "refTime": "2024-05-01 00:00:00", "forecastTime": 0, "parameterNumber": 2, "parameterNumberName": "eastward_wind" }, "data":
[rows 171 to 189 of 198, columns 172 to 214 of 255]
1.9078294038772583,0.6865385174751282,4.382131576538086,7.998981952667236,4.556519031524658,3.0072028636932373,3.023808717727661,2.402265787124634,2.961686849594116,1.6998872756958008,-2.449553966522217,-1.381225347518921,0.6987435817718506,2.821159601211548,5.935903072357178,5.739338397979736,4.923150062561035,2.9065680503845215,1.0806818008422852,0.5653485059738159,-1.247819423675537,-3.5115561485290527,-3.5053093433380127,-3.1711618900299072,-2.4867148399353027,1.2811797857284546,4.293609619140625,1.6655060052871704,2.2803781032562256,-0.06744882464408875,-4.772853851318359,-4.550378322601318,1.9046516418457031,3.637234687805176,0.3845374584197998,2.6730198860168457,1.7210514545440674,-0.107131727039814,0.3153546452522278,0.03947357460856438,-1.0450146198272705,0.3147751986980438,3.6443469524383545
6.725464344024658,4.180896282196045,3.250804901123047,7.270915985107422,8.949209213256836,5.009274005889893,0.8840173482894897,2.1032872200012207,3.7018191814422607,1.3167343139648438,-1.7254002094268799,-1.6796787977218628,-1.25696861743927,3.9291656017303467,5.555298328399658,3.906795024871826,2.2470321655273438,0.5162922143936157,0.677719235420227,0.06370037794113159,-0.49345800280570984,0.7797296643257141,-0.1368284970521927,0.30636832118034363,-1.307463526725769,-2.417574405670166,-0.048872023820877075,1.5187219381332397,-2.301088809967041,-3.452742099761963,-3.6373746395111084,1.0843247175216675,3.9576244354248047,-1.3755656480789185,1.2476168870925903,1.1935169696807861,0.6541225910186768,-0.03949820622801781,-0.2438325732946396,-0.8995864987373352,0.15097704529762268,3.1918108463287354,1.9078229665756226
4.700303077697754,0.3935626745223999,0.3022858500480652,4.811640739440918,8.395955085754395,6.878435134887695,2.7945327758789062,0.258964478969574,0.8843411207199097,3.500922679901123,1.6683452129364014,-0.41907718777656555,0.1374223232269287,3.158576011657715,0.24660323560237885,-4.359514236450195,-3.3950886726379395,3.126838445663452,5.681314945220947,2.854642391204834,-1.6584392786026,-3.936793088912964,-4.300115585327148,-4.123158931732178,-0.6617785096168518,1.351508378982544,-1.2429782152175903,-6.326573848724365,-5.393255233764648,2.114778757095337,1.346824288368225,1.5465388298034668,0.03693165257573128,-0.6106841564178467,-1.0425845384597778,0.1621643602848053,0.08853616565465927,0.5669329762458801,1.3820725679397583,0.8051728010177612,1.992984414100647,2.1378567218780518,-1.809736728668213
0.15231893956661224,-0.3133397400379181,0.322762668132782,1.1800858974456787,2.0319440364837646,2.1728854179382324,1.2756236791610718,0.804428219795227,1.4699212312698364,3.1679093837738037,0.25672146677970886,-0.44128870964050293,2.197614908218384,-0.274997740983963,-1.0830672979354858,-3.452012538909912,-2.6102511882781982,0.34982985258102417,1.3078404664993286,0.0899006798863411,-2.6846187114715576,-4.939543724060059,-2.8679656982421875,2.1338446140289307,0.04844275116920471,-2.798051357269287,-3.1502883434295654,-1.7353242635726929,1.0671364068984985,2.294509172439575,0.5973033308982849,0.8443337082862854,-0.6751876473426819,-1.148447871208191,-0.28209689259529114,0.38955754041671753,1.691063404083252,3.819911241531372,3.1418404579162598,2.45450496673584,0.32415130734443665,-1.6882603168487549,-1.3011984825134277
0.14817430078983307,-0.23564966022968292,0.7552128434181213,1.4196995496749878,1.221565842628479,1.13686203956604,0.9666455388069153,0.6583279967308044,1.167186975479126,1.1058658361434937,-0.846679151058197,-1.756707787513733,-0.8771344423294067,-3.1337246894836426,-2.6050992012023926,-1.8233990669250488,0.165706604719162,0.11134498566389084,-0.6269834041595459,-0.7746848464012146,-1.9229577779769897,-1.8966474533081055,-0.32881349325180054,0.34884214401245117,-1.6919289827346802,-1.4182180166244507,-2.574129819869995,3.054953098297119,1.8283535242080688,0.17756518721580505,0.4047638773918152,0.2242353856563568,-0.40010571479797363,0.028471626341342926,1.5056205987930298,2.5527310371398926,3.5698537826538086,3.6429736614227295,0.9123302698135376,-0.5463535189628601,-2.6581575870513916,-2.5759289264678955,-1.1994622945785522
0.21278156340122223,-0.18283237516880035,0.6635417342185974,1.7126151323318481,1.690024495124817,1.7349954843521118,1.3405011892318726,0.6218441724777222,0.7075574398040771,0.08616600185632706,-0.959878146648407,-1.5343838930130005,-1.560368299484253,-1.7267277240753174,-0.6469525694847107,0.6602303385734558,2.04048228263855,1.6038352251052856,1.3194504976272583,1.2488616704940796,-0.9704433679580688,-1.8494770526885986,-2.1604530811309814,-2.6720166206359863,-2.1271142959594727,-1.757006049156189,-1.7751516103744507,5.23242712020874,0.44011247158050537,-2.5126051902770996,1.0672341585159302,0.6660565733909607,-0.41849130392074585,-0.13381502032279968,2.3952128887176514,2.8264904022216797,1.5978323221206665,0.10412304103374481,-1.9880925416946411,-3.375422716140747,-3.40324330329895,-1.62688410282135,-1.0240986347198486
-1.4772965908050537,-0.19287356734275818,0.44846341013908386,0.5903319716453552,0.4171915054321289,1.2369970083236694,1.313826084136963,1.1329841613769531,1.0035916566848755,0.8389508724212646,-0.23530948162078857,0.5749624967575073,1.9995890855789185,2.4064416885375977,3.7121922969818115,3.147414445877075,2.251439332962036,2.569263219833374,3.5922579765319824,3.1421008110046387,-0.6252249479293823,-4.295800685882568,-5.4189133644104,-1.7621748447418213,-0.469921350479126,-4.810457706451416,-0.9672304391860962,4.717502593994141,-0.030606726184487343,-3.3993146419525146,2.117853879928589,1.368006706237793,-1.1872000694274902,-2.1808078289031982,0.9722570776939392,-0.2992416024208069,-3.1314384937286377,-3.3938071727752686,-2.8692989349365234,-3.30946683883667,-1.807584524154663,-0.7985014915466309,-0.3229229748249054
-1.0390527248382568,-0.014271093532443047,1.1217793226242065,1.321242094039917,0.3397563397884369,0.12234551459550858,0.7910987138748169,1.2353355884552002,1.6795601844787598,1.3187038898468018,1.3003218173980713,1.6567373275756836,2.2980546951293945,2.713350296020508,3.0853917598724365,2.164489984512329,2.0784738063812256,1.9225143194198608,1.200779676437378,0.5323336124420166,0.20685486495494843,0.22418217360973358,0.2678426504135132,-0.7453016042709351,-0.5766030550003052,-0.6947314739227295,2.529874086380005,2.299104690551758,-1.9112517833709717,-0.2517993748188019,3.2806906700134277,0.12802286446094513,-2.204469919204712,-2.647552967071533,-2.9700682163238525,-4.193270206451416,-4.039257049560547,-2.723794937133789,-2.429218053817749,-2.862891912460327,-1.6391990184783936,-0.7505612969398499,-0.02387777715921402
-2.6610426902770996,-2.3049848079681396,-1.156270146369934,1.296275019645691,3.118439197540283,2.646031141281128,1.1145998239517212,1.2107123136520386,1.7888764142990112,2.087080478668213,2.7965075969696045,3.6035985946655273,3.316279888153076,2.756253242492676,1.9974613189697266,1.4918814897537231,1.7980021238327026,1.6509274244308472,1.530550241470337,1.737667441368103,2.647874116897583,2.714431047439575,1.4533740282058716,0.48169443011283875,-0.14934459328651428,-0.15458044409751892,2.128196954727173,0.8356996774673462,-0.6045380234718323,0.34216979146003723,-1.533520221710205,-0.5929363369941711,-1.13039231300354,-3.5466864109039307,-5.269283771514893,-5.811735153198242,-5.308251857757568,-4.708574295043945,-4.48532247543335,-3.5722672939300537,-1.384207010269165,-0.4228547215461731,-0.43386363983154297
-3.969527244567871,-3.744267225265503,-2.877405881881714,-0.5929888486862183,2.0202114582061768,3.3513405323028564,1.870682954788208,0.9579664468765259,1.109220266342163,1.6981099843978882,2.743938684463501,2.890960931777954,2.0328941345214844,2.448603868484497,0.5454410314559937,-2.0776302814483643,-2.2398195266723633,-1.7252156734466553,-1.2851101160049438,-0.35629236698150635,1.3503581285476685,3.030541181564331,2.7706856727600098,0.881883978843689,-0.23279941082000732,-0.09610085934400558,-2.4592933654785156,-5.183533191680908,-4.315648555755615,-2.6499111652374268,-2.6899049282073975,-1.8794158697128296,-5.732061386108398,-6.894904136657715,-6.9019694328308105,-6.654224872589111,-6.299736499786377,-6.150489807128906,-5.237182140350342,-3.0697433948516846,-1.077172875404358,-0.270687460899353,0.12170752882957458
-4.9208574295043945,-4.856268882751465,-4.365324020385742,-2.9214906692504883,-0.7183095812797546,1.0723367929458618,0.9557957649230957,-0.2733553349971771,-0.5918100476264954,0.43516990542411804,1.624587059020996,1.5946030616760254,-0.2638792395591736,-0.28497788310050964,-2.5383598804473877,-5.625935077667236,-5.873265743255615,-4.952908039093018,-4.6211347579956055,-4.085142612457275,-3.053433656692505,-2.0453760623931885,-2.0666756629943848,-3.6701252460479736,-4.525163173675537,-4.2305474281311035,-7.147450923919678,-8.915935516357422,-7.379990100860596,-5.48091983795166,-3.4404726028442383,-3.409386396408081,-7.295536994934082,-7.48667049407959,-6.292691230773926,-5.651762962341309,-5.232607364654541,-4.924962520599365,-3.982633590698242,-2.2447052001953125,-0.8516845703125,0.19357754290103912,1.7101250886917114
-4.950149059295654,-5.46465539932251,-5.5404839515686035,-4.541419982910156,-2.939918041229248,-2.0595827102661133,-0.8940773010253906,-0.9619211554527283,-1.4346802234649658,-0.3800429701805115,0.6284192204475403,0.6750575304031372,-2.316354751586914,-4.038870334625244,-5.387091636657715,-6.687127590179443,-6.510886192321777,-5.846580505371094,-6.6427106857299805,-7.104518890380859,-7.132267475128174,-8.444916725158691,-9.52560806274414,-9.835426330566406,-10.228922843933105,-9.809165000915527,-9.234410285949707,-8.747052192687988,-7.847476482391357,-6.236579895019531,-4.398146152496338,-3.650416135787964,-4.2589640617370605,-5.304406642913818,-4.560886383056641,-3.9134464263916016,-3.1707794666290283,-2.051427125930786,-1.4529304504394531,-1.1568443775177002,-0.624228835105896,0.8280981779098511,3.2635138034820557
-3.079332113265991,-4.41779899597168,-5.45612096786499,-4.859899520874023,-3.744086980819702,-2.1988070011138916,-0.7433587908744812,1.4398788213729858,1.2640135288238525,0.7776950597763062,0.9308532476425171,-0.45867571234703064,-3.338740587234497,-4.444040298461914,-3.9056589603424072,-4.45797061920166,-4.404758930206299,-4.433918476104736,-7.269318103790283,-7.781887531280518,-6.660539150238037,-7.104837894439697,-8.162057876586914,-8.83827018737793,-9.59968376159668,-8.887306213378906,-8.342991828918457,-8.82930850982666,-8.455888748168945,-5.557179927825928,-2.8627912998199463,-1.0280026197433472,-3.055879592895508,-5.203662395477295,-4.868401050567627,-4.235650062561035,-3.3501458168029785,-0.9216042160987854,0.6438502669334412,0.8698289394378662,-0.12152150273323059,0.9424088597297668,3.1238014698028564
-0.6438174247741699,-1.2893435955047607,-2.23159122467041,-1.8876065015792847,-1.678938388824463,-2.395817518234253,-1.3536958694458008,0.025360094383358955,1.3839163780212402,1.663360357284546,0.8394914865493774,-0.24186991155147552,-1.050868034362793,-1.0498284101486206,-0.7321780920028687,-0.992064356803894,-1.757709264755249,-3.089385986328125,-5.915785789489746,-6.376583576202393,-5.248869895935059,-5.389074802398682,-6.605178356170654,-7.060736656188965,-6.212717056274414,-5.790139675140381,-5.90645170211792,-6.538376808166504,-6.656644821166992,-4.257830619812012,-2.1775102615356445,-1.2787926197052002,-2.7396440505981445,-3.8447608947753906,-4.239051342010498,-4.424422264099121,-3.588960647583008,-0.8105396628379822,0.5142152905464172,0.7435153722763062,0.8319689035415649,1.3246266841888428,1.6164124011993408
1.3084044456481934,0.8746704459190369,-0.76628178358078,-1.1607472896575928,-1.1667450666427612,-1.3953803777694702,-2.0082147121429443,-3.6843791007995605,-3.133194923400879,-1.8326787948608398,-1.4142063856124878,-1.1270720958709717,-0.7466258406639099,-0.17463208734989166,0.8024339079856873,1.329014539718628,0.8550949692726135,0.30973637104034424,-1.396460771560669,-3.02354097366333,-3.0919833183288574,-4.095106601715088,-5.7267866134643555,-6.095423698425293,-4.847158908843994,-4.26207971572876,-4.602882385253906,-5.1575469970703125,-5.0282793045043945,-4.660348892211914,-3.64235520362854,-3.1180131435394287,-2.9186313152313232,-3.3185741901397705,-4.078619003295898,-4.698843955993652,-4.261509895324707,-1.5357807874679565,0.23138707876205444,0.7003259658813477,0.2532098889350891,-0.8685592412948608,-1.496145486831665
1.5874000787734985,0.8457158207893372,-1.396589756011963,-2.0746545791625977,-1.9204825162887573,-1.2336474657058716,-2.4129176139831543,-6.152730941772461,-6.764712333679199,-5.4952006340026855,-4.474190711975098,-3.42521071434021,-2.651064157485962,-1.8513662815093994,0.14184194803237915,1.584351897239685,1.844305157661438,2.5130481719970703,1.7717435359954834,-1.1873135566711426,-2.8273065090179443,-3.9621875286102295,-4.987460613250732,-4.940488338470459,-3.8392508029937744,-3.7372069358825684,-3.8100056648254395,-4.089308261871338,-4.251476287841797,-5.170802116394043,-4.1855788230896,-3.5494372844696045,-2.7272841930389404,-3.3792264461517334,-4.423226356506348,-5.074304103851318,-4.830187797546387,-2.166398763656616,-0.25705716013908386,-0.6264237761497498,-2.347236394882202,-4.238176345825195,-5.098333358764648
0.640675961971283,-0.7622153162956238,-3.111720085144043,-3.4735891819000244,-3.075631856918335,-2.5018582344055176,-2.9784634113311768,-6.552421569824219,-7.518275260925293,-7.126636505126953,-7.071656227111816,-6.639941215515137,-5.667228698730469,-4.332074165344238,-1.4777785539627075,0.47274067997932434,0.6754037141799927,1.209715485572815,0.6119675636291504,-2.612762451171875,-5.023932456970215,-5.259837627410889,-4.84515380859375,-4.303876876831055,-3.2574350833892822,-3.999997854232788,-3.2486958503723145,-2.928389310836792,-4.023967742919922,-4.8944573402404785,-2.9900872707366943,-2.4028170108795166,-2.614877223968506,-4.00624942779541,-4.970743179321289,-5.252554416656494,-4.857430934906006,-2.524538278579712,-1.372474193572998,-3.203655958175659,-5.646406173706055,-7.005958557128906,-7.840331554412842
0.8132755160331726,-1.4452625513076782,-4.071959972381592,-4.635841369628906,-3.92486572265625,-3.436856746673584,-4.792939186096191,-7.780099391937256,-9.161009788513184,-8.557368278503418,-8.646543502807617,-9.566150665283203,-7.9579176902771,-4.975820064544678,-1.3871066570281982,0.1935000717639923,-1.6947511434555054,-3.4863498210906982,-4.512817859649658,-6.068911552429199,-7.164467811584473,-7.589163303375244,-7.125495433807373,-7.2102766036987305,-6.1906538009643555,-5.930123329162598,-3.612821102142334,-2.2137773036956787,-3.2451202869415283,-4.553385257720947,-2.8291420936584473,-3.287424087524414,-4.576641082763672,-5.736334800720215,-5.223913669586182,-4.606791019439697,-4.207257270812988,-3.4382517337799072,-3.5333049297332764,-4.71343469619751,-6.531265735626221,-7.8364973068237305,-8.4667329788208
-0.3677441477775574,-0.8882615566253662,-2.8142404556274414,-4.55320405960083,-4.128559589385986,-3.3056862354278564,-3.754922389984131,-6.8011980056762695,-8.226461410522461,-6.828094482421875,-6.939982891082764,-8.11483383178711,-7.0933637619018555,-5.606600761413574,-4.265183925628662,-3.8267741203308105,-4.049710750579834,-3.6649649143218994,-4.520499229431152,-4.583937168121338,-2.706298351287842,-3.3704330921173096,-5.452854156494141,-4.51540470123291,-3.1835873126983643,-3.5239365100860596,-2.1613123416900635,-3.160565137863159,-4.802034854888916,-4.1204833984375,-2.7691879272460938,-4.47107458114624,-5.350316047668457,-5.6659111976623535,-5.030468463897705,-3.980888605117798,-3.514820098876953,-3.2413277626037598,-4.012387275695801,-5.1637678146362305,-6.954888820648193,-8.079285621643066,-8.547591209411621
