data/wind_velocity.json
{"header": { "parameterUnit": "kt", "parameterCategory": 2, "nx": 255, "ny": 198, "lo1": 44.73521041870117, "la1": -3.236724853515625, "lo2": 111.26478576660156, "la2": 43.468475341796875, "dx": 0.26192745566368103, "dy": -0.23708222806453705, "refTime": "2024-05-01 00:00:00", "forecastTime": 0, "parameterNumber": 3, "parameterNumberName": "northward_wind" }, "data":
[rows 57 to 75 of 198, columns 0 to 42 of 255]
-1.2596864700317383,-1.7011727094650269,-1.71476411819458,-1.7519347667694092,-2.1305363178253174,-2.6456069946289062,-3.0010855197906494,-3.2036197185516357,-2.905766725540161,-2.318624258041382,-2.0892531871795654,-2.268660306930542,-2.5553433895111084,-2.6218960285186768,-2.9840550422668457,-3.440608024597168,0.48446226119995117,0.9194144606590271,-0.10077399015426636,-0.41892802715301514,2.1134355068206787,4.366746425628662,3.693660020828247,1.3482003211975098,1.0211119651794434,-1.4769413471221924,-1.5474926233291626,-2.560478687286377,-3.656090259552002,-4.039449691772461,-3.756741762161255,-2.958465099334717,-2.5299737453460693,-2.5973989963531494,-2.9371132850646973,-3.055420160293579,-3.305795431137085,-3.9282617568969727,-4.25675106048584,-4.325430870056152,-4.260123252868652,-3.9878134727478027,-3.733515977859497
-1.077690601348877,-1.6163445711135864,-1.7723512649536133,-1.9396437406539917,-2.3768370151519775,-3.0105443000793457,-3.460265874862671,-3.569578170776367,-3.3938119411468506,-3.0209245681762695,-2.7652313709259033,-2.738011598587036,-2.8491175174713135,-3.006990671157837,-3.5052382946014404,-4.137500286102295,-3.605578899383545,-3.3991622924804688,-1.728832721710205,0.5922447443008423,-0.08177799731492996,0.9645180702209473,1.1714799404144287,1.7615634202957153,3.623535633087158,2.8002099990844727,-0.24906814098358154,-2.6196727752685547,-3.5433573722839355,-3.394097089767456,-3.3938374519348145,-2.8085789680480957,-1.881367564201355,-2.0268678665161133,-2.851975440979004,-3.753990888595581,-4.440188884735107,-4.853895664215088,-4.9799041748046875,-4.966081619262695,-5.0721869468688965,-5.156647682189941,-5.115773677825928
-0.8893882036209106,-1.6310440301895142,-2.074563980102539,-2.450678586959839,-2.717362880706787,-3.082664728164673,-3.544475793838501,-3.9414658546447754,-3.9981327056884766,-3.733802318572998,-3.395920991897583,-3.2071032524108887,-3.295896530151367,-3.6585538387298584,-4.073337554931641,-4.634039878845215,-4.963250637054443,-4.89552640914917,-3.7052948474884033,-2.4975640773773193,-2.127708673477173,-0.9879249334335327,0.43955761194229126,2.2078566551208496,3.9503355026245117,2.7630205154418945,-0.49335628747940063,-2.398329734802246,-3.3578507900238037,-3.840679883956909,-2.9385342597961426,-0.7123389840126038,-0.23020365834236145,-0.8418302536010742,-1.7591716051101685,-3.4729413986206055,-5.249048233032227,-6.005271911621094,-6.051124095916748,-5.8353142738342285,-5.612743377685547,-5.62127685546875,-5.890120029449463
-1.039082646369934,-1.6902732849121094,-2.441166877746582,-3.064166784286499,-3.499058961868286,-3.803569793701172,-3.9591572284698486,-3.9918296337127686,-3.9104998111724854,-3.728142499923706,-3.5634565353393555,-3.5589427947998047,-3.7456629276275635,-3.9792020320892334,-4.172726154327393,-4.242936611175537,-4.535015106201172,-4.7491912841796875,-4.351778984069824,-3.546347141265869,-2.8096506595611572,-1.8621255159378052,-0.39201831817626953,0.8920251131057739,1.2453769445419312,-0.3286838233470917,-2.1161515712738037,-2.894011974334717,-3.5592408180236816,-4.942641735076904,-5.407281398773193,-1.0034351348876953,1.388088583946228,-0.8449339270591736,-1.8328453302383423,-2.176837921142578,-4.530087947845459,-6.847862243652344,-6.510215759277344,-6.0847086906433105,-5.9251322746276855,-5.947800636291504,-6.045898914337158
-1.9411805868148804,-2.064711332321167,-2.518087148666382,-3.4167282581329346,-4.229381561279297,-4.6326494216918945,-4.725349426269531,-4.53612756729126,-4.012674808502197,-3.4729366302490234,-3.286891460418701,-3.435872793197632,-3.7169413566589355,-3.960075616836548,-4.167826175689697,-4.3489813804626465,-4.210010528564453,-3.879409074783325,-3.366853713989258,-2.7208657264709473,-2.2000555992126465,-1.6683887243270874,-0.8816947937011719,-0.5775785446166992,-1.3059709072113037,-2.1374928951263428,-2.971050262451172,-3.5379526615142822,-3.887690782546997,-4.708530426025391,-5.97754430770874,-4.698288917541504,-1.7630090713500977,-1.5209347009658813,-2.005188465118408,-3.269317388534546,-4.01353120803833,-5.34855318069458,-5.972738742828369,-5.727490425109863,-5.799308776855469,-6.063960552215576,-6.219343185424805
-5.287275791168213,-3.160771131515503,-2.5478954315185547,-2.933621883392334,-3.9285519123077393,-4.71857213973999,-4.981256008148193,-4.887890815734863,-4.457844257354736,-3.758585214614868,-3.246312141418457,-3.141171455383301,-3.27038836479187,-3.5097286701202393,-3.8661551475524902,-4.269826412200928,-4.291954040527344,-3.781517267227173,-3.1124331951141357,-2.45438289642334,-1.8474103212356567,-1.4910234212875366,-1.4620771408081055,-1.7595688104629517,-2.2278928756713867,-2.8723855018615723,-3.2566654682159424,-3.5864222049713135,-4.241210460662842,-4.765023231506348,-4.878848075866699,-5.012750148773193,-4.858603000640869,-2.858417510986328,-1.9354665279388428,-2.3600518703460693,-2.048590660095215,-3.4584803581237793,-4.784564018249512,-5.252229690551758,-5.4719085693359375,-5.693429946899414,-5.922656536102295
-4.477606773376465,-4.35266637802124,-3.699911594390869,-2.315460681915283,-2.539536237716675,-3.708552122116089,-4.527209281921387,-4.638110637664795,-4.4343953132629395,-3.8291735649108887,-3.1264448165893555,-2.861751079559326,-2.9863760471343994,-3.2585690021514893,-3.5587775707244873,-3.8675899505615234,-4.072796821594238,-3.9438424110412598,-3.518183708190918,-2.907917022705078,-2.357614278793335,-2.249037742614746,-2.3195788860321045,-2.451343297958374,-2.6477837562561035,-2.9311201572418213,-3.356536626815796,-3.8618195056915283,-4.324825286865234,-4.5748467445373535,-4.644351959228516,-4.625388145446777,-4.410526752471924,-3.713550567626953,-3.100255250930786,-2.829521894454956,-2.9636852741241455,-3.6108908653259277,-4.172483444213867,-4.533023834228516,-4.858346462249756,-5.127166748046875,-5.329013824462891
-0.17686305940151215,-1.6238527297973633,-2.5227596759796143,-1.8323758840560913,-0.3923942744731903,-1.8163095712661743,-3.6248621940612793,-4.730769634246826,-4.436767101287842,-3.4498353004455566,-2.482990026473999,-2.325850248336792,-2.7651495933532715,-3.333017349243164,-3.699655294418335,-3.8851027488708496,-4.049248218536377,-4.027096271514893,-3.8044934272766113,-3.4126806259155273,-3.021491527557373,-2.790858507156372,-2.605945348739624,-2.578089714050293,-2.7352194786071777,-2.9804816246032715,-3.416408061981201,-3.862710952758789,-4.127526760101318,-4.298521041870117,-4.406442165374756,-4.334172248840332,-4.145422458648682,-3.972992420196533,-3.744130849838257,-3.4044556617736816,-3.3402304649353027,-3.6870346069335938,-4.0483222007751465,-4.238522529602051,-4.399465560913086,-4.540997505187988,-4.63370418548584
-0.06711237132549286,-0.2897370755672455,-0.17098276317119598,-1.6936123371124268,-2.4473230838775635,-3.2242820262908936,-2.8970847129821777,-2.3357760906219482,-3.579951047897339,-4.599181652069092,-2.727710247039795,-1.6268466711044312,-2.238178253173828,-3.137723445892334,-4.002007007598877,-4.575766563415527,-4.668991565704346,-4.3800554275512695,-4.042298316955566,-3.801608085632324,-3.455671787261963,-3.0711300373077393,-2.756270170211792,-2.683788299560547,-2.9842097759246826,-3.276756763458252,-3.481804609298706,-3.5643069744110107,-3.5894484519958496,-3.832226276397705,-4.158519268035889,-4.332076072692871,-4.369415283203125,-4.3066020011901855,-4.157210826873779,-3.941182851791382,-3.690911293029785,-3.645956516265869,-3.881054162979126,-4.167512893676758,-4.421975612640381,-4.587855339050293,-4.629679203033447
-0.25206974148750305,-0.9669109582901001,-2.4139509201049805,-2.643328905105591,-2.1455867290496826,-0.7692838311195374,-1.1482495069503784,-0.41557806730270386,-1.7963314056396484,-2.515716314315796,-2.396650552749634,-1.8402637243270874,-2.1817023754119873,-3.353853940963745,-4.292429447174072,-5.0156354904174805,-5.257410526275635,-4.9501190185546875,-4.432943820953369,-4.137181758880615,-3.8618977069854736,-3.646059513092041,-3.653865337371826,-3.6664321422576904,-3.6878504753112793,-3.799133777618408,-3.7713279724121094,-3.6582555770874023,-3.5564846992492676,-3.5347280502319336,-3.7899932861328125,-4.147451400756836,-4.37566614151001,-4.496009826660156,-4.566695690155029,-4.562512397766113,-4.358469009399414,-3.9829213619232178,-3.853553533554077,-3.9335849285125732,-4.0807318687438965,-4.28803014755249,-4.482512474060059
-0.8029764294624329,0.3728204667568207,0.8130248188972473,1.4517667293548584,0.22527433931827545,-0.8628925085067749,-1.5024508237838745,-1.078108787536621,-1.0276488065719604,-1.0163464546203613,-0.9028887152671814,-1.217817783355713,-1.185136079788208,-0.8182680606842041,-1.2399674654006958,-4.480190277099609,-5.698666095733643,-5.172533988952637,-4.647337913513184,-4.2166900634765625,-3.9854698181152344,-3.8886301517486572,-4.1026740074157715,-4.214776039123535,-4.134632110595703,-4.079339504241943,-3.8666887283325195,-3.6169066429138184,-3.6118805408477783,-3.6321206092834473,-3.581289768218994,-3.649976968765259,-3.7989115715026855,-3.933241605758667,-4.082576274871826,-4.206769943237305,-4.2499871253967285,-4.176231861114502,-4.108968734741211,-4.110507965087891,-4.052175521850586,-3.8918612003326416,-3.8192920684814453
-0.5322338342666626,2.122565507888794,2.780823230743408,4.188767433166504,5.124214172363281,6.277336597442627,6.142120838165283,4.966656684875488,2.8392651081085205,0.9151381850242615,0.4034634530544281,-1.599177598953247,-2.7341554164886475,-1.1356371641159058,-0.27815350890159607,-0.3264801502227783,-3.98115611076355,-4.925772666931152,-4.1798095703125,-3.735847234725952,-3.5956006050109863,-3.6551849842071533,-3.910231351852417,-4.094862461090088,-4.095300674438477,-4.123438358306885,-4.016873359680176,-3.740786552429199,-3.5086092948913574,-3.472850799560547,-3.4404172897338867,-3.312981367111206,-3.2205400466918945,-3.2531955242156982,-3.374070167541504,-3.4186196327209473,-3.35180401802063,-3.3324854373931885,-3.3758647441864014,-3.454240083694458,-3.5451316833496094,-3.6107242107391357,-3.5971057415008545
0.32908448576927185,3.1380019187927246,4.181753158569336,4.207667350769043,6.145725250244141,4.019241809844971,4.0504279136657715,5.633341312408447,6.480312824249268,3.0830938816070557,0.8244336247444153,0.08149909973144531,-0.8457276225090027,-1.5095884799957275,-0.3678465783596039,-0.4624297320842743,-1.191433310508728,-3.403592586517334,-3.6646409034729004,-3.1817712783813477,-3.0698401927948,-3.391648054122925,-3.624163866043091,-3.893017530441284,-3.773994207382202,-3.8925578594207764,-4.191640377044678,-4.299610137939453,-4.044362545013428,-3.593442440032959,-3.1801209449768066,-2.931190013885498,-2.7583084106445312,-2.646434783935547,-2.6453020572662354,-2.6805660724639893,-2.6796343326568604,-2.7287487983703613,-2.746626138687134,-2.6959071159362793,-2.6078989505767822,-2.640094041824341,-2.8932504653930664
0.3449067771434784,2.603031635284424,3.5136375427246094,4.165489673614502,7.2484283447265625,5.044787406921387,4.346289157867432,8.241606712341309,7.03525447845459,4.6126861572265625,4.113554954528809,2.66487193107605,2.4651267528533936,2.5711326599121094,2.72997784614563,3.366987943649292,0.7740664482116699,-1.4582868814468384,-1.9444937705993652,-2.103534460067749,-2.40822696685791,-3.0408880710601807,-3.140338182449341,-3.8519937992095947,-3.474993944168091,-3.4383158683776855,-4.18264102935791,-4.465746879577637,-4.304696559906006,-3.9290482997894287,-3.414323329925537,-3.0234334468841553,-2.8332202434539795,-2.647155523300171,-2.384897470474243,-2.1483218669891357,-1.993065595626831,-2.0582733154296875,-2.267174243927002,-2.425128221511841,-2.469233512878418,-2.3771188259124756,-2.3597500324249268
0.2129112333059311,3.0759003162384033,2.0413148403167725,0.715507447719574,3.3634185791015625,3.3302783966064453,5.413328647613525,9.633004188537598,6.217025279998779,3.4819905757904053,4.9653754234313965,6.5536088943481445,8.132894515991211,7.152700424194336,6.073609352111816,4.963528633117676,5.7977375984191895,2.533475637435913,-1.8514162302017212,-1.9223746061325073,-1.3702199459075928,-2.163818597793579,-1.0954296588897705,-2.2780003547668457,-2.6724979877471924,-2.493972063064575,-3.9808154106140137,-4.732938766479492,-4.372868537902832,-4.053671360015869,-3.7847511768341064,-3.354362964630127,-2.8562405109405518,-2.4651589393615723,-2.245699644088745,-2.1875674724578857,-2.121567726135254,-1.9387576580047607,-1.7758411169052124,-1.700985074043274,-1.7529765367507935,-1.8328213691711426,-1.8930877447128296
-0.5830445885658264,-0.02918378636240959,-1.8581348657608032,-4.367541790008545,0.5751810073852539,3.452069044113159,6.968916416168213,9.2245512008667,4.969259262084961,0.7834778428077698,6.891987323760986,7.71269416809082,6.902789115905762,5.476089954376221,3.7153501510620117,2.2883646488189697,7.709668159484863,6.252531051635742,4.542088985443115,3.9830894470214844,2.3303823471069336,1.7622003555297852,2.0013837814331055,0.44173744320869446,-0.6683979034423828,-1.1693811416625977,-3.153414726257324,-4.8431830406188965,-4.333169460296631,-3.74236798286438,-3.508213758468628,-3.420332193374634,-3.297295093536377,-2.969459295272827,-2.5478105545043945,-2.2852110862731934,-2.2270164489746094,-2.082059621810913,-1.8476195335388184,-1.659382939338684,-1.518615484237671,-1.4011634588241577,-1.2956634759902954
-1.9206222295761108,-3.1117491722106934,-6.136502742767334,-6.660921573638916,-1.5959347486495972,2.193819999694824,5.285528182983398,5.40531587600708,1.5086218118667603,-2.6506035327911377,2.3329508304595947,4.7607502937316895,5.490546226501465,4.374483585357666,1.772491216659546,2.015958309173584,5.749350547790527,1.2753586769104004,0.500623881816864,1.1835181713104248,1.6757793426513672,4.372838973999023,3.5029940605163574,2.5294430255889893,2.0965664386749268,1.9005711078643799,-2.4095468521118164,-3.0890111923217773,-3.383197069168091,-2.9682323932647705,-2.7954061031341553,-2.7500596046447754,-2.8102588653564453,-2.823040008544922,-2.6155378818511963,-2.224583387374878,-1.9065964221954346,-1.664795160293579,-1.4109162092208862,-1.2423741817474365,-1.1842204332351685,-1.1812150478363037,-1.0993000268936157
-1.5000675916671753,-0.391168475151062,-3.3114776611328125,-6.1451849937438965,-6.5072221755981445,-4.960978031158447,-1.7699705362319946,-0.11548107117414474,-0.9896498918533325,-2.810490131378174,-0.15033993124961853,2.4634146690368652,1.487345576286316,0.9033691883087158,0.07563939690589905,1.9101803302764893,3.235175848007202,-0.2899836003780365,-0.3383718729019165,-0.7816312313079834,-0.6472973227500916,0.1821722686290741,1.1010656356811523,2.3537380695343018,2.0220797061920166,1.409472107887268,-1.039189100265503,-1.2210441827774048,-1.66603684425354,-1.7654063701629639,-2.4851431846618652,-2.54886794090271,-2.1582319736480713,-1.696999430656433,-1.414473533630371,-1.2437505722045898,-1.0336825847625732,-0.8827713131904602,-0.8568208813667297,-0.8187781572341919,-0.671317458152771,-0.5996082425117493,-0.6981290578842163
3.4867279529571533,0.4734257757663727,-3.3026909828186035,-6.015180587768555,-3.9215126037597656,-3.6411030292510986,-3.7304162979125977,-4.572829246520996,-4.456020832061768,-2.1427488327026367,1.3710440397262573,2.565615177154541,2.0380380153656006,2.1164770126342773,1.3619880676269531,2.0145578384399414,1.8230326175689697,0.8580420017242432,0.9439659118652344,-0.21221314370632172,-0.8243396282196045,-2.614607095718384,-0.004803554620593786,3.4901721477508545,3.467308282852173,2.602268695831299,1.3452844619750977,-0.5092692375183105,-1.633421778678894,-2.0876927375793457,-1.787861704826355,-2.0423800945281982,-2.243460178375244,-1.9999333620071411,-1.4955339431762695,-1.0720863342285156,-0.7936807870864868,-0.5754155516624451,-0.23835895955562592,0.0651811808347702,0.22692784667015076,0.27871331572532654,0.14319691061973572
