data/wind_velocity.json
{"header": { "parameterUnit": "kt", "parameterCategory": 2, "nx": 255, "ny": 198, "lo1": 44.73521041870117, "la1": -3.236724853515625, "lo2": 111.26478576660156, "la2": 43.468475341796875, "dx": 0.26192745566368103, "dy": -0.23708222806453705, "refTime": "2024-05-01 00:00:00", "forecastTime": 0, "parameterNumber": 3, "parameterNumberName": "northward_wind" }, "data":
[rows 76 to 94 of 198, columns 129 to 171 of 255]
2.072340726852417,1.9275999069213867,3.1738133430480957,4.157018184661865,3.7895259857177734,2.9232523441314697,2.6120214462280273,2.809176445007324,2.0798799991607666,1.5815383195877075,1.8689312934875488,3.2126283645629883,4.048408508300781,4.060121059417725,4.8113322257995605,4.964473724365234,4.60420036315918,4.419884204864502,4.472108364105225,4.618940830230713,4.800416469573975,4.947239398956299,4.8454976081848145,4.450039863586426,3.966705322265625,3.6598098278045654,3.4890878200531006,3.3235673904418945,3.089797019958496,2.759892463684082,2.474609136581421,2.2983481884002686,2.138822078704834,1.8499082326889038,1.3262031078338623,0.6142565608024597,-0.21784694492816925,-0.9981738328933716,-1.8588708639144897,-2.969758987426758,-3.90061616897583,-4.380530834197998,-4.480751991271973
0.7101729512214661,1.934828519821167,2.2931530475616455,3.968597888946533,3.607605218887329,2.5145132541656494,2.841458797454834,3.2875986099243164,1.8446372747421265,1.9831246137619019,0.6883323788642883,-1.0526269674301147,-0.8892877101898193,-0.7250563502311707,1.4836187362670898,3.650036096572876,4.334901332855225,4.358306884765625,4.442218780517578,4.500230312347412,4.420742511749268,4.500993728637695,4.816448211669922,5.0287065505981445,4.8063483238220215,4.220599174499512,3.6657931804656982,3.3734030723571777,3.205606698989868,2.9118764400482178,2.6140196323394775,2.542654514312744,2.7168896198272705,2.9010136127471924,2.770141839981079,2.1201331615448,1.158779501914978,0.14763067662715912,-0.7967846989631653,-1.8220998048782349,-2.977876663208008,-3.8873050212860107,-4.2412638664245605
1.3471773862838745,1.0041606426239014,1.059636116027832,2.927371025085449,2.9923267364501953,2.6370952129364014,2.8450231552124023,3.466567039489746,2.4291281700134277,2.6388306617736816,1.7661508321762085,0.6814241409301758,0.4584057927131653,0.4450324475765228,-0.37742453813552856,0.5451332330703735,3.158505439758301,4.489985466003418,4.976735591888428,5.340549945831299,5.34269905090332,5.163427352905273,5.176774024963379,5.231868743896484,5.103968620300293,4.815730571746826,4.353695392608643,3.818687915802002,3.420314311981201,3.1693172454833984,2.9122204780578613,2.7953572273254395,3.040482997894287,3.2717628479003906,3.1283581256866455,2.6872568130493164,2.0763158798217773,1.176059365272522,0.020413240417838097,-0.9569941163063049,-1.8539327383041382,-2.7449586391448975,-3.3663899898529053
3.6434009075164795,2.295703172683716,2.2921648025512695,3.3577935695648193,3.7764017581939697,3.7123563289642334,3.7048981189727783,3.194512128829956,2.794621229171753,3.1800730228424072,2.1217172145843506,0.9857921600341797,0.19315598905086517,-0.2891235649585724,-0.16139131784439087,0.8461461663246155,2.604017972946167,4.6538543701171875,5.593753814697266,6.106795310974121,6.358508110046387,6.203887462615967,6.085050106048584,5.919543743133545,5.60410213470459,5.233753204345703,4.963445663452148,4.644184112548828,4.332985877990723,4.138579845428467,3.9525609016418457,3.5439953804016113,2.994663715362549,2.7193491458892822,2.8200693130493164,2.9162745475769043,2.643442392349243,2.0212442874908447,0.9614414572715759,-0.29645025730133057,-1.157742977142334,-1.7212897539138794,-2.1668596267700195
4.60468864440918,2.8355519771575928,3.04803204536438,3.7046868801116943,3.990344762802124,4.312010288238525,4.145265102386475,2.6834611892700195,2.4677016735076904,3.447068929672241,2.525017023086548,0.8247106671333313,-0.9408265948295593,-1.5189253091812134,-1.3481098413467407,0.4420435130596161,2.513885974884033,4.604719638824463,6.2637434005737305,6.923055648803711,7.262557506561279,7.184617042541504,6.921313762664795,6.653801918029785,6.364725112915039,6.0349507331848145,5.856353282928467,5.692286968231201,5.492159843444824,5.147670745849609,4.733263969421387,4.395698547363281,3.851238250732422,3.227128744125366,2.9846768379211426,2.952711582183838,2.5261452198028564,1.8423609733581543,1.141825556755066,0.16189584136009216,-0.7496164441108704,-1.439693570137024,-1.8044185638427734
4.638119220733643,2.9037771224975586,3.070425510406494,3.9358346462249756,4.559788227081299,4.545390605926514,3.6710541248321533,1.9757729768753052,1.7040883302688599,2.965398073196411,2.2971813678741455,1.3036212921142578,-0.27861952781677246,-1.5632585287094116,-1.5188628435134888,-0.3786731958389282,1.3503044843673706,2.2648322582244873,4.303467750549316,7.334588527679443,7.728377342224121,7.622206687927246,7.31710147857666,7.087053298950195,6.9659953117370605,6.861833572387695,6.715083599090576,6.646148681640625,6.493211269378662,6.119424343109131,5.553557395935059,5.145944595336914,4.822817802429199,4.339108467102051,3.8914029598236084,3.5365142822265625,3.018735408782959,2.166390895843506,1.2992409467697144,0.40491241216659546,-0.4682793617248535,-1.1623696088790894,-1.676703691482544
6.210671901702881,5.653295516967773,4.890480041503906,4.8763427734375,5.654057025909424,5.160562038421631,3.6967573165893555,1.9991031885147095,1.5073246955871582,1.9167723655700684,1.1502019166946411,0.8018917441368103,1.309171199798584,0.16331934928894043,-1.2719403505325317,-2.4266555309295654,-0.5518401265144348,0.17489197850227356,-0.4091295599937439,4.100980281829834,6.615085124969482,7.32729959487915,7.121713638305664,6.997649669647217,7.110652923583984,7.201666831970215,7.187374114990234,7.2602152824401855,7.248649597167969,7.049318790435791,6.728623867034912,6.200043678283691,5.627778053283691,5.171000957489014,4.570911884307861,3.926905393600464,3.4892821311950684,3.2347278594970703,2.608875274658203,1.454498529434204,0.2523256242275238,-0.6750628352165222,-1.2891396284103394
5.019649982452393,6.191714286804199,6.671206474304199,6.047874450683594,6.174482345581055,6.029604434967041,4.211777210235596,2.6578803062438965,1.9581021070480347,1.3624162673950195,0.7238576412200928,-0.4512873888015747,0.006697114557027817,1.780894160270691,2.098348617553711,-0.7135120630264282,-2.3913676738739014,-1.6687912940979004,-1.3487905263900757,-2.379121780395508,2.281850814819336,5.61674165725708,7.078298568725586,7.109282970428467,7.323637962341309,7.553455829620361,7.552733421325684,7.553467750549316,7.636987209320068,7.60164213180542,7.555074691772461,7.185817718505859,6.544389247894287,5.990137577056885,5.418342590332031,4.607460021972656,3.8439102172851562,3.3720545768737793,2.949458122253418,2.504868745803833,1.4239486455917358,0.02244463562965393,-0.8674736618995667
4.6178388595581055,4.462459087371826,4.598667144775391,4.566470623016357,5.045727729797363,4.801069259643555,2.5509073734283447,1.8796684741973877,1.3617583513259888,0.7826158404350281,0.06713937968015671,-0.23982210457324982,-1.0636528730392456,-0.8042222857475281,0.867004930973053,1.7712808847427368,-0.3496706783771515,-1.7962684631347656,-2.100759983062744,-0.3590695261955261,-1.1451878547668457,-0.019775541499257088,4.948433876037598,7.11814546585083,7.658787727355957,7.870391845703125,8.14102554321289,8.250290870666504,8.215156555175781,8.004693984985352,7.759729862213135,7.613945007324219,7.338498592376709,6.6479973793029785,6.063538074493408,5.666140556335449,4.995871543884277,3.8416032791137695,2.8199894428253174,2.4296908378601074,1.9116147756576538,0.8440139293670654,-0.23129980266094208
4.232246398925781,3.1680197715759277,3.2615931034088135,3.931330442428589,3.6336138248443604,3.8885369300842285,2.6847739219665527,1.8950716257095337,1.5274510383605957,1.3083182573318481,1.0673885345458984,1.096239447593689,0.15721231698989868,-0.998683750629425,-0.10248656570911407,1.5851006507873535,1.7702505588531494,-0.16018077731132507,-1.6450436115264893,-0.7514024972915649,0.04752056300640106,-1.0694001913070679,-0.38042739033699036,4.529175758361816,7.970832824707031,8.5577392578125,8.964787483215332,9.157065391540527,9.063566207885742,8.728066444396973,8.255873680114746,7.868758678436279,7.535296440124512,7.0107102394104,6.5666656494140625,6.309651851654053,5.812741279602051,4.856389999389648,3.856774091720581,2.8403327465057373,1.9224227666854858,1.2629599571228027,0.4953571557998657
2.873549461364746,3.2356386184692383,2.809911012649536,2.463771343231201,3.6727635860443115,4.310853481292725,2.957885265350342,1.7704505920410156,0.9618442058563232,1.316083312034607,1.8958085775375366,1.849753737449646,1.4371764659881592,0.49582454562187195,0.37138256430625916,2.4795422554016113,2.696864128112793,0.7767131328582764,-0.9558104872703552,-0.4564557373523712,0.35679885745048523,-0.07353463768959045,-0.7758763432502747,2.106362819671631,8.132025718688965,9.968646049499512,10.173645973205566,10.15489387512207,9.95611572265625,9.583830833435059,9.094965934753418,8.618178367614746,8.202211380004883,7.756331443786621,7.0282182693481445,6.294772148132324,5.875824451446533,5.483633041381836,4.895622730255127,3.719940662384033,2.4077694416046143,1.6016298532485962,0.8596500158309937
-0.5057433247566223,1.1449145078659058,1.773352026939392,2.1457252502441406,4.06483268737793,4.197502136230469,3.115896224975586,2.4678287506103516,1.5701829195022583,-0.12959915399551392,-1.2734652757644653,0.7647349834442139,2.858278512954712,2.71055006980896,2.466979742050171,2.590566873550415,3.47707200050354,2.279656171798706,0.27838629484176636,0.35842165350914,0.912020206451416,0.868195652961731,0.43989571928977966,1.8348417282104492,7.429738521575928,11.57481861114502,11.413963317871094,11.012711524963379,10.607985496520996,10.269413948059082,10.03105640411377,9.61277961730957,8.923745155334473,8.106098175048828,7.04821252822876,6.176644325256348,5.793752670288086,5.549458026885986,4.984354019165039,4.123681545257568,2.998180866241455,1.7931162118911743,0.7254394292831421
-0.7095458507537842,0.25451114773750305,2.2584593296051025,3.1268417835235596,4.812770843505859,4.212900161743164,2.3401355743408203,1.889473795890808,1.3743999004364014,0.9806273579597473,1.0458180904388428,1.4130982160568237,2.1868886947631836,2.925060272216797,3.2986249923706055,3.7583138942718506,4.630425930023193,2.608663558959961,1.2954808473587036,1.1615947484970093,0.7300467491149902,0.9784438610076904,1.7153946161270142,1.0639581680297852,2.5377068519592285,9.926011085510254,12.806626319885254,12.133674621582031,11.350025177001953,10.711663246154785,10.205073356628418,9.72127628326416,9.070104598999023,8.172201156616211,7.263068199157715,6.605123043060303,6.163711071014404,5.664468288421631,4.9469099044799805,4.216467380523682,3.305887460708618,2.0119340419769287,0.7137297987937927
1.4350794553756714,1.404054880142212,0.7312228083610535,0.3166297972202301,3.2965431213378906,4.789956092834473,2.1700851917266846,1.483931541442871,1.567432165145874,2.371309995651245,2.124192714691162,1.4408811330795288,2.091660261154175,2.5106067657470703,2.838836193084717,2.9878756999969482,3.8840880393981934,2.7381536960601807,2.671586275100708,1.5522817373275757,0.40309014916419983,0.41269537806510925,1.4704893827438354,0.9807250499725342,1.5566260814666748,3.9237701892852783,11.904581069946289,13.555684089660645,12.112112998962402,11.263394355773926,10.353338241577148,9.49668025970459,8.819830894470215,8.238541603088379,7.590451240539551,6.815795421600342,6.126297950744629,5.364948749542236,4.555517673492432,4.058001518249512,3.562180995941162,2.673550844192505,1.5364969968795776
0.7378678321838379,1.5277581214904785,0.9147412180900574,-0.6196726560592651,1.1096177101135254,4.091257572174072,2.3844587802886963,1.9420217275619507,1.3278790712356567,1.2331087589263916,0.7008868455886841,-0.8148874640464783,-0.8981250524520874,-0.05532918497920036,0.5228663682937622,0.30064496397972107,0.548202395439148,0.9581993222236633,3.671551465988159,2.624408721923828,1.4761497974395752,0.96626877784729,0.42965081334114075,0.5487709641456604,1.0627621412277222,1.9755516052246094,7.76854944229126,11.930924415588379,10.368650436401367,10.269319534301758,10.194548606872559,9.580406188964844,8.685419082641602,8.093992233276367,7.66157865524292,7.003184795379639,6.057591438293457,5.095139026641846,4.327014923095703,3.736985445022583,3.3108980655670166,2.913379192352295,2.3806607723236084
-3.379826784133911,-1.5740699768066406,-1.1648797988891602,-1.5347365140914917,-0.3042317032814026,0.7488934993743896,-0.4420523941516876,-0.31556496024131775,-0.4862896203994751,-0.02852945402264595,0.7534545660018921,0.433382511138916,0.496791809797287,1.0144294500350952,-0.20347647368907928,-1.6289459466934204,-0.5304140448570251,0.49888601899147034,2.2533552646636963,3.1888532638549805,2.839106798171997,1.952709436416626,-0.29137149453163147,0.30567294359207153,0.9024261832237244,1.026706337928772,2.2709851264953613,5.310649871826172,5.360724449157715,5.223275661468506,6.880917072296143,8.884702682495117,8.754776000976562,8.319644927978516,8.028815269470215,7.5597825050354,6.566673755645752,5.484660625457764,4.81015682220459,4.1767168045043945,3.604705810546875,2.991701126098633,2.4480373859405518
-5.102352619171143,-3.148237466812134,-1.8171433210372925,-0.6057056188583374,0.8852041959762573,1.0166270732879639,0.2275516241788864,0.1696617305278778,0.16471344232559204,-0.3150530159473419,-0.30917131900787354,0.3871318995952606,1.1192079782485962,1.6149959564208984,-0.1546967774629593,-1.2595189809799194,0.2919658124446869,1.4961206912994385,1.4162107706069946,0.7979321479797363,1.023285984992981,0.9357918500900269,0.288870245218277,0.04249221831560135,0.10934773087501526,-0.5086764097213745,-0.03373822942376137,2.3049793243408203,3.6971490383148193,4.3831562995910645,4.733512878417969,6.67629337310791,8.572112083435059,8.514744758605957,8.161622047424316,8.01004695892334,7.223426342010498,6.144432067871094,5.209237098693848,4.444982051849365,3.9189183712005615,3.1753997802734375,2.1930501461029053
-3.504862070083618,-3.3715980052948,-3.219071626663208,-0.4521152079105377,1.376618504524231,3.1249938011169434,2.6208736896514893,1.411604404449463,0.9392381906509399,-0.5134780406951904,-0.7938385009765625,-0.28842681646347046,0.28170984983444214,0.6455665230751038,0.30272990465164185,-1.2473211288452148,-1.2103594541549683,-0.005889636930078268,-0.7690755724906921,-0.760931670665741,0.28214699029922485,1.0542535781860352,1.0358223915100098,0.244156613945961,-0.6536411046981812,-1.3827989101409912,-1.1587625741958618,0.25713443756103516,1.7481690645217896,3.100684404373169,3.74507999420166,4.724538326263428,6.9085822105407715,8.16999340057373,7.914635181427002,7.764156818389893,7.283844470977783,6.283974647521973,5.411995887756348,4.816336631774902,4.1848320960998535,3.2755684852600098,2.000169277191162
-2.5089190006256104,-3.5453879833221436,-4.094188690185547,-1.42361581325531,-0.20373032987117767,1.858332633972168,2.0673699378967285,1.5971583127975464,0.8238339424133301,-0.2263696938753128,-0.9228296875953674,-0.8234895467758179,0.3672855794429779,1.5586638450622559,2.0434212684631348,1.0717668533325195,-0.47153526544570923,-0.9850257039070129,-0.8625955581665039,-0.2322717159986496,0.8754708170890808,1.032143235206604,1.150300145149231,0.4027850031852722,-0.6551656723022461,-0.9302557706832886,-0.609953761100769,-0.48109501600265503,0.41346949338912964,2.136094570159912,3.869455337524414,4.160336494445801,3.9929943084716797,6.18365478515625,7.021578311920166,6.990603446960449,6.808731555938721,6.058056354522705,5.477923393249512,5.255131721496582,4.743580341339111,3.7545154094696045,2.1627848148345947
