data/wind_data/wind_69_4.json
{"header": {"parameterUnit": "KT", "parameterCategory": 2, "nx": 256, "ny": 198, "lo1": 44.73521041870117, "la1": -3.236724853515625, "lo2": 111.26478576660156, "la2": 43.468475341796875, "dx": 0.2609002888202667, "dy": -0.23708222806453705, "refTime": "2025-02-21 21:00:00", "forecastTime": 0, "parameterNumber": 2, "parameterNumberName": "eastward_wind"}, "data":
[rows 100 to 119 of 198, columns 86 to 128 of 256]
18.44195556640625,18.833473205566406,19.546072006225586,20.45514488220215,21.323734283447266,21.988250732421875,22.28409194946289,22.439002990722656,22.387630462646484,21.84103012084961,21.01175308227539,20.274179458618164,19.582548141479492,19.006261825561523,18.719703674316406,18.429759979248047,17.587055206298828,16.141979217529297,15.130324363708496,15.092045783996582,15.969738006591797,17.33911895751953,18.67392921447754,20.326570510864258,21.76431655883789,23.01994514465332,24.005725860595703,24.318828582763672,23.8176212310791,22.653888702392578,21.330156326293945,20.719593048095703,20.969165802001953,21.20101547241211,21.16058921813965,21.34867286682129,22.165555953979492,23.107357025146484,23.69638442993164,23.860904693603516,23.714744567871094,22.993663787841797,21.42493438720703
17.4352970123291,17.04436492919922,17.22744369506836,18.362201690673828,19.996082305908203,21.640153884887695,22.687583923339844,22.95637321472168,22.589139938354492,21.854257583618164,21.18022918701172,20.574275970458984,19.914777755737305,19.551931381225586,19.61297607421875,19.363685607910156,17.758403778076172,15.318122863769531,14.50757884979248,15.517816543579102,18.457069396972656,20.532289505004883,20.777572631835938,21.238800048828125,21.12855339050293,20.816396713256836,20.69118881225586,20.72404670715332,20.789203643798828,20.754615783691406,20.28961944580078,19.78049659729004,19.65900421142578,19.912628173828125,20.5012264251709,21.388927459716797,22.6231632232666,23.964609146118164,25.10554313659668,25.64020347595215,25.383068084716797,24.175960540771484,22.039737701416016
16.93616485595703,16.51218605041504,16.245445251464844,16.827674865722656,18.294147491455078,19.818946838378906,20.7834415435791,21.37285614013672,21.581886291503906,21.407060623168945,21.16777801513672,20.775104522705078,20.10230827331543,19.582063674926758,19.49262809753418,19.07631492614746,17.670852661132812,16.644493103027344,17.087160110473633,19.216339111328125,21.765914916992188,22.392065048217773,22.106163024902344,21.091781616210938,20.1204833984375,20.06632423400879,20.30852508544922,20.33258056640625,20.28143310546875,20.2574405670166,20.009187698364258,19.726547241210938,19.710952758789062,20.241779327392578,21.25547218322754,22.507919311523438,23.81230354309082,25.010122299194336,26.118627548217773,26.771432876586914,26.550949096679688,25.17833137512207,22.543306350708008
20.892526626586914,20.778654098510742,20.50489616394043,19.80784034729004,19.784950256347656,20.31416130065918,20.231477737426758,19.5880069732666,19.31978416442871,19.800657272338867,20.499643325805664,20.660400390625,20.10051155090332,19.431838989257812,19.10075569152832,19.074308395385742,19.724441528320312,20.80618667602539,21.939159393310547,22.988195419311523,23.610383987426758,23.283016204833984,21.758655548095703,20.44935417175293,20.369699478149414,21.032011032104492,21.481300354003906,21.52797508239746,21.44420051574707,21.0986270904541,20.442277908325195,19.711345672607422,19.582273483276367,20.500856399536133,22.160072326660156,24.006393432617188,25.4763240814209,26.194372177124023,26.58200454711914,27.02330780029297,26.972496032714844,25.97313690185547,23.385927200317383
34.717987060546875,34.62090301513672,32.63228988647461,29.75827980041504,27.578460693359375,26.353622436523438,26.292985916137695,24.990318298339844,22.1525936126709,21.376462936401367,22.66953468322754,23.463274002075195,23.074020385742188,22.736459732055664,22.36673927307129,22.47911834716797,23.7445125579834,25.10322380065918,25.399349212646484,25.207372665405273,24.871599197387695,23.56639289855957,22.13759994506836,21.722549438476562,22.002111434936523,22.598377227783203,23.09626007080078,23.042341232299805,22.635549545288086,21.99032974243164,21.044628143310547,20.09212875366211,19.820316314697266,20.664459228515625,22.407663345336914,24.25523567199707,25.440807342529297,25.70078468322754,25.681726455688477,26.116838455200195,26.45353126525879,25.964128494262695,24.00603675842285
30.066940307617188,31.533674240112305,32.41654586791992,33.90070343017578,35.12248229980469,34.123146057128906,33.67477798461914,34.577781677246094,33.03368377685547,28.467683792114258,26.681049346923828,27.256324768066406,27.860443115234375,28.614675521850586,28.090087890625,27.07393455505371,26.917522430419922,27.091501235961914,26.619640350341797,25.853281021118164,25.50197410583496,24.80653190612793,23.412921905517578,22.66816520690918,22.80640983581543,23.406625747680664,24.18025779724121,24.382266998291016,23.989299774169922,23.236154556274414,22.116724014282227,20.880807876586914,20.30843734741211,20.624759674072266,21.786314010620117,23.266536712646484,24.129316329956055,23.995168685913086,23.851682662963867,24.57026481628418,25.387157440185547,25.264606475830078,23.748872756958008
27.116180419921875,27.899229049682617,29.287729263305664,31.013206481933594,32.60226058959961,32.682884216308594,31.36379623413086,30.185649871826172,29.284578323364258,28.716630935668945,28.646350860595703,29.159412384033203,30.440446853637695,31.616304397583008,30.978649139404297,29.186969757080078,27.728166580200195,26.673919677734375,25.835073471069336,25.42106056213379,25.392526626586914,24.999082565307617,24.065814971923828,23.456995010375977,23.52094078063965,24.209564208984375,24.858760833740234,24.753063201904297,24.297607421875,23.819332122802734,22.875213623046875,21.39094352722168,20.293731689453125,20.037487030029297,20.532949447631836,21.6613712310791,22.526702880859375,22.215803146362305,21.742944717407227,22.44204330444336,23.7755126953125,24.248456954956055,23.298940658569336
26.727060317993164,25.978788375854492,26.221750259399414,26.772626876831055,28.07782745361328,29.465492248535156,29.736942291259766,29.16040802001953,28.143896102905273,26.993581771850586,26.932279586791992,28.210302352905273,30.198049545288086,31.930126190185547,31.505107879638672,28.673336029052734,25.701705932617188,24.361814498901367,24.182880401611328,24.218311309814453,24.42047119140625,24.60454750061035,24.709810256958008,24.64548683166504,24.700708389282227,25.204946517944336,25.305538177490234,24.732118606567383,24.318763732910156,24.068513870239258,23.344900131225586,22.022987365722656,20.802324295043945,20.17972183227539,20.131114959716797,20.76593017578125,21.53462791442871,21.1995849609375,20.29374885559082,20.527212142944336,22.024417877197266,23.155942916870117,23.077646255493164
31.108688354492188,28.139514923095703,26.044445037841797,26.046688079833984,27.111894607543945,28.312297821044922,29.26597785949707,29.288557052612305,28.405380249023438,28.087167739868164,29.076356887817383,30.25074005126953,31.45155906677246,33.04203414916992,32.06151580810547,26.592782974243164,22.03007698059082,22.090560913085938,24.202377319335938,25.21146583557129,25.265148162841797,24.935251235961914,25.12599754333496,25.5888671875,26.080432891845703,26.444385528564453,26.055070877075195,25.1979923248291,24.603515625,24.118314743041992,23.463022232055664,22.755990982055664,22.12071990966797,21.675674438476562,21.337310791015625,21.312408447265625,21.507112503051758,21.09489631652832,20.020442962646484,19.693058013916016,20.88549041748047,22.433069229125977,23.103668212890625
32.21100616455078,30.69533348083496,29.427648544311523,29.261045455932617,29.15734100341797,28.529518127441406,28.087907791137695,27.856060028076172,27.863508224487305,28.77758026123047,30.420692443847656,31.468053817749023,31.585126876831055,31.98172378540039,32.654518127441406,31.25029182434082,26.417024612426758,23.33184051513672,24.940357208251953,26.190086364746094,25.805618286132812,25.348217010498047,25.782373428344727,26.789241790771484,27.74919891357422,28.073646545410156,27.338001251220703,26.208877563476562,25.143978118896484,24.263145446777344,23.72602081298828,23.711397171020508,23.805984497070312,23.821134567260742,23.579442977905273,23.059049606323242,22.504802703857422,21.787132263183594,20.815265655517578,20.16517448425293,20.76889419555664,22.270980834960938,23.200580596923828
33.81423568725586,32.88268280029297,32.18307876586914,32.36298370361328,32.94670486450195,33.13530349731445,32.99564743041992,32.62990188598633,32.07828140258789,31.28028678894043,30.373416900634766,29.83843994140625,29.885528564453125,29.03182601928711,25.89435386657715,22.92474365234375,22.93686866760254,24.636220932006836,25.78713035583496,26.052539825439453,26.258909225463867,26.64669418334961,27.26392364501953,28.170183181762695,29.069416046142578,29.280506134033203,28.51988410949707,27.396514892578125,26.119043350219727,25.036012649536133,24.633737564086914,25.064006805419922,25.647396087646484,25.915098190307617,25.764469146728516,25.093788146972656,24.050342559814453,22.913511276245117,21.884092330932617,21.167892456054688,21.311492919921875,22.37689208984375,23.225135803222656
35.0493278503418,34.5152587890625,32.87996292114258,30.850439071655273,30.297231674194336,31.18490219116211,31.337453842163086,29.665626525878906,27.492765426635742,25.709089279174805,24.16851043701172,23.444597244262695,23.254467010498047,22.611682891845703,22.336044311523438,23.362802505493164,25.06386375427246,26.199424743652344,26.5236759185791,26.578214645385742,26.92445945739746,27.545522689819336,28.08644676208496,28.733440399169922,29.542978286743164,29.895479202270508,29.507383346557617,28.86680793762207,27.830108642578125,26.577680587768555,26.05547332763672,26.59722900390625,27.496822357177734,27.89371109008789,27.493846893310547,26.646953582763672,25.422636032104492,23.98910903930664,22.774211883544922,22.168209075927734,22.235363006591797,22.798139572143555,23.23649787902832
34.74730682373047,35.43567657470703,34.62031936645508,31.715538024902344,28.715404510498047,27.32833480834961,26.254817962646484,24.20245361328125,22.33156967163086,21.834251403808594,22.815996170043945,24.364927291870117,25.08428955078125,24.616100311279297,24.196075439453125,24.96986961364746,26.468154907226562,27.785558700561523,28.443862915039062,28.407270431518555,28.180662155151367,28.301830291748047,28.628799438476562,29.02180290222168,29.596454620361328,30.13587188720703,30.34291648864746,30.258098602294922,29.726913452148438,28.556989669799805,27.715572357177734,27.895259857177734,28.81740379333496,29.402429580688477,28.949079513549805,27.773832321166992,26.373464584350586,24.75763702392578,23.493682861328125,23.134145736694336,23.360313415527344,23.58469009399414,23.396282196044922
36.997703552246094,36.40740966796875,34.456138610839844,31.920303344726562,29.52273178100586,27.464200973510742,25.817209243774414,24.271814346313477,23.329315185546875,23.53761100769043,24.452363967895508,25.292211532592773,25.28054428100586,25.01490592956543,25.56759262084961,26.953285217285156,28.649953842163086,29.951663970947266,30.258880615234375,29.76605796813965,29.1287841796875,29.067712783813477,29.650978088378906,30.21565055847168,30.459552764892578,30.663175582885742,30.95888328552246,31.096494674682617,30.89749526977539,30.148103713989258,29.208385467529297,28.894798278808594,29.438764572143555,29.984115600585938,29.650989532470703,28.54210662841797,27.067201614379883,25.42058753967285,24.165311813354492,23.92188835144043,24.194385528564453,24.109975814819336,23.366329193115234
37.59598159790039,35.81991195678711,33.74299621582031,31.62735366821289,29.041292190551758,26.41352081298828,24.48293113708496,23.93539047241211,24.646934509277344,25.5334529876709,25.965513229370117,26.084211349487305,26.153207778930664,26.627317428588867,27.750652313232422,29.270992279052734,30.780271530151367,31.62782096862793,31.5891170501709,31.238067626953125,31.034133911132812,31.157943725585938,31.70751953125,32.19949722290039,32.0532112121582,31.671640396118164,31.708215713500977,31.828330993652344,31.587745666503906,31.074342727661133,30.371862411499023,29.816532135009766,29.728303909301758,29.927467346191406,29.766748428344727,28.92537498474121,27.542890548706055,25.914432525634766,24.63382911682129,24.224361419677734,24.25897789001465,23.907718658447266,22.796300888061523
36.1748161315918,34.76739501953125,33.32163619995117,31.168270111083984,28.501741409301758,26.515321731567383,25.537858963012695,25.634424209594727,26.432477951049805,27.220558166503906,27.703710556030273,27.881750106811523,27.99561309814453,28.553253173828125,29.719877243041992,31.07367515563965,32.174072265625,32.78857421875,33.07194519042969,33.31948471069336,33.63010787963867,33.912620544433594,34.136802673339844,34.20863342285156,33.735191345214844,32.93256759643555,32.613468170166016,32.73733139038086,32.64606475830078,32.14897537231445,31.414583206176758,30.5838623046875,29.958282470703125,29.741798400878906,29.573196411132812,28.82819366455078,27.441104888916016,25.866111755371094,24.660961151123047,24.01968002319336,23.62177085876465,23.008586883544922,21.877660751342773
34.98714065551758,33.6599006652832,32.15021514892578,30.417600631713867,28.985807418823242,28.22915267944336,28.051025390625,28.325820922851562,28.728744506835938,29.08850860595703,29.402101516723633,29.597265243530273,29.804607391357422,30.326326370239258,31.149011611938477,31.9531307220459,32.65690231323242,33.42885971069336,34.322635650634766,35.16036605834961,35.78780746459961,36.09852600097656,36.101036071777344,35.85131072998047,35.264122009277344,34.42551040649414,33.8211669921875,33.709571838378906,33.786033630371094,33.51936340332031,32.66556167602539,31.3094539642334,30.06467628479004,29.436220169067383,29.13296890258789,28.397058486938477,27.05792808532715,25.536296844482422,24.335939407348633,23.472684860229492,22.71552848815918,21.83920669555664,20.69310760498047
34.315364837646484,32.87861251831055,31.614665985107422,30.557600021362305,29.892026901245117,29.807249069213867,30.224620819091797,30.451417922973633,30.419706344604492,30.475818634033203,30.562976837158203,30.442325592041016,30.336151123046875,30.504243850708008,30.982555389404297,31.73785400390625,32.73054504394531,33.766639709472656,34.63236618041992,35.41025161743164,36.119842529296875,36.597232818603516,36.72180938720703,36.55848693847656,36.23125457763672,35.70751953125,35.017181396484375,34.51629638671875,34.432456970214844,34.349605560302734,33.65228271484375,32.007659912109375,30.127859115600586,28.970413208007812,28.517608642578125,27.95948028564453,26.902807235717773,25.49541473388672,23.95026206970215,22.799840927124023,22.03927230834961,21.068187713623047,19.7905216217041
33.75851058959961,32.300533294677734,31.522911071777344,31.314685821533203,31.341594696044922,31.624683380126953,31.89198112487793,31.68172836303711,31.359140396118164,31.1348934173584,30.61188316345215,29.82062339782715,29.37192726135254,29.665889739990234,30.626237869262695,31.996721267700195,33.325408935546875,34.096397399902344,34.06895065307617,33.750125885009766,33.986724853515625,34.747684478759766,35.429866790771484,35.78126525878906,36.007328033447266,35.97929382324219,35.40351486206055,34.69501495361328,34.35139083862305,34.15974426269531,33.5202522277832,31.84735679626465,29.607511520385742,28.183290481567383,27.828338623046875,27.617755889892578,27.016481399536133,25.824968338012695,23.877222061157227,22.200130462646484,21.596174240112305,20.946674346923828,19.706491470336914
32.50838851928711,31.49264144897461,31.56892204284668,31.917333602905273,32.01492691040039,31.935823440551758,31.58721923828125,31.061824798583984,30.640356063842773,30.122690200805664,29.377704620361328,28.8178653717041,29.021272659301758,30.08538818359375,31.565465927124023,32.99871063232422,33.8857421875,33.43617248535156,31.385393142700195,29.275022506713867,29.081968307495117,30.501445770263672,32.1529655456543,33.40906524658203,34.38431930541992,34.87689971923828,34.47846984863281,33.67033386230469,33.172367095947266,32.871124267578125,32.10959243774414,30.292024612426758,27.936765670776367,26.81999969482422,27.165752410888672,27.45624351501465,27.055814743041992,25.97324562072754,24.009553909301758,22.086769104003906,21.45547866821289,21.13410758972168,20.10465431213379
