data/wind_data/wind_49_6.json
{"header": {"parameterUnit": "KT", "parameterCategory": 2, "nx": 256, "ny": 198, "lo1": 44.73521041870117, "la1": -3.236724853515625, "lo2": 111.26478576660156, "la2": 43.468475341796875, "dx": 0.2609002888202667, "dy": -0.23708222806453705, "refTime": "2025-02-21 01:00:00", "forecastTime": 0, "parameterNumber": 2, "parameterNumberName": "eastward_wind"}, "data":
[rows 160 to 179 of 198, columns 132 to 175 of 256]
26.616107940673828,23.965490341186523,22.812013626098633,25.2725887298584,26.208206176757812,26.762636184692383,28.914560317993164,28.701818466186523,25.617786407470703,22.942827224731445,21.888614654541016,21.555753707885742,21.275798797607422,19.771390914916992,17.568248748779297,17.20149040222168,20.047252655029297,25.7816162109375,29.59442710876465,30.356508255004883,30.2518367767334,31.163070678710938,33.02445983886719,34.90822219848633,36.39753723144531,36.0979118347168,34.640193939208984,33.457645416259766,33.25118637084961,35.25869369506836,38.090023040771484,38.76527786254883,37.629058837890625,36.59812927246094,35.471649169921875,34.34934997558594,35.71862030029297,37.74974060058594,38.98215103149414,39.22671890258789,36.5552864074707,30.723583221435547,26.889646530151367,27.25477409362793
21.522729873657227,20.435630798339844,24.314985275268555,26.752405166625977,26.49125862121582,26.431299209594727,27.612478256225586,28.03965950012207,27.31504249572754,25.539175033569336,24.394216537475586,24.486637115478516,22.393239974975586,18.310152053833008,17.02571678161621,17.67860221862793,20.465606689453125,25.53928565979004,29.330488204956055,31.633874893188477,33.55153274536133,35.05430221557617,36.386131286621094,37.77971649169922,38.83937454223633,38.319976806640625,37.6702766418457,37.76762008666992,36.513893127441406,36.379913330078125,39.109375,40.153160095214844,37.71986770629883,36.51698684692383,35.935325622558594,34.8643913269043,36.16072463989258,38.00040817260742,37.643882751464844,34.5543327331543,29.43285369873047,27.041967391967773,27.344436645507812,29.690576553344727
20.996681213378906,19.164697647094727,22.09568214416504,25.503950119018555,26.347684860229492,26.503801345825195,26.626766204833984,26.312097549438477,26.856361389160156,26.920074462890625,27.069164276123047,26.63606071472168,21.683612823486328,16.77802085876465,17.00067901611328,18.698040008544922,20.466691970825195,25.941484451293945,34.459999084472656,39.48310470581055,38.458003997802734,37.36502456665039,38.74531936645508,41.160648345947266,41.77846908569336,40.836639404296875,41.364070892333984,42.43755340576172,40.36680221557617,37.64060974121094,38.83799743652344,40.11764907836914,37.007205963134766,34.001522064208984,33.84526443481445,34.74840545654297,34.58705520629883,32.099910736083984,30.784852981567383,28.66525650024414,25.066720962524414,25.498796463012695,29.10365104675293,33.137996673583984
19.16488265991211,17.133275985717773,19.478557586669922,23.88105583190918,26.69146156311035,27.299659729003906,25.588388442993164,23.490447998046875,23.640100479125977,25.349294662475586,27.15730094909668,26.98904037475586,22.591064453125,17.842395782470703,18.528539657592773,20.906679153442383,22.113969802856445,26.407611846923828,35.21483612060547,42.050498962402344,42.202415466308594,40.69233703613281,41.40109634399414,43.70329666137695,44.80347442626953,44.040367126464844,43.675052642822266,44.25686264038086,42.31782531738281,38.339988708496094,37.47551345825195,37.714561462402344,34.12188720703125,29.851106643676758,30.545143127441406,35.0037727355957,35.9631233215332,33.550045013427734,32.106468200683594,29.325742721557617,25.4077205657959,26.639339447021484,31.28619956970215,35.29508972167969
16.914306640625,15.815719604492188,17.87724494934082,22.308643341064453,26.627378463745117,28.034059524536133,25.642412185668945,22.268001556396484,21.199176788330078,22.885955810546875,25.131324768066406,25.041427612304688,22.07139778137207,18.757953643798828,18.85296630859375,20.544240951538086,22.78628158569336,27.870820999145508,34.82460403442383,39.742916107177734,41.294734954833984,41.74472427368164,42.68639373779297,44.15595626831055,45.55955123901367,47.06184005737305,46.28476333618164,44.421661376953125,40.82243728637695,36.269107818603516,34.692657470703125,34.483638763427734,31.532939910888672,28.163341522216797,28.845745086669922,33.27790069580078,36.75233459472656,37.96928787231445,36.30624771118164,32.45137405395508,30.186521530151367,31.40532112121582,33.56196975708008,34.76734161376953
14.662569046020508,15.031722068786621,16.92098617553711,19.99736785888672,23.388111114501953,25.57461929321289,25.456920623779297,23.71209716796875,22.230785369873047,22.28502655029297,22.98262596130371,22.370418548583984,20.30593490600586,19.20506477355957,20.368112564086914,22.363964080810547,24.95126724243164,28.348461151123047,32.23477554321289,35.64337921142578,38.40398025512695,40.887306213378906,42.742610931396484,43.95901870727539,45.52598190307617,47.26743698120117,46.704315185546875,44.590084075927734,39.36695098876953,34.45112609863281,33.95861053466797,34.147098541259766,31.09959602355957,27.177492141723633,27.55198097229004,31.1332950592041,36.05693435668945,38.432167053222656,37.850013732910156,36.20369338989258,34.36732864379883,33.46840286254883,33.60980224609375,34.507545471191406
13.165385246276855,14.197650909423828,16.16399574279785,17.699296951293945,19.56304359436035,21.77140235900879,23.83635711669922,24.96898651123047,24.91427993774414,24.82972526550293,25.285526275634766,24.50370979309082,22.269344329833984,21.703296661376953,23.302610397338867,25.19744300842285,26.862688064575195,28.885459899902344,31.738954544067383,34.666561126708984,37.60258865356445,39.74794387817383,40.758697509765625,42.311790466308594,45.090721130371094,47.15518569946289,46.487037658691406,43.65272903442383,38.77320098876953,34.45001220703125,33.10776901245117,33.48198318481445,32.89390182495117,30.725852966308594,28.998085021972656,31.15850067138672,33.72842025756836,34.922847747802734,37.190792083740234,37.012821197509766,35.35220718383789,34.187496185302734,33.906856536865234,35.361289978027344
11.725608825683594,13.224518775939941,15.782671928405762,17.02501678466797,16.736045837402344,16.881885528564453,19.216590881347656,22.86184310913086,26.22473907470703,28.777881622314453,30.039569854736328,29.493959426879883,28.578615188598633,28.42193603515625,28.386919021606445,27.87366485595703,28.307231903076172,30.468093872070312,32.8187370300293,34.77718734741211,36.559207916259766,37.76652145385742,39.31012725830078,42.10956954956055,44.38471221923828,45.38308334350586,45.30891799926758,42.289363861083984,36.77420425415039,32.48268127441406,31.473419189453125,32.31719207763672,33.15635299682617,33.535858154296875,32.83427047729492,32.770843505859375,30.833755493164062,32.566314697265625,35.60406494140625,36.22164535522461,35.74300765991211,35.31785583496094,35.88990783691406,37.924781799316406
10.516308784484863,12.447036743164062,15.145476341247559,13.785665512084961,11.394308090209961,11.74306583404541,14.643913269042969,19.435232162475586,24.338897705078125,26.61665153503418,26.73121452331543,28.005823135375977,29.91887092590332,29.498517990112305,27.647642135620117,27.10987663269043,29.13237190246582,31.75876808166504,33.59342956542969,35.08012008666992,36.7782096862793,38.75130844116211,40.898475646972656,42.38156509399414,43.3157844543457,44.40376663208008,44.237823486328125,40.43626022338867,34.40496826171875,30.270206451416016,29.538249969482422,30.515514373779297,31.375715255737305,32.268287658691406,33.42963790893555,33.74299621582031,32.100379943847656,32.51992416381836,34.629825592041016,35.676002502441406,36.33147430419922,37.842506408691406,40.09688949584961,42.313480377197266
11.696518898010254,13.472448348999023,13.10428524017334,9.13561725616455,7.6725029945373535,9.652358055114746,13.623367309570312,16.816814422607422,17.10706329345703,16.753124237060547,17.94405174255371,20.674701690673828,22.526643753051758,22.866073608398438,23.62920379638672,25.93060302734375,29.019411087036133,31.803363800048828,34.13032531738281,36.328392028808594,38.42255401611328,40.11985778808594,41.05228042602539,41.64630889892578,43.4616584777832,44.19168472290039,41.29416275024414,36.57160568237305,32.037784576416016,28.947595596313477,28.01643180847168,28.877843856811523,29.627967834472656,30.00958251953125,30.75409507751465,31.835289001464844,32.91938400268555,33.89026641845703,34.73628616333008,35.589168548583984,37.40460205078125,40.37417984008789,43.00239944458008,43.64324951171875
13.835371017456055,13.044957160949707,9.5624418258667,6.933706283569336,6.191508769989014,8.350516319274902,13.140450477600098,16.724700927734375,14.409847259521484,12.795979499816895,14.140824317932129,16.092397689819336,17.691333770751953,19.578018188476562,22.335128784179688,25.733633041381836,29.06211280822754,31.988849639892578,34.44917678833008,36.37038040161133,38.30105972290039,39.89866256713867,40.727813720703125,42.29203796386719,43.438087463378906,40.8642463684082,35.873130798339844,32.19038009643555,30.038183212280273,28.387346267700195,27.17109489440918,27.820711135864258,29.085641860961914,30.69369125366211,30.91884994506836,30.620891571044922,32.29880142211914,33.72194290161133,34.80601501464844,36.65842056274414,39.35331726074219,41.61573791503906,41.22716522216797,38.70679473876953
14.316362380981445,11.525205612182617,6.914120197296143,6.051027774810791,6.35706090927124,8.573982238769531,13.449358940124512,19.03764533996582,19.77448844909668,16.922508239746094,15.956342697143555,16.878528594970703,18.431623458862305,20.672809600830078,23.6855525970459,26.660634994506836,29.296127319335938,31.737512588500977,34.04373550415039,36.400840759277344,38.35643005371094,39.28007888793945,40.36157989501953,41.295841217041016,38.96139144897461,33.69911193847656,29.358461380004883,27.623470306396484,26.91166877746582,26.723007202148438,26.291576385498047,27.082077026367188,28.353578567504883,28.93918228149414,30.942007064819336,32.42715835571289,32.60736846923828,34.31009292602539,36.116085052490234,38.32486343383789,38.10783386230469,35.47471237182617,33.46055603027344,33.056182861328125
15.530572891235352,13.418386459350586,9.232576370239258,7.768697261810303,8.245396614074707,10.260575294494629,15.476890563964844,21.782669067382812,24.392040252685547,22.901206970214844,21.349706649780273,21.689455032348633,23.13642692565918,24.904111862182617,26.688926696777344,28.44961166381836,30.371383666992188,32.3756217956543,33.97242736816406,34.64823913574219,34.836036682128906,35.880043029785156,37.1629753112793,35.6606559753418,30.9476261138916,26.602983474731445,24.613412857055664,24.559709548950195,24.834543228149414,25.1737060546875,25.623111724853516,26.29679298400879,27.043426513671875,27.474794387817383,28.670888900756836,30.363079071044922,33.60402297973633,36.42502975463867,35.85057067871094,33.29496383666992,31.849010467529297,33.4525032043457,35.755611419677734,36.75535202026367
16.5947265625,16.66786766052246,15.82360553741455,15.26333999633789,16.01111602783203,18.064247131347656,21.785839080810547,26.2142391204834,28.36005973815918,27.74675750732422,26.536483764648438,26.505067825317383,27.763879776000977,29.3604736328125,30.46038818359375,31.26280975341797,31.959077835083008,32.43880081176758,32.08397674560547,31.157451629638672,32.34040451049805,35.44029998779297,35.15275192260742,30.396512985229492,25.819812774658203,22.086950302124023,18.367511749267578,17.16035270690918,18.214107513427734,19.952375411987305,22.410673141479492,24.433740615844727,25.155113220214844,24.36545181274414,24.467546463012695,26.649364471435547,29.076274871826172,30.416379928588867,30.783227920532227,31.59202003479004,33.35426330566406,36.267887115478516,38.85764694213867,40.69240188598633
17.21790313720703,17.726953506469727,18.90015983581543,20.476900100708008,22.001253128051758,24.052732467651367,26.950754165649414,30.200952529907227,32.068878173828125,31.732778549194336,30.48414421081543,29.98093032836914,30.831459045410156,32.28074645996094,33.333248138427734,33.61476135253906,33.07218933105469,32.17985153198242,31.980297088623047,32.992958068847656,35.757354736328125,37.27112579345703,32.04164505004883,24.760814666748047,21.573015213012695,19.189105987548828,15.136919021606445,12.189868927001953,12.052533149719238,13.696044921875,16.185300827026367,18.915849685668945,20.89665985107422,21.65373420715332,22.62594985961914,25.00499153137207,27.743791580200195,30.203657150268555,32.34203338623047,34.30537033081055,36.640846252441406,39.077392578125,41.1685676574707,43.92343521118164
18.011995315551758,18.6987247467041,19.468759536743164,21.04790496826172,22.85700798034668,24.921409606933594,27.606782913208008,30.61495018005371,32.98176193237305,34.054847717285156,33.934913635253906,33.58538818359375,33.635250091552734,34.158050537109375,35.08781433105469,35.85380172729492,35.60516357421875,34.59507751464844,34.67088317871094,36.20304870605469,36.96307373046875,35.47298812866211,30.576618194580078,24.114891052246094,20.544517517089844,19.306535720825195,16.93866729736328,12.833207130432129,11.867425918579102,14.272379875183105,16.265872955322266,17.166440963745117,18.64550018310547,21.137630462646484,23.822463989257812,26.633832931518555,29.46904182434082,31.581634521484375,33.20925521850586,35.1162109375,37.084571838378906,39.699851989746094,42.933692932128906,45.44320297241211
18.20560646057129,19.329347610473633,19.505067825317383,19.84395408630371,21.148048400878906,23.067325592041016,25.335895538330078,27.903486251831055,30.647966384887695,33.318199157714844,35.47822570800781,36.59844970703125,36.7761344909668,36.79378890991211,37.43821334838867,38.35226058959961,38.68718338012695,37.88065719604492,37.154205322265625,37.006256103515625,35.651580810546875,32.761009216308594,29.880434036254883,26.392549514770508,22.346126556396484,21.30135154724121,21.381723403930664,18.05400848388672,14.850667953491211,15.989212036132812,19.027130126953125,21.727266311645508,23.300241470336914,24.42528533935547,26.075069427490234,27.53453826904297,28.42717742919922,29.078393936157227,30.536069869995117,33.16289138793945,36.42115020751953,40.17143249511719,44.076141357421875,47.39431381225586
19.157217025756836,19.424074172973633,19.032276153564453,18.434738159179688,18.77947998046875,20.38064193725586,22.712207794189453,25.42972183227539,28.505949020385742,31.783475875854492,34.92807388305664,37.32905197143555,38.69976043701172,39.545814514160156,40.43461608886719,41.24391174316406,41.314353942871094,40.04743957519531,38.655235290527344,37.90516662597656,35.763916015625,32.443809509277344,30.37169075012207,28.6248836517334,25.68499755859375,24.170589447021484,24.658090591430664,23.4039306640625,20.364002227783203,18.7044734954834,19.338573455810547,21.606613159179688,24.42353630065918,26.88384246826172,28.600852966308594,29.10863494873047,29.001422882080078,29.603410720825195,31.337242126464844,34.386898040771484,38.457069396972656,42.66014862060547,46.244773864746094,48.93149948120117
21.971406936645508,21.84558868408203,21.085912704467773,20.245800018310547,19.5880069732666,19.838586807250977,21.461227416992188,23.936981201171875,27.236148834228516,30.956850051879883,34.22590637207031,36.92345428466797,39.331031799316406,41.49779510498047,43.47686004638672,44.65620040893555,44.24272155761719,42.35666275024414,40.5296516418457,39.13335037231445,36.09324645996094,32.4426383972168,31.17652702331543,31.054317474365234,29.50038719177246,27.31899642944336,26.3010196685791,26.022981643676758,25.42864990234375,24.441667556762695,23.94538116455078,24.543807983398438,25.45950698852539,27.148828506469727,29.28937339782715,31.01116371154785,32.32379150390625,33.76358413696289,35.52799987792969,38.0875244140625,41.36808395385742,44.676116943359375,47.60943603515625,50.03471374511719
25.382349014282227,25.613941192626953,25.4918212890625,25.09211540222168,24.57417106628418,24.235177993774414,24.71856689453125,26.422534942626953,29.097497940063477,32.234615325927734,35.224693298339844,37.67281723022461,40.084190368652344,42.9791374206543,45.82081985473633,47.093299865722656,45.5935173034668,42.55918502807617,40.54576110839844,38.99981689453125,35.51058578491211,31.725154876708984,31.468605041503906,33.40979766845703,33.42758560180664,31.061979293823242,28.771089553833008,28.053945541381836,28.417617797851562,28.935022354125977,29.323951721191406,29.751243591308594,30.716588973999023,31.81155776977539,32.92839813232422,34.17837142944336,35.62235641479492,37.25041961669922,39.112083435058594,41.53010177612305,44.2567024230957,46.97740173339844,49.35914993286133,51.064815521240234
