data/wind_data/wind_6_4.json
{"header": {"parameterUnit": "KT", "parameterCategory": 2, "nx": 256, "ny": 198, "lo1": 44.73521041870117, "la1": -3.236724853515625, "lo2": 111.26478576660156, "la2": 43.468475341796875, "dx": 0.2609002888202667, "dy": -0.23708222806453705, "refTime": "2025-02-19 06:00:00", "forecastTime": 0, "parameterNumber": 2, "parameterNumberName": "eastward_wind"}, "data":
[rows 57 to 75 of 198, columns 132 to 175 of 256]
-8.350590705871582,-8.038472175598145,-8.195944786071777,-8.544179916381836,-8.623208045959473,-8.233805656433105,-7.902447700500488,-7.861270427703857,-7.876203536987305,-7.810219764709473,-7.741183757781982,-7.628129005432129,-7.489622116088867,-7.3539018630981445,-7.065144062042236,-6.557497978210449,-5.968642711639404,-5.362185955047607,-4.703136920928955,-4.1943817138671875,-3.909372091293335,-3.867387533187866,-3.9738330841064453,-3.8041813373565674,-3.2261033058166504,-2.572960138320923,-2.1609182357788086,-1.8102995157241821,-1.270552635192871,-0.6567555069923401,-0.09805605560541153,0.3913324773311615,0.7831164598464966,1.0982798337936401,1.255950689315796,1.4239161014556885,1.572813630104065,1.3376669883728027,1.0993925333023071,0.9265817403793335,0.6295008659362793,0.6486237645149231,1.1042038202285767,1.6582924127578735
-7.8451385498046875,-7.391275405883789,-7.2928996086120605,-7.653693675994873,-7.928805828094482,-7.705389499664307,-7.308204174041748,-7.096842288970947,-6.925424098968506,-6.684038162231445,-6.582150936126709,-6.580545902252197,-6.476794719696045,-6.324104309082031,-6.200766086578369,-6.007024765014648,-5.714283466339111,-5.350202560424805,-4.760354995727539,-3.9512200355529785,-3.1314656734466553,-2.5685083866119385,-2.461282253265381,-2.638484001159668,-2.630903959274292,-2.2968947887420654,-1.973581314086914,-1.7000125646591187,-1.2737945318222046,-0.6232320070266724,0.07730398327112198,0.5615158081054688,0.8010165691375732,1.028314232826233,1.3805596828460693,1.662380337715149,1.8459081649780273,1.9349846839904785,1.8788492679595947,1.8014971017837524,1.688962459564209,1.5473878383636475,1.8968579769134521,2.464381694793701
-7.18467903137207,-6.993560314178467,-6.74296236038208,-6.880645751953125,-7.052589416503906,-6.810129642486572,-6.421295642852783,-6.142199516296387,-6.004855632781982,-5.8648481369018555,-5.748349666595459,-5.75719690322876,-5.699467182159424,-5.479300022125244,-5.218314170837402,-5.004164218902588,-4.832152843475342,-4.70313024520874,-4.440183162689209,-3.8554322719573975,-3.0429720878601074,-2.1921885013580322,-1.498040795326233,-1.2388712167739868,-1.3398948907852173,-1.397742748260498,-1.3361027240753174,-1.2623651027679443,-1.1485340595245361,-0.7952678203582764,0.005450432654470205,0.9176313281059265,1.4068105220794678,1.417631983757019,1.5645103454589844,1.9997884035110474,2.184375286102295,2.2638182640075684,2.3946521282196045,2.462568759918213,2.5439624786376953,2.610374927520752,2.7934224605560303,3.239467144012451
-6.044804096221924,-6.337270259857178,-6.238339900970459,-6.166844367980957,-6.082612037658691,-5.795138835906982,-5.39998722076416,-5.18021297454834,-5.114534854888916,-5.1314239501953125,-5.136061668395996,-5.0985589027404785,-5.006261825561523,-4.82969331741333,-4.5812883377075195,-4.3106160163879395,-4.020837306976318,-3.7782654762268066,-3.577395439147949,-3.2685298919677734,-2.80230975151062,-2.2304844856262207,-1.48942232131958,-0.7114906907081604,-0.28052040934562683,-0.2011076956987381,-0.14382366836071014,-0.14805549383163452,-0.38303884863853455,-0.598639726638794,-0.23336756229400635,0.733931839466095,1.7218140363693237,2.1671135425567627,2.198915958404541,2.486473560333252,2.7901382446289062,2.8192124366760254,2.805102586746216,2.8536763191223145,3.0400187969207764,3.37060284614563,3.768033504486084,4.16382360458374
-4.662242412567139,-5.024018287658691,-4.994762420654297,-4.8221001625061035,-4.780168533325195,-4.549318790435791,-4.180377006530762,-4.164323329925537,-4.223625659942627,-4.193599224090576,-4.242315292358398,-4.362542629241943,-4.310246467590332,-4.027711391448975,-3.702948808670044,-3.513878583908081,-3.392258882522583,-3.145705223083496,-2.755014657974243,-2.3953285217285156,-2.135298490524292,-1.8735878467559814,-1.4836392402648926,-0.8626032471656799,-0.12804299592971802,0.4582466185092926,0.8885756731033325,1.1499054431915283,1.0556427240371704,0.6042357683181763,0.3141840398311615,0.5968243479728699,1.3730534315109253,2.287992238998413,2.967019557952881,3.319490432739258,3.478689670562744,3.422191858291626,3.3122661113739014,3.21358060836792,3.288809061050415,3.6564955711364746,4.234408855438232,4.877191066741943
-3.3642795085906982,-3.3698980808258057,-3.273953914642334,-3.0919861793518066,-3.1477954387664795,-3.0104918479919434,-2.7165136337280273,-2.7999887466430664,-2.9346530437469482,-2.8880178928375244,-2.908205986022949,-3.1842920780181885,-3.3911285400390625,-3.158290386199951,-2.6892402172088623,-2.401909351348877,-2.3890278339385986,-2.386413812637329,-2.142983913421631,-1.7367212772369385,-1.392667293548584,-1.228275179862976,-1.105027198791504,-0.8415565490722656,-0.36564844846725464,0.3010480999946594,1.034598469734192,1.689466118812561,2.070384979248047,2.1299149990081787,1.955015778541565,1.7268989086151123,1.7058660984039307,2.1147830486297607,2.9999866485595703,3.857614278793335,4.233250141143799,4.152316093444824,3.8999993801116943,3.6564242839813232,3.5984835624694824,3.8676035404205322,4.431248188018799,5.226962566375732
-2.315732479095459,-1.8835207223892212,-1.671610951423645,-1.6230998039245605,-1.720502257347107,-1.6598387956619263,-1.481873631477356,-1.5237131118774414,-1.5666218996047974,-1.4530638456344604,-1.450995922088623,-1.7349008321762085,-2.0962448120117188,-2.1371827125549316,-1.7949131727218628,-1.4193154573440552,-1.2802250385284424,-1.3656818866729736,-1.4839656352996826,-1.374402403831482,-1.011805772781372,-0.6667178869247437,-0.5512876510620117,-0.570037305355072,-0.5311814546585083,-0.2561960816383362,0.3532591462135315,1.1518341302871704,1.8849176168441772,2.5412487983703613,3.135831117630005,3.462603807449341,3.3535287380218506,3.045712947845459,3.1304147243499756,3.7916972637176514,4.554978847503662,4.915595054626465,4.8125715255737305,4.457542419433594,4.260191917419434,4.395960807800293,4.773802280426025,5.4409356117248535
-1.3161247968673706,-0.6575697064399719,-0.4482828676700592,-0.637392520904541,-0.8462839722633362,-0.8332641124725342,-0.769290566444397,-0.8660277724266052,-0.9022433757781982,-0.7551237344741821,-0.6941332817077637,-0.8534948229789734,-1.1008883714675903,-1.2690575122833252,-1.1949059963226318,-0.8850374817848206,-0.5907819867134094,-0.5979113578796387,-0.8993818163871765,-1.1441305875778198,-0.9926460981369019,-0.5168660879135132,-0.201985165476799,-0.25728195905685425,-0.3987019956111908,-0.4324827194213867,-0.29898855090141296,0.10898060351610184,0.7585785388946533,1.6700948476791382,2.8247504234313965,3.95658540725708,4.650051593780518,4.780971050262451,4.523181915283203,4.382059097290039,4.7979631423950195,5.388798713684082,5.5927863121032715,5.353999137878418,5.036886215209961,5.080395221710205,5.344114303588867,5.788886070251465
-0.3844478726387024,-0.056489795446395874,-0.213551327586174,-0.3529018759727478,-0.48602569103240967,-0.46334055066108704,-0.47121793031692505,-0.7004140019416809,-0.8746554851531982,-0.845909059047699,-0.7659338712692261,-0.753437340259552,-0.800300121307373,-0.9379032254219055,-1.076292634010315,-1.0108845233917236,-0.7319486737251282,-0.6100603938102722,-0.8411650061607361,-1.1801478862762451,-1.2247520685195923,-0.7575672268867493,-0.21414628624916077,-0.03137453272938728,-0.004226734396070242,0.11283813416957855,0.1645887941122055,0.02249010093510151,-0.09438568353652954,0.2965112626552582,1.4241863489151,2.9587488174438477,4.3670735359191895,5.372870922088623,5.903528690338135,5.9364824295043945,5.7992167472839355,6.010206699371338,6.263037204742432,6.095266342163086,5.6484904289245605,5.511517524719238,5.749948024749756,6.161444187164307
-0.12179549783468246,-0.2098430097103119,-0.6164475083351135,-0.5931147933006287,-0.4518592953681946,-0.28997957706451416,-0.21995972096920013,-0.4628840684890747,-0.845464289188385,-1.031132459640503,-0.942806601524353,-0.7129808068275452,-0.6314012408256531,-0.8216533064842224,-1.124979019165039,-1.2839635610580444,-1.2419395446777344,-1.2472813129425049,-1.4632470607757568,-1.7515380382537842,-1.7692244052886963,-1.2694579362869263,-0.5001135468482971,0.12080683559179306,0.4998348653316498,0.849750280380249,1.1749471426010132,1.1305373907089233,0.5779381394386292,0.0646173357963562,0.3124128580093384,1.3674496412277222,2.885249137878418,4.461186408996582,5.775796890258789,6.665557861328125,6.988582611083984,6.964868068695068,6.999107360839844,6.984379768371582,6.656794548034668,6.1495513916015625,6.078864574432373,6.3615193367004395
-0.1292571872472763,-0.35754847526550293,-0.7188540697097778,-0.6600423455238342,-0.39399752020835876,-0.031740497797727585,0.22406379878520966,0.0972677543759346,-0.3350323438644409,-0.7253550887107849,-0.8125187754631042,-0.52105313539505,-0.27363893389701843,-0.3912592828273773,-0.7664802074432373,-1.0403848886489868,-1.1478546857833862,-1.3500117063522339,-1.6799710988998413,-1.967961311340332,-2.015638589859009,-1.6247707605361938,-0.8433125019073486,-0.03865966200828552,0.502713680267334,0.8388897776603699,1.2505438327789307,1.6225742101669312,1.603075385093689,1.1649105548858643,0.7878443002700806,0.904512882232666,1.6412461996078491,2.9887495040893555,4.6400065422058105,6.085144996643066,7.122374534606934,7.628643035888672,7.678360939025879,7.620943069458008,7.6183977127075195,7.362530708312988,6.980650901794434,6.9411139488220215
0.49427154660224915,0.4386538863182068,0.17103211581707,-0.010868480429053307,-0.0832589864730835,0.2223675698041916,0.6540735960006714,0.6875991225242615,0.42936697602272034,0.08732308447360992,-0.17494401335716248,-0.1243901252746582,0.12433769553899765,0.20905235409736633,0.0021129490341991186,-0.18434610962867737,-0.24342048168182373,-0.397763192653656,-0.7236936688423157,-1.0226666927337646,-1.1474181413650513,-0.9540188312530518,-0.4449402391910553,0.05770307034254074,0.24289846420288086,0.17992639541625977,0.3007570207118988,0.818534791469574,1.3846431970596313,1.7042375802993774,1.7538416385650635,1.7079256772994995,1.8133602142333984,2.381277322769165,3.5520806312561035,4.9836320877075195,6.259410858154297,7.295158386230469,7.84002685546875,8.032929420471191,8.21712875366211,8.325984954833984,8.124902725219727,8.043546676635742
1.1926531791687012,1.3825294971466064,1.4005076885223389,1.1791017055511475,0.6032377481460571,0.4727814793586731,0.856040358543396,1.110334873199463,1.190821886062622,1.1305060386657715,0.962856113910675,0.8151903748512268,0.8235055804252625,0.9161719083786011,0.9703881740570068,1.0442326068878174,1.184565544128418,1.2241460084915161,1.038935899734497,0.7390779256820679,0.4902664124965668,0.5193918347358704,0.8593533635139465,1.168516993522644,1.0891668796539307,0.6282638311386108,0.1775345653295517,0.2709234356880188,0.8203215003013611,1.4429548978805542,1.9192838668823242,2.2481236457824707,2.4610626697540283,2.7277474403381348,3.2784667015075684,4.226851940155029,5.342233180999756,6.400357723236084,7.375763893127441,8.004239082336426,8.424476623535156,8.82712459564209,9.016356468200684,9.02260971069336
1.9490382671356201,1.8968266248703003,2.0361945629119873,2.0223238468170166,1.4046040773391724,0.9197043180465698,0.9958808422088623,1.3506155014038086,1.82746422290802,2.228372812271118,2.451458215713501,2.412435531616211,2.2506933212280273,2.2718122005462646,2.482949733734131,2.728773593902588,2.9166781902313232,3.02416729927063,3.008864641189575,2.784839153289795,2.3888299465179443,2.164854049682617,2.3324084281921387,2.743314027786255,2.9807000160217285,2.791982889175415,2.1923768520355225,1.6300944089889526,1.538745641708374,1.8320322036743164,2.2199268341064453,2.5641350746154785,2.861571788787842,3.1522769927978516,3.52432918548584,4.068479061126709,4.851768493652344,5.7399821281433105,6.652608871459961,7.659700393676758,8.49268913269043,9.041426658630371,9.500492095947266,9.813529014587402
3.2546164989471436,2.557438850402832,2.296781063079834,2.2386815547943115,1.8631889820098877,1.513087511062622,1.5445727109909058,1.830494999885559,2.4375016689300537,3.1620993614196777,3.8546247482299805,4.24420166015625,4.301558017730713,4.427100658416748,4.7320098876953125,5.017703056335449,5.099245548248291,5.058902740478516,5.04055118560791,4.908413887023926,4.4827961921691895,3.97534441947937,3.7776479721069336,4.04177188873291,4.538206577301025,4.915255069732666,4.861817836761475,4.3461480140686035,3.7663369178771973,3.4890730381011963,3.493398904800415,3.5501110553741455,3.6329426765441895,3.81483793258667,4.136815071105957,4.537682056427002,4.960930347442627,5.529274940490723,6.278541564941406,7.165904998779297,8.235440254211426,9.264727592468262,9.931109428405762,10.291569709777832
4.788283348083496,3.657841920852661,3.0020508766174316,2.658151865005493,2.3061537742614746,2.2434911727905273,2.557612657546997,2.8720219135284424,3.348764657974243,4.046323299407959,4.8856401443481445,5.631285667419434,6.15971565246582,6.590933799743652,6.979831218719482,7.2586669921875,7.307370185852051,7.152965068817139,7.04345178604126,6.99035120010376,6.732018947601318,6.158636093139648,5.563122272491455,5.320093631744385,5.5145583152771,5.961732387542725,6.362843990325928,6.453836917877197,6.142892837524414,5.652202606201172,5.30226993560791,5.168837547302246,5.078442096710205,4.998445510864258,4.997169017791748,5.279490947723389,5.708433628082275,6.111466407775879,6.604554653167725,7.192579746246338,7.883566856384277,8.866852760314941,10.07162857055664,10.919168472290039
6.41447639465332,5.11618709564209,4.531886577606201,4.222151756286621,3.7269599437713623,3.499459981918335,3.8366386890411377,4.278763294219971,4.688795566558838,5.1574530601501465,5.7494707107543945,6.431985855102539,7.184227466583252,7.927418231964111,8.465855598449707,8.782332420349121,8.92105484008789,8.849732398986816,8.76621150970459,8.83031940460205,8.842833518981934,8.489212036132812,7.7932963371276855,7.103393077850342,6.776285648345947,6.862772464752197,7.195696830749512,7.532503128051758,7.675464153289795,7.522840976715088,7.137285232543945,6.841423034667969,6.72376012802124,6.642035007476807,6.4205522537231445,6.218541622161865,6.423147201538086,6.921460151672363,7.484556198120117,7.940383434295654,8.189483642578125,8.558650970458984,9.478133201599121,10.843791961669922
7.834908485412598,6.61703634262085,6.206558704376221,6.20679235458374,5.985631942749023,5.604516983032227,5.492390155792236,5.717606544494629,6.032909393310547,6.339554309844971,6.650579452514648,7.088840961456299,7.7395124435424805,8.551809310913086,9.238114356994629,9.677157402038574,9.936201095581055,10.096088409423828,10.209186553955078,10.407949447631836,10.603757858276367,10.53531265258789,10.01530933380127,9.243826866149902,8.569174766540527,8.251072883605957,8.300700187683105,8.558584213256836,8.815397262573242,8.96281623840332,8.821910858154297,8.474111557006836,8.23220443725586,8.201793670654297,8.151800155639648,7.773914337158203,7.382674694061279,7.374090194702148,7.8695197105407715,8.623416900634766,9.012904167175293,8.97348403930664,9.161150932312012,10.118673324584961
9.01213550567627,8.191393852233887,7.715359210968018,7.646346569061279,7.721066951751709,7.598879337310791,7.292459964752197,7.102059364318848,7.179643630981445,7.303582668304443,7.520236015319824,7.841034412384033,8.314339637756348,9.015576362609863,9.789769172668457,10.41464614868164,10.846881866455078,11.163537979125977,11.433940887451172,11.658815383911133,11.830222129821777,11.86654281616211,11.706243515014648,11.285523414611816,10.661185264587402,10.06445598602295,9.746004104614258,9.715240478515625,9.815309524536133,10.022558212280273,10.165087699890137,9.992620468139648,9.68435001373291,9.532907485961914,9.603419303894043,9.46792221069336,8.880664825439453,8.18057632446289,7.763764381408691,8.170812606811523,9.127768516540527,9.684789657592773,9.678794860839844,9.855039596557617
