data/wind_data/wind_44_3.json
{"header": {"parameterUnit": "KT", "parameterCategory": 2, "nx": 256, "ny": 198, "lo1": 44.73521041870117, "la1": -3.236724853515625, "lo2": 111.26478576660156, "la2": 43.468475341796875, "dx": 0.2609002888202667, "dy": -0.23708222806453705, "refTime": "2025-02-20 20:00:00", "forecastTime": 0, "parameterNumber": 2, "parameterNumberName": "eastward_wind"}, "data":
[rows 76 to 94 of 198, columns 132 to 175 of 256]
3.4910402297973633,3.818166732788086,3.2949607372283936,2.5152976512908936,2.565321445465088,2.872169017791748,2.1416211128234863,1.1724729537963867,0.11840122938156128,-1.0448858737945557,-1.6670624017715454,-1.4176665544509888,-0.7692882418632507,0.21615415811538696,0.1946088969707489,-0.5373290777206421,-1.1555604934692383,-1.6484026908874512,-1.8348288536071777,-1.9392563104629517,-2.471602439880371,-3.2586793899536133,-3.8430535793304443,-3.864952325820923,-3.481743097305298,-2.910205841064453,-2.4155826568603516,-1.7255526781082153,-1.2371753454208374,-1.3705894947052002,-1.7189756631851196,-1.6898339986801147,-2.1472103595733643,-3.0090789794921875,-3.6237287521362305,-3.908328056335449,-3.7220208644866943,-3.3123939037323,-2.92935848236084,-2.548041820526123,-2.116454601287842,-1.8098617792129517,-2.095144033432007,-3.055755853652954
3.4333033561706543,3.1845123767852783,2.4444899559020996,1.658605694770813,1.7735236883163452,2.714141607284546,3.0470075607299805,2.6257317066192627,1.7264693975448608,0.5615884065628052,-0.1689630150794983,-0.0850682407617569,0.3123791515827179,1.0186817646026611,1.8467071056365967,1.722400188446045,0.9879660606384277,0.28604358434677124,-0.1761254072189331,-0.5059201717376709,-1.1056740283966064,-1.74069082736969,-2.1390719413757324,-2.197910785675049,-2.163405418395996,-2.070094347000122,-1.922410488128662,-1.4355124235153198,-0.7688005566596985,-0.6733913421630859,-1.1270719766616821,-1.4267005920410156,-1.770026445388794,-2.307448625564575,-2.842088460922241,-3.111862897872925,-3.0726962089538574,-2.8038136959075928,-2.5296413898468018,-2.30151104927063,-1.9872583150863647,-1.6375021934509277,-1.5308548212051392,-1.954663634300232
3.538530111312866,2.941333770751953,2.5014901161193848,1.9438773393630981,1.8758832216262817,2.6380040645599365,3.2938735485076904,3.71124529838562,3.5111238956451416,2.8440253734588623,2.2017741203308105,1.551108956336975,1.6421175003051758,1.8633455038070679,2.443044662475586,3.1710898876190186,3.0393948554992676,2.2152493000030518,1.4473915100097656,0.7761742472648621,0.12135553359985352,-0.2065705955028534,-0.157605841755867,-0.31511208415031433,-0.5612223744392395,-0.7444899678230286,-0.7369750142097473,-0.49311089515686035,-0.14967966079711914,-0.15427953004837036,-0.6130416393280029,-1.2005475759506226,-1.6631900072097778,-2.1490824222564697,-2.6001758575439453,-2.79168963432312,-2.8302156925201416,-2.710923194885254,-2.541499376296997,-2.4596099853515625,-2.276386022567749,-1.919917345046997,-1.6788164377212524,-1.7488940954208374
4.824404716491699,4.563409805297852,4.070036888122559,3.3727853298187256,3.0328140258789062,3.6275179386138916,4.230575084686279,4.671273231506348,4.932304382324219,4.770599365234375,4.328141212463379,3.586113214492798,3.0750529766082764,2.8514344692230225,3.0546364784240723,3.6342508792877197,4.032286167144775,3.772589921951294,3.2196028232574463,2.2262213230133057,1.5273467302322388,1.5587408542633057,1.6916929483413696,1.4111859798431396,1.0788960456848145,0.8159809708595276,0.5943630337715149,0.6120169758796692,0.5450651049613953,0.1408381313085556,-0.3435767889022827,-0.9421737194061279,-1.5688005685806274,-2.2128243446350098,-2.70554256439209,-2.8835792541503906,-2.9874980449676514,-3.0157179832458496,-2.907390594482422,-2.8272249698638916,-2.7499964237213135,-2.538998603820801,-2.2844290733337402,-2.198167324066162
6.375650882720947,6.831916332244873,6.427652359008789,5.151944637298584,4.320396900177002,4.999822616577148,5.857181072235107,6.02113676071167,5.854173183441162,5.986595153808594,5.916488170623779,5.062608242034912,4.558645248413086,3.743957042694092,3.731231689453125,4.131704807281494,4.367367744445801,4.4821696281433105,4.458070755004883,3.9235472679138184,3.4255738258361816,3.582460641860962,3.564988136291504,2.9301323890686035,2.650393009185791,2.5784971714019775,1.893543004989624,1.3883696794509888,1.0551753044128418,0.3516247868537903,-0.28291675448417664,-0.8292173743247986,-1.4414745569229126,-2.2225546836853027,-2.8897955417633057,-3.187847852706909,-3.445604085922241,-3.6294212341308594,-3.5605874061584473,-3.390472412109375,-3.309028387069702,-3.2752480506896973,-3.0403189659118652,-2.617347002029419
7.391811847686768,7.946300029754639,7.730259895324707,6.787001132965088,5.7677106857299805,6.298562049865723,7.045820236206055,7.17159366607666,7.149662494659424,7.054004192352295,6.440967559814453,5.658204078674316,4.8649773597717285,4.3554863929748535,3.9854438304901123,4.312708377838135,5.076385021209717,5.236084938049316,5.314788818359375,5.546557426452637,5.844524383544922,5.931298732757568,5.4076714515686035,4.4509053230285645,3.9764654636383057,4.001925468444824,3.05991268157959,2.0343551635742188,1.451428771018982,0.5562015175819397,-0.2646505534648895,-0.8960108160972595,-1.5381301641464233,-2.3062429428100586,-3.1069250106811523,-3.6654253005981445,-4.207520484924316,-4.543760299682617,-4.431727886199951,-4.1303391456604,-3.9657998085021973,-3.8594372272491455,-3.5665571689605713,-3.0516412258148193
7.201397895812988,7.342655658721924,7.28032112121582,7.371997356414795,7.166330814361572,7.8021697998046875,8.396918296813965,8.735208511352539,8.955404281616211,9.095351219177246,7.32590913772583,5.128403186798096,4.466441631317139,3.9553439617156982,3.101680040359497,4.450338840484619,5.784008502960205,6.39059591293335,6.616630554199219,7.048865795135498,7.904792785644531,8.287699699401855,7.4523234367370605,5.8709797859191895,4.842382907867432,4.688323497772217,3.8434841632843018,2.674873113632202,1.9361188411712646,0.8857858777046204,-0.17719928920269012,-0.9169827103614807,-1.5929855108261108,-2.331444501876831,-3.228367805480957,-4.043694972991943,-4.8581461906433105,-5.396967887878418,-5.286758899688721,-4.943554401397705,-4.7504801750183105,-4.595912456512451,-4.220052242279053,-3.542633533477783
6.20327615737915,6.680070400238037,6.720139980316162,7.040627479553223,8.006205558776855,9.349352836608887,10.416329383850098,11.188789367675781,11.179295539855957,10.774231910705566,8.624757766723633,5.702912330627441,4.961483955383301,4.318920612335205,1.3934009075164795,4.061633110046387,6.367919445037842,7.767627716064453,8.316731452941895,8.919174194335938,9.775598526000977,10.102726936340332,8.9436674118042,6.620946407318115,5.05790376663208,4.655394554138184,4.115918159484863,3.182602643966675,2.3377482891082764,1.2573516368865967,0.1113305389881134,-0.6893686652183533,-1.2560497522354126,-1.9322309494018555,-3.0270326137542725,-4.077459812164307,-5.033730983734131,-5.748806953430176,-5.84964656829834,-5.708477020263672,-5.570286273956299,-5.346724510192871,-4.84437894821167,-4.080561637878418
5.1195969581604,6.550931930541992,6.909980773925781,7.256022930145264,8.692232131958008,10.721776962280273,12.38957691192627,13.166662216186523,12.68807601928711,11.193649291992188,9.156065940856934,6.59752893447876,4.628758430480957,4.539864540100098,3.4171645641326904,3.328002691268921,6.730765342712402,9.381573677062988,10.381598472595215,11.104385375976562,11.916033744812012,11.646199226379395,9.413597106933594,6.34917688369751,4.702739715576172,4.37791109085083,4.100202560424805,3.4263830184936523,2.564375162124634,1.5377055406570435,0.4944089949131012,-0.32539862394332886,-0.7657803893089294,-1.3114980459213257,-2.6208887100219727,-4.021640777587891,-5.059765338897705,-5.748412609100342,-6.062215805053711,-6.257643222808838,-6.205827236175537,-5.85162353515625,-5.196722984313965,-4.381707668304443
4.877211570739746,6.719283580780029,7.85724401473999,8.753946304321289,10.137205123901367,11.977258682250977,13.54507064819336,13.937460899353027,12.814142227172852,10.807044982910156,9.011760711669922,7.382834434509277,5.332791805267334,4.722825050354004,4.7982611656188965,3.413738965988159,7.310267925262451,10.746481895446777,12.477615356445312,13.478848457336426,13.823275566101074,12.352091789245605,9.049063682556152,5.992455005645752,4.634288311004639,4.353305339813232,4.159257411956787,3.6549696922302246,2.977926731109619,2.127269983291626,1.1762681007385254,0.20581942796707153,-0.3723924458026886,-0.8198274374008179,-2.3154475688934326,-4.14276647567749,-5.249448299407959,-5.687468528747559,-6.057854652404785,-6.435038089752197,-6.403870582580566,-5.959252834320068,-5.21630859375,-4.420026779174805
5.617814540863037,7.262178897857666,8.29731273651123,9.579424858093262,10.960433959960938,12.439142227172852,13.625167846679688,13.85016918182373,12.671457290649414,11.023885726928711,9.672792434692383,8.141273498535156,6.2117719650268555,5.314483642578125,6.15438175201416,4.955748558044434,7.846797943115234,11.983546257019043,14.036340713500977,14.022232055664062,14.813034057617188,12.789170265197754,9.396818161010742,6.459877014160156,5.092867374420166,4.59399938583374,4.198639392852783,3.922457218170166,3.445369005203247,2.875790596008301,2.005608558654785,0.6727873682975769,-0.2899687588214874,-0.7802144289016724,-2.2547788619995117,-4.187620639801025,-5.242549896240234,-5.445957660675049,-5.847375392913818,-6.242800235748291,-6.159907341003418,-5.745203495025635,-5.01791524887085,-4.1569952964782715
4.8178324699401855,7.047567844390869,8.188735961914062,9.244171142578125,10.085188865661621,11.366495132446289,12.823752403259277,13.22214126586914,12.170639991760254,11.234274864196777,10.593897819519043,9.148443222045898,6.7156524658203125,6.122697353363037,7.46848726272583,7.547404766082764,8.736015319824219,12.770794868469238,14.14614200592041,12.345134735107422,14.43734359741211,13.441569328308105,10.7190523147583,7.4355292320251465,5.67156457901001,4.8341522216796875,4.292032241821289,4.053705215454102,3.6362435817718506,3.0524866580963135,2.0401477813720703,0.5813790559768677,-0.48385369777679443,-1.0782102346420288,-2.322155237197876,-3.8213346004486084,-4.603549480438232,-4.791700839996338,-5.274117946624756,-5.690003395080566,-5.648104667663574,-5.3365559577941895,-4.748088359832764,-3.893282175064087
6.547544002532959,7.151249408721924,8.472671508789062,8.718277931213379,8.996990203857422,9.983773231506348,11.793683052062988,12.854639053344727,12.753478050231934,12.175971984863281,11.211095809936523,9.677594184875488,6.901003837585449,7.020458698272705,8.807158470153809,9.21657943725586,9.64445686340332,12.476261138916016,11.930445671081543,11.212686538696289,14.014204025268555,13.77428913116455,11.601811408996582,8.116740226745605,6.017940521240234,5.008212089538574,4.6865925788879395,4.698336124420166,4.4746928215026855,3.757335662841797,2.145782709121704,0.48213377594947815,-0.7260724306106567,-1.4662938117980957,-2.4383151531219482,-3.3213894367218018,-3.7345166206359863,-4.00637149810791,-4.465936660766602,-4.947221755981445,-5.1868767738342285,-5.011721611022949,-4.642609119415283,-4.139843463897705
5.247945308685303,6.782732009887695,7.1315131187438965,8.002346992492676,8.496599197387695,8.84995174407959,9.951254844665527,11.550334930419922,12.955365180969238,12.966054916381836,11.651248931884766,10.294658660888672,8.169157981872559,8.515654563903809,10.342630386352539,10.900300979614258,10.692232131958008,11.09302806854248,8.700761795043945,9.284378051757812,13.337185859680176,14.032840728759766,12.263957023620605,8.981451034545898,6.282613277435303,5.387601375579834,5.465897083282471,5.873291015625,6.152667045593262,4.7588934898376465,2.598290205001831,0.6067714691162109,-0.637884795665741,-1.6050606966018677,-2.4801628589630127,-2.897642135620117,-3.165250539779663,-3.626915454864502,-4.047080993652344,-4.518733501434326,-4.980605602264404,-4.934593677520752,-4.785513877868652,-4.759857654571533
5.54673433303833,8.10024642944336,8.926592826843262,8.928848266601562,9.193533897399902,8.482272148132324,8.64116382598877,10.59033203125,13.285606384277344,12.86351490020752,11.85013198852539,11.35170841217041,10.87159538269043,11.516603469848633,11.928825378417969,12.226503372192383,11.13318920135498,10.223212242126465,7.770086288452148,6.702882766723633,12.432101249694824,13.721440315246582,11.080178260803223,8.73615837097168,7.093349933624268,5.932890892028809,6.065611839294434,7.130795478820801,7.26564359664917,5.7624640464782715,3.2719085216522217,1.4029136896133423,0.3852936923503876,-0.9799425005912781,-2.254382371902466,-2.7221148014068604,-3.0864505767822266,-3.7668368816375732,-4.181799411773682,-4.4568095207214355,-4.836122035980225,-4.943003177642822,-5.012539863586426,-5.301859378814697
5.382477283477783,8.283866882324219,10.760895729064941,10.662027359008789,10.970273971557617,11.863898277282715,12.586385726928711,13.72805404663086,14.71812915802002,13.646322250366211,12.114340782165527,12.095786094665527,11.366412162780762,11.504035949707031,12.116354942321777,12.727134704589844,11.45838737487793,9.420777320861816,6.60291051864624,4.4606218338012695,10.412158012390137,11.480005264282227,7.24053955078125,6.700664043426514,7.022700786590576,8.333890914916992,9.378889083862305,9.285157203674316,8.751001358032227,7.1220269203186035,4.953318119049072,3.0761218070983887,1.9539858102798462,0.13904060423374176,-1.8041352033615112,-2.6981420516967773,-3.1986873149871826,-4.000626087188721,-4.429153919219971,-4.414521217346191,-4.576759338378906,-4.8323211669921875,-5.1703667640686035,-5.750123977661133
6.255642414093018,8.09929370880127,10.853798866271973,12.46660041809082,12.97654914855957,14.270511627197266,15.044146537780762,15.005945205688477,14.047337532043457,13.170387268066406,12.62304973602295,12.362648963928223,11.548611640930176,11.746842384338379,13.067100524902344,13.687597274780273,12.074604988098145,8.686843872070312,4.46021032333374,3.7124710083007812,4.650162220001221,4.805856227874756,5.361379623413086,6.149921417236328,7.435956954956055,9.316285133361816,11.361227035522461,11.633061408996582,10.878292083740234,9.308616638183594,7.8038554191589355,5.028722286224365,2.897474527359009,0.9722903966903687,-1.3842076063156128,-2.594125509262085,-2.9947991371154785,-3.830671548843384,-4.5884108543396,-4.608309745788574,-4.461879730224609,-4.666486740112305,-5.241156101226807,-6.07185173034668
7.960327625274658,9.026578903198242,10.100643157958984,11.770367622375488,13.273237228393555,14.091710090637207,13.409388542175293,13.136253356933594,12.250288009643555,11.446755409240723,12.010058403015137,11.967334747314453,11.779193878173828,12.194007873535156,14.56175708770752,15.851154327392578,13.766280174255371,10.221003532409668,7.257861137390137,7.79499626159668,7.896711826324463,7.890302658081055,7.971640586853027,7.788689613342285,8.698395729064941,10.751113891601562,11.966460227966309,12.501230239868164,11.69491958618164,10.292461395263672,8.955318450927734,5.896608352661133,3.3052189350128174,1.6676982641220093,-0.7682520151138306,-2.169220447540283,-2.2406058311462402,-3.030097723007202,-4.261674880981445,-4.882893085479736,-4.755549430847168,-4.56860876083374,-5.10908317565918,-6.002758026123047
8.41666030883789,8.934466361999512,9.415481567382812,10.127737998962402,11.807172775268555,12.182676315307617,10.580557823181152,10.854888916015625,10.970090866088867,11.394817352294922,12.239937782287598,11.724841117858887,11.353078842163086,12.547126770019531,14.331515312194824,15.800865173339844,14.106953620910645,9.542189598083496,6.146578311920166,6.335219860076904,6.571579933166504,7.75517463684082,8.452000617980957,7.499063491821289,8.421703338623047,10.434541702270508,11.51924991607666,11.691793441772461,11.562749862670898,11.048848152160645,10.061663627624512,7.171469211578369,3.782297372817993,2.8250536918640137,1.0446476936340332,-1.0429093837738037,-1.5860692262649536,-2.3443076610565186,-3.501729965209961,-4.426900863647461,-4.743765354156494,-4.51891565322876,-4.69695520401001,-5.327369689941406
