data/wind_data/wind_13_7.json
{"header": {"parameterUnit": "KT", "parameterCategory": 2, "nx": 256, "ny": 198, "lo1": 44.73521041870117, "la1": -3.236724853515625, "lo2": 111.26478576660156, "la2": 43.468475341796875, "dx": 0.2609002888202667, "dy": -0.23708222806453705, "refTime": "2025-02-19 13:00:00", "forecastTime": 0, "parameterNumber": 2, "parameterNumberName": "eastward_wind"}, "data":
[rows 120 to 139 of 198, columns 88 to 131 of 256]
114.99513244628906,115.10818481445312,113.30501556396484,111.097900390625,108.45820617675781,105.83279418945312,104.65242004394531,105.4053955078125,107.00520324707031,108.06912231445312,108.45716094970703,109.2810287475586,110.90725708007812,112.26506805419922,112.66363525390625,112.3433609008789,111.21554565429688,109.49700927734375,108.30915832519531,107.91089630126953,107.75521087646484,107.92596435546875,108.12260437011719,107.3974380493164,106.19361114501953,105.947998046875,107.12683868408203,108.6304702758789,109.31655883789062,108.85078430175781,107.8873291015625,106.83260345458984,105.48348999023438,103.74909210205078,102.60466003417969,102.76041412353516,103.36418151855469,103.30746459960938,102.8812255859375,102.59384155273438,102.18927764892578,101.45039367675781,100.64362335205078,100.27161407470703
115.93182373046875,115.41608428955078,113.13407897949219,111.05290985107422,108.37848663330078,105.37417602539062,104.20735931396484,105.44725799560547,107.34678649902344,108.46112823486328,109.13243103027344,110.470458984375,112.56969451904297,114.05519104003906,114.1107177734375,113.26158142089844,111.91319274902344,110.39509582519531,109.52114868164062,109.21862030029297,108.91986846923828,109.16642761230469,109.76045227050781,109.54203033447266,108.72802734375,108.84405517578125,109.97879791259766,110.6565933227539,110.44513702392578,109.77912139892578,108.9246597290039,107.93717956542969,106.83567810058594,105.49484252929688,104.5262680053711,104.45597839355469,104.71001434326172,104.55835723876953,104.10235595703125,103.6321792602539,103.09130096435547,102.26828002929688,101.417724609375,100.9092788696289
116.0252914428711,114.76348876953125,112.45728302001953,111.71270751953125,110.14688873291016,106.46347045898438,103.6794204711914,104.05792236328125,106.26383972167969,108.43292999267578,110.38545989990234,112.35086822509766,114.00103759765625,114.63165283203125,114.3481674194336,113.80659484863281,113.194091796875,112.40464782714844,111.68634796142578,111.07406616210938,110.55436706542969,110.755126953125,111.31359100341797,111.31723022460938,110.93023681640625,111.0647964477539,111.8384017944336,111.99712371826172,111.1458969116211,110.0234375,109.11017608642578,108.43658447265625,107.7225112915039,106.93949127197266,106.25399017333984,105.96832275390625,105.6430892944336,104.74386596679688,103.78317260742188,103.34929656982422,103.16683197021484,102.84003448486328,102.29454803466797,101.67578125
114.21751403808594,113.28386688232422,112.72884368896484,113.19879913330078,111.78243255615234,107.5513687133789,103.77083587646484,103.32280731201172,105.48296356201172,108.43460083007812,111.1665267944336,113.12203979492188,114.0559310913086,114.33464050292969,114.44347381591797,114.27648162841797,113.94235229492188,113.52457427978516,112.98298645019531,112.12010192871094,111.37846374511719,111.36499786376953,112.06060791015625,112.5199966430664,112.47167205810547,112.3841552734375,112.25381469726562,111.51284790039062,110.32443237304688,109.28868103027344,108.74933624267578,108.26592254638672,107.6526107788086,107.29720306396484,106.84800720214844,106.40599822998047,105.84681701660156,104.72828674316406,103.40218353271484,102.70474243164062,102.66746520996094,102.76593780517578,102.56275177001953,102.09282684326172
111.05921936035156,111.09909057617188,112.80083465576172,113.84534454345703,111.7006607055664,107.39517211914062,104.38634490966797,104.30278778076172,105.8965835571289,108.02613067626953,110.23342895507812,111.7994384765625,112.70259857177734,113.56919860839844,114.20587921142578,114.08499145507812,113.48648071289062,113.0423583984375,112.58256530761719,111.63553619384766,110.66368103027344,110.41505432128906,111.39584350585938,112.76619720458984,113.34351348876953,112.88883972167969,111.69972229003906,110.10636901855469,108.65005493164062,107.92698669433594,107.61455535888672,107.38288116455078,106.95915985107422,106.46339416503906,106.11458587646484,105.97321319580078,105.6805648803711,104.79212188720703,103.59296417236328,102.69705963134766,102.28230285644531,102.1906967163086,102.20103454589844,102.23326873779297
107.99261474609375,108.89189147949219,111.25115203857422,111.75153350830078,109.35110473632812,106.61959075927734,105.64952850341797,105.91991424560547,106.28567504882812,106.72943115234375,107.6854019165039,109.17909240722656,111.00260162353516,112.48167419433594,113.0147705078125,112.79019927978516,112.17469024658203,111.35073852539062,110.6446762084961,110.26010131835938,109.6326675415039,110.01032257080078,111.32157135009766,112.30393981933594,112.38461303710938,111.71422576904297,110.55641174316406,108.80517578125,107.19507598876953,106.75157928466797,106.85018157958984,106.4312973022461,105.59269714355469,105.05533599853516,105.08897399902344,105.32957458496094,105.2210922241211,104.5285873413086,103.5010986328125,102.5427017211914,101.8399658203125,101.57029724121094,101.66621398925781,101.86431121826172
105.47354888916016,106.8148193359375,108.90621185302734,107.96855163574219,106.51445007324219,106.5389175415039,106.26422119140625,105.46403503417969,105.1474609375,105.67957305908203,106.74436950683594,108.00285339355469,109.42508697509766,110.5619125366211,111.10101318359375,111.01585388183594,110.58627319335938,109.76375579833984,109.11698150634766,108.54952239990234,109.16847229003906,109.86358642578125,111.30106353759766,111.7716293334961,111.28402709960938,110.48865509033203,109.52298736572266,108.27372741699219,107.05494689941406,106.26708221435547,105.67858123779297,104.8557357788086,104.1202163696289,103.92323303222656,104.2809066772461,104.71454620361328,104.67424774169922,103.95171356201172,102.8619613647461,101.88613891601562,101.27701568603516,101.08426666259766,101.1254653930664,101.24459838867188
103.43673706054688,104.65502166748047,106.46199035644531,105.5683364868164,104.36122131347656,104.81246948242188,105.29611206054688,104.90403747558594,104.64680480957031,105.36658477783203,106.67704010009766,107.85649108886719,108.76535034179688,109.45686340332031,109.67166900634766,109.46568298339844,108.76504516601562,108.23196411132812,107.72075653076172,108.4277572631836,108.91410827636719,109.99878692626953,111.39095306396484,110.87916564941406,110.28759765625,109.47870635986328,109.22134399414062,108.71727752685547,107.4214859008789,105.76191711425781,104.12272644042969,102.9466781616211,102.5543212890625,102.96546173095703,103.67617797851562,103.97216033935547,103.72911834716797,103.16230773925781,102.34208679199219,101.47944641113281,100.80224609375,100.41217041015625,100.34101104736328,100.32879638671875
102.08541107177734,102.77576446533203,104.43546295166016,103.81582641601562,102.66242218017578,103.01497650146484,103.77996063232422,103.84595489501953,103.96308898925781,105.21341705322266,107.12611389160156,108.46788787841797,108.91252899169922,108.85531616210938,108.40534973144531,107.5477523803711,106.37310028076172,106.12928009033203,106.73786163330078,108.33177947998047,108.83381652832031,110.05018615722656,110.3258285522461,110.93217468261719,109.74408721923828,108.65935516357422,108.87010955810547,108.93236541748047,107.46873474121094,105.15165710449219,102.8572998046875,101.43455505371094,101.17516326904297,101.87583923339844,102.81328582763672,103.15768432617188,102.8923568725586,102.33539581298828,101.66927337646484,100.92020416259766,100.41015625,100.12064361572266,99.83578491210938,99.43392944335938
100.9057388305664,101.49609375,102.75020599365234,102.10828399658203,101.00582885742188,101.33414459228516,102.03675079345703,102.21363830566406,102.89456176757812,104.98435974121094,107.42435455322266,108.6146240234375,108.46631622314453,107.76309204101562,106.67398834228516,105.11721801757812,103.90451049804688,104.1871566772461,105.63300323486328,107.53437805175781,108.5299072265625,108.34539794921875,109.31448364257812,111.08241271972656,110.20256042480469,108.5018539428711,108.0605239868164,107.8929214477539,106.6332778930664,104.49044799804688,102.1458740234375,100.5645751953125,100.7399673461914,101.59233856201172,101.97563934326172,101.89871978759766,101.73985290527344,101.69010162353516,101.61327362060547,101.34273529052734,100.80480194091797,99.99227905273438,99.1471939086914,98.32649230957031
99.7024917602539,100.2308578491211,101.22584533691406,100.85104370117188,100.04158020019531,99.950439453125,100.20887756347656,100.70564270019531,102.01708221435547,104.41385650634766,106.72420501708984,107.66344451904297,107.20655822753906,106.13451385498047,104.53652954101562,103.03779602050781,102.26014709472656,103.1492691040039,104.3319091796875,106.53577423095703,106.78378295898438,106.8665771484375,107.6601333618164,110.685791015625,110.77352142333984,108.58074951171875,107.13462829589844,106.4151382446289,105.4489517211914,103.3914794921875,101.02947998046875,99.93257904052734,100.33940124511719,100.94525909423828,101.06966400146484,100.86135864257812,100.82514953613281,101.0365982055664,101.14791107177734,100.93814849853516,100.36773681640625,99.57829284667969,98.76765441894531,97.82000732421875
99.01221466064453,99.84710693359375,99.36292266845703,98.75447082519531,99.54226684570312,100.28629302978516,99.35454559326172,98.6862564086914,100.19376373291016,103.15602111816406,105.48417663574219,106.04490661621094,105.19715881347656,103.74458312988281,102.07121276855469,101.1803970336914,101.03959655761719,102.2651138305664,103.32616424560547,105.31391906738281,104.97900390625,105.35335540771484,106.28257751464844,109.50347900390625,109.12824249267578,107.72020721435547,107.11015319824219,105.74546813964844,103.71862030029297,101.44282531738281,99.21434020996094,98.34420013427734,98.81917572021484,99.33507537841797,99.43470764160156,99.43692016601562,99.57698059082031,99.65382385253906,99.75894165039062,99.96897888183594,99.62409210205078,98.6618423461914,97.48749542236328,96.63056945800781
97.51527404785156,97.12913513183594,96.45028686523438,97.1801986694336,99.61257934570312,100.76513671875,98.9748306274414,96.85991668701172,97.30864715576172,100.36579132080078,103.49549102783203,104.08592987060547,102.36431884765625,100.2989730834961,99.08979034423828,99.10972595214844,99.64378356933594,101.01814270019531,102.0661392211914,103.66587829589844,103.7574462890625,103.51094055175781,104.53968811035156,107.76481628417969,107.35213470458984,106.57364654541016,106.44007873535156,104.46701049804688,101.39029693603516,99.0100326538086,97.6924819946289,97.49888610839844,97.9735107421875,98.811767578125,99.43502044677734,99.6668701171875,99.56953430175781,99.41719055175781,99.4423599243164,99.13907623291016,98.37398529052734,97.34124755859375,96.30298614501953,95.57418823242188
94.63694763183594,93.5855712890625,93.58761596679688,96.24481964111328,99.0851058959961,99.39007568359375,97.52826690673828,95.4947280883789,95.27469635009766,97.76619720458984,101.2188491821289,101.7530288696289,99.16864013671875,96.90973663330078,96.45661926269531,97.24392700195312,98.16521453857422,99.45365905761719,100.40721893310547,101.92109680175781,102.4286880493164,101.98917388916016,102.53379821777344,105.93473815917969,106.71298217773438,105.88510131835938,104.84658813476562,102.4793701171875,99.21500396728516,97.51371002197266,97.17677307128906,96.89395141601562,97.0368423461914,98.35767364501953,99.40843200683594,99.60441589355469,99.19268798828125,98.73262786865234,98.523681640625,98.25496673583984,97.29591369628906,96.02132415771484,95.2400894165039,95.25464630126953
89.25347900390625,89.93240356445312,92.2426528930664,95.53479766845703,96.92312622070312,96.61497497558594,95.65959930419922,94.59915924072266,94.84414672851562,96.94786834716797,99.25146484375,98.84447479248047,96.0738525390625,94.08709716796875,94.24514770507812,95.7125244140625,96.82176971435547,97.8733901977539,98.5689926147461,100.25088500976562,100.88175201416016,100.53404235839844,102.05176544189453,105.18495178222656,105.50987243652344,104.7058334350586,104.17799377441406,101.96635437011719,98.06266021728516,95.59622192382812,94.90573120117188,95.14112854003906,96.49130249023438,98.05425262451172,98.22877502441406,97.49736022949219,96.93741607666016,97.18710327148438,97.61613464355469,97.1921157836914,96.11300659179688,95.42384338378906,95.26557159423828,95.10465240478516
84.74808502197266,87.07743072509766,91.00599670410156,93.30703735351562,93.65748596191406,94.05408477783203,93.88202667236328,93.15606689453125,93.58248901367188,96.13182067871094,97.7159194946289,95.70606994628906,92.28675842285156,91.14594268798828,92.62686157226562,95.06804656982422,96.17576599121094,96.61799621582031,96.85755157470703,98.7559814453125,99.62467956542969,99.43406677246094,101.4136734008789,104.08247375488281,104.56136322021484,104.1924057006836,103.3824691772461,100.45235443115234,96.20381164550781,93.5926284790039,93.12659454345703,94.05597686767578,95.52552032470703,96.69367218017578,96.4849853515625,95.82720947265625,95.7453842163086,95.791748046875,95.42544555664062,94.7799072265625,94.47232055664062,94.36526489257812,93.86932373046875,93.02407836914062
83.3200454711914,85.56797790527344,89.26914978027344,90.67288208007812,90.94664764404297,91.43341827392578,91.78778076171875,91.02821350097656,91.23426818847656,94.64067840576172,96.8389892578125,93.99437713623047,89.9176025390625,88.69556427001953,90.62580108642578,93.39511108398438,94.9081039428711,95.29476928710938,95.58592224121094,97.51691436767578,98.68779754638672,98.43788146972656,99.64976501464844,101.54618072509766,101.47086334228516,101.4967269897461,101.40567016601562,98.44027709960938,94.3694839477539,92.5109634399414,93.10639190673828,94.3756103515625,95.18022918701172,95.2771224975586,95.1117172241211,95.10816955566406,95.02336883544922,94.43291473388672,93.63915252685547,93.2032470703125,92.99034118652344,92.39083862304688,91.3941879272461,90.36521911621094
82.78108215332031,84.13084411621094,87.30205535888672,89.03148651123047,89.48313903808594,89.9367446899414,89.7987060546875,89.04158782958984,89.42391967773438,91.13323211669922,92.8526611328125,92.63512420654297,90.55315399169922,88.95960235595703,89.39454650878906,91.10193634033203,92.58482360839844,93.1551284790039,93.68994140625,95.46483612060547,97.20164489746094,97.48069763183594,97.11936950683594,97.23023986816406,98.2186508178711,99.87378692626953,99.35929107666016,95.8198013305664,92.4815673828125,91.59923553466797,92.63188171386719,94.01507568359375,94.74974060058594,94.84061431884766,94.51113891601562,94.26688385009766,93.96031951904297,93.0871810913086,91.91255187988281,91.0019760131836,90.25624084472656,89.39449310302734,88.53189086914062,87.48595428466797
82.15178680419922,82.5070571899414,85.0179672241211,86.90947723388672,87.5763168334961,87.79586029052734,87.79965209960938,87.32347869873047,87.16847229003906,88.03218841552734,88.89883422851562,89.22724151611328,88.70398712158203,88.38768005371094,88.39239501953125,89.24079895019531,90.5013427734375,90.95008850097656,91.06922149658203,92.26789855957031,94.01499938964844,94.44725799560547,93.66671752929688,93.26872253417969,94.67204284667969,95.9939956665039,94.96438598632812,93.1743392944336,91.85018920898438,90.72229766845703,90.8299560546875,92.0411376953125,92.44279479980469,91.92479705810547,92.07449340820312,92.76818084716797,92.68551635742188,91.49346923828125,90.1220703125,89.2580795288086,88.63286590576172,87.93294525146484,86.85575866699219,85.49302673339844
80.60393524169922,80.18399810791016,81.69087982177734,83.86302185058594,85.02935028076172,85.76394653320312,86.14704895019531,85.10523986816406,84.23748016357422,85.40227508544922,86.0936279296875,85.3412094116211,85.28282928466797,86.33580017089844,87.2215805053711,87.64483642578125,88.24610137939453,88.55391693115234,88.33236694335938,89.01946258544922,90.56980895996094,91.01020050048828,90.27605438232422,89.96540069580078,90.4350357055664,90.26866912841797,89.57402038574219,89.18765258789062,88.87276458740234,88.6231460571289,89.1806640625,90.02783966064453,90.54551696777344,90.80517578125,91.2802963256836,91.67256927490234,91.00627899169922,89.6246109008789,88.63115692138672,88.32111358642578,88.2934799194336,87.69478607177734,85.9883804321289,84.40998077392578
