data/wind_data/wind_3_6.json
{"header": {"parameterUnit": "KT", "parameterCategory": 2, "nx": 256, "ny": 198, "lo1": 44.73521041870117, "la1": -3.236724853515625, "lo2": 111.26478576660156, "la2": 43.468475341796875, "dx": 0.2609002888202667, "dy": -0.23708222806453705, "refTime": "2025-02-19 03:00:00", "forecastTime": 0, "parameterNumber": 2, "parameterNumberName": "eastward_wind"}, "data":
[rows 160 to 179 of 198, columns 88 to 131 of 256]
51.872108459472656,51.44462585449219,51.82673263549805,52.91572189331055,53.91960525512695,54.0981330871582,53.91424560546875,54.071067810058594,54.48872756958008,54.173030853271484,52.39446258544922,50.803871154785156,50.5259895324707,49.57245635986328,48.19981384277344,47.532535552978516,47.79851531982422,48.705848693847656,49.89048385620117,50.87101364135742,51.45504379272461,52.10312271118164,52.13650894165039,50.95412063598633,50.4415283203125,50.688358306884766,50.30047607421875,49.17450714111328,47.37030029296875,45.2895622253418,42.9642219543457,40.20767593383789,37.923828125,37.040771484375,37.253421783447266,37.42178726196289,37.52420425415039,37.05793762207031,37.04154968261719,37.806053161621094,37.49094772338867,35.03037643432617,31.273380279541016,28.390064239501953
49.52083969116211,49.623653411865234,50.246856689453125,51.41134262084961,52.706451416015625,53.6113395690918,54.15773391723633,54.3885498046875,54.172367095947266,53.415348052978516,51.72505187988281,50.36668395996094,50.02611541748047,48.943450927734375,48.112388610839844,48.20353698730469,48.5515022277832,49.43320846557617,50.761085510253906,51.98017501831055,52.02827453613281,51.79337692260742,51.752559661865234,51.295082092285156,50.61137390136719,49.6881217956543,48.403953552246094,47.120235443115234,45.9656867980957,44.695865631103516,42.83491897583008,40.70510482788086,39.37443542480469,38.841575622558594,38.54216384887695,38.48443603515625,39.22739791870117,39.086326599121094,37.45024871826172,35.61359405517578,33.570770263671875,30.850605010986328,28.049644470214844,26.37187957763672
48.330352783203125,48.85000991821289,49.35383224487305,50.2623405456543,51.5058708190918,52.70592498779297,53.616004943847656,53.65618133544922,52.76317596435547,51.583099365234375,50.10693359375,49.25355529785156,49.46379089355469,49.02302932739258,48.588199615478516,49.13692092895508,49.96926498413086,50.567195892333984,51.28919219970703,52.34781265258789,52.30674362182617,51.79998779296875,51.66036605834961,51.23324203491211,50.41524887084961,49.196327209472656,47.4553337097168,46.195430755615234,45.692527770996094,44.92604064941406,43.17115783691406,41.17695999145508,40.19556427001953,39.31768035888672,37.630104064941406,37.54847717285156,37.94906234741211,36.870880126953125,34.34294891357422,31.956275939941406,30.20586395263672,28.671417236328125,26.867565155029297,25.898229598999023
48.42782974243164,49.262596130371094,49.571495056152344,49.97637939453125,50.80217361450195,51.81298828125,52.38215255737305,51.78645324707031,50.51591491699219,49.38374328613281,48.42534255981445,48.41522979736328,49.11365509033203,49.41665267944336,49.31074142456055,49.78133773803711,50.68305206298828,51.32207489013672,51.89937210083008,52.48322677612305,52.427799224853516,52.23905563354492,51.93590545654297,51.2802619934082,50.3119010925293,49.04900360107422,47.48017883300781,46.587039947509766,46.04010009765625,44.69154357910156,42.187931060791016,40.14443588256836,39.17788314819336,37.283203125,36.13262176513672,35.86808776855469,34.9655876159668,33.63178634643555,32.08090591430664,30.308940887451172,29.010963439941406,28.303951263427734,27.190048217773438,25.551013946533203
49.242977142333984,50.05183029174805,50.03995132446289,50.04058837890625,50.489654541015625,50.97985076904297,50.78439712524414,49.83899688720703,48.8551025390625,48.06138610839844,47.5626106262207,47.68321990966797,48.33350372314453,49.38814926147461,50.12972640991211,50.54715347290039,50.93978500366211,51.543766021728516,52.4006462097168,52.836830139160156,52.838687896728516,52.78141784667969,52.22126007080078,51.24282455444336,49.980892181396484,48.74359130859375,47.32536697387695,46.393707275390625,45.475040435791016,43.6474609375,40.607295989990234,38.94386672973633,37.650814056396484,35.54318618774414,34.520198822021484,34.186824798583984,33.630943298339844,33.12602615356445,32.265052795410156,30.518220901489258,28.666120529174805,27.357803344726562,26.4483699798584,25.22175407409668
49.731876373291016,50.22757339477539,49.967552185058594,49.81431579589844,49.999595642089844,49.898597717285156,49.276100158691406,48.59843826293945,48.080039978027344,47.45841598510742,47.12770462036133,47.1381950378418,47.65745162963867,48.73021697998047,49.94235610961914,50.837013244628906,51.108551025390625,51.32111740112305,52.03105163574219,52.580204010009766,52.47380447387695,52.060455322265625,51.3341178894043,50.382999420166016,49.38991165161133,48.518001556396484,47.04817581176758,45.63188934326172,43.85860824584961,41.47573471069336,39.22858810424805,37.82663345336914,35.637840270996094,34.805355072021484,34.15648651123047,33.274635314941406,32.617733001708984,33.06779861450195,32.66212463378906,31.149890899658203,29.327749252319336,27.905994415283203,26.24383544921875,23.843219757080078
49.19882583618164,49.52680587768555,49.463165283203125,49.26758575439453,49.17421340942383,48.7037353515625,48.150428771972656,47.802703857421875,47.46969223022461,47.008663177490234,46.86478042602539,47.08378982543945,47.48252487182617,48.1621208190918,49.209007263183594,50.450252532958984,51.06573486328125,50.944026947021484,51.18800735473633,51.59263229370117,51.49769592285156,51.47269058227539,51.104637145996094,49.922935485839844,48.49901580810547,47.22931671142578,45.876983642578125,44.54438781738281,42.226619720458984,39.84825134277344,38.4486083984375,36.731529235839844,34.607872009277344,34.50751876831055,34.26353073120117,32.9597053527832,32.27000427246094,32.72984313964844,32.458518981933594,31.323305130004883,29.57687759399414,27.478961944580078,24.98988914489746,23.074771881103516
48.05543899536133,48.473289489746094,48.476097106933594,48.47264099121094,48.310665130615234,47.71183395385742,47.20783233642578,46.837215423583984,46.50859451293945,46.52993392944336,46.90843963623047,47.303260803222656,47.60322952270508,48.049415588378906,48.77915573120117,49.89970779418945,50.813995361328125,50.82450866699219,50.80148696899414,51.12503433227539,51.28797912597656,51.34074020385742,50.69336700439453,49.254451751708984,47.72773361206055,46.31355667114258,45.11827087402344,43.42161178588867,40.69367599487305,39.045684814453125,37.79376220703125,35.49174880981445,33.993141174316406,34.28959274291992,34.17483139038086,32.859066009521484,32.62906265258789,33.13615798950195,32.323177337646484,30.699691772460938,29.18336296081543,27.021390914916992,25.241762161254883,23.194913864135742
46.86156463623047,47.021995544433594,47.29280471801758,47.56029510498047,47.51209259033203,47.122039794921875,46.53303146362305,45.84434127807617,45.54774856567383,46.133602142333984,47.12428665161133,47.75986862182617,47.928409576416016,48.09650802612305,48.71297073364258,49.566043853759766,50.56446075439453,51.12257385253906,51.21910095214844,51.28246307373047,51.22728729248047,50.90373229980469,49.81053924560547,48.197322845458984,46.8480110168457,45.93698501586914,44.630859375,42.31736373901367,40.37580490112305,39.188053131103516,36.140628814697266,33.84870147705078,33.9069709777832,33.92554473876953,33.52309799194336,32.88615036010742,32.89925003051758,32.87611770629883,31.144041061401367,29.126741409301758,27.911779403686523,26.248628616333008,25.604642868041992,24.87880516052246
45.73685073852539,45.817657470703125,45.745948791503906,46.34814453125,46.85847091674805,46.82102966308594,46.203453063964844,45.27547073364258,45.061031341552734,45.923519134521484,47.213417053222656,48.2820930480957,48.53065872192383,48.40338897705078,48.9694938659668,49.741241455078125,50.67407989501953,51.55448532104492,51.7089958190918,51.338897705078125,51.07243728637695,50.31218719482422,48.96764373779297,47.5888786315918,46.44010925292969,45.16444778442383,43.29507064819336,41.38988494873047,40.595252990722656,38.66253662109375,34.03635025024414,32.64903259277344,34.337154388427734,33.83500289916992,32.9333610534668,32.70130157470703,32.65993118286133,31.753150939941406,29.464391708374023,27.367538452148438,25.997756958007812,24.3971004486084,23.847814559936523,24.765975952148438
44.46266174316406,44.45989227294922,44.470394134521484,45.06456756591797,45.98143005371094,46.39690399169922,45.816246032714844,45.01225280761719,45.12096405029297,46.13994216918945,47.4508171081543,48.52725601196289,48.626712799072266,48.748226165771484,49.572044372558594,50.43871307373047,51.13481521606445,51.809104919433594,51.84126663208008,51.31517791748047,50.686283111572266,49.72724151611328,48.625404357910156,47.28791809082031,45.65228271484375,43.88681411743164,42.17402267456055,40.802974700927734,40.52504348754883,37.18461990356445,32.554832458496094,32.86378860473633,34.935791015625,33.90297317504883,32.90923309326172,32.5416374206543,31.539371490478516,29.3336181640625,26.503664016723633,24.29311752319336,22.923887252807617,22.288650512695312,22.74732780456543,23.897306442260742
43.07406997680664,43.365234375,43.30583190917969,43.90019226074219,45.04164505004883,45.59901428222656,45.274471282958984,44.912052154541016,45.35206604003906,46.42372512817383,47.64847183227539,48.526206970214844,48.782989501953125,49.296783447265625,50.191158294677734,50.97926330566406,51.641178131103516,51.91321563720703,51.568702697753906,50.814674377441406,50.212486267089844,49.48069763183594,47.93986892700195,46.004661560058594,44.551063537597656,43.13880157470703,41.28019332885742,39.92332458496094,39.42314147949219,35.788475036621094,32.96380615234375,34.2696647644043,34.590091705322266,33.696502685546875,33.18648910522461,31.776805877685547,28.738069534301758,25.46062469482422,23.37236213684082,22.180896759033203,21.41400718688965,21.270938873291016,22.15559959411621,22.83725357055664
42.07658386230469,42.58198928833008,42.544044494628906,42.92083740234375,43.96897506713867,44.74333190917969,44.720664978027344,44.63237380981445,45.244056701660156,46.264400482177734,47.44437026977539,48.60371017456055,49.2891845703125,49.79938507080078,50.17559814453125,50.56843185424805,51.357364654541016,51.60453414916992,50.80300521850586,50.068511962890625,49.8172607421875,48.612701416015625,46.38568878173828,44.879940032958984,43.85274124145508,42.016578674316406,39.98663330078125,39.34235763549805,38.21074295043945,35.88990020751953,34.824100494384766,35.411537170410156,34.982635498046875,33.788455963134766,32.3067512512207,29.227256774902344,25.151514053344727,22.54195785522461,21.31368637084961,20.166763305664062,19.016939163208008,19.258039474487305,20.779964447021484,22.111249923706055
41.38450241088867,42.041561126708984,42.13608169555664,42.31270217895508,43.228939056396484,44.0257453918457,44.102943420410156,44.33242416381836,45.08501434326172,45.8880615234375,47.04634094238281,48.43891906738281,49.31122970581055,49.45790481567383,49.443931579589844,49.82612609863281,50.57633590698242,50.41934585571289,49.53528594970703,49.43331527709961,49.13589096069336,47.326534271240234,45.645362854003906,44.52357864379883,42.606788635253906,40.65533447265625,40.14712905883789,39.172489166259766,36.993465423583984,36.764320373535156,37.619537353515625,36.246097564697266,34.9173469543457,33.3409423828125,30.851825714111328,25.622634887695312,21.948272705078125,20.71283721923828,20.557411193847656,20.062843322753906,19.26792335510254,19.571815490722656,20.828031539916992,22.18536376953125
40.63515090942383,41.55717468261719,41.80012893676758,42.017669677734375,43.172672271728516,44.051944732666016,44.109336853027344,44.46944046020508,44.82472610473633,45.51309585571289,46.84524917602539,48.030086517333984,48.54066848754883,48.69350814819336,48.85422897338867,49.26686096191406,49.23600769042969,48.47685241699219,48.6060676574707,49.464080810546875,48.69179916381836,46.8222770690918,45.80958557128906,44.338401794433594,42.138729095458984,41.642784118652344,41.075130462646484,38.01792526245117,36.856834411621094,38.165313720703125,37.603546142578125,35.9351921081543,33.364349365234375,31.552946090698242,27.838001251220703,21.841215133666992,19.74144172668457,19.73622703552246,20.372020721435547,20.740062713623047,20.34250831604004,20.238672256469727,21.2796573638916,23.32361602783203
40.21070861816406,41.343658447265625,41.67582321166992,42.505741119384766,43.876251220703125,44.327796936035156,44.33965301513672,44.653385162353516,44.79592514038086,45.806880950927734,47.15156173706055,47.95512008666992,48.04936981201172,47.92017364501953,47.84796142578125,48.090084075927734,48.10169219970703,48.26872253417969,49.39625549316406,49.66514587402344,48.087066650390625,46.81607437133789,46.535247802734375,44.70796203613281,43.130252838134766,42.67917251586914,40.58088302612305,38.176727294921875,37.03352355957031,37.12333297729492,36.708621978759766,34.275875091552734,30.523136138916016,28.174165725708008,24.383892059326172,19.77187728881836,18.771608352661133,19.06867027282715,20.502742767333984,21.60282325744629,21.757556915283203,20.93775749206543,21.015644073486328,22.93875503540039
40.91828536987305,42.100189208984375,42.5504035949707,43.29636001586914,44.15510177612305,44.59027862548828,45.101314544677734,45.44266891479492,45.66280746459961,46.63523483276367,47.70443344116211,48.04421615600586,47.60552215576172,47.279293060302734,47.55677795410156,47.84379577636719,47.85228729248047,48.51270294189453,49.35407638549805,48.86482620239258,48.08913803100586,48.15922927856445,46.675209045410156,44.53010940551758,43.190059661865234,42.09260559082031,39.79509353637695,37.69976043701172,36.617774963378906,35.75376510620117,35.016845703125,31.864137649536133,27.93547248840332,24.710418701171875,21.81720733642578,20.0338077545166,18.85576629638672,18.51658821105957,20.477392196655273,22.429428100585938,22.461956024169922,21.194427490234375,21.245149612426758,23.155414581298828
42.133384704589844,43.31259536743164,43.72646713256836,44.196006774902344,44.92749786376953,45.89413833618164,46.742244720458984,46.93564987182617,47.058494567871094,47.637962341308594,48.32918167114258,48.469547271728516,48.3939323425293,48.66603469848633,48.41636657714844,47.56264114379883,47.43599319458008,48.35896682739258,48.612117767333984,48.234378814697266,48.37900161743164,47.9327278137207,46.08135223388672,44.32748031616211,42.36752700805664,39.90498733520508,37.75703811645508,36.125606536865234,35.171234130859375,33.984947204589844,32.55447006225586,28.440996170043945,24.045513153076172,21.22531509399414,20.015811920166016,19.695255279541016,19.05080795288086,18.86034393310547,19.64728546142578,20.697336196899414,20.970186233520508,21.071895599365234,22.790945053100586,24.455196380615234
42.73418045043945,43.99789047241211,44.70918273925781,45.37116241455078,46.08110809326172,47.01926040649414,47.83991241455078,48.15458679199219,48.50746154785156,49.0493049621582,49.451904296875,49.81598663330078,50.59027099609375,51.23004150390625,50.53913116455078,49.0485725402832,48.62818908691406,49.294681549072266,49.33634948730469,48.72190475463867,47.9304313659668,46.81617736816406,45.772003173828125,44.14641571044922,41.00281524658203,37.7033805847168,35.61764144897461,34.23284149169922,33.23334884643555,31.426769256591797,27.934734344482422,23.086135864257812,19.129907608032227,17.8137264251709,18.752277374267578,19.513736724853516,19.94951820373535,19.688589096069336,19.199880599975586,19.423885345458984,20.548973083496094,22.444368362426758,23.462783813476562,23.86898422241211
42.81049728393555,44.07318115234375,45.065677642822266,45.92822265625,46.580806732177734,47.18864822387695,47.864845275878906,48.389122009277344,48.82097625732422,49.18083953857422,49.685428619384766,50.50886154174805,51.43700408935547,51.99752426147461,51.025596618652344,49.737388610839844,49.778419494628906,50.01961898803711,49.453060150146484,48.43320846557617,47.393760681152344,46.28177261352539,45.54520797729492,43.78990173339844,40.04037094116211,36.43552780151367,33.697444915771484,31.349117279052734,30.273353576660156,27.563766479492188,22.413278579711914,17.307147979736328,14.222588539123535,15.464173316955566,17.960119247436523,19.478940963745117,20.831493377685547,20.958436965942383,20.694595336914062,21.26207160949707,22.99662208557129,24.222150802612305,24.030019760131836,24.186145782470703
