data/wind_data/wind_9_4.json
{"header": {"parameterUnit": "KT", "parameterCategory": 2, "nx": 256, "ny": 198, "lo1": 44.73521041870117, "la1": -3.236724853515625, "lo2": 111.26478576660156, "la2": 43.468475341796875, "dx": 0.2609002888202667, "dy": -0.23708222806453705, "refTime": "2025-02-19 09:00:00", "forecastTime": 0, "parameterNumber": 2, "parameterNumberName": "eastward_wind"}, "data":
[rows 0 to 18 of 198, columns 88 to 131 of 256]
1.2796525955200195,1.46018385887146,1.5772207975387573,1.6566674709320068,1.845513105392456,2.0421011447906494,1.9765630960464478,1.8896141052246094,2.201220750808716,2.459481716156006,2.1564888954162598,1.8971624374389648,2.068570137023926,2.2766273021698,2.430877447128296,2.4100558757781982,2.139906406402588,1.9247174263000488,1.8201735019683838,1.300973653793335,0.38065582513809204,0.0282650925219059,0.0959387719631195,-0.32114583253860474,-1.0236412286758423,-1.5838724374771118,-2.071873426437378,-2.5503692626953125,-2.8491272926330566,-2.598081111907959,-2.2064685821533203,-2.034672975540161,-1.892865538597107,-1.6676316261291504,-1.6433634757995605,-1.9823377132415771,-2.342503309249878,-2.644958734512329,-2.9755966663360596,-3.3536887168884277,-3.483059883117676,-3.3565421104431152,-3.027100086212158,-2.521587610244751
0.46291694045066833,0.7980780005455017,1.0863938331604004,1.3529058694839478,1.5342581272125244,1.716072678565979,1.8657406568527222,1.9896743297576904,2.257291316986084,2.3404412269592285,1.9349833726882935,1.6868377923965454,1.8988615274429321,2.138963460922241,2.286202907562256,2.1965067386627197,1.924389123916626,1.5509916543960571,1.087668776512146,0.4638998210430145,-0.28894761204719543,-0.6276482939720154,-0.749600350856781,-1.0620170831680298,-1.3948476314544678,-1.8899259567260742,-2.4438893795013428,-2.6887097358703613,-2.7502853870391846,-2.6774561405181885,-2.551893472671509,-2.4465830326080322,-2.3090031147003174,-2.1190805435180664,-2.0120394229888916,-2.1268696784973145,-2.2750964164733887,-2.4690613746643066,-2.843571424484253,-3.256495237350464,-3.332911968231201,-3.109872817993164,-2.8486969470977783,-2.5174906253814697
-0.132288858294487,0.14474177360534668,0.5515050888061523,1.0730926990509033,1.3267244100570679,1.485102653503418,1.6415379047393799,1.7156338691711426,1.8663100004196167,1.9698477983474731,1.801646113395691,1.6280027627944946,1.6196078062057495,1.6591968536376953,1.7053680419921875,1.6328357458114624,1.4629415273666382,1.0993523597717285,0.5461031794548035,-0.17164501547813416,-0.9044303894042969,-1.1335688829421997,-1.2296957969665527,-1.6640357971191406,-2.0816102027893066,-2.393751621246338,-2.748655080795288,-3.0083961486816406,-3.1133103370666504,-3.0400562286376953,-2.883033275604248,-2.683037519454956,-2.5543978214263916,-2.5036399364471436,-2.371523857116699,-2.3897523880004883,-2.485637903213501,-2.487353801727295,-2.6921186447143555,-3.117581844329834,-3.261479377746582,-3.123137950897217,-3.014474391937256,-2.806408405303955
-0.652319610118866,-0.37366539239883423,0.08857540786266327,0.7089873552322388,1.0244274139404297,1.1660642623901367,1.2616654634475708,1.2427502870559692,1.3399027585983276,1.5640666484832764,1.6050399541854858,1.4244972467422485,1.1736854314804077,1.0177477598190308,0.9605836868286133,0.8920511603355408,0.7438426613807678,0.40022405982017517,-0.08961604535579681,-0.7740654945373535,-1.4460614919662476,-1.706843376159668,-1.9400345087051392,-2.4333853721618652,-2.8281846046447754,-2.9701955318450928,-3.154940366744995,-3.4039623737335205,-3.4923031330108643,-3.414100408554077,-3.263977289199829,-2.999157428741455,-2.9076738357543945,-2.992222309112549,-2.877206802368164,-2.8383264541625977,-2.8827123641967773,-2.763563394546509,-2.834538459777832,-3.1691653728485107,-3.3341729640960693,-3.289958953857422,-3.211907386779785,-3.0065219402313232
-0.9724590182304382,-0.5224609375,-0.0998830646276474,0.2858535945415497,0.5669304728507996,0.7057846784591675,0.6639852523803711,0.48782649636268616,0.4884685277938843,0.9354461431503296,1.3850480318069458,1.238813877105713,0.6528726816177368,0.19554433226585388,0.046954721212387085,-0.1574862003326416,-0.5063464045524597,-0.7796874046325684,-0.9915741086006165,-1.1702027320861816,-1.5298564434051514,-2.36841082572937,-3.38687801361084,-3.938025712966919,-3.9110217094421387,-3.703900098800659,-3.6961679458618164,-3.8276174068450928,-3.8401970863342285,-3.8411619663238525,-3.913520097732544,-4.034431457519531,-4.2396240234375,-4.021616458892822,-3.631727933883667,-3.751375198364258,-4.007125377655029,-3.8943514823913574,-3.719109296798706,-3.6609113216400146,-3.659745216369629,-3.5011751651763916,-3.062100887298584,-2.631537914276123
-1.1561124324798584,-0.656735897064209,-0.29462945461273193,-0.1252780705690384,0.04624791070818901,0.1485373079776764,0.09372365474700928,-0.04644272103905678,0.005869110114872456,0.39707380533218384,0.6801125407218933,0.4622465670108795,0.10790858417749405,-0.03196531906723976,-0.2378256916999817,-0.7795332670211792,-1.1943204402923584,-1.4237195253372192,-1.4955447912216187,-1.704936146736145,-2.2810306549072266,-2.95843768119812,-3.5786380767822266,-4.291990756988525,-4.721287727355957,-4.564001560211182,-4.2405781745910645,-4.11312198638916,-4.058753967285156,-4.084995269775391,-4.314172267913818,-4.549256324768066,-4.3608784675598145,-3.9388015270233154,-3.841811418533325,-4.220587730407715,-4.551705837249756,-4.351476192474365,-3.909442186355591,-3.673398017883301,-3.6111671924591064,-3.4714155197143555,-3.146690845489502,-2.8474221229553223
-1.2047059535980225,-0.9342414140701294,-0.6457434296607971,-0.557849109172821,-0.6209930181503296,-0.6561129093170166,-0.6204726099967957,-0.548764705657959,-0.3489902913570404,-0.11211775988340378,-0.13978660106658936,-0.350578248500824,-0.3103393018245697,-0.23232606053352356,-0.7093740701675415,-1.4059767723083496,-1.6935088634490967,-1.822437047958374,-2.0500941276550293,-2.516068458557129,-3.1031885147094727,-3.712895631790161,-4.218716621398926,-4.752936840057373,-5.154620170593262,-5.083559513092041,-4.759223461151123,-4.45871639251709,-4.253784656524658,-4.262353897094727,-4.543529510498047,-4.730979919433594,-4.529476165771484,-4.290656566619873,-4.366488933563232,-4.583333969116211,-4.661067485809326,-4.498396873474121,-4.204108238220215,-3.9662723541259766,-3.7727532386779785,-3.5138516426086426,-3.2047252655029297,-3.0014121532440186
-1.2374215126037598,-1.2412668466567993,-1.1248518228530884,-1.1592868566513062,-1.4296684265136719,-1.5620372295379639,-1.3628520965576172,-0.993175208568573,-0.6249232292175293,-0.48533132672309875,-0.6176504492759705,-0.7328265905380249,-0.5865153670310974,-0.6781399846076965,-1.3905469179153442,-1.9699254035949707,-2.0590591430664062,-2.1613247394561768,-2.5272035598754883,-3.108830690383911,-3.7962467670440674,-4.451098442077637,-4.8424811363220215,-5.125559329986572,-5.457663536071777,-5.519921779632568,-5.220976829528809,-4.796385288238525,-4.499226093292236,-4.4391021728515625,-4.659573554992676,-4.874058723449707,-4.856408596038818,-4.823673725128174,-4.940580368041992,-4.959641456604004,-4.808666229248047,-4.690440654754639,-4.607163429260254,-4.380707263946533,-4.020000457763672,-3.6897945404052734,-3.463592290878296,-3.3425097465515137
-1.4636077880859375,-1.7116657495498657,-1.9359248876571655,-2.1163744926452637,-2.2813720703125,-2.2240686416625977,-1.7868869304656982,-1.1528990268707275,-0.7266595959663391,-0.713335394859314,-0.8525870442390442,-0.9317492246627808,-0.9617844820022583,-1.3256690502166748,-1.965320348739624,-2.2659952640533447,-2.292231321334839,-2.5532784461975098,-3.040494441986084,-3.6299591064453125,-4.327430248260498,-5.050564765930176,-5.343667507171631,-5.3677849769592285,-5.678032875061035,-5.877257347106934,-5.5603227615356445,-4.992407321929932,-4.61880350112915,-4.581164836883545,-4.823713779449463,-5.139451503753662,-5.300426483154297,-5.341224670410156,-5.393778324127197,-5.259644031524658,-4.924144268035889,-4.74560022354126,-4.859544277191162,-4.768482208251953,-4.367430686950684,-4.039470195770264,-3.9347472190856934,-3.850475311279297
-2.031766414642334,-2.393838405609131,-2.8638839721679688,-3.1221282482147217,-3.0515506267547607,-2.67931866645813,-2.027991533279419,-1.315962553024292,-0.9731218218803406,-1.0217832326889038,-1.1501463651657104,-1.291495680809021,-1.5395153760910034,-1.9677001237869263,-2.3138904571533203,-2.4261934757232666,-2.6722559928894043,-3.0881311893463135,-3.652383804321289,-4.325948238372803,-4.971912860870361,-5.7431745529174805,-5.706591606140137,-5.150668621063232,-5.552874565124512,-5.916558742523193,-5.750586032867432,-5.2722954750061035,-4.945108413696289,-5.010064601898193,-5.328498363494873,-5.589138507843018,-5.623378276824951,-5.544162273406982,-5.508391857147217,-5.285214424133301,-4.875133037567139,-4.654755592346191,-4.863555908203125,-4.96612024307251,-4.631423473358154,-4.305222511291504,-4.267844200134277,-4.26869010925293
-2.5369670391082764,-2.9221155643463135,-3.3997440338134766,-3.635984182357788,-3.510981559753418,-3.053764581680298,-2.3770182132720947,-1.7712868452072144,-1.48820161819458,-1.4689382314682007,-1.5961230993270874,-1.7484321594238281,-2.0381267070770264,-2.3939452171325684,-2.6762287616729736,-2.9293735027313232,-3.616936206817627,-3.84023380279541,-4.013806343078613,-5.01862907409668,-5.698575019836426,-6.775054931640625,-6.3783040046691895,-4.208425998687744,-5.2830095291137695,-5.821418762207031,-6.001713275909424,-5.616055011749268,-5.435949325561523,-5.531988143920898,-5.8827643394470215,-6.109627723693848,-5.854475498199463,-5.486886978149414,-5.363317012786865,-5.248966217041016,-4.921996116638184,-4.685184001922607,-4.806911945343018,-4.916440963745117,-4.719069957733154,-4.520245552062988,-4.478973865509033,-4.428514003753662
-2.7557761669158936,-3.101729393005371,-3.294264793395996,-3.401987075805664,-3.4568867683410645,-3.330265522003174,-2.980731248855591,-2.511075019836426,-2.024829864501953,-1.711034893989563,-1.7797856330871582,-2.004802703857422,-2.402189016342163,-2.8765978813171387,-3.314422607421875,-3.40972638130188,-5.561366081237793,-5.174838542938232,-3.624035120010376,-5.521176815032959,-6.068058013916016,-6.431159019470215,-6.32395076751709,-5.471297264099121,-5.7023420333862305,-6.040373802185059,-6.730922698974609,-5.741584777832031,-5.812108516693115,-5.98291015625,-6.293929100036621,-6.426769256591797,-6.040745258331299,-5.603530406951904,-5.525853633880615,-5.53231954574585,-5.279092311859131,-4.955958843231201,-4.868679523468018,-4.821906089782715,-4.809756755828857,-4.897904396057129,-4.863484859466553,-4.610019207000732
-2.8409032821655273,-2.998464822769165,-2.86623215675354,-2.917053699493408,-3.166303873062134,-3.424859046936035,-3.489227056503296,-3.1128551959991455,-2.2440497875213623,-1.6231831312179565,-1.5619028806686401,-2.1510350704193115,-2.826228380203247,-3.8483850955963135,-4.490205764770508,-2.3377745151519775,-5.107872009277344,-6.301667213439941,-5.8066086769104,-6.227389335632324,-6.376587867736816,-6.399571418762207,-6.272662162780762,-6.2404375076293945,-6.290557384490967,-6.615409851074219,-6.8280253410339355,-6.783219814300537,-6.292323112487793,-6.316232204437256,-6.447889804840088,-6.4758429527282715,-6.346523284912109,-6.063655853271484,-6.056756973266602,-6.083093643188477,-5.827708721160889,-5.372003555297852,-4.985158443450928,-4.7744526863098145,-4.834780693054199,-5.082106590270996,-5.080708026885986,-4.768509387969971
-2.7355244159698486,-2.5446417331695557,-2.3754165172576904,-2.4779529571533203,-2.920273542404175,-3.3178954124450684,-3.619746446609497,-3.5664222240448,-2.3558106422424316,-1.3024849891662598,-1.1872328519821167,-2.4984023571014404,-3.4302780628204346,-4.0413618087768555,-3.0288503170013428,-4.4004998207092285,-5.941495895385742,-6.557000637054443,-7.198663234710693,-7.252646446228027,-6.877089977264404,-6.847360610961914,-6.586816787719727,-6.656569480895996,-6.884486675262451,-7.00363302230835,-7.088938236236572,-7.00724983215332,-7.184415340423584,-6.446259498596191,-6.795626163482666,-6.901227951049805,-6.902182579040527,-6.642184734344482,-6.516569137573242,-6.493006229400635,-6.315850257873535,-5.756307601928711,-5.034829139709473,-4.65620231628418,-4.796699047088623,-5.077950954437256,-5.112388610839844,-4.838484287261963
-2.7041730880737305,-2.3930141925811768,-2.3092403411865234,-2.096306800842285,-2.55959415435791,-2.9721920490264893,-3.536298990249634,-4.078006744384766,0.8351417183876038,-2.8681843280792236,-1.1379035711288452,-2.657456398010254,-3.541698455810547,-3.7805962562561035,-4.165665149688721,-5.7986860275268555,-6.452758312225342,-7.459225177764893,-8.25480842590332,-8.265914916992188,-7.59625768661499,-7.448460578918457,-7.377366542816162,-6.747398376464844,-6.934769630432129,-6.993752956390381,-7.094177722930908,-7.128781795501709,-7.1430816650390625,-7.155911445617676,-7.431571960449219,-7.840887069702148,-7.475231647491455,-7.192843914031982,-6.774587154388428,-6.7083868980407715,-6.642826080322266,-6.127089023590088,-5.295514106750488,-4.715693473815918,-4.637006759643555,-4.775058269500732,-4.816298007965088,-4.61674165725708
-3.4035067558288574,-3.302107095718384,-3.0801312923431396,-2.689823865890503,-2.813014268875122,-3.173982620239258,-3.2780568599700928,-3.1528680324554443,-2.100020408630371,-1.8767778873443604,-1.9248831272125244,-3.2478091716766357,-4.198144435882568,-4.772834300994873,-5.437212944030762,-6.463980674743652,-7.318453311920166,-8.372210502624512,-8.742372512817383,-8.180526733398438,-7.360903263092041,-8.508736610412598,-8.689263343811035,-7.248510360717773,-7.17147159576416,-7.151355266571045,-7.099542140960693,-7.182719707489014,-7.185021877288818,-7.418234825134277,-7.982142925262451,-8.491508483886719,-8.38796329498291,-7.63206148147583,-7.228556156158447,-7.058481216430664,-6.943076133728027,-6.449127674102783,-5.833580017089844,-5.247501373291016,-4.827489376068115,-4.521822929382324,-4.362479209899902,-4.285562038421631
-5.105619430541992,-4.381282806396484,0.587051510810852,-0.8855105638504028,-2.50768780708313,-4.04265832901001,-4.114021301269531,-4.167365074157715,-3.643186092376709,-1.3142457008361816,-2.074556589126587,-3.796457052230835,-5.130095958709717,-5.911421298980713,-6.616328239440918,-7.619124412536621,-8.411186218261719,-8.863572120666504,-9.000578880310059,-8.479975700378418,-7.526249885559082,-8.725531578063965,-9.331804275512695,-8.590283393859863,-7.941758155822754,-7.975525856018066,-6.993233680725098,-7.417044639587402,-7.601815700531006,-7.870251178741455,-8.32482624053955,-8.672721862792969,-8.606815338134766,-8.236892700195312,-7.846070289611816,-7.503533840179443,-7.2997636795043945,-6.8388671875,-6.348689556121826,-5.924503326416016,-5.4177961349487305,-4.831666946411133,-4.470264434814453,-4.385737895965576
-7.020370006561279,-5.988638401031494,-3.311518430709839,-2.837226152420044,-4.759600639343262,-4.759162425994873,-4.8236775398254395,-5.132983684539795,-5.271422386169434,-0.8723853230476379,-2.5080409049987793,-4.612316131591797,-6.006267547607422,-6.814699172973633,-7.510733127593994,-8.510486602783203,-9.400932312011719,-9.526362419128418,-9.161916732788086,-8.648025512695312,-8.640518188476562,-9.881449699401855,-10.180530548095703,-8.69809341430664,-9.12318229675293,-8.644683837890625,-7.009363651275635,-7.690367698669434,-8.284476280212402,-8.456243515014648,-8.580986976623535,-8.711091041564941,-8.712504386901855,-8.457659721374512,-8.139927864074707,-7.3726959228515625,-7.33127498626709,-7.061197757720947,-6.562310695648193,-6.313771724700928,-5.898380756378174,-5.423252582550049,-5.070451259613037,-4.872371673583984
-6.960522174835205,-4.4970574378967285,-4.380197048187256,-4.305707931518555,-5.5643181800842285,-5.955604076385498,-6.540580749511719,-6.382801532745361,-5.5857954025268555,-4.113860607147217,-4.549001693725586,-5.821773529052734,-6.840663433074951,-7.680060863494873,-8.393182754516602,-9.102766990661621,-9.782383918762207,-9.45728588104248,-9.456069946289062,-9.596521377563477,-9.841053009033203,-9.79775333404541,-9.772950172424316,-9.759187698364258,-9.795127868652344,-8.956254959106445,-8.574461936950684,-8.636205673217773,-8.780447006225586,-8.846450805664062,-8.83159065246582,-8.853608131408691,-8.76335620880127,-8.383410453796387,-7.899009704589844,-7.099801540374756,-6.940913200378418,-7.090442657470703,-6.579954624176025,-6.396003723144531,-6.2258195877075195,-6.008665084838867,-5.749120235443115,-5.447020053863525
