data/wind_data/wind_44_5.json
{"header": {"parameterUnit": "KT", "parameterCategory": 2, "nx": 256, "ny": 198, "lo1": 44.73521041870117, "la1": -3.236724853515625, "lo2": 111.26478576660156, "la2": 43.468475341796875, "dx": 0.2609002888202667, "dy": -0.23708222806453705, "refTime": "2025-02-20 20:00:00", "forecastTime": 0, "parameterNumber": 2, "parameterNumberName": "eastward_wind"}, "data":
[rows 95 to 113 of 198, columns 132 to 175 of 256]
25.395280838012695,25.46906852722168,25.526416778564453,24.86271095275879,22.62784194946289,20.020017623901367,19.540847778320312,19.446027755737305,18.754301071166992,18.681198120117188,18.979949951171875,19.213088989257812,18.754270553588867,17.408998489379883,16.632328033447266,16.806612014770508,16.822017669677734,15.494965553283691,13.909761428833008,12.944576263427734,12.41305923461914,12.080886840820312,11.553569793701172,10.905082702636719,10.787188529968262,11.487751007080078,12.319920539855957,12.53115177154541,12.383742332458496,13.56968879699707,15.730576515197754,14.694219589233398,10.738117218017578,7.99033784866333,6.965963363647461,8.45329475402832,11.510478019714355,14.23808479309082,15.98702621459961,17.356721878051758,17.949840545654297,16.899429321289062,15.540462493896484,15.359641075134277
25.268762588500977,25.941425323486328,26.293840408325195,25.86198616027832,24.064382553100586,21.886688232421875,21.178876876831055,20.295026779174805,18.30925750732422,17.484596252441406,18.01152801513672,18.489078521728516,17.773008346557617,15.995759963989258,15.474650382995605,16.681821823120117,18.142009735107422,18.017318725585938,16.226638793945312,14.213409423828125,12.673820495605469,12.582667350769043,13.472318649291992,13.953063011169434,13.982375144958496,13.598804473876953,13.07733154296875,13.135660171508789,12.879634857177734,13.97950267791748,15.89332103729248,14.991601943969727,13.71155071258545,12.711977005004883,12.553411483764648,14.572196960449219,16.72447395324707,16.39496612548828,14.662638664245605,13.835793495178223,12.96189022064209,11.001437187194824,9.840984344482422,10.432077407836914
25.42060661315918,26.39663314819336,26.474365234375,25.78753089904785,24.534893035888672,23.09052848815918,22.405017852783203,21.611936569213867,19.968040466308594,18.349428176879883,17.61331558227539,17.72063446044922,17.4595947265625,15.922110557556152,15.093644142150879,16.398466110229492,18.75420570373535,19.85658073425293,18.7474308013916,16.447193145751953,13.931577682495117,13.89378547668457,15.16951847076416,15.957024574279785,15.776741981506348,14.873880386352539,14.513630867004395,14.766789436340332,14.324945449829102,14.974573135375977,15.761828422546387,16.76548194885254,18.222957611083984,18.491567611694336,18.156524658203125,18.636066436767578,18.3505859375,16.317729949951172,13.339527130126953,10.783804893493652,8.152853012084961,4.6714982986450195,3.2944061756134033,5.4886579513549805
25.099332809448242,26.139856338500977,26.036916732788086,25.047103881835938,23.900484085083008,22.932113647460938,22.965375900268555,23.180694580078125,22.25124740600586,20.8237247467041,19.569610595703125,19.166635513305664,18.886478424072266,17.667146682739258,16.284923553466797,17.202455520629883,19.486467361450195,21.336957931518555,21.448715209960938,19.359086990356445,15.15210247039795,15.09936809539795,15.924036979675293,15.926031112670898,15.636552810668945,15.423998832702637,15.903778076171875,15.753715515136719,15.384750366210938,15.826569557189941,15.825329780578613,17.38423728942871,19.36231231689453,19.925064086914062,19.227365493774414,18.9315242767334,18.094161987304688,17.11663246154785,14.507333755493164,10.310751914978027,7.730892181396484,6.638227462768555,6.567907333374023,8.511401176452637
24.424409866333008,24.624053955078125,24.587108612060547,23.959192276000977,22.954692840576172,21.86822509765625,22.383129119873047,24.289335250854492,23.946496963500977,22.32254409790039,21.246110916137695,21.163436889648438,21.223018646240234,20.174299240112305,18.50214958190918,18.978723526000977,20.50564956665039,22.348674774169922,22.995962142944336,20.7244815826416,17.269397735595703,17.07459831237793,17.19540786743164,16.410215377807617,16.04688262939453,16.425235748291016,16.823760986328125,16.158599853515625,16.14276695251465,16.270814895629883,16.424945831298828,17.371837615966797,19.074941635131836,19.563274383544922,19.00995635986328,19.08019256591797,19.118099212646484,19.516082763671875,18.852828979492188,15.173951148986816,13.322515487670898,14.05455493927002,14.042167663574219,13.20936393737793
23.8760929107666,23.89649200439453,24.391319274902344,24.399303436279297,23.40488624572754,22.11192512512207,21.829750061035156,23.898963928222656,25.615848541259766,24.230337142944336,22.596214294433594,22.264259338378906,22.992738723754883,22.781984329223633,21.291162490844727,21.054651260375977,21.805570602416992,22.317554473876953,21.557594299316406,20.133745193481445,18.267335891723633,17.837390899658203,18.01487159729004,17.279884338378906,16.91948127746582,17.284746170043945,17.746671676635742,17.12973976135254,16.989667892456055,16.888105392456055,17.17521095275879,17.613107681274414,19.234081268310547,21.155567169189453,21.960922241210938,21.860897064208984,21.448984146118164,21.386804580688477,21.440048217773438,20.670072555541992,19.44963264465332,19.235530853271484,19.578474044799805,19.241647720336914
22.867279052734375,23.897119522094727,25.369247436523438,25.8704833984375,24.987842559814453,23.66944122314453,22.88210105895996,23.534921646118164,26.66495132446289,26.788103103637695,24.71900749206543,23.798004150390625,23.896236419677734,23.956403732299805,23.74815559387207,23.482776641845703,23.005592346191406,22.163555145263672,21.524940490722656,20.534948348999023,19.235485076904297,18.617984771728516,18.19535255432129,17.823230743408203,17.488208770751953,18.013809204101562,18.39134407043457,18.3491268157959,18.19963836669922,17.972692489624023,18.537609100341797,18.673931121826172,19.673385620117188,21.327171325683594,22.731698989868164,23.262102127075195,23.478824615478516,23.324024200439453,22.688697814941406,22.457069396972656,23.32501220703125,24.171600341796875,25.17626190185547,26.296079635620117
23.098617553710938,24.05290412902832,25.594533920288086,26.269786834716797,25.821809768676758,25.269193649291992,25.10542869567871,25.384950637817383,27.317296981811523,28.4089298248291,26.440275192260742,24.644094467163086,23.705171585083008,23.542388916015625,23.938053131103516,24.4433536529541,24.630403518676758,24.513896942138672,23.784908294677734,22.629911422729492,21.1280517578125,19.812227249145508,19.569292068481445,20.030601501464844,19.642370223999023,19.144920349121094,19.007902145385742,19.337615966796875,19.877016067504883,20.254568099975586,20.47511863708496,20.792333602905273,21.497800827026367,22.613365173339844,23.676389694213867,24.413633346557617,25.08216667175293,25.460451126098633,24.864959716796875,24.27613639831543,25.128267288208008,26.287017822265625,26.506288528442383,26.5461368560791
25.048662185668945,24.761966705322266,25.467056274414062,26.01068878173828,26.24372100830078,26.46190071105957,27.00242042541504,27.612899780273438,28.143301010131836,28.992626190185547,28.084461212158203,25.54254913330078,23.796314239501953,23.137313842773438,23.146970748901367,23.835590362548828,24.795869827270508,25.488311767578125,25.438568115234375,25.233680725097656,24.814697265625,23.8737850189209,22.9029483795166,22.305437088012695,21.159061431884766,20.244857788085938,20.066646575927734,20.676939010620117,21.57268524169922,22.544233322143555,23.213375091552734,23.133255004882812,22.98657989501953,23.66389274597168,24.8729190826416,25.781818389892578,26.360332489013672,26.782541275024414,26.892724990844727,26.710908889770508,27.123210906982422,27.629533767700195,27.551939010620117,26.734899520874023
27.459327697753906,27.393341064453125,27.328067779541016,26.935178756713867,26.833904266357422,27.141096115112305,27.625621795654297,28.037403106689453,28.280454635620117,28.594736099243164,28.54966163635254,27.3212833404541,25.678157806396484,24.087657928466797,22.954301834106445,22.979846954345703,24.114795684814453,25.23761558532715,25.829370498657227,26.334651947021484,26.393516540527344,25.989612579345703,25.0432186126709,24.157182693481445,23.035099029541016,21.810895919799805,21.181385040283203,21.68868064880371,23.05101203918457,24.207279205322266,24.446632385253906,24.150718688964844,24.129436492919922,24.862943649291992,26.03609275817871,27.04556655883789,27.638622283935547,27.800745010375977,28.058046340942383,28.661293029785156,29.10918426513672,28.96103286743164,29.071434020996094,29.15412712097168
28.547853469848633,29.12846565246582,29.796863555908203,29.741512298583984,29.12725830078125,28.589876174926758,28.391498565673828,28.698198318481445,29.17045021057129,29.426273345947266,29.019474029541016,27.728036880493164,26.184186935424805,24.9982852935791,24.225231170654297,24.011852264404297,24.398767471313477,24.978864669799805,25.419631958007812,25.81583023071289,26.285762786865234,26.259035110473633,25.590118408203125,24.799375534057617,24.01892852783203,23.17369842529297,22.417455673217773,22.482664108276367,23.514039993286133,24.8265438079834,25.636457443237305,25.634727478027344,25.41316795349121,25.77800178527832,26.88050079345703,28.130802154541016,28.869855880737305,29.041515350341797,29.364641189575195,30.204116821289062,30.742626190185547,30.451740264892578,30.417997360229492,31.03346061706543
28.984373092651367,29.762805938720703,31.04887580871582,32.019752502441406,31.911590576171875,31.0748348236084,30.133007049560547,29.784135818481445,29.869569778442383,29.834983825683594,29.20254135131836,27.950088500976562,26.62720489501953,25.40853500366211,24.559144973754883,24.121715545654297,23.8964900970459,24.042661666870117,24.512372970581055,24.845394134521484,25.183908462524414,25.47159194946289,25.365705490112305,25.036645889282227,24.579133987426758,24.028776168823242,23.44765853881836,23.382478713989258,24.34014129638672,25.895797729492188,27.018522262573242,27.22494125366211,26.9666748046875,26.991317749023438,27.75303077697754,28.899831771850586,29.756309509277344,30.300872802734375,30.792579650878906,31.209138870239258,31.313125610351562,31.22829246520996,31.417659759521484,32.29570007324219
30.085603713989258,30.663124084472656,31.652379989624023,32.91732406616211,33.47865295410156,33.30526351928711,32.52077865600586,31.34267807006836,30.171545028686523,29.19152069091797,28.18832015991211,27.246414184570312,26.489727020263672,25.490474700927734,24.394060134887695,23.698150634765625,23.396167755126953,23.607440948486328,24.14996337890625,24.57371711730957,24.597681045532227,24.709299087524414,25.017610549926758,25.423786163330078,25.74471664428711,25.847415924072266,25.861705780029297,26.001615524291992,26.51775550842285,27.519655227661133,28.598142623901367,29.12651824951172,28.926868438720703,28.501407623291016,28.521080017089844,29.093753814697266,29.923770904541016,30.741119384765625,31.311878204345703,31.452436447143555,31.375404357910156,31.510282516479492,32.2224006652832,33.0960578918457
30.80405044555664,31.41437530517578,32.541378021240234,33.592063903808594,33.94770050048828,34.00095748901367,33.658348083496094,32.42057800292969,30.548185348510742,28.779796600341797,27.448253631591797,26.757116317749023,26.446489334106445,25.87624168395996,24.883989334106445,23.93377685546875,23.473222732543945,23.70278549194336,24.3248233795166,25.21098518371582,25.56380271911621,25.32327651977539,25.191171646118164,25.538118362426758,26.25395393371582,27.05246925354004,27.752580642700195,28.244258880615234,28.605243682861328,29.091510772705078,29.877761840820312,30.539222717285156,30.322214126586914,29.44923210144043,28.718233108520508,28.401355743408203,28.872831344604492,29.896183013916016,30.848337173461914,31.064350128173828,30.847606658935547,31.184345245361328,32.2606315612793,33.15507507324219
30.7619686126709,31.261117935180664,32.571834564208984,33.621917724609375,33.98763656616211,34.32680892944336,34.24006271362305,33.138031005859375,31.058143615722656,28.701589584350586,27.025606155395508,26.576454162597656,26.802833557128906,26.614463806152344,25.508014678955078,24.131004333496094,23.595314025878906,24.02543830871582,24.556554794311523,25.234737396240234,25.83003807067871,25.94809341430664,25.82855796813965,25.933734893798828,26.440837860107422,27.297882080078125,28.117963790893555,28.63372039794922,28.82649040222168,28.78631591796875,28.971784591674805,29.528854370117188,29.75681495666504,29.258821487426758,28.40822410583496,27.57271957397461,27.33167266845703,28.345064163208008,29.735591888427734,30.378738403320312,30.61166000366211,30.7308292388916,31.49640464782715,32.53485870361328
30.853199005126953,31.055299758911133,32.3005256652832,33.3618278503418,34.085880279541016,34.54795837402344,34.13336181640625,32.892154693603516,30.80850601196289,28.444255828857422,27.03057289123535,27.078454971313477,27.633760452270508,27.51116371154785,26.123197555541992,24.1351318359375,23.29385757446289,23.739648818969727,24.38522720336914,24.924427032470703,25.442716598510742,25.858694076538086,26.254901885986328,26.662799835205078,26.993927001953125,27.29785919189453,27.51642608642578,27.613779067993164,27.56279754638672,27.318666458129883,27.24759292602539,27.65254020690918,28.311599731445312,28.506872177124023,28.065624237060547,27.381662368774414,27.086198806762695,27.49210548400879,28.3604736328125,29.41659164428711,30.061132431030273,29.81691551208496,30.03780746459961,30.875301361083984
31.468467712402344,31.432056427001953,32.64521789550781,33.758872985839844,34.22441101074219,33.97544860839844,32.99089431762695,31.67303466796875,30.23175621032715,28.992116928100586,28.247251510620117,28.124591827392578,28.166011810302734,27.674449920654297,26.31292152404785,24.443313598632812,23.386640548706055,23.52709197998047,24.31083106994629,25.122838973999023,25.625778198242188,25.969303131103516,26.381553649902344,26.793567657470703,26.938400268554688,26.776554107666016,26.55335235595703,26.472455978393555,26.459651947021484,26.454753875732422,26.662792205810547,27.183494567871094,27.887434005737305,28.36060333251953,28.306692123413086,27.916847229003906,27.5269775390625,27.362884521484375,27.55954360961914,28.3747615814209,29.333192825317383,29.80457305908203,30.590518951416016,31.578479766845703
31.764230728149414,31.672670364379883,32.577938079833984,33.53005599975586,33.656864166259766,32.85594940185547,31.647478103637695,30.723094940185547,30.340862274169922,30.15880012512207,29.758880615234375,29.20086669921875,28.422441482543945,27.222593307495117,25.9072265625,24.891773223876953,24.545772552490234,24.644268035888672,24.862043380737305,25.151859283447266,25.53961944580078,26.104135513305664,26.5262508392334,26.457406997680664,26.043235778808594,25.68478012084961,25.697267532348633,26.089462280273438,26.512609481811523,26.80455780029297,27.103057861328125,27.50650978088379,27.912109375,28.338886260986328,28.61278533935547,28.637666702270508,28.480716705322266,28.50067901611328,28.906038284301758,29.78561782836914,30.80922508239746,31.830421447753906,33.17005157470703,34.4304084777832
31.704692840576172,31.610506057739258,32.12346267700195,32.800987243652344,32.953067779541016,32.28745651245117,31.444028854370117,31.17719078063965,31.383358001708984,31.373136520385742,30.771059036254883,29.636953353881836,28.1342716217041,26.655532836914062,25.926219940185547,26.00206184387207,26.507699966430664,26.628490447998047,25.839540481567383,24.859220504760742,24.735275268554688,25.503692626953125,26.232088088989258,26.18732261657715,25.584590911865234,25.185884475708008,25.4543399810791,26.169231414794922,26.879112243652344,27.329574584960938,27.567245483398438,27.721208572387695,27.91807746887207,28.34525489807129,28.927288055419922,29.410070419311523,29.63336181640625,29.848432540893555,30.33640480041504,31.229915618896484,32.60208511352539,33.95760726928711,35.38407897949219,36.089759826660156
