data/wind_data/wind_15_5.json
{"header": {"parameterUnit": "KT", "parameterCategory": 2, "nx": 256, "ny": 198, "lo1": 44.73521041870117, "la1": -3.236724853515625, "lo2": 111.26478576660156, "la2": 43.468475341796875, "dx": 0.2609002888202667, "dy": -0.23708222806453705, "refTime": "2025-02-19 15:00:00", "forecastTime": 0, "parameterNumber": 2, "parameterNumberName": "eastward_wind"}, "data":
[rows 57 to 75 of 198, columns 44 to 87 of 256]
-8.21318531036377,-8.50023365020752,-8.643301963806152,-8.638084411621094,-8.487491607666016,-8.22617244720459,-7.980157375335693,-7.8652215003967285,-7.869032859802246,-7.897851943969727,-7.855981349945068,-7.7560715675354,-7.69271993637085,-7.703039169311523,-7.745908260345459,-7.745080947875977,-7.701758861541748,-7.631714344024658,-7.475376605987549,-7.2284932136535645,-6.937458038330078,-6.794343948364258,-6.862663745880127,-7.143434524536133,-7.599630355834961,-8.045655250549316,-8.399307250976562,-8.754528999328613,-9.192283630371094,-9.561676025390625,-9.600977897644043,-9.373075485229492,-9.099541664123535,-8.941089630126953,-9.099635124206543,-9.561022758483887,-10.121262550354004,-10.699575424194336,-11.302191734313965,-11.85184383392334,-12.197198867797852,-12.380245208740234,-12.6541109085083,-13.044281005859375
-7.7612738609313965,-7.904130935668945,-7.84810209274292,-7.650636672973633,-7.4347310066223145,-7.218831539154053,-7.010596752166748,-6.8991379737854,-6.970738887786865,-7.149111270904541,-7.277312278747559,-7.280433654785156,-7.230775833129883,-7.19216775894165,-7.208096027374268,-7.223986625671387,-7.24806022644043,-7.331582069396973,-7.391005992889404,-7.3302836418151855,-7.154165267944336,-6.839041709899902,-6.4959917068481445,-6.38150691986084,-6.611553192138672,-7.063288688659668,-7.5857672691345215,-8.103057861328125,-8.572242736816406,-8.906404495239258,-8.992363929748535,-8.808765411376953,-8.502137184143066,-8.269481658935547,-8.247808456420898,-8.452856063842773,-8.80903148651123,-9.236055374145508,-9.648492813110352,-10.03896427154541,-10.394686698913574,-10.753838539123535,-11.223569869995117,-11.719829559326172
-7.427887439727783,-7.415027141571045,-7.207415580749512,-6.894288063049316,-6.629786491394043,-6.437175273895264,-6.267714977264404,-6.153158187866211,-6.169400215148926,-6.311758041381836,-6.483537197113037,-6.585493087768555,-6.5716705322265625,-6.501477241516113,-6.4880805015563965,-6.545300006866455,-6.629955291748047,-6.7241597175598145,-6.812035083770752,-6.8929524421691895,-6.9824442863464355,-6.976789951324463,-6.72277307510376,-6.364259719848633,-6.23901891708374,-6.459689617156982,-6.901979923248291,-7.4315104484558105,-7.919144630432129,-8.190696716308594,-8.24245548248291,-8.092652320861816,-7.872962951660156,-7.738508224487305,-7.733949184417725,-7.84437370300293,-8.049955368041992,-8.286881446838379,-8.405627250671387,-8.400555610656738,-8.469454765319824,-8.751460075378418,-9.277332305908203,-9.94434928894043
-7.1260199546813965,-6.992713451385498,-6.731255054473877,-6.424012660980225,-6.166374206542969,-5.9699554443359375,-5.797583103179932,-5.642996788024902,-5.542895317077637,-5.552490711212158,-5.670114040374756,-5.8109965324401855,-5.8587565422058105,-5.789207458496094,-5.698016166687012,-5.700876235961914,-5.830072402954102,-6.028191089630127,-6.210533618927002,-6.3338165283203125,-6.421003341674805,-6.547629356384277,-6.641388416290283,-6.587204456329346,-6.461018085479736,-6.474277496337891,-6.651923656463623,-6.916883945465088,-7.202732563018799,-7.356196880340576,-7.350040435791016,-7.2712907791137695,-7.156473636627197,-7.055482387542725,-7.077864170074463,-7.251220226287842,-7.486780643463135,-7.6512041091918945,-7.631922245025635,-7.402267932891846,-7.118295669555664,-7.077541351318359,-7.354371070861816,-7.884092330932617
-6.74973201751709,-6.562424182891846,-6.272579669952393,-5.97671365737915,-5.763700008392334,-5.624245643615723,-5.467086315155029,-5.258529186248779,-5.04829740524292,-4.924378395080566,-4.950888156890869,-5.062937259674072,-5.141383171081543,-5.100473880767822,-4.9654951095581055,-4.864602565765381,-4.944780349731445,-5.219449996948242,-5.560993671417236,-5.829949378967285,-5.971290111541748,-6.053303241729736,-6.2305402755737305,-6.477832794189453,-6.645395278930664,-6.716860771179199,-6.68281364440918,-6.549365043640137,-6.420110702514648,-6.370179176330566,-6.31468391418457,-6.294287204742432,-6.305881977081299,-6.256256580352783,-6.234659671783447,-6.322039604187012,-6.535181522369385,-6.700275897979736,-6.684039115905762,-6.496853828430176,-6.22280216217041,-6.002185821533203,-5.971548557281494,-6.182073593139648
-6.087351322174072,-5.9018874168396,-5.636115074157715,-5.334301471710205,-5.103902816772461,-4.980844020843506,-4.913742542266846,-4.806741714477539,-4.645632743835449,-4.497861385345459,-4.433832168579102,-4.455859661102295,-4.482669830322266,-4.452854633331299,-4.3677263259887695,-4.27844762802124,-4.267932415008545,-4.435410022735596,-4.784130096435547,-5.195889472961426,-5.535102367401123,-5.723719596862793,-5.887716770172119,-6.164369583129883,-6.460783004760742,-6.607913017272949,-6.484103679656982,-6.123502254486084,-5.675939083099365,-5.346406936645508,-5.245688438415527,-5.274323463439941,-5.357160568237305,-5.394233226776123,-5.3990044593811035,-5.374802112579346,-5.382362365722656,-5.420618057250977,-5.397463798522949,-5.292685031890869,-5.145275115966797,-5.020478248596191,-4.948833465576172,-4.96947717666626
-5.101263046264648,-4.854211330413818,-4.616026401519775,-4.3857951164245605,-4.185986518859863,-4.048089027404785,-4.004326820373535,-4.002971649169922,-3.9793055057525635,-3.9340567588806152,-3.923194408416748,-3.964479923248291,-3.9883103370666504,-3.9588489532470703,-3.9080259799957275,-3.900714635848999,-3.9368855953216553,-4.032763481140137,-4.2246527671813965,-4.519848346710205,-4.858116149902344,-5.140413761138916,-5.352514266967773,-5.5568108558654785,-5.7604594230651855,-5.876131534576416,-5.737143516540527,-5.356078147888184,-4.892669677734375,-4.504667282104492,-4.307254314422607,-4.316422939300537,-4.422140598297119,-4.527744293212891,-4.608273506164551,-4.575628757476807,-4.474830150604248,-4.369043350219727,-4.266308784484863,-4.153371810913086,-4.05034065246582,-3.9690942764282227,-3.914430618286133,-3.9059765338897705
-3.966142177581787,-3.621717691421509,-3.3549771308898926,-3.2120630741119385,-3.1444103717803955,-3.086592435836792,-3.059537649154663,-3.072887420654297,-3.0669469833374023,-3.053274154663086,-3.102519989013672,-3.240577220916748,-3.3738491535186768,-3.454934597015381,-3.5128819942474365,-3.5881636142730713,-3.6761839389801025,-3.7732996940612793,-3.8749964237213135,-3.990713357925415,-4.1338419914245605,-4.288242816925049,-4.439216613769531,-4.541562557220459,-4.6128387451171875,-4.6327128410339355,-4.526882648468018,-4.254185199737549,-3.8970654010772705,-3.5987837314605713,-3.420205593109131,-3.341515302658081,-3.36549973487854,-3.4953699111938477,-3.6108572483062744,-3.6411705017089844,-3.602259874343872,-3.5512146949768066,-3.4849653244018555,-3.405043363571167,-3.3083133697509766,-3.202841281890869,-3.0853381156921387,-2.992485761642456
-2.8479604721069336,-2.5020952224731445,-2.248178720474243,-2.132965326309204,-2.1617021560668945,-2.2359001636505127,-2.30143404006958,-2.3353679180145264,-2.3216731548309326,-2.298079490661621,-2.3324294090270996,-2.4582111835479736,-2.6182687282562256,-2.768477201461792,-2.922067880630493,-3.085752248764038,-3.224440336227417,-3.2938263416290283,-3.3010096549987793,-3.297192335128784,-3.306680917739868,-3.3423428535461426,-3.3826355934143066,-3.384624481201172,-3.341299533843994,-3.259841203689575,-3.147080898284912,-2.976545572280884,-2.7627971172332764,-2.567286968231201,-2.4160594940185547,-2.277221202850342,-2.2071266174316406,-2.2347609996795654,-2.3589377403259277,-2.48716402053833,-2.5692741870880127,-2.6473329067230225,-2.7291767597198486,-2.796079158782959,-2.815535306930542,-2.7412571907043457,-2.5816755294799805,-2.428219795227051
-2.0516128540039062,-1.8019124269485474,-1.6531360149383545,-1.5588711500167847,-1.5552756786346436,-1.6602931022644043,-1.7791670560836792,-1.8239176273345947,-1.8180170059204102,-1.8256888389587402,-1.8793847560882568,-1.972508192062378,-2.0857996940612793,-2.201939821243286,-2.3222336769104004,-2.4436845779418945,-2.5288338661193848,-2.523055076599121,-2.4270148277282715,-2.311976909637451,-2.2594854831695557,-2.278042793273926,-2.2990517616271973,-2.2532694339752197,-2.124884843826294,-1.9735803604125977,-1.8350622653961182,-1.7096877098083496,-1.6072509288787842,-1.5399467945098877,-1.4839303493499756,-1.3804923295974731,-1.2446249723434448,-1.1517455577850342,-1.1709654331207275,-1.2833868265151978,-1.4645460844039917,-1.7075426578521729,-1.9412546157836914,-2.0991764068603516,-2.181105136871338,-2.176994800567627,-2.0977745056152344,-1.969136118888855
-1.5549272298812866,-1.4802794456481934,-1.454148530960083,-1.4064984321594238,-1.3855369091033936,-1.4483582973480225,-1.5501997470855713,-1.6027566194534302,-1.60105299949646,-1.6077494621276855,-1.6503574848175049,-1.7109853029251099,-1.7689841985702515,-1.8376996517181396,-1.909113883972168,-1.9589112997055054,-1.9363973140716553,-1.8178203105926514,-1.621718168258667,-1.4034754037857056,-1.2460147142410278,-1.2083052396774292,-1.2301944494247437,-1.1932870149612427,-1.0596776008605957,-0.8881139755249023,-0.7301483154296875,-0.6134297847747803,-0.5532110333442688,-0.5624107718467712,-0.6269389390945435,-0.6715536713600159,-0.6296780109405518,-0.5427244305610657,-0.47897982597351074,-0.47521263360977173,-0.5716376304626465,-0.8199490308761597,-1.1332281827926636,-1.3361790180206299,-1.3840649127960205,-1.3355242013931274,-1.2791801691055298,-1.2156089544296265
-0.6250933408737183,-0.8292520046234131,-0.9840292930603027,-1.036830186843872,-1.0576364994049072,-1.1215218305587769,-1.2277451753616333,-1.3465442657470703,-1.4526546001434326,-1.5167617797851562,-1.5507395267486572,-1.5681052207946777,-1.5442864894866943,-1.511056661605835,-1.5147740840911865,-1.544025182723999,-1.506937026977539,-1.3744632005691528,-1.1676324605941772,-0.9185356497764587,-0.6622048616409302,-0.4647005796432495,-0.35389915108680725,-0.29372313618659973,-0.2268436998128891,-0.12980802357196808,-0.016116011887788773,0.10287273675203323,0.2128322422504425,0.27037563920021057,0.21543464064598083,0.07617151737213135,-0.03765629231929779,-0.06952045857906342,-0.047216009348630905,-0.008919578976929188,0.002466524951159954,-0.07867441326379776,-0.26725566387176514,-0.44266024231910706,-0.49327147006988525,-0.43355512619018555,-0.3378497064113617,-0.23770903050899506
0.9678947329521179,0.5285736918449402,0.20574341714382172,0.005944271571934223,-0.12494809180498123,-0.2310503125190735,-0.34196797013282776,-0.48613113164901733,-0.6750431060791016,-0.8746417760848999,-1.0147637128829956,-1.0622756481170654,-1.0283079147338867,-0.9519385099411011,-0.8930075764656067,-0.8756950497627258,-0.8350479006767273,-0.7490491271018982,-0.6334600448608398,-0.5007292032241821,-0.3138653039932251,-0.05054880678653717,0.2315054088830948,0.4332311153411865,0.5079775452613831,0.4988574683666229,0.4892536699771881,0.5479390025138855,0.6795432567596436,0.8340797424316406,0.9196980595588684,0.871292769908905,0.7443681955337524,0.6478577852249146,0.6136698722839355,0.625201940536499,0.6735308766365051,0.7230162620544434,0.710082471370697,0.6309337019920349,0.542164146900177,0.5086827278137207,0.5494524836540222,0.6553118824958801
2.6843373775482178,2.125378131866455,1.7323442697525024,1.4923709630966187,1.3256930112838745,1.210355281829834,1.1152267456054688,1.005326747894287,0.8508154153823853,0.638278067111969,0.4223843514919281,0.28838837146759033,0.2602134346961975,0.30465036630630493,0.3584684431552887,0.3973727226257324,0.4686301648616791,0.55597984790802,0.6019928455352783,0.5908206701278687,0.6006636023521423,0.7410658597946167,1.0427929162979126,1.3669945001602173,1.5285245180130005,1.4837013483047485,1.343785047531128,1.2482143640518188,1.264905333518982,1.383423089981079,1.5346949100494385,1.6171504259109497,1.593387484550476,1.5255024433135986,1.4872709512710571,1.5089716911315918,1.6006548404693604,1.737465739250183,1.8508681058883667,1.8493040800094604,1.7342420816421509,1.5840482711791992,1.5022917985916138,1.523097038269043
4.086238384246826,3.5614776611328125,3.202789545059204,3.0144307613372803,2.8898019790649414,2.7572803497314453,2.662590980529785,2.6102335453033447,2.540269136428833,2.4045302867889404,2.2344181537628174,2.1010146141052246,2.0415637493133545,2.0390634536743164,2.072601318359375,2.1315226554870605,2.217942953109741,2.325977325439453,2.4065353870391846,2.41963529586792,2.3894615173339844,2.41878080368042,2.6216225624084473,2.8923707008361816,3.038618564605713,2.9540369510650635,2.7023868560791016,2.4286882877349854,2.256300449371338,2.2356066703796387,2.3232898712158203,2.435197114944458,2.4882755279541016,2.468087911605835,2.443195343017578,2.473785877227783,2.5867059230804443,2.779237985610962,2.9901914596557617,3.0984559059143066,3.0190277099609375,2.792926073074341,2.5751681327819824,2.479274034500122
5.060633659362793,4.660978317260742,4.357872486114502,4.164669513702393,4.006435871124268,3.816957950592041,3.6973001956939697,3.702238082885742,3.7408931255340576,3.7121551036834717,3.6261465549468994,3.5726864337921143,3.594810724258423,3.6465137004852295,3.693026542663574,3.7478857040405273,3.8395369052886963,3.952467679977417,4.056116104125977,4.1369948387146,4.220397472381592,4.332294940948486,4.486787796020508,4.629778861999512,4.640754222869873,4.467912673950195,4.175049781799316,3.8591439723968506,3.5835020542144775,3.4091854095458984,3.3832473754882812,3.4682023525238037,3.5590755939483643,3.59350323677063,3.60848069190979,3.6461386680603027,3.7369225025177,3.9057118892669678,4.134000301361084,4.3246588706970215,4.361220359802246,4.208247661590576,3.9374771118164062,3.694124937057495
5.765602111816406,5.422089576721191,5.059630393981934,4.710381984710693,4.386745929718018,4.104368209838867,3.9825265407562256,4.062394142150879,4.225989818572998,4.350831985473633,4.405086994171143,4.484222412109375,4.653026580810547,4.861778736114502,5.028640270233154,5.141900539398193,5.262823581695557,5.402739524841309,5.5092315673828125,5.555718898773193,5.587878227233887,5.64747953414917,5.750195026397705,5.814562797546387,5.760866641998291,5.57356071472168,5.342301368713379,5.13289737701416,4.954891204833984,4.807570934295654,4.726920127868652,4.758447170257568,4.8670549392700195,4.975107192993164,5.059813022613525,5.134655475616455,5.226737976074219,5.360466003417969,5.522763252258301,5.667658805847168,5.7473015785217285,5.712519645690918,5.531583309173584,5.265985012054443
6.431926250457764,5.974177360534668,5.444153308868408,4.920604705810547,4.507302761077881,4.257321357727051,4.191836357116699,4.276578426361084,4.441810607910156,4.632665157318115,4.822259426116943,5.055919647216797,5.361794948577881,5.702509880065918,6.011693477630615,6.259432315826416,6.4814982414245605,6.7089433670043945,6.8892621994018555,6.947880268096924,6.89310359954834,6.787024021148682,6.689690589904785,6.592658042907715,6.485020637512207,6.365839004516602,6.265904903411865,6.20405387878418,6.184852600097656,6.178508758544922,6.178030014038086,6.219748020172119,6.319108963012695,6.461207389831543,6.600773811340332,6.725032806396484,6.8508758544921875,6.980626583099365,7.077179431915283,7.123085021972656,7.1246209144592285,7.06089973449707,6.928950786590576,6.749408721923828
7.441623687744141,6.710230827331543,5.970024108886719,5.368056774139404,5.044575214385986,5.022281646728516,5.14664888381958,5.215855121612549,5.189915180206299,5.2217020988464355,5.424063682556152,5.750235557556152,6.111721992492676,6.449936389923096,6.7422051429748535,7.003323554992676,7.260720252990723,7.524345874786377,7.767812728881836,7.912934303283691,7.918910026550293,7.814428806304932,7.658829689025879,7.479965686798096,7.3293328285217285,7.257306098937988,7.268415451049805,7.328866004943848,7.4232306480407715,7.5263352394104,7.615234375,7.6829447746276855,7.755970478057861,7.8467488288879395,7.94026517868042,8.0255765914917,8.119565963745117,8.226037979125977,8.320117950439453,8.3678560256958,8.33175277709961,8.183492660522461,7.982548236846924,7.814153671264648
