data/wind_data/wind_16_3.json
{"header": {"parameterUnit": "KT", "parameterCategory": 2, "nx": 256, "ny": 198, "lo1": 44.73521041870117, "la1": -3.236724853515625, "lo2": 111.26478576660156, "la2": 43.468475341796875, "dx": 0.2609002888202667, "dy": -0.23708222806453705, "refTime": "2025-02-19 16:00:00", "forecastTime": 0, "parameterNumber": 2, "parameterNumberName": "eastward_wind"}, "data":
[rows 0 to 18 of 198, columns 0 to 43 of 256]
-0.5073042511940002,-0.3571142256259918,-0.22545571625232697,-0.11722248792648315,-0.015618005767464638,0.09921172261238098,0.43789902329444885,0.9296303987503052,1.3630186319351196,1.765504002571106,2.107247829437256,2.421217441558838,2.76767897605896,3.084728956222534,3.306997299194336,3.4983792304992676,3.688006639480591,3.8825299739837646,4.120138168334961,4.214544296264648,4.073714256286621,4.091302871704102,4.332629203796387,4.504055023193359,4.596375465393066,4.6875505447387695,4.777782440185547,4.883584022521973,4.997217178344727,5.111431121826172,5.192520618438721,5.105996131896973,4.987416744232178,5.083376884460449,5.139296531677246,4.881552696228027,4.5911335945129395,4.445952415466309,4.254818439483643,3.9300785064697266,3.6600587368011475,3.533658027648926,3.1197142601013184,2.3356592655181885
-0.6962812542915344,-0.5748041272163391,-0.46435320377349854,-0.3765800893306732,-0.2681168019771576,-0.19978158175945282,0.013418379239737988,0.4213942289352417,0.8731916546821594,1.2951428890228271,1.5561398267745972,1.7061607837677002,1.9854682683944702,2.355942726135254,2.7085773944854736,3.0722968578338623,3.3352770805358887,3.442408800125122,3.456498861312866,3.4172918796539307,3.346147060394287,3.398977279663086,3.6402554512023926,3.928767442703247,4.131385803222656,4.31632137298584,4.450196266174316,4.457469463348389,4.5293498039245605,4.695857048034668,4.817078590393066,4.754081726074219,4.556731224060059,4.498415470123291,4.481142520904541,4.313058853149414,4.094115257263184,3.9333934783935547,3.737494468688965,3.4085824489593506,3.1535017490386963,3.0306484699249268,2.415374755859375,1.3531558513641357
-0.7871923446655273,-0.7862352132797241,-0.6456484198570251,-0.5053609013557434,-0.3921903371810913,-0.3502800464630127,-0.2926633358001709,-0.09032785147428513,0.2652726471424103,0.6770894527435303,0.8849048018455505,0.960290789604187,1.3150407075881958,1.91130793094635,2.4998860359191895,3.021902084350586,3.3286054134368896,3.3075802326202393,3.054945707321167,2.8793723583221436,2.8651974201202393,2.914979934692383,3.10262131690979,3.415518283843994,3.664457321166992,3.9339983463287354,4.193653583526611,4.1772942543029785,4.152519702911377,4.264832496643066,4.2982611656188965,4.179386138916016,3.94333553314209,3.764723062515259,3.6956381797790527,3.664951801300049,3.579204559326172,3.4133923053741455,3.210637331008911,2.9626739025115967,2.615089178085327,2.18318772315979,1.558246374130249,0.7148261070251465
-0.9047905206680298,-0.9901642203330994,-0.8057175278663635,-0.6306812167167664,-0.583605170249939,-0.48037609457969666,-0.6019291877746582,-0.5830754637718201,-0.3450896143913269,0.007157487329095602,0.18965661525726318,0.27527642250061035,0.7346996665000916,1.5924471616744995,2.5145115852355957,3.258378744125366,3.600290298461914,3.4596567153930664,3.0195260047912598,2.716413974761963,2.696129322052002,2.7912867069244385,2.9858572483062744,3.3082425594329834,3.6022775173187256,3.922358989715576,4.266757011413574,4.267144680023193,4.13505220413208,4.065008640289307,3.7838687896728516,3.4387242794036865,3.1428422927856445,2.8683478832244873,2.755253553390503,2.8382580280303955,2.8851656913757324,2.7826731204986572,2.5952868461608887,2.3536648750305176,1.9229514598846436,1.3472789525985718,0.8011834025382996,0.1865609586238861
-1.1542901992797852,-1.249912977218628,-0.9932253956794739,-0.7379679083824158,-0.5505400896072388,-0.6448784470558167,-1.308489203453064,-1.3858492374420166,-1.1384800672531128,-0.7077045440673828,-0.4323599636554718,-0.25498804450035095,0.4501238167285919,1.7594637870788574,3.0387117862701416,3.8527276515960693,4.117328643798828,3.9786882400512695,4.016661167144775,4.314259052276611,4.4305739402771,4.297877788543701,4.354946613311768,4.741241931915283,5.2949066162109375,5.855712413787842,6.09332799911499,5.904922008514404,5.510149002075195,4.720243453979492,3.5559988021850586,2.577219247817993,2.021902322769165,1.6853611469268799,1.4777549505233765,1.4667502641677856,1.5457639694213867,1.5357741117477417,1.2196455001831055,0.6526846885681152,0.2318659871816635,0.14461340010166168,0.039539121091365814,-0.1882743537425995
-1.3253941535949707,-1.4108209609985352,-1.1680545806884766,-0.8271960020065308,-0.283932626247406,-0.5342839360237122,-1.4032337665557861,-1.578511357307434,-1.6140687465667725,-1.5941884517669678,-1.5028831958770752,-1.140260934829712,-0.3438594341278076,0.8871220946311951,2.117445468902588,3.002415657043457,3.3689627647399902,3.2966203689575195,3.149836778640747,3.021568536758423,2.8405630588531494,2.7607932090759277,2.9445977210998535,3.4910097122192383,4.298543453216553,4.806986331939697,4.92057991027832,4.7532172203063965,4.150929927825928,3.2794456481933594,2.523782968521118,2.0405828952789307,1.7939797639846802,1.652915596961975,1.3778173923492432,1.0207526683807373,1.0316740274429321,1.1514664888381958,1.091776967048645,0.6332789063453674,0.20293402671813965,-0.2574271559715271,-0.5543625950813293,-0.6673752665519714
-1.3423025608062744,-1.529781460762024,-1.3751596212387085,-1.0417143106460571,-0.507341206073761,-0.7232217788696289,-1.296029806137085,-1.4214234352111816,-1.627466082572937,-1.8053675889968872,-1.8720494508743286,-1.4977859258651733,-0.6401465535163879,0.5305454730987549,1.624523401260376,2.433763027191162,2.9566855430603027,3.145678758621216,2.99843430519104,2.6767654418945312,2.417595386505127,2.3965089321136475,2.656118154525757,3.3137764930725098,4.139284610748291,4.648830413818359,4.735856533050537,4.27023983001709,3.382424831390381,2.5966169834136963,2.109898328781128,1.8700687885284424,1.7191027402877808,1.4223763942718506,0.9835180044174194,0.6186712980270386,0.40679776668548584,0.22723457217216492,0.06690812855958939,-0.5190067887306213,-0.4723971486091614,-1.127663016319275,-1.5823962688446045,-1.603126883506775
-1.326241374015808,-1.525213599205017,-1.4733320474624634,-1.3111791610717773,-1.2451155185699463,-1.0709716081619263,-1.2327880859375,-1.5739580392837524,-1.779985785484314,-1.8580466508865356,-1.9230389595031738,-1.6545367240905762,-0.9710930585861206,-0.006443495862185955,0.9198650121688843,1.6303291320800781,2.259896755218506,2.596485137939453,2.405179738998413,2.0019688606262207,1.7747218608856201,1.7594687938690186,1.9632253646850586,2.6020517349243164,3.4130523204803467,3.8168532848358154,3.388859272003174,2.4072675704956055,1.759045958518982,1.5694005489349365,1.4992977380752563,1.3802117109298706,1.1241350173950195,0.8108764886856079,0.6079953908920288,0.3759344518184662,-1.002981424331665,-0.8491761684417725,-0.5167350769042969,-1.1190634965896606,-0.7964578866958618,-1.3478249311447144,-1.5836365222930908,-1.7265658378601074
-1.2858935594558716,-1.4103472232818604,-1.4521300792694092,-1.5451682806015015,-1.9176915884017944,-1.5631592273712158,-1.4331703186035156,-1.9282464981079102,-1.9015309810638428,-1.688401222229004,-1.6780555248260498,-1.5946089029312134,-1.1619361639022827,-0.4520948529243469,0.24711500108242035,0.8151236772537231,1.510404348373413,2.0598082542419434,2.0568628311157227,1.7519161701202393,1.4981341361999512,1.3582605123519897,1.5740633010864258,2.211421489715576,2.766383171081543,2.7109806537628174,2.0470831394195557,1.4598169326782227,1.24965238571167,1.1215217113494873,0.9874270558357239,0.7703830599784851,0.48634931445121765,0.3559984564781189,0.1021658256649971,0.45071297883987427,-1.8948417901992798,-1.300917148590088,-0.8341904878616333,-1.0163418054580688,-0.8251156210899353,-1.0983244180679321,-1.2336515188217163,-1.5818190574645996
-1.3236063718795776,-1.4085170030593872,-1.4867298603057861,-1.6772634983062744,-2.11116361618042,-1.8333563804626465,-1.6687196493148804,-2.132047414779663,-2.0468146800994873,-1.7511813640594482,-1.6396700143814087,-1.5585299730300903,-1.2978975772857666,-0.8562999367713928,-0.4475637674331665,0.013947099447250366,0.8379457592964172,1.6097444295883179,1.8203279972076416,1.5535537004470825,1.2364563941955566,1.1415971517562866,1.4106712341308594,1.7233260869979858,1.7041265964508057,1.3697553873062134,1.055625557899475,0.9128791689872742,0.7169153690338135,0.3992893695831299,0.07762425392866135,-0.12083528190851212,-0.2246878296136856,-0.3567051291465759,-0.22557279467582703,0.40046849846839905,-1.4683477878570557,-1.3063973188400269,-0.9976296424865723,-0.8247206211090088,-0.8167263865470886,-0.8512304425239563,-1.0823166370391846,-1.6694681644439697
-1.4482805728912354,-1.525938630104065,-1.5862352848052979,-1.7163357734680176,-1.9739338159561157,-1.9833691120147705,-1.7959227561950684,-2.1210947036743164,-2.320521354675293,-2.145200252532959,-1.8866673707962036,-1.6055527925491333,-1.382773756980896,-1.148042917251587,-0.9819467067718506,-0.6327229142189026,0.3008480370044708,1.1613126993179321,1.3949437141418457,1.1131477355957031,0.8615877628326416,0.9255639314651489,1.1386067867279053,1.2010823488235474,1.0596545934677124,0.7972243428230286,0.5509706735610962,0.2812150716781616,-0.06143501028418541,-0.39365148544311523,-0.5941236019134521,-0.5833578705787659,-0.648876965045929,-1.1435834169387817,-1.917189598083496,-2.174071788787842,-1.067419171333313,-1.3935052156448364,-1.2571574449539185,-1.1026171445846558,-0.8454008102416992,-0.825741708278656,-1.276672601699829,-2.1397111415863037
-1.6430256366729736,-1.828855276107788,-1.9192265272140503,-1.9198609590530396,-1.6055865287780762,-2.164947748184204,-2.1157760620117188,-2.2662863731384277,-2.660179376602173,-2.688326358795166,-2.371128797531128,-1.8221300840377808,-1.4633409976959229,-1.2753366231918335,-1.2132035493850708,-0.9935231804847717,-0.18250346183776855,0.6024777889251709,0.8300306797027588,0.6057839393615723,0.31613609194755554,0.3761398494243622,0.6324923634529114,0.7694373726844788,0.6628751754760742,0.35760897397994995,-0.08821557462215424,-0.5908281803131104,-0.9929138422012329,-1.1239055395126343,-0.9920428991317749,-0.8384039998054504,-1.0158683061599731,-1.4696251153945923,-1.7551363706588745,-2.0776803493499756,-2.3451333045959473,-2.1367347240448,-1.830844759941101,-1.6603118181228638,-1.1123154163360596,-1.1515666246414185,-1.5441737174987793,-2.3921375274658203
-1.9057257175445557,-2.2833383083343506,-2.4318692684173584,-2.248324394226074,-1.3429932594299316,-2.492168426513672,-2.5711565017700195,-2.518723964691162,-2.764132261276245,-3.05818247795105,-3.0009472370147705,-2.3549249172210693,-1.7596518993377686,-1.4426831007003784,-1.2997628450393677,-1.087044596672058,-0.5639803409576416,0.10270270705223083,0.33550789952278137,0.03552937135100365,-0.40913891792297363,-0.4052201211452484,-0.18714433908462524,-0.14542530477046967,-0.2145393043756485,-0.3924899101257324,-0.7883884310722351,-1.3405958414077759,-1.6874221563339233,-1.5723274946212769,-1.2248584032058716,-1.0502738952636719,-1.2671982049942017,-1.8721438646316528,-2.4136948585510254,-2.4704577922821045,-2.073012351989746,-1.7047369480133057,-2.5472254753112793,-2.0584053993225098,-1.6533466577529907,-1.6627246141433716,-1.7342329025268555,-2.255044460296631
-2.2283356189727783,-2.8143324851989746,-2.9434502124786377,-2.607700824737549,-1.8105096817016602,-2.8852224349975586,-2.693363666534424,-2.4507570266723633,-2.639564037322998,-3.247236728668213,-3.70095157623291,-3.3088300228118896,-2.6197493076324463,-2.0101518630981445,-1.5007438659667969,-1.0557783842086792,-0.7303969860076904,-0.36377522349357605,-0.2984604239463806,-0.7091512680053711,-1.169574499130249,-1.2960450649261475,-1.292488932609558,-1.3144408464431763,-1.3058165311813354,-1.29605233669281,-1.4429194927215576,-1.734558343887329,-1.8439282178878784,-1.58424973487854,-1.369558572769165,-1.3703126907348633,-1.5362704992294312,-1.8474029302597046,-2.0259413719177246,-2.283026695251465,-3.514284372329712,-0.5099457502365112,-2.493675708770752,-2.4781746864318848,-2.337597131729126,-2.2008769512176514,-1.8897098302841187,-2.1731481552124023
-2.586354970932007,-3.3422951698303223,-3.4802799224853516,-3.13175106048584,-2.7876031398773193,-3.161691188812256,-2.4690990447998047,-2.1931419372558594,-2.5912668704986572,-3.300612449645996,-4.058566570281982,-4.101707458496094,-3.596355438232422,-2.763280153274536,-1.8267822265625,-1.1748361587524414,-1.0638320446014404,-1.1196154356002808,-1.1214714050292969,-1.2982875108718872,-1.6111223697662354,-1.8637903928756714,-2.0580785274505615,-2.2138922214508057,-2.277186870574951,-2.2522733211517334,-2.1977932453155518,-2.137237548828125,-1.9942644834518433,-1.780534267425537,-1.6460949182510376,-1.8198057413101196,-1.9798774719238281,-2.0192370414733887,-2.1621830463409424,-2.235283613204956,-2.648796558380127,-1.9426912069320679,-1.9014930725097656,-2.901294708251953,-2.777071475982666,-2.583827018737793,-2.184192419052124,-2.4202306270599365
-2.854827404022217,-3.5055129528045654,-3.7243833541870117,-3.551555871963501,-3.4570670127868652,-3.185234308242798,-2.337801456451416,-2.214669942855835,-2.807267904281616,-3.347275495529175,-3.883470058441162,-4.153831958770752,-3.9734506607055664,-3.2614779472351074,-2.291710615158081,-1.642978549003601,-1.6611213684082031,-1.8112938404083252,-1.4985913038253784,-1.2740859985351562,-1.5021520853042603,-1.910029411315918,-2.2433531284332275,-2.4996755123138428,-2.653817653656006,-2.781130313873291,-2.771317720413208,-2.565438985824585,-2.502248525619507,-2.5007247924804688,-2.407902479171753,-2.3476037979125977,-2.4047629833221436,-2.30318284034729,-2.0146262645721436,-2.0053248405456543,-2.663053274154663,-2.8240315914154053,-2.2922112941741943,-2.9189538955688477,-2.848609209060669,-2.7419207096099854,-2.5727131366729736,-2.669306755065918
-3.0317211151123047,-3.536942481994629,-3.7196104526519775,-3.5949320793151855,-3.4835073947906494,-2.9319751262664795,-2.278705596923828,-2.419039726257324,-3.0979866981506348,-3.6243386268615723,-3.828185796737671,-3.917912483215332,-3.8255343437194824,-3.3966569900512695,-2.7667858600616455,-2.211056709289551,-2.0702075958251953,-2.0389223098754883,-1.5654524564743042,-1.230371117591858,-1.458877682685852,-1.8693764209747314,-2.0977745056152344,-2.2084317207336426,-2.328700542449951,-2.5373451709747314,-2.7284421920776367,-2.8317947387695312,-2.9189064502716064,-3.0121021270751953,-2.885462522506714,-2.549204111099243,-2.3715744018554688,-2.280799388885498,-2.204150915145874,-1.8952207565307617,-1.5888395309448242,-1.8063061237335205,-2.5084235668182373,-2.42639422416687,-2.8666772842407227,-2.6896989345550537,-2.6901214122772217,-2.726400375366211
-3.0231692790985107,-3.5902223587036133,-3.702180862426758,-3.3388426303863525,-3.2397451400756836,-2.407527446746826,-1.8132773637771606,-2.4071426391601562,-3.1417746543884277,-3.8655285835266113,-4.092800617218018,-3.868893623352051,-3.5176477432250977,-3.151996374130249,-2.8423235416412354,-2.5658373832702637,-2.504739761352539,-2.484393835067749,-2.016061782836914,-1.5267082452774048,-1.5807442665100098,-1.8751232624053955,-1.9642995595932007,-1.8338733911514282,-1.726227879524231,-1.8316549062728882,-2.1095855236053467,-2.4141626358032227,-2.652231216430664,-2.7656993865966797,-2.5274600982666016,-2.086601495742798,-1.8889789581298828,-1.928014874458313,-1.8409453630447388,-1.637528657913208,-1.836245059967041,-2.1359903812408447,-2.267714500427246,-2.526848077774048,-2.432882308959961,-2.4056930541992188,-2.426724910736084,-2.632716417312622
-2.8737986087799072,-3.593837022781372,-3.6530802249908447,-3.0245635509490967,-3.267887592315674,-1.7428724765777588,-0.8809359669685364,-1.868560791015625,-2.584688425064087,-3.4889585971832275,-4.056759834289551,-3.893320322036743,-3.2377102375030518,-2.5305123329162598,-2.3358352184295654,-2.5646939277648926,-2.9675657749176025,-3.097226619720459,-2.5638554096221924,-1.856637954711914,-1.6906086206436157,-1.923398494720459,-1.958695650100708,-1.6254124641418457,-1.2803071737289429,-1.270291805267334,-1.63324773311615,-2.044886350631714,-2.1734113693237305,-2.002854824066162,-1.656286597251892,-1.3692247867584229,-1.2631105184555054,-1.408067226409912,-1.4410909414291382,-1.2893873453140259,-1.4014673233032227,-1.83692467212677,-2.2749297618865967,-2.25209379196167,-2.244955539703369,-2.128988742828369,-2.049985647201538,-2.453479290008545
