data/wind_data/wind_0_2.json
{"header": {"parameterUnit": "KT", "parameterCategory": 2, "nx": 256, "ny": 198, "lo1": 44.73521041870117, "la1": -3.236724853515625, "lo2": 111.26478576660156, "la2": 43.468475341796875, "dx": 0.2609002888202667, "dy": -0.23708222806453705, "refTime": "2025-02-19 00:00:00", "forecastTime": 0, "parameterNumber": 2, "parameterNumberName": "eastward_wind"}, "data":
[rows 0 to 18 of 198, columns 172 to 214 of 256]
8.375088691711426,8.434564590454102,8.662005424499512,8.923386573791504,9.888421058654785,10.539973258972168,10.753941535949707,10.318510055541992,10.012914657592773,10.216629981994629,10.676860809326172,11.231703758239746,10.72743034362793,9.924320220947266,9.563848495483398,10.444534301757812,10.917423248291016,10.9390869140625,11.233251571655273,11.479917526245117,11.299262046813965,11.190332412719727,11.307226181030273,11.353719711303711,11.40571403503418,11.395328521728516,10.966360092163086,10.3201322555542,9.4672269821167,9.575934410095215,10.240432739257812,10.270065307617188,9.156832695007324,8.003520965576172,7.75885009765625,7.0638322830200195,7.941105842590332,7.301596641540527,6.177548408508301,5.139405250549316,4.761582374572754,4.428542613983154,3.6329782009124756
7.912458896636963,8.284704208374023,8.281072616577148,8.933897972106934,9.839828491210938,10.475924491882324,10.677900314331055,10.202781677246094,10.048529624938965,10.662497520446777,10.70150375366211,10.178988456726074,9.773965835571289,10.363848686218262,10.063807487487793,10.127785682678223,10.727974891662598,10.910454750061035,11.000672340393066,11.33965015411377,11.322715759277344,11.150150299072266,11.15023136138916,11.133490562438965,11.62855052947998,11.464755058288574,10.817293167114258,9.77001667022705,8.81952953338623,9.162638664245605,9.916290283203125,9.37103271484375,8.180092811584473,7.230295658111572,6.787222385406494,6.8906779289245605,7.573659420013428,6.734977722167969,5.364599227905273,4.356599807739258,4.160181999206543,4.119555950164795,4.058102607727051
8.471940040588379,8.59943675994873,8.505847930908203,8.965730667114258,9.831148147583008,10.739614486694336,10.634835243225098,10.305275917053223,10.358075141906738,10.599161148071289,10.282873153686523,9.635419845581055,9.48784065246582,10.38193416595459,10.480613708496094,10.362893104553223,10.851078033447266,10.594304084777832,10.532966613769531,11.321025848388672,11.403319358825684,11.365110397338867,11.310131072998047,10.509393692016602,10.49122428894043,11.277359008789062,10.723710060119629,9.07288932800293,8.977980613708496,8.176212310791016,8.652090072631836,8.307538986206055,6.930995464324951,6.890166282653809,7.309706211090088,7.030219078063965,7.130805492401123,6.3980207443237305,4.576632022857666,3.587928056716919,3.317275285720825,3.292482614517212,3.9073071479797363
9.241009712219238,8.600348472595215,8.668378829956055,9.40664005279541,10.109980583190918,11.134761810302734,10.891345977783203,11.13436508178711,10.723668098449707,10.10205078125,9.735747337341309,9.679519653320312,9.652501106262207,9.997776985168457,10.000104904174805,10.325189590454102,11.144493103027344,10.419403076171875,10.106590270996094,11.220099449157715,11.586019515991211,11.53288459777832,11.069859504699707,9.942728042602539,9.317205429077148,10.327935218811035,10.287796974182129,8.44243335723877,8.237361907958984,7.814993381500244,7.796329975128174,7.668022155761719,6.587986946105957,6.682858943939209,7.449574947357178,7.1199517250061035,6.750648021697998,5.513781547546387,3.1267001628875732,2.573352336883545,2.7434256076812744,2.4597461223602295,2.5316312313079834
9.228370666503906,8.958089828491211,9.667938232421875,10.256814002990723,10.577912330627441,11.262141227722168,11.267489433288574,11.33286190032959,10.172469139099121,9.511028289794922,9.53450870513916,9.868353843688965,10.092755317687988,9.874092102050781,9.669702529907227,10.101091384887695,10.673274040222168,9.975264549255371,9.930883407592773,10.813713073730469,11.417017936706543,11.229998588562012,10.734956741333008,9.678771018981934,8.63918399810791,8.921401023864746,9.298929214477539,8.37664794921875,8.273228645324707,7.974844455718994,7.0835957527160645,6.837005138397217,6.837284564971924,7.166127681732178,7.465167045593262,6.663302898406982,6.206724166870117,4.177391529083252,2.1131324768066406,1.724896788597107,1.8571147918701172,2.2974722385406494,2.9848008155822754
9.419320106506348,9.786222457885742,10.596464157104492,10.74193286895752,10.879420280456543,11.198246002197266,11.323620796203613,10.802305221557617,9.578420639038086,9.333999633789062,9.581226348876953,10.07124137878418,10.270953178405762,9.808615684509277,9.557256698608398,9.85592269897461,9.999433517456055,9.633185386657715,9.986554145812988,10.434605598449707,10.472332954406738,10.405177116394043,10.32535457611084,9.284414291381836,8.353400230407715,8.213011741638184,8.30305290222168,8.235857963562012,8.690229415893555,8.24882698059082,7.739068508148193,6.943280220031738,6.686666488647461,6.970094680786133,6.971708297729492,6.399327754974365,5.807489395141602,2.9975955486297607,2.1669955253601074,1.7137917280197144,1.4432626962661743,3.306138515472412,5.365408420562744
9.857843399047852,10.035955429077148,10.497371673583984,10.827010154724121,10.915056228637695,10.864897727966309,10.941061019897461,10.718469619750977,10.024666786193848,9.961504936218262,9.452773094177246,9.766758918762207,10.081364631652832,9.811042785644531,9.565009117126465,9.42464542388916,9.553607940673828,9.532811164855957,9.703868865966797,9.828920364379883,9.574216842651367,9.898484230041504,9.765396118164062,8.891448020935059,8.373303413391113,8.216097831726074,7.855506896972656,7.430450439453125,7.953993320465088,8.302215576171875,8.13982105255127,7.684406757354736,6.7504191398620605,6.371767520904541,6.285538196563721,6.504148006439209,5.0655059814453125,3.2120001316070557,3.0234618186950684,2.0846242904663086,2.2590157985687256,4.129763603210449,5.091841697692871
9.755267143249512,9.854093551635742,10.435538291931152,10.691606521606445,10.825828552246094,10.694679260253906,10.647330284118652,10.591933250427246,10.891974449157715,10.6522798538208,9.636678695678711,9.625472068786621,9.770295143127441,9.604391098022461,9.361154556274414,9.182483673095703,9.017358779907227,9.221061706542969,9.119275093078613,9.067227363586426,9.277297973632812,9.727188110351562,9.491486549377441,8.474053382873535,8.57336139678955,8.191673278808594,7.6941728591918945,7.3638482093811035,6.9207682609558105,7.2238993644714355,7.180915355682373,7.517453670501709,7.1870622634887695,6.237466335296631,5.88115930557251,6.139365196228027,4.635551929473877,4.0575761795043945,3.7616355419158936,2.9983792304992676,3.2256088256835938,4.641489505767822,4.15905237197876
9.032504081726074,9.744128227233887,10.348278045654297,10.462806701660156,10.764107704162598,10.70313835144043,10.494275093078613,10.15768814086914,10.7448091506958,10.678780555725098,9.866678237915039,9.56049919128418,9.536494255065918,9.160399436950684,9.048912048339844,9.140016555786133,9.200370788574219,9.229422569274902,8.753397941589355,8.621769905090332,9.235732078552246,9.371979713439941,9.131319046020508,8.368236541748047,7.944020748138428,7.931434631347656,8.207019805908203,8.029227256774902,7.152218818664551,6.661632537841797,6.522319316864014,6.872439861297607,6.7085723876953125,5.68516731262207,5.166659832000732,4.883550643920898,3.5815460681915283,3.014896869659424,2.780961751937866,3.1814582347869873,3.246825695037842,2.711730480194092,2.7132492065429688
8.95753288269043,9.76235294342041,10.125941276550293,10.341897010803223,10.534762382507324,10.586583137512207,10.116473197937012,9.67589282989502,10.200900077819824,10.473692893981934,9.62218189239502,9.679940223693848,9.757514953613281,8.711114883422852,8.930193901062012,9.23685359954834,9.433151245117188,9.310029983520508,8.642915725708008,8.832450866699219,9.26391887664795,9.396021842956543,9.08358097076416,8.39521598815918,7.752574443817139,7.740120887756348,8.713764190673828,8.756111145019531,7.909816265106201,7.14672327041626,6.5798468589782715,6.508737087249756,5.896275043487549,4.549941062927246,4.258963584899902,3.679360866546631,2.818692445755005,2.262608528137207,2.288285255432129,3.125645160675049,3.495173692703247,1.0273637771606445,0.14848515391349792
9.012397766113281,9.47468090057373,9.983452796936035,10.075213432312012,9.873085021972656,9.900335311889648,9.458388328552246,9.11329460144043,9.508273124694824,9.996789932250977,9.432037353515625,9.518499374389648,9.737056732177734,8.43316650390625,8.694306373596191,9.072641372680664,8.843977928161621,8.90541934967041,8.520236015319824,8.611359596252441,8.986255645751953,9.433693885803223,9.33823299407959,8.443158149719238,8.173738479614258,7.6780829429626465,8.665566444396973,8.916420936584473,8.271796226501465,7.416093349456787,6.315418720245361,5.842757701873779,5.060396671295166,3.6655070781707764,3.9716849327087402,3.3059518337249756,2.7833974361419678,2.809626817703247,3.240831136703491,3.462184429168701,2.7448112964630127,-0.031290676444768906,-2.054516315460205
8.306661605834961,8.73934268951416,9.66694164276123,9.5890531539917,9.220163345336914,8.96703815460205,8.649271965026855,8.652434349060059,8.83092212677002,9.341304779052734,9.3722505569458,9.096949577331543,9.065762519836426,8.018427848815918,8.26247501373291,8.730412483215332,8.813179969787598,8.647583961486816,8.34003734588623,8.10728931427002,8.442485809326172,9.141006469726562,9.290316581726074,8.771527290344238,8.548432350158691,8.205488204956055,8.870925903320312,8.961552619934082,7.940225124359131,7.256246566772461,6.553076267242432,5.221719264984131,4.333608150482178,3.3303894996643066,3.9377732276916504,3.8422961235046387,3.902414083480835,3.7944107055664062,3.2800915241241455,2.5977606773376465,1.7647613286972046,-0.28244689106941223,-2.136871814727783
7.504245281219482,8.304697036743164,8.970010757446289,8.847698211669922,8.510858535766602,8.03834056854248,8.12082576751709,8.269765853881836,8.519903182983398,8.639710426330566,8.370111465454102,7.938577175140381,7.658918857574463,7.725149631500244,7.935727596282959,8.112397193908691,8.467021942138672,8.231216430664062,8.099706649780273,7.855560779571533,8.216662406921387,9.06922721862793,9.498052597045898,9.054825782775879,8.827427864074707,9.269501686096191,9.194324493408203,8.86214828491211,7.781320095062256,7.362547874450684,7.102537631988525,5.033723831176758,3.8597660064697266,3.372152090072632,3.3496100902557373,2.9703686237335205,3.289761781692505,3.629361867904663,2.5216522216796875,1.2837148904800415,0.5694602727890015,-0.6367691159248352,-1.7687324285507202
6.862114429473877,7.642230987548828,8.074939727783203,7.96666955947876,7.531559944152832,7.2900590896606445,7.369321823120117,7.6318464279174805,7.640628814697266,7.2702531814575195,6.589121341705322,6.459580421447754,6.1860456466674805,6.846805095672607,7.368776321411133,7.2071733474731445,7.627853870391846,7.954855442047119,8.059422492980957,8.008421897888184,8.179788589477539,8.699272155761719,9.34811019897461,8.887388229370117,8.5411376953125,9.381643295288086,8.989945411682129,8.28882884979248,7.801149845123291,6.906313419342041,6.150402545928955,4.412201881408691,3.067422866821289,2.4241831302642822,2.3186545372009277,1.6627787351608276,1.054801106452942,2.029851198196411,2.156484365463257,1.2936007976531982,-0.055929604917764664,-1.3122485876083374,-1.380710244178772
5.788140296936035,6.16668176651001,6.7844648361206055,7.081996917724609,6.873476982116699,6.512548446655273,6.195277214050293,6.395726203918457,6.1832804679870605,5.776512622833252,5.0688652992248535,4.914768695831299,5.540412902832031,6.137520790100098,6.444686412811279,6.383661270141602,7.032601833343506,7.529749393463135,7.976236820220947,8.11478042602539,7.855230808258057,8.066388130187988,8.67784309387207,8.48047924041748,8.165706634521484,9.016109466552734,8.792176246643066,7.503656387329102,6.888132572174072,6.014406681060791,4.970083236694336,3.512468099594116,1.0105196237564087,1.0545700788497925,1.6869144439697266,2.8669660091400146,2.6871421337127686,1.922874093055725,1.142578363418579,-0.1643240600824356,-1.1358729600906372,-1.6107066869735718,-1.0126903057098389
4.90739631652832,5.294045925140381,5.765625,6.063349723815918,5.949596405029297,5.729009628295898,5.7641921043396,5.579787731170654,5.149267673492432,4.3607988357543945,4.12354040145874,4.453625202178955,5.150312423706055,5.500699996948242,5.506715774536133,5.921834945678711,6.60437536239624,6.6976237297058105,7.3597540855407715,8.224435806274414,7.876937389373779,7.664912223815918,8.19892692565918,8.267271995544434,8.036092758178711,8.460318565368652,8.229214668273926,6.898065090179443,6.163823127746582,5.458751678466797,4.043874740600586,2.3807859420776367,1.9655449390411377,2.6255624294281006,2.7179718017578125,3.099646806716919,2.7631564140319824,1.2709022760391235,-0.17559334635734558,-1.9831969738006592,-2.116183280944824,-0.3000519573688507,-1.0199370384216309
4.340453624725342,4.920678615570068,4.977682113647461,5.2885422706604,5.4014573097229,5.10225248336792,5.081847190856934,4.971200942993164,4.48298978805542,3.6471076011657715,3.684680700302124,3.719280242919922,4.267164707183838,5.095231056213379,5.492982864379883,5.535676956176758,5.989006042480469,6.414555549621582,6.993581295013428,7.798271179199219,7.6476826667785645,7.3941650390625,7.917364120483398,8.227724075317383,8.193535804748535,7.931291580200195,7.214455604553223,6.043244361877441,5.049513339996338,4.625014781951904,3.381889581680298,2.924288749694824,3.038954496383667,2.3792407512664795,2.5928924083709717,2.008439302444458,1.6269285678863525,1.4148287773132324,-0.644609808921814,-2.9527194499969482,-1.6231162548065186,0.11387448012828827,-1.4693679809570312
4.065762042999268,4.52934455871582,4.725112438201904,5.083920001983643,4.653040409088135,4.281177520751953,4.308694839477539,4.13756799697876,3.648502826690674,3.3788933753967285,3.0351200103759766,2.775343656539917,3.754767656326294,4.9510579109191895,5.702174663543701,5.35945463180542,5.437119483947754,6.074309349060059,7.158085346221924,7.981369972229004,7.9309163093566895,7.759186744689941,8.056384086608887,8.58727741241455,8.220929145812988,7.383996963500977,6.254999160766602,5.40736722946167,4.359928607940674,4.303273677825928,3.554384708404541,3.0658957958221436,2.587765693664551,1.8173890113830566,2.2292158603668213,1.5563594102859497,1.43268620967865,0.7835698127746582,-1.554875373840332,-2.7622175216674805,-2.5208332538604736,-2.370565891265869,-2.428705930709839
3.9697530269622803,3.8756556510925293,4.090694427490234,4.284083843231201,4.146398067474365,3.9238948822021484,3.8888299465179443,3.040964126586914,2.5551412105560303,2.946838855743408,2.9953010082244873,2.365741014480591,3.412957191467285,4.73756217956543,5.4629364013671875,5.322201728820801,5.174450397491455,5.717247009277344,7.249138355255127,8.09807014465332,7.936545372009277,7.74397087097168,7.864170551300049,8.413993835449219,7.674150466918945,6.9514641761779785,6.0004401206970215,5.25686502456665,4.1545515060424805,3.7395904064178467,3.5711820125579834,3.3210630416870117,2.728295087814331,2.1011502742767334,2.1223864555358887,1.6151158809661865,0.9133322238922119,-0.41251808404922485,-1.9547969102859497,-3.526785373687744,-4.031538486480713,-3.6946258544921875,-3.367086887359619
