data/wind_data/wind_42_9.json
{"header": {"parameterUnit": "KT", "parameterCategory": 2, "nx": 256, "ny": 198, "lo1": 44.73521041870117, "la1": -3.236724853515625, "lo2": 111.26478576660156, "la2": 43.468475341796875, "dx": 0.2609002888202667, "dy": -0.23708222806453705, "refTime": "2025-02-20 18:00:00", "forecastTime": 0, "parameterNumber": 2, "parameterNumberName": "eastward_wind"}, "data":
[rows 133 to 151 of 198, columns 86 to 128 of 256]
-18.221519470214844,-15.718090057373047,-13.089581489562988,-11.080411911010742,-9.707663536071777,-8.330461502075195,-5.591300010681152,-2.0615198612213135,-0.21674416959285736,-0.747208833694458,-0.6058303713798523,-0.7080517411231995,-1.7669703960418701,-2.764646053314209,-4.590137958526611,-5.120029449462891,-2.457070827484131,-1.6893525123596191,-1.4140716791152954,-1.0718564987182617,-2.0513722896575928,-3.095133066177368,-2.583812713623047,-1.5738894939422607,-1.0982764959335327,-1.9124239683151245,-3.604511260986328,-3.4628400802612305,-0.9845739603042603,2.9523277282714844,6.23146390914917,7.136265754699707,5.491090297698975,3.428982973098755,4.4361677169799805,5.33339786529541,2.419670820236206,-2.1183712482452393,-5.233111381530762,-5.039762020111084,-2.032334089279175,2.6660349369049072,5.108616828918457
-17.718000411987305,-15.604578018188477,-12.790458679199219,-10.498754501342773,-9.01904582977295,-7.301551818847656,-4.159779071807861,0.233824223279953,3.0796334743499756,1.137228012084961,-1.1395319700241089,-1.343927264213562,-1.0776227712631226,-1.258529782295227,-3.9480037689208984,-5.652879238128662,-3.0815317630767822,-1.3155268430709839,0.07647766172885895,-0.03125602379441261,-2.1930882930755615,-2.6073801517486572,-1.7764145135879517,-0.9070346355438232,-0.8651263117790222,-2.0159592628479004,-2.6779353618621826,-1.8547050952911377,0.05507691204547882,2.7496237754821777,4.46121072769165,3.620737075805664,0.9326781034469604,-0.198902890086174,2.1493144035339355,3.8951892852783203,2.233069896697998,-0.6180667281150818,-3.404280662536621,-4.39365816116333,-1.9827784299850464,3.9708588123321533,7.835031032562256
-16.396005630493164,-15.060826301574707,-12.780767440795898,-10.26575756072998,-8.123173713684082,-5.751691818237305,-2.6246678829193115,1.2182643413543701,4.738863945007324,3.428590774536133,-0.2954966127872467,-1.5182760953903198,-1.5957181453704834,-2.4668993949890137,-6.276793479919434,-7.769123077392578,-4.987061977386475,-1.8189254999160767,0.014628247357904911,1.161806583404541,0.4748954474925995,-1.132482886314392,-1.1110682487487793,-0.5074256062507629,-1.4065654277801514,-2.9052579402923584,-3.1013636589050293,-2.0386898517608643,-0.2317914515733719,1.806555986404419,2.483261823654175,0.3976998031139374,-2.3232064247131348,-1.9137672185897827,1.5344935655593872,3.3992154598236084,2.79957914352417,1.7556036710739136,1.029105544090271,0.2715854346752167,1.564773678779602,6.550893306732178,9.215719223022461
-14.082297325134277,-13.982236862182617,-12.720196723937988,-10.991110801696777,-8.582663536071777,-5.239687919616699,-1.660278558731079,1.4161157608032227,4.248969554901123,5.011244773864746,1.403838872909546,-0.9184551239013672,-1.9093893766403198,-3.24760103225708,-6.159554958343506,-8.309520721435547,-6.11241340637207,-2.4348044395446777,-0.9260914921760559,-0.16182532906532288,0.9337472915649414,1.0488637685775757,0.1893673539161682,-0.6978853344917297,-1.9625251293182373,-3.363248348236084,-3.190725088119507,-1.7646758556365967,-0.32838553190231323,0.3852135241031647,-0.044619835913181305,-1.9778709411621094,-3.067458152770996,-1.6221113204956055,1.0907304286956787,2.6445648670196533,3.1589784622192383,3.2162938117980957,3.740384817123413,4.074737548828125,5.468349456787109,8.1465425491333,9.208459854125977
-10.172191619873047,-11.809459686279297,-12.018678665161133,-10.912015914916992,-9.553905487060547,-7.3311543464660645,-3.874572515487671,0.43122655153274536,3.5197064876556396,5.990861415863037,3.418064594268799,0.009875797666609287,-2.181744337081909,-3.2304770946502686,-3.6535370349884033,-6.0503249168396,-6.588140487670898,-3.200326442718506,-1.1979619264602661,-1.0884195566177368,-0.8299119472503662,0.965996503829956,1.8375273942947388,0.9252970218658447,-0.5535608530044556,-1.9468529224395752,-1.5285998582839966,-0.11677967756986618,0.3676895797252655,-0.8133212924003601,-2.3968939781188965,-3.49743390083313,-3.2038278579711914,-2.074263095855713,-0.510360598564148,1.1064176559448242,1.8646953105926514,2.5973989963531494,4.415277004241943,5.937243938446045,6.407132625579834,7.480352401733398,8.60232925415039
-6.743943214416504,-8.412353515625,-10.234102249145508,-10.405689239501953,-9.126469612121582,-8.499687194824219,-6.923566818237305,-2.1588284969329834,3.305938959121704,6.437784671783447,6.327291488647461,1.5982264280319214,-1.982123851776123,-2.877976655960083,-1.9576071500778198,-2.91658878326416,-4.248141288757324,-2.2746996879577637,-0.529692530632019,-1.079521894454956,-1.7301909923553467,-0.09097298234701157,1.971376657485962,2.3217639923095703,1.880487084388733,1.8585596084594727,2.077775478363037,2.1769587993621826,1.4086573123931885,-0.5153375864028931,-2.80456280708313,-3.976409435272217,-3.6040256023406982,-2.5512149333953857,-1.2857409715652466,-0.22856354713439941,0.10829296708106995,1.7155894041061401,4.526849746704102,5.687523365020752,5.611093521118164,5.823488712310791,6.417407989501953
-4.3977437019348145,-5.364822864532471,-7.130721092224121,-8.86809253692627,-8.966775894165039,-8.371002197265625,-7.787726879119873,-4.741900444030762,1.4521217346191406,5.177336692810059,9.243942260742188,3.6208856105804443,0.36138373613357544,-1.032809853553772,-0.41318485140800476,-0.31972166895866394,-1.4107396602630615,-0.6047848463058472,0.9181435704231262,-0.6118729710578918,-1.9374966621398926,-0.19086803495883942,1.4396872520446777,1.8931481838226318,2.1008856296539307,3.6557388305664062,4.8836283683776855,3.811352252960205,1.8448102474212646,-0.002860874868929386,-1.8582922220230103,-3.5319037437438965,-3.7017083168029785,-2.319021701812744,-0.9033117294311523,-0.4719788432121277,-0.2539568245410919,1.263330101966858,3.611827850341797,5.00417947769165,5.308852672576904,3.0330097675323486,0.2846653163433075
-2.5395781993865967,-3.1132500171661377,-3.9264163970947266,-5.254589557647705,-7.14154052734375,-7.68438720703125,-7.161818504333496,-6.101712226867676,-2.2511589527130127,3.748772382736206,10.062018394470215,6.874852657318115,2.8480889797210693,1.682500958442688,1.3008185625076294,1.4606363773345947,1.3182635307312012,2.3033196926116943,2.3596270084381104,0.40135228633880615,-1.0594199895858765,0.3183414936065674,1.2010606527328491,0.5218258500099182,0.6769206523895264,2.591677188873291,4.7899651527404785,4.332271575927734,2.063547372817993,-0.021691137924790382,-1.5172345638275146,-2.582744836807251,-2.675111770629883,-1.3505563735961914,0.3335743248462677,0.7681136727333069,-0.0956663265824318,0.3096918761730194,2.4052388668060303,3.473470449447632,2.431884527206421,-0.6389642357826233,-1.5109227895736694
0.011856505647301674,-0.8844649791717529,-1.7599523067474365,-2.120508909225464,-3.2097573280334473,-4.281518936157227,-3.8011128902435303,-3.395979404449463,-2.7591938972473145,2.798656940460205,8.640104293823242,11.069438934326172,5.767224311828613,3.8727571964263916,2.8791801929473877,2.910885810852051,3.24676251411438,6.575169563293457,5.237576484680176,1.1660268306732178,-1.0385923385620117,0.36996129155158997,0.6578426957130432,-0.6272394061088562,-0.5085774660110474,2.2057948112487793,4.604002475738525,4.584384441375732,3.0122058391571045,1.0074867010116577,-0.7569113373756409,-1.1487348079681396,-0.41442131996154785,0.9837927222251892,2.276864767074585,1.504895806312561,-0.163119375705719,0.16213589906692505,1.4095150232315063,2.0711350440979004,1.1179929971694946,-0.04528418183326721,2.4647650718688965
3.457927703857422,2.5589253902435303,1.138088345527649,0.09276235103607178,-0.3877617418766022,-0.18555715680122375,0.503123939037323,1.5387061834335327,0.02068404108285904,1.2170801162719727,5.3858160972595215,14.448650360107422,8.244443893432617,4.580377578735352,3.474050283432007,2.837683916091919,1.9049485921859741,5.321606159210205,4.898743629455566,1.0535647869110107,-0.40309420228004456,0.9241037964820862,0.8922522068023682,-0.22246885299682617,0.48439985513687134,3.5408458709716797,5.434102535247803,4.87472677230835,4.0918097496032715,2.738860845565796,0.6882006525993347,0.5330519676208496,1.89942467212677,2.976626396179199,4.19049596786499,2.773491382598877,1.4004710912704468,1.5104916095733643,1.893070936203003,2.0263524055480957,1.074453592300415,2.1953659057617188,5.0723090171813965
6.432601451873779,6.0068840980529785,4.499682903289795,2.618828058242798,2.109346866607666,2.9271771907806396,3.141598701477051,4.1800384521484375,3.6279618740081787,0.5515339970588684,3.5254528522491455,13.832832336425781,10.168353080749512,3.551222562789917,2.3586978912353516,1.4978688955307007,0.20359258353710175,2.8780791759490967,4.901803970336914,1.938547134399414,0.17108973860740662,1.2410780191421509,2.0371878147125244,1.7646678686141968,2.5005431175231934,4.9233832359313965,6.261063098907471,5.400060653686523,4.778404235839844,4.308567523956299,2.5545365810394287,2.302607297897339,3.3549907207489014,3.763082981109619,5.029934883117676,4.341638565063477,1.7535631656646729,1.3777087926864624,3.1201822757720947,4.644388198852539,2.262019395828247,0.8022423386573792,2.7513680458068848
8.428009033203125,8.202902793884277,6.823393821716309,5.430849075317383,4.866490840911865,5.054060459136963,4.741245746612549,5.006362438201904,5.30672025680542,2.930354118347168,4.600850582122803,9.410075187683105,11.852583885192871,4.628346920013428,1.6427640914916992,0.345638632774353,-0.025342918932437897,1.4822999238967896,4.246431350708008,3.9225010871887207,3.9862067699432373,3.239891767501831,2.7584404945373535,2.4040544033050537,2.885261058807373,5.147420406341553,6.665043830871582,6.021991729736328,5.102742671966553,5.033008098602295,4.016353607177734,3.5816032886505127,3.758803129196167,3.425536632537842,4.634625434875488,6.078547954559326,3.206505060195923,-1.381036639213562,2.7351388931274414,8.722084045410156,7.985576152801514,2.7584118843078613,-1.584874153137207
9.955849647521973,9.735152244567871,9.282846450805664,9.424275398254395,8.297685623168945,6.5233588218688965,5.756859302520752,4.6572489738464355,4.215001106262207,3.418726921081543,4.798953533172607,8.524808883666992,9.439167022705078,5.127644062042236,2.7884130477905273,1.555179476737976,1.7366671562194824,2.212695598602295,6.027866363525391,6.306861877441406,5.518914222717285,6.266056537628174,4.712915420532227,1.2044670581817627,0.8676660656929016,3.8711819648742676,6.1695380210876465,5.892839431762695,4.867051601409912,5.1358137130737305,4.509929180145264,3.1799380779266357,2.557040214538574,2.7101528644561768,4.0700836181640625,5.890227794647217,5.9430155754089355,1.408076286315918,1.6856623888015747,8.326714515686035,11.368921279907227,10.816561698913574,5.6497650146484375
12.444318771362305,12.324065208435059,11.673063278198242,11.927979469299316,11.636903762817383,8.449800491333008,5.7039313316345215,4.196868896484375,2.4843907356262207,2.2096357345581055,3.9849929809570312,6.423905372619629,6.019415378570557,0.71806800365448,-0.2582293748855591,0.29110240936279297,2.500683069229126,3.2590832710266113,8.222888946533203,9.528990745544434,5.770306587219238,2.8739986419677734,-0.9213703870773315,-3.2850959300994873,-2.4371464252471924,1.3829283714294434,4.710968017578125,5.128625869750977,4.813083648681641,5.064514636993408,3.5651516914367676,1.758736252784729,1.3275868892669678,0.6563219428062439,1.8249130249023438,4.478569507598877,7.547608852386475,6.5125627517700195,4.729181289672852,7.2060866355896,10.249860763549805,11.203778266906738,12.024304389953613
15.613157272338867,16.75965118408203,14.54521369934082,10.861042022705078,10.007593154907227,9.487767219543457,7.431270122528076,5.985281944274902,3.4579546451568604,1.4780664443969727,2.047041654586792,4.7435431480407715,4.489777088165283,-2.558523416519165,-5.220887660980225,-3.1733200550079346,1.670015573501587,4.007369518280029,7.619599342346191,12.076205253601074,7.8189592361450195,2.854510545730591,0.24025335907936096,-2.2310307025909424,-3.1558871269226074,-0.671942412853241,2.9504013061523438,4.634164333343506,5.549981594085693,4.893961429595947,1.9852451086044312,0.42040666937828064,-0.02459876611828804,-1.3453792333602905,0.06844104826450348,3.3298263549804688,8.530410766601562,9.084606170654297,5.247209548950195,4.94224214553833,9.411998748779297,10.595032691955566,11.469850540161133
16.345102310180664,19.586883544921875,17.932157516479492,11.681487083435059,5.045155048370361,5.271657466888428,7.7998504638671875,9.583512306213379,7.379828929901123,3.515014171600342,-0.07177397608757019,3.032444477081299,4.12684440612793,-2.3668880462646484,-3.8770430088043213,-1.818698763847351,1.8322265148162842,4.625730991363525,5.394287109375,12.374732971191406,11.429418563842773,6.214105129241943,4.7379536628723145,3.8189258575439453,1.5187344551086426,0.5471108555793762,2.2454121112823486,4.100979804992676,4.827996730804443,3.756572961807251,0.30124977231025696,-0.26012060046195984,0.8681495785713196,-1.5771433115005493,-2.7922136783599854,0.6501927375793457,8.02574348449707,11.962306022644043,9.04224967956543,3.6151998043060303,2.1314711570739746,4.0472588539123535,7.208379745483398
16.201519012451172,19.447345733642578,18.679046630859375,15.42684268951416,9.251880645751953,4.347206115722656,3.9497017860412598,10.02199649810791,12.449114799499512,8.4767427444458,2.43745756149292,1.1216696500778198,2.764582395553589,-0.8854846358299255,-1.8310269117355347,1.2279280424118042,1.1180299520492554,4.240316390991211,5.712581634521484,10.108355522155762,12.644697189331055,7.742734909057617,6.5422749519348145,7.56639289855957,6.825522422790527,4.438740253448486,3.452723264694214,4.232795715332031,4.848347187042236,3.921403169631958,0.5195105075836182,-0.4424017369747162,0.7662746906280518,-0.9767932891845703,-3.293417453765869,-0.549480140209198,6.701908588409424,12.083192825317383,11.673212051391602,6.8286333084106445,1.6587848663330078,-0.23950782418251038,1.4306390285491943
15.968631744384766,18.739158630371094,18.952289581298828,17.807714462280273,14.351995468139648,8.615031242370605,5.44000244140625,5.847388744354248,13.956562042236328,13.87563419342041,8.620409965515137,1.422719120979309,0.4681716561317444,0.8985963463783264,-0.2820875644683838,1.220017433166504,-0.19479788839817047,1.065921664237976,4.970186710357666,8.961950302124023,11.637410163879395,9.245993614196777,6.6058502197265625,7.381257057189941,7.791139602661133,6.074380874633789,4.374729633331299,4.684609413146973,5.937118053436279,5.7151384353637695,2.572807788848877,0.41430211067199707,0.8166446089744568,0.3709847629070282,-1.442739486694336,-0.6427590847015381,4.227760314941406,9.113059997558594,10.96371078491211,11.812392234802246,9.602357864379883,4.022753715515137,1.1800241470336914
15.815668106079102,18.76274871826172,20.893943786621094,20.097904205322266,18.056467056274414,12.471909523010254,7.320381164550781,5.752261638641357,10.43216323852539,16.635793685913086,13.394238471984863,6.566512107849121,0.378396213054657,-0.09474164247512817,-0.019334914162755013,1.1947202682495117,1.878336787223816,-0.9402933716773987,2.53336238861084,7.3471479415893555,11.15272045135498,11.083898544311523,6.348465919494629,3.7982466220855713,4.1260905265808105,4.50961971282959,4.465316295623779,5.05096960067749,6.499009132385254,7.089190483093262,4.86599588394165,2.1582446098327637,1.6149195432662964,2.105836868286133,0.7754823565483093,-0.462126225233078,1.3136365413665771,4.176476955413818,6.874576568603516,11.684774398803711,15.4788179397583,12.285158157348633,6.759893417358398
