data/wind_data/wind_Surface_67.json
{"header": {"parameterUnit": "KT", "parameterCategory": 2, "nx": 255, "ny": 198, "lo1": 44.73521041870117, "la1": -3.236724853515625, "lo2": 111.26478576660156, "la2": 43.468475341796875, "dx": 0.26192745566368103, "dy": -0.23708222806453705, "refTime": "2025-02-21 19:00:00", "forecastTime": 0, "parameterNumber": 3, "parameterNumberName": "northward_wind"}, "data":
[rows 76 to 94 of 198, columns 129 to 171 of 255]
4.303549289703369,7.092411518096924,9.005617141723633,8.942237854003906,8.086092948913574,7.2981486320495605,5.221495151519775,3.738649606704712,2.2080602645874023,0.8392133712768555,0.31587663292884827,2.156245470046997,2.040428638458252,2.619232177734375,6.080609321594238,5.651975631713867,5.292600154876709,4.727237224578857,3.84059476852417,3.5142364501953125,3.3535866737365723,3.5318715572357178,3.455775022506714,2.5237250328063965,1.5679267644882202,1.6011523008346558,1.8649111986160278,1.3035714626312256,0.49570444226264954,0.05426923185586929,-0.3773939907550812,-1.084659457206726,-1.8241709470748901,-2.5524728298187256,-3.3091635704040527,-3.9300577640533447,-4.657584190368652,-5.377862453460693,-5.983616352081299,-6.422883033752441,-6.824352741241455,-6.929876327514648,-6.943324565887451
3.4158365726470947,5.125710964202881,5.29152250289917,5.978163242340088,6.869814872741699,6.74481725692749,5.70375919342041,4.793711185455322,2.937838315963745,1.077663540840149,-1.0796982049942017,-1.5882755517959595,-1.8798491954803467,-1.0941827297210693,1.9092999696731567,5.0799784660339355,4.482996940612793,4.280340194702148,4.629805564880371,4.408836841583252,3.9575109481811523,3.76428484916687,3.338132619857788,2.5966439247131348,1.6528332233428955,2.1586458683013916,2.196359634399414,1.6396318674087524,1.2943965196609497,1.1760880947113037,0.4375799894332886,-0.32858479022979736,-1.1912355422973633,-2.0804524421691895,-2.871107816696167,-3.4740428924560547,-4.229989051818848,-5.007079124450684,-5.660886764526367,-6.164852142333984,-6.7741312980651855,-7.112581729888916,-7.356594562530518
3.7254719734191895,3.377817153930664,2.3606619834899902,3.089780569076538,3.6926333904266357,4.60407829284668,5.118293762207031,5.8174943923950195,5.098183631896973,3.3415098190307617,1.015405297279358,-0.20721694827079773,-1.1576814651489258,-1.853310465812683,0.11526601761579514,2.3946824073791504,1.7232401371002197,2.0134129524230957,3.1930525302886963,4.055694580078125,3.5508251190185547,3.6795814037323,3.8199734687805176,3.3383400440216064,2.6765830516815186,2.5872766971588135,2.3139090538024902,2.0571136474609375,2.0129897594451904,1.5979644060134888,0.7532433271408081,0.08269418776035309,-0.7787290215492249,-1.671119213104248,-2.3985073566436768,-2.980083703994751,-3.740882635116577,-4.617252826690674,-5.368063926696777,-6.054447650909424,-6.837777137756348,-7.5367326736450195,-8.270747184753418
5.013176441192627,3.8123950958251953,1.9571409225463867,3.034705638885498,3.8328685760498047,4.1636505126953125,4.534200668334961,6.255331993103027,6.630596160888672,5.6567792892456055,4.991057395935059,3.864737033843994,1.6115775108337402,-1.0028133392333984,-0.4268064498901367,-0.4153088927268982,0.7094491124153137,0.03446867689490318,0.19310380518436432,1.8737051486968994,3.337190866470337,3.4700701236724854,4.5199079513549805,4.50465202331543,4.214197635650635,4.039952278137207,4.001680374145508,3.775899887084961,3.148225784301758,2.3333182334899902,1.5016965866088867,0.5386087894439697,-0.355887770652771,-1.1651685237884521,-1.7855626344680786,-2.3656225204467773,-3.1758735179901123,-4.113130569458008,-4.9843316078186035,-5.924826145172119,-6.872215747833252,-7.874289512634277,-8.909212112426758
5.146813869476318,3.9121241569519043,3.097019910812378,4.569535732269287,5.251674652099609,5.66975212097168,5.067221164703369,5.7141313552856445,6.917523384094238,7.004402160644531,8.12964153289795,7.379309177398682,3.6925857067108154,0.9574447274208069,-0.33725258708000183,-1.4007720947265625,0.662232518196106,1.6443043947219849,1.541551947593689,2.131390333175659,3.556734800338745,4.229879379272461,4.869883060455322,5.321730613708496,5.502990245819092,5.721346378326416,5.779690742492676,5.345799922943115,4.425848007202148,3.3078668117523193,2.2250144481658936,1.248979926109314,0.36574241518974304,-0.34636032581329346,-0.8586562275886536,-1.4978034496307373,-2.4193553924560547,-3.3693623542785645,-4.322230339050293,-5.312590599060059,-6.315502166748047,-7.474577903747559,-8.590538024902344
4.751500129699707,4.7901105880737305,4.704421520233154,5.312390327453613,6.414394855499268,7.283952713012695,6.881689071655273,6.679429531097412,7.072988033294678,7.653887748718262,8.11613655090332,8.100723266601562,5.890683174133301,3.9422082901000977,1.5778000354766846,0.7673879265785217,0.37016281485557556,1.7836580276489258,3.5322604179382324,4.71181583404541,4.199299335479736,4.793303966522217,4.902684688568115,5.523534297943115,5.607992172241211,5.65912389755249,6.181740760803223,6.03524112701416,5.231759071350098,4.190903663635254,3.337942600250244,2.358121633529663,1.3158575296401978,0.5715848803520203,0.06390763819217682,-0.5928257703781128,-1.438037633895874,-2.360281467437744,-3.352715492248535,-4.331061840057373,-5.260468482971191,-6.325143814086914,-7.461840629577637
4.710415840148926,5.672326564788818,6.250505447387695,7.396120071411133,7.0934929847717285,7.77212381362915,8.416226387023926,8.05823040008545,6.800903797149658,6.479892730712891,5.488159656524658,4.451024055480957,6.736592769622803,7.939234256744385,5.063151836395264,4.855761528015137,2.685420513153076,2.594470262527466,3.699845790863037,3.456387996673584,5.870567321777344,5.376835823059082,5.313652515411377,5.440623760223389,5.555945873260498,5.542023658752441,5.973739147186279,6.05582332611084,5.972746849060059,5.631181240081787,4.856224536895752,3.605652332305908,2.493328094482422,1.6330748796463013,0.8538950681686401,0.09045132249593735,-0.5684486627578735,-1.2440510988235474,-2.1242504119873047,-3.103341817855835,-4.062325477600098,-4.973862171173096,-6.045628070831299
4.058897972106934,5.0948805809021,5.35837459564209,5.9634108543396,6.206265926361084,7.064204692840576,7.3271803855896,6.776308536529541,5.574885845184326,5.143484115600586,4.555076599121094,1.5881787538528442,2.412208080291748,5.4842047691345215,7.579431533813477,6.795218467712402,5.523807525634766,5.715451717376709,4.512557506561279,3.6207334995269775,5.325556755065918,5.737219333648682,5.78260612487793,5.480371475219727,5.793617248535156,5.721593856811523,5.835903167724609,5.9574127197265625,6.181497573852539,6.127184867858887,5.70625114440918,4.844597339630127,4.002373695373535,2.8207850456237793,1.538552165031433,0.4654865860939026,-0.18566709756851196,-0.5791386365890503,-1.1026560068130493,-1.798558235168457,-2.650909900665283,-3.5812203884124756,-4.608835220336914
4.317206859588623,4.571639060974121,4.000909328460693,3.304936408996582,3.5652992725372314,4.026856899261475,4.341344833374023,4.187479019165039,5.603916168212891,5.792172908782959,4.833410739898682,2.704068422317505,0.11991437524557114,0.051823392510414124,3.999535083770752,7.57142448425293,6.851554870605469,6.818391799926758,5.311771869659424,4.394265174865723,4.015862941741943,4.811792850494385,4.846563339233398,5.973708152770996,6.27178430557251,6.5888895988464355,6.549214839935303,6.783438682556152,7.133584499359131,6.858431816101074,6.481228828430176,6.029341697692871,5.193239688873291,3.85309100151062,2.5726511478424072,1.2255879640579224,0.20744021236896515,-0.3635232746601105,-0.6924043297767639,-1.0496578216552734,-1.556288480758667,-2.32295298576355,-3.271811008453369
5.420150279998779,5.587835788726807,5.17266845703125,4.117452621459961,2.781759738922119,2.2550697326660156,3.2741410732269287,4.259486675262451,5.895284175872803,5.6663498878479,5.4507060050964355,5.66607141494751,3.2500555515289307,0.74421226978302,2.4338595867156982,5.591874122619629,6.706480026245117,6.018154144287109,5.627468109130859,5.212291240692139,3.7201249599456787,4.403793811798096,4.259516716003418,5.871934413909912,7.127960205078125,7.407763481140137,7.752662181854248,7.440826416015625,8.43576717376709,7.903608798980713,7.251490116119385,6.713666915893555,6.024949550628662,4.9828362464904785,3.786897897720337,2.4644298553466797,1.1194264888763428,0.21286000311374664,-0.23988308012485504,-0.630969762802124,-1.1195120811462402,-1.6905781030654907,-2.4078571796417236
0.3981180787086487,3.3624019622802734,4.156740665435791,4.629462242126465,4.416340351104736,4.208930969238281,3.796278715133667,2.787917137145996,2.453064441680908,0.8657960295677185,1.5671513080596924,4.824990272521973,5.157809257507324,5.07436990737915,4.454305171966553,5.791870594024658,6.086086273193359,6.251524448394775,7.222953796386719,6.335117816925049,5.578085422515869,4.925929546356201,6.015292644500732,5.956900596618652,7.943334102630615,8.78478717803955,8.844245910644531,8.288724899291992,9.522076606750488,8.921300888061523,8.257109642028809,7.593997001647949,6.771842956542969,5.881295680999756,4.6101765632629395,3.731816053390503,2.647296905517578,1.607735514640808,0.7951390743255615,0.03218535706400871,-0.7911219000816345,-1.5062695741653442,-2.193794012069702
-5.033353805541992,-3.936802625656128,-2.1103808879852295,2.133162021636963,4.6158881187438965,4.627036094665527,3.435340166091919,1.1308327913284302,-0.3667656183242798,-2.294116497039795,-3.30702805519104,1.5365439653396606,4.943546772003174,6.295888900756836,5.457718849182129,5.870673656463623,7.1803388595581055,8.287862777709961,8.691489219665527,7.180185317993164,6.577811241149902,5.893609046936035,7.785391807556152,6.025417804718018,6.713850498199463,9.361886024475098,9.86581802368164,9.396684646606445,9.491569519042969,9.512550354003906,9.305882453918457,8.673299789428711,7.594792366027832,6.5763678550720215,5.456418037414551,4.931708335876465,4.249507427215576,3.303100824356079,2.2194082736968994,1.138562560081482,-0.03475097566843033,-1.1605421304702759,-2.1397829055786133
-3.3413853645324707,-4.8679986000061035,-4.045875549316406,-1.9569296836853027,0.7491447329521179,2.263543128967285,1.9874390363693237,1.315073013305664,0.878740131855011,-0.07381632924079895,-1.9291881322860718,-0.9342508316040039,4.490584850311279,4.062994003295898,3.6652112007141113,4.761373043060303,7.453734397888184,8.964726448059082,8.458731651306152,7.08648681640625,5.186157703399658,4.424788951873779,5.583493232727051,5.186525344848633,5.422369480133057,5.778489589691162,10.305421829223633,9.89622974395752,10.034797668457031,10.099886894226074,9.890594482421875,9.637164115905762,8.491179466247559,7.447656154632568,6.508249282836914,5.960196495056152,5.376316547393799,4.510427951812744,3.6008002758026123,2.5176308155059814,1.2051372528076172,-0.16805297136306763,-1.461786150932312
1.2061067819595337,0.3878226578235626,-1.0654808282852173,-2.954096794128418,-2.5433738231658936,0.6397481560707092,2.416848659515381,2.1155753135681152,2.1286070346832275,1.8687564134597778,-0.09560935944318771,-2.6664011478424072,1.0078526735305786,2.5859012603759766,5.069739818572998,4.91331148147583,6.964268684387207,8.9979248046875,8.97502326965332,8.414201736450195,4.710635662078857,4.517550945281982,3.05622935295105,3.598436117172241,5.147200107574463,5.644091606140137,10.063531875610352,10.281198501586914,10.352967262268066,10.010886192321777,10.370444297790527,10.36737060546875,9.51438045501709,8.436601638793945,7.604855537414551,6.9234700202941895,6.170497894287109,5.296523094177246,4.461479187011719,3.748027801513672,2.6533403396606445,1.3486567735671997,-0.05090456083416939
-1.3929543495178223,0.407234787940979,-0.614976167678833,-2.7183914184570312,-2.800405502319336,1.1560583114624023,2.517270088195801,1.2260222434997559,1.7173008918762207,2.823746919631958,1.696724772453308,-2.056090831756592,-1.3509128093719482,1.781610131263733,3.422598361968994,3.19185471534729,5.539319038391113,8.729316711425781,11.405303001403809,10.280024528503418,7.4469895362854,5.75587797164917,3.6418843269348145,3.6874325275421143,5.066097259521484,6.670280933380127,7.481185436248779,8.462793350219727,7.5226922035217285,5.512214183807373,10.43070125579834,10.420323371887207,10.068203926086426,9.260826110839844,8.481897354125977,7.79258918762207,6.925968170166016,5.932295799255371,5.210853576660156,4.599643707275391,3.826847553253174,2.9496188163757324,1.6720489263534546
-5.50117826461792,-2.7373416423797607,-2.781202554702759,-3.7636735439300537,-3.4510269165039062,-1.3650193214416504,0.7226217985153198,0.4434761703014374,1.1199488639831543,2.951721668243408,2.7917532920837402,0.3951091766357422,1.5877254009246826,2.4947397708892822,2.153367280960083,0.7667999863624573,4.364869117736816,6.883239269256592,11.052264213562012,12.68499755859375,9.974788665771484,8.760144233703613,6.370016098022461,6.788503170013428,6.726204872131348,7.402959823608398,7.2322821617126465,7.364805698394775,7.207886695861816,2.9243040084838867,5.0927348136901855,9.017745971679688,9.873357772827148,9.41477108001709,9.05472469329834,8.40066146850586,7.56490421295166,6.579829216003418,5.8319621086120605,5.22808313369751,4.641864776611328,3.999070167541504,2.9441781044006348
-5.066066265106201,-3.4498608112335205,-3.4596853256225586,-4.6421895027160645,-3.8064212799072266,-3.801037549972534,-0.6776095628738403,0.4705074727535248,0.38502058386802673,1.3575879335403442,3.5181078910827637,3.1998939514160156,4.317242622375488,3.7164785861968994,2.661884069442749,2.310274600982666,4.573667049407959,5.5659589767456055,8.36093521118164,11.06602668762207,9.342116355895996,10.572051048278809,11.003984451293945,9.47596549987793,7.322638034820557,8.305624008178711,8.273545265197754,7.9188971519470215,7.631284236907959,3.1200263500213623,2.1273529529571533,4.227689266204834,9.581465721130371,9.387937545776367,9.071504592895508,8.784632682800293,8.285355567932129,7.2776055335998535,6.295031547546387,5.556486129760742,5.034517288208008,4.339077949523926,3.4602158069610596
-5.870877742767334,-5.339062213897705,-4.371435642242432,-2.4618024826049805,-4.225348472595215,-4.400417804718018,-2.3076798915863037,-0.22804121673107147,0.567082941532135,1.5543432235717773,4.040294170379639,3.1998507976531982,4.547748565673828,4.9269914627075195,4.691269397735596,4.0131144523620605,5.011596202850342,5.662191867828369,7.107044219970703,8.286646842956543,7.447818279266357,9.502304077148438,10.739202499389648,9.227187156677246,8.430827140808105,8.578320503234863,9.556218147277832,8.433659553527832,6.73608922958374,3.7556586265563965,1.9695345163345337,1.9703761339187622,4.856678485870361,8.482529640197754,8.973443984985352,9.108917236328125,8.843084335327148,7.9017791748046875,6.61746883392334,5.409573078155518,4.559698581695557,3.667726993560791,3.088311195373535
-7.50274658203125,-7.277673721313477,-5.464774131774902,-0.5907019972801208,-3.2420077323913574,-4.450326442718506,-3.9660916328430176,-1.2825909852981567,0.09437139332294464,0.6412535905838013,3.044365406036377,3.7517383098602295,4.452983379364014,5.486771106719971,5.201211452484131,4.207394599914551,4.920418739318848,6.1354522705078125,6.718024253845215,7.314370632171631,4.938918590545654,4.312102317810059,4.664740085601807,7.925171375274658,10.472249984741211,9.019692420959473,7.520766258239746,6.18596076965332,4.590174198150635,3.086212396621704,1.5797524452209473,1.2873996496200562,2.2187047004699707,6.9036736488342285,8.660274505615234,9.268688201904297,9.423446655273438,8.568960189819336,7.2745161056518555,5.476512908935547,4.068521499633789,2.9004361629486084,2.3561079502105713
