data/wind_data/wind_7_8.json
{"header": {"parameterUnit": "KT", "parameterCategory": 2, "nx": 256, "ny": 198, "lo1": 44.73521041870117, "la1": -3.236724853515625, "lo2": 111.26478576660156, "la2": 43.468475341796875, "dx": 0.2609002888202667, "dy": -0.23708222806453705, "refTime": "2025-02-19 07:00:00", "forecastTime": 0, "parameterNumber": 2, "parameterNumberName": "eastward_wind"}, "data":
[rows 171 to 189 of 198, columns 0 to 43 of 256]
46.247920989990234,46.31275939941406,46.744781494140625,49.78041458129883,53.951297760009766,54.88628387451172,51.827972412109375,47.34941101074219,44.432823181152344,44.49182891845703,47.04880142211914,50.00446319580078,49.4713020324707,47.19033432006836,48.02298355102539,50.308929443359375,48.75716781616211,44.96438217163086,43.32082748413086,43.65796661376953,44.04433059692383,44.229610443115234,44.70085906982422,45.423004150390625,45.9688606262207,46.277164459228516,46.63219451904297,46.9592399597168,46.92704391479492,46.72551727294922,46.89705276489258,47.57512664794922,48.356563568115234,48.78206253051758,48.721561431884766,48.33832550048828,47.739013671875,46.981788635253906,46.14408874511719,45.2891731262207,44.41907501220703,43.609683990478516,43.016029357910156,42.888099670410156
44.929542541503906,46.15067672729492,47.20708465576172,51.035892486572266,55.63557815551758,55.998779296875,51.31813049316406,45.53258514404297,43.762454986572266,46.336395263671875,50.61341094970703,52.74898147583008,50.41156005859375,47.988197326660156,48.843685150146484,49.17479705810547,46.42815399169922,43.83051681518555,43.63041687011719,44.435977935791016,44.71578598022461,44.75331115722656,45.19876480102539,45.78285217285156,46.045345306396484,46.22178649902344,46.713863372802734,47.22414016723633,47.37355041503906,47.35525894165039,47.62112808227539,48.310020446777344,49.19469451904297,49.942134857177734,50.34257507324219,50.13601303100586,48.956661224365234,46.972755432128906,45.10562515258789,44.11830139160156,43.81774139404297,43.528564453125,42.96199417114258,42.538780212402344
44.80835723876953,47.252418518066406,49.14482116699219,52.6530876159668,57.53755187988281,57.16678237915039,50.26291275024414,44.55925750732422,46.0893440246582,50.57537841796875,53.96739959716797,55.16632080078125,52.64143753051758,48.83332824707031,46.9683723449707,46.328147888183594,45.22547912597656,43.61869812011719,42.63297653198242,42.814552307128906,43.54008483886719,44.19890213012695,44.62808609008789,44.718894958496094,44.700069427490234,45.217018127441406,46.20586013793945,47.194698333740234,47.88473892211914,48.29132080078125,48.626129150390625,49.15248489379883,50.009544372558594,51.04157257080078,51.782470703125,51.4413948059082,49.4306526184082,46.43075180053711,44.14133071899414,43.46998977661133,43.70386505126953,43.70203399658203,43.1221923828125,42.47663497924805
45.218082427978516,49.619441986083984,51.82771682739258,54.40345001220703,59.481746673583984,57.74819564819336,48.766502380371094,44.79420471191406,49.751773834228516,55.11128616333008,57.87836837768555,58.27970504760742,54.148170471191406,47.8831787109375,44.60994338989258,45.0368766784668,45.309688568115234,43.39570999145508,41.346900939941406,41.40980529785156,42.81976318359375,43.76601791381836,44.0369873046875,44.40811538696289,45.50210952758789,47.07493209838867,48.59407424926758,49.69218826293945,50.241703033447266,50.34739685058594,50.304046630859375,50.50792694091797,51.17926788330078,52.133155822753906,52.57636642456055,51.51279830932617,48.78746795654297,45.66197204589844,43.72208786010742,43.389400482177734,43.70481872558594,43.75754928588867,43.364994049072266,42.72407531738281
45.92311096191406,51.267208099365234,52.958248138427734,54.86996841430664,59.748966217041016,56.287017822265625,46.058292388916016,44.104652404785156,52.05341339111328,59.20355224609375,61.514549255371094,59.219940185546875,53.231910705566406,46.7106819152832,43.610694885253906,44.2425537109375,44.93489074707031,43.32453155517578,41.29999923706055,41.43832015991211,42.787452697753906,43.37821960449219,43.849117279052734,45.79849624633789,48.6197395324707,50.925445556640625,52.21060562133789,52.662349700927734,52.61100387573242,52.34638977050781,52.1461067199707,52.2589225769043,52.74699401855469,53.189823150634766,52.59980773925781,50.439632415771484,47.430580139160156,44.936458587646484,43.800785064697266,43.663414001464844,43.723384857177734,43.6916618347168,43.48002624511719,42.88398742675781
46.97922897338867,50.3887939453125,51.499813079833984,53.1768684387207,57.627655029296875,53.171756744384766,42.38250732421875,41.93186569213867,53.337554931640625,63.014610290527344,62.78620147705078,57.06559371948242,51.262882232666016,46.24238586425781,42.806922912597656,42.20048904418945,43.466163635253906,44.028282165527344,43.11362075805664,42.42192077636719,42.37513732910156,42.56540298461914,44.521141052246094,48.21455383300781,51.47108459472656,53.24760437011719,53.94600296020508,54.10272979736328,54.00559616088867,53.739173889160156,53.494529724121094,53.6131706237793,53.923213958740234,53.61934280395508,51.8848762512207,48.917442321777344,45.979469299316406,44.291019439697266,44.061702728271484,44.33106994628906,44.26858139038086,43.92933654785156,43.4798698425293,42.7177848815918
47.863197326660156,49.47086715698242,50.188236236572266,51.56757354736328,55.89710998535156,51.237030029296875,40.435543060302734,41.206695556640625,55.645938873291016,65.70927429199219,61.790740966796875,54.095951080322266,49.385833740234375,45.113433837890625,41.012874603271484,40.13763427734375,42.78478240966797,45.00703811645508,44.38901138305664,42.54997253417969,41.64291763305664,42.868263244628906,46.38056182861328,50.08113098144531,52.30813217163086,53.28377914428711,53.70068359375,53.93090057373047,54.09224319458008,53.99973678588867,53.693973541259766,53.42831039428711,53.1405029296875,52.29513931274414,50.23079299926758,47.301666259765625,44.8789176940918,44.03562545776367,44.60792922973633,45.356685638427734,45.314273834228516,44.59928894042969,43.626251220703125,42.43007278442383
48.63629913330078,51.86238479614258,51.6976432800293,52.2380256652832,56.745887756347656,52.41105651855469,42.399784088134766,43.88902282714844,58.619083404541016,67.17618560791016,61.04648971557617,52.389163970947266,47.93865966796875,44.54390335083008,41.08779525756836,39.94768524169922,42.355125427246094,44.45835876464844,43.55315399169922,41.71753692626953,41.828948974609375,44.65319061279297,48.24858474731445,50.78237533569336,52.090877532958984,52.95090866088867,53.54671096801758,53.803688049316406,53.804832458496094,53.564022064208984,52.9371223449707,51.98838806152344,51.115726470947266,50.13966751098633,48.39891815185547,46.143470764160156,44.51139831542969,44.28110122680664,45.19041442871094,46.09815216064453,46.1088752746582,45.332218170166016,44.15631103515625,42.66078186035156
49.0287971496582,54.142635345458984,53.27288055419922,53.272552490234375,57.79220199584961,54.21331787109375,45.81083679199219,47.61982727050781,60.236114501953125,66.33303833007812,59.94260025024414,51.456199645996094,46.72376251220703,43.6636848449707,40.321388244628906,38.097328186035156,39.38896179199219,40.90047836303711,40.73580551147461,41.010746002197266,42.928009033203125,45.444026947021484,47.997344970703125,50.12611389160156,51.7480583190918,53.06096649169922,53.68312454223633,53.541717529296875,53.05719757080078,52.26896286010742,50.98055648803711,49.501136779785156,48.50901794433594,47.91276931762695,46.96100616455078,45.65959548950195,44.72040557861328,44.712337493896484,45.476409912109375,46.14122772216797,46.092620849609375,45.47401428222656,44.42636489868164,42.995147705078125
48.447731018066406,52.737945556640625,52.098236083984375,52.601192474365234,56.685611724853516,54.162166595458984,48.21376037597656,50.18278884887695,59.01240158081055,62.651580810546875,57.79282760620117,50.18022537231445,44.192108154296875,39.88599395751953,35.60799789428711,32.81778335571289,34.07560729980469,36.78444290161133,39.512306213378906,42.30210876464844,43.61447525024414,44.65031051635742,46.765174865722656,49.33225631713867,51.51637268066406,52.662376403808594,52.61007308959961,52.020694732666016,51.223411560058594,49.92669677734375,48.138671875,46.546905517578125,45.892330169677734,45.998016357421875,45.95125198364258,45.428165435791016,44.92095184326172,44.8664665222168,45.13023376464844,45.264381408691406,45.112510681152344,44.70219039916992,43.787567138671875,42.465492248535156
47.188446044921875,49.06251907348633,49.28615951538086,50.583553314208984,53.9505615234375,52.86174774169922,49.07413864135742,49.70124053955078,54.96819305419922,57.99555206298828,54.344234466552734,46.497798919677734,38.821998596191406,32.763668060302734,26.159393310546875,24.542219161987305,29.08363914489746,35.00273132324219,40.56503677368164,43.017547607421875,42.922664642333984,43.72208023071289,46.18467712402344,48.96436309814453,50.67715835571289,50.939945220947266,50.31415939331055,49.636260986328125,48.93247985839844,47.65978240966797,45.85279083251953,44.321998596191406,43.8134765625,44.311641693115234,45.012367248535156,45.17561340332031,44.89651107788086,44.62792205810547,44.40999984741211,44.11183547973633,43.907920837402344,43.79541778564453,43.13292694091797,41.808502197265625
46.57867431640625,46.419525146484375,47.36824035644531,49.00511932373047,52.30121994018555,52.21998977661133,49.05260467529297,48.629608154296875,52.02920150756836,53.64802169799805,49.8791618347168,42.20634078979492,32.574501037597656,22.15117835998535,14.350970268249512,19.649574279785156,29.005643844604492,37.31473922729492,42.56511688232422,43.383262634277344,43.3697624206543,44.77880096435547,46.952301025390625,48.459075927734375,48.91832733154297,48.71731185913086,48.2040901184082,47.708290100097656,47.195919036865234,46.17694091796875,44.62992858886719,43.289424896240234,42.848915100097656,43.449275970458984,44.57179641723633,45.293975830078125,45.23431396484375,44.730506896972656,44.058509826660156,43.379520416259766,43.12268829345703,43.46774673461914,43.617332458496094,42.793941497802734
47.080039978027344,48.02864074707031,48.44282913208008,49.78387451171875,53.04021072387695,53.721012115478516,51.18962478637695,49.56224822998047,50.8468132019043,51.85791015625,48.50513458251953,39.2471809387207,26.62321662902832,11.878914833068848,11.894410133361816,22.623729705810547,34.024696350097656,42.38523864746094,45.4860725402832,45.853675842285156,46.656253814697266,47.79159164428711,47.979373931884766,47.3592643737793,47.20723342895508,47.86077117919922,48.12218475341797,47.3328971862793,46.11287307739258,45.039215087890625,44.20075225830078,43.576499938964844,43.25984573364258,43.492244720458984,44.37001037597656,45.42463302612305,45.94187545776367,45.575927734375,44.511741638183594,43.33895492553711,42.87654113769531,43.50799560546875,44.595237731933594,45.04719543457031
47.60124588012695,47.938438415527344,48.4375114440918,50.1092529296875,53.823734283447266,55.216827392578125,53.13505935668945,50.85160446166992,50.88323974609375,51.86826705932617,48.16665267944336,36.601924896240234,20.529754638671875,10.140233039855957,17.350799560546875,29.55221939086914,40.69157409667969,47.1952018737793,49.485347747802734,50.49034118652344,50.746036529541016,49.685394287109375,47.951683044433594,47.08600997924805,47.98482131958008,49.716976165771484,49.93048858642578,48.046630859375,45.862422943115234,44.9138069152832,45.017635345458984,45.069305419921875,44.58738708496094,44.15164566040039,44.49455261230469,45.58096694946289,46.57342529296875,46.60870361328125,45.67687225341797,44.524593353271484,43.96287536621094,44.43983459472656,45.6910400390625,46.802921295166016
47.15753173828125,50.193172454833984,49.954524993896484,50.78738784790039,54.54700469970703,56.401424407958984,54.563629150390625,52.11228561401367,51.96641159057617,52.604278564453125,47.0610466003418,33.86233901977539,18.839662551879883,17.229717254638672,25.849077224731445,37.33015823364258,46.686771392822266,51.68413162231445,53.73405456542969,53.56654357910156,51.76984405517578,49.894290924072266,49.224853515625,49.74476623535156,50.915409088134766,51.60720443725586,50.49309158325195,48.002838134765625,45.93348693847656,45.49128723144531,46.17979431152344,46.676971435546875,46.3156852722168,45.56013488769531,45.26218032836914,45.77773666381836,46.6302375793457,47.030235290527344,46.75144577026367,46.13125228881836,45.641361236572266,45.71829605102539,46.47092056274414,47.45140838623047
46.12469482421875,48.605037689208984,48.56294250488281,49.171085357666016,52.95635986328125,55.11922073364258,53.70072555541992,51.533042907714844,51.408470153808594,50.31447219848633,42.60329818725586,29.289775848388672,21.456134796142578,24.534378051757812,32.61648941040039,42.43549728393555,50.57891082763672,54.63776779174805,54.85102462768555,53.28723907470703,51.80091094970703,51.55379867553711,52.05052185058594,52.62825012207031,52.49011993408203,51.299156188964844,49.430198669433594,47.593109130859375,46.47674560546875,46.447776794433594,47.20186996459961,47.85260009765625,47.85987854003906,47.19552230834961,46.386817932128906,46.01189041137695,46.1832160949707,46.58647155761719,46.890567779541016,46.943275451660156,46.72389602661133,46.43123245239258,46.35858154296875,46.659881591796875
45.18178939819336,44.314693450927734,45.272098541259766,46.62479782104492,50.5923957824707,52.88311004638672,51.841392517089844,49.90167236328125,48.532684326171875,44.95158386230469,36.7730712890625,28.075763702392578,26.07184600830078,29.716808319091797,36.726341247558594,45.192691802978516,51.446205139160156,53.63810729980469,53.702178955078125,53.60432815551758,53.97915267944336,53.92459487915039,53.387123107910156,52.694366455078125,51.551353454589844,50.04017639160156,48.76252746582031,47.88093566894531,47.27386474609375,47.123291015625,47.60703659057617,48.3315315246582,48.73060989379883,48.43463134765625,47.60532760620117,46.81304168701172,46.37548065185547,46.33720016479492,46.668663024902344,47.14300537109375,47.35005569458008,46.99709701538086,46.17638397216797,45.508201599121094
44.409339904785156,43.740386962890625,44.765777587890625,46.40784454345703,50.46028137207031,52.6165885925293,51.49676513671875,48.91264343261719,45.82820129394531,41.80388641357422,36.99180221557617,33.17945098876953,31.595417022705078,33.37099075317383,38.32291030883789,44.50279235839844,48.99359893798828,51.785499572753906,54.13583755493164,55.81454086303711,55.93775177001953,54.8116455078125,53.31172180175781,51.74856948852539,50.109039306640625,48.86040496826172,48.46841049194336,48.41524887084961,47.85551452636719,47.20997619628906,47.265296936035156,48.01177978515625,48.827598571777344,49.105690002441406,48.70156478881836,47.97451400756836,47.35347366333008,47.10894775390625,47.36911392211914,47.90974044799805,48.138092041015625,47.5485725402832,46.206382751464844,44.85850524902344
43.74808883666992,44.294273376464844,45.637725830078125,47.80553436279297,52.462127685546875,54.4770393371582,52.50890350341797,49.08283615112305,45.78166198730469,43.98362350463867,43.33873748779297,39.85484313964844,34.833133697509766,33.737457275390625,38.11199951171875,43.57191848754883,47.847904205322266,52.08692169189453,55.80009841918945,57.147789001464844,56.380706787109375,54.9017219543457,53.19356155395508,51.20366668701172,49.38595199584961,48.494529724121094,48.70275115966797,49.0879020690918,48.720523834228516,48.08506774902344,48.00897216796875,48.49642562866211,49.05473327636719,49.265541076660156,49.0305290222168,48.58515930175781,48.22490310668945,48.13466262817383,48.35673522949219,48.65386199951172,48.53278732299805,47.63697052001953,46.14173889160156,44.70802307128906
