data/wind_data/wind_7_8.json
{"header": {"parameterUnit": "KT", "parameterCategory": 2, "nx": 256, "ny": 198, "lo1": 44.73521041870117, "la1": -3.236724853515625, "lo2": 111.26478576660156, "la2": 43.468475341796875, "dx": 0.2609002888202667, "dy": -0.23708222806453705, "refTime": "2025-02-19 07:00:00", "forecastTime": 0, "parameterNumber": 2, "parameterNumberName": "eastward_wind"}, "data":
[rows 95 to 113 of 198, columns 176 to 219 of 256]
15.553611755371094,15.132853507995605,15.618744850158691,15.166415214538574,12.345746994018555,8.696043014526367,6.936903476715088,7.410914421081543,9.12146282196045,10.989834785461426,12.717185020446777,15.110589981079102,17.558929443359375,17.926803588867188,16.848419189453125,16.917987823486328,16.56055450439453,14.580338478088379,12.958598136901855,11.931299209594727,10.498395919799805,9.560650825500488,9.946592330932617,11.057204246520996,12.222331047058105,13.218698501586914,13.85175895690918,14.185075759887695,14.988348007202148,16.510082244873047,17.9246826171875,18.36154556274414,17.492156982421875,16.14055824279785,15.474105834960938,15.12829303741455,14.104931831359863,12.608545303344727,11.318707466125488,10.28526496887207,9.950058937072754,11.1079683303833,12.9147310256958,13.767810821533203
15.801222801208496,15.022355079650879,15.344707489013672,15.370908737182617,13.349010467529297,9.712562561035156,7.041624069213867,6.539712905883789,7.332988262176514,8.616602897644043,10.816192626953125,13.702531814575195,15.735162734985352,14.824151992797852,14.476366996765137,16.956382751464844,18.077804565429688,16.061994552612305,14.349325180053711,13.816511154174805,13.034028053283691,12.350967407226562,12.316689491271973,12.283459663391113,12.338703155517578,13.237464904785156,14.390148162841797,14.680807113647461,14.83068561553955,16.086097717285156,18.229537963867188,20.056121826171875,20.1295108795166,18.823415756225586,17.381637573242188,16.126007080078125,15.147663116455078,14.70785140991211,14.032333374023438,12.659852981567383,11.954378128051758,12.807114601135254,14.000849723815918,14.454025268554688
16.88947105407715,16.035207748413086,15.916933059692383,15.811239242553711,14.491990089416504,11.645233154296875,8.609537124633789,7.002506732940674,6.746610164642334,7.593759536743164,10.47579574584961,13.669333457946777,13.452071189880371,10.715860366821289,11.683080673217773,15.777481079101562,17.967802047729492,16.871957778930664,15.539005279541016,15.275477409362793,15.140766143798828,15.149993896484375,15.48465633392334,15.106074333190918,14.200874328613281,14.384270668029785,15.289189338684082,15.393936157226562,15.323545455932617,16.433195114135742,18.66714859008789,20.73037338256836,21.330469131469727,20.636722564697266,19.248905181884766,17.52092933654785,16.426008224487305,16.382221221923828,16.32484245300293,15.625268936157227,15.163191795349121,15.417623519897461,15.148686408996582,14.246857643127441
17.28302574157715,17.130922317504883,17.14227867126465,16.95512580871582,15.878772735595703,13.45765495300293,10.233248710632324,7.651047706604004,6.673956394195557,7.927651882171631,11.343132019042969,13.936755180358887,11.965786933898926,8.63221263885498,9.622396469116211,13.20087718963623,15.513322830200195,15.722929954528809,15.237137794494629,15.11764144897461,15.502558708190918,16.294076919555664,17.181575775146484,17.257421493530273,16.682056427001953,16.737398147583008,17.288606643676758,16.662235260009766,15.687209129333496,16.649688720703125,19.198741912841797,21.169790267944336,21.50568199157715,20.94327163696289,20.11689567565918,18.918195724487305,17.91395378112793,17.97646141052246,18.29718589782715,18.168258666992188,18.316919326782227,18.292736053466797,16.591106414794922,14.509160995483398
16.523181915283203,16.7518310546875,17.49353790283203,17.98068618774414,17.342811584472656,14.958462715148926,11.407366752624512,8.113228797912598,6.968594074249268,9.223825454711914,12.658074378967285,14.074209213256836,12.47178840637207,10.109951972961426,9.762566566467285,11.173978805541992,12.419584274291992,13.124469757080078,13.132708549499512,12.784838676452637,13.043713569641113,14.2013578414917,15.638012886047363,16.34335708618164,16.659099578857422,17.79890251159668,19.229225158691406,18.8118839263916,16.88956642150879,16.851268768310547,19.0814208984375,20.915138244628906,21.189645767211914,20.90858268737793,20.80093765258789,20.110794067382812,19.127243041992188,19.27765464782715,20.06439781188965,20.55919075012207,21.220083236694336,21.214801788330078,19.010290145874023,16.10175132751465
16.42889404296875,15.972016334533691,16.72963523864746,18.04078483581543,18.25930404663086,16.202373504638672,12.508606910705566,8.94870376586914,7.971304893493652,10.523366928100586,13.335821151733398,14.775877952575684,14.827813148498535,12.773970603942871,10.966593742370605,10.502655029296875,10.63566780090332,11.432561874389648,11.915207862854004,11.41263484954834,11.058382987976074,12.018965721130371,13.642711639404297,14.429675102233887,14.78656005859375,16.343963623046875,18.35078239440918,19.023866653442383,18.41627311706543,17.998119354248047,18.724321365356445,19.94293785095215,20.729373931884766,21.239839553833008,21.84470558166504,21.662811279296875,20.685216903686523,20.645301818847656,21.649730682373047,22.773712158203125,23.86709213256836,24.22272491455078,22.496896743774414,19.229717254638672
18.03221321105957,16.857357025146484,16.58509063720703,17.573883056640625,18.166629791259766,16.748119354248047,13.616031646728516,10.528684616088867,9.583481788635254,11.088722229003906,13.38667106628418,15.678537368774414,16.79261016845703,15.475358009338379,13.294580459594727,11.527680397033691,10.835159301757812,11.297553062438965,12.015867233276367,12.221724510192871,12.065255165100098,12.453500747680664,13.47474479675293,14.084333419799805,14.199356079101562,14.970836639404297,16.528614044189453,17.743257522583008,18.572250366210938,19.12613296508789,19.047269821166992,19.057329177856445,19.82681655883789,21.208620071411133,22.569429397583008,22.77022361755371,22.118328094482422,22.344253540039062,23.314937591552734,24.345989227294922,25.876386642456055,27.22469139099121,26.307126998901367,23.263320922851562
20.5699520111084,19.48543357849121,18.207849502563477,17.667003631591797,17.498455047607422,16.48204803466797,14.255841255187988,11.894937515258789,10.963007926940918,11.240307807922363,12.720952033996582,15.879706382751465,18.62647247314453,17.8964786529541,15.409379959106445,13.840520858764648,13.164996147155762,12.75894546508789,12.898542404174805,13.548077583312988,13.975762367248535,14.289056777954102,14.832682609558105,15.119011878967285,15.079070091247559,15.297805786132812,16.059921264648438,17.25109100341797,18.17728042602539,18.50016975402832,18.804244995117188,19.056739807128906,19.4945011138916,20.712495803833008,22.067867279052734,22.82316017150879,23.429006576538086,24.200538635253906,24.48090934753418,24.928150177001953,26.850322723388672,29.30848503112793,29.721744537353516,27.647796630859375
22.60165786743164,21.955305099487305,20.665786743164062,19.13422203063965,17.888370513916016,16.649433135986328,14.900476455688477,13.069454193115234,12.044425010681152,11.409672737121582,12.39598560333252,16.201459884643555,19.917648315429688,19.624835968017578,17.58519172668457,16.974517822265625,16.67216682434082,15.132843017578125,13.777962684631348,13.851875305175781,14.673013687133789,15.49472713470459,15.959171295166016,16.13311004638672,16.673921585083008,17.107330322265625,17.122236251831055,17.93659210205078,19.107908248901367,18.72569465637207,17.721805572509766,18.20905303955078,19.623031616210938,20.598751068115234,21.172685623168945,22.391996383666992,24.400352478027344,25.74188804626465,25.489377975463867,25.45951271057129,27.151050567626953,29.69634246826172,31.44460678100586,31.016202926635742
23.879289627075195,23.48828887939453,22.799304962158203,21.727296829223633,20.479795455932617,19.004283905029297,17.22943687438965,15.515127182006836,14.027838706970215,12.573793411254883,13.046723365783691,16.69523811340332,20.13870620727539,20.960031509399414,20.498918533325195,19.996219635009766,19.026838302612305,17.111995697021484,15.453529357910156,15.051966667175293,15.47411823272705,16.1306209564209,16.607088088989258,17.130821228027344,17.992162704467773,18.412933349609375,18.738178253173828,19.82086753845215,20.994203567504883,20.821062088012695,19.376239776611328,18.542469024658203,19.054340362548828,20.014860153198242,21.338680267333984,23.550796508789062,25.847679138183594,26.675678253173828,26.371471405029297,26.542951583862305,27.705162048339844,29.67530632019043,31.961944580078125,32.45317840576172
25.32947540283203,25.161998748779297,24.99432373046875,24.65974235534668,24.06192398071289,22.942344665527344,21.286727905273438,19.441499710083008,17.426834106445312,15.502129554748535,14.906255722045898,16.417882919311523,19.356769561767578,22.264686584472656,23.150188446044922,22.157154083251953,20.624088287353516,19.007970809936523,17.647693634033203,17.000438690185547,16.883264541625977,17.011594772338867,17.36467170715332,18.092063903808594,18.79233741760254,19.15991973876953,19.935243606567383,21.432016372680664,22.693950653076172,22.61595344543457,21.53630256652832,20.714399337768555,20.26881980895996,19.6898136138916,20.381418228149414,23.34299659729004,26.581939697265625,27.94034767150879,27.85211753845215,27.61363410949707,28.028940200805664,29.734817504882812,31.989273071289062,32.86543273925781
27.722862243652344,27.56543731689453,27.6038818359375,27.55918312072754,27.258466720581055,26.578290939331055,25.350536346435547,23.529951095581055,21.49700927734375,19.625566482543945,17.848398208618164,16.65276336669922,18.453535079956055,22.129730224609375,23.72450065612793,23.614953994750977,23.284385681152344,22.15427589416504,20.709321975708008,19.727855682373047,18.95751190185547,18.28662109375,18.406661987304688,19.312332153320312,20.12590980529785,20.44774055480957,20.890592575073242,22.112394332885742,23.64689064025879,24.005847930908203,23.015962600708008,22.360258102416992,22.348894119262695,21.601160049438477,20.69051742553711,21.908655166625977,24.88458251953125,27.557090759277344,28.880720138549805,29.142253875732422,29.438678741455078,30.42392921447754,31.427146911621094,32.43281555175781
30.256750106811523,30.089567184448242,30.05845069885254,30.011281967163086,29.768760681152344,29.30205535888672,28.46607780456543,26.893251419067383,25.183826446533203,23.82806968688965,21.76604652404785,19.320899963378906,19.012393951416016,21.08272361755371,23.023561477661133,24.238786697387695,25.261444091796875,25.268699645996094,24.373394012451172,23.19464111328125,21.771081924438477,20.58858871459961,20.422086715698242,21.057695388793945,21.732017517089844,22.143695831298828,22.573795318603516,23.327804565429688,24.218631744384766,24.602622985839844,24.23465919494629,23.941822052001953,24.068782806396484,23.821443557739258,23.196563720703125,23.294754028320312,24.497411727905273,26.077245712280273,27.811662673950195,29.818883895874023,31.526025772094727,31.70163917541504,31.242591857910156,32.46483612060547
32.0064582824707,32.172157287597656,32.20537567138672,32.068565368652344,31.608556747436523,31.006914138793945,30.334489822387695,29.1082706451416,27.567392349243164,26.582504272460938,25.225563049316406,22.8690185546875,21.080602645874023,21.382259368896484,22.99475860595703,24.24333953857422,25.47313117980957,26.74538803100586,27.162038803100586,26.56330108642578,25.535778045654297,24.624547958374023,24.203285217285156,24.121557235717773,23.846097946166992,23.725624084472656,24.44609832763672,25.31417465209961,25.36930274963379,24.96129035949707,24.773170471191406,25.132572174072266,25.6241455078125,25.623579025268555,25.504165649414062,25.958139419555664,26.32364273071289,26.171791076660156,27.185529708862305,29.866683959960938,31.85926628112793,31.480506896972656,31.46567726135254,33.70936965942383
32.944149017333984,33.587799072265625,34.053558349609375,34.06882858276367,33.319522857666016,32.23131561279297,31.40744972229004,30.562278747558594,29.121906280517578,27.82123565673828,26.885089874267578,24.979467391967773,22.757537841796875,22.380874633789062,23.805875778198242,25.11349868774414,26.17738151550293,27.24394989013672,27.84575653076172,28.296010971069336,28.771583557128906,28.735801696777344,28.33734703063965,28.081172943115234,27.4040584564209,26.43784523010254,26.589153289794922,27.389833450317383,27.074237823486328,25.760953903198242,25.225622177124023,25.88494110107422,26.564716339111328,26.989675521850586,27.572546005249023,28.13751983642578,28.144744873046875,28.151092529296875,29.42566680908203,31.10605239868164,31.122467041015625,30.97709083557129,33.084720611572266,36.11372375488281
34.13541030883789,34.74748992919922,35.45622253417969,35.7562141418457,34.98350143432617,33.62501525878906,32.843746185302734,32.6530647277832,31.611188888549805,29.425151824951172,27.665424346923828,26.063310623168945,24.030141830444336,23.30047607421875,24.54138946533203,26.647958755493164,28.358457565307617,28.761943817138672,28.6162166595459,29.33344078063965,30.823978424072266,31.783123016357422,31.806310653686523,31.542497634887695,30.78885269165039,29.449674606323242,28.869813919067383,29.474454879760742,29.248716354370117,27.362903594970703,26.070470809936523,26.571237564086914,27.4775390625,28.36164665222168,29.567869186401367,30.20598030090332,29.89613151550293,30.354475021362305,32.33139419555664,33.242401123046875,32.30487060546875,32.973609924316406,36.29706954956055,39.119293212890625
36.104156494140625,36.292724609375,36.75715255737305,37.24431610107422,36.83559036254883,35.656429290771484,34.94609451293945,35.150020599365234,34.3787956237793,31.46981430053711,29.170867919921875,28.804973602294922,27.42523193359375,24.99852180480957,24.939668655395508,27.842670440673828,30.880876541137695,31.760704040527344,31.567249298095703,31.793489456176758,32.41497039794922,33.26483154296875,33.99932098388672,34.06865692138672,33.266544342041016,31.833784103393555,30.75592803955078,31.03341293334961,31.04371452331543,29.249324798583984,27.684833526611328,28.181665420532227,29.38259506225586,30.447725296020508,31.35546112060547,31.7102108001709,31.784961700439453,32.540313720703125,33.916893005371094,34.392147064208984,34.78437423706055,36.83738708496094,40.058650970458984,41.66237258911133
37.81840133666992,37.67092514038086,38.02317810058594,38.73183822631836,38.96717834472656,38.49378204345703,38.358001708984375,38.431373596191406,36.2775764465332,32.729278564453125,31.32792091369629,32.37521743774414,31.64934730529785,27.884479522705078,25.91817283630371,28.624300003051758,32.69086837768555,34.760955810546875,35.48210906982422,35.58064651489258,34.73694610595703,34.270973205566406,34.82658767700195,35.32538986206055,35.235782623291016,34.31236267089844,32.79338836669922,32.11549377441406,31.793941497802734,30.92838478088379,30.114673614501953,30.301773071289062,31.331161499023438,32.467742919921875,32.84525680541992,32.9816780090332,34.1022834777832,35.116050720214844,34.67835998535156,34.683963775634766,37.35597610473633,41.252960205078125,43.6686897277832,42.39118957519531
39.176761627197266,38.614505767822266,39.06413650512695,39.99088668823242,40.5368766784668,40.79779815673828,42.18214416503906,42.6795654296875,38.930206298828125,34.143836975097656,32.71852111816406,33.904537200927734,34.192081451416016,31.631446838378906,28.990583419799805,29.990711212158203,33.25373458862305,36.050209045410156,38.04008865356445,38.701290130615234,37.76071548461914,36.50567626953125,35.69268798828125,35.33341979980469,35.771263122558594,36.077762603759766,34.7492790222168,33.01569366455078,32.729835510253906,33.0405158996582,32.37175369262695,31.572559356689453,32.1150016784668,33.62788009643555,33.968109130859375,34.481292724609375,36.798465728759766,37.71230697631836,35.616722106933594,35.54706573486328,40.06806564331055,45.2991828918457,45.371986389160156,40.72282409667969
