data/wind_data/wind_40_1.json
{"header": {"parameterUnit": "KT", "parameterCategory": 2, "nx": 256, "ny": 198, "lo1": 44.73521041870117, "la1": -3.236724853515625, "lo2": 111.26478576660156, "la2": 43.468475341796875, "dx": 0.2609002888202667, "dy": -0.23708222806453705, "refTime": "2025-02-20 16:00:00", "forecastTime": 0, "parameterNumber": 2, "parameterNumberName": "eastward_wind"}, "data":
[rows 171 to 189 of 198, columns 0 to 42 of 256]
-1.6053526401519775,5.33553409576416,0.3667713403701782,-3.226357936859131,-3.8654277324676514,-4.395160675048828,-5.97883939743042,-9.63622760772705,-3.1052541732788086,-4.437292098999023,-3.3939385414123535,-3.353323221206665,-7.494016170501709,-11.835546493530273,-10.305367469787598,-9.4271821975708,-5.2129669189453125,-3.3100504875183105,-9.978156089782715,-14.65127944946289,-16.217613220214844,-15.425559043884277,-13.363531112670898,-10.738030433654785,-8.43420124053955,-7.254366874694824,-6.612392425537109,-6.356844902038574,-5.320474624633789,-3.9695804119110107,-2.466461181640625,-0.49212756752967834,0.14496709406375885,2.8568994998931885,4.15764045715332,3.007636308670044,2.661872386932373,3.120243549346924,2.1314475536346436,-0.6033734083175659,-1.7239567041397095,-2.5459818840026855,-3.0460426807403564
-3.2397680282592773,4.572411060333252,1.9167507886886597,-3.339064598083496,-10.447184562683105,-11.871540069580078,-5.69804573059082,-2.9234492778778076,-2.0871856212615967,-4.378781318664551,-3.8050172328948975,3.536668062210083,-9.555554389953613,-20.70583724975586,-14.061907768249512,-8.271356582641602,-4.829617500305176,-7.123850345611572,-12.65477466583252,-16.666410446166992,-16.754840850830078,-15.156031608581543,-12.92924690246582,-10.589008331298828,-8.145743370056152,-6.491883277893066,-6.165860176086426,-6.092968940734863,-5.455116271972656,-3.351714611053467,-2.577643632888794,-0.4759614169597626,0.40020260214805603,3.201291561126709,5.084946155548096,4.444700241088867,3.8390119075775146,3.782383680343628,2.393836259841919,-0.034999825060367584,-1.4099252223968506,-2.2080981731414795,-2.0092599391937256
-4.705296516418457,-0.833084762096405,-1.1287356615066528,-6.3079633712768555,-21.191999435424805,-19.375991821289062,-12.925594329833984,-8.073358535766602,-2.6134884357452393,1.3132115602493286,4.960895538330078,1.767317771911621,-13.639054298400879,-22.49291229248047,-16.013872146606445,-6.803537368774414,-3.8417258262634277,-12.503388404846191,-16.7034854888916,-17.720924377441406,-16.5877628326416,-14.653027534484863,-12.28697681427002,-10.257983207702637,-8.228575706481934,-6.053592681884766,-5.510422229766846,-5.493513107299805,-5.0716705322265625,-3.2449302673339844,-2.1497766971588135,-0.7433405518531799,0.7756699919700623,3.5908336639404297,5.7213006019592285,5.966513156890869,4.774602890014648,4.220686435699463,3.4202001094818115,0.9861316084861755,-0.7065048813819885,-1.3550939559936523,-0.3826132118701935
-4.700303077697754,-2.70755934715271,-0.5490047335624695,-0.7600737810134888,-16.750450134277344,-23.614606857299805,-13.212396621704102,-9.902230262756348,0.5129924416542053,1.1499598026275635,4.612033843994141,-0.3182537257671356,-17.277774810791016,-23.416044235229492,-15.687607765197754,-3.976940631866455,-4.543776512145996,-16.47589683532715,-19.99985122680664,-17.42936897277832,-15.545260429382324,-13.932220458984375,-11.404034614562988,-9.618446350097656,-8.122626304626465,-5.97744083404541,-4.588624954223633,-4.541982173919678,-4.094369888305664,-3.3992927074432373,-1.5334410667419434,-0.7927639484405518,0.8792464733123779,3.852283239364624,6.179076671600342,5.4068756103515625,4.639590740203857,5.364894390106201,4.586306095123291,0.22718386352062225,-1.8851642608642578,-0.9416807293891907,1.742213487625122
-3.920625686645508,-1.1442393064498901,3.8672680854797363,5.975610256195068,-2.376530647277832,-21.214120864868164,-5.550826072692871,-6.711675643920898,-0.8006971478462219,-3.14848256111145,-5.414590358734131,-13.012346267700195,-22.971357345581055,-21.541778564453125,-10.90683650970459,-4.886474609375,-7.6305766105651855,-17.41022300720215,-20.615571975708008,-16.589380264282227,-14.163509368896484,-12.892829895019531,-10.466232299804688,-8.5925931930542,-7.460744380950928,-5.705223083496094,-3.6337008476257324,-3.1677465438842773,-2.927053689956665,-3.0288772583007812,-1.0887000560760498,-0.3188416063785553,0.884345531463623,3.776602268218994,5.839243412017822,3.3227875232696533,5.19551420211792,6.809938430786133,3.393608331680298,-4.854546546936035,-4.829527854919434,-1.672842025756836,1.8890273571014404
-2.4499716758728027,4.498257160186768,7.6587347984313965,2.760091543197632,-7.54736328125,-17.62663459777832,-8.850321769714355,-4.185831546783447,-8.957777976989746,-10.807141304016113,-12.175076484680176,-18.6556339263916,-20.714048385620117,-15.743215560913086,-10.32176685333252,-11.672597885131836,-13.256561279296875,-15.110442161560059,-17.808679580688477,-16.323686599731445,-12.566222190856934,-11.566374778747559,-9.307601928710938,-7.279235363006592,-6.147097110748291,-4.612841606140137,-2.9264605045318604,-1.8599568605422974,-1.5730187892913818,-2.2109100818634033,-0.7438858151435852,-0.13963279128074646,1.2139692306518555,2.99605655670166,3.361588954925537,1.4628448486328125,5.4209113121032715,3.7617650032043457,-4.593532562255859,-8.03103256225586,-4.072757244110107,-0.32235708832740784,2.4977974891662598
0.767817497253418,7.000176429748535,6.789310455322266,-1.4098879098892212,-13.811417579650879,-15.046221733093262,-8.159503936767578,-5.402141094207764,-10.202615737915039,-10.613890647888184,-7.646998405456543,-12.052469253540039,-16.008699417114258,-14.013495445251465,-12.42508316040039,-12.640711784362793,-13.939483642578125,-16.342304229736328,-17.368406295776367,-14.518692016601562,-10.754563331604004,-9.545060157775879,-8.070755958557129,-5.799651622772217,-4.589611053466797,-3.1633198261260986,-1.7941067218780518,-0.9954593181610107,-0.3092806935310364,-1.049558401107788,-0.2200058549642563,0.5420084595680237,2.3279552459716797,2.015988826751709,1.4473313093185425,1.4022159576416016,1.0438684225082397,-5.055706024169922,-5.5151519775390625,-1.1981343030929565,-0.19677205383777618,2.022566080093384,4.273409843444824
7.093935489654541,8.32427978515625,5.15215539932251,-0.5836120247840881,-14.913557052612305,-6.7266154289245605,-3.5102550983428955,-5.535704612731934,-7.094515323638916,-6.910897731781006,-2.0611836910247803,-8.879085540771484,-14.410614013671875,-11.569598197937012,-13.124248504638672,-15.089227676391602,-14.286930084228516,-15.887896537780762,-15.49326229095459,-11.854072570800781,-8.287102699279785,-6.785153388977051,-6.039733409881592,-4.389612197875977,-2.9619786739349365,-1.7711433172225952,-0.2924387454986572,-0.08405406773090363,0.6075335741043091,-0.06777533143758774,0.8151768445968628,1.57346510887146,3.5902349948883057,2.223018169403076,0.874280571937561,-0.19274114072322845,-3.585824489593506,-5.941873073577881,-0.6244307160377502,5.114589214324951,4.875083923339844,4.108763694763184,5.01252555847168
9.773905754089355,7.098602771759033,3.613799810409546,3.15679669380188,-3.804450511932373,-5.01050329208374,-5.629392623901367,-6.8992486000061035,-5.720101833343506,-2.715519428253174,0.9708999395370483,-4.7490153312683105,-8.154165267944336,-8.013564109802246,-9.05880069732666,-10.804136276245117,-14.492005348205566,-16.09072494506836,-11.959783554077148,-7.7541584968566895,-5.276010036468506,-3.8649871349334717,-3.1017799377441406,-2.1987686157226562,-1.043423056602478,-0.2952696979045868,1.03411066532135,1.0110752582550049,1.5903897285461426,0.7544931769371033,2.476133346557617,1.9380698204040527,3.6220555305480957,2.965704917907715,0.8410802483558655,-0.597899317741394,-2.112271785736084,-1.590597152709961,2.3250277042388916,5.9931559562683105,6.953365802764893,5.297210693359375,4.4845194816589355
0.6137441992759705,4.168864727020264,-0.5157068967819214,-1.0540013313293457,-5.729344844818115,-8.592147827148438,-7.489377498626709,-5.175988674163818,-3.007981300354004,0.6213433146476746,4.093506336212158,2.112859010696411,0.03899120166897774,-0.06259740144014359,-1.478226900100708,-4.640680313110352,-11.359810829162598,-12.21131706237793,-8.144685745239258,-2.4989075660705566,-0.8124986886978149,-0.9244597554206848,-0.16401800513267517,0.3945850729942322,1.12577223777771,1.2286949157714844,2.357010841369629,1.8312667608261108,2.7086102962493896,2.099721670150757,3.455453395843506,2.294170618057251,2.459559440612793,3.547107458114624,3.486177682876587,2.5336215496063232,1.9527415037155151,3.8156745433807373,5.606939315795898,6.2719244956970215,6.211986541748047,4.217650413513184,4.2349934577941895
-0.2235143780708313,-2.1729419231414795,-3.834446907043457,-7.9373369216918945,-10.844244003295898,-6.886796474456787,-7.1760640144348145,-4.438070774078369,-2.9053401947021484,1.8036861419677734,5.84774923324585,4.804384231567383,2.418627977371216,3.3642752170562744,4.71478271484375,-0.037157606333494186,-9.921539306640625,-5.942562103271484,-4.012297630310059,1.9335564374923706,3.577212333679199,2.0931148529052734,2.493724822998047,2.6335740089416504,2.861861228942871,2.7138612270355225,3.7660632133483887,2.623506784439087,3.6202290058135986,3.6499953269958496,4.1388678550720215,3.540630340576172,3.214512348175049,5.280259609222412,6.520665168762207,6.592780113220215,6.533272743225098,7.110529899597168,7.478320121765137,6.449635982513428,4.755291938781738,3.0705888271331787,3.203784942626953
-2.9514405727386475,-4.604504108428955,-3.452317237854004,-4.000494003295898,-5.30125093460083,-4.531240463256836,-4.810547351837158,-5.838223934173584,-5.506871223449707,-0.4282696843147278,4.352586269378662,3.187776565551758,2.9325714111328125,3.812426805496216,5.75610876083374,-3.562938928604126,-8.433043479919434,-1.1314138174057007,2.3716938495635986,6.740391254425049,6.576192378997803,5.102967739105225,4.958034515380859,4.469104290008545,3.9647018909454346,3.894503355026245,5.030159950256348,3.5817744731903076,4.554174900054932,4.81561279296875,5.122056007385254,5.10449743270874,4.852758884429932,6.678587913513184,7.901674747467041,8.421761512756348,9.064943313598633,9.122478485107422,8.844426155090332,7.440347671508789,5.383427619934082,3.7175426483154297,3.0680301189422607
-2.710984468460083,-2.2478291988372803,-2.177159309387207,-2.4948081970214844,-3.8721954822540283,0.8159032464027405,-2.531026840209961,-1.6128811836242676,-5.17085075378418,-2.54740047454834,0.852965235710144,2.012916088104248,4.536217212677002,3.8626415729522705,-0.3137970566749573,-5.449321269989014,-2.8155405521392822,4.174450397491455,9.692607879638672,12.32294750213623,10.483662605285645,7.619870662689209,6.2353644371032715,5.923829078674316,4.711727142333984,4.811222076416016,5.897423267364502,4.5550994873046875,5.621765613555908,5.681901454925537,6.089130878448486,6.9545369148254395,7.126575469970703,7.341176509857178,8.685985565185547,9.727203369140625,10.305523872375488,10.283021926879883,9.488624572753906,7.942249298095703,5.828662872314453,4.298426628112793,3.8269832134246826
-1.0318834781646729,-1.916878342628479,-1.6241735219955444,-1.5033204555511475,-0.15663637220859528,5.577081680297852,-0.4420337378978729,-3.3482778072357178,-5.303405284881592,-4.207725524902344,-1.4508267641067505,3.2647037506103516,3.00697660446167,-0.3248731791973114,-2.123164653778076,-0.04372793063521385,3.5639731884002686,8.303241729736328,15.031519889831543,14.729392051696777,9.654947280883789,7.989428520202637,6.944857120513916,6.5471343994140625,5.538914680480957,5.739770889282227,6.437353134155273,5.496982097625732,6.425676345825195,6.315243721008301,7.26851749420166,6.9840779304504395,7.631524562835693,7.759544849395752,9.318184852600098,10.84925651550293,10.75780200958252,10.465408325195312,7.911755561828613,5.752675533294678,4.380359172821045,4.159481525421143,4.599968433380127
0.11960168182849884,1.6954752206802368,2.6243162155151367,2.9640328884124756,3.5378339290618896,9.124472618103027,5.116279125213623,-2.839492082595825,-5.010961055755615,-3.4568252563476562,1.0891033411026,1.067789077758789,-0.18980617821216583,1.3852064609527588,0.7638287544250488,2.508554220199585,5.533406734466553,13.280670166015625,17.66539192199707,11.667808532714844,9.621749877929688,8.694896697998047,7.395192623138428,6.928666114807129,6.052788734436035,6.628154754638672,6.521980285644531,6.121841907501221,6.689167499542236,7.10980224609375,8.04062271118164,6.5298261642456055,7.080700397491455,7.923365592956543,10.419710159301758,12.295151710510254,11.412317276000977,8.21509838104248,2.1332075595855713,-0.32198774814605713,1.7730447053909302,4.216970443725586,5.4249749183654785
1.7982169389724731,4.959997653961182,5.061715126037598,6.89502477645874,6.348258018493652,7.529277324676514,0.4831516146659851,-7.677308082580566,-3.584426164627075,1.1597611904144287,0.9197937250137329,-1.43496835231781,-3.2468245029449463,-3.9355146884918213,0.534126341342926,3.5712637901306152,10.035862922668457,14.851499557495117,12.351981163024902,9.532635688781738,9.332076072692871,8.754263877868652,7.59028434753418,7.2049560546875,6.4561381340026855,7.127573013305664,6.325014591217041,6.638880729675293,6.336781978607178,7.562406539916992,8.000574111938477,6.532180309295654,7.019171237945557,8.037435531616211,10.258816719055176,10.082375526428223,7.999791145324707,1.162337303161621,-5.678687572479248,-2.1294517517089844,0.9219211339950562,2.501582622528076,1.5202453136444092
3.440488815307617,3.2951860427856445,6.9976959228515625,9.172005653381348,2.7892816066741943,-1.8862169981002808,-7.850482940673828,-7.52834939956665,-0.4951935112476349,3.3629043102264404,1.7432265281677246,-3.2524094581604004,-5.329098701477051,-4.473337650299072,-1.8159034252166748,7.249650955200195,11.77452564239502,11.332423210144043,9.059724807739258,9.06844711303711,9.165654182434082,8.455338478088379,7.537769317626953,7.28763484954834,6.670729160308838,7.153120040893555,6.029110908508301,6.655641078948975,5.553103923797607,7.287614345550537,7.102188587188721,6.229639530181885,6.801401615142822,8.274097442626953,8.833342552185059,8.231054306030273,4.283740520477295,-4.260515213012695,-5.6268510818481445,-1.520258903503418,0.3149876296520233,-0.18618421256542206,-1.37910795211792
7.21312952041626,5.913813591003418,6.18800687789917,3.819983720779419,-4.671054363250732,-7.742563247680664,-8.10851764678955,-4.213644504547119,-1.784191608428955,1.7278649806976318,7.211410999298096,-4.809854030609131,-3.399873733520508,-6.035764694213867,0.42239007353782654,6.679919719696045,8.91695785522461,8.66280460357666,8.209125518798828,8.676631927490234,8.552080154418945,7.91603946685791,7.341377258300781,7.024468421936035,6.532181739807129,6.658255100250244,5.642803192138672,6.1437153816223145,4.8330278396606445,6.583947658538818,5.0230841636657715,4.93245792388916,6.960165500640869,7.204131603240967,7.725038528442383,6.704282760620117,0.22905197739601135,-4.769728660583496,-4.452200889587402,-2.4928503036499023,-2.571784734725952,-2.2082951068878174,-2.836007833480835
10.721601486206055,5.18452262878418,3.313218116760254,1.0324786901474,-3.6462562084198,-5.505010604858398,-2.3267009258270264,-1.5634655952453613,1.6766438484191895,3.5047454833984375,-0.7827487587928772,-4.871074676513672,-2.3697259426116943,-2.07004976272583,2.149916887283325,6.701622486114502,8.145660400390625,7.954667091369629,8.172026634216309,8.139245986938477,7.817033290863037,7.217505931854248,6.990614414215088,6.549475193023682,6.085043430328369,5.623356342315674,4.957548141479492,5.305019378662109,4.535739421844482,5.223841667175293,3.4866905212402344,4.644095420837402,6.661036491394043,5.906891822814941,5.975025653839111,4.058048248291016,-1.2514935731887817,-4.232813835144043,-4.698611736297607,-3.9567484855651855,-4.159448146820068,-2.757283926010132,-3.9439401626586914
