data/wind_data/wind_26_5.json
{"header": {"parameterUnit": "KT", "parameterCategory": 2, "nx": 256, "ny": 198, "lo1": 44.73521041870117, "la1": -3.236724853515625, "lo2": 111.26478576660156, "la2": 43.468475341796875, "dx": 0.2609002888202667, "dy": -0.23708222806453705, "refTime": "2025-02-20 02:00:00", "forecastTime": 0, "parameterNumber": 2, "parameterNumberName": "eastward_wind"}, "data":
[rows 0 to 18 of 198, columns 88 to 131 of 256]
-6.405375957489014,-6.392581939697266,-6.539801120758057,-6.746152877807617,-6.543838977813721,-6.220276355743408,-6.359900951385498,-6.712180137634277,-7.08007287979126,-7.495418548583984,-7.872130870819092,-8.450057983398438,-9.4790620803833,-10.492666244506836,-11.335887908935547,-11.960240364074707,-12.31344223022461,-12.579777717590332,-12.77363109588623,-13.077052116394043,-13.487130165100098,-13.646476745605469,-13.618691444396973,-13.859620094299316,-14.199543952941895,-14.101160049438477,-13.736644744873047,-13.30299186706543,-12.786582946777344,-12.241165161132812,-11.635334014892578,-10.912012100219727,-10.222220420837402,-9.670510292053223,-9.177624702453613,-8.689104080200195,-8.424473762512207,-8.473383903503418,-8.492386817932129,-8.433349609375,-8.482609748840332,-8.640447616577148,-8.772016525268555,-8.858426094055176
-5.771971225738525,-5.525390148162842,-5.5631794929504395,-5.665210247039795,-5.4541916847229,-5.285961627960205,-5.469466686248779,-5.826058387756348,-6.311286449432373,-6.899199485778809,-7.469982624053955,-8.146540641784668,-9.118597984313965,-10.154671669006348,-11.091999053955078,-11.770242691040039,-12.180073738098145,-12.455885887145996,-12.595500946044922,-12.810759544372559,-13.111210823059082,-13.30612850189209,-13.501296043395996,-13.908324241638184,-14.193570137023926,-13.869030952453613,-13.290915489196777,-12.727533340454102,-12.130086898803711,-11.676011085510254,-11.264009475708008,-10.598738670349121,-9.848708152770996,-9.279025077819824,-8.849688529968262,-8.417052268981934,-8.131582260131836,-8.134122848510742,-8.145587921142578,-8.120081901550293,-8.170437812805176,-8.258988380432129,-8.487028121948242,-8.729601860046387
-5.4012250900268555,-5.362562656402588,-5.264713764190674,-5.0751953125,-4.889472007751465,-4.829677104949951,-4.982391357421875,-5.280223846435547,-5.702436447143555,-6.2179274559021,-6.826074123382568,-7.574427127838135,-8.52156925201416,-9.55528736114502,-10.57800006866455,-11.309537887573242,-11.679213523864746,-11.916971206665039,-12.074127197265625,-12.389589309692383,-12.835923194885254,-13.006308555603027,-13.012310981750488,-13.218836784362793,-13.302345275878906,-12.823004722595215,-12.171197891235352,-11.598620414733887,-11.022736549377441,-10.549249649047852,-10.260372161865234,-9.896784782409668,-9.3955659866333,-9.014715194702148,-8.686599731445312,-8.25583553314209,-7.9967360496521,-8.042350769042969,-8.003154754638672,-7.873099327087402,-7.840782165527344,-7.826141834259033,-7.830982208251953,-7.880962371826172
-5.111718654632568,-5.237851619720459,-5.0324530601501465,-4.670156478881836,-4.522226333618164,-4.487092018127441,-4.60505485534668,-4.934075355529785,-5.361917018890381,-5.788128852844238,-6.368227005004883,-7.216816425323486,-8.278055191040039,-9.28447437286377,-10.14450740814209,-10.699236869812012,-10.9730224609375,-11.115123748779297,-11.287776947021484,-11.718955993652344,-12.349481582641602,-12.560693740844727,-12.360538482666016,-12.273874282836914,-12.15415096282959,-11.629460334777832,-11.029181480407715,-10.359716415405273,-9.737370491027832,-9.403823852539062,-9.367768287658691,-9.251252174377441,-8.90349292755127,-8.695619583129883,-8.495750427246094,-8.135762214660645,-7.933927059173584,-7.936445236206055,-7.830203533172607,-7.614204406738281,-7.482883930206299,-7.3842692375183105,-7.174318790435791,-6.985151290893555
-4.866307735443115,-4.973079204559326,-4.966464996337891,-4.700863361358643,-4.447290897369385,-4.494269847869873,-4.857955455780029,-5.121312618255615,-5.060596942901611,-5.246127605438232,-5.8972649574279785,-6.889744758605957,-7.931568622589111,-8.490482330322266,-8.670129776000977,-8.920619010925293,-9.190658569335938,-9.185208320617676,-9.490747451782227,-9.918739318847656,-10.581565856933594,-10.906609535217285,-10.744482040405273,-10.72683334350586,-10.628222465515137,-10.075007438659668,-9.706018447875977,-8.86704158782959,-8.086104393005371,-8.174005508422852,-8.594233512878418,-8.66479206085205,-8.417152404785156,-8.26806354522705,-8.324685096740723,-8.479183197021484,-8.619219779968262,-8.489079475402832,-8.186556816101074,-7.665038108825684,-7.081483840942383,-6.838770866394043,-6.959780693054199,-6.931936264038086
-5.3137335777282715,-5.383399486541748,-5.265638828277588,-4.919164180755615,-4.475191116333008,-4.4752197265625,-4.939499855041504,-5.048525810241699,-5.083186149597168,-5.829886436462402,-6.7506279945373535,-7.589517116546631,-8.777531623840332,-9.129512786865234,-8.844290733337402,-9.182488441467285,-9.67085075378418,-9.288506507873535,-8.91620922088623,-9.400147438049316,-10.954153060913086,-11.682364463806152,-11.518458366394043,-10.916145324707031,-10.061718940734863,-9.103936195373535,-8.830540657043457,-8.770035743713379,-8.276130676269531,-7.724856376647949,-7.658710956573486,-7.826416969299316,-7.890800952911377,-8.059057235717773,-8.286946296691895,-8.481977462768555,-8.288741111755371,-7.810499668121338,-7.365057468414307,-7.021811008453369,-6.651740550994873,-6.3851847648620605,-6.291468620300293,-6.2179036140441895
-5.95380973815918,-5.76162576675415,-5.591859340667725,-5.507305145263672,-5.040626525878906,-4.826310634613037,-5.289919853210449,-5.638908386230469,-5.909950256347656,-6.533141613006592,-7.214038372039795,-8.051846504211426,-9.173962593078613,-9.596094131469727,-9.127584457397461,-8.786742210388184,-9.057841300964355,-8.937556266784668,-8.459419250488281,-8.939772605895996,-10.622653007507324,-11.285052299499512,-11.908059120178223,-11.413003921508789,-9.648621559143066,-8.208749771118164,-7.160511016845703,-7.504997730255127,-8.35881233215332,-7.4173455238342285,-7.111520767211914,-6.944540023803711,-7.212926387786865,-7.706466197967529,-8.092792510986328,-8.133203506469727,-7.6615424156188965,-7.266315937042236,-7.049493789672852,-6.863561630249023,-6.542245388031006,-6.055642127990723,-5.603687286376953,-5.510239124298096
-6.418017387390137,-6.011948585510254,-5.804708957672119,-5.813114166259766,-5.587034702301025,-5.4413909912109375,-5.907472133636475,-6.44779109954834,-6.7157440185546875,-7.0761823654174805,-7.75747013092041,-8.673410415649414,-9.135005950927734,-9.541265487670898,-9.921032905578613,-9.217004776000977,-8.350075721740723,-8.332719802856445,-8.490094184875488,-9.417484283447266,-10.43174934387207,-10.377620697021484,-9.511871337890625,-8.496581077575684,-7.9731903076171875,-5.949079513549805,-5.747823238372803,-6.934569358825684,-8.212430000305176,-7.701136112213135,-7.066748142242432,-6.627838134765625,-6.777846813201904,-7.318582534790039,-7.699281215667725,-7.62794303894043,-7.23130989074707,-7.063378810882568,-6.9321980476379395,-6.557361125946045,-6.173142910003662,-5.854619979858398,-5.446591377258301,-5.273578643798828
-6.6520185470581055,-6.518914222717285,-6.236840724945068,-5.7939629554748535,-5.6327805519104,-6.425725936889648,-6.6797356605529785,-6.959659099578857,-7.398370742797852,-7.872325420379639,-8.137528419494629,-9.542409896850586,-9.866854667663574,-10.466385841369629,-11.051997184753418,-9.886263847351074,-8.16215705871582,-7.293972015380859,-8.239304542541504,-9.618725776672363,-9.95442008972168,-8.245646476745605,-4.005542755126953,-1.4083439111709595,-2.7758607864379883,2.615311622619629,-4.332625389099121,-6.703843116760254,-8.020585060119629,-8.081633567810059,-7.110775470733643,-6.453519821166992,-6.312913417816162,-6.862204551696777,-7.369144439697266,-7.4051127433776855,-7.1617255210876465,-7.0360307693481445,-6.721951484680176,-6.095311641693115,-5.561678886413574,-5.474313259124756,-5.4433465003967285,-5.412965297698975
-5.787553787231445,-6.7738847732543945,-8.069252967834473,-5.612301826477051,-5.399454116821289,-7.433745861053467,-7.340607643127441,-7.90722131729126,-9.300383567810059,-8.998262405395508,-8.815154075622559,-9.949285507202148,-10.88288688659668,-11.447458267211914,-10.74720287322998,-8.736889839172363,-5.856987953186035,-5.700023174285889,-7.560432434082031,-9.961800575256348,-10.34001636505127,-8.346071243286133,-7.591148853302002,-7.129343032836914,-6.697109222412109,-6.396291732788086,-7.553082466125488,-8.132389068603516,-7.467896461486816,-7.855036735534668,-7.242692947387695,-6.498289108276367,-5.84757661819458,-6.241065979003906,-7.1272478103637695,-7.407583713531494,-7.206149101257324,-6.856953144073486,-6.37974214553833,-5.729420185089111,-5.179861545562744,-5.249503135681152,-5.538197040557861,-5.83592414855957
-2.5489423274993896,-2.7203705310821533,-6.544952869415283,-4.095727443695068,-4.609438896179199,-6.818686485290527,-6.914395332336426,-7.0859808921813965,-8.858471870422363,-8.876791000366211,-8.45549488067627,-8.307111740112305,-8.913103103637695,-10.777774810791016,-10.919353485107422,-9.769164085388184,-6.718853950500488,-4.96669864654541,-5.550388813018799,-6.530092239379883,-6.311100959777832,-5.647007942199707,-4.471575736999512,-5.468836307525635,-5.447924613952637,-2.768293857574463,-6.755343437194824,-7.851781845092773,-8.636648178100586,-7.940527439117432,-6.618024826049805,-6.48948860168457,-5.786090850830078,-5.917721271514893,-6.8472700119018555,-7.348361492156982,-7.110210418701172,-6.540581703186035,-6.037364482879639,-5.51793098449707,-5.172056198120117,-5.0182390213012695,-5.274683475494385,-5.805051803588867
-3.8252108097076416,-5.1335296630859375,-6.948094367980957,-4.108266353607178,-5.877017974853516,-6.239923000335693,-6.39366340637207,-6.1007080078125,-5.85221004486084,-5.486712455749512,-7.405028820037842,-7.885239124298096,-8.476187705993652,-10.806249618530273,-10.962828636169434,-9.053361892700195,-6.885798931121826,-6.703782081604004,-6.034372806549072,-7.238929271697998,-9.56247329711914,-7.76555871963501,-4.92542028427124,-4.955565929412842,-6.391324520111084,-8.829368591308594,-10.3364896774292,-8.622320175170898,-7.5003156661987305,-8.719839096069336,-6.123281002044678,-5.9249348640441895,-5.6362080574035645,-5.957521915435791,-6.8157429695129395,-7.250032901763916,-6.881411075592041,-6.237795829772949,-5.736630439758301,-5.467936038970947,-5.290421485900879,-4.764404773712158,-4.532352447509766,-4.71580171585083
-4.336972713470459,-5.519212245941162,-6.6314377784729,-6.051332950592041,-6.582325458526611,-7.143440246582031,-7.321556091308594,-7.099721431732178,-8.11997127532959,-7.96246337890625,-7.788504600524902,-7.92195987701416,-9.52711296081543,-9.781538963317871,-7.591237545013428,-5.826262474060059,-7.039530277252197,-8.659711837768555,-7.28648567199707,-6.86543607711792,-9.29660415649414,-8.593611717224121,-6.259681701660156,-6.193012237548828,-7.481374263763428,-8.67484188079834,-9.563150405883789,-8.950032234191895,-8.083718299865723,-7.651237487792969,-6.2065205574035645,-5.732761859893799,-5.871561050415039,-6.124754905700684,-6.679602146148682,-6.941458225250244,-6.659353733062744,-6.199296951293945,-5.749997615814209,-5.406891822814941,-5.30792760848999,-4.979920387268066,-4.605030536651611,-4.205709934234619
-5.788601875305176,-6.577919960021973,-7.01235294342041,-6.990232467651367,-7.3432087898254395,-8.433152198791504,-9.146485328674316,-9.70798110961914,-10.750310897827148,-9.463830947875977,-8.231881141662598,-9.001723289489746,-10.690850257873535,-8.059098243713379,-6.127164363861084,-6.232283115386963,-7.193786144256592,-7.145234107971191,-6.723712921142578,-7.741668224334717,-9.146968841552734,-7.717869758605957,-3.9492857456207275,-8.61892318725586,-8.807639122009277,-8.555035591125488,-8.24217414855957,-7.555139541625977,-6.982752799987793,-7.170668125152588,-6.5498433113098145,-6.1304707527160645,-6.338935375213623,-6.160864353179932,-6.256674766540527,-6.392652988433838,-6.379159450531006,-6.192347526550293,-5.8022027015686035,-5.444692134857178,-5.273171901702881,-5.200203895568848,-4.917815685272217,-4.39182186126709
-7.518965244293213,-8.299066543579102,-8.171106338500977,-8.267955780029297,-9.14104175567627,-7.194920063018799,-9.49871826171875,-10.263084411621094,-10.461904525756836,-9.492715835571289,-7.8545403480529785,-8.665115356445312,-9.691567420959473,-6.751471042633057,-7.099623203277588,-8.594793319702148,-9.295347213745117,-8.098187446594238,-7.630251884460449,-7.753171443939209,-8.246085166931152,-8.156560897827148,-8.605896949768066,-9.00541877746582,-9.10634708404541,-8.726370811462402,-8.010092735290527,-8.45703411102295,-6.473640441894531,-7.029989719390869,-7.2127766609191895,-6.362767219543457,-6.400331020355225,-6.167487144470215,-5.737107276916504,-5.544250011444092,-5.894821643829346,-6.0444655418396,-5.826049327850342,-5.409602642059326,-4.898421764373779,-4.908425331115723,-4.907999515533447,-4.217848777770996
-9.00780200958252,-9.751923561096191,-9.817136764526367,-9.815468788146973,-9.35300064086914,-8.50405216217041,-9.664119720458984,-10.371129989624023,-10.486966133117676,-10.596964836120605,-9.995562553405762,-9.821353912353516,-9.047811508178711,-8.068912506103516,-9.909557342529297,-10.582754135131836,-10.168708801269531,-9.182729721069336,-8.029267311096191,-6.7618255615234375,-6.906463623046875,-8.250711441040039,-8.862974166870117,-8.548295974731445,-9.214869499206543,-9.26083755493164,-7.969887733459473,-7.514400959014893,-6.604587554931641,-6.760091304779053,-7.099672794342041,-6.393973350524902,-6.341353893280029,-6.067904949188232,-5.236749649047852,-4.773652076721191,-5.275799751281738,-5.744354248046875,-5.634778022766113,-5.466194152832031,-4.796644687652588,-4.55963659286499,-4.444282054901123,-3.850446939468384
-9.607303619384766,-9.910313606262207,-9.879831314086914,-9.997282981872559,-10.115693092346191,-10.017254829406738,-10.132798194885254,-10.587897300720215,-10.9780855178833,-11.472033500671387,-11.2239990234375,-10.270669937133789,-9.587503433227539,-10.161620140075684,-11.998214721679688,-12.093832015991211,-10.700422286987305,-9.50987434387207,-8.53366756439209,-5.369616985321045,-4.9117431640625,-7.920661926269531,-9.169717788696289,-8.260405540466309,-7.389053821563721,-7.368342876434326,-7.9162445068359375,-7.4627604484558105,-6.64453125,-7.432055950164795,-7.590448379516602,-6.28384256362915,-6.594765663146973,-6.4456257820129395,-4.361435890197754,-4.502729892730713,-4.9293437004089355,-5.149676322937012,-5.176393985748291,-5.613259792327881,-5.014094352722168,-4.29924201965332,-3.9593169689178467,-3.7345497608184814
-9.551752090454102,-9.658304214477539,-9.777756690979004,-9.740899085998535,-10.038158416748047,-10.566744804382324,-10.921210289001465,-11.258127212524414,-11.585500717163086,-11.509856224060059,-11.1321382522583,-10.537425994873047,-10.15101432800293,-10.501494407653809,-12.55850887298584,-12.707721710205078,-10.640357971191406,-8.947830200195312,-6.292349338531494,-7.158548831939697,-6.048290729522705,-8.027283668518066,-9.599841117858887,-7.1984453201293945,-7.257587432861328,-7.197443008422852,-7.763329029083252,-8.494558334350586,-8.383817672729492,-8.892231941223145,-9.453169822692871,-5.576831817626953,-6.516508102416992,-5.047829627990723,-4.4909210205078125,-4.481474876403809,-4.5564703941345215,-4.481382369995117,-5.088837146759033,-5.536385536193848,-4.872070789337158,-4.051482677459717,-3.8137478828430176,-3.709254741668701
-9.320521354675293,-9.634370803833008,-10.106315612792969,-10.157816886901855,-10.24889850616455,-10.655130386352539,-11.90953540802002,-12.677427291870117,-12.192558288574219,-11.25107479095459,-10.373547554016113,-10.72044849395752,-11.545792579650879,-10.122140884399414,-12.690546035766602,-12.123075485229492,-10.303264617919922,-9.179835319519043,-8.290244102478027,-7.65795373916626,-7.064051628112793,-8.6238431930542,-9.816837310791016,-6.586245536804199,-8.244236946105957,-6.713333606719971,-7.049356937408447,-9.365920066833496,-9.808478355407715,-8.060402870178223,-7.6128692626953125,-7.2213006019592285,-6.473339080810547,-5.071242809295654,-4.2089948654174805,-4.17205286026001,-4.2971978187561035,-4.612848281860352,-4.8845295906066895,-5.267320156097412,-4.36329460144043,-3.8257434368133545,-3.392298936843872,-3.336238145828247
