data/wind_data/wind_57_0.json
{"header": {"parameterUnit": "KT", "parameterCategory": 2, "nx": 255, "ny": 198, "lo1": 44.73521041870117, "la1": -3.236724853515625, "lo2": 111.26478576660156, "la2": 43.468475341796875, "dx": 0.26192745566368103, "dy": -0.23708222806453705, "refTime": "2025-02-21 09:00:00", "forecastTime": 0, "parameterNumber": 2, "parameterNumberName": "eastward_wind"}, "data":
[rows 171 to 189 of 198, columns 129 to 171 of 255]
-4.222726345062256,-5.568082809448242,-6.152059078216553,-7.711623668670654,-8.251016616821289,-7.389046669006348,-5.761137962341309,-4.215278148651123,-3.0534114837646484,-3.349159002304077,-3.6611649990081787,-3.4025955200195312,-3.2157034873962402,-3.7824599742889404,-4.145798683166504,-3.6834659576416016,-3.2489707469940186,-2.7522385120391846,-2.3174986839294434,-1.6484713554382324,-1.2435660362243652,-1.2378116846084595,-1.102135181427002,-0.6034076809883118,0.15854746103286743,1.398343563079834,3.2459046840667725,3.648150682449341,1.1085011959075928,-0.14076416194438934,0.5539663434028625,1.5892925262451172,2.8598997592926025,3.167126417160034,3.665719985961914,4.7296552658081055,4.891810417175293,3.3649115562438965,0.8937458395957947,0.4211067855358124,2.7685766220092773,4.85718297958374,2.579155683517456
-1.857361912727356,-3.4906165599823,-4.739002227783203,-5.148662090301514,-6.248044490814209,-6.922515392303467,-5.895195960998535,-4.272942066192627,-3.159027338027954,-3.320183038711548,-3.321295976638794,-3.029184341430664,-3.23651385307312,-3.48237681388855,-3.653271198272705,-3.2623260021209717,-2.6493263244628906,-2.224525213241577,-1.9005085229873657,-1.457833170890808,-1.0398081541061401,-0.9593628644943237,-1.0178892612457275,-0.9064679741859436,-0.13958466053009033,0.8307700157165527,1.7336467504501343,1.8730719089508057,0.2132633626461029,-1.4829524755477905,-1.9101781845092773,-1.4993396997451782,-0.7630012035369873,0.10384240746498108,1.3971593379974365,2.7456135749816895,3.178213596343994,2.435234785079956,1.3466670513153076,-0.3242191672325134,-0.015945294871926308,2.3371992111206055,2.839099168777466
-1.8320932388305664,-2.4010703563690186,-2.9045073986053467,-3.625478982925415,-4.8376688957214355,-6.052596569061279,-5.502771377563477,-2.382537841796875,-1.35181725025177,-2.3556289672851562,-2.930783748626709,-3.1667816638946533,-3.2352676391601562,-3.3585667610168457,-3.111173391342163,-2.5965497493743896,-1.9903106689453125,-1.4836105108261108,-1.179889440536499,-0.9210909605026245,-0.5159591436386108,-0.3243630826473236,-0.6960902810096741,-0.9658349752426147,-0.29844793677330017,0.539579451084137,0.9293695092201233,0.3085159659385681,-0.35025617480278015,-1.2883578538894653,-1.830940842628479,-1.8009216785430908,-2.6100916862487793,-2.6806724071502686,-2.294694185256958,-1.3978469371795654,-0.04236767813563347,-0.27075091004371643,-2.0873353481292725,-3.696838140487671,-3.4077060222625732,-1.3953553438186646,0.15930385887622833
-2.417689085006714,-2.6454885005950928,-2.1043412685394287,-2.1883864402770996,-2.205627202987671,-2.5986716747283936,-3.771667003631592,-2.7990190982818604,-0.17124299705028534,-1.2273633480072021,-2.958155393600464,-2.590538501739502,-2.699985980987549,-2.789005756378174,-2.632843017578125,-2.1764395236968994,-1.5881825685501099,-0.880730390548706,-0.30559006333351135,0.08578917384147644,0.2936815321445465,0.23155082762241364,-0.15487544238567352,-0.5672610998153687,-0.11235728114843369,0.49501124024391174,0.31008419394493103,-0.30291905999183655,-1.1696199178695679,-1.3024137020111084,-1.3245275020599365,-2.061969757080078,-3.138364553451538,-4.014856815338135,-4.593704700469971,-5.096581935882568,-4.825855731964111,-4.708737373352051,-4.583197593688965,-4.437516212463379,-3.9245314598083496,-2.8525187969207764,-2.874610185623169
-2.31890606880188,-2.7770614624023438,-3.0249104499816895,-2.585162878036499,-2.0247254371643066,-1.4049187898635864,-1.258676290512085,-1.214739441871643,-0.3784158229827881,-1.3768974542617798,-2.6308324337005615,-2.445950984954834,-2.273148536682129,-2.056671380996704,-2.0710737705230713,-1.7933077812194824,-1.2482340335845947,-0.5038602948188782,0.28649258613586426,0.8538804650306702,0.9972147345542908,0.8060788512229919,0.5184440612792969,0.14325468242168427,0.08166666328907013,0.0015140146715566516,-0.571017861366272,-0.8982065916061401,-0.8469630479812622,-0.7094709277153015,-1.0642774105072021,-2.660024642944336,-3.572967052459717,-4.083549499511719,-5.13532829284668,-5.798853874206543,-6.615035533905029,-8.274599075317383,-9.006322860717773,-7.5523600578308105,-5.033927917480469,-3.348719835281372,-2.956526756286621
-2.470975160598755,-3.1550850868225098,-3.9890058040618896,-3.316704750061035,-2.878993034362793,-2.277698516845703,-1.538722038269043,-1.0757588148117065,-0.25258463621139526,-0.8357333540916443,-1.9535833597183228,-1.8320763111114502,-1.8622357845306396,-1.8801008462905884,-2.1196444034576416,-2.0789387226104736,-1.572445273399353,-0.6993017792701721,0.3593962788581848,1.1558560132980347,1.425408959388733,1.381480097770691,1.1148595809936523,0.5858687162399292,0.05602598935365677,-0.6797592639923096,-1.3856312036514282,-1.028115153312683,-0.6423779726028442,-1.463029384613037,-2.5753111839294434,-3.8195395469665527,-3.584167957305908,-3.390091896057129,-5.099316120147705,-5.222279071807861,-5.489618301391602,-8.081755638122559,-8.822757720947266,-6.869015693664551,-5.097374439239502,-4.60417366027832,-3.658907413482666
-4.1261162757873535,-3.456106662750244,-3.562659740447998,-3.381422519683838,-3.222151041030884,-2.5992560386657715,-1.6754945516586304,-1.194687843322754,-0.5104724764823914,-0.9990984201431274,-1.795924186706543,-1.2135841846466064,-1.4685322046279907,-1.9387717247009277,-2.402339220046997,-2.4827423095703125,-1.8954211473464966,-0.8205112218856812,0.4368341267108917,1.1735663414001465,1.35138738155365,1.2369681596755981,0.8047650456428528,0.307090699672699,-0.36536744236946106,-1.0540950298309326,-1.2066969871520996,-0.8332523107528687,-0.9927949905395508,-2.048470973968506,-3.0058324337005615,-4.8969879150390625,-5.5545525550842285,-5.8306145668029785,-5.420986175537109,-4.99633264541626,-6.423738956451416,-8.320194244384766,-8.090438842773438,-5.493466377258301,-5.28660249710083,-6.314496994018555,-5.727202415466309
-5.171146869659424,-4.1263427734375,-3.5527737140655518,-2.5645995140075684,-2.9753940105438232,-2.167117118835449,-1.6012094020843506,-1.6823056936264038,-1.876729965209961,-1.8837029933929443,-1.5516831874847412,-1.1638773679733276,-1.467993140220642,-1.9397287368774414,-2.238896369934082,-2.2771358489990234,-1.7369987964630127,-0.6805013418197632,0.5429904460906982,1.2597559690475464,1.415127158164978,1.1639833450317383,0.5806192755699158,-0.22251150012016296,-0.9200788736343384,-1.3921940326690674,-1.3357244729995728,-1.2910841703414917,-1.8373174667358398,-3.1220452785491943,-4.291581630706787,-5.325047969818115,-5.679856777191162,-6.170233726501465,-6.652977466583252,-7.0921311378479,-8.029651641845703,-9.052591323852539,-8.884305953979492,-7.584912300109863,-7.1485915184021,-7.008584976196289,-6.818265438079834
-6.072632789611816,-4.973739147186279,-3.5573925971984863,-2.756425142288208,-2.75610613822937,-2.4663748741149902,-1.713703989982605,-1.9325940608978271,-2.126396894454956,-1.9775792360305786,-1.7352148294448853,-1.725752353668213,-1.7955200672149658,-1.694531798362732,-1.6146800518035889,-1.438369870185852,-0.8556817173957825,0.022976966574788094,0.8774961829185486,1.3016680479049683,1.2206844091415405,0.6853710412979126,-0.07258186489343643,-0.9014196991920471,-1.3657726049423218,-1.444329857826233,-1.384837031364441,-1.573150873184204,-2.2495152950286865,-3.2384934425354004,-3.8973090648651123,-5.312271595001221,-5.876014232635498,-6.309972286224365,-6.75734806060791,-7.008734226226807,-7.534214019775391,-8.445761680603027,-8.723320960998535,-8.437705993652344,-8.749113082885742,-8.849957466125488,-8.070111274719238
-5.098483562469482,-5.480301380157471,-4.758591651916504,-3.7300944328308105,-2.6866440773010254,-2.33264422416687,-2.009972095489502,-1.8686151504516602,-2.194828987121582,-2.0338423252105713,-1.8110471963882446,-2.086716413497925,-1.892739176750183,-1.3935681581497192,-0.936745822429657,-0.635718822479248,-0.03694795072078705,0.7002192139625549,1.1103399991989136,1.0319063663482666,0.5011792182922363,-0.3678800165653229,-1.309820532798767,-1.6888943910598755,-1.6641695499420166,-1.7785470485687256,-2.0961358547210693,-2.4503726959228516,-2.894373655319214,-3.7234835624694824,-4.5929179191589355,-5.415780544281006,-5.996094226837158,-6.473336696624756,-6.9368085861206055,-6.786402225494385,-6.770724773406982,-7.985692024230957,-8.655974388122559,-8.622024536132812,-9.407649040222168,-10.030811309814453,-9.929727554321289
-4.577535152435303,-5.260366439819336,-5.178450584411621,-4.889543533325195,-4.009824752807617,-2.4374306201934814,-2.736787796020508,-3.013714551925659,-2.1916377544403076,-1.0737234354019165,-1.145268201828003,-1.9915248155593872,-1.3092931509017944,-1.1937870979309082,-0.5012338161468506,-0.10302179306745529,0.3149300515651703,0.9558348655700684,1.0091030597686768,0.33087390661239624,-0.43764132261276245,-1.509751319885254,-2.1488561630249023,-1.9747674465179443,-1.7634587287902832,-1.8353017568588257,-2.0527431964874268,-2.411100387573242,-2.997769355773926,-3.8015551567077637,-4.273420333862305,-4.605761528015137,-4.715425491333008,-5.922306060791016,-7.224792003631592,-8.01384162902832,-7.669249534606934,-7.7419023513793945,-8.609307289123535,-9.427035331726074,-10.37463092803955,-11.178927421569824,-11.516715049743652
-2.257093906402588,-4.782227993011475,-4.92625093460083,-4.55192756652832,-4.4081196784973145,-3.6775870323181152,-2.855295181274414,-2.496350049972534,-1.8333942890167236,-1.529636025428772,-0.95097815990448,-1.408524990081787,-2.209723472595215,-0.43651849031448364,0.463735967874527,0.8944902420043945,0.7655593752861023,0.6645504832267761,0.18433287739753723,-0.27213233709335327,-1.2771446704864502,-2.651712656021118,-2.506244659423828,-1.8123705387115479,-1.4316225051879883,-1.1396713256835938,-1.2624810934066772,-2.1853256225585938,-3.1497323513031006,-3.79746150970459,-4.359935760498047,-4.4720964431762695,-3.752267837524414,-5.013359069824219,-8.193881034851074,-8.841218948364258,-9.136308670043945,-9.146941184997559,-8.92791748046875,-9.63158130645752,-10.988316535949707,-11.892754554748535,-12.419429779052734
1.8553682565689087,-1.2049566507339478,-2.625622510910034,-3.619499683380127,-5.203123092651367,-4.385530471801758,-3.180143117904663,-2.861553430557251,-3.0095150470733643,-2.951458692550659,-2.0316195487976074,-1.6732860803604126,-0.9088166356086731,0.3900884985923767,1.7334364652633667,2.5763466358184814,1.673964500427246,0.17448796331882477,-0.6233700513839722,0.12209630757570267,-0.32113441824913025,-2.0699117183685303,-2.2619757652282715,-1.7302241325378418,-1.218668818473816,-1.0080256462097168,-1.4551892280578613,-1.582465410232544,-1.8485339879989624,-2.435068130493164,-2.0335564613342285,-2.375415802001953,-4.775655269622803,-6.782741069793701,-8.447303771972656,-10.08210277557373,-10.778159141540527,-10.546696662902832,-9.697310447692871,-9.660860061645508,-10.581582069396973,-11.45998477935791,-12.14399528503418
-0.9454402923583984,-2.117271661758423,-3.197283983230591,-5.4612531661987305,-5.834011554718018,-4.253671646118164,-3.5589516162872314,-3.830439329147339,-3.7711598873138428,-3.4203848838806152,-2.4976744651794434,-1.1164281368255615,-0.045246124267578125,1.4814027547836304,2.229158878326416,1.6534006595611572,-0.32642894983291626,-1.5380581617355347,-1.9608051776885986,-2.4580585956573486,-1.935603380203247,-2.0241849422454834,-1.9860774278640747,-1.4596582651138306,-1.019883394241333,-0.5689379572868347,-1.3534729480743408,-1.1793030500411987,-0.5240886807441711,-0.037313420325517654,1.7626980543136597,1.2558350563049316,0.6902190446853638,1.4196844100952148,-2.677703857421875,-8.562566757202148,-11.09843635559082,-11.180562973022461,-10.03157901763916,-8.926795959472656,-9.112968444824219,-9.971385955810547,-10.856274604797363
-5.843313694000244,-5.422855377197266,-5.415012359619141,-6.328977584838867,-5.773513317108154,-4.763855457305908,-3.9807958602905273,-3.4747815132141113,-3.2243990898132324,-2.9119033813476562,-2.2989413738250732,-0.30432987213134766,0.9679781794548035,2.1377744674682617,2.3870999813079834,2.178520441055298,-0.5177077651023865,-2.523902177810669,-2.549445867538452,-3.003608226776123,-2.2600693702697754,-1.9702484607696533,-1.3564132452011108,-0.6208133101463318,0.0778074711561203,0.4016892910003662,0.1022772341966629,0.30597949028015137,1.1046353578567505,1.1946111917495728,2.039668083190918,3.639591693878174,4.633758544921875,5.858380317687988,5.905775547027588,-0.8400355577468872,-8.71463394165039,-10.168232917785645,-9.358888626098633,-8.325324058532715,-8.240312576293945,-8.911150932312012,-9.441505432128906
-3.502824306488037,-5.908212184906006,-6.27669095993042,-5.963225841522217,-5.204290390014648,-4.294939994812012,-4.1052069664001465,-3.47106671333313,-2.4680848121643066,-2.18554425239563,-1.3532564640045166,0.2616966962814331,1.6401904821395874,2.4470608234405518,3.1755809783935547,1.3956787586212158,-1.629790186882019,-2.7094175815582275,-3.446925640106201,-3.185267448425293,-2.325345993041992,-1.5365070104599,-0.179838627576828,0.9278711676597595,2.8395540714263916,1.9442247152328491,0.8292161822319031,2.6788125038146973,2.119088649749756,2.065814971923828,4.26666784286499,6.856619358062744,9.205901145935059,7.63187837600708,1.4651687145233154,-4.668388366699219,-7.730075359344482,-8.339977264404297,-7.7049760818481445,-7.411925315856934,-7.788389682769775,-7.707714080810547,-7.015666484832764
1.9602441787719727,-2.878138303756714,-3.823953151702881,-2.7768030166625977,-2.081019163131714,-1.7523858547210693,0.6404229402542114,2.6783504486083984,2.256027936935425,2.780155897140503,2.983400583267212,2.0870535373687744,2.2214303016662598,1.9917563199996948,2.243722677230835,0.01628470979630947,-2.621283769607544,-3.263373374938965,-3.8528168201446533,-3.340209484100342,-2.83162522315979,-2.0916507244110107,-1.1064095497131348,-0.4124417304992676,0.9596588015556335,0.18262150883674622,-0.7572980523109436,-0.07884946465492249,-0.26632964611053467,-0.1420431286096573,0.7148234248161316,1.200141191482544,-1.2798771858215332,-5.324932098388672,-7.762872695922852,-8.478632926940918,-8.526817321777344,-7.33539342880249,-6.423263072967529,-6.238944053649902,-6.183545112609863,-4.914698123931885,-3.775676965713501
6.28940486907959,-1.0709539651870728,-2.926820993423462,-1.1349163055419922,-0.390938937664032,1.4913221597671509,3.856065511703491,4.518374443054199,3.9192018508911133,3.7060351371765137,3.094487190246582,1.6580442190170288,1.3550580739974976,1.1611104011535645,0.6999033689498901,-0.7127470970153809,-2.189236879348755,-2.8851311206817627,-3.2986953258514404,-2.2831947803497314,-1.6577011346817017,-0.9901275038719177,-1.7658637762069702,-1.6732527017593384,0.0222989059984684,-1.5855355262756348,-1.5059106349945068,0.38074272871017456,-2.534445285797119,-5.815216541290283,-7.100247859954834,-7.996265888214111,-7.946193218231201,-7.745223045349121,-8.552652359008789,-8.96999454498291,-8.862032890319824,-7.330018997192383,-5.4113078117370605,-4.714315891265869,-4.190434455871582,-3.2318522930145264,-2.9118993282318115
0.0775454193353653,-5.302633285522461,-4.694169521331787,-3.534395694732666,1.4964426755905151,6.0784783363342285,5.914217948913574,4.105988025665283,3.791720151901245,2.603053569793701,0.7839360237121582,-1.1915419101715088,-1.1353130340576172,-0.27542048692703247,-0.15318304300308228,-0.10498203337192535,-0.1427118331193924,-0.5770168900489807,-1.6070818901062012,-1.7417259216308594,-1.783187985420227,-1.2538992166519165,-0.22908195853233337,-0.8238997459411621,-0.7181242108345032,0.6409388780593872,1.2960237264633179,0.050057075917720795,-4.530765533447266,-5.650933742523193,-3.409273386001587,-1.8919888734817505,0.8484370708465576,0.6991722583770752,-4.815595626831055,-7.739357948303223,-8.016427993774414,-6.159343719482422,-2.6696009635925293,-1.8267439603805542,-3.1700801849365234,-3.9885971546173096,-3.7393083572387695
