data/wind_data/wind_Surface_46.json
{"header": {"parameterUnit": "KT", "parameterCategory": 2, "nx": 255, "ny": 198, "lo1": 44.73521041870117, "la1": -3.236724853515625, "lo2": 111.26478576660156, "la2": 43.468475341796875, "dx": 0.26192745566368103, "dy": -0.23708222806453705, "refTime": "2025-02-20 22:00:00", "forecastTime": 0, "parameterNumber": 3, "parameterNumberName": "northward_wind"}, "data":
[rows 38 to 56 of 198, columns 0 to 42 of 255]
-0.4342319667339325,-0.2763465344905853,-0.12824010848999023,0.3085739314556122,0.7152820825576782,-0.18150992691516876,-0.7791507244110107,-1.5846443176269531,-1.9787200689315796,-2.160538911819458,-2.2170798778533936,-2.649399518966675,-3.25907826423645,-3.727619171142578,-3.927967071533203,-4.2613701820373535,-4.837630271911621,-6.385499954223633,-9.847254753112793,-10.028177261352539,-9.698525428771973,-9.41683292388916,-8.93542766571045,-7.977704048156738,-7.892226696014404,-8.342717170715332,-8.407405853271484,-8.347594261169434,-7.836303234100342,-7.175486087799072,-7.129533290863037,-8.188364028930664,-9.239070892333984,-9.565549850463867,-8.89098072052002,-8.4705810546875,-8.452825546264648,-8.55077838897705,-8.04039192199707,-7.8826518058776855,-8.987110137939453,-9.498844146728516,-7.44063138961792
-1.334009051322937,-0.6677891612052917,0.08093341439962387,0.8745874166488647,1.0892983675003052,0.46239855885505676,0.14858338236808777,-0.6522939205169678,-0.8798974752426147,-1.0914727449417114,-1.4778894186019897,-2.0605623722076416,-2.69773530960083,-3.397860288619995,-3.8707478046417236,-4.653143882751465,-5.76323127746582,-7.070217132568359,-9.714207649230957,-10.069196701049805,-9.652339935302734,-9.08922004699707,-8.306349754333496,-7.766746520996094,-7.749450206756592,-8.297797203063965,-8.279624938964844,-8.19848918914795,-7.632836818695068,-7.196645259857178,-7.157515525817871,-7.72838020324707,-8.28353214263916,-8.322319030761719,-7.9187092781066895,-7.749469757080078,-8.057382583618164,-8.239026069641113,-7.6930766105651855,-6.3257880210876465,-5.5129714012146,-5.725722312927246,-5.8135809898376465
0.02954433299601078,0.4517667293548584,1.0685243606567383,1.682309627532959,1.4956938028335571,1.2157186269760132,0.9089065194129944,0.17051085829734802,-0.3172326385974884,-0.8253967761993408,-1.3418843746185303,-1.6453181505203247,-2.220693826675415,-3.048135280609131,-4.188039302825928,-5.01829719543457,-6.290608882904053,-7.641484260559082,-9.025550842285156,-10.894697189331055,-9.04157829284668,-8.323773384094238,-7.956630229949951,-7.983325481414795,-7.642585754394531,-7.961703300476074,-8.548227310180664,-8.046786308288574,-6.9554877281188965,-6.699282646179199,-6.817479610443115,-7.4654035568237305,-7.952064514160156,-7.305232524871826,-6.816677570343018,-7.36845588684082,-7.755527019500732,-7.036116600036621,-6.406637668609619,-4.887497901916504,-4.2165045738220215,-5.481991767883301,-7.20107364654541
1.6026562452316284,1.5565165281295776,1.9051499366760254,2.273224353790283,1.7070013284683228,1.5430094003677368,0.9763194918632507,0.7579891085624695,0.3797735273838043,-0.8356280326843262,-1.6367088556289673,-1.554224967956543,-1.9083170890808105,-2.870849609375,-4.2166523933410645,-5.086770534515381,-6.599201202392578,-7.861015319824219,-9.037449836730957,-11.015925407409668,-9.16217041015625,-8.347116470336914,-8.84231185913086,-8.764333724975586,-8.361919403076172,-7.949099063873291,-8.6858491897583,-8.354119300842285,-6.758940696716309,-5.843698978424072,-6.539661884307861,-8.069019317626953,-8.21320915222168,-6.026373386383057,-5.338504314422607,-6.136168956756592,-6.655023574829102,-6.12885856628418,-6.780820369720459,-6.008532524108887,-4.330883502960205,-6.1341471672058105,-9.045076370239258
1.6792737245559692,1.3459858894348145,1.804287314414978,1.768304705619812,0.5680570006370544,1.4509146213531494,1.2344154119491577,1.2423102855682373,0.7852168679237366,-0.7229225635528564,-2.21177077293396,-2.594787359237671,-3.256350040435791,-4.067249298095703,-4.450042724609375,-4.992453575134277,-5.7401838302612305,-6.5981974601745605,-7.406296730041504,-8.904923439025879,-10.609885215759277,-9.547860145568848,-10.175600051879883,-9.88654899597168,-9.142804145812988,-7.523586750030518,-7.2565460205078125,-7.706134796142578,-7.279246807098389,-6.19490909576416,-6.3042731285095215,-7.152249813079834,-6.347381114959717,-4.7640204429626465,-4.836315631866455,-4.243825435638428,-4.615070343017578,-6.665688514709473,-7.680252552032471,-5.787742614746094,-3.9352779388427734,-4.8128180503845215,-6.912609100341797
0.6393035054206848,0.16715280711650848,0.7337329387664795,0.27203142642974854,-2.8521506786346436,-1.2860203981399536,-0.9847239255905151,-1.1838150024414062,-1.4205708503723145,-1.5027995109558105,-2.5906565189361572,-3.4778597354888916,-3.7848825454711914,-3.1918649673461914,-2.4218389987945557,-2.4312572479248047,-2.8096187114715576,-3.984640598297119,-5.697319507598877,-7.2610883712768555,-10.593271255493164,-11.04725456237793,-11.388529777526855,-10.996586799621582,-9.737586975097656,-7.980239391326904,-6.687276363372803,-7.022715091705322,-7.528173923492432,-6.77280330657959,-4.748149871826172,-3.708866596221924,-4.920718193054199,-7.292952060699463,-6.698294162750244,-3.5903661251068115,-3.7854087352752686,-7.0904459953308105,-6.328115463256836,-3.426757335662842,-3.833585500717163,-4.1112470626831055,-3.759927988052368
-0.8432044982910156,-1.0319533348083496,-0.5803189277648926,-0.9703196883201599,-4.041719436645508,-4.657599449157715,-4.755931854248047,-4.343484878540039,-3.4845407009124756,-2.2596068382263184,-2.0119545459747314,-1.9171879291534424,-0.8182443380355835,0.13174931704998016,0.6557660698890686,1.1544489860534668,0.20213456451892853,-2.727170705795288,-5.456621170043945,-6.498480796813965,-7.851351737976074,-10.966639518737793,-11.430854797363281,-10.965004920959473,-9.754205703735352,-8.266440391540527,-6.958376884460449,-6.67024564743042,-6.843842506408691,-6.275529861450195,-4.840413570404053,-3.8627233505249023,-5.2433247566223145,-6.892857551574707,-5.96447229385376,-4.249739170074463,-3.282163619995117,-3.586721181869507,-3.5542328357696533,-3.2524375915527344,-4.663693428039551,-5.358386039733887,-3.8171346187591553
-1.8374961614608765,-1.8967541456222534,-1.4464527368545532,-1.8262501955032349,-3.5262601375579834,-4.352884292602539,-4.585953235626221,-3.860327959060669,-2.5878195762634277,-1.5348786115646362,-1.1691333055496216,-0.4800163209438324,0.2250794917345047,0.8378627896308899,1.5366357564926147,1.435919165611267,-1.251741886138916,-5.299871921539307,-5.9831929206848145,-6.478189468383789,-6.830607891082764,-8.243319511413574,-11.060894966125488,-9.600008964538574,-9.313386917114258,-8.187568664550781,-6.8765788078308105,-5.827885627746582,-5.971983432769775,-5.976437568664551,-5.312695026397705,-4.763241291046143,-3.278142213821411,-1.1101545095443726,-1.6385307312011719,-4.640486717224121,-4.555418014526367,-2.9270858764648438,-2.4493954181671143,-3.996122121810913,-5.347724437713623,-4.862425327301025,-5.631631374359131
-1.900834083557129,-1.8458324670791626,-2.049924612045288,-3.4135689735412598,-6.565659999847412,-5.107120513916016,-4.039111614227295,-2.275721549987793,-0.9377192258834839,-0.016969187185168266,-0.9807866811752319,-2.1093976497650146,-2.733896255493164,-2.1542694568634033,-0.6150640845298767,-2.5962772369384766,-7.115164756774902,-7.544801235198975,-5.762540817260742,-5.514557838439941,-6.009016513824463,-6.908918857574463,-10.417274475097656,-9.23879623413086,-8.202141761779785,-9.200422286987305,-9.241539001464844,-7.811838150024414,-6.285304546356201,-5.98079776763916,-4.16365385055542,-2.880558490753174,-3.487459182739258,-2.444758176803589,-1.3488095998764038,-1.9806157350540161,-3.43349552154541,-4.754481792449951,-4.234369277954102,-0.4921184778213501,0.32660558819770813,-1.4995601177215576,-5.122976303100586
-2.100417137145996,-1.4529595375061035,-2.963817834854126,-4.310273170471191,-6.063592433929443,-4.032833099365234,-2.5074024200439453,0.04477310553193092,0.4160378873348236,-0.747046709060669,-2.851576805114746,-4.482908248901367,-5.504015922546387,-5.521193981170654,-4.9139180183410645,-7.439918041229248,-8.107690811157227,-5.840215682983398,-4.8371429443359375,-3.984560012817383,-4.761899948120117,-5.777865886688232,-7.157308101654053,-9.750356674194336,-7.814451217651367,-8.006349563598633,-8.315004348754883,-7.905704975128174,-6.415205955505371,-5.479846000671387,-4.322213649749756,-2.3408608436584473,-1.8695133924484253,-2.4149258136749268,-1.6570439338684082,-0.26421716809272766,-1.8769656419754028,-3.401333808898926,-3.794097423553467,-1.919154405593872,-1.3162504434585571,-3.2728443145751953,-4.3534932136535645
-2.9339842796325684,-1.9277101755142212,-3.5373828411102295,-4.9311981201171875,-5.507542610168457,-3.7946527004241943,-3.0696375370025635,-0.1403307169675827,-0.08931378275156021,-2.986255168914795,-4.820455551147461,-5.798989295959473,-6.324763774871826,-6.026213645935059,-6.207345485687256,-5.990549087524414,-4.269484519958496,-4.610885143280029,-5.264787197113037,-4.233159065246582,-4.805355548858643,-4.596012592315674,-5.196345806121826,-8.392969131469727,-8.396909713745117,-6.848926544189453,-6.0409440994262695,-5.8047919273376465,-6.050779342651367,-4.932097911834717,-4.77838659286499,-5.005533218383789,-2.8109588623046875,-2.659701347351074,-3.689279079437256,-2.3795509338378906,-2.043548583984375,-2.836927890777588,-2.0522241592407227,-3.1818583011627197,-5.039568901062012,-6.003726005554199,-4.5862226486206055
-2.86403489112854,-2.7627408504486084,-3.7267770767211914,-5.382225513458252,-6.878441333770752,-5.67751932144165,-4.408811569213867,-1.1014719009399414,-1.3637895584106445,-4.480951309204102,-6.473886013031006,-6.929093837738037,-6.367818832397461,-5.371637344360352,-4.001323699951172,-3.017688274383545,-3.634624481201172,-4.869579792022705,-5.6117753982543945,-4.790176868438721,-5.027139186859131,-3.9186642169952393,-4.545257091522217,-5.295642852783203,-7.150573253631592,-5.872303485870361,-4.534689426422119,-4.288586139678955,-4.048747539520264,-2.6724467277526855,-3.3703362941741943,-5.986005783081055,-4.809174060821533,-2.663020610809326,-3.9617912769317627,-5.933004379272461,-3.0554263591766357,-0.11024678498506546,-0.5320923328399658,-1.831757664680481,-2.825701951980591,-1.8745296001434326,-1.7978606224060059
-1.4552372694015503,-2.9296391010284424,-3.096315860748291,-3.3934967517852783,-3.140094518661499,-3.211984872817993,-1.7445236444473267,3.3600451946258545,0.5688852667808533,-5.4743733406066895,-8.856209754943848,-8.128602027893066,-6.606328010559082,-5.670012474060059,-4.274527549743652,-3.167431592941284,-2.5144896507263184,-2.785346269607544,-2.5717859268188477,-2.1702463626861572,-2.399013042449951,-2.1896708011627197,-3.151484251022339,-3.1948859691619873,-4.247797012329102,-4.3937296867370605,-2.5874135494232178,-2.1764981746673584,-3.279568672180176,-4.018401145935059,-3.0719358921051025,-1.6635856628417969,-0.6083434224128723,-0.056621063500642776,-1.9915528297424316,-4.5129828453063965,-4.01051139831543,-2.135546922683716,-2.3284084796905518,-3.2845497131347656,-2.350252866744995,-0.9948435425758362,-1.185586929321289
-0.772057831287384,-2.517427921295166,-1.4788014888763428,0.12439455837011337,5.167473793029785,2.3576321601867676,3.487696409225464,6.999666690826416,1.8929729461669922,-4.474472999572754,-7.655389308929443,-6.6187334060668945,-6.509368896484375,-5.898133754730225,-4.577950477600098,-2.137697219848633,1.0461139678955078,2.210648536682129,2.8049099445343018,3.7168304920196533,2.3206162452697754,-0.6825113296508789,-2.087724447250366,-2.4340903759002686,-3.4296650886535645,-5.255364894866943,-4.301321983337402,-3.16898512840271,-5.189047813415527,-7.536265850067139,-5.162714958190918,-0.7698920965194702,-0.30139845609664917,-2.653729200363159,-4.046533107757568,-2.658614158630371,-1.48354172706604,-1.6250715255737305,-1.3617669343948364,-1.3402644395828247,-2.6110503673553467,-5.180965900421143,-3.3390893936157227
-1.9250303506851196,-3.012746810913086,-1.3611901998519897,1.4255213737487793,6.9528045654296875,4.684187412261963,6.528226852416992,6.814054012298584,1.4623122215270996,1.0706373453140259,-1.684630274772644,-3.885021448135376,-5.818419933319092,-5.700564861297607,-4.17200231552124,-1.0089221000671387,3.0828378200531006,5.437097072601318,5.807198524475098,3.3292651176452637,-0.4627610743045807,-2.5167837142944336,-2.029047966003418,-1.9547189474105835,-3.596320867538452,-3.172839641571045,-3.26708722114563,-3.9873898029327393,-5.180728912353516,-7.391755104064941,-6.490977764129639,-3.4633076190948486,-0.7817100882530212,-1.9061040878295898,-2.8608646392822266,-3.32627010345459,-3.285491466522217,-1.4425783157348633,-0.23348423838615417,-0.9143535494804382,-2.0231714248657227,-4.471719264984131,-5.0111846923828125
-3.1302225589752197,-4.108282566070557,-2.2500040531158447,0.45867565274238586,3.4502058029174805,2.299934148788452,3.2365078926086426,4.129478931427002,3.88033127784729,7.0070366859436035,5.655898571014404,2.3536922931671143,-1.0003085136413574,-1.3296226263046265,-0.22721754014492035,0.8082885146141052,4.270952224731445,6.905553817749023,3.1094183921813965,-4.416727066040039,-7.382992744445801,-6.798904895782471,-2.9591541290283203,-1.7289725542068481,-3.2795658111572266,-1.8357253074645996,-0.23751311004161835,-1.7010622024536133,-3.172036647796631,-3.7846813201904297,-2.8166465759277344,-2.1290581226348877,-0.7106639742851257,-0.5569583773612976,-1.4876322746276855,-3.6456034183502197,-6.429564952850342,-6.391593933105469,-3.1579442024230957,-1.4894278049468994,-0.8162018656730652,-0.6404648423194885,-2.1118905544281006
-3.046011447906494,-4.187888145446777,-3.0201709270477295,-1.810774803161621,-3.090930223464966,-4.594332218170166,-4.689875602722168,-2.8874874114990234,3.204625129699707,10.798693656921387,13.888708114624023,12.674062728881836,11.892142295837402,11.22630786895752,9.966604232788086,10.105635643005371,11.348840713500977,10.316214561462402,2.30349063873291,-2.4841277599334717,-4.011044025421143,-2.034285068511963,-0.3407696783542633,-2.166893720626831,-2.4829559326171875,0.05929196998476982,2.012416362762451,1.0996416807174683,0.7083661556243896,0.44371283054351807,-1.357349157333374,-2.4802329540252686,-2.8449530601501465,-1.6317138671875,-0.771834135055542,-1.6468729972839355,-3.0890297889709473,-4.4535064697265625,-4.892027378082275,-4.096766471862793,-2.5152533054351807,-1.5449227094650269,-1.4491548538208008
-2.531744956970215,-3.504342555999756,-3.300546646118164,-3.706740140914917,-6.26179838180542,-7.315156936645508,-8.82593059539795,-9.725412368774414,-6.9889750480651855,4.6977858543396,9.223769187927246,12.772192001342773,14.177315711975098,15.133089065551758,15.919411659240723,16.64390754699707,16.177330017089844,10.648316383361816,5.611405849456787,6.313467502593994,8.767244338989258,8.523819923400879,5.231799602508545,-1.317959189414978,-1.1139723062515259,1.190722942352295,0.3879367411136627,-0.8448607325553894,-0.6656638383865356,-0.809107780456543,-1.3521636724472046,-2.0835704803466797,-3.475052833557129,-3.581329584121704,-2.3606083393096924,-1.0639986991882324,-1.445677638053894,-2.046238899230957,-3.142381191253662,-4.630226135253906,-5.292646408081055,-2.677692413330078,-2.1478912830352783
-1.7544951438903809,-2.382274866104126,-2.771601915359497,-3.991936683654785,-6.474349498748779,-7.635723114013672,-9.008137702941895,-10.366276741027832,-11.243053436279297,-8.474241256713867,-3.6036159992218018,-0.4508063793182373,0.6740365624427795,2.9972970485687256,5.903868198394775,7.160428047180176,8.251130104064941,6.8478169441223145,7.539006233215332,11.601068496704102,14.623335838317871,13.64693546295166,8.337535858154297,4.71893310546875,2.556016683578491,1.998438835144043,1.4760911464691162,0.8907715678215027,-0.05430136248469353,-0.5450367331504822,-0.28320983052253723,-0.11760736256837845,-0.16464555263519287,0.6380158066749573,1.2126047611236572,1.2917979955673218,-0.3749089241027832,-2.8879451751708984,-3.8352842330932617,-2.2757914066314697,-2.0649380683898926,-0.38813063502311707,-0.8925369381904602
