data/wind_data/wind_22_2.json
{"header": {"parameterUnit": "KT", "parameterCategory": 2, "nx": 256, "ny": 198, "lo1": 44.73521041870117, "la1": -3.236724853515625, "lo2": 111.26478576660156, "la2": 43.468475341796875, "dx": 0.2609002888202667, "dy": -0.23708222806453705, "refTime": "2025-02-19 22:00:00", "forecastTime": 0, "parameterNumber": 2, "parameterNumberName": "eastward_wind"}, "data":
[rows 19 to 37 of 198, columns 86 to 128 of 256]
-6.811013221740723,-6.137109279632568,-5.484226703643799,-5.924391746520996,-6.407471179962158,-4.753304958343506,-3.2988851070404053,-5.487131118774414,-6.709643840789795,-5.837604999542236,-5.706825256347656,-6.600893020629883,-5.167786598205566,-3.4294939041137695,-6.1887030601501465,-5.033149719238281,-3.1694350242614746,-5.254786968231201,-5.991306304931641,-6.558041572570801,-4.087886333465576,-2.8487019538879395,-5.051530838012695,-6.854342460632324,-6.12869119644165,-3.3240838050842285,-3.7128958702087402,-6.817485809326172,-3.434026002883911,-4.405048847198486,-11.558021545410156,-6.855358123779297,-5.224278926849365,-6.006663799285889,-6.784884929656982,-4.393167018890381,-1.975129246711731,-2.072601795196533,-1.674351692199707,-4.690004348754883,-3.20758318901062,-2.0847010612487793,-1.2959297895431519
-6.167428493499756,-6.356292247772217,-6.592586040496826,-6.11465311050415,-5.207329750061035,-3.3911519050598145,-3.8812203407287598,-10.35567855834961,-9.500951766967773,-6.085026264190674,-7.56235408782959,-7.724715709686279,-5.641014575958252,-4.655218124389648,-3.029745578765869,-1.7208325862884521,-0.41147130727767944,-5.539824485778809,-10.839371681213379,-7.550262928009033,-7.4096879959106445,-4.719168663024902,-3.253458023071289,-2.7803194522857666,-9.342259407043457,-3.758427619934082,-4.818877220153809,-7.5714192390441895,-5.8400702476501465,-9.594500541687012,-8.585953712463379,-6.343177795410156,-3.6541600227355957,-4.188085556030273,-4.590663433074951,-2.952404260635376,-0.43119731545448303,-7.682147026062012,-5.500853538513184,-2.355980634689331,-3.12198805809021,-4.567683219909668,-1.4180248975753784
-6.8032073974609375,-6.554903030395508,-6.02766752243042,-5.160720348358154,-4.292677402496338,-3.2228710651397705,-3.619445562362671,-5.466840744018555,-3.435241222381592,-1.2767235040664673,-9.628668785095215,-9.976984977722168,-5.434105396270752,-5.434898853302002,-4.149208068847656,-3.540329933166504,-4.2616167068481445,-5.31105899810791,-9.309941291809082,-8.704901695251465,-6.877127647399902,-6.664269924163818,-3.9401774406433105,-3.633737564086914,-12.269935607910156,-6.415921688079834,-5.948276519775391,-7.8762593269348145,-6.610013961791992,-7.169395446777344,-6.704676151275635,-6.205193042755127,-5.416774272918701,-7.0853271484375,-6.480102062225342,-6.199300765991211,-5.706932067871094,-5.872454643249512,-4.775171756744385,-3.1756317615509033,-0.6372560262680054,-3.3443617820739746,-3.5054233074188232
-7.089261054992676,-6.632638931274414,-6.491941452026367,-5.4528727531433105,-4.788880348205566,-3.8104333877563477,-2.5198819637298584,-1.5776166915893555,-0.08129838854074478,-5.254339218139648,-11.297318458557129,-8.169869422912598,-5.739396095275879,-4.83047342300415,-4.69342565536499,-4.925944805145264,-4.8761677742004395,-4.95397424697876,-7.791148662567139,-8.065725326538086,-6.93997859954834,-7.047414779663086,-7.299733638763428,-9.218841552734375,-10.625484466552734,-8.021238327026367,-7.003017425537109,-7.823009967803955,-5.139298439025879,-5.682796478271484,-6.944046497344971,-4.853122711181641,-1.2505186796188354,-10.581562995910645,-6.251866817474365,-5.967425346374512,-6.462259769439697,-5.319970607757568,-5.090230464935303,-4.563519477844238,-4.081515312194824,-3.172029972076416,-3.662900686264038
-6.953908920288086,-7.062686443328857,-7.163111209869385,-5.257390975952148,-4.408719062805176,-2.8992488384246826,-0.08007540553808212,0.24485552310943604,-6.293991565704346,-11.224844932556152,-9.570741653442383,-7.784100532531738,-6.05497932434082,-5.575202941894531,-5.823329925537109,-6.150216102600098,-6.174506664276123,-7.332716464996338,-10.44209098815918,-9.290621757507324,-6.9188032150268555,-4.922134876251221,-4.6642842292785645,-12.937196731567383,-9.546056747436523,-8.643511772155762,-8.686247825622559,-7.813839435577393,-5.592072486877441,-5.524099826812744,-5.731184959411621,-2.253960132598877,3.3794422149658203,-10.556962966918945,-4.060533046722412,-7.512446403503418,-6.592018127441406,-5.942587852478027,-6.006625175476074,-5.925207138061523,-5.094842910766602,-4.065560340881348,-4.567841053009033
-7.104619979858398,-7.23838472366333,-7.31330680847168,-5.126791954040527,-3.727644443511963,-3.285820484161377,-3.1134586334228516,-5.708338260650635,-8.030756950378418,-9.098294258117676,-8.590422630310059,-8.568464279174805,-6.962430953979492,-6.40645170211792,-7.081368923187256,-8.034741401672363,-8.565980911254883,-8.988086700439453,-9.748648643493652,-9.594855308532715,-6.969302654266357,-5.6211090087890625,-8.989422798156738,-10.41108226776123,-8.668008804321289,-8.927912712097168,-8.393623352050781,-7.056892395019531,-7.543177604675293,-7.389814853668213,-5.081784725189209,-3.33014178276062,-4.719207286834717,-7.8974690437316895,-1.5518850088119507,-4.3364715576171875,-5.208919048309326,-2.424149751663208,-2.7065000534057617,-4.41107177734375,-4.092702865600586,-5.011805534362793,-5.393747806549072
-7.484488010406494,-6.604316234588623,-5.936103343963623,-5.230648517608643,-5.139500141143799,-5.312227249145508,-5.674673557281494,-6.728213787078857,-7.194399356842041,-9.23385238647461,-9.701011657714844,-8.78060245513916,-8.490788459777832,-7.927172660827637,-7.842734336853027,-8.457926750183105,-8.918116569519043,-9.456452369689941,-9.826193809509277,-9.305112838745117,-7.436561584472656,-5.946559429168701,-6.812592029571533,-8.702488899230957,-8.545960426330566,-9.310240745544434,-8.568511009216309,-7.746846675872803,-7.945338726043701,-6.942136287689209,-4.553128719329834,-5.606501579284668,-9.139775276184082,-6.783080577850342,-1.427893042564392,-0.2751360535621643,-4.101590156555176,-1.5114984512329102,3.513500452041626,-6.838036060333252,-2.1771132946014404,-6.724607944488525,-5.596776485443115
-7.37265682220459,-6.9577956199646,-6.0541582107543945,-5.762876033782959,-6.004506587982178,-6.489019870758057,-6.128699779510498,-6.055903911590576,-8.690250396728516,-8.634207725524902,-7.805313587188721,-8.359609603881836,-8.590517044067383,-8.01720905303955,-7.9507036209106445,-8.708709716796875,-9.364045143127441,-9.90821647644043,-9.863872528076172,-9.59298324584961,-7.877237796783447,-7.520874500274658,-7.844876289367676,-8.009479522705078,-8.803415298461914,-10.01897144317627,-9.783126831054688,-9.016402244567871,-7.354885101318359,-5.542303562164307,-4.990682601928711,-5.333443641662598,-5.495542049407959,-4.747878074645996,-1.9713994264602661,-1.4059556722640991,-4.525437355041504,-4.67540979385376,-0.018127411603927612,-5.090447902679443,-0.9510445594787598,-12.371167182922363,-7.098212718963623
-7.735770225524902,-7.427495002746582,-6.665413856506348,-5.952733993530273,-6.078881740570068,-7.097351551055908,-7.103851795196533,-6.795468330383301,-8.496757507324219,-8.215709686279297,-7.648417949676514,-8.512236595153809,-8.248492240905762,-8.033153533935547,-8.219467163085938,-8.160411834716797,-9.0452880859375,-9.780803680419922,-9.975446701049805,-9.578303337097168,-8.488109588623047,-8.187239646911621,-8.546443939208984,-9.35507869720459,-10.214632034301758,-12.082711219787598,-9.331832885742188,-7.777659893035889,-8.350625038146973,-4.120922565460205,-7.575960159301758,-6.4567975997924805,-5.535539627075195,-7.864545822143555,-6.522924900054932,-2.145726442337036,-4.859890460968018,-4.325060844421387,-5.850192070007324,-5.011208534240723,-4.264012336730957,-9.280746459960938,-5.161040782928467
-7.30842399597168,-7.079202175140381,-7.096678256988525,-5.982706069946289,-6.017045021057129,-7.11813497543335,-8.119059562683105,-8.066633224487305,-8.369159698486328,-8.58584213256836,-8.382185935974121,-8.898652076721191,-9.216492652893066,-8.964625358581543,-8.225177764892578,-7.674257278442383,-8.3650541305542,-8.774343490600586,-9.568266868591309,-9.692567825317383,-8.434406280517578,-7.241392612457275,-7.382474899291992,-9.620695114135742,-10.732063293457031,-8.871703147888184,-5.234217643737793,-7.544547080993652,-10.202105522155762,-5.27962064743042,-8.407447814941406,-6.420602798461914,-2.72383451461792,-3.753857135772705,-6.4068193435668945,-4.879161834716797,-4.120940208435059,-4.104203701019287,-6.851745128631592,-7.457016944885254,-3.4873733520507812,-4.473094940185547,-2.258207082748413
-6.178371906280518,-6.718286514282227,-7.07516622543335,-6.528200149536133,-6.787685394287109,-7.316825866699219,-7.955982208251953,-8.4215669631958,-8.528175354003906,-7.827860355377197,-8.219611167907715,-8.410287857055664,-8.644320487976074,-8.917258262634277,-8.549052238464355,-8.15706729888916,-8.143211364746094,-8.233683586120605,-8.669257164001465,-8.916726112365723,-9.048783302307129,-7.902587413787842,-7.243995189666748,-8.586505889892578,-7.769681930541992,-7.09544038772583,-8.117271423339844,-7.796207904815674,-7.777001857757568,-7.26138162612915,-6.168872356414795,-6.044442653656006,-5.761384010314941,-4.3409881591796875,-5.322960376739502,-6.0080766677856445,-7.109549045562744,-7.548864364624023,-6.304417610168457,-5.001976490020752,-4.094119071960449,-3.1236422061920166,-2.8757190704345703
-6.501701831817627,-7.1734514236450195,-7.254800319671631,-6.942775726318359,-7.524049758911133,-7.790349006652832,-7.65217399597168,-7.67797327041626,-7.705847263336182,-7.338179588317871,-6.831874370574951,-7.760575294494629,-7.650116443634033,-7.980066776275635,-8.360240936279297,-8.147602081298828,-7.768082141876221,-7.996159553527832,-7.753886699676514,-8.20584774017334,-8.909943580627441,-8.448553085327148,-8.080063819885254,-8.464398384094238,-10.065570831298828,-10.64496898651123,-10.055532455444336,-9.413875579833984,-9.607769012451172,-9.785473823547363,-8.609922409057617,-6.802356719970703,-6.560307502746582,-5.35848331451416,-4.154935836791992,-5.266148567199707,-7.140764236450195,-7.897527694702148,-8.462032318115234,-7.451766014099121,-6.022854328155518,-4.324543476104736,-3.2132809162139893
-7.323304653167725,-7.727438926696777,-7.357107162475586,-6.959739685058594,-7.313242435455322,-7.583347320556641,-7.620529651641846,-7.298995018005371,-6.071831703186035,-6.735503673553467,-6.237384796142578,-6.582574844360352,-6.205915927886963,-7.114527225494385,-7.245915412902832,-7.010645389556885,-7.258459568023682,-7.2642412185668945,-6.913940906524658,-7.712512493133545,-8.334450721740723,-8.3793363571167,-8.893746376037598,-9.99935531616211,-10.974553108215332,-11.747732162475586,-11.990701675415039,-12.21585750579834,-11.6032133102417,-10.914435386657715,-10.257015228271484,-8.423667907714844,-6.212477207183838,-5.089751243591309,-3.733346939086914,-2.8408968448638916,-4.358369827270508,-6.602676868438721,-7.249333381652832,-6.5334153175354,-7.335839748382568,-7.258610725402832,-5.5324015617370605
-7.8598504066467285,-7.915828227996826,-7.710472583770752,-7.322326183319092,-6.9106574058532715,-7.1147236824035645,-7.43115758895874,-7.882167339324951,-6.188594818115234,-5.943552494049072,-6.096164703369141,-6.625491619110107,-5.5137834548950195,-6.0552754402160645,-5.281094074249268,-5.277899742126465,-5.733288288116455,-5.403079032897949,-5.294734477996826,-6.1212897300720215,-6.917498588562012,-7.7493815422058105,-8.432975769042969,-9.082736015319824,-8.864920616149902,-9.96800422668457,-12.311800003051758,-12.013391494750977,-10.72455883026123,-10.072468757629395,-9.947065353393555,-8.972916603088379,-6.924903392791748,-6.261886119842529,-4.49893856048584,-2.7920613288879395,-3.0831611156463623,-2.87988543510437,-4.0836920738220215,-3.72865891456604,-3.591111421585083,-4.609053611755371,-5.451019763946533
-7.944360733032227,-8.170470237731934,-8.026823997497559,-7.585067272186279,-7.542025089263916,-7.296594142913818,-7.165248870849609,-7.2321319580078125,-7.290528774261475,-6.00352144241333,-5.597686290740967,-7.001835823059082,-5.274222373962402,-4.383352756500244,-4.751389980316162,-4.012533187866211,-4.044121265411377,-3.6129708290100098,-3.7291452884674072,-4.46815824508667,-5.084136962890625,-6.1921162605285645,-6.362346649169922,-6.895486354827881,-6.877197265625,-5.945840835571289,-6.12482213973999,-7.121835231781006,-6.107211112976074,-6.057084083557129,-7.077191352844238,-6.942166805267334,-6.101418495178223,-6.196636199951172,-5.280035018920898,-3.8330729007720947,-2.5305962562561035,-2.277076482772827,-3.15073299407959,-1.496016025543213,-0.9588289260864258,-1.225578784942627,-2.3015260696411133
-9.337202072143555,-8.162232398986816,-7.683444976806641,-7.876844882965088,-7.85484504699707,-7.691784381866455,-6.9454779624938965,-6.518893241882324,-7.264913558959961,-6.293210029602051,-4.609927177429199,-5.430922508239746,-4.8390212059021,-3.2836546897888184,-4.293779373168945,-3.0552337169647217,-3.3756906986236572,-3.4853432178497314,-3.4883320331573486,-3.985218048095703,-3.594707727432251,-3.2892990112304688,-3.6685986518859863,-4.15722131729126,-4.2336320877075195,-3.734238862991333,-2.63437557220459,-2.358839511871338,-1.0173633098602295,-0.5078336596488953,-2.75532603263855,-2.9116880893707275,-2.946995496749878,-4.03770112991333,-4.6354169845581055,-4.101937770843506,-2.833723783493042,-2.3814282417297363,-2.578317880630493,-2.2229127883911133,-1.1116077899932861,-0.2156328409910202,0.4771570563316345
-9.651773452758789,-8.2959566116333,-8.0145902633667,-8.435005187988281,-8.978063583374023,-7.812510013580322,-6.2124176025390625,-5.765596389770508,-5.381237983703613,-5.757118225097656,-4.261839389801025,-3.2935779094696045,-4.521525859832764,-2.379976987838745,-3.342647075653076,-2.529308557510376,-4.590111255645752,-5.30778169631958,-4.970732688903809,-5.420984745025635,-4.8714189529418945,-3.0543322563171387,-2.5343613624572754,-1.984713077545166,-0.9892527461051941,-0.7440155148506165,0.15397074818611145,-0.7126916646957397,1.3315519094467163,1.911271095275879,-0.9989287853240967,-0.11409534513950348,-0.17398113012313843,-1.2611777782440186,-2.705928087234497,-3.702117443084717,-2.721895456314087,-2.9242031574249268,-3.2572021484375,-3.164660692214966,-3.064605712890625,-2.088475227355957,-0.5589550137519836
-7.936665058135986,-6.9907732009887695,-8.205007553100586,-8.699820518493652,-9.809704780578613,-8.871145248413086,-6.103884696960449,-5.59190559387207,-4.91201114654541,-4.9864630699157715,-4.187668800354004,-2.294583797454834,-3.7218403816223145,-2.768401861190796,-2.9854726791381836,-2.499150037765503,-5.605555534362793,-5.092357635498047,-5.228878021240234,-5.056607723236084,-5.839107036590576,-4.645477294921875,-3.5359957218170166,-1.621153712272644,-0.45861363410949707,0.573552668094635,1.1977394819259644,0.22039981186389923,-0.23239187896251678,1.6147081851959229,-0.5421701669692993,0.026086552068591118,-0.27000924944877625,-1.3798481225967407,-2.3355302810668945,-3.522306442260742,-4.512629985809326,-5.086766242980957,-5.512693405151367,-5.561947345733643,-5.148338794708252,-4.191272258758545,-2.862112283706665
-5.8535919189453125,-7.216148376464844,-8.657992362976074,-9.28128433227539,-10.309820175170898,-8.685407638549805,-5.955958366394043,-6.175878047943115,-4.0604095458984375,-3.8411264419555664,-4.106871128082275,-2.657758951187134,-2.2664620876312256,-3.273515462875366,-3.4683778285980225,0.11341222375631332,-3.35663104057312,-3.282188653945923,-5.132794380187988,-3.9429168701171875,-4.197877407073975,-3.8293375968933105,-3.4720988273620605,-2.7015843391418457,-2.6186578273773193,-0.6730125546455383,0.7192867398262024,0.21688975393772125,0.5561569929122925,-0.03912462666630745,0.09554102271795273,-1.2858129739761353,-2.3316380977630615,-3.23119854927063,-3.8890628814697266,-4.746703147888184,-5.648174285888672,-6.343720436096191,-6.557466506958008,-6.386934280395508,-6.1690192222595215,-5.285200119018555,-4.085367679595947
