data/wind_data/wind_5_9.json
{"header": {"parameterUnit": "KT", "parameterCategory": 2, "nx": 256, "ny": 198, "lo1": 44.73521041870117, "la1": -3.236724853515625, "lo2": 111.26478576660156, "la2": 43.468475341796875, "dx": 0.2609002888202667, "dy": -0.23708222806453705, "refTime": "2025-02-19 05:00:00", "forecastTime": 0, "parameterNumber": 2, "parameterNumberName": "eastward_wind"}, "data":
[rows 19 to 37 of 198, columns 172 to 214 of 256]
27.09185218811035,25.7222900390625,24.409339904785156,24.063810348510742,25.090028762817383,27.275489807128906,29.286701202392578,29.99992561340332,29.909650802612305,30.03800392150879,30.356857299804688,29.662540435791016,27.679405212402344,26.861040115356445,28.262128829956055,29.60956382751465,29.499839782714844,28.769264221191406,27.553258895874023,25.982479095458984,25.3153133392334,25.76119041442871,25.988828659057617,25.70511245727539,25.030746459960938,23.58031463623047,23.111196517944336,24.91877555847168,26.38308334350586,25.336204528808594,23.169309616088867,22.36146354675293,22.931392669677734,23.520984649658203,23.74043846130371,24.78872299194336,27.487834930419922,29.68453598022461,29.525419235229492,26.53477668762207,23.201963424682617,21.398515701293945,21.56351089477539
26.1597900390625,25.123144149780273,24.476091384887695,24.236181259155273,24.733829498291016,26.18287467956543,27.716808319091797,28.367963790893555,28.26035499572754,28.378175735473633,29.160011291503906,29.206226348876953,27.872087478637695,27.150482177734375,28.333209991455078,29.66322898864746,29.536640167236328,28.558744430541992,27.746196746826172,27.442216873168945,27.806135177612305,27.952791213989258,26.993244171142578,25.27723503112793,23.85602569580078,23.214038848876953,23.572097778320312,24.390056610107422,24.331106185913086,23.336149215698242,22.58140754699707,22.745662689208984,23.060321807861328,22.66674041748047,22.230344772338867,24.64602279663086,27.556106567382812,30.308979034423828,30.1119441986084,27.063003540039062,23.75554656982422,22.08391761779785,21.578798294067383
26.80573081970215,25.643516540527344,24.562978744506836,23.803558349609375,23.856571197509766,25.017301559448242,26.582876205444336,27.323118209838867,27.008743286132812,27.02167320251465,28.023193359375,28.723209381103516,28.462635040283203,27.706199645996094,27.721073150634766,29.080480575561523,29.79317283630371,28.950319290161133,28.42335319519043,29.3377628326416,30.395872116088867,29.748815536499023,27.78847312927246,25.573322296142578,23.95942497253418,23.939329147338867,25.011796951293945,25.07304573059082,23.33264923095703,22.164535522460938,22.624530792236328,23.498994827270508,23.811664581298828,23.262794494628906,22.702674865722656,24.821346282958984,27.880769729614258,29.743858337402344,29.355241775512695,27.275951385498047,24.79462242126465,22.91670799255371,21.748666763305664
27.516284942626953,25.96597671508789,24.527379989624023,23.706920623779297,23.46240997314453,24.063993453979492,25.442657470703125,26.502696990966797,26.48756217956543,26.4697322845459,27.31070327758789,28.121891021728516,28.28158187866211,27.719240188598633,27.279390335083008,28.18520164489746,29.37814712524414,29.337013244628906,29.55825424194336,31.236318588256836,32.66527557373047,31.336549758911133,28.487110137939453,26.073320388793945,24.828258514404297,25.093847274780273,26.133901596069336,25.818235397338867,23.696409225463867,22.466718673706055,23.08894920349121,24.20488166809082,24.652101516723633,24.063785552978516,24.47117042541504,25.67088508605957,27.662023544311523,28.69274139404297,28.756444931030273,27.828107833862305,26.221168518066406,23.73725128173828,21.72051239013672
27.64072036743164,25.834341049194336,24.228975296020508,23.681081771850586,23.644914627075195,23.903966903686523,24.795129776000977,25.7138671875,25.790632247924805,25.660390853881836,26.2686710357666,27.198728561401367,27.486370086669922,27.26412010192871,27.350791931152344,27.87215232849121,28.271791458129883,28.490659713745117,29.788558959960938,32.249114990234375,33.851356506347656,32.455142974853516,29.300968170166016,26.799715042114258,25.592060089111328,25.54789161682129,26.077194213867188,25.81916618347168,24.61020851135254,23.87322425842285,24.01230812072754,24.345722198486328,24.681190490722656,24.97283935546875,25.745080947875977,26.961257934570312,27.816009521484375,27.876131057739258,27.653921127319336,27.693645477294922,26.9031925201416,24.354352951049805,21.439367294311523
26.646038055419922,24.875150680541992,23.998376846313477,24.087881088256836,24.14319610595703,24.01334571838379,24.249614715576172,24.78014373779297,24.985395431518555,24.667631149291992,24.71976661682129,25.767919540405273,26.975521087646484,27.340953826904297,27.268882751464844,27.400312423706055,27.61052703857422,28.067691802978516,29.53946876525879,31.859678268432617,33.50287628173828,32.632415771484375,29.808298110961914,27.482772827148438,26.31987762451172,25.746601104736328,25.91527557373047,25.946577072143555,25.47821617126465,25.23651885986328,24.86074447631836,24.102069854736328,23.918989181518555,24.716310501098633,26.335817337036133,28.019067764282227,27.836978912353516,26.53636360168457,25.852210998535156,26.02984619140625,25.420066833496094,23.298725128173828,20.813480377197266
25.53314971923828,24.21611785888672,24.083303451538086,24.689891815185547,24.773414611816406,24.18561553955078,23.888641357421875,24.176042556762695,24.39914321899414,23.8902645111084,23.508939743041992,24.42083168029785,26.416154861450195,27.77373695373535,27.677194595336914,27.3555850982666,27.413570404052734,27.77617835998535,28.969728469848633,31.24761199951172,33.00242233276367,32.23863983154297,29.469064712524414,27.24081039428711,26.15420150756836,25.716367721557617,26.42823028564453,27.085674285888672,26.70519256591797,26.036027908325195,24.96529197692871,23.793601989746094,23.37635612487793,24.385822296142578,26.63536262512207,28.226608276367188,27.416831970214844,25.47484016418457,24.239992141723633,23.97500991821289,23.131729125976562,21.170408248901367,19.611764907836914
25.502702713012695,24.505199432373047,24.345415115356445,24.869091033935547,25.239648818969727,24.772489547729492,24.14927864074707,23.897626876831055,23.708616256713867,23.095623016357422,22.773635864257812,23.651891708374023,25.670318603515625,27.681734085083008,28.159503936767578,27.223024368286133,26.31147575378418,26.45990562438965,27.97947120666504,30.640077590942383,32.59499740600586,31.92718505859375,29.4334659576416,27.15566062927246,25.90205955505371,25.84885597229004,27.140886306762695,28.13335609436035,27.828399658203125,26.83444595336914,25.35650062561035,23.98927116394043,23.65921401977539,24.739221572875977,26.846500396728516,27.911531448364258,26.843854904174805,24.955463409423828,23.33083152770996,22.540735244750977,21.600627899169922,19.745792388916016,18.256690979003906
25.733566284179688,25.296987533569336,25.470775604248047,25.480093002319336,25.111980438232422,24.59273910522461,24.171354293823242,23.708938598632812,22.917497634887695,21.92837905883789,21.805932998657227,22.894447326660156,24.564178466796875,26.588359832763672,27.69990348815918,26.485980987548828,24.810400009155273,25.03584098815918,26.82627296447754,29.161663055419922,31.04241371154785,31.486068725585938,30.385326385498047,28.393754959106445,26.660661697387695,26.530025482177734,27.91979217529297,28.89122200012207,28.550945281982422,26.61522674560547,25.87306785583496,24.655820846557617,24.43465805053711,25.05249786376953,26.292572021484375,26.811254501342773,25.995607376098633,24.45513153076172,22.758358001708984,21.312808990478516,20.076282501220703,18.873422622680664,17.95133399963379
25.718158721923828,25.74894142150879,26.631935119628906,26.591537475585938,25.448713302612305,24.46424674987793,24.26123809814453,23.862895965576172,22.49290657043457,20.803529739379883,20.723390579223633,22.171798706054688,23.72730827331543,25.401514053344727,26.809785842895508,26.24040412902832,24.515260696411133,24.16588592529297,25.28937530517578,26.730737686157227,28.591703414916992,30.416841506958008,31.009742736816406,29.644243240356445,27.609416961669922,27.11281967163086,28.017038345336914,28.475116729736328,27.61540412902832,26.057058334350586,25.34334945678711,25.32642936706543,25.052391052246094,24.29390525817871,24.12991714477539,24.53662109375,24.589176177978516,23.769939422607422,22.377944946289062,20.588214874267578,19.102516174316406,18.651519775390625,18.70705223083496
25.84490966796875,25.804166793823242,26.515745162963867,26.692228317260742,25.822011947631836,24.757614135742188,24.16637420654297,23.55234718322754,22.32294464111328,20.82816505432129,20.41938591003418,21.482105255126953,23.085046768188477,24.635366439819336,26.10367774963379,26.221324920654297,24.868066787719727,23.76009178161621,23.764734268188477,24.884822845458984,27.178560256958008,29.764137268066406,30.977148056030273,29.739091873168945,27.520286560058594,26.7144718170166,27.214000701904297,27.61977195739746,26.155590057373047,24.99835205078125,24.94049072265625,25.627180099487305,25.168682098388672,23.493690490722656,22.344356536865234,22.68209457397461,23.16765022277832,22.787073135375977,21.837270736694336,20.55441665649414,19.24265480041504,18.7326717376709,19.00696563720703
25.19314193725586,25.11486053466797,25.419858932495117,25.69277000427246,25.398029327392578,24.681047439575195,23.944623947143555,23.318313598632812,22.7785587310791,21.818622589111328,20.851749420166016,21.098278045654297,22.639434814453125,24.292818069458008,25.50388526916504,25.907724380493164,25.3360538482666,24.260953903198242,23.65996742248535,24.477235794067383,26.95533561706543,29.71531105041504,30.68402862548828,28.972171783447266,26.54422378540039,25.949382781982422,26.33965492248535,26.425302505493164,25.382596969604492,24.34379768371582,23.981321334838867,24.53714942932129,24.734485626220703,23.983667373657227,22.88535499572754,22.220455169677734,21.82655143737793,21.12155532836914,20.53631591796875,20.208162307739258,19.66607666015625,19.098352432250977,19.06435203552246
23.69143295288086,24.085756301879883,24.602066040039062,25.044532775878906,25.113937377929688,24.603219985961914,23.696443557739258,23.197208404541016,23.28268051147461,22.857746124267578,21.45342445373535,20.848892211914062,22.17502212524414,24.039535522460938,25.329479217529297,25.99380874633789,25.919967651367188,24.922815322875977,24.009014129638672,24.698379516601562,27.45761489868164,30.39830780029297,30.925996780395508,28.436058044433594,25.31328010559082,24.369070053100586,24.9993839263916,25.54523468017578,25.184797286987305,23.53275489807129,21.919755935668945,22.014055252075195,23.33028221130371,24.530807495117188,24.15682601928711,22.454801559448242,20.647247314453125,19.1871337890625,18.44202995300293,18.51058578491211,18.89424705505371,19.42123794555664,19.789867401123047
22.18952751159668,22.79034996032715,23.714994430541992,24.45774269104004,24.780277252197266,24.552478790283203,23.446096420288086,22.79305648803711,23.340930938720703,23.588197708129883,22.113903045654297,20.799596786499023,21.87467384338379,24.120616912841797,25.749916076660156,26.34659767150879,25.889482498168945,24.72780418395996,24.067298889160156,25.365886688232422,28.406705856323242,30.761703491210938,30.401214599609375,27.64864158630371,24.74039077758789,23.601905822753906,23.92522621154785,24.231624603271484,23.792936325073242,22.369853973388672,20.752883911132812,20.30304718017578,21.601119995117188,23.68856430053711,24.2960147857666,22.598630905151367,20.01861000061035,17.520294189453125,15.857522964477539,15.58818531036377,16.583906173706055,18.435876846313477,19.881980895996094
21.614469528198242,21.800254821777344,22.724374771118164,23.90520477294922,24.761390686035156,24.70134162902832,23.25267791748047,22.17852783203125,22.96808433532715,23.963642120361328,22.90932846069336,21.463592529296875,22.384811401367188,24.60530662536621,26.07493019104004,26.154705047607422,25.102964401245117,24.071266174316406,24.317974090576172,25.98326873779297,28.20256805419922,29.326793670654297,28.499481201171875,26.55415153503418,24.90201759338379,24.060409545898438,23.59958267211914,22.805295944213867,21.5958194732666,20.70273208618164,20.41672134399414,20.11603355407715,20.27141571044922,21.340255737304688,22.20333480834961,21.799985885620117,20.155521392822266,17.498519897460938,14.857752799987793,13.544939041137695,14.215286254882812,16.479642868041992,18.558124542236328
21.7554874420166,21.264612197875977,22.018144607543945,23.539461135864258,24.742229461669922,24.964580535888672,23.854137420654297,22.658349990844727,23.135530471801758,24.405254364013672,24.23094367980957,23.06705093383789,23.395925521850586,24.877553939819336,25.687097549438477,25.27120018005371,24.146272659301758,23.580257415771484,24.30025863647461,25.569793701171875,26.483789443969727,26.785961151123047,26.329877853393555,25.52020263671875,24.922807693481445,24.37816047668457,23.414037704467773,21.79094696044922,19.7936954498291,18.741374969482422,19.1405086517334,19.649030685424805,19.511219024658203,19.188182830810547,19.378847122192383,19.790422439575195,19.481046676635742,17.855138778686523,15.339149475097656,13.431193351745605,13.182684898376465,14.712970733642578,16.819055557250977
22.323328018188477,21.992137908935547,22.326231002807617,23.264253616333008,24.385211944580078,25.342838287353516,25.385353088378906,24.15692138671875,23.313114166259766,23.96174430847168,24.875904083251953,25.318410873413086,25.69230079650879,25.217914581298828,24.194568634033203,23.73134994506836,23.613161087036133,23.563831329345703,23.84145736694336,24.106618881225586,24.15458869934082,24.31165885925293,24.49151611328125,24.478511810302734,24.28577995300293,23.914546966552734,22.945659637451172,21.15166473388672,19.1214656829834,17.770164489746094,17.62188720703125,18.047327041625977,18.067094802856445,17.419830322265625,17.014354705810547,17.291765213012695,17.757431030273438,17.35555648803711,15.794085502624512,13.988042831420898,13.024764060974121,13.795210838317871,15.855301856994629
22.863574981689453,22.92868423461914,22.894872665405273,23.030364990234375,23.756227493286133,24.96158218383789,25.968238830566406,25.4240665435791,23.75716209411621,23.25514030456543,24.21883773803711,25.521371841430664,26.652786254882812,26.048664093017578,23.154682159423828,21.29267692565918,21.974044799804688,22.972423553466797,22.946792602539062,22.46733856201172,22.341766357421875,22.703495025634766,23.247068405151367,23.406742095947266,23.017654418945312,22.56982421875,21.87997055053711,20.479455947875977,18.825130462646484,17.466331481933594,16.78014373779297,16.736665725708008,16.578826904296875,15.713190078735352,14.806370735168457,14.933674812316895,15.830514907836914,16.244304656982422,15.543795585632324,14.30649185180664,13.269852638244629,13.567879676818848,15.388494491577148
24.007041931152344,23.470123291015625,22.78281593322754,22.52229118347168,23.12211799621582,24.24529266357422,25.601062774658203,26.239625930786133,25.302520751953125,23.950700759887695,23.66135025024414,24.36322593688965,25.429325103759766,25.76115608215332,23.312864303588867,19.974262237548828,19.715354919433594,21.180673599243164,21.595151901245117,21.387418746948242,21.72185516357422,22.26127815246582,22.517663955688477,22.185483932495117,21.418651580810547,20.793472290039062,19.88155746459961,18.354175567626953,17.24892807006836,16.995473861694336,16.880542755126953,16.59413719177246,15.725547790527344,14.034601211547852,12.548551559448242,12.833272933959961,14.26743221282959,15.100515365600586,14.6773681640625,13.74837875366211,13.16414737701416,13.666985511779785,15.120466232299805
