data/wind_data/wind_4_0.json
{"header": {"parameterUnit": "KT", "parameterCategory": 2, "nx": 255, "ny": 198, "lo1": 44.73521041870117, "la1": -3.236724853515625, "lo2": 111.26478576660156, "la2": 43.468475341796875, "dx": 0.26192745566368103, "dy": -0.23708222806453705, "refTime": "2025-02-19 04:00:00", "forecastTime": 0, "parameterNumber": 2, "parameterNumberName": "eastward_wind"}, "data":
[rows 171 to 189 of 198, columns 129 to 171 of 255]
-1.449153184890747,-0.7326916456222534,-0.3837328851222992,-0.3872531056404114,-0.5164442658424377,-0.7696820497512817,-0.9835764169692993,-1.297873616218567,-1.8061851263046265,-2.438565969467163,-3.045985460281372,-3.6540701389312744,-4.089361667633057,-4.031740188598633,-3.8182425498962402,-3.764558792114258,-3.966536521911621,-4.24876070022583,-4.449005126953125,-4.7154741287231445,-4.8798418045043945,-5.045948028564453,-5.144381999969482,-4.9476237297058105,-4.068117141723633,-2.933826208114624,-2.6734561920166016,-2.360962152481079,-1.8245216608047485,-1.7070547342300415,-1.5104098320007324,-0.3990245759487152,0.6492053866386414,0.6868802309036255,0.5037572979927063,1.9826514720916748,5.68953800201416,9.426435470581055,10.858805656433105,10.88311767578125,11.690417289733887,14.161582946777344,15.128645896911621
-1.221112847328186,-0.6088272333145142,-0.4277293384075165,-0.40907347202301025,-0.4190390408039093,-0.6341513395309448,-0.945181131362915,-1.2235749959945679,-1.6162892580032349,-2.2007110118865967,-2.750626564025879,-3.207172393798828,-3.550421953201294,-3.4025275707244873,-3.431040048599243,-3.6791882514953613,-4.0123982429504395,-4.243896961212158,-4.105374336242676,-3.87934947013855,-3.9593400955200195,-4.2778825759887695,-4.3904218673706055,-4.2257819175720215,-3.5530128479003906,-2.6959829330444336,-1.6966936588287354,-0.8828715682029724,-0.4769521951675415,0.33995550870895386,0.4845104217529297,-0.13114404678344727,-0.16000869870185852,-0.011001218110322952,0.3121326267719269,1.3822901248931885,3.070068836212158,5.154174327850342,8.009500503540039,10.018608093261719,10.673906326293945,12.383910179138184,14.175274848937988
-1.0788607597351074,-0.7848119139671326,-0.47044259309768677,-0.19322291016578674,-0.1099027693271637,-0.342623770236969,-0.8496415019035339,-1.4044395685195923,-1.7490638494491577,-1.9252606630325317,-2.4553136825561523,-2.937191963195801,-3.130598545074463,-3.2433557510375977,-3.34482479095459,-3.5229387283325195,-3.7150211334228516,-3.742706537246704,-3.499852180480957,-3.213853597640991,-3.350252151489258,-3.6377856731414795,-3.5483593940734863,-3.0307960510253906,-2.47479510307312,-2.126743793487549,-1.3543986082077026,-0.34180232882499695,0.6396645307540894,1.206810712814331,1.0809155702590942,1.1457715034484863,1.376726508140564,1.5700451135635376,1.871873140335083,1.8362764120101929,1.5692884922027588,2.1883933544158936,5.087721824645996,7.745687007904053,8.080869674682617,9.1625394821167,11.067911148071289
-0.8481902480125427,-0.846133828163147,-0.6544729471206665,-0.595055878162384,-0.7338021993637085,-0.8291028738021851,-1.0710728168487549,-1.531969666481018,-1.695875883102417,-1.7784411907196045,-2.276947259902954,-2.774975061416626,-2.940289258956909,-3.0244674682617188,-3.0994584560394287,-3.078273296356201,-3.0461819171905518,-2.945044994354248,-2.8154296875,-2.702540159225464,-2.909670829772949,-3.345120668411255,-3.1581499576568604,-2.4414126873016357,-1.6055940389633179,-1.040204644203186,-0.5886480212211609,0.1552761346101761,1.1291524171829224,1.847216248512268,1.6943846940994263,1.3425865173339844,1.5568907260894775,2.2663254737854004,2.961433172225952,3.6154611110687256,3.469472646713257,2.723546028137207,2.8433780670166016,3.4151787757873535,3.5882904529571533,3.8217477798461914,3.8515231609344482
-1.2078064680099487,-1.1732676029205322,-0.9095139503479004,-0.9060933589935303,-1.149011492729187,-1.3832135200500488,-1.756134271621704,-1.9667860269546509,-1.7693068981170654,-1.7318733930587769,-2.104910135269165,-2.4432899951934814,-2.59185791015625,-2.6857213973999023,-2.73423433303833,-2.60225248336792,-2.3271939754486084,-2.095247268676758,-2.041382312774658,-2.14591383934021,-2.3516910076141357,-2.5704429149627686,-2.461121082305908,-1.9258604049682617,-1.0533015727996826,-0.23941707611083984,0.33600926399230957,0.8135727047920227,1.6723746061325073,2.4448249340057373,2.2575793266296387,1.6879291534423828,1.0479708909988403,1.0620028972625732,2.054781675338745,3.0181188583374023,3.6072676181793213,3.4069299697875977,2.9921441078186035,2.832221269607544,2.380864143371582,1.688991904258728,0.9203372001647949
-1.0480823516845703,-1.400330901145935,-1.20644211769104,-0.8712456822395325,-0.9484358429908752,-1.2992167472839355,-1.7432172298431396,-2.011476516723633,-1.8054064512252808,-1.499520182609558,-1.6287288665771484,-1.8205046653747559,-1.881372332572937,-2.016374111175537,-2.0775647163391113,-1.877496361732483,-1.5573205947875977,-1.3823397159576416,-1.4611952304840088,-1.760624647140503,-1.8787614107131958,-1.5560094118118286,-1.1860344409942627,-0.8702062368392944,-0.1397201269865036,0.7834694981575012,1.3908442258834839,1.654205322265625,2.111095666885376,2.7425098419189453,2.955760955810547,2.5806620121002197,1.5439000129699707,0.5130958557128906,0.5011806488037109,1.2380822896957397,1.8810843229293823,1.822252631187439,1.2571803331375122,0.6993640661239624,0.8978580236434937,1.6073874235153198,2.3346028327941895
-0.5943278074264526,-1.0087324380874634,-1.073835849761963,-0.7607701420783997,-0.5592969655990601,-0.7694107890129089,-1.2402691841125488,-1.5768535137176514,-1.3931270837783813,-0.9518519043922424,-0.9040555953979492,-1.100946068763733,-1.0880357027053833,-1.1543139219284058,-1.1587525606155396,-0.9289389252662659,-0.7115098834037781,-0.5811731815338135,-0.6931713819503784,-0.8800545930862427,-0.6441687941551208,-0.040725890547037125,0.3110145032405853,0.3412074148654938,0.8442717790603638,1.76401686668396,2.3192455768585205,2.2155044078826904,2.1265764236450195,2.513791561126709,2.839054584503174,2.7187819480895996,2.097792148590088,0.9144006371498108,0.04993590712547302,-0.04739769548177719,-0.0882691964507103,-0.17897361516952515,-0.251232773065567,-0.5285685658454895,-0.4977603554725647,0.18547441065311432,0.9137173891067505
-0.94634610414505,-1.178900957107544,-0.9797942042350769,-0.489630788564682,-0.3442300260066986,-0.6610335111618042,-0.9662806391716003,-1.0357730388641357,-0.5836374759674072,-0.13459369540214539,-0.2251603752374649,-0.3846677839756012,-0.22843237221240997,-0.04487525671720505,0.16912510991096497,0.40459445118904114,0.5129113793373108,0.34495362639427185,-0.005011288449168205,-0.03517722338438034,0.34311869740486145,0.9805575013160706,1.5488507747650146,1.5117319822311401,1.585837721824646,1.9371223449707031,2.098257303237915,1.9737986326217651,1.8084158897399902,2.0535497665405273,2.405022621154785,2.470914840698242,2.1322648525238037,1.2246508598327637,0.30601465702056885,-0.3383640646934509,-0.8925774693489075,-1.1370153427124023,-0.9872671961784363,-0.8940630555152893,-0.544135332107544,-0.29483887553215027,-0.12416186183691025
-0.25556015968322754,-0.7075178027153015,-0.8832833766937256,-0.25863832235336304,-0.4893472194671631,-0.8973373770713806,-0.7499371767044067,-0.36250728368759155,0.19539035856723785,0.4042923152446747,0.41090452671051025,0.485115110874176,0.8422666192054749,1.3264437913894653,1.546252965927124,1.6524460315704346,1.679079294204712,1.2361334562301636,0.6888359189033508,0.8247817754745483,1.2836703062057495,1.7006651163101196,1.988961100578308,1.6286406517028809,1.198824167251587,1.3000764846801758,1.7761187553405762,2.0735998153686523,1.911313533782959,1.8476142883300781,2.033106803894043,2.0640804767608643,1.7964777946472168,1.11528742313385,0.2504344582557678,-0.503293514251709,-1.118408203125,-1.278323769569397,-1.0996981859207153,-1.1825064420700073,-1.6119327545166016,-2.152381181716919,-2.415708065032959
1.66983163356781,0.7925700545310974,-0.5039015412330627,-0.6382133364677429,-0.504266619682312,-0.3301222324371338,0.006346901413053274,0.5500856637954712,0.7404391765594482,0.7641311287879944,1.156602144241333,1.6329032182693481,2.1285243034362793,2.2882416248321533,2.185755968093872,2.2216506004333496,2.0895934104919434,1.7011194229125977,1.4154939651489258,1.3756015300750732,1.580508828163147,1.9807543754577637,2.09167742729187,1.547433853149414,1.0231642723083496,1.1225578784942627,1.39241623878479,1.5697089433670044,1.7544525861740112,1.931151270866394,2.060000419616699,1.9284143447875977,1.45362389087677,0.7289167642593384,-0.20526234805583954,-0.9711212515830994,-1.1518921852111816,-1.101563572883606,-1.3780118227005005,-2.236506223678589,-3.0975453853607178,-3.651961326599121,-3.9481053352355957
3.343057870864868,1.7176493406295776,-0.9420143961906433,-2.0676825046539307,-1.2454921007156372,0.3604699969291687,1.1126221418380737,1.2180155515670776,1.2223598957061768,1.3299446105957031,1.7462661266326904,2.5855908393859863,3.5228424072265625,3.368943452835083,2.750382900238037,2.5439279079437256,2.657137155532837,2.672123670578003,2.2668983936309814,1.9043508768081665,2.0274360179901123,2.195101499557495,1.8857686519622803,1.3735023736953735,1.1641286611557007,1.368970274925232,1.421525239944458,1.3380908966064453,1.7370152473449707,2.3002893924713135,2.4217333793640137,2.0261778831481934,1.154232144355774,0.23513750731945038,-0.7316865921020508,-1.473852515220642,-1.5759239196777344,-1.570719599723816,-2.3049309253692627,-3.327986001968384,-4.144583225250244,-4.731505393981934,-4.747247695922852
4.174666404724121,1.5779283046722412,-0.6331640481948853,-0.6929343938827515,-0.1612284630537033,0.45581939816474915,1.6835228204727173,2.16829776763916,1.8028091192245483,1.611592173576355,2.1645572185516357,3.196354627609253,4.205093860626221,4.409128189086914,3.4226627349853516,2.637143135070801,2.4435198307037354,2.233633279800415,1.982569694519043,1.794861078262329,2.1308507919311523,2.5000154972076416,2.1846508979797363,1.700407862663269,1.532619595527649,1.5186500549316406,1.3467941284179688,1.3278275728225708,1.8682708740234375,2.588407039642334,2.8680946826934814,2.203155517578125,0.8671795725822449,-0.27860814332962036,-1.2218204736709595,-2.0721688270568848,-2.4279472827911377,-2.8119070529937744,-3.5107083320617676,-3.945507764816284,-4.21120023727417,-4.073390007019043,-3.5652854442596436
3.44397234916687,2.1746373176574707,1.9052091836929321,3.489320993423462,3.3580939769744873,1.1944541931152344,0.9568421840667725,2.189868211746216,2.48515248298645,2.408348560333252,2.852712631225586,3.521225929260254,3.926654100418091,3.845741033554077,3.1215195655822754,2.6824989318847656,2.5319101810455322,2.2562389373779297,2.216526985168457,2.635521650314331,3.1185669898986816,3.1621615886688232,2.6681952476501465,2.2579097747802734,1.743220329284668,1.5713614225387573,1.530145525932312,1.2649749517440796,1.4862186908721924,2.280186414718628,2.582170009613037,1.6155117750167847,0.26557475328445435,-1.0100092887878418,-2.5645148754119873,-3.6245152950286865,-3.68975567817688,-3.4830915927886963,-3.4385488033294678,-3.246157169342041,-2.8032944202423096,-1.9614105224609375,-1.015084981918335
0.23687994480133057,1.5660524368286133,3.5248069763183594,4.167290210723877,2.6197187900543213,0.4567751884460449,0.22723588347434998,1.5237290859222412,2.3794493675231934,2.8883743286132812,2.964398145675659,2.6755292415618896,2.195338487625122,1.5707461833953857,1.2444725036621094,1.4807868003845215,2.104085683822632,2.31636905670166,2.2191128730773926,2.3915534019470215,2.871018171310425,3.018958330154419,2.772181987762451,2.3747780323028564,1.6583902835845947,1.1386922597885132,0.6124637126922607,0.45008474588394165,1.444216012954712,2.0718231201171875,1.6452962160110474,0.3959048092365265,-0.6851863861083984,-1.6973108053207397,-3.015556812286377,-3.5149121284484863,-2.8092310428619385,-2.143961191177368,-2.044811248779297,-1.7685573101043701,-1.0652592182159424,-0.4079992175102234,0.5803235173225403
0.6741740107536316,0.36726996302604675,2.1127381324768066,2.388693332672119,0.7572875022888184,-0.2615055441856384,0.06586514413356781,0.96857750415802,2.2009148597717285,3.0254275798797607,2.6095714569091797,0.801738977432251,-1.0205345153808594,-1.576597809791565,-0.6648174524307251,0.7131611108779907,1.936997890472412,2.630659818649292,2.6587140560150146,2.4460155963897705,2.6704864501953125,2.673435688018799,2.18743896484375,1.3967262506484985,0.43439868092536926,-0.4902281165122986,-0.8865532875061035,-0.6416279673576355,-0.33401748538017273,0.13396652042865753,0.11462954431772232,-0.8517925143241882,-1.5169492959976196,-1.5106852054595947,-1.1533689498901367,-0.19585248827934265,0.7542111873626709,1.1177353858947754,0.15222837030887604,-0.8168536424636841,-0.4363372325897217,0.3737843930721283,1.6814402341842651
5.202229022979736,3.542423963546753,-0.33498257398605347,-0.5838809013366699,-0.06897364556789398,-0.3806861340999603,-0.3387318253517151,0.4366910457611084,1.7099545001983643,2.3355393409729004,1.5053601264953613,-0.21882283687591553,-1.609939455986023,-2.003037214279175,-1.4802463054656982,-0.5682364106178284,0.6389903426170349,1.7500799894332886,2.439412832260132,2.306006669998169,1.9005616903305054,1.5910836458206177,0.7448476552963257,-0.5450869202613831,-1.916642427444458,-2.3003933429718018,-2.193443775177002,-2.89241361618042,-4.386324405670166,-4.301999568939209,-1.8164271116256714,-0.6827933192253113,-0.4894373118877411,0.12088145315647125,1.0183489322662354,3.1207449436187744,4.111262321472168,2.999892473220825,0.9441409111022949,-0.0656590461730957,0.29306790232658386,1.6459938287734985,3.3903307914733887
4.748889446258545,6.724066257476807,5.169190883636475,0.6991145610809326,0.7089888453483582,2.915872573852539,3.5402231216430664,4.204670429229736,4.445308685302734,3.779423475265503,2.550050735473633,1.0061933994293213,0.0146452272310853,-0.7465081214904785,-1.6225743293762207,-1.9629994630813599,-0.9096449017524719,0.1638185679912567,0.5888506174087524,0.2753099501132965,-0.7806010246276855,-1.4778321981430054,-2.2439539432525635,-3.152174234390259,-3.6007111072540283,-3.098923683166504,-2.830625295639038,-4.457634925842285,-6.97440242767334,-8.233001708984375,-5.9597272872924805,-3.0333526134490967,-0.549812912940979,1.4358378648757935,1.7467750310897827,2.145616292953491,1.6456092596054077,0.522493839263916,-0.43020549416542053,-0.6173912286758423,0.6791338920593262,2.1610894203186035,3.5144877433776855
5.978423595428467,5.693236351013184,8.3557710647583,6.312772750854492,1.000470519065857,0.6773849725723267,1.7939963340759277,3.298844814300537,4.173890590667725,5.406497955322266,6.812661647796631,5.050848960876465,1.3654927015304565,-0.6047245860099792,-0.8911707997322083,-0.7430569529533386,-0.47140881419181824,-0.6485799551010132,-1.908407211303711,-2.9104676246643066,-3.8930046558380127,-4.822072505950928,-4.616331577301025,-4.600736618041992,-3.6128456592559814,-2.034693956375122,-1.19805109500885,-1.7250558137893677,-3.3285348415374756,-5.900570392608643,-7.224755764007568,-6.256254196166992,-5.393182277679443,-4.125298023223877,-2.9032914638519287,-2.3154191970825195,-1.84646737575531,-1.0964120626449585,0.21661439538002014,1.6332207918167114,2.4253339767456055,2.563411235809326,2.850426435470581
8.547378540039062,9.796394348144531,6.977592945098877,0.02726799063384533,-3.96956467628479,-1.9708765745162964,4.296304702758789,9.701308250427246,7.953778266906738,4.552478790283203,3.9220526218414307,2.708367347717285,0.7089622616767883,0.929122805595398,1.419360876083374,0.4603891670703888,-1.2554359436035156,-1.0411702394485474,-0.1400926262140274,-1.2307301759719849,-3.8784656524658203,-5.590649604797363,-4.848568916320801,-3.3380210399627686,-2.7277181148529053,-1.2623769044876099,0.617642879486084,1.1920677423477173,-0.3319871127605438,-1.9454222917556763,-2.7803142070770264,-2.990147113800049,-2.716197967529297,-2.7100703716278076,-4.314865589141846,-5.231293201446533,-3.071185350418091,0.19091250002384186,1.9378870725631714,1.801462173461914,0.5973978638648987,-0.8084641098976135,-0.9804007411003113
