data/wind_data/wind_Surface_29.json
{"header": {"parameterUnit": "KT", "parameterCategory": 2, "nx": 255, "ny": 198, "lo1": 44.73521041870117, "la1": -3.236724853515625, "lo2": 111.26478576660156, "la2": 43.468475341796875, "dx": 0.26192745566368103, "dy": -0.23708222806453705, "refTime": "2025-02-20 05:00:00", "forecastTime": 0, "parameterNumber": 2, "parameterNumberName": "eastward_wind"}, "data":
[rows 19 to 37 of 198, columns 0 to 42 of 255]
-11.948196411132812,-14.105268478393555,-15.77376651763916,-16.15147590637207,-15.248881340026855,-14.658159255981445,-14.021893501281738,-13.577136993408203,-13.556578636169434,-13.254005432128906,-12.713845252990723,-11.95172119140625,-11.534103393554688,-11.448016166687012,-11.662835121154785,-11.767607688903809,-11.619712829589844,-11.3723783493042,-11.591891288757324,-12.604503631591797,-13.334766387939453,-13.099024772644043,-12.189504623413086,-11.154155731201172,-10.992362022399902,-10.402775764465332,-9.021143913269043,-7.887026786804199,-7.984753131866455,-9.466111183166504,-10.710623741149902,-10.19868278503418,-8.851285934448242,-7.1631245613098145,-5.427038192749023,-6.751771450042725,-10.226850509643555,-11.507423400878906,-11.568387031555176,-11.055333137512207,-9.063972473144531,-7.939028263092041,-7.9991374015808105
-9.897838592529297,-10.694457054138184,-12.459059715270996,-15.915613174438477,-15.88927936553955,-15.17607307434082,-14.750166893005371,-14.172847747802734,-13.840824127197266,-13.204277992248535,-12.683544158935547,-12.612726211547852,-12.63912582397461,-12.03868579864502,-11.223743438720703,-11.25040054321289,-12.243932723999023,-13.045868873596191,-12.977158546447754,-12.734060287475586,-12.697175025939941,-12.709053039550781,-12.406391143798828,-11.991695404052734,-11.589488983154297,-10.664158821105957,-9.512324333190918,-9.35987663269043,-10.023670196533203,-10.745535850524902,-11.30516529083252,-11.369771003723145,-9.547187805175781,-7.136868476867676,-5.742149829864502,-4.620449066162109,-5.948028087615967,-10.823759078979492,-13.654561996459961,-12.338883399963379,-9.85642147064209,-7.814452648162842,-7.067331314086914
-10.884389877319336,-11.498754501342773,-10.590286254882812,-11.454269409179688,-14.274898529052734,-14.612309455871582,-14.661252975463867,-14.109782218933105,-13.526667594909668,-13.000214576721191,-12.449179649353027,-12.561737060546875,-12.698369979858398,-12.093923568725586,-11.499345779418945,-12.032877922058105,-12.953912734985352,-13.128257751464844,-12.893856048583984,-12.918170928955078,-13.021181106567383,-12.778731346130371,-11.950298309326172,-10.95998477935791,-10.420907974243164,-10.507201194763184,-11.128877639770508,-11.311943054199219,-10.785876274108887,-10.55214786529541,-10.978978157043457,-11.35275936126709,-10.321019172668457,-7.7182111740112305,-5.502302646636963,-4.589820861816406,-5.457358360290527,-9.390069007873535,-13.421735763549805,-13.022761344909668,-10.644028663635254,-8.987972259521484,-7.3040571212768555
-11.01654052734375,-11.436493873596191,-11.612578392028809,-10.354459762573242,-8.775408744812012,-11.088505744934082,-14.276344299316406,-14.11119556427002,-13.238448143005371,-12.660192489624023,-12.539911270141602,-12.25042724609375,-11.813328742980957,-11.33938217163086,-11.540830612182617,-12.565789222717285,-13.080961227416992,-12.535116195678711,-12.100010871887207,-12.78598690032959,-13.620908737182617,-12.524113655090332,-9.75121784210205,-7.526730060577393,-7.2372260093688965,-9.824896812438965,-12.08967113494873,-10.504478454589844,-8.52852725982666,-9.623196601867676,-11.176375389099121,-10.721592903137207,-9.850875854492188,-8.809951782226562,-6.5604448318481445,-3.928471803665161,-6.6651482582092285,-11.329109191894531,-11.345355987548828,-11.524738311767578,-10.128684043884277,-6.503526210784912,-5.434084892272949
-11.217649459838867,-11.332401275634766,-11.422924041748047,-11.744300842285156,-10.502455711364746,-10.289446830749512,-11.623187065124512,-13.682403564453125,-13.772368431091309,-12.94434642791748,-12.788690567016602,-12.243521690368652,-11.415995597839355,-11.200652122497559,-11.698131561279297,-12.448204040527344,-12.936960220336914,-13.144876480102539,-13.585046768188477,-14.088111877441406,-13.595609664916992,-11.435629844665527,-8.443951606750488,-6.7429656982421875,-9.272735595703125,-12.489784240722656,-11.536407470703125,-7.912450790405273,-7.4199419021606445,-10.513662338256836,-11.436905860900879,-8.533358573913574,-7.106470108032227,-8.6655912399292,-8.244620323181152,-6.73809814453125,-8.302250862121582,-9.473173141479492,-9.511968612670898,-10.582880020141602,-10.270374298095703,-7.083342552185059,-2.799381732940674
-11.393013954162598,-11.194845199584961,-11.046896934509277,-10.940045356750488,-10.172751426696777,-11.301708221435547,-11.3524169921875,-10.858304023742676,-12.774779319763184,-12.6722412109375,-12.143441200256348,-11.776204109191895,-11.362125396728516,-11.4465970993042,-11.85606861114502,-12.255735397338867,-12.599982261657715,-13.129533767700195,-13.865060806274414,-14.0462007522583,-13.185975074768066,-11.43240737915039,-9.820015907287598,-10.601750373840332,-13.333861351013184,-13.666816711425781,-9.735518455505371,-7.920968055725098,-10.885231971740723,-13.428466796875,-11.100211143493652,-7.311248779296875,-7.245556831359863,-8.970465660095215,-8.84765625,-8.868977546691895,-9.229625701904297,-8.746801376342773,-9.719764709472656,-11.243082046508789,-10.472039222717285,-5.987914085388184,-0.9795334339141846
-10.277865409851074,-10.537275314331055,-10.70028018951416,-10.78869915008545,-10.26673412322998,-11.49096393585205,-11.683464050292969,-9.999238967895508,-9.691033363342285,-11.482328414916992,-11.868997573852539,-11.283666610717773,-11.430354118347168,-11.62404727935791,-11.875455856323242,-12.167642593383789,-12.172650337219238,-11.753775596618652,-11.565781593322754,-12.256368637084961,-13.205599784851074,-13.184749603271484,-11.796321868896484,-10.786450386047363,-11.974340438842773,-12.931976318359375,-11.621994018554688,-10.766027450561523,-11.589556694030762,-11.011537551879883,-8.101947784423828,-6.870025634765625,-8.482549667358398,-9.219658851623535,-8.534685134887695,-8.180391311645508,-8.196300506591797,-9.165971755981445,-10.358013153076172,-10.985518455505371,-9.079333305358887,-3.827181339263916,-1.963017225265503
-9.558260917663574,-10.205528259277344,-10.369467735290527,-10.704076766967773,-10.818099021911621,-11.667861938476562,-11.159765243530273,-9.739789009094238,-9.025224685668945,-9.548360824584961,-11.692645072937012,-12.01085090637207,-11.668457984924316,-11.85905647277832,-12.246682167053223,-12.328417778015137,-11.766945838928223,-10.359195709228516,-8.775656700134277,-9.43551254272461,-12.598170280456543,-14.631778717041016,-12.656587600708008,-8.847052574157715,-7.697286605834961,-10.941473007202148,-13.873703002929688,-12.135032653808594,-8.84819507598877,-6.797425270080566,-6.991366386413574,-9.896722793579102,-10.78330135345459,-8.987298965454102,-8.754584312438965,-7.5856242179870605,-6.651548862457275,-9.662769317626953,-11.956695556640625,-10.952367782592773,-7.773255825042725,-4.922874927520752,-7.0019850730896
-9.973051071166992,-9.950054168701172,-10.180696487426758,-11.2639799118042,-11.752723693847656,-11.734161376953125,-10.791168212890625,-10.081238746643066,-10.249722480773926,-9.838491439819336,-10.510766983032227,-12.560640335083008,-12.20958137512207,-11.329547882080078,-11.731169700622559,-11.994304656982422,-11.87582778930664,-11.431962013244629,-11.163703918457031,-11.714271545410156,-12.502339363098145,-13.217084884643555,-12.925785064697266,-11.338150978088379,-10.788865089416504,-12.15723991394043,-13.193425178527832,-11.70903205871582,-7.615655899047852,-5.931716442108154,-9.370952606201172,-12.295374870300293,-11.289058685302734,-9.62781047821045,-9.795997619628906,-9.522106170654297,-9.595135688781738,-10.477102279663086,-12.184441566467285,-11.58105754852295,-8.94441032409668,-8.179681777954102,-9.126520156860352
-10.28552532196045,-9.709490776062012,-10.322282791137695,-12.309595108032227,-12.647588729858398,-11.626728057861328,-10.233003616333008,-9.715476989746094,-9.76439380645752,-9.6025972366333,-9.744634628295898,-10.664205551147461,-11.792913436889648,-11.022601127624512,-10.87062931060791,-11.790153503417969,-12.6886625289917,-12.983196258544922,-12.654751777648926,-12.518759727478027,-12.437955856323242,-11.593926429748535,-10.316787719726562,-10.64141845703125,-12.514784812927246,-12.9575834274292,-12.2263822555542,-11.061973571777344,-10.663887977600098,-11.500311851501465,-12.451568603515625,-11.710137367248535,-9.976176261901855,-9.280693054199219,-10.720232009887695,-11.644209861755371,-10.41234016418457,-9.403692245483398,-10.88720417022705,-12.095320701599121,-9.41508674621582,-6.716353893280029,-7.307950019836426
-9.931318283081055,-9.671571731567383,-11.107084274291992,-13.222345352172852,-11.961973190307617,-9.957602500915527,-9.229890823364258,-8.823827743530273,-8.19016170501709,-8.068058013916016,-8.592855453491211,-8.891190528869629,-10.892613410949707,-12.23898983001709,-11.942641258239746,-11.63143253326416,-12.3079252243042,-12.142047882080078,-11.017200469970703,-10.787059783935547,-11.303317070007324,-10.945697784423828,-10.268999099731445,-11.077611923217773,-12.947162628173828,-12.810154914855957,-11.089982032775879,-10.785811424255371,-12.403233528137207,-13.136553764343262,-11.606778144836426,-10.399778366088867,-10.170341491699219,-10.83486270904541,-11.552557945251465,-11.279297828674316,-9.436365127563477,-7.734050273895264,-8.091268539428711,-10.454774856567383,-10.273030281066895,-7.131024360656738,-7.182936668395996
-9.685328483581543,-9.968653678894043,-12.140937805175781,-14.257699966430664,-11.44044303894043,-8.505480766296387,-8.25498104095459,-8.52099609375,-8.4945707321167,-8.501229286193848,-9.198103904724121,-9.287712097167969,-10.203413009643555,-12.900123596191406,-13.009066581726074,-10.858197212219238,-9.330268859863281,-9.815899848937988,-11.767836570739746,-12.193347930908203,-10.154983520507812,-8.756770133972168,-10.356444358825684,-12.651230812072754,-11.901890754699707,-9.550661087036133,-8.177816390991211,-9.424870491027832,-11.934571266174316,-11.976043701171875,-10.24829387664795,-10.20622730255127,-11.799744606018066,-12.242966651916504,-11.1167573928833,-9.851141929626465,-10.152608871459961,-10.503422737121582,-9.399918556213379,-9.097421646118164,-9.766853332519531,-8.773218154907227,-7.960068225860596
-9.820515632629395,-10.533851623535156,-12.862874984741211,-14.176287651062012,-10.929420471191406,-8.38338565826416,-7.736958980560303,-7.117143630981445,-7.8377838134765625,-9.402697563171387,-10.785589218139648,-11.085799217224121,-10.24207592010498,-9.913098335266113,-11.628989219665527,-10.376317024230957,-7.592254638671875,-8.365497589111328,-12.829675674438477,-14.184161186218262,-8.956543922424316,-5.187860488891602,-8.477975845336914,-12.89188289642334,-10.650498390197754,-5.984655857086182,-8.214256286621094,-12.345128059387207,-10.842068672180176,-7.6826677322387695,-8.6896333694458,-11.477086067199707,-12.2206449508667,-11.265117645263672,-10.210005760192871,-9.026311874389648,-9.06777286529541,-11.314828872680664,-11.955248832702637,-10.295050621032715,-9.104628562927246,-7.699679374694824,-6.980146408081055
-10.362862586975098,-11.531190872192383,-13.19422721862793,-13.429152488708496,-10.32005500793457,-8.050321578979492,-7.840192794799805,-7.876294136047363,-8.947962760925293,-10.141677856445312,-10.342961311340332,-9.675414085388184,-8.14109992980957,-7.300328731536865,-9.047481536865234,-10.212492942810059,-10.209245681762695,-10.594386100769043,-11.500577926635742,-11.970657348632812,-10.186931610107422,-7.589393615722656,-8.085895538330078,-10.831425666809082,-11.124966621398926,-8.662392616271973,-9.99403190612793,-12.589768409729004,-9.85449504852295,-8.564532279968262,-11.387533187866211,-12.096784591674805,-9.309412956237793,-8.430256843566895,-10.984633445739746,-11.39162540435791,-8.92928695678711,-8.967370986938477,-11.885361671447754,-11.852534294128418,-9.839451789855957,-8.308710098266602,-7.600305080413818
-11.448509216308594,-13.183073043823242,-13.480396270751953,-12.285520553588867,-10.046215057373047,-8.64140510559082,-8.547228813171387,-8.550868034362793,-9.005833625793457,-9.48279857635498,-9.029985427856445,-8.322456359863281,-8.048039436340332,-8.053297996520996,-8.434707641601562,-10.231525421142578,-10.806307792663574,-10.697016716003418,-9.117683410644531,-8.751420974731445,-11.755729675292969,-12.303126335144043,-8.90462875366211,-6.820161819458008,-8.790826797485352,-10.094024658203125,-8.196995735168457,-9.45517349243164,-12.773777961730957,-12.343192100524902,-10.698512077331543,-11.383771896362305,-11.764769554138184,-10.892791748046875,-11.07011890411377,-12.181180953979492,-11.372268676757812,-8.653980255126953,-8.598028182983398,-11.403518676757812,-11.5507173538208,-9.068252563476562,-9.339425086975098
-12.20039176940918,-14.290318489074707,-13.796089172363281,-12.014283180236816,-10.167459487915039,-8.513748168945312,-7.308716773986816,-6.934786319732666,-8.303882598876953,-10.043560028076172,-10.388900756835938,-10.204421043395996,-10.041632652282715,-10.070892333984375,-9.46745777130127,-8.641667366027832,-8.745833396911621,-8.765739440917969,-9.754313468933105,-9.784928321838379,-9.28466510772705,-10.704442977905273,-9.75601863861084,-7.302416801452637,-8.324799537658691,-10.2381591796875,-8.580302238464355,-7.7129011154174805,-11.421380043029785,-12.291502952575684,-9.135115623474121,-10.055553436279297,-12.273341178894043,-11.045244216918945,-10.267769813537598,-11.519295692443848,-11.743471145629883,-9.045063972473145,-7.630407333374023,-9.892621994018555,-11.234588623046875,-9.562353134155273,-10.082194328308105
-12.753768920898438,-15.177923202514648,-14.337891578674316,-11.840047836303711,-9.49787712097168,-8.174129486083984,-7.417209148406982,-7.432816028594971,-9.252197265625,-10.965039253234863,-11.570457458496094,-11.473169326782227,-10.600046157836914,-9.782843589782715,-9.444401741027832,-9.52617073059082,-10.407082557678223,-10.44305419921875,-11.223650932312012,-11.480578422546387,-8.450814247131348,-7.011477470397949,-9.547663688659668,-10.81175708770752,-10.042230606079102,-9.896604537963867,-10.606667518615723,-9.238364219665527,-8.130472183227539,-10.20650577545166,-12.10721206665039,-9.724201202392578,-7.985725402832031,-10.170589447021484,-11.751132011413574,-11.559808731079102,-10.32004451751709,-8.822587966918945,-8.506420135498047,-9.212000846862793,-9.774375915527344,-10.435322761535645,-11.74470329284668
-12.88760757446289,-14.87985897064209,-13.745997428894043,-11.187785148620605,-8.609323501586914,-7.7430925369262695,-7.509382247924805,-7.536684513092041,-8.707326889038086,-10.021072387695312,-10.36910343170166,-9.583168983459473,-9.154380798339844,-9.819655418395996,-10.41166877746582,-9.750688552856445,-9.469095230102539,-11.318047523498535,-11.362969398498535,-10.492384910583496,-9.467862129211426,-8.146615982055664,-8.39820384979248,-9.363608360290527,-8.49012279510498,-6.283169269561768,-7.191887855529785,-10.109424591064453,-10.185056686401367,-8.978151321411133,-9.603633880615234,-9.99406909942627,-9.002790451049805,-11.000861167907715,-12.590234756469727,-10.515451431274414,-10.492972373962402,-12.180193901062012,-11.612530708312988,-10.752424240112305,-9.433886528015137,-8.931074142456055,-11.446375846862793
-12.368212699890137,-13.543353080749512,-12.710540771484375,-10.384003639221191,-7.666980266571045,-7.2658209800720215,-7.514726161956787,-7.766845226287842,-8.437995910644531,-7.965478420257568,-7.491882801055908,-7.335411548614502,-8.277402877807617,-9.758529663085938,-9.406476974487305,-6.859728813171387,-6.761007785797119,-11.081045150756836,-12.80400562286377,-10.586426734924316,-7.7015886306762695,-6.369431972503662,-7.7087602615356445,-9.797096252441406,-8.518694877624512,-5.697348594665527,-6.899871349334717,-10.576022148132324,-10.427118301391602,-7.874038219451904,-6.368607521057129,-8.245728492736816,-11.096960067749023,-12.241333961486816,-12.966733932495117,-10.78520393371582,-9.316173553466797,-12.402019500732422,-13.404953002929688,-11.084298133850098,-9.371966361999512,-9.042902946472168,-11.063416481018066
