data/wind_data/wind_Surface_32.json
{"header": {"parameterUnit": "KT", "parameterCategory": 2, "nx": 255, "ny": 198, "lo1": 44.73521041870117, "la1": -3.236724853515625, "lo2": 111.26478576660156, "la2": 43.468475341796875, "dx": 0.26192745566368103, "dy": -0.23708222806453705, "refTime": "2025-02-20 08:00:00", "forecastTime": 0, "parameterNumber": 2, "parameterNumberName": "eastward_wind"}, "data":
[rows 19 to 37 of 198, columns 172 to 214 of 255]
-0.4063282012939453,-1.9233145713806152,-5.136105060577393,-5.454771041870117,-3.0234293937683105,-3.1689984798431396,-4.974597930908203,-5.754287242889404,-4.254716396331787,-0.6506952047348022,1.405340552330017,-1.2574390172958374,-3.056588888168335,-3.259793758392334,-5.640482425689697,-7.538390159606934,-6.823270797729492,-5.606213569641113,-7.342842102050781,-7.151341438293457,-4.886258602142334,-4.3346662521362305,-3.5255978107452393,-2.5872819423675537,-1.9331721067428589,-2.020092010498047,0.2919900417327881,2.10676646232605,1.200629472732544,2.2248458862304688,3.0875186920166016,3.8249166011810303,4.932601451873779,4.2669997215271,4.600074291229248,0.7510179281234741,-7.369084358215332,-9.306697845458984,-4.6994476318359375,-1.7733665704727173,-1.3930481672286987,-1.2609909772872925,-1.402580738067627
-0.7687273025512695,-3.577378988265991,-6.267505645751953,-4.830142974853516,-2.8357458114624023,-4.237005710601807,-5.805013656616211,-5.096048831939697,-2.3659238815307617,1.6201261281967163,-0.8172706961631775,-8.440068244934082,-7.345363140106201,-5.042504787445068,-7.379358291625977,-6.950907230377197,-6.046229839324951,-4.613580703735352,-4.785372734069824,-5.215932369232178,-3.7065889835357666,-3.3083083629608154,-3.971505641937256,-2.853762626647949,-0.9741457104682922,-1.1405158042907715,0.11124937236309052,1.5198758840560913,1.5369502305984497,3.7264087200164795,5.954443454742432,5.823307037353516,6.095485210418701,3.815793752670288,1.2756165266036987,-1.902187466621399,-6.274988174438477,-7.858006000518799,-3.9733288288116455,-1.7922601699829102,-3.6808557510375977,-3.4032278060913086,-2.683438777923584
-3.2651970386505127,-6.704794406890869,-7.222612380981445,-4.700003147125244,-4.897520065307617,-7.195063591003418,-5.791504383087158,-3.380471706390381,-1.2510104179382324,0.360042542219162,-4.6856689453125,-10.099509239196777,-10.044840812683105,-7.951129913330078,-7.08509635925293,-6.33756685256958,-5.8109660148620605,-5.206025123596191,-4.450287342071533,-3.996540069580078,-3.3089585304260254,-3.2895078659057617,-3.6264171600341797,-3.3431413173675537,-1.6290903091430664,-0.5800204873085022,0.06795865297317505,1.486385464668274,3.0741710662841797,5.227447032928467,7.235029220581055,4.182203769683838,3.510124444961548,3.2955048084259033,-0.9016689658164978,-4.928407192230225,-7.572668552398682,-7.371148109436035,-2.4452617168426514,-1.054222822189331,-5.715179443359375,-6.071656703948975,-3.498997211456299
-6.332921028137207,-7.056143283843994,-6.033527374267578,-4.248340606689453,-4.778692722320557,-6.182505130767822,-5.367578029632568,-3.5816221237182617,-3.4103052616119385,-4.014459609985352,-3.9464919567108154,-7.503161430358887,-10.64437484741211,-8.801738739013672,-6.251142501831055,-5.0444722175598145,-5.5744733810424805,-5.645761013031006,-3.928508758544922,-2.169295072555542,-2.598071336746216,-3.052586793899536,-2.069047451019287,-0.34138059616088867,-0.6074197888374329,-0.2718604803085327,1.4380735158920288,2.032097101211548,4.293262481689453,4.885806083679199,6.145231246948242,3.921786069869995,4.067235946655273,2.8847150802612305,-4.574160575866699,-5.733789920806885,-5.34686279296875,-5.912998676300049,-0.9233048558235168,-1.3647822141647339,-5.0374579429626465,-3.040240526199341,-0.8471007347106934
-6.622215747833252,-6.745163440704346,-5.872759819030762,-4.587770462036133,-3.728555679321289,-3.5341670513153076,-5.338103294372559,-6.564774513244629,-5.722696304321289,-4.653243541717529,-3.1705322265625,-4.316053867340088,-8.351080894470215,-9.369664192199707,-6.849005699157715,-4.651758670806885,-5.06494140625,-6.094568252563477,-4.134528636932373,-1.6290260553359985,-1.7246264219284058,-1.8814393281936646,-0.47455623745918274,-1.8525115251541138,-1.313478708267212,2.0709803104400635,2.4997260570526123,2.721296548843384,3.542924165725708,4.655243396759033,3.3998541831970215,0.2823258340358734,1.0372793674468994,-2.8507113456726074,-6.783665657043457,-5.893027305603027,-7.114272594451904,-4.612334728240967,-2.9026548862457275,-4.502843379974365,-5.454796314239502,-2.218478202819824,-0.7844537496566772
-6.423079490661621,-7.593388557434082,-7.099012851715088,-5.384766578674316,-3.3484134674072266,-3.3191585540771484,-6.902508735656738,-7.89108943939209,-5.031927585601807,-4.632650852203369,-5.1841044425964355,-3.952902317047119,-4.862739562988281,-8.140586853027344,-8.312444686889648,-6.120246887207031,-5.3323140144348145,-5.262098789215088,-4.305558681488037,-2.336463451385498,-0.9243619441986084,-0.6069144010543823,-0.22951503098011017,-1.2796401977539062,0.9763317108154297,3.2979228496551514,1.7756421566009521,0.9317449331283569,3.4682610034942627,6.110320091247559,-0.9527571201324463,-5.348094940185547,-5.380431652069092,-6.77278470993042,-7.140134811401367,-7.429342746734619,-4.750028133392334,-3.779266834259033,-5.43622350692749,-5.173795700073242,-2.0368471145629883,-1.1141170263290405,0.33636388182640076
-6.476256370544434,-8.462328910827637,-8.007096290588379,-5.426288604736328,-3.9964563846588135,-5.000298023223877,-6.322876930236816,-5.767366886138916,-5.7873454093933105,-6.535588264465332,-5.269081115722656,-3.479430913925171,-3.6303622722625732,-6.061038970947266,-7.684157371520996,-6.666665554046631,-5.364832878112793,-4.653628826141357,-3.7225799560546875,-2.2129502296447754,-0.4598727226257324,1.178907036781311,2.830421209335327,2.7670950889587402,3.3599462509155273,3.9654223918914795,2.3613345623016357,2.4187822341918945,5.835448741912842,2.4407765865325928,-6.404796123504639,-8.079119682312012,-5.350338935852051,-5.801174163818359,-6.026496410369873,-6.416119575500488,-7.163609504699707,-6.414766311645508,-5.3861494064331055,-2.98675537109375,-1.419340968132019,0.44843655824661255,2.6014161109924316
-8.943950653076172,-8.351005554199219,-8.147897720336914,-5.843956470489502,-4.384183406829834,-4.201231002807617,-5.163394451141357,-6.347292900085449,-7.270076751708984,-6.453689098358154,-5.232911109924316,-5.367965221405029,-4.786197662353516,-3.774369955062866,-4.206455707550049,-5.041876316070557,-5.4053568840026855,-5.1435980796813965,-3.808760166168213,-2.3957111835479736,-0.5795603394508362,1.2830040454864502,3.2886788845062256,4.345358848571777,5.274130344390869,4.115726947784424,0.8649761080741882,3.2437984943389893,2.8111519813537598,-3.7764739990234375,-8.07970905303955,-7.365862846374512,-5.4752421379089355,-5.174490928649902,-5.988077163696289,-7.083065509796143,-7.520900726318359,-4.8528361320495605,-3.340761661529541,-1.1578046083450317,0.10082230716943741,1.5063279867172241,2.5423336029052734
-8.189956665039062,-6.908744812011719,-7.238291263580322,-6.581934928894043,-5.487797737121582,-4.554840564727783,-6.381875991821289,-8.028160095214844,-6.9568939208984375,-5.779988765716553,-5.458333492279053,-5.944192409515381,-6.134327411651611,-4.938612461090088,-3.6585206985473633,-3.4215269088745117,-4.418905258178711,-5.242394924163818,-4.2608184814453125,-2.7531259059906006,-1.4712920188903809,0.6041345000267029,2.700685977935791,5.086175441741943,5.59052848815918,5.721282482147217,3.293849468231201,5.3056321144104,3.980681896209717,-4.7862372398376465,-7.174588680267334,-6.24085807800293,-5.903090000152588,-4.465064525604248,-6.628655910491943,-9.162976264953613,-5.786759376525879,-3.0027565956115723,-1.783577799797058,0.03600282594561577,2.720839023590088,4.387942790985107,3.8162312507629395
-6.910918712615967,-5.669726848602295,-5.764134407043457,-7.383434772491455,-8.37793254852295,-7.631761074066162,-7.335298538208008,-7.779495716094971,-7.374258995056152,-6.403770446777344,-5.959500312805176,-6.570067882537842,-7.5480055809021,-7.0891804695129395,-5.872040748596191,-5.813981056213379,-6.168370246887207,-4.170246124267578,-2.1069438457489014,-2.0320003032684326,-1.3149921894073486,0.10886184871196747,3.1717722415924072,5.199865341186523,6.064652442932129,4.49843692779541,3.711838483810425,1.9508693218231201,-4.281055450439453,-7.210806846618652,-6.429813861846924,-6.497317790985107,-7.182326316833496,-3.877657890319824,-2.448604106903076,-6.042006015777588,-2.6852781772613525,1.6798176765441895,0.7871621251106262,2.016206979751587,4.597287654876709,7.534031867980957,6.787145137786865
-4.667181968688965,-4.08286190032959,-4.0104780197143555,-5.581294059753418,-8.031234741210938,-8.955079078674316,-8.271260261535645,-7.585278511047363,-7.078840732574463,-7.027436256408691,-7.362072467803955,-7.805691719055176,-7.994443893432617,-7.834054946899414,-7.649921417236328,-7.440642833709717,-6.853211402893066,-5.500420093536377,-2.9208598136901855,-0.409189373254776,1.0782042741775513,2.9837427139282227,4.27226448059082,5.864552021026611,5.024040222167969,4.992435455322266,3.9308435916900635,-3.100728988647461,-8.771244049072266,-9.015846252441406,-8.746601104736328,-8.235709190368652,-6.2806010246276855,-2.1787853240966797,-1.1337964534759521,-4.826386451721191,-4.0019659996032715,0.434589684009552,1.0638340711593628,3.4241931438446045,5.56667947769165,8.468597412109375,7.393111228942871
-4.478710651397705,-2.8990962505340576,-1.7534844875335693,-3.9183499813079834,-8.451218605041504,-9.462213516235352,-7.698683261871338,-5.841700077056885,-5.714278221130371,-7.383252143859863,-8.262307167053223,-8.257335662841797,-8.364751815795898,-8.241969108581543,-8.57701301574707,-8.720967292785645,-7.902215957641602,-5.79339599609375,-2.4870195388793945,0.5794364809989929,2.747497081756592,3.1035237312316895,4.81992244720459,4.837723255157471,4.53216552734375,2.905155897140503,-0.9966009259223938,-6.865875720977783,-9.332464218139648,-7.3733601570129395,-7.515832424163818,-8.18468189239502,-4.853464126586914,-1.5305536985397339,-4.23812198638916,-7.8586015701293945,-6.867326736450195,-2.9353556632995605,-0.5528154373168945,2.391383647918701,5.687065124511719,10.18808364868164,8.251700401306152
-3.024146318435669,-3.389760732650757,-5.608598232269287,-8.122673034667969,-10.622370719909668,-9.14614200592041,-6.343911647796631,-5.1213908195495605,-5.761513710021973,-7.878795146942139,-8.701333999633789,-8.743423461914062,-9.106204986572266,-9.111496925354004,-8.807737350463867,-8.664422988891602,-8.044645309448242,-6.554407119750977,-3.627424478530884,0.6438403725624084,4.16536283493042,4.279880523681641,3.486755847930908,2.087449789047241,-1.916101098060608,-5.093963146209717,-7.205079078674316,-8.540559768676758,-9.189379692077637,-8.208486557006836,-8.117403030395508,-7.975836277008057,-3.626579523086548,-1.7513927221298218,-4.227232456207275,-6.863320350646973,-6.296152114868164,-4.353530406951904,-1.3084385395050049,2.786806583404541,6.9990315437316895,7.200629234313965,0.34042006731033325
-5.027477741241455,-10.191509246826172,-14.28236198425293,-12.503641128540039,-10.02147388458252,-8.742431640625,-9.267295837402344,-9.41637897491455,-7.547332286834717,-7.607663154602051,-8.763283729553223,-8.522494316101074,-8.740185737609863,-8.734708786010742,-8.532256126403809,-8.510370254516602,-8.387819290161133,-8.408368110656738,-7.330059051513672,-4.067009449005127,-0.1979585587978363,-0.3148914873600006,-4.1895647048950195,-7.252816200256348,-7.709851264953613,-8.281571388244629,-10.734624862670898,-12.383172988891602,-11.580085754394531,-10.129898071289062,-10.635798454284668,-10.228119850158691,-7.656579494476318,-6.203092575073242,-7.985834121704102,-8.452980041503906,-7.377188682556152,-4.527817249298096,-0.7483834028244019,3.882068157196045,9.405573844909668,4.993978977203369,-5.673746585845947
-9.259663581848145,-13.166271209716797,-14.597601890563965,-12.989679336547852,-10.695146560668945,-10.903636932373047,-11.921321868896484,-10.52271556854248,-8.398519515991211,-8.40593433380127,-8.84494400024414,-8.093133926391602,-7.119354248046875,-7.062840938568115,-8.223968505859375,-9.1425142288208,-9.836199760437012,-10.844292640686035,-10.353280067443848,-9.501130104064941,-9.407466888427734,-9.807525634765625,-12.377640724182129,-11.704681396484375,-11.748665809631348,-11.942954063415527,-13.267875671386719,-13.111661911010742,-11.549800872802734,-11.593006134033203,-14.142603874206543,-14.00388240814209,-11.345932960510254,-9.827211380004883,-9.720081329345703,-9.2438325881958,-7.313518047332764,-4.213153839111328,-0.65818190574646,3.759223699569702,7.480465888977051,0.5271267294883728,-6.241513729095459
-11.508000373840332,-10.965960502624512,-10.998601913452148,-12.738444328308105,-12.744322776794434,-11.577569007873535,-10.782529830932617,-9.7581148147583,-9.069401741027832,-8.947932243347168,-8.37934398651123,-7.309531211853027,-7.70139741897583,-8.78126335144043,-8.232977867126465,-8.472564697265625,-10.49353313446045,-11.697749137878418,-10.961503028869629,-10.587203979492188,-11.85748291015625,-13.34018611907959,-13.526134490966797,-12.504627227783203,-11.973655700683594,-11.902151107788086,-12.1831636428833,-13.002229690551758,-13.838481903076172,-14.023269653320312,-14.046076774597168,-13.511321067810059,-11.879392623901367,-11.030708312988281,-10.354071617126465,-8.865914344787598,-6.622277736663818,-3.8245580196380615,-1.147371530532837,1.394441843032837,-0.7542128562927246,-8.231647491455078,-9.542837142944336
-11.266526222229004,-9.64631462097168,-9.915725708007812,-11.831522941589355,-11.925528526306152,-10.127603530883789,-8.974081993103027,-9.178298950195312,-9.652156829833984,-9.133821487426758,-7.945621490478516,-7.249157428741455,-7.387331008911133,-7.757700443267822,-8.431924819946289,-8.47357177734375,-8.821401596069336,-9.90078067779541,-9.666260719299316,-9.144935607910156,-10.037150382995605,-11.902195930480957,-12.15722370147705,-11.559333801269531,-12.884510040283203,-13.488608360290527,-12.583928108215332,-13.2709379196167,-14.470553398132324,-14.123187065124512,-13.911219596862793,-14.111551284790039,-13.099479675292969,-11.784964561462402,-10.488149642944336,-8.436742782592773,-6.218729496002197,-4.304404258728027,-2.3715460300445557,-3.4195187091827393,-8.17739486694336,-11.180554389953613,-12.424891471862793
-9.803516387939453,-9.142745018005371,-9.403491020202637,-10.222692489624023,-10.496533393859863,-8.987027168273926,-7.888667583465576,-9.687198638916016,-10.829236030578613,-9.743199348449707,-8.354755401611328,-6.746133327484131,-4.56586217880249,-4.341770648956299,-8.536759376525879,-9.964922904968262,-8.802881240844727,-9.709569931030273,-9.481085777282715,-10.417375564575195,-12.042898178100586,-12.561416625976562,-12.933867454528809,-13.308798789978027,-15.751468658447266,-16.924020767211914,-15.527303695678711,-15.068073272705078,-15.13552188873291,-14.978468894958496,-14.939742088317871,-14.57010269165039,-13.519604682922363,-11.932352066040039,-10.290122032165527,-8.598570823669434,-7.251365661621094,-5.884787082672119,-3.5435469150543213,-4.341066837310791,-8.984511375427246,-8.34716796875,-8.176843643188477
-8.344743728637695,-8.98416519165039,-9.551464080810547,-10.159088134765625,-10.086071968078613,-9.086280822753906,-10.25898265838623,-12.479586601257324,-11.773248672485352,-9.722861289978027,-8.149714469909668,-6.191990375518799,-3.969247341156006,-5.695242404937744,-9.422967910766602,-9.550621032714844,-8.311872482299805,-8.364164352416992,-9.317421913146973,-11.981513977050781,-14.941526412963867,-15.08312702178955,-16.130525588989258,-17.817222595214844,-17.439680099487305,-17.235248565673828,-16.56074333190918,-15.762369155883789,-15.704915046691895,-15.642134666442871,-15.118058204650879,-14.321789741516113,-13.037257194519043,-11.511290550231934,-10.143949508666992,-9.282797813415527,-9.001758575439453,-9.247779846191406,-10.605107307434082,-12.157893180847168,-10.532585144042969,-8.289393424987793,-8.253482818603516
