data/wind_data/wind_37_9.json
{"header": {"parameterUnit": "KT", "parameterCategory": 2, "nx": 256, "ny": 198, "lo1": 44.73521041870117, "la1": -3.236724853515625, "lo2": 111.26478576660156, "la2": 43.468475341796875, "dx": 0.2609002888202667, "dy": -0.23708222806453705, "refTime": "2025-02-20 13:00:00", "forecastTime": 0, "parameterNumber": 2, "parameterNumberName": "eastward_wind"}, "data":
[rows 76 to 94 of 198, columns 172 to 214 of 256]
8.03433895111084,7.695114612579346,7.935660362243652,8.415454864501953,8.729729652404785,8.864869117736816,9.05954360961914,9.372564315795898,9.703702926635742,10.27090072631836,11.354063034057617,12.34839916229248,12.203052520751953,11.07081413269043,10.000271797180176,9.820023536682129,10.73645305633545,11.739920616149902,12.236948013305664,12.470495223999023,11.818687438964844,10.323166847229004,8.271406173706055,6.178919315338135,5.053675174713135,4.877049446105957,5.048569679260254,5.152512550354004,5.15177583694458,5.088705539703369,3.7844152450561523,3.3512189388275146,4.510001182556152,4.073451995849609,2.528388023376465,2.1504287719726562,2.539144992828369,2.4807040691375732,1.3973203897476196,0.6277788877487183,1.191144585609436,1.4499139785766602,0.996284008026123
6.869599342346191,6.936435222625732,7.5273637771606445,8.280855178833008,8.717949867248535,8.815698623657227,8.92737865447998,9.29266357421875,9.766531944274902,10.288723945617676,11.107368469238281,11.910382270812988,11.69469165802002,10.15180492401123,8.43789291381836,8.068163871765137,9.023218154907227,10.34969425201416,11.518641471862793,11.922857284545898,11.075437545776367,9.499873161315918,7.581393718719482,5.915153980255127,4.613821506500244,3.7498207092285156,3.8222289085388184,4.853299140930176,5.718724250793457,4.533483982086182,1.5634777545928955,0.8232126832008362,1.7441349029541016,1.909967303276062,1.7320460081100464,2.168274402618408,2.682295560836792,2.5411975383758545,1.8687275648117065,1.3583577871322632,1.322125792503357,1.3099796772003174,1.0723721981048584
5.496897220611572,6.039617538452148,7.074583053588867,8.127470016479492,8.748955726623535,8.946577072143555,9.114808082580566,9.495959281921387,9.884866714477539,10.109151840209961,10.426074981689453,10.829386711120605,10.523889541625977,8.957067489624023,7.210562705993652,6.805293083190918,7.751674652099609,9.341625213623047,10.607837677001953,10.774130821228027,10.00523853302002,8.60595989227295,6.963438034057617,5.497865200042725,4.079193115234375,3.0323615074157715,3.1271660327911377,4.594968795776367,6.056204319000244,4.495212078094482,1.400891661643982,-0.049655698239803314,0.3045238256454468,0.9256779551506042,1.4974260330200195,1.990365982055664,2.546344757080078,2.7165422439575195,2.228276014328003,1.7023946046829224,1.143227458000183,0.6879299283027649,0.6156869530677795
4.296360969543457,5.164315700531006,6.615566730499268,8.011281967163086,8.867441177368164,9.211369514465332,9.41694450378418,9.659477233886719,9.757149696350098,9.558860778808594,9.319965362548828,9.26172161102295,8.908846855163574,7.736166477203369,6.447642803192139,6.151487350463867,6.956577301025391,8.212156295776367,8.923822402954102,8.911052703857422,8.75479793548584,7.978278636932373,6.392376899719238,4.803035259246826,3.6434998512268066,3.101768732070923,3.3671040534973145,4.4088215827941895,5.424932956695557,4.269443988800049,2.076486825942993,0.8742970824241638,0.2953738570213318,0.3140363395214081,0.6985685229301453,1.3838170766830444,1.9361329078674316,2.801553964614868,2.843634843826294,1.9079563617706299,0.8984740376472473,0.3114740252494812,0.3101124167442322
3.259251356124878,4.286426544189453,6.058288097381592,7.785727500915527,8.907819747924805,9.386787414550781,9.521730422973633,9.493803024291992,9.245658874511719,8.720136642456055,8.13442325592041,7.726743698120117,7.261188507080078,6.435128688812256,5.710249423980713,5.610036373138428,5.9817118644714355,6.370565891265869,6.513535022735596,6.893437385559082,7.653506755828857,7.461612701416016,5.800283432006836,4.155622959136963,3.536074638366699,3.6226112842559814,3.853407382965088,3.955852746963501,4.095133304595947,3.8403024673461914,2.941042423248291,2.0423319339752197,0.6095801591873169,-0.0515938363969326,0.4024738669395447,0.8285735249519348,1.3969742059707642,2.694824695587158,3.172337293624878,2.0504002571105957,0.8029409646987915,0.33066555857658386,0.3846357464790344
2.520845890045166,3.580970525741577,5.4599103927612305,7.349631309509277,8.611462593078613,9.146676063537598,9.189249992370605,8.948065757751465,8.510279655456543,7.905428409576416,7.224273204803467,6.504924297332764,5.6940107345581055,4.980607986450195,4.689718723297119,4.5944318771362305,4.367649555206299,4.128926753997803,4.280714511871338,5.292540073394775,6.581742286682129,6.707457542419434,5.261190891265869,3.771426200866699,3.5732312202453613,4.063170909881592,3.9853830337524414,3.031322956085205,2.5619237422943115,3.5337612628936768,4.019401550292969,2.8253772258758545,0.8383828401565552,-0.05075111985206604,0.18736135959625244,0.7625187039375305,2.0799405574798584,2.7633204460144043,2.6448464393615723,1.6502488851547241,0.7502484321594238,0.4415653944015503,0.4032234847545624
2.6566264629364014,3.6278059482574463,5.184147357940674,6.752983093261719,7.8630757331848145,8.392475128173828,8.423507690429688,8.072212219238281,7.497195243835449,6.8331828117370605,6.0435590744018555,5.020931720733643,3.990557909011841,3.4969449043273926,3.4344241619110107,3.1073157787323,2.5614564418792725,2.52801775932312,3.2042744159698486,4.235085487365723,5.157656192779541,5.596650123596191,4.953765392303467,3.6485791206359863,3.350672483444214,3.9261066913604736,3.7483303546905518,2.58859920501709,2.0381081104278564,3.0778164863586426,3.6693732738494873,2.738971710205078,1.180088758468628,0.39150670170783997,0.8319738507270813,1.6728383302688599,2.671144962310791,2.944779634475708,2.066662073135376,0.8580766320228577,0.33369138836860657,0.5722243785858154,0.6822952032089233
3.538839340209961,4.506354331970215,5.595979690551758,6.450631141662598,7.0160603523254395,7.300283432006836,7.182835102081299,6.5873870849609375,5.725947380065918,4.857720375061035,4.011716365814209,3.1126291751861572,2.424304246902466,2.268878698348999,2.1984517574310303,1.7003964185714722,1.4382721185684204,2.0850846767425537,3.048391103744507,3.590930938720703,3.8204281330108643,4.23811674118042,4.338422775268555,3.548555612564087,3.0541059970855713,3.2856433391571045,3.178487539291382,2.780437707901001,2.597336530685425,2.2995071411132812,1.8432285785675049,1.852567195892334,1.7799301147460938,1.261971354484558,1.0351738929748535,1.6704505681991577,3.6947433948516846,3.8325748443603516,1.9075478315353394,0.28292256593704224,0.26539039611816406,0.7926213145256042,1.0743776559829712
4.231743812561035,5.354495525360107,6.29153299331665,6.685717582702637,6.658382892608643,6.310631275177002,5.523811340332031,4.399596691131592,3.3202247619628906,2.565281867980957,2.053170919418335,1.5916777849197388,1.3125704526901245,1.3133941888809204,1.2010127305984497,0.9211019277572632,1.2236703634262085,2.173673629760742,3.0495476722717285,3.2577965259552,2.7827847003936768,2.3998782634735107,2.8692593574523926,3.299879789352417,3.0983798503875732,2.5647385120391846,2.2299060821533203,2.6121084690093994,2.696288585662842,1.2924071550369263,0.3704294264316559,0.8934286832809448,1.088905692100525,0.7059054970741272,1.000278353691101,2.703711748123169,4.4968581199646,4.014220714569092,2.015672445297241,0.10180296748876572,0.5409491062164307,1.33343505859375,1.2566070556640625
4.457824230194092,5.538995265960693,6.406999111175537,6.791266918182373,6.629217624664307,5.760872840881348,4.157048225402832,2.4160664081573486,1.3271886110305786,1.0119147300720215,0.8939324617385864,0.5309889316558838,0.203169047832489,0.12070316076278687,0.14057794213294983,0.4047863781452179,1.0112310647964478,1.888240098953247,2.927907705307007,2.7647831439971924,1.431501865386963,0.5225310325622559,1.2421324253082275,2.636479616165161,2.8570265769958496,1.7909927368164062,1.0588189363479614,1.6671746969223022,1.8430495262145996,0.8900656700134277,-0.09013839811086655,-0.6695341467857361,-0.7297565340995789,0.02413160167634487,1.5847827196121216,3.6643731594085693,4.617951393127441,3.6266226768493652,1.7736986875534058,0.4974460303783417,0.45899245142936707,0.7531349658966064,0.6507722735404968
4.612259387969971,5.514977931976318,6.041724681854248,6.295835018157959,6.2192816734313965,5.352256774902344,3.512366771697998,1.4719538688659668,0.30836591124534607,0.06082535907626152,-0.11233541369438171,-0.7564375400543213,-1.427669644355774,-1.704469919204712,-1.5153329372406006,-0.8899882435798645,-0.2512313425540924,0.9547645449638367,2.7163333892822266,1.9805057048797607,0.12059253454208374,-0.6163156628608704,0.20845356583595276,1.546325445175171,1.653537631034851,0.6666060090065002,0.17259223759174347,0.7733666896820068,1.0981433391571045,0.8750618696212769,-0.09210389107465744,-1.184741735458374,-1.1808701753616333,-0.3597215712070465,1.4289696216583252,3.3799188137054443,3.7961912155151367,2.9679009914398193,2.0973453521728516,0.5493482947349548,-0.43712806701660156,-0.19617541134357452,0.5794118046760559
4.8146891593933105,5.799871921539307,6.069435119628906,5.873201370239258,5.502216815948486,4.697402000427246,3.091155529022217,1.1236785650253296,-0.25339382886886597,-0.8589457869529724,-1.311906099319458,-2.195425033569336,-3.2079784870147705,-3.7610485553741455,-3.616760730743408,-2.963730573654175,-2.104069471359253,-0.08605660498142242,2.373729944229126,1.4748947620391846,-0.3688358664512634,-0.83442622423172,-0.06771688908338547,0.6537874937057495,0.2173154354095459,-0.5690675973892212,-0.5082426071166992,0.3628848195075989,1.0694172382354736,0.9314954876899719,-0.36915361881256104,-0.5910809636116028,0.3210112154483795,0.7004364728927612,1.747416615486145,2.5917904376983643,2.674900770187378,2.4259443283081055,1.353932499885559,0.364407479763031,-0.1880064308643341,0.04896501824259758,1.1687932014465332
4.671014308929443,5.878427505493164,6.325691223144531,5.915101528167725,5.054186820983887,3.976797342300415,2.4605441093444824,0.6813244223594666,-0.726825475692749,-1.6516486406326294,-2.434929609298706,-3.362083911895752,-4.326890468597412,-4.977771282196045,-4.981757640838623,-4.340575218200684,-3.134573221206665,-0.7435240745544434,1.8151575326919556,1.566391110420227,0.31683051586151123,-0.05489380657672882,0.36330878734588623,0.4450300633907318,-0.4114374816417694,-1.3583498001098633,-1.25153648853302,-0.08795493096113205,1.050944209098816,1.3264918327331543,0.018289528787136078,-0.20797614753246307,1.5585061311721802,3.122340679168701,3.419800043106079,2.2373721599578857,1.7435500621795654,2.0813167095184326,1.6171014308929443,1.0743608474731445,1.100285291671753,1.5792862176895142,2.158327579498291
3.970191240310669,5.103041648864746,5.746387958526611,5.540278434753418,4.6696696281433105,3.451751470565796,1.886444091796875,0.24730747938156128,-0.9677020907402039,-2.0986173152923584,-3.357759475708008,-4.241260051727295,-4.729577541351318,-4.990968227386475,-4.865427017211914,-4.287478923797607,-3.101936101913452,-0.9136968851089478,1.3726829290390015,2.0590624809265137,1.7849527597427368,1.5241833925247192,1.490898609161377,1.1085511445999146,0.008180801756680012,-1.355392575263977,-1.8707677125930786,-0.6650851368904114,1.1238356828689575,2.181318521499634,1.3298124074935913,0.5009906888008118,2.0302791595458984,4.261281490325928,4.522274494171143,2.7957563400268555,1.6841052770614624,2.2585129737854004,3.0792593955993652,3.190528631210327,3.040836811065674,2.9168994426727295,2.9681591987609863
2.9337570667266846,3.7066702842712402,4.322088241577148,4.317160606384277,3.805972099304199,2.980855941772461,1.7353355884552002,0.3413740396499634,-0.8234400153160095,-2.2584712505340576,-3.8073670864105225,-4.596915245056152,-4.711645603179932,-4.517027854919434,-4.153988838195801,-3.6774308681488037,-2.6138124465942383,-0.6663578748703003,1.1640541553497314,2.359316825866699,3.124415397644043,3.348799705505371,3.1471712589263916,2.4736621379852295,1.0520060062408447,-0.7651345729827881,-1.8203303813934326,-0.6295542120933533,1.549052357673645,2.865560293197632,2.6215438842773438,2.0079827308654785,2.8825509548187256,4.072046279907227,3.9691717624664307,3.0354995727539062,2.528367757797241,3.268437147140503,4.300414562225342,4.518124580383301,4.379183292388916,4.161153793334961,4.028456687927246
2.1436967849731445,2.5163373947143555,2.8990135192871094,2.899670124053955,2.639106273651123,2.314962863922119,1.7442084550857544,0.8390700221061707,-0.4926748275756836,-2.2973716259002686,-3.7200300693511963,-4.343300819396973,-4.375023365020752,-4.069561004638672,-3.7713725566864014,-3.4763565063476562,-2.4130167961120605,-0.5086403489112854,0.9549668431282043,2.337009906768799,3.98600172996521,4.983908176422119,4.77052640914917,3.7451541423797607,2.119546890258789,0.22152355313301086,-0.9586494565010071,0.08648593723773956,1.8900537490844727,2.660811424255371,2.828542947769165,3.167996644973755,3.8770601749420166,3.5321216583251953,2.512803316116333,2.176678419113159,3.266166925430298,4.717876434326172,5.33763313293457,5.167253494262695,4.862624645233154,4.70081901550293,4.494777679443359
2.061448574066162,2.01682710647583,2.1220576763153076,2.077792167663574,1.892694354057312,1.715120553970337,1.5891990661621094,1.165848970413208,-0.3251759111881256,-2.414870500564575,-3.6498472690582275,-4.015750408172607,-3.840113401412964,-3.7035012245178223,-3.966508388519287,-4.110628604888916,-2.654660940170288,-0.5513801574707031,0.7681785225868225,2.206648111343384,4.415173530578613,6.094351291656494,5.906829833984375,4.5005621910095215,2.887221097946167,1.3045647144317627,0.31857699155807495,0.9107634425163269,1.5629589557647705,1.3857109546661377,1.6327074766159058,2.9629244804382324,3.8958816528320312,2.84645414352417,1.59432852268219,1.7819408178329468,3.6933083534240723,5.354264736175537,5.654825687408447,5.352108478546143,5.012908458709717,4.584140300750732,4.091619968414307
2.6488499641418457,2.1637351512908936,1.840930461883545,1.6526356935501099,1.6647456884384155,1.7061933279037476,1.7332735061645508,1.3848371505737305,-0.25064659118652344,-2.556784152984619,-3.8547260761260986,-3.9410552978515625,-3.5255346298217773,-3.7514288425445557,-4.548855304718018,-4.639140605926514,-3.1159844398498535,-0.9119313359260559,0.6930903792381287,2.3941452503204346,4.681362152099609,6.426517009735107,6.400653839111328,4.849564552307129,3.313579797744751,2.246138095855713,1.5326597690582275,1.2284023761749268,0.5057322382926941,-0.335890531539917,0.2716032564640045,2.1174333095550537,2.969097137451172,2.4636905193328857,2.0540854930877686,2.670583486557007,4.000538349151611,4.743804454803467,4.905055046081543,4.913165092468262,4.7682952880859375,4.176135063171387,3.6286487579345703
2.9201486110687256,2.4093692302703857,1.5934003591537476,1.0205137729644775,1.0513814687728882,1.418939471244812,1.7814974784851074,1.560836911201477,-0.02688962034881115,-2.436814308166504,-3.976257801055908,-4.001803874969482,-3.4304404258728027,-3.775144577026367,-4.775559425354004,-4.923610210418701,-3.405120849609375,-0.7771225571632385,1.130493402481079,2.869267702102661,4.841606616973877,6.143092155456543,6.109781742095947,4.850220680236816,3.7492682933807373,3.075714349746704,2.0781657695770264,0.8387759923934937,-0.4493545889854431,-1.23920476436615,-0.27909448742866516,1.1654016971588135,1.8142911195755005,2.2930986881256104,3.0278537273406982,3.7792680263519287,4.123874664306641,4.051599025726318,4.21366548538208,4.365036487579346,4.051958084106445,3.440901517868042,3.3209726810455322
