data/wind_data/wind_48_5.json
{"header": {"parameterUnit": "KT", "parameterCategory": 2, "nx": 256, "ny": 198, "lo1": 44.73521041870117, "la1": -3.236724853515625, "lo2": 111.26478576660156, "la2": 43.468475341796875, "dx": 0.2609002888202667, "dy": -0.23708222806453705, "refTime": "2025-02-21 00:00:00", "forecastTime": 0, "parameterNumber": 2, "parameterNumberName": "eastward_wind"}, "data":
[rows 57 to 75 of 198, columns 0 to 43 of 256]
-2.5596518516540527,-3.3732759952545166,-3.428868532180786,-3.5993876457214355,-2.6557159423828125,-3.138502836227417,-4.143564701080322,-4.7746453285217285,-4.990421772003174,-5.003669738769531,-5.161726474761963,-5.645609378814697,-6.280918121337891,-6.671238899230957,-6.730725288391113,-7.040726661682129,-7.863481044769287,-8.52588939666748,-8.344175338745117,-7.908344745635986,-6.741842746734619,-5.574762344360352,-6.336388111114502,-7.657436847686768,-7.8721418380737305,-8.141222953796387,-8.580371856689453,-8.549731254577637,-8.462580680847168,-8.805312156677246,-9.531722068786621,-10.296399116516113,-10.931131362915039,-11.455333709716797,-11.660442352294922,-11.49752426147461,-11.218994140625,-11.214652061462402,-11.403651237487793,-11.70957088470459,-12.053569793701172,-12.2427978515625,-12.39656925201416,-12.41589069366455
-0.8496876358985901,-1.6106889247894287,-2.120555877685547,-2.7217464447021484,-1.6721049547195435,-2.3957011699676514,-3.1007213592529297,-3.8646860122680664,-4.524754047393799,-4.715030670166016,-4.6832075119018555,-4.809633255004883,-5.19542121887207,-5.780938625335693,-6.114369869232178,-6.232802867889404,-6.585690021514893,-7.021387577056885,-7.204170227050781,-7.032421112060547,-5.903736114501953,-4.611034870147705,-5.209054470062256,-6.845245361328125,-7.384387016296387,-7.307237148284912,-7.64756441116333,-7.869111061096191,-7.926289081573486,-8.25839614868164,-8.83969497680664,-9.291582107543945,-9.536325454711914,-9.97010612487793,-10.495501518249512,-10.714179992675781,-10.517045974731445,-10.401633262634277,-10.601874351501465,-10.824262619018555,-10.99940299987793,-11.18593692779541,-11.296675682067871,-11.398441314697266
0.9944629073143005,-0.1704779714345932,-0.9364978671073914,-1.521983027458191,0.2882479131221771,-1.0558897256851196,-1.8856655359268188,-2.4710094928741455,-3.340662717819214,-3.9166102409362793,-4.021406173706055,-3.984506845474243,-4.059465408325195,-4.448280334472656,-4.983530521392822,-5.293444633483887,-5.363326072692871,-5.338982105255127,-5.391293048858643,-5.534228324890137,-4.930242538452148,-3.7506000995635986,-4.021829128265381,-5.533158779144287,-6.18393611907959,-6.050783157348633,-6.382515907287598,-6.755212783813477,-7.00612735748291,-7.445422649383545,-8.0415620803833,-8.410470962524414,-8.448615074157715,-8.668360710144043,-9.115447044372559,-9.494174003601074,-9.49649715423584,-9.28829288482666,-9.217927932739258,-9.267705917358398,-9.289344787597656,-9.393839836120605,-9.577048301696777,-9.739885330200195
2.9689712524414062,1.0264651775360107,0.1537865698337555,-0.17735151946544647,2.047743320465088,0.6058825254440308,-0.3775631785392761,-0.781217098236084,-1.5499815940856934,-2.497954845428467,-3.028876543045044,-3.0813233852386475,-2.969505786895752,-3.0703964233398438,-3.4323582649230957,-3.8580498695373535,-4.068992614746094,-3.954853057861328,-3.635727882385254,-3.5060861110687256,-3.3163981437683105,-2.569512367248535,-2.682293176651001,-3.9612033367156982,-4.609409809112549,-4.48551607131958,-4.907246112823486,-5.413619041442871,-5.736107349395752,-6.216165065765381,-6.834097385406494,-7.2379150390625,-7.34918737411499,-7.356852054595947,-7.534517765045166,-7.875999450683594,-8.135115623474121,-8.18272590637207,-8.074416160583496,-7.968387126922607,-7.87321138381958,-7.830503940582275,-7.977075576782227,-8.273905754089355
4.38003396987915,2.2598094940185547,1.4396569728851318,1.151219129562378,3.2218170166015625,2.2242233753204346,1.5302907228469849,1.0267254114151,0.3915669322013855,-0.6590576767921448,-1.567079782485962,-1.9327194690704346,-1.8634533882141113,-1.754756212234497,-1.8515992164611816,-2.1416866779327393,-2.4071455001831055,-2.395346164703369,-2.075103282928467,-1.5731452703475952,-1.2635732889175415,-0.964408278465271,-1.1807459592819214,-2.238811731338501,-2.8681600093841553,-2.8815419673919678,-3.3693881034851074,-3.9956865310668945,-4.451241970062256,-4.935567855834961,-5.542600631713867,-6.00212287902832,-6.1772589683532715,-6.048651695251465,-5.982116222381592,-6.344895362854004,-6.917539596557617,-7.183228969573975,-7.162220478057861,-7.120575904846191,-7.085453987121582,-7.045342445373535,-7.135928153991699,-7.422911643981934
5.31032657623291,3.318283796310425,2.8542091846466064,2.5244524478912354,4.661840438842773,4.315028667449951,3.757718563079834,3.18689227104187,2.600632429122925,1.5497338771820068,0.28564542531967163,-0.4622451961040497,-0.5411127805709839,-0.3482542335987091,-0.2990550398826599,-0.5470051765441895,-0.8082851767539978,-0.7778601050376892,-0.5115486979484558,0.03240996599197388,0.5645087361335754,0.9256453514099121,0.6310847401618958,-0.3037296533584595,-0.9581668376922607,-1.156008243560791,-1.705678939819336,-2.538451671600342,-3.1783695220947266,-3.678999900817871,-4.260401725769043,-4.796891212463379,-5.047242641448975,-4.99871826171875,-5.042965412139893,-5.434788227081299,-6.076064109802246,-6.323611736297607,-6.270296096801758,-6.2888970375061035,-6.366072177886963,-6.356759071350098,-6.390441417694092,-6.545437335968018
6.005296230316162,6.142435550689697,5.10704231262207,4.610745906829834,6.658128261566162,7.019923210144043,6.522632122039795,5.546329498291016,4.835475444793701,3.9911646842956543,2.502877950668335,1.2643132209777832,0.9018716216087341,1.0229387283325195,1.1556388139724731,0.9741876721382141,0.7353305816650391,0.8561854958534241,1.3004741668701172,1.7786709070205688,2.0828418731689453,2.3362512588500977,2.2673163414001465,1.7343385219573975,1.1294528245925903,0.6273962259292603,-0.12447582185268402,-1.1358708143234253,-2.00752329826355,-2.5474138259887695,-2.915574312210083,-3.394202709197998,-3.846024990081787,-3.929738759994507,-4.054668426513672,-4.581611156463623,-5.3327789306640625,-5.640384197235107,-5.494588375091553,-5.382956504821777,-5.4133992195129395,-5.374094009399414,-5.31788444519043,-5.306432247161865
6.098362445831299,6.430782794952393,6.453233242034912,7.04298210144043,8.975722312927246,9.529780387878418,9.32844066619873,8.141831398010254,6.768345355987549,5.764424800872803,4.361109733581543,2.934037446975708,2.2863693237304688,2.3350138664245605,2.5699589252471924,2.446402072906494,2.082575798034668,2.274273633956909,2.967210531234741,3.393131971359253,3.5268359184265137,3.5276143550872803,3.5032033920288086,3.465751886367798,3.279130458831787,2.6151514053344727,1.4439009428024292,0.15875384211540222,-0.7958192229270935,-1.384020447731018,-1.618485927581787,-1.897547721862793,-2.3856000900268555,-2.526306390762329,-2.6643946170806885,-3.3013389110565186,-4.283868312835693,-4.8079047203063965,-4.614762306213379,-4.286709308624268,-4.1346116065979,-4.065430164337158,-3.9854934215545654,-3.9067893028259277
6.80820894241333,9.070838928222656,8.34871768951416,8.885251998901367,11.504863739013672,12.098203659057617,11.687333106994629,10.364276885986328,8.77934455871582,7.443742275238037,5.786731719970703,4.049165725708008,3.078701972961426,2.903325080871582,3.2503204345703125,3.5464937686920166,3.4090616703033447,3.5632541179656982,4.245334148406982,4.633594036102295,4.593729496002197,4.3571600914001465,4.329469680786133,4.594005107879639,4.965570449829102,4.7079386711120605,3.456057548522949,1.8644827604293823,0.7108319401741028,0.06532582640647888,-0.14092393219470978,-0.28509804606437683,-0.6338832974433899,-0.8953595161437988,-0.9951717853546143,-1.5457439422607422,-2.669689178466797,-3.3983144760131836,-3.336139678955078,-2.955458164215088,-2.6371524333953857,-2.53524112701416,-2.5159037113189697,-2.454481363296509
8.479354858398438,10.188827514648438,9.529181480407715,9.819064140319824,12.187691688537598,12.958672523498535,12.740215301513672,11.771964073181152,10.760904312133789,10.016732215881348,8.624192237854004,6.415720462799072,4.315335273742676,3.359607696533203,3.410397529602051,3.916139841079712,4.318670272827148,4.709953308105469,5.3127923011779785,5.755520343780518,5.605855464935303,5.130356788635254,4.837784290313721,5.077569007873535,5.740550518035889,6.0847625732421875,5.501752853393555,4.118222713470459,2.8024468421936035,1.9653738737106323,1.603528618812561,1.480118751525879,1.263838529586792,1.0060094594955444,0.8370519876480103,0.3643353581428528,-0.7281308770179749,-1.5493165254592896,-1.6796671152114868,-1.4460455179214478,-1.157822847366333,-1.0541234016418457,-1.0502595901489258,-1.0823848247528076
10.22879409790039,9.749344825744629,10.297931671142578,11.0045166015625,12.580286979675293,13.203279495239258,12.98371696472168,11.558917045593262,11.201038360595703,11.791929244995117,11.582945823669434,9.661490440368652,7.392035484313965,5.979251861572266,5.10987663269043,4.6923370361328125,4.946170806884766,5.4836578369140625,6.043921947479248,6.620952606201172,6.599381923675537,6.003650188446045,5.555995941162109,5.596506118774414,6.110649585723877,6.668158531188965,6.742134094238281,5.979528427124023,5.0204081535339355,4.22785758972168,3.6358091831207275,3.294072151184082,3.1600914001464844,3.0875141620635986,2.9703056812286377,2.3907058238983154,1.2944176197052002,0.370724081993103,0.11509519815444946,0.15843838453292847,0.2725316286087036,0.3352358639240265,0.3180399239063263,0.17477574944496155
12.536736488342285,12.11038589477539,12.160911560058594,12.533180236816406,13.149839401245117,13.128161430358887,13.016542434692383,12.633675575256348,12.981093406677246,13.751154899597168,13.894451141357422,12.96526050567627,11.769474983215332,10.091878890991211,8.297258377075195,6.985822677612305,6.283009052276611,6.357873439788818,6.433017253875732,6.931730270385742,7.245060443878174,6.971382141113281,6.515957832336426,6.430573463439941,6.73543643951416,7.177889347076416,7.463481903076172,7.189502716064453,6.543165683746338,5.989643096923828,5.567995071411133,5.115917205810547,4.862016677856445,4.938459873199463,5.113439559936523,4.652838230133057,3.520449638366699,2.3874433040618896,1.9042747020721436,1.8165816068649292,1.8034446239471436,1.8067444562911987,1.790438175201416,1.6256921291351318
15.211358070373535,14.978754997253418,14.53577995300293,14.237062454223633,14.54118537902832,14.356341361999512,14.229899406433105,14.867700576782227,16.10039520263672,16.87040901184082,16.92554473876953,16.480369567871094,15.619532585144043,13.865654945373535,11.860837936401367,10.313336372375488,8.460304260253906,7.26226282119751,7.1682844161987305,7.259415626525879,7.812510967254639,8.186991691589355,8.071839332580566,7.727334022521973,7.52794075012207,7.71956205368042,8.05012321472168,7.990414619445801,7.555619716644287,7.115771770477295,6.814119338989258,6.560523509979248,6.233173370361328,6.333341121673584,6.658639430999756,6.582799434661865,5.708010196685791,4.589516639709473,3.87621808052063,3.6408956050872803,3.513413906097412,3.456547737121582,3.3129067420959473,3.157609224319458
18.07114601135254,17.821134567260742,17.235998153686523,16.20492172241211,16.45611000061035,16.686796188354492,16.794296264648438,17.03655433654785,17.768381118774414,18.673824310302734,19.134855270385742,19.032630920410156,18.26713752746582,16.7634220123291,14.866799354553223,12.988478660583496,10.933564186096191,8.724597930908203,8.075769424438477,8.850667953491211,9.4894380569458,9.679173469543457,9.784749031066895,9.702163696289062,9.035689353942871,8.419645309448242,8.424473762512207,8.524271011352539,8.25678539276123,7.925985336303711,7.65239953994751,7.435081958770752,7.177267074584961,7.141749382019043,7.420686721801758,7.5555195808410645,7.102292537689209,6.3730974197387695,5.778404712677002,5.4430718421936035,5.281094074249268,5.25013542175293,5.05714225769043,4.733112335205078
20.309579849243164,20.149677276611328,19.662256240844727,18.65372085571289,18.375293731689453,18.76531982421875,19.04185676574707,19.00771713256836,19.042678833007812,19.589187622070312,20.27753257751465,20.532939910888672,19.88327407836914,18.63226318359375,17.00366973876953,14.952515602111816,12.72905445098877,11.139263153076172,10.811689376831055,11.07107925415039,11.460311889648438,11.839544296264648,11.68947696685791,11.288076400756836,10.874479293823242,10.468832969665527,9.963001251220703,9.009139060974121,8.163857460021973,7.854276657104492,7.882171630859375,7.954217433929443,7.97885799407959,7.886201858520508,7.869843006134033,7.8552398681640625,7.664283752441406,7.368963241577148,7.19260311126709,7.06748628616333,6.872058868408203,6.7770466804504395,6.7419304847717285,6.549407005310059
22.095308303833008,22.50912094116211,21.84078025817871,21.021501541137695,20.345544815063477,20.535856246948242,20.86389923095703,20.677255630493164,20.037841796875,19.931514739990234,20.387758255004883,20.78845977783203,20.379690170288086,19.197711944580078,17.61065673828125,15.559197425842285,13.588597297668457,12.810049057006836,12.837653160095215,12.967509269714355,12.894396781921387,12.829381942749023,12.654943466186523,12.076581001281738,11.836965560913086,11.946198463439941,11.778870582580566,10.820194244384766,9.860434532165527,8.918963432312012,7.942543029785156,7.62306547164917,8.010895729064941,8.493505477905273,8.570853233337402,8.347442626953125,8.103825569152832,8.00928783416748,8.093531608581543,8.250792503356934,8.249140739440918,8.086780548095703,8.046520233154297,8.108391761779785
23.69670867919922,25.236391067504883,23.95160675048828,23.147472381591797,22.704221725463867,22.701566696166992,22.686145782470703,22.221736907958984,21.179607391357422,20.48653221130371,20.412792205810547,20.684343338012695,20.797142028808594,20.41827392578125,19.45384407043457,17.85659408569336,16.244474411010742,15.588973045349121,15.305985450744629,14.742609977722168,13.874224662780762,13.22624683380127,13.055211067199707,13.22385311126709,13.481954574584961,13.453638076782227,12.75363826751709,12.010281562805176,11.515947341918945,10.96866512298584,10.091670036315918,9.089262962341309,8.350907325744629,8.510665893554688,9.088907241821289,9.309158325195312,9.131814956665039,9.035209655761719,9.112773895263672,9.22825813293457,9.326859474182129,9.344797134399414,9.346434593200684,9.428985595703125
25.326414108276367,25.88515853881836,25.269479751586914,24.953954696655273,24.846221923828125,24.86643409729004,24.722984313964844,24.181354522705078,23.174009323120117,22.094438552856445,21.535207748413086,21.76498031616211,22.415006637573242,22.77562713623047,22.188669204711914,20.535829544067383,18.62196159362793,17.476701736450195,16.862749099731445,16.020387649536133,14.786816596984863,13.873367309570312,13.754369735717773,14.316869735717773,15.000311851501465,15.170283317565918,14.488823890686035,13.233514785766602,12.010289192199707,11.10664176940918,10.75452709197998,10.746798515319824,10.263644218444824,9.579127311706543,9.43842887878418,9.699562072753906,9.774991989135742,9.756927490234375,9.848617553710938,9.930185317993164,10.069714546203613,10.233696937561035,10.44258975982666,10.61327075958252
28.2270565032959,27.831525802612305,27.20785903930664,26.193429946899414,26.042564392089844,26.22962760925293,26.499582290649414,26.453773498535156,25.94316864013672,24.848369598388672,23.845380783081055,23.866300582885742,24.72394371032715,25.255531311035156,24.59432029724121,22.83662986755371,20.816892623901367,19.19148063659668,18.18601417541504,17.339475631713867,16.2431640625,15.423213958740234,15.140419960021973,15.320058822631836,15.687629699707031,15.864855766296387,15.467652320861816,14.520819664001465,13.196537971496582,12.148470878601074,11.843550682067871,12.041716575622559,12.221285820007324,11.837884902954102,10.971578598022461,10.314900398254395,10.13382339477539,10.142763137817383,10.311980247497559,10.52362060546875,10.891690254211426,11.140369415283203,11.255305290222168,11.347427368164062
