data/wind_data/wind_2025-02-20_21.json
{"header": {"parameterUnit": "KT", "parameterCategory": 2, "nx": 255, "ny": 198, "lo1": 44.73521041870117, "la1": -3.236724853515625, "lo2": 111.26478576660156, "la2": 43.468475341796875, "dx": 0.26192745566368103, "dy": -0.23708222806453705, "refTime": "2025-02-20 21:00:00", "forecastTime": 0, "parameterNumber": 3, "parameterNumberName": "northward_wind"}, "data":
[rows 0 to 18 of 198, columns 86 to 128 of 255]
-0.11540935933589935,0.1584222912788391,0.5473946928977966,0.8944650888442993,1.1329864263534546,1.2782553434371948,1.2943063974380493,1.2873046398162842,1.2780476808547974,1.231069803237915,1.1123929023742676,1.0190057754516602,0.930877685546875,0.7750952243804932,0.5805378556251526,0.49632152915000916,0.48397430777549744,0.5060650110244751,0.5409082174301147,0.5282865166664124,0.5212400555610657,0.4954943358898163,0.4975113272666931,0.46893107891082764,0.4007466435432434,0.30102312564849854,0.21856705844402313,0.13268814980983734,0.2639402747154236,0.7056361436843872,0.8754056692123413,0.7452383041381836,0.5698763132095337,0.32847344875335693,-0.20985859632492065,-0.9662156105041504,-1.345349907875061,-1.528415322303772,-2.166396379470825,-3.0654985904693604,-3.775282382965088,-4.308089256286621,-4.378185272216797
-0.7323120832443237,-0.3023698329925537,0.283195436000824,0.7526289820671082,1.0195156335830688,1.184186577796936,1.2259787321090698,1.2609164714813232,1.3256022930145264,1.33108389377594,1.2672169208526611,1.1444494724273682,0.9507648348808289,0.8206579685211182,0.7574531435966492,0.7456070184707642,0.7551935911178589,0.8351581692695618,0.929103434085846,0.9277665615081787,0.9307261109352112,0.9971193075180054,1.1434708833694458,1.223369836807251,1.1558178663253784,0.8590997457504272,0.5460398197174072,0.30774492025375366,0.25959402322769165,0.42164650559425354,0.49538734555244446,0.5178697109222412,0.23123085498809814,-0.3690642714500427,-1.2869927883148193,-2.3978281021118164,-2.870859384536743,-2.9497711658477783,-3.4946744441986084,-4.262972831726074,-4.901955604553223,-5.3272881507873535,-5.195359706878662
-0.9808099865913391,-0.44481536746025085,0.30947035551071167,0.8355607390403748,1.1899468898773193,1.4858310222625732,1.7195024490356445,1.9242589473724365,2.1817805767059326,2.2054991722106934,2.139282464981079,1.9585756063461304,1.6501587629318237,1.4029797315597534,1.3131816387176514,1.3245129585266113,1.3276773691177368,1.3425464630126953,1.4836400747299194,1.557935357093811,1.5636317729949951,1.7736414670944214,1.9803210496902466,1.9521194696426392,1.8737081289291382,1.3403316736221313,0.921019434928894,0.5194091200828552,0.08177682757377625,-0.5222644805908203,-0.8474290370941162,-0.5726648569107056,-1.0572677850723267,-2.1927943229675293,-2.9641284942626953,-3.5801074504852295,-3.9616341590881348,-4.193570137023926,-4.652860641479492,-5.083974361419678,-5.413962364196777,-5.570462703704834,-5.430275917053223
-1.4836194515228271,-0.41393914818763733,0.8497717976570129,1.6893974542617798,2.124068260192871,2.6032495498657227,2.9767417907714844,3.4156856536865234,3.570741653442383,3.3680419921875,3.4839062690734863,4.380368709564209,4.2473931312561035,3.4029011726379395,2.9577507972717285,3.680814743041992,3.126542091369629,3.1117594242095947,2.260822296142578,2.119194984436035,2.3807151317596436,3.0287067890167236,4.135504245758057,3.1864705085754395,2.2124381065368652,1.6868902444839478,0.2975088953971863,-0.5890965461730957,-1.0113445520401,-2.3722496032714844,-2.976346254348755,-3.2343263626098633,-4.1817827224731445,-5.265735149383545,-5.6822075843811035,-5.925876140594482,-6.122269630432129,-6.282622337341309,-6.425293445587158,-6.568689346313477,-6.854647159576416,-6.973419666290283,-6.568815231323242
-0.4162118434906006,-0.00771720428019762,0.9576739072799683,0.862848699092865,1.1707884073257446,2.1529691219329834,3.4242382049560547,4.432640552520752,5.277906894683838,5.159612655639648,4.990722179412842,5.674973487854004,5.9343953132629395,5.206388473510742,3.686958074569702,2.6388967037200928,0.24969130754470825,2.4602813720703125,1.6931884288787842,1.9935503005981445,2.647857666015625,3.90170955657959,2.002490758895874,-1.7178319692611694,-1.0577882528305054,1.6786335706710815,-0.03823475167155266,-0.8575356006622314,-1.4208797216415405,-2.7360825538635254,-3.720057725906372,-5.1978440284729,-5.935715198516846,-6.279707431793213,-6.20565128326416,-6.197015285491943,-6.20826530456543,-6.2300004959106445,-6.365560054779053,-6.60193395614624,-7.006706237792969,-7.037839412689209,-6.2947821617126465
1.176745057106018,1.5317203998565674,1.5287622213363647,-0.06934107095003128,-0.5114775896072388,0.04976006597280502,1.0550740957260132,2.3338449001312256,2.313001871109009,3.504488229751587,4.651143550872803,4.820343971252441,4.880667686462402,3.4988975524902344,0.4332026541233063,1.755605697631836,0.2211947739124298,2.266876459121704,1.7246346473693848,1.9506176710128784,1.666344165802002,2.5392284393310547,0.8732253313064575,-0.7818583250045776,1.1678732633590698,1.0648558139801025,-0.9725804328918457,-1.4959461688995361,-2.088249921798706,-2.2638862133026123,-2.6180357933044434,-4.2903594970703125,-4.5268659591674805,-4.731527805328369,-4.53373908996582,-4.5301127433776855,-4.668942451477051,-4.802393913269043,-5.196202278137207,-5.775907039642334,-5.359605312347412,-5.117225170135498,-5.352250576019287
1.5567811727523804,3.321230888366699,3.1185007095336914,1.0017683506011963,-0.7966119050979614,-1.5518734455108643,-0.9694766998291016,-0.2463708519935608,1.0895487070083618,1.941311001777649,4.709673881530762,4.700667381286621,1.497886061668396,1.2971397638320923,1.5134456157684326,3.3349521160125732,5.274369716644287,2.3485350608825684,1.6827607154846191,1.2354611158370972,-0.39568015933036804,-1.4444470405578613,0.9920634031295776,1.1916049718856812,0.45172959566116333,-1.8480876684188843,-0.09394161403179169,-0.9901156425476074,-1.3686072826385498,-1.0371381044387817,-1.8825130462646484,-2.8951311111450195,-3.189652681350708,-3.5700769424438477,-3.412252426147461,-3.5221660137176514,-3.752440929412842,-3.921316146850586,-4.211516857147217,-4.274014472961426,-3.871945381164551,-3.7848429679870605,-4.135683536529541
5.014513969421387,5.403711795806885,3.6216695308685303,1.5088202953338623,-1.0512914657592773,-0.6353180408477783,-0.3082468509674072,-0.05565519630908966,2.420055866241455,1.6854112148284912,2.9128823280334473,2.4501523971557617,-0.5903780460357666,0.18791547417640686,2.138645648956299,-1.012956142425537,2.9455230236053467,0.11473386734724045,-0.5805306434631348,-1.130125880241394,-0.17087915539741516,0.39090433716773987,-1.596508502960205,-1.562096357345581,-2.204716682434082,-3.074162721633911,-0.25233229994773865,2.406633138656616,0.9773557782173157,-0.37408554553985596,-2.086048126220703,-2.5034005641937256,-3.0078482627868652,-3.2429285049438477,-3.1752073764801025,-3.201758623123169,-3.295436143875122,-3.341815233230591,-3.155071496963501,-2.236021041870117,-2.3679726123809814,-2.5794403553009033,-2.920436143875122
4.031661510467529,6.518506050109863,4.647686958312988,2.6199069023132324,-0.27369511127471924,-0.8537144064903259,-1.4776781797409058,-3.6934165954589844,-1.9998571872711182,-1.3166680335998535,0.17018987238407135,-0.8802337646484375,-2.023207187652588,-3.1481993198394775,-4.304973602294922,-3.1155922412872314,-2.0726606845855713,0.039766017347574234,0.6057938933372498,-0.4865638315677643,-1.4771701097488403,1.1984411478042603,-1.2454323768615723,-0.27435678243637085,-0.4055478274822235,-0.8386464715003967,-0.5278262495994568,-0.13655078411102295,-0.07754874229431152,-1.9292539358139038,-1.7110427618026733,-2.5537614822387695,-2.9210636615753174,-3.1817169189453125,-2.986858367919922,-2.9759347438812256,-2.9366579055786133,-3.0157930850982666,-2.959256410598755,-2.47465181350708,-2.601853132247925,-3.129410743713379,-3.962669610977173
-2.218879222869873,1.4048103094100952,2.457960605621338,1.1251345872879028,-0.661841630935669,-1.6481746435165405,-2.7038583755493164,-6.323554515838623,-6.957376003265381,-4.512080192565918,-2.3094828128814697,-2.9200241565704346,-3.9838788509368896,-6.392022609710693,-7.611885070800781,-4.898967266082764,-6.703886985778809,-6.05656099319458,-2.172924280166626,-2.1294994354248047,-3.2957801818847656,0.5375536680221558,0.43272095918655396,-3.211902141571045,-2.5991387367248535,-1.5902091264724731,-1.9631448984146118,-3.5308382511138916,-1.9176884889602661,-1.7109965085983276,-1.0457091331481934,-2.1119039058685303,-2.507894277572632,-2.8146419525146484,-2.5950002670288086,-2.613414764404297,-2.60433292388916,-2.829678773880005,-3.2175064086914062,-3.434295892715454,-3.8010144233703613,-4.353458881378174,-4.788595676422119
-4.835975646972656,-2.9398114681243896,-1.599581241607666,-2.045973777770996,-2.121791362762451,-1.8633946180343628,-3.89988112449646,-7.256475448608398,-7.71430778503418,-4.891551971435547,-3.045947551727295,-1.6002198457717896,-3.950082302093506,-7.291478157043457,-8.456694602966309,-7.734787464141846,-7.668287754058838,-8.844585418701172,-6.770471572875977,-5.870593547821045,-3.9970703125,-2.4182119369506836,-2.2268035411834717,-3.9721193313598633,-3.9265975952148438,-3.5760247707366943,-4.870609760284424,-3.3846964836120605,-2.5433402061462402,0.9095441102981567,-0.3981752097606659,-1.1284364461898804,-1.5475045442581177,-2.116462230682373,-2.523014545440674,-2.630918264389038,-3.05597186088562,-3.3765311241149902,-3.5867342948913574,-3.877066135406494,-4.301097393035889,-4.654250144958496,-4.785102367401123
-4.044687271118164,-3.0763051509857178,-2.298966884613037,-2.481567621231079,-4.226965427398682,-6.399097919464111,-9.294692993164062,-11.306775093078613,-8.841619491577148,-5.9783549308776855,-6.070088863372803,-6.330002784729004,-6.538562774658203,-6.52380895614624,-7.001240253448486,-6.478531837463379,-6.801187515258789,-6.855499744415283,-6.052459239959717,-4.3826141357421875,-6.0897603034973145,-9.767840385437012,-7.012825965881348,-3.994722604751587,-3.9838297367095947,-3.327064037322998,-3.1861672401428223,-3.159127712249756,-2.6636581420898438,0.5368499159812927,0.6561693549156189,0.05761203542351723,-0.9723934531211853,-1.4831087589263916,-2.2241175174713135,-2.949620246887207,-3.8719305992126465,-4.119480609893799,-3.8995766639709473,-3.945235252380371,-4.242976188659668,-4.218706130981445,-3.976517915725708
-2.3324472904205322,-0.47850388288497925,-0.3682688772678375,-3.4682276248931885,-6.486079692840576,-10.208320617675781,-13.053361892700195,-12.162297248840332,-10.371339797973633,-7.733041286468506,-8.704339027404785,-11.2428617477417,-8.846388816833496,-3.535783290863037,-4.848471641540527,-6.426074028015137,-7.059048652648926,-6.983577251434326,-5.636494159698486,-4.511507034301758,-7.126204490661621,-8.695897102355957,-6.330538272857666,-2.4908671379089355,0.8093417882919312,-1.4405169486999512,-3.6526362895965576,-4.023873329162598,-4.154364585876465,-2.469712972640991,1.7637444734573364,0.5653520822525024,-0.7804657816886902,-1.0123827457427979,-0.8708888292312622,-2.5174615383148193,-3.6569550037384033,-3.6461520195007324,-3.5676331520080566,-3.144850492477417,-3.2601964473724365,-2.753575563430786,-2.585057258605957
-8.080766677856445,-4.520087718963623,-2.5580711364746094,-5.537761688232422,-7.871910095214844,-11.111493110656738,-12.277925491333008,-11.579705238342285,-8.389585494995117,-7.507302761077881,-8.538145065307617,-9.829144477844238,-8.563271522521973,-5.452767372131348,-5.570201873779297,-6.854361057281494,-7.45135498046875,-7.2708024978637695,-6.681822299957275,-7.24466609954834,-8.350173950195312,-7.448989391326904,-6.9983625411987305,-2.935180187225342,2.008007049560547,-0.39407938718795776,-3.960824966430664,-3.5950000286102295,-2.7516677379608154,-1.0799345970153809,0.2935797870159149,-1.9686379432678223,-1.297229528427124,-0.7159058451652527,1.6698992252349854,-0.9267677068710327,-1.7185015678405762,-1.7045423984527588,-2.1999876499176025,-2.8144304752349854,-2.3354156017303467,-1.4490691423416138,-1.336866855621338
-11.664169311523438,-9.58991527557373,-8.39895248413086,-8.401420593261719,-9.13927936553955,-10.233187675476074,-9.951240539550781,-9.697135925292969,-7.521829128265381,-6.417823791503906,-9.203567504882812,-9.621193885803223,-10.07545280456543,-9.399068832397461,-7.122595310211182,-7.4171271324157715,-9.00232982635498,-8.953071594238281,-8.05867862701416,-8.650574684143066,-10.060757637023926,-10.87467098236084,-11.91818618774414,-11.183262825012207,-7.606825351715088,-5.616924285888672,-5.347087860107422,-4.566525936126709,-4.027316093444824,-1.869432806968689,-1.8732088804244995,-3.7475643157958984,-3.4278018474578857,-2.1372439861297607,0.9522522687911987,0.35307741165161133,-0.24862170219421387,-0.8354716897010803,-1.894993782043457,-2.355221748352051,-1.484108328819275,-0.14910967648029327,-0.7076498866081238
-10.572524070739746,-8.89669418334961,-8.038812637329102,-9.366949081420898,-9.59268856048584,-8.887689590454102,-9.072991371154785,-9.702139854431152,-9.820877075195312,-6.770720958709717,-8.261214256286621,-9.222814559936523,-11.100157737731934,-10.189101219177246,-9.395527839660645,-10.271835327148438,-10.85662841796875,-9.3152437210083,-7.421751976013184,-8.404037475585938,-10.79813003540039,-12.048954010009766,-12.717568397521973,-13.63979434967041,-12.099549293518066,-10.731502532958984,-10.105175971984863,-7.965948104858398,-7.705191135406494,-5.837108135223389,-3.3741211891174316,-4.079070091247559,-4.996025562286377,-3.77176833152771,-1.3512364625930786,0.5668704509735107,-0.9427199363708496,-0.6094284653663635,-0.5987675786018372,0.1326705813407898,-0.0539684034883976,0.5986642837524414,-1.373604655265808
-10.118733406066895,-9.264219284057617,-6.920452117919922,-7.78681755065918,-8.5504732131958,-7.6890668869018555,-8.143057823181152,-9.390405654907227,-10.211515426635742,-8.902429580688477,-8.369135856628418,-8.941230773925781,-10.45613956451416,-10.179826736450195,-9.854225158691406,-11.224639892578125,-11.287890434265137,-10.1451416015625,-8.449285507202148,-8.665130615234375,-9.29592514038086,-10.419646263122559,-11.565022468566895,-11.992566108703613,-10.63546085357666,-10.388951301574707,-10.737739562988281,-8.867396354675293,-6.565629482269287,-6.712588787078857,-6.330641269683838,-6.863920211791992,-6.441421985626221,-4.207601547241211,-2.2805237770080566,0.010509627871215343,-1.4395579099655151,0.5702367424964905,1.518505334854126,1.008047103881836,-0.2156490534543991,-2.391810655593872,-1.5229953527450562
-9.10957145690918,-9.917145729064941,-8.040934562683105,-6.397737979888916,-6.797977924346924,-6.894125938415527,-6.899160861968994,-7.182629108428955,-8.392050743103027,-8.244002342224121,-7.981042861938477,-8.767763137817383,-9.796062469482422,-9.651740074157715,-9.458868980407715,-10.082664489746094,-11.094494819641113,-11.188104629516602,-10.248032569885254,-9.748295783996582,-9.076763153076172,-10.020859718322754,-11.627362251281738,-11.737144470214844,-11.236621856689453,-9.970479011535645,-9.085380554199219,-8.990286827087402,-7.0704345703125,-7.123746871948242,-7.269381046295166,-8.239960670471191,-8.969871520996094,-6.510167598724365,-2.237809658050537,-0.7064235210418701,-0.521464467048645,-0.21635004878044128,1.3164005279541016,1.1451696157455444,-2.2793121337890625,-4.691194534301758,-2.931042194366455
-9.460700035095215,-10.215858459472656,-7.806791305541992,-5.688701629638672,-6.569425582885742,-7.505270004272461,-7.010990142822266,-7.151562690734863,-7.7833571434021,-7.338778972625732,-7.891445159912109,-8.323052406311035,-8.666372299194336,-9.374560356140137,-10.094305992126465,-10.708833694458008,-11.406659126281738,-11.183603286743164,-10.097671508789062,-9.592865943908691,-9.395339012145996,-9.763952255249023,-9.891103744506836,-10.028448104858398,-10.293578147888184,-10.00492000579834,-9.256806373596191,-8.521770477294922,-8.02490234375,-7.507551670074463,-7.297068119049072,-8.254063606262207,-9.800110816955566,-8.895153999328613,-4.08722448348999,-2.1589932441711426,-1.0331379175186157,-1.0923395156860352,0.9567036628723145,0.81312096118927,-1.758060336112976,-3.9240236282348633,-5.375069618225098
