data/wind_data/wind_63_8.json
{"header": {"parameterUnit": "KT", "parameterCategory": 2, "nx": 256, "ny": 198, "lo1": 44.73521041870117, "la1": -3.236724853515625, "lo2": 111.26478576660156, "la2": 43.468475341796875, "dx": 0.2609002888202667, "dy": -0.23708222806453705, "refTime": "2025-02-21 15:00:00", "forecastTime": 0, "parameterNumber": 2, "parameterNumberName": "eastward_wind"}, "data":
[rows 76 to 94 of 198, columns 0 to 43 of 256]
3.2040224075317383,9.204000473022461,11.79830551147461,14.211288452148438,18.489856719970703,18.178571701049805,16.858505249023438,16.539369583129883,17.342483520507812,18.306730270385742,18.759416580200195,18.92971420288086,19.25044059753418,19.66895866394043,19.56793212890625,18.555593490600586,17.23265838623047,16.60725975036621,16.96208381652832,17.609155654907227,17.83047866821289,17.64662742614746,17.317886352539062,17.082117080688477,17.088695526123047,17.267553329467773,17.41943359375,17.297842025756836,17.250383377075195,17.96304702758789,19.297883987426758,20.484411239624023,21.16653823852539,21.50186538696289,21.53128433227539,21.143238067626953,20.43144989013672,19.673675537109375,19.176570892333984,19.04984474182129,19.24007225036621,19.528724670410156,19.497251510620117,18.96640396118164
4.409498691558838,10.346925735473633,12.811978340148926,14.976136207580566,19.440683364868164,19.257741928100586,17.77730941772461,17.27366065979004,18.06262969970703,18.989389419555664,19.14647102355957,18.979921340942383,19.31072235107422,19.980224609375,19.970335006713867,18.746347427368164,17.24921417236328,16.578645706176758,16.835037231445312,17.493717193603516,17.879623413085938,17.66939926147461,17.120681762695312,16.598276138305664,16.412635803222656,16.593835830688477,16.981830596923828,17.473562240600586,18.143760681152344,19.240270614624023,20.701765060424805,22.09665298461914,23.04149055480957,23.456605911254883,23.328338623046875,22.593353271484375,21.535240173339844,20.62681770324707,20.17157554626465,20.10528564453125,20.118066787719727,19.91708755493164,19.3302059173584,18.548789978027344
6.7673139572143555,11.588139533996582,13.290056228637695,15.486523628234863,20.425718307495117,20.212142944335938,18.208757400512695,17.10515785217285,17.555313110351562,18.35922622680664,18.476221084594727,18.31711769104004,18.83135414123535,19.795169830322266,20.041772842407227,18.95408058166504,17.471506118774414,16.72958755493164,16.691556930541992,16.91257667541504,17.24161720275879,17.416229248046875,17.22698402404785,16.720958709716797,16.243122100830078,16.248432159423828,16.87142562866211,18.005353927612305,19.43387222290039,20.8848876953125,22.191972732543945,23.342016220092773,24.33404541015625,24.98989486694336,25.002758026123047,24.11643409729004,22.701271057128906,21.53254508972168,21.010417938232422,21.026187896728516,21.118133544921875,20.829198837280273,20.060855865478516,19.145734786987305
7.030096530914307,11.571635246276855,12.571541786193848,15.362042427062988,20.917734146118164,20.545360565185547,18.0531005859375,16.305957794189453,16.194873809814453,16.776552200317383,17.154165267944336,17.552780151367188,18.457414627075195,19.634742736816406,20.162689208984375,19.47304344177246,18.18566131591797,17.318706512451172,17.06916046142578,17.169994354248047,17.543907165527344,18.067277908325195,18.451976776123047,18.618175506591797,18.62796401977539,18.631637573242188,18.840503692626953,19.59410858154297,20.976797103881836,22.57301139831543,23.876691818237305,24.78751564025879,25.573284149169922,26.30640411376953,26.63573455810547,25.978179931640625,24.580142974853516,23.355636596679688,22.709293365478516,22.394287109375,22.028213500976562,21.537126541137695,21.053539276123047,20.59246253967285
6.099541664123535,9.2208251953125,10.90302562713623,14.950851440429688,20.534460067749023,19.980039596557617,17.51415252685547,15.466618537902832,14.859909057617188,15.454705238342285,16.29058074951172,17.318248748779297,18.69162368774414,20.04083824157715,20.823835372924805,20.68800926208496,19.82694435119629,19.03230094909668,18.748069763183594,18.988744735717773,19.58452033996582,20.34420394897461,21.040103912353516,21.565702438354492,22.076204299926758,22.63800048828125,23.16272735595703,23.690919876098633,24.445613861083984,25.44781494140625,26.413097381591797,27.132606506347656,27.729589462280273,28.3115291595459,28.668500900268555,28.23819351196289,27.060962677001953,25.955507278442383,25.328475952148438,24.78374481201172,23.705425262451172,22.37148666381836,21.737030029296875,21.766555786132812
4.617859363555908,6.037482738494873,9.47988224029541,14.083612442016602,18.456016540527344,18.17792320251465,16.694032669067383,15.010607719421387,14.268813133239746,14.871716499328613,16.030391693115234,17.349231719970703,18.914892196655273,20.48912239074707,21.666276931762695,22.089691162109375,21.746294021606445,21.227266311645508,21.022056579589844,21.350210189819336,22.22175407409668,23.25470733642578,24.01615333557129,24.434650421142578,24.752017974853516,25.16414451599121,25.738784790039062,26.519533157348633,27.438480377197266,28.332075119018555,29.034217834472656,29.644638061523438,30.309734344482422,30.890247344970703,31.051923751831055,30.529985427856445,29.586713790893555,28.62950897216797,27.81085777282715,27.171815872192383,26.05101203918457,24.252025604248047,22.77419662475586,22.4019775390625
3.0406241416931152,3.392923593521118,8.278853416442871,12.736239433288574,16.140209197998047,16.70201301574707,16.570070266723633,15.539600372314453,14.681843757629395,14.982759475708008,15.998944282531738,17.24391746520996,18.744993209838867,20.48988914489746,22.181171417236328,23.288135528564453,23.493139266967773,23.145736694335938,22.943471908569336,23.24252700805664,24.140470504760742,25.416181564331055,26.527894973754883,27.161569595336914,27.422470092773438,27.49492645263672,27.552560806274414,27.85164451599121,28.60913848876953,29.561601638793945,30.367223739624023,31.151025772094727,32.10851287841797,33.013187408447266,33.26875305175781,32.63188171386719,31.925464630126953,31.2642879486084,30.167556762695312,28.964418411254883,27.773923873901367,26.166894912719727,24.567493438720703,23.610567092895508
3.268582820892334,4.383179664611816,8.958133697509766,12.714558601379395,15.991460800170898,17.06504249572754,17.763639450073242,17.26752281188965,16.105188369750977,15.556985855102539,16.114551544189453,17.400989532470703,18.977493286132812,20.669147491455078,22.421852111816406,23.940509796142578,24.773914337158203,24.852733612060547,24.649656295776367,24.795391082763672,25.659135818481445,27.034305572509766,28.408702850341797,29.447690963745117,30.094390869140625,30.237743377685547,29.916427612304688,29.663951873779297,29.990503311157227,30.806602478027344,31.730731964111328,32.76674270629883,33.96478271484375,34.92665481567383,35.13509750366211,34.57436752319336,34.183292388916016,33.799530029296875,32.48423767089844,30.7217960357666,29.203195571899414,27.68067169189453,26.190357208251953,25.06364631652832
4.934769153594971,7.330216884613037,11.217243194580078,14.371086120605469,17.711746215820312,18.66568946838379,19.647781372070312,19.559255599975586,18.191387176513672,16.780195236206055,16.521121978759766,17.609455108642578,19.462337493896484,21.422178268432617,23.22124671936035,24.79165267944336,25.915428161621094,26.372451782226562,26.323017120361328,26.395771026611328,27.087064743041992,28.401023864746094,29.887195587158203,31.23888397216797,32.413360595703125,33.13412094116211,32.97905349731445,32.35186767578125,32.09282302856445,32.35005187988281,32.923980712890625,33.903072357177734,35.27791976928711,36.51582336425781,36.66397476196289,35.86593246459961,35.80923843383789,35.82719421386719,34.25884246826172,32.212799072265625,30.69655990600586,29.16364860534668,27.548381805419922,26.33346176147461
8.525474548339844,10.645248413085938,13.596250534057617,16.800331115722656,20.550010681152344,20.781234741210938,21.386577606201172,21.61072540283203,20.263898849487305,18.197978973388672,16.94631576538086,17.23016929626465,18.789657592773438,20.9346866607666,23.097665786743164,25.056243896484375,26.608362197875977,27.453197479248047,27.55797004699707,27.62764549255371,28.296716690063477,29.496198654174805,30.864097595214844,32.25205612182617,33.84715270996094,35.37866973876953,35.99095916748047,35.56739807128906,34.9731330871582,34.62612533569336,34.52143096923828,34.97352981567383,36.000282287597656,37.047027587890625,37.117549896240234,36.325279235839844,36.294219970703125,36.46698760986328,35.002864837646484,33.07761764526367,31.772724151611328,30.28388214111328,28.49718475341797,27.333362579345703
13.191530227661133,14.393497467041016,15.941217422485352,19.049718856811523,23.40327262878418,23.010480880737305,22.870548248291016,23.29743766784668,22.591344833374023,20.591142654418945,18.500041961669922,17.56838035583496,18.06721305847168,19.590564727783203,21.649253845214844,23.941537857055664,26.060190200805664,27.472835540771484,27.9845027923584,28.20163917541504,28.91191291809082,30.07413101196289,31.19662857055664,32.27812194824219,33.8542366027832,35.922515869140625,37.41375732421875,37.624305725097656,37.20573043823242,36.75982666015625,36.23975372314453,36.01571273803711,36.52648162841797,37.29137420654297,36.995750427246094,35.77894592285156,35.64611053466797,36.090919494628906,34.62495803833008,32.674896240234375,31.91289710998535,31.0062198638916,29.22458267211914,27.944181442260742
15.884200096130371,16.652332305908203,17.75246810913086,20.660390853881836,25.152952194213867,24.98919677734375,24.5509090423584,24.874975204467773,24.74533462524414,23.434972763061523,21.40403938293457,19.91452407836914,19.674442291259766,20.274873733520508,21.35080909729004,22.929292678833008,24.759923934936523,26.38045310974121,27.454578399658203,28.176218032836914,29.022233963012695,30.151649475097656,31.153759002685547,31.790790557861328,32.85921859741211,34.767127990722656,36.62446975708008,37.390037536621094,37.24053955078125,37.07228469848633,36.80601501464844,36.427459716796875,36.545284271240234,37.0657844543457,36.648616790771484,35.022830963134766,34.315673828125,34.846717834472656,33.887996673583984,32.01108169555664,31.48780059814453,31.195858001708984,29.734718322753906,28.4797420501709
17.57749366760254,18.64812660217285,19.620023727416992,22.234827041625977,26.383132934570312,26.708757400512695,26.314064025878906,26.303998947143555,25.990428924560547,25.029800415039062,23.581756591796875,22.36864471435547,22.19011116027832,22.761707305908203,23.290668487548828,23.66740608215332,24.190135955810547,24.953052520751953,25.88669776916504,26.83679962158203,27.85253143310547,28.996965408325195,30.108949661254883,30.811819076538086,31.57060432434082,33.124786376953125,34.82825469970703,35.68414306640625,35.789398193359375,35.83399200439453,36.012611389160156,35.976383209228516,36.157047271728516,36.702911376953125,36.33717727661133,34.61575698852539,33.37113952636719,33.41761016845703,33.088802337646484,31.85361671447754,31.40186882019043,31.322256088256836,30.161935806274414,29.086565017700195
20.188785552978516,21.391393661499023,22.472270965576172,24.451393127441406,28.084558486938477,28.54610252380371,28.012880325317383,27.775386810302734,27.415874481201172,26.601703643798828,25.481903076171875,24.515539169311523,24.27874183654785,24.851057052612305,25.41611671447754,25.250864028930664,24.62835121154785,24.22040557861328,24.345369338989258,24.782323837280273,25.457077026367188,26.666107177734375,28.241947174072266,29.57933235168457,30.677465438842773,32.21527862548828,33.91123962402344,34.568790435791016,34.376277923583984,34.42282485961914,34.779090881347656,34.91726303100586,35.162601470947266,35.803062438964844,35.790199279785156,34.47152328491211,33.10910415649414,32.58601760864258,32.42988204956055,32.016212463378906,31.7943058013916,31.72658348083496,30.826013565063477,29.89211654663086
23.162555694580078,24.641042709350586,26.083984375,27.518611907958984,30.664901733398438,31.066057205200195,30.259607315063477,29.896318435668945,29.90652084350586,29.488134384155273,28.419734954833984,27.259201049804688,26.61026382446289,26.645612716674805,27.033641815185547,26.92611312866211,25.966251373291016,24.748981475830078,24.034221649169922,23.844196319580078,24.003721237182617,24.994203567504883,26.952247619628906,29.126569747924805,30.80124282836914,32.23563766479492,33.81044006347656,34.595584869384766,33.9589729309082,33.14852523803711,33.16841506958008,33.46834182739258,33.7633056640625,34.27504348754883,34.242523193359375,33.251670837402344,32.317955017089844,31.99910545349121,31.907886505126953,31.815773010253906,31.9168701171875,32.114715576171875,31.745569229125977,31.090068817138672
25.129180908203125,26.989404678344727,28.89288902282715,30.68606185913086,33.73256301879883,34.13082504272461,33.24211120605469,32.68534851074219,32.6770133972168,32.4964599609375,31.601036071777344,30.282176971435547,29.19597625732422,28.63429069519043,28.55506134033203,28.67360496520996,28.227577209472656,26.950275421142578,25.518102645874023,24.51769256591797,24.127849578857422,24.675716400146484,26.476394653320312,29.021007537841797,31.3277587890625,32.85922622680664,33.98952102661133,34.74853515625,34.237754821777344,32.763248443603516,31.695695877075195,31.563976287841797,32.04170227050781,32.77765655517578,32.79899978637695,31.766803741455078,31.059110641479492,31.257604598999023,31.53813362121582,31.545148849487305,31.640718460083008,32.07195281982422,32.446044921875,32.428096771240234
26.52035903930664,29.059799194335938,31.329416275024414,33.8264045715332,36.926597595214844,37.1440544128418,36.046016693115234,35.171749114990234,34.80531311035156,34.41011428833008,33.46277618408203,32.157798767089844,31.089208602905273,30.511825561523438,30.338869094848633,30.5657958984375,30.89042091369629,30.44700813293457,29.03262710571289,27.347286224365234,26.059856414794922,25.728511810302734,26.643949508666992,28.751989364624023,31.2040958404541,33.12867736816406,34.1628303527832,34.63582992553711,34.450660705566406,33.20097351074219,31.367786407470703,30.108869552612305,30.163612365722656,31.24091148376465,31.96774673461914,31.228288650512695,30.28754425048828,30.43048858642578,30.999021530151367,31.238527297973633,31.354568481445312,31.74091339111328,32.44278335571289,33.0711669921875
28.735321044921875,31.373369216918945,34.004947662353516,36.98902893066406,40.01841354370117,39.73331832885742,38.183563232421875,36.89289093017578,36.22829055786133,35.75851821899414,34.78339385986328,33.371150970458984,32.3551139831543,32.117855072021484,32.317100524902344,32.75166320800781,33.399139404296875,33.72733688354492,33.07210159301758,31.590463638305664,29.942052841186523,28.709043502807617,28.32619285583496,28.962535858154297,30.40898895263672,32.11765670776367,33.408992767333984,33.98038101196289,33.92783737182617,33.028175354003906,31.160253524780273,29.20672035217285,28.624818801879883,29.803560256958008,31.260547637939453,31.35223960876465,30.48666763305664,30.108226776123047,30.31890106201172,30.642934799194336,31.082117080688477,31.643863677978516,32.3323974609375,33.107994079589844
31.56551170349121,33.992374420166016,36.68887710571289,39.7337760925293,42.66684341430664,41.95927047729492,40.06892013549805,38.644744873046875,38.11835479736328,37.996280670166016,37.23366928100586,35.685916900634766,34.483924865722656,34.38373565673828,34.986305236816406,35.694217681884766,36.2974853515625,36.595741271972656,36.354209899902344,35.492427825927734,34.14896011352539,32.69445037841797,31.605192184448242,31.05674171447754,30.825653076171875,30.97080421447754,31.71358871459961,32.57559585571289,32.838775634765625,32.134151458740234,30.487079620361328,28.623291015625,27.86808204650879,28.913530349731445,30.641185760498047,31.458049774169922,31.14327621459961,30.501277923583984,29.9720458984375,29.92997932434082,30.660667419433594,31.779197692871094,32.63721466064453,33.22686767578125
