data/wind_data/wind_63_5.json
{"header": {"parameterUnit": "KT", "parameterCategory": 2, "nx": 256, "ny": 198, "lo1": 44.73521041870117, "la1": -3.236724853515625, "lo2": 111.26478576660156, "la2": 43.468475341796875, "dx": 0.2609002888202667, "dy": -0.23708222806453705, "refTime": "2025-02-21 15:00:00", "forecastTime": 0, "parameterNumber": 2, "parameterNumberName": "eastward_wind"}, "data":
[rows 114 to 132 of 198, columns 44 to 87 of 256]
34.7534294128418,34.20790100097656,35.107093811035156,36.26264572143555,37.636444091796875,39.34261703491211,40.802001953125,41.87387466430664,42.84635925292969,43.91447448730469,45.08892822265625,46.293216705322266,47.368858337402344,48.20547866821289,49.062477111816406,50.03655242919922,50.733184814453125,50.979652404785156,51.10289001464844,51.57246780395508,52.30350112915039,53.30059051513672,54.42091751098633,55.134971618652344,55.1190299987793,54.436527252197266,53.492958068847656,52.933109283447266,53.06648635864258,53.53413772583008,53.44655990600586,52.324371337890625,51.43814468383789,51.05031204223633,51.10371017456055,51.956298828125,53.49985122680664,54.92266845703125,53.99208068847656,50.4378662109375,46.55733108520508,43.32509994506836,41.33587646484375,41.26545715332031
35.65828323364258,34.8267936706543,35.007957458496094,35.317962646484375,35.971031188964844,37.04568862915039,37.92308044433594,38.57304000854492,39.08190155029297,39.810420989990234,41.03535079956055,42.46955871582031,43.747833251953125,44.680328369140625,45.63832092285156,46.70904541015625,47.30027770996094,47.12025833129883,46.80315399169922,47.2689208984375,48.79982376098633,50.64146423339844,52.0833625793457,52.712135314941406,52.50531005859375,52.0211181640625,51.643516540527344,51.44884490966797,51.77957534790039,52.41450500488281,52.89850616455078,53.00578308105469,53.07610321044922,53.39415740966797,53.99357223510742,54.38091278076172,54.66619873046875,54.34843444824219,52.67000198364258,50.418392181396484,47.97314453125,45.41976547241211,43.57057189941406,43.20072937011719
35.645015716552734,35.158287048339844,34.789791107177734,34.75799560546875,35.61482238769531,37.03251266479492,37.726810455322266,38.083656311035156,38.439064025878906,38.71943283081055,39.317649841308594,39.8250617980957,39.984352111816406,40.45676040649414,41.75943374633789,43.204105377197266,43.526527404785156,42.78195571899414,42.26655197143555,42.9811897277832,45.25458526611328,47.696529388427734,49.09926223754883,49.52377700805664,49.313968658447266,48.97739028930664,48.96541976928711,49.15474319458008,49.44729995727539,49.95164489746094,50.46092987060547,50.93754959106445,51.76734924316406,52.98500061035156,54.07844543457031,53.45087814331055,52.218788146972656,51.1964111328125,51.18642044067383,51.42457580566406,49.85216522216797,46.85966491699219,44.69116973876953,44.2818717956543
36.0004768371582,35.74480056762695,35.237457275390625,34.79335021972656,35.68093490600586,37.91333770751953,39.743350982666016,40.32057189941406,40.623775482177734,40.80196762084961,40.906524658203125,40.4406623840332,39.62777328491211,39.438682556152344,40.200992584228516,40.909698486328125,40.49846267700195,39.6153450012207,39.55660629272461,40.520687103271484,42.55711364746094,44.83235549926758,46.326133728027344,47.01968765258789,46.86565399169922,46.23878479003906,45.98983383178711,46.279911041259766,46.779109954833984,47.28246307373047,47.80293655395508,48.48308563232422,49.97671127319336,51.710060119628906,52.291473388671875,51.51899719238281,50.352935791015625,49.504608154296875,50.374290466308594,51.01234817504883,49.593017578125,47.55777359008789,45.882781982421875,45.11800765991211
36.948612213134766,36.77418518066406,36.13236999511719,35.342674255371094,35.83876037597656,38.34312057495117,41.80028533935547,43.72969055175781,43.963844299316406,43.569068908691406,42.82710266113281,42.124149322509766,41.71820068359375,41.21371078491211,40.53827667236328,39.54619216918945,38.59041976928711,38.592769622802734,39.51573181152344,41.07429885864258,42.87815856933594,43.97275161743164,44.200923919677734,44.186885833740234,43.997650146484375,43.72667694091797,43.578250885009766,43.88734436035156,44.42661666870117,44.91061782836914,45.4209098815918,46.51987838745117,48.62881851196289,50.34340286254883,50.9299430847168,50.51769256591797,49.2785530090332,47.901451110839844,48.7562255859375,49.58930969238281,48.28401184082031,47.30772018432617,46.71236801147461,46.1490364074707
37.680755615234375,37.17842102050781,36.41422653198242,35.74493408203125,36.20842742919922,38.64006423950195,42.33284378051758,45.68267059326172,46.961029052734375,46.213260650634766,44.34029769897461,42.499755859375,40.962223052978516,39.2126350402832,37.57323455810547,36.883968353271484,38.015380859375,40.57121658325195,43.430728912353516,45.289573669433594,45.39851379394531,44.41844177246094,43.81427764892578,44.090545654296875,44.615989685058594,44.8734245300293,44.771480560302734,44.30056381225586,43.528621673583984,43.183815002441406,43.92753219604492,45.720611572265625,47.998680114746094,49.105613708496094,48.94944381713867,47.747291564941406,46.31243896484375,45.58678436279297,46.94343185424805,49.34125518798828,48.868656158447266,47.71969985961914,47.0919189453125,46.989505767822266
37.7392578125,36.99355697631836,36.60514831542969,36.83210754394531,37.767723083496094,39.99112319946289,43.525516510009766,45.37296676635742,44.96445083618164,44.28660583496094,42.95556640625,41.288352966308594,39.474159240722656,37.661319732666016,36.37623596191406,36.745765686035156,38.612449645996094,41.0677604675293,43.59849166870117,45.72260284423828,46.150516510009766,45.1552734375,44.592926025390625,44.78097915649414,45.04362869262695,45.29206466674805,45.26985549926758,44.47523498535156,43.85380172729492,43.71171951293945,44.22220993041992,45.22250747680664,45.7287483215332,44.802433013916016,43.24362564086914,42.14591979980469,42.0662727355957,42.96540451049805,44.87300109863281,49.07986831665039,49.48609161376953,47.39082336425781,46.70628356933594,46.826717376708984
38.67719268798828,37.61090087890625,37.50775909423828,38.572021484375,39.946067810058594,41.913997650146484,43.872215270996094,43.834075927734375,42.88924789428711,42.76657485961914,42.85674285888672,42.49140930175781,41.09439468383789,38.91926956176758,37.4485969543457,37.674888610839844,39.064483642578125,40.526824951171875,41.70770263671875,42.69265365600586,42.82538986206055,42.97723388671875,44.80967330932617,46.05714416503906,46.26804733276367,46.38484191894531,46.19437026977539,45.295318603515625,43.760948181152344,42.22983932495117,41.51572036743164,41.64786148071289,41.672237396240234,40.94297409057617,39.72370910644531,39.43315124511719,40.45073318481445,42.03682327270508,43.976741790771484,47.73548126220703,48.25752639770508,46.1171989440918,44.894126892089844,44.61908721923828
40.74856948852539,40.59237289428711,40.26676940917969,40.20912170410156,40.86639404296875,42.57146072387695,43.642494201660156,42.9520378112793,42.24110794067383,42.525508880615234,43.130157470703125,43.000003814697266,41.60847091674805,39.8686637878418,38.49356460571289,37.75112533569336,37.88775634765625,38.30524826049805,39.26163101196289,40.5343132019043,40.89292907714844,42.05839538574219,44.81824493408203,46.44830322265625,48.4051399230957,48.86477279663086,47.120216369628906,44.835044860839844,42.395870208740234,40.43318557739258,39.62813186645508,39.84650802612305,40.06204605102539,39.5120735168457,38.4179573059082,37.990535736083984,38.38872146606445,39.73432922363281,40.90457534790039,43.1072998046875,45.16047286987305,43.35424041748047,40.306678771972656,39.3455810546875
41.130210876464844,42.437767028808594,42.76394271850586,42.04001998901367,41.74019241333008,42.683372497558594,43.032711029052734,41.87211227416992,40.93754196166992,41.45270538330078,42.956485748291016,43.865299224853516,43.122039794921875,41.781227111816406,40.4975471496582,39.02999496459961,38.29340744018555,38.36990737915039,39.546390533447266,40.908042907714844,42.191585540771484,43.642974853515625,46.12636947631836,48.311180114746094,47.830997467041016,46.25817108154297,44.5257568359375,43.29035186767578,42.30162811279297,41.15997314453125,40.15827941894531,39.5118293762207,38.62885284423828,37.002899169921875,34.89292526245117,33.58696365356445,33.7623176574707,35.06078338623047,36.42014694213867,37.79862976074219,40.13149642944336,38.533111572265625,34.70707702636719,34.802886962890625
43.313106536865234,43.35941696166992,43.363956451416016,41.960418701171875,40.608524322509766,41.09883117675781,41.9925651550293,41.88520812988281,41.854400634765625,42.84282684326172,44.0495491027832,44.47367477416992,43.63002014160156,42.88040542602539,43.09992599487305,43.37620544433594,43.83138656616211,44.3541145324707,43.863800048828125,43.5271110534668,44.256160736083984,45.700077056884766,46.826576232910156,47.71754837036133,46.57851791381836,44.99644470214844,43.71770095825195,42.92771530151367,42.405479431152344,41.683929443359375,40.6156120300293,39.22523880004883,36.719425201416016,33.59065628051758,31.4906063079834,31.02423095703125,32.44039535522461,34.330421447753906,35.625343322753906,36.644954681396484,37.81676483154297,36.45644760131836,33.31591033935547,33.97675323486328
45.46510314941406,45.18090057373047,45.20620346069336,44.74482727050781,43.249114990234375,41.46017837524414,40.53703689575195,41.4190673828125,43.23884201049805,43.513240814208984,42.35906219482422,40.92741394042969,41.119815826416016,42.704559326171875,44.58348083496094,46.29619216918945,47.844730377197266,48.135498046875,46.80119705200195,45.247047424316406,44.36528396606445,45.32144546508789,46.08797073364258,45.741153717041016,45.17655563354492,44.2824592590332,43.307926177978516,42.793235778808594,42.6614990234375,42.339134216308594,41.71453857421875,40.39923095703125,37.74287796020508,34.63166046142578,33.0037841796875,33.15215301513672,34.22537612915039,35.71550369262695,36.698795318603516,37.2403450012207,37.28679275512695,36.33464813232422,35.911983489990234,37.53277587890625
47.4644775390625,47.6959114074707,47.73665237426758,47.016719818115234,45.64752960205078,44.8762092590332,43.86845016479492,44.52259826660156,43.93122100830078,40.97074890136719,37.59025573730469,37.39577102661133,39.6180419921875,42.02735137939453,44.48817825317383,47.01266860961914,48.76271057128906,48.71704864501953,47.56654739379883,44.86017990112305,43.222896575927734,43.67454528808594,44.35918426513672,44.04832458496094,43.49482727050781,43.13029861450195,43.499454498291016,43.9779052734375,43.91413116455078,43.4334716796875,43.04408264160156,42.87589645385742,41.628387451171875,38.471920013427734,35.91816711425781,36.40833282470703,38.2880973815918,39.94873809814453,40.84865951538086,40.1188850402832,39.025352478027344,37.38154220581055,39.03556442260742,42.67574691772461
49.144710540771484,49.213775634765625,48.59211730957031,47.88746643066406,46.747562408447266,46.61712646484375,47.01276779174805,47.179229736328125,43.508949279785156,39.25065994262695,38.11741256713867,38.13444137573242,38.843719482421875,40.993690490722656,44.26316452026367,47.51736831665039,48.69387435913086,48.744258880615234,46.92932891845703,43.570091247558594,41.7883186340332,42.02936935424805,42.83967590332031,43.8560905456543,43.098899841308594,42.448734283447266,43.4263801574707,44.65085220336914,44.46522521972656,42.85960388183594,42.26694869995117,44.06755065917969,45.69622802734375,43.15240478515625,39.897483825683594,40.23942184448242,42.59623718261719,44.622276306152344,46.04644775390625,46.690372467041016,45.0269775390625,39.91669845581055,36.62983322143555,40.854732513427734
49.266414642333984,48.841957092285156,48.095787048339844,48.5372428894043,49.374874114990234,49.58445739746094,48.56603240966797,45.54896926879883,42.33661651611328,40.69739532470703,40.519493103027344,40.10532760620117,39.80283737182617,40.88610076904297,43.52153015136719,46.56108856201172,48.10466384887695,48.179141998291016,46.63462829589844,43.04024124145508,42.324825286865234,42.59159851074219,42.88163757324219,43.20989990234375,43.7799072265625,44.08104705810547,44.75263977050781,46.867008209228516,45.7091064453125,39.34104919433594,39.332157135009766,44.90599060058594,49.00436782836914,45.73045349121094,41.123287200927734,41.657596588134766,40.773582458496094,39.4570198059082,42.19586944580078,47.944679260253906,49.975807189941406,44.375125885009766,33.010250091552734,35.573638916015625
48.2899055480957,48.015968322753906,48.008514404296875,49.77649688720703,51.95087432861328,51.383548736572266,47.72512435913086,44.69404983520508,42.93981170654297,42.94615173339844,43.389408111572266,42.18691635131836,40.32666015625,39.861106872558594,41.9655647277832,45.34687423706055,47.367950439453125,47.496238708496094,45.55702209472656,43.34120178222656,43.363155364990234,43.527374267578125,43.61678695678711,44.067237854003906,45.27960968017578,46.32227325439453,46.963958740234375,48.32427215576172,48.27510070800781,45.77278137207031,44.72603225708008,46.50614547729492,48.35858917236328,47.441349029541016,43.890220642089844,42.95310974121094,45.90846633911133,49.60087203979492,52.684837341308594,52.866397857666016,50.46049880981445,44.96650695800781,44.49312210083008,48.17463302612305
47.59696960449219,47.81267166137695,48.329959869384766,50.4554557800293,52.37729263305664,50.117408752441406,46.246822357177734,45.45186233520508,45.17116928100586,44.7695198059082,44.62391662597656,43.426971435546875,42.244503021240234,42.76091384887695,44.87535858154297,46.69606018066406,46.64354705810547,45.56688690185547,43.63004684448242,42.99896240234375,44.059715270996094,44.50391387939453,44.577308654785156,44.73588562011719,45.32382583618164,46.20856857299805,47.385414123535156,48.45273971557617,48.29995346069336,47.16559982299805,46.53730392456055,46.49540710449219,47.010746002197266,47.30768585205078,46.11101531982422,45.25199508666992,47.075538635253906,49.62580871582031,51.00659942626953,50.798221588134766,48.84577941894531,45.43064498901367,45.40351104736328,46.51738739013672
48.17494201660156,47.73431396484375,47.958580017089844,48.831729888916016,50.658077239990234,48.47090148925781,45.92441177368164,45.44228744506836,45.16401290893555,44.8385124206543,44.87064743041992,44.96200180053711,45.060665130615234,45.62236785888672,46.7770881652832,47.1539421081543,46.08592987060547,44.44548797607422,42.98982238769531,41.8487434387207,43.165287017822266,44.486148834228516,44.43532943725586,43.50634765625,42.91206359863281,43.43153762817383,44.675636291503906,45.57903289794922,45.62665939331055,45.27976608276367,45.22896194458008,45.527950286865234,45.71257781982422,46.05631637573242,46.792911529541016,47.45356750488281,48.49848556518555,49.4765625,50.187896728515625,50.70133972167969,50.06372833251953,47.88174819946289,47.51034927368164,47.53181457519531
48.42919158935547,46.48175811767578,45.364013671875,46.742713928222656,48.900001525878906,47.31763458251953,45.09821701049805,44.269203186035156,43.7363395690918,43.589176177978516,43.77207946777344,44.36049270629883,45.02707290649414,45.894447326660156,46.790279388427734,46.65190124511719,45.61514663696289,44.167171478271484,42.545127868652344,41.505184173583984,42.31370544433594,43.75637435913086,43.54743957519531,42.53860855102539,41.92212677001953,41.62434768676758,41.59339904785156,41.774723052978516,42.27935791015625,43.11165237426758,43.853614807128906,44.659236907958984,45.266109466552734,45.51523208618164,46.05751037597656,47.12533187866211,48.68135070800781,50.48877716064453,51.97894287109375,52.750064849853516,52.60113525390625,51.70710754394531,51.08156967163086,50.219722747802734
