data/wind_data/wind_46_7.json
{"header": {"parameterUnit": "KT", "parameterCategory": 2, "nx": 256, "ny": 198, "lo1": 44.73521041870117, "la1": -3.236724853515625, "lo2": 111.26478576660156, "la2": 43.468475341796875, "dx": 0.2609002888202667, "dy": -0.23708222806453705, "refTime": "2025-02-20 22:00:00", "forecastTime": 0, "parameterNumber": 2, "parameterNumberName": "eastward_wind"}, "data":
[rows 100 to 119 of 198, columns 44 to 87 of 256]
87.88468170166016,87.76649475097656,87.25922393798828,87.1277084350586,87.529296875,88.02278137207031,88.54737091064453,89.5003890991211,90.95594024658203,92.29084777832031,92.6827621459961,91.73106384277344,89.60348510742188,87.31521606445312,86.1211929321289,86.24308776855469,86.86502838134766,87.22846984863281,87.18663024902344,86.94158172607422,86.72076416015625,86.6126937866211,86.63591766357422,86.8050765991211,87.10408020019531,87.48473358154297,87.88700103759766,88.1839599609375,88.15350341796875,87.66220092773438,86.80574798583984,85.78685760498047,84.74491882324219,83.80460357666016,83.1589584350586,82.98139953613281,83.2724838256836,83.81383514404297,84.24052429199219,84.17420196533203,83.45565795898438,82.27809143066406,81.0635757446289,80.22171020507812
88.81072235107422,88.86994171142578,88.42816925048828,88.16165161132812,88.64550018310547,89.70352172851562,91.03224182128906,92.51797485351562,93.80363464355469,94.19731903076172,93.30335235595703,90.999267578125,88.31295776367188,87.33311462402344,88.24806213378906,89.47518157958984,89.78618621826172,89.12884521484375,88.20782470703125,87.55977630615234,87.33476257324219,87.47069549560547,87.86111450195312,88.40632629394531,88.99420928955078,89.51898956298828,89.87153625488281,89.97979736328125,89.74635314941406,89.13471221923828,88.18490600585938,87.00064086914062,85.78787994384766,84.83953094482422,84.3944091796875,84.46912384033203,84.87470245361328,85.32318115234375,85.5014419555664,85.14915466308594,84.21332550048828,82.92345428466797,81.65812683105469,80.76227569580078
89.734130859375,89.76248931884766,89.4414291381836,89.23321533203125,89.96668243408203,91.78789520263672,94.13510131835938,95.75996398925781,95.19058990478516,93.48570251464844,91.87349700927734,90.1959457397461,89.65880584716797,90.98899841308594,92.12372589111328,91.7374267578125,90.53254699707031,89.40377044677734,88.7161865234375,88.51348114013672,88.6622085571289,89.00375366210938,89.47056579589844,90.03338623046875,90.62276458740234,91.14431762695312,91.44254302978516,91.39595031738281,90.97113800048828,90.22122955322266,89.20258331298828,88.00038146972656,86.82884216308594,85.98416900634766,85.6468734741211,85.7634048461914,86.08879852294922,86.32762908935547,86.24246978759766,85.69705200195312,84.73404693603516,83.55758666992188,82.40392303466797,81.49462127685547
90.0384292602539,89.9687271118164,89.88677978515625,90.1913833618164,91.76124572753906,94.83688354492188,97.45658874511719,96.25691986083984,93.09515380859375,91.70437622070312,92.03101348876953,92.65908813476562,93.41519927978516,93.61905670166016,92.7359848022461,91.53235626220703,90.68860626220703,90.31338500976562,90.24964904785156,90.34111785888672,90.48674011230469,90.67086791992188,90.96603393554688,91.40122985839844,91.91541290283203,92.37616729736328,92.57087707519531,92.35696411132812,91.77728271484375,90.97698974609375,90.02566528320312,88.94773864746094,87.89521789550781,87.1460189819336,86.86753845214844,86.96248626708984,87.1357650756836,87.12753295898438,86.80486297607422,86.13294219970703,85.21952056884766,84.27727508544922,83.4377670288086,82.7237548828125
89.55120086669922,89.32269287109375,89.94677734375,91.46765899658203,94.64102935791016,97.76493835449219,96.5172119140625,93.41034698486328,92.60892486572266,93.87224578857422,94.88951110839844,95.02598571777344,94.4666976928711,93.36981964111328,92.30325317382812,91.76787567138672,91.7390365600586,91.87335205078125,91.93013763427734,91.86524200439453,91.7708969116211,91.77239227294922,91.96674346923828,92.37730407714844,92.89144897460938,93.28118896484375,93.28406524658203,92.84532165527344,92.17585754394531,91.46294403076172,90.67578887939453,89.7271957397461,88.75495147705078,88.10865783691406,87.95452880859375,88.09104919433594,88.15531158447266,87.95469665527344,87.44171142578125,86.6344985961914,85.73751068115234,85.0387191772461,84.59268951416016,84.21314239501953
88.81829071044922,88.18180084228516,90.08719635009766,93.757080078125,96.41481018066406,95.85194396972656,94.06572723388672,93.82113647460938,95.09077453613281,96.19456481933594,96.2381362915039,95.53740692138672,94.50267028808594,93.48226165771484,92.85419464111328,92.77225494384766,92.96646118164062,93.12425231933594,93.05699920654297,92.7865982055664,92.50414276123047,92.43897247314453,92.69662475585938,93.206787109375,93.74107360839844,93.972412109375,93.66189575195312,92.96135711669922,92.22496795654297,91.60674285888672,91.0113754272461,90.3072509765625,89.58563232421875,89.10198974609375,88.96188354492188,88.97608184814453,88.90629577636719,88.6719970703125,88.1966552734375,87.4088363647461,86.52531433105469,85.93385314941406,85.69248962402344,85.50657653808594
88.38871765136719,87.77519226074219,90.64028930664062,93.87946319580078,94.48435974121094,94.09339904785156,94.40740966796875,95.3413314819336,96.24868774414062,96.54662322998047,96.28577423095703,95.75747680664062,95.04617309570312,94.3367919921875,93.9013442993164,93.8155517578125,93.91610717773438,93.93079376220703,93.69477081298828,93.31196594238281,93.0572280883789,93.13887786865234,93.55586242675781,94.10041046142578,94.4978256225586,94.48123168945312,93.91265106201172,93.02542877197266,92.23405456542969,91.6826171875,91.27593231201172,90.9185562133789,90.53599548339844,90.10798645019531,89.70588684082031,89.42650604248047,89.32237243652344,89.33110046386719,89.16581726074219,88.54541015625,87.6186752319336,86.92109680175781,86.62415313720703,86.43485260009766
88.08026123046875,88.25959014892578,89.95252227783203,91.87273406982422,93.36697387695312,94.34898376464844,94.83988952636719,95.23011016845703,95.75267028808594,96.23966217041016,96.3354263305664,95.98170471191406,95.39212799072266,94.8555908203125,94.55117797851562,94.49085235595703,94.5329360961914,94.4591064453125,94.14472961425781,93.75416564941406,93.62940216064453,93.92486572265625,94.47566986083984,94.99164581298828,95.23978424072266,95.06800842285156,94.41386413574219,93.50616455078125,92.69334411621094,92.09393310546875,91.71446990966797,91.53727722167969,91.29781341552734,90.76769256591797,90.13138580322266,89.77758026123047,89.86116027832031,90.1546630859375,90.1706771850586,89.5501480102539,88.4815902709961,87.64473724365234,87.3556900024414,87.23641204833984
87.46509552001953,88.11666107177734,89.18496704101562,90.91275024414062,92.89199829101562,94.09634399414062,94.4098129272461,94.56259155273438,95.02854919433594,95.72708129882812,96.2046127319336,96.06099700927734,95.40650177001953,94.76783752441406,94.49223327636719,94.50916290283203,94.59483337402344,94.57806396484375,94.44316101074219,94.34751892089844,94.53387451171875,95.0362777709961,95.59253692626953,95.94877624511719,96.03630065917969,95.79656982421875,95.15106201171875,94.27921295166016,93.48776245117188,92.87036895751953,92.43988037109375,92.18022155761719,91.81964874267578,91.2232894897461,90.67185974121094,90.51073455810547,90.69552612304688,90.8604507446289,90.59123992919922,89.72671508789062,88.65851593017578,88.07435607910156,88.18131256103516,88.21702575683594
87.03944396972656,87.90573120117188,89.26044464111328,90.70051574707031,92.0284652709961,93.13385009765625,93.91839599609375,94.4117431640625,94.80042266845703,95.21835327148438,95.60398864746094,95.75153350830078,95.5130844116211,95.01516723632812,94.58882141113281,94.42485809326172,94.45858001708984,94.55937194824219,94.7264404296875,95.05785369873047,95.65776062011719,96.30443572998047,96.62435150146484,96.56133270263672,96.30291748046875,95.94547271728516,95.46546173095703,94.91360473632812,94.35279083251953,93.67221069335938,92.91998291015625,92.39305114746094,92.07948303222656,91.77311706542969,91.55087280273438,91.4958724975586,91.39537048339844,90.93727111816406,90.09738159179688,89.17753601074219,88.6528091430664,88.77974700927734,89.23983764648438,89.0276870727539
87.28828430175781,88.33441925048828,89.81688690185547,90.76799011230469,91.39649963378906,92.31168365478516,93.50940704345703,94.4986343383789,94.9508285522461,94.89962005615234,94.69330596923828,94.77500915527344,95.12297821044922,95.31269073486328,95.14813995361328,94.87588500976562,94.73629760742188,94.82562255859375,95.20645904541016,95.91004180908203,96.81999206542969,97.42382049560547,97.3572769165039,96.7596664428711,96.02995300292969,95.59184265136719,95.48040008544922,95.42572784423828,95.0882568359375,94.23075866699219,93.17610168457031,92.59004974365234,92.52012634277344,92.47530364990234,92.29273223876953,92.01018524169922,91.48328399658203,90.48523712158203,89.41316986083984,88.90560150146484,89.11786651611328,89.70552825927734,89.9451675415039,89.13932800292969
87.43822479248047,88.52843475341797,90.03997039794922,90.73908233642578,90.97650146484375,91.62464904785156,92.91880798339844,94.2780990600586,94.97612762451172,94.78764343261719,94.11558532714844,93.68436431884766,93.93515014648438,94.7032241821289,95.41386413574219,95.72000122070312,95.76081848144531,95.8710708618164,96.27593994140625,97.07376861572266,97.92143249511719,98.25676727294922,97.84447479248047,96.76339721679688,95.6800765991211,95.24824523925781,95.35033416748047,95.5051040649414,95.3456802368164,94.70773315429688,93.85572052001953,93.24932861328125,92.94624328613281,92.65853118896484,92.28585052490234,91.91563415527344,91.35576629638672,90.36185455322266,89.48332214355469,89.29946899414062,89.56327819824219,89.83647918701172,89.74589538574219,88.88639068603516
87.81744384765625,88.51641082763672,89.68445587158203,90.17573547363281,90.43010711669922,91.193115234375,92.63236236572266,94.22429656982422,95.17593383789062,95.0047607421875,94.01786804199219,93.08634185791016,92.95143127441406,93.77996063232422,95.04376983642578,96.16993713378906,96.99730682373047,97.54681396484375,97.91136932373047,98.3051986694336,98.67316436767578,98.58541107177734,97.82057189941406,96.56485748291016,95.42141723632812,94.94561004638672,95.0229721069336,95.32974243164062,95.56836700439453,95.42671203613281,94.83230590820312,93.8995132446289,92.9124526977539,92.24888610839844,92.04280853271484,92.06726837158203,91.77479553222656,90.89996337890625,90.11831665039062,89.87674713134766,89.69825744628906,89.30055236816406,88.87999725341797,88.41938781738281
88.93370819091797,88.65886688232422,89.09455871582031,89.59781646728516,90.399169921875,91.7165756225586,93.35098266601562,94.80201721191406,95.47319793701172,95.12696075439453,94.24980926513672,93.6363296508789,93.55517578125,93.90028381347656,94.728515625,96.0588150024414,97.53337860107422,98.65713500976562,99.21892547607422,99.29751586914062,98.95082092285156,98.17147064208984,97.1785888671875,96.03241729736328,95.06269836425781,94.93054962158203,95.48066711425781,96.06690979003906,96.3660888671875,96.20601654052734,95.5043716430664,94.1958999633789,92.70975494384766,91.9289779663086,92.13104248046875,92.66244506835938,92.64055633544922,91.74557495117188,90.7454833984375,90.25675964355469,89.76050567626953,88.88495635986328,88.16172790527344,88.00074768066406
90.65467834472656,89.63536834716797,89.61997985839844,90.15247344970703,91.18609619140625,92.69584655761719,94.30828094482422,95.47932434082031,95.787353515625,95.4405746459961,95.06620025634766,94.8958969116211,94.68988037109375,94.53870391845703,94.95845794677734,96.22036743164062,97.77530670166016,98.98341369628906,99.6756820678711,99.70000457763672,99.042724609375,97.9977035522461,96.85546875,95.70478057861328,95.05778503417969,95.63465881347656,96.88843536376953,97.67977142333984,97.68949127197266,96.94535827636719,95.55133056640625,93.81060791015625,92.35546112060547,91.92228698730469,92.61188507080078,93.46685028076172,93.6042251586914,92.64904022216797,91.2298812866211,90.2612533569336,89.50447845458984,88.56281280517578,88.0011215209961,88.1276626586914
92.56071472167969,91.53253173828125,91.54183959960938,91.82373046875,92.55838012695312,93.94741821289062,95.39161682128906,96.19873809814453,96.28766632080078,96.17044067382812,96.20014190673828,96.14986419677734,95.70068359375,95.27733612060547,95.53459930419922,96.57867431640625,97.91781616210938,99.03805541992188,99.75563049316406,99.93434143066406,99.4559097290039,98.38756561279297,97.08699798583984,96.04826354980469,95.88217163085938,97.03348541259766,98.70474243164062,99.41447448730469,98.60741424560547,96.75031280517578,94.82557678222656,93.43998718261719,92.7042465209961,92.59736633300781,93.16995239257812,93.8973617553711,94.26963806152344,93.5472183227539,91.9210433959961,90.40071868896484,89.22038269042969,88.39759063720703,88.19454956054688,88.47074890136719
94.49541473388672,93.56661987304688,93.23857879638672,93.44082641601562,94.36668395996094,95.51753997802734,96.3700942993164,96.91946411132812,97.00801086425781,96.96074676513672,96.95320129394531,96.61063385009766,96.20132446289062,96.3309097290039,96.97926330566406,97.79261779785156,98.50788116455078,99.1161880493164,99.6602554321289,100.06432342529297,99.93212127685547,99.00480651855469,97.8145980834961,97.06218719482422,97.11851501464844,98.3653335571289,99.99446105957031,100.10379791259766,98.31170654296875,96.09176635742188,94.63612365722656,93.88692474365234,93.55928039550781,93.48153686523438,93.77074432373047,94.24808502197266,94.60221099853516,94.21345520019531,92.95874786376953,91.17648315429688,89.2823715209961,88.23265838623047,88.44168090820312,89.06665802001953
96.22078704833984,95.53239440917969,94.68048095703125,94.3532485961914,95.65027618408203,97.50288391113281,98.0058364868164,97.32906341552734,96.80791473388672,97.04846954345703,97.22726440429688,96.59257507324219,96.0804214477539,96.81851196289062,98.20816802978516,99.17910766601562,99.61376953125,99.87889099121094,100.07643127441406,100.04753875732422,99.68647766113281,99.13325500488281,98.82304382324219,98.6444320678711,98.36597442626953,98.82817077636719,99.73828887939453,99.3464584350586,97.72196197509766,96.29006958007812,95.40311431884766,94.66859436035156,94.12503051757812,94.07904052734375,94.39122772216797,94.64308166503906,94.74722290039062,94.53888702392578,93.65170288085938,91.8904037475586,89.80789184570312,88.82539367675781,89.27633666992188,89.77647399902344
97.49278259277344,96.75145721435547,95.61152648925781,95.60856628417969,97.56908416748047,99.10986328125,98.4997329711914,97.1821060180664,97.0911865234375,97.5494613647461,97.4371109008789,96.83518981933594,96.67565155029297,97.491943359375,98.57086944580078,99.1962661743164,99.62767791748047,100.06847381591797,100.11795043945312,99.67498779296875,99.17772674560547,99.17833709716797,99.88072204589844,100.2955093383789,99.63988494873047,98.99192810058594,98.89059448242188,98.36195373535156,97.37223052978516,96.59097290039062,95.88605499267578,95.03472900390625,94.3899154663086,94.38375091552734,94.83139038085938,95.08271789550781,94.93982696533203,94.53684997558594,93.78169250488281,92.3752670288086,90.6347427368164,89.79442596435547,90.18074035644531,90.39879608154297
98.7447280883789,97.9366455078125,96.13169860839844,95.90802001953125,98.6908950805664,101.50933074951172,99.73898315429688,96.06185150146484,95.67432403564453,97.71234130859375,98.0934829711914,96.762939453125,96.68184661865234,98.53534698486328,100.42408752441406,100.99588775634766,100.95096588134766,100.91449737548828,100.34567260742188,99.1901626586914,98.40685272216797,99.0949478149414,100.88624572753906,101.60211944580078,100.47296905517578,99.10420227050781,98.36095428466797,97.49533081054688,96.62097930908203,96.03767395019531,95.58598327636719,95.10053253173828,94.72366333007812,94.67893981933594,94.96707153320312,95.16813659667969,94.9543228149414,94.39749145507812,93.72664642333984,92.77651977539062,91.3554458618164,90.29458618164062,90.40445709228516,90.6368408203125
