data/wind_data/wind_67_7.json
{"header": {"parameterUnit": "KT", "parameterCategory": 2, "nx": 256, "ny": 198, "lo1": 44.73521041870117, "la1": -3.236724853515625, "lo2": 111.26478576660156, "la2": 43.468475341796875, "dx": 0.2609002888202667, "dy": -0.23708222806453705, "refTime": "2025-02-21 19:00:00", "forecastTime": 0, "parameterNumber": 2, "parameterNumberName": "eastward_wind"}, "data":
[rows 160 to 179 of 198, columns 132 to 175 of 256]
50.293521881103516,51.245052337646484,52.43967819213867,52.25680160522461,51.73548889160156,51.71656036376953,51.117034912109375,49.51789855957031,48.25290298461914,48.1151237487793,48.41029739379883,48.536643981933594,48.98075866699219,50.332401275634766,51.87855911254883,52.54590606689453,52.44076919555664,52.12493896484375,51.94613265991211,52.22545623779297,52.91626739501953,53.49714279174805,53.35552215576172,52.524539947509766,52.11137008666992,52.85870361328125,53.769466400146484,53.894474029541016,53.863304138183594,54.24510192871094,54.78315734863281,55.20637512207031,55.626285552978516,56.633277893066406,58.103965759277344,58.91271209716797,58.587806701660156,57.41064453125,56.196651458740234,56.07356262207031,57.11915588378906,58.13517761230469,57.55959701538086,55.25196075439453
49.375736236572266,50.311058044433594,51.804752349853516,51.63703536987305,51.211334228515625,51.24643325805664,50.497093200683594,49.08475875854492,48.148799896240234,47.949893951416016,47.95256423950195,48.11385726928711,48.99666213989258,50.19816207885742,50.840675354003906,51.29440689086914,51.83945083618164,51.902748107910156,51.702980041503906,52.07859420776367,52.87134552001953,53.22856140136719,53.045352935791016,52.80906677246094,52.84912872314453,53.14232635498047,53.20607376098633,53.08415222167969,53.535194396972656,54.235103607177734,54.36384201049805,53.91435241699219,53.837554931640625,54.703800201416016,55.90169143676758,56.489383697509766,56.11940383911133,55.02888107299805,54.09126281738281,54.123741149902344,54.858787536621094,54.910545349121094,53.78962326049805,52.33404541015625
49.2927131652832,49.51385498046875,50.7302131652832,50.80729293823242,50.64995574951172,50.731075286865234,49.91808319091797,48.63885498046875,48.14951705932617,48.284088134765625,48.21916198730469,48.05224609375,48.73888397216797,50.022499084472656,50.494537353515625,50.363494873046875,50.60898208618164,50.92377471923828,51.071998596191406,51.67241668701172,52.60874557495117,53.01771926879883,52.95549392700195,52.864383697509766,52.59162139892578,52.056636810302734,51.83839797973633,52.729103088378906,54.3056640625,54.76979446411133,53.587486267089844,52.23720169067383,52.0600700378418,52.644290924072266,53.35598373413086,53.84999465942383,53.73711395263672,53.197532653808594,52.54719161987305,52.27465057373047,52.51986312866211,51.89083480834961,50.82347869873047,50.08308410644531
49.895179748535156,48.805198669433594,49.23780059814453,49.64201736450195,49.65176010131836,49.562843322753906,49.12896728515625,48.47521209716797,48.145877838134766,48.22462463378906,48.253787994384766,48.193641662597656,48.762420654296875,49.921085357666016,50.398502349853516,49.98016357421875,49.69253921508789,49.73965835571289,49.815101623535156,50.309791564941406,51.39924621582031,52.611122131347656,53.430843353271484,53.056602478027344,51.51225662231445,50.223995208740234,50.81013107299805,53.17967987060547,54.88428497314453,53.735477447509766,51.244083404541016,50.204429626464844,50.61866760253906,50.891998291015625,50.947566986083984,51.397891998291016,51.82849884033203,51.79020309448242,51.33409118652344,50.66849899291992,50.26810836791992,49.079261779785156,47.589664459228516,47.36482620239258
50.54995346069336,48.590919494628906,47.760406494140625,47.75613784790039,48.150184631347656,48.50224685668945,48.35700607299805,47.95724105834961,47.81263732910156,47.95970916748047,48.20090866088867,48.536376953125,49.10551834106445,49.78365707397461,50.06565856933594,49.79007339477539,49.34706497192383,48.95306396484375,48.64020538330078,48.76182556152344,49.67186737060547,51.42219924926758,53.095848083496094,52.72611999511719,50.58894348144531,49.34416198730469,50.813724517822266,53.285648345947266,53.451602935791016,50.77212905883789,48.86426544189453,49.25746154785156,49.891231536865234,49.411643981933594,49.07390594482422,49.78158950805664,50.5522346496582,50.65214157104492,49.980712890625,48.7728157043457,47.70890426635742,46.5260009765625,45.278499603271484,44.99986267089844
50.549983978271484,48.440452575683594,47.122642517089844,46.781917572021484,46.929168701171875,47.2249870300293,47.41471481323242,47.4105339050293,47.42547607421875,47.70088195800781,48.24739074707031,48.86454772949219,49.343177795410156,49.587890625,49.58972930908203,49.403480529785156,49.04642105102539,48.50002670288086,47.98484802246094,47.94258117675781,48.594818115234375,49.9543342590332,51.5950813293457,51.712589263916016,49.96925735473633,48.9724235534668,50.51667785644531,52.19530487060547,51.22013854980469,48.89158248901367,48.10918045043945,48.74478530883789,48.78575134277344,47.773712158203125,47.67287826538086,48.87166213989258,49.66977310180664,49.31428909301758,48.08781051635742,46.58666229248047,45.16371154785156,44.36702346801758,44.37500762939453,44.60987854003906
50.10466766357422,48.64390563964844,47.298580169677734,46.50963592529297,46.284610748291016,46.395442962646484,46.57830810546875,46.68864059448242,46.86018371582031,47.328433990478516,48.06205749511719,48.77334213256836,49.25075149536133,49.465423583984375,49.4195442199707,49.08253860473633,48.503944396972656,47.89621353149414,47.59614181518555,47.797462463378906,48.36422348022461,49.22752380371094,50.23805618286133,50.329586029052734,49.09906005859375,48.499000549316406,49.63307189941406,50.56698226928711,49.7189826965332,48.20869827270508,47.44327163696289,47.64383316040039,47.398616790771484,46.26128387451172,46.40562438964844,47.95356750488281,48.6140022277832,47.580623626708984,45.928470611572266,44.556678771972656,43.63673782348633,43.19453430175781,43.527400970458984,44.69831466674805
49.41550827026367,48.68220901489258,47.697242736816406,46.6978759765625,46.01295852661133,45.79214096069336,45.84486389160156,45.951900482177734,46.19626998901367,46.75740051269531,47.55172348022461,48.35805892944336,49.034889221191406,49.47207260131836,49.467201232910156,48.91092300415039,48.04397201538086,47.36927032470703,47.27949142456055,47.72218704223633,48.287498474121094,48.83870315551758,49.34387969970703,49.27096939086914,48.37981033325195,47.84725570678711,48.4115104675293,48.95779037475586,48.43134689331055,47.374366760253906,46.7418212890625,46.8384895324707,46.41584014892578,45.15380859375,45.13682556152344,46.64607238769531,47.154876708984375,45.88522720336914,44.35206985473633,43.31545639038086,42.73186111450195,42.63884353637695,43.21982955932617,44.10655975341797
48.75629425048828,48.36304473876953,47.673431396484375,46.761112213134766,45.90043640136719,45.36054611206055,45.134002685546875,45.14676284790039,45.478118896484375,46.15898895263672,47.03738784790039,48.004940032958984,48.95682907104492,49.588035583496094,49.52772903442383,48.80839920043945,47.88587951660156,47.255374908447266,47.155555725097656,47.4421272277832,47.84046936035156,48.23133850097656,48.51065444946289,48.37228775024414,47.703067779541016,47.18177032470703,47.385963439941406,47.643131256103516,47.336830139160156,46.72286605834961,46.456214904785156,46.436195373535156,45.72193908691406,44.311100006103516,43.96077346801758,45.07511901855469,45.58344650268555,44.48141098022461,43.27062225341797,42.516536712646484,41.990257263183594,41.975887298583984,42.66819763183594,43.1608772277832
48.10494613647461,47.79449462890625,47.085227966308594,46.179996490478516,45.34519577026367,44.795780181884766,44.59294891357422,44.720970153808594,45.15983581542969,45.85837173461914,46.778446197509766,47.89475631713867,49.002864837646484,49.636165618896484,49.481353759765625,48.77836990356445,48.01335144042969,47.48686599731445,47.240413665771484,47.11493682861328,47.05509567260742,47.109275817871094,47.324867248535156,47.42706298828125,47.116493225097656,46.70167922973633,46.668853759765625,46.81604766845703,46.652347564697266,46.25508499145508,46.14031219482422,45.96238327026367,45.07607650756836,43.6712532043457,42.9918098449707,43.46083068847656,43.8433952331543,43.24451446533203,42.40486526489258,41.705013275146484,41.0793571472168,40.94584655761719,41.53499221801758,42.11743927001953
47.06146240234375,46.774810791015625,46.1826057434082,45.429569244384766,44.76347351074219,44.41773223876953,44.48704147338867,44.85987854003906,45.371585845947266,45.99359893798828,46.80757522583008,47.842044830322266,48.8403434753418,49.368309020996094,49.28331756591797,48.786720275878906,48.18911361694336,47.71088409423828,47.377811431884766,46.94694137573242,46.33827590942383,45.98857116699219,46.17953872680664,46.58094787597656,46.56883239746094,46.11747741699219,45.923431396484375,46.13327407836914,46.123287200927734,45.86857986450195,45.84102249145508,45.558006286621094,44.50171661376953,42.921607971191406,41.761627197265625,41.77156066894531,42.15293884277344,41.983299255371094,41.59996032714844,41.014583587646484,40.131343841552734,39.71358108520508,40.27934265136719,41.196651458740234
45.90699768066406,45.667293548583984,45.38051223754883,45.006011962890625,44.66378402709961,44.61220169067383,44.94221878051758,45.423484802246094,45.78232955932617,46.13933563232422,46.726112365722656,47.53750228881836,48.34520721435547,48.880496978759766,48.95618438720703,48.63739013671875,48.16850662231445,47.88447570800781,47.58102798461914,46.8339958190918,45.84362030029297,45.36117935180664,45.54918670654297,45.84335708618164,45.675514221191406,45.16277313232422,45.08551788330078,45.530242919921875,45.75697708129883,45.70842361450195,45.75520706176758,45.14989471435547,43.53549575805664,41.763763427734375,40.55781555175781,40.35801696777344,40.91912078857422,41.078468322753906,40.79953384399414,40.40835952758789,39.86801528930664,39.514644622802734,39.73421859741211,40.29800796508789
45.17259216308594,45.02372360229492,44.97279739379883,44.94965744018555,44.996543884277344,45.254947662353516,45.67046356201172,45.925472259521484,45.9672737121582,46.0235710144043,46.37689208984375,47.00926971435547,47.78644561767578,48.405094146728516,48.562618255615234,48.288665771484375,48.070457458496094,48.07627487182617,47.672000885009766,46.50892639160156,45.3298225402832,44.924560546875,45.083255767822266,45.10149383544922,44.61699295043945,44.11376190185547,44.41728210449219,45.27387619018555,45.66868591308594,45.5568733215332,45.22993850708008,44.180511474609375,42.400604248046875,40.800174713134766,40.036163330078125,39.70965576171875,39.859703063964844,40.25417709350586,40.472198486328125,40.443138122558594,40.082725524902344,39.49210739135742,39.05130386352539,38.86268615722656
44.83829879760742,44.76568603515625,44.847591400146484,45.10368347167969,45.50680923461914,45.93832015991211,46.19041061401367,46.070343017578125,45.813297271728516,45.72346115112305,45.93248748779297,46.54989242553711,47.481807708740234,48.21416473388672,48.34096908569336,48.19655990600586,48.185054779052734,48.03752136230469,47.12017822265625,45.69340133666992,44.79095458984375,44.687644958496094,44.66109848022461,44.21961212158203,43.5150146484375,43.239566802978516,44.05918884277344,45.288719177246094,45.64251708984375,44.97047805786133,44.012657165527344,42.9900016784668,41.81712341308594,40.707496643066406,40.188480377197266,40.002750396728516,39.823944091796875,39.77183151245117,40.147579193115234,40.393436431884766,39.83294677734375,38.77953338623047,37.87931823730469,37.338165283203125
44.7593879699707,44.823570251464844,45.0324821472168,45.430015563964844,45.947818756103516,46.32743453979492,46.27496337890625,45.89712142944336,45.55475997924805,45.421875,45.638755798339844,46.384090423583984,47.55009078979492,48.44169235229492,48.63705825805664,48.44765853881836,47.99895477294922,47.14925003051758,45.91925048828125,44.93715286254883,44.63623046875,44.57806396484375,44.11293029785156,43.24427032470703,42.540061950683594,42.72519302368164,44.006229400634766,45.213157653808594,45.10687255859375,43.99775314331055,42.97854995727539,42.47718811035156,42.151859283447266,41.53989791870117,40.88943862915039,40.51675796508789,40.15610885620117,39.66085433959961,39.446197509765625,39.3640251159668,38.895042419433594,38.02631759643555,37.22702407836914,36.95146942138672
44.708465576171875,45.01942443847656,45.43090057373047,45.9286003112793,46.329463958740234,46.40732192993164,46.08685302734375,45.55706787109375,45.15876007080078,45.11776351928711,45.56416702270508,46.472354888916016,47.79237365722656,48.77300262451172,48.947872161865234,48.34718322753906,47.181800842285156,45.94280242919922,45.0811882019043,44.73301696777344,44.67405700683594,44.299407958984375,43.38920974731445,42.39088439941406,41.970802307128906,42.56594467163086,43.835636138916016,44.506568908691406,44.115875244140625,43.31147003173828,42.83695602416992,42.89840316772461,43.035186767578125,42.52248764038086,41.4930419921875,40.538414001464844,39.84062194824219,39.161495208740234,38.73162841796875,38.58977127075195,38.42403030395508,38.20029830932617,38.00784683227539,37.9866828918457
44.61786651611328,45.265480041503906,45.89098358154297,46.38376998901367,46.55997085571289,46.28218078613281,45.67033386230469,44.98379898071289,44.661197662353516,44.8983154296875,45.47248077392578,46.41385269165039,47.66777038574219,48.668819427490234,48.819679260253906,48.003196716308594,46.60888671875,45.37046813964844,44.78129577636719,44.634315490722656,44.53627395629883,43.88224792480469,42.77775955200195,41.9465217590332,41.774810791015625,42.39041519165039,43.22208023071289,43.53246307373047,43.31250762939453,43.11097717285156,43.25872802734375,43.65757751464844,43.767032623291016,42.97341537475586,41.4713134765625,39.97023010253906,39.02872848510742,38.601051330566406,38.45431900024414,38.459712982177734,38.65134811401367,39.11326217651367,39.54054260253906,39.59281921386719
44.69647979736328,45.48343276977539,46.14988708496094,46.45306396484375,46.34184646606445,45.79200744628906,45.00681686401367,44.409793853759766,44.3388671875,44.720367431640625,45.16539764404297,45.8754997253418,46.980892181396484,48.023860931396484,48.49736785888672,48.04787063598633,46.76590347290039,45.370304107666016,44.554969787597656,44.34231185913086,44.18357467651367,43.620880126953125,42.65335464477539,41.954498291015625,41.628814697265625,41.89823913574219,42.55561447143555,42.98926544189453,43.01348114013672,43.10894012451172,43.569541931152344,44.116024017333984,44.019325256347656,42.796451568603516,41.119232177734375,39.70701217651367,38.832820892333984,38.473270416259766,38.512725830078125,38.780845642089844,39.38893508911133,40.29677963256836,40.93933868408203,40.92573165893555
44.92119216918945,45.462974548339844,45.84668731689453,45.83235549926758,45.48539733886719,44.91651153564453,44.34418487548828,44.12580490112305,44.226322174072266,44.3781852722168,44.63705825805664,45.21333312988281,46.186798095703125,47.315948486328125,48.24188995361328,48.2479133605957,47.01591491699219,45.370548248291016,44.383636474609375,44.0406379699707,43.74768829345703,43.46501159667969,42.89956283569336,42.111637115478516,41.42054748535156,41.412132263183594,42.07939910888672,42.69070816040039,42.93500518798828,43.299686431884766,43.73446273803711,43.97731399536133,43.62195587158203,42.564056396484375,41.39714050292969,40.40341567993164,39.555057525634766,39.05564880371094,39.21266555786133,39.82501983642578,40.48666763305664,41.053524017333984,41.49475860595703,41.57978439331055
45.3161506652832,45.38862991333008,45.185157775878906,44.792884826660156,44.39812469482422,44.07344436645508,43.82155227661133,43.78718566894531,43.85250473022461,43.91965866088867,44.33023452758789,45.00167465209961,45.59144973754883,46.38071060180664,47.52398681640625,47.98310852050781,46.94632339477539,45.32078170776367,44.410438537597656,43.86985397338867,43.30804443359375,43.1077880859375,42.91315841674805,42.1776237487793,41.313663482666016,41.20615768432617,41.941062927246094,42.59745788574219,43.01374053955078,43.456295013427734,43.54629898071289,43.383487701416016,42.97613525390625,42.618221282958984,42.303897857666016,41.70030975341797,40.8922004699707,40.59613037109375,41.07316207885742,41.55701446533203,41.448944091796875,41.089271545410156,41.01744842529297,41.16204071044922
