data/wind_data/wind_28_6.json
{"header": {"parameterUnit": "KT", "parameterCategory": 2, "nx": 256, "ny": 198, "lo1": 44.73521041870117, "la1": -3.236724853515625, "lo2": 111.26478576660156, "la2": 43.468475341796875, "dx": 0.2609002888202667, "dy": -0.23708222806453705, "refTime": "2025-02-20 04:00:00", "forecastTime": 0, "parameterNumber": 2, "parameterNumberName": "eastward_wind"}, "data":
[rows 120 to 139 of 198, columns 90 to 134 of 256]
92.54834747314453,91.31069946289062,90.01920318603516,88.99303436279297,88.26531982421875,87.61884307861328,86.99781036376953,86.52657318115234,86.19007110595703,85.84339141845703,85.46453857421875,85.0722427368164,84.61416625976562,84.08332824707031,83.56063079833984,83.13485717773438,82.86783599853516,82.81800079345703,83.07084655761719,83.57872009277344,84.052734375,84.16354370117188,83.89197540283203,83.56000518798828,83.46147918701172,83.47301483154297,83.20592498779297,82.63115692138672,82.1654052734375,82.16749572753906,82.68543243408203,83.32391357421875,83.47464752197266,83.3066177368164,82.9277114868164,81.93276977539062,80.55967712402344,79.01496887207031,77.25068664550781,75.83214569091797,75.66727447509766,76.63847351074219,77.70198822021484,78.27623748779297,78.38094329833984
92.51961517333984,91.29129791259766,89.52831268310547,87.84420776367188,86.7148666381836,86.05818176269531,85.62677764892578,85.34449005126953,85.1434326171875,84.9080810546875,84.5852279663086,84.18019104003906,83.65536499023438,83.04334259033203,82.4666748046875,82.07380676269531,81.96871185302734,82.18275451660156,82.65824890136719,83.32923126220703,84.051513671875,84.4822769165039,84.35211944580078,83.96575927734375,83.77873229980469,83.68032836914062,83.21703338623047,82.3861083984375,81.70558166503906,81.70806121826172,82.3309097290039,82.82102966308594,82.61683654785156,82.20791625976562,81.89199829101562,81.12390899658203,79.50503540039062,77.28594970703125,75.31224822998047,74.22599792480469,74.48638916015625,75.8198013305664,76.9595718383789,76.9872055053711,76.37098693847656
91.56417846679688,90.89190673828125,89.37313079833984,87.56981658935547,86.26827239990234,85.62432098388672,85.24099731445312,84.85736846923828,84.47520446777344,84.10247039794922,83.70494079589844,83.28709411621094,82.83291625976562,82.33232879638672,81.89915466308594,81.71416473388672,81.83995056152344,82.1871109008789,82.65882873535156,83.21299743652344,83.81372833251953,84.2295913696289,84.13408660888672,83.77362823486328,83.5743179321289,83.40390014648438,82.82124328613281,81.83012390136719,80.87663269042969,80.62849426269531,81.21863555908203,81.68991088867188,81.31521606445312,80.74404907226562,80.3879623413086,79.51411437988281,77.75739288330078,75.63907623291016,73.93267822265625,73.17166137695312,73.4898910522461,74.70195007324219,75.68628692626953,75.47566223144531,74.57955932617188
89.3621597290039,89.16039276123047,88.39456939697266,87.3538818359375,86.56718444824219,86.12186431884766,85.6827392578125,85.09198760986328,84.43161010742188,83.78193664550781,83.19894409179688,82.7547836303711,82.43524932861328,82.12261962890625,81.80323791503906,81.66095733642578,81.73406982421875,81.7961196899414,81.74700164794922,81.79483032226562,82.11695861816406,82.45590209960938,82.39849090576172,82.0877456665039,81.90303039550781,81.7163314819336,81.19886779785156,80.18277740478516,79.00447845458984,78.55150604248047,79.01445007324219,79.4040298461914,79.1338882446289,78.59806060791016,77.94466400146484,76.71104431152344,75.01345825195312,73.36683654785156,72.22166442871094,71.93505096435547,72.40335845947266,73.0751724243164,73.39607238769531,73.2596664428711,72.91991424560547
87.28899383544922,87.42416381835938,87.22881317138672,86.86256408691406,86.51634979248047,86.26793670654297,86.02491760253906,85.59215545654297,84.89806365966797,84.06867218017578,83.33650970458984,82.86833953857422,82.59153747558594,82.20611572265625,81.55077362060547,80.8234634399414,80.2412338256836,79.68342590332031,79.0085220336914,78.52201843261719,78.60563659667969,79.00926208496094,79.2146987915039,79.02192687988281,78.88801574707031,78.73220825195312,78.22056579589844,77.26661682128906,76.14979553222656,75.582763671875,75.75321197509766,76.13432312011719,76.09100341796875,75.57685852050781,74.5484848022461,73.25472259521484,71.9352035522461,70.7585220336914,70.0037841796875,70.04267883300781,70.6025161743164,70.80316925048828,70.398681640625,70.01142883300781,70.21862030029297
86.14620971679688,86.57621002197266,86.76952362060547,86.4946517944336,85.89617919921875,85.5534439086914,85.58333587646484,85.42098236083984,84.79586029052734,83.93639373779297,83.13729095458984,82.58877563476562,82.19194793701172,81.51925659179688,80.31780242919922,78.83026885986328,77.5073013305664,76.46002197265625,75.50896453857422,74.7593994140625,74.67192077636719,75.23390197753906,75.78849792480469,75.86289978027344,75.66091918945312,75.36234283447266,74.8056640625,73.90594482421875,72.91584777832031,72.34736633300781,72.39486694335938,72.69990539550781,72.6822509765625,72.07907104492188,70.84770202636719,69.52690887451172,68.482666015625,67.82597351074219,67.66829681396484,67.86693572998047,68.05841064453125,67.76541900634766,67.20791625976562,66.99610137939453,67.69564056396484
85.57904052734375,85.97301483154297,86.14543914794922,85.6007080078125,84.63542175292969,84.24773406982422,84.3703384399414,84.1472396850586,83.45401763916016,82.57118225097656,81.66806030273438,80.90678405761719,80.376708984375,79.75977325439453,78.6107177734375,77.02791595458984,75.52920532226562,74.3763198852539,73.36573028564453,72.38722229003906,71.97540283203125,72.41419219970703,73.1107177734375,73.32695007324219,73.00809478759766,72.57940673828125,72.0382308959961,71.19300842285156,70.22418975830078,69.61859130859375,69.48260498046875,69.59073638916016,69.50055694580078,68.90494537353516,67.77749633789062,66.53534698486328,65.59814453125,65.22682189941406,65.33633422851562,65.16494750976562,64.70028686523438,64.33338928222656,64.02316284179688,63.81088638305664,64.47545623779297
84.9256591796875,84.96128845214844,84.77356719970703,83.83890533447266,82.5233383178711,82.17861938476562,82.71263122558594,82.81795501708984,82.17908477783203,81.01167297363281,79.69398498535156,78.67627716064453,78.21609497070312,78.09265899658203,77.63470458984375,76.52020263671875,75.19476318359375,74.06903839111328,72.95903778076172,71.70008850097656,70.78084564208984,70.88801574707031,71.61019897460938,71.90090942382812,71.51396179199219,70.9947509765625,70.41976165771484,69.58930206298828,68.56875610351562,67.80816650390625,67.4726791381836,67.3930892944336,67.24439239501953,66.63712310791016,65.55612182617188,64.36370086669922,63.42255783081055,62.92253112792969,62.740577697753906,62.0887565612793,61.49471664428711,61.411293029785156,61.282508850097656,60.49057388305664,60.235313415527344
83.485595703125,83.47608184814453,83.02616119384766,81.71177673339844,80.0442886352539,79.73185729980469,81.52132415771484,83.16320037841797,82.94036102294922,81.06311798095703,78.78800964355469,77.17858123779297,76.49738311767578,76.63859558105469,76.94465637207031,76.60442352294922,75.58856201171875,74.39213562011719,73.21785736083984,71.90711212158203,70.68968963623047,70.31051635742188,70.78459167480469,71.11801147460938,70.81082153320312,70.25719451904297,69.68360137939453,68.89083862304688,67.89115142822266,67.04971313476562,66.54048156738281,66.1951904296875,65.71916198730469,65.01560974121094,64.16734313964844,63.25935745239258,62.3182373046875,61.406211853027344,60.40569305419922,59.46721649169922,59.02858352661133,57.789451599121094,56.39950942993164,53.53682327270508,48.77261734008789
81.62297821044922,82.04693603515625,81.64910125732422,80.27188110351562,78.28327941894531,77.03395080566406,79.57952880859375,84.29637908935547,85.65642547607422,82.88433837890625,79.07487487792969,76.44132232666016,75.33238983154297,75.2732925415039,75.67532348632812,75.94182586669922,75.69338989257812,74.91907501220703,73.75521087646484,72.29522705078125,70.83406066894531,70.00602722167969,70.05160522460938,70.33594512939453,70.25360107421875,69.86083984375,69.24838256835938,68.42817687988281,67.49124908447266,66.62175750732422,65.95523834228516,65.33229064941406,64.76560974121094,64.2035903930664,63.68583297729492,62.822357177734375,61.628440856933594,60.26145553588867,58.218994140625,58.2142219543457,55.36140823364258,53.7756233215332,52.08456039428711,37.29833984375,32.523033142089844
78.64456939697266,79.32532501220703,79.24182891845703,78.36620330810547,76.965087890625,75.10625457763672,76.41985321044922,83.59256744384766,87.84017181396484,85.25692749023438,80.27598571777344,76.62713623046875,74.93248748779297,74.56134796142578,74.60433959960938,74.62004089355469,74.68727111816406,74.70681762695312,74.24991607666016,73.03572082519531,71.38225555419922,70.0903549194336,69.66934204101562,69.77239227294922,69.83506774902344,69.60416412353516,68.95747375488281,68.07368469238281,67.10675811767578,66.25527954101562,65.56570434570312,64.85773468017578,64.23931884765625,63.795894622802734,63.321651458740234,62.377403259277344,60.95879364013672,58.893455505371094,57.00188446044922,56.838199615478516,53.74113082885742,52.50306701660156,45.53782272338867,36.524166107177734,41.437503814697266
74.81327819824219,75.58717346191406,76.50838470458984,76.41806030273438,75.51378631591797,73.95146942138672,73.58496856689453,81.12672424316406,88.47543334960938,87.51889038085938,82.28228759765625,77.80224609375,75.54824829101562,74.87939453125,74.46870422363281,73.90795135498047,73.72066497802734,74.01618957519531,74.2283935546875,73.68089294433594,72.23937225341797,70.55221557617188,69.48519897460938,69.23316192626953,69.352294921875,69.2552719116211,68.57335662841797,67.52571868896484,66.53592681884766,65.8496322631836,65.26920318603516,64.51274108886719,63.820068359375,63.23978805541992,62.396644592285156,60.89490509033203,59.15480422973633,57.80731201171875,56.11141586303711,55.09919738769531,53.24641418457031,52.16307067871094,48.50644302368164,46.39372253417969,50.75873947143555
73.4658203125,74.84175872802734,75.88633728027344,75.6856918334961,74.29673767089844,73.0905532836914,72.14667510986328,78.16753387451172,87.64061737060547,89.93994903564453,85.33335876464844,79.74284362792969,76.7054214477539,75.94245147705078,75.43396759033203,74.42716217041016,73.657958984375,73.58615112304688,73.83305358886719,73.72518157958984,72.83486938476562,71.20352935791016,69.56087493896484,68.75331115722656,68.69499969482422,68.54815673828125,67.78291320800781,66.6573486328125,65.67613983154297,64.93053436279297,64.3588638305664,63.85800552368164,63.18634033203125,62.30312728881836,61.248374938964844,59.87660217285156,58.43544387817383,57.268070220947266,55.37547302246094,54.332069396972656,53.06028366088867,51.891483306884766,49.07746887207031,37.81221389770508,37.96238708496094
69.96485900878906,73.54377746582031,75.01522064208984,75.5896987915039,75.09253692626953,73.83885192871094,73.42317962646484,76.71151733398438,84.66983795166016,90.73672485351562,89.25521850585938,83.23699951171875,78.63739776611328,76.94310760498047,76.2415771484375,75.32978057861328,74.39024353027344,73.76848602294922,73.44754028320312,73.12700653076172,72.50430297851562,71.27766418457031,69.59164428710938,68.27953338623047,67.72370910644531,67.38638305664062,66.55290222167969,65.40792083740234,64.29652404785156,63.46212387084961,62.95270919799805,62.410091400146484,61.8480224609375,61.488922119140625,60.01301574707031,58.04151916503906,56.42491912841797,55.9169921875,54.44736099243164,54.65563201904297,53.40177917480469,52.060691833496094,47.454803466796875,31.08692169189453,35.38093948364258
64.07140350341797,67.0972900390625,71.71949005126953,75.41841888427734,76.53514862060547,75.68003845214844,75.93499755859375,78.1961898803711,82.95548248291016,89.11229705810547,91.66055297851562,87.94024658203125,82.13123321533203,78.09239959716797,76.00093078613281,74.9351577758789,74.24990844726562,73.58293914794922,72.91249084472656,72.24542999267578,71.485595703125,70.41665649414062,68.93080139160156,67.40343475341797,66.39168548583984,65.81172943115234,64.91156768798828,63.73789978027344,62.4383430480957,61.54671096801758,61.14140319824219,60.6502685546875,60.459693908691406,60.34723663330078,58.91859817504883,56.760704040527344,55.575096130371094,55.38676834106445,54.8629150390625,54.505714416503906,53.48923110961914,51.269081115722656,48.960792541503906,40.01136779785156,40.189002990722656
65.06185150146484,64.89588928222656,67.690673828125,72.19837951660156,74.98194122314453,75.83043670654297,78.01300811767578,81.30583190917969,85.00554656982422,89.55133819580078,92.16360473632812,90.31275177001953,85.54670715332031,80.76351165771484,77.07098388671875,74.6808090209961,73.5288314819336,72.96820068359375,72.38956451416016,71.51364135742188,70.34814453125,69.07135009765625,67.64611053466797,66.11978149414062,65.00369262695312,64.24778747558594,63.22850799560547,61.80685806274414,60.51112747192383,59.630775451660156,58.782928466796875,58.119842529296875,58.47076416015625,58.21616744995117,57.61176681518555,55.973514556884766,55.82902526855469,55.53187942504883,54.78931427001953,53.54391098022461,52.03189468383789,50.59559631347656,49.940589904785156,49.223636627197266,49.63178634643555
66.8963851928711,65.00446319580078,65.88992309570312,70.22868347167969,73.26651000976562,72.96144104003906,75.02798461914062,80.7115478515625,86.12162017822266,90.03113555908203,91.74324798583984,90.14637756347656,86.3522720336914,82.40235900878906,78.8285903930664,75.96473693847656,74.15911102294922,72.9654541015625,71.78448486328125,70.37440490722656,68.85749053955078,67.36337280273438,65.77798461914062,64.3143539428711,63.227203369140625,62.21330642700195,61.06565856933594,59.70632553100586,58.126060485839844,56.57789993286133,56.03792190551758,56.23625564575195,56.85649871826172,56.77586364746094,55.718116760253906,53.813289642333984,54.17880630493164,54.29784393310547,54.10528564453125,53.04414367675781,51.60911178588867,51.679107666015625,52.27680587768555,53.41272735595703,55.0445556640625
68.643798828125,67.09647369384766,66.67549133300781,70.04495239257812,73.17741394042969,71.03544616699219,69.99945068359375,76.18539428710938,83.6835708618164,88.0120849609375,89.38278198242188,87.95357513427734,84.69181823730469,81.53499603271484,78.79286193847656,76.3530502319336,74.59815979003906,73.1355972290039,71.27156066894531,69.04342651367188,66.93828582763672,65.07575988769531,63.389705657958984,62.10684585571289,61.07390213012695,59.9404296875,58.1175537109375,56.272953033447266,54.419776916503906,52.223270416259766,50.830482482910156,50.78936004638672,53.73027801513672,53.63448715209961,50.954917907714844,51.23394012451172,51.335693359375,52.847625732421875,55.03515625,54.977054595947266,54.05260467529297,53.648441314697266,55.01831817626953,56.8947639465332,53.669715881347656
69.63829040527344,68.53604125976562,67.63519287109375,69.01573181152344,71.8836898803711,70.03788757324219,66.85307312011719,70.98757934570312,78.42902374267578,82.96827697753906,84.78759002685547,84.3241958618164,81.83814239501953,79.24647521972656,77.07386016845703,74.83784484863281,72.992919921875,71.50199890136719,69.54859924316406,66.92518615722656,64.22106170654297,61.8951530456543,60.10507583618164,59.139617919921875,58.23713684082031,56.676856994628906,54.664058685302734,50.577842712402344,46.98152542114258,45.67322540283203,45.5864372253418,46.851810455322266,47.53791809082031,48.03856658935547,50.46266174316406,51.0782356262207,49.754859924316406,51.2548713684082,54.384010314941406,56.06058120727539,56.079742431640625,55.43501663208008,55.91802978515625,53.16943359375,47.4145622253418
69.32168579101562,68.28256225585938,67.8817138671875,67.99059295654297,68.97265625,67.82444763183594,65.05504608154297,66.89363098144531,72.7955093383789,77.03290557861328,78.90515899658203,79.06707763671875,77.40796661376953,75.39138793945312,73.77778625488281,71.888671875,69.76721954345703,67.82195281982422,65.75074005126953,63.16040802001953,60.4185676574707,57.877830505371094,56.32648468017578,55.45046615600586,54.57514572143555,52.13274002075195,47.638572692871094,45.744911193847656,41.3983268737793,35.34027099609375,36.902122497558594,40.39348602294922,36.51072692871094,37.71308898925781,45.49085998535156,47.109283447265625,45.91154861450195,47.94965744018555,51.267208099365234,53.43508529663086,53.81808853149414,52.91543197631836,49.44469451904297,44.326148986816406,43.85250473022461
