data/wind_data/wind_37_1.json
{"header": {"parameterUnit": "KT", "parameterCategory": 2, "nx": 256, "ny": 198, "lo1": 44.73521041870117, "la1": -3.236724853515625, "lo2": 111.26478576660156, "la2": 43.468475341796875, "dx": 0.2609002888202667, "dy": -0.23708222806453705, "refTime": "2025-02-20 13:00:00", "forecastTime": 0, "parameterNumber": 2, "parameterNumberName": "eastward_wind"}, "data":
[rows 95 to 113 of 198, columns 0 to 42 of 256]
12.492840766906738,13.557169914245605,11.387456893920898,9.523786544799805,9.58684253692627,8.066590309143066,7.422449111938477,6.09519100189209,4.302828311920166,3.2739243507385254,3.5438826084136963,2.098393678665161,2.5612826347351074,2.5052127838134766,3.43994140625,4.001877784729004,5.0869140625,6.052652359008789,6.898930072784424,5.031432628631592,3.0226523876190186,1.1785041093826294,1.2206714153289795,0.6307405829429626,1.6679288148880005,2.2448337078094482,3.0800015926361084,4.082870006561279,4.796175479888916,5.26059627532959,5.960531711578369,4.825585842132568,6.758082389831543,4.676150321960449,3.275101661682129,1.7289472818374634,-0.7671146988868713,2.5521767139434814,-4.012791156768799,-1.4303666353225708,-1.2714416980743408,0.4118472933769226,-0.12082359194755554
14.052841186523438,15.852850914001465,14.056975364685059,11.697161674499512,9.65867805480957,8.815191268920898,6.4747138023376465,6.436469554901123,3.664796829223633,2.1691606044769287,3.5964713096618652,2.6281986236572266,2.5368900299072266,1.8637809753417969,2.516948699951172,3.005739212036133,3.712514638900757,4.137906551361084,4.5766825675964355,3.0813114643096924,1.8600447177886963,0.7654668688774109,0.7048293948173523,0.10304291546344757,1.194664716720581,2.0990607738494873,3.443830966949463,4.260202884674072,5.285202980041504,5.009214878082275,6.263760089874268,5.0010905265808105,6.8160600662231445,6.06454610824585,4.160545825958252,3.0690712928771973,-0.27768218517303467,2.9287333488464355,-2.7868282794952393,-0.8102571368217468,-0.7376735806465149,1.3683338165283203,-0.4586629569530487
15.510663032531738,16.89098358154297,16.157276153564453,14.489526748657227,12.827027320861816,10.125020980834961,8.026670455932617,7.821030139923096,7.082266807556152,3.384612798690796,3.3391501903533936,2.981679677963257,2.3704187870025635,1.9233222007751465,1.8326162099838257,2.256619691848755,2.725567579269409,2.5403366088867188,2.5027987957000732,1.867281198501587,1.3466475009918213,0.5149363279342651,0.15418340265750885,-0.1977786123752594,0.8789847493171692,1.766559362411499,3.198258638381958,3.6328654289245605,5.128781795501709,4.558802127838135,6.631532192230225,5.120762348175049,7.159237384796143,6.922907829284668,5.49793815612793,4.083845615386963,0.9793078303337097,2.9162399768829346,-1.2350287437438965,-0.3280538320541382,-0.4666808545589447,1.9347060918807983,-1.0598520040512085
15.860818862915039,16.588926315307617,17.199007034301758,17.51909065246582,15.685997009277344,12.963118553161621,10.938724517822266,9.008169174194336,7.669613838195801,5.6925950050354,4.290156364440918,3.2780356407165527,2.9250407218933105,2.618529796600342,1.8473297357559204,1.9014596939086914,2.0338680744171143,1.6422348022460938,1.075701355934143,0.792397677898407,0.23543259501457214,-0.0630851611495018,-0.3759334981441498,-0.10242732614278793,0.7686301469802856,1.2139561176300049,2.368372917175293,2.7027313709259033,4.80987024307251,4.298764228820801,6.9215006828308105,5.168981075286865,6.817252159118652,8.066717147827148,6.267323017120361,5.240902423858643,2.3496158123016357,3.1003057956695557,-0.21746376156806946,0.5322445631027222,0.043712273240089417,1.9062670469284058,-1.7868493795394897
15.675187110900879,16.49646759033203,17.06985092163086,18.112873077392578,16.957313537597656,15.81651496887207,14.653329849243164,11.180184364318848,9.691272735595703,6.041512489318848,5.073599815368652,3.427419900894165,2.7102954387664795,2.864048480987549,2.454232692718506,1.9650464057922363,1.98281991481781,1.1907947063446045,1.243485450744629,-0.13415440917015076,-0.23581115901470184,-0.5096669793128967,-0.13352961838245392,0.30270516872406006,0.896370530128479,0.8047032952308655,1.8889555931091309,2.3314969539642334,4.825882434844971,4.323424339294434,6.611295700073242,4.679210662841797,5.976286888122559,8.265588760375977,7.524072170257568,5.608178615570068,3.4631175994873047,3.664118766784668,1.269201397895813,0.7408811450004578,1.1734639406204224,1.2158713340759277,-1.8020588159561157
15.244267463684082,16.20389747619629,16.431169509887695,17.15499496459961,16.680953979492188,17.376602172851562,16.827552795410156,14.59913444519043,10.419511795043945,6.512278079986572,5.053868293762207,5.338512420654297,1.5392930507659912,4.967426776885986,1.325555682182312,2.8601653575897217,0.3845154941082001,2.345991611480713,0.9103642106056213,1.1250673532485962,-0.2140677124261856,-0.5767987370491028,-0.15068839490413666,0.22856302559375763,0.5678157806396484,0.6411476731300354,1.7959461212158203,2.6326961517333984,5.051083564758301,4.890851020812988,6.347708225250244,5.109982490539551,5.492125988006592,7.528086185455322,7.807203769683838,5.777615547180176,4.439692497253418,4.22429895401001,2.9135427474975586,1.1446583271026611,3.260805130004883,-0.2430132031440735,-0.5906028747558594
16.14508628845215,16.488962173461914,16.560827255249023,16.71205711364746,16.49759864807129,17.40797233581543,17.422971725463867,17.026281356811523,13.022536277770996,8.815725326538086,5.942218780517578,7.279093265533447,1.9140443801879883,6.037732124328613,1.2292699813842773,3.9946465492248535,-0.10060052573680878,3.1816039085388184,0.35949477553367615,1.9069660902023315,-0.5814844965934753,-0.43872299790382385,-0.7541885375976562,-0.5015355348587036,-0.49050915241241455,-0.035174399614334106,1.2071622610092163,2.7699341773986816,4.787525177001953,5.521519660949707,6.262359619140625,5.7726898193359375,6.027129650115967,6.410842418670654,8.188382148742676,5.5541605949401855,5.2465081214904785,4.020226955413818,4.475330352783203,1.0860228538513184,5.224869251251221,-0.472535103559494,-0.29414767026901245
16.21721839904785,16.693105697631836,16.893814086914062,16.942657470703125,15.98480224609375,16.998188018798828,17.162792205810547,18.031328201293945,15.564794540405273,11.868268966674805,8.11235237121582,8.433666229248047,3.6305410861968994,6.227931499481201,2.5976436138153076,4.531221389770508,1.1573203802108765,2.740817070007324,0.6246314644813538,1.362955927848816,-0.8538616299629211,-1.2399210929870605,-1.13034188747406,-1.3608325719833374,-1.7916183471679688,-1.1573835611343384,0.26870912313461304,2.417301893234253,4.30336332321167,5.234969615936279,6.707949638366699,6.232453346252441,7.158853530883789,5.889798164367676,8.19776439666748,7.009393215179443,5.99544620513916,4.033407211303711,6.001125335693359,1.174375057220459,6.131723403930664,-0.06572385877370834,-1.2739174365997314
15.501668930053711,16.626283645629883,17.086732864379883,17.15790557861328,16.180187225341797,16.033111572265625,17.352996826171875,18.17823028564453,17.212778091430664,15.130325317382812,11.355156898498535,9.439131736755371,4.929474353790283,6.553207874298096,5.010079860687256,4.3366618156433105,1.8253514766693115,1.7703875303268433,0.7747378349304199,0.741431713104248,-0.5899637341499329,-1.2779474258422852,-1.9253339767456055,-2.266389846801758,-2.413844347000122,-2.0777382850646973,-0.3858988583087921,1.1238608360290527,3.2143161296844482,4.599093914031982,5.966894626617432,5.986011981964111,7.516695976257324,6.591283321380615,7.318812847137451,8.190671920776367,7.768337249755859,3.9362127780914307,6.330260753631592,1.3748068809509277,5.471738815307617,-0.7108273506164551,-1.882019281387329
16.64002227783203,16.98367691040039,16.972318649291992,16.995147705078125,16.46963882446289,15.545650482177734,17.16912841796875,18.36575698852539,17.54861831665039,16.160980224609375,14.20450496673584,12.204612731933594,5.604334354400635,6.4583330154418945,7.291961193084717,4.21575403213501,1.7219022512435913,0.3790953755378723,1.4799480438232422,0.5731005072593689,-0.40751707553863525,-1.3725918531417847,-2.49556303024292,-3.030022621154785,-3.887611150741577,-3.188206195831299,-2.6278765201568604,-0.7783797979354858,0.5218314528465271,3.717731475830078,4.517070770263672,4.811122894287109,6.022345066070557,6.298361301422119,5.983059406280518,7.134199619293213,7.033283233642578,3.5162696838378906,5.761424541473389,1.1046180725097656,4.077734470367432,-1.6794652938842773,-0.3515104055404663
18.464370727539062,17.136669158935547,17.25617790222168,16.83106803894043,16.707834243774414,15.364706993103027,16.700096130371094,18.363683700561523,17.450088500976562,16.332637786865234,14.869022369384766,14.450237274169922,8.305073738098145,6.515214920043945,9.28030776977539,5.095253944396973,1.854948878288269,0.3814004361629486,0.9569763541221619,-2.08717942237854,-1.9650471210479736,-2.549705982208252,-3.07602858543396,-4.5567240715026855,-4.765573978424072,-5.266684532165527,-6.282244682312012,-6.612596035003662,-4.573925495147705,0.10409028828144073,4.008615970611572,4.023411273956299,4.120060920715332,5.3170905113220215,5.4854841232299805,5.730510234832764,5.275683403015137,3.1403393745422363,4.924719333648682,0.20272408425807953,3.2926716804504395,-0.8192223310470581,1.2436937093734741
17.311248779296875,16.86966896057129,17.795398712158203,17.038990020751953,16.230411529541016,15.386069297790527,15.683008193969727,18.35009002685547,16.69013214111328,15.874228477478027,14.888739585876465,16.41777801513672,11.369354248046875,7.120240688323975,9.929024696350098,5.740686893463135,2.1696596145629883,0.9858683943748474,-0.6169891357421875,-4.472931861877441,-4.569990634918213,-5.0672502517700195,-4.368866920471191,-4.804588794708252,-5.845911502838135,-7.1383867263793945,-7.744396686553955,-7.632493495941162,-7.936476707458496,-5.833752632141113,-5.108292102813721,-4.6784234046936035,-4.631570816040039,-3.7007362842559814,-3.0075762271881104,-1.5090779066085815,0.24430479109287262,1.1268926858901978,3.677135467529297,0.4662008285522461,3.7258012294769287,0.9240930080413818,2.916832447052002
16.78360939025879,16.67926788330078,17.479999542236328,17.22951889038086,16.2231502532959,15.954461097717285,15.074258804321289,18.192148208618164,16.560285568237305,14.97435188293457,14.66578483581543,16.696224212646484,14.241121292114258,8.513177871704102,10.819249153137207,6.72466516494751,1.7658041715621948,2.261575698852539,-1.7814828157424927,-3.0017824172973633,-5.151534080505371,-6.467264175415039,-6.776454925537109,-6.2601423263549805,-8.13190746307373,-9.649421691894531,-8.555907249450684,-8.388473510742188,-8.481772422790527,-6.899286270141602,-10.671540260314941,-11.179099082946777,-9.88378620147705,-8.133240699768066,-7.2591986656188965,-5.834652900695801,-4.484976291656494,-0.47541582584381104,1.9724467992782593,1.0871410369873047,3.5861284732818604,3.5537149906158447,2.104031801223755
16.529380798339844,16.939437866210938,17.471750259399414,17.34383201599121,17.047788619995117,16.138538360595703,15.683677673339844,17.764318466186523,16.594144821166992,14.719785690307617,14.27474308013916,15.494070053100586,15.733872413635254,10.097868919372559,11.639657020568848,6.985159873962402,1.5847549438476562,1.9951077699661255,-2.2728545665740967,-2.268392324447632,-4.06695556640625,-6.015206813812256,-7.24027156829834,-7.909809112548828,-9.054319381713867,-12.824131965637207,-8.602766036987305,-3.9898808002471924,-9.142675399780273,-8.906814575195312,-8.866765975952148,-9.72146987915039,-10.204955101013184,-7.346380233764648,-6.005455493927002,-3.970315456390381,-3.9639737606048584,-4.860447406768799,-2.3333845138549805,3.509145498275757,3.029437780380249,3.667529821395874,5.183696746826172
15.394341468811035,16.412107467651367,16.929664611816406,17.193222045898438,17.387937545776367,15.99612808227539,16.37789535522461,16.646053314208984,17.37348175048828,15.311058044433594,14.501575469970703,14.727654457092285,16.783878326416016,11.318203926086426,12.87469482421875,6.100704193115234,1.1810624599456787,1.6585568189620972,-2.2724814414978027,-2.1402814388275146,-4.555854797363281,-5.808416366577148,-7.344311714172363,-7.425777912139893,-8.985538482666016,-12.547590255737305,-9.13504409790039,-7.11773157119751,-9.601377487182617,-8.482095718383789,-10.093859672546387,-9.179710388183594,-8.788026809692383,-6.719849109649658,-5.226233959197998,-3.928988456726074,-2.1439361572265625,-2.710808753967285,-4.810819625854492,-1.7570319175720215,4.386805534362793,5.565769672393799,4.180027961730957
14.74462604522705,15.552633285522461,16.527297973632812,17.073001861572266,16.610305786132812,17.20600700378418,17.480274200439453,17.930553436279297,17.720582962036133,16.52904510498047,16.617965698242188,14.748706817626953,16.46762466430664,11.171183586120605,14.289098739624023,6.381493091583252,1.333214282989502,0.16924503445625305,-1.0433248281478882,-2.5962729454040527,-4.793932914733887,-6.456621170043945,-7.13954496383667,-7.686267375946045,-9.1455717086792,-12.568062782287598,-10.380937576293945,-7.59984827041626,-8.22025203704834,-10.01306438446045,-10.526705741882324,-9.917010307312012,-9.041114807128906,-8.181010246276855,-6.444093227386475,-4.248157501220703,-2.459127902984619,-2.0900163650512695,-3.722841262817383,-4.507228374481201,-2.065831422805786,5.246789455413818,6.983856201171875
14.471212387084961,15.537914276123047,16.020814895629883,15.987173080444336,16.432727813720703,17.168437957763672,16.793384552001953,17.677017211914062,17.76580238342285,17.342479705810547,17.831037521362305,15.923910140991211,16.680349349975586,11.717809677124023,14.653242111206055,9.409701347351074,1.728053331375122,-0.8810422420501709,-0.5555773973464966,-2.7880630493164062,-4.756025314331055,-7.029578685760498,-8.34421157836914,-6.971806526184082,-7.277989387512207,-12.307806968688965,-10.973010063171387,-10.897525787353516,-4.892971992492676,-7.482522487640381,-8.409646034240723,-9.767327308654785,-8.717209815979004,-8.271225929260254,-6.588084697723389,-6.513800144195557,-5.605443000793457,-3.523127555847168,-2.711491584777832,-3.4041712284088135,-3.216975450515747,-0.823302149772644,-0.056705132126808167
14.11195182800293,15.38235855102539,15.434759140014648,15.403776168823242,15.763348579406738,16.59365463256836,16.61797332763672,16.195655822753906,17.040102005004883,17.72920799255371,16.729032516479492,16.102380752563477,16.17257308959961,12.828639030456543,15.042668342590332,11.23766803741455,3.1907145977020264,-0.017844276502728462,-0.46370869874954224,-2.527754783630371,-4.830289363861084,-7.124461650848389,-7.9163336753845215,-6.938838481903076,-6.517424583435059,-12.049012184143066,-11.191951751708984,-11.464948654174805,-6.726870536804199,-6.453110694885254,-6.291353225708008,-9.562750816345215,-10.120695114135742,-9.648041725158691,-8.208978652954102,-7.673439979553223,-7.792425155639648,-7.447282314300537,-5.1940765380859375,-3.2650575637817383,-3.745144844055176,-4.933264255523682,-13.757661819458008
13.400973320007324,13.780580520629883,14.503536224365234,15.166180610656738,15.901568412780762,16.249679565429688,16.118206024169922,16.661630630493164,17.07585906982422,17.436494827270508,16.182737350463867,16.189292907714844,15.560334205627441,13.47110366821289,16.430675506591797,11.53661060333252,4.777439594268799,0.90385502576828,0.025222009047865868,-2.561462879180908,-4.563021659851074,-7.39401912689209,-7.750825881958008,-2.6762948036193848,-6.889989376068115,-12.764488220214844,-10.133785247802734,-10.620523452758789,-9.951744079589844,-8.397610664367676,-5.379579544067383,-5.979974269866943,-9.570995330810547,-9.62619686126709,-9.025627136230469,-8.998671531677246,-10.111223220825195,-10.741771697998047,-9.547674179077148,-7.009427070617676,-4.714937210083008,-4.8009352684021,-9.97812557220459
