data/wind_data/wind_61_5.json
{"header": {"parameterUnit": "KT", "parameterCategory": 2, "nx": 256, "ny": 198, "lo1": 44.73521041870117, "la1": -3.236724853515625, "lo2": 111.26478576660156, "la2": 43.468475341796875, "dx": 0.2609002888202667, "dy": -0.23708222806453705, "refTime": "2025-02-21 13:00:00", "forecastTime": 0, "parameterNumber": 2, "parameterNumberName": "eastward_wind"}, "data":
[rows 133 to 151 of 198, columns 88 to 131 of 256]
52.8317985534668,54.73368453979492,50.52567672729492,45.08309555053711,41.540740966796875,39.73057174682617,39.739776611328125,38.93805694580078,31.11264419555664,22.86781120300293,25.305492401123047,24.806156158447266,24.55254554748535,24.94960594177246,25.323530197143555,25.86688995361328,27.343509674072266,28.96662139892578,29.415761947631836,28.83054542541504,28.292858123779297,28.38431167602539,28.818153381347656,29.148193359375,29.254886627197266,29.34207534790039,29.746435165405273,30.377695083618164,30.998497009277344,31.585350036621094,32.166175842285156,32.741973876953125,33.24180603027344,33.62913131713867,33.7052001953125,32.68581771850586,30.84288215637207,29.151321411132812,28.44548797607422,28.854448318481445,31.142038345336914,33.91825485229492,36.18979263305664,37.136817932128906
54.57138442993164,57.53676223754883,58.719146728515625,54.87453079223633,48.61000442504883,45.538055419921875,45.150489807128906,44.578208923339844,37.44141387939453,29.536100387573242,33.725948333740234,33.908409118652344,32.818565368652344,31.290739059448242,29.96027183532715,29.64088249206543,30.293392181396484,31.17478370666504,31.240835189819336,30.765777587890625,30.544025421142578,30.692106246948242,30.899778366088867,30.979761123657227,30.876264572143555,30.719539642333984,30.811330795288086,31.170490264892578,31.593547821044922,31.902767181396484,32.08639907836914,32.29390335083008,32.50946044921875,32.475032806396484,32.03500747680664,30.689453125,28.899534225463867,27.901288986206055,28.47208595275879,30.5904598236084,32.767879486083984,35.12656021118164,37.585655212402344,36.62138366699219
58.4619026184082,60.300594329833984,61.43564224243164,59.690696716308594,56.66890335083008,54.70721435546875,54.88105010986328,55.71821975708008,50.54485321044922,40.832157135009766,43.23512268066406,41.7247428894043,36.83418273925781,32.73020935058594,31.13896942138672,31.387557983398438,31.869617462158203,31.59190559387207,30.931957244873047,30.781696319580078,31.164602279663086,31.55459213256836,31.666257858276367,31.518672943115234,31.215024948120117,30.936771392822266,30.936309814453125,31.125276565551758,31.309955596923828,31.358253479003906,31.245817184448242,31.026134490966797,30.730215072631836,30.191967010498047,29.46463394165039,28.69440460205078,28.476648330688477,29.554672241210938,31.177234649658203,32.8871955871582,33.719242095947266,34.547576904296875,36.82390594482422,37.56406784057617
60.128780364990234,61.74568176269531,62.479408264160156,61.85871505737305,60.9515495300293,61.253028869628906,60.893001556396484,61.422481536865234,59.2368278503418,54.310909271240234,54.23991775512695,45.52098846435547,35.63975143432617,31.566177368164062,31.303285598754883,31.22575569152832,30.624069213867188,29.823755264282227,29.579158782958984,30.04829978942871,30.615901947021484,30.827421188354492,30.79501724243164,30.597301483154297,30.21709632873535,29.929149627685547,30.02879524230957,30.338674545288086,30.58388328552246,30.468189239501953,29.98949432373047,29.319446563720703,28.569795608520508,27.801755905151367,26.962007522583008,27.061660766601562,29.496442794799805,32.67430877685547,33.8586540222168,33.697227478027344,32.6262321472168,35.422340393066406,40.85730743408203,44.934024810791016
57.64240646362305,59.47456741333008,60.73893737792969,61.93245315551758,62.839027404785156,65.07709503173828,65.02469635009766,67.42838287353516,63.212738037109375,60.880863189697266,53.69795227050781,39.541229248046875,31.063385009765625,29.699993133544922,28.799789428710938,27.009511947631836,26.3088436126709,27.150012969970703,28.514556884765625,29.38555908203125,29.476606369018555,29.133922576904297,28.786989212036133,28.477703094482422,28.24416732788086,28.340906143188477,28.85135841369629,29.437978744506836,29.693437576293945,29.314228057861328,28.51926612854004,27.639249801635742,26.620407104492188,25.608545303344727,25.03940773010254,26.28287124633789,29.351425170898438,32.51755905151367,33.680137634277344,34.45458221435547,36.58669662475586,39.9190673828125,42.67190933227539,44.619407653808594
55.0824089050293,56.15658950805664,57.05099105834961,58.75042724609375,59.99013137817383,62.56718063354492,64.01221466064453,67.13890075683594,65.4924087524414,63.51878356933594,52.67151641845703,40.71601104736328,34.32784652709961,29.050222396850586,23.517099380493164,20.70431137084961,21.48539924621582,23.881792068481445,25.871702194213867,26.67152976989746,26.626636505126953,26.3010196685791,26.08412742614746,26.097740173339844,26.4002628326416,27.008102416992188,27.807361602783203,28.35296058654785,28.147579193115234,27.252796173095703,26.335256576538086,25.51943588256836,25.009220123291016,24.562711715698242,24.420862197875977,25.827064514160156,28.89247703552246,31.769935607910156,33.81306457519531,35.845611572265625,38.152313232421875,40.72395706176758,43.440956115722656,44.83348083496094
53.16597366333008,53.49207305908203,53.9069709777832,54.5980110168457,55.635799407958984,55.4559211730957,56.6061897277832,60.81956481933594,62.98509979248047,57.51641845703125,45.38410949707031,37.81478500366211,32.75907897949219,26.569927215576172,22.17567253112793,20.77063751220703,21.041521072387695,22.06667137145996,23.21416664123535,23.921344757080078,24.029462814331055,23.90850257873535,24.154516220092773,24.796951293945312,25.48809242248535,26.08634376525879,26.512226104736328,26.392534255981445,25.458730697631836,24.39884376525879,24.207651138305664,24.53609848022461,24.903684616088867,24.963825225830078,24.381837844848633,25.80785369873047,29.199220657348633,32.50490188598633,34.813453674316406,37.276771545410156,38.936588287353516,40.76069641113281,43.40718460083008,45.36745834350586
51.265953063964844,51.552860260009766,51.54386901855469,51.452919006347656,50.9886474609375,51.713436126708984,52.922645568847656,53.14327621459961,53.37750244140625,48.32781982421875,40.98285675048828,35.08918762207031,29.791662216186523,25.648422241210938,23.440290451049805,22.50164031982422,22.17603874206543,22.076562881469727,22.10190773010254,22.19139289855957,22.245525360107422,22.636425018310547,23.483388900756836,24.3803653717041,24.80880355834961,24.740468978881836,24.367992401123047,23.527633666992188,22.740604400634766,22.775550842285156,23.697500228881836,24.631521224975586,24.893943786621094,23.773038864135742,24.631906509399414,25.975942611694336,28.337696075439453,32.43133544921875,35.86899185180664,39.22467041015625,39.6713981628418,40.32612991333008,42.87405014038086,44.20085144042969
49.40629196166992,49.73301696777344,49.58511734008789,48.3325080871582,48.72874069213867,50.52665328979492,48.34478759765625,45.46733856201172,43.91456985473633,40.24313735961914,34.91841506958008,30.80767059326172,27.97382164001465,25.812469482421875,24.090726852416992,22.93991470336914,22.305387496948242,21.955947875976562,21.707075119018555,21.45035171508789,21.535409927368164,22.09556770324707,22.919694900512695,23.458267211914062,23.33331871032715,22.640161514282227,21.916791915893555,21.385540008544922,21.467327117919922,22.19649314880371,22.909427642822266,23.200668334960938,23.07966423034668,23.01247787475586,22.501678466796875,21.59874153137207,23.89211082458496,32.273292541503906,40.62162780761719,44.16339874267578,42.27772903442383,40.60824966430664,41.512935638427734,43.040130615234375
46.621952056884766,47.08498001098633,47.110816955566406,45.884681701660156,45.74510955810547,47.800697326660156,47.5762825012207,44.549652099609375,39.560691833496094,34.9383659362793,31.741220474243164,29.518478393554688,27.635177612304688,25.4326229095459,23.43153953552246,22.434181213378906,22.019968032836914,21.87300682067871,21.72966194152832,21.66259002685547,21.683366775512695,21.69952392578125,21.75265121459961,21.725772857666016,21.488567352294922,20.84848403930664,20.228208541870117,19.93939781188965,20.396240234375,21.628154754638672,22.46424674987793,22.173614501953125,20.725624084472656,20.095861434936523,24.692630767822266,31.128435134887695,34.91431427001953,37.94348907470703,42.72677230834961,43.69232940673828,40.66266632080078,39.27623748779297,40.59235763549805,41.522029876708984
41.656558990478516,41.885616302490234,42.807071685791016,42.137027740478516,42.51803970336914,45.87689208984375,46.750465393066406,43.71278381347656,38.40437316894531,33.71700668334961,30.147512435913086,27.553552627563477,25.770790100097656,24.22247314453125,22.918310165405273,22.31534767150879,22.258047103881836,22.501476287841797,22.39596939086914,21.847688674926758,21.075864791870117,20.323495864868164,19.8668212890625,19.690675735473633,19.421913146972656,18.976438522338867,18.958431243896484,19.41326332092285,20.261823654174805,20.89288902282715,20.74812126159668,20.372426986694336,21.28717613220215,26.505813598632812,32.355751037597656,35.799312591552734,37.33538818359375,39.44877624511719,43.48213577270508,42.19246292114258,40.395503997802734,40.450557708740234,40.06603240966797,40.47468566894531
36.74283981323242,38.04160690307617,38.8548469543457,39.2704963684082,39.77300262451172,41.822994232177734,44.1760139465332,45.179779052734375,38.20573806762695,30.94288444519043,28.404035568237305,25.730287551879883,23.712413787841797,22.67436981201172,21.98229217529297,21.675426483154297,21.849491119384766,22.502460479736328,22.500253677368164,21.43634796142578,19.9683895111084,18.520599365234375,17.708480834960938,17.681093215942383,17.940139770507812,18.08626937866211,18.30453109741211,18.594499588012695,19.299278259277344,20.137922286987305,21.319028854370117,21.34708595275879,21.162500381469727,25.107053756713867,31.214025497436523,34.92253112792969,36.98151779174805,39.244712829589844,41.372535705566406,40.68641662597656,39.342247009277344,37.89812469482422,36.593570709228516,37.55874252319336
37.963321685791016,37.96928024291992,37.21333312988281,36.86592102050781,37.53516387939453,37.50629425048828,39.06968688964844,41.16344451904297,34.1587028503418,26.263402938842773,24.749357223510742,23.434526443481445,22.26592254638672,21.631145477294922,21.23198127746582,20.913198471069336,20.702373504638672,20.884220123291016,21.025239944458008,20.4672794342041,19.15542221069336,17.65419578552246,16.980173110961914,17.287137985229492,17.907268524169922,18.063678741455078,17.539228439331055,17.33218765258789,17.967334747314453,19.32012939453125,21.271759033203125,22.488101959228516,22.553001403808594,25.401683807373047,31.219560623168945,35.99952697753906,38.19779586791992,39.14518737792969,39.38239669799805,39.34153366088867,38.611507415771484,36.91701126098633,35.92379379272461,36.7579460144043
37.03748321533203,36.220436096191406,35.065128326416016,34.204673767089844,34.0576286315918,34.48719787597656,36.657230377197266,35.01789474487305,28.181167602539062,24.41990089416504,23.164323806762695,22.41676139831543,21.90262222290039,21.548704147338867,21.199275970458984,20.27857208251953,19.211395263671875,18.775630950927734,18.864032745361328,18.796077728271484,18.327035903930664,17.740293502807617,17.4780330657959,17.41352653503418,17.39744758605957,17.496307373046875,17.202836990356445,16.813936233520508,17.230899810791016,18.78302574157715,20.947416305541992,23.24283218383789,25.339061737060547,28.31646728515625,33.070098876953125,38.07158660888672,38.2755126953125,36.37395477294922,35.491554260253906,36.49238967895508,38.257225036621094,38.77924346923828,37.610877990722656,37.9096565246582
36.28914260864258,34.48066711425781,32.49274444580078,30.412879943847656,30.036645889282227,31.468454360961914,32.8286247253418,29.87611198425293,25.97882080078125,23.90782928466797,22.47935676574707,22.217947006225586,21.723434448242188,21.07911491394043,20.24161720275879,18.928810119628906,18.003170013427734,17.99403190612793,18.292282104492188,18.35096549987793,18.094024658203125,17.705339431762695,17.261669158935547,16.500938415527344,16.14802360534668,16.603408813476562,17.846149444580078,19.020368576049805,19.724281311035156,20.456985473632812,21.524818420410156,23.671459197998047,26.516925811767578,29.38880157470703,32.46800231933594,34.69710922241211,33.44779968261719,31.651264190673828,32.73670959472656,36.220001220703125,39.96910095214844,41.73905563354492,40.637691497802734,40.907230377197266
35.256874084472656,31.3011417388916,29.103397369384766,27.64044761657715,27.26273536682129,27.780242919921875,28.07647705078125,26.2974796295166,23.924766540527344,22.8253173828125,22.248231887817383,21.71440887451172,21.409692764282227,20.95157241821289,19.890628814697266,18.818113327026367,18.15483283996582,17.9444637298584,17.92296600341797,17.835790634155273,17.70256996154785,17.170377731323242,16.41183090209961,15.870372772216797,16.08583641052246,18.23828125,21.839088439941406,22.994386672973633,22.43858528137207,22.75841522216797,23.11854362487793,24.227819442749023,27.796335220336914,31.85033416748047,33.31150817871094,32.829200744628906,32.57316589355469,33.862857818603516,36.325660705566406,39.16228103637695,42.91227722167969,45.4790153503418,43.45161819458008,42.608734130859375
32.3577766418457,28.04328155517578,25.768230438232422,25.460412979125977,24.84654998779297,24.195371627807617,24.131147384643555,22.515562057495117,20.7294864654541,21.159503936767578,21.234052658081055,20.428565979003906,21.090200424194336,20.757343292236328,19.65106773376465,18.557292938232422,17.529048919677734,17.17654037475586,17.313465118408203,17.51645278930664,17.700660705566406,17.26692771911621,16.792497634887695,16.786054611206055,17.780410766601562,20.684751510620117,23.769559860229492,23.723915100097656,22.553028106689453,22.68120765686035,24.4062442779541,26.79871368408203,30.524011611938477,33.676963806152344,33.12236404418945,32.915504455566406,35.22761535644531,37.58076858520508,38.82206726074219,41.25340270996094,44.94564437866211,46.22945785522461,44.43913269042969,44.3057746887207
28.387678146362305,25.922327041625977,23.674415588378906,22.610546112060547,22.45102882385254,21.645740509033203,20.727863311767578,17.962785720825195,16.528812408447266,17.387868881225586,16.60715103149414,17.417814254760742,20.60399055480957,20.232051849365234,17.539113998413086,16.351482391357422,16.466705322265625,16.85577392578125,16.4910831451416,16.132707595825195,16.20953369140625,17.15728759765625,18.191818237304688,18.54805564880371,19.610239028930664,22.73358154296875,23.671552658081055,21.499897003173828,20.83924102783203,22.87262725830078,25.873228073120117,28.272029876708984,30.872577667236328,33.18389892578125,34.758853912353516,36.0050163269043,36.968502044677734,38.597286224365234,40.1190185546875,42.6778564453125,44.931976318359375,45.54856872558594,47.00685119628906,47.75450897216797
22.542234420776367,22.489360809326172,21.178274154663086,19.591114044189453,19.88836097717285,19.1317195892334,16.650775909423828,13.334013938903809,11.473502159118652,14.308276176452637,18.34147071838379,19.222978591918945,17.289600372314453,15.895257949829102,15.826753616333008,15.829428672790527,15.889616966247559,15.826465606689453,15.563604354858398,14.950637817382812,15.17704963684082,16.71352767944336,18.360157012939453,19.195993423461914,21.513994216918945,23.99005889892578,21.596446990966797,19.884416580200195,22.1243896484375,25.37509536743164,28.01262664794922,29.73502540588379,31.724050521850586,34.83201599121094,37.243492126464844,37.945682525634766,37.67177200317383,38.093788146972656,40.150672912597656,42.961483001708984,45.29356002807617,47.255210876464844,49.224143981933594,49.28951644897461
