data/wind_data/wind_62_4.json
{"header": {"parameterUnit": "KT", "parameterCategory": 2, "nx": 256, "ny": 198, "lo1": 44.73521041870117, "la1": -3.236724853515625, "lo2": 111.26478576660156, "la2": 43.468475341796875, "dx": 0.2609002888202667, "dy": -0.23708222806453705, "refTime": "2025-02-21 14:00:00", "forecastTime": 0, "parameterNumber": 2, "parameterNumberName": "eastward_wind"}, "data":
[rows 95 to 113 of 198, columns 132 to 175 of 256]
14.705615997314453,16.783344268798828,18.296966552734375,21.803180694580078,21.55133628845215,14.809843063354492,9.114587783813477,8.350008010864258,8.242838859558105,8.449783325195312,8.249567985534668,8.813739776611328,9.079286575317383,9.151172637939453,11.941243171691895,13.054972648620605,10.480342864990234,5.745518684387207,6.16011905670166,9.670759201049805,8.305623054504395,6.805539608001709,8.819134712219238,8.354864120483398,9.08104133605957,7.51579475402832,9.028792381286621,10.891129493713379,10.281250953674316,10.388626098632812,10.679757118225098,10.86337661743164,11.06137466430664,11.834529876708984,12.991717338562012,13.931461334228516,14.189711570739746,13.804180145263672,13.245285034179688,12.57963752746582,11.452800750732422,10.13851547241211,9.670754432678223,10.425686836242676
13.520209312438965,14.834236145019531,17.013465881347656,20.356136322021484,20.95207405090332,14.340824127197266,10.619199752807617,9.304943084716797,9.264772415161133,7.736063003540039,4.707486152648926,4.1630377769470215,5.757243633270264,8.227083206176758,8.972519874572754,8.909828186035156,8.243454933166504,8.132621765136719,8.224600791931152,9.586440086364746,8.244301795959473,6.753423690795898,7.3004350662231445,7.417609691619873,8.723858833312988,5.513980865478516,9.427071571350098,10.992776870727539,12.273930549621582,12.59205436706543,12.49620532989502,12.729639053344727,12.961282730102539,13.413100242614746,14.24666690826416,15.32431411743164,15.972442626953125,15.775614738464355,15.385169982910156,15.245319366455078,14.430032730102539,12.79284381866455,11.410543441772461,10.981731414794922
15.24611759185791,14.19981575012207,15.251306533813477,18.031463623046875,19.2159481048584,12.858705520629883,11.472535133361816,10.736481666564941,9.794886589050293,8.475289344787598,5.5202555656433105,4.339527606964111,5.027864933013916,5.758194923400879,6.989131450653076,7.745373725891113,8.830410957336426,8.02878475189209,7.871128559112549,7.511079788208008,8.819421768188477,7.173494338989258,7.912658214569092,8.91498851776123,10.233963966369629,9.203742027282715,10.74514102935791,13.228934288024902,14.87109088897705,13.856588363647461,12.723237991333008,13.416754722595215,14.11377239227295,14.603983879089355,15.267669677734375,16.430225372314453,17.424715042114258,17.61104393005371,17.161460876464844,16.71641731262207,16.20276641845703,15.394644737243652,14.371655464172363,13.074661254882812
16.440166473388672,14.17115592956543,13.946313858032227,15.77949047088623,15.866711616516113,11.14108657836914,10.525443077087402,11.49732780456543,10.885811805725098,7.330948352813721,5.588031768798828,5.305858612060547,6.422144412994385,6.635671615600586,5.618775844573975,6.962157249450684,7.288570880889893,4.44277286529541,5.277712345123291,6.860384941101074,7.1095099449157715,7.974379539489746,8.833587646484375,9.948625564575195,10.311534881591797,11.143415451049805,12.892329216003418,14.177349090576172,12.656122207641602,11.185070037841797,11.453119277954102,12.84841251373291,14.376140594482422,15.289814949035645,15.994933128356934,17.256038665771484,18.561765670776367,19.1169490814209,19.00261116027832,18.293354034423828,17.65960693359375,17.637907028198242,17.24904441833496,15.53080940246582
16.065101623535156,14.436148643493652,14.523852348327637,14.55952262878418,13.20842170715332,10.379496574401855,9.155552864074707,10.714397430419922,11.301983833312988,10.32196044921875,8.32199478149414,6.967037200927734,6.22052001953125,4.678275108337402,4.058095932006836,6.686330795288086,4.072244167327881,1.1114513874053955,5.844102382659912,6.486255168914795,5.634240627288818,6.245102405548096,7.359387397766113,8.736139297485352,11.325864791870117,13.672911643981934,13.78893756866455,12.886556625366211,11.836838722229004,11.784127235412598,12.959738731384277,13.713639259338379,14.597566604614258,15.252333641052246,16.23147964477539,17.499195098876953,18.858673095703125,19.840030670166016,20.493579864501953,20.126842498779297,19.257766723632812,19.060483932495117,18.551748275756836,17.017112731933594
15.51218032836914,14.725491523742676,14.606300354003906,14.18165111541748,12.337006568908691,9.735197067260742,9.291333198547363,9.970850944519043,10.633614540100098,11.255974769592285,10.74384880065918,8.009407043457031,7.9647674560546875,4.7076921463012695,5.2445855140686035,6.563108921051025,0.6907187104225159,5.335791110992432,7.006811618804932,6.847397804260254,4.691617965698242,3.435263156890869,3.5179312229156494,7.4997334480285645,10.979290008544922,13.9122953414917,13.015024185180664,11.810333251953125,11.978203773498535,12.645567893981934,13.606287002563477,14.25221061706543,14.982585906982422,15.310957908630371,16.668302536010742,17.822345733642578,18.78845977783203,19.55754852294922,20.427928924560547,20.644258499145508,19.833295822143555,19.331716537475586,18.75473403930664,17.600004196166992
15.615669250488281,15.463217735290527,15.10516357421875,14.502676010131836,12.501016616821289,9.682781219482422,8.56203556060791,10.589271545410156,11.306485176086426,12.866423606872559,13.042041778564453,8.191311836242676,7.692540168762207,7.14293098449707,8.746025085449219,7.3501715660095215,2.8072946071624756,7.387497901916504,9.384571075439453,7.96219539642334,5.900327205657959,5.802914142608643,5.9707183837890625,10.359601974487305,9.168020248413086,14.4141263961792,14.676091194152832,12.939167976379395,13.311797142028809,14.561735153198242,14.318674087524414,13.750387191772461,13.781657218933105,15.142451286315918,16.775644302368164,17.816139221191406,17.921125411987305,18.109878540039062,18.642719268798828,19.31712532043457,19.69098663330078,20.31515121459961,20.77547836303711,20.39299201965332
16.005268096923828,15.949225425720215,15.62639045715332,14.899785995483398,13.436389923095703,10.854467391967773,9.992178916931152,12.018333435058594,12.716306686401367,13.260189056396484,13.86733627319336,12.004091262817383,9.002501487731934,10.169960975646973,11.03219985961914,10.85741901397705,9.591756820678711,6.8765034675598145,9.237325668334961,6.011291027069092,9.008119583129883,10.152260780334473,11.062117576599121,12.859606742858887,11.915712356567383,15.88234806060791,15.729790687561035,14.998647689819336,15.295289993286133,15.762206077575684,14.602585792541504,12.748190879821777,12.874716758728027,14.256468772888184,14.870713233947754,15.385954856872559,16.43123435974121,17.41891860961914,18.232364654541016,18.975542068481445,19.881689071655273,20.784286499023438,21.543617248535156,21.721290588378906
16.570722579956055,16.28606414794922,15.62249755859375,14.963157653808594,14.402901649475098,12.797176361083984,12.935276985168457,14.621118545532227,13.769742012023926,15.20090389251709,13.207629203796387,12.112792015075684,11.643611907958984,12.405989646911621,6.90025520324707,9.674854278564453,10.184893608093262,10.399005889892578,11.399971008300781,7.851622104644775,11.519158363342285,13.108026504516602,14.783615112304688,12.189881324768066,7.07236909866333,14.571696281433105,16.423837661743164,17.296585083007812,18.096586227416992,17.050325393676758,14.772184371948242,12.64130687713623,12.788317680358887,13.52511978149414,14.273414611816406,14.824759483337402,16.046466827392578,17.360248565673828,18.18123435974121,18.896886825561523,19.92011833190918,21.08894157409668,21.663116455078125,21.472278594970703
16.653411865234375,16.547256469726562,16.04104995727539,15.582243919372559,14.97920036315918,14.255400657653809,13.784444808959961,14.189204216003418,13.348498344421387,14.456894874572754,14.182693481445312,11.69217586517334,13.950453758239746,8.044440269470215,6.659717082977295,9.659793853759766,7.726744651794434,12.066455841064453,13.987178802490234,13.469928741455078,15.091353416442871,16.0943603515625,17.508337020874023,12.456215858459473,8.465680122375488,11.33443832397461,16.869304656982422,19.36420249938965,19.58334732055664,18.187585830688477,15.887798309326172,13.461742401123047,12.606952667236328,13.18865966796875,15.011734962463379,16.42983055114746,17.06756019592285,17.46217918395996,17.736148834228516,18.368337631225586,19.222623825073242,20.548992156982422,21.790782928466797,21.92388916015625
17.44621467590332,17.377370834350586,16.75528907775879,16.06149673461914,15.348018646240234,14.845137596130371,12.830596923828125,12.073931694030762,12.978687286376953,14.21379280090332,15.02746295928955,14.615900993347168,13.9458646774292,11.02786922454834,12.286516189575195,7.211118221282959,4.116881370544434,12.45174789428711,14.995593070983887,14.341340065002441,14.316448211669922,14.562278747558594,15.229074478149414,15.971035957336426,16.580387115478516,17.54755401611328,19.407798767089844,20.10063362121582,19.67726707458496,18.99766731262207,17.757545471191406,16.0574893951416,15.390481948852539,15.993924140930176,16.995834350585938,17.767574310302734,17.82708168029785,17.593006134033203,17.805274963378906,18.60055160522461,19.595888137817383,20.253360748291016,21.35655975341797,21.81560516357422
18.83210563659668,18.407068252563477,17.073148727416992,16.492712020874023,15.645482063293457,15.803850173950195,14.372241020202637,12.887328147888184,12.377857208251953,12.926560401916504,14.330070495605469,14.89241886138916,13.081344604492188,14.646953582763672,13.608532905578613,11.471830368041992,8.049644470214844,8.032846450805664,9.501742362976074,13.728584289550781,15.374894142150879,13.00270938873291,13.97902774810791,15.669027328491211,16.678592681884766,16.874984741210938,20.334064483642578,21.905122756958008,20.904699325561523,20.2236385345459,20.285470962524414,19.70713233947754,19.057897567749023,19.364038467407227,19.894054412841797,19.24773406982422,17.834150314331055,17.053802490234375,17.517393112182617,18.796323776245117,20.184247970581055,21.136472702026367,21.700298309326172,21.914453506469727
19.70575714111328,19.08123207092285,17.24159812927246,17.018404006958008,16.84993553161621,17.647741317749023,16.099214553833008,13.240150451660156,12.637025833129883,12.552788734436035,12.723918914794922,14.036454200744629,14.263309478759766,15.899312973022461,15.322402000427246,14.32993221282959,13.865060806274414,12.407601356506348,13.205375671386719,15.217621803283691,16.276031494140625,14.534712791442871,15.939628601074219,17.313373565673828,20.534236907958984,21.545927047729492,23.246562957763672,22.83823585510254,21.983741760253906,22.552854537963867,23.479246139526367,23.1002140045166,21.642234802246094,21.2591552734375,21.726154327392578,21.002410888671875,18.800020217895508,17.392671585083008,17.31614875793457,17.661832809448242,18.69437599182129,20.375686645507812,21.920259475708008,22.54920768737793
20.551467895507812,19.48419189453125,17.39015007019043,16.593578338623047,17.88613510131836,17.874265670776367,15.38046646118164,11.79869556427002,11.919805526733398,13.17338752746582,13.090126037597656,12.358858108520508,13.524428367614746,16.58689308166504,18.32903289794922,16.22921371459961,16.093481063842773,17.313413619995117,16.17529296875,16.249767303466797,15.708372116088867,17.148651123046875,19.31990623474121,20.551918029785156,20.264192581176758,21.648128509521484,22.41876983642578,21.963369369506836,22.66362953186035,24.25710105895996,24.91950225830078,23.777843475341797,22.052827835083008,21.98090934753418,22.230979919433594,22.716367721557617,21.55022430419922,20.295133590698242,19.251449584960938,17.587345123291016,16.715038299560547,17.822601318359375,20.178390502929688,22.15264320373535
21.017404556274414,20.00033950805664,17.81781768798828,16.768875122070312,17.53645896911621,18.31431007385254,16.876516342163086,11.513187408447266,10.90645694732666,12.709639549255371,15.93612289428711,14.991862297058105,14.722943305969238,16.848011016845703,18.388338088989258,17.532878875732422,18.304149627685547,20.38144302368164,19.864137649536133,19.618982315063477,18.571800231933594,19.732532501220703,21.57379150390625,22.296119689941406,22.77591896057129,22.896852493286133,23.898866653442383,24.1685791015625,24.505022048950195,24.647022247314453,25.66857147216797,23.442569732666016,21.66460418701172,22.071958541870117,23.310338973999023,23.558504104614258,23.219385147094727,22.568546295166016,21.829513549804688,20.210206985473633,18.1629695892334,17.591672897338867,18.84821319580078,20.938203811645508
20.653614044189453,19.976802825927734,18.606462478637695,17.71765899658203,17.718048095703125,18.2628173828125,18.974193572998047,16.364286422729492,14.779234886169434,15.680487632751465,17.635757446289062,18.160850524902344,17.713985443115234,18.162227630615234,19.082067489624023,19.483293533325195,19.88593292236328,20.793697357177734,21.03134536743164,22.273914337158203,23.148448944091797,23.024276733398438,22.354148864746094,21.78313636779785,22.644607543945312,23.484657287597656,23.802547454833984,24.5543212890625,25.42342185974121,26.67397689819336,25.52789306640625,22.921045303344727,21.484928131103516,22.254608154296875,23.647485733032227,24.249862670898438,23.737958908081055,22.663372039794922,22.023290634155273,21.607059478759766,20.84794044494629,20.073593139648438,19.828323364257812,20.328689575195312
20.971298217773438,20.282669067382812,19.262245178222656,18.570024490356445,18.068588256835938,17.971349716186523,19.038015365600586,19.221036911010742,18.349477767944336,18.816410064697266,19.520912170410156,19.781877517700195,19.713111877441406,20.10304832458496,20.725053787231445,21.46131134033203,20.818336486816406,20.076229095458984,20.303058624267578,21.69879722595215,23.360580444335938,24.591203689575195,24.438013076782227,22.19911003112793,20.33745574951172,19.734722137451172,20.36389923095703,21.861692428588867,23.344223022460938,23.91664695739746,23.356525421142578,22.816312789916992,22.720911026000977,22.549684524536133,22.93109703063965,23.69196319580078,23.817941665649414,22.845287322998047,21.87262535095215,21.749895095825195,22.141639709472656,22.468496322631836,22.06642723083496,21.196409225463867
20.598995208740234,20.067707061767578,19.3272647857666,18.749439239501953,18.050451278686523,17.56627082824707,17.97001075744629,18.786285400390625,19.461618423461914,20.557247161865234,21.68324089050293,21.829803466796875,21.89545249938965,22.384756088256836,22.752601623535156,23.063535690307617,22.876684188842773,22.63884162902832,22.9869327545166,23.498058319091797,24.71490478515625,25.31297492980957,22.811689376831055,19.275501251220703,18.519086837768555,20.009408950805664,22.031761169433594,23.32612419128418,23.577056884765625,23.560710906982422,23.885604858398438,24.364727020263672,24.576242446899414,24.512971878051758,24.3703670501709,24.508758544921875,24.663684844970703,24.268047332763672,23.54593276977539,22.923263549804688,23.04970359802246,23.814599990844727,24.387771606445312,23.98482322692871
20.143329620361328,19.791065216064453,18.95987892150879,18.241439819335938,17.70846176147461,17.146240234375,18.14763069152832,18.9177188873291,19.577455520629883,20.661876678466797,22.02022361755371,22.58165740966797,23.00889015197754,23.859172821044922,24.010835647583008,23.538957595825195,23.073877334594727,23.626567840576172,24.59003257751465,24.781232833862305,24.660724639892578,23.499860763549805,21.669538497924805,20.873056411743164,21.65462303161621,22.982370376586914,23.491073608398438,23.265626907348633,23.308000564575195,23.825220108032227,24.43855094909668,24.80801773071289,25.032163619995117,25.33781623840332,25.534772872924805,25.559120178222656,25.519039154052734,25.483896255493164,25.394094467163086,24.767929077148438,24.205995559692383,24.84058952331543,25.885412216186523,26.29389190673828
