data/wind_data/wind_5_6.json
{"header": {"parameterUnit": "KT", "parameterCategory": 2, "nx": 256, "ny": 198, "lo1": 44.73521041870117, "la1": -3.236724853515625, "lo2": 111.26478576660156, "la2": 43.468475341796875, "dx": 0.2609002888202667, "dy": -0.23708222806453705, "refTime": "2025-02-19 05:00:00", "forecastTime": 0, "parameterNumber": 2, "parameterNumberName": "eastward_wind"}, "data":
[rows 120 to 139 of 198, columns 44 to 87 of 256]
95.87911987304688,96.62800598144531,97.21243286132812,97.28981018066406,97.46967315673828,98.84378051757812,101.05792236328125,102.82500457763672,103.76969909667969,104.35960388183594,105.09563446044922,105.9234390258789,106.48688507080078,106.92414855957031,107.53125,108.20918273925781,108.72366333007812,109.15319061279297,109.39546203613281,108.46024322509766,106.10643005371094,104.24836730957031,104.47097778320312,105.42879486083984,105.06861877441406,103.79088592529297,103.5226821899414,105.57145690917969,109.0278091430664,111.94029998779297,113.14891052246094,112.6455078125,110.99687957763672,109.19633483886719,108.30681610107422,108.00112915039062,107.32140350341797,106.83834075927734,106.97099304199219,106.44161224365234,105.37712097167969,104.7973403930664,104.22726440429688,103.55805969238281
96.84364318847656,97.3067398071289,97.71448516845703,97.98368835449219,98.25116729736328,99.42498779296875,101.6261978149414,103.32186126708984,103.95854949951172,104.2668685913086,104.6167221069336,105.2134017944336,106.06137084960938,107.04415130615234,107.98161315917969,108.70332336425781,109.20427703857422,109.70761108398438,110.33959197998047,109.8509292602539,107.59877014160156,106.09974670410156,106.61170196533203,106.29849243164062,104.20084381103516,103.66666412353516,106.19302368164062,109.57807159423828,112.35662841796875,113.61001586914062,113.01939392089844,111.46176147460938,109.8536376953125,108.6958999633789,108.20431518554688,107.62954711914062,106.25646209716797,105.24333190917969,105.43098449707031,105.29296875,104.49064636230469,104.16885375976562,103.90989685058594,103.57495880126953
98.35092163085938,99.0776596069336,99.36573791503906,99.45025634765625,99.759033203125,100.7038803100586,102.0938720703125,103.38215637207031,104.51720428466797,105.16478729248047,105.65296936035156,106.48780822753906,107.35595703125,108.06558990478516,108.60308074951172,109.12215423583984,109.65140533447266,110.16796875,110.87301635742188,110.87467193603516,109.52349090576172,108.71540069580078,108.25138092041016,106.06539154052734,103.79908752441406,106.35797119140625,110.70215606689453,112.9869384765625,113.583251953125,113.03323364257812,111.59832000732422,110.12348937988281,109.25665283203125,109.21578979492188,109.57059478759766,109.16407012939453,107.57453155517578,106.21757507324219,105.90769958496094,105.5441665649414,104.87735748291016,104.64624786376953,104.3410873413086,104.14445495605469
99.05272674560547,100.3930435180664,101.21620178222656,101.08576965332031,100.83375549316406,101.23583221435547,102.25841522216797,103.6961669921875,105.25672912597656,106.70256805419922,107.86721801757812,108.83074951171875,109.41766357421875,109.70779418945312,109.78729248046875,110.11783599853516,110.74591827392578,111.0859603881836,111.2440414428711,111.34808349609375,111.04485321044922,110.52478790283203,109.30748748779297,107.28143310546875,107.74071502685547,110.98371124267578,113.22453308105469,113.51144409179688,112.83904266357422,111.7546615600586,110.76244354248047,110.30773162841797,110.43450164794922,111.00980377197266,111.76900482177734,111.86170959472656,110.66084289550781,108.92404174804688,107.6912841796875,106.88613891601562,106.40502166748047,106.16751861572266,105.7769775390625,105.3351821899414
99.36634063720703,100.1606674194336,101.23309326171875,101.56185150146484,101.45862579345703,101.83216857910156,103.01956176757812,104.7264633178711,106.4688949584961,108.00343322753906,109.22687530517578,110.10437774658203,110.61835479736328,110.99055480957031,111.09381103515625,111.0838623046875,111.47929382324219,111.55117797851562,111.23107147216797,111.20345306396484,111.4839859008789,111.58318328857422,111.04715728759766,111.22244262695312,111.63053131103516,111.71389770507812,111.81864166259766,111.9538345336914,111.95361328125,111.813232421875,111.67676544189453,111.62171173095703,111.68380737304688,111.87014770507812,112.21183013916016,112.66230010986328,112.57771301269531,111.3089370727539,109.44068908691406,108.04590606689453,107.42621612548828,107.1865463256836,106.84123992919922,106.2138900756836
99.72193908691406,99.76904296875,100.18855285644531,100.98802947998047,102.39869689941406,103.7941665649414,105.0914306640625,106.64903259277344,107.9798355102539,108.81333923339844,109.7664566040039,110.73577880859375,111.22216796875,111.22859191894531,110.8553695678711,110.44551086425781,110.46238708496094,110.60216522216797,110.39639282226562,109.98910522460938,110.50614929199219,112.1867446899414,113.03701782226562,112.02364349365234,110.44828033447266,109.60887145996094,109.90522003173828,110.5823974609375,111.07658386230469,111.33716583251953,111.35282897949219,111.131103515625,111.08618927001953,111.1498031616211,111.20162200927734,111.70780944824219,112.54025268554688,112.28268432617188,110.48651123046875,108.43064880371094,107.22285461425781,107.34943389892578,107.34796905517578,106.44047546386719
100.88784790039062,100.93230438232422,101.17398834228516,101.20263671875,102.8003921508789,105.44744873046875,107.09227752685547,108.56131744384766,109.24419403076172,109.2807388305664,110.07987976074219,110.92935943603516,111.15718841552734,110.62190246582031,109.86502838134766,109.54804229736328,109.49747467041016,109.80839538574219,109.46196746826172,107.90747833251953,108.68598937988281,111.49728393554688,111.5870590209961,109.81629943847656,108.4080810546875,107.83726501464844,107.84202575683594,108.19294738769531,108.70816802978516,109.34390258789062,109.76729583740234,109.67719268798828,109.53520965576172,109.4687271118164,109.08421325683594,109.31363677978516,110.4144287109375,110.7812271118164,109.48873138427734,107.34650421142578,105.73214721679688,106.24600219726562,106.27452850341797,104.88801574707031
102.1102523803711,102.16299438476562,102.16285705566406,102.08273315429688,102.75703430175781,105.03321075439453,107.71167755126953,109.6063461303711,109.6019287109375,109.24811553955078,109.8145523071289,110.48589324951172,110.74371337890625,110.08466339111328,109.14339447021484,108.58534240722656,108.20635223388672,108.48406982421875,107.69786834716797,105.7945327758789,106.29652404785156,107.71281433105469,107.82958221435547,107.05736541748047,106.07551574707031,105.22295379638672,104.86817169189453,105.10574340820312,105.59197998046875,106.06861114501953,106.28535461425781,105.93115234375,105.5086441040039,105.31234741210938,104.98416900634766,105.22672271728516,106.22647094726562,106.60071563720703,105.94773864746094,104.52659606933594,103.01661682128906,103.20050048828125,102.62015533447266,100.93805694580078
102.25008392333984,102.00823211669922,101.47655487060547,101.61194610595703,102.56995391845703,104.04562377929688,106.69023132324219,108.17402648925781,107.6664810180664,107.25817108154297,107.69859313964844,108.2878189086914,108.53678131103516,107.8948745727539,106.953369140625,106.22383880615234,105.63423156738281,105.7641830444336,105.14460754394531,103.49069213867188,102.89086151123047,102.83113861083984,102.90962982177734,102.98164367675781,102.49577331542969,101.67241668701172,101.31774139404297,101.76739501953125,102.28160095214844,102.40345001220703,102.10891723632812,101.36669158935547,100.8344497680664,100.85765075683594,100.84918212890625,101.09081268310547,101.77987670898438,102.2298812866211,102.22090148925781,101.38473510742188,99.92832946777344,99.14734649658203,97.58187103271484,95.54418182373047
102.02010345458984,101.65808868408203,100.76113891601562,100.74962615966797,101.12236022949219,101.41890716552734,103.7728271484375,104.40476989746094,103.32685852050781,102.6788558959961,102.88794708251953,103.56134796142578,104.03298950195312,103.81319427490234,103.35645294189453,102.80238342285156,102.1591796875,102.53820037841797,102.83000946044922,101.33728790283203,99.59236907958984,98.85237884521484,99.09326171875,99.69947052001953,99.91693115234375,99.62214660644531,99.61255645751953,100.20800018310547,100.52430725097656,100.23764038085938,99.66716003417969,98.97911834716797,98.64779663085938,98.7773208618164,98.61674499511719,98.31689453125,98.44558715820312,98.99746704101562,99.34513854980469,98.47351837158203,96.91920471191406,95.69963836669922,93.2053451538086,91.62393188476562
100.71971130371094,100.2976303100586,99.25762939453125,98.70011901855469,97.86337280273438,97.8787612915039,99.60127258300781,98.53380584716797,96.8810806274414,96.90708923339844,97.67425537109375,98.75284576416016,99.70870208740234,99.97308349609375,100.03361511230469,99.6629638671875,99.14037322998047,100.26790618896484,101.369384765625,99.55648040771484,97.04593658447266,96.39852142333984,97.13249969482422,98.14860534667969,98.85559844970703,98.91726684570312,98.82250213623047,98.92485046386719,98.84037017822266,98.39926147460938,97.73463439941406,97.08940124511719,96.9452896118164,97.0325927734375,96.55174255371094,95.6627426147461,95.20245361328125,95.48054504394531,95.5560073852539,94.28394317626953,92.79585266113281,92.10661315917969,90.5009994506836,88.197265625
97.26739501953125,96.64767456054688,95.47587585449219,94.63579559326172,93.83414459228516,93.66845703125,94.48966979980469,93.05327606201172,91.87493133544922,92.50878143310547,93.69062042236328,95.04258728027344,96.35749053955078,97.2353286743164,97.81840515136719,97.39457702636719,97.13916778564453,98.91300964355469,99.7447509765625,97.79074096679688,95.60890197753906,94.83353424072266,95.29685974121094,96.25740051269531,97.03333282470703,97.15699768066406,96.80863952636719,96.17259216308594,95.35429382324219,94.6243667602539,93.94088745117188,93.48092651367188,93.44572448730469,93.43303680419922,92.7822494506836,91.57141876220703,90.77425384521484,90.50546264648438,89.78089141845703,88.30388641357422,87.10790252685547,87.50985717773438,87.0360336303711,84.52800750732422
92.60404205322266,91.90249633789062,90.86936950683594,90.38544464111328,91.1800308227539,91.32733154296875,90.67633056640625,89.9165267944336,89.53343200683594,89.80509948730469,90.74730682373047,92.15042877197266,93.46791076660156,94.74959564208984,95.86173248291016,95.68274688720703,95.98313903808594,97.50015258789062,97.11730194091797,95.2844009399414,93.95840454101562,93.12742614746094,93.06583404541016,93.61360168457031,94.12625122070312,94.1436767578125,93.64875793457031,92.6654281616211,91.31555938720703,90.0750503540039,89.29899597167969,89.00153350830078,88.84284210205078,88.46574401855469,87.60515594482422,86.4244155883789,85.38128662109375,84.62298583984375,83.8658676147461,81.7994613647461,81.49722290039062,82.44911193847656,81.50588989257812,78.15837860107422
88.36112213134766,88.35559844970703,88.12720489501953,87.99747467041016,89.08541870117188,89.66922760009766,89.00588989257812,88.48273468017578,88.32626342773438,88.47077941894531,89.27311706542969,90.40799713134766,91.42536163330078,92.61227416992188,93.82469940185547,94.0331039428711,94.57893371582031,95.26988220214844,94.1309814453125,92.82240295410156,92.3446273803711,91.88544464111328,91.36779022216797,91.04446411132812,90.93791961669922,90.69161987304688,90.09420776367188,89.1092529296875,87.64649963378906,86.11527252197266,85.09654235839844,84.56446838378906,84.01400756835938,83.21588897705078,82.08192443847656,80.97342681884766,79.9234619140625,78.99884033203125,77.96350860595703,76.84911346435547,76.9336929321289,76.32876586914062,76.60481262207031,74.25322723388672
85.73281860351562,86.31787872314453,86.47144317626953,86.83102416992188,87.40369415283203,87.98161315917969,88.1715316772461,88.0616455078125,87.79966735839844,87.97103881835938,88.8671875,89.82525634765625,90.53406524658203,91.39388275146484,92.50631713867188,93.11880493164062,93.24046325683594,93.02546691894531,92.340087890625,91.97075653076172,91.83252716064453,91.16145324707031,89.86000061035156,88.47148895263672,87.62358093261719,87.07548522949219,86.40760040283203,85.49803924560547,84.13108825683594,82.51310729980469,81.24268341064453,80.27000427246094,79.20110321044922,78.23793029785156,77.17754364013672,76.15184020996094,74.99626922607422,74.02084350585938,73.06036376953125,71.8784408569336,70.87237548828125,69.9634780883789,69.3508071899414,68.24388122558594
84.1765365600586,84.75365447998047,84.93928527832031,85.49298095703125,85.80911254882812,86.37396240234375,87.44131469726562,87.82768249511719,87.53018951416016,87.69044494628906,88.66397094726562,89.62689208984375,90.17582702636719,90.73455047607422,91.58807373046875,92.12297821044922,91.80516815185547,91.34932708740234,91.23006439208984,91.20433044433594,90.83244323730469,89.826416015625,88.12190246582031,86.15430450439453,84.64139556884766,83.57149505615234,82.66029357910156,81.71541595458984,80.55464935302734,79.10440063476562,77.74919128417969,76.45296478271484,75.02600860595703,73.7576675415039,72.68446350097656,71.51456451416016,70.09947204589844,68.65947723388672,67.42562103271484,66.07569885253906,64.66934204101562,63.20713806152344,62.65862274169922,62.7194938659668
82.81375122070312,83.39749908447266,84.11448669433594,84.74566650390625,84.85657501220703,84.9749755859375,85.94417572021484,86.82024383544922,86.96243286132812,87.16922760009766,88.0893783569336,89.18400573730469,89.83056640625,90.2397232055664,90.58436584472656,90.61890411376953,90.24630737304688,89.57415008544922,88.98619842529297,88.75178527832031,88.6493148803711,88.11669921875,86.64388275146484,84.5322036743164,82.5476303100586,81.06755828857422,79.9185791015625,78.79817962646484,77.70268249511719,76.53157806396484,75.2244644165039,73.71742248535156,71.71749114990234,69.96532440185547,68.34915161132812,66.61988830566406,64.72569274902344,62.85239791870117,61.46532440185547,60.34781265258789,59.43412780761719,59.00065231323242,57.81361770629883,56.95178985595703
81.9135513305664,82.91791534423828,83.91445922851562,84.7260513305664,84.78070068359375,84.80684661865234,85.31493377685547,85.94477844238281,86.4312973022461,86.88197326660156,87.57642364501953,88.43821716308594,88.99644470214844,89.12461853027344,88.92394256591797,88.41638946533203,87.89315795898438,87.16114807128906,86.30169677734375,85.95376586914062,86.21205139160156,86.25875091552734,85.26123046875,83.36554718017578,81.35421752929688,79.79487609863281,78.46732330322266,77.14608001708984,76.05949401855469,75.1358871459961,74.02620697021484,72.23220825195312,69.99348449707031,67.88722229003906,65.4788818359375,63.280452728271484,60.33489990234375,58.123023986816406,56.27054214477539,54.72895050048828,53.320682525634766,51.64191818237305,52.374874114990234,51.4931640625
81.45401000976562,82.91228485107422,83.78842163085938,84.74823760986328,85.33882904052734,85.58631896972656,85.83695983886719,86.18328857421875,86.61397552490234,86.85578918457031,86.87602233886719,86.86572265625,86.87242889404297,86.6314468383789,85.93738555908203,85.10293579101562,84.87494659423828,84.63772583007812,83.85870361328125,83.4292221069336,83.73604583740234,83.98416900634766,83.38905334472656,81.99114990234375,80.35263061523438,78.81613159179688,77.24381256103516,75.75675964355469,74.9031982421875,74.32337951660156,73.34095001220703,71.43326568603516,68.97163391113281,66.52986907958984,63.39839172363281,60.365013122558594,57.371490478515625,54.130577087402344,51.21881866455078,49.41801834106445,47.500946044921875,47.952354431152344,47.93426513671875,45.80833435058594
80.84454345703125,82.51410675048828,83.61516571044922,84.65544128417969,85.67294311523438,86.24386596679688,86.20346069335938,86.0038070678711,85.88511657714844,85.5732421875,84.87664794921875,83.88927459716797,83.00070190429688,82.41464233398438,81.95170593261719,81.80575561523438,82.17220306396484,82.07106018066406,81.29997253417969,80.83784484863281,81.13585662841797,81.4811019897461,81.15743255615234,80.24388122558594,78.95748138427734,77.43936920166016,75.58787536621094,74.15709686279297,73.56786346435547,73.30534362792969,72.51910400390625,70.74114227294922,68.19216918945312,65.17434692382812,61.493743896484375,59.001956939697266,54.10746765136719,51.92811965942383,45.76514434814453,33.16461181640625,32.53984069824219,37.11571502685547,36.038368225097656,36.25924301147461
