data/wind_data/wind_48_9.json
{"header": {"parameterUnit": "KT", "parameterCategory": 2, "nx": 256, "ny": 198, "lo1": 44.73521041870117, "la1": -3.236724853515625, "lo2": 111.26478576660156, "la2": 43.468475341796875, "dx": 0.2609002888202667, "dy": -0.23708222806453705, "refTime": "2025-02-21 00:00:00", "forecastTime": 0, "parameterNumber": 2, "parameterNumberName": "eastward_wind"}, "data":
[rows 114 to 132 of 198, columns 86 to 128 of 256]
3.6655378341674805,3.4038119316101074,2.3662986755371094,1.529672384262085,2.6415750980377197,5.325052261352539,7.042726039886475,6.924810886383057,5.490747451782227,4.068149566650391,3.933459758758545,4.946436882019043,6.362061977386475,7.763033866882324,8.869001388549805,9.646806716918945,10.11233901977539,10.523365020751953,11.05817699432373,11.841920852661133,12.994650840759277,14.188831329345703,14.671188354492188,14.876285552978516,15.493851661682129,16.645790100097656,18.17429542541504,19.627214431762695,20.810178756713867,22.15170669555664,23.976543426513672,25.815595626831055,26.84496307373047,26.897642135620117,26.190160751342773,24.789247512817383,22.836414337158203,20.892887115478516,20.0184268951416,20.435697555541992,21.116010665893555,21.09973907470703,19.97678565979004
0.05388640984892845,-0.8112260103225708,-1.3102483749389648,-0.6074654459953308,1.3207626342773438,4.045680999755859,5.521974563598633,4.737579822540283,2.8346595764160156,1.7081570625305176,1.9678621292114258,3.1030712127685547,4.99538516998291,7.715707778930664,10.362823486328125,11.817702293395996,12.140028953552246,11.934585571289062,11.669285774230957,11.54577350616455,11.931528091430664,12.961492538452148,13.645883560180664,13.89120864868164,14.286816596984863,15.091114044189453,16.66006851196289,18.47395896911621,19.939960479736328,21.14227294921875,22.48648452758789,24.040613174438477,25.39087677001953,26.016883850097656,25.647350311279297,24.618518829345703,23.445510864257812,22.10055160522461,20.917638778686523,20.349170684814453,19.59084701538086,17.81753921508789,15.767011642456055
-6.131713390350342,-5.515352249145508,-3.5106585025787354,-1.0781834125518799,1.2076677083969116,3.037231683731079,2.8573083877563477,1.1663535833358765,-0.0017122462159022689,-0.06593743711709976,0.5507211685180664,1.7423052787780762,4.0794291496276855,7.523322582244873,10.4567232131958,11.789702415466309,12.24753475189209,12.568533897399902,12.886238098144531,12.902017593383789,12.800337791442871,13.196921348571777,13.636608123779297,13.581116676330566,13.18543529510498,13.257335662841797,14.255217552185059,15.876178741455078,17.594152450561523,19.081758499145508,20.380891799926758,21.6888370513916,22.996503829956055,23.919221878051758,24.07036018371582,23.942636489868164,23.9002742767334,23.036296844482422,20.88096809387207,18.502405166625977,16.3587703704834,13.868867874145508,11.856064796447754
-7.3269805908203125,-5.73499059677124,-3.3001132011413574,-0.6899873614311218,1.1362876892089844,1.231557011604309,-0.3815058767795563,-1.3950368165969849,-0.8739750981330872,0.16076542437076569,1.3958429098129272,2.904477834701538,5.169707298278809,7.912209510803223,9.816165924072266,10.541804313659668,11.070989608764648,11.968746185302734,12.883551597595215,13.296756744384766,13.575581550598145,14.158390045166016,14.37968921661377,13.480405807495117,12.232670783996582,11.957640647888184,12.647513389587402,13.936521530151367,15.433184623718262,16.839000701904297,17.99398422241211,19.07526969909668,20.2982177734375,21.491493225097656,22.499591827392578,23.469837188720703,23.956586837768555,22.524944305419922,18.9774227142334,15.211771965026855,12.447134971618652,10.34410572052002,8.909960746765137
-3.533332586288452,-1.9302784204483032,-0.47848573327064514,0.6354342103004456,0.8440951108932495,-0.5133026838302612,-2.107530117034912,-2.0749380588531494,-0.663772702217102,1.1400492191314697,2.9215354919433594,4.922117233276367,6.864959716796875,8.329041481018066,9.37147331237793,9.976178169250488,10.603163719177246,11.368378639221191,11.920306205749512,12.279290199279785,12.991366386413574,14.142982482910156,14.250905990600586,12.811901092529297,11.48969554901123,11.431588172912598,12.191638946533203,12.970115661621094,13.624719619750977,14.334714889526367,15.192176818847656,16.362403869628906,18.017597198486328,19.951189041137695,21.82363510131836,23.161462783813477,22.832860946655273,19.937320709228516,15.522369384765625,11.731584548950195,9.016870498657227,6.809108734130859,5.049379825592041
0.45230111479759216,2.642580509185791,3.8007967472076416,3.43764066696167,1.2609257698059082,-1.6524722576141357,-3.2088217735290527,-2.6801371574401855,-0.9449278116226196,0.9193794131278992,2.8237416744232178,5.004350185394287,6.792917251586914,7.840511798858643,8.617389678955078,9.225750923156738,9.814766883850098,10.090641975402832,10.128426551818848,10.540197372436523,11.490280151367188,12.306207656860352,12.169722557067871,11.325002670288086,10.914217948913574,11.391855239868164,12.019238471984863,11.91517448425293,11.460587501525879,11.44273567199707,12.341385841369629,14.217588424682617,16.748043060302734,19.25191307067871,20.980562210083008,21.283836364746094,19.4605655670166,15.737676620483398,11.746021270751953,8.60720157623291,6.203226566314697,4.231040954589844,2.8021016120910645
2.3030905723571777,4.751352787017822,5.734499454498291,4.743931293487549,1.5035135746002197,-2.2734875679016113,-3.6646969318389893,-2.8643276691436768,-1.4996813535690308,-0.2643169164657593,1.8592809438705444,4.394073009490967,6.004809379577637,6.559315204620361,7.116920471191406,7.999994277954102,8.671560287475586,8.641166687011719,8.398234367370605,8.554451942443848,8.836313247680664,8.799375534057617,8.825882911682129,9.273734092712402,10.063980102539062,10.932937622070312,11.185907363891602,10.185063362121582,8.967294692993164,8.852088928222656,10.298515319824219,12.957408905029297,15.686441421508789,17.363367080688477,17.716053009033203,16.871809005737305,14.597330093383789,11.281912803649902,8.072991371154785,5.936000823974609,5.27993106842041,5.264702796936035,5.0609636306762695
3.015964984893799,4.717063903808594,5.422621726989746,4.50157356262207,1.3204039335250854,-2.320719003677368,-3.345005512237549,-2.583223342895508,-1.8064005374908447,-0.8252728581428528,1.773144245147705,4.284388065338135,5.472557067871094,5.904275894165039,6.416391372680664,7.3054633140563965,7.892897605895996,7.656362533569336,6.346398830413818,5.080533504486084,4.604020595550537,4.800424575805664,5.7585577964782715,7.360814571380615,8.999443054199219,10.039756774902344,10.05582332611084,8.897747993469238,7.630371570587158,7.632690906524658,9.288885116577148,11.890605926513672,13.840766906738281,14.153496742248535,13.228732109069824,11.640498161315918,9.290613174438477,6.481321334838867,4.490540504455566,4.808088779449463,6.7558112144470215,8.11342716217041,7.724739074707031
3.5725743770599365,3.990213632583618,4.180853843688965,3.631096363067627,0.9138192534446716,-2.0883710384368896,-2.867544651031494,-2.0455708503723145,-1.5819586515426636,-0.4864612817764282,2.1140527725219727,4.109705448150635,5.059412956237793,5.709201812744141,6.359097957611084,7.316279888153076,8.087453842163086,7.654022216796875,5.602662086486816,3.0619771480560303,1.6062246561050415,1.9829171895980835,3.736855983734131,6.170821189880371,8.430630683898926,9.71272087097168,9.659326553344727,8.629338264465332,7.609381198883057,7.642149448394775,9.020724296569824,11.006529808044434,12.084182739257812,11.363801002502441,9.271656036376953,6.599564552307129,3.8676235675811768,2.053950309753418,2.7442784309387207,5.61032772064209,8.664896011352539,10.227095603942871,9.269750595092773
4.089230060577393,3.4671592712402344,3.235271692276001,2.6426098346710205,0.36339354515075684,-1.765606164932251,-1.924195408821106,-1.2309061288833618,-1.462912917137146,-0.36954259872436523,2.380146026611328,4.264811992645264,4.989409446716309,5.569979190826416,6.423159599304199,7.715327262878418,8.771347045898438,7.922249794006348,5.485971450805664,2.7838168144226074,0.967129111289978,1.1444274187088013,3.159963607788086,6.051799297332764,8.69210147857666,10.086786270141602,9.845696449279785,8.665318489074707,7.803180694580078,7.975724220275879,8.972211837768555,10.170133590698242,10.493797302246094,9.352680206298828,7.102360725402832,4.2942585945129395,1.8690272569656372,1.5432710647583008,3.777304172515869,6.971728324890137,9.821903228759766,11.434560775756836,10.52404499053955
4.095380783081055,3.005624771118164,2.697653293609619,2.121185541152954,0.39954304695129395,-1.1944514513015747,-0.9256501793861389,-0.7216430306434631,-1.2604130506515503,-0.12689362466335297,2.048086166381836,3.74312686920166,4.830101013183594,5.484173774719238,6.460402488708496,7.836616039276123,8.858746528625488,7.872269630432129,5.436879634857178,3.125211000442505,1.8505821228027344,2.1221792697906494,4.0159711837768555,6.816658020019531,9.308384895324707,10.525182723999023,10.17385482788086,9.0878324508667,8.352850914001465,8.529830932617188,9.245397567749023,9.724586486816406,9.292834281921387,8.100263595581055,6.84068489074707,5.545827388763428,4.037417411804199,3.230564594268799,4.523033142089844,7.3466796875,10.211485862731934,11.956520080566406,11.504364013671875
3.7673628330230713,2.6921002864837646,2.4769952297210693,2.2424590587615967,0.7631880044937134,-0.6948869824409485,-0.4115702211856842,-0.18656198680400848,-0.25326722860336304,0.4417371153831482,1.6391345262527466,2.6675291061401367,3.8266243934631348,5.149516582489014,6.66307258605957,7.791040420532227,8.25257396697998,7.346687316894531,5.51461935043335,3.770786762237549,2.8990700244903564,3.4859139919281006,5.330368995666504,7.642393589019775,9.556685447692871,10.532572746276855,10.405627250671387,9.683860778808594,9.095465660095215,9.171124458312988,9.903935432434082,10.145577430725098,8.924215316772461,7.20667028427124,6.615478992462158,6.910299301147461,6.304401397705078,4.816043853759766,5.060917377471924,7.431481838226318,10.138874053955078,11.666425704956055,11.726433753967285
2.443371534347534,2.170358657836914,2.9935171604156494,3.4006130695343018,2.250943183898926,0.8610561490058899,0.5528088808059692,1.1233526468276978,1.744899868965149,1.544249176979065,1.5916178226470947,2.0453622341156006,3.0417191982269287,4.591326713562012,6.362050533294678,7.60178804397583,7.826730728149414,6.946645259857178,5.608826637268066,4.617825508117676,4.119930267333984,4.659189701080322,6.099869728088379,7.761098861694336,9.327929496765137,10.355393409729004,10.509021759033203,9.971213340759277,9.395124435424805,9.35020637512207,9.989194869995117,10.412606239318848,9.307632446289062,7.322342872619629,6.672922611236572,7.429197311401367,7.468289375305176,6.39344596862793,6.194992542266846,7.691554546356201,9.349923133850098,10.153568267822266,10.108985900878906
0.9921355843544006,2.130760431289673,4.6012282371521,5.8491387367248535,5.334835529327393,3.4737040996551514,2.1658644676208496,3.1364760398864746,4.233808994293213,3.664602518081665,2.4359843730926514,2.075026035308838,2.574834108352661,3.8011562824249268,5.584860801696777,7.475919246673584,8.165125846862793,7.375783920288086,6.275819778442383,5.858517169952393,5.751832008361816,5.950155258178711,6.396353721618652,6.9280266761779785,8.031281471252441,9.266508102416992,9.842706680297852,9.588327407836914,9.093049049377441,9.011923789978027,9.330119132995605,9.486763000488281,9.106107711791992,8.418366432189941,8.125201225280762,8.32487964630127,7.95851993560791,6.960785865783691,7.018138885498047,8.209096908569336,8.964091300964355,8.471982955932617,7.393197536468506
2.0973103046417236,3.8672821521759033,6.508251190185547,7.8393120765686035,7.383786201477051,4.814364433288574,3.0453097820281982,4.540072917938232,6.379929065704346,6.100028991699219,4.294656276702881,3.1832149028778076,2.9097464084625244,3.339825391769409,4.718449592590332,7.2281813621521,8.768716812133789,8.294535636901855,7.390778064727783,7.20155143737793,7.2806196212768555,6.777858734130859,5.713784694671631,5.142164707183838,5.755127429962158,7.102584362030029,8.215446472167969,8.516862869262695,8.481014251708984,8.737274169921875,8.988764762878418,8.817445755004883,8.714014053344727,9.17854118347168,9.657755851745605,9.319156646728516,7.619898796081543,6.244204044342041,7.103921890258789,8.953646659851074,9.517313957214355,7.703136444091797,5.402619361877441
4.418268203735352,5.757526397705078,7.230033874511719,7.756871223449707,6.968069076538086,4.601494789123535,2.9930315017700195,4.498142242431641,7.386347770690918,8.523712158203125,6.497800350189209,4.598270416259766,4.186346054077148,4.509155750274658,5.089425563812256,6.503906726837158,7.806319236755371,7.800108909606934,7.557961940765381,7.923764228820801,8.12600326538086,6.987253189086914,5.083047389984131,4.40217924118042,4.701496124267578,5.36185884475708,6.35031270980835,7.365546226501465,8.27747631072998,9.015706062316895,9.178665161132812,8.803622245788574,8.749611854553223,9.554853439331055,10.106438636779785,8.920429229736328,6.407312870025635,5.307401180267334,6.328512668609619,8.181323051452637,8.814319610595703,7.066242694854736,4.955484867095947
4.7909698486328125,5.46262788772583,5.9043288230896,5.479528903961182,4.544050693511963,3.634510040283203,2.8670732975006104,3.7982289791107178,6.593841552734375,9.613249778747559,8.634183883666992,6.288991451263428,5.601021766662598,6.145724773406982,6.213483810424805,5.382225036621094,5.1016950607299805,5.735808372497559,6.976093769073486,8.1885404586792,8.21060848236084,6.6792473793029785,5.001269817352295,4.531444072723389,4.62592887878418,4.696101665496826,5.263365745544434,6.7853240966796875,8.572280883789062,9.682028770446777,9.717323303222656,9.184127807617188,9.017220497131348,9.57223892211914,9.406944274902344,7.188968658447266,4.733864784240723,4.1237945556640625,5.036534309387207,6.599382400512695,7.165930271148682,6.283721446990967,5.4409918785095215
3.1685678958892822,3.543165445327759,3.508815288543701,2.735962152481079,2.3514907360076904,2.7244904041290283,2.732802152633667,3.3239095211029053,5.475998401641846,8.749202728271484,9.363850593566895,7.937588214874268,7.546701908111572,7.926734924316406,7.109174728393555,4.937775611877441,3.7082157135009766,4.890320777893066,7.111964702606201,8.372934341430664,7.731914043426514,6.110350131988525,5.063848972320557,4.765899658203125,4.7379889488220215,4.993182182312012,5.762690544128418,7.093377113342285,8.670541763305664,9.545389175415039,9.426579475402832,9.156322479248047,9.167778015136719,9.513126373291016,8.937664031982422,6.2735443115234375,3.981509208679199,3.4814724922180176,4.3786091804504395,5.861517429351807,6.300182342529297,5.922253608703613,6.15673303604126
1.3387525081634521,1.6931577920913696,1.7434055805206299,1.0696526765823364,0.8640933036804199,1.4921878576278687,2.2360150814056396,3.1071906089782715,4.728085994720459,7.085709095001221,8.323427200317383,9.017216682434082,9.84852409362793,9.899977684020996,8.27075481414795,5.281649112701416,3.646472454071045,5.175623893737793,7.693116664886475,8.43423080444336,7.373977184295654,6.062606334686279,5.460790157318115,5.000651836395264,4.468636512756348,4.390168190002441,5.008756637573242,5.798938751220703,6.753920555114746,7.464725494384766,7.8222174644470215,8.251474380493164,8.455361366271973,8.675193786621094,8.8816499710083,7.038155555725098,4.399707317352295,3.2796013355255127,4.100437641143799,5.635614395141602,6.0686116218566895,5.708134174346924,6.2247490882873535
