data/wind_data/wind_18_4.json
{"header": {"parameterUnit": "KT", "parameterCategory": 2, "nx": 256, "ny": 198, "lo1": 44.73521041870117, "la1": -3.236724853515625, "lo2": 111.26478576660156, "la2": 43.468475341796875, "dx": 0.2609002888202667, "dy": -0.23708222806453705, "refTime": "2025-02-19 18:00:00", "forecastTime": 0, "parameterNumber": 2, "parameterNumberName": "eastward_wind"}, "data":
[rows 57 to 75 of 198, columns 44 to 87 of 256]
-11.59237289428711,-11.439356803894043,-11.365808486938477,-11.282143592834473,-11.09635066986084,-10.821385383605957,-10.570938110351562,-10.476223945617676,-10.558110237121582,-10.728557586669922,-10.832338333129883,-10.836934089660645,-10.81353759765625,-10.77197551727295,-10.702020645141602,-10.643386840820312,-10.678040504455566,-10.812396049499512,-11.01075267791748,-11.233102798461914,-11.39771842956543,-11.505919456481934,-11.577951431274414,-11.666840553283691,-11.872714042663574,-12.173405647277832,-12.482758522033691,-12.758739471435547,-13.019246101379395,-13.282827377319336,-13.532093048095703,-13.715666770935059,-13.83267879486084,-13.931856155395508,-14.008403778076172,-14.027984619140625,-14.000191688537598,-13.970152854919434,-13.950526237487793,-13.950477600097656,-13.904694557189941,-13.785499572753906,-13.703973770141602,-13.725287437438965
-11.459948539733887,-11.238516807556152,-11.051368713378906,-10.959033966064453,-10.929203987121582,-10.818441390991211,-10.603838920593262,-10.437026977539062,-10.468414306640625,-10.637825965881348,-10.810269355773926,-10.952919960021973,-11.081640243530273,-11.150206565856934,-11.052680015563965,-10.8367338180542,-10.715415000915527,-10.801039695739746,-10.991689682006836,-11.210247039794922,-11.357985496520996,-11.48971176147461,-11.572771072387695,-11.629374504089355,-11.694246292114258,-11.713455200195312,-11.681475639343262,-11.64905834197998,-11.68222713470459,-11.822650909423828,-12.040010452270508,-12.272334098815918,-12.531096458435059,-12.772879600524902,-12.958701133728027,-13.058013916015625,-13.071229934692383,-13.020235061645508,-12.94886589050293,-12.94345474243164,-13.022012710571289,-13.152318000793457,-13.262958526611328,-13.295247077941895
-11.398855209350586,-11.176335334777832,-10.937618255615234,-10.775479316711426,-10.720481872558594,-10.692002296447754,-10.604909896850586,-10.471129417419434,-10.388957977294922,-10.45563793182373,-10.685409545898438,-10.958282470703125,-11.163305282592773,-11.266776084899902,-11.21560287475586,-11.018244743347168,-10.819544792175293,-10.79494857788086,-10.917804718017578,-11.07590389251709,-11.170637130737305,-11.255158424377441,-11.282329559326172,-11.355469703674316,-11.431314468383789,-11.367705345153809,-11.21038818359375,-10.952340126037598,-10.714691162109375,-10.643341064453125,-10.7275390625,-10.903684616088867,-11.13022518157959,-11.415292739868164,-11.740659713745117,-11.948586463928223,-11.967021942138672,-11.879199981689453,-11.801969528198242,-11.809545516967773,-11.94735336303711,-12.206851959228516,-12.510844230651855,-12.706814765930176
-11.304574966430664,-11.10621166229248,-10.93508529663086,-10.844656944274902,-10.808229446411133,-10.766221046447754,-10.680649757385254,-10.531364440917969,-10.354284286499023,-10.28071117401123,-10.444101333618164,-10.80617618560791,-11.159269332885742,-11.339451789855957,-11.27727222442627,-11.035672187805176,-10.739437103271484,-10.5873441696167,-10.653037071228027,-10.817455291748047,-10.922331809997559,-10.951326370239258,-10.89094066619873,-10.897497177124023,-10.922780990600586,-10.885099411010742,-10.740519523620605,-10.460429191589355,-10.144794464111328,-9.883071899414062,-9.742745399475098,-9.71391487121582,-9.775653839111328,-9.965859413146973,-10.277702331542969,-10.523460388183594,-10.572409629821777,-10.526644706726074,-10.560799598693848,-10.680624961853027,-10.940093994140625,-11.262693405151367,-11.623734474182129,-11.924428939819336
-11.300793647766113,-11.127239227294922,-11.036032676696777,-11.029948234558105,-11.07111644744873,-11.06196117401123,-10.958187103271484,-10.764196395874023,-10.536213874816895,-10.352594375610352,-10.355113983154297,-10.619427680969238,-10.95472526550293,-11.140763282775879,-11.124619483947754,-10.9346284866333,-10.638080596923828,-10.365402221679688,-10.274429321289062,-10.363020896911621,-10.480829238891602,-10.537181854248047,-10.499529838562012,-10.41051197052002,-10.356926918029785,-10.301706314086914,-10.170251846313477,-9.974014282226562,-9.720070838928223,-9.415444374084473,-9.110196113586426,-8.838479995727539,-8.65645980834961,-8.60136604309082,-8.738533020019531,-8.932534217834473,-9.045282363891602,-9.101040840148926,-9.197539329528809,-9.468701362609863,-9.884343147277832,-10.323461532592773,-10.72403335571289,-11.021509170532227
-11.431321144104004,-11.325438499450684,-11.274849891662598,-11.275518417358398,-11.321572303771973,-11.345982551574707,-11.271697044372559,-11.09555721282959,-10.873941421508789,-10.641881942749023,-10.489310264587402,-10.529214859008789,-10.692622184753418,-10.791091918945312,-10.75378131866455,-10.613116264343262,-10.390325546264648,-10.12930679321289,-9.925256729125977,-9.8582181930542,-9.899194717407227,-9.959781646728516,-9.986461639404297,-9.96058177947998,-9.84296989440918,-9.70064926147461,-9.551051139831543,-9.355709075927734,-9.100725173950195,-8.814776420593262,-8.496146202087402,-8.159463882446289,-7.801161289215088,-7.533754348754883,-7.464939117431641,-7.517997741699219,-7.606853008270264,-7.72320556640625,-7.905168056488037,-8.206149101257324,-8.64699935913086,-9.168862342834473,-9.670086860656738,-10.03606128692627
-11.481642723083496,-11.440469741821289,-11.424408912658691,-11.411989212036133,-11.423839569091797,-11.457236289978027,-11.44300365447998,-11.31698226928711,-11.118857383728027,-10.903789520263672,-10.685871124267578,-10.504090309143066,-10.414746284484863,-10.368967056274414,-10.265926361083984,-10.112619400024414,-9.927206039428711,-9.710347175598145,-9.494431495666504,-9.33690357208252,-9.28829288482666,-9.349414825439453,-9.43699836730957,-9.471688270568848,-9.39008617401123,-9.173027992248535,-8.908305168151855,-8.651362419128418,-8.353394508361816,-7.9603376388549805,-7.547445297241211,-7.231890678405762,-6.887327671051025,-6.563257217407227,-6.390539169311523,-6.364284038543701,-6.3872199058532715,-6.470998287200928,-6.648646831512451,-6.959038257598877,-7.406856060028076,-7.957267761230469,-8.497081756591797,-8.910181999206543
-11.315659523010254,-11.287943840026855,-11.270770072937012,-11.263283729553223,-11.287444114685059,-11.343921661376953,-11.376285552978516,-11.301446914672852,-11.117317199707031,-10.894743919372559,-10.663323402404785,-10.394947052001953,-10.118264198303223,-9.889241218566895,-9.688840866088867,-9.500500679016113,-9.334181785583496,-9.16702651977539,-8.96778678894043,-8.77009105682373,-8.649639129638672,-8.652355194091797,-8.744058609008789,-8.823909759521484,-8.765087127685547,-8.548969268798828,-8.229460716247559,-7.871257781982422,-7.5025954246521,-7.103968620300293,-6.622661590576172,-6.133264064788818,-5.721848487854004,-5.411867618560791,-5.234652519226074,-5.23291540145874,-5.223019599914551,-5.266521453857422,-5.420748233795166,-5.745932579040527,-6.206941604614258,-6.728635787963867,-7.265641689300537,-7.70017147064209
-10.987161636352539,-10.903923034667969,-10.85572624206543,-10.84931468963623,-10.901586532592773,-11.012613296508789,-11.117401123046875,-11.11526870727539,-10.94670581817627,-10.654301643371582,-10.318852424621582,-9.972284317016602,-9.608899116516113,-9.279009819030762,-9.022825241088867,-8.832181930541992,-8.67151165008545,-8.524811744689941,-8.360465049743652,-8.162151336669922,-7.963308334350586,-7.84101676940918,-7.811209678649902,-7.808681964874268,-7.74542236328125,-7.559750080108643,-7.259829044342041,-6.923776626586914,-6.597751617431641,-6.241415977478027,-5.784205913543701,-5.250280380249023,-4.7350754737854,-4.311087131500244,-4.084218978881836,-4.046687602996826,-4.059201717376709,-4.075802803039551,-4.14225435256958,-4.385463237762451,-4.822494029998779,-5.343023777008057,-5.850803375244141,-6.328143119812012
-10.666468620300293,-10.415433883666992,-10.266039848327637,-10.247098922729492,-10.334385871887207,-10.48606014251709,-10.655047416687012,-10.753889083862305,-10.667122840881348,-10.347487449645996,-9.857436180114746,-9.330059051513672,-8.846075057983398,-8.439482688903809,-8.150219917297363,-7.97773551940918,-7.851446151733398,-7.7428460121154785,-7.632870197296143,-7.457160949707031,-7.206704616546631,-6.955512046813965,-6.763332366943359,-6.62082576751709,-6.478851318359375,-6.2925262451171875,-6.050869464874268,-5.793826103210449,-5.541161060333252,-5.264786720275879,-4.905144214630127,-4.457699775695801,-3.9724340438842773,-3.5228593349456787,-3.2249765396118164,-3.1059212684631348,-3.0359838008880615,-2.9558379650115967,-2.9167439937591553,-3.018270254135132,-3.299419403076172,-3.6831870079040527,-4.101738929748535,-4.544583797454834
-10.308197021484375,-9.956859588623047,-9.677838325500488,-9.558343887329102,-9.599319458007812,-9.73975944519043,-9.90913200378418,-10.041604042053223,-10.05821704864502,-9.849810600280762,-9.370179176330566,-8.718544006347656,-8.064583778381348,-7.531071662902832,-7.153237342834473,-6.937229633331299,-6.829411029815674,-6.7411370277404785,-6.64633846282959,-6.507174015045166,-6.286403656005859,-5.990945816040039,-5.691593170166016,-5.451718330383301,-5.255927085876465,-5.070744514465332,-4.853769779205322,-4.600761413574219,-4.350951194763184,-4.124241828918457,-3.876086711883545,-3.5643670558929443,-3.183140516281128,-2.7972793579101562,-2.5113234519958496,-2.3614959716796875,-2.259768009185791,-2.1169991493225098,-1.9354771375656128,-1.855200171470642,-1.960792064666748,-2.1672067642211914,-2.3841114044189453,-2.651270866394043
-9.74013614654541,-9.430219650268555,-9.121026039123535,-8.88718318939209,-8.798001289367676,-8.851831436157227,-8.95683765411377,-9.019433975219727,-9.001274108886719,-8.882135391235352,-8.597044944763184,-8.10732650756836,-7.454257488250732,-6.780835151672363,-6.234944820404053,-5.883262634277344,-5.711732864379883,-5.631474018096924,-5.522985935211182,-5.353625774383545,-5.144579887390137,-4.905298233032227,-4.621303081512451,-4.333087921142578,-4.081709861755371,-3.861738920211792,-3.6509294509887695,-3.4149606227874756,-3.1244144439697266,-2.81793475151062,-2.552276849746704,-2.3428022861480713,-2.1613688468933105,-1.9836723804473877,-1.810810923576355,-1.6674485206604004,-1.5554611682891846,-1.4309431314468384,-1.2471774816513062,-1.0616562366485596,-0.9814159274101257,-1.016594409942627,-1.1045405864715576,-1.2200876474380493
-8.940566062927246,-8.690778732299805,-8.417067527770996,-8.145718574523926,-7.933236122131348,-7.842338562011719,-7.864394664764404,-7.898437023162842,-7.844975471496582,-7.675059795379639,-7.433016777038574,-7.149437427520752,-6.772815227508545,-6.239645957946777,-5.6028289794921875,-5.0239152908325195,-4.635298252105713,-4.441980838775635,-4.334770202636719,-4.204747676849365,-4.031117916107178,-3.8355729579925537,-3.621964454650879,-3.35603928565979,-3.0301754474639893,-2.6868786811828613,-2.380458116531372,-2.116574764251709,-1.8332955837249756,-1.50836980342865,-1.1856656074523926,-0.9384026527404785,-0.8011831641197205,-0.768724262714386,-0.7810987234115601,-0.78086256980896,-0.7527164220809937,-0.6996632814407349,-0.5782308578491211,-0.409241646528244,-0.2568150460720062,-0.17054574191570282,-0.1539151817560196,-0.18573525547981262
-8.072986602783203,-7.8183794021606445,-7.5483527183532715,-7.274318695068359,-7.004782199859619,-6.781229019165039,-6.66272497177124,-6.644073486328125,-6.640580654144287,-6.540097713470459,-6.3029465675354,-6.001806735992432,-5.732368469238281,-5.467050552368164,-5.07162618637085,-4.503587245941162,-3.917548418045044,-3.4785447120666504,-3.2229440212249756,-3.0649242401123047,-2.9406282901763916,-2.826396942138672,-2.682755470275879,-2.4569480419158936,-2.1211729049682617,-1.6995117664337158,-1.2729809284210205,-0.913655161857605,-0.6071755886077881,-0.3003389835357666,-0.003904907964169979,0.25183895230293274,0.43291348218917847,0.5275133848190308,0.5569861531257629,0.5470870733261108,0.48096248507499695,0.3839437663555145,0.34075266122817993,0.40175044536590576,0.5267877578735352,0.669102132320404,0.7900179028511047,0.8773477077484131
-7.190026760101318,-6.893599987030029,-6.584763526916504,-6.290191173553467,-6.0167317390441895,-5.7634992599487305,-5.561615467071533,-5.435886383056641,-5.376357078552246,-5.336513042449951,-5.247235298156738,-5.068221569061279,-4.794220447540283,-4.488478183746338,-4.2014288902282715,-3.8579652309417725,-3.4059293270111084,-2.9136106967926025,-2.515018939971924,-2.2348108291625977,-2.0311124324798584,-1.8706908226013184,-1.713658094406128,-1.4995090961456299,-1.1814968585968018,-0.7625492215156555,-0.3110966980457306,0.099774070084095,0.40912100672721863,0.6530106663703918,0.894438624382019,1.1400325298309326,1.394628643989563,1.6248393058776855,1.792601466178894,1.8946982622146606,1.9109598398208618,1.820284366607666,1.6496506929397583,1.5305726528167725,1.5509384870529175,1.692055583000183,1.8953728675842285,2.0950427055358887
-6.273346424102783,-5.974719524383545,-5.6428046226501465,-5.316987991333008,-5.025417327880859,-4.771795749664307,-4.556812763214111,-4.401851654052734,-4.306371688842773,-4.249270915985107,-4.201839923858643,-4.147177219390869,-4.034839153289795,-3.7849605083465576,-3.4097652435302734,-3.0110907554626465,-2.65488862991333,-2.332977771759033,-2.020392894744873,-1.727159023284912,-1.4538062810897827,-1.1707020998001099,-0.8742834329605103,-0.5628095269203186,-0.2339508831501007,0.11136671900749207,0.47604259848594666,0.835734486579895,1.143332839012146,1.3769629001617432,1.5753021240234375,1.8119006156921387,2.1043701171875,2.4319229125976562,2.7442309856414795,2.98244047164917,3.1114413738250732,3.125324010848999,3.0466651916503906,2.940455913543701,2.8899192810058594,2.967503070831299,3.155673027038574,3.3902182579040527
-5.337533950805664,-5.078408241271973,-4.753368854522705,-4.412441253662109,-4.104115962982178,-3.829216718673706,-3.591313362121582,-3.4337689876556396,-3.3640246391296387,-3.3420627117156982,-3.3244762420654297,-3.2794394493103027,-3.210573673248291,-3.069971799850464,-2.7936015129089355,-2.4021313190460205,-1.993006944656372,-1.6683191061019897,-1.4320940971374512,-1.2103967666625977,-0.9205420613288879,-0.5387457013130188,-0.09557079523801804,0.3268963098526001,0.6723641157150269,0.9213976860046387,1.1187113523483276,1.30553138256073,1.5140063762664795,1.745262622833252,1.995047688484192,2.2925148010253906,2.6314854621887207,2.995504379272461,3.375892400741577,3.7216005325317383,3.963824510574341,4.084260940551758,4.153805732727051,4.247482776641846,4.351931571960449,4.438879013061523,4.544933319091797,4.698622703552246
-4.3341288566589355,-4.1100568771362305,-3.801461935043335,-3.4941961765289307,-3.2426962852478027,-2.990039587020874,-2.7078967094421387,-2.495365858078003,-2.431614875793457,-2.445835828781128,-2.454444408416748,-2.4109232425689697,-2.3137378692626953,-2.1876907348632812,-2.0298943519592285,-1.814758539199829,-1.535444974899292,-1.2486419677734375,-0.9758223295211792,-0.6804918646812439,-0.33211058378219604,0.07776125520467758,0.544457733631134,1.000873327255249,1.3652578592300415,1.5778491497039795,1.661297082901001,1.6926116943359375,1.7660073041915894,1.93119478225708,2.1793265342712402,2.507861852645874,2.904515027999878,3.32913875579834,3.740787982940674,4.113600730895996,4.445732116699219,4.728881359100342,4.973788738250732,5.228300094604492,5.514273166656494,5.763351917266846,5.912424087524414,5.978515148162842
-3.268367052078247,-3.0296168327331543,-2.729924201965332,-2.510227680206299,-2.3950512409210205,-2.23824405670166,-1.9265834093093872,-1.5945899486541748,-1.4542735815048218,-1.4812713861465454,-1.5073575973510742,-1.4509563446044922,-1.3117257356643677,-1.15973961353302,-1.0584979057312012,-0.9876375794410706,-0.877106249332428,-0.7021239995956421,-0.461997389793396,-0.11398518830537796,0.3184206485748291,0.772358238697052,1.2032381296157837,1.5854624509811401,1.891416311264038,2.0846197605133057,2.1533777713775635,2.152217388153076,2.1826207637786865,2.3048033714294434,2.5037808418273926,2.7579429149627686,3.0657291412353516,3.4180521965026855,3.801326274871826,4.19170618057251,4.582944869995117,5.01180362701416,5.503022193908691,6.0319905281066895,6.49668025970459,6.809883117675781,6.973494052886963,7.04525899887085
