data/wind_data/wind_18_3.json
{"header": {"parameterUnit": "KT", "parameterCategory": 2, "nx": 256, "ny": 198, "lo1": 44.73521041870117, "la1": -3.236724853515625, "lo2": 111.26478576660156, "la2": 43.468475341796875, "dx": 0.2609002888202667, "dy": -0.23708222806453705, "refTime": "2025-02-19 18:00:00", "forecastTime": 0, "parameterNumber": 2, "parameterNumberName": "eastward_wind"}, "data":
[rows 95 to 113 of 198, columns 0 to 43 of 256]
30.832557678222656,32.22413635253906,31.630556106567383,30.51276969909668,28.416467666625977,25.48116111755371,22.679460525512695,20.38770866394043,19.110870361328125,18.713254928588867,18.695926666259766,18.555368423461914,17.767738342285156,16.546167373657227,15.463229179382324,14.671046257019043,14.12928295135498,13.725142478942871,13.245301246643066,12.535408973693848,11.563643455505371,10.624207496643066,10.096135139465332,9.927597999572754,9.71731185913086,9.240686416625977,8.8217134475708,8.851114273071289,9.182039260864258,9.479132652282715,10.29060173034668,9.747099876403809,9.34671688079834,7.935300350189209,7.213180065155029,7.185481071472168,8.039938926696777,8.61840534210205,8.282363891601562,7.704331874847412,8.162124633789062,8.365241050720215,8.32303524017334,7.7770304679870605
30.93848419189453,33.304237365722656,33.07646942138672,32.29643630981445,30.855751037597656,28.316884994506836,25.336978912353516,22.89522933959961,21.31434440612793,20.350561141967773,19.924760818481445,19.557735443115234,18.599079132080078,17.21750259399414,16.103294372558594,15.397924423217773,14.927745819091797,14.604715347290039,14.296271324157715,13.789224624633789,12.8384428024292,11.561936378479004,10.463288307189941,9.91811466217041,9.906291961669922,10.104979515075684,10.213236808776855,10.03239917755127,9.649909019470215,9.529287338256836,10.539156913757324,10.460244178771973,10.846120834350586,10.659558296203613,10.342180252075195,10.26286792755127,10.271751403808594,10.14125919342041,9.906991004943848,10.082429885864258,10.414314270019531,10.027390480041504,9.135368347167969,7.968346118927002
31.44890785217285,34.226863861083984,34.27354431152344,33.322059631347656,32.5980224609375,30.99494171142578,28.137792587280273,25.339609146118164,23.333600997924805,21.888839721679688,21.005786895751953,20.487577438354492,19.61149787902832,18.188743591308594,16.78771209716797,15.857943534851074,15.27928352355957,14.778572082519531,14.363180160522461,14.011178970336914,13.400339126586914,12.278440475463867,10.944976806640625,10.104731559753418,10.093977928161621,10.6363525390625,11.14326286315918,10.949342727661133,10.091299057006836,9.531981468200684,10.398950576782227,10.49474811553955,11.255391120910645,12.253336906433105,12.613194465637207,12.641098022460938,12.584967613220215,12.425450325012207,12.232345581054688,12.537443161010742,12.722686767578125,12.11247444152832,10.237809181213379,8.118040084838867
32.16313171386719,34.584041595458984,34.5268440246582,33.20948028564453,33.03235626220703,32.32565689086914,29.95533561706543,26.683189392089844,24.097614288330078,22.58556365966797,21.684864044189453,21.128047943115234,20.340917587280273,18.77553939819336,16.82970428466797,15.432003021240234,14.6179838180542,13.830829620361328,13.108220100402832,12.702425003051758,12.441609382629395,11.908324241638184,11.023247718811035,10.293862342834473,10.153426170349121,10.591012954711914,11.100998878479004,11.033882141113281,10.55732250213623,10.363543510437012,11.016561508178711,11.032121658325195,11.272591590881348,12.376507759094238,13.42819881439209,13.785311698913574,13.616754531860352,13.71954345703125,14.00735092163086,14.432343482971191,14.248310089111328,13.428437232971191,11.8865385055542,10.01606273651123
31.98332977294922,33.95220947265625,33.81632614135742,32.70950698852539,32.76274108886719,32.73468017578125,31.164810180664062,27.768213272094727,24.514251708984375,22.788957595825195,21.891939163208008,21.055776596069336,19.975624084472656,18.29937744140625,16.14281463623047,14.39026165008545,13.319900512695312,12.422380447387695,11.573092460632324,11.041550636291504,10.935193061828613,10.9796724319458,10.69586181640625,10.134284019470215,9.76768684387207,9.908357620239258,10.231094360351562,10.154667854309082,9.993042945861816,10.390544891357422,11.58105182647705,12.085957527160645,11.945699691772461,12.323493957519531,13.148466110229492,13.870455741882324,14.127264976501465,14.35118579864502,14.623634338378906,14.994402885437012,14.987512588500977,14.587346076965332,13.709352493286133,12.513175964355469
30.852725982666016,32.38724136352539,32.62761306762695,32.745487213134766,33.061668395996094,33.15180587768555,31.94709587097168,28.911230087280273,25.408721923828125,23.25178337097168,21.920705795288086,20.363082885742188,18.629125595092773,16.956907272338867,15.074235916137695,13.345893859863281,12.273486137390137,11.645648002624512,11.122655868530273,10.62694263458252,10.433854103088379,10.506879806518555,10.531285285949707,10.300630569458008,9.911568641662598,9.658567428588867,9.644835472106934,9.687536239624023,9.739690780639648,10.073392868041992,10.968989372253418,12.043529510498047,12.55788803100586,12.83257007598877,13.25670051574707,13.766949653625488,14.046845436096191,14.25350284576416,14.542693138122559,14.839591026306152,14.889039993286133,14.829673767089844,14.773316383361816,14.11817455291748
30.387636184692383,31.806785583496094,32.233760833740234,32.75504684448242,33.017738342285156,32.913963317871094,32.28544998168945,30.04628562927246,26.68547821044922,24.13039207458496,22.305479049682617,20.120464324951172,17.74830436706543,15.811070442199707,14.180631637573242,12.863926887512207,12.003072738647461,11.591325759887695,11.397612571716309,11.082572937011719,10.580988883972168,10.271595001220703,10.39359188079834,10.6305570602417,10.540108680725098,10.189708709716797,9.928081512451172,10.001225471496582,10.325820922851562,10.761557579040527,11.253982543945312,12.086999893188477,12.878820419311523,13.431021690368652,13.900754928588867,14.408985137939453,14.871550559997559,15.234163284301758,15.593374252319336,15.918866157531738,15.974076271057129,15.395121574401855,14.935410499572754,14.56725788116455
30.26264762878418,31.721778869628906,32.1840705871582,32.72504425048828,32.772396087646484,32.062889099121094,31.736886978149414,30.249238967895508,27.02967643737793,24.309741973876953,22.393163681030273,20.172292709350586,17.71422004699707,15.560956954956055,14.063708305358887,13.07629108428955,12.34726619720459,11.94658374786377,11.856401443481445,11.613125801086426,10.904141426086426,10.33501148223877,10.486239433288574,10.98751449584961,11.144696235656738,10.954519271850586,10.739059448242188,10.800189971923828,11.132769584655762,11.5009183883667,11.788817405700684,12.271018981933594,12.917801856994629,13.386971473693848,13.739726066589355,14.104717254638672,14.498555183410645,14.840579986572266,15.215503692626953,15.68228530883789,16.12261390686035,15.75413990020752,14.971168518066406,14.556212425231934
29.29151153564453,30.917926788330078,31.6671142578125,32.85542297363281,32.74465560913086,31.06975555419922,30.062091827392578,29.18278694152832,26.507484436035156,23.76167106628418,22.0843505859375,20.418533325195312,18.33012580871582,16.35947608947754,14.913413047790527,13.864734649658203,13.085556030273438,12.42952823638916,12.203102111816406,11.93209457397461,11.152624130249023,10.59056282043457,10.791481018066406,11.177360534667969,11.110909461975098,10.804755210876465,10.63003158569336,10.671549797058105,10.883788108825684,10.999259948730469,11.058479309082031,11.209598541259766,11.466780662536621,11.717028617858887,12.080011367797852,12.574026107788086,13.173871994018555,13.873767852783203,14.651153564453125,15.313531875610352,15.361702919006348,14.489997863769531,13.550443649291992,13.87769603729248
28.17352867126465,29.83362579345703,30.724735260009766,32.40757369995117,32.21834182739258,30.554359436035156,29.46014404296875,28.74772834777832,26.324954986572266,23.22408676147461,21.59092903137207,20.755800247192383,19.29908561706543,17.530601501464844,16.083980560302734,15.082174301147461,13.917552947998047,12.783324241638184,12.571386337280273,12.207417488098145,11.1831693649292,10.599422454833984,10.568187713623047,10.364702224731445,9.587261199951172,8.963460922241211,8.727603912353516,8.787261009216309,9.021101951599121,9.076343536376953,9.12907600402832,9.478534698486328,10.02857494354248,10.642931938171387,11.444415092468262,12.420994758605957,13.437905311584473,14.444361686706543,15.314167022705078,15.967133522033691,15.98861312866211,15.013132095336914,14.008697509765625,14.963041305541992
28.963102340698242,30.53908920288086,31.124916076660156,32.341007232666016,31.762990951538086,30.633773803710938,30.308584213256836,29.7004337310791,27.063034057617188,23.414854049682617,21.410303115844727,20.717670440673828,19.676942825317383,18.10609245300293,16.637386322021484,15.569302558898926,14.205611228942871,13.107792854309082,12.72166919708252,11.820454597473145,10.409347534179688,9.53646469116211,9.1054105758667,8.339991569519043,7.149454116821289,6.448862552642822,6.140958309173584,6.251290321350098,6.724579811096191,7.172817707061768,7.64505672454834,8.412721633911133,9.484562873840332,10.631807327270508,11.773428916931152,12.880380630493164,13.90479850769043,14.792708396911621,15.571523666381836,16.185773849487305,16.543930053710938,16.525293350219727,16.404926300048828,17.113611221313477
29.361225128173828,31.935348510742188,32.83099365234375,33.17985153198242,32.21943664550781,31.278059005737305,31.242666244506836,30.6434383392334,27.940752029418945,23.902666091918945,21.280689239501953,20.234575271606445,18.97337532043457,17.402341842651367,15.955857276916504,15.01131820678711,13.884905815124512,12.740211486816406,11.691938400268555,10.357674598693848,8.66273307800293,7.131779193878174,6.508411884307861,5.844850063323975,4.846638202667236,4.329807281494141,4.3516974449157715,4.737103462219238,5.47097110748291,6.261703968048096,7.072248935699463,8.024452209472656,9.214128494262695,10.48419189453125,11.631126403808594,12.562254905700684,13.380997657775879,14.128393173217773,14.882606506347656,15.757219314575195,16.58894920349121,16.942035675048828,16.89564323425293,17.606233596801758
28.88339614868164,31.81842803955078,32.50261306762695,32.46780014038086,32.17351150512695,31.73193359375,31.37857437133789,30.05158042907715,27.152355194091797,23.531936645507812,20.753557205200195,19.35927963256836,17.88079833984375,16.42030906677246,15.304720878601074,14.354453086853027,12.865312576293945,11.195173263549805,9.803751945495605,8.593354225158691,6.732118606567383,4.441727161407471,3.514650821685791,3.338613271713257,2.9752390384674072,3.4365105628967285,4.219830513000488,4.8660125732421875,5.582737445831299,6.37288761138916,7.250127792358398,8.193896293640137,9.191051483154297,10.141716957092285,10.97612476348877,11.721482276916504,12.451708793640137,13.258599281311035,14.183402061462402,15.197413444519043,16.349227905273438,16.482807159423828,15.770272254943848,16.88306427001953
27.484661102294922,29.752971649169922,30.304336547851562,30.85167121887207,31.89513397216797,31.849382400512695,30.604944229125977,28.196956634521484,24.90824317932129,22.075902938842773,19.983259201049805,18.75973892211914,17.896568298339844,16.600854873657227,14.940323829650879,13.336660385131836,11.34386157989502,9.094871520996094,7.432774543762207,6.428060054779053,4.790621757507324,2.34708571434021,1.3212591409683228,1.9667227268218994,2.602433681488037,3.3831183910369873,5.108140468597412,6.128077507019043,6.987738132476807,7.978143215179443,8.994279861450195,9.869141578674316,10.536218643188477,11.041074752807617,11.475139617919922,11.903935432434082,12.344374656677246,12.802488327026367,13.550567626953125,14.350296020507812,15.30247688293457,15.120990753173828,14.29035758972168,16.03131103515625
25.44687843322754,27.264158248901367,28.811996459960938,30.656291961669922,32.66200637817383,32.393497467041016,30.318519592285156,27.19097328186035,23.493581771850586,20.779735565185547,19.435718536376953,18.928050994873047,18.613191604614258,17.130355834960938,14.478262901306152,12.131217002868652,9.898932456970215,7.297412872314453,5.503283500671387,4.724639892578125,3.458425760269165,1.3713593482971191,1.2279783487319946,2.326880693435669,4.045504570007324,4.6866607666015625,6.2760396003723145,7.6157097816467285,8.683069229125977,9.70773983001709,10.767045021057129,11.87430477142334,12.92417049407959,13.70753002166748,14.1220064163208,14.202913284301758,14.04505443572998,13.65247917175293,13.371855735778809,13.2854585647583,13.646010398864746,13.4585599899292,12.750643730163574,15.33489990234375
22.248720169067383,24.693254470825195,27.815135955810547,31.416213989257812,33.96038055419922,33.63944625854492,31.39118003845215,27.905012130737305,23.966617584228516,21.011028289794922,19.427631378173828,18.840564727783203,18.270977020263672,16.448457717895508,13.433748245239258,10.992253303527832,8.815742492675781,6.3267998695373535,4.662878513336182,3.965674638748169,3.329035997390747,2.5144338607788086,2.6693508625030518,3.0622427463531494,4.334963321685791,6.403674125671387,7.584170818328857,8.35308837890625,9.17364501953125,10.196076393127441,11.507013320922852,13.027848243713379,14.519960403442383,15.677590370178223,16.291048049926758,16.342334747314453,15.909992218017578,15.064204216003418,14.116148948669434,13.451285362243652,13.191400527954102,13.021344184875488,12.019872665405273,14.167311668395996
20.44932746887207,23.147192001342773,26.616527557373047,30.763504028320312,33.54143524169922,33.99224853515625,32.24032211303711,28.8089656829834,24.82164764404297,21.34733772277832,18.951066970825195,17.840763092041016,16.832992553710938,14.96987533569336,12.358426094055176,10.110498428344727,7.865447044372559,5.572696208953857,3.9237465858459473,3.9452741146087646,3.9645113945007324,3.815635919570923,3.6030006408691406,3.697479009628296,4.3124165534973145,6.442546844482422,7.928831577301025,8.856582641601562,9.846794128417969,11.01768684387207,12.276525497436523,13.528857231140137,14.77225112915039,15.970125198364258,16.965335845947266,17.565494537353516,17.568174362182617,16.894075393676758,15.771834373474121,14.720827102661133,14.035609245300293,13.857019424438477,13.213923454284668,14.242165565490723
22.15121841430664,24.393205642700195,26.529321670532227,29.276535034179688,31.24355125427246,31.558198928833008,29.907506942749023,27.16082763671875,24.156091690063477,20.912845611572266,17.934045791625977,16.34258270263672,15.076972961425781,13.355953216552734,11.112496376037598,8.833562850952148,6.664550304412842,4.387094020843506,3.5231499671936035,3.829660654067993,3.624577045440674,3.767080307006836,3.8620123863220215,4.612468719482422,5.746790885925293,7.254861831665039,8.484548568725586,9.519418716430664,10.663186073303223,11.797805786132812,12.70033073425293,13.448164939880371,14.354805946350098,15.688026428222656,17.233678817749023,18.474464416503906,18.957876205444336,18.67255401611328,17.994253158569336,17.128345489501953,16.340829849243164,15.442532539367676,14.826147079467773,15.596709251403809
24.710983276367188,26.188013076782227,27.39706039428711,29.245107650756836,29.93825912475586,28.833662033081055,26.89935874938965,25.265199661254883,23.57862091064453,20.527191162109375,16.836761474609375,14.627060890197754,13.304313659667969,12.054045677185059,10.057520866394043,7.895523548126221,5.769622802734375,4.036694049835205,4.106971263885498,3.4332897663116455,2.504423141479492,3.5976333618164062,4.552906036376953,5.1873860359191895,6.031740665435791,7.412158489227295,8.842781066894531,10.256943702697754,11.66147518157959,12.939476013183594,14.107818603515625,15.147876739501953,15.949957847595215,16.64165496826172,17.611164093017578,18.936155319213867,20.171289443969727,20.80137062072754,20.68800163269043,19.747652053833008,18.62659454345703,17.45977210998535,16.584535598754883,17.233675003051758
