data/wind_data/wind_20_2.json
{"header": {"parameterUnit": "KT", "parameterCategory": 2, "nx": 256, "ny": 198, "lo1": 44.73521041870117, "la1": -3.236724853515625, "lo2": 111.26478576660156, "la2": 43.468475341796875, "dx": 0.2609002888202667, "dy": -0.23708222806453705, "refTime": "2025-02-19 20:00:00", "forecastTime": 0, "parameterNumber": 2, "parameterNumberName": "eastward_wind"}, "data":
[rows 95 to 113 of 198, columns 86 to 128 of 256]
5.665534973144531,5.146901607513428,4.515924453735352,3.8960697650909424,3.291165590286255,2.715834617614746,2.164591073989868,1.8341588973999023,1.8776789903640747,1.823391079902649,1.3561875820159912,1.2946479320526123,1.7725428342819214,1.5828827619552612,0.7200921773910522,1.282899022102356,1.2126989364624023,0.4502839744091034,2.1605072021484375,5.23291015625,6.953403472900391,5.5916266441345215,2.8740928173065186,2.604092597961426,4.226010322570801,6.329168319702148,8.108233451843262,8.477075576782227,7.796400547027588,7.04425048828125,7.40051794052124,8.777682304382324,10.669570922851562,11.45500373840332,11.427155494689941,10.792959213256836,10.223834037780762,10.877189636230469,12.03305721282959,13.073517799377441,14.817888259887695,14.85493278503418,12.642498016357422
6.840950965881348,6.176934719085693,5.289871692657471,4.294273376464844,3.3770251274108887,2.9248275756835938,2.8793704509735107,2.9751429557800293,3.0997507572174072,3.120439291000366,2.760385036468506,2.2434232234954834,2.487560987472534,3.0458381175994873,2.2308778762817383,2.2256550788879395,3.867086410522461,3.3344461917877197,2.234586715698242,4.650284290313721,7.439396858215332,7.738868713378906,5.622546672821045,3.855792284011841,4.658707141876221,7.227817535400391,8.40446662902832,8.143275260925293,7.560165882110596,7.658356666564941,7.780107498168945,8.871176719665527,9.980615615844727,10.019302368164062,10.54435920715332,10.7235689163208,10.793388366699219,11.73377799987793,12.408411026000977,13.044651985168457,14.23397159576416,13.372004508972168,10.187521934509277
7.875840187072754,7.03857421875,5.970237731933594,4.781095027923584,3.6508190631866455,3.1671605110168457,3.5114383697509766,4.039830684661865,4.258935451507568,4.212759017944336,3.637648582458496,2.771411657333374,2.642359972000122,4.070484161376953,4.682562828063965,3.543475389480591,4.176198482513428,4.739212512969971,3.456069231033325,3.5918524265289307,6.5943145751953125,9.181662559509277,9.159586906433105,6.887422561645508,6.080045700073242,8.104755401611328,8.631315231323242,8.032519340515137,7.545422554016113,7.93550443649292,8.125475883483887,9.023163795471191,8.954766273498535,9.74797534942627,11.648049354553223,12.731192588806152,12.950512886047363,13.526337623596191,13.582515716552734,13.80101490020752,13.775069236755371,11.180427551269531,8.35639476776123
8.82703971862793,7.813220977783203,6.625577926635742,5.367570400238037,4.244129657745361,3.693441390991211,4.038187503814697,4.755579948425293,5.0959672927856445,5.039243698120117,4.520166873931885,3.840061664581299,3.4778873920440674,4.3429036140441895,5.840471267700195,5.266842365264893,4.578179359436035,4.56329345703125,5.0685601234436035,4.25509786605835,5.058279991149902,8.590855598449707,11.822415351867676,11.997638702392578,9.626873970031738,9.154781341552734,10.305139541625977,10.529937744140625,10.030529022216797,9.290050506591797,9.592787742614746,9.877507209777832,10.100174903869629,11.133087158203125,12.944374084472656,14.127836227416992,14.046140670776367,13.637267112731934,12.864616394042969,12.560752868652344,11.325087547302246,8.664624214172363,8.016117095947266
9.758318901062012,8.754453659057617,7.622497081756592,6.370127201080322,5.372809410095215,4.841437816619873,4.949309825897217,5.505681991577148,5.852443695068359,5.88756799697876,5.67963171005249,5.532254695892334,5.642328262329102,6.090852737426758,7.350996017456055,7.613925933837891,5.971912860870361,6.178652763366699,6.586032867431641,7.305896282196045,6.378284931182861,7.455834865570068,10.406062126159668,12.294540405273438,12.700723648071289,11.896770477294922,11.413527488708496,13.023340225219727,13.973526954650879,13.918434143066406,12.987500190734863,12.15096664428711,11.991148948669434,12.0684232711792,12.802101135253906,12.967774391174316,12.864174842834473,11.16755485534668,10.24353313446045,10.377931594848633,8.970419883728027,8.72718334197998,8.03287124633789
10.684572219848633,9.87458610534668,9.010477066040039,8.053374290466309,7.142748832702637,6.659886837005615,6.5308451652526855,6.679765224456787,6.8684234619140625,6.883941173553467,6.910772800445557,6.994409561157227,7.611940860748291,8.176214218139648,8.944757461547852,10.099035263061523,10.071011543273926,9.050752639770508,8.345732688903809,9.336104393005371,10.010836601257324,9.34754467010498,9.616191864013672,10.207152366638184,12.108837127685547,13.460984230041504,14.02798843383789,14.458611488342285,14.969245910644531,15.84076976776123,15.711430549621582,14.405634880065918,12.810881614685059,11.699496269226074,10.71254825592041,10.654339790344238,10.432198524475098,6.535953998565674,5.633285999298096,7.3041462898254395,8.386820793151855,8.95442008972168,6.29336404800415
11.482335090637207,10.991090774536133,10.427228927612305,9.860379219055176,9.212352752685547,8.666824340820312,8.284786224365234,8.293652534484863,8.407837867736816,8.21809196472168,8.168060302734375,7.955055236816406,8.409446716308594,9.344799995422363,9.855606079101562,10.887489318847656,12.151339530944824,11.791068077087402,10.972574234008789,10.952528953552246,11.831219673156738,12.164108276367188,11.994555473327637,12.157942771911621,13.724910736083984,15.87394905090332,17.247194290161133,17.40300750732422,16.554298400878906,16.354629516601562,16.51778221130371,15.788061141967773,14.229104042053223,11.829898834228516,8.976298332214355,9.048637390136719,8.485657691955566,3.2474961280822754,0.4140031635761261,2.829444408416748,6.112325191497803,4.40634298324585,0.7866851687431335
12.225995063781738,12.164194107055664,11.795269966125488,11.406137466430664,10.991015434265137,10.46562385559082,10.099143028259277,10.101923942565918,10.222326278686523,9.987446784973145,9.969832420349121,9.640766143798828,9.734864234924316,10.458398818969727,11.308987617492676,11.94983959197998,12.54280948638916,12.897416114807129,12.742297172546387,13.175312042236328,13.82205867767334,13.411888122558594,13.103655815124512,13.687310218811035,15.275116920471191,17.419031143188477,18.72178077697754,18.769773483276367,17.928707122802734,16.584291458129883,16.087322235107422,16.359256744384766,16.000078201293945,12.939248085021973,8.86417293548584,8.343544006347656,8.318646430969238,4.342257976531982,-0.8522706031799316,-2.4366190433502197,-1.563370704650879,-2.7037408351898193,-5.099642753601074
12.635318756103516,13.28394889831543,13.473541259765625,13.361980438232422,13.019481658935547,12.627735137939453,12.48293685913086,12.329771995544434,12.235396385192871,12.360868453979492,12.567319869995117,12.859784126281738,12.428415298461914,12.258349418640137,12.90071964263916,13.95084285736084,14.648552894592285,14.431468963623047,13.937972068786621,14.257689476013184,15.269801139831543,15.778486251831055,14.45760726928711,13.00798225402832,14.898381233215332,18.122838973999023,19.55522346496582,20.03590965270996,19.53985595703125,16.821672439575195,14.832114219665527,16.40732765197754,17.736906051635742,14.195151329040527,9.251462936401367,7.265788555145264,7.253353118896484,5.521490573883057,1.9408581256866455,-2.032258987426758,-2.3793601989746094,-2.190131664276123,-5.265856742858887
12.753595352172852,13.815743446350098,14.864910125732422,15.564105033874512,15.678305625915527,15.724863052368164,15.7667236328125,15.490467071533203,15.213996887207031,15.256515502929688,15.691465377807617,16.181093215942383,16.458263397216797,16.116239547729492,15.389609336853027,15.435159683227539,16.404922485351562,17.079532623291016,16.831710815429688,16.575775146484375,17.190412521362305,18.25904083251953,18.032705307006836,15.540578842163086,15.75208854675293,18.690601348876953,20.959821701049805,21.087650299072266,19.838809967041016,17.060047149658203,14.063064575195312,15.054779052734375,17.082021713256836,14.482826232910156,10.283097267150879,7.279842376708984,6.842034816741943,6.220026016235352,3.017786741256714,-0.5301605463027954,-0.9130640029907227,0.4445079565048218,0.10700903087854385
13.993734359741211,14.543061256408691,15.52076530456543,16.67755126953125,17.619461059570312,18.41222381591797,18.8153076171875,18.780874252319336,18.6470890045166,18.63930892944336,18.931121826171875,19.38912582397461,19.81818199157715,20.035581588745117,19.162343978881836,17.89544105529785,18.151830673217773,19.293771743774414,19.788311004638672,19.56008529663086,19.588329315185547,20.539995193481445,21.4464054107666,19.1671199798584,17.42774200439453,18.117895126342773,20.210702896118164,20.43503761291504,19.05356788635254,17.415067672729492,14.131332397460938,13.085479736328125,16.109586715698242,15.938444137573242,12.457655906677246,8.61620807647705,7.278202056884766,7.630437850952148,4.795448303222656,0.006284912582486868,-0.3981250524520874,0.26095345616340637,0.24133087694644928
17.262693405151367,17.158946990966797,17.352128982543945,18.00641632080078,18.85331153869629,19.628000259399414,20.315629959106445,20.793476104736328,21.0557861328125,21.3338565826416,21.869489669799805,22.36485481262207,22.661293029785156,22.807615280151367,22.21273422241211,20.919052124023438,20.412302017211914,21.47648048400879,22.82767677307129,23.031652450561523,22.67656707763672,23.77637481689453,25.588821411132812,24.57880973815918,21.38136100769043,18.33616828918457,17.78571319580078,18.481569290161133,18.087909698486328,17.60551643371582,14.876253128051758,11.63631534576416,14.097419738769531,16.951133728027344,14.461641311645508,9.849605560302734,7.4629950523376465,7.255194187164307,5.783117294311523,1.7769875526428223,0.7724844217300415,-0.008120513521134853,-0.8930010795593262
20.630685806274414,20.507200241088867,20.681787490844727,21.098312377929688,21.529558181762695,21.723705291748047,21.863544464111328,22.195703506469727,22.70315933227539,23.301088333129883,23.90740394592285,24.379995346069336,24.98141860961914,25.65140724182129,25.288131713867188,23.64292335510254,22.582616806030273,23.375566482543945,24.991199493408203,26.25347900390625,26.670507431030273,26.54087257385254,26.63897705078125,26.51552963256836,24.832054138183594,19.74810218811035,15.811789512634277,16.48670196533203,17.287839889526367,17.481626510620117,16.050132751464844,12.766983985900879,12.659186363220215,16.238506317138672,15.21717357635498,10.203995704650879,7.402974605560303,6.548150062561035,5.955069541931152,2.605074644088745,1.2118210792541504,0.1103992909193039,-0.7791428565979004
23.746004104614258,23.5881290435791,23.948558807373047,24.60787582397461,25.15333366394043,25.260900497436523,25.053558349609375,24.896875381469727,25.107067108154297,25.566526412963867,26.047237396240234,26.298254013061523,26.69967269897461,27.96417236328125,28.820415496826172,27.335723876953125,25.2331485748291,25.21430206298828,26.76200294494629,28.32364845275879,28.808095932006836,27.910776138305664,26.572452545166016,26.225955963134766,26.539878845214844,22.768314361572266,16.908998489379883,14.606639862060547,14.412426948547363,15.450267791748047,16.590383529663086,15.17999267578125,12.901411056518555,13.480582237243652,12.508779525756836,8.555473327636719,6.786554336547852,6.162219524383545,5.917599678039551,3.2589826583862305,1.6494250297546387,-0.8880534172058105,-1.6154780387878418
27.491512298583984,27.631227493286133,28.222068786621094,28.678869247436523,28.77527618408203,28.641063690185547,28.497737884521484,28.354360580444336,28.299598693847656,28.397235870361328,28.584001541137695,28.828502655029297,29.23274803161621,30.111289978027344,31.250011444091797,31.00478172302246,29.065109252929688,27.976573944091797,28.75444793701172,29.749330520629883,29.98257827758789,29.34908676147461,28.319448471069336,27.117019653320312,26.663835525512695,23.93832015991211,18.14303970336914,14.55839729309082,13.573589324951172,13.352639198303223,14.88932991027832,16.555809020996094,13.95773696899414,11.597801208496094,10.194826126098633,7.404356479644775,6.305179119110107,6.153559684753418,5.576305389404297,3.571657419204712,1.486066222190857,0.08406651020050049,-1.9489831924438477
26.244842529296875,28.45789909362793,30.809465408325195,32.131126403808594,32.42353057861328,32.22591018676758,32.016536712646484,31.801860809326172,31.592164993286133,31.548986434936523,31.55979347229004,31.70713996887207,32.230491638183594,32.888877868652344,33.55610656738281,33.83769989013672,32.96169662475586,31.76770782470703,31.61537742614746,31.836776733398438,31.306413650512695,30.44729995727539,29.646440505981445,28.07749366760254,26.990848541259766,24.830873489379883,20.0389347076416,16.240449905395508,14.322805404663086,13.157936096191406,13.800681114196777,16.733455657958984,15.155237197875977,10.755915641784668,8.384182929992676,6.141981601715088,5.012477397918701,4.768432140350342,4.269515037536621,2.82658052444458,2.2249224185943604,3.881058692932129,0.897431492805481
20.002164840698242,24.8416748046875,28.983898162841797,31.10993766784668,32.08412170410156,33.04100036621094,34.12088394165039,34.97882843017578,35.49492263793945,35.78889465332031,35.77717971801758,35.522159576416016,35.538883209228516,35.82603454589844,36.037017822265625,36.1794548034668,35.93784713745117,35.164249420166016,34.72224044799805,34.311729431152344,32.76305389404297,31.721996307373047,30.38412857055664,26.1418399810791,23.060035705566406,22.06151008605957,20.371362686157227,18.661773681640625,17.436128616333008,15.676465034484863,14.423428535461426,16.895286560058594,16.244712829589844,9.914112091064453,6.574645519256592,4.899531364440918,3.7817037105560303,3.4150607585906982,3.6776070594787598,2.7434511184692383,2.2653796672821045,3.4188010692596436,1.1302146911621094
15.918553352355957,21.576997756958008,25.12102699279785,25.893787384033203,25.38770866394043,26.25149154663086,28.41984748840332,30.9061336517334,33.36206817626953,35.73143768310547,37.92525100708008,39.47053146362305,39.95731735229492,39.587738037109375,38.73359298706055,37.81284713745117,37.15476989746094,36.692405700683594,36.468505859375,35.80292510986328,34.00396728515625,33.6956901550293,31.622879028320312,23.94232940673828,17.559463500976562,16.503616333007812,16.37465476989746,15.468287467956543,15.18689250946045,16.649578094482422,17.675823211669922,18.9501895904541,16.023584365844727,7.808374404907227,4.9417805671691895,4.521003246307373,3.962563991546631,3.6287901401519775,3.7829208374023438,2.462797164916992,2.1456308364868164,-0.5972837209701538,-2.8755717277526855
11.863093376159668,15.245477676391602,16.87244415283203,16.150840759277344,14.733753204345703,15.309065818786621,17.634601593017578,20.394634246826172,23.42340087890625,26.982173919677734,30.882190704345703,34.94356918334961,38.779624938964844,41.43851089477539,41.67352294921875,39.61246871948242,36.73733139038086,35.47021484375,35.939422607421875,35.35005569458008,34.09903335571289,34.98401641845703,31.148826599121094,19.65416145324707,12.173095703125,10.753710746765137,11.930839538574219,13.06645393371582,14.192869186401367,16.351858139038086,19.879396438598633,21.568880081176758,15.606404304504395,7.165989875793457,3.9755024909973145,3.8149421215057373,3.641965389251709,3.3884313106536865,3.2618398666381836,2.1373016834259033,-0.8206960558891296,-5.708179473876953,-6.913405418395996
