data/wind_data/wind_55_2.json
{"header": {"parameterUnit": "KT", "parameterCategory": 2, "nx": 256, "ny": 198, "lo1": 44.73521041870117, "la1": -3.236724853515625, "lo2": 111.26478576660156, "la2": 43.468475341796875, "dx": 0.2609002888202667, "dy": -0.23708222806453705, "refTime": "2025-02-21 07:00:00", "forecastTime": 0, "parameterNumber": 2, "parameterNumberName": "eastward_wind"}, "data":
[rows 76 to 94 of 198, columns 172 to 214 of 256]
-6.27532958984375,-5.673367500305176,-5.11035680770874,-4.594931125640869,-4.129795074462891,-3.6276931762695312,-3.0292932987213135,-2.1691653728485107,-0.9133182168006897,0.6523916721343994,2.1302225589752197,2.925313711166382,2.5586049556732178,1.541101098060608,1.8525351285934448,3.232112169265747,3.6374006271362305,2.1131865978240967,-1.8327455520629883,-1.9541888236999512,-3.7786996364593506,-4.459249973297119,-5.6831955909729,-5.917542934417725,-8.21589469909668,-5.782432556152344,-3.73897385597229,-3.1102635860443115,-2.421201705932617,-2.365786075592041,-0.5440239906311035,-3.5982918739318848,-2.4610862731933594,-5.3870158195495605,-6.382310390472412,-13.191831588745117,-12.463444709777832,-6.85845422744751,-5.501195430755615,-3.9117913246154785,-5.775691509246826,-5.181506633758545,-10.13361644744873
-7.78701114654541,-7.417234897613525,-7.136404514312744,-6.8654890060424805,-6.386720180511475,-5.877824783325195,-5.332749366760254,-4.479366302490234,-3.205911159515381,-1.5344561338424683,0.48210498690605164,2.184725046157837,2.3903372287750244,0.8483874797821045,0.012748394161462784,1.5965543985366821,3.195054292678833,3.630338668823242,-0.03373672068119049,-0.41422268748283386,-3.470428943634033,-3.076493740081787,-4.871808052062988,-5.617453098297119,-6.125914573669434,-6.4409966468811035,-6.274424076080322,-3.310391664505005,-3.0877621173858643,-0.9585008025169373,-2.4144740104675293,-3.9436635971069336,-5.2150559425354,-6.060163497924805,-9.99422550201416,-12.728092193603516,-10.799464225769043,-6.1978349685668945,-3.488823413848877,-2.108555316925049,-1.6903505325317383,-1.7801792621612549,-8.465096473693848
-8.22879409790039,-7.763128280639648,-7.758392810821533,-7.703494548797607,-7.369180679321289,-7.208311557769775,-7.208344459533691,-6.861326217651367,-6.008466720581055,-4.6262993812561035,-2.567917823791504,-0.09168433398008347,1.5792310237884521,0.67630535364151,-1.4863141775131226,-0.8427747488021851,1.5835386514663696,2.840214252471924,1.3951822519302368,0.8821556568145752,-2.222529649734497,-2.511640787124634,-3.4621763229370117,-5.18465518951416,-5.184659957885742,-5.2672953605651855,-5.771283149719238,-4.903116703033447,-4.5491180419921875,-3.5145316123962402,-3.7238950729370117,-4.842583656311035,-6.371750354766846,-9.328643798828125,-11.153087615966797,-11.589522361755371,-8.877885818481445,-5.966786861419678,-6.460601329803467,-6.2442946434021,-7.434746265411377,-7.334085941314697,-9.741254806518555
-8.609121322631836,-7.631207466125488,-7.889972686767578,-7.975714206695557,-7.9926605224609375,-8.274526596069336,-8.595100402832031,-8.566856384277344,-8.203360557556152,-7.2715349197387695,-5.487188816070557,-3.070615768432617,-0.5855774283409119,0.1977483481168747,-1.8672412633895874,-2.9087107181549072,-0.7719231843948364,1.3318055868148804,2.2689061164855957,-0.6344048976898193,0.9416202902793884,-3.1948421001434326,-1.8760684728622437,-4.676985740661621,-4.5468034744262695,-4.572819709777832,-4.580653190612793,-4.82293176651001,-3.864950180053711,-2.5557701587677,-3.8492932319641113,-2.502857208251953,-5.856373310089111,-7.810863971710205,-10.107756614685059,-10.03797721862793,-8.390963554382324,-7.216673374176025,-8.202197074890137,-7.1269965171813965,-6.718257427215576,-6.672855377197266,-9.688882827758789
-9.074066162109375,-7.824519634246826,-8.037946701049805,-8.067002296447754,-8.284843444824219,-8.64517593383789,-8.74551773071289,-8.468412399291992,-8.14799976348877,-7.494239330291748,-6.34780740737915,-4.879892349243164,-3.0915236473083496,-1.362912893295288,-1.434797763824463,-2.910196304321289,-2.8719685077667236,-0.6906233429908752,1.3063138723373413,-0.36196643114089966,2.9192311763763428,-3.987980365753174,-0.7121579647064209,-3.4334940910339355,-3.8421669006347656,-3.7386460304260254,-3.339416265487671,-3.944810152053833,-3.1459858417510986,-3.036536455154419,-1.4763002395629883,-1.560766577720642,-2.4890830516815186,-5.622935771942139,-8.715178489685059,-9.153299331665039,-7.432188987731934,-6.181278705596924,-5.002963542938232,-2.2343204021453857,-0.1832382082939148,1.1082614660263062,-5.589717864990234
-9.101835250854492,-7.862110137939453,-7.885487079620361,-7.90635347366333,-8.100747108459473,-8.273322105407715,-8.289389610290527,-7.913589000701904,-7.484882831573486,-6.735665321350098,-5.913913249969482,-5.151401996612549,-4.226492881774902,-3.0649325847625732,-1.8676190376281738,-2.3325912952423096,-3.60718035697937,-2.4075584411621094,-0.5211120843887329,-0.28219711780548096,1.3430036306381226,-1.9375653266906738,-0.741974949836731,-2.7774226665496826,-3.3005847930908203,-3.0754048824310303,-2.480299949645996,-2.5915937423706055,-3.0057010650634766,-2.5503857135772705,-0.5661271214485168,-1.9284747838974,-2.2637600898742676,-4.5235066413879395,-8.761364936828613,-8.1953763961792,-5.893399238586426,-3.9373185634613037,-3.204061508178711,-0.24099108576774597,-1.307343602180481,-1.1820489168167114,-4.475392818450928
-8.710810661315918,-7.915804386138916,-7.581439971923828,-7.760706424713135,-7.8543548583984375,-7.886953830718994,-8.133339881896973,-8.10682487487793,-7.743917465209961,-6.864980220794678,-5.988679885864258,-5.442192077636719,-4.8381500244140625,-3.9545838832855225,-3.2421326637268066,-3.11911678314209,-3.5286614894866943,-1.6726901531219482,0.4116087555885315,6.1913676261901855,-1.5624538660049438,-0.10739187151193619,-1.4574403762817383,-1.1612111330032349,-2.520716905593872,-2.6441824436187744,-2.043489456176758,-1.160387635231018,-1.8118940591812134,-2.0904624462127686,-1.0399869680404663,-1.70512056350708,-1.8451001644134521,-4.7798614501953125,-5.884087562561035,-5.9864068031311035,-4.2835164070129395,-3.0466725826263428,-2.480712413787842,-1.4509836435317993,-2.3169915676116943,-3.944035291671753,-5.327069282531738
-8.727431297302246,-7.817948341369629,-7.551876068115234,-7.6132588386535645,-7.607878684997559,-7.669556140899658,-8.153769493103027,-8.399085998535156,-8.170218467712402,-7.437313079833984,-6.528240203857422,-6.222165107727051,-6.167598247528076,-5.500278472900391,-5.172980785369873,-5.761998176574707,-5.1322832107543945,-1.9011343717575073,-0.04614231735467911,6.84393835067749,-2.3366708755493164,-0.4061046838760376,-0.8295928239822388,0.0689937025308609,-0.12062204629182816,-1.9849622249603271,-1.4569504261016846,0.5066061615943909,-0.28410792350769043,-1.1178584098815918,-1.6306918859481812,0.16812103986740112,-2.3492822647094727,-4.187018394470215,-4.959040641784668,-4.211988925933838,-3.7978010177612305,-3.3824939727783203,-1.9946413040161133,-3.0494956970214844,-2.036557674407959,-5.1127448081970215,-3.888115644454956
-8.2677640914917,-7.9339919090271,-7.717148780822754,-7.695523262023926,-7.64471960067749,-7.770893573760986,-8.07455825805664,-8.194520950317383,-8.255314826965332,-8.041019439697266,-7.530545711517334,-7.609037399291992,-7.668497562408447,-7.169155120849609,-7.247295379638672,-8.215072631835938,-7.975582599639893,-3.643167734146118,0.3935701549053192,4.520940780639648,-1.814101219177246,-1.2894920110702515,-0.020442107692360878,1.3891650438308716,1.2164384126663208,-0.8487821817398071,-0.8831387162208557,2.7149226665496826,0.9193091988563538,-0.7776236534118652,-1.4364608526229858,-0.22653502225875854,-2.364226818084717,-5.13410758972168,-4.529479026794434,-2.770963430404663,-3.534024477005005,-2.6316847801208496,-2.542513847351074,-2.4070043563842773,-1.0416303873062134,-2.7870500087738037,-1.8266128301620483
-6.8734283447265625,-7.36860466003418,-7.740692138671875,-7.894753456115723,-7.845957279205322,-8.037352561950684,-8.07679557800293,-7.981406211853027,-8.218343734741211,-8.350625991821289,-8.54596996307373,-9.066109657287598,-8.828743934631348,-8.235655784606934,-8.632156372070312,-8.917468070983887,-7.0596842765808105,-1.5984920263290405,3.871476411819458,1.5266940593719482,-0.6804627180099487,-2.0109264850616455,1.3377097845077515,2.287682056427002,0.9948992729187012,0.4817729592323303,0.6083977818489075,2.6634860038757324,6.2090067863464355,2.6000614166259766,-2.5813798904418945,-0.5011696815490723,-1.3655948638916016,-0.9136749505996704,-4.5936784744262695,-3.6449623107910156,-0.9498475193977356,-1.253538727760315,-2.28263258934021,-1.6330668926239014,-1.464193344116211,-1.8011691570281982,0.34513598680496216
-5.405970573425293,-6.367646217346191,-7.2443461418151855,-7.496193885803223,-7.776943206787109,-7.989813804626465,-8.038342475891113,-8.002263069152832,-8.198355674743652,-8.29223918914795,-8.69409465789795,-9.615073204040527,-9.400728225708008,-8.287418365478516,-8.330520629882812,-8.946357727050781,-5.2941083908081055,0.7063732743263245,-1.4421017169952393,0.3014127016067505,-2.016342878341675,-1.2505396604537964,1.3608232736587524,2.894937515258789,-0.667477548122406,1.0369449853897095,3.962512493133545,3.4763622283935547,4.585980415344238,4.837647914886475,-0.6586498022079468,1.2015782594680786,-1.7746070623397827,-0.8407091498374939,-3.888760805130005,-2.973846912384033,-1.127012848854065,-1.1063849925994873,-3.5433437824249268,-2.2904157638549805,-0.5514261722564697,-1.3379138708114624,0.7575026154518127
-4.897254943847656,-5.765078067779541,-6.382262229919434,-6.954226970672607,-7.582380771636963,-7.783388137817383,-7.852838516235352,-7.9677605628967285,-8.144449234008789,-8.053625106811523,-8.057740211486816,-9.039994239807129,-9.516316413879395,-8.32178020477295,-6.334867477416992,-3.3818211555480957,-3.9220728874206543,-2.5906527042388916,-2.959455728530884,-2.8485283851623535,-2.696071147918701,-1.0130860805511475,2.7769792079925537,1.891735315322876,-0.817537248134613,1.4081785678863525,6.04109001159668,5.325762748718262,5.471027851104736,5.729308128356934,0.24457521736621857,2.335339069366455,1.052049994468689,-1.3862684965133667,-2.2001547813415527,-1.162722110748291,-0.7154991030693054,0.14524661004543304,-3.2670578956604004,-1.1713740825653076,0.7066375613212585,-1.318623423576355,-1.2690238952636719
-4.687613487243652,-5.256789207458496,-5.9266533851623535,-6.4031081199646,-7.178744792938232,-7.4535813331604,-7.389672756195068,-7.5810418128967285,-7.781169891357422,-7.566477298736572,-7.271261692047119,-8.05081844329834,-9.10883903503418,-9.135087966918945,-8.451498031616211,-5.317471027374268,-3.110487222671509,-4.900583267211914,-3.8801820278167725,-4.2846198081970215,-2.683635950088501,-0.3453603982925415,2.161203145980835,2.740601062774658,-0.27697432041168213,2.3349218368530273,7.278600692749023,7.244086742401123,7.709775924682617,5.390666484832764,1.9849566221237183,3.468336582183838,1.7525050640106201,2.0618696212768555,0.6959272623062134,-0.13886509835720062,0.3318483233451843,0.1882975548505783,-1.235839605331421,-1.1962237358093262,-0.1426115334033966,0.8631535172462463,-1.803583025932312
-4.537121295928955,-5.0069899559021,-5.53202486038208,-5.853977680206299,-6.481550216674805,-6.872452735900879,-6.88141393661499,-7.041103363037109,-7.0373945236206055,-6.706698417663574,-6.3290557861328125,-6.8448076248168945,-7.863367080688477,-8.204495429992676,-7.722698211669922,-5.853036880493164,-3.3423492908477783,-6.104427337646484,-6.412590026855469,-4.96965217590332,-2.7889881134033203,-0.22096729278564453,2.2483298778533936,3.583699941635132,2.9203803539276123,3.26442289352417,7.702395439147949,8.838886260986328,5.995307445526123,6.502307415008545,3.150873899459839,3.476414918899536,3.7575979232788086,2.298675537109375,2.178344249725342,-0.8813777565956116,0.5969153046607971,-0.9926453828811646,-1.439479112625122,-1.7992593050003052,1.102977991104126,1.2775434255599976,-0.44110307097435
-3.932213306427002,-4.857791900634766,-5.072875022888184,-5.254850387573242,-5.721830368041992,-6.209301471710205,-6.56688117980957,-6.787365913391113,-6.373277187347412,-5.695301055908203,-5.275027751922607,-5.116302967071533,-4.9312052726745605,-4.320655822753906,-3.940622091293335,-1.7142424583435059,-6.763651371002197,-6.755829334259033,-7.99948787689209,-5.613481521606445,-2.2620925903320312,-0.17714403569698334,2.573669910430908,3.4695963859558105,3.6516010761260986,4.5029778480529785,6.882635116577148,10.659453392028809,6.16776704788208,6.12563419342041,4.259666442871094,4.158645153045654,5.550926208496094,3.406592845916748,-1.2475169897079468,0.420213520526886,1.8979082107543945,-1.818024754524231,-1.798324704170227,-0.668450117111206,-0.6577255725860596,2.589176893234253,-1.751641869544983
-2.8520519733428955,-4.006043910980225,-4.3975653648376465,-4.585558891296387,-5.0276265144348145,-5.586447238922119,-6.282086372375488,-6.820898056030273,-6.353479385375977,-5.16218900680542,-4.393616199493408,-3.7240993976593018,-2.5673294067382812,4.132440090179443,2.071120500564575,-4.934556007385254,-5.012938499450684,-7.784456729888916,-7.426993370056152,-4.184377670288086,-1.9557768106460571,-0.7236578464508057,0.6054487228393555,2.981004476547241,2.270906686782837,4.727077007293701,7.664940357208252,9.919234275817871,8.905681610107422,6.4461588859558105,4.797754287719727,4.957126140594482,5.577146053314209,4.213540077209473,-3.568272829055786,1.3766860961914062,0.582461953163147,-0.6040882468223572,-1.459788203239441,-0.20126260817050934,-0.56013423204422,2.583146810531616,0.7108227610588074
-1.6570556163787842,-2.6511447429656982,-3.338270425796509,-3.9144983291625977,-4.463152885437012,-5.02996826171875,-5.835941791534424,-6.8166608810424805,-6.880870342254639,-5.492340087890625,-3.6372358798980713,-1.371513843536377,-0.5685906410217285,1.772981882095337,0.36405321955680847,-0.8530982732772827,-5.550624847412109,-8.111662864685059,-6.173733711242676,-3.894638776779175,-2.3956925868988037,-1.67366361618042,-1.3897719383239746,0.6796286106109619,1.4376685619354248,5.344484806060791,7.66283655166626,10.170374870300293,7.534378528594971,9.5000638961792,5.884406089782715,5.486724853515625,5.161985874176025,4.189208030700684,2.540623903274536,-2.073951482772827,-0.480663001537323,-0.21703258156776428,-2.831512928009033,-2.178452253341675,-0.8031854629516602,-0.19966664910316467,2.726357936859131
-0.5084837079048157,-1.3199516534805298,-2.1853396892547607,-3.155378580093384,-3.9424517154693604,-4.420437335968018,-5.18730354309082,-6.3915839195251465,-6.967558860778809,-5.877959251403809,-2.0510661602020264,2.205872058868408,-0.12197675555944443,0.8244860768318176,3.320708751678467,-1.1962668895721436,-3.6364023685455322,-7.720592975616455,-6.1963210105896,-3.8032002449035645,-3.0656065940856934,-2.4926366806030273,-2.4641072750091553,-0.7385345101356506,1.0355504751205444,5.383367538452148,7.721248626708984,8.668806076049805,5.6465325355529785,11.354347229003906,3.012559652328491,5.552450180053711,3.7934486865997314,2.3960928916931152,5.101371765136719,1.1435915231704712,-0.825811505317688,-4.8193039894104,-4.234023571014404,-3.7903101444244385,-2.1842315196990967,-0.6449098587036133,1.3678392171859741
0.13970588147640228,-0.3838684856891632,-1.2823469638824463,-2.2855770587921143,-3.0147018432617188,-3.5039124488830566,-4.367498874664307,-5.488840579986572,-5.939809799194336,-4.7303853034973145,0.975286602973938,-0.2599753141403198,2.0068557262420654,1.1720695495605469,3.5575084686279297,2.7397239208221436,-2.986562490463257,-6.587461948394775,-6.303989887237549,-3.8336668014526367,-3.452563524246216,-2.776149034500122,-2.2928781509399414,-1.0754776000976562,0.17537158727645874,5.234500408172607,10.99494457244873,5.009650707244873,4.794778823852539,5.93011474609375,4.61544942855835,5.876825332641602,2.3168179988861084,2.494565010070801,2.631974220275879,6.135497093200684,1.608203411102295,-0.26175981760025024,-3.6919500827789307,-2.4199607372283936,-3.084735155105591,-0.8941548466682434,-1.5658646821975708
