data/wind_data/wind_30_2.json
{"header": {"parameterUnit": "KT", "parameterCategory": 2, "nx": 256, "ny": 198, "lo1": 44.73521041870117, "la1": -3.236724853515625, "lo2": 111.26478576660156, "la2": 43.468475341796875, "dx": 0.2609002888202667, "dy": -0.23708222806453705, "refTime": "2025-02-20 06:00:00", "forecastTime": 0, "parameterNumber": 2, "parameterNumberName": "eastward_wind"}, "data":
[rows 76 to 94 of 198, columns 43 to 85 of 256]
-5.1564621925354,-6.132905006408691,-7.067698001861572,-7.9025068283081055,-8.514819145202637,-8.837786674499512,-8.94796085357666,-8.980234146118164,-9.045907020568848,-9.173847198486328,-9.307597160339355,-9.39310073852539,-9.423640251159668,-9.434561729431152,-9.45103645324707,-9.454399108886719,-9.391958236694336,-9.267934799194336,-9.13851547241211,-9.064770698547363,-9.081143379211426,-9.097515106201172,-9.0379056930542,-8.922011375427246,-8.755083084106445,-8.527519226074219,-8.19003677368164,-7.734227657318115,-7.199903964996338,-6.6672163009643555,-6.303723335266113,-6.231473922729492,-6.408203601837158,-6.6863322257995605,-6.947827339172363,-7.156891345977783,-7.280762195587158,-7.271161079406738,-7.250781536102295,-7.292677879333496,-7.259643077850342,-7.233788967132568,-7.35073184967041
-4.489907741546631,-5.482950687408447,-6.386287689208984,-7.184229850769043,-7.815454006195068,-8.205183982849121,-8.381288528442383,-8.442423820495605,-8.504982948303223,-8.646219253540039,-8.829635620117188,-8.987363815307617,-9.082528114318848,-9.114557266235352,-9.112076759338379,-9.0708646774292,-8.939943313598633,-8.744115829467773,-8.577414512634277,-8.509384155273438,-8.5536470413208,-8.576382637023926,-8.477727890014648,-8.283669471740723,-8.055449485778809,-7.810782432556152,-7.496801376342773,-7.063385486602783,-6.5334296226501465,-6.020604133605957,-5.671380996704102,-5.593419551849365,-5.78349494934082,-6.105342864990234,-6.361795425415039,-6.4967780113220215,-6.575171947479248,-6.619114875793457,-6.61746883392334,-6.62199592590332,-6.695783615112305,-6.779078006744385,-6.966015338897705
-3.942891836166382,-4.939723014831543,-5.7334370613098145,-6.471743106842041,-7.1034979820251465,-7.553095817565918,-7.826975345611572,-7.993812561035156,-8.127166748046875,-8.272805213928223,-8.41164779663086,-8.551081657409668,-8.683772087097168,-8.754301071166992,-8.738784790039062,-8.667353630065918,-8.513274192810059,-8.283440589904785,-8.069838523864746,-7.98128080368042,-8.019824981689453,-8.055463790893555,-7.961930274963379,-7.72420072555542,-7.446768283843994,-7.165668964385986,-6.835914611816406,-6.430129528045654,-5.980299949645996,-5.593914031982422,-5.320113182067871,-5.202054500579834,-5.28643274307251,-5.511738300323486,-5.73578405380249,-5.885960578918457,-5.968456745147705,-5.970472812652588,-5.954826831817627,-6.019882678985596,-6.152021884918213,-6.352024555206299,-6.6563496589660645
-3.630988836288452,-4.513176918029785,-5.18054723739624,-5.765340328216553,-6.330077648162842,-6.824174404144287,-7.198994159698486,-7.508275032043457,-7.783498287200928,-8.006561279296875,-8.130392074584961,-8.20831298828125,-8.29941463470459,-8.356853485107422,-8.314223289489746,-8.195481300354004,-8.025629997253418,-7.810417175292969,-7.612775802612305,-7.5102763175964355,-7.508215427398682,-7.534433841705322,-7.478683948516846,-7.284057140350342,-7.02879524230957,-6.740251541137695,-6.3940653800964355,-6.000678539276123,-5.621087074279785,-5.354364395141602,-5.180685043334961,-5.054092884063721,-5.008749961853027,-5.082304000854492,-5.217974662780762,-5.336199760437012,-5.399582862854004,-5.403265953063965,-5.385296821594238,-5.448546409606934,-5.667466640472412,-6.009028434753418,-6.362312316894531
-3.450289011001587,-4.02500581741333,-4.539320468902588,-5.109087944030762,-5.627037048339844,-6.079542636871338,-6.501251220703125,-6.9177045822143555,-7.3345112800598145,-7.6694464683532715,-7.87258768081665,-7.958284854888916,-8.006632804870605,-8.012504577636719,-7.918595790863037,-7.730010986328125,-7.5063252449035645,-7.2911272048950195,-7.1234235763549805,-7.003143787384033,-6.933769226074219,-6.928893089294434,-6.937838554382324,-6.868649005889893,-6.724515914916992,-6.496511936187744,-6.18598747253418,-5.821384429931641,-5.479275703430176,-5.262439727783203,-5.142056465148926,-5.041347503662109,-4.959290504455566,-4.917901039123535,-4.926133632659912,-4.962431907653809,-4.968794345855713,-4.916897773742676,-4.886378765106201,-4.982513427734375,-5.260087013244629,-5.666572093963623,-6.022572040557861
-2.733198404312134,-3.120002031326294,-3.799515962600708,-4.418872356414795,-5.047265529632568,-5.52149772644043,-5.934920787811279,-6.357136249542236,-6.823860168457031,-7.246127128601074,-7.551730155944824,-7.709192276000977,-7.7625885009765625,-7.727015018463135,-7.576603889465332,-7.319801330566406,-7.0235161781311035,-6.769096374511719,-6.575711727142334,-6.411930084228516,-6.283812999725342,-6.272041320800781,-6.355382919311523,-6.4204583168029785,-6.394124984741211,-6.251724720001221,-6.004212379455566,-5.670581817626953,-5.344518661499023,-5.174895286560059,-5.166790008544922,-5.1849470138549805,-5.135024070739746,-5.002659320831299,-4.845489978790283,-4.730665683746338,-4.650226593017578,-4.5733208656311035,-4.5473809242248535,-4.632975101470947,-4.88402795791626,-5.265809059143066,-5.579631328582764
-3.632061004638672,-3.666985273361206,-3.6276488304138184,-4.26336669921875,-4.631399154663086,-5.0554680824279785,-5.465787410736084,-5.898151397705078,-6.358860969543457,-6.836751461029053,-7.212395668029785,-7.438597202301025,-7.523301601409912,-7.474495887756348,-7.274593830108643,-6.937215328216553,-6.561262130737305,-6.241147518157959,-5.996196746826172,-5.7921881675720215,-5.659698009490967,-5.6871747970581055,-5.854003429412842,-6.0326361656188965,-6.100571155548096,-6.015986442565918,-5.782597064971924,-5.4271416664123535,-5.089250564575195,-4.945940017700195,-5.0347089767456055,-5.199274063110352,-5.241899490356445,-5.1025567054748535,-4.855148792266846,-4.60573673248291,-4.423108100891113,-4.32951545715332,-4.3069915771484375,-4.343729019165039,-4.504933834075928,-4.800546169281006,-5.058355808258057
-4.6172356605529785,-4.86223840713501,-4.671035289764404,-4.0711283683776855,-4.353535175323486,-4.670038223266602,-5.1353840827941895,-5.550310134887695,-5.956932544708252,-6.444557189941406,-6.84132719039917,-7.111903667449951,-7.271831512451172,-7.268507480621338,-7.047511100769043,-6.641036033630371,-6.166773796081543,-5.735729694366455,-5.390176296234131,-5.152050971984863,-5.083309173583984,-5.231960773468018,-5.516590118408203,-5.788613796234131,-5.924001693725586,-5.8547282218933105,-5.598538398742676,-5.2144551277160645,-4.854480743408203,-4.668173789978027,-4.671123027801514,-4.765641689300537,-4.832907199859619,-4.794919490814209,-4.633972644805908,-4.411479949951172,-4.210230350494385,-4.085655212402344,-4.0153703689575195,-3.97331166267395,-4.057450771331787,-4.289925575256348,-4.488102912902832
-4.890777111053467,-5.706244945526123,-5.414825916290283,-4.201967716217041,-4.142636299133301,-4.2956085205078125,-4.6702046394348145,-5.196404933929443,-5.661615371704102,-6.041634559631348,-6.372138977050781,-6.677515506744385,-6.980237007141113,-7.108696460723877,-6.908915996551514,-6.428406238555908,-5.829309463500977,-5.259801387786865,-4.792070388793945,-4.527225494384766,-4.557798385620117,-4.8644795417785645,-5.273684024810791,-5.6011433601379395,-5.7724080085754395,-5.750145435333252,-5.52064323425293,-5.1371378898620605,-4.750781536102295,-4.494209289550781,-4.377220153808594,-4.345836639404297,-4.3480048179626465,-4.326330661773682,-4.243626594543457,-4.105145454406738,-3.935638189315796,-3.7573492527008057,-3.606910467147827,-3.512927293777466,-3.551445960998535,-3.7118587493896484,-3.848165512084961
-4.864752292633057,-5.821117877960205,-5.525483131408691,-4.6562886238098145,-4.023935317993164,-3.7626473903656006,-4.066564559936523,-4.663750648498535,-5.264370441436768,-5.6573872566223145,-5.910037994384766,-6.236179828643799,-6.662857532501221,-6.909318447113037,-6.707258701324463,-6.109568119049072,-5.360463619232178,-4.670130252838135,-4.178706645965576,-4.010501861572266,-4.193789958953857,-4.617541313171387,-5.064901828765869,-5.3475236892700195,-5.465646743774414,-5.466358184814453,-5.323922634124756,-5.011392593383789,-4.62404203414917,-4.307486057281494,-4.122348785400391,-4.053062915802002,-4.0292510986328125,-3.9933719635009766,-3.912398099899292,-3.789306879043579,-3.6124162673950195,-3.356612205505371,-3.1149742603302,-3.0003762245178223,-3.0194735527038574,-3.15126895904541,-3.268810749053955
-4.6255717277526855,-5.227931499481201,-5.1534037590026855,-4.974503993988037,-4.408529281616211,-4.017437934875488,-4.083870887756348,-4.623874664306641,-5.022273540496826,-5.257776737213135,-5.490134239196777,-5.872864246368408,-6.386700630187988,-6.648744583129883,-6.354294300079346,-5.604391574859619,-4.703699588775635,-3.9405946731567383,-3.559234380722046,-3.637927770614624,-4.035505294799805,-4.529158592224121,-4.895756244659424,-5.005837917327881,-4.965181827545166,-4.893296718597412,-4.774244785308838,-4.5491790771484375,-4.2578020095825195,-3.9977612495422363,-3.824740171432495,-3.737919807434082,-3.707312822341919,-3.6763930320739746,-3.5804684162139893,-3.4293954372406006,-3.217254877090454,-2.9201226234436035,-2.6367015838623047,-2.5057621002197266,-2.5239429473876953,-2.69290828704834,-2.829549789428711
-3.8970580101013184,-4.156697750091553,-4.354692459106445,-4.620195388793945,-4.7004008293151855,-4.939070701599121,-5.082221508026123,-5.258726119995117,-5.212357521057129,-4.993154048919678,-5.082761764526367,-5.4773430824279785,-5.994845867156982,-6.17471170425415,-5.74651575088501,-4.884215354919434,-3.934192180633545,-3.271373987197876,-3.1537978649139404,-3.5103566646575928,-3.993659019470215,-4.3976054191589355,-4.622864246368408,-4.605008125305176,-4.452259540557861,-4.262693405151367,-4.068654537200928,-3.8607046604156494,-3.6765012741088867,-3.5428988933563232,-3.4393064975738525,-3.3476619720458984,-3.2901647090911865,-3.222452402114868,-3.0799808502197266,-2.8990814685821533,-2.673949956893921,-2.395077705383301,-2.170759439468384,-2.111518383026123,-2.2219245433807373,-2.4255993366241455,-2.4706215858459473
-2.721158981323242,-3.008084774017334,-3.5354652404785156,-4.036989688873291,-4.721686840057373,-5.69686222076416,-6.074286937713623,-5.671692848205566,-5.256211280822754,-4.743346214294434,-4.461002826690674,-4.728166103363037,-5.192429542541504,-5.229280471801758,-4.72512674331665,-3.9580953121185303,-3.196442127227783,-2.8323681354522705,-3.081181764602661,-3.674082040786743,-4.087491035461426,-4.2058868408203125,-4.141274452209473,-3.997959613800049,-3.8332788944244385,-3.6332314014434814,-3.4257867336273193,-3.2405431270599365,-3.062873601913452,-2.9309751987457275,-2.854933500289917,-2.795531749725342,-2.720228672027588,-2.5820934772491455,-2.3632726669311523,-2.1464953422546387,-1.9372128248214722,-1.7649216651916504,-1.7099227905273438,-1.805415391921997,-2.0215024948120117,-2.1852712631225586,-2.027662515640259
-1.351824402809143,-1.9502174854278564,-2.718524694442749,-3.5312154293060303,-4.768232822418213,-6.145473957061768,-6.360609531402588,-5.216641902923584,-4.354689121246338,-3.9506161212921143,-3.678450345993042,-3.9969780445098877,-4.403521537780762,-4.329286575317383,-3.9391205310821533,-3.4008452892303467,-2.8596181869506836,-2.7274467945098877,-3.243008613586426,-3.883932113647461,-4.097460746765137,-3.953634262084961,-3.7234365940093994,-3.5326621532440186,-3.353227138519287,-3.164586305618286,-2.9746570587158203,-2.757615327835083,-2.482200860977173,-2.201826333999634,-2.0392582416534424,-1.9667690992355347,-1.8487324714660645,-1.6260473728179932,-1.3606529235839844,-1.173174262046814,-1.0779505968093872,-1.0717703104019165,-1.1809509992599487,-1.3551506996154785,-1.5186307430267334,-1.5003223419189453,-1.2301613092422485
0.14109660685062408,-0.7410988807678223,-1.8824751377105713,-3.1138525009155273,-4.823070526123047,-6.056323528289795,-5.883502006530762,-4.3766608238220215,-3.213792085647583,-3.2215378284454346,-3.322925090789795,-3.648393154144287,-3.9178922176361084,-3.8129239082336426,-3.554624557495117,-3.132986307144165,-2.701765537261963,-2.7403969764709473,-3.3320469856262207,-3.8105199337005615,-3.791588068008423,-3.545736074447632,-3.3897347450256348,-3.3617517948150635,-3.2977614402770996,-3.119403839111328,-2.841965436935425,-2.4972715377807617,-2.0616543292999268,-1.6003535985946655,-1.2801960706710815,-1.0694074630737305,-0.821007490158081,-0.46804311871528625,-0.14099596440792084,-0.011962813325226307,-0.12084118276834488,-0.34143388271331787,-0.5008071064949036,-0.5326110124588013,-0.43684259057044983,-0.24940602481365204,-0.08151310682296753
1.1530437469482422,0.18196341395378113,-1.4305901527404785,-2.887450695037842,-4.4472527503967285,-5.262532711029053,-4.814105033874512,-2.7346959114074707,-2.0674009323120117,-2.1568424701690674,-2.572894334793091,-2.892320394515991,-3.115983486175537,-3.174952507019043,-3.0998356342315674,-2.7597219944000244,-2.398205041885376,-2.5065083503723145,-3.0225906372070312,-3.310131072998047,-3.2287790775299072,-3.0746798515319824,-3.129613161087036,-3.3505947589874268,-3.413557767868042,-3.1540818214416504,-2.729612112045288,-2.2592380046844482,-1.747130274772644,-1.185811161994934,-0.6677829623222351,-0.22351489961147308,0.2165646255016327,0.6565641164779663,0.9554312229156494,0.9892905950546265,0.7907349467277527,0.5408362746238708,0.4987545907497406,0.7030707597732544,0.9933508634567261,1.2252838611602783,1.2239410877227783
1.6479554176330566,0.6658661961555481,-1.4638608694076538,-2.941734790802002,-3.9621310234069824,-4.256768226623535,-2.748180627822876,-1.6337224245071411,-1.0838465690612793,-1.2862523794174194,-1.2463525533676147,-1.807679295539856,-1.9552028179168701,-2.059217929840088,-2.0741569995880127,-1.860615611076355,-1.696067214012146,-1.9101324081420898,-2.2734320163726807,-2.3610715866088867,-2.2773072719573975,-2.27558970451355,-2.5628554821014404,-3.005798578262329,-3.1133317947387695,-2.7548694610595703,-2.2407724857330322,-1.6802436113357544,-1.1390587091445923,-0.5834285020828247,0.04167773947119713,0.6699049472808838,1.2227474451065063,1.6121832132339478,1.7520344257354736,1.650786280632019,1.5025554895401,1.4698622226715088,1.6621708869934082,2.049489736557007,2.4269206523895264,2.6783528327941895,2.650161027908325
2.416766881942749,1.3727858066558838,-1.0209623575210571,-2.8264389038085938,-3.747889995574951,-2.7923834323883057,-1.1967346668243408,-0.5530796647071838,-0.049011118710041046,-0.21438440680503845,-0.06247832253575325,-0.3799838423728943,-0.589119017124176,-0.7969695925712585,-0.9800775051116943,-0.9545956254005432,-0.9156283140182495,-1.0722366571426392,-1.259374737739563,-1.2821745872497559,-1.2036212682724,-1.188976526260376,-1.434179425239563,-1.8438864946365356,-1.9588186740875244,-1.7210137844085693,-1.2971324920654297,-0.7118381261825562,-0.13663813471794128,0.40965017676353455,1.0260502099990845,1.6640316247940063,2.1301581859588623,2.301433563232422,2.2379438877105713,2.107217788696289,2.0976879596710205,2.2704269886016846,2.5745246410369873,2.9765288829803467,3.3804938793182373,3.743457794189453,3.933105707168579
3.5015881061553955,2.2888011932373047,-0.8592965602874756,-2.511542558670044,-1.1680564880371094,-0.020681144669651985,-0.2644388973712921,0.6526201367378235,0.9755287766456604,0.747035562992096,1.0038704872131348,1.36311936378479,0.9118421673774719,0.5889505743980408,0.2410144805908203,0.010328765027225018,-0.22822114825248718,-0.33861368894577026,-0.2965061366558075,-0.18794484436511993,-0.07535700500011444,-0.009377660229802132,-0.12736207246780396,-0.37703660130500793,-0.49484312534332275,-0.42378729581832886,-0.04502712935209274,0.5480372905731201,1.035202145576477,1.5174497365951538,2.1717138290405273,2.8530101776123047,3.206186532974243,3.038323402404785,2.6174347400665283,2.3560550212860107,2.4098691940307617,2.6805737018585205,2.992957353591919,3.334155321121216,3.7424428462982178,4.229909420013428,4.678343772888184
