data/wind_data/wind_8_0.json
{"header": {"parameterUnit": "KT", "parameterCategory": 2, "nx": 255, "ny": 198, "lo1": 44.73521041870117, "la1": -3.236724853515625, "lo2": 111.26478576660156, "la2": 43.468475341796875, "dx": 0.26192745566368103, "dy": -0.23708222806453705, "refTime": "2025-02-19 08:00:00", "forecastTime": 0, "parameterNumber": 2, "parameterNumberName": "eastward_wind"}, "data":
[rows 76 to 94 of 198, columns 86 to 128 of 255]
-2.3625025749206543,-2.0943846702575684,-2.0019335746765137,-1.828281044960022,-1.653027892112732,-1.6751989126205444,-1.8284711837768555,-2.092877149581909,-2.285820722579956,-2.227750301361084,-1.96603262424469,-1.6017017364501953,-1.1262450218200684,-0.7344613671302795,-0.6474745273590088,-0.7455978393554688,-0.7903344631195068,-0.7105448246002197,-0.42490774393081665,0.2918910086154938,0.9705320000648499,2.293001890182495,3.751516342163086,7.657543659210205,8.349525451660156,5.2308244705200195,1.0764240026474,0.7947141528129578,0.6350463628768921,-0.40665408968925476,-0.5354467630386353,-0.5210790634155273,0.6272867321968079,1.8525933027267456,2.046539068222046,0.9897987842559814,1.4292844533920288,1.6751034259796143,1.6987502574920654,1.850394368171692,2.248509168624878,2.5191540718078613,2.758342742919922
-2.279517412185669,-2.0612876415252686,-1.9055883884429932,-1.8566458225250244,-1.7156656980514526,-1.7205368280410767,-1.789566159248352,-1.8493133783340454,-2.016664743423462,-2.066221237182617,-1.7785968780517578,-1.2778751850128174,-0.6499872803688049,-0.16387240588665009,-0.2308744639158249,-0.7428094744682312,-1.0131062269210815,-0.7935683727264404,-0.5442956686019897,-0.09013678878545761,0.5682368874549866,2.5229296684265137,4.724648475646973,8.540487289428711,9.078510284423828,5.18770170211792,1.4106926918029785,0.2663055658340454,-0.27180686593055725,-0.23063810169696808,-0.16450034081935883,-0.3412793278694153,0.41729387640953064,1.287369728088379,2.2586209774017334,2.4413723945617676,2.267354965209961,2.4310860633850098,3.1539669036865234,3.0772860050201416,3.3299314975738525,3.6827056407928467,3.517371416091919
-1.6773006916046143,-1.6092149019241333,-1.6149042844772339,-1.6342123746871948,-1.6534690856933594,-1.7618443965911865,-1.8512630462646484,-1.952483057975769,-2.0704219341278076,-2.0341501235961914,-1.6899281740188599,-1.1138046979904175,-0.549843966960907,-0.06750942021608353,0.08194548636674881,-0.29964566230773926,-0.7100315093994141,-0.7240611910820007,-0.6079515814781189,-0.11125240474939346,0.6097166538238525,2.9057862758636475,5.586218357086182,8.900227546691895,9.250518798828125,4.804964065551758,0.3511469066143036,-0.41469502449035645,0.022725753486156464,-0.29097071290016174,-0.5999848246574402,-0.12687112390995026,0.5609079599380493,1.581167459487915,2.3949239253997803,2.9885005950927734,3.101989984512329,2.8567328453063965,3.644768476486206,4.042619228363037,4.287712097167969,4.317601680755615,4.2855987548828125
-1.0433366298675537,-0.9308509826660156,-0.9285059571266174,-1.1075880527496338,-1.353877305984497,-1.6776618957519531,-1.9691108465194702,-2.2067501544952393,-2.3641293048858643,-2.24361515045166,-1.8545334339141846,-1.3571301698684692,-0.7433252930641174,-0.10702720284461975,0.12354680895805359,-0.06003418564796448,-0.2872735857963562,-0.5318145751953125,-0.5367239117622375,0.3784674108028412,1.8741439580917358,3.3901584148406982,7.033372402191162,8.626948356628418,8.23876667022705,3.778303384780884,-0.3003535568714142,-0.3400759696960449,-1.1208734512329102,-1.193135380744934,-1.1091818809509277,-0.6124318838119507,-0.0525386668741703,1.6520887613296509,2.4862420558929443,2.322887659072876,2.955141067504883,3.305968761444092,3.9236793518066406,4.394073009490967,4.838232517242432,4.949684143066406,4.974615573883057
-0.7161045670509338,-0.6401082277297974,-0.5599463582038879,-0.6863751411437988,-1.1504472494125366,-1.648336410522461,-1.9832895994186401,-2.1935102939605713,-2.29994797706604,-2.2692465782165527,-1.9818636178970337,-1.56645667552948,-1.1321157217025757,-0.6398046016693115,-0.16038261353969574,0.17148038744926453,0.14301837980747223,-0.24735140800476074,-0.27303817868232727,0.895055890083313,3.190551996231079,4.651122570037842,8.240983009338379,8.402650833129883,6.178639888763428,2.9162230491638184,-0.1388365924358368,-0.05668564885854721,-0.5992469787597656,-1.0037143230438232,-0.546909749507904,-0.6726945042610168,0.20937567949295044,0.5954380631446838,0.769510805606842,2.7367026805877686,3.3429722785949707,3.9060070514678955,4.479719638824463,5.168430328369141,5.383980751037598,5.562489986419678,5.312713146209717
-0.6439608335494995,-0.4739283323287964,-0.45001086592674255,-0.6239917278289795,-1.0799024105072021,-1.5823440551757812,-1.851231575012207,-1.9106166362762451,-1.9488248825073242,-1.982212781906128,-1.941180944442749,-1.739071011543274,-1.500999927520752,-1.2826050519943237,-0.7037854194641113,-0.022659454494714737,0.34122034907341003,0.33996859192848206,0.4403032958507538,1.359290361404419,4.116146564483643,6.360949993133545,9.577105522155762,8.984566688537598,5.925553321838379,2.174574613571167,0.21013565361499786,0.20323412120342255,-0.3943980634212494,-0.3298494815826416,0.3013758957386017,0.018071645870804787,-0.30650219321250916,0.1721278429031372,0.5611215233802795,1.4967031478881836,2.16843843460083,3.4457497596740723,4.689587116241455,5.122478008270264,5.7957563400268555,6.208951473236084,5.556875705718994
-0.7321006655693054,-0.5629811882972717,-0.6131078004837036,-0.8379703760147095,-1.1639244556427002,-1.5444296598434448,-1.829002022743225,-1.751128911972046,-1.5755850076675415,-1.6042872667312622,-1.768574595451355,-1.7659410238265991,-1.69039785861969,-1.740815281867981,-1.3531506061553955,-0.4718886911869049,0.16526050865650177,0.529675304889679,0.9904692769050598,1.931405782699585,4.323951244354248,7.393202304840088,11.122797012329102,9.041044235229492,5.741394519805908,1.942157506942749,-0.38587409257888794,0.11762869358062744,0.5094529390335083,0.48063036799430847,0.16888326406478882,0.6055587530136108,1.2726192474365234,1.3239003419876099,0.49927398562431335,0.16938193142414093,0.7613943219184875,1.8800848722457886,2.8935835361480713,4.0793609619140625,5.1922454833984375,5.8143744468688965,6.23209810256958
-0.876911997795105,-0.8055428862571716,-0.809209406375885,-0.8521347045898438,-1.1778790950775146,-1.7149602174758911,-1.990881323814392,-1.6657122373580933,-1.3006967306137085,-1.3756879568099976,-1.6571747064590454,-1.7645376920700073,-1.839145302772522,-2.1364586353302,-2.114933490753174,-1.3306281566619873,-0.42877671122550964,0.24115857481956482,0.9858201742172241,2.4977076053619385,4.245910167694092,8.588357925415039,8.971569061279297,8.320528984069824,5.5399169921875,1.3424392938613892,0.5977311134338379,0.3005771040916443,0.34598496556282043,0.6044224500656128,1.1780200004577637,1.5937957763671875,2.3209545612335205,2.787736177444458,2.203003406524658,1.5004624128341675,1.7389169931411743,1.389272689819336,1.9324724674224854,2.8637826442718506,3.5470826625823975,5.173486232757568,6.671083450317383
-1.1193313598632812,-1.0580092668533325,-0.8811805844306946,-0.7908748388290405,-1.1179790496826172,-1.6927796602249146,-1.8704086542129517,-1.4805799722671509,-1.1357253789901733,-1.152440071105957,-1.2517690658569336,-1.3075973987579346,-1.7019031047821045,-2.460625410079956,-2.9058287143707275,-2.478163957595825,-1.504019021987915,-0.4689599871635437,0.9519158601760864,3.0008161067962646,4.7293877601623535,8.485954284667969,7.876844882965088,6.6838788986206055,5.302255153656006,2.163951873779297,1.4181420803070068,1.8295241594314575,1.5326097011566162,1.1897526979446411,1.7915928363800049,2.2839150428771973,3.0893607139587402,3.07155704498291,2.659245491027832,2.65635347366333,2.8541393280029297,2.7111048698425293,2.324907064437866,2.616321563720703,3.2899398803710938,4.168951988220215,5.813568592071533
-1.169670820236206,-0.9902653694152832,-0.7948331236839294,-0.8849877715110779,-1.2574305534362793,-1.6469120979309082,-1.6936566829681396,-1.3169511556625366,-1.0189990997314453,-0.9670315384864807,-0.8644196391105652,-0.8284689784049988,-1.2329105138778687,-2.0855748653411865,-2.966134548187256,-3.225574493408203,-2.4236810207366943,-1.0566068887710571,0.8294331431388855,3.4410789012908936,5.631824016571045,9.649563789367676,7.426010608673096,6.07037878036499,5.990710735321045,3.2524311542510986,2.4608304500579834,2.605973243713379,2.3565924167633057,1.6099902391433716,2.296377658843994,2.102776288986206,2.363428831100464,2.687211036682129,2.846689224243164,2.953080892562866,3.1411547660827637,3.3227624893188477,3.1135213375091553,3.003105878829956,3.157367706298828,3.732292413711548,4.819085121154785
-1.2526195049285889,-1.0325748920440674,-0.7844398617744446,-0.8998254537582397,-1.2632049322128296,-1.6002095937728882,-1.6839457750320435,-1.3994207382202148,-1.0542292594909668,-0.8720899224281311,-0.58894944190979,-0.30404072999954224,-0.5439926385879517,-1.4484999179840088,-2.592629909515381,-3.1967666149139404,-2.6719982624053955,-1.3389065265655518,0.7735676765441895,3.852113962173462,6.738114833831787,11.141470909118652,6.895104885101318,4.801152229309082,6.529519557952881,4.1492695808410645,3.1709682941436768,2.1509838104248047,1.834015130996704,2.078530788421631,2.136956214904785,1.8227300643920898,2.136012315750122,2.758657455444336,3.2161948680877686,3.4966862201690674,3.7422075271606445,3.664370059967041,3.4070937633514404,3.6506471633911133,3.7337687015533447,3.7112984657287598,4.051296234130859
-1.2806363105773926,-1.09762442111969,-0.8317810297012329,-0.9452775716781616,-1.1901715993881226,-1.4506629705429077,-1.6801881790161133,-1.5827367305755615,-1.2802950143814087,-0.9200849533081055,-0.4569805860519409,-0.02877391129732132,-0.0359855592250824,-0.8120824098587036,-1.9503456354141235,-2.560103416442871,-2.2886500358581543,-1.3339970111846924,0.6042011976242065,3.6729912757873535,7.580022811889648,12.663695335388184,6.877683162689209,4.302871227264404,7.299097061157227,4.544754981994629,1.4848062992095947,0.6470603942871094,1.5980786085128784,1.720976710319519,2.1488535404205322,2.3480873107910156,2.584012031555176,3.0055320262908936,3.6525628566741943,3.986985683441162,4.122363567352295,3.9090042114257812,4.047243118286133,3.638131856918335,3.631929636001587,4.013225555419922,3.7893874645233154
-1.169752597808838,-0.9664255976676941,-0.7932085394859314,-0.9056416749954224,-1.0993481874465942,-1.368560552597046,-1.6295572519302368,-1.6516213417053223,-1.3521627187728882,-0.7730731964111328,-0.16030892729759216,0.2971530258655548,0.36681753396987915,-0.4389134645462036,-1.7606455087661743,-2.3680219650268555,-2.121629238128662,-1.4504581689834595,0.22186121344566345,2.7637887001037598,8.147307395935059,11.885843276977539,5.812973499298096,4.2544264793396,5.658056735992432,3.619706392288208,1.3275883197784424,0.42263785004615784,1.2093305587768555,1.2789133787155151,2.282541513442993,2.890751838684082,3.1944591999053955,3.449899196624756,4.108328342437744,4.543910026550293,4.333120346069336,4.273024559020996,4.54932975769043,4.062931537628174,3.8851165771484375,3.7881553173065186,3.7394888401031494
-0.7636229991912842,-0.6569917798042297,-0.6331901550292969,-0.7527590394020081,-0.8751804232597351,-1.1669455766677856,-1.5461463928222656,-1.619299054145813,-1.1582562923431396,-0.3560773730278015,0.42159879207611084,1.057579517364502,1.1014004945755005,0.06084434688091278,-1.5903793573379517,-2.428252696990967,-2.221052646636963,-1.6115171909332275,-0.24884973466396332,1.845619559288025,6.772913932800293,4.106943607330322,2.2554116249084473,4.756322383880615,3.4123620986938477,2.282238721847534,1.5499964952468872,1.5889990329742432,0.9440985321998596,1.3796156644821167,2.6477103233337402,3.2254793643951416,3.3176960945129395,3.769713878631592,4.30831241607666,4.6491594314575195,4.69649600982666,4.76723575592041,5.355745792388916,4.755966663360596,3.623303174972534,3.800117015838623,3.9923996925354004
-0.31372687220573425,-0.299871027469635,-0.4002577066421509,-0.5225209593772888,-0.5280183553695679,-0.704072117805481,-1.0249634981155396,-1.0667366981506348,-0.5546722412109375,0.3138648271560669,1.4255331754684448,2.4746527671813965,2.286919593811035,0.8238257169723511,-1.0616562366485596,-2.511699676513672,-2.919921398162842,-2.40263032913208,-1.1088345050811768,1.1727783679962158,3.7027924060821533,3.486942768096924,2.436387062072754,3.038749933242798,3.2622570991516113,2.317409038543701,2.216611623764038,1.6237378120422363,1.2639766931533813,1.8250764608383179,2.8202550411224365,3.3093273639678955,3.3566060066223145,3.7637202739715576,4.139867782592773,4.335402011871338,4.472115516662598,5.020199775695801,5.051728248596191,5.298074245452881,4.679769515991211,4.11357307434082,3.9984700679779053
0.1509648561477661,0.03658042475581169,-0.13832131028175354,-0.20285771787166595,-0.05929049476981163,-0.018383122980594635,-0.1321178376674652,-0.11411222070455551,0.3441260755062103,1.324055552482605,2.6714396476745605,3.956465005874634,3.9798519611358643,2.5055224895477295,0.2628205716609955,-1.9118238687515259,-3.3364663124084473,-3.230475902557373,-1.7927780151367188,0.5336706638336182,2.2094242572784424,4.328656196594238,2.8240578174591064,2.4110355377197266,4.012852191925049,2.857334852218628,1.5282273292541504,0.7981889843940735,0.9964549541473389,1.553199052810669,3.086024761199951,3.288632392883301,3.738393545150757,4.112458229064941,4.584951877593994,4.620706081390381,4.313169956207275,4.943691253662109,5.288838863372803,5.713133335113525,5.343637466430664,4.7658538818359375,4.141839027404785
0.43630242347717285,0.28041791915893555,0.2556057572364807,0.34521955251693726,0.4957261085510254,0.5167068839073181,0.5203794240951538,0.6216636896133423,1.3247348070144653,2.6807682514190674,4.106673717498779,5.693318843841553,6.080287456512451,4.286931037902832,1.5345203876495361,-1.48826003074646,-3.6021718978881836,-3.9576642513275146,-2.577558755874634,0.016381997615098953,3.182128429412842,8.351816177368164,3.6323533058166504,1.7528165578842163,3.917572021484375,2.937208890914917,1.953234314918518,0.061448369175195694,0.6495393514633179,1.2580552101135254,3.1303586959838867,3.9771485328674316,4.815752029418945,4.99633264541626,4.967751979827881,4.641895771026611,4.540487766265869,5.338199615478516,5.673044204711914,6.164113998413086,5.915668964385986,5.322688579559326,4.608980655670166
0.7381921410560608,0.6157805919647217,0.8235029578208923,1.1591312885284424,1.4104419946670532,1.3420336246490479,1.1888118982315063,1.297000527381897,2.4370853900909424,4.186312675476074,5.86785364151001,8.230774879455566,8.769166946411133,5.310811519622803,2.2056713104248047,-1.346927285194397,-4.163785934448242,-4.876876354217529,-3.8104705810546875,-0.7802578210830688,3.8405916690826416,8.804590225219727,4.005526065826416,1.7960314750671387,3.300442934036255,3.0064525604248047,2.954237461090088,1.3282649517059326,1.438043475151062,1.7504802942276,3.23974871635437,4.431241989135742,5.570752143859863,6.003327369689941,5.775354385375977,5.677237510681152,5.864827632904053,5.929083347320557,6.203039646148682,6.378169536590576,6.053092956542969,5.4720282554626465,4.894394397735596
1.4236111640930176,1.2793102264404297,1.5583992004394531,2.034977912902832,2.3044517040252686,2.1535301208496094,1.932883381843567,2.191727638244629,3.6446635723114014,5.626439094543457,8.288259506225586,9.022566795349121,3.542116165161133,-0.2923085689544678,-0.8193764090538025,-1.6706814765930176,-4.848629474639893,-6.4682230949401855,-4.087165355682373,-2.710738182067871,4.085966110229492,8.43678092956543,5.314610958099365,2.9410927295684814,2.782008409500122,2.791839122772217,3.4973769187927246,3.225945472717285,2.806962013244629,3.2547714710235596,4.2210187911987305,5.217466831207275,6.501528739929199,6.7492170333862305,6.3037519454956055,6.207809925079346,6.107348918914795,6.1688432693481445,6.232016086578369,6.152108669281006,5.816283702850342,5.412783622741699,5.543471813201904
