data/wind_data/wind_7_4.json
{"header": {"parameterUnit": "KT", "parameterCategory": 2, "nx": 256, "ny": 198, "lo1": 44.73521041870117, "la1": -3.236724853515625, "lo2": 111.26478576660156, "la2": 43.468475341796875, "dx": 0.2609002888202667, "dy": -0.23708222806453705, "refTime": "2025-02-19 07:00:00", "forecastTime": 0, "parameterNumber": 2, "parameterNumberName": "eastward_wind"}, "data":
[rows 171 to 189 of 198, columns 132 to 175 of 256]
13.96191692352295,11.501364707946777,11.67885684967041,12.896533966064453,12.861490249633789,12.040550231933594,11.944876670837402,12.651975631713867,13.673669815063477,14.37741470336914,14.814098358154297,15.186705589294434,15.740490913391113,16.3188533782959,16.923294067382812,17.68623924255371,18.180891036987305,18.186962127685547,18.4661865234375,18.818204879760742,17.474397659301758,14.138131141662598,11.599493980407715,12.377315521240234,15.095109939575195,17.168657302856445,18.18407440185547,19.76968002319336,21.63030242919922,22.402530670166016,22.49783706665039,22.84845733642578,23.512401580810547,24.682231903076172,25.038864135742188,25.205345153808594,26.740463256835938,27.904356002807617,28.13526153564453,25.197111129760742,23.293636322021484,23.818349838256836,27.36621856689453,30.540498733520508
14.423449516296387,12.157637596130371,12.444833755493164,13.519719123840332,13.542989730834961,14.198988914489746,14.90995979309082,15.315481185913086,15.643509864807129,15.845009803771973,16.091684341430664,16.48639678955078,16.842695236206055,17.21636390686035,17.94141387939453,18.645931243896484,18.60016441345215,18.439340591430664,18.83839225769043,18.151700973510742,14.991525650024414,11.009649276733398,10.09046459197998,12.823372840881348,16.39569664001465,18.368366241455078,18.369722366333008,18.386592864990234,19.41655731201172,20.568748474121094,21.631765365600586,22.870656967163086,24.127084732055664,25.211231231689453,25.936901092529297,26.189775466918945,26.578113555908203,27.755064010620117,28.686914443969727,27.566665649414062,26.270002365112305,26.356281280517578,27.736343383789062,28.645641326904297
15.344565391540527,13.293335914611816,13.129913330078125,13.481003761291504,14.585469245910645,16.49449920654297,17.279136657714844,17.05771827697754,16.895421981811523,16.98235511779785,17.218278884887695,17.349489212036133,17.443153381347656,17.994077682495117,18.87348175048828,19.05647850036621,18.63178062438965,18.867053985595703,18.78408432006836,16.354251861572266,11.986624717712402,8.995827674865723,10.07257080078125,13.482881546020508,16.880718231201172,18.933469772338867,19.024011611938477,18.423538208007812,18.5069637298584,19.071908950805664,19.868240356445312,21.206907272338867,22.818925857543945,24.387481689453125,25.584745407104492,26.27825927734375,26.459558486938477,26.893827438354492,27.52934455871582,27.52643585205078,26.79804039001465,25.888376235961914,26.485750198364258,27.540470123291016
15.479446411132812,13.927482604980469,13.724824905395508,14.515049934387207,16.640260696411133,18.0126953125,17.904327392578125,17.725194931030273,17.774036407470703,17.84160614013672,17.73460578918457,17.4715633392334,17.63180923461914,18.41819953918457,18.961923599243164,18.774639129638672,18.9434814453125,19.162717819213867,17.358924865722656,13.44941520690918,9.598583221435547,8.818557739257812,10.930147171020508,13.82362174987793,16.685636520385742,18.87125015258789,19.46099281311035,18.881027221679688,18.462568283081055,18.532384872436523,18.7692813873291,19.42423439025879,20.637758255004883,21.962635040283203,23.04768180847168,24.124055862426758,24.971372604370117,25.33953285217285,25.91115951538086,26.603302001953125,26.624588012695312,26.10286521911621,25.794137954711914,26.74884033203125
15.38792610168457,14.746198654174805,14.815272331237793,16.518280029296875,18.62989044189453,18.504196166992188,17.990922927856445,18.126224517822266,18.288576126098633,18.116748809814453,17.575756072998047,17.17258644104004,17.490825653076172,18.05704116821289,18.29303741455078,18.72993278503418,19.269405364990234,17.880910873413086,14.29517936706543,10.528456687927246,8.756864547729492,9.528919219970703,11.52517032623291,13.821089744567871,16.302988052368164,18.460580825805664,19.43506622314453,19.213743209838867,18.700281143188477,18.525110244750977,18.548194885253906,18.725954055786133,19.27096176147461,19.893938064575195,20.36988067626953,21.124996185302734,22.046466827392578,22.637712478637695,23.281091690063477,24.08777618408203,24.674131393432617,25.17022705078125,25.623355865478516,26.119598388671875
15.452812194824219,15.7705078125,17.100248336791992,18.330509185791016,18.25011444091797,17.97648048400879,18.416109085083008,18.748600006103516,18.470497131347656,17.682422637939453,16.817901611328125,16.666606903076172,17.101566314697266,17.512409210205078,18.126794815063477,18.79188346862793,17.783388137817383,14.549966812133789,10.859859466552734,8.992382049560547,9.03929615020752,10.081584930419922,11.58816909790039,13.625123977661133,16.02731704711914,18.169418334960938,19.30651092529297,19.482133865356445,19.21296501159668,18.89444351196289,18.656652450561523,18.639760971069336,19.011014938354492,19.349550247192383,19.223758697509766,19.13905143737793,19.55130386352539,20.202363967895508,20.962100982666016,21.808937072753906,22.604568481445312,23.342485427856445,23.957477569580078,24.25472068786621
14.933805465698242,16.455448150634766,17.44021987915039,17.453636169433594,17.540231704711914,18.444902420043945,19.10630989074707,18.69757080078125,17.42726707458496,16.149272918701172,15.818836212158203,16.421531677246094,17.02431869506836,17.429931640625,17.605079650878906,16.53628158569336,13.815473556518555,10.609339714050293,8.872583389282227,8.989448547363281,9.71821403503418,10.46611499786377,11.508691787719727,13.251477241516113,15.504138946533203,17.737207412719727,19.25504493713379,19.85138702392578,19.942476272583008,19.589670181274414,18.802404403686523,18.192012786865234,18.38873863220215,18.92449951171875,18.975322723388672,18.69352912902832,18.754789352416992,19.286100387573242,20.068885803222656,20.916074752807617,21.746889114379883,22.534469604492188,23.1215763092041,23.331758499145508
13.292040824890137,15.203239440917969,16.059123992919922,16.826404571533203,18.158300399780273,19.076520919799805,18.431644439697266,16.389684677124023,14.558072090148926,14.315977096557617,15.368388175964355,16.240882873535156,16.254592895507812,15.5392484664917,13.860086441040039,11.53545093536377,9.42772102355957,8.518838882446289,8.902923583984375,9.8212890625,10.561746597290039,11.06730842590332,11.849987030029297,13.134870529174805,14.87092113494873,16.84161949157715,18.742971420288086,20.13693618774414,20.675086975097656,20.150062561035156,18.81865692138672,17.828632354736328,18.01350212097168,18.84783172607422,19.389795303344727,19.417287826538086,19.402305603027344,19.699214935302734,20.22848892211914,20.775684356689453,21.305377960205078,21.866384506225586,22.31909942626953,22.273639678955078
13.25620174407959,14.80000114440918,16.04790496826172,17.601661682128906,18.4317569732666,17.255014419555664,14.268777847290039,11.94283390045166,12.107871055603027,13.692623138427734,14.647340774536133,14.057939529418945,12.310017585754395,10.091108322143555,8.273672103881836,7.519322395324707,7.79398775100708,8.698394775390625,9.786965370178223,10.716249465942383,11.370772361755371,11.962148666381836,12.792521476745605,13.821390151977539,14.943828582763672,16.297197341918945,17.969451904296875,19.673067092895508,20.509750366210938,20.023788452148438,18.92089080810547,18.512060165405273,19.06194496154785,19.893482208251953,20.448776245117188,20.657106399536133,20.727903366088867,20.89471435546875,21.256561279296875,21.722780227661133,22.10540771484375,22.27374839782715,22.065509796142578,21.336116790771484
14.53714656829834,16.085540771484375,17.2557373046875,17.216753005981445,15.201958656311035,11.509300231933594,9.030803680419922,9.720294952392578,11.60733699798584,12.179474830627441,10.874212265014648,8.516677856445312,6.195940971374512,5.226818084716797,5.720279216766357,6.740041255950928,7.902425289154053,9.20019245147705,10.40549087524414,11.299098014831543,12.018937110900879,12.827710151672363,13.76823616027832,14.73969554901123,15.691094398498535,16.70060920715332,17.8288516998291,19.037321090698242,19.76141357421875,19.687685012817383,19.494699478149414,19.837068557739258,20.617855072021484,21.278133392333984,21.553802490234375,21.62095069885254,21.72089385986328,21.920886993408203,22.229812622070312,22.59952735900879,22.84759521484375,22.733720779418945,22.179431915283203,21.233449935913086
15.608102798461914,15.377192497253418,13.74226188659668,11.398609161376953,8.69929313659668,6.887826919555664,7.548800468444824,9.26849365234375,9.261744499206543,7.23637056350708,5.084537029266357,3.9648663997650146,4.423618793487549,5.706842422485352,6.676548480987549,7.390164375305176,8.36784839630127,9.66667366027832,10.897497177124023,11.87951374053955,12.818502426147461,13.823780059814453,14.759932518005371,15.599282264709473,16.502288818359375,17.470962524414062,18.452035903930664,19.26433753967285,19.782276153564453,20.035484313964844,20.363142013549805,20.94974136352539,21.692155838012695,22.281557083129883,22.509634017944336,22.425695419311523,22.27271270751953,22.25773811340332,22.375770568847656,22.577842712402344,22.780277252197266,22.738271713256836,22.29511833190918,21.460580825805664
9.515175819396973,8.20637321472168,7.337234973907471,6.974687099456787,6.310885429382324,6.021659851074219,6.93966007232666,6.901756286621094,4.678562164306641,2.935685157775879,3.601058006286621,5.681102752685547,7.631927013397217,8.607962608337402,8.844379425048828,9.093698501586914,9.749420166015625,10.816019058227539,12.102997779846191,13.389967918395996,14.570886611938477,15.541862487792969,16.246231079101562,16.783832550048828,17.36895179748535,18.034299850463867,18.838134765625,19.664306640625,20.304515838623047,20.731914520263672,21.16423797607422,21.672332763671875,22.17862319946289,22.5998477935791,22.944034576416016,23.020301818847656,22.798019409179688,22.631135940551758,22.648887634277344,22.69005012512207,22.663677215576172,22.580644607543945,22.36962127685547,21.82433319091797
4.110121250152588,5.515462398529053,7.043738842010498,6.870258808135986,5.790685653686523,5.827169895172119,6.090467929840088,4.712716579437256,3.0886218547821045,3.709031581878662,5.9013991355896,8.11923599243164,9.521732330322266,10.081686019897461,10.333806991577148,10.750487327575684,11.494190216064453,12.630502700805664,14.13733959197998,15.789814949035645,17.175439834594727,17.933557510375977,18.186683654785156,18.30605697631836,18.468955993652344,18.6851863861084,19.11427879333496,19.84377098083496,20.655641555786133,21.27789878845215,21.698366165161133,22.054668426513672,22.409631729125977,22.76000213623047,23.134674072265625,23.414976119995117,23.587074279785156,23.7836856842041,23.939455032348633,23.89287567138672,23.577838897705078,23.194515228271484,22.895069122314453,22.503904342651367
7.430315017700195,8.221954345703125,8.201626777648926,6.971976280212402,6.519190311431885,7.0747551918029785,7.006983757019043,5.820644378662109,5.29934024810791,6.109643459320068,7.302265167236328,8.38452434539795,9.455961227416992,10.446398735046387,11.318100929260254,12.200925827026367,13.292210578918457,14.665472030639648,16.262676239013672,17.908496856689453,19.264211654663086,20.054771423339844,20.197120666503906,19.86436653137207,19.50782012939453,19.437929153442383,19.733854293823242,20.442068099975586,21.403778076171875,22.210620880126953,22.645275115966797,22.86654281616211,23.097919464111328,23.40257453918457,23.675308227539062,23.996925354003906,24.55094337463379,25.098861694335938,25.416179656982422,25.51116943359375,25.35645294189453,24.876981735229492,24.136882781982422,23.450294494628906
8.875574111938477,9.18720817565918,8.38538932800293,7.830352783203125,8.433709144592285,9.434712409973145,9.284278869628906,8.351232528686523,8.09908676147461,8.449034690856934,8.513617515563965,8.768529891967773,9.649534225463867,10.870046615600586,12.253227233886719,13.694856643676758,15.132134437561035,16.571592330932617,17.954912185668945,19.22971534729004,20.420495986938477,21.450584411621094,21.905319213867188,21.44582748413086,20.632097244262695,20.29434585571289,20.615659713745117,21.46294403076172,22.500526428222656,23.364866256713867,23.880992889404297,24.225698471069336,24.65671730041504,25.10129165649414,25.27159881591797,25.355911254882812,25.500049591064453,25.756338119506836,26.183427810668945,26.564748764038086,26.693056106567383,26.321104049682617,25.38966941833496,24.321353912353516
8.508551597595215,7.288679122924805,8.201252937316895,9.28378677368164,10.719176292419434,11.524017333984375,10.281951904296875,9.09034252166748,9.69372844696045,10.481407165527344,10.355544090270996,10.43105697631836,11.102094650268555,12.18494701385498,13.639909744262695,15.209153175354004,16.709117889404297,18.133127212524414,19.384628295898438,20.463542938232422,21.49504280090332,22.42335319519043,22.95235824584961,22.714832305908203,21.998241424560547,21.523807525634766,21.87457275390625,22.96016502380371,24.13523292541504,25.048324584960938,25.57746696472168,26.00545883178711,26.576171875,27.141469955444336,27.431140899658203,27.054622650146484,26.153303146362305,26.11509132385254,26.906835556030273,27.363948822021484,27.268081665039062,26.88229751586914,26.257123947143555,25.477352142333984
11.8401517868042,9.689375877380371,11.134135246276855,12.227287292480469,13.46499252319336,11.715442657470703,8.413153648376465,7.807095050811768,9.85253620147705,11.488591194152832,11.769510269165039,11.829129219055176,12.49506664276123,13.791695594787598,15.419336318969727,16.917203903198242,18.26667594909668,19.462657928466797,20.612205505371094,21.672494888305664,22.601839065551758,23.360475540161133,23.737140655517578,23.554841995239258,23.130407333374023,22.903593063354492,23.314462661743164,24.27685546875,25.397939682006836,26.415494918823242,26.95276641845703,27.2827205657959,27.73750877380371,28.15073585510254,28.36042022705078,27.821969985961914,26.860923767089844,26.551328659057617,26.604551315307617,26.461210250854492,26.416072845458984,26.595048904418945,26.656618118286133,26.389034271240234
15.526616096496582,15.589247703552246,17.22908592224121,16.61345100402832,16.355178833007812,10.329717636108398,6.652921199798584,7.684963226318359,10.127888679504395,11.934686660766602,12.327271461486816,12.215825080871582,13.319486618041992,15.288568496704102,17.2394962310791,18.90296745300293,20.382801055908203,21.372875213623047,22.23980712890625,23.09372901916504,23.70927619934082,24.08028793334961,24.215192794799805,24.17404556274414,24.286422729492188,24.79330062866211,24.779367446899414,24.76266860961914,25.59813117980957,26.571870803833008,26.97127914428711,27.230409622192383,27.744991302490234,28.124914169311523,27.837020874023438,27.087318420410156,26.055723190307617,24.73940658569336,23.618600845336914,23.233083724975586,23.677858352661133,24.603105545043945,25.57840347290039,26.14089012145996
16.463544845581055,16.824851989746094,18.302488327026367,19.995975494384766,16.99100112915039,11.631102561950684,11.009063720703125,10.438568115234375,10.811883926391602,12.204922676086426,12.62857437133789,12.501289367675781,14.143662452697754,16.592113494873047,19.046836853027344,21.287405014038086,23.168516159057617,24.154102325439453,24.797670364379883,25.350221633911133,25.60965347290039,25.752281188964844,26.522600173950195,27.735633850097656,29.296600341796875,29.493009567260742,27.024829864501953,25.76180648803711,26.148651123046875,26.5717830657959,26.601163864135742,26.786970138549805,27.58616065979004,27.814422607421875,27.081876754760742,25.549047470092773,23.466533660888672,21.776662826538086,21.171466827392578,21.359760284423828,21.720983505249023,22.329240798950195,23.404966354370117,24.36219596862793
