data/wind_data/wind_26_1.json
{"header": {"parameterUnit": "KT", "parameterCategory": 2, "nx": 256, "ny": 198, "lo1": 44.73521041870117, "la1": -3.236724853515625, "lo2": 111.26478576660156, "la2": 43.468475341796875, "dx": 0.2609002888202667, "dy": -0.23708222806453705, "refTime": "2025-02-20 02:00:00", "forecastTime": 0, "parameterNumber": 2, "parameterNumberName": "eastward_wind"}, "data":
[rows 76 to 94 of 198, columns 172 to 214 of 256]
-6.794229507446289,-6.534323215484619,-6.307750701904297,-6.1053924560546875,-5.346338272094727,-4.772794246673584,-4.236082553863525,-3.9971189498901367,-3.9757602214813232,-4.0142598152160645,-3.7785775661468506,-3.342806100845337,-3.4038474559783936,-2.699061155319214,-2.5193700790405273,-1.0949890613555908,-1.7416272163391113,-0.3490363359451294,-1.3736865520477295,0.3398269712924957,-0.4891039729118347,-0.5543897747993469,-1.9866424798965454,-2.254448890686035,-1.0999618768692017,-1.1099783182144165,-2.7962238788604736,-5.076049327850342,-8.816018104553223,-8.09023380279541,-6.089756011962891,-5.824542045593262,-5.794368743896484,-5.585378170013428,-7.507264614105225,-9.231773376464844,-5.283742427825928,-3.9543395042419434,-5.26837158203125,-4.066015243530273,-2.0975120067596436,-11.577164649963379,-17.74788475036621
-6.78453254699707,-6.699204921722412,-6.636735916137695,-6.126915454864502,-5.602627277374268,-4.824215888977051,-4.289045810699463,-4.06170129776001,-3.923267364501953,-3.9407641887664795,-3.9259891510009766,-3.537224531173706,-3.2413904666900635,-2.457453489303589,-1.7471647262573242,-1.4475867748260498,-1.2880046367645264,-1.015793800354004,-0.9488178491592407,0.3336685299873352,-1.7082853317260742,-2.576204538345337,-3.4048876762390137,-2.1317691802978516,-0.8764092326164246,-1.3003795146942139,-2.5693299770355225,-5.4493327140808105,-9.06431770324707,-6.471512794494629,-5.085866451263428,-8.57424259185791,-7.991838455200195,-6.426401138305664,-7.823616981506348,-8.241671562194824,-6.897920608520508,-5.781256675720215,-7.3911566734313965,-3.3544857501983643,-2.424809455871582,-13.227099418640137,-15.896285057067871
-6.6874494552612305,-6.666345119476318,-6.494094371795654,-6.217310428619385,-5.616487979888916,-4.884233474731445,-4.188117027282715,-4.164363384246826,-4.295844078063965,-4.332891464233398,-3.983477830886841,-3.7598893642425537,-3.1671602725982666,-2.489198684692383,-1.4769611358642578,-1.5903387069702148,-0.9100902676582336,-0.9005177617073059,-0.1251250058412552,0.009047339670360088,-2.728417158126831,-4.102579116821289,-3.6465792655944824,-1.490764856338501,-0.7644460201263428,-1.7858003377914429,-3.484156608581543,-4.643470287322998,-7.534070014953613,-5.464726448059082,-2.9686412811279297,-6.641286849975586,-7.061889171600342,-6.866150379180908,-9.750711441040039,-10.002038955688477,-9.012423515319824,-11.227272033691406,-9.105398178100586,-4.635246753692627,-8.660894393920898,-15.732096672058105,-21.209257125854492
-6.615679740905762,-6.402929782867432,-6.344388484954834,-6.202636241912842,-5.9446587562561035,-5.285406112670898,-4.6760478019714355,-4.742607116699219,-4.68808650970459,-4.4618144035339355,-4.123488903045654,-3.914055824279785,-3.2764334678649902,-2.732034921646118,-1.6406151056289673,-1.69260573387146,-0.627007782459259,-0.8256327509880066,1.0311510562896729,-0.27832913398742676,-2.4968132972717285,-3.9971179962158203,-3.471156120300293,-1.0611180067062378,-1.8391906023025513,-2.9654488563537598,-3.914226770401001,-4.946598529815674,-6.377984523773193,-3.112523078918457,-1.2725701332092285,-2.5464489459991455,-6.601164817810059,-8.015643119812012,-12.157684326171875,-7.8370161056518555,-8.136837005615234,-11.168745994567871,-8.437116622924805,-6.196291923522949,-6.373692035675049,-16.57210350036621,-20.58159828186035
-6.4155073165893555,-6.239835262298584,-6.2209625244140625,-6.2180633544921875,-6.043903350830078,-5.5429534912109375,-5.097095489501953,-5.173449516296387,-4.960682392120361,-4.547845840454102,-4.266576290130615,-4.090449810028076,-3.5317230224609375,-2.9581077098846436,-2.1844513416290283,-1.7305129766464233,-1.2006323337554932,-0.5580588579177856,1.0808945894241333,-1.1969313621520996,-1.0519033670425415,-2.2359468936920166,-2.7212729454040527,-1.3944236040115356,-2.4507505893707275,-1.6226451396942139,-2.044862985610962,-3.480079412460327,-5.999821662902832,-3.5217387676239014,-0.980169951915741,-3.1692285537719727,-5.921885967254639,-8.565512657165527,-10.12987232208252,-7.34189510345459,-7.417176246643066,-6.537798881530762,-6.542572021484375,-4.368863105773926,-5.324162006378174,-7.8306660652160645,-16.26567840576172
-5.961904525756836,-6.075511932373047,-6.079925537109375,-6.288793087005615,-5.998383045196533,-5.570760250091553,-5.021428108215332,-5.160176753997803,-4.868216514587402,-4.444725036621094,-4.380367279052734,-4.29840612411499,-3.881091594696045,-3.1846160888671875,-2.6342124938964844,-1.8779295682907104,-1.5935794115066528,-1.0343815088272095,0.13314054906368256,-2.299368381500244,0.9558202624320984,-0.07277403026819229,-1.6366488933563232,-0.5009360909461975,-2.8766493797302246,-3.329075574874878,1.0869557857513428,-0.08475562930107117,-4.114596366882324,-3.6827964782714844,-4.29982328414917,-4.462810039520264,-7.356842041015625,-7.567153453826904,-8.750263214111328,-5.597231864929199,-9.184886932373047,-5.1467976570129395,-3.674272060394287,-6.284492015838623,-7.480344772338867,-3.7972300052642822,-15.342122077941895
-5.209155082702637,-5.575212478637695,-5.916756629943848,-6.21001672744751,-5.914165019989014,-5.35835599899292,-4.669747829437256,-4.813424110412598,-4.816538333892822,-4.611232280731201,-4.4478349685668945,-4.372006893157959,-3.825871229171753,-3.193181037902832,-2.767815589904785,-1.714192509651184,-1.4704394340515137,-1.526875376701355,-0.7681854367256165,-2.754544258117676,0.8797327280044556,0.9915259480476379,0.8347221612930298,0.669889509677887,-2.5578958988189697,-3.551741123199463,0.2943337857723236,-0.29996809363365173,-3.456512928009033,-2.2267396450042725,-4.749416828155518,-4.524113178253174,-9.682744979858398,-7.815318584442139,-4.0380048751831055,-5.345846652984619,-10.260225296020508,-6.528313636779785,-5.320252418518066,-9.122699737548828,-9.177865028381348,-4.546647548675537,-12.930766105651855
-4.472287178039551,-5.062692642211914,-5.523651123046875,-5.98530912399292,-5.718153953552246,-5.097297191619873,-4.251742362976074,-4.519078731536865,-4.6591362953186035,-4.757143974304199,-4.296260356903076,-4.339052677154541,-3.5049500465393066,-3.157932758331299,-1.98001229763031,-1.2577972412109375,-0.6155279278755188,-1.787438154220581,-1.6565864086151123,-3.2963953018188477,0.6784394979476929,2.3654398918151855,3.398545503616333,1.122314214706421,-3.6199920177459717,-1.7342369556427002,0.3091050386428833,-0.857204020023346,-4.453183650970459,-2.5337414741516113,-1.01080322265625,-2.8163952827453613,-9.879827499389648,-7.816117763519287,-2.075416088104248,-5.942737579345703,-9.77275276184082,-7.753586769104004,-9.245884895324707,-9.216867446899414,-12.19914722442627,-9.154065132141113,-9.26386833190918
-3.440694570541382,-4.301431655883789,-4.759871482849121,-5.544403553009033,-5.457958221435547,-5.039013862609863,-4.30396032333374,-4.533498287200928,-4.471214771270752,-4.781419277191162,-4.109062671661377,-4.0965728759765625,-2.7985432147979736,-2.5808167457580566,-0.6277464628219604,-0.49649786949157715,0.35144710540771484,-2.6277592182159424,-2.154722213745117,-2.0970890522003174,0.6296631693840027,2.8892674446105957,4.082170486450195,1.55006742477417,-3.8402485847473145,-0.19053055346012115,-0.37933796644210815,-3.6682000160217285,-4.551538467407227,-1.4315712451934814,1.6297667026519775,-0.46189725399017334,-7.864598751068115,-7.63028621673584,-2.955171823501587,-8.35680866241455,-9.28157901763916,-9.779542922973633,-10.196329116821289,-10.556761741638184,-9.748074531555176,-8.21407413482666,-9.940404891967773
-2.5978338718414307,-3.236525297164917,-3.754765033721924,-4.844826698303223,-5.233315944671631,-5.102418899536133,-4.431624889373779,-4.5809855461120605,-4.371809005737305,-4.552610874176025,-3.8376049995422363,-3.8098948001861572,-2.0890889167785645,-1.6283146142959595,0.33116087317466736,-0.4952806830406189,-0.10769707709550858,-0.6301038861274719,-1.447089433670044,-1.9873859882354736,1.2593082189559937,2.423070192337036,2.606574535369873,0.0910450667142868,-3.1406848430633545,0.42231282591819763,-1.3442596197128296,-6.6709465980529785,-4.276768207550049,0.49109241366386414,2.282844066619873,0.04118066281080246,-4.742611408233643,-7.495998859405518,-3.427496910095215,-7.162680149078369,-7.336491584777832,-10.258864402770996,-8.015955924987793,-8.721989631652832,-10.600955963134766,-9.30492115020752,-8.354610443115234
-1.6465586423873901,-2.28374981880188,-2.8768277168273926,-4.010599613189697,-4.798450946807861,-4.927735805511475,-4.430492401123047,-4.480372905731201,-4.2229132652282715,-4.2144269943237305,-3.731154203414917,-3.7264041900634766,-1.259662389755249,-1.0804877281188965,1.8402342796325684,-2.0416269302368164,-0.5378425121307373,-0.7048307061195374,-2.395236015319824,-1.8068891763687134,1.8608736991882324,2.6387856006622314,1.2641637325286865,-1.4000855684280396,-1.1723990440368652,-1.2724956274032593,-5.2069926261901855,-9.383646011352539,-6.658799171447754,0.2963021397590637,1.6758902072906494,1.4806264638900757,-2.119375467300415,-4.775475025177002,-3.630615711212158,-5.792514324188232,-6.094147682189941,-8.508705139160156,-7.837491512298584,-7.830605983734131,-10.50072956085205,-9.580523490905762,-5.67581033706665
-0.6645348072052002,-1.3732635974884033,-2.0924344062805176,-3.3616974353790283,-4.410612106323242,-4.545884609222412,-4.214015960693359,-4.094718933105469,-4.0130205154418945,-3.998436689376831,-4.062204360961914,-2.7626726627349854,-0.35693398118019104,0.16032719612121582,0.10601893067359924,-4.437539577484131,-0.5350572466850281,-1.5900781154632568,-4.34149694442749,-1.7909539937973022,1.5663996934890747,3.2874605655670166,2.0592257976531982,-2.0589935779571533,1.0968881845474243,-2.250128984451294,-5.558956146240234,-6.928359031677246,-6.287299156188965,-1.0067367553710938,-0.27773696184158325,1.387395977973938,-2.475984573364258,-5.101074695587158,-4.469207286834717,-0.6556357145309448,-4.245311737060547,-7.046290397644043,-6.830284595489502,-7.980422496795654,-9.9481840133667,-8.982336044311523,-3.3732810020446777
-0.052008453756570816,-0.6704546213150024,-1.4361997842788696,-2.8184421062469482,-4.266083717346191,-4.414863586425781,-3.901031970977783,-3.653203248977661,-3.8518686294555664,-4.210159778594971,-3.792332172393799,-1.3472535610198975,0.6853410005569458,-0.4357505440711975,-1.7603672742843628,-3.5301735401153564,-1.3040062189102173,-2.4130685329437256,-7.156126022338867,0.1782025843858719,0.9392825365066528,2.4129478931427,2.738572359085083,-0.8576242327690125,0.23350590467453003,-0.8046093583106995,-5.370552062988281,-2.8159117698669434,-2.6445324420928955,-1.7922433614730835,-0.3657090663909912,-0.9728596806526184,-3.3190970420837402,0.13885702192783356,-6.595004558563232,-1.1117634773254395,-1.9096373319625854,-5.551090240478516,-5.231629371643066,-6.384337902069092,-8.62844467163086,-8.350408554077148,-3.015000343322754
0.5065757632255554,-0.11943196505308151,-0.8674769401550293,-2.415766477584839,-4.094716548919678,-4.315035343170166,-3.574954032897949,-3.294102430343628,-3.7884912490844727,-4.107398509979248,-3.0574138164520264,0.2022274285554886,0.7640498280525208,-1.701106309890747,-4.097367286682129,-3.802163600921631,-0.36626148223876953,-6.8914289474487305,-7.444203853607178,1.960208773612976,3.461723804473877,1.6963156461715698,2.993568181991577,-0.06352901458740234,-1.1669567823410034,-4.074910640716553,-5.9066033363342285,-0.6961404085159302,0.2449863851070404,0.8490042686462402,-0.6123530864715576,0.22887247800827026,-1.756798267364502,1.281594157218933,-1.0981919765472412,-4.2471513748168945,-2.540555000305176,-2.409266710281372,-2.9679386615753174,-2.8371102809906006,-3.2694311141967773,-6.714159965515137,-1.9943594932556152
0.9416773319244385,0.3799706697463989,-0.33149296045303345,-2.2420296669006348,-4.190439701080322,-4.361354351043701,-3.4589991569519043,-3.145433187484741,-3.5879225730895996,-3.361259698867798,-1.9023032188415527,1.240945816040039,-0.48729848861694336,-2.833672046661377,-6.649673938751221,-3.1756105422973633,-3.2555768489837646,-12.495284080505371,-2.5247650146484375,1.6033124923706055,5.860565662384033,1.3237208127975464,1.6603714227676392,-0.31974896788597107,-3.405360460281372,-2.7159764766693115,-5.442464828491211,-2.4121975898742676,0.5260010957717896,1.4763860702514648,-1.342951774597168,-2.872880697250366,-2.434291124343872,-1.9072721004486084,-1.4067466259002686,-5.480727195739746,-0.03197452053427696,-1.6945511102676392,-0.8626489639282227,0.6315721273422241,2.5731451511383057,-1.2405486106872559,-1.5170902013778687
1.3157089948654175,0.878109872341156,-0.0961712896823883,-2.2239301204681396,-4.137019634246826,-4.258028507232666,-3.7096168994903564,-3.342541217803955,-3.3750298023223877,-2.559938669204712,-0.6371061205863953,1.7947008609771729,-1.6185168027877808,-1.1199201345443726,-3.119513511657715,-0.701091468334198,-7.4320597648620605,-10.904152870178223,0.630545437335968,2.4398882389068604,4.197973728179932,-0.1493186205625534,-2.1525611877441406,-0.042646218091249466,-1.0971344709396362,-6.3067474365234375,-5.926461696624756,-1.2869230508804321,-0.4357425272464752,-1.0140225887298584,-2.5904734134674072,-5.1424031257629395,-4.143431663513184,-2.8308234214782715,-0.7897008061408997,-0.5686572790145874,-1.9013053178787231,-2.682952880859375,-1.420957326889038,2.6475918292999268,2.396575689315796,1.8029080629348755,-1.4119559526443481
1.7608935832977295,1.1675528287887573,-0.11144344508647919,-2.438232898712158,-4.185647964477539,-4.32988166809082,-4.617373466491699,-4.272432327270508,-3.5821592807769775,-1.8898398876190186,0.3169616758823395,1.7953828573226929,-1.2608718872070312,-0.16637180745601654,-2.4287374019622803,-5.2683796882629395,-9.058685302734375,-6.518177509307861,1.9049811363220215,0.6898607611656189,0.9610170125961304,-2.614170789718628,-6.516189098358154,-1.5498055219650269,1.761085867881775,-2.205524206161499,-4.5071330070495605,-1.5333318710327148,-1.7341077327728271,-0.44829806685447693,0.720894455909729,-2.6767148971557617,-2.924497127532959,-1.8069084882736206,0.15782655775547028,1.598008632659912,0.681820809841156,-4.5510172843933105,-1.2078850269317627,0.9068828225135803,-0.5856602191925049,0.48981547355651855,-0.9313642978668213
2.158815860748291,1.5037143230438232,-0.06318654865026474,-2.916341781616211,-4.54084587097168,-4.5328049659729,-5.78355598449707,-5.1863112449646,-3.461930751800537,-2.0290889739990234,0.3312056064605713,0.6918626427650452,0.550959587097168,-0.34164246916770935,-5.305152893066406,-6.815859794616699,-7.182438373565674,-4.665584087371826,2.300201654434204,-1.414285659790039,-0.13696229457855225,-5.507002353668213,-5.8210601806640625,-2.099688768386841,1.05557119846344,-2.0704262256622314,-6.133649826049805,-3.5907340049743652,-2.7830028533935547,-1.1760284900665283,0.2655147612094879,-2.1082680225372314,0.11111557483673096,-1.7098995447158813,1.0689631700515747,0.7222071290016174,1.5417768955230713,-0.403410941362381,-4.827954292297363,-2.0876781940460205,-1.4818347692489624,1.4325212240219116,0.2554174065589905
2.6799635887145996,1.7298738956451416,-0.17154940962791443,-3.418820858001709,-4.8853559494018555,-5.34193229675293,-6.7575836181640625,-5.067148685455322,-3.348623752593994,-2.3032593727111816,-0.2030063420534134,0.41821596026420593,0.8661445379257202,-0.5914723873138428,-6.220003128051758,-7.531699180603027,-6.8609619140625,-3.6523096561431885,3.652527332305908,1.4995911121368408,-2.0323946475982666,-4.784907341003418,-3.0227787494659424,-0.6560959219932556,0.1356508433818817,-3.308591365814209,-5.568648815155029,-3.358747959136963,-2.4766929149627686,-3.2366278171539307,-2.4968817234039307,-2.9572672843933105,-0.6086193919181824,-0.36371922492980957,-0.34108492732048035,2.5762240886688232,-0.052685946226119995,2.2812318801879883,-4.341216564178467,-1.0968669652938843,-0.6018692851066589,0.6354121565818787,2.5720102787017822
