data/wind_data/wind_65_1.json
{"header": {"parameterUnit": "KT", "parameterCategory": 2, "nx": 256, "ny": 198, "lo1": 44.73521041870117, "la1": -3.236724853515625, "lo2": 111.26478576660156, "la2": 43.468475341796875, "dx": 0.2609002888202667, "dy": -0.23708222806453705, "refTime": "2025-02-21 17:00:00", "forecastTime": 0, "parameterNumber": 2, "parameterNumberName": "eastward_wind"}, "data":
[rows 0 to 18 of 198, columns 129 to 171 of 256]
5.408316135406494,5.60056209564209,5.689244270324707,5.915138244628906,6.180018424987793,6.0977678298950195,5.919963836669922,6.185797214508057,6.601545810699463,6.887834548950195,7.103691101074219,7.2143683433532715,7.283480167388916,7.36300802230835,7.375848770141602,7.298100471496582,7.108180999755859,6.746201515197754,6.702219486236572,7.064047336578369,7.194970607757568,7.088766098022461,7.0911335945129395,7.194555759429932,7.498615741729736,7.904753684997559,8.022727966308594,8.014994621276855,8.140725135803223,8.285711288452148,8.370137214660645,8.378800392150879,8.266651153564453,8.068390846252441,7.877591133117676,7.321949005126953,6.095841407775879,5.1894097328186035,4.957854747772217,4.070178031921387,2.284735918045044,1.8512494564056396,2.791229248046875
5.026222229003906,5.207484245300293,5.192522048950195,5.3881516456604,5.658044338226318,5.650421142578125,5.672357559204102,6.068781852722168,6.4794511795043945,6.627357482910156,6.769782543182373,7.015908241271973,7.173470973968506,7.143873691558838,7.092465400695801,7.073353290557861,6.827807903289795,6.254551410675049,6.128841400146484,6.469399452209473,6.542572975158691,6.417236328125,6.526435852050781,6.863224029541016,7.315957069396973,7.785837650299072,7.940898895263672,7.830043315887451,7.75032901763916,7.72399377822876,7.812530517578125,8.028555870056152,8.070916175842285,7.792270183563232,7.551932334899902,7.040572643280029,6.080385208129883,5.308197975158691,5.013309001922607,3.84755277633667,1.5701396465301514,1.0877101421356201,2.4678633213043213
4.589021682739258,4.7953877449035645,4.648700714111328,4.8314032554626465,5.113261699676514,5.170033931732178,5.331545829772949,5.715245723724365,6.09941291809082,6.263862133026123,6.360753536224365,6.4625749588012695,6.565799236297607,6.51896333694458,6.493423938751221,6.510101318359375,6.403407573699951,5.753817558288574,5.533799648284912,5.875001907348633,6.083931922912598,6.0349931716918945,6.149824619293213,6.4786295890808105,6.8497185707092285,7.318862438201904,7.425297737121582,7.199227809906006,7.010530948638916,6.824325084686279,6.857589244842529,7.116082668304443,7.347699165344238,7.450239658355713,7.3925886154174805,7.058411598205566,6.0574822425842285,5.131824970245361,4.755615234375,3.8846523761749268,2.3050696849823,1.6620386838912964,2.374241590499878
3.2540619373321533,3.7125914096832275,3.864061117172241,4.138118743896484,3.9773669242858887,4.077647686004639,4.262193202972412,4.418788909912109,4.84451961517334,5.031981945037842,5.315465927124023,5.169764518737793,5.09498405456543,4.925610065460205,4.887501239776611,4.419962406158447,5.247469425201416,4.148647785186768,4.0834808349609375,4.139945030212402,4.553581237792969,4.751769542694092,4.89224100112915,5.065521240234375,5.247719764709473,5.608576774597168,5.808289051055908,5.6335768699646,5.461560249328613,5.468832015991211,5.771988391876221,6.049937725067139,6.2628173828125,6.6096649169921875,6.698910713195801,6.553890228271484,5.572973251342773,4.9699482917785645,4.572419166564941,3.6805341243743896,3.0206358432769775,2.679306745529175,2.901862859725952
-1.3745830059051514,-0.22273123264312744,0.2198309451341629,1.4335969686508179,0.39274996519088745,0.7030638456344604,0.3896409273147583,-0.2231779396533966,1.238645076751709,0.5215104222297668,1.8443684577941895,1.3462508916854858,1.273885726928711,0.5629037022590637,0.8548170924186707,-1.4752119779586792,3.0407466888427734,0.0056314305402338505,1.1453542709350586,-0.5409939289093018,0.5336867570877075,1.0717178583145142,1.1338785886764526,0.8037412166595459,0.9591355919837952,1.1437716484069824,1.712343454360962,2.550539970397949,2.8806023597717285,3.039487361907959,4.5371928215026855,5.214636325836182,4.5237274169921875,4.636558532714844,3.4999659061431885,3.7029683589935303,2.5736589431762695,3.6973021030426025,3.7999236583709717,1.854577898979187,3.2033228874206543,3.369943618774414,3.7639293670654297
0.7572697997093201,2.3176724910736084,1.8734958171844482,2.029492139816284,0.724038302898407,0.9013173580169678,1.2346057891845703,0.1688716560602188,3.05436635017395,0.557635486125946,0.6184791326522827,1.9535406827926636,1.858422040939331,1.1653833389282227,1.7508869171142578,-0.16183367371559143,1.509926199913025,0.8417754769325256,1.8980070352554321,0.8831522464752197,2.3938817977905273,1.042953372001648,1.868742823600769,1.9796756505966187,1.4636666774749756,2.002300977706909,2.6337342262268066,3.771270751953125,3.8896658420562744,3.5155575275421143,4.451394557952881,4.917020797729492,4.503873348236084,5.3309736251831055,5.146008491516113,4.735336780548096,3.8115761280059814,4.051604270935059,5.224414348602295,2.7685489654541016,4.4618916511535645,5.169268608093262,5.506656169891357
1.6313832998275757,1.828426718711853,1.1583439111709595,1.5665676593780518,0.043538954108953476,-0.49479541182518005,-1.7146579027175903,-0.5716845989227295,-0.28569623827934265,0.2271426022052765,-1.0618259906768799,0.6301337480545044,-0.6642553210258484,0.8048763871192932,-1.2119483947753906,-0.294430136680603,-0.3659247159957886,0.22111913561820984,-0.9065468907356262,-0.4005894660949707,-0.43056267499923706,-0.25883668661117554,-0.3033941686153412,0.8179172873497009,0.45704472064971924,1.8976023197174072,2.4778027534484863,3.2931909561157227,3.0579583644866943,2.9300804138183594,2.8142714500427246,3.3377416133880615,3.8978054523468018,4.553257942199707,4.828103542327881,4.913331985473633,4.976150989532471,2.6527960300445557,3.386580228805542,3.2410881519317627,4.250336647033691,4.224132061004639,6.010007858276367
1.4635841846466064,2.779542922973633,1.813960313796997,1.2348332405090332,0.25206905603408813,-0.2925899922847748,-5.286826133728027,-5.505215644836426,-1.4865692853927612,2.1976888179779053,-4.992506504058838,-2.4881789684295654,-0.07273776829242706,-3.72717022895813,-0.6150082349777222,-0.6990965008735657,0.7137096524238586,2.0235328674316406,-2.2905664443969727,-1.0176613330841064,-1.936942458152771,-0.7578101754188538,-0.15934041142463684,1.028028964996338,1.3147430419921875,2.259141206741333,2.0789833068847656,3.1234850883483887,1.5669267177581787,2.390314817428589,2.8274219036102295,2.9040260314941406,3.718358039855957,3.936939001083374,4.532214164733887,5.059302806854248,5.5482635498046875,2.1762616634368896,2.8152425289154053,3.7301242351531982,4.266793727874756,3.448533773422241,5.855530261993408
1.9937398433685303,2.3836326599121094,2.414990186691284,1.1316345930099487,3.341553211212158,0.3875751793384552,-8.210633277893066,-9.920950889587402,-1.0737526416778564,-6.740323066711426,-3.922288417816162,-2.3355636596679688,-4.485705375671387,-2.4493887424468994,-4.0650763511657715,-0.9371857047080994,-5.589454650878906,1.6652109622955322,-3.332838296890259,-2.560068130493164,-3.0565426349639893,-2.213670253753662,0.39789363741874695,-0.3033602237701416,2.7433197498321533,-0.6905153393745422,1.9037377834320068,2.544151782989502,-1.3253520727157593,2.453033447265625,2.571643114089966,2.5933563709259033,3.0839133262634277,3.178049325942993,4.334406852722168,3.4210710525512695,4.612015724182129,3.4379312992095947,3.0224573612213135,3.4004011154174805,3.6556646823883057,4.952056884765625,4.056539535522461
1.7921817302703857,2.2988486289978027,4.314198017120361,5.2646684646606445,-0.9982890486717224,-1.6150227785110474,-8.406122207641602,-8.714834213256836,-6.15620231628418,-6.897336959838867,-4.8068928718566895,-4.892685890197754,-2.4788644313812256,-3.2572646141052246,-4.417699337005615,-4.160841464996338,-5.714427471160889,-4.429387092590332,-3.8998303413391113,-3.39963960647583,-3.009077310562134,-1.9368287324905396,-0.1616506725549698,-1.3679158687591553,0.2873409390449524,-3.995753765106201,3.067922830581665,-0.0274191927164793,-0.34911733865737915,1.0790235996246338,0.22599951922893524,2.710909366607666,2.894732713699341,2.8246231079101562,2.785139799118042,2.893988847732544,5.093847751617432,2.4861507415771484,2.312525987625122,5.0228118896484375,3.2659294605255127,3.3999505043029785,4.370482444763184
2.236206293106079,1.0416656732559204,3.374648332595825,1.478745698928833,-3.6171908378601074,-5.7967143058776855,-7.4930009841918945,-7.404011249542236,-9.103058815002441,-6.799122333526611,-9.711061477661133,-6.773900032043457,-1.200757384300232,-1.760177731513977,-4.7362189292907715,-6.7498016357421875,-3.416429281234741,-4.636196136474609,-4.448604106903076,-2.711134910583496,-2.332213878631592,-0.8376807570457458,-4.056058406829834,-3.6271188259124756,-3.261328935623169,-1.3566060066223145,1.0506701469421387,1.0936354398727417,0.23680561780929565,-0.772854745388031,-1.8390077352523804,1.1740171909332275,2.574436902999878,-0.4819847047328949,2.9330711364746094,3.2369346618652344,3.4964957237243652,3.589444160461426,3.184114933013916,2.832521438598633,2.5549237728118896,3.226348400115967,3.0352065563201904
-0.13997457921504974,-2.31191349029541,-2.5331180095672607,-4.784463882446289,-4.789721965789795,-7.442459583282471,-3.710777759552002,-4.673092842102051,-7.9079813957214355,-9.935112953186035,-10.981541633605957,-8.979443550109863,-1.682279109954834,-2.9373371601104736,-5.974904537200928,-6.596620082855225,-3.8921940326690674,-5.55983829498291,-5.2011566162109375,-2.884552001953125,-1.7042423486709595,-3.717498779296875,-6.787099838256836,-2.601980447769165,-2.9609146118164062,-1.918984055519104,-0.614212155342102,-0.4086243212223053,1.3411917686462402,-2.485231876373291,-0.721858024597168,-2.6824333667755127,-0.026054903864860535,-1.0475645065307617,1.1308939456939697,1.6449729204177856,2.815737724304199,2.597344398498535,2.2175159454345703,1.9652658700942993,2.707034111022949,3.3829665184020996,3.2810776233673096
-3.7010324001312256,-10.877700805664062,-4.630692958831787,-4.694436550140381,-5.709916114807129,-6.787326812744141,-5.081052780151367,-3.904219627380371,-7.534939765930176,-9.961541175842285,-13.440109252929688,-7.790561199188232,1.7481950521469116,-5.114510536193848,-8.433865547180176,-3.026902914047241,-6.634186744689941,-7.039681434631348,-5.434942722320557,-4.910388946533203,-4.632028102874756,-7.106950759887695,-4.251657962799072,-3.721492052078247,-1.4358175992965698,-3.211460828781128,-1.5217629671096802,-1.4286034107208252,-0.5031691193580627,-1.1812368631362915,-1.793908953666687,-1.3176155090332031,-2.4819071292877197,-0.1135983020067215,-1.0802024602890015,0.25030621886253357,1.8829259872436523,1.816569209098816,1.2428934574127197,1.4729119539260864,3.7080512046813965,3.4674606323242188,4.905279636383057
-10.81791877746582,-12.14198112487793,-8.086071968078613,-2.5876362323760986,-6.487185478210449,-7.022568225860596,-7.832832336425781,-7.6322479248046875,-8.1244478225708,-8.728225708007812,-8.708252906799316,-5.61086893081665,-2.293491840362549,-2.8121697902679443,-8.77078628540039,-7.2774128913879395,-5.470969200134277,-7.075026512145996,-5.052306175231934,-7.767691612243652,-5.6840500831604,-5.694050312042236,-6.224083423614502,-2.1763103008270264,-1.966689109802246,-3.173264503479004,-3.3261003494262695,1.9257216453552246,-2.2613589763641357,-0.0828859880566597,-2.395942449569702,-0.22068725526332855,-3.429696798324585,-1.7300517559051514,-1.91643226146698,-0.6627484560012817,-0.21267278492450714,1.2931851148605347,-0.5846371650695801,3.9635136127471924,1.4722435474395752,3.42210054397583,3.6766443252563477
-10.282828330993652,-10.73424243927002,-8.596521377563477,-5.50880765914917,-8.367554664611816,-7.294391632080078,-8.782445907592773,-8.021575927734375,-7.805127143859863,-9.541722297668457,-8.315356254577637,-5.275941848754883,-6.042009353637695,-6.772801399230957,-9.015111923217773,-9.165400505065918,-5.765686511993408,-3.7017438411712646,-5.6312408447265625,-6.938103199005127,-5.9713053703308105,-6.747339248657227,-7.433719158172607,-2.435882091522217,-3.4262642860412598,-3.8771965503692627,-2.2976925373077393,3.4760262966156006,-3.3709752559661865,-1.8663274049758911,-2.794652223587036,1.0282630920410156,-3.7146759033203125,-2.178645133972168,-1.4897170066833496,-0.93424391746521,-1.572829008102417,-0.12235800921916962,-0.9335411787033081,2.1676464080810547,0.24491539597511292,3.931123733520508,0.8346114158630371
-12.49118423461914,-11.495072364807129,-9.833029747009277,-8.182867050170898,-7.882900238037109,-9.33873462677002,-8.554880142211914,-8.040699005126953,-8.81509780883789,-10.88311767578125,-9.345420837402344,-6.743906497955322,-5.95020055770874,-5.981537818908691,-9.31717300415039,-9.472901344299316,-6.270776271820068,-6.216976165771484,-6.1924262046813965,-5.689742088317871,-6.423001289367676,-8.223411560058594,-8.336459159851074,-4.462642192840576,-4.931098461151123,-4.315950870513916,-2.060598134994507,-0.8270994424819946,-2.7526586055755615,-3.320281982421875,-2.280618190765381,1.6921792030334473,-4.259069442749023,-1.6513277292251587,-2.1124088764190674,-2.784329414367676,-2.018375873565674,-0.3486748933792114,-2.9364774227142334,1.8373523950576782,-0.2988143861293793,4.619234561920166,-0.13793674111366272
-14.970932006835938,-13.064486503601074,-12.62669849395752,-8.045112609863281,-8.920929908752441,-8.783844947814941,-8.285694122314453,-9.865614891052246,-10.02955436706543,-9.027609825134277,-8.925357818603516,-6.890313625335693,-4.9502410888671875,-6.022897720336914,-9.330902099609375,-8.277345657348633,-8.905357360839844,-8.13255500793457,-6.908533573150635,-6.396881580352783,-7.747062683105469,-7.745635032653809,-7.178300857543945,-6.96657657623291,-4.808034420013428,-3.205246925354004,-2.109975814819336,-2.269665002822876,-3.6747701168060303,-4.123471736907959,-2.6225876808166504,-2.039612054824829,-6.241569995880127,-2.7996366024017334,-2.9825408458709717,-4.663550853729248,-2.7750532627105713,0.9684953093528748,-3.8191027641296387,2.3804891109466553,-0.07976912707090378,3.6857781410217285,-0.8480638861656189
-13.267202377319336,-13.297338485717773,-12.303303718566895,-10.023917198181152,-9.779009819030762,-8.89926528930664,-8.432190895080566,-9.326028823852539,-8.92035961151123,-8.962747573852539,-9.010171890258789,-8.571392059326172,-7.719971656799316,-8.660367965698242,-9.483762741088867,-8.204330444335938,-9.029765129089355,-8.803377151489258,-7.2347893714904785,-7.846739292144775,-7.445781230926514,-5.958428859710693,-4.494747161865234,-4.858709335327148,-4.616906642913818,-3.3802685737609863,-3.587015151977539,-2.1166303157806396,-3.714378595352173,-4.249556541442871,-5.373831748962402,-6.062449932098389,-5.554663181304932,-3.794799327850342,-2.5331928730010986,-3.868258476257324,-3.3186302185058594,-0.29926228523254395,-1.3552143573760986,1.9562219381332397,0.2664312422275543,1.230230689048767,0.7589182257652283
-10.180648803710938,-7.576382160186768,-12.359845161437988,-12.374080657958984,-10.987016677856445,-9.670283317565918,-8.864333152770996,-9.781028747558594,-9.449775695800781,-9.756448745727539,-9.492839813232422,-8.71133804321289,-8.202878952026367,-8.085451126098633,-8.254511833190918,-9.69965934753418,-8.755428314208984,-8.599064826965332,-8.743913650512695,-7.119120121002197,-6.358357906341553,-4.1329264640808105,-1.9178448915481567,-3.8778393268585205,-5.8238091468811035,-4.665306568145752,-4.250754356384277,-3.0324268341064453,-2.4823193550109863,-5.5626115798950195,-5.803688049316406,-5.809050559997559,-5.394010543823242,-3.716491937637329,-3.682142734527588,-4.783030986785889,-1.7426581382751465,-0.8391531109809875,1.8184313774108887,0.9094958305358887,0.6820759177207947,-0.412159264087677,0.8050456047058105
