data/wind_data/wind_67_9.json
{"header": {"parameterUnit": "KT", "parameterCategory": 2, "nx": 256, "ny": 198, "lo1": 44.73521041870117, "la1": -3.236724853515625, "lo2": 111.26478576660156, "la2": 43.468475341796875, "dx": 0.2609002888202667, "dy": -0.23708222806453705, "refTime": "2025-02-21 19:00:00", "forecastTime": 0, "parameterNumber": 2, "parameterNumberName": "eastward_wind"}, "data":
[rows 57 to 75 of 198, columns 0 to 42 of 256]
9.292391777038574,12.361307144165039,12.768964767456055,12.311873435974121,11.00466537475586,9.492255210876465,8.51253604888916,8.305000305175781,8.519530296325684,8.874471664428711,9.469962120056152,10.125008583068848,10.626274108886719,10.835524559020996,10.840041160583496,11.012470245361328,11.55844497680664,12.538890838623047,13.61247444152832,14.423762321472168,14.918343544006348,15.250557899475098,15.560609817504883,16.008882522583008,16.4747314453125,16.810964584350586,16.72735023498535,16.00554847717285,14.717201232910156,13.043533325195312,11.131555557250977,9.264494895935059,7.706004619598389,6.422168731689453,5.38895845413208,4.475745677947998,3.8439693450927734,3.6693177223205566,3.495914936065674,3.062802791595459,2.8169760704040527,3.1080141067504883,3.8710880279541016
9.30653190612793,11.477544784545898,12.095392227172852,12.08392333984375,11.422545433044434,10.16500473022461,8.92304801940918,8.442008972167969,8.441822052001953,8.803808212280273,9.260939598083496,9.32851791381836,9.177443504333496,9.326480865478516,9.721197128295898,10.311062812805176,10.975358963012695,11.893659591674805,12.96426773071289,13.776330947875977,14.165168762207031,14.285378456115723,14.384833335876465,14.68138313293457,15.092839241027832,15.384726524353027,15.235573768615723,14.616876602172852,13.758190155029297,12.625557899475098,11.196052551269531,9.783615112304688,8.688020706176758,7.831222057342529,6.9294610023498535,5.763551235198975,4.7676615715026855,4.298500061035156,4.092562198638916,3.743701696395874,3.3438994884490967,3.2049572467803955,3.470073938369751
9.557229042053223,11.29955768585205,11.796809196472168,11.706254005432129,11.191387176513672,10.397127151489258,9.489856719970703,8.959049224853516,8.831510543823242,9.065640449523926,9.275026321411133,8.895492553710938,8.246665000915527,8.079251289367676,8.59113597869873,9.562885284423828,10.548075675964355,11.465604782104492,12.460302352905273,13.384127616882324,13.901749610900879,14.028595924377441,14.03730583190918,14.232251167297363,14.648366928100586,14.91821575164795,14.658773422241211,14.040885925292969,13.449247360229492,12.84101390838623,12.119802474975586,11.430134773254395,10.850923538208008,10.207863807678223,9.216291427612305,7.920582294464111,6.662586212158203,5.6396355628967285,4.956934452056885,4.529543399810791,4.171903133392334,3.944941282272339,3.8034121990203857
10.055652618408203,12.284430503845215,12.440387725830078,11.849489212036133,10.808666229248047,10.268978118896484,9.869573593139648,9.441296577453613,9.210415840148926,9.078271865844727,8.570014953613281,7.812245845794678,7.375877857208252,7.550812721252441,8.173069953918457,9.131205558776855,10.133576393127441,10.94880199432373,11.767728805541992,12.753507614135742,13.580687522888184,13.999156951904297,14.105738639831543,14.20677661895752,14.550947189331055,14.899284362792969,14.87102222442627,14.512383460998535,14.091961860656738,13.788341522216797,13.677029609680176,13.670252799987793,13.565536499023438,12.97703742980957,11.903858184814453,10.568513870239258,9.159011840820312,7.67168664932251,6.362486839294434,5.575763702392578,5.086362838745117,4.767496585845947,4.524911403656006
10.053244590759277,13.046897888183594,13.011150360107422,12.21209716796875,10.930095672607422,10.427149772644043,10.42546272277832,10.273043632507324,9.912694931030273,9.277939796447754,8.234482765197754,7.3220624923706055,7.141485214233398,7.774334907531738,8.69827938079834,9.459664344787598,10.057089805603027,10.568524360656738,11.073415756225586,11.857559204101562,12.834260940551758,13.65052318572998,14.065152168273926,14.192374229431152,14.313146591186523,14.56541919708252,14.89883041381836,15.14868450164795,15.250350952148438,15.389730453491211,15.766525268554688,16.23622703552246,16.427322387695312,15.983257293701172,14.917559623718262,13.526505470275879,12.026123046875,10.385319709777832,8.735814094543457,7.467319488525391,6.541790962219238,5.785318374633789,5.307668209075928
9.600252151489258,12.71955680847168,12.972989082336426,12.405098915100098,11.492754936218262,11.1741361618042,11.492818832397461,11.629817008972168,11.125924110412598,10.216947555541992,9.383739471435547,8.934056282043457,8.790221214294434,8.947291374206543,9.542802810668945,10.24708080291748,10.555538177490234,10.684541702270508,10.794652938842773,11.100866317749023,11.828734397888184,12.815035820007324,13.595342636108398,13.978382110595703,14.03600788116455,14.114853858947754,14.52927303314209,15.221004486083984,15.988412857055664,16.86469268798828,17.88690185546875,18.893388748168945,19.517236709594727,19.423208236694336,18.61037826538086,17.259090423583984,15.65723705291748,13.90492057800293,11.99617862701416,10.217046737670898,8.725561141967773,7.416556358337402,6.361522674560547
9.72812271118164,13.789424896240234,13.70962142944336,13.111099243164062,12.633546829223633,12.527602195739746,12.84359073638916,13.120245933532715,12.73756217956543,11.879127502441406,11.18927001953125,10.934974670410156,10.67748737335205,9.998291015625,9.599013328552246,10.178668022155762,10.901500701904297,11.073877334594727,10.904943466186523,10.744479179382324,11.003305435180664,11.815519332885742,12.829598426818848,13.596059799194336,13.94143009185791,14.094796180725098,14.440248489379883,15.164765357971191,16.275320053100586,17.725675582885742,19.34528923034668,20.863872528076172,21.957317352294922,22.355213165283203,21.94475555419922,20.775697708129883,19.143037796020508,17.288360595703125,15.194650650024414,13.022972106933594,11.052070617675781,9.294610977172852,7.778550624847412
10.330656051635742,13.20948600769043,13.711387634277344,13.610142707824707,13.633468627929688,13.839709281921387,13.830622673034668,13.971558570861816,13.971505165100098,13.556042671203613,13.052397727966309,12.656144142150879,12.069219589233398,10.9552583694458,9.731588363647461,9.582391738891602,10.5081787109375,11.141794204711914,10.996790885925293,10.635684967041016,10.603470802307129,11.144347190856934,12.157435417175293,13.273189544677734,14.087647438049316,14.554369926452637,14.902730941772461,15.50717544555664,16.6275691986084,18.272911071777344,20.14066505432129,21.82193946838379,23.044191360473633,23.655353546142578,23.491907119750977,22.547624588012695,21.03431510925293,19.223358154296875,17.222896575927734,15.047124862670898,12.852315902709961,10.81181526184082,9.116501808166504
10.672370910644531,14.75223159790039,14.327469825744629,13.868034362792969,14.108348846435547,14.714347839355469,14.467660903930664,14.139955520629883,14.125462532043457,14.192484855651855,14.259888648986816,14.216475486755371,13.74638557434082,12.843334197998047,11.718809127807617,10.6293363571167,10.403213500976562,10.769048690795898,10.69357681274414,10.374174118041992,10.419801712036133,10.978710174560547,11.98668384552002,13.269390106201172,14.437475204467773,15.256274223327637,15.733017921447754,16.160614013671875,17.018381118774414,18.490901947021484,20.279563903808594,21.93073844909668,23.140581130981445,23.750064849853516,23.676244735717773,22.896223068237305,21.538318634033203,19.796497344970703,17.944223403930664,16.04533576965332,13.950057983398438,11.819839477539062,10.017706871032715
10.855335235595703,14.49155330657959,14.063966751098633,13.469756126403809,13.685291290283203,14.672012329101562,14.689085960388184,14.076797485351562,13.746888160705566,14.067804336547852,14.661608695983887,14.972270965576172,14.736401557922363,14.111199378967285,13.323151588439941,12.180010795593262,10.982827186584473,10.370255470275879,9.974198341369629,9.683562278747559,9.949775695800781,10.844647407531738,12.114087104797363,13.502290725708008,14.846109390258789,16.005290985107422,16.752904891967773,17.115365982055664,17.513328552246094,18.36031723022461,19.6532039642334,21.09269905090332,22.367172241210938,23.17405891418457,23.308006286621094,22.756298065185547,21.578022003173828,19.844205856323242,18.06999969482422,16.43834686279297,14.568480491638184,12.473447799682617,10.587656021118164
11.295404434204102,13.154417991638184,13.145576477050781,12.611897468566895,12.346755027770996,13.445334434509277,13.904597282409668,13.575895309448242,13.460747718811035,13.811868667602539,14.148736000061035,14.175333023071289,14.047079086303711,13.809749603271484,13.248308181762695,12.329954147338867,11.092156410217285,9.982991218566895,9.192865371704102,8.799461364746094,9.154892921447754,10.272933006286621,11.765246391296387,13.274900436401367,14.767962455749512,16.262447357177734,17.482948303222656,18.17802619934082,18.423368453979492,18.581022262573242,19.039281845092773,19.89982795715332,21.00634002685547,21.96125030517578,22.40735626220703,22.22515296936035,21.313980102539062,19.782609939575195,18.166242599487305,16.612207412719727,14.854065895080566,12.902565956115723,11.018178939819336
11.91258430480957,13.563258171081543,12.941435813903809,12.048195838928223,11.10886287689209,11.876802444458008,12.547175407409668,12.863164901733398,13.181319236755371,13.265642166137695,13.066878318786621,12.814908981323242,12.646371841430664,12.333602905273438,11.874542236328125,11.302096366882324,10.415877342224121,9.375563621520996,8.556974411010742,8.196433067321777,8.535697937011719,9.515453338623047,10.813901901245117,12.203707695007324,13.699655532836914,15.343153953552246,16.93832015991211,18.20166015625,18.86952781677246,18.97330665588379,18.941028594970703,19.196819305419922,19.804378509521484,20.51055908203125,21.05294418334961,21.143705368041992,20.587495803833008,19.527830123901367,18.214134216308594,16.5728759765625,14.730777740478516,12.970818519592285,11.307089805603027
12.485640525817871,13.214072227478027,12.301348686218262,11.36181640625,10.386292457580566,10.506087303161621,11.198644638061523,12.450751304626465,13.115218162536621,12.787516593933105,12.136602401733398,11.48770523071289,10.826931953430176,10.437435150146484,10.37559986114502,10.16219711303711,9.535557746887207,8.701212882995605,8.118280410766602,8.043414115905762,8.435484886169434,9.067481994628906,9.850062370300293,10.853086471557617,12.119898796081543,13.569280624389648,15.089346885681152,16.564552307128906,17.68995475769043,18.216352462768555,18.298311233520508,18.343229293823242,18.604236602783203,19.02206802368164,19.46005630493164,19.751049041748047,19.64023208618164,18.948522567749023,17.64027214050293,15.920808792114258,14.188299179077148,12.702414512634277,11.322169303894043
13.015448570251465,11.877768516540527,11.048972129821777,10.215241432189941,9.476250648498535,9.456043243408203,10.501349449157715,11.767332077026367,12.389653205871582,12.413673400878906,11.892898559570312,10.919671058654785,10.044779777526855,9.67817497253418,9.43613052368164,8.991267204284668,8.482650756835938,8.034063339233398,7.884352684020996,8.208337783813477,8.70904541015625,9.017081260681152,9.279946327209473,9.894962310791016,10.891660690307617,11.961230278015137,13.028643608093262,14.257761001586914,15.501511573791504,16.364521026611328,16.688302993774414,16.745798110961914,16.909893035888672,17.296165466308594,17.8365478515625,18.380870819091797,18.47793960571289,17.74381446838379,16.332265853881836,14.758536338806152,13.436790466308594,12.304483413696289,11.048216819763184
13.37324047088623,11.31453800201416,10.466644287109375,9.406023979187012,8.551791191101074,9.07579231262207,10.0613431930542,10.754135131835938,11.942070007324219,13.168732643127441,13.185439109802246,11.913089752197266,10.464713096618652,9.330673217773438,8.201691627502441,7.258332252502441,6.9412126541137695,7.1228718757629395,7.635166168212891,8.442425727844238,9.122540473937988,9.243860244750977,9.062917709350586,9.26379680633545,9.95908260345459,10.733821868896484,11.430986404418945,12.323418617248535,13.43290901184082,14.395570755004883,14.877724647521973,14.992386817932129,15.085031509399414,15.411942481994629,16.0458984375,16.686750411987305,16.826763153076172,16.206825256347656,15.0494966506958,13.845519065856934,12.896686553955078,11.975295066833496,10.643458366394043
13.578083038330078,12.915782928466797,11.3428955078125,9.663039207458496,8.565557479858398,9.247359275817871,9.807977676391602,10.621026039123535,12.113568305969238,13.495211601257324,13.48387336730957,11.979459762573242,10.074146270751953,8.38106632232666,6.689757347106934,5.246333122253418,4.9149017333984375,5.762328624725342,7.167861461639404,8.616273880004883,9.565274238586426,9.580662727355957,9.016815185546875,8.724835395812988,8.958752632141113,9.44650936126709,10.01389217376709,10.724294662475586,11.605989456176758,12.492389678955078,13.139113426208496,13.484894752502441,13.664633750915527,13.892741203308105,14.3287353515625,14.842580795288086,15.121240615844727,14.92058277130127,14.25167465209961,13.466546058654785,12.766021728515625,11.829463005065918,10.28940200805664
13.583394050598145,13.667472839355469,12.074684143066406,10.1480073928833,8.996474266052246,9.643149375915527,10.09031867980957,10.962752342224121,11.816555976867676,12.221619606018066,11.479286193847656,9.740621566772461,8.223095893859863,7.089626312255859,5.557449817657471,3.8754241466522217,3.2379677295684814,4.316511154174805,6.457735061645508,8.605860710144043,9.860099792480469,9.836621284484863,9.104907035827637,8.484543800354004,8.246099472045898,8.43502140045166,8.988312721252441,9.692471504211426,10.432653427124023,11.236597061157227,12.048080444335938,12.712858200073242,13.104679107666016,13.203261375427246,13.200225830078125,13.360547065734863,13.68691349029541,13.89581298828125,13.801532745361328,13.43893814086914,12.809219360351562,11.693048477172852,9.975456237792969
13.462617874145508,13.670592308044434,12.206066131591797,9.96552562713623,8.079442024230957,8.573540687561035,10.200662612915039,11.176229476928711,10.399798393249512,9.065640449523926,7.803308963775635,6.793900012969971,6.652482986450195,6.428699493408203,5.091813564300537,3.6437392234802246,3.0039758682250977,3.6089305877685547,5.569439888000488,7.969887733459473,9.427663803100586,9.510824203491211,9.004166603088379,8.469915390014648,7.9921722412109375,8.060393333435059,8.821698188781738,9.801928520202637,10.742632865905762,11.677048683166504,12.552573204040527,13.242467880249023,13.52745532989502,13.235626220703125,12.63227653503418,12.299538612365723,12.527713775634766,13.094147682189941,13.554032325744629,13.49343204498291,12.740168571472168,11.341316223144531,9.530526161193848
13.529590606689453,13.390536308288574,11.541543960571289,8.835311889648438,6.572149276733398,6.464598178863525,8.697931289672852,10.039665222167969,8.770370483398438,6.712194919586182,5.5817179679870605,5.39595890045166,5.825146675109863,6.212800979614258,5.327070236206055,4.003137588500977,3.5812771320343018,4.061100959777832,5.358766078948975,7.2387542724609375,8.452625274658203,8.506961822509766,8.310447692871094,8.206744194030762,7.946020126342773,8.140278816223145,9.200376510620117,10.599907875061035,11.904165267944336,12.905981063842773,13.46827507019043,13.660171508789062,13.59654712677002,13.199775695800781,12.597268104553223,12.20699405670166,12.33523178100586,12.8478364944458,13.304842948913574,13.250389099121094,12.403112411499023,10.836213111877441,9.001935958862305
