data/wind_data/wind_51_4.json
{"header": {"parameterUnit": "KT", "parameterCategory": 2, "nx": 256, "ny": 198, "lo1": 44.73521041870117, "la1": -3.236724853515625, "lo2": 111.26478576660156, "la2": 43.468475341796875, "dx": 0.2609002888202667, "dy": -0.23708222806453705, "refTime": "2025-02-21 03:00:00", "forecastTime": 0, "parameterNumber": 2, "parameterNumberName": "eastward_wind"}, "data":
[rows 19 to 37 of 198, columns 0 to 43 of 256]
-7.666981220245361,-8.714364051818848,-9.802109718322754,-11.562994003295898,-13.944953918457031,-15.484748840332031,-16.256420135498047,-16.100204467773438,-15.709790229797363,-15.246074676513672,-14.546001434326172,-14.100592613220215,-14.025908470153809,-14.20258617401123,-13.973370552062988,-13.101693153381348,-11.951754570007324,-10.68802547454834,-9.538529396057129,-8.86708927154541,-8.61074161529541,-8.359381675720215,-7.720223426818848,-7.179225444793701,-8.080169677734375,-8.997284889221191,-9.71644401550293,-9.237201690673828,-9.277034759521484,-8.928620338439941,-6.884626865386963,-7.86183500289917,-8.433919906616211,-8.40152645111084,-9.857504844665527,-12.442980766296387,-11.61754322052002,-12.275596618652344,-11.278206825256348,-11.584805488586426,-11.318198204040527,-11.571233749389648,-11.49676513671875,-11.71552562713623
-7.313498497009277,-8.668120384216309,-9.994596481323242,-12.046814918518066,-14.440167427062988,-15.761962890625,-16.923276901245117,-16.8742733001709,-16.476966857910156,-15.886739730834961,-15.293963432312012,-15.122611045837402,-15.584425926208496,-16.55722427368164,-17.233386993408203,-16.798234939575195,-15.477643013000488,-13.784350395202637,-12.413226127624512,-11.68311882019043,-10.983244895935059,-9.659802436828613,-8.470245361328125,-8.298929214477539,-9.115068435668945,-9.53324031829834,-9.145425796508789,-7.881991863250732,-6.978719234466553,-6.170498847961426,-5.8992767333984375,-7.176860809326172,-8.946434020996094,-10.617280960083008,-11.38679027557373,-10.065990447998047,-5.581456661224365,-10.557361602783203,-9.423177719116211,-12.095251083374023,-12.797741889953613,-12.95429515838623,-12.135575294494629,-12.137843132019043
-7.5205078125,-8.817903518676758,-10.360589027404785,-12.849223136901855,-15.608673095703125,-16.587072372436523,-17.606794357299805,-17.2858943939209,-16.629316329956055,-15.83598518371582,-15.457849502563477,-15.631024360656738,-16.27707290649414,-17.250995635986328,-17.88674545288086,-17.769603729248047,-17.059206008911133,-16.009294509887695,-15.196245193481445,-14.490535736083984,-13.642478942871094,-12.486108779907227,-11.323351860046387,-10.490358352661133,-10.268004417419434,-10.06784439086914,-9.078474044799805,-7.9747796058654785,-7.628498077392578,-8.38714599609375,-9.313960075378418,-10.358487129211426,-11.087596893310547,-12.364234924316406,-13.18241024017334,-11.939726829528809,-9.401932716369629,-7.214410781860352,-5.054900169372559,-12.63484001159668,-14.74233341217041,-13.616954803466797,-12.905874252319336,-12.78611946105957
-8.094706535339355,-9.365452766418457,-10.933980941772461,-13.673213005065918,-16.703609466552734,-17.32679557800293,-17.894115447998047,-17.38394546508789,-16.65077781677246,-16.16802215576172,-16.014022827148438,-16.218669891357422,-16.56120491027832,-16.916269302368164,-16.93401336669922,-16.76650047302246,-16.624847412109375,-16.55084991455078,-16.741811752319336,-16.759429931640625,-16.174793243408203,-14.849740028381348,-13.51193618774414,-12.444717407226562,-11.398284912109375,-10.451881408691406,-9.470782279968262,-8.534119606018066,-8.610755920410156,-9.98471450805664,-11.518162727355957,-12.497108459472656,-13.313813209533691,-14.305367469787598,-14.978424072265625,-14.922359466552734,-14.601905822753906,-13.275904655456543,-10.944303512573242,-10.114835739135742,-13.59192180633545,-13.481071472167969,-12.940402030944824,-13.550323486328125
-9.163655281066895,-10.52372932434082,-11.826262474060059,-14.152708053588867,-16.80072784423828,-17.42328453063965,-18.10381507873535,-17.35286521911621,-16.800012588500977,-16.870344161987305,-16.72435760498047,-16.636062622070312,-16.86114501953125,-17.112045288085938,-17.136981964111328,-17.205280303955078,-16.952789306640625,-16.69185447692871,-16.659893035888672,-17.067276000976562,-17.50811004638672,-17.178558349609375,-15.9041748046875,-14.362717628479004,-13.072633743286133,-12.089417457580566,-11.292567253112793,-10.884284019470215,-11.145586013793945,-12.389423370361328,-14.094512939453125,-15.266871452331543,-15.738896369934082,-16.03956413269043,-15.823968887329102,-14.806303977966309,-13.204202651977539,-11.80918025970459,-11.034849166870117,-11.202796936035156,-10.870813369750977,-11.902267456054688,-13.9284086227417,-13.238868713378906
-10.484766960144043,-12.022695541381836,-12.823712348937988,-14.418599128723145,-16.46748161315918,-17.451618194580078,-18.30423355102539,-17.484498977661133,-17.074748992919922,-17.115819931030273,-17.053327560424805,-17.033809661865234,-17.28420639038086,-17.55654525756836,-17.642398834228516,-17.677669525146484,-17.22354507446289,-16.807453155517578,-16.44011688232422,-16.685077667236328,-17.30864715576172,-17.909893035888672,-17.600461959838867,-16.62122917175293,-15.4797945022583,-14.588967323303223,-13.887590408325195,-13.100995063781738,-13.008281707763672,-14.391375541687012,-16.27265167236328,-17.128496170043945,-17.030630111694336,-16.904619216918945,-16.67771339416504,-15.647897720336914,-14.035743713378906,-12.671168327331543,-12.19754409790039,-13.210165977478027,-13.820525169372559,-13.105566024780273,-12.419154167175293,-13.443218231201172
-11.808889389038086,-13.326000213623047,-13.869685173034668,-14.841570854187012,-16.357328414916992,-17.80162811279297,-18.40494728088379,-17.779268264770508,-17.375947952270508,-17.362703323364258,-17.32655906677246,-17.428586959838867,-17.7231388092041,-18.015466690063477,-18.001893997192383,-17.849788665771484,-17.47820472717285,-17.02970314025879,-16.655136108398438,-16.821714401245117,-17.496196746826172,-18.017179489135742,-17.809486389160156,-17.106197357177734,-16.23427963256836,-15.503955841064453,-15.01301097869873,-15.06552791595459,-15.95449447631836,-17.075979232788086,-17.874164581298828,-18.02402687072754,-18.014236450195312,-17.75014305114746,-17.02975845336914,-16.294601440429688,-15.826382637023926,-15.406694412231445,-15.183055877685547,-14.441533088684082,-11.911477088928223,-10.982063293457031,-12.643697738647461,-13.211485862731934
-12.927257537841797,-14.480548858642578,-14.913875579833984,-15.518451690673828,-16.786304473876953,-18.34479522705078,-18.240568161010742,-17.753528594970703,-17.66091537475586,-17.83658218383789,-17.805240631103516,-17.84017562866211,-18.039039611816406,-18.174089431762695,-18.10581398010254,-17.79265785217285,-17.53968620300293,-17.119192123413086,-17.06464958190918,-17.254711151123047,-18.068391799926758,-18.49201774597168,-18.36727523803711,-17.829683303833008,-17.345706939697266,-17.069438934326172,-17.15691566467285,-17.496559143066406,-17.832740783691406,-18.029264450073242,-18.256755828857422,-18.286113739013672,-18.095991134643555,-17.728309631347656,-17.251659393310547,-16.6418514251709,-15.851560592651367,-15.045111656188965,-14.308109283447266,-13.537567138671875,-12.365525245666504,-11.845586776733398,-14.22775936126709,-14.000123023986816
-13.842564582824707,-15.462167739868164,-15.872610092163086,-16.26477813720703,-17.45887565612793,-18.695716857910156,-17.931074142456055,-17.493343353271484,-17.776630401611328,-18.462501525878906,-18.664775848388672,-18.423551559448242,-18.209707260131836,-18.16587257385254,-18.06793212890625,-17.798871994018555,-17.47699546813965,-17.164295196533203,-17.42214584350586,-17.587730407714844,-18.08820152282715,-18.35296058654785,-18.71792984008789,-18.840600967407227,-18.962844848632812,-18.786224365234375,-18.43921661376953,-18.170621871948242,-18.106689453125,-18.078319549560547,-17.94481658935547,-17.532779693603516,-17.010841369628906,-16.640226364135742,-16.44931983947754,-16.14079475402832,-15.722395896911621,-15.34254264831543,-15.05666732788086,-15.141244888305664,-15.868903160095215,-15.726079940795898,-15.072402000427246,-15.63652515411377
-14.515410423278809,-15.818767547607422,-16.351064682006836,-17.03251838684082,-18.042085647583008,-18.520645141601562,-17.4837646484375,-17.306358337402344,-17.755905151367188,-18.682584762573242,-19.243257522583008,-19.171621322631836,-18.68391990661621,-18.251333236694336,-17.944210052490234,-17.546682357788086,-17.24728012084961,-17.34626579284668,-17.560335159301758,-17.701934814453125,-17.887897491455078,-18.27736473083496,-18.79161834716797,-19.246917724609375,-19.460102081298828,-19.212100982666016,-18.70591926574707,-18.379779815673828,-18.269420623779297,-18.258451461791992,-18.00178337097168,-17.261934280395508,-16.36240577697754,-15.962187767028809,-15.910040855407715,-15.92674446105957,-16.145761489868164,-16.75563621520996,-17.395898818969727,-17.537471771240234,-17.465539932250977,-17.324695587158203,-17.084077835083008,-17.17277717590332
-14.753199577331543,-15.635979652404785,-16.292510986328125,-17.82489585876465,-18.356340408325195,-17.884061813354492,-17.189390182495117,-17.38863182067871,-17.832643508911133,-18.705453872680664,-19.43385124206543,-19.624406814575195,-19.10411834716797,-18.267379760742188,-17.64617156982422,-17.243877410888672,-17.260549545288086,-17.45244026184082,-17.656034469604492,-17.757709503173828,-18.017419815063477,-18.493806838989258,-18.886911392211914,-19.06484603881836,-19.16098403930664,-19.1877384185791,-19.122573852539062,-19.13300132751465,-19.02277183532715,-18.673452377319336,-18.0674991607666,-17.282859802246094,-16.70833969116211,-16.762531280517578,-16.735774993896484,-16.271352767944336,-15.847009658813477,-16.22635841369629,-17.10259246826172,-17.843509674072266,-18.30274200439453,-18.289709091186523,-17.849252700805664,-17.25921630859375
-14.793052673339844,-15.806456565856934,-16.256175994873047,-17.6855525970459,-17.774293899536133,-17.343076705932617,-17.302616119384766,-17.63932228088379,-17.950733184814453,-18.648277282714844,-19.31035041809082,-19.546966552734375,-19.06085205078125,-18.053850173950195,-17.437406539916992,-17.349464416503906,-17.672832489013672,-17.757362365722656,-17.630468368530273,-17.69215965270996,-18.040172576904297,-18.546154022216797,-18.868572235107422,-18.927637100219727,-19.13401985168457,-19.503299713134766,-19.826303482055664,-20.028963088989258,-19.98981475830078,-19.706497192382812,-18.991924285888672,-17.953983306884766,-17.151737213134766,-17.11310577392578,-17.21929931640625,-16.900449752807617,-16.571868896484375,-16.946735382080078,-17.6906681060791,-18.13465118408203,-18.31483268737793,-18.093889236450195,-17.69792938232422,-17.085330963134766
-14.747428894042969,-16.24103546142578,-16.383209228515625,-16.594650268554688,-16.631561279296875,-17.288494110107422,-17.671772003173828,-17.777414321899414,-17.99067497253418,-18.623807907104492,-19.114831924438477,-19.158109664916992,-18.758407592773438,-18.201255798339844,-18.00901222229004,-18.138450622558594,-18.231473922729492,-18.086910247802734,-17.810447692871094,-17.712661743164062,-17.911657333374023,-18.353557586669922,-18.74554443359375,-19.013755798339844,-19.436302185058594,-20.046092987060547,-20.601991653442383,-20.794538497924805,-20.782854080200195,-20.819215774536133,-20.292707443237305,-19.04325294494629,-17.878543853759766,-17.907777786254883,-18.388288497924805,-18.458383560180664,-18.171459197998047,-18.334033966064453,-18.743770599365234,-18.596607208251953,-18.055614471435547,-17.580923080444336,-17.790664672851562,-17.71697425842285
-14.482043266296387,-15.813547134399414,-15.800101280212402,-15.187430381774902,-15.672710418701172,-17.445566177368164,-18.033809661865234,-17.812210083007812,-17.956645965576172,-18.484189987182617,-18.904157638549805,-18.847572326660156,-18.569740295410156,-18.492956161499023,-18.687698364257812,-18.868072509765625,-18.846059799194336,-18.5406436920166,-18.155797958374023,-17.75782012939453,-17.763938903808594,-18.175168991088867,-18.68166732788086,-19.112152099609375,-19.62255859375,-20.296178817749023,-20.860401153564453,-20.953712463378906,-20.88840103149414,-20.987808227539062,-20.7664794921875,-19.801979064941406,-18.8127384185791,-18.763338088989258,-19.273937225341797,-19.520082473754883,-19.38887596130371,-19.488075256347656,-19.687665939331055,-19.147186279296875,-18.134845733642578,-17.703214645385742,-18.143787384033203,-18.541927337646484
-14.174897193908691,-15.089860916137695,-14.89333724975586,-13.735854148864746,-14.89202880859375,-17.53235626220703,-18.081640243530273,-17.910539627075195,-18.048295974731445,-18.34634017944336,-18.590110778808594,-18.53107261657715,-18.422344207763672,-18.575929641723633,-18.932411193847656,-19.171634674072266,-19.09581184387207,-18.68223762512207,-18.102813720703125,-17.67845344543457,-17.73984718322754,-18.32621192932129,-19.018613815307617,-19.36911392211914,-19.596111297607422,-20.002544403076172,-20.592756271362305,-20.964962005615234,-20.96741485595703,-20.88051986694336,-20.81935691833496,-20.493276596069336,-19.898561477661133,-19.703516006469727,-20.0866756439209,-20.323524475097656,-20.082685470581055,-19.675434112548828,-19.619413375854492,-19.662031173706055,-19.18161964416504,-18.59645652770996,-18.601097106933594,-18.900388717651367
-14.2276029586792,-14.905664443969727,-14.62497329711914,-13.3592529296875,-14.917956352233887,-17.357736587524414,-17.707763671875,-17.799543380737305,-18.103404998779297,-18.250883102416992,-18.236968994140625,-18.105863571166992,-18.07350730895996,-18.309967041015625,-18.74989891052246,-18.978254318237305,-18.803674697875977,-18.298818588256836,-17.797557830810547,-17.586904525756836,-18.03196907043457,-18.907939910888672,-19.477954864501953,-19.610315322875977,-19.628908157348633,-19.86098861694336,-20.428083419799805,-21.021848678588867,-21.170177459716797,-21.185680389404297,-21.36678695678711,-21.583879470825195,-21.362396240234375,-20.838153839111328,-20.552165985107422,-20.37117576599121,-19.946455001831055,-19.509418487548828,-19.503637313842773,-19.90876007080078,-19.887014389038086,-19.495380401611328,-18.87999153137207,-18.90142059326172
-14.455794334411621,-14.877786636352539,-14.427810668945312,-13.611764907836914,-15.478644371032715,-16.947206497192383,-17.17884063720703,-17.20644760131836,-17.767709732055664,-17.999008178710938,-17.88576889038086,-17.653343200683594,-17.633285522460938,-17.934289932250977,-18.306842803955078,-18.329748153686523,-18.034303665161133,-17.582456588745117,-17.32615852355957,-17.577011108398438,-18.320938110351562,-19.264949798583984,-19.724349975585938,-19.774019241333008,-19.77857780456543,-20.005250930786133,-20.547224044799805,-21.141563415527344,-21.30598258972168,-21.383602142333984,-21.744192123413086,-22.212329864501953,-21.971969604492188,-21.08930778503418,-20.40713882446289,-20.230907440185547,-20.080881118774414,-19.855440139770508,-19.937997817993164,-20.26319122314453,-20.277538299560547,-19.89891242980957,-19.48967933654785,-19.1982421875
-14.41037654876709,-14.433171272277832,-13.863526344299316,-13.857002258300781,-15.742615699768066,-16.300331115722656,-16.59767723083496,-16.25954246520996,-16.97767448425293,-17.40830421447754,-17.469200134277344,-17.259531021118164,-17.172645568847656,-17.379867553710938,-17.585458755493164,-17.42928123474121,-17.159460067749023,-17.029197692871094,-17.059263229370117,-17.415714263916016,-18.106822967529297,-18.886445999145508,-19.55889892578125,-19.91375160217285,-20.08355140686035,-20.272226333618164,-20.510690689086914,-20.773242950439453,-20.968284606933594,-21.116470336914062,-21.58208656311035,-22.04501724243164,-21.822834014892578,-21.048439025878906,-20.55078887939453,-20.645353317260742,-20.766199111938477,-20.659570693969727,-20.600330352783203,-20.62322235107422,-20.506494522094727,-20.272512435913086,-20.17170524597168,-20.059795379638672
-14.052033424377441,-13.687206268310547,-13.083727836608887,-13.900991439819336,-15.562699317932129,-15.413890838623047,-15.92783260345459,-15.298971176147461,-15.859057426452637,-16.38298988342285,-16.654394149780273,-16.61113739013672,-16.607772827148438,-16.71706771850586,-16.694482803344727,-16.49565887451172,-16.41441535949707,-16.62201499938965,-16.918846130371094,-17.26456069946289,-17.567148208618164,-18.104522705078125,-19.10921287536621,-19.71770477294922,-19.859561920166016,-19.990516662597656,-20.238014221191406,-20.498382568359375,-20.684417724609375,-20.77684783935547,-21.12095832824707,-21.508838653564453,-21.415061950683594,-20.896577835083008,-20.68433380126953,-21.003541946411133,-21.29652214050293,-21.133148193359375,-20.78120231628418,-20.636024475097656,-20.59773826599121,-20.50592613220215,-20.62120819091797,-21.00750160217285
