data/wind_data/wind_9_3.json
{"header": {"parameterUnit": "KT", "parameterCategory": 2, "nx": 256, "ny": 198, "lo1": 44.73521041870117, "la1": -3.236724853515625, "lo2": 111.26478576660156, "la2": 43.468475341796875, "dx": 0.2609002888202667, "dy": -0.23708222806453705, "refTime": "2025-02-19 09:00:00", "forecastTime": 0, "parameterNumber": 2, "parameterNumberName": "eastward_wind"}, "data":
[rows 133 to 151 of 198, columns 44 to 87 of 256]
19.412704467773438,17.947086334228516,17.459924697875977,14.554605484008789,19.04816246032715,24.416521072387695,13.027523040771484,8.310147285461426,6.954593658447266,7.1318678855896,6.844655990600586,6.51305627822876,6.958479404449463,9.565281867980957,12.820974349975586,16.25245475769043,13.578615188598633,19.434520721435547,23.281679153442383,19.32972526550293,17.196990966796875,18.34373664855957,19.26534080505371,18.565601348876953,17.296581268310547,16.451234817504883,16.51106834411621,18.212902069091797,21.08478546142578,23.222780227661133,24.318267822265625,25.074176788330078,25.35388946533203,24.47382164001465,23.23236656188965,22.35631561279297,22.42130470275879,21.332643508911133,23.86721420288086,26.457685470581055,29.152502059936523,27.333845138549805,30.270963668823242,35.00505065917969
9.892992973327637,13.019798278808594,14.685728073120117,12.991284370422363,20.5427188873291,17.05360984802246,9.725881576538086,8.133646965026855,8.564988136291504,8.658390998840332,8.055299758911133,7.8515472412109375,8.798664093017578,10.983198165893555,13.915505409240723,17.284523010253906,16.544282913208008,19.954809188842773,22.543750762939453,19.03199005126953,17.702157974243164,19.031291961669922,20.0972957611084,19.41332244873047,18.098419189453125,17.07206916809082,16.549785614013672,18.247657775878906,20.42560386657715,22.231237411499023,23.609678268432617,24.769807815551758,25.579790115356445,25.35331916809082,24.854400634765625,24.219972610473633,23.747819900512695,21.63845443725586,22.91477394104004,26.533647537231445,29.29643440246582,27.690834045410156,29.31524658203125,34.34522247314453
8.483551979064941,12.926529884338379,14.332147598266602,19.301898956298828,22.813997268676758,14.537891387939453,10.121838569641113,9.07252311706543,9.840483665466309,10.163775444030762,10.038512229919434,10.305365562438965,11.510076522827148,12.814805030822754,14.20238971710205,15.864452362060547,15.895552635192871,19.82750129699707,21.413015365600586,18.712608337402344,17.778051376342773,19.086280822753906,20.11890983581543,19.987152099609375,19.320043563842773,18.89118003845215,18.256940841674805,17.899478912353516,19.279285430908203,22.485177993774414,24.281936645507812,24.583698272705078,25.21890640258789,25.520235061645508,25.658735275268555,25.34308433532715,24.818729400634766,22.424345016479492,22.22079849243164,26.327442169189453,28.809825897216797,29.165212631225586,31.275827407836914,33.46880340576172
7.971799850463867,11.53510856628418,15.742979049682617,20.446792602539062,17.03158187866211,13.791277885437012,11.833189964294434,11.178953170776367,11.544083595275879,11.982782363891602,12.436890602111816,12.69482135772705,12.967437744140625,13.73503589630127,14.149595260620117,13.577448844909668,10.212491989135742,14.715007781982422,19.37422752380371,18.527070999145508,17.532611846923828,18.565820693969727,19.7237548828125,20.21669578552246,20.172975540161133,19.967744827270508,19.5198917388916,19.16427230834961,19.30666160583496,21.16493797302246,23.977962493896484,24.814762115478516,25.164125442504883,25.573945999145508,26.144102096557617,26.541351318359375,25.798431396484375,24.022485733032227,22.718517303466797,25.83827018737793,28.39771842956543,29.467275619506836,31.038070678710938,34.83216094970703
7.537982940673828,12.886536598205566,16.512300491333008,14.924967765808105,13.22809886932373,12.87264633178711,12.705714225769043,13.311431884765625,13.148923873901367,13.198598861694336,13.753031730651855,14.030576705932617,13.709024429321289,13.373231887817383,13.456191062927246,13.606222152709961,8.448731422424316,10.805667877197266,17.750228881835938,19.0404052734375,17.83605194091797,18.210437774658203,19.253236770629883,19.85554313659668,20.047147750854492,20.03763198852539,19.826526641845703,19.680587768554688,19.449209213256836,21.074092864990234,24.315067291259766,24.63778305053711,24.496870040893555,25.274864196777344,26.27584457397461,27.290699005126953,27.56652069091797,25.615087509155273,23.510391235351562,25.59002685546875,29.063426971435547,31.941600799560547,32.933929443359375,35.43681716918945
9.965885162353516,15.0296630859375,13.824492454528809,12.430841445922852,11.92762565612793,12.612116813659668,14.645329475402832,15.150297164916992,14.085436820983887,13.747090339660645,14.362793922424316,15.045104026794434,14.91951847076416,14.565454483032227,14.177916526794434,16.23175048828125,10.511642456054688,12.403952598571777,19.811878204345703,20.59654426574707,18.61615753173828,17.884944915771484,18.192096710205078,18.628137588500977,19.14817237854004,19.85498809814453,20.097299575805664,19.9423828125,20.156856536865234,21.715503692626953,24.134693145751953,24.525798797607422,24.162708282470703,24.97855567932129,26.536596298217773,27.75986671447754,28.19708251953125,27.775014877319336,24.823217391967773,25.62251091003418,29.036306381225586,33.615692138671875,33.20889663696289,34.20425033569336
12.773554801940918,12.117324829101562,11.63986873626709,11.585949897766113,11.356979370117188,12.55695629119873,15.20894718170166,15.11894702911377,13.818538665771484,13.699320793151855,14.628963470458984,15.88077449798584,16.57566261291504,16.657878875732422,16.44244956970215,16.86312484741211,12.803987503051758,17.8831729888916,23.397537231445312,22.609527587890625,19.887338638305664,18.3109130859375,17.68143081665039,17.564319610595703,18.171035766601562,19.6061954498291,20.416166305541992,20.41468048095703,20.93550682067871,22.68659019470215,24.321216583251953,24.96167755126953,25.473461151123047,26.42613410949707,27.234619140625,28.21959114074707,28.892427444458008,29.3485050201416,27.982864379882812,27.105144500732422,28.6058349609375,31.54787826538086,33.7171516418457,34.58565139770508
11.1613187789917,9.914630889892578,11.227147102355957,11.4793062210083,10.603741645812988,11.538201332092285,14.114453315734863,14.063774108886719,13.28287124633789,13.4160737991333,14.561561584472656,16.346107482910156,17.73418617248535,18.57758331298828,18.342830657958984,17.91474723815918,17.31756591796875,22.505369186401367,22.233306884765625,20.454166412353516,19.711992263793945,19.244853973388672,18.377981185913086,17.77939224243164,17.81036376953125,18.965618133544922,20.715953826904297,21.437114715576172,21.863462448120117,23.45613670349121,24.978269577026367,26.13327407836914,27.7939510345459,29.11449432373047,29.563579559326172,30.317384719848633,31.530010223388672,31.857404708862305,31.2751522064209,30.46086311340332,28.184768676757812,28.886438369750977,31.73544692993164,34.974300384521484
7.77847146987915,8.847526550292969,10.950423240661621,11.318184852600098,10.102113723754883,10.578264236450195,12.39946460723877,12.69843578338623,12.570710182189941,12.825815200805664,13.928590774536133,15.777238845825195,17.768264770507812,19.075197219848633,18.822925567626953,18.398277282714844,22.088117599487305,22.906030654907227,19.531688690185547,18.287425994873047,18.6940860748291,19.265459060668945,19.222341537475586,18.799362182617188,18.33895492553711,18.25892448425293,20.268075942993164,22.08727264404297,22.877042770385742,23.96529769897461,25.874038696289062,27.092273712158203,28.691547393798828,31.4565372467041,32.56178665161133,32.044246673583984,33.49829864501953,33.749855041503906,32.60884475708008,32.58297348022461,30.83390235900879,28.22461700439453,31.186967849731445,36.94150924682617
7.109828948974609,8.666403770446777,9.929998397827148,10.322845458984375,9.36932373046875,9.481983184814453,10.520315170288086,10.68082332611084,10.943854331970215,11.651905059814453,13.016569137573242,14.840243339538574,16.99576187133789,17.96133804321289,17.520498275756836,18.45806312561035,23.39911460876465,22.57914924621582,18.98247528076172,17.282228469848633,17.311195373535156,18.251293182373047,18.87368392944336,19.376380920410156,19.543344497680664,19.15872573852539,19.26752471923828,20.915678024291992,22.55257797241211,23.845252990722656,24.991609573364258,29.351823806762695,27.71139144897461,29.410417556762695,33.77950668334961,33.219505310058594,33.429500579833984,34.036895751953125,31.95760154724121,30.83303451538086,31.7330379486084,30.63351821899414,30.21877670288086,34.39824295043945
7.774730205535889,8.429583549499512,9.749594688415527,9.776287078857422,8.72597599029541,8.388751983642578,8.715373992919922,8.483684539794922,8.98133659362793,10.348255157470703,12.177861213684082,14.059767723083496,16.019914627075195,16.86141014099121,16.13654899597168,19.020706176757812,22.813886642456055,20.78462791442871,17.0792293548584,15.528430938720703,15.586352348327637,16.47782325744629,17.338394165039062,18.319881439208984,19.905929565429688,20.704721450805664,19.852493286132812,20.05867576599121,20.590219497680664,23.29468536376953,23.712589263916016,28.952781677246094,30.760347366333008,25.444080352783203,30.201717376708984,34.28786849975586,34.23516082763672,34.96910095214844,32.87115478515625,29.244962692260742,29.798280715942383,30.586305618286133,30.499149322509766,31.107973098754883
7.831127643585205,8.123896598815918,9.257132530212402,9.42891788482666,8.12382984161377,7.859271049499512,7.468367576599121,7.209974765777588,7.879025936126709,9.382320404052734,11.361437797546387,13.409408569335938,15.421468734741211,16.72654151916504,16.079605102539062,18.82069969177246,21.249122619628906,17.801952362060547,14.243691444396973,13.600940704345703,14.256476402282715,14.864401817321777,15.958723068237305,16.63459587097168,17.962173461914062,19.135799407958984,18.991474151611328,19.445072174072266,20.815629959106445,23.064409255981445,24.375715255737305,27.66461944580078,31.897520065307617,24.960250854492188,22.154827117919922,29.557785034179688,34.6065673828125,34.86232376098633,32.74188232421875,28.485742568969727,27.625003814697266,28.29108428955078,28.6749210357666,29.944759368896484
7.560544967651367,8.214397430419922,8.54417610168457,7.999335289001465,6.57197380065918,6.880621910095215,6.147371768951416,6.659229278564453,7.661669731140137,9.268645286560059,11.378252983093262,13.504047393798828,15.30970573425293,16.77383041381836,16.84859275817871,18.89617156982422,18.89452362060547,14.682117462158203,12.270556449890137,12.24465274810791,13.449865341186523,14.142350196838379,15.509117126464844,16.341289520263672,15.981999397277832,15.241783142089844,14.968442916870117,16.449386596679688,18.785755157470703,21.008092880249023,25.08727264404297,28.916601181030273,29.609615325927734,22.640071868896484,23.00013542175293,23.807668685913086,20.733642578125,27.327096939086914,31.724231719970703,28.334028244018555,26.942663192749023,27.504426956176758,27.71537208557129,30.413902282714844
7.486166954040527,8.148560523986816,7.760092258453369,5.768681526184082,5.142809867858887,5.954927444458008,6.809413433074951,7.233531475067139,8.154988288879395,9.906258583068848,11.718507766723633,13.25811767578125,14.742424011230469,16.628225326538086,17.762224197387695,18.91576385498047,16.670507431030273,13.214757919311523,11.70676040649414,11.494933128356934,12.31497859954834,13.094599723815918,14.1327486038208,14.832265853881836,15.020257949829102,14.280346870422363,13.113892555236816,13.410724639892578,14.754203796386719,15.832310676574707,21.436466217041016,27.800893783569336,28.423662185668945,21.802169799804688,20.61688995361328,22.186433792114258,15.966219902038574,21.492666244506836,29.872793197631836,27.686113357543945,26.14453887939453,24.7186279296875,25.094863891601562,28.778011322021484
7.058746337890625,7.043161869049072,6.44212532043457,4.346797943115234,5.299965858459473,6.749762058258057,8.333552360534668,8.287230491638184,8.517138481140137,9.378979682922363,9.527958869934082,11.076737403869629,13.658416748046875,16.239870071411133,18.271770477294922,18.481224060058594,14.857812881469727,11.988677978515625,10.49207878112793,10.248196601867676,10.812850952148438,11.550546646118164,12.103713989257812,11.768355369567871,11.395352363586426,11.861944198608398,11.950064659118652,11.69524097442627,11.165483474731445,8.674293518066406,12.524112701416016,21.635772705078125,26.56878662109375,24.67314910888672,20.56952667236328,20.754255294799805,18.126039505004883,20.546417236328125,22.981143951416016,25.900545120239258,29.13111686706543,25.239662170410156,23.584941864013672,24.885833740234375
6.349503517150879,5.6449432373046875,4.939836025238037,4.3943939208984375,5.686182498931885,8.052104949951172,7.92816162109375,7.762735366821289,8.05566120147705,7.880489349365234,7.348296642303467,9.970833778381348,12.774118423461914,14.555487632751465,15.778217315673828,15.102492332458496,12.153666496276855,10.078145027160645,9.340782165527344,9.49448013305664,9.860358238220215,10.497316360473633,10.927496910095215,9.888431549072266,9.175786972045898,10.117980003356934,10.751317977905273,10.77333927154541,11.819640159606934,8.273655891418457,7.6005754470825195,13.986473083496094,20.245100021362305,23.251665115356445,19.644081115722656,17.043062210083008,17.40361976623535,19.931625366210938,18.245563507080078,17.193758010864258,26.211097717285156,26.441741943359375,23.93997573852539,24.225692749023438
5.428803443908691,5.013769626617432,4.649883270263672,4.972113609313965,6.515765190124512,7.2337822914123535,6.492290496826172,6.932249546051025,7.853784561157227,6.908278465270996,8.442681312561035,10.881112098693848,11.721498489379883,11.75073528289795,11.85879135131836,11.358052253723145,9.825868606567383,8.515594482421875,8.111332893371582,8.515625953674316,9.025893211364746,9.73487377166748,10.35285758972168,10.289315223693848,10.324520111083984,10.795700073242188,11.48997974395752,10.869751930236816,11.082141876220703,8.100747108459473,6.389430046081543,12.964791297912598,17.366445541381836,17.47161102294922,14.469819068908691,12.15043830871582,13.276284217834473,18.295909881591797,19.254465103149414,14.026524543762207,18.390905380249023,23.9186954498291,25.59161376953125,26.12523078918457
4.504299163818359,4.857895374298096,5.808371067047119,6.268809795379639,6.7121357917785645,5.612814426422119,5.32354211807251,6.925442695617676,7.859551906585693,8.752029418945312,10.48592758178711,10.454370498657227,9.62555980682373,9.200942993164062,9.09679126739502,8.773422241210938,7.577490329742432,6.519296646118164,5.94962739944458,6.46209716796875,7.641758441925049,8.684846878051758,9.591259002685547,9.587995529174805,9.442254066467285,9.661345481872559,9.272904396057129,8.632472038269043,7.383508205413818,6.1103901863098145,6.034877300262451,10.178566932678223,14.651515007019043,15.68759822845459,10.565206527709961,6.023606300354004,9.427719116210938,15.879460334777832,20.956396102905273,20.329153060913086,17.899534225463867,20.011930465698242,23.494699478149414,22.515764236450195
4.1800079345703125,5.29334020614624,6.44442892074585,6.747547626495361,6.1273698806762695,4.61929988861084,4.925102233886719,7.148831367492676,8.6215181350708,10.480040550231934,10.148162841796875,8.53491497039795,7.539102554321289,7.1945037841796875,7.337873935699463,6.337108135223389,5.490859031677246,4.778341770172119,4.29173469543457,5.134884357452393,6.719979286193848,7.99253511428833,8.772436141967773,9.044672966003418,8.62585735321045,8.77115249633789,7.295099258422852,5.186868190765381,3.930781126022339,-0.44909268617630005,-0.9587374329566956,3.284945249557495,9.898466110229492,12.811747550964355,8.814668655395508,1.812403917312622,2.253509283065796,9.868885040283203,17.743009567260742,23.530057907104492,24.042734146118164,22.54985809326172,22.013259887695312,20.150440216064453
