data/wind_data/wind_34_4.json
{"header": {"parameterUnit": "KT", "parameterCategory": 2, "nx": 256, "ny": 198, "lo1": 44.73521041870117, "la1": -3.236724853515625, "lo2": 111.26478576660156, "la2": 43.468475341796875, "dx": 0.2609002888202667, "dy": -0.23708222806453705, "refTime": "2025-02-20 10:00:00", "forecastTime": 0, "parameterNumber": 2, "parameterNumberName": "eastward_wind"}, "data":
[rows 133 to 151 of 198, columns 0 to 43 of 256]
23.568552017211914,23.127153396606445,22.515283584594727,21.907730102539062,21.41900634765625,21.159963607788086,21.200456619262695,21.187124252319336,20.801313400268555,20.212539672851562,20.228792190551758,20.720178604125977,20.949909210205078,21.445667266845703,20.570173263549805,18.424148559570312,15.748337745666504,13.649471282958984,15.341410636901855,19.08332633972168,21.64677619934082,19.79532241821289,19.103899002075195,22.81245994567871,26.589662551879883,29.394306182861328,31.427310943603516,35.42401885986328,30.956085205078125,24.843387603759766,29.61320686340332,32.98847579956055,33.42166519165039,37.572654724121094,42.34394836425781,49.08294677734375,42.023681640625,29.35445213317871,28.72850799560547,34.49436950683594,42.330902099609375,48.85499572753906,51.30790710449219,51.63398742675781
22.564109802246094,22.324281692504883,21.85968589782715,21.393009185791016,20.88389778137207,20.42117691040039,20.03928565979004,19.784576416015625,19.505693435668945,19.26837730407715,19.568134307861328,19.974960327148438,20.446313858032227,21.154130935668945,20.815771102905273,19.865968704223633,18.087642669677734,16.39341163635254,16.549848556518555,18.86504364013672,19.732240676879883,23.023469924926758,27.198394775390625,23.994279861450195,25.204580307006836,29.544452667236328,30.80313491821289,33.546199798583984,31.408981323242188,29.605369567871094,36.037357330322266,36.69283676147461,30.58633804321289,28.011533737182617,32.156524658203125,34.186790466308594,30.994909286499023,28.4664306640625,28.411540985107422,31.241731643676758,35.80055236816406,39.847652435302734,37.79247283935547,36.49108123779297
21.526283264160156,21.36897850036621,21.082744598388672,20.76512336730957,20.3597469329834,19.41348648071289,18.708898544311523,18.499181747436523,18.559511184692383,18.773387908935547,18.621688842773438,18.670560836791992,19.340879440307617,20.377872467041016,20.653934478759766,20.172103881835938,19.743581771850586,19.268192291259766,18.665634155273438,20.650127410888672,22.416513442993164,27.697856903076172,27.519428253173828,18.751632690429688,20.81450843811035,28.900829315185547,32.07832336425781,32.972206115722656,30.789731979370117,31.923559188842773,38.151973724365234,41.59970474243164,38.721656799316406,34.06608200073242,29.96481704711914,29.268295288085938,29.069807052612305,29.170507431030273,29.795501708984375,28.86113739013672,25.79892921447754,20.444416046142578,20.51156997680664,24.200260162353516
20.28675651550293,20.328624725341797,20.115009307861328,19.860214233398438,19.330907821655273,18.33615493774414,17.71733283996582,17.661155700683594,18.114131927490234,18.169523239135742,17.627696990966797,17.431093215942383,18.085411071777344,19.072240829467773,19.544048309326172,19.174301147460938,19.360370635986328,19.700525283813477,19.580814361572266,21.989912033081055,25.435436248779297,30.568883895874023,28.66071891784668,19.569610595703125,18.73623275756836,25.483423233032227,30.37143325805664,33.250125885009766,33.896217346191406,33.49778747558594,35.95260238647461,39.51902389526367,41.32260513305664,39.05924606323242,29.572498321533203,23.994441986083984,22.977386474609375,22.869115829467773,22.948501586914062,22.16666603088379,21.623674392700195,18.790578842163086,18.903316497802734,20.763843536376953
19.42909812927246,19.514263153076172,19.366647720336914,19.023263931274414,18.2484073638916,17.612573623657227,17.030214309692383,17.04677963256836,17.57855987548828,17.448822021484375,16.992233276367188,16.957460403442383,17.264572143554688,17.72548484802246,17.856122970581055,17.397523880004883,17.38262367248535,17.55374526977539,18.091270446777344,20.67327880859375,24.759586334228516,30.150447845458984,30.50237274169922,26.568195343017578,24.977581024169922,27.31138038635254,30.87346649169922,36.59660339355469,40.2513313293457,37.78137969970703,35.21501922607422,36.77939987182617,37.36194610595703,31.112804412841797,21.050989151000977,16.336111068725586,17.217748641967773,16.656570434570312,13.938096046447754,13.602580070495605,16.23126983642578,19.406757354736328,20.980384826660156,21.627077102661133
19.308420181274414,19.77667236328125,19.714323043823242,19.294410705566406,18.34123992919922,17.393478393554688,16.64522361755371,16.608375549316406,17.106019973754883,17.240535736083984,16.939428329467773,16.613157272338867,16.379169464111328,16.281984329223633,16.044898986816406,15.658910751342773,15.248868942260742,15.282109260559082,16.135269165039062,17.916584014892578,21.876358032226562,28.00715446472168,30.964519500732422,31.466922760009766,28.847143173217773,26.72313690185547,31.27440643310547,38.781646728515625,43.285118103027344,40.472389221191406,38.39137649536133,38.777931213378906,38.316097259521484,30.88709259033203,20.851213455200195,19.208599090576172,21.422531127929688,20.14544105529785,15.794923782348633,14.309081077575684,15.46348762512207,17.107961654663086,18.20537757873535,21.847402572631836
19.45231819152832,20.2438907623291,20.320571899414062,20.034204483032227,19.109682083129883,17.044845581054688,15.700176239013672,15.985337257385254,16.987598419189453,16.892440795898438,16.588966369628906,16.437715530395508,15.75960922241211,14.811408996582031,13.90625,13.480737686157227,13.07592487335205,11.836982727050781,12.451635360717773,15.277499198913574,19.155691146850586,24.676145553588867,27.1798038482666,28.400711059570312,25.0780086517334,23.688322067260742,27.3220272064209,36.21563720703125,37.978965759277344,36.503753662109375,37.089378356933594,39.552669525146484,41.35167694091797,37.622802734375,30.731948852539062,28.05248260498047,27.07049560546875,21.779747009277344,15.913808822631836,14.93623161315918,15.250882148742676,16.48280143737793,19.112117767333984,21.20261001586914
19.681720733642578,20.362524032592773,20.115304946899414,19.377338409423828,19.009035110473633,17.482467651367188,15.450403213500977,16.007720947265625,17.01294708251953,16.727420806884766,16.354541778564453,16.04207420349121,15.677352905273438,14.359014511108398,11.994739532470703,11.09009075164795,10.386927604675293,10.124485969543457,13.576680183410645,16.145448684692383,19.068519592285156,22.432626724243164,24.09413719177246,25.69358253479004,24.489376068115234,23.5460262298584,28.15658187866211,28.732912063598633,30.78114891052246,29.206022262573242,26.630155563354492,32.81230163574219,38.411895751953125,39.91255569458008,37.21343994140625,30.51317596435547,23.200883865356445,16.175657272338867,13.902252197265625,15.077630043029785,14.837385177612305,16.421741485595703,18.995683670043945,20.053070068359375
20.01466941833496,20.206926345825195,19.473257064819336,18.0079402923584,18.33069610595703,18.510099411010742,16.94565200805664,16.603715896606445,16.75758934020996,16.90163803100586,16.306119918823242,16.592201232910156,16.87287139892578,13.841936111450195,11.85853099822998,10.536527633666992,10.013883590698242,12.027653694152832,16.010677337646484,18.069677352905273,19.68697166442871,22.196372985839844,24.349510192871094,26.05531883239746,26.02263641357422,27.099729537963867,28.86919593811035,25.579803466796875,28.99317741394043,28.455293655395508,27.747634887695312,29.535274505615234,33.07404327392578,37.25229263305664,36.10920715332031,22.572532653808594,12.724292755126953,10.709043502807617,12.676295280456543,14.979619979858398,15.214205741882324,15.86241626739502,17.305957794189453,16.47368049621582
20.019277572631836,19.78436851501465,19.075477600097656,17.72099494934082,17.278629302978516,17.498029708862305,17.379793167114258,17.28355598449707,17.4040470123291,17.79503631591797,16.40293312072754,17.62924575805664,18.17276954650879,16.40361976623535,15.481851577758789,14.053696632385254,12.9655122756958,14.021629333496094,16.055416107177734,17.555397033691406,19.579092025756836,22.578216552734375,24.05545425415039,24.356689453125,23.5599365234375,24.720245361328125,27.292922973632812,25.880691528320312,28.747154235839844,28.935354232788086,25.627578735351562,21.96455192565918,22.099382400512695,25.258316040039062,20.119186401367188,9.28902816772461,9.686923027038574,11.842920303344727,15.644843101501465,15.040009498596191,14.911893844604492,14.26330280303955,12.571100234985352,12.95174503326416
19.704795837402344,19.261985778808594,18.685678482055664,18.393657684326172,17.274883270263672,15.836898803710938,16.622772216796875,17.060745239257812,17.321807861328125,17.181514739990234,15.502434730529785,16.14156150817871,17.761829376220703,19.85453987121582,20.29681396484375,16.271028518676758,8.915243148803711,11.318740844726562,15.784384727478027,18.399614334106445,20.857255935668945,22.55759620666504,21.76569175720215,20.580629348754883,20.86397361755371,22.403179168701172,24.623395919799805,26.306917190551758,28.245100021362305,24.230518341064453,18.614017486572266,13.878819465637207,11.750921249389648,10.925145149230957,9.666855812072754,8.212881088256836,11.912370681762695,14.671624183654785,17.19292640686035,14.43712043762207,13.852560997009277,11.370685577392578,8.77424144744873,13.119176864624023
19.104694366455078,18.636878967285156,17.907489776611328,18.061437606811523,16.746013641357422,14.876896858215332,15.775202751159668,16.757736206054688,17.50762176513672,17.637937545776367,17.218469619750977,18.33519172668457,18.293027877807617,21.421850204467773,17.993999481201172,7.645601749420166,1.8475958108901978,9.773526191711426,17.21155548095703,20.959163665771484,22.38747215270996,21.801939010620117,19.421354293823242,20.192277908325195,20.546890258789062,22.021812438964844,23.788774490356445,24.823108673095703,23.280101776123047,18.416534423828125,12.97453784942627,10.322823524475098,7.038845062255859,7.778569221496582,11.369704246520996,12.828166007995605,12.605759620666504,12.312182426452637,14.155804634094238,13.406998634338379,12.847628593444824,9.727446556091309,10.884480476379395,14.537704467773438
18.50952911376953,18.455768585205078,17.296167373657227,16.026948928833008,12.37039566040039,11.235540390014648,13.075986862182617,15.072356224060059,16.633201599121094,18.322675704956055,20.47183609008789,21.54777717590332,22.386127471923828,24.117168426513672,14.825754165649414,4.7858710289001465,6.5914306640625,13.951796531677246,19.101530075073242,20.965553283691406,21.182924270629883,19.781476974487305,19.904172897338867,20.987930297851562,20.273292541503906,23.809173583984375,25.141036987304688,20.07756233215332,16.29372215270996,17.044265747070312,18.771282196044922,13.462285041809082,9.949070930480957,12.369574546813965,14.014971733093262,13.819244384765625,12.468335151672363,11.377002716064453,11.700552940368652,12.441328048706055,12.162372589111328,11.032275199890137,13.27871036529541,14.109856605529785
16.67774772644043,16.45463752746582,15.00423812866211,12.626358985900879,7.367400646209717,6.825664043426514,10.089051246643066,13.800731658935547,16.77009391784668,19.154386520385742,22.451169967651367,26.641338348388672,26.194183349609375,21.607141494750977,15.932221412658691,14.528937339782715,16.71546173095703,20.100549697875977,21.33328628540039,20.046955108642578,19.201704025268555,19.743518829345703,20.758337020874023,22.425735473632812,22.75797462463379,25.85548210144043,27.334245681762695,23.200363159179688,17.371395111083984,15.30225658416748,14.939533233642578,14.706360816955566,15.006126403808594,14.865665435791016,14.385003089904785,13.872342109680176,13.388052940368652,12.519003868103027,11.649359703063965,11.707619667053223,11.979314804077148,11.795055389404297,12.179489135742188,12.287461280822754
12.277759552001953,9.403230667114258,7.582050800323486,6.849787712097168,4.488219738006592,5.216993808746338,9.601606369018555,13.621651649475098,16.6759033203125,19.169538497924805,19.498647689819336,20.700944900512695,16.899648666381836,12.052356719970703,15.194341659545898,19.69636344909668,22.322816848754883,22.99631690979004,21.660024642944336,20.274728775024414,20.8173885345459,21.53847312927246,21.869604110717773,23.164352416992188,24.625244140625,26.76953887939453,27.887365341186523,27.140029907226562,21.556337356567383,16.589862823486328,14.626545906066895,15.43310832977295,16.224384307861328,15.931534767150879,14.879087448120117,14.194415092468262,14.109496116638184,13.842110633850098,13.285932540893555,12.306650161743164,12.717041969299316,10.938847541809082,8.62712574005127,10.369532585144043
7.3063249588012695,0.6940476894378662,-1.6096687316894531,0.10133189707994461,2.9159998893737793,6.672623157501221,11.32431697845459,14.286940574645996,16.44425392150879,21.315887451171875,19.722991943359375,14.21879768371582,7.8228840827941895,8.95641040802002,15.88347339630127,20.786836624145508,22.615867614746094,22.702533721923828,22.078292846679688,21.659238815307617,21.676294326782227,22.307374954223633,22.839832305908203,23.724140167236328,25.36678123474121,26.78800392150879,27.04488754272461,27.232242584228516,23.7161865234375,17.740373611450195,14.078654289245605,14.131807327270508,15.780217170715332,16.411012649536133,15.437359809875488,15.112029075622559,15.211963653564453,14.936169624328613,15.108179092407227,13.970559120178223,13.702340126037598,12.087664604187012,8.556028366088867,8.833512306213379
3.8479604721069336,-3.194551706314087,-5.77327823638916,-3.809976577758789,1.4860882759094238,7.6121416091918945,12.453124046325684,14.520339965820312,16.039745330810547,20.015098571777344,21.525821685791016,17.473445892333984,12.17996597290039,13.477092742919922,17.182004928588867,19.640548706054688,20.861770629882812,21.698444366455078,22.159740447998047,22.43389892578125,21.869354248046875,22.31832504272461,23.168081283569336,24.12967872619629,24.997957229614258,25.977819442749023,26.86348533630371,24.368053436279297,20.26575469970703,16.455413818359375,14.237032890319824,14.15479564666748,15.59891128540039,16.42620849609375,15.808302879333496,15.631768226623535,16.09156036376953,16.044540405273438,16.56207275390625,15.115025520324707,13.928497314453125,13.370342254638672,11.28601360321045,8.936985969543457
1.4114909172058105,-2.620527982711792,-4.844130992889404,-4.321015357971191,-0.03712702542543411,6.84114408493042,11.896072387695312,13.80269718170166,14.865352630615234,16.46370506286621,18.47776222229004,18.541330337524414,16.89423370361328,16.939462661743164,18.37579345703125,18.75149154663086,19.682950973510742,20.81566619873047,21.918642044067383,21.608139038085938,21.19527816772461,21.93518829345703,22.764860153198242,23.176841735839844,23.829923629760742,24.40019416809082,22.37423324584961,18.834239959716797,17.42997169494629,17.109256744384766,15.986414909362793,14.80501937866211,14.853841781616211,15.148530960083008,14.633408546447754,14.70885944366455,16.288156509399414,17.299335479736328,17.693857192993164,15.89222526550293,13.714879989624023,12.506349563598633,11.138062477111816,8.58690071105957
0.48684391379356384,-1.9119956493377686,-3.461254596710205,-3.8507022857666016,-1.1940480470657349,5.575445175170898,10.65642261505127,13.14928150177002,14.01385498046875,13.961788177490234,15.202812194824219,16.3620662689209,16.756515502929688,17.282257080078125,17.794443130493164,18.540145874023438,19.778963088989258,20.820323944091797,20.358619689941406,19.821659088134766,20.148969650268555,20.97022819519043,21.645883560180664,22.27544593811035,23.29634666442871,21.438318252563477,17.708574295043945,15.643856048583984,15.281566619873047,14.759608268737793,13.43675422668457,12.576086044311523,12.988252639770508,13.545724868774414,13.767024993896484,14.343975067138672,15.851028442382812,16.69988441467285,16.502870559692383,15.312965393066406,13.620688438415527,11.810380935668945,9.608787536621094,8.484502792358398
