data/wind_data/wind_34_1.json
{"header": {"parameterUnit": "KT", "parameterCategory": 2, "nx": 256, "ny": 198, "lo1": 44.73521041870117, "la1": -3.236724853515625, "lo2": 111.26478576660156, "la2": 43.468475341796875, "dx": 0.2609002888202667, "dy": -0.23708222806453705, "refTime": "2025-02-20 10:00:00", "forecastTime": 0, "parameterNumber": 2, "parameterNumberName": "eastward_wind"}, "data":
[rows 133 to 151 of 198, columns 86 to 128 of 256]
16.26436424255371,12.920726776123047,-0.6413699984550476,0.37955552339553833,3.316084861755371,5.55991268157959,8.050507545471191,8.364486694335938,8.412962913513184,10.4537935256958,11.652132987976074,12.116776466369629,8.567749977111816,-4.136450290679932,2.1969165802001953,4.7060770988464355,9.376699447631836,11.716158866882324,13.191601753234863,13.128499031066895,14.227211952209473,13.735429763793945,13.526299476623535,13.938165664672852,13.786730766296387,12.671107292175293,13.483820915222168,13.881831169128418,13.056304931640625,13.480195045471191,14.113293647766113,13.351879119873047,8.83176040649414,6.041147708892822,1.9444031715393066,-5.4205193519592285,-12.443901062011719,-15.93717098236084,-17.5568904876709,-14.620192527770996,-11.13344669342041,-9.17171573638916,-2.4380295276641846
11.084650039672852,18.104528427124023,10.612251281738281,7.059089183807373,5.637451171875,8.281989097595215,9.08384895324707,10.319003105163574,8.911931991577148,10.53557014465332,11.214245796203613,13.6588134765625,9.67342472076416,-4.145474433898926,2.0378921031951904,4.9741387367248535,9.914515495300293,10.800203323364258,12.978224754333496,12.25035285949707,13.757676124572754,13.118074417114258,13.230195045471191,12.69421672821045,13.265325546264648,13.663650512695312,12.552165031433105,13.172196388244629,12.511120796203613,12.930187225341797,13.181694984436035,11.525420188903809,7.128513813018799,5.006579399108887,-1.5815657377243042,-9.751348495483398,-16.02366065979004,-20.048267364501953,-20.976896286010742,-16.650768280029297,-12.40605640411377,-10.677027702331543,-1.2443571090698242
10.146981239318848,13.388136863708496,18.636133193969727,15.707074165344238,10.476053237915039,10.515420913696289,12.144659042358398,12.13602352142334,8.986676216125488,10.835325241088867,9.958157539367676,14.992464065551758,6.655799388885498,-4.191774845123291,1.5881065130233765,5.822649002075195,8.391423225402832,9.776627540588379,10.550736427307129,12.230432510375977,12.84846305847168,11.866519927978516,12.856964111328125,11.114892959594727,12.852568626403809,11.532281875610352,12.036416053771973,12.985162734985352,11.601771354675293,12.305509567260742,11.974055290222168,10.484152793884277,5.743152618408203,2.645336389541626,-5.1886491775512695,-12.876004219055176,-18.502817153930664,-23.125288009643555,-22.972179412841797,-16.217750549316406,-9.67905044555664,0.05034567788243294,-2.780351400375366
10.767378807067871,11.86449909210205,18.493911743164062,19.76750946044922,14.99626350402832,13.217020988464355,11.807910919189453,9.622774124145508,8.723431587219238,10.677716255187988,10.831781387329102,14.759661674499512,-0.0879521518945694,-3.8492867946624756,0.6933326125144958,4.658810138702393,5.794973373413086,7.564651012420654,8.599953651428223,10.534150123596191,10.976381301879883,10.226088523864746,10.327984809875488,8.55163288116455,11.396196365356445,10.440606117248535,11.182101249694824,11.80575942993164,11.414544105529785,10.429186820983887,12.03673267364502,8.661262512207031,5.121291637420654,-0.599574863910675,-8.07392692565918,-14.356513023376465,-19.569225311279297,-23.96233558654785,-22.325414657592773,-12.245443344116211,-0.7681858539581299,1.6708705425262451,-15.947477340698242
11.292945861816406,12.189409255981445,15.49178409576416,17.829435348510742,16.583688735961914,14.946666717529297,13.744386672973633,10.142210960388184,7.947543621063232,8.857720375061035,14.084144592285156,13.096209526062012,-4.882611274719238,-2.4636762142181396,-1.3027043342590332,2.0175232887268066,3.187314748764038,5.532301902770996,6.259771823883057,7.752287864685059,7.3543925285339355,9.223834991455078,0.6480710506439209,4.076058864593506,2.9857428073883057,6.883260726928711,11.1356840133667,9.081430435180664,7.1447014808654785,7.1269097328186035,9.966174125671387,5.85067892074585,2.9273581504821777,-2.781580924987793,-9.696650505065918,-14.095808982849121,-19.055648803710938,-21.462575912475586,-17.64111328125,-7.774531841278076,0.7268099188804626,-9.456650733947754,-17.591524124145508
13.819562911987305,13.225444793701172,14.528055191040039,15.064919471740723,15.249431610107422,15.262834548950195,16.521244049072266,13.5214262008667,8.932581901550293,7.547766208648682,17.17800521850586,10.245994567871094,-7.467345237731934,-3.191030979156494,-2.704660415649414,-0.6399245262145996,2.1268041133880615,3.091287851333618,5.6964216232299805,5.6558837890625,5.408206939697266,-0.4626741111278534,0.5327678918838501,-0.49341142177581787,-6.380764961242676,-3.7241551876068115,4.941467761993408,1.0267844200134277,-0.5195125937461853,-0.6449308395385742,4.451407432556152,4.234527111053467,-0.31804436445236206,-4.130350589752197,-10.153904914855957,-13.777255058288574,-16.69390106201172,-19.758745193481445,-15.976091384887695,-0.7736600637435913,-6.848640441894531,-14.65624713897705,-8.786834716796875
13.63436222076416,13.908551216125488,13.454312324523926,14.030810356140137,14.857295036315918,15.115168571472168,15.7720947265625,15.238191604614258,10.215704917907715,8.569643020629883,18.87497329711914,7.249382972717285,-7.364006519317627,-5.190080642700195,-4.1675190925598145,-1.9211676120758057,0.8226525187492371,2.6021523475646973,6.733549118041992,6.190793514251709,-1.459062933921814,-3.882187604904175,1.662179708480835,-4.761303901672363,-5.693173408508301,-6.458348751068115,-1.5175868272781372,-6.512842178344727,-2.9243016242980957,-0.9557015299797058,-0.13252559304237366,2.632331132888794,2.1379799842834473,-8.420520782470703,-10.013474464416504,-10.503423690795898,-12.867790222167969,-16.065641403198242,-14.693571090698242,-6.071788311004639,-11.97631549835205,-8.000104904174805,2.6458563804626465
13.716057777404785,13.619146347045898,11.519132614135742,12.399105072021484,13.633983612060547,14.427511215209961,15.394123077392578,14.082834243774414,9.11383056640625,10.974774360656738,17.04599380493164,2.5010786056518555,-5.853588104248047,-6.812137126922607,-5.031130790710449,-4.142023086547852,-0.039067480713129044,1.3324511051177979,6.836597442626953,4.877569198608398,2.777980089187622,-2.073392868041992,-4.953950881958008,-5.791186809539795,-5.507687568664551,-6.163952827453613,-4.483304977416992,-5.50858211517334,-2.777273416519165,-1.4633952379226685,0.7643375396728516,0.08257290720939636,3.7235798835754395,-5.021479606628418,-8.401721954345703,-8.061883926391602,-8.982497215270996,-9.794698715209961,-13.46611499786377,-11.38317584991455,-5.5629801750183105,4.518718242645264,9.040838241577148
11.914152145385742,11.116694450378418,9.511555671691895,10.041106224060059,11.705667495727539,12.931175231933594,14.905908584594727,14.011899948120117,9.909161567687988,12.736607551574707,9.513069152832031,-3.9140288829803467,-4.767289161682129,-6.7080841064453125,-6.732240676879883,-6.746638774871826,-2.416562795639038,-0.8382659554481506,5.623910903930664,6.8639092445373535,2.771674156188965,-4.430678367614746,-5.3817949295043945,-4.998289108276367,-5.479043006896973,-4.833960056304932,-3.9844789505004883,-5.489474773406982,-3.556541919708252,-3.1190848350524902,0.6541600823402405,1.5791007280349731,-1.5444536209106445,-3.126087188720703,-13.39074993133545,-17.577667236328125,-20.02997589111328,-12.021273612976074,-7.986149787902832,-4.89017915725708,8.254618644714355,16.030508041381836,9.766427993774414
7.883322238922119,8.435266494750977,7.740638732910156,7.556207656860352,9.283205032348633,11.05237865447998,14.330971717834473,14.797345161437988,12.296268463134766,9.719114303588867,3.0457513332366943,-6.735008239746094,-5.839053153991699,-5.785379886627197,-9.092337608337402,-8.66468620300293,-6.224262714385986,-2.1668832302093506,3.24444317817688,6.337512493133545,1.8036682605743408,-4.62568998336792,-4.354550361633301,-5.511436939239502,-5.551731586456299,-3.7730541229248047,-1.5634965896606445,-4.2334089279174805,-3.8603031635284424,-1.4072773456573486,-0.8241128921508789,1.6946154832839966,-4.204765319824219,-15.212985038757324,-21.509878158569336,-21.663467407226562,-11.711277961730957,-3.1756162643432617,1.8640309572219849,7.913869857788086,19.174095153808594,18.98785972595215,6.062118053436279
7.946683883666992,7.190340042114258,6.215114593505859,4.781059265136719,7.189029216766357,9.162425994873047,13.001747131347656,12.341850280761719,10.721158027648926,7.927910327911377,6.974580764770508,-5.036320209503174,-7.655777931213379,-5.740124702453613,-9.381004333496094,-10.554369926452637,-7.926795482635498,-3.543335437774658,-0.1365877389907837,2.0743601322174072,6.502732276916504,-2.5032906532287598,-5.002357482910156,-3.4495275020599365,-0.6499362587928772,-6.908799171447754,-6.07500696182251,-0.4597068727016449,-2.259505271911621,0.4990327060222626,3.6722304821014404,-5.129039287567139,-5.9620161056518555,-16.525785446166992,-22.678913116455078,-14.706316947937012,-0.31340208649635315,10.883055686950684,15.703271865844727,16.327939987182617,20.407638549804688,12.952174186706543,6.087784767150879
7.548534870147705,5.368114948272705,5.918232440948486,5.686331272125244,6.150977611541748,7.332880020141602,10.495814323425293,9.648188591003418,7.643296718597412,10.013042449951172,10.756993293762207,1.1018136739730835,-6.758121490478516,-4.424777030944824,-8.189903259277344,-10.58167552947998,-9.423691749572754,-4.758609294891357,-4.074828147888184,-0.6498894691467285,4.126469135284424,5.5542683601379395,-8.439180374145508,-4.284123420715332,4.285432815551758,-0.9024173617362976,-11.795254707336426,-5.670050621032715,-2.883819580078125,1.5805559158325195,7.788147449493408,-12.964818000793457,-18.674734115600586,-15.108879089355469,-13.008554458618164,-4.564304828643799,5.690157890319824,17.404935836791992,29.146953582763672,25.215530395507812,13.644959449768066,8.078662872314453,11.10932731628418
6.447824001312256,1.9553864002227783,3.7544968128204346,4.305521488189697,6.298621654510498,5.383366584777832,6.065117835998535,9.621047019958496,10.163132667541504,10.94108772277832,13.317623138427734,1.552082896232605,-6.310877323150635,-3.526310443878174,-6.003662109375,-9.838574409484863,-10.115682601928711,-5.2030930519104,-4.756443977355957,-0.9504866600036621,3.6339638233184814,7.839118480682373,-6.967133045196533,-7.95319128036499,4.554047584533691,-2.644709825515747,-13.513678550720215,-9.418123245239258,-7.15115213394165,2.3201980590820312,4.150576591491699,-11.17579174041748,-16.112396240234375,-10.21381950378418,-8.611085891723633,1.5183855295181274,10.467503547668457,20.947189331054688,33.512046813964844,27.639909744262695,9.115044593811035,13.65314769744873,24.32303810119629
7.947447299957275,4.935277462005615,1.3240095376968384,-0.06216943636536598,3.896012306213379,2.4357802867889404,3.2515487670898438,8.056291580200195,13.401237487792969,14.064319610595703,13.978194236755371,2.463017702102661,-3.801330804824829,-3.5659797191619873,-3.8899362087249756,-9.669997215270996,-10.401018142700195,-7.46270751953125,-4.87984561920166,-6.262973785400391,4.173304557800293,5.432314872741699,-9.709808349609375,-6.571203231811523,5.511581897735596,-2.5263450145721436,-14.66176986694336,-16.805835723876953,-14.884769439697266,6.451778411865234,0.6787061095237732,-2.601644515991211,-9.089126586914062,-4.828659534454346,-5.692297458648682,5.015383243560791,17.72608757019043,33.766788482666016,30.277673721313477,10.006315231323242,4.010781764984131,16.737375259399414,30.310964584350586
2.603912115097046,6.562020301818848,5.464202880859375,4.221244812011719,3.9807515144348145,3.0640177726745605,3.3122053146362305,5.786910533905029,11.61970043182373,15.542781829833984,13.969596862792969,3.135549306869507,-0.866894543170929,-4.499195098876953,-7.1916584968566895,-10.636090278625488,-8.709492683410645,-8.770821571350098,-5.43068265914917,-8.60901927947998,0.06966222822666168,0.03647468984127045,-10.620291709899902,-5.112186908721924,3.5528857707977295,0.17414885759353638,-15.879890441894531,-19.940513610839844,-20.14522361755371,6.052725315093994,2.1691484451293945,1.4948979616165161,-4.752862453460693,-4.4552812576293945,-1.7425634860992432,10.719038963317871,22.34050750732422,37.89683532714844,30.163448333740234,8.043030738830566,2.517000913619995,11.649142265319824,23.511343002319336
-1.7526086568832397,1.3582003116607666,6.4980244636535645,8.591445922851562,8.324249267578125,7.170014381408691,5.151576519012451,4.743237495422363,10.194472312927246,16.432340621948242,13.915913581848145,5.1588215827941895,0.5888310670852661,2.0987155437469482,-4.271857738494873,-9.590326309204102,-8.448092460632324,-6.449150562286377,-8.529537200927734,-9.571006774902344,-2.398648738861084,-3.7899372577667236,-8.107270240783691,-5.234823226928711,1.5012487173080444,4.815250873565674,-10.813431739807129,-9.888100624084473,-7.8572001457214355,1.1037553548812866,2.2379462718963623,2.592639446258545,-10.568207740783691,-6.753528118133545,2.7746286392211914,15.534292221069336,24.40755271911621,31.52891731262207,30.31794548034668,21.682960510253906,6.89124870300293,6.981624603271484,18.302886962890625
-5.300249099731445,-0.8353232741355896,5.5475239753723145,10.204390525817871,11.234769821166992,10.718323707580566,5.769536972045898,3.9264464378356934,6.666756629943848,12.134824752807617,14.010087013244629,8.98383617401123,5.790411472320557,3.5874452590942383,4.537065029144287,-4.040004730224609,-9.287256240844727,-3.246570587158203,-7.129477500915527,-8.03797435760498,-5.251542091369629,-3.659618854522705,-7.3195929527282715,-6.831516742706299,-2.249957799911499,1.7775505781173706,-7.67127799987793,1.2237377166748047,7.544790267944336,-1.767618179321289,-7.12060022354126,5.846207141876221,-1.6863652467727661,-1.1126949787139893,9.40440845489502,16.701152801513672,21.674123764038086,26.506847381591797,28.845003128051758,26.27922821044922,17.53797721862793,12.304521560668945,15.687811851501465
-5.800477504730225,-1.9643083810806274,4.757906436920166,9.091872215270996,13.328679084777832,14.726591110229492,6.410508155822754,2.5904269218444824,4.101260185241699,11.773348808288574,16.497936248779297,15.15142822265625,8.380845069885254,4.517467498779297,6.791543960571289,4.250449180603027,-7.704091548919678,-3.043325424194336,-5.5734992027282715,-6.543471813201904,-6.943941116333008,-1.1771451234817505,-12.860137939453125,-10.26064395904541,-1.1676989793777466,0.2910907566547394,-0.5204534530639648,2.2533740997314453,14.57568359375,-8.745155334472656,-7.422668933868408,7.3778862953186035,7.794586658477783,8.626245498657227,13.676480293273926,13.817509651184082,10.220649719238281,13.423001289367676,18.42046546936035,18.666654586791992,17.964139938354492,18.037460327148438,20.769079208374023
-0.6143733263015747,0.5374338030815125,3.6542961597442627,7.762568950653076,9.007601737976074,11.094832420349121,8.86996841430664,-0.4489324986934662,0.41491764783859253,10.934141159057617,20.625993728637695,23.133987426757812,12.943805694580078,2.9084668159484863,4.971822738647461,2.044938325881958,-5.877828121185303,-6.274847984313965,-9.129958152770996,-12.437559127807617,-7.157920837402344,-9.979743003845215,-16.563356399536133,-13.045710563659668,1.1520159244537354,-1.1654764413833618,7.8399658203125,9.669461250305176,5.252491474151611,-10.908803939819336,-3.3070030212402344,5.166684150695801,9.412692070007324,14.580965042114258,17.09807777404785,13.252673149108887,10.045571327209473,6.615705966949463,10.229680061340332,10.736459732055664,9.137096405029297,16.389575958251953,20.36351776123047
