data/wind_data/wind_Surface_59.json
{"header": {"parameterUnit": "KT", "parameterCategory": 2, "nx": 255, "ny": 198, "lo1": 44.73521041870117, "la1": -3.236724853515625, "lo2": 111.26478576660156, "la2": 43.468475341796875, "dx": 0.26192745566368103, "dy": -0.23708222806453705, "refTime": "2025-02-21 11:00:00", "forecastTime": 0, "parameterNumber": 3, "parameterNumberName": "northward_wind"}, "data":
[rows 19 to 37 of 198, columns 0 to 42 of 255]
-0.7265743017196655,-2.4066481590270996,-5.460752964019775,-8.660507202148438,-11.038615226745605,-10.618509292602539,-9.697028160095215,-8.257034301757812,-9.829521179199219,-11.299604415893555,-12.187889099121094,-11.78314208984375,-10.664708137512207,-10.052603721618652,-10.68745231628418,-11.885143280029297,-12.09819221496582,-11.917289733886719,-11.690357208251953,-10.85162353515625,-10.157646179199219,-10.278304100036621,-11.03662109375,-11.44690990447998,-12.210799217224121,-12.218632698059082,-11.502622604370117,-10.783923149108887,-10.857431411743164,-10.999648094177246,-9.532057762145996,-5.7953667640686035,-5.643592357635498,-6.795058727264404,-5.900805473327637,-5.478881359100342,-5.795198917388916,-5.65695333480835,-5.199573040008545,-4.816876411437988,-4.63246488571167,-4.5916547775268555,-4.389955043792725
1.8560150861740112,0.48187750577926636,-2.1328799724578857,-6.201396942138672,-10.217671394348145,-10.751115798950195,-11.193604469299316,-10.538045883178711,-11.124120712280273,-11.11342716217041,-10.984424591064453,-9.979657173156738,-8.392449378967285,-7.849233627319336,-9.429786682128906,-12.210633277893066,-13.394442558288574,-13.17265796661377,-12.201642036437988,-11.529845237731934,-11.850882530212402,-12.586739540100098,-12.932458877563477,-12.34107494354248,-11.652741432189941,-11.163137435913086,-10.892684936523438,-10.826224327087402,-11.351370811462402,-11.95512580871582,-11.829085350036621,-10.345614433288574,-8.066572189331055,-6.49871301651001,-5.3039422035217285,-4.360669136047363,-4.605406761169434,-4.873931407928467,-4.905568599700928,-4.845007419586182,-4.922248363494873,-4.741931915283203,-4.5356597900390625
0.20528951287269592,0.02472834847867489,-0.8183776140213013,-2.634350061416626,-5.503341197967529,-7.550516128540039,-9.078935623168945,-9.738941192626953,-9.882622718811035,-9.423260688781738,-8.610186576843262,-7.49109411239624,-6.450838565826416,-7.067259311676025,-9.610424041748047,-11.821944236755371,-12.099891662597656,-11.64148235321045,-10.789608001708984,-10.428966522216797,-11.235994338989258,-12.401535034179688,-12.200984954833984,-11.30222225189209,-10.48635482788086,-9.946267127990723,-10.284307479858398,-11.016823768615723,-11.783452987670898,-12.201945304870605,-12.441482543945312,-12.664690971374512,-9.417762756347656,-4.749539375305176,-3.8600125312805176,-3.497025728225708,-3.448009490966797,-3.7977561950683594,-3.893853187561035,-4.049746990203857,-4.3520894050598145,-4.728145599365234,-5.018315315246582
-2.756854772567749,-2.0930094718933105,-1.709986925125122,-1.9468241930007935,-3.144770383834839,-4.897554874420166,-6.772941589355469,-8.02736759185791,-7.820765972137451,-7.761988162994385,-8.616442680358887,-9.545693397521973,-10.062582969665527,-10.373723983764648,-10.315643310546875,-9.952705383300781,-10.00308895111084,-10.79687786102295,-10.531987190246582,-9.844764709472656,-9.611572265625,-10.006499290466309,-10.011730194091797,-10.244604110717773,-10.453683853149414,-10.458130836486816,-10.424174308776855,-10.86172866821289,-11.668880462646484,-11.905595779418945,-11.587434768676758,-10.649415969848633,-7.3712968826293945,-3.4186434745788574,-2.847487211227417,-3.3084616661071777,-3.248668670654297,-3.3400564193725586,-3.2140133380889893,-3.3257386684417725,-3.741537094116211,-3.9236130714416504,-3.8699257373809814
-3.837301254272461,-3.5545618534088135,-2.84745454788208,-3.0532944202423096,-4.939484596252441,-5.346541881561279,-6.11752462387085,-6.873061656951904,-8.354018211364746,-7.90546178817749,-9.121280670166016,-11.375228881835938,-12.241178512573242,-11.105572700500488,-9.254415512084961,-7.896385669708252,-8.469549179077148,-11.068451881408691,-12.069648742675781,-11.799454689025879,-10.483620643615723,-9.468880653381348,-9.55404281616211,-10.5182466506958,-11.44752025604248,-12.450541496276855,-12.282827377319336,-11.997687339782715,-12.187420845031738,-12.404011726379395,-12.498647689819336,-10.26120376586914,-5.564167499542236,-2.101370096206665,-2.1052050590515137,-1.7982662916183472,-1.9749544858932495,-2.489677667617798,-2.8245534896850586,-2.8321685791015625,-2.5023248195648193,-2.329817533493042,-2.1271843910217285
-4.187792778015137,-4.286743640899658,-3.7521018981933594,-4.222675800323486,-5.942819595336914,-5.364426612854004,-4.432318210601807,-4.445641994476318,-8.197494506835938,-10.497279167175293,-10.563481330871582,-9.965850830078125,-10.200776100158691,-10.164674758911133,-10.229000091552734,-9.602218627929688,-8.218829154968262,-9.567386627197266,-11.800068855285645,-12.96906852722168,-12.511273384094238,-11.621257781982422,-11.608162879943848,-11.836054801940918,-11.659666061401367,-12.474730491638184,-13.300741195678711,-13.292563438415527,-12.80212688446045,-13.014832496643066,-13.52055835723877,-11.523479461669922,-6.809916019439697,-3.1920666694641113,-3.06805682182312,-3.0961363315582275,-2.313612461090088,-1.290617823600769,-0.7040995359420776,-1.0696046352386475,-1.3811299800872803,-1.4514988660812378,-1.3834775686264038
-4.4048566818237305,-4.670288562774658,-4.488683700561523,-5.190138816833496,-6.514951705932617,-5.158885478973389,-4.025590419769287,-3.657515048980713,-6.17693567276001,-10.713943481445312,-13.054305076599121,-10.00149154663086,-9.085433959960938,-11.107141494750977,-12.333728790283203,-11.788908958435059,-9.427084922790527,-7.153003215789795,-7.958493232727051,-10.445448875427246,-12.157261848449707,-12.763001441955566,-12.863513946533203,-11.669342994689941,-9.910265922546387,-10.315753936767578,-12.18751049041748,-12.586902618408203,-12.209270477294922,-12.660157203674316,-13.018762588500977,-11.88410758972168,-9.3726224899292,-7.871635913848877,-7.5950751304626465,-7.891467571258545,-6.479926586151123,-4.084836006164551,-1.4507699012756348,-0.23561975359916687,-0.32429245114326477,-0.25521355867385864,-0.5141978859901428
-4.453888893127441,-4.831296920776367,-4.8271484375,-5.0441436767578125,-5.911080837249756,-6.190155982971191,-6.232505798339844,-5.276249885559082,-5.04586935043335,-7.171137809753418,-11.563190460205078,-12.042776107788086,-9.57156753540039,-10.141997337341309,-11.378426551818848,-11.979157447814941,-11.936129570007324,-9.530518531799316,-7.414579391479492,-8.046918869018555,-10.330202102661133,-11.607601165771484,-11.710862159729004,-10.35124683380127,-8.87591552734375,-8.985797882080078,-10.277551651000977,-11.174147605895996,-11.753606796264648,-12.238775253295898,-12.154998779296875,-10.999795913696289,-10.276435852050781,-10.826605796813965,-11.043313026428223,-10.062178611755371,-8.292571067810059,-6.763861179351807,-3.9659664630889893,-1.611582636833191,-1.502158522605896,-1.6743435859680176,-1.5786304473876953
-4.53975248336792,-4.819077014923096,-4.911749362945557,-5.030129909515381,-5.47694206237793,-5.422267436981201,-5.883518695831299,-6.287301540374756,-6.182802677154541,-5.422617435455322,-7.16050910949707,-10.635863304138184,-9.717134475708008,-7.618687629699707,-9.240629196166992,-11.64832592010498,-13.474746704101562,-13.478690147399902,-11.758865356445312,-10.702563285827637,-10.919607162475586,-10.926124572753906,-10.21751594543457,-9.941447257995605,-10.156628608703613,-10.637388229370117,-10.331610679626465,-10.670332908630371,-12.024796485900879,-12.144312858581543,-11.17530632019043,-9.875447273254395,-9.974287033081055,-11.03986644744873,-11.684107780456543,-11.254680633544922,-9.647777557373047,-8.677809715270996,-7.732815742492676,-4.464483737945557,-1.1353703737258911,-1.012117624282837,-2.108626127243042
-4.549559116363525,-4.618501663208008,-4.644552707672119,-4.953890800476074,-5.3274359703063965,-4.196565628051758,-3.836956262588501,-4.28953218460083,-5.635707855224609,-5.126315593719482,-4.725732326507568,-6.7731170654296875,-9.642524719238281,-8.687865257263184,-8.325017929077148,-10.247787475585938,-12.01712417602539,-12.835274696350098,-13.029631614685059,-13.039536476135254,-12.411981582641602,-10.972341537475586,-9.232181549072266,-9.620829582214355,-11.632821083068848,-12.311600685119629,-11.25127124786377,-10.602724075317383,-11.164107322692871,-11.443963050842285,-10.168827056884766,-9.186820030212402,-9.302359580993652,-10.201926231384277,-11.345024108886719,-11.997835159301758,-11.879728317260742,-12.548515319824219,-12.721636772155762,-8.879878997802734,-2.55043363571167,-0.6682706475257874,-2.7049596309661865
-4.3806867599487305,-4.325413703918457,-4.21897029876709,-4.623642444610596,-4.983012676239014,-3.571901798248291,-3.480881929397583,-3.0408883094787598,-3.315531015396118,-3.3808515071868896,-3.06339430809021,-3.923739433288574,-8.434861183166504,-11.490705490112305,-10.190093040466309,-8.920388221740723,-9.771657943725586,-10.22135066986084,-10.325571060180664,-10.252312660217285,-10.507413864135742,-10.044699668884277,-8.72431755065918,-8.724522590637207,-10.733967781066895,-10.924095153808594,-9.864914894104004,-9.19629955291748,-9.74152660369873,-10.183370590209961,-8.639081954956055,-7.859002113342285,-8.323863983154297,-9.551168441772461,-10.71785831451416,-11.290424346923828,-11.734518051147461,-12.411609649658203,-12.693547248840332,-11.287775993347168,-6.950076580047607,-4.057514667510986,-4.9839911460876465
-3.7704362869262695,-3.934762716293335,-3.834479808807373,-3.8608949184417725,-3.442953109741211,-2.905531406402588,-3.605968475341797,-3.5431320667266846,-3.784160852432251,-3.2962863445281982,-2.9288012981414795,-3.063382148742676,-5.745510101318359,-10.339695930480957,-12.70788288116455,-9.478342056274414,-8.987188339233398,-9.115004539489746,-9.41700267791748,-8.856107711791992,-8.390743255615234,-8.722723960876465,-9.524701118469238,-9.390567779541016,-8.828031539916992,-8.321678161621094,-7.439631462097168,-7.213890552520752,-9.176078796386719,-9.522499084472656,-8.267340660095215,-7.596045970916748,-8.093429565429688,-8.991456985473633,-10.237869262695312,-11.577159881591797,-11.617898941040039,-10.619956970214844,-11.405776023864746,-12.008644104003906,-9.620265007019043,-6.573294639587402,-6.6425580978393555
-2.9295482635498047,-3.447253942489624,-3.460031509399414,-2.9459574222564697,-1.8217779397964478,-2.588918447494507,-3.299285411834717,-3.2547998428344727,-3.868295431137085,-4.519814968109131,-4.721464157104492,-4.29529333114624,-4.8342509269714355,-7.426543712615967,-11.300411224365234,-9.946043968200684,-8.431891441345215,-8.957518577575684,-10.223572731018066,-10.773151397705078,-10.080658912658691,-9.718117713928223,-11.009721755981445,-10.287477493286133,-8.102987289428711,-7.566255569458008,-7.315084457397461,-7.310523986816406,-9.073591232299805,-10.129119873046875,-10.295312881469727,-9.918990135192871,-8.468400001525879,-8.161194801330566,-10.122843742370605,-11.433706283569336,-10.751871109008789,-9.643147468566895,-10.661266326904297,-11.963504791259766,-11.421186447143555,-8.967703819274902,-7.700920581817627
-2.7031335830688477,-3.1425817012786865,-3.0932908058166504,-2.1436257362365723,-0.49796560406684875,-1.6778873205184937,-2.2778072357177734,-2.159311532974243,-2.3447113037109375,-2.6166930198669434,-2.8073480129241943,-3.14371657371521,-4.292379856109619,-5.468642711639404,-7.586077690124512,-8.911195755004883,-7.768793106079102,-8.328612327575684,-9.721755027770996,-10.802079200744629,-11.20847225189209,-10.401869773864746,-9.971291542053223,-9.139019966125488,-8.13814640045166,-8.890454292297363,-10.198343276977539,-10.467138290405273,-9.954021453857422,-10.008523941040039,-10.989788055419922,-10.33491039276123,-8.477005958557129,-8.551823616027832,-10.60781478881836,-10.794370651245117,-9.56011962890625,-8.80206298828125,-9.648285865783691,-10.53512191772461,-10.56460952758789,-9.90450668334961,-8.85779857635498
-3.0084874629974365,-3.0969512462615967,-2.8182289600372314,-1.7192596197128296,-0.08205346763134003,-0.8488966822624207,-0.8047275543212891,-0.7069153785705566,-1.391253113746643,-1.9015097618103027,-1.9794272184371948,-2.2784171104431152,-3.042072296142578,-4.071140766143799,-5.546999931335449,-7.69594669342041,-10.174715995788574,-8.165253639221191,-8.298190116882324,-9.27403736114502,-9.872971534729004,-9.042686462402344,-7.995099067687988,-7.790281295776367,-8.247472763061523,-9.050854682922363,-11.014758110046387,-11.215476036071777,-9.968656539916992,-9.083992958068848,-9.448447227478027,-8.664175033569336,-8.441736221313477,-9.330249786376953,-10.08829116821289,-9.241808891296387,-8.006142616271973,-7.453715801239014,-7.80095911026001,-8.46514892578125,-8.860285758972168,-9.006169319152832,-8.698071479797363
-2.9805092811584473,-3.0753347873687744,-2.6281819343566895,-1.5611701011657715,-0.07133931666612625,0.09366196393966675,0.32679370045661926,0.08600496500730515,-0.969248354434967,-2.031594753265381,-3.3874905109405518,-4.251793384552002,-4.050184726715088,-4.242775917053223,-5.095407962799072,-6.8423309326171875,-10.758979797363281,-8.36855697631836,-7.094522953033447,-8.748112678527832,-9.661806106567383,-8.694141387939453,-7.547011375427246,-7.93043327331543,-9.303095817565918,-8.986809730529785,-8.587227821350098,-8.615967750549316,-7.740540981292725,-7.424613952636719,-7.718907356262207,-7.810134410858154,-8.323577880859375,-8.868892669677734,-8.1895112991333,-7.281413555145264,-6.949611186981201,-7.0021071434021,-7.128978252410889,-7.3135552406311035,-7.194504261016846,-7.524800777435303,-7.586735725402832
-2.6574532985687256,-3.0753724575042725,-2.563188076019287,-1.5560513734817505,-0.381093829870224,0.020985227078199387,0.7354273200035095,1.0302742719650269,-0.1827898770570755,-1.0636645555496216,-2.2079520225524902,-3.6905415058135986,-4.6467390060424805,-4.8293938636779785,-4.19295597076416,-4.428750514984131,-6.640328884124756,-7.492833614349365,-5.886021137237549,-7.641745090484619,-9.143771171569824,-8.623331069946289,-6.8563618659973145,-7.225391864776611,-9.554732322692871,-9.223944664001465,-6.835691452026367,-6.319674015045166,-5.788764953613281,-5.680453300476074,-6.432835102081299,-7.634280681610107,-8.386359214782715,-7.8418426513671875,-6.483163356781006,-6.759966850280762,-7.894421577453613,-8.598954200744629,-8.542503356933594,-7.5376739501953125,-6.55525016784668,-7.052492141723633,-7.311995506286621
-2.6387972831726074,-3.2455880641937256,-2.7130558490753174,-1.7469927072525024,-0.6062226891517639,-0.061494410037994385,0.5724069476127625,1.2181000709533691,0.4672285318374634,0.18850384652614594,-0.4311234951019287,-1.093204140663147,-1.9986281394958496,-3.181008815765381,-3.113610029220581,-3.3408544063568115,-4.93757438659668,-6.997725009918213,-7.503979682922363,-7.320251941680908,-8.181976318359375,-7.796166896820068,-6.467057228088379,-6.238095283508301,-7.844099521636963,-8.022076606750488,-6.930673122406006,-6.589659690856934,-6.1879682540893555,-5.178234100341797,-5.407259464263916,-7.180709362030029,-8.22734546661377,-7.390653133392334,-6.235436916351318,-7.2049431800842285,-8.964605331420898,-9.194208145141602,-8.176716804504395,-6.59304141998291,-5.763493537902832,-5.971414089202881,-6.1239824295043945
-2.8650131225585938,-3.420459508895874,-2.891467809677124,-1.7834593057632446,-0.44888126850128174,0.3208223581314087,0.7228482365608215,1.1020662784576416,0.34538888931274414,0.4503844678401947,0.4987854063510895,0.8004159331321716,1.0831738710403442,0.6963266134262085,-0.6498364806175232,-3.148883104324341,-5.015981674194336,-6.8333821296691895,-9.499624252319336,-8.147929191589355,-7.361928462982178,-6.2557854652404785,-6.558467388153076,-6.383950710296631,-6.625577926635742,-6.924293518066406,-7.399506092071533,-8.63599967956543,-8.725092887878418,-7.060483932495117,-5.702038288116455,-6.5764007568359375,-7.661043167114258,-7.747711181640625,-7.244185447692871,-7.6471266746521,-8.24935531616211,-7.445695877075195,-6.25697135925293,-5.632002353668213,-5.99911642074585,-6.539207458496094,-6.652241230010986
