data/wind_data/wind_1_0.json
{"header": {"parameterUnit": "KT", "parameterCategory": 2, "nx": 255, "ny": 198, "lo1": 44.73521041870117, "la1": -3.236724853515625, "lo2": 111.26478576660156, "la2": 43.468475341796875, "dx": 0.26192745566368103, "dy": -0.23708222806453705, "refTime": "2025-02-19 01:00:00", "forecastTime": 0, "parameterNumber": 3, "parameterNumberName": "northward_wind"}, "data":
[rows 152 to 170 of 198, columns 86 to 128 of 255]
-5.650925636291504,-2.450286388397217,-0.24556699395179749,-4.327093124389648,-7.0926899909973145,-11.722175598144531,-6.507352352142334,0.29338377714157104,4.943330764770508,4.473090171813965,3.695371627807617,3.9444477558135986,4.960477828979492,2.983384609222412,-1.2800447940826416,-4.671134948730469,-7.797615051269531,-9.107773780822754,-6.987448215484619,-8.29210090637207,-11.798240661621094,-12.64213752746582,-8.934714317321777,-8.449058532714844,-10.796004295349121,-10.254351615905762,-5.839205265045166,-2.935399293899536,-5.63385534286499,-6.893766403198242,-3.8811025619506836,-1.9126631021499634,-0.22986960411071777,11.462676048278809,17.3096981048584,16.73725700378418,9.25554370880127,4.166961669921875,5.725964069366455,0.12635044753551483,0.9602752327919006,-4.638283729553223,-5.71227502822876
-0.8587412238121033,-0.9198340773582458,1.1101773977279663,0.9718231558799744,-2.66342830657959,-5.899366855621338,-6.2172417640686035,-1.8472930192947388,2.5818121433258057,1.0461540222167969,-1.841748595237732,-3.9601669311523438,-6.230124473571777,-8.331836700439453,-9.863110542297363,-9.114265441894531,-11.114873886108398,-12.981806755065918,-11.387667655944824,-10.80031967163086,-12.003411293029785,-10.97388744354248,-9.627799987792969,-13.50994873046875,-14.764782905578613,-12.739749908447266,-10.370869636535645,-9.132031440734863,-7.963541030883789,-4.27282190322876,-0.3782343566417694,1.593097448348999,0.7907138466835022,3.3006718158721924,7.413655757904053,3.1628949642181396,0.9939854741096497,2.1734256744384766,4.963321208953857,6.2192840576171875,-0.9348960518836975,-3.401301860809326,0.5704435110092163
3.358464002609253,5.785820960998535,7.067216396331787,8.30843448638916,4.468163013458252,3.225651502609253,-0.7648795247077942,-1.4639060497283936,-1.8791263103485107,-5.446255207061768,-11.546598434448242,-12.936616897583008,-12.394227027893066,-12.691573143005371,-14.110228538513184,-13.4185791015625,-15.773136138916016,-15.412300109863281,-12.717830657958984,-11.439644813537598,-11.68628978729248,-10.495960235595703,-11.282310485839844,-9.650838851928711,-10.649283409118652,-9.175281524658203,-9.640286445617676,-8.852401733398438,-6.3463969230651855,-2.5139708518981934,0.852317214012146,2.19364070892334,2.9839975833892822,2.274064779281616,3.0438036918640137,2.468703508377075,5.144052028656006,6.894647121429443,2.6629674434661865,0.29384559392929077,-2.1201610565185547,3.2047781944274902,0.46277016401290894
4.376800537109375,10.403950691223145,13.325974464416504,12.617826461791992,7.649984836578369,1.1196130514144897,-4.38691520690918,-5.218377113342285,-8.036725997924805,-10.92121410369873,-14.082951545715332,-18.14398765563965,-17.78034210205078,-14.191095352172852,-15.664519309997559,-16.45057487487793,-18.677974700927734,-18.74826431274414,-14.802191734313965,-15.525510787963867,-15.986366271972656,-14.498845100402832,-10.25137996673584,-2.137333631515503,-2.3698363304138184,-2.398752212524414,-1.9530348777770996,-2.395292282104492,-2.5277769565582275,-0.5540767908096313,0.445622056722641,1.5049574375152588,6.084758758544922,9.377613067626953,7.065362930297852,9.961774826049805,7.2825775146484375,1.023963212966919,-5.042368412017822,-7.19274377822876,0.7147114276885986,4.759696960449219,-0.7095984220504761
8.557522773742676,10.1578369140625,12.74489688873291,11.493170738220215,9.803098678588867,5.605618000030518,-2.785759449005127,-5.799367427825928,-8.16028118133545,-7.436737537384033,-7.808609485626221,-18.517480850219727,-21.154529571533203,-14.214075088500977,-14.90542221069336,-13.104279518127441,-16.746732711791992,-18.40665054321289,-14.023078918457031,-14.023921012878418,-13.609253883361816,-12.060935974121094,-8.1594877243042,0.5396718978881836,5.584346294403076,7.199400901794434,7.0733256340026855,6.060415744781494,5.566999435424805,3.439781665802002,2.0644123554229736,4.538493633270264,8.292499542236328,7.008682727813721,1.7354294061660767,1.9621174335479736,-1.0077728033065796,-3.7279744148254395,-5.9437665939331055,-5.11292028427124,1.2218050956726074,4.303913593292236,7.9061079025268555
12.492390632629395,6.451236724853516,4.2803168296813965,5.076615333557129,8.265220642089844,13.989853858947754,13.088767051696777,9.342822074890137,2.601854085922241,1.671281337738037,-1.3505901098251343,-13.352771759033203,-14.494464874267578,-9.352235794067383,-12.011048316955566,-9.62004280090332,-16.484281539916992,-15.661723136901855,-9.98354434967041,-10.11422061920166,-7.654253959655762,-6.621495723724365,-7.119205474853516,-2.2170567512512207,4.867157936096191,8.524972915649414,5.146419048309326,5.347472190856934,6.874292373657227,4.4629034996032715,3.0242257118225098,4.911799907684326,4.63908576965332,-0.05332663655281067,-6.5002760887146,-8.44848346710205,-3.910886287689209,-1.364804744720459,-3.5970916748046875,-0.4317106008529663,2.4627480506896973,6.1769304275512695,13.79976749420166
14.409272193908691,8.398847579956055,5.594666004180908,5.256908416748047,3.9588701725006104,7.213099002838135,10.86673355102539,11.791522979736328,9.797582626342773,5.156736850738525,-1.3320722579956055,-6.003834247589111,-2.1816811561584473,1.140994668006897,-3.261666774749756,-6.429659366607666,-13.713788032531738,-10.337389945983887,-5.078090667724609,-6.454998970031738,-7.71159029006958,-6.618255138397217,-5.132256984710693,-5.413153171539307,-3.42394757270813,-2.8137874603271484,-4.172125816345215,-2.469625234603882,0.7423593997955322,0.26358187198638916,0.048569079488515854,-0.6578962802886963,-4.540320873260498,-3.7532541751861572,-2.6124837398529053,-1.505859136581421,4.834533214569092,6.937493324279785,5.905350685119629,7.449970245361328,8.02970027923584,11.167348861694336,13.1498441696167
12.015706062316895,10.098062515258789,9.292257308959961,6.151477336883545,4.495536804199219,0.6474190354347229,2.1156060695648193,5.565169811248779,8.492730140686035,8.674845695495605,7.485884666442871,5.599339485168457,10.728788375854492,13.123723983764648,10.159067153930664,-0.5440419316291809,-5.861113548278809,-9.016608238220215,1.2002464532852173,3.949007511138916,-2.3054544925689697,-4.392963409423828,-2.798203229904175,-4.0323944091796875,-5.794820308685303,-5.824395656585693,-3.957820177078247,-2.64377498626709,-4.128635406494141,-5.448541641235352,-3.311058759689331,-4.628297805786133,-8.603839874267578,-5.256130218505859,3.316620111465454,11.245161056518555,14.250565528869629,14.07367992401123,15.845133781433105,16.500743865966797,14.786304473876953,13.58182144165039,12.468818664550781
5.195169448852539,4.589251518249512,5.773913383483887,3.793187379837036,4.941042423248291,2.7912437915802,3.4702134132385254,3.0832481384277344,5.156492233276367,9.609954833984375,18.839157104492188,18.934268951416016,17.5252628326416,16.361207962036133,11.918413162231445,3.8747496604919434,-6.003015041351318,-18.112478256225586,-5.65897274017334,11.417475700378418,10.40452766418457,4.567490577697754,0.3695528209209442,0.023672722280025482,-0.15624356269836426,0.2140095978975296,-3.2553932666778564,-6.405364036560059,-2.725287914276123,2.220036268234253,1.174025535583496,-1.247088074684143,-1.317070722579956,1.3743245601654053,8.473577499389648,15.02477741241455,17.348533630371094,17.488954544067383,20.043214797973633,16.63176727294922,14.788020133972168,13.799123764038086,14.264182090759277
0.8703460693359375,1.1218599081039429,3.736830711364746,2.1832079887390137,3.458418369293213,3.7165398597717285,3.0068459510803223,1.4124187231063843,4.407875061035156,8.270298957824707,14.863697052001953,20.542144775390625,17.197105407714844,14.280791282653809,16.128618240356445,9.72671890258789,-0.1909077912569046,-12.592341423034668,-12.989296913146973,1.2840138673782349,10.892029762268066,5.512074947357178,-0.21289798617362976,-1.0047811269760132,-0.5803737044334412,-2.274228572845459,-5.217341899871826,-12.228229522705078,-8.205860137939453,4.907295227050781,10.899820327758789,9.4384183883667,11.59519100189209,14.596200942993164,16.6087703704834,15.532774925231934,15.39132022857666,17.61628532409668,16.810300827026367,10.636482238769531,10.818856239318848,13.666580200195312,16.24266815185547
2.853153705596924,3.074089288711548,1.852440357208252,0.38298478722572327,1.6235002279281616,1.7041900157928467,0.47377118468284607,-0.3637973368167877,4.867530345916748,9.462974548339844,10.435983657836914,14.35654067993164,15.419112205505371,16.386869430541992,20.69884490966797,14.147237777709961,15.956032752990723,9.799444198608398,0.3425334095954895,-6.151452541351318,-1.6901257038116455,-3.1007649898529053,-4.825021743774414,-7.0478644371032715,-7.860159873962402,-9.861058235168457,-6.664819240570068,-4.786303520202637,-8.994165420532227,-3.333709716796875,8.283208847045898,10.621949195861816,13.251190185546875,19.54322624206543,20.798608779907227,17.60798454284668,15.900527000427246,17.940994262695312,18.018739700317383,13.687328338623047,11.864439010620117,12.725648880004883,14.896917343139648
2.23649263381958,2.6517345905303955,0.3896804451942444,-1.2754133939743042,-0.28988346457481384,-0.0988582968711853,-1.107724666595459,-1.4352521896362305,2.102966547012329,5.775886535644531,7.531335353851318,9.85991382598877,12.972073554992676,14.04800796508789,13.654092788696289,12.318495750427246,15.697996139526367,15.235631942749023,12.535990715026855,2.3668746948242188,-5.008673191070557,-5.919992923736572,-4.779220104217529,-6.94488525390625,-7.196331977844238,-6.8228535652160645,-2.3689281940460205,5.0630903244018555,-1.8192728757858276,-6.22222900390625,3.0934770107269287,6.686957836151123,10.744269371032715,14.249334335327148,14.290802001953125,18.806957244873047,23.02314567565918,23.701757431030273,23.55614471435547,23.827327728271484,21.370988845825195,18.17743492126465,18.049129486083984
-2.172489881515503,0.5757951140403748,0.42013704776763916,-0.9601367712020874,-0.7644191384315491,-0.19591769576072693,-0.9187180399894714,-1.0734308958053589,1.4053833484649658,3.278958797454834,3.82771635055542,3.948125123977661,8.19135856628418,11.26833724975586,7.788633346557617,7.324322700500488,6.059586524963379,4.402482509613037,8.032418251037598,6.8364081382751465,2.9986116886138916,2.611949920654297,-0.3350849449634552,-1.7946100234985352,-1.1594091653823853,1.121265172958374,4.039331912994385,6.8584723472595215,-1.2664271593093872,-3.8744587898254395,6.91779088973999,13.963075637817383,17.69967269897461,15.259401321411133,15.910691261291504,21.141626358032227,25.57207489013672,25.42564582824707,25.44826889038086,22.880674362182617,22.61583137512207,20.08698844909668,19.769453048706055
-3.8780765533447266,-0.941366970539093,0.4707798659801483,-0.49817201495170593,-1.1988978385925293,-0.6695072650909424,-0.03187992051243782,-0.3245890140533447,1.0816524028778076,2.548189878463745,1.5452605485916138,0.8094987869262695,2.2155442237854004,4.3162946701049805,2.235538959503174,3.9686694145202637,9.034186363220215,8.988767623901367,5.89802885055542,7.383696556091309,6.970839977264404,3.8885016441345215,3.8139493465423584,3.699918031692505,1.224029541015625,4.149816036224365,5.5114617347717285,9.086109161376953,4.430841445922852,3.018324375152588,9.396821022033691,13.995620727539062,17.220569610595703,17.096494674682617,19.94812774658203,19.652257919311523,13.410221099853516,12.434870719909668,14.010885238647461,9.083035469055176,6.757674694061279,5.98527193069458,6.6726226806640625
-5.376166820526123,-3.07519268989563,-0.9669710397720337,-1.5692790746688843,-1.9299393892288208,-1.8152742385864258,-0.035722482949495316,-0.4685940444469452,-0.7091434597969055,1.6681891679763794,1.8590725660324097,0.7722128033638,-1.4974467754364014,-3.3651294708251953,-3.984050750732422,1.3559024333953857,11.438467979431152,12.900486946105957,6.797682285308838,6.001282691955566,5.24114465713501,2.515866279602051,4.304704666137695,6.817229270935059,4.85172176361084,5.7031426429748535,6.765176773071289,9.301156997680664,9.982666015625,9.120168685913086,9.512744903564453,11.906631469726562,8.183955192565918,10.552972793579102,14.450013160705566,12.410833358764648,3.5937466621398926,0.7104241251945496,1.4088014364242554,0.1506078988313675,-1.3231953382492065,-1.7859224081039429,-0.942794919013977
-7.202413082122803,-5.381582736968994,-2.848170280456543,-3.270731210708618,-3.6940417289733887,-3.4253783226013184,-1.2089405059814453,-1.0592830181121826,-1.1966558694839478,1.279199242591858,2.1699955463409424,0.8180835247039795,-2.1231796741485596,-3.989903211593628,-3.3298847675323486,1.6162526607513428,5.904534339904785,5.506375789642334,3.209077835083008,3.6961681842803955,3.8087005615234375,3.0193636417388916,5.08664083480835,8.417692184448242,8.041080474853516,7.860754013061523,7.748073577880859,7.002870559692383,7.3667988777160645,11.724996566772461,9.06888484954834,13.736114501953125,7.9542341232299805,8.193192481994629,9.489153861999512,6.2269487380981445,0.6352623105049133,-0.8018575310707092,-0.502785325050354,-0.21757738292217255,0.029372742399573326,2.398810863494873,2.8857650756835938
-6.119132995605469,-5.913827896118164,-3.850477695465088,-4.177907466888428,-5.3814496994018555,-4.914349555969238,-3.5849220752716064,-2.5724995136260986,-2.7300212383270264,-0.651604413986206,0.7536324262619019,-0.10173057019710541,-2.2583136558532715,-4.774109840393066,-4.809609889984131,3.107964515686035,6.238925457000732,6.790184020996094,7.499064922332764,4.707404613494873,3.281658172607422,2.1855216026306152,4.574670791625977,5.601318359375,5.403439521789551,5.765466213226318,10.414676666259766,10.935004234313965,10.232770919799805,7.962475299835205,8.441951751708984,8.337615013122559,10.38440227508545,13.281198501586914,8.610832214355469,1.8949211835861206,-0.6603943705558777,0.08879544585943222,1.618699312210083,0.769228994846344,0.18211430311203003,1.8235583305358887,2.450267791748047
-6.012951850891113,-6.554020404815674,-4.965513706207275,-3.126559257507324,-6.591428279876709,-6.450798511505127,-7.195554256439209,-5.021451950073242,-4.681727886199951,-3.591052532196045,-0.4794114828109741,-0.30748632550239563,-0.486720472574234,-1.2689143419265747,-1.994666576385498,3.7386679649353027,7.178682804107666,7.718524932861328,9.780306816101074,10.335756301879883,8.176512718200684,4.3909406661987305,4.726383209228516,3.6610445976257324,3.010693311691284,4.276312351226807,8.771656036376953,11.164299964904785,11.536863327026367,3.908515214920044,-0.37388360500335693,-3.3667566776275635,4.212066173553467,9.696503639221191,4.999276161193848,0.4382161796092987,-0.06190821900963783,1.0039961338043213,1.3052282333374023,1.3807411193847656,1.095810055732727,0.3768909275531769,0.4326777458190918
-8.99573040008545,-10.678759574890137,-7.255477428436279,-2.350374221801758,-2.8847310543060303,-6.444778919219971,-8.972068786621094,-6.930386066436768,-8.103341102600098,-8.543340682983398,-3.800584554672241,-1.6210262775421143,1.9036026000976562,6.583713531494141,7.294469833374023,6.150891304016113,4.218998908996582,4.678189277648926,6.4856414794921875,11.067584037780762,13.296613693237305,12.238025665283203,10.99290943145752,6.101262092590332,1.380112648010254,1.751464605331421,4.625649452209473,6.826755523681641,7.103628635406494,0.53249192237854,-5.5315093994140625,-3.870288372039795,-0.20990605652332306,2.829437494277954,3.885599374771118,1.6817078590393066,-0.4711415767669678,-0.041261911392211914,-0.5462251901626587,-0.23195576667785645,0.2419588714838028,0.09372362494468689,0.11193766444921494
