data/wind_data/wind_49_3.json
{"header": {"parameterUnit": "KT", "parameterCategory": 2, "nx": 256, "ny": 198, "lo1": 44.73521041870117, "la1": -3.236724853515625, "lo2": 111.26478576660156, "la2": 43.468475341796875, "dx": 0.2609002888202667, "dy": -0.23708222806453705, "refTime": "2025-02-21 01:00:00", "forecastTime": 0, "parameterNumber": 2, "parameterNumberName": "eastward_wind"}, "data":
[rows 0 to 18 of 198, columns 88 to 131 of 256]
0.20734097063541412,0.24303671717643738,0.35561883449554443,0.5094371438026428,0.5967630743980408,0.652829110622406,0.7197859287261963,0.7950881719589233,0.9054757952690125,0.9978222250938416,0.977258563041687,1.0208964347839355,1.2694671154022217,1.5349204540252686,1.7455726861953735,1.971108078956604,2.2213683128356934,2.507187843322754,2.836448907852173,3.085463285446167,3.2519750595092773,3.397606372833252,3.5182101726531982,3.5840368270874023,3.6257100105285645,3.798276901245117,3.9875552654266357,3.9280500411987305,3.7841432094573975,3.7289834022521973,3.721315383911133,3.7893059253692627,3.853651762008667,3.8501601219177246,3.858837604522705,3.931631088256836,3.9058568477630615,3.7271840572357178,3.5488100051879883,3.3837687969207764,3.324918746948242,3.3725552558898926,3.4602813720703125,3.5737783908843994
-0.4489310383796692,-0.4490620791912079,-0.4993648827075958,-0.5632479786872864,-0.4886224567890167,-0.3257735073566437,-0.17578469216823578,-0.029465794563293457,0.14441652595996857,0.34748855233192444,0.48039427399635315,0.6133852601051331,0.8842079043388367,1.169443130493164,1.313143253326416,1.4196507930755615,1.6447848081588745,1.9051566123962402,2.1213672161102295,2.2896673679351807,2.4319684505462646,2.5320448875427246,2.587881565093994,2.682831048965454,2.8121747970581055,2.9160263538360596,3.0276315212249756,2.966350555419922,2.7990410327911377,2.8281288146972656,2.919372081756592,2.9314076900482178,3.034111976623535,3.151719808578491,3.190606117248535,3.29095458984375,3.32305645942688,3.190633773803711,3.003520965576172,2.781714677810669,2.679335117340088,2.6513869762420654,2.640303134918213,2.7391481399536133
-1.0187288522720337,-1.2100510597229004,-1.3499630689620972,-1.3891392946243286,-1.3037770986557007,-1.1930724382400513,-1.067319631576538,-0.8843602538108826,-0.6611935496330261,-0.3117591142654419,0.009187386371195316,0.2532900869846344,0.5052475333213806,0.7321437001228333,0.8570402264595032,0.9853078722953796,1.2335797548294067,1.3256640434265137,1.3037530183792114,1.3717656135559082,1.4574613571166992,1.4670764207839966,1.5317894220352173,1.7164024114608765,1.9546849727630615,1.9002878665924072,1.8434492349624634,1.8795323371887207,1.9227492809295654,2.0556976795196533,2.1667542457580566,2.111483335494995,2.1132543087005615,2.104006767272949,2.049802303314209,2.0944771766662598,2.168147325515747,2.2225334644317627,2.1004064083099365,1.8308478593826294,1.7005488872528076,1.655403733253479,1.7109304666519165,1.9127023220062256
-1.5794521570205688,-1.8987677097320557,-2.2224538326263428,-2.2197749614715576,-1.8252172470092773,-1.5143518447875977,-1.4230624437332153,-1.3061919212341309,-1.0739405155181885,-0.7335877418518066,-0.42332276701927185,0.08605773746967316,0.5672959089279175,0.670802891254425,0.7417005300521851,0.8582788705825806,1.1350558996200562,0.8844136595726013,0.7000752091407776,0.8627853989601135,0.6791130304336548,0.4785366654396057,0.727569580078125,0.9423239231109619,1.2348153591156006,0.9963507652282715,0.7879749536514282,0.7605253458023071,0.9437267184257507,1.1452481746673584,1.2836958169937134,1.2051067352294922,1.0904113054275513,0.955876886844635,0.8707144260406494,0.8637102842330933,0.8799581527709961,1.004034161567688,0.8766471743583679,0.6253259778022766,0.5175911784172058,0.508578360080719,0.7159801125526428,1.0061863660812378
-2.289635419845581,-2.6581125259399414,-3.5698323249816895,-3.430945634841919,-1.7680829763412476,-0.16600382328033447,0.853363573551178,0.15382251143455505,-0.21634909510612488,-0.3118017315864563,-1.0851079225540161,0.07937229424715042,1.9367715120315552,1.9866403341293335,2.2787444591522217,1.4518744945526123,0.9479408860206604,0.33973681926727295,0.47071370482444763,1.464592456817627,0.3242858946323395,0.35253164172172546,-0.4013485312461853,0.40862560272216797,0.9465468525886536,0.12330377846956253,-0.3840446472167969,-1.0285303592681885,-0.7287232279777527,-0.570541501045227,-0.5606865286827087,-0.6898662447929382,-0.6242103576660156,-0.6519273519515991,-0.7444965839385986,-0.826998770236969,-0.8243775367736816,-0.6230877637863159,-1.2821696996688843,-1.5777230262756348,-1.4183279275894165,-1.2458285093307495,-0.6904458999633789,-0.43918466567993164
-2.6940739154815674,-2.5042238235473633,-3.6421148777008057,-4.4747467041015625,-4.267683029174805,-3.3831260204315186,-0.9298520684242249,-0.609133780002594,-0.7840376496315002,-1.4283570051193237,-2.418950319290161,-0.647280752658844,0.27487221360206604,0.1700720638036728,0.4424629807472229,1.6508278846740723,-0.22096313536167145,-0.16122986376285553,0.37750446796417236,0.6791085004806519,-1.0171947479248047,1.7829680442810059,-0.6532222628593445,0.9186047911643982,0.6187641024589539,-0.6173258423805237,-1.3594017028808594,-2.7621731758117676,-1.8641209602355957,-1.2925764322280884,-0.9136999845504761,-1.212483286857605,-1.2027162313461304,-1.2603776454925537,-1.2409584522247314,-1.2766793966293335,-1.3527684211730957,-1.475536823272705,-1.9853556156158447,-1.8039758205413818,-1.492066502571106,-1.5524327754974365,-1.164098858833313,-1.1230911016464233
-2.3913052082061768,-1.9453727006912231,-3.9117658138275146,-4.9060139656066895,-5.213757514953613,-4.64087438583374,-2.840139627456665,-0.6192164421081543,-0.5006313920021057,-1.8476418256759644,-2.472795248031616,-0.9551252722740173,-1.5122674703598022,0.9075829386711121,-1.3637272119522095,-0.5222429037094116,-1.5278613567352295,-1.106815218925476,-0.4679625630378723,-4.500670433044434,4.589563846588135,2.0417492389678955,0.7369396090507507,-1.4404422044754028,0.0492040291428566,-2.003326177597046,-2.3641247749328613,-1.852344036102295,-1.8399335145950317,-2.064842700958252,-1.471007227897644,-1.6411092281341553,-1.6069668531417847,-1.6771976947784424,-1.7595359086990356,-1.858134150505066,-2.0419280529022217,-2.315364122390747,-2.295787811279297,-2.087245225906372,-1.9988312721252441,-1.9521152973175049,-1.9263359308242798,-1.6656476259231567
-3.580491542816162,-3.900099515914917,-4.259079456329346,-4.086340427398682,-3.835571765899658,-1.8953754901885986,-2.098297119140625,-0.5194190740585327,2.3485140800476074,-2.5222630500793457,-5.603973865509033,-1.5193891525268555,-0.38598811626434326,2.6122472286224365,0.6822075843811035,-1.9318397045135498,-2.665701389312744,-2.3849151134490967,-2.4596235752105713,-2.523223876953125,-1.3141950368881226,-0.47823986411094666,-0.8816973567008972,-1.5045582056045532,-3.419898509979248,-2.9466710090637207,-2.3715338706970215,-0.6846767067909241,-1.7652409076690674,-2.3993024826049805,-2.192493438720703,-2.1099867820739746,-1.9796251058578491,-2.051076889038086,-2.192883253097534,-2.4822182655334473,-2.6406400203704834,-2.7281718254089355,-2.8297319412231445,-2.5176663398742676,-2.6290624141693115,-2.5435781478881836,-2.4251718521118164,-1.4220125675201416
-6.289843559265137,-4.026164531707764,-4.414621829986572,-4.853134632110596,-3.253528356552124,-2.127018928527832,-4.310601711273193,-5.227044582366943,-1.3135093450546265,-1.6640712022781372,-5.098240852355957,-3.0212209224700928,-0.7543609142303467,-1.280701756477356,-1.7571791410446167,-4.014097213745117,-5.032130241394043,-3.630138874053955,-3.556600332260132,-3.2042531967163086,-3.804464817047119,-0.6765480637550354,-2.342057466506958,-3.349533796310425,-11.019024848937988,3.837026596069336,-3.425184965133667,-0.41668641567230225,-2.3675196170806885,-2.7081494331359863,-2.987696409225464,-2.473797082901001,-2.3901610374450684,-2.538633108139038,-2.7525248527526855,-3.085357904434204,-3.2242119312286377,-3.149017095565796,-3.0920701026916504,-3.1373708248138428,-3.244597911834717,-2.9429707527160645,-2.19502592086792,-1.7777845859527588
-5.737524509429932,-4.630070686340332,-6.204549312591553,-5.541906356811523,-3.4140682220458984,-5.297276020050049,-7.47502326965332,-5.64527702331543,-6.685874938964844,0.4114294946193695,-2.9884517192840576,-4.708397388458252,-2.4439823627471924,-2.924623966217041,-6.690899848937988,-4.38877010345459,-4.50334358215332,-6.572089672088623,-6.825545310974121,-6.185349941253662,-12.491791725158691,4.362166881561279,-3.8490922451019287,-2.4748761653900146,-2.8344860076904297,0.5990785360336304,-2.0614566802978516,-2.4739911556243896,-3.3301503658294678,-3.08072829246521,-3.240943193435669,-3.0436325073242188,-2.9465065002441406,-2.916409969329834,-3.264650344848633,-3.521580219268799,-3.4676156044006348,-3.3865787982940674,-3.50423526763916,-3.686049699783325,-3.5005462169647217,-2.951479434967041,-2.465925693511963,-2.5225729942321777
-6.333631992340088,-6.9207048416137695,-7.404243469238281,-2.2173659801483154,-8.618369102478027,-3.615859031677246,-5.489955425262451,-5.2558393478393555,-3.5050463676452637,-2.992689371109009,-4.181715488433838,-4.057154655456543,-4.208443641662598,-3.8273844718933105,-4.749391078948975,-4.401931285858154,-6.716093063354492,-10.01356315612793,-8.75911808013916,-6.385135173797607,-8.716239929199219,-2.427311420440674,-4.3727898597717285,-3.2365946769714355,-0.2774525582790375,-0.4702439606189728,-3.7367687225341797,-3.539691209793091,-4.454760551452637,-2.999221086502075,-2.8739898204803467,-3.573065757751465,-3.537675142288208,-3.4409327507019043,-3.5893383026123047,-3.778524875640869,-3.6993978023529053,-3.7389729022979736,-3.6817378997802734,-3.5884475708007812,-3.4798378944396973,-3.206178903579712,-2.7508432865142822,-2.037048816680908
-7.42911958694458,-8.807249069213867,-10.11011028289795,-8.664626121520996,-6.86115026473999,-6.964017868041992,-3.9797470569610596,-5.586765766143799,-7.944439888000488,-9.076529502868652,-4.450245380401611,-5.3931050300598145,-4.292522430419922,-4.067421913146973,-4.206169605255127,-3.791623115539551,-7.058108806610107,-7.274224281311035,-5.6313157081604,-5.201527118682861,-5.23050594329834,-1.520259976387024,-1.3497934341430664,-3.273961067199707,-1.2012484073638916,-1.6318913698196411,-4.842846393585205,-2.031634569168091,-5.5882568359375,-3.743534803390503,-3.078444004058838,-3.891231060028076,-4.186040878295898,-4.109296798706055,-3.9996337890625,-4.219982147216797,-4.187163352966309,-4.0258708000183105,-3.8071703910827637,-3.60738468170166,-3.6084744930267334,-3.469174861907959,-2.9824295043945312,-2.0489296913146973
-7.557854652404785,-8.588325500488281,-8.62515926361084,-8.023618698120117,-10.6110258102417,-7.435096740722656,-0.8080824017524719,-4.762825012207031,-9.797866821289062,-10.631867408752441,-2.1815619468688965,-7.548620700836182,-4.887444019317627,-4.7139739990234375,-5.089752197265625,-5.513967037200928,-8.808396339416504,-5.672962188720703,-1.8914833068847656,-8.644979476928711,-7.697962760925293,-1.7854907512664795,3.2429442405700684,-3.5242230892181396,-3.26735782623291,-3.4126007556915283,-4.443816661834717,-6.120797634124756,-5.5314621925354,-3.4027559757232666,-3.7195701599121094,-4.548141956329346,-5.130329608917236,-5.236162185668945,-4.6521124839782715,-4.696845531463623,-4.610308647155762,-4.164535999298096,-4.151941776275635,-4.013411521911621,-3.615527868270874,-3.2520933151245117,-3.1144802570343018,-3.049239158630371
-4.956765174865723,-4.8550896644592285,-4.801881790161133,-4.610301494598389,-6.252439022064209,-7.888614654541016,-5.487370014190674,-5.0618510246276855,-7.585895538330078,-7.1432294845581055,-6.856814861297607,-7.414741039276123,-5.4406418800354,-5.194506645202637,-5.694672107696533,-5.503537178039551,-6.905457019805908,-9.475454330444336,-9.447709083557129,-10.513543128967285,-7.615436553955078,-3.4973561763763428,-4.173513889312744,-6.814521789550781,-4.081789016723633,-2.7818257808685303,-3.2732765674591064,-6.411991596221924,-4.605068206787109,-4.880441188812256,-3.9390387535095215,-5.832601070404053,-6.0392985343933105,-6.27017879486084,-5.970451831817627,-4.671581745147705,-4.8420562744140625,-4.2433600425720215,-4.342873573303223,-4.215385913848877,-3.5383756160736084,-3.27359938621521,-3.7672739028930664,-4.423398494720459
-3.803069591522217,-4.30513858795166,-3.053152084350586,-4.819589614868164,-7.555524826049805,-8.862812042236328,-7.932006359100342,-7.2996087074279785,-7.175222873687744,-5.936680793762207,-5.439640998840332,-5.926301002502441,-6.377811908721924,-7.0003437995910645,-8.028347969055176,-6.201651096343994,-7.997013092041016,-8.743467330932617,-9.23876953125,-9.670845985412598,-8.608088493347168,-7.581012725830078,-4.428828716278076,-7.315566062927246,-12.390192985534668,-6.695375919342041,-1.1869440078735352,-7.924440860748291,-4.037124156951904,-5.4890336990356445,-6.071031093597412,-6.958098411560059,-7.324950218200684,-5.486663818359375,-6.992932319641113,-4.657939910888672,-5.029815196990967,-4.304114818572998,-4.087902069091797,-4.245713710784912,-5.169340133666992,-4.132601737976074,-3.2548599243164062,-3.655362606048584
-4.221114158630371,-4.458561420440674,-3.2146427631378174,-5.2078423500061035,-6.1663360595703125,-8.079876899719238,-8.302338600158691,-7.09061861038208,-5.618360996246338,-5.32969331741333,-5.910406112670898,-6.8832478523254395,-7.5437750816345215,-8.953147888183594,-9.856269836425781,-8.702776908874512,-8.539817810058594,-9.032020568847656,-8.644357681274414,-8.494139671325684,-7.371912479400635,-6.911795139312744,-7.22196626663208,-6.461188793182373,-7.500093460083008,-4.845731735229492,-3.7342495918273926,-7.719089031219482,-5.524520397186279,-5.69171667098999,-5.759795665740967,-7.405118465423584,-7.3079023361206055,-6.509156227111816,-6.651182174682617,-5.120832443237305,-4.6705827713012695,-3.73236346244812,-4.721620559692383,-3.088998556137085,-8.19633674621582,-5.060115337371826,-3.749255418777466,-2.9783542156219482
-2.6647863388061523,-3.8602869510650635,-3.506260871887207,-5.024848937988281,-5.92892599105835,-7.264251232147217,-7.3299880027771,-6.620218753814697,-5.560832500457764,-5.943323612213135,-7.42461633682251,-8.348305702209473,-8.451545715332031,-8.706435203552246,-9.504090309143066,-9.524541854858398,-8.936166763305664,-8.299700736999512,-7.4015793800354,-6.672824382781982,-7.101753234863281,-8.767563819885254,-9.494152069091797,-7.405553340911865,-7.072267055511475,-8.92595386505127,-7.974367141723633,-7.5755720138549805,-6.865752696990967,-9.174675941467285,-5.190951347351074,-7.643106937408447,-8.118218421936035,-7.3273162841796875,-6.775908470153809,-5.2397003173828125,-4.057346820831299,-2.7654194831848145,-3.2965216636657715,-6.9723968505859375,-7.429453372955322,-5.073354244232178,-5.239144802093506,-5.489768981933594
-3.5287084579467773,-3.766742706298828,-4.839795112609863,-5.51456356048584,-5.849606513977051,-6.848212242126465,-6.967735767364502,-6.528672695159912,-6.394651412963867,-6.983013153076172,-8.108929634094238,-8.966697692871094,-9.091094017028809,-8.887070655822754,-9.027263641357422,-9.430068969726562,-9.177789688110352,-8.207549095153809,-7.133508682250977,-6.326476097106934,-6.7406487464904785,-7.207393169403076,-7.207570552825928,-7.831691265106201,-8.807291984558105,-9.592890739440918,-10.60149097442627,-9.288981437683105,-7.488692760467529,-6.0241217613220215,-6.639684677124023,-8.605225563049316,-8.448077201843262,-8.109996795654297,-7.74761438369751,-5.4045209884643555,-3.3830697536468506,-2.3975303173065186,-3.522275686264038,-4.751509666442871,-5.80519962310791,-5.023825645446777,-5.63616943359375,-7.195131301879883
-4.027034282684326,-4.592104911804199,-5.41035270690918,-5.80088996887207,-6.151544570922852,-6.907726764678955,-7.014803886413574,-6.973212242126465,-7.369324207305908,-8.04180908203125,-8.477194786071777,-8.760626792907715,-8.680949211120605,-8.597926139831543,-8.88184642791748,-8.967026710510254,-8.3454008102417,-7.331031799316406,-6.587024688720703,-6.07646369934082,-6.323038101196289,-6.914487838745117,-7.16903829574585,-7.183818340301514,-8.742578506469727,-9.61331558227539,-10.085968971252441,-9.28544807434082,-8.892470359802246,-8.39862060546875,-7.776722431182861,-8.269281387329102,-8.50004768371582,-8.440727233886719,-8.827295303344727,-8.52298641204834,-5.227854251861572,-4.625805377960205,-3.9227077960968018,-4.271646022796631,-3.929628610610962,-5.428908824920654,-7.148402214050293,-8.246506690979004
