data/wind_data/wind_24_7.json
{"header": {"parameterUnit": "KT", "parameterCategory": 2, "nx": 256, "ny": 198, "lo1": 44.73521041870117, "la1": -3.236724853515625, "lo2": 111.26478576660156, "la2": 43.468475341796875, "dx": 0.2609002888202667, "dy": -0.23708222806453705, "refTime": "2025-02-20 00:00:00", "forecastTime": 0, "parameterNumber": 2, "parameterNumberName": "eastward_wind"}, "data":
[rows 40 to 59 of 198, columns 88 to 131 of 256]
2.137921094894409,1.8273086547851562,1.2312813997268677,0.5143853425979614,-0.11387337744235992,-0.5632897615432739,-0.7237610816955566,-0.5876341462135315,-0.693032443523407,-1.219442367553711,-1.701182246208191,-1.918030858039856,-1.8653929233551025,-2.1810598373413086,-3.097709894180298,-4.269222259521484,-5.454955577850342,-6.149537563323975,-6.1931538581848145,-5.984869956970215,-5.769388675689697,-5.612053394317627,-5.665121078491211,-5.999253749847412,-6.395277500152588,-6.694051265716553,-7.0154852867126465,-7.379981994628906,-7.811191082000732,-8.425932884216309,-9.017251968383789,-9.283291816711426,-9.386404991149902,-9.443867683410645,-9.450268745422363,-9.823920249938965,-10.759592056274414,-11.662494659423828,-11.607027053833008,-10.325533866882324,-8.427803039550781,-6.9043145179748535,-6.900185585021973,-8.33088207244873
1.7212997674942017,2.122468948364258,1.7627099752426147,0.986185610294342,-0.023090854287147522,-0.9678685069084167,-1.5605300664901733,-1.4496630430221558,-0.8304011821746826,-0.651421070098877,-1.324633240699768,-1.8820585012435913,-1.9786525964736938,-2.098430871963501,-2.695247173309326,-3.7264461517333984,-4.873599529266357,-5.595015525817871,-5.716063022613525,-5.685591697692871,-5.7110981941223145,-5.672195911407471,-5.6808762550354,-5.931604862213135,-6.3429388999938965,-6.670766830444336,-7.033858776092529,-7.387868881225586,-7.537246227264404,-7.663692951202393,-8.065688133239746,-8.683969497680664,-9.33535385131836,-9.465716361999512,-9.119714736938477,-9.061412811279297,-9.943775177001953,-11.349201202392578,-11.935678482055664,-10.86987018585205,-8.525785446166992,-6.274724960327148,-5.835785865783691,-7.324647426605225
0.43496668338775635,1.0556434392929077,1.0398118495941162,0.3819860517978668,-0.6929490566253662,-1.5285483598709106,-2.1967434883117676,-2.551562786102295,-2.1850106716156006,-1.5389220714569092,-1.6047395467758179,-2.140709161758423,-2.3808743953704834,-2.3236918449401855,-2.5436878204345703,-3.2491166591644287,-4.186115264892578,-4.857622146606445,-5.05945348739624,-5.104387283325195,-5.2691426277160645,-5.461102485656738,-5.531956195831299,-5.7557573318481445,-6.192654132843018,-6.492559432983398,-6.744037628173828,-7.2107625007629395,-7.526546955108643,-7.371710300445557,-7.21300745010376,-7.779680252075195,-8.903548240661621,-9.54125690460205,-9.068167686462402,-8.538722038269043,-9.147761344909668,-10.754152297973633,-11.945220947265625,-11.343076705932617,-8.892054557800293,-6.161288738250732,-5.10491943359375,-6.707225799560547
-0.19853080809116364,0.023472534492611885,0.03737495467066765,-0.3342272937297821,-1.2731404304504395,-2.116567850112915,-2.728029489517212,-3.273561716079712,-3.4180800914764404,-2.9681026935577393,-2.4899444580078125,-2.6108272075653076,-2.8734068870544434,-2.6666207313537598,-2.5012362003326416,-2.7634451389312744,-3.3396356105804443,-3.9300613403320312,-4.2319769859313965,-4.274363040924072,-4.38540506362915,-4.777153491973877,-5.150105953216553,-5.52931547164917,-5.994329929351807,-6.238290309906006,-6.281698703765869,-6.580877304077148,-7.095414161682129,-7.1583027839660645,-6.89897346496582,-7.188529014587402,-8.364551544189453,-9.271464347839355,-9.006179809570312,-8.267361640930176,-8.590863227844238,-10.08932876586914,-11.490171432495117,-11.410229682922363,-9.325484275817871,-6.397933006286621,-4.6593918800354,-5.837296009063721
-0.370015412569046,-0.3616999685764313,-0.3649795353412628,-0.5049740672111511,-1.0863680839538574,-1.8851827383041382,-2.605199098587036,-3.283201217651367,-3.6908180713653564,-3.6018004417419434,-3.0806827545166016,-2.86014461517334,-2.9383349418640137,-2.8217756748199463,-2.658507823944092,-2.7168078422546387,-2.879450559616089,-3.188673734664917,-3.5184316635131836,-3.6441125869750977,-3.5808234214782715,-3.7595181465148926,-4.210598945617676,-4.809568881988525,-5.515617847442627,-5.934118747711182,-5.971665382385254,-5.977306842803955,-6.26182746887207,-6.586763381958008,-6.624870777130127,-6.888810157775879,-7.788384914398193,-8.658299446105957,-8.60389518737793,-7.937842845916748,-8.007759094238281,-9.298351287841797,-10.79533576965332,-11.082463264465332,-9.481203079223633,-6.781405448913574,-4.641336917877197,-4.715116500854492
-0.5709913969039917,-0.35651323199272156,-0.0991721972823143,-0.09149672091007233,-0.47572535276412964,-1.0379091501235962,-1.6214113235473633,-2.234905242919922,-2.6592442989349365,-2.7759151458740234,-2.621208429336548,-2.5012505054473877,-2.4356026649475098,-2.433342218399048,-2.63403058052063,-2.884974479675293,-2.923125982284546,-3.040468215942383,-3.2140307426452637,-3.359135866165161,-3.2717208862304688,-3.103135585784912,-3.230219841003418,-3.736229419708252,-4.5061140060424805,-5.259771823883057,-5.7563934326171875,-5.882725238800049,-5.901801109313965,-6.011107444763184,-6.149495601654053,-6.46712064743042,-7.168929100036621,-7.786034107208252,-7.785799503326416,-7.345841884613037,-7.196504592895508,-8.079863548278809,-9.769716262817383,-10.500240325927734,-9.168957710266113,-6.777575969696045,-4.648234844207764,-3.982154369354248
-0.6003732681274414,-0.325601726770401,0.1917288452386856,0.5517491698265076,0.32431310415267944,-0.12991008162498474,-0.3747096061706543,-0.6690461039543152,-1.0385326147079468,-1.1246851682662964,-1.1211267709732056,-1.3825709819793701,-1.6382555961608887,-1.7367584705352783,-2.1177024841308594,-2.57295823097229,-2.7687888145446777,-2.938762664794922,-3.1546740531921387,-3.3028409481048584,-3.223036527633667,-2.9134490489959717,-2.6538479328155518,-2.8108208179473877,-3.360180139541626,-4.171600341796875,-5.072788238525391,-5.863215923309326,-6.189296722412109,-6.0552778244018555,-5.968799591064453,-6.194676876068115,-6.586361408233643,-6.970426559448242,-6.935514450073242,-6.648392677307129,-6.379471778869629,-6.637089729309082,-8.130188941955566,-9.523371696472168,-8.626753807067871,-6.218514919281006,-4.019259452819824,-3.27095627784729
-0.3761847913265228,-0.2103634625673294,0.27711692452430725,0.9488947987556458,1.132999062538147,0.8967120051383972,0.6761278510093689,0.5555381774902344,0.3965812027454376,0.3088942766189575,0.4014075994491577,0.1808706521987915,-0.34055569767951965,-0.8530859351158142,-1.3009727001190186,-1.6728554964065552,-2.0415148735046387,-2.379910945892334,-2.5402677059173584,-2.7726223468780518,-2.9111759662628174,-2.6280405521392822,-2.2710466384887695,-2.2284421920776367,-2.5665903091430664,-3.1752490997314453,-3.975064516067505,-5.030009746551514,-6.035213947296143,-6.330426216125488,-6.184195518493652,-6.337374687194824,-6.511730194091797,-6.576242923736572,-6.347350597381592,-6.0082807540893555,-5.621492862701416,-5.507425308227539,-6.51488733291626,-8.284822463989258,-8.213403701782227,-5.750813007354736,-3.214451789855957,-2.1711666584014893
-0.2665729224681854,0.08499854803085327,0.49790158867836,1.0853586196899414,1.5389389991760254,1.6977455615997314,1.6544597148895264,1.5111441612243652,1.3263956308364868,1.236310362815857,1.4128053188323975,1.4464774131774902,1.0834784507751465,0.3984453082084656,-0.10765239596366882,-0.3586961328983307,-0.7100346088409424,-1.1116925477981567,-1.4036208391189575,-1.6751766204833984,-1.8020573854446411,-1.7686163187026978,-1.5974822044372559,-1.655960202217102,-2.030799627304077,-2.5200276374816895,-2.9154953956604004,-3.495087146759033,-4.656465530395508,-5.816970348358154,-6.306589603424072,-6.402633190155029,-6.467247486114502,-6.274063587188721,-5.924685001373291,-5.733048439025879,-5.16081428527832,-4.612175464630127,-5.153608322143555,-7.072155475616455,-7.987370491027832,-5.892836570739746,-3.115630865097046,-1.5194283723831177
-0.2596755921840668,0.34823861718177795,0.9254512786865234,1.370905876159668,1.8746206760406494,2.3719286918640137,2.623971700668335,2.4908957481384277,2.174085855484009,2.000194549560547,2.0871267318725586,2.1712913513183594,2.0814805030822754,1.7374520301818848,1.4282662868499756,1.352765679359436,1.1507123708724976,0.6768715381622314,0.14348329603672028,-0.10297287255525589,-0.1608683466911316,-0.22487328946590424,-0.22638799250125885,-0.45028790831565857,-1.028097152709961,-1.612894058227539,-1.9067341089248657,-2.2044379711151123,-2.8953499794006348,-4.279265880584717,-5.717126369476318,-6.198810577392578,-6.006830215454102,-5.487436771392822,-5.056484699249268,-5.255014896392822,-5.193791389465332,-4.330893039703369,-3.8016374111175537,-5.457189559936523,-7.315732955932617,-6.044454097747803,-3.4620468616485596,-1.616211175918579
-0.012478050775825977,0.43450021743774414,1.225475788116455,1.8626736402511597,2.3065457344055176,2.7969608306884766,3.174888849258423,3.2790825366973877,3.120041847229004,2.8985273838043213,2.798614740371704,2.868133306503296,2.9931437969207764,2.835822582244873,2.6711509227752686,2.9495224952697754,3.1217710971832275,2.743354320526123,2.1902692317962646,1.864937424659729,1.6297218799591064,1.5304499864578247,1.5619142055511475,1.2205147743225098,0.5603415966033936,-0.09857156127691269,-0.5510517358779907,-0.9666706323623657,-1.5323795080184937,-2.710972785949707,-4.2114739418029785,-5.295834064483643,-5.064289569854736,-4.106894493103027,-3.7660484313964844,-4.30881929397583,-4.951192378997803,-4.337249279022217,-3.0556583404541016,-3.6927223205566406,-5.847383975982666,-5.666585922241211,-3.5350890159606934,-1.6769968271255493
0.7350667715072632,0.9483696222305298,1.5085762739181519,2.057180166244507,2.457127094268799,2.8047661781311035,3.1571099758148193,3.4642679691314697,3.6865882873535156,3.7519984245300293,3.636016607284546,3.5873615741729736,3.7301602363586426,3.7067718505859375,3.6411139965057373,3.8830034732818604,4.120240688323975,4.043637275695801,3.9531290531158447,3.838104248046875,3.4316983222961426,3.1939024925231934,3.117685079574585,2.81337308883667,2.328033208847046,1.7044830322265625,1.0927635431289673,0.6038371324539185,-0.40114066004753113,-1.5980757474899292,-2.403482437133789,-3.439544200897217,-3.7399039268493652,-2.7740232944488525,-2.3881564140319824,-3.0524234771728516,-4.306855201721191,-4.059071063995361,-2.5362229347229004,-2.230803966522217,-3.988436698913574,-4.746047019958496,-3.2552649974823,-1.352508306503296
1.6799407005310059,1.8901185989379883,2.2003369331359863,2.5499496459960938,2.8029568195343018,2.832627296447754,3.0386159420013428,3.3367159366607666,3.576246500015259,3.859304904937744,4.028529644012451,4.084709644317627,4.319407939910889,4.454383850097656,4.50732421875,4.708803653717041,4.802759647369385,4.736286640167236,4.752044200897217,4.7449564933776855,4.519872665405273,4.256096839904785,4.031132698059082,3.7654685974121094,3.4088187217712402,2.9942164421081543,2.6397368907928467,1.9995276927947998,0.8164263963699341,-0.07305864244699478,-0.6256570219993591,-1.132764458656311,-2.142557144165039,-1.6957651376724243,-1.2228692770004272,-1.6898785829544067,-3.1461966037750244,-3.47666597366333,-1.9828739166259766,-0.971217930316925,-2.0086987018585205,-3.4425361156463623,-2.7144486904144287,-0.8190629482269287
2.6429898738861084,2.911381483078003,3.184415340423584,3.346214532852173,3.5699779987335205,3.6648051738739014,3.687314987182617,3.730024576187134,3.748365640640259,3.82270884513855,3.9242897033691406,4.054378986358643,4.432773113250732,4.827244281768799,5.027070045471191,5.16977596282959,5.276362895965576,5.292629241943359,5.274411678314209,5.245767593383789,5.184760570526123,4.927201747894287,4.461196422576904,4.159063816070557,3.926339864730835,3.6036763191223145,3.4492101669311523,3.1467037200927734,2.298353672027588,1.4416656494140625,0.8872382044792175,1.0953269004821777,-0.2325516641139984,-0.5024299621582031,-0.10796932131052017,-0.2243637591600418,-1.4849692583084106,-2.342151403427124,-1.3423638343811035,-0.12340301275253296,-0.3272493779659271,-1.7481706142425537,-1.6674600839614868,-0.18907855451107025
3.815244197845459,4.058565139770508,4.235269546508789,4.283817291259766,4.423306465148926,4.678595066070557,4.86803674697876,4.899731636047363,4.645699977874756,4.361295223236084,4.232542514801025,4.326056957244873,4.709284782409668,5.133285045623779,5.339535713195801,5.364109516143799,5.401239395141602,5.510158061981201,5.59554386138916,5.669618606567383,5.765144348144531,5.680184841156006,5.190803050994873,4.6651177406311035,4.3290228843688965,4.086969375610352,4.175811767578125,4.286053657531738,3.6351242065429688,2.719926595687866,2.5864789485931396,2.5246236324310303,1.5645369291305542,1.0190774202346802,1.09663724899292,1.2056143283843994,0.3449183404445648,-0.6923342347145081,-0.14785832166671753,0.6557143926620483,0.6003732085227966,-0.28524038195610046,-0.2607666254043579,0.7781394720077515
5.050030708312988,5.293316841125488,5.461028575897217,5.451318264007568,5.399226665496826,5.491734027862549,5.70922327041626,5.845852851867676,5.725159168243408,5.447753429412842,5.19114875793457,5.200746536254883,5.561781883239746,5.930644512176514,6.039175033569336,5.916709899902344,5.845829486846924,5.8651041984558105,5.875695705413818,5.927073001861572,6.146677494049072,6.340792655944824,6.139285087585449,5.575675010681152,5.1403326988220215,4.9899702072143555,5.059167385101318,5.335775375366211,5.058363437652588,4.092963695526123,3.5966954231262207,3.459937334060669,3.035897970199585,2.603178024291992,2.2940359115600586,2.5087695121765137,2.0799734592437744,0.8856387734413147,1.146353006362915,1.7264565229415894,1.4360319375991821,0.6207112669944763,0.7487131953239441,1.7714824676513672
6.286538600921631,6.372682571411133,6.511062145233154,6.4734883308410645,6.438096523284912,6.453514575958252,6.453813076019287,6.430252552032471,6.459777355194092,6.439562797546387,6.3132429122924805,6.3328728675842285,6.695324420928955,7.090407371520996,7.178190231323242,7.025766849517822,6.911044120788574,6.865303039550781,6.769793510437012,6.680299282073975,6.752040863037109,6.9563422203063965,7.037187099456787,6.782304286956787,6.428915977478027,6.171864032745361,6.10543966293335,6.1651387214660645,6.181658744812012,5.424212455749512,4.591145038604736,4.221052169799805,4.237856864929199,3.97308087348938,3.1554715633392334,3.45818829536438,3.490812301635742,2.215128183364868,2.0813024044036865,2.81154465675354,2.5379951000213623,1.4748921394348145,1.4626929759979248,2.453185796737671
7.821049690246582,7.613497734069824,7.470730304718018,7.31498908996582,7.256808757781982,7.249582767486572,7.245109558105469,7.248635292053223,7.325507640838623,7.391538143157959,7.329002857208252,7.342794418334961,7.675291538238525,8.133872032165527,8.373207092285156,8.349236488342285,8.272099494934082,8.279218673706055,8.2529878616333,8.100354194641113,7.985087871551514,8.01980972290039,8.184175491333008,8.166643142700195,7.9011006355285645,7.511219501495361,7.218559741973877,7.079596996307373,7.124189853668213,6.679913520812988,5.820219039916992,5.096620082855225,5.1825785636901855,4.98792839050293,3.803555488586426,4.008110046386719,4.494033336639404,3.208834648132324,2.7118992805480957,3.532017469406128,3.510744333267212,2.387293577194214,2.332078456878662,3.3173351287841797
9.48001480102539,9.052196502685547,8.688286781311035,8.360486030578613,8.119416236877441,7.979456901550293,7.989841938018799,8.166139602661133,8.3965482711792,8.495001792907715,8.451684951782227,8.423768043518066,8.588089942932129,8.938682556152344,9.285816192626953,9.42650318145752,9.453269958496094,9.582688331604004,9.736162185668945,9.748136520385742,9.609140396118164,9.487310409545898,9.533672332763672,9.654833793640137,9.447710990905762,8.895593643188477,8.294535636901855,7.958162307739258,7.8641791343688965,7.772302150726318,7.315461158752441,6.439836502075195,6.12296724319458,5.727273464202881,4.506308078765869,4.56043815612793,5.18060827255249,4.016070365905762,3.198094129562378,3.938835859298706,4.173184871673584,3.323366641998291,3.340686798095703,4.322959899902344
11.068166732788086,10.585350036621094,10.074684143066406,9.602771759033203,9.228447914123535,9.009572982788086,8.971644401550293,9.16818904876709,9.493080139160156,9.685020446777344,9.712942123413086,9.65013313293457,9.63023567199707,9.760285377502441,10.038098335266113,10.287729263305664,10.486990928649902,10.71823501586914,10.950885772705078,11.102142333984375,11.134889602661133,11.041263580322266,10.914847373962402,10.955209732055664,10.829565048217773,10.323569297790527,9.584742546081543,8.853336334228516,8.499619483947754,8.564984321594238,8.775558471679688,8.233131408691406,7.493804454803467,6.96983528137207,5.854133129119873,5.52480936050415,5.8983001708984375,4.925032615661621,3.8427207469940186,4.24285888671875,4.634609699249268,4.1930460929870605,4.323142051696777,5.230987548828125
