data/wind_data/wind_71_9.json
{"header": {"parameterUnit": "KT", "parameterCategory": 2, "nx": 256, "ny": 198, "lo1": 44.73521041870117, "la1": -3.236724853515625, "lo2": 111.26478576660156, "la2": 43.468475341796875, "dx": 0.2609002888202667, "dy": -0.23708222806453705, "refTime": "2025-02-21 23:00:00", "forecastTime": 0, "parameterNumber": 2, "parameterNumberName": "eastward_wind"}, "data":
[rows 171 to 189 of 198, columns 88 to 131 of 256]
10.95406436920166,12.278321266174316,14.963942527770996,18.311941146850586,22.027305603027344,25.590858459472656,28.242843627929688,29.640230178833008,29.970598220825195,29.696414947509766,29.42151641845703,30.645273208618164,33.53658676147461,35.428470611572266,34.26504135131836,31.769906997680664,30.54197120666504,30.036481857299805,28.651865005493164,27.58763885498047,28.036863327026367,27.113100051879883,23.068523406982422,20.242332458496094,21.545076370239258,24.038911819458008,24.463468551635742,22.717090606689453,20.341033935546875,19.04470443725586,19.381549835205078,19.019046783447266,16.32543182373047,13.659923553466797,13.267565727233887,14.992209434509277,17.530576705932617,19.56324005126953,20.590333938598633,21.01142120361328,21.444435119628906,21.98004913330078,22.166046142578125,21.730417251586914
12.542109489440918,13.330667495727539,15.687891006469727,18.6584529876709,21.797897338867188,25.089744567871094,27.908655166625977,29.62186622619629,30.111318588256836,29.447656631469727,28.94171142578125,30.719825744628906,34.148406982421875,35.838680267333984,34.300086975097656,31.77039909362793,30.36805534362793,29.30998992919922,27.920490264892578,27.747577667236328,28.79081153869629,27.781911849975586,23.491365432739258,20.558645248413086,22.141483306884766,25.062042236328125,25.68790626525879,24.04360008239746,21.829151153564453,20.352031707763672,20.409217834472656,21.10135269165039,20.00830078125,17.455242156982422,15.98353385925293,16.79536247253418,18.87472915649414,20.509809494018555,21.10381317138672,21.210546493530273,21.339319229125977,21.497329711914062,21.493059158325195,21.21072006225586
14.981948852539062,14.699053764343262,15.849892616271973,17.97736167907715,20.678932189941406,23.816143035888672,26.57493019104004,28.168813705444336,28.609439849853516,28.332019805908203,28.59229850769043,30.8154239654541,34.095115661621094,35.483768463134766,33.9878044128418,31.497310638427734,29.591856002807617,27.936017990112305,26.85325050354004,27.47504234313965,28.78697967529297,27.82604217529297,23.69554901123047,20.720727920532227,22.343915939331055,25.502225875854492,26.21697998046875,24.850976943969727,23.25590705871582,21.889625549316406,21.402742385864258,22.224037170410156,22.55789566040039,20.92287826538086,18.948572158813477,18.697513580322266,20.057586669921875,21.462984085083008,21.94501304626465,21.88578987121582,21.871509552001953,21.93245506286621,21.887170791625977,21.714021682739258
16.53359031677246,15.386804580688477,15.613125801086426,17.354387283325195,19.693708419799805,21.91352081298828,23.77808380126953,25.295228958129883,26.560270309448242,27.599321365356445,28.802858352661133,30.796794891357422,33.19158172607422,34.308773040771484,33.370967864990234,31.133737564086914,28.552873611450195,26.637451171875,26.22776222229004,27.09087371826172,28.073680877685547,27.2564754486084,23.71541404724121,20.915376663208008,22.344675064086914,25.494115829467773,26.230188369750977,25.106172561645508,24.348176956176758,23.613807678222656,22.76879119873047,22.97093391418457,23.874771118164062,23.647512435913086,22.00324821472168,20.579769134521484,20.51048469543457,21.34469985961914,22.10638999938965,22.502338409423828,22.749467849731445,22.919403076171875,22.93584632873535,22.92205238342285
16.48149299621582,15.419607162475586,15.805624008178711,17.61316680908203,19.1970272064209,19.984376907348633,21.120206832885742,23.132282257080078,25.34687614440918,27.137454986572266,28.497724533081055,29.873075485229492,31.65791893005371,33.06243896484375,32.718727111816406,30.413938522338867,27.724510192871094,26.513904571533203,26.340206146240234,26.249113082885742,26.540935516357422,26.35700798034668,23.9929256439209,21.419921875,22.262367248535156,25.281356811523438,26.426258087158203,25.50523567199707,24.988807678222656,25.004898071289062,24.435562133789062,23.940021514892578,24.39398956298828,25.018808364868164,24.43117904663086,22.673337936401367,21.133705139160156,20.76381492614746,21.45060920715332,22.59980010986328,23.592103958129883,23.990516662597656,23.858156204223633,23.72524642944336
16.14417839050293,15.794790267944336,16.559375762939453,18.091890335083008,18.99213409423828,19.23105812072754,20.01898956298828,21.665224075317383,23.605642318725586,25.350969314575195,26.72367286682129,28.293350219726562,30.589353561401367,32.41032791137695,31.89840316772461,29.55044174194336,27.890501022338867,27.532222747802734,26.52753448486328,25.114002227783203,25.33771324157715,26.064664840698242,24.614160537719727,22.153785705566406,22.361736297607422,25.110891342163086,26.874053955078125,26.417865753173828,25.67125701904297,25.860301971435547,25.997243881225586,25.45914077758789,25.137065887451172,25.474355697631836,25.52037811279297,24.29314613342285,22.391647338867188,21.26280975341797,21.527355194091797,22.713802337646484,23.894540786743164,24.39763069152832,24.24782943725586,23.98631477355957
16.237285614013672,16.47613525390625,17.24604034423828,18.17810821533203,18.96718406677246,19.52978515625,19.629411697387695,19.828792572021484,20.91840362548828,22.58493995666504,24.4118595123291,26.957319259643555,30.073760986328125,31.885894775390625,31.128490447998047,29.435091018676758,28.8370418548584,28.52050018310547,26.7155818939209,24.89495086669922,25.370702743530273,26.46487045288086,25.361541748046875,22.950010299682617,22.63368797302246,24.970556259155273,27.339731216430664,27.785907745361328,27.079120635986328,26.86392593383789,27.151731491088867,26.951980590820312,26.3400936126709,26.007970809936523,25.809968948364258,25.07528305053711,23.964542388916016,23.24785041809082,23.081960678100586,23.25231170654297,23.650558471679688,24.048484802246094,24.191442489624023,24.115734100341797
16.539060592651367,17.125144958496094,17.838003158569336,18.384658813476562,19.275760650634766,20.041494369506836,19.55462646484375,18.71256446838379,18.985170364379883,20.30600929260254,22.459848403930664,25.71119499206543,29.15470314025879,30.958837509155273,30.637487411499023,29.72687530517578,29.322757720947266,28.74823570251465,27.18166160583496,25.74323844909668,25.990097045898438,26.940868377685547,26.30001449584961,24.11186408996582,23.08353042602539,24.714157104492188,27.564470291137695,29.331375122070312,29.32046127319336,28.642364501953125,28.2045841217041,27.86841583251953,27.400049209594727,26.924333572387695,26.461179733276367,25.972780227661133,25.671302795410156,25.58934783935547,25.244110107421875,24.580984115600586,24.155832290649414,24.110546112060547,24.084606170654297,23.9051456451416
17.40935707092285,18.09174346923828,18.899444580078125,19.429658889770508,20.00078773498535,20.357969284057617,19.981897354125977,19.254308700561523,18.708593368530273,18.99774932861328,20.852296829223633,24.170814514160156,27.593582153320312,29.54450225830078,29.746700286865234,29.175167083740234,28.641063690185547,28.189056396484375,27.44355583190918,26.522594451904297,26.48108673095703,27.394868850708008,27.487503051757812,25.804039001464844,24.134923934936523,24.75190544128418,27.516382217407227,30.426671981811523,31.599891662597656,30.991544723510742,29.70810890197754,28.656835556030273,28.113733291625977,27.893861770629883,27.762134552001953,27.67860221862793,27.708641052246094,27.732006072998047,27.474830627441406,26.909521102905273,26.202760696411133,25.34430694580078,24.34396743774414,23.516210556030273
18.240270614624023,18.941219329833984,19.838712692260742,20.399921417236328,20.43040657043457,20.372411727905273,20.55208969116211,20.49002456665039,19.64130401611328,18.97905921936035,19.980302810668945,22.642536163330078,25.54876136779785,27.312564849853516,27.691587448120117,27.383621215820312,27.071537017822266,27.000181198120117,26.9261417388916,26.644847869873047,26.8515682220459,27.918323516845703,28.613893508911133,27.714000701904297,26.047460556030273,25.764850616455078,27.75860595703125,30.79277801513672,32.87542724609375,33.009422302246094,31.64368438720703,29.90801429748535,28.763778686523438,28.540359497070312,28.95786476135254,29.517807006835938,29.892799377441406,29.981422424316406,29.876737594604492,29.64446449279785,28.99871063232422,27.493988037109375,25.416526794433594,23.829952239990234
17.27142906188965,18.269088745117188,19.41287612915039,20.123271942138672,20.11888313293457,20.125520706176758,20.70733070373535,21.25956153869629,21.07847785949707,20.468473434448242,20.42221450805664,21.518077850341797,23.110239028930664,24.230554580688477,24.7548770904541,25.081218719482422,25.30112648010254,25.468198776245117,25.81589698791504,26.381114959716797,27.21733283996582,28.332962036132812,29.189716339111328,29.0726318359375,28.191999435424805,27.79069709777832,28.84174346923828,30.991962432861328,32.98165512084961,33.78293991088867,33.133201599121094,31.43643569946289,29.728635787963867,29.111042022705078,29.680448532104492,30.66840362548828,31.39039421081543,31.708648681640625,31.81800079345703,31.83827018737793,31.47760009765625,30.047386169433594,27.555219650268555,25.36037826538086
14.17658519744873,15.88028335571289,17.600635528564453,18.69029426574707,18.980241775512695,19.15349769592285,19.910245895385742,21.155963897705078,22.1737117767334,22.300487518310547,21.738780975341797,21.29774284362793,21.294816970825195,21.61541175842285,22.328828811645508,23.26581573486328,23.818471908569336,24.013622283935547,24.640317916870117,25.92472267150879,27.29988670349121,28.348190307617188,29.07544708251953,29.4854793548584,29.645084381103516,29.867633819580078,30.427804946899414,31.40576171875,32.53373336791992,33.27482604980469,33.23146057128906,32.3056755065918,31.02288055419922,30.384580612182617,30.721389770507812,31.378515243530273,31.713043212890625,31.816150665283203,32.08503341674805,32.55675506591797,32.78840255737305,32.000553131103516,29.887052536010742,27.524152755737305
10.3513822555542,12.679730415344238,14.833971977233887,16.188730239868164,16.77391815185547,17.275917053222656,18.475454330444336,20.340452194213867,22.024728775024414,22.76321792602539,22.52996253967285,21.849763870239258,21.23073959350586,21.132015228271484,21.766277313232422,22.655750274658203,23.070388793945312,23.191186904907227,23.939565658569336,25.50931167602539,27.12994384765625,28.185579299926758,28.862268447875977,29.56220054626465,30.375411987304688,31.13534927368164,31.607725143432617,31.80123519897461,31.99905776977539,32.239620208740234,32.271121978759766,32.088111877441406,31.994497299194336,32.182090759277344,32.423336029052734,32.24346160888672,31.508922576904297,30.787578582763672,30.82903289794922,31.622377395629883,32.37684631347656,32.2299690246582,30.89157485961914,29.062191009521484
8.07251262664795,10.186372756958008,12.101252555847168,13.39572811126709,14.383978843688965,15.531299591064453,17.09132957458496,18.79608154296875,20.284168243408203,21.294218063354492,21.785757064819336,21.958330154418945,22.12347412109375,22.526710510253906,23.11341094970703,23.557838439941406,23.672616958618164,23.819896697998047,24.56651496887207,25.932228088378906,27.40667152404785,28.586875915527344,29.508773803710938,30.35124969482422,31.131420135498047,31.744956970214844,32.05317687988281,32.0311164855957,31.86561393737793,31.639087677001953,31.425724029541016,31.61711311340332,32.44332504272461,33.33869552612305,33.50813293457031,32.7969856262207,31.5502872467041,30.243616104125977,29.543344497680664,29.74923324584961,30.24795913696289,30.325862884521484,29.96084976196289,29.481477737426758
8.802614212036133,9.740256309509277,10.67255973815918,11.510164260864258,12.610543251037598,13.915993690490723,15.078706741333008,16.124277114868164,17.219648361206055,18.352933883666992,19.468515396118164,20.701467514038086,22.222227096557617,23.71118927001953,24.660324096679688,25.00507354736328,25.187328338623047,25.672361373901367,26.488018035888672,27.449947357177734,28.54824447631836,29.816370010375977,31.057567596435547,31.963594436645508,32.379146575927734,32.39780807495117,32.27758026123047,32.27531051635742,32.31296920776367,32.048919677734375,31.626893997192383,31.784135818481445,32.68294906616211,33.48984146118164,33.41285705566406,32.60144805908203,31.552330017089844,30.29726791381836,29.0006103515625,28.244932174682617,28.03061866760254,27.984994888305664,28.263750076293945,29.010915756225586
11.655200004577637,11.345791816711426,11.11972713470459,11.305198669433594,11.900835990905762,12.559362411499023,13.125492095947266,13.75344181060791,14.616063117980957,15.758140563964844,17.179349899291992,19.091981887817383,21.413461685180664,23.466543197631836,24.732309341430664,25.409076690673828,26.173887252807617,27.343360900878906,28.522216796875,29.428333282470703,30.3570499420166,31.52654457092285,32.70914840698242,33.58585739135742,33.90861892700195,33.584049224853516,33.028133392333984,32.87853240966797,33.08753967285156,33.047000885009766,32.70974349975586,32.62716293334961,32.930416107177734,33.12554931640625,32.80966567993164,32.091773986816406,31.170215606689453,29.82234001159668,28.19224739074707,27.260587692260742,27.246267318725586,27.393808364868164,27.50589370727539,28.05357551574707
13.792240142822266,13.223710060119629,12.751243591308594,12.582860946655273,12.76754379272461,13.245100021362305,13.761300086975098,14.246100425720215,14.819931983947754,15.646622657775879,16.939489364624023,18.802839279174805,20.8121337890625,22.437808990478516,23.55925750732422,24.590354919433594,26.091468811035156,27.95639991760254,29.543882369995117,30.680891036987305,31.68656349182129,32.68259048461914,33.64674758911133,34.56024932861328,35.132667541503906,34.95353317260742,34.281673431396484,33.866554260253906,33.87611770629883,33.89699935913086,33.74522018432617,33.52290725708008,33.22821807861328,32.78207015991211,32.17757797241211,31.419740676879883,30.41609001159668,28.978046417236328,27.469585418701172,26.98131561279297,27.608440399169922,28.018756866455078,27.57971954345703,27.133283615112305
15.096393585205078,15.250129699707031,15.28803825378418,15.25548267364502,15.429981231689453,15.911158561706543,16.5454158782959,17.062044143676758,17.401086807250977,17.81682777404785,18.673295974731445,19.91398811340332,21.120716094970703,22.153549194335938,23.149030685424805,24.402727127075195,26.076833724975586,27.83774757385254,29.341733932495117,30.698362350463867,32.01749038696289,33.1768913269043,34.195125579833984,35.15456771850586,35.85971450805664,36.00666427612305,35.63449478149414,35.12006759643555,34.727874755859375,34.47770690917969,34.28977966308594,34.015411376953125,33.4970588684082,32.731624603271484,31.830039978027344,30.81683921813965,29.59770393371582,28.21721649169922,27.129724502563477,27.07932472229004,28.021257400512695,28.505701065063477,27.561296463012695,26.268630981445312
15.720831871032715,16.237930297851562,16.88568687438965,17.467361450195312,17.925838470458984,18.438142776489258,18.971996307373047,19.38509750366211,19.612337112426758,19.72922706604004,19.9418888092041,20.378238677978516,21.114622116088867,22.09310531616211,23.161609649658203,24.31890869140625,25.53117561340332,26.681486129760742,27.913286209106445,29.414758682250977,31.015954971313477,32.4406623840332,33.61481857299805,34.57689666748047,35.38720703125,36.0138053894043,36.229835510253906,35.88216781616211,35.18498992919922,34.536739349365234,34.09980773925781,33.72380447387695,33.2003288269043,32.4510612487793,31.50628662109375,30.372758865356445,29.048799514770508,27.817033767700195,27.09210777282715,27.167133331298828,27.995986938476562,28.593416213989258,27.62996482849121,25.67889404296875
