data/wind_data/wind_Surface_39.json
{"header": {"parameterUnit": "KT", "parameterCategory": 2, "nx": 255, "ny": 198, "lo1": 44.73521041870117, "la1": -3.236724853515625, "lo2": 111.26478576660156, "la2": 43.468475341796875, "dx": 0.26192745566368103, "dy": -0.23708222806453705, "refTime": "2025-02-20 15:00:00", "forecastTime": 0, "parameterNumber": 3, "parameterNumberName": "northward_wind"}, "data":
[rows 38 to 56 of 198, columns 172 to 214 of 255]
-7.045677661895752,-8.437467575073242,-9.829832077026367,-10.67198371887207,-9.156270980834961,-7.599149227142334,-7.442006587982178,-9.391488075256348,-10.51573657989502,-9.586590766906738,-6.86737060546875,-5.723961353302002,-5.910370349884033,-5.933535575866699,-4.274898052215576,-3.0941460132598877,-2.465618848800659,-1.6951277256011963,-0.4088916480541229,0.3715797960758209,0.34134045243263245,0.09788829833269119,-0.05593910813331604,-0.13234230875968933,-0.17735612392425537,-0.16460882127285004,-0.10300444811582565,0.16836974024772644,0.668778121471405,0.3579574525356293,-1.1344413757324219,-3.9038116931915283,-5.545602798461914,-5.2917375564575195,-4.365400791168213,-4.147092819213867,-4.360899925231934,-3.9196958541870117,-1.7493321895599365,-0.12143374979496002,-0.5062836408615112,-0.8442723751068115,-0.8079044222831726
-8.210002899169922,-8.61520004272461,-9.8114652633667,-11.242106437683105,-9.11230754852295,-6.834634780883789,-6.670203685760498,-7.638651371002197,-8.142123222351074,-8.186341285705566,-7.219254016876221,-5.259213447570801,-4.899622917175293,-4.9335832595825195,-4.5107927322387695,-3.479477643966675,-2.1877100467681885,-1.2229574918746948,-0.6572803854942322,-0.7198280692100525,-0.9477350115776062,-0.9879360795021057,-0.7648290991783142,-0.5723843574523926,-0.5617314577102661,-0.5967015027999878,-0.604284942150116,-0.30119654536247253,0.5063968300819397,0.43051275610923767,-1.707381248474121,-4.8598551750183105,-5.532711505889893,-4.739861965179443,-4.047359943389893,-3.6986711025238037,-3.953655958175659,-3.9111926555633545,-1.277212142944336,-1.0232092142105103,-0.6595340371131897,-0.16871580481529236,-1.8620871305465698
-10.105701446533203,-7.501338958740234,-6.962154388427734,-8.420465469360352,-9.22606372833252,-10.547221183776855,-10.808329582214355,-8.954504013061523,-6.556763648986816,-6.112290382385254,-5.921651363372803,-4.438608646392822,-4.345799922943115,-4.288898468017578,-3.2936630249023438,-1.86127507686615,-1.4656982421875,-1.3195809125900269,-1.305251955986023,-1.6277689933776855,-1.882079005241394,-1.8782730102539062,-1.6064445972442627,-1.392412781715393,-1.190020203590393,-0.7925079464912415,-0.4875459372997284,-0.5654399991035461,-1.3316832780838013,-2.883030414581299,-3.71366810798645,-3.571843147277832,-2.892446517944336,-3.346214771270752,-3.8737425804138184,-3.6066715717315674,-3.6079814434051514,-3.6603989601135254,-1.6310555934906006,-1.1200467348098755,-0.7791746854782104,-0.9865322709083557,-1.1198023557662964
-7.9605712890625,-5.702585220336914,-5.5916008949279785,-7.011690139770508,-9.589357376098633,-12.142288208007812,-12.825019836425781,-10.734234809875488,-8.054489135742188,-4.89697790145874,-2.853057384490967,-3.7568345069885254,-4.399871349334717,-4.1814470291137695,-3.6078782081604004,-1.5676783323287964,-0.6926702857017517,-1.6381590366363525,-2.1401216983795166,-2.01155424118042,-2.1348366737365723,-2.3430471420288086,-2.388671875,-2.3274500370025635,-2.0756216049194336,-1.3395073413848877,-1.0530565977096558,-3.1940817832946777,-7.123730659484863,-8.928139686584473,-7.942959308624268,-4.757696151733398,-2.05621075630188,-2.3600735664367676,-3.6275200843811035,-3.6436197757720947,-3.2122581005096436,-2.3555188179016113,-2.840794086456299,-2.652137041091919,-1.5069584846496582,-0.3599255084991455,0.7470343112945557
-6.097320556640625,-6.007747173309326,-6.284772872924805,-5.484746932983398,-7.245298862457275,-9.572549819946289,-10.24931526184082,-8.988670349121094,-8.02375316619873,-3.9126574993133545,-1.496385097503662,-3.8614349365234375,-4.457806587219238,-3.020827054977417,-2.127065420150757,-1.5459239482879639,-1.553795576095581,-2.077770233154297,-2.1365935802459717,-2.5131280422210693,-3.1209497451782227,-3.474148750305176,-3.8365070819854736,-4.35621976852417,-4.309892177581787,-3.669440984725952,-4.081345558166504,-8.208314895629883,-10.875701904296875,-10.308316230773926,-9.437409400939941,-7.660249710083008,-5.363489151000977,-3.710883617401123,-3.9776668548583984,-3.784461498260498,-1.9292969703674316,-1.7367289066314697,-2.1597816944122314,-3.303391695022583,-1.734871506690979,0.7393338680267334,1.0392882823944092
-6.494195461273193,-8.104510307312012,-8.32167911529541,-6.202163219451904,-6.690816402435303,-7.834705352783203,-8.154603004455566,-7.340105056762695,-5.915482044219971,-3.3026654720306396,-2.6117606163024902,-3.966731309890747,-4.355583190917969,-2.860276460647583,-1.4602729082107544,-0.927490234375,-1.3140013217926025,-2.972768783569336,-4.344038963317871,-5.212249279022217,-5.618241310119629,-5.154214382171631,-4.9177961349487305,-5.374970436096191,-5.997426986694336,-6.586727142333984,-7.12734842300415,-8.876446723937988,-9.519091606140137,-9.064810752868652,-8.344846725463867,-7.491165637969971,-6.67104959487915,-5.252983570098877,-4.698947906494141,-1.7818167209625244,-1.9462062120437622,-1.167575716972351,-0.7608798146247864,-0.37485575675964355,-0.006894492078572512,-0.4661787748336792,1.2026382684707642
-8.126392364501953,-10.084073066711426,-11.240214347839355,-10.923568725585938,-8.300930976867676,-6.246411323547363,-5.591747760772705,-8.454292297363281,-6.525864601135254,-3.777480125427246,-2.84639835357666,-2.8163235187530518,-2.596245527267456,-3.1934654712677,-4.422844409942627,-5.262612342834473,-4.499100208282471,-4.968591690063477,-5.916711330413818,-5.999642848968506,-6.383371829986572,-6.105839729309082,-5.690074920654297,-5.4766645431518555,-6.012552261352539,-6.403255462646484,-6.415894031524658,-5.940783500671387,-6.821418285369873,-7.552163600921631,-7.224727630615234,-6.52023458480835,-4.949583530426025,-2.5342020988464355,-4.76085901260376,-1.9390127658843994,-2.039562940597534,-0.8053562045097351,-0.9038295745849609,-0.8442874550819397,-0.5893546342849731,-0.7897570133209229,0.7888972759246826
-9.020148277282715,-10.764695167541504,-12.160980224609375,-12.751818656921387,-10.115880966186523,-8.900653839111328,-8.166537284851074,-7.2884602546691895,-5.155014514923096,-4.109457492828369,-3.568566083908081,-2.734029531478882,-1.6510378122329712,-1.8572063446044922,-2.8370532989501953,-4.815629005432129,-5.756066799163818,-5.538948059082031,-5.4075446128845215,-5.875306606292725,-6.5786943435668945,-6.556614398956299,-6.179948329925537,-6.082551956176758,-6.407478332519531,-6.596340179443359,-7.186366558074951,-6.724758625030518,-5.883094310760498,-6.113662242889404,-6.208398818969727,-6.797108173370361,-4.56822395324707,-1.031997561454773,-1.6100584268569946,-1.5505014657974243,-2.0473175048828125,-1.4925472736358643,-0.8997121453285217,-0.1869683861732483,0.09409583359956741,0.92679762840271,0.9994909763336182
-8.161684036254883,-9.770808219909668,-11.435569763183594,-11.702553749084473,-11.474333763122559,-12.545236587524414,-11.687027931213379,-5.760068416595459,-2.906395196914673,-3.8299219608306885,-3.889434576034546,-3.376410484313965,-2.5835142135620117,-1.7722448110580444,-1.9571973085403442,-2.1443891525268555,-2.8772106170654297,-3.9787659645080566,-5.385773181915283,-5.713310718536377,-6.132127285003662,-6.0205769538879395,-5.699113845825195,-5.8553385734558105,-6.204056739807129,-7.229925155639648,-8.396678924560547,-7.591412544250488,-5.509498119354248,-5.057703495025635,-4.642943859100342,-5.540705680847168,-4.174967288970947,-1.0305802822113037,-1.0387215614318848,-0.5918771028518677,-0.6450133323669434,-0.435508668422699,-0.0559752881526947,0.929969310760498,0.766635537147522,0.44039472937583923,0.9145702719688416
-7.229902267456055,-8.758367538452148,-9.90690803527832,-10.580723762512207,-10.650842666625977,-11.029903411865234,-9.658007621765137,-6.299477577209473,-3.949617624282837,-3.2848660945892334,-2.4662139415740967,-1.9940729141235352,-2.2306783199310303,-1.7751233577728271,-1.9199801683425903,-1.6905966997146606,-2.6504123210906982,-3.551687240600586,-4.256490230560303,-4.542023181915283,-5.161575794219971,-5.653970718383789,-6.3504862785339355,-6.384498596191406,-6.444327354431152,-6.996053695678711,-7.646755695343018,-7.550692081451416,-6.4892802238464355,-4.595350742340088,-3.1326024532318115,-3.9503190517425537,-3.8159537315368652,-1.243943452835083,-2.09708833694458,-1.4696663618087769,-0.8976271152496338,-0.21094836294651031,0.2789951264858246,0.03908282145857811,-0.18339118361473083,-0.4316151738166809,-0.2152881920337677
-6.959467887878418,-7.77372407913208,-9.204829216003418,-10.089645385742188,-10.046073913574219,-9.77099895477295,-8.057339668273926,-5.474303245544434,-3.1765027046203613,-2.893895149230957,-3.185645818710327,-2.2986841201782227,-1.0458691120147705,-0.2630908191204071,-1.2315975427627563,-1.6423786878585815,-2.1860194206237793,-3.1083908081054688,-3.5640921592712402,-4.359805583953857,-5.352842807769775,-6.382633209228516,-7.080572605133057,-7.236332416534424,-7.435410976409912,-7.596965312957764,-8.055840492248535,-9.230669021606445,-10.14307975769043,-7.680368423461914,-3.659019947052002,-2.5376222133636475,-3.4484212398529053,-1.5623223781585693,-1.5192171335220337,-1.197723150253296,-1.1916472911834717,-0.748610258102417,0.9120597839355469,0.6169435977935791,0.03731336072087288,0.011629736982285976,-0.06424053013324738
-8.990025520324707,-9.035229682922363,-9.026792526245117,-9.772856712341309,-10.829609870910645,-11.012537956237793,-8.102620124816895,-3.998433828353882,-2.4516501426696777,-3.6267428398132324,-4.184052467346191,-2.2481849193573,0.13351814448833466,2.489973306655884,0.4209340810775757,-0.7895480394363403,-1.1642489433288574,-1.7625073194503784,-2.424569606781006,-4.100258827209473,-5.506295680999756,-6.665257930755615,-7.642997741699219,-8.826146125793457,-9.604114532470703,-9.884614944458008,-10.254545211791992,-11.52645492553711,-12.413623809814453,-10.933441162109375,-7.1445183753967285,-4.193037986755371,-4.288373947143555,-4.013436794281006,-1.146862506866455,-1.4631621837615967,-2.8822884559631348,-1.5954926013946533,-1.2082432508468628,-0.6132924556732178,0.21755388379096985,0.6118183732032776,0.6100872159004211
-11.005949020385742,-10.721129417419434,-8.829660415649414,-8.203320503234863,-9.820257186889648,-9.922508239746094,-7.682888031005859,-4.836525917053223,-4.189395427703857,-3.1088809967041016,0.0763416513800621,1.3185551166534424,-0.7848271727561951,-0.6875098943710327,0.25649040937423706,1.4196603298187256,0.9797834157943726,-0.364230751991272,-1.5981806516647339,-4.517399787902832,-5.8210129737854,-6.459826946258545,-7.581374645233154,-9.07852840423584,-10.259161949157715,-11.027770042419434,-11.685546875,-12.47688102722168,-12.441988945007324,-11.161543846130371,-8.617292404174805,-5.560459613800049,-4.062577724456787,-3.620849609375,-0.782008707523346,-1.1214922666549683,-4.057592868804932,-3.182394504547119,-3.060140609741211,-2.2405145168304443,-0.8841091394424438,-0.5470645427703857,-0.18960201740264893
-8.998001098632812,-9.209872245788574,-8.83280086517334,-8.653929710388184,-8.898141860961914,-8.335309982299805,-7.497987270355225,-6.3251848220825195,-3.772514581680298,-2.4862873554229736,-1.2339563369750977,0.29121294617652893,-2.6476433277130127,-3.4721016883850098,0.05251697450876236,1.7344774007797241,1.3569074869155884,-1.6511902809143066,-3.7165262699127197,-5.706616401672363,-6.178925514221191,-6.282406330108643,-7.078098297119141,-8.386998176574707,-9.607366561889648,-10.154007911682129,-11.075974464416504,-11.438216209411621,-11.159165382385254,-9.88200569152832,-8.985968589782715,-6.934845447540283,-4.175003528594971,-2.2077369689941406,-0.643653392791748,-1.4163408279418945,-4.488215446472168,-3.876774787902832,-2.744046211242676,-2.3262133598327637,-1.9071056842803955,-2.1060588359832764,-2.0341477394104004
-6.2749199867248535,-7.642833709716797,-10.3981294631958,-11.928204536437988,-10.336040496826172,-8.296753883361816,-8.210474014282227,-7.166143417358398,-4.989070415496826,-5.181831359863281,-6.5471367835998535,-4.664608478546143,-3.6928703784942627,-4.157965183258057,-3.6721858978271484,-4.472192287445068,-4.891080379486084,-4.777443885803223,-6.127782821655273,-6.988641262054443,-6.706508159637451,-7.0716872215271,-7.808834075927734,-8.280269622802734,-9.02053451538086,-9.316252708435059,-10.213187217712402,-10.432191848754883,-9.750391960144043,-8.857723236083984,-9.279561042785645,-9.187616348266602,-6.791261672973633,-3.476496458053589,-1.0719457864761353,-1.248903512954712,-4.312736511230469,-3.6407554149627686,-2.4606969356536865,-2.606343984603882,-3.084303617477417,-3.404024839401245,-3.552457332611084
-6.176180362701416,-7.374827861785889,-10.593546867370605,-11.437948226928711,-10.360380172729492,-9.132472038269043,-8.324854850769043,-7.1416015625,-6.791049480438232,-6.695643901824951,-6.365240097045898,-6.254742622375488,-4.887979984283447,-5.699296951293945,-8.04460620880127,-10.472891807556152,-10.85758113861084,-8.012661933898926,-7.169843673706055,-6.803300857543945,-7.6376495361328125,-8.529848098754883,-8.783951759338379,-8.64517879486084,-8.806567192077637,-9.456209182739258,-10.000216484069824,-10.381706237792969,-9.691573143005371,-8.184025764465332,-6.77354097366333,-7.097935676574707,-7.141246795654297,-3.7948343753814697,-1.7831672430038452,-1.3684602975845337,-2.286522150039673,-2.7759780883789062,-2.695834159851074,-3.08769154548645,-3.7093393802642822,-4.108684062957764,-3.9484200477600098
-7.214255332946777,-7.429599761962891,-9.11893081665039,-9.604369163513184,-10.020256042480469,-9.546469688415527,-5.968208312988281,-5.152182102203369,-5.781010627746582,-6.182018756866455,-5.341773509979248,-4.738000869750977,-4.720966339111328,-5.347258567810059,-6.392691135406494,-7.938263893127441,-9.486310958862305,-8.522621154785156,-7.825490474700928,-8.161587715148926,-8.619197845458984,-8.252297401428223,-7.748841285705566,-8.746245384216309,-9.11396598815918,-9.837275505065918,-10.07962703704834,-10.442109107971191,-10.121118545532227,-8.776856422424316,-7.517501354217529,-6.282619476318359,-6.426174163818359,-4.729146480560303,-1.468760371208191,-0.7433509230613708,-1.229444980621338,-2.328845500946045,-2.73474383354187,-2.623418092727661,-2.9196324348449707,-3.1528890132904053,-3.2962653636932373
-7.5589728355407715,-7.576565742492676,-8.76557445526123,-10.04074764251709,-11.32837200164795,-11.438155174255371,-9.014922142028809,-6.8108930587768555,-5.983672142028809,-6.290635108947754,-4.554688453674316,-4.45838737487793,-4.494519233703613,-5.818085193634033,-6.391249179840088,-7.091238975524902,-8.020325660705566,-7.920498847961426,-8.574501991271973,-8.71767807006836,-7.899977684020996,-7.396364688873291,-6.932083606719971,-8.180288314819336,-8.970839500427246,-9.363698959350586,-9.705910682678223,-10.087145805358887,-10.66515827178955,-11.304512977600098,-11.585061073303223,-9.849699974060059,-8.513588905334473,-8.105603218078613,-5.194023132324219,-0.32964053750038147,-0.5798662304878235,-0.9241831302642822,-1.2142910957336426,-1.2850421667099,-1.924460530281067,-2.296091318130493,-2.66335391998291
-7.63660192489624,-7.551258563995361,-9.063861846923828,-10.53341007232666,-12.44045352935791,-13.986617088317871,-14.383353233337402,-10.781627655029297,-8.142470359802246,-8.284143447875977,-8.398414611816406,-7.237432956695557,-7.301008224487305,-7.70485782623291,-9.212481498718262,-9.757457733154297,-8.920613288879395,-8.309309005737305,-8.717473983764648,-7.98381233215332,-7.933227062225342,-7.306457996368408,-6.860742092132568,-7.298404216766357,-8.089444160461426,-8.432397842407227,-8.934062004089355,-9.230527877807617,-9.01966667175293,-10.588973999023438,-12.329054832458496,-11.589091300964355,-10.325600624084473,-9.326224327087402,-7.5225911140441895,-1.9618642330169678,-0.29040634632110596,-0.014921748079359531,0.5878092646598816,-0.4177829325199127,-0.8181437253952026,-1.3330731391906738,-1.5745834112167358
