data/wind_data/wind_2025-02-21_18.json
{"header": {"parameterUnit": "KT", "parameterCategory": 2, "nx": 255, "ny": 198, "lo1": 44.73521041870117, "la1": -3.236724853515625, "lo2": 111.26478576660156, "la2": 43.468475341796875, "dx": 0.26192745566368103, "dy": -0.23708222806453705, "refTime": "2025-02-21 18:00:00", "forecastTime": 0, "parameterNumber": 2, "parameterNumberName": "eastward_wind"}, "data":
[rows 57 to 75 of 198, columns 0 to 42 of 255]
-10.819047927856445,-11.455662727355957,-12.944533348083496,-14.856781959533691,-14.226317405700684,-13.890007972717285,-14.175074577331543,-14.392910957336426,-14.797806739807129,-14.01360034942627,-13.422271728515625,-13.117707252502441,-12.163155555725098,-10.315942764282227,-8.16921329498291,-6.167577266693115,-5.612560272216797,-6.306190013885498,-5.309786319732666,-2.706350326538086,-3.214414119720459,-6.733851432800293,-8.166204452514648,-7.822816371917725,-6.137299537658691,-6.291851043701172,-7.9081807136535645,-7.427022457122803,-6.719239234924316,-7.305785179138184,-7.645214080810547,-7.6803412437438965,-7.522254467010498,-9.021570205688477,-10.485432624816895,-8.49671459197998,-7.612995147705078,-10.173182487487793,-10.656448364257812,-8.67805290222168,-8.350198745727539,-10.396998405456543,-11.891265869140625
-11.281975746154785,-11.912063598632812,-13.158723831176758,-15.037354469299316,-13.976770401000977,-13.585965156555176,-14.708586692810059,-15.0117826461792,-14.965816497802734,-14.346979141235352,-13.782205581665039,-13.091686248779297,-12.060929298400879,-10.10021686553955,-7.895946502685547,-6.594093322753906,-7.391704082489014,-10.168529510498047,-13.400630950927734,-15.595248222351074,-15.534781455993652,-14.220592498779297,-12.149580955505371,-8.380512237548828,-8.494355201721191,-9.434103965759277,-9.020061492919922,-8.32064151763916,-7.93422794342041,-7.072286605834961,-5.797453880310059,-6.0243940353393555,-7.660068988800049,-9.446243286132812,-9.856067657470703,-8.528017044067383,-8.335890769958496,-9.964154243469238,-9.449200630187988,-7.7912468910217285,-8.944087982177734,-11.404281616210938,-12.489031791687012
-11.602882385253906,-12.083537101745605,-12.976028442382812,-14.611847877502441,-14.092792510986328,-13.832771301269531,-14.224008560180664,-14.221466064453125,-14.099609375,-13.26887321472168,-12.741456031799316,-12.535609245300293,-12.485097885131836,-11.667045593261719,-9.96335506439209,-9.241561889648438,-9.942816734313965,-11.43422794342041,-14.372550010681152,-17.959245681762695,-19.6138973236084,-18.49230194091797,-16.28205108642578,-14.002983093261719,-12.19536018371582,-11.04653263092041,-9.703338623046875,-8.855788230895996,-8.73971176147461,-7.641829967498779,-6.045490264892578,-4.862649440765381,-5.7972235679626465,-8.597437858581543,-10.37891960144043,-10.230619430541992,-9.165170669555664,-8.727335929870605,-8.47032356262207,-8.896862030029297,-10.6598539352417,-11.573628425598145,-11.367857933044434
-11.706375122070312,-11.83182144165039,-12.431958198547363,-14.283856391906738,-14.244741439819336,-13.83215045928955,-14.153939247131348,-14.124083518981934,-13.863459587097168,-13.133367538452148,-12.949470520019531,-13.230195999145508,-12.809120178222656,-11.585633277893066,-10.62697982788086,-10.283754348754883,-11.082780838012695,-13.036797523498535,-15.28815746307373,-17.126068115234375,-18.001401901245117,-17.502639770507812,-16.03933334350586,-14.82983684539795,-13.617111206054688,-11.48965072631836,-9.585590362548828,-8.330724716186523,-7.987733840942383,-7.6521453857421875,-7.376252174377441,-6.91171932220459,-6.273281097412109,-5.284854412078857,-4.132847309112549,-6.242626190185547,-8.721501350402832,-8.262954711914062,-8.332083702087402,-8.909133911132812,-9.569973945617676,-9.654640197753906,-10.02542781829834
-9.087261199951172,-9.899871826171875,-11.396652221679688,-13.18979549407959,-13.26264762878418,-12.537396430969238,-12.823760032653809,-13.23344612121582,-13.410441398620605,-13.804757118225098,-14.531417846679688,-14.539755821228027,-13.60647201538086,-12.547821044921875,-11.430196762084961,-11.406302452087402,-12.364908218383789,-13.144978523254395,-14.043758392333984,-15.3450345993042,-16.437015533447266,-16.45717430114746,-15.576192855834961,-14.510709762573242,-13.503982543945312,-11.99630355834961,-10.513968467712402,-9.507847785949707,-8.834869384765625,-8.519123077392578,-8.9753999710083,-10.140195846557617,-10.705147743225098,-9.469015121459961,-8.104100227355957,-8.744006156921387,-6.675360679626465,-7.448032855987549,-7.5936598777771,-7.841254711151123,-8.302071571350098,-8.610174179077148,-9.836420059204102
-5.844858169555664,-6.325893402099609,-10.137276649475098,-11.935625076293945,-11.936009407043457,-11.876331329345703,-12.569740295410156,-13.009957313537598,-13.301657676696777,-13.82819938659668,-14.312957763671875,-14.543354034423828,-14.257624626159668,-13.318245887756348,-12.571452140808105,-12.891392707824707,-13.568073272705078,-14.135839462280273,-14.344619750976562,-14.269464492797852,-14.940454483032227,-15.43171501159668,-15.02180290222168,-14.414972305297852,-13.697074890136719,-12.313103675842285,-11.08944320678711,-10.417612075805664,-9.729812622070312,-8.524484634399414,-7.757607460021973,-8.307372093200684,-9.333112716674805,-10.839115142822266,-11.492757797241211,-10.403759002685547,-8.759171485900879,-7.493184566497803,-7.371744155883789,-7.872321605682373,-8.005887985229492,-8.52054500579834,-9.65955638885498
-4.703882694244385,-4.941322326660156,-6.772624969482422,-9.922929763793945,-11.212754249572754,-11.72413158416748,-12.31900691986084,-12.966156005859375,-13.376540184020996,-13.08858871459961,-13.266026496887207,-13.689337730407715,-14.19005012512207,-14.234492301940918,-13.849695205688477,-13.574592590332031,-13.5552978515625,-13.663349151611328,-14.043607711791992,-14.340007781982422,-14.425874710083008,-14.646563529968262,-14.821446418762207,-14.538626670837402,-13.630434036254883,-12.54382610321045,-11.932811737060547,-11.10940933227539,-9.888351440429688,-8.278667449951172,-7.207146644592285,-7.511166095733643,-8.800114631652832,-10.16256046295166,-10.243370056152344,-9.267247200012207,-7.854629993438721,-7.440617084503174,-8.032059669494629,-8.297670364379883,-7.965104579925537,-7.8730549812316895,-9.275460243225098
-1.1130117177963257,-1.4976409673690796,-2.9375836849212646,-3.471801996231079,-4.156050682067871,-7.214481353759766,-8.046135902404785,-8.930059432983398,-10.084354400634766,-10.346266746520996,-11.13957691192627,-12.8113374710083,-13.989593505859375,-14.413398742675781,-14.24212646484375,-13.879923820495605,-13.332612991333008,-13.012266159057617,-13.152505874633789,-13.561471939086914,-13.80855941772461,-13.696492195129395,-13.558101654052734,-13.19622802734375,-12.736586570739746,-12.233635902404785,-11.764562606811523,-10.682145118713379,-8.928933143615723,-7.82340669631958,-7.8530988693237305,-8.946192741394043,-9.989850044250488,-9.557856559753418,-8.455890655517578,-8.682575225830078,-9.018988609313965,-8.30595588684082,-8.318249702453613,-8.372991561889648,-7.879181861877441,-8.193486213684082,-9.081425666809082
0.27874210476875305,0.35431912541389465,-1.5103455781936646,-1.612040400505066,-0.7705217599868774,-0.1132868155837059,0.8057538270950317,1.1559631824493408,-0.9853169918060303,-3.2163572311401367,-4.248443603515625,-7.724106311798096,-11.70535945892334,-14.032252311706543,-14.25473403930664,-14.01981258392334,-13.735243797302246,-13.363261222839355,-13.04221248626709,-12.842867851257324,-13.169401168823242,-13.179903984069824,-12.758681297302246,-12.090075492858887,-11.380501747131348,-11.14670181274414,-10.936395645141602,-10.218245506286621,-9.278458595275879,-9.070147514343262,-9.250575065612793,-9.720207214355469,-10.352036476135254,-9.467752456665039,-8.19101619720459,-8.998802185058594,-9.76648998260498,-8.14431095123291,-7.439261436462402,-7.714120864868164,-7.932283401489258,-8.601301193237305,-8.671606063842773
-0.19255051016807556,0.49986088275909424,-1.1793636083602905,-1.720014214515686,-0.3987819254398346,1.2308341264724731,2.028745174407959,1.4232912063598633,-1.2920936346054077,-3.1061506271362305,-1.7790215015411377,-0.45848456025123596,-1.8917796611785889,-6.223153114318848,-10.707863807678223,-12.965414047241211,-13.479350090026855,-13.639245986938477,-13.23212718963623,-12.25130558013916,-11.617558479309082,-11.1731595993042,-11.035943031311035,-11.178653717041016,-11.052414894104004,-10.726093292236328,-10.151274681091309,-9.71899700164795,-9.563111305236816,-9.393549919128418,-9.441667556762695,-9.805770874023438,-9.804282188415527,-9.087686538696289,-8.788865089416504,-8.45229721069336,-8.03484058380127,-8.119186401367188,-7.817471027374268,-7.958373546600342,-8.432836532592773,-7.905763149261475,-7.672290325164795
-0.8678667545318604,-0.0478556826710701,-0.2905658483505249,-1.67683744430542,-0.8912947177886963,1.7523893117904663,2.391254186630249,1.0906609296798706,-1.9931617975234985,-2.3529722690582275,0.43995770812034607,1.0864951610565186,-0.18240943551063538,-2.106868267059326,-3.763486623764038,-5.17540979385376,-9.901398658752441,-11.14318561553955,-11.658964157104492,-12.611533164978027,-11.609529495239258,-10.499825477600098,-9.885319709777832,-9.992341995239258,-10.421133041381836,-10.354100227355957,-10.097339630126953,-9.702291488647461,-9.222289085388184,-8.87728500366211,-8.548402786254883,-8.253628730773926,-8.041393280029297,-8.258576393127441,-8.730395317077637,-8.756352424621582,-8.515233039855957,-8.246930122375488,-7.665596961975098,-7.982738018035889,-8.23000431060791,-7.023118019104004,-6.885056018829346
-1.7798274755477905,-1.0807865858078003,0.5251359343528748,-0.24832746386528015,-0.295235812664032,1.3376171588897705,1.2594701051712036,-1.1174284219741821,-3.580423355102539,-3.6312992572784424,-0.4703143835067749,-0.6519312262535095,-2.5865697860717773,-3.9476447105407715,-4.1115336418151855,-1.414158821105957,-1.9243367910385132,-6.664770126342773,-8.937667846679688,-10.713682174682617,-11.628265380859375,-10.93590259552002,-10.502226829528809,-10.296929359436035,-9.47852897644043,-9.393494606018066,-9.982518196105957,-9.572298049926758,-9.307121276855469,-9.341256141662598,-9.010852813720703,-8.386262893676758,-7.9847235679626465,-8.605433464050293,-9.495870590209961,-8.790046691894531,-8.884778022766113,-9.028546333312988,-7.526444435119629,-7.511536598205566,-7.67386531829834,-7.374495506286621,-7.3873467445373535
-1.727044939994812,-1.0317682027816772,0.7610148787498474,1.7550064325332642,2.1133275032043457,2.0104644298553467,0.8248690962791443,-3.5598976612091064,-8.243281364440918,-6.9275360107421875,-3.987675905227661,-2.637373208999634,-4.498571872711182,-6.004644393920898,-4.5072455406188965,0.856838583946228,4.007113456726074,-0.5068267583847046,-6.296770095825195,-7.804807662963867,-9.015389442443848,-10.624114990234375,-11.484447479248047,-11.012218475341797,-9.5302734375,-8.927817344665527,-8.835016250610352,-8.067890167236328,-8.285148620605469,-9.087235450744629,-9.123441696166992,-8.773307800292969,-7.9796671867370605,-7.281019687652588,-7.88560676574707,-8.011762619018555,-8.171504020690918,-8.712458610534668,-8.214085578918457,-7.678053855895996,-7.17723274230957,-7.042518138885498,-6.539727687835693
-1.8170050382614136,-0.6135851144790649,1.049431562423706,1.8463945388793945,1.0440247058868408,0.5138335227966309,-0.5930763483047485,-3.936583995819092,-9.35727596282959,-10.014860153198242,-5.183404922485352,-3.5547614097595215,-4.137348175048828,-4.344038009643555,-2.1966943740844727,1.5710620880126953,4.710827827453613,1.7131892442703247,-2.181407928466797,-2.591996908187866,-2.1154372692108154,-4.309206008911133,-8.460476875305176,-10.056205749511719,-9.86744213104248,-8.610292434692383,-7.236151695251465,-7.561198711395264,-8.173203468322754,-8.411285400390625,-8.75395393371582,-8.687196731567383,-8.234825134277344,-7.750948905944824,-7.315556526184082,-7.704113006591797,-8.329587936401367,-7.87658166885376,-8.27424144744873,-8.26771354675293,-7.167272567749023,-6.379533767700195,-5.803168296813965
-1.3405365943908691,1.0706965923309326,0.871435821056366,-1.1761444807052612,-2.154710531234741,-2.006340980529785,-1.9181065559387207,-2.6812167167663574,-7.499927043914795,-10.510432243347168,-6.727071762084961,-2.6914355754852295,-0.8718701004981995,0.17914904654026031,0.705123245716095,1.1918017864227295,-0.46223145723342896,-4.188302040100098,-4.997446060180664,-1.8422131538391113,1.407447099685669,1.7569836378097534,-1.067684531211853,-3.069784164428711,-5.2195329666137695,-7.843720436096191,-6.660497188568115,-6.261381149291992,-7.3814897537231445,-8.03608226776123,-7.985347270965576,-7.3159942626953125,-7.5633225440979,-7.967650890350342,-7.886984348297119,-7.807541847229004,-7.096052646636963,-7.186426162719727,-9.040570259094238,-8.533705711364746,-7.369822978973389,-6.472119331359863,-5.393912315368652
-0.4545877277851105,2.7171833515167236,0.7434660196304321,-3.1877830028533936,-4.738755702972412,-3.9215621948242188,-2.4424071311950684,-1.2346117496490479,-3.7701117992401123,-7.71916389465332,-5.660048961639404,-1.4620567560195923,0.6007545590400696,1.4745186567306519,1.2229218482971191,0.012593019753694534,-1.8918652534484863,-3.7917139530181885,-3.856219530105591,-1.6213054656982422,1.6136828660964966,2.1718504428863525,-1.1145325899124146,-3.6640806198120117,-3.2355427742004395,-2.122650146484375,-3.008920431137085,-5.141144752502441,-6.522299766540527,-7.5574421882629395,-7.276566028594971,-7.00581693649292,-6.960988998413086,-7.33111572265625,-7.791348934173584,-7.572841167449951,-7.483547210693359,-7.939279556274414,-8.322421073913574,-7.9834089279174805,-7.581653118133545,-7.387289047241211,-6.956084728240967
-0.8633900284767151,0.673736035823822,-2.1267483234405518,-5.788188457489014,-6.644883155822754,-4.427646160125732,-2.282872438430786,-0.8442222476005554,0.18062320351600647,-1.2417513132095337,-2.2052667140960693,-1.387812614440918,-0.77524334192276,-0.3353162705898285,-0.19543203711509705,-0.5145109295845032,-1.0637084245681763,-1.0749534368515015,-0.6386640667915344,0.08349526673555374,0.7035723924636841,-1.8109804391860962,-5.785045623779297,-5.185977458953857,-2.868262529373169,-0.4212380051612854,-0.18064844608306885,-2.1761176586151123,-4.307394027709961,-6.136058330535889,-6.851701259613037,-6.904787540435791,-6.465723514556885,-6.320220947265625,-6.415781497955322,-6.333237171173096,-6.675943374633789,-7.399598121643066,-8.018157005310059,-8.042122840881348,-7.706270694732666,-8.042319297790527,-7.787810325622559
-3.110595226287842,-3.438955307006836,-4.8776631355285645,-7.374283313751221,-6.871220588684082,-4.201690673828125,-2.075230598449707,-1.0716303586959839,0.40291866660118103,0.7087321281433105,-2.268073558807373,-4.676580905914307,-3.0522313117980957,-0.6873011589050293,-0.0808480978012085,-0.1618131399154663,0.6075823307037354,1.3732300996780396,0.7270544767379761,-1.7931139469146729,-4.972968578338623,-6.158644199371338,-6.4395060539245605,-3.8834993839263916,-1.6266862154006958,-1.4983210563659668,-1.9564392566680908,-2.335705041885376,-3.6560826301574707,-4.779615879058838,-5.778203964233398,-5.973474025726318,-5.574947834014893,-5.390951156616211,-5.368533134460449,-5.811806678771973,-6.324961185455322,-6.848466873168945,-7.390953540802002,-7.795090198516846,-8.10490894317627,-7.786643981933594,-6.841091632843018
-4.214724063873291,-5.058403968811035,-5.459614276885986,-6.289312839508057,-5.96013069152832,-3.2416765689849854,-1.8202142715454102,-1.3366761207580566,-1.3715938329696655,-2.2002811431884766,-3.994462490081787,-4.691625118255615,-2.0850436687469482,0.6062095165252686,0.04216769337654114,-0.11487168818712234,1.5464648008346558,0.9752441048622131,-3.8885183334350586,-6.7507147789001465,-7.907391548156738,-6.945950031280518,-6.041370868682861,-5.672792911529541,-5.467306613922119,-5.50932502746582,-4.493678569793701,-2.612969398498535,-1.2853840589523315,-2.9987778663635254,-4.841485500335693,-4.7937517166137695,-4.396913528442383,-3.8305206298828125,-3.625779867172241,-4.259802341461182,-5.279083728790283,-6.1944403648376465,-6.812624931335449,-7.444760799407959,-7.823577404022217,-6.150232791900635,-5.463273048400879
