data/wind_data/wind_62_6.json
{"header": {"parameterUnit": "KT", "parameterCategory": 2, "nx": 256, "ny": 198, "lo1": 44.73521041870117, "la1": -3.236724853515625, "lo2": 111.26478576660156, "la2": 43.468475341796875, "dx": 0.2609002888202667, "dy": -0.23708222806453705, "refTime": "2025-02-21 14:00:00", "forecastTime": 0, "parameterNumber": 2, "parameterNumberName": "eastward_wind"}, "data":
[rows 120 to 139 of 198, columns 180 to 224 of 256]
74.91409301757812,75.75995635986328,76.3898696899414,76.34513092041016,76.31071472167969,76.46924591064453,76.58574676513672,76.71461486816406,76.80587768554688,77.12769317626953,77.8538818359375,79.00162506103516,80.70240783691406,82.28700256347656,82.89175415039062,82.56116485595703,82.05450439453125,82.11641693115234,83.3095932006836,85.11238861083984,86.51189422607422,87.41219329833984,88.05370330810547,88.96724700927734,90.22140502929688,91.81310272216797,93.42046356201172,94.09904479980469,94.77608489990234,95.75700378417969,96.36634826660156,96.68063354492188,95.93036651611328,95.80255126953125,97.77972412109375,99.31682586669922,100.17098236083984,101.64669799804688,102.4381103515625,103.6517333984375,105.87792205810547,106.73091888427734,106.2820816040039,105.96846008300781,106.15245819091797
73.51618957519531,74.47750091552734,75.03408813476562,74.86717987060547,74.93650817871094,75.21356964111328,75.22151184082031,75.32974243164062,75.59230041503906,75.84942626953125,76.34190368652344,77.2643814086914,78.61833190917969,80.08201599121094,81.1044921875,81.2772445678711,81.0176773071289,81.25559997558594,82.16456604003906,83.32259368896484,84.4425048828125,85.53089904785156,86.45252990722656,87.58389282226562,89.08668518066406,90.41412353515625,91.2936019897461,92.0205307006836,92.82941436767578,93.72100067138672,94.5807876586914,94.0842514038086,92.73674011230469,93.85890197753906,96.32408142089844,97.32959747314453,98.0490493774414,99.36853790283203,100.14338684082031,102.45854187011719,105.67507934570312,106.83439636230469,106.20111846923828,105.08551025390625,104.4274673461914
72.02313232421875,73.18195343017578,73.18567657470703,72.88907623291016,72.85763549804688,72.3867416381836,71.48477935791016,71.2918701171875,72.2329330444336,73.03502655029297,73.68489837646484,74.56036376953125,75.75508880615234,77.20084381103516,78.4739761352539,79.10955047607422,79.5999984741211,80.45111083984375,81.3052749633789,82.09906005859375,83.12700653076172,84.12773132324219,85.41862487792969,86.97972106933594,88.1100082397461,88.37930297851562,88.73489379882812,90.10604858398438,91.30815887451172,92.03315734863281,92.53889465332031,91.20439910888672,90.17802429199219,92.27983093261719,94.27556610107422,94.58932495117188,95.2380142211914,95.91386413574219,95.9853744506836,98.78592681884766,103.51774597167969,106.22775268554688,106.45094299316406,105.12358093261719,103.52693176269531
71.36334228515625,72.4809341430664,71.6236572265625,70.0873031616211,69.37623596191406,68.51701354980469,67.56263732910156,67.62538146972656,68.83853149414062,69.73005676269531,70.04544830322266,70.43409729003906,71.10736846923828,71.83796691894531,72.53390502929688,73.23664855957031,74.1172103881836,75.4415054321289,76.97676086425781,78.20642852783203,79.68818664550781,81.3490982055664,83.44084167480469,85.22792053222656,85.40848541259766,84.83901977539062,85.65792846679688,87.8218002319336,89.18293762207031,89.9942855834961,90.5723876953125,89.17566680908203,88.23702239990234,90.06471252441406,91.42198181152344,91.48005676269531,91.87840270996094,91.51750946044922,90.79227447509766,94.42051696777344,100.79484558105469,104.57194519042969,104.88909149169922,103.06411743164062,100.68495178222656
70.10869598388672,70.56338500976562,70.79084777832031,68.45671844482422,66.95922088623047,65.54522705078125,64.88633728027344,65.9343490600586,67.39835357666016,68.12739562988281,67.83372497558594,66.975341796875,66.42704010009766,66.35480499267578,66.64933776855469,67.325439453125,68.23198699951172,69.15692138671875,70.31938171386719,72.10469055175781,73.6715087890625,75.28870391845703,78.42594146728516,80.20394134521484,79.09226989746094,78.40276336669922,80.4294662475586,82.76573181152344,83.61614227294922,85.15890502929688,87.04324340820312,86.476806640625,85.1001205444336,86.11067199707031,87.59343719482422,88.10970306396484,88.01803588867188,86.77799224853516,87.19853210449219,92.72445678710938,98.70289611816406,100.76309967041016,99.46807098388672,96.96330261230469,94.7992172241211
66.18238067626953,65.33480834960938,65.77899932861328,64.93423461914062,62.73628234863281,61.845149993896484,61.041297912597656,61.5126953125,62.214759826660156,62.243553161621094,61.99104690551758,61.45439910888672,61.086849212646484,61.054359436035156,61.10620880126953,61.678314208984375,63.11666488647461,63.944923400878906,64.29228210449219,66.40080261230469,69.08663940429688,70.90092468261719,72.7303466796875,73.62149047851562,72.21900939941406,72.92288970947266,76.4795913696289,78.1469497680664,78.4901351928711,80.30347442626953,82.8177490234375,83.28738403320312,81.88301086425781,82.32920837402344,84.31230926513672,84.90213012695312,83.89263153076172,83.51851654052734,86.1875228881836,90.82073974609375,93.87629699707031,93.44498443603516,91.0595703125,88.68158721923828,87.88302612304688
62.22860336303711,59.807945251464844,58.6299934387207,60.35618591308594,61.51639175415039,60.998779296875,58.73271560668945,57.26958084106445,56.410457611083984,55.61115264892578,55.160587310791016,55.28456115722656,56.227760314941406,57.43598556518555,57.862937927246094,58.65205001831055,60.84152603149414,62.424949645996094,62.93532180786133,64.83021545410156,66.95355987548828,68.36886596679688,69.43506622314453,69.0658187866211,68.66388702392578,71.63056182861328,74.6728744506836,74.6389389038086,74.74805450439453,77.21388244628906,80.21370697021484,81.23880767822266,79.6407699584961,79.19939422607422,80.8449478149414,81.46324920654297,81.06488037109375,81.87672424316406,84.0120620727539,85.99492645263672,86.20398712158203,84.3547592163086,82.29431915283203,81.5551986694336,83.22864532470703
62.60097122192383,60.34739303588867,59.61665344238281,61.434471130371094,64.0485610961914,63.77839660644531,58.931331634521484,54.856475830078125,53.76215744018555,53.702430725097656,53.43592834472656,53.70111846923828,55.42527770996094,57.29738235473633,57.765743255615234,58.65647506713867,60.75510025024414,62.443294525146484,63.31476974487305,64.53046417236328,64.5986328125,63.970760345458984,64.67568969726562,64.7748794555664,65.57138061523438,69.75138092041016,72.1519546508789,71.90470123291016,72.27534484863281,74.76165008544922,78.0764389038086,79.85530090332031,78.87291717529297,77.6568374633789,78.00879669189453,78.63018798828125,78.99839782714844,79.7356948852539,80.5439453125,80.71184539794922,79.64372253417969,77.93133544921875,77.06330871582031,78.48143005371094,80.97552490234375
62.621925354003906,63.36077880859375,63.93008804321289,61.79060363769531,60.341064453125,60.24293899536133,57.115055084228516,53.86668395996094,52.591529846191406,53.146705627441406,53.48781967163086,53.56764221191406,55.04121780395508,56.823490142822266,57.65838623046875,58.583457946777344,59.698612213134766,60.675411224365234,62.183868408203125,63.08420944213867,60.671661376953125,58.775543212890625,59.85665512084961,61.73209762573242,64.0426025390625,66.53965759277344,67.74906921386719,68.10897064208984,68.61541748046875,69.93131256103516,72.51437377929688,74.50224304199219,74.89635467529297,74.34640502929688,74.1831283569336,74.4226303100586,74.83367919921875,75.54238891601562,75.83488464355469,75.12564086914062,74.37548828125,73.61823272705078,74.0624771118164,76.44220733642578,78.09326171875
57.56083297729492,61.08590316772461,62.71142578125,60.05728530883789,56.42179489135742,54.169620513916016,53.163818359375,52.58324432373047,52.14678955078125,52.65216064453125,53.354347229003906,52.52915954589844,52.324031829833984,53.55421829223633,54.36332321166992,54.56576919555664,55.792701721191406,58.17317581176758,60.98136520385742,60.64557647705078,55.526519775390625,53.844459533691406,56.03638458251953,58.13471221923828,60.20933532714844,61.34104537963867,61.68740463256836,62.1793327331543,62.51881790161133,63.14302062988281,64.56962585449219,65.73470306396484,66.1974868774414,66.34796142578125,66.38771057128906,66.32588195800781,66.81053924560547,67.49813842773438,67.19468688964844,67.8389892578125,69.07982635498047,69.31391143798828,70.11075592041016,71.38803100585938,72.02500915527344
53.592430114746094,55.8714485168457,57.70980453491211,56.71670150756836,54.36349868774414,52.86259078979492,52.00615310668945,50.994354248046875,50.8319206237793,51.34090042114258,51.24574279785156,49.42277145385742,47.076202392578125,47.240478515625,49.258056640625,49.910797119140625,51.392173767089844,55.027835845947266,57.5755729675293,54.61201858520508,48.39679718017578,48.31592559814453,51.55455780029297,52.56412124633789,52.52841567993164,52.13103485107422,52.435420989990234,54.29859924316406,56.31954574584961,57.713687896728516,58.516395568847656,58.61711502075195,58.01756286621094,57.48357391357422,57.602664947509766,57.82518768310547,58.11231231689453,58.54749298095703,58.55051803588867,58.80956268310547,58.87510299682617,58.6801872253418,59.777992248535156,61.83575439453125,64.1767349243164
50.59507369995117,53.4650764465332,57.26227569580078,56.647987365722656,53.33625030517578,50.86333465576172,49.93614959716797,49.738311767578125,50.48630142211914,50.75554656982422,48.8150634765625,43.99198913574219,39.74977493286133,40.568878173828125,42.64728927612305,43.177696228027344,46.023075103759766,49.35308837890625,51.09556198120117,45.577579498291016,38.427268981933594,42.85858154296875,49.04827880859375,49.29336929321289,47.09588623046875,46.308021545410156,48.445411682128906,51.61838150024414,53.344627380371094,53.59437561035156,53.22521209716797,52.593929290771484,51.93387222290039,51.48976135253906,51.6044807434082,50.01156234741211,49.80046463012695,51.195526123046875,52.954742431640625,55.374019622802734,56.967201232910156,56.95764923095703,56.550418853759766,56.95692825317383,57.97900390625
44.16032028198242,48.29563522338867,53.96280288696289,54.86040496826172,52.232940673828125,49.645172119140625,48.50886535644531,49.20756530761719,50.04286193847656,50.145652770996094,48.49903869628906,44.036983489990234,38.9155158996582,37.30583572387695,37.496986389160156,39.148746490478516,41.5780029296875,43.28253173828125,43.45241165161133,39.207672119140625,36.69341278076172,43.53555679321289,48.20534896850586,47.09518051147461,44.589324951171875,44.42714309692383,46.090171813964844,48.321533203125,49.690486907958984,49.707237243652344,48.43250274658203,46.53146743774414,45.03042984008789,44.07560729980469,43.786685943603516,42.94809341430664,43.370853424072266,43.26390838623047,45.27983856201172,47.45890426635742,46.34186935424805,43.602867126464844,43.59855651855469,46.634796142578125,50.81878662109375
46.99109649658203,49.861419677734375,51.950321197509766,51.622230529785156,48.871429443359375,47.024078369140625,47.21285629272461,47.93236541748047,48.15726852416992,47.94104766845703,47.000648498535156,44.71134948730469,40.8927116394043,38.82852554321289,38.81340026855469,40.00568389892578,40.212677001953125,40.519012451171875,41.21641540527344,39.320064544677734,39.177345275878906,44.22198486328125,45.937644958496094,43.59272384643555,42.18466567993164,42.38961410522461,43.01598358154297,44.95646667480469,46.70841598510742,46.75338363647461,45.17458724975586,42.25027084350586,40.26778793334961,39.93505859375,40.1117057800293,40.785240173339844,40.319610595703125,39.89120101928711,38.41682815551758,36.251346588134766,33.92125701904297,33.738487243652344,36.02186965942383,38.774662017822266,43.502708435058594
45.292137145996094,45.945823669433594,45.561187744140625,44.0699462890625,41.742286682128906,41.80354309082031,43.704036712646484,43.24521255493164,41.61760711669922,41.73889923095703,40.80089569091797,39.479061126708984,39.321533203125,40.180755615234375,41.05905532836914,41.39929962158203,40.6767463684082,39.15248489379883,39.8807258605957,40.38379669189453,39.24733352661133,39.19900131225586,39.222206115722656,39.21426773071289,40.3672981262207,40.56370162963867,40.21235275268555,41.59605407714844,43.28900909423828,42.99043273925781,40.32834243774414,37.55907440185547,36.975093841552734,37.66016387939453,37.57952117919922,37.67154312133789,35.918880462646484,35.27544021606445,34.6774787902832,31.16797637939453,28.158199310302734,29.23662567138672,32.211387634277344,35.26386642456055,40.71464538574219
43.3304328918457,47.232234954833984,44.13508987426758,40.50569534301758,38.21211624145508,37.920448303222656,40.524513244628906,40.82632827758789,38.55753707885742,37.06060791015625,35.195011138916016,36.3066520690918,39.383609771728516,40.782649993896484,41.1326789855957,42.08782958984375,41.383480072021484,38.66261291503906,37.815147399902344,36.23994445800781,31.621421813964844,27.462858200073242,29.92500877380371,35.30956268310547,38.262874603271484,38.36616897583008,37.254425048828125,37.4890251159668,39.26531982421875,38.98929977416992,34.70710372924805,33.094505310058594,35.052818298339844,32.55940246582031,30.09149742126465,31.709943771362305,34.0211067199707,34.784950256347656,35.648075103759766,33.327919006347656,30.144798278808594,30.175642013549805,34.596641540527344,39.9364013671875,44.9964485168457
41.824466705322266,47.09796905517578,41.9130744934082,37.86775588989258,37.66175842285156,36.05815887451172,36.8699951171875,39.61431884765625,38.492027282714844,36.313377380371094,34.65751266479492,34.670738220214844,37.068695068359375,38.60044860839844,40.197147369384766,41.64850997924805,39.41425323486328,35.2060546875,32.41033935546875,28.926565170288086,24.173593521118164,20.787296295166016,26.18123435974121,32.86381912231445,35.01875686645508,35.384239196777344,34.23240661621094,33.75822830200195,35.34983825683594,34.571964263916016,29.344959259033203,29.822633743286133,27.460033416748047,20.166595458984375,24.175262451171875,32.19706344604492,36.01968002319336,36.41592788696289,36.11204147338867,35.23167419433594,33.72039031982422,33.66645812988281,37.04719161987305,41.119651794433594,43.417396545410156
41.164424896240234,39.41997146606445,38.74665069580078,39.95927429199219,39.186641693115234,36.05573654174805,36.228729248046875,38.49260330200195,37.8311653137207,37.89067077636719,39.567935943603516,40.640499114990234,41.224849700927734,41.237789154052734,41.677886962890625,40.71067428588867,36.771385192871094,33.11698913574219,30.29721450805664,26.531070709228516,23.149612426757812,21.6835994720459,25.29939842224121,29.051979064941406,30.419307708740234,30.87352752685547,30.332090377807617,30.89617156982422,32.056427001953125,31.387907028198242,27.371950149536133,30.761913299560547,22.587900161743164,12.029443740844727,23.407146453857422,33.767486572265625,38.19126892089844,39.82638931274414,39.602699279785156,38.56092071533203,38.8990478515625,39.44452667236328,38.90629196166992,37.83567810058594,38.458927154541016
34.62279510498047,28.29250144958496,33.31930923461914,38.96292495727539,37.809749603271484,35.96942138671875,38.46160888671875,42.00198745727539,42.850799560546875,43.798828125,44.90665054321289,44.51469039916992,43.15909957885742,42.446048736572266,41.74903106689453,39.90453338623047,36.15796661376953,31.84895133972168,28.778284072875977,25.920244216918945,23.960472106933594,24.188983917236328,25.245874404907227,25.953857421875,26.056270599365234,25.65374183654785,26.269468307495117,28.56338119506836,30.80624008178711,32.08277130126953,29.75955581665039,28.868654251098633,11.919280052185059,7.6458940505981445,25.254051208496094,36.8527946472168,37.837528228759766,41.26966857910156,43.131351470947266,43.58951187133789,44.114200592041016,42.333858489990234,38.401004791259766,36.887428283691406,38.894325256347656
22.975643157958984,22.460195541381836,30.644392013549805,36.338226318359375,38.072391510009766,40.403778076171875,44.2418327331543,47.650394439697266,49.48310852050781,49.688255310058594,48.13392639160156,46.577880859375,45.61924362182617,44.933250427246094,43.40913772583008,40.57562255859375,35.38932418823242,30.22983169555664,27.61124610900879,24.2908935546875,22.77631378173828,24.46329689025879,24.872608184814453,24.67136001586914,24.925352096557617,24.966951370239258,25.53990936279297,28.4449520111084,31.323198318481445,32.28594970703125,26.956071853637695,23.816917419433594,2.2599756717681885,9.278751373291016,26.916364669799805,35.2844352722168,36.37354278564453,40.72865676879883,44.36405944824219,46.12174606323242,45.399864196777344,40.87481689453125,37.32004928588867,39.06554412841797,41.78065872192383
