data/wind_data/wind_11_6.json
{"header": {"parameterUnit": "KT", "parameterCategory": 2, "nx": 256, "ny": 198, "lo1": 44.73521041870117, "la1": -3.236724853515625, "lo2": 111.26478576660156, "la2": 43.468475341796875, "dx": 0.2609002888202667, "dy": -0.23708222806453705, "refTime": "2025-02-19 11:00:00", "forecastTime": 0, "parameterNumber": 2, "parameterNumberName": "eastward_wind"}, "data":
[rows 0 to 19 of 198, columns 0 to 43 of 256]
-20.276531219482422,-20.01876449584961,-19.865901947021484,-19.837871551513672,-20.145952224731445,-20.753501892089844,-21.499290466308594,-22.263029098510742,-22.48247528076172,-22.170068740844727,-20.90805435180664,-19.2763614654541,-18.140796661376953,-17.215023040771484,-16.414926528930664,-15.843973159790039,-15.468833923339844,-15.67534351348877,-16.80191993713379,-17.882020950317383,-18.613079071044922,-19.639041900634766,-21.057907104492188,-22.391998291015625,-23.61449432373047,-24.297836303710938,-24.510671615600586,-24.70772361755371,-24.807167053222656,-24.601015090942383,-24.237934112548828,-23.96310806274414,-23.887250900268555,-24.536487579345703,-25.075756072998047,-24.303163528442383,-23.958845138549805,-25.459640502929688,-26.70391845703125,-26.770200729370117,-26.87580108642578,-27.35912322998047,-27.207521438598633,-26.215185165405273
-20.402612686157227,-20.4389705657959,-21.150386810302734,-21.797470092773438,-21.812381744384766,-21.191951751708984,-21.177175521850586,-21.80945587158203,-22.51917839050293,-22.550630569458008,-20.796682357788086,-18.740205764770508,-17.67369842529297,-16.952980041503906,-16.530881881713867,-16.20917320251465,-15.905537605285645,-16.32897186279297,-17.6749267578125,-19.04083824157715,-20.133922576904297,-20.799020767211914,-21.133773803710938,-21.754487991333008,-22.60297966003418,-23.799945831298828,-25.158918380737305,-25.613317489624023,-25.43202018737793,-25.143835067749023,-24.847436904907227,-24.924583435058594,-25.086666107177734,-25.254966735839844,-25.183448791503906,-24.32952308654785,-24.118118286132812,-25.4783878326416,-26.575075149536133,-26.417516708374023,-26.378984451293945,-27.037038803100586,-27.321935653686523,-27.345853805541992
-20.14120101928711,-19.824234008789062,-20.363061904907227,-21.004749298095703,-21.108762741088867,-20.692581176757812,-20.857683181762695,-21.54619598388672,-22.01660919189453,-21.999570846557617,-20.87890625,-19.426401138305664,-18.524147033691406,-17.855344772338867,-17.468042373657227,-17.142786026000977,-16.713491439819336,-17.00843620300293,-18.31192970275879,-19.96479034423828,-21.659425735473633,-22.332883834838867,-22.124691009521484,-22.642240524291992,-23.70406150817871,-24.378114700317383,-24.75969886779785,-24.917497634887695,-24.700374603271484,-24.140989303588867,-23.971458435058594,-24.881898880004883,-25.51327133178711,-25.06362533569336,-24.469350814819336,-23.882863998413086,-23.740877151489258,-24.407583236694336,-25.364164352416992,-26.095510482788086,-26.22310447692871,-26.04191017150879,-26.514366149902344,-27.531579971313477
-19.701881408691406,-19.174116134643555,-19.3203125,-19.651229858398438,-19.945066452026367,-20.122100830078125,-20.47934913635254,-21.13495445251465,-21.452800750732422,-21.445310592651367,-20.77904510498047,-19.8212833404541,-19.169034957885742,-18.797393798828125,-18.74146842956543,-18.639873504638672,-18.16533851623535,-18.190940856933594,-19.37389373779297,-21.24489974975586,-23.085081100463867,-23.627723693847656,-23.239486694335938,-23.595060348510742,-24.432586669921875,-24.424421310424805,-23.9261474609375,-23.62729835510254,-23.186538696289062,-22.674373626708984,-22.904769897460938,-24.101476669311523,-24.660327911376953,-23.93839454650879,-23.236783981323242,-22.98599624633789,-23.139522552490234,-23.599910736083984,-24.537111282348633,-25.714784622192383,-25.86977195739746,-25.48474884033203,-26.074399948120117,-27.159788131713867
-19.21525001525879,-19.417049407958984,-19.14816665649414,-18.67142677307129,-18.647024154663086,-18.980051040649414,-19.088735580444336,-20.000932693481445,-20.632585525512695,-20.411531448364258,-19.258434295654297,-18.171552658081055,-17.8140869140625,-18.33919906616211,-19.548095703125,-20.782732009887695,-21.44274139404297,-21.938491821289062,-22.884672164916992,-24.04622459411621,-24.814048767089844,-24.699377059936523,-24.068567276000977,-23.695772171020508,-23.635114669799805,-23.427438735961914,-22.815303802490234,-21.99124526977539,-21.308555603027344,-20.9879150390625,-21.01494789123535,-21.193798065185547,-21.083301544189453,-20.56390953063965,-19.99114227294922,-19.344661712646484,-19.10197639465332,-20.522226333618164,-23.195463180541992,-24.918413162231445,-25.242765426635742,-25.319833755493164,-25.55816078186035,-25.74004554748535
-18.94005012512207,-19.543075561523438,-18.880905151367188,-18.010089874267578,-17.925832748413086,-18.70049285888672,-18.920658111572266,-19.790569305419922,-20.161705017089844,-19.95923614501953,-19.136293411254883,-18.18922996520996,-17.51808738708496,-17.437488555908203,-18.298736572265625,-19.909616470336914,-21.440731048583984,-22.65211296081543,-23.714975357055664,-24.385805130004883,-24.409509658813477,-23.828754425048828,-23.03997039794922,-22.569908142089844,-22.41261863708496,-22.043071746826172,-21.20108413696289,-20.152149200439453,-19.256908416748047,-18.823984146118164,-19.004060745239258,-19.512454986572266,-19.786039352416992,-19.61568260192871,-19.2008113861084,-18.63930320739746,-18.282869338989258,-18.817399978637695,-20.48836326599121,-22.483430862426758,-24.00835418701172,-25.26401138305664,-26.204160690307617,-26.272268295288086
-19.03354835510254,-18.810134887695312,-18.126068115234375,-18.128122329711914,-18.404457092285156,-19.570587158203125,-19.76460075378418,-20.328086853027344,-20.4237060546875,-20.10929298400879,-19.37337875366211,-18.52931785583496,-17.899892807006836,-17.641756057739258,-17.773056030273438,-18.462743759155273,-19.5742244720459,-20.644960403442383,-21.402578353881836,-21.88242530822754,-22.07668113708496,-21.904991149902344,-21.546491622924805,-21.35884666442871,-21.29684829711914,-20.916622161865234,-20.09467887878418,-19.125123977661133,-18.387542724609375,-18.1805419921875,-18.496431350708008,-18.88871192932129,-18.917760848999023,-18.63079071044922,-18.208297729492188,-17.857707977294922,-18.061691284179688,-19.26268196105957,-21.031187057495117,-22.342071533203125,-23.186288833618164,-24.222497940063477,-25.13851547241211,-25.408767700195312
-19.096433639526367,-18.544376373291016,-18.171669006347656,-18.949052810668945,-19.730180740356445,-20.839027404785156,-21.070173263549805,-21.194164276123047,-20.669511795043945,-19.68688201904297,-18.68720054626465,-18.106658935546875,-17.9658260345459,-17.947795867919922,-17.650226593017578,-17.510995864868164,-18.150156021118164,-19.176761627197266,-19.601301193237305,-19.553220748901367,-19.698753356933594,-20.162174224853516,-20.604612350463867,-20.886648178100586,-20.927635192871094,-20.58753204345703,-19.94476890563965,-19.260087966918945,-18.850587844848633,-18.847698211669922,-18.966772079467773,-18.84744644165039,-18.413572311401367,-17.95770835876465,-17.72527313232422,-17.83642578125,-18.43968963623047,-19.551332473754883,-20.7530460357666,-21.609838485717773,-22.388317108154297,-23.31262969970703,-24.113243103027344,-24.559938430786133
-19.00458335876465,-19.397733688354492,-19.341415405273438,-19.983142852783203,-21.09254264831543,-22.00064468383789,-22.225780487060547,-21.802391052246094,-20.536144256591797,-18.802289962768555,-17.549375534057617,-17.219566345214844,-17.325576782226562,-17.232471466064453,-16.749679565429688,-16.359539031982422,-16.671403884887695,-17.56964683532715,-18.219951629638672,-18.441911697387695,-18.763525009155273,-19.390501022338867,-20.02342414855957,-20.425275802612305,-20.48756980895996,-20.214181900024414,-19.84787940979004,-19.628292083740234,-19.5739688873291,-19.49968719482422,-19.11623764038086,-18.41869354248047,-17.7501163482666,-17.484899520874023,-17.820255279541016,-18.696874618530273,-19.744230270385742,-20.537569046020508,-21.021038055419922,-21.369369506835938,-21.699228286743164,-22.099088668823242,-22.627296447753906,-23.137887954711914
-19.554744720458984,-20.2999267578125,-20.39702606201172,-20.998933792114258,-22.20859146118164,-22.791736602783203,-22.929702758789062,-21.94826316833496,-20.279617309570312,-18.37568473815918,-17.318798065185547,-17.037580490112305,-16.685026168823242,-15.940223693847656,-15.34707260131836,-15.417909622192383,-16.09833526611328,-16.869091033935547,-17.313718795776367,-17.758085250854492,-18.535064697265625,-19.287511825561523,-19.685279846191406,-19.78862762451172,-19.71529197692871,-19.49249267578125,-19.299409866333008,-19.316011428833008,-19.36429214477539,-19.070337295532227,-18.387556076049805,-17.740076065063477,-17.598115921020508,-18.196962356567383,-19.357162475585938,-20.43867301940918,-20.904705047607422,-20.861343383789062,-20.762155532836914,-20.745569229125977,-20.728755950927734,-20.772104263305664,-21.145353317260742,-21.667200088500977
-20.811969757080078,-21.060606002807617,-21.187679290771484,-22.073896408081055,-23.25493621826172,-23.139785766601562,-22.77379608154297,-21.200172424316406,-19.539466857910156,-18.12019157409668,-17.397106170654297,-16.930383682250977,-16.373361587524414,-15.96003532409668,-16.154232025146484,-16.842702865600586,-17.501873016357422,-17.882869720458984,-18.145465850830078,-18.61060333251953,-19.184091567993164,-19.445598602294922,-19.264158248901367,-18.908031463623047,-18.655149459838867,-18.483150482177734,-18.340417861938477,-18.320064544677734,-18.35256576538086,-18.216508865356445,-18.08428382873535,-18.325620651245117,-18.91532325744629,-19.719493865966797,-20.635692596435547,-21.225299835205078,-21.179271697998047,-20.71169662475586,-20.167776107788086,-19.80200958251953,-19.815185546875,-19.9153995513916,-20.238807678222656,-20.726654052734375
-22.12094497680664,-21.74059295654297,-21.675025939941406,-22.50588607788086,-23.37865447998047,-22.392303466796875,-21.50752067565918,-20.1148681640625,-19.22053337097168,-18.59166717529297,-17.945959091186523,-17.251083374023438,-16.806110382080078,-16.88309097290039,-17.572298049926758,-18.418983459472656,-18.838045120239258,-18.993072509765625,-19.298912048339844,-19.796642303466797,-20.045969009399414,-19.629125595092773,-18.711488723754883,-17.796838760375977,-17.280305862426758,-17.17558479309082,-17.260072708129883,-17.436870574951172,-17.735475540161133,-18.17500114440918,-18.765520095825195,-19.395402908325195,-19.816972732543945,-20.104631423950195,-20.522451400756836,-20.88167953491211,-20.801034927368164,-20.357698440551758,-19.851486206054688,-19.410888671875,-19.213491439819336,-19.392881393432617,-19.699403762817383,-20.101579666137695
-23.43946647644043,-22.21329689025879,-21.65852165222168,-21.80942153930664,-21.94084358215332,-21.062679290771484,-20.473373413085938,-19.942365646362305,-19.671960830688477,-19.10704231262207,-18.16731071472168,-17.2872314453125,-16.942903518676758,-17.196269989013672,-17.962949752807617,-18.726896286010742,-19.0380859375,-19.14423942565918,-19.362869262695312,-19.694576263427734,-19.823619842529297,-19.391714096069336,-18.415752410888672,-17.276050567626953,-16.43025779724121,-16.202293395996094,-16.561426162719727,-17.185317993164062,-17.89575958251953,-18.648117065429688,-19.321983337402344,-19.700885772705078,-19.688413619995117,-19.593990325927734,-19.842361450195312,-20.313440322875977,-20.598834991455078,-20.6846923828125,-20.461633682250977,-19.68408966064453,-18.732784271240234,-18.31212615966797,-18.32489776611328,-18.50324821472168
-24.098487854003906,-22.56728744506836,-21.790815353393555,-21.32611846923828,-20.5394344329834,-20.165578842163086,-20.11846160888672,-19.76946449279785,-19.53798484802246,-18.9063663482666,-17.98874855041504,-17.24519157409668,-17.099946975708008,-17.453840255737305,-18.05901336669922,-18.481563568115234,-18.528684616088867,-18.472824096679688,-18.480335235595703,-18.516496658325195,-18.5259952545166,-18.39238739013672,-18.017545700073242,-17.34038543701172,-16.533607482910156,-16.116863250732422,-16.470415115356445,-17.319908142089844,-18.164751052856445,-18.779443740844727,-19.110666275024414,-19.08831787109375,-18.849895477294922,-18.775911331176758,-19.11810302734375,-19.731664657592773,-20.258678436279297,-20.46903419494629,-20.18922233581543,-19.389677047729492,-18.3286190032959,-17.391544342041016,-16.903108596801758,-17.019010543823242
-24.249427795410156,-22.941064834594727,-22.202415466308594,-21.640056610107422,-20.531232833862305,-20.109411239624023,-20.198211669921875,-19.374290466308594,-18.962982177734375,-18.29291343688965,-17.67134666442871,-17.24050521850586,-17.301767349243164,-17.793033599853516,-18.21847915649414,-18.081819534301758,-17.504310607910156,-17.078813552856445,-17.044483184814453,-17.14142608642578,-17.140613555908203,-17.107418060302734,-17.194580078125,-17.17202377319336,-16.799720764160156,-16.42945098876953,-16.677934646606445,-17.525428771972656,-18.226511001586914,-18.443279266357422,-18.33095932006836,-18.043556213378906,-17.85647201538086,-18.034337997436523,-18.48743438720703,-18.9417667388916,-19.243661880493164,-19.330135345458984,-19.25411605834961,-19.020471572875977,-18.458723068237305,-17.644248962402344,-17.041126251220703,-16.910978317260742
-24.419816970825195,-23.28145980834961,-22.421165466308594,-21.984628677368164,-21.144580841064453,-20.312780380249023,-20.0235595703125,-18.889862060546875,-18.42349624633789,-17.855058670043945,-17.450130462646484,-17.142488479614258,-17.211488723754883,-17.56424331665039,-17.81294822692871,-17.506315231323242,-16.572126388549805,-15.57172966003418,-15.235455513000488,-15.58074951171875,-15.936949729919434,-16.026926040649414,-16.198612213134766,-16.510143280029297,-16.639413833618164,-16.60416603088379,-16.869110107421875,-17.51675033569336,-17.88776969909668,-17.73874282836914,-17.39402961730957,-17.026504516601562,-16.868127822875977,-17.126482009887695,-17.598817825317383,-17.939367294311523,-18.117307662963867,-18.231687545776367,-18.329776763916016,-18.306669235229492,-18.026409149169922,-17.67845344543457,-17.622142791748047,-17.80125617980957
-24.52198028564453,-23.352323532104492,-22.393909454345703,-21.864643096923828,-21.14547348022461,-20.27072525024414,-19.682331085205078,-18.58927345275879,-18.131446838378906,-17.53142738342285,-16.96624183654785,-16.544424057006836,-16.448104858398438,-16.561296463012695,-16.77216911315918,-16.76129913330078,-16.136442184448242,-14.987588882446289,-14.12201976776123,-14.199641227722168,-14.786980628967285,-15.105663299560547,-15.195063591003418,-15.474364280700684,-15.915618896484375,-16.321216583251953,-16.739564895629883,-17.103836059570312,-17.072946548461914,-16.683502197265625,-16.27589225769043,-15.966506958007812,-15.91494369506836,-16.213233947753906,-16.689058303833008,-17.07569694519043,-17.249860763549805,-17.251985549926758,-17.198646545410156,-17.064725875854492,-16.773448944091797,-16.6177978515625,-16.956634521484375,-17.656660079956055
-24.597875595092773,-23.55535316467285,-22.470149993896484,-21.666852951049805,-20.834012985229492,-20.4245662689209,-19.60433006286621,-18.5436954498291,-17.91653060913086,-17.128917694091797,-16.270004272460938,-15.609725952148438,-15.37802505493164,-15.432524681091309,-15.687945365905762,-15.951906204223633,-15.832596778869629,-15.073151588439941,-14.008806228637695,-13.484102249145508,-13.784177780151367,-14.175413131713867,-14.17496109008789,-14.163063049316406,-14.560946464538574,-15.271613121032715,-15.938587188720703,-16.18297576904297,-15.889331817626953,-15.387446403503418,-15.001206398010254,-14.823765754699707,-14.955431938171387,-15.343207359313965,-15.691402435302734,-15.861649513244629,-15.889233589172363,-15.862009048461914,-15.849130630493164,-15.761275291442871,-15.56004524230957,-15.528838157653809,-15.880522727966309,-16.497894287109375
-24.42027473449707,-23.483245849609375,-22.417774200439453,-21.52596664428711,-20.8183650970459,-20.823274612426758,-19.687122344970703,-18.560688018798828,-17.627737045288086,-16.895280838012695,-16.25401496887207,-15.620606422424316,-15.117852210998535,-14.864567756652832,-14.903180122375488,-15.109413146972656,-15.22317886352539,-14.96083927154541,-14.211018562316895,-13.426909446716309,-13.194061279296875,-13.286394119262695,-13.128218650817871,-12.824220657348633,-12.955997467041016,-13.64964485168457,-14.347871780395508,-14.560166358947754,-14.329015731811523,-14.02734661102295,-13.898552894592285,-13.950265884399414,-14.167227745056152,-14.432805061340332,-14.513396263122559,-14.382386207580566,-14.232866287231445,-14.185778617858887,-14.153879165649414,-14.059856414794922,-14.00344467163086,-14.264321327209473,-14.779172897338867,-15.150439262390137
-23.339191436767578,-22.7113037109375,-22.09226417541504,-21.333799362182617,-21.088428497314453,-21.01705551147461,-19.74279022216797,-18.793376922607422,-17.73397445678711,-17.084266662597656,-16.629596710205078,-15.977388381958008,-15.121192932128906,-14.470512390136719,-14.297561645507812,-14.448579788208008,-14.640092849731445,-14.635869979858398,-14.273890495300293,-13.638978004455566,-13.06775951385498,-12.696316719055176,-12.263427734375,-11.77890396118164,-11.684829711914062,-12.10507583618164,-12.509232521057129,-12.629728317260742,-12.690080642700195,-12.794227600097656,-12.926716804504395,-13.159322738647461,-13.445818901062012,-13.591634750366211,-13.455077171325684,-13.098525047302246,-12.687813758850098,-12.362753868103027,-12.089953422546387,-11.95051097869873,-12.165872573852539,-12.846270561218262,-13.628694534301758,-14.125526428222656
