data/wind_data/wind_26_3.json
{"header": {"parameterUnit": "KT", "parameterCategory": 2, "nx": 256, "ny": 198, "lo1": 44.73521041870117, "la1": -3.236724853515625, "lo2": 111.26478576660156, "la2": 43.468475341796875, "dx": 0.2609002888202667, "dy": -0.23708222806453705, "refTime": "2025-02-20 02:00:00", "forecastTime": 0, "parameterNumber": 2, "parameterNumberName": "eastward_wind"}, "data":
[rows 38 to 56 of 198, columns 0 to 43 of 256]
-4.325925350189209,-6.150944709777832,-7.349797248840332,-6.930860996246338,-5.143556118011475,-6.009665489196777,-6.347973346710205,-7.4003496170043945,-7.535877227783203,-7.4790802001953125,-6.774848461151123,-5.705827713012695,-4.351790904998779,-3.503019094467163,-3.5697507858276367,-4.320218086242676,-4.521083354949951,-4.390957832336426,-4.999530792236328,-6.063681125640869,-6.883346080780029,-7.399658679962158,-7.650279521942139,-7.692683219909668,-7.52646017074585,-7.2482523918151855,-7.088675022125244,-6.882871627807617,-6.617609024047852,-6.452861785888672,-6.425832271575928,-6.2214860916137695,-6.164998531341553,-6.687009811401367,-7.482559680938721,-7.884232521057129,-8.19347095489502,-8.360514640808105,-8.309222221374512,-8.270709991455078,-8.434199333190918,-8.657476425170898,-8.990614891052246,-9.47233772277832
-3.453907012939453,-6.000189781188965,-6.930514812469482,-5.904797554016113,-3.418196201324463,-4.683427810668945,-5.520711421966553,-6.801373481750488,-7.3153181076049805,-7.5810956954956055,-7.164432048797607,-5.940801620483398,-4.438736438751221,-3.7622199058532715,-4.14735746383667,-4.864735126495361,-4.98228120803833,-4.864005088806152,-5.356034278869629,-6.301986217498779,-7.113122463226318,-7.773338317871094,-7.761688232421875,-7.7647175788879395,-7.527846336364746,-7.3180389404296875,-7.105677604675293,-6.757059097290039,-6.602245807647705,-6.377382278442383,-6.382744312286377,-6.317483901977539,-6.31874418258667,-6.731813430786133,-7.521530628204346,-8.105923652648926,-8.398539543151855,-8.549898147583008,-8.492762565612793,-8.448478698730469,-8.861488342285156,-9.085975646972656,-9.133296966552734,-9.567296028137207
-2.222773790359497,-5.447073936462402,-6.476499557495117,-5.183073997497559,-2.389786720275879,-3.4814040660858154,-4.616913795471191,-5.8751606941223145,-6.7839813232421875,-7.058166980743408,-6.6282057762146,-5.64745569229126,-4.785059452056885,-4.487563610076904,-5.04927921295166,-5.857364177703857,-6.033862113952637,-5.74001932144165,-5.815985679626465,-6.489476203918457,-7.4301276206970215,-7.903928756713867,-7.797147750854492,-7.913025379180908,-7.538508415222168,-7.160303592681885,-6.852004051208496,-6.3100810050964355,-6.456053256988525,-6.249025344848633,-6.409088134765625,-6.235390663146973,-6.399117946624756,-6.837179660797119,-7.384869575500488,-8.216150283813477,-8.730449676513672,-8.855039596557617,-8.772168159484863,-8.787508964538574,-9.290045738220215,-9.514575958251953,-9.534693717956543,-9.542373657226562
-0.23523640632629395,-3.854238748550415,-5.363166809082031,-4.118385314941406,-1.3967342376708984,-2.9977402687072754,-3.8773410320281982,-4.94644832611084,-6.316808700561523,-6.981369972229004,-6.754464626312256,-6.157238483428955,-6.0112996101379395,-5.709488391876221,-5.97217321395874,-6.640125751495361,-6.823288917541504,-6.626829147338867,-6.72579288482666,-7.021010875701904,-7.520885467529297,-7.596190929412842,-8.234025001525879,-8.234399795532227,-7.840984344482422,-7.054983139038086,-6.67857027053833,-6.103420257568359,-6.406186103820801,-6.275781154632568,-6.055235385894775,-5.864208221435547,-6.197507381439209,-6.8418097496032715,-7.446033000946045,-8.161416053771973,-9.020853042602539,-9.397738456726074,-9.251708030700684,-9.436080932617188,-9.851555824279785,-10.058701515197754,-10.034516334533691,-9.960811614990234
0.5552121996879578,-2.4227981567382812,-3.7898197174072266,-3.1532812118530273,-1.7459993362426758,-3.7440335750579834,-3.4958412647247314,-3.986799478530884,-5.628800392150879,-7.298844814300537,-7.547352313995361,-7.393543243408203,-7.703027725219727,-7.130626678466797,-6.8001251220703125,-7.163749694824219,-7.322205543518066,-7.283010959625244,-7.745278835296631,-8.008733749389648,-7.780220031738281,-7.488033294677734,-8.280006408691406,-8.744563102722168,-8.202719688415527,-7.405959129333496,-7.058940410614014,-6.4946136474609375,-6.51558780670166,-6.306983947753906,-5.9578537940979,-5.543054580688477,-5.9123687744140625,-6.706851005554199,-7.379807472229004,-8.186664581298828,-9.00493335723877,-9.78014087677002,-10.032142639160156,-10.18122386932373,-10.487456321716309,-10.6683349609375,-10.88338565826416,-11.25833511352539
0.8436727523803711,-1.2143678665161133,-2.408290386199951,-2.7941532135009766,-3.4761111736297607,-4.466197490692139,-3.5049703121185303,-3.4534432888031006,-5.257289409637451,-7.7505621910095215,-8.355287551879883,-8.687495231628418,-9.200982093811035,-8.30362319946289,-7.232534885406494,-7.140612602233887,-7.492983341217041,-7.990004062652588,-8.58721923828125,-8.583160400390625,-7.781441688537598,-7.350956439971924,-8.161308288574219,-9.10495662689209,-8.804171562194824,-8.075963020324707,-7.760891914367676,-7.563497066497803,-7.090482234954834,-6.550500392913818,-6.553448677062988,-6.066454887390137,-6.152899742126465,-6.715569019317627,-7.692634582519531,-8.332027435302734,-9.069330215454102,-9.986788749694824,-10.608016967773438,-10.907698631286621,-11.171568870544434,-11.605935096740723,-12.272930145263672,-12.907394409179688
1.1251808404922485,-0.58143550157547,-1.874227523803711,-2.660740852355957,-4.346460342407227,-4.399641036987305,-3.4213006496429443,-3.9324092864990234,-6.42633056640625,-8.967351913452148,-9.619903564453125,-9.83090877532959,-9.924936294555664,-8.786172866821289,-7.23130464553833,-7.049137592315674,-7.901889801025391,-8.914828300476074,-9.271404266357422,-8.708945274353027,-7.715707302093506,-7.319944381713867,-7.83827018737793,-9.09195327758789,-9.19119930267334,-8.882885932922363,-9.007705688476562,-9.143194198608398,-8.070149421691895,-8.52774429321289,-8.097429275512695,-7.678427219390869,-7.138372898101807,-7.600100517272949,-8.677438735961914,-9.2235746383667,-9.676109313964844,-10.399474143981934,-11.150450706481934,-11.676124572753906,-11.9000825881958,-12.29371452331543,-13.278918266296387,-14.521016120910645
1.1871724128723145,-1.064124584197998,-1.61082124710083,-1.8573153018951416,-2.8065218925476074,-4.6845927238464355,-4.416097640991211,-5.596221446990967,-8.440712928771973,-10.469428062438965,-10.871882438659668,-10.916197776794434,-10.321086883544922,-8.94132137298584,-7.6452789306640625,-7.813983917236328,-8.946707725524902,-9.593766212463379,-9.123689651489258,-8.50859260559082,-8.026532173156738,-7.7444233894348145,-8.109148979187012,-9.026256561279297,-10.097073554992676,-10.06186580657959,-10.316837310791016,-10.44494915008545,-10.349135398864746,-9.757104873657227,-10.05875301361084,-9.857450485229492,-9.25801944732666,-9.129435539245605,-9.941267013549805,-10.671170234680176,-11.198798179626465,-11.828920364379883,-12.325287818908691,-12.546100616455078,-12.671327590942383,-13.095191955566406,-13.99415111541748,-15.368586540222168
1.9325006008148193,0.2005435675382614,-0.22330088913440704,-0.559420645236969,-1.772485375404358,-6.086639404296875,-6.507719039916992,-8.338126182556152,-10.810964584350586,-12.00964641571045,-11.759185791015625,-11.07159423828125,-10.553299903869629,-9.748162269592285,-8.705345153808594,-9.021929740905762,-9.937661170959473,-9.222847938537598,-8.261000633239746,-8.333579063415527,-8.638101577758789,-8.665008544921875,-9.068293571472168,-9.903946876525879,-10.898094177246094,-11.562166213989258,-11.552449226379395,-11.622142791748047,-12.233442306518555,-12.401994705200195,-12.532455444335938,-12.322455406188965,-11.467347145080566,-11.00014877319336,-11.20395565032959,-11.92912483215332,-12.631973266601562,-13.24582290649414,-13.598917961120605,-13.560001373291016,-13.542223930358887,-14.00462532043457,-14.564249992370605,-15.61965560913086
3.2903904914855957,2.085623264312744,1.3608647584915161,0.15410931408405304,-3.3089354038238525,-6.186085224151611,-7.443988800048828,-10.501640319824219,-12.541217803955078,-12.962108612060547,-11.90408992767334,-10.49168586730957,-10.896662712097168,-10.936628341674805,-10.235994338989258,-10.530141830444336,-9.9950590133667,-7.897317409515381,-7.670429706573486,-8.680746078491211,-9.429207801818848,-9.507672309875488,-10.13906478881836,-11.251119613647461,-11.82567310333252,-12.017304420471191,-12.758196830749512,-13.646514892578125,-14.404655456542969,-14.766847610473633,-14.7067232131958,-14.315733909606934,-13.378478050231934,-12.487698554992676,-12.300938606262207,-12.991965293884277,-13.797784805297852,-14.24829387664795,-14.212717056274414,-14.415620803833008,-14.58007526397705,-14.842196464538574,-15.015765190124512,-15.680731773376465
4.339348793029785,3.365560293197632,2.3053512573242188,0.542688250541687,-2.484567880630493,-4.618235111236572,-6.219905853271484,-9.220574378967285,-10.967573165893555,-11.538996696472168,-10.97184944152832,-10.058688163757324,-10.356758117675781,-11.135181427001953,-11.504341125488281,-11.02917766571045,-9.32690143585205,-7.4466872215271,-7.526147842407227,-9.180384635925293,-10.153990745544434,-10.15143871307373,-10.46228313446045,-11.479168891906738,-12.567526817321777,-13.121103286743164,-14.150161743164062,-15.500846862792969,-15.962174415588379,-16.17118263244629,-16.018539428710938,-15.430727005004883,-14.510236740112305,-13.811468124389648,-13.768571853637695,-13.997644424438477,-14.63221263885498,-14.449317932128906,-14.324713706970215,-14.867490768432617,-15.390213012695312,-15.50158405303955,-15.578302383422852,-16.009445190429688
4.062088489532471,2.8556370735168457,1.8052483797073364,0.835333526134491,-0.2494533210992813,-2.945974111557007,-5.279844284057617,-8.755558013916016,-10.028155326843262,-10.322150230407715,-10.845341682434082,-10.516708374023438,-10.154119491577148,-10.864242553710938,-11.372458457946777,-10.912970542907715,-9.344332695007324,-7.6162309646606445,-7.823314666748047,-9.506251335144043,-10.599261283874512,-10.65350341796875,-10.778360366821289,-11.53998851776123,-12.830007553100586,-13.820534706115723,-14.687103271484375,-15.924927711486816,-16.333972930908203,-16.451446533203125,-16.526010513305664,-16.247114181518555,-15.654009819030762,-15.05023193359375,-14.860502243041992,-14.804490089416504,-14.726408004760742,-14.34380054473877,-14.25030517578125,-14.527369499206543,-15.594476699829102,-15.977977752685547,-16.114660263061523,-16.293270111083984
4.496577262878418,3.741098165512085,3.021566152572632,2.874675989151001,2.830767869949341,-1.420336365699768,-6.1962151527404785,-9.555887222290039,-10.949728965759277,-10.951506614685059,-11.596207618713379,-11.09562873840332,-10.285186767578125,-10.832515716552734,-10.62430191040039,-10.365776062011719,-9.403665542602539,-8.378748893737793,-8.392020225524902,-9.680160522460938,-10.880895614624023,-11.16459846496582,-11.027400016784668,-11.33183765411377,-12.544837951660156,-13.892986297607422,-14.747066497802734,-15.741089820861816,-16.19671058654785,-16.13422393798828,-16.595659255981445,-16.75223731994629,-16.547712326049805,-15.84306812286377,-15.181818962097168,-14.920893669128418,-14.904088973999023,-14.470453262329102,-14.230691909790039,-14.543755531311035,-15.355210304260254,-15.7890043258667,-16.03338623046875,-16.04244613647461
4.891074180603027,7.986303806304932,7.164233207702637,6.501646518707275,7.5187273025512695,3.034700393676758,-3.787651777267456,-6.878156661987305,-9.498296737670898,-11.228781700134277,-10.316218376159668,-10.953312873840332,-10.464643478393555,-11.092752456665039,-10.869919776916504,-10.763884544372559,-9.91127872467041,-9.021780967712402,-8.513869285583496,-9.185836791992188,-10.25587272644043,-10.865662574768066,-11.064393997192383,-10.993408203125,-11.560246467590332,-13.168198585510254,-14.350934982299805,-15.191848754882812,-15.966583251953125,-16.222631454467773,-16.738840103149414,-16.98334312438965,-16.637001037597656,-15.840471267700195,-15.172882080078125,-14.891716003417969,-14.948187828063965,-15.048818588256836,-14.737523078918457,-14.516175270080566,-14.859569549560547,-15.223970413208008,-15.225581169128418,-15.18664836883545
2.611544132232666,6.496276378631592,6.447788715362549,6.612521171569824,8.010306358337402,4.3888983726501465,-0.8457913994789124,-2.1540327072143555,-5.052953243255615,-9.890897750854492,-9.332992553710938,-10.859651565551758,-10.699336051940918,-11.602571487426758,-11.538614273071289,-10.506415367126465,-9.590582847595215,-8.726312637329102,-7.894300937652588,-8.148601531982422,-9.134146690368652,-9.982124328613281,-10.766441345214844,-11.075545310974121,-10.986587524414062,-12.107270240783691,-13.882054328918457,-14.7382173538208,-15.820816993713379,-16.245725631713867,-16.537857055664062,-16.654008865356445,-16.277233123779297,-15.61236572265625,-15.142786979675293,-15.229771614074707,-15.094976425170898,-15.0392484664917,-14.784320831298828,-14.429097175598145,-14.374835968017578,-14.563437461853027,-14.453316688537598,-14.388554573059082
2.194355010986328,1.8035082817077637,3.059279441833496,4.642228126525879,6.493224620819092,4.959099292755127,3.2112326622009277,3.2660841941833496,0.016126906499266624,-8.041081428527832,-10.744224548339844,-10.048114776611328,-11.582235336303711,-12.217790603637695,-12.227551460266113,-10.711034774780273,-9.500348091125488,-8.473653793334961,-7.994251251220703,-8.724410057067871,-9.731465339660645,-10.171180725097656,-10.459327697753906,-10.954680442810059,-11.31376838684082,-11.79555892944336,-13.323492050170898,-14.351953506469727,-14.913069725036621,-15.54369831085205,-15.850420951843262,-16.083209991455078,-15.733715057373047,-15.32435131072998,-15.157132148742676,-15.169093132019043,-15.163236618041992,-14.842820167541504,-14.593327522277832,-14.369754791259766,-14.130636215209961,-14.167123794555664,-14.203689575195312,-14.050127983093262
3.221143960952759,2.4403316974639893,3.376786231994629,4.678238868713379,6.17275333404541,5.936095714569092,5.443951606750488,5.169695854187012,3.9041082859039307,-1.5820825099945068,-9.147021293640137,-9.712589263916016,-10.986551284790039,-11.677924156188965,-11.411884307861328,-10.548506736755371,-9.408805847167969,-8.468205451965332,-8.843552589416504,-10.148242950439453,-10.80942440032959,-10.989760398864746,-10.848905563354492,-10.836652755737305,-11.355195999145508,-11.720123291015625,-12.614025115966797,-13.708043098449707,-13.985028266906738,-14.223407745361328,-14.735796928405762,-15.278863906860352,-15.23563289642334,-14.927574157714844,-14.926813125610352,-15.061655044555664,-14.911643981933594,-14.639189720153809,-14.52070426940918,-14.576483726501465,-14.132225036621094,-13.8980712890625,-14.030034065246582,-13.853633880615234
3.6231627464294434,3.2256453037261963,3.912261724472046,4.903820991516113,6.017811298370361,5.831417560577393,5.645632266998291,5.375192642211914,4.8400678634643555,4.305272579193115,0.3449770510196686,-5.31612491607666,-7.163386344909668,-8.221385955810547,-7.773733615875244,-6.799078464508057,-6.324796199798584,-6.29439115524292,-8.158225059509277,-9.887794494628906,-10.616543769836426,-11.634997367858887,-11.16337776184082,-10.882979393005371,-11.269948959350586,-11.867417335510254,-12.325865745544434,-12.71720027923584,-13.012805938720703,-13.043368339538574,-13.209750175476074,-14.003289222717285,-14.52059555053711,-14.66003131866455,-14.396291732788086,-14.57620906829834,-14.617772102355957,-14.342623710632324,-14.203577041625977,-14.25439453125,-14.113231658935547,-13.853109359741211,-13.713407516479492,-13.695932388305664
3.290695905685425,3.260528802871704,3.5994656085968018,4.140209674835205,5.290743350982666,5.272809982299805,5.230390548706055,4.949638843536377,4.974655628204346,5.744379043579102,5.1695427894592285,2.277392625808716,0.06165936216711998,-0.877896785736084,-1.6748265027999878,-2.8312642574310303,-3.2159531116485596,-4.471035480499268,-6.985892295837402,-9.24694538116455,-11.002413749694824,-10.99213695526123,-11.352822303771973,-11.423300743103027,-10.906702995300293,-11.589484214782715,-12.071710586547852,-12.050286293029785,-12.164971351623535,-12.263317108154297,-12.213562965393066,-12.64012622833252,-13.278200149536133,-13.954865455627441,-14.056070327758789,-13.89168930053711,-13.83799934387207,-13.844274520874023,-13.522844314575195,-13.393733024597168,-13.406806945800781,-13.502154350280762,-13.549703598022461,-13.50896167755127
