data/wind_data/wind_70_9.json
{"header": {"parameterUnit": "KT", "parameterCategory": 2, "nx": 256, "ny": 198, "lo1": 44.73521041870117, "la1": -3.236724853515625, "lo2": 111.26478576660156, "la2": 43.468475341796875, "dx": 0.2609002888202667, "dy": -0.23708222806453705, "refTime": "2025-02-21 22:00:00", "forecastTime": 0, "parameterNumber": 2, "parameterNumberName": "eastward_wind"}, "data":
[rows 19 to 37 of 198, columns 176 to 219 of 256]
16.91679573059082,16.700803756713867,17.110023498535156,17.47549819946289,17.279020309448242,17.754735946655273,15.249394416809082,14.392644882202148,15.2055082321167,16.898427963256836,18.494823455810547,18.302322387695312,17.35915184020996,15.950672149658203,14.370467185974121,13.250981330871582,13.092710494995117,13.471234321594238,13.950307846069336,14.56196117401123,14.024004936218262,13.747854232788086,14.657809257507324,14.194710731506348,12.800034523010254,13.169197082519531,13.418960571289062,13.155194282531738,14.848504066467285,15.929491996765137,15.372880935668945,14.602703094482422,15.097918510437012,16.368059158325195,18.525550842285156,20.854660034179688,22.503400802612305,23.543432235717773,24.300735473632812,24.026979446411133,23.326255798339844,22.907695770263672,22.50493621826172,22.804418563842773
14.428239822387695,15.51026439666748,17.1114501953125,18.341472625732422,18.455148696899414,17.759117126464844,16.544160842895508,16.65581512451172,17.4411563873291,18.62198829650879,19.868986129760742,19.713638305664062,18.517290115356445,16.477413177490234,14.43907356262207,12.679755210876465,11.930892944335938,12.771699905395508,13.179948806762695,13.902946472167969,14.19211483001709,14.519856452941895,16.767101287841797,16.179452896118164,13.434325218200684,12.921112060546875,13.257091522216797,12.637911796569824,13.165178298950195,13.995282173156738,13.580039978027344,13.460345268249512,15.033798217773438,16.934654235839844,18.580608367919922,20.05368423461914,21.317432403564453,22.356403350830078,22.73685646057129,22.113845825195312,21.57277488708496,21.737314224243164,22.546628952026367,23.15618324279785
12.527989387512207,14.585604667663574,17.714319229125977,18.591848373413086,17.787281036376953,17.18989372253418,17.238929748535156,17.315587997436523,17.986602783203125,19.022693634033203,20.117076873779297,20.101116180419922,18.575923919677734,16.72998809814453,14.791040420532227,12.488790512084961,11.60644817352295,13.88936710357666,14.780057907104492,15.06845760345459,15.237177848815918,16.2827091217041,17.894620895385742,16.921003341674805,14.839048385620117,13.424947738647461,12.330690383911133,11.569374084472656,12.71315860748291,13.559011459350586,13.130906105041504,13.465332984924316,15.26632022857666,16.827096939086914,17.97335433959961,19.159944534301758,20.18949317932129,20.890775680541992,21.25581169128418,20.931806564331055,20.620275497436523,21.19621467590332,22.0159912109375,22.58639144897461
12.065693855285645,14.496899604797363,17.523305892944336,17.53618621826172,16.283205032348633,15.814781188964844,16.13153076171875,16.323341369628906,16.855833053588867,17.929229736328125,19.422073364257812,19.066089630126953,17.613290786743164,16.70734977722168,15.780664443969727,14.56942081451416,13.428871154785156,14.082825660705566,15.481245994567871,15.82612133026123,16.66290855407715,16.95360565185547,17.42445182800293,16.63019561767578,15.287050247192383,13.433098793029785,11.99354362487793,11.734585762023926,12.5597562789917,13.211478233337402,13.025596618652344,13.622018814086914,15.03564739227295,16.10148048400879,16.779624938964844,17.7347354888916,18.695215225219727,19.341943740844727,19.74521255493164,19.648466110229492,19.742103576660156,20.88766098022461,21.582595825195312,21.692638397216797
12.477298736572266,15.51215648651123,16.817794799804688,15.714239120483398,14.963868141174316,14.441665649414062,13.81757926940918,13.74341869354248,14.701687812805176,17.338720321655273,18.886714935302734,17.82931900024414,16.40599822998047,15.889874458312988,16.324857711791992,16.9117488861084,16.596384048461914,15.792315483093262,15.825031280517578,16.98259162902832,16.3331356048584,15.792458534240723,16.28028678894043,15.710552215576172,14.720565795898438,13.506115913391113,13.2976713180542,13.334357261657715,13.049138069152832,12.642446517944336,12.436046600341797,12.928567886352539,14.150479316711426,15.211729049682617,15.519286155700684,15.708782196044922,16.212146759033203,17.24829864501953,18.38857650756836,18.481243133544922,18.953548431396484,20.17568588256836,20.992219924926758,20.988353729248047
13.465124130249023,17.028295516967773,16.693599700927734,14.329516410827637,13.572877883911133,12.430788040161133,10.731074333190918,11.198080062866211,14.305845260620117,17.475175857543945,18.261699676513672,16.931764602661133,15.512935638427734,15.327291488647461,16.783266067504883,18.74666976928711,19.138174057006836,17.709335327148438,15.992465019226074,15.798219680786133,15.205428123474121,15.19655704498291,15.270923614501953,14.632929801940918,14.302176475524902,13.989232063293457,14.258221626281738,14.485397338867188,13.91170883178711,12.731937408447266,11.882335662841797,12.141411781311035,13.53498649597168,14.563606262207031,14.40942096710205,13.53200912475586,13.590703010559082,15.328843116760254,17.222122192382812,18.148969650268555,18.42957878112793,19.27156639099121,20.071842193603516,20.20012664794922
15.002382278442383,18.077102661132812,16.52393913269043,13.347247123718262,12.231317520141602,10.400586128234863,8.997302055358887,11.510908126831055,15.277775764465332,17.525665283203125,16.778942108154297,16.039894104003906,15.547261238098145,15.751696586608887,17.648948669433594,19.6486759185791,19.801612854003906,18.396697998046875,16.730636596679688,15.137680053710938,14.55625057220459,14.649535179138184,14.412307739257812,14.596587181091309,15.426140785217285,14.632580757141113,14.128729820251465,14.581805229187012,14.48214340209961,13.385818481445312,12.079290390014648,11.916119575500488,13.029367446899414,13.800114631652832,13.41805362701416,12.119671821594238,12.160490989685059,13.824637413024902,15.487165451049805,17.857540130615234,18.63585090637207,18.592893600463867,18.820167541503906,18.988475799560547
16.324485778808594,18.422300338745117,16.093952178955078,12.346280097961426,11.473041534423828,10.333531379699707,9.908258438110352,12.73970890045166,15.739047050476074,15.752864837646484,15.122180938720703,15.353407859802246,16.188701629638672,17.114439010620117,18.271509170532227,19.088998794555664,18.603116989135742,17.735254287719727,17.505163192749023,16.20574188232422,15.34589958190918,14.85368537902832,14.601360321044922,15.444436073303223,16.014694213867188,14.797233581542969,13.971220970153809,14.336287498474121,14.778736114501953,14.211522102355957,12.792695045471191,11.989230155944824,12.34628677368164,12.848335266113281,12.77672290802002,11.903334617614746,11.748658180236816,12.849555969238281,14.758428573608398,16.71766471862793,17.15010643005371,17.548749923706055,17.922815322875977,18.127910614013672
16.29208755493164,18.342636108398438,16.348875045776367,11.57036304473877,10.333501815795898,11.23290729522705,12.262130737304688,13.813146591186523,14.710420608520508,13.990392684936523,13.83003044128418,15.071839332580566,17.003738403320312,18.545589447021484,18.2786922454834,17.665746688842773,17.29119110107422,17.225181579589844,17.468486785888672,17.50624656677246,16.7998104095459,15.5997896194458,15.176392555236816,15.525174140930176,15.330575942993164,14.871570587158203,14.531689643859863,14.36544132232666,14.616801261901855,14.237278938293457,13.06191635131836,12.17462158203125,11.628942489624023,11.617043495178223,12.220279693603516,12.364703178405762,12.378155708312988,13.377927780151367,14.1119384765625,15.009861946105957,15.66590690612793,16.813783645629883,17.49474334716797,17.744802474975586
16.04680633544922,17.5607852935791,16.8079776763916,12.121221542358398,9.434652328491211,11.627298355102539,14.04446792602539,14.404813766479492,13.412020683288574,13.676795959472656,15.168888092041016,15.569767951965332,16.470861434936523,17.911272048950195,17.328418731689453,16.55824089050293,17.34248161315918,17.996578216552734,17.98970603942871,18.197507858276367,17.137975692749023,16.454343795776367,15.781039237976074,15.485939979553223,15.137808799743652,15.185792922973633,15.137674331665039,14.564741134643555,14.24897289276123,13.6771879196167,12.580156326293945,12.165209770202637,11.48390007019043,10.98029613494873,11.461526870727539,12.392539978027344,13.139339447021484,14.34295654296875,14.588072776794434,14.394682884216309,14.914999961853027,16.016244888305664,16.866689682006836,17.523910522460938
16.507823944091797,16.222003936767578,14.897576332092285,12.926965713500977,11.429182052612305,12.92456340789795,14.519332885742188,14.955150604248047,14.303740501403809,14.132231712341309,16.363983154296875,16.745363235473633,15.648470878601074,16.360668182373047,16.4355525970459,15.96442699432373,17.415538787841797,18.87030029296875,18.42120933532715,18.06604766845703,17.725194931030273,16.82799530029297,16.061235427856445,15.578849792480469,15.241852760314941,15.524352073669434,15.773774147033691,14.80846881866455,13.585118293762207,13.05300235748291,12.338945388793945,12.03156852722168,11.643729209899902,11.392806053161621,11.551189422607422,12.824179649353027,13.513777732849121,14.333600044250488,15.414993286132812,14.667314529418945,14.781344413757324,15.174277305603027,15.628777503967285,16.731849670410156
14.33407974243164,14.854425430297852,13.156580924987793,12.898609161376953,14.377208709716797,15.38776683807373,14.946978569030762,15.946165084838867,15.883333206176758,14.489808082580566,15.54531478881836,16.745771408081055,15.613046646118164,15.779097557067871,16.201210021972656,15.309673309326172,16.078792572021484,18.522010803222656,18.792394638061523,18.151979446411133,17.76984405517578,16.612773895263672,16.14969825744629,15.77402400970459,15.235496520996094,15.667823791503906,16.321189880371094,15.268453598022461,13.081759452819824,12.506762504577637,12.50343132019043,11.865519523620605,11.703374862670898,11.985554695129395,12.5969820022583,13.8607759475708,14.126933097839355,14.920758247375488,15.130785942077637,14.866541862487793,14.664979934692383,14.4639253616333,14.522244453430176,15.640536308288574
12.852168083190918,14.048894882202148,13.274273872375488,14.014653205871582,16.734661102294922,17.612857818603516,15.998666763305664,15.61658000946045,15.116154670715332,14.388896942138672,16.190874099731445,16.127452850341797,15.408971786499023,16.113550186157227,16.210010528564453,15.051981925964355,15.030938148498535,16.890472412109375,17.811796188354492,18.284780502319336,17.59364891052246,16.712383270263672,16.291141510009766,15.992415428161621,15.5494966506958,15.560734748840332,15.75115966796875,15.699729919433594,13.540887832641602,12.042611122131348,12.289365768432617,11.957940101623535,12.091431617736816,12.491211891174316,13.534603118896484,14.865853309631348,14.940794944763184,15.206798553466797,15.136711120605469,14.957935333251953,14.753561019897461,14.645627975463867,14.50291633605957,15.177386283874512
14.071565628051758,15.527888298034668,14.24069881439209,15.248717308044434,17.745718002319336,19.178585052490234,18.188922882080078,14.779751777648926,14.160021781921387,15.043041229248047,16.373281478881836,15.67872428894043,15.5922212600708,16.86400032043457,16.71742820739746,14.63863468170166,13.977827072143555,16.01940155029297,17.769527435302734,17.967288970947266,16.691701889038086,16.115041732788086,16.48931121826172,16.66178321838379,15.928556442260742,15.587531089782715,14.392556190490723,14.501906394958496,14.474132537841797,12.79946231842041,12.365631103515625,13.026084899902344,12.74992847442627,13.438520431518555,14.630409240722656,15.107623100280762,15.077958106994629,15.421030044555664,15.3532075881958,15.110494613647461,15.220785140991211,15.4389009475708,15.403115272521973,15.607075691223145
16.79085922241211,18.365083694458008,15.46485710144043,14.57085132598877,17.384645462036133,19.981781005859375,17.932641983032227,14.541677474975586,15.548887252807617,16.846355438232422,16.96175193786621,15.459700584411621,15.190081596374512,17.278879165649414,17.783510208129883,15.007335662841797,13.557968139648438,15.400321960449219,17.52760887145996,17.372346878051758,16.050140380859375,15.668424606323242,16.263412475585938,16.49707794189453,16.009052276611328,16.69077491760254,15.316676139831543,12.342459678649902,14.39402961730957,13.936615943908691,13.906087875366211,14.486077308654785,14.285820007324219,14.29062271118164,14.824167251586914,15.109171867370605,15.582507133483887,15.816205024719238,15.334439277648926,15.061701774597168,15.4544095993042,16.128101348876953,16.48464584350586,16.483518600463867
17.918386459350586,19.48666000366211,15.613561630249023,14.524693489074707,17.147905349731445,19.602624893188477,17.384431838989258,15.65383529663086,17.587890625,18.492366790771484,17.663475036621094,15.514890670776367,14.749159812927246,16.958330154418945,18.087833404541016,15.809099197387695,14.2250394821167,15.445754051208496,16.911792755126953,16.596614837646484,15.853292465209961,15.882669448852539,16.423757553100586,16.463956832885742,16.385536193847656,17.141925811767578,15.990166664123535,14.77426815032959,13.638758659362793,13.162690162658691,15.101037979125977,15.907754898071289,15.771727561950684,15.525897979736328,15.470130920410156,15.562848091125488,15.991936683654785,15.973312377929688,15.35274887084961,14.955072402954102,15.349644660949707,16.374868392944336,17.201040267944336,17.198694229125977
17.265117645263672,19.230554580688477,16.184484481811523,15.781634330749512,18.16614532470703,19.452810287475586,16.9753475189209,16.419111251831055,18.93598747253418,19.617605209350586,18.118240356445312,15.918742179870605,14.757469177246094,16.431926727294922,17.77323341369629,16.641029357910156,15.83794116973877,16.41033935546875,16.76935386657715,16.08489418029785,15.750981330871582,16.712953567504883,17.715681076049805,16.86834144592285,16.62427520751953,17.27333641052246,17.21573829650879,15.972967147827148,13.848929405212402,13.846604347229004,15.717780113220215,16.791549682617188,16.86716651916504,16.439617156982422,16.006471633911133,15.985237121582031,16.188310623168945,16.01226806640625,15.447717666625977,14.97165584564209,15.241316795349121,16.447128295898438,17.694421768188477,17.881839752197266
17.719758987426758,18.441801071166992,16.69708824157715,17.122915267944336,19.701580047607422,19.378219604492188,16.748815536499023,17.11564064025879,19.12097930908203,19.89612579345703,18.77812385559082,16.6683406829834,15.39088249206543,16.389495849609375,17.775310516357422,18.15087127685547,17.790904998779297,17.409780502319336,17.291976928710938,16.42470359802246,15.927352905273438,16.947914123535156,18.5054874420166,18.056360244750977,16.966524124145508,17.234966278076172,17.332033157348633,16.89746856689453,15.692112922668457,15.12158203125,16.150049209594727,17.459806442260742,17.68570327758789,16.95075225830078,16.375232696533203,16.49265480041504,16.496076583862305,15.946928977966309,15.264586448669434,14.683884620666504,14.85719108581543,16.351490020751953,18.226289749145508,18.910022735595703
19.704130172729492,18.254730224609375,16.916458129882812,17.853010177612305,18.963481903076172,19.51210594177246,17.684459686279297,17.492965698242188,18.81973648071289,19.584348678588867,18.973535537719727,17.865703582763672,17.21446418762207,17.349546432495117,18.508878707885742,19.9327392578125,19.73476791381836,18.104297637939453,17.56340217590332,17.510272979736328,17.049087524414062,17.032215118408203,17.556421279907227,18.963661193847656,17.549068450927734,17.403423309326172,18.02410888671875,18.15839958190918,17.063690185546875,16.207040786743164,16.917036056518555,18.10397720336914,18.300270080566406,17.651098251342773,17.309659957885742,17.42119026184082,17.07848358154297,16.086322784423828,14.85489559173584,13.966307640075684,14.390545845031738,16.281692504882812,18.32176971435547,19.554012298583984
