data/wind_data/wind_41_3.json
{"header": {"parameterUnit": "KT", "parameterCategory": 2, "nx": 256, "ny": 198, "lo1": 44.73521041870117, "la1": -3.236724853515625, "lo2": 111.26478576660156, "la2": 43.468475341796875, "dx": 0.2609002888202667, "dy": -0.23708222806453705, "refTime": "2025-02-20 17:00:00", "forecastTime": 0, "parameterNumber": 2, "parameterNumberName": "eastward_wind"}, "data":
[rows 152 to 170 of 198, columns 44 to 87 of 256]
5.629130840301514,4.964356422424316,3.695798873901367,3.2230148315429688,2.3876209259033203,2.7983644008636475,3.012742280960083,2.8826427459716797,3.8668999671936035,2.616140842437744,4.31350040435791,6.186648368835449,7.077753067016602,7.11797571182251,6.338615417480469,4.883025646209717,3.8279635906219482,3.238666296005249,2.464775562286377,2.1680617332458496,2.9690909385681152,3.2109856605529785,4.3849639892578125,4.6939520835876465,5.394394397735596,7.963648796081543,10.020658493041992,10.003005981445312,9.609869956970215,8.720078468322754,7.777331829071045,7.898998737335205,8.486990928649902,8.689948081970215,8.875174522399902,9.179676055908203,9.255889892578125,9.385557174682617,9.628862380981445,10.069275856018066,10.408738136291504,9.416595458984375,8.72692584991455,10.277098655700684
4.845168113708496,2.937239646911621,1.3433575630187988,1.9563895463943481,2.980116605758667,2.227752447128296,1.392235279083252,0.7508813738822937,1.1334810256958008,3.3199362754821777,4.725518226623535,4.9575982093811035,5.011144161224365,5.2156171798706055,5.54132080078125,5.418501853942871,5.546919822692871,4.487132549285889,2.5016932487487793,2.1003177165985107,2.4619295597076416,3.540135145187378,5.583221435546875,6.913578987121582,7.460647106170654,9.605537414550781,10.052721977233887,9.402288436889648,8.730313301086426,7.815948009490967,7.63562536239624,7.915408611297607,7.986862659454346,7.252749443054199,6.822112560272217,6.902493476867676,7.2812724113464355,8.073205947875977,9.237381935119629,10.374129295349121,10.3408784866333,8.889909744262695,9.306056022644043,12.126574516296387
2.8203682899475098,-0.009909076616168022,-1.4607585668563843,0.5677412152290344,3.847092628479004,2.31217622756958,0.7540097236633301,0.26767733693122864,1.3868145942687988,4.079354763031006,4.717435836791992,4.44999361038208,4.349769592285156,4.7340898513793945,5.099647045135498,5.0923237800598145,5.200214862823486,3.910123825073242,1.773210048675537,2.1096322536468506,3.2306699752807617,4.391233444213867,5.773118495941162,6.535152435302734,7.032734394073486,7.640191555023193,7.22240686416626,5.357011318206787,3.831228256225586,4.306168079376221,4.8632378578186035,5.3527069091796875,6.079922676086426,6.188103675842285,5.975618362426758,6.003032207489014,6.441723346710205,7.694103717803955,9.511523246765137,10.319745063781738,9.787176132202148,8.91698169708252,9.300353050231934,13.761103630065918
-0.20371459424495697,-2.844282627105713,-3.216744899749756,0.05296875536441803,3.818722724914551,3.015937328338623,1.609615683555603,1.3372561931610107,1.99605393409729,3.6146345138549805,4.1962432861328125,4.292412757873535,4.140224456787109,4.984118461608887,3.849081516265869,5.607780933380127,5.483513832092285,3.0386366844177246,1.6296169757843018,2.9990131855010986,4.181448459625244,4.379153728485107,5.374138832092285,5.967609882354736,6.099393844604492,5.740655422210693,5.136690616607666,4.714359760284424,4.2287092208862305,4.197562217712402,2.8263700008392334,2.5970685482025146,3.5747270584106445,4.537881851196289,5.082613468170166,5.767055988311768,6.349793910980225,7.614451885223389,9.048357009887695,9.749250411987305,10.41913890838623,10.940610885620117,10.044116020202637,12.56596851348877
-3.1677098274230957,-3.591996908187866,-2.214951276779175,0.51856529712677,2.3804771900177,3.533341884613037,3.7438809871673584,3.632280111312866,4.393673896789551,5.410778045654297,5.400269985198975,5.015743732452393,4.64120626449585,5.534657955169678,4.486332416534424,5.951196670532227,5.195652008056641,3.162848711013794,2.5363595485687256,3.6558804512023926,4.271408557891846,3.702177047729492,4.648997783660889,5.2122697830200195,5.368125915527344,4.945906162261963,4.421415328979492,4.633530139923096,4.025561809539795,2.4120075702667236,1.639729619026184,1.8948272466659546,2.138171434402466,3.2970151901245117,4.655427932739258,5.903107166290283,7.028085231781006,7.839807987213135,8.000505447387695,8.688636779785156,10.175609588623047,12.247122764587402,12.373553276062012,11.067964553833008
-5.174837589263916,-3.2051708698272705,-0.3461962938308716,0.9736271500587463,1.392154335975647,3.069148063659668,4.555483341217041,5.397933006286621,6.361067295074463,6.732712268829346,6.201010227203369,5.080480575561523,4.546450138092041,5.04036283493042,5.398059368133545,5.19630765914917,4.554155349731445,3.7465176582336426,3.803931713104248,3.9030919075012207,3.8604183197021484,2.8238236904144287,3.6360373497009277,4.973108768463135,5.141902923583984,4.641136646270752,4.330225944519043,4.459667682647705,3.073807954788208,0.9560767412185669,1.2312092781066895,1.5957283973693848,1.785123348236084,2.9785521030426025,4.4862565994262695,5.7301201820373535,6.802326679229736,7.68450927734375,8.181848526000977,8.549357414245605,9.267313957214355,10.908158302307129,12.865286827087402,11.99758529663086
-5.078333854675293,-2.5830540657043457,-0.3384365439414978,1.0746169090270996,2.1602158546447754,3.470245838165283,4.7538533210754395,4.931468963623047,5.123538494110107,5.299929141998291,4.711876392364502,3.915264368057251,4.030535697937012,4.670992374420166,5.2876787185668945,3.8455393314361572,4.017348766326904,4.589839935302734,4.600444793701172,4.069329738616943,3.3966164588928223,2.8418052196502686,3.80300235748291,4.772016525268555,5.1187825202941895,5.668099880218506,6.025428295135498,6.120407581329346,4.549740791320801,2.7842612266540527,2.30598521232605,1.5344287157058716,1.1106693744659424,2.536362886428833,4.095090389251709,4.872722625732422,5.385166168212891,7.226634979248047,8.09154987335205,8.05938720703125,7.9799723625183105,9.004676818847656,10.988815307617188,11.674765586853027
-4.553144454956055,-2.7075936794281006,-0.8896125555038452,0.6539605259895325,1.4741125106811523,2.9785749912261963,3.9466209411621094,3.880463123321533,3.500093460083008,3.4905612468719482,3.727451801300049,3.8244056701660156,3.9368820190429688,4.53417444229126,4.620103359222412,2.9976203441619873,3.308566093444824,4.475405216217041,4.379837989807129,3.5555098056793213,3.153444528579712,3.232793092727661,3.3922736644744873,4.252128601074219,5.568811416625977,6.693093299865723,6.8600311279296875,6.153825759887695,5.223705768585205,5.115138530731201,5.200151443481445,4.815061092376709,4.805663108825684,3.783494234085083,3.9136650562286377,4.771233081817627,5.276712894439697,7.128849029541016,6.880460262298584,6.057229995727539,5.936910152435303,6.261055946350098,7.773172855377197,9.420114517211914
-3.314293384552002,-2.2460832595825195,-0.6004660725593567,-0.9148032069206238,-2.3290138244628906,-1.2697227001190186,2.257840871810913,4.2224202156066895,4.435976028442383,3.693772792816162,3.5337276458740234,3.7744786739349365,5.4398908615112305,5.83341121673584,3.5784614086151123,1.8072407245635986,2.1007349491119385,2.9821600914001465,3.9599640369415283,3.886507272720337,3.6006321907043457,2.934483528137207,2.974583387374878,4.129900932312012,5.497865676879883,6.3068413734436035,6.42509126663208,5.718059062957764,5.268722057342529,5.607970714569092,5.907559871673584,6.286455154418945,6.119943618774414,4.282289505004883,4.421489238739014,4.840282440185547,5.019438743591309,5.457831382751465,4.690049648284912,4.13991641998291,3.964228630065918,4.803379535675049,6.079793453216553,8.04439640045166
-0.7229248881340027,-1.0583593845367432,0.005999878514558077,0.7379514575004578,0.9972378015518188,1.6981801986694336,3.2907698154449463,4.587418556213379,4.693350315093994,3.5452752113342285,3.9318573474884033,6.255343437194824,7.396507740020752,4.774594783782959,1.0877366065979004,2.136378049850464,5.0730366706848145,3.0613341331481934,3.3959929943084717,4.187546253204346,3.803776741027832,2.835550308227539,3.0476412773132324,4.682003974914551,5.668370723724365,6.03262996673584,5.967636585235596,5.2978339195251465,4.869532585144043,4.892892360687256,5.180984973907471,5.434308052062988,4.7845458984375,4.1589274406433105,4.682938575744629,4.036558628082275,2.815819025039673,3.3089349269866943,4.539090633392334,4.967087268829346,3.7043263912200928,4.1833906173706055,6.136594295501709,7.841143608093262
0.20021556317806244,-0.0029046277049928904,1.219408392906189,3.349019765853882,4.702970504760742,4.751469612121582,4.374952793121338,4.564504146575928,4.6651716232299805,4.881814956665039,6.083816051483154,7.684181213378906,5.852468013763428,5.083217620849609,3.774679183959961,3.9833638668060303,4.585023880004883,1.2366660833358765,1.95599365234375,3.5120747089385986,3.266561985015869,2.720900535583496,3.757777690887451,5.654169082641602,6.174067974090576,5.670642375946045,5.045926570892334,4.93867826461792,4.8945631980896,4.708827018737793,4.6284284591674805,4.725375652313232,4.671698093414307,5.006330490112305,4.781519412994385,3.7753469944000244,3.157445192337036,3.9193482398986816,4.259950637817383,4.1871161460876465,3.149547576904297,3.660205364227295,5.310695648193359,6.72549295425415
-2.8812968730926514,-2.401756525039673,-0.14687930047512054,2.5129525661468506,3.2396366596221924,3.1775524616241455,3.987816333770752,4.231320858001709,4.486639976501465,5.604518890380859,7.871447563171387,7.154294490814209,5.907472133636475,6.833865165710449,5.405782699584961,3.9814369678497314,1.9877132177352905,0.2277463674545288,1.5842933654785156,2.982138156890869,2.836801052093506,3.0321850776672363,4.569644451141357,6.284734725952148,6.829647064208984,5.621528625488281,4.542840003967285,4.593229293823242,5.396594047546387,5.380619525909424,4.9206767082214355,5.2158379554748535,5.74530553817749,5.815184116363525,4.928300380706787,4.027525424957275,3.9712350368499756,4.225672245025635,3.539823532104492,3.084357261657715,2.3891725540161133,3.1752870082855225,3.804572820663452,5.125294208526611
-2.2408008575439453,-2.027278184890747,-1.0213395357131958,-0.888658881187439,-0.2729169428348541,0.6400168538093567,2.610255479812622,3.8447976112365723,4.976260662078857,5.657466411590576,7.037701606750488,7.366774559020996,8.087015151977539,7.78161096572876,4.279468536376953,2.9476921558380127,0.7931720614433289,0.45732730627059937,1.9141253232955933,3.125288963317871,3.299337387084961,3.8020899295806885,5.177349090576172,6.553710460662842,7.054901123046875,5.971236228942871,4.367551803588867,3.7059478759765625,4.712549209594727,5.375842094421387,5.2826008796691895,5.8198089599609375,6.185295581817627,5.740405082702637,4.679159164428711,3.8910155296325684,3.870638847351074,4.036380290985107,3.2875590324401855,2.6722412109375,2.2860898971557617,2.915985584259033,3.4766576290130615,3.568234920501709
0.054764408618211746,-0.36333131790161133,-0.06270214170217514,0.07411308586597443,0.44879186153411865,1.4282504320144653,3.8417768478393555,5.754726409912109,4.690248489379883,4.602420330047607,6.818115234375,7.914563179016113,5.978090286254883,3.670073986053467,1.947391390800476,1.5022172927856445,0.9477980732917786,1.5259482860565186,2.667215347290039,3.377610683441162,3.8441619873046875,4.439227104187012,5.420321464538574,6.386805534362793,6.875608921051025,5.708767414093018,3.4896340370178223,2.461475372314453,3.3670432567596436,4.767004489898682,5.198935031890869,5.544586181640625,5.610963821411133,5.090558052062988,4.326710224151611,3.789701223373413,3.675184488296509,3.690363645553589,2.9957692623138428,2.2856874465942383,2.293773889541626,2.840873956680298,3.583813428878784,3.9418747425079346
2.0791845321655273,1.6450130939483643,2.0749943256378174,3.190532922744751,4.050877094268799,5.07309103012085,5.936779022216797,4.8717451095581055,4.287484645843506,4.995255470275879,6.342938423156738,5.434154033660889,3.2496304512023926,1.0224024057388306,-0.7188631296157837,-0.9511392712593079,0.24362137913703918,2.126133918762207,3.384460687637329,3.6210877895355225,3.9176025390625,4.47620964050293,5.28456449508667,6.03298282623291,6.1605916023254395,4.700809478759766,2.8437933921813965,2.323193073272705,3.0381908416748047,4.119375228881836,4.634650707244873,4.933409214019775,4.926639556884766,4.512026309967041,4.110841274261475,3.6592938899993896,3.195773124694824,2.778554677963257,1.9947370290756226,1.5679140090942383,1.852141261100769,2.3639676570892334,3.2291202545166016,3.8086471557617188
3.4279632568359375,2.9543356895446777,3.619838237762451,4.725535869598389,5.593560218811035,6.594726085662842,5.54379940032959,4.590383529663086,5.587303161621094,8.17396354675293,7.140060901641846,4.245017051696777,1.5053303241729736,0.5131129026412964,-0.1659693568944931,-0.4154498875141144,0.4524862468242645,2.4384942054748535,3.6977834701538086,3.7682437896728516,3.7276716232299805,4.197880744934082,4.836339950561523,5.268181324005127,5.083421230316162,3.9455270767211914,3.063382148742676,3.059235095977783,3.2731809616088867,3.7868478298187256,4.2594757080078125,4.519967079162598,4.376909255981445,3.9936394691467285,3.5584523677825928,2.9851572513580322,2.418318033218384,1.6157110929489136,0.7883695363998413,0.7734664082527161,1.4156663417816162,0.6416147947311401,1.43495512008667,2.386134624481201
2.7152156829833984,3.0931241512298584,4.560096263885498,5.677663326263428,6.484927177429199,6.064636707305908,6.312041759490967,8.529436111450195,9.087264060974121,7.001701354980469,5.048582077026367,2.144482374191284,1.1982945203781128,1.2401185035705566,1.6514304876327515,1.813651204109192,1.9625760316848755,3.106592893600464,4.098925590515137,3.9732580184936523,3.6354548931121826,3.8713417053222656,4.165046215057373,4.3703932762146,4.35967493057251,3.829299211502075,3.4979915618896484,3.4668776988983154,3.549520492553711,3.9766921997070312,4.261082172393799,4.2181243896484375,3.801669120788574,3.348825693130493,2.8516135215759277,2.4240996837615967,1.6875548362731934,1.1729446649551392,0.7382875084877014,2.599926233291626,3.672818660736084,0.614498496055603,-0.9439147710800171,0.9253144860267639
3.130309820175171,5.293558120727539,7.21476936340332,7.968709468841553,6.884779930114746,6.502105236053467,3.5822343826293945,6.238377571105957,6.023428440093994,2.922161340713501,0.9358355402946472,0.10976935923099518,0.5025215148925781,1.6466121673583984,2.9836819171905518,3.582034111022949,3.7740116119384766,4.421413421630859,4.752279281616211,4.051091194152832,3.358952522277832,3.455673933029175,3.6668083667755127,3.8144009113311768,4.0733771324157715,3.9141485691070557,3.6244051456451416,3.526524066925049,3.7820069789886475,3.982757806777954,3.8417201042175293,3.45412540435791,3.0953176021575928,2.78442645072937,2.379793167114258,2.1096785068511963,1.3270752429962158,1.9920070171356201,3.121274471282959,4.7195000648498535,6.582953453063965,3.0784988403320312,-0.464377224445343,-0.6505371928215027
4.922962665557861,6.9414849281311035,7.7819976806640625,7.781259059906006,8.268717765808105,3.9307546615600586,3.8206629753112793,4.443099498748779,3.0692224502563477,1.5124071836471558,0.5359424352645874,0.7015220522880554,1.083897352218628,1.6598596572875977,2.8153696060180664,3.991097927093506,4.92938756942749,5.39711332321167,4.835496425628662,3.6513397693634033,2.972317934036255,3.0712080001831055,3.172363042831421,3.347299575805664,3.8966681957244873,4.055790901184082,3.8189382553100586,3.6310102939605713,3.4722118377685547,3.2105019092559814,2.9555296897888184,2.7017982006073,2.5450267791748047,2.188516855239868,1.8362895250320435,1.7558684349060059,1.2982064485549927,2.447031259536743,3.7551610469818115,5.055715084075928,5.579432010650635,4.536037921905518,1.2066822052001953,-0.39337337017059326
