data/wind_data/wind_6_1.json
{"header": {"parameterUnit": "KT", "parameterCategory": 2, "nx": 256, "ny": 198, "lo1": 44.73521041870117, "la1": -3.236724853515625, "lo2": 111.26478576660156, "la2": 43.468475341796875, "dx": 0.2609002888202667, "dy": -0.23708222806453705, "refTime": "2025-02-19 06:00:00", "forecastTime": 0, "parameterNumber": 2, "parameterNumberName": "eastward_wind"}, "data":
[rows 0 to 18 of 198, columns 129 to 171 of 256]
3.2487330436706543,3.154510259628296,3.0107436180114746,2.988809585571289,3.1128270626068115,3.6394429206848145,4.358890056610107,4.835062026977539,5.215023517608643,5.6044816970825195,5.898685455322266,6.087038040161133,5.923884391784668,5.051104545593262,4.325266361236572,4.062702655792236,4.234665870666504,4.935754299163818,5.574545383453369,6.080747604370117,6.396133899688721,6.527251720428467,6.814653396606445,7.189679145812988,7.1853251457214355,6.953737735748291,6.9488525390625,6.99113655090332,6.796847343444824,6.49572229385376,6.149740695953369,5.88015079498291,5.820212364196777,5.984182834625244,6.491479396820068,6.969506740570068,7.216588973999023,7.625072479248047,8.349658966064453,8.680243492126465,8.512839317321777,8.373517990112305,8.272354125976562
2.8661184310913086,2.632174015045166,2.438633441925049,2.3212194442749023,2.3938257694244385,2.9331369400024414,3.592475414276123,3.912262201309204,4.200983047485352,4.604852676391602,4.9288010597229,4.9738969802856445,4.794774532318115,4.530101776123047,4.439143180847168,4.512756824493408,4.62669563293457,4.875703811645508,5.219297885894775,5.508262634277344,5.549839496612549,5.426590919494629,5.760742664337158,6.409176349639893,6.574862957000732,6.439784049987793,6.409351348876953,6.417957782745361,6.34605073928833,6.200479030609131,5.666013240814209,5.327210903167725,5.568655490875244,5.961613655090332,6.649805545806885,7.188290119171143,7.20001745223999,7.330332279205322,7.687957286834717,7.873885154724121,7.988845348358154,8.110264778137207,8.134013175964355
2.3798844814300537,2.153140068054199,1.956668496131897,1.6884140968322754,1.5727366209030151,1.9848259687423706,2.573296546936035,2.9393277168273926,3.2723593711853027,3.64933180809021,3.906290292739868,3.8827686309814453,3.8327105045318604,3.969473361968994,4.189646244049072,4.348443984985352,4.36423921585083,4.255906581878662,4.235499382019043,4.311033248901367,4.388279438018799,4.59426736831665,4.9644341468811035,5.359151363372803,5.6209187507629395,5.80797815322876,5.787285804748535,5.693893909454346,5.794630527496338,5.916899681091309,5.774117946624756,5.639015197753906,5.675434112548828,5.756254196166992,6.168611526489258,6.583016872406006,6.579085350036621,6.760575771331787,7.313121318817139,7.652231693267822,7.71338415145874,7.6318864822387695,7.601999282836914
1.754949688911438,1.5802648067474365,1.39620840549469,1.1144914627075195,0.9302752017974854,1.229683518409729,1.698796272277832,2.0241339206695557,2.3327884674072266,2.654045581817627,2.830247640609741,2.7924351692199707,2.9134511947631836,3.2064712047576904,3.618417978286743,3.7309465408325195,3.684039831161499,3.449101686477661,3.2177248001098633,3.178422212600708,3.353060483932495,3.771806001663208,4.061124801635742,4.409119606018066,4.506714820861816,4.746542453765869,4.840621471405029,4.975545883178711,5.165635585784912,5.375300407409668,5.460726737976074,5.466611385345459,5.533324241638184,5.456116199493408,5.642384052276611,5.9540228843688965,6.1191325187683105,6.343458652496338,6.7083916664123535,7.0069899559021,7.131424903869629,6.910183429718018,6.856017589569092
0.6589258909225464,0.583166241645813,0.6494007706642151,0.9171870946884155,0.9302071332931519,1.1251084804534912,1.213127851486206,1.35871160030365,1.6958876848220825,1.7838777303695679,1.859927773475647,1.9007978439331055,2.3840219974517822,2.2505760192871094,2.7063262462615967,2.1284708976745605,2.0210936069488525,2.0906355381011963,2.4082956314086914,2.5122523307800293,2.6555137634277344,3.041844606399536,2.985478401184082,3.82207989692688,3.260277032852173,3.1028552055358887,3.696624279022217,4.539218902587891,4.086006164550781,4.195991516113281,4.387044906616211,4.19614839553833,4.824038505554199,5.118767261505127,5.217663764953613,5.348101615905762,5.862640857696533,6.097518444061279,5.628073215484619,5.4693098068237305,5.825804710388184,5.695895195007324,5.655550956726074
0.2222033441066742,0.2659841775894165,0.13730865716934204,0.11776571720838547,0.02441355027258396,0.15868525207042694,0.5360099077224731,0.8780810832977295,1.1656923294067383,1.1064738035202026,1.1440469026565552,0.9092015027999878,1.101061463356018,1.0777592658996582,1.5338767766952515,1.1375055313110352,1.739041805267334,1.2395251989364624,1.598374605178833,1.8083314895629883,2.592991828918457,2.811649799346924,3.297989845275879,3.1965198516845703,3.0527184009552,3.329887628555298,3.910512685775757,4.532166481018066,3.872391700744629,3.3851466178894043,3.479717493057251,3.579828977584839,4.255582332611084,4.823519706726074,4.319073677062988,4.393879413604736,5.197661399841309,5.5635085105896,4.858590126037598,4.855164527893066,5.130502700805664,5.395049571990967,5.516502857208252
-0.2143525332212448,-0.37360408902168274,-0.5029024481773376,-0.5635625720024109,-0.3783343434333801,-0.15574823319911957,0.4163173735141754,0.8534848093986511,0.8965509533882141,0.7240570187568665,0.4006025493144989,-0.02132546715438366,-0.02946973405778408,-0.003876050701364875,0.5436998605728149,0.4396693706512451,0.811280369758606,0.4941011667251587,0.8085595369338989,1.3515886068344116,2.2816097736358643,2.561635732650757,2.8171298503875732,2.4146711826324463,2.614861488342285,2.9128000736236572,3.306476354598999,3.600552797317505,2.8319735527038574,2.679661273956299,3.036766290664673,3.5797653198242188,3.2895665168762207,3.820833683013916,3.6942079067230225,3.5275352001190186,4.2179365158081055,4.510215759277344,4.103105068206787,4.173720359802246,4.520607948303223,4.908603191375732,5.573948383331299
-0.88907390832901,-0.6891248822212219,-0.7188905477523804,-0.6554390788078308,-0.5882737636566162,-0.14342404901981354,0.302474707365036,0.5539141893386841,0.18767477571964264,0.21364574134349823,-0.5625135898590088,-0.6498682498931885,-0.9430578947067261,-0.9676122665405273,-0.3265943229198456,0.11079313606023788,0.5341999530792236,0.04421838000416756,0.5075879096984863,1.0958977937698364,1.6153504848480225,2.091905355453491,1.6963127851486206,1.1378206014633179,1.4496326446533203,1.9704444408416748,2.260546922683716,3.0968806743621826,2.3024227619171143,2.288769245147705,2.4210963249206543,2.9872548580169678,2.216113328933716,2.399879217147827,2.8166544437408447,2.9446909427642822,3.3975906372070312,3.8046228885650635,3.8083808422088623,3.7735471725463867,3.888995885848999,4.182820796966553,4.867606163024902
-1.3704314231872559,-0.8186063766479492,-0.43524742126464844,-0.526263415813446,-0.6607469320297241,-0.44309908151626587,-0.2141813337802887,-0.23888710141181946,-0.560336172580719,-1.195967197418213,-1.3301258087158203,-1.3104146718978882,-1.7337608337402344,-1.761785864830017,-0.8635641932487488,-0.2969507575035095,0.37249112129211426,-0.4198659360408783,0.5770767331123352,0.4256131649017334,0.5354723334312439,1.3464531898498535,0.5120133757591248,0.07193510234355927,0.19282940030097961,0.8710493445396423,1.710150122642517,2.178335428237915,1.820490837097168,1.7012654542922974,1.9283568859100342,2.0883185863494873,1.6823828220367432,1.8954342603683472,2.0189170837402344,2.499882698059082,3.067675828933716,2.903301954269409,2.5315937995910645,2.6394906044006348,2.946033239364624,3.6759817600250244,4.400749683380127
-1.6720777750015259,-1.1021193265914917,-0.5863603949546814,-0.6939229965209961,-0.9264096617698669,-0.847169816493988,-0.9260799288749695,-1.2243093252182007,-1.774262547492981,-2.251163959503174,-2.164710760116577,-2.1591715812683105,-2.410935401916504,-2.391108751296997,-1.3789030313491821,-0.9662905931472778,-0.47949865460395813,-0.9366734027862549,-0.6174771189689636,-0.5919800400733948,0.0194686371833086,0.3998068869113922,-0.21120807528495789,-0.42630961537361145,-0.30533504486083984,0.3629404902458191,0.9948656558990479,1.2599972486495972,1.2966896295547485,1.2043334245681763,1.440545916557312,1.7150347232818604,1.2037649154663086,1.4803361892700195,1.669636607170105,2.081813335418701,2.150592803955078,1.720839262008667,1.4228121042251587,1.5296677350997925,2.198129177093506,3.206023931503296,4.344947338104248
-2.1546969413757324,-1.6656855344772339,-1.1572465896606445,-1.0361536741256714,-1.1977428197860718,-1.226671814918518,-1.473388671875,-1.9125620126724243,-2.4659500122070312,-2.7045068740844727,-2.6842880249023438,-2.7490861415863037,-2.827554941177368,-2.635319232940674,-1.9571917057037354,-1.7671177387237549,-1.3537123203277588,-1.584403395652771,-1.6236850023269653,-1.4180006980895996,-0.8958190679550171,-0.6478937864303589,-0.5849435925483704,-0.6868054270744324,-0.3815648555755615,-0.05801226198673248,0.08303635567426682,0.27259066700935364,0.8781545758247375,0.9484502673149109,0.8945793509483337,0.9106760025024414,0.9648306965827942,1.4256905317306519,1.3130470514297485,1.7097769975662231,1.3668302297592163,0.8459662795066833,0.41846415400505066,0.8377230167388916,1.5825992822647095,2.6083297729492188,3.7140932083129883
-2.638134717941284,-2.2237887382507324,-1.9836124181747437,-2.0271799564361572,-2.1730458736419678,-2.305072069168091,-2.544660806655884,-2.6828665733337402,-2.9235758781433105,-3.0905590057373047,-3.019301176071167,-3.0163776874542236,-3.084582805633545,-2.8133656978607178,-2.4596543312072754,-2.1213340759277344,-1.9316730499267578,-2.009551525115967,-2.211514949798584,-2.2253732681274414,-1.9272059202194214,-1.6604000329971313,-0.9940045475959778,-0.7958473563194275,-0.48539021611213684,-0.47573214769363403,-0.5179842710494995,-0.19309158623218536,0.627580463886261,0.505046010017395,0.36413487792015076,0.2930417060852051,0.7229346632957458,1.0424023866653442,0.776189923286438,1.15403413772583,0.8068376779556274,0.5366840958595276,0.1687956005334854,0.3419146239757538,0.7735952138900757,1.803083896636963,2.654167652130127
-2.8137121200561523,-2.4967050552368164,-2.5733938217163086,-2.8112986087799072,-2.813781976699829,-3.135648727416992,-3.3961968421936035,-3.3414649963378906,-3.488734483718872,-3.750145435333252,-3.453495502471924,-3.217470407485962,-3.1743175983428955,-3.075693368911743,-2.8336198329925537,-2.401367664337158,-2.4574575424194336,-2.4171929359436035,-2.670559883117676,-2.842674732208252,-2.624107599258423,-2.204627275466919,-1.4465312957763672,-0.9446548223495483,-0.6217154264450073,-0.573577344417572,-0.5493975281715393,-0.0779128447175026,0.07444817572832108,-0.1752232164144516,-0.2294287383556366,0.10312855243682861,0.4024108350276947,0.4344206154346466,0.45371320843696594,0.7886549830436707,0.4691174626350403,0.05391236022114754,-0.25130319595336914,-0.3385191857814789,0.022370431572198868,0.6685187816619873,1.2810585498809814
-2.8500382900238037,-2.6374566555023193,-2.857438564300537,-2.8823959827423096,-2.834953784942627,-3.458617687225342,-4.182768821716309,-4.568465709686279,-4.811526775360107,-4.619991779327393,-4.175276279449463,-3.4186220169067383,-3.220191240310669,-3.215855836868286,-2.996636390686035,-2.8141002655029297,-2.9740476608276367,-2.9654438495635986,-3.0958430767059326,-3.0852115154266357,-2.6596016883850098,-2.1317965984344482,-1.588851809501648,-1.3243041038513184,-0.7778904438018799,-0.494211345911026,-0.5005342364311218,-0.17741501331329346,-0.5541315078735352,-0.5908476114273071,-0.7578802108764648,-0.2677321135997772,-0.07848703116178513,0.15594562888145447,0.4433048665523529,0.49977004528045654,0.21192900836467743,-0.40674591064453125,-0.7908538579940796,-1.0083485841751099,-0.6620033383369446,-0.48716971278190613,0.0710558146238327
-3.368837833404541,-3.166862964630127,-3.266394853591919,-3.2059943675994873,-3.280409812927246,-3.9445135593414307,-4.749809265136719,-5.470893859863281,-5.616923809051514,-4.781063079833984,-4.089205741882324,-3.2550370693206787,-3.122004985809326,-3.1216931343078613,-3.1441733837127686,-3.3784677982330322,-3.4400205612182617,-3.362095355987549,-3.419184446334839,-3.169431209564209,-2.5772523880004883,-2.0064995288848877,-1.798096776008606,-1.6240317821502686,-0.9373103976249695,-0.7156546115875244,-0.6954435706138611,-0.5407544374465942,-0.7108102440834045,-0.9526243805885315,-1.008043885231018,-0.7152897119522095,-0.3845609128475189,0.00801523681730032,0.11557899415493011,-0.1646733283996582,-0.3623576760292053,-0.6679008603096008,-1.2098007202148438,-1.6895091533660889,-1.4250836372375488,-1.2966980934143066,-0.6758948564529419
-3.9426746368408203,-3.6070005893707275,-3.618691921234131,-3.7471628189086914,-3.9371497631073,-4.337277412414551,-4.667282581329346,-5.060162544250488,-5.29328727722168,-5.135960578918457,-4.279311180114746,-3.343991279602051,-2.9806253910064697,-3.0435264110565186,-3.165086030960083,-3.5042617321014404,-3.8325395584106445,-3.7774953842163086,-3.5590953826904297,-3.1452596187591553,-2.657043933868408,-2.3779194355010986,-2.1305058002471924,-1.7473018169403076,-1.1745073795318604,-1.1603952646255493,-0.9005720615386963,-0.7662324905395508,-0.825631320476532,-1.1284208297729492,-1.018340826034546,-0.838522732257843,-0.7513124346733093,-0.5845808982849121,-0.6978833675384521,-0.7459173798561096,-1.0111322402954102,-1.1915743350982666,-1.6572247743606567,-2.1832001209259033,-1.8645695447921753,-1.792502760887146,-1.3416008949279785
-4.564141750335693,-4.251284599304199,-4.037436008453369,-4.272581100463867,-4.473712921142578,-4.667479038238525,-4.59218168258667,-4.7553887367248535,-4.964813232421875,-4.813807010650635,-4.463240146636963,-3.776228189468384,-3.126171827316284,-2.8135218620300293,-2.9989709854125977,-3.5776994228363037,-4.160900592803955,-4.141749858856201,-3.592177152633667,-3.102792501449585,-2.878920078277588,-2.6975021362304688,-2.3417611122131348,-1.914736270904541,-1.6067768335342407,-1.4728028774261475,-0.9857722520828247,-0.9173976182937622,-1.0755176544189453,-1.2609729766845703,-1.1173808574676514,-0.9592555165290833,-1.1850825548171997,-1.5190401077270508,-1.5698401927947998,-1.3182862997055054,-1.4665640592575073,-2.0661656856536865,-2.215146541595459,-2.3012640476226807,-2.2543394565582275,-2.257136344909668,-2.0833210945129395
-4.963011264801025,-4.894103050231934,-4.6211419105529785,-4.905803680419922,-5.006788730621338,-5.003596305847168,-4.683827877044678,-4.58281135559082,-4.2605462074279785,-4.234858512878418,-4.285196304321289,-4.01460599899292,-3.091982841491699,-2.5020751953125,-2.9564971923828125,-3.287879467010498,-4.075556755065918,-4.078723907470703,-3.6585538387298584,-3.358360767364502,-3.119636058807373,-2.762136220932007,-2.3738765716552734,-2.0724594593048096,-1.7235543727874756,-1.5426669120788574,-1.141452670097351,-1.2724016904830933,-1.5835034847259521,-1.8143130540847778,-1.566880464553833,-1.4032952785491943,-1.691072702407837,-2.5047242641448975,-2.525326728820801,-2.1968352794647217,-1.7104259729385376,-3.2969167232513428,-2.441892623901367,-2.347672700881958,-2.992652416229248,-2.715538501739502,-2.6886932849884033
-5.474366188049316,-5.433719158172607,-5.207949161529541,-5.305177211761475,-5.178511142730713,-5.056581020355225,-4.721288204193115,-4.2543535232543945,-3.6180102825164795,-3.8940255641937256,-4.046802043914795,-3.8312697410583496,-2.646101236343384,-2.0344042778015137,-2.6100902557373047,-3.035940408706665,-3.4246890544891357,-3.382300615310669,-3.6328654289245605,-4.055881500244141,-3.6344711780548096,-2.9589967727661133,-2.336611747741699,-1.8533086776733398,-1.7847532033920288,-1.643530011177063,-1.7800228595733643,-2.1673316955566406,-2.58447265625,-2.7141385078430176,-2.514416217803955,-2.108609437942505,-2.362062454223633,-3.2022271156311035,-3.2593934535980225,-2.7910332679748535,-2.7286570072174072,-4.413361072540283,-2.870286703109741,-2.968367576599121,-3.1357388496398926,-2.8554794788360596,-2.444659471511841
