data/wind_data/wind_57_8.json
{"header": {"parameterUnit": "KT", "parameterCategory": 2, "nx": 256, "ny": 198, "lo1": 44.73521041870117, "la1": -3.236724853515625, "lo2": 111.26478576660156, "la2": 43.468475341796875, "dx": 0.2609002888202667, "dy": -0.23708222806453705, "refTime": "2025-02-21 09:00:00", "forecastTime": 0, "parameterNumber": 2, "parameterNumberName": "eastward_wind"}, "data":
[rows 152 to 170 of 198, columns 176 to 219 of 256]
39.90822982788086,38.70782470703125,38.23746109008789,38.5739860534668,38.932247161865234,39.425811767578125,39.82267379760742,39.69493103027344,39.06046676635742,38.101463317871094,37.08885955810547,36.403804779052734,36.68535614013672,37.52104568481445,38.74951171875,39.56356430053711,40.40925979614258,41.003726959228516,41.276336669921875,40.911285400390625,39.76948547363281,37.05707550048828,34.29717254638672,34.263389587402344,36.444766998291016,38.792030334472656,40.31001663208008,40.79482650756836,40.46731948852539,39.50935745239258,38.03538131713867,37.55121994018555,39.100528717041016,41.62217712402344,42.43425750732422,38.69026565551758,33.747196197509766,30.898117065429688,31.906652450561523,36.34911346435547,41.64122009277344,44.970394134521484,46.23588943481445,45.69575881958008
40.46589279174805,39.396026611328125,38.47563552856445,38.34105682373047,38.72541427612305,39.22854232788086,39.25933837890625,38.5777587890625,37.6176872253418,37.067726135253906,36.75699996948242,36.48469543457031,36.71684265136719,37.783729553222656,39.524173736572266,41.02865219116211,41.33156967163086,40.96854782104492,40.63676834106445,39.76061248779297,37.92628479003906,36.28895568847656,36.25156784057617,37.538326263427734,39.30976867675781,40.282962799072266,39.846824645996094,39.20137023925781,38.94585418701172,38.383487701416016,37.48505783081055,37.89524459838867,40.04645919799805,42.680335998535156,42.560176849365234,37.68516159057617,32.53572082519531,30.344100952148438,32.485721588134766,36.9117317199707,41.017425537109375,43.534542083740234,44.93996047973633,44.98984146118164
41.19407272338867,39.94465255737305,38.414527893066406,37.91640090942383,38.18342971801758,38.461326599121094,38.45010757446289,37.867244720458984,36.89413070678711,36.092247009277344,35.78657531738281,36.32768630981445,37.17425537109375,38.5015983581543,39.88078689575195,40.742305755615234,40.609535217285156,39.91419982910156,39.3267936706543,38.80757141113281,38.57606506347656,38.49875259399414,38.74873733520508,39.22509765625,39.400856018066406,38.514801025390625,37.16603088378906,36.74528121948242,37.55247116088867,38.3440055847168,38.470985412597656,39.136436462402344,41.025001525878906,43.404659271240234,42.81589889526367,38.16330337524414,32.941673278808594,31.75649642944336,34.55927658081055,37.9803581237793,40.22599411010742,41.89046859741211,43.432254791259766,44.20417404174805
41.67874526977539,39.865821838378906,37.641204833984375,36.55638885498047,36.455108642578125,36.73960876464844,37.320220947265625,37.390663146972656,36.82106018066406,35.625396728515625,35.5850830078125,36.76432418823242,37.821285247802734,38.57528305053711,39.38301467895508,39.5863037109375,38.75636672973633,37.55551528930664,37.58456802368164,38.75764846801758,39.79242706298828,39.445003509521484,37.951576232910156,36.652862548828125,35.88380813598633,35.24260330200195,35.16057586669922,35.87639236450195,36.85274124145508,37.58726501464844,38.26801300048828,39.290218353271484,41.0621337890625,43.12076187133789,42.12718200683594,37.35104751586914,33.286399841308594,33.964752197265625,36.2490119934082,37.197261810302734,37.978885650634766,39.43057632446289,40.973628997802734,42.33835220336914
40.87535858154297,38.7211799621582,36.4999885559082,35.154022216796875,34.70032501220703,35.1716423034668,36.46160888671875,37.09510803222656,36.71867370605469,36.325233459472656,37.187217712402344,38.1065673828125,38.13529586791992,38.13670349121094,38.42605972290039,38.27643966674805,37.65192794799805,37.37097930908203,37.812808990478516,38.656280517578125,38.49015808105469,36.90542984008789,35.30937957763672,34.78333282470703,34.872310638427734,35.00184631347656,35.10247039794922,34.98213195800781,34.73564529418945,35.36097717285156,36.910152435302734,38.16925811767578,39.522640228271484,40.80097961425781,39.15928268432617,35.77141189575195,34.571929931640625,35.44087219238281,35.62864303588867,35.6690788269043,36.80276870727539,37.59029769897461,38.14021682739258,39.756710052490234
39.518577575683594,37.79185104370117,35.92695999145508,34.425193786621094,33.67981719970703,34.2966194152832,36.00381851196289,36.94921112060547,36.8242073059082,37.26504135131836,38.68396759033203,39.18578338623047,38.19367218017578,37.78961944580078,38.17827606201172,38.69328308105469,39.1085205078125,38.73466491699219,37.6550178527832,36.612586975097656,35.97840118408203,35.826080322265625,36.216880798339844,36.5676155090332,36.02626037597656,35.00370788574219,34.08338928222656,33.31635665893555,33.4512939453125,34.966941833496094,36.59976577758789,37.265254974365234,38.06708908081055,38.29788589477539,36.70436096191406,36.425872802734375,37.920799255371094,36.73112869262695,33.30736541748047,32.800193786621094,35.00143051147461,36.43543243408203,37.23276138305664,38.39975357055664
38.59071350097656,37.299476623535156,35.90203857421875,34.949920654296875,34.4863166809082,34.957672119140625,36.12635803222656,36.77968978881836,36.97338104248047,37.89250564575195,39.237300872802734,39.75238800048828,38.96647262573242,38.28546905517578,38.52216339111328,39.812828063964844,40.85716247558594,39.58686828613281,37.29381561279297,36.182796478271484,36.384029388427734,36.838890075683594,36.934120178222656,36.467777252197266,35.60957336425781,34.74254608154297,33.99544143676758,33.541988372802734,33.73929977416992,34.56486511230469,35.336761474609375,36.22098159790039,36.90602111816406,36.303794860839844,35.820465087890625,38.2447624206543,39.805564880371094,35.983253479003906,31.076101303100586,30.731220245361328,33.43022537231445,35.66605758666992,36.65708923339844,37.147674560546875
38.29253005981445,37.23870849609375,36.17915725708008,35.70516586303711,35.28176498413086,35.2589111328125,35.69388198852539,36.335296630859375,37.27745819091797,38.17561721801758,39.11404800415039,40.07408142089844,40.26512145996094,39.649818420410156,39.33130645751953,40.03123474121094,40.5743522644043,39.74338912963867,37.99002456665039,36.464752197265625,35.64411544799805,35.30652618408203,35.207672119140625,35.09906768798828,34.7170524597168,34.015750885009766,33.50760269165039,33.43415832519531,33.48228454589844,33.817596435546875,34.65644836425781,35.91073226928711,36.6046028137207,36.53140640258789,37.14797592163086,38.78538131713867,38.54722213745117,35.88365173339844,33.21046447753906,32.43495559692383,33.63386535644531,35.53791046142578,36.55758285522461,36.60578536987305
38.4273681640625,37.48048782348633,36.20302963256836,35.643348693847656,35.186973571777344,34.82923126220703,34.82916259765625,36.22789001464844,37.4002685546875,37.97334671020508,38.95163345336914,40.223487854003906,41.25236892700195,41.096675872802734,39.88350296020508,39.18948745727539,39.118408203125,38.19388198852539,36.397705078125,35.117271423339844,34.60981750488281,34.296199798583984,34.12504196166992,34.05477523803711,33.97784423828125,33.71625900268555,33.08080291748047,32.516845703125,32.637454986572266,33.50108337402344,34.68760299682617,35.60883712768555,36.312843322753906,37.14457321166992,37.61970138549805,37.330665588378906,37.59334182739258,38.25621795654297,37.454872131347656,35.90044403076172,35.75248336791992,36.41675567626953,35.95515060424805,34.835182189941406
38.51826477050781,37.6037712097168,36.14415740966797,34.87095260620117,33.87257385253906,34.34965896606445,35.8973274230957,36.95916748046875,36.55055236816406,36.48895263671875,37.93000411987305,39.89887237548828,41.223609924316406,40.938899993896484,39.29711151123047,37.75254821777344,36.9035758972168,35.781681060791016,34.34464645385742,33.72721481323242,33.86825180053711,34.05130386352539,34.364166259765625,34.61156463623047,34.170440673828125,33.32166290283203,32.65537643432617,32.10146713256836,31.697723388671875,31.729145050048828,32.43968200683594,34.312232971191406,36.70340347290039,37.38069152832031,36.329994201660156,36.299346923828125,38.06635665893555,39.680606842041016,39.45127487182617,38.24100875854492,38.095157623291016,37.74481201171875,35.51346969604492,33.353843688964844
39.14827346801758,38.079097747802734,35.598934173583984,33.56985855102539,33.79389953613281,35.79220199584961,36.77391815185547,35.556182861328125,34.687068939208984,35.74480438232422,37.567535400390625,38.71596145629883,39.377960205078125,39.43931579589844,38.23579788208008,36.18499755859375,34.66410446166992,33.75721740722656,32.85356140136719,32.43793869018555,32.94444274902344,33.8524284362793,34.78276443481445,35.45613098144531,35.2078971862793,34.02357482910156,32.53752136230469,31.622478485107422,31.60392189025879,31.99463653564453,33.10960006713867,35.12677001953125,36.19834518432617,35.804954528808594,35.68600082397461,36.478580474853516,38.09758758544922,40.0366096496582,40.092525482177734,38.693843841552734,38.04250717163086,37.00021743774414,34.22807693481445,32.36984634399414
40.29318618774414,38.52130889892578,35.43461608886719,34.239112854003906,36.30329132080078,37.490692138671875,35.343387603759766,33.69620132446289,34.65574645996094,36.35190200805664,37.36090850830078,37.71870040893555,37.869972229003906,37.596832275390625,36.44772720336914,34.76595687866211,33.478572845458984,32.72874069213867,31.966838836669922,31.58037757873535,32.31813049316406,33.76834487915039,34.97366714477539,35.48092269897461,35.26617431640625,34.71033477783203,33.88773727416992,32.61250686645508,31.707733154296875,32.19924545288086,33.7203483581543,35.28402328491211,36.05815124511719,36.00290298461914,35.61093521118164,35.7919921875,37.4532585144043,39.780540466308594,39.589569091796875,37.59720993041992,36.67308044433594,35.91334533691406,34.048702239990234,33.171875
40.405033111572266,38.52772903442383,36.24882125854492,36.357669830322266,37.58465576171875,36.308841705322266,34.070068359375,33.84482192993164,35.0006217956543,35.95201110839844,36.44819641113281,36.82899475097656,36.97744369506836,36.36182403564453,34.98816680908203,33.54304504394531,32.7099609375,32.35851287841797,31.812957763671875,31.357633590698242,31.711204528808594,32.76116180419922,33.739479064941406,34.13669204711914,34.36176681518555,34.697566986083984,34.958168029785156,34.384376525878906,32.97743225097656,32.41944885253906,33.5870361328125,35.253456115722656,36.009681701660156,36.09223175048828,35.69395065307617,35.39875030517578,37.063533782958984,39.832759857177734,39.352352142333984,36.73436737060547,35.97344207763672,36.105743408203125,35.515899658203125,34.46842575073242
39.37831115722656,38.724571228027344,37.54133605957031,36.54747772216797,35.896671295166016,35.267738342285156,34.476112365722656,33.87274932861328,33.94920349121094,34.424041748046875,34.776668548583984,34.89885711669922,34.801631927490234,34.36872863769531,33.593963623046875,32.75857925415039,32.1949348449707,31.815168380737305,31.34427261352539,31.02446937561035,31.25690269470215,31.77553367614746,32.283172607421875,32.92805480957031,33.90597152709961,34.90544128417969,35.371177673339844,35.18476486206055,34.16719436645508,33.25431442260742,33.80422592163086,35.2760009765625,35.935543060302734,35.35163879394531,34.33112335205078,34.44989776611328,36.89015579223633,39.31155014038086,37.682090759277344,34.948577880859375,35.415950775146484,37.19929122924805,37.14974594116211,35.23912048339844
38.44124984741211,38.578800201416016,36.94620132446289,35.554595947265625,35.459197998046875,35.013427734375,33.83236312866211,33.19507598876953,33.24325942993164,33.17864990234375,32.768028259277344,32.284751892089844,31.985197067260742,31.956783294677734,32.09901428222656,32.04084777832031,31.536306381225586,30.760766983032227,30.218502044677734,30.414932250976562,31.277462005615234,32.11076736450195,32.60152053833008,33.27375030517578,34.377044677734375,35.328128814697266,35.86433410644531,36.08326721191406,35.386756896972656,34.149654388427734,34.13645935058594,35.17342758178711,34.99952697753906,33.469173431396484,32.69789123535156,34.77647399902344,37.75837707519531,38.23749923706055,35.3455696105957,32.855106353759766,34.30131912231445,37.56381607055664,38.11387252807617,35.785919189453125
36.3262939453125,37.146728515625,36.50444030761719,35.305931091308594,34.92062759399414,34.89410400390625,34.250301361083984,33.15878677368164,32.19076919555664,31.446205139160156,30.825042724609375,30.269630432128906,29.817026138305664,29.71880531311035,30.078075408935547,30.407684326171875,30.079526901245117,29.361921310424805,29.164499282836914,30.0410099029541,31.85525894165039,33.64013671875,34.52714920043945,34.88434600830078,35.22924041748047,35.635704040527344,36.31562423706055,36.86311721801758,35.960044860839844,34.2241096496582,33.932613372802734,35.13325119018555,34.1036376953125,31.397146224975586,31.59143829345703,36.226993560791016,39.1093635559082,36.824562072753906,33.41067886352539,32.569068908691406,34.375186920166016,36.999359130859375,37.78837966918945,36.11420440673828
35.678680419921875,36.227596282958984,34.93851089477539,34.186798095703125,35.09588623046875,35.7173957824707,34.55236053466797,32.427490234375,30.72660255432129,29.892919540405273,29.601932525634766,29.37095069885254,28.934856414794922,28.551610946655273,28.551671981811523,28.642684936523438,28.454849243164062,28.323698043823242,28.75726890563965,30.084564208984375,32.451541900634766,34.906089782714844,36.169677734375,36.422821044921875,36.26049041748047,35.988975524902344,36.22100067138672,36.32072067260742,34.64662551879883,32.60857009887695,32.876869201660156,34.506919860839844,32.93476104736328,30.067575454711914,31.236600875854492,36.65332794189453,39.44684982299805,37.28096008300781,34.42424774169922,33.86569595336914,34.9095344543457,35.8829345703125,36.58463668823242,36.842044830322266
34.53032684326172,34.61258316040039,34.18296432495117,33.90269470214844,34.48751449584961,34.982643127441406,34.036468505859375,31.82846450805664,29.554271697998047,28.168628692626953,27.88656997680664,28.19930648803711,28.413196563720703,28.323606491088867,28.20427894592285,28.094005584716797,28.056114196777344,28.349809646606445,29.059078216552734,30.369205474853516,32.56724166870117,35.113258361816406,36.96126174926758,37.60541534423828,37.0453987121582,36.044281005859375,35.571224212646484,34.56694030761719,31.821155548095703,29.978580474853516,31.56654167175293,33.3310661315918,31.77239418029785,30.37102508544922,32.0598258972168,34.98067092895508,37.427799224853516,39.2165412902832,38.396026611328125,35.56715774536133,33.85832595825195,34.00022506713867,34.97095489501953,36.321937561035156
33.488704681396484,33.535160064697266,33.76298522949219,33.892066955566406,33.91897964477539,33.69355010986328,32.70657730102539,30.897716522216797,28.930234909057617,27.69110870361328,27.636531829833984,28.26604652404785,28.71328353881836,28.612201690673828,28.336782455444336,28.2000675201416,28.307655334472656,28.85508918762207,29.754331588745117,30.94042205810547,32.725250244140625,35.0586051940918,37.01788330078125,37.40635299682617,36.26523971557617,35.44300842285156,34.919677734375,32.923927307128906,30.143192291259766,29.931100845336914,32.12623596191406,33.00575637817383,31.783279418945312,31.517152786254883,32.47549819946289,33.20936965942383,34.94059753417969,37.958282470703125,39.53147888183594,38.105751037597656,35.28472137451172,33.218650817871094,32.939231872558594,34.35737228393555
