data/wind_data/wind_42_0.json
{"header": {"parameterUnit": "KT", "parameterCategory": 2, "nx": 255, "ny": 198, "lo1": 44.73521041870117, "la1": -3.236724853515625, "lo2": 111.26478576660156, "la2": 43.468475341796875, "dx": 0.26192745566368103, "dy": -0.23708222806453705, "refTime": "2025-02-20 18:00:00", "forecastTime": 0, "parameterNumber": 3, "parameterNumberName": "northward_wind"}, "data":
[rows 19 to 37 of 198, columns 0 to 42 of 255]
-1.2692549228668213,-2.2566111087799072,-3.7866342067718506,-4.989812850952148,-5.713981628417969,-7.6449198722839355,-8.614752769470215,-8.901078224182129,-8.376588821411133,-8.37681770324707,-9.05463981628418,-10.366451263427734,-11.626757621765137,-11.734118461608887,-10.147017478942871,-8.513167381286621,-8.579058647155762,-10.332517623901367,-11.889106750488281,-12.38087272644043,-12.275848388671875,-12.139410972595215,-11.825404167175293,-12.667645454406738,-13.90664005279541,-14.793106079101562,-15.0801420211792,-13.598223686218262,-9.971541404724121,-4.818154335021973,-4.472007751464844,-5.2422003746032715,-4.55383825302124,-3.8028807640075684,-3.9034130573272705,-2.540447235107422,-2.8791399002075195,-2.6406731605529785,-2.6854090690612793,-2.8689675331115723,-2.886193037033081,-2.942988872528076,-3.1057684421539307
0.18610140681266785,-0.8036993741989136,-2.1344614028930664,-4.368262767791748,-5.664311408996582,-6.751098155975342,-7.580651760101318,-7.899960041046143,-8.045295715332031,-8.512189865112305,-9.49144458770752,-10.727502822875977,-11.620582580566406,-11.464900970458984,-10.053290367126465,-9.038841247558594,-9.546710968017578,-10.993660926818848,-12.145209312438965,-12.596238136291504,-13.047826766967773,-13.564322471618652,-13.538993835449219,-13.185049057006836,-13.233786582946777,-14.127411842346191,-15.081637382507324,-15.121668815612793,-14.013421058654785,-10.155399322509766,-8.506686210632324,-9.344561576843262,-9.79681396484375,-7.366931915283203,-3.054157018661499,-1.5392913818359375,-3.140627861022949,-3.297545909881592,-2.4128034114837646,-1.193698763847351,-0.13220326602458954,0.6136208176612854,0.8761207461357117
0.9497253894805908,-0.26343733072280884,-0.6349221467971802,-2.0690479278564453,-5.810475826263428,-6.9667768478393555,-7.870922088623047,-7.5013275146484375,-8.056314468383789,-9.020706176757812,-10.498189926147461,-11.45462703704834,-11.550504684448242,-10.783941268920898,-9.752989768981934,-9.685103416442871,-10.587438583374023,-11.489644050598145,-12.121355056762695,-12.149035453796387,-12.290937423706055,-12.800745010375977,-12.793021202087402,-12.468204498291016,-12.501434326171875,-12.911669731140137,-13.831497192382812,-14.35388469696045,-13.741090774536133,-11.889662742614746,-10.346531867980957,-10.722926139831543,-12.906610488891602,-12.75988483428955,-7.546597003936768,-1.6583144664764404,-2.845891237258911,-4.168702602386475,-3.3099210262298584,-1.798444151878357,-0.23861253261566162,0.5549185872077942,1.8948545455932617
1.2325588464736938,-0.05332169681787491,-0.024201173335313797,-0.7568683624267578,-3.2639598846435547,-6.122495174407959,-8.445032119750977,-8.447003364562988,-9.081084251403809,-10.252202987670898,-11.496549606323242,-11.567251205444336,-10.666831970214844,-9.49325180053711,-9.023120880126953,-9.583097457885742,-10.485763549804688,-10.793388366699219,-10.866101264953613,-11.182038307189941,-11.615071296691895,-11.625462532043457,-10.824748992919922,-10.497026443481445,-11.315402030944824,-11.420602798461914,-11.852182388305664,-11.874133110046387,-11.254142761230469,-9.873645782470703,-9.08807373046875,-9.943050384521484,-12.119425773620605,-14.098264694213867,-12.839710235595703,-5.119438648223877,-1.5330069065093994,-4.223620414733887,-5.57753324508667,-6.081576824188232,-6.540779113769531,-6.571187496185303,-4.5486955642700195
1.3715968132019043,0.11131823062896729,-0.2014986127614975,-0.6783881187438965,-1.696594476699829,-4.290685653686523,-6.74144172668457,-8.660975456237793,-9.976358413696289,-11.083819389343262,-11.538005828857422,-10.731206893920898,-9.557852745056152,-8.953139305114746,-9.283961296081543,-10.052769660949707,-10.234393119812012,-9.738675117492676,-9.246325492858887,-9.783723831176758,-10.900263786315918,-11.315835952758789,-10.441007614135742,-9.372368812561035,-9.908966064453125,-10.32491397857666,-10.841279029846191,-10.722577095031738,-10.608427047729492,-9.98391342163086,-9.844847679138184,-10.719306945800781,-11.959677696228027,-13.281683921813965,-13.553817749023438,-9.594099998474121,-3.3142542839050293,-4.952107906341553,-7.322316646575928,-8.45207691192627,-10.262639999389648,-11.336161613464355,-10.352081298828125
1.7617629766464233,0.3635305166244507,-0.15771658718585968,-0.6412016749382019,-1.4869556427001953,-2.735908031463623,-4.749608516693115,-6.657748699188232,-9.712535858154297,-10.91577434539795,-10.590628623962402,-9.858991622924805,-9.277196884155273,-9.203685760498047,-9.710315704345703,-10.20980453491211,-10.230222702026367,-9.809965133666992,-9.239872932434082,-9.213590621948242,-10.284199714660645,-11.325608253479004,-10.98773193359375,-9.994699478149414,-10.234711647033691,-11.387646675109863,-11.7943115234375,-10.826807975769043,-10.518514633178711,-10.544210433959961,-10.67043399810791,-11.066742897033691,-11.823209762573242,-12.741487503051758,-12.937968254089355,-10.972515106201172,-7.376266002655029,-7.238781929016113,-7.963481903076172,-7.927913188934326,-8.716438293457031,-9.950745582580566,-10.227438926696777
2.451275110244751,0.7595177888870239,0.06789150834083557,-0.7526310682296753,-1.7089557647705078,-1.8510701656341553,-2.6754350662231445,-4.383459091186523,-6.962991714477539,-9.4777250289917,-9.530416488647461,-9.35664176940918,-9.635669708251953,-9.73387336730957,-9.538175582885742,-9.304877281188965,-9.501544952392578,-9.747793197631836,-9.503559112548828,-9.342071533203125,-10.118342399597168,-10.482665061950684,-10.189142227172852,-10.44938850402832,-11.369545936584473,-12.608013153076172,-12.669352531433105,-10.769315719604492,-9.448243141174316,-9.760868072509766,-10.484369277954102,-11.058341026306152,-11.830101013183594,-12.760382652282715,-12.203535079956055,-10.362558364868164,-9.198681831359863,-9.13863468170166,-8.624900817871094,-7.935046672821045,-7.634115219116211,-7.9725728034973145,-8.19472885131836
2.4002187252044678,1.601051688194275,0.4899732172489166,-0.7130296230316162,-1.604134440422058,-1.0569640398025513,-1.2434667348861694,-2.6204826831817627,-4.457326412200928,-6.365082263946533,-8.400896072387695,-9.137460708618164,-10.035470008850098,-10.727843284606934,-10.284927368164062,-9.255743980407715,-8.90667724609375,-8.935160636901855,-8.917081832885742,-9.423066139221191,-9.955102920532227,-9.375020027160645,-9.164788246154785,-10.119606971740723,-10.991528511047363,-11.560264587402344,-11.638749122619629,-10.868308067321777,-9.970224380493164,-10.674880027770996,-11.423054695129395,-11.324440002441406,-11.684757232666016,-11.841835021972656,-10.751160621643066,-9.60035228729248,-9.14370059967041,-8.94896125793457,-8.638435363769531,-8.03036880493164,-6.867785930633545,-5.770784378051758,-5.730538368225098
1.0735052824020386,2.81699275970459,1.4411500692367554,0.007946802303195,-0.42987263202667236,-0.009074315428733826,-0.1628672033548355,-1.0967683792114258,-2.693922519683838,-3.9607162475585938,-6.075841426849365,-8.443831443786621,-9.749001502990723,-10.500048637390137,-10.356407165527344,-9.569805145263672,-9.285551071166992,-9.026032447814941,-8.779549598693848,-9.426553726196289,-9.63998031616211,-9.476521492004395,-9.634507179260254,-10.219456672668457,-10.438809394836426,-10.184264183044434,-10.19929313659668,-10.677942276000977,-11.344512939453125,-11.886579513549805,-11.528586387634277,-10.778349876403809,-11.220715522766113,-11.063409805297852,-9.715007781982422,-9.04859733581543,-9.12521743774414,-9.038799285888672,-8.349302291870117,-7.7545576095581055,-7.095511436462402,-6.827958106994629,-6.711352348327637
-0.6209478378295898,2.4389543533325195,1.9961978197097778,0.8922034502029419,0.9161213040351868,1.2848858833312988,0.5645477175712585,-0.17820635437965393,-1.1583553552627563,-2.415614366531372,-4.301743507385254,-6.958007335662842,-9.009703636169434,-8.46241569519043,-8.701651573181152,-9.33790111541748,-10.382844924926758,-10.681901931762695,-9.73562240600586,-8.896848678588867,-9.240456581115723,-10.262883186340332,-10.611479759216309,-10.557317733764648,-10.09468936920166,-9.887420654296875,-10.050363540649414,-10.44989013671875,-11.343612670898438,-11.954022407531738,-11.161951065063477,-10.648719787597656,-11.003527641296387,-10.688814163208008,-9.668000221252441,-8.844072341918945,-9.253070831298828,-10.439005851745605,-9.386983871459961,-7.439616680145264,-8.249924659729004,-10.262964248657227,-10.145529747009277
-1.9003334045410156,-0.2074996829032898,1.467507004737854,1.5403659343719482,1.3830046653747559,2.9097399711608887,1.277197241783142,0.5113070607185364,-0.3105110824108124,-1.1315956115722656,-2.985553741455078,-5.72911262512207,-8.161975860595703,-7.622489929199219,-7.731081008911133,-9.432804107666016,-10.89462661743164,-10.924633979797363,-9.950057029724121,-8.83296012878418,-9.365620613098145,-10.837679862976074,-10.77625846862793,-10.24553108215332,-9.895750999450684,-9.911408424377441,-10.26440143585205,-10.72368335723877,-11.039344787597656,-11.248377799987793,-11.110116004943848,-11.424201011657715,-11.305026054382324,-9.904680252075195,-9.003437995910645,-8.739692687988281,-9.818082809448242,-11.51233196258545,-10.098236083984375,-7.182178497314453,-8.303194999694824,-10.934357643127441,-10.992107391357422
-2.5036611557006836,-2.2167372703552246,0.17223979532718658,0.754778265953064,0.1892184466123581,3.492384910583496,2.046823501586914,1.33213210105896,0.3865841329097748,-0.5319123864173889,-1.8581295013427734,-4.00830078125,-6.1608147621154785,-7.754400253295898,-8.019183158874512,-9.337718963623047,-9.820287704467773,-8.75334644317627,-8.28365421295166,-9.172212600708008,-10.421913146972656,-11.208110809326172,-10.25233268737793,-8.785479545593262,-9.064138412475586,-8.981940269470215,-9.614070892333984,-10.605252265930176,-10.878681182861328,-10.529662132263184,-11.001029014587402,-12.157233238220215,-12.141087532043457,-9.845905303955078,-7.507249355316162,-8.248879432678223,-10.686868667602539,-12.0093412399292,-10.3197021484375,-7.777200698852539,-8.170195579528809,-9.890233993530273,-10.044512748718262
-2.095925807952881,-2.4207653999328613,-1.5168914794921875,-1.2921820878982544,-1.1943655014038086,1.7391997575759888,2.3056225776672363,1.5648564100265503,0.5400328040122986,-0.42074137926101685,-1.350342869758606,-2.1962509155273438,-3.957733392715454,-6.030630111694336,-8.630440711975098,-9.07473087310791,-8.869599342346191,-7.865303039550781,-7.647128582000732,-9.027771949768066,-10.520968437194824,-10.838093757629395,-10.167654991149902,-8.1204252243042,-7.606619358062744,-8.255243301391602,-9.501016616821289,-10.119230270385742,-10.243860244750977,-10.243699073791504,-10.6568603515625,-11.94884204864502,-12.298601150512695,-10.607712745666504,-8.026144981384277,-8.780587196350098,-10.393928527832031,-10.556575775146484,-10.00747299194336,-9.353321075439453,-8.793864250183105,-9.27435302734375,-9.261308670043945
-1.6967493295669556,-2.192516565322876,-2.3441383838653564,-1.9297657012939453,-1.0859378576278687,-0.1263515204191208,2.2951529026031494,2.3548271656036377,1.189865231513977,-0.28658249974250793,-1.2361340522766113,-1.4177173376083374,-2.0208709239959717,-4.332111835479736,-8.111146926879883,-9.42101764678955,-9.161310195922852,-8.856525421142578,-8.771650314331055,-8.84290599822998,-9.257277488708496,-9.987863540649414,-10.505378723144531,-8.775725364685059,-7.30379056930542,-8.829849243164062,-9.857641220092773,-9.723745346069336,-9.830924034118652,-10.016992568969727,-9.713058471679688,-10.402883529663086,-10.575824737548828,-10.416617393493652,-9.828330993652344,-10.07713794708252,-10.254169464111328,-9.1492280960083,-9.033061981201172,-9.77514934539795,-9.415658950805664,-8.841676712036133,-9.08442211151123
-1.2735925912857056,-1.6520763635635376,-1.6899923086166382,-0.6659754514694214,0.3145441710948944,-0.5496746301651001,0.8074693083763123,1.713145136833191,1.1464672088623047,-0.30378082394599915,-1.2313108444213867,-1.3654439449310303,-1.4658571481704712,-2.7860801219940186,-5.621907711029053,-8.960799217224121,-9.282615661621094,-8.957531929016113,-8.696839332580566,-8.303213119506836,-8.310380935668945,-9.147645950317383,-9.565742492675781,-8.458908081054688,-7.6866536140441895,-8.76108455657959,-9.650521278381348,-9.96164608001709,-10.338723182678223,-10.300202369689941,-9.378867149353027,-9.210930824279785,-8.999834060668945,-9.274946212768555,-10.191457748413086,-10.68825912475586,-9.980672836303711,-9.044879913330078,-8.798218727111816,-9.329120635986328,-9.418013572692871,-8.544366836547852,-7.718032360076904
-0.4647495448589325,-0.852493405342102,-0.8153929710388184,0.27836093306541443,1.5138870477676392,0.2314712107181549,-0.1551237553358078,-0.3684799075126648,-0.6380139589309692,-1.1735938787460327,-1.6037328243255615,-1.8776147365570068,-1.9202208518981934,-2.3784446716308594,-4.390561103820801,-6.6812543869018555,-8.37458610534668,-7.833810329437256,-7.916392803192139,-8.250062942504883,-8.595417022705078,-8.669398307800293,-8.1338529586792,-7.389017105102539,-7.447567462921143,-8.27486515045166,-9.457673072814941,-10.476771354675293,-10.648608207702637,-10.514270782470703,-9.74158763885498,-9.373510360717773,-9.422224998474121,-9.266761779785156,-9.813971519470215,-10.488905906677246,-9.433805465698242,-8.321244239807129,-8.677449226379395,-9.183460235595703,-8.673504829406738,-8.828723907470703,-7.991630554199219
0.5643157362937927,0.10931690037250519,-0.16252736747264862,0.4260874390602112,1.4688169956207275,1.2787137031555176,1.2189581394195557,0.42930904030799866,0.15232987701892853,-0.27204012870788574,-0.9581570029258728,-1.7698408365249634,-2.3677713871002197,-3.322605848312378,-4.297593593597412,-5.115994453430176,-6.871537685394287,-6.710635185241699,-7.1546831130981445,-8.530117988586426,-9.305930137634277,-8.73802375793457,-7.534499645233154,-6.487646102905273,-6.69613790512085,-8.105680465698242,-9.488165855407715,-9.920289993286133,-9.455552101135254,-8.54590129852295,-8.210189819335938,-9.037318229675293,-10.521023750305176,-10.372631072998047,-9.817766189575195,-9.520627975463867,-8.532156944274902,-7.656627655029297,-8.501093864440918,-9.1561861038208,-7.982395172119141,-8.174834251403809,-9.867966651916504
1.467653751373291,0.9160080552101135,0.8038896322250366,1.043114423751831,1.400164246559143,1.4594779014587402,2.4379677772521973,2.060878276824951,1.4313544034957886,0.7970181107521057,0.045202385634183884,-1.0320948362350464,-1.9584935903549194,-2.932668924331665,-3.538238525390625,-4.197068214416504,-5.0772223472595215,-6.086240291595459,-6.440340518951416,-8.245386123657227,-9.122570991516113,-8.244698524475098,-6.813229560852051,-5.805302619934082,-6.4582133293151855,-8.592154502868652,-10.206865310668945,-9.559874534606934,-7.421061992645264,-6.3007073402404785,-6.654923915863037,-8.201576232910156,-9.800699234008789,-10.129236221313477,-9.24488353729248,-7.9605536460876465,-7.399044513702393,-7.9900736808776855,-8.945578575134277,-8.460280418395996,-7.2053680419921875,-7.126893043518066,-9.605464935302734
1.916096568107605,1.4591549634933472,1.8398077487945557,2.0712485313415527,1.891173005104065,1.6287975311279297,2.550203323364258,2.7889797687530518,2.671558380126953,2.5194287300109863,2.111558198928833,0.8360148072242737,-0.704325258731842,-1.8865293264389038,-3.0969793796539307,-4.041867256164551,-4.671291351318359,-6.064342975616455,-6.9193925857543945,-8.077348709106445,-8.288701057434082,-7.237393379211426,-6.215721607208252,-6.252161502838135,-7.2258524894714355,-8.97394847869873,-10.54158878326416,-9.563272476196289,-6.538797855377197,-5.547209739685059,-7.023560523986816,-8.46656608581543,-8.74970817565918,-8.040801048278809,-7.513706684112549,-6.919924259185791,-7.248194217681885,-8.317852973937988,-8.477272033691406,-6.955986499786377,-6.0448455810546875,-6.800741672515869,-7.507424831390381
