data/wind_data/wind_9_3.json
{"header": {"parameterUnit": "KT", "parameterCategory": 2, "nx": 256, "ny": 198, "lo1": 44.73521041870117, "la1": -3.236724853515625, "lo2": 111.26478576660156, "la2": 43.468475341796875, "dx": 0.2609002888202667, "dy": -0.23708222806453705, "refTime": "2025-02-19 09:00:00", "forecastTime": 0, "parameterNumber": 2, "parameterNumberName": "eastward_wind"}, "data":
[rows 171 to 189 of 198, columns 44 to 87 of 256]
13.453011512756348,14.930792808532715,15.439674377441406,14.656743049621582,13.537312507629395,12.320788383483887,13.595171928405762,14.35305118560791,14.267849922180176,14.007722854614258,13.81063175201416,13.456416130065918,13.104902267456055,13.004137992858887,13.091104507446289,12.896607398986816,12.194992065429688,11.374378204345703,10.432140350341797,9.73344898223877,9.544727325439453,9.736055374145508,10.547492027282715,11.608704566955566,12.03162956237793,11.64184284210205,11.089339256286621,10.836134910583496,10.795748710632324,10.74244213104248,10.468698501586914,10.13774299621582,9.9939603805542,9.553324699401855,9.324625968933105,9.808606147766113,11.087658882141113,12.593581199645996,12.880159378051758,12.286395072937012,13.741484642028809,15.07837963104248,12.052591323852539,11.32690143585205
14.412712097167969,15.455923080444336,16.018970489501953,15.303656578063965,13.668524742126465,14.170805931091309,15.25649356842041,15.29590129852295,15.021811485290527,15.110692024230957,15.207305908203125,14.988556861877441,14.553302764892578,14.28997802734375,14.196134567260742,13.84148120880127,13.388731002807617,12.925809860229492,12.31801986694336,11.770699501037598,11.37014389038086,11.150357246398926,11.390488624572754,12.472127914428711,13.620885848999023,14.138717651367188,13.970637321472168,13.444870948791504,12.92148208618164,12.550686836242676,12.320684432983398,11.99090576171875,11.493549346923828,10.988072395324707,10.325455665588379,9.798471450805664,10.163047790527344,12.408514022827148,13.149240493774414,12.141961097717285,11.137445449829102,12.95629596710205,13.663674354553223,10.98078441619873
15.489312171936035,15.668233871459961,15.211382865905762,15.106195449829102,15.130757331848145,15.3197021484375,15.687313079833984,15.798905372619629,15.728904724121094,15.824640274047852,16.02468490600586,16.037572860717773,15.788535118103027,15.640398979187012,15.464662551879883,15.29884147644043,15.1563081741333,14.710482597351074,14.100929260253906,13.61525821685791,13.190410614013672,12.825566291809082,12.785506248474121,13.484399795532227,14.571272850036621,15.494855880737305,15.865864753723145,15.699996948242188,15.293259620666504,14.953131675720215,14.646488189697266,14.362775802612305,13.923233985900879,13.164297103881836,11.984477043151855,10.888916969299316,10.33917236328125,11.653831481933594,13.252181053161621,13.354538917541504,11.274070739746094,11.163148880004883,14.081844329833984,12.366384506225586
15.717041969299316,15.212488174438477,14.900382995605469,15.165133476257324,15.36182975769043,15.665145874023438,16.161258697509766,16.39512825012207,16.372358322143555,16.46324920654297,16.80191421508789,17.12203025817871,17.3203067779541,17.18166732788086,16.706073760986328,16.62068748474121,16.568344116210938,16.18985939025879,15.69001579284668,15.2974271774292,14.853349685668945,14.59853744506836,14.553580284118652,14.885705947875977,15.628150939941406,16.41567039489746,16.87234115600586,16.85555076599121,16.644113540649414,16.62677574157715,16.542421340942383,16.23691749572754,15.956148147583008,15.365345001220703,14.238128662109375,12.878303527832031,11.798089027404785,11.809479713439941,13.388385772705078,14.624627113342285,13.202072143554688,10.05862808227539,11.733196258544922,12.3512601852417
15.667163848876953,15.066743850708008,15.096654891967773,15.402039527893066,15.647849082946777,16.107677459716797,16.71444320678711,17.003820419311523,16.99152374267578,17.16524887084961,17.567378997802734,18.073007583618164,18.656494140625,18.614038467407227,18.1444091796875,17.84082794189453,17.51522445678711,17.077625274658203,16.631359100341797,16.27300262451172,16.07364845275879,16.084938049316406,16.25751304626465,16.52898597717285,16.931690216064453,17.442607879638672,17.86417007446289,17.9326114654541,17.740264892578125,17.631494522094727,17.566293716430664,17.470905303955078,17.4024715423584,17.12859344482422,16.339893341064453,15.21780776977539,13.930185317993164,12.980608940124512,13.94556713104248,14.57020092010498,14.973371505737305,10.345132827758789,10.192545890808105,11.371278762817383
14.976978302001953,14.50143814086914,14.767828941345215,15.173324584960938,15.50320053100586,15.992619514465332,16.617828369140625,17.124977111816406,17.468456268310547,17.91386604309082,18.45348358154297,19.17321014404297,19.73461151123047,19.471399307250977,19.012548446655273,18.5393009185791,18.006591796875,17.40273094177246,16.89116859436035,16.689632415771484,16.710927963256836,16.976850509643555,17.42983627319336,17.854576110839844,18.192184448242188,18.561229705810547,18.99791717529297,19.29059600830078,19.07374382019043,18.688663482666016,18.431774139404297,18.339431762695312,18.373676300048828,18.290729522705078,17.94358253479004,17.188995361328125,15.869373321533203,14.648414611816406,14.647153854370117,14.75283145904541,15.24091911315918,12.219219207763672,11.12546443939209,11.7700777053833
14.251601219177246,13.820049285888672,14.044267654418945,14.467992782592773,15.002663612365723,15.776005744934082,16.71791648864746,17.638595581054688,18.483341217041016,19.223297119140625,19.819772720336914,20.41231918334961,20.782869338989258,20.360322952270508,19.415334701538086,18.567001342773438,17.981081008911133,17.411592483520508,16.96384048461914,16.642501831054688,16.513717651367188,16.907062530517578,17.66010284423828,18.396888732910156,18.868087768554688,19.181245803833008,19.5266170501709,19.92623519897461,20.00411033630371,19.696292877197266,19.29667854309082,19.065759658813477,19.034883499145508,19.042112350463867,18.9849796295166,18.599157333374023,17.590242385864258,16.566240310668945,16.012601852416992,15.572333335876465,15.781728744506836,14.525596618652344,12.371582984924316,11.53406047821045
14.275350570678711,13.414144515991211,13.352006912231445,13.979475021362305,15.004687309265137,16.23611831665039,17.520410537719727,18.69268798828125,19.597272872924805,20.226852416992188,20.697683334350586,21.012638092041016,20.92352294921875,20.069726943969727,18.798635482788086,17.8234920501709,17.09602928161621,16.347923278808594,15.699772834777832,15.362798690795898,15.402902603149414,15.83122444152832,16.59161376953125,17.39138412475586,17.87697982788086,18.05818748474121,18.1953125,18.577131271362305,19.104692459106445,19.4791259765625,19.552026748657227,19.512500762939453,19.579118728637695,19.698904037475586,19.668704986572266,19.542034149169922,19.115522384643555,18.2318115234375,17.648805618286133,16.882266998291016,16.781335830688477,16.69350814819336,14.388442993164062,12.62313461303711
14.435990333557129,13.265032768249512,13.189140319824219,14.21187973022461,15.787914276123047,17.350566864013672,18.678422927856445,19.510263442993164,19.93131446838379,19.930700302124023,19.77407455444336,19.543306350708008,19.103763580322266,18.107635498046875,16.624923706054688,15.653756141662598,15.17383098602295,14.72732162475586,14.114770889282227,13.635063171386719,13.59024429321289,13.861595153808594,14.135912895202637,14.319180488586426,14.499022483825684,14.817623138427734,15.336427688598633,16.107770919799805,17.170259475708008,18.25940704345703,18.943330764770508,19.440462112426758,19.907041549682617,20.252063751220703,20.180940628051758,20.081295013427734,20.093994140625,19.60934829711914,18.996042251586914,18.213247299194336,17.987855911254883,17.547630310058594,16.39418601989746,14.346399307250977
15.700450897216797,14.465530395507812,14.301718711853027,15.291226387023926,16.84685516357422,18.356056213378906,19.52273178100586,19.633283615112305,18.885820388793945,17.61289405822754,16.5424861907959,15.878419876098633,15.103683471679688,14.009236335754395,12.875823974609375,12.230273246765137,12.007172584533691,11.73956298828125,11.432965278625488,11.38489055633545,11.318610191345215,10.823182106018066,10.2204008102417,10.287118911743164,11.23261833190918,12.644739151000977,14.090071678161621,15.322586059570312,16.440160751342773,17.483001708984375,18.28089141845703,18.773962020874023,19.3907413482666,19.913616180419922,20.058313369750977,20.221208572387695,20.565561294555664,20.609655380249023,20.2034912109375,19.629228591918945,19.155630111694336,17.87368392944336,16.78363800048828,14.797423362731934
17.128843307495117,16.439470291137695,16.392484664916992,17.28461265563965,18.43675422668457,19.09676170349121,19.248088836669922,17.933021545410156,15.846453666687012,13.791935920715332,12.267416954040527,11.391992568969727,10.477975845336914,9.283327102661133,8.359209060668945,8.066187858581543,8.066435813903809,8.299820899963379,8.874517440795898,9.024049758911133,8.245904922485352,7.246679782867432,7.099798202514648,8.184310913085938,10.081729888916016,12.17222785949707,14.071106910705566,15.601729393005371,16.863624572753906,17.932106018066406,18.692941665649414,18.992107391357422,19.306072235107422,19.391450881958008,19.47941017150879,19.996612548828125,20.553810119628906,20.54322052001953,20.464942932128906,20.376483917236328,18.945234298706055,16.96092987060547,15.945777893066406,14.823837280273438
17.374347686767578,17.04933738708496,16.749126434326172,16.965248107910156,17.383447647094727,17.156322479248047,16.1022891998291,14.09880256652832,11.73024845123291,9.916665077209473,8.562606811523438,7.513837814331055,6.455448150634766,5.212802886962891,4.405603408813477,4.374879837036133,4.9005208015441895,5.820375919342041,6.455018043518066,6.282062530517578,5.698609352111816,5.232544898986816,5.666685104370117,7.0756611824035645,8.973063468933105,10.799290657043457,12.290974617004395,13.559379577636719,14.796192169189453,16.140649795532227,17.767080307006836,19.40376853942871,20.387893676757812,20.30447006225586,19.616119384765625,19.421415328979492,19.409730911254883,19.318124771118164,19.709739685058594,19.98047637939453,17.96854591369629,15.895393371582031,14.932531356811523,16.199331283569336
16.60633087158203,16.081714630126953,15.0316162109375,14.399120330810547,14.136100769042969,13.475186347961426,12.338651657104492,10.48587703704834,8.393221855163574,6.807887554168701,5.459494113922119,4.280261039733887,3.439936876296997,2.569786548614502,1.8924592733383179,1.892376184463501,2.6875712871551514,3.766741991043091,4.357621192932129,4.447906970977783,4.186798095703125,4.015450477600098,4.606992721557617,5.725907802581787,6.897777080535889,7.823477268218994,8.543554306030273,9.47381591796875,10.531261444091797,11.660715103149414,13.618691444396973,16.698213577270508,19.6512451171875,21.25331687927246,20.93120002746582,19.47186851501465,17.926164627075195,17.244897842407227,17.41230010986328,16.945331573486328,16.346538543701172,16.289094924926758,17.89808464050293,16.90865707397461
14.71667766571045,13.78461742401123,12.427336692810059,11.526937484741211,11.361424446105957,10.816852569580078,9.424433708190918,7.319694995880127,5.280688762664795,3.884901523590088,2.953540563583374,2.305230140686035,1.8569668531417847,1.0650005340576172,0.3414807915687561,0.48279625177383423,1.2416199445724487,1.945212960243225,2.7966854572296143,3.4108316898345947,3.3293490409851074,3.314059019088745,3.8014729022979736,4.499727725982666,5.131353378295898,5.9723734855651855,6.886155128479004,7.6568403244018555,8.359522819519043,8.955183029174805,10.316317558288574,13.0868501663208,16.652204513549805,19.995338439941406,21.804046630859375,21.416292190551758,19.06821060180664,16.783658981323242,16.211084365844727,15.660575866699219,16.097808837890625,16.912981033325195,17.82021713256836,16.108821868896484
12.44759750366211,11.357428550720215,10.003347396850586,9.257368087768555,9.206762313842773,8.383116722106934,6.606476783752441,4.593772888183594,3.156543493270874,2.047281265258789,1.7606910467147827,1.5196012258529663,1.0938178300857544,0.30661696195602417,-0.3289378583431244,-0.5266095995903015,-0.24309496581554413,1.0242618322372437,2.3095927238464355,2.769890069961548,2.860459566116333,3.199349880218506,3.763597249984741,4.370645046234131,5.245468616485596,6.41696310043335,7.223369598388672,7.119412899017334,7.060818195343018,7.133386611938477,7.972103595733643,10.093358039855957,13.337872505187988,16.957666397094727,20.256223678588867,21.835689544677734,20.645606994628906,18.04612159729004,16.638547897338867,16.193880081176758,17.164491653442383,17.81766700744629,16.692453384399414,14.78513240814209
10.333377838134766,9.271649360656738,8.152889251708984,7.72450065612793,7.468587875366211,6.23966646194458,4.46225643157959,3.101959705352783,2.192786693572998,1.388317584991455,1.3811317682266235,1.3227909803390503,0.8226112127304077,0.06547453254461288,-0.8648681640625,-1.4466360807418823,-0.6537905931472778,0.966063380241394,1.7041569948196411,2.2991409301757812,2.932483434677124,3.595374822616577,4.284079074859619,5.061649799346924,5.761884689331055,6.358083724975586,6.112947940826416,4.960874080657959,4.088592529296875,3.9944777488708496,4.994704723358154,6.802041053771973,9.47606086730957,13.103763580322266,16.996665954589844,20.103086471557617,20.962322235107422,19.57522201538086,17.637226104736328,16.803617477416992,17.435413360595703,17.605165481567383,15.784688949584961,14.075692176818848
9.205636024475098,8.14565658569336,7.0586838722229,6.683680057525635,6.256283760070801,4.705920219421387,3.260826826095581,2.695385217666626,2.127129554748535,1.4195853471755981,1.2064158916473389,1.282023310661316,0.8773526549339294,-0.11907152831554413,-1.3107798099517822,-1.4814544916152954,-0.29592758417129517,0.6297750473022461,1.428786039352417,2.2492780685424805,2.9882864952087402,3.969799757003784,4.859896183013916,5.481656551361084,5.510866165161133,5.187828540802002,3.9974160194396973,2.1791930198669434,0.8148028254508972,0.3851281404495239,1.5672365427017212,3.517207622528076,5.521221160888672,8.573747634887695,12.818090438842773,16.75663185119629,19.222227096557617,19.56597328186035,18.33384895324707,17.093069076538086,16.52825355529785,16.138656616210938,14.97508716583252,13.822237968444824
8.824925422668457,7.632086753845215,6.482489109039307,6.161350727081299,5.620741367340088,3.9859931468963623,2.8912837505340576,2.7788333892822266,2.496042251586914,1.802022099494934,1.3824036121368408,1.2780689001083374,0.8006089925765991,-0.2764281928539276,-1.087741494178772,-0.8323419690132141,-0.2037898153066635,0.3547409474849701,1.309376835823059,2.048887252807617,2.9561498165130615,4.234580993652344,4.990537166595459,5.106581687927246,4.573488712310791,3.653935432434082,1.794582724571228,-0.378699392080307,-1.6599074602127075,-2.1615498065948486,-1.3952349424362183,0.3488059639930725,1.9538618326187134,4.277660369873047,8.022302627563477,11.910497665405273,15.456704139709473,17.706817626953125,17.875764846801758,16.65946388244629,15.2211332321167,14.505406379699707,14.07552719116211,13.529562950134277
8.56790828704834,7.252297878265381,6.307717800140381,6.2182841300964355,5.635059833526611,3.9727306365966797,3.0054283142089844,3.0402050018310547,2.877822160720825,2.289494276046753,1.7194981575012207,1.2626060247421265,0.6738036870956421,0.025039829313755035,-0.2696457803249359,-0.2925337255001068,-0.21889060735702515,0.30203068256378174,1.0152511596679688,1.7777103185653687,2.885016918182373,4.117536544799805,4.486113548278809,4.161461353302002,3.4275341033935547,1.972002625465393,-0.461566299200058,-2.590141773223877,-3.352208375930786,-3.7569780349731445,-3.355266809463501,-1.668751835823059,-0.054736897349357605,1.3590115308761597,3.7297980785369873,6.8815083503723145,10.646575927734375,14.210217475891113,15.793998718261719,15.309964179992676,14.12408447265625,13.392040252685547,13.151250839233398,13.167885780334473
