data/wind_data/wind_57_1.json
{"header": {"parameterUnit": "KT", "parameterCategory": 2, "nx": 256, "ny": 198, "lo1": 44.73521041870117, "la1": -3.236724853515625, "lo2": 111.26478576660156, "la2": 43.468475341796875, "dx": 0.2609002888202667, "dy": -0.23708222806453705, "refTime": "2025-02-21 09:00:00", "forecastTime": 0, "parameterNumber": 2, "parameterNumberName": "eastward_wind"}, "data":
[rows 114 to 132 of 198, columns 43 to 85 of 256]
-3.80838942527771,-13.270099639892578,-10.858697891235352,-5.920695781707764,-10.253352165222168,-8.474279403686523,-8.865689277648926,-11.978462219238281,-13.511659622192383,-11.15524959564209,-11.010932922363281,-8.435500144958496,-8.051088333129883,-9.292662620544434,-8.379796981811523,-8.909871101379395,-7.56724739074707,-6.1095871925354,-4.013519763946533,-2.4338293075561523,-1.0162391662597656,-0.9942863583564758,-0.4553792476654053,-0.9641361832618713,0.29391875863075256,-0.1395549178123474,1.1918874979019165,1.454982042312622,2.7171502113342285,1.7308382987976074,3.283235788345337,2.2649261951446533,2.358368396759033,2.6519715785980225,3.065387487411499,2.6149983406066895,2.293034791946411,4.922714710235596,2.1988394260406494,-1.151313066482544,1.9332894086837769,-0.654253363609314,-2.8504409790039062
-12.714858055114746,-13.211908340454102,-10.084589958190918,0.143325537443161,-1.7718030214309692,-4.140390396118164,-10.669844627380371,-9.036910057067871,-10.982739448547363,-9.252251625061035,-9.423381805419922,-7.835002899169922,-7.277392864227295,-6.684192180633545,-6.605834007263184,-6.748763561248779,-5.6927947998046875,-4.209064960479736,-2.4950716495513916,-0.8687155246734619,0.5540709495544434,0.4759199619293213,0.07262080162763596,-0.5517597198486328,-0.2587592601776123,0.22053803503513336,0.7244198322296143,2.3057990074157715,2.5793678760528564,3.44661021232605,4.425161838531494,5.44534969329834,3.537355899810791,3.456407070159912,2.8457190990448,3.1750409603118896,2.953526020050049,4.02081823348999,5.636554718017578,-0.5463708639144897,4.2011213302612305,-2.3557963371276855,-6.08826208114624
-13.39511775970459,-13.256560325622559,-10.050419807434082,2.881024122238159,8.077512741088867,3.8332598209381104,-9.053417205810547,-5.46940279006958,-8.308731079101562,-7.352781295776367,-8.478854179382324,-6.735818386077881,-6.9345703125,-6.062566757202148,-6.031954765319824,-5.303386688232422,-3.785773277282715,-1.8541429042816162,0.24274785816669464,1.8579884767532349,2.491027593612671,1.5159627199172974,1.0556929111480713,0.2899864614009857,0.131861612200737,0.7988442182540894,0.7436529994010925,1.7632169723510742,2.749630928039551,3.947244644165039,4.758486747741699,6.32087516784668,4.62635612487793,5.381100177764893,3.29428768157959,5.262020587921143,1.6756560802459717,3.4417178630828857,5.228405952453613,0.7397345900535583,2.7297914028167725,0.31557875871658325,-8.954388618469238
-12.181894302368164,-10.24809455871582,-6.906160354614258,-0.3537677526473999,4.916520118713379,8.71381950378418,-4.561932563781738,-2.295423746109009,-5.137667655944824,-4.806843280792236,-6.449549198150635,-4.089251518249512,-3.583836793899536,-2.4375972747802734,-1.3301403522491455,-0.2637174427509308,0.8213245868682861,2.3340742588043213,3.8990554809570312,5.345172882080078,5.399911880493164,3.6863203048706055,2.722320318222046,1.4282081127166748,0.9065847396850586,1.8449448347091675,1.4541819095611572,1.356235146522522,2.9790539741516113,4.0363922119140625,5.437234401702881,5.87242317199707,6.277310371398926,6.815748691558838,6.185880184173584,3.2353878021240234,1.5377496480941772,3.641298532485962,4.642843246459961,4.672100067138672,3.6695656776428223,-0.1986183077096939,-8.745105743408203
-7.8451032638549805,-7.67051362991333,-4.932069778442383,-2.52990460395813,3.3546977043151855,4.5805816650390625,1.353359341621399,2.2900583744049072,-3.5588202476501465,-5.4512104988098145,-7.574260711669922,-7.195258140563965,-4.815389156341553,-2.262434244155884,0.15830540657043457,3.35832142829895,6.7866034507751465,8.677536964416504,9.32148265838623,9.255830764770508,8.448325157165527,6.498017311096191,5.581583499908447,3.778650999069214,2.44704008102417,3.4336209297180176,2.7100954055786133,2.621262788772583,3.9370779991149902,3.68051815032959,4.216976165771484,5.2960968017578125,5.935034275054932,7.251135349273682,5.382702350616455,3.147228240966797,2.969710350036621,5.058958530426025,4.8138933181762695,7.738019943237305,6.328057765960693,2.937228202819824,-7.280268669128418
-6.772495269775391,-9.357431411743164,1.594974160194397,-1.229020357131958,-1.1936078071594238,-6.21638822555542,2.6944546699523926,2.951575517654419,-1.4816811084747314,-7.189896106719971,-8.867908477783203,-9.821454048156738,-7.966796398162842,-7.529295444488525,-5.472761631011963,-3.071946620941162,-0.08743128925561905,3.167476177215576,5.883269786834717,8.989867210388184,10.119207382202148,9.557496070861816,8.480226516723633,6.293496131896973,5.198431015014648,4.788056373596191,4.6391096115112305,3.975200653076172,2.5099682807922363,0.6086987853050232,0.8343152403831482,1.38215172290802,2.0415189266204834,3.520134925842285,4.066935062408447,6.405014514923096,4.339896202087402,8.156785011291504,5.946895122528076,6.511819362640381,7.4144697189331055,6.62482213973999,-4.990185260772705
-7.26704740524292,-7.157781600952148,1.5945402383804321,0.8140614628791809,-0.17363165318965912,-4.448898792266846,1.717354416847229,-0.18550518155097961,-7.464807033538818,-8.610799789428711,-8.46757698059082,-6.858192443847656,-4.926313400268555,-5.664524078369141,-2.086939573287964,-2.180521249771118,-0.878394365310669,-2.0965161323547363,1.2128715515136719,3.142662763595581,8.148660659790039,9.042030334472656,9.220868110656738,6.767927169799805,6.106123924255371,6.191683292388916,3.7183761596679688,5.727830410003662,-1.874487280845642,-0.7756293416023254,-2.3144636154174805,-2.365239143371582,-0.5921415686607361,1.7727088928222656,3.6514675617218018,5.658595085144043,4.496771335601807,8.695901870727539,5.1175079345703125,5.36997652053833,4.4388909339904785,4.861294746398926,-0.05561093986034393
-2.5933761596679688,-2.729888439178467,-3.604719877243042,-4.074852466583252,-4.903750419616699,-5.397445201873779,-1.9072636365890503,0.6183981895446777,-7.384806156158447,-5.045607566833496,-4.318638801574707,-3.5632519721984863,-2.2611565589904785,-1.501926064491272,0.4881740212440491,0.5948266386985779,1.4770418405532837,2.6113791465759277,3.550513982772827,4.408122539520264,8.88767147064209,9.696939468383789,8.895633697509766,6.3288092613220215,6.406900405883789,4.897787570953369,5.881505489349365,2.372065305709839,-5.1327714920043945,-3.2794928550720215,-4.646575450897217,-4.337919235229492,-2.0652854442596436,-0.12262839078903198,2.1778082847595215,3.6624834537506104,8.524698257446289,6.523680686950684,7.036188125610352,3.007739782333374,3.7417917251586914,3.8956282138824463,5.293842792510986
1.0605049133300781,2.9572887420654297,2.5899479389190674,3.457468271255493,-1.7627822160720825,-2.320572853088379,-5.265899181365967,-1.8191702365875244,-5.548549652099609,-2.843393325805664,-3.0401439666748047,-1.2372335195541382,0.43160316348075867,2.4667155742645264,4.573786735534668,4.560706615447998,4.635833740234375,5.391350746154785,7.106396675109863,7.3900532722473145,10.54274845123291,12.399471282958984,9.598038673400879,8.495397567749023,7.975288391113281,6.242371559143066,-6.013296604156494,-5.797140121459961,-7.037785053253174,-7.116679668426514,-7.121436595916748,-6.689120769500732,-4.245676517486572,-2.2181408405303955,0.0291303638368845,1.8093960285186768,5.865032196044922,7.825407028198242,7.12822151184082,4.825830459594727,3.4911251068115234,3.8575851917266846,7.903176307678223
5.191486835479736,6.72353982925415,8.603785514831543,9.196402549743652,2.7711219787597656,1.6245267391204834,1.5340229272842407,-1.9765522480010986,-3.1894445419311523,-0.45843881368637085,-2.4685022830963135,3.5878734588623047,5.639204978942871,7.608481407165527,8.379424095153809,7.458349704742432,7.119647979736328,6.669454097747803,10.602618217468262,9.378085136413574,13.7786283493042,11.859037399291992,14.751283645629883,10.790872573852539,12.617631912231445,-9.303281784057617,-8.076485633850098,-9.052298545837402,-9.580615997314453,-10.238606452941895,-10.028484344482422,-8.969413757324219,-7.633671760559082,-5.7843708992004395,-3.6023457050323486,-2.044588088989258,1.309634804725647,3.6516287326812744,7.6968994140625,5.248563766479492,4.569155216217041,4.1460676193237305,6.252053260803223
7.580624580383301,10.533796310424805,9.512042999267578,12.83613395690918,7.2881364822387695,4.714345932006836,2.902524709701538,0.725635826587677,-2.0668389797210693,2.273456573486328,5.015737056732178,9.193511962890625,11.993049621582031,12.033364295959473,10.593427658081055,9.311509132385254,8.541069030761719,7.954961776733398,10.9536771774292,11.296882629394531,11.986400604248047,16.737993240356445,13.657485961914062,16.692853927612305,-3.711026668548584,-13.651540756225586,-8.110840797424316,-10.220694541931152,-11.237727165222168,-11.731047630310059,-11.877838134765625,-11.201569557189941,-10.293097496032715,-8.964627265930176,-7.293802738189697,-5.430722236633301,-3.87703800201416,-1.690177083015442,3.333885908126831,5.209574222564697,5.1836256980896,4.30663537979126,8.5235013961792
7.355925559997559,8.473864555358887,9.862223625183105,10.364888191223145,16.15693473815918,8.862039566040039,2.805814743041992,0.5588202476501465,1.1804273128509521,8.833632469177246,16.248737335205078,15.801497459411621,13.035930633544922,12.499971389770508,12.472860336303711,8.394383430480957,4.758350849151611,4.226195812225342,7.88399600982666,9.890653610229492,15.420742988586426,14.882795333862305,18.657108306884766,3.6481707096099854,-15.499473571777344,-10.988924980163574,-9.851728439331055,-10.233728408813477,-11.136909484863281,-11.52888298034668,-12.022608757019043,-11.736381530761719,-11.386165618896484,-10.787038803100586,-10.238237380981445,-9.270110130310059,-8.907291412353516,-8.257585525512695,-4.096431732177734,3.110703468322754,4.8136467933654785,5.632948875427246,12.816719055175781
7.608993053436279,5.883502006530762,9.753750801086426,10.391639709472656,16.713985443115234,18.764081954956055,-0.008807828649878502,1.7623692750930786,1.4816696643829346,17.939424514770508,24.208669662475586,18.274030685424805,13.854095458984375,15.715435028076172,7.448419570922852,-5.518923282623291,-4.843170166015625,6.212747573852539,9.39500617980957,12.96740436553955,18.099510192871094,18.02421760559082,3.195899486541748,-12.145525932312012,-15.245280265808105,-11.513551712036133,-10.62654972076416,-9.165441513061523,-9.545536994934082,-8.790647506713867,-7.01248025894165,-6.687374114990234,-8.10198974609375,-8.695194244384766,-9.490129470825195,-8.53338623046875,-8.309266090393066,-8.11468505859375,-7.038901329040527,-0.14008212089538574,2.2049148082733154,5.978289604187012,13.64915943145752
10.68883228302002,9.08917236328125,10.983601570129395,16.62702751159668,13.212687492370605,22.07234001159668,0.5020844340324402,0.7334903478622437,6.88173770904541,25.982398986816406,22.703048706054688,16.35700798034668,13.278006553649902,16.98383903503418,6.157942771911621,-6.7982177734375,-2.9297356605529785,9.527379989624023,13.478409767150879,19.388736724853516,27.663219451904297,15.770086288452148,-9.821706771850586,-14.755353927612305,-15.142807006835938,-13.225641250610352,-11.677103042602539,-9.854303359985352,-9.767560958862305,-9.992448806762695,-8.704493522644043,-6.520910263061523,-5.332887649536133,-6.3092803955078125,-7.97702169418335,-5.812570095062256,-2.792982816696167,-4.61168909072876,-5.8747878074646,-1.9557172060012817,0.15073786675930023,5.199488639831543,11.996824264526367
12.499167442321777,11.85729694366455,13.416483879089355,18.02887535095215,14.255096435546875,17.143077850341797,17.453289031982422,14.752717971801758,14.994002342224121,18.819622039794922,17.779884338378906,15.766544342041016,13.708069801330566,16.304582595825195,6.964766025543213,-2.085615873336792,3.9783008098602295,14.404716491699219,18.1983585357666,23.159299850463867,29.94548797607422,9.885282516479492,-11.62582778930664,-11.54773998260498,-12.670681953430176,-12.68533992767334,-10.826855659484863,-7.41343355178833,-7.339351654052734,-8.658384323120117,-7.606145858764648,-4.900701522827148,-2.6154396533966064,-2.6949362754821777,-5.017489433288574,-3.428854465484619,0.03274444863200188,-2.044436454772949,-3.2665677070617676,-0.5888679027557373,-0.45676717162132263,3.5487313270568848,11.674345970153809
11.98654556274414,12.476937294006348,15.37547779083252,18.079551696777344,17.919513702392578,16.616737365722656,24.614744186401367,24.821096420288086,17.231595993041992,14.08968734741211,9.248974800109863,5.862259864807129,7.117854595184326,11.509231567382812,5.254178047180176,1.319620966911316,8.848273277282715,17.460590362548828,23.793846130371094,25.66352081298828,28.072982788085938,12.9325532913208,-4.6702704429626465,-5.318087100982666,-6.347400188446045,-5.612320423126221,-1.4784656763076782,-1.6766791343688965,-4.511794567108154,-3.2689661979675293,0.9241629838943481,2.2659785747528076,2.3717620372772217,2.856794595718384,-0.1694037765264511,0.3318301737308502,0.8184860348701477,-0.3049503266811371,-1.0989452600479126,-0.7282748222351074,-0.7996447682380676,2.2275071144104004,10.797505378723145
10.7363862991333,12.822996139526367,16.937557220458984,17.439006805419922,18.6599178314209,17.257831573486328,24.590425491333008,24.610694885253906,8.98083209991455,-9.388940811157227,-9.235934257507324,-6.891615867614746,2.9212827682495117,5.274435520172119,3.5775041580200195,4.260161399841309,13.095422744750977,20.897916793823242,27.366384506225586,27.885160446166992,25.08732032775879,21.0502872467041,6.27105188369751,1.9013652801513672,2.065074920654297,5.400427341461182,7.787017822265625,1.199207067489624,-1.5422040224075317,4.110034942626953,10.11152458190918,11.059374809265137,9.09304141998291,5.363372802734375,2.8834474086761475,2.1255557537078857,-0.04194679856300354,-0.8956802487373352,-0.6979697346687317,-1.0139881372451782,0.8529716730117798,2.1122684478759766,10.656479835510254
13.080134391784668,15.500909805297852,19.57012176513672,21.004512786865234,18.05530548095703,19.92032814025879,24.580333709716797,20.491233825683594,-9.121502876281738,-10.041593551635742,-7.304840087890625,-5.283380508422852,0.22726872563362122,1.44483482837677,3.2790486812591553,7.520571708679199,16.096426010131836,23.236000061035156,26.63886833190918,27.77663230895996,21.935972213745117,24.459442138671875,17.473102569580078,9.144571304321289,7.320487022399902,12.09663200378418,12.793848991394043,4.953571319580078,3.5727062225341797,9.786534309387207,14.888582229614258,16.500436782836914,15.309836387634277,7.877828598022461,2.7317140102386475,3.0418779850006104,0.46857118606567383,-0.8267102837562561,-1.4332458972930908,0.1575087606906891,6.306110382080078,5.5302653312683105,11.634629249572754
17.506746292114258,20.516735076904297,21.789081573486328,20.50770378112793,17.00591468811035,20.691143035888672,26.483692169189453,10.244754791259766,-16.04329490661621,-3.913862943649292,-7.769573211669922,-5.153687953948975,-0.6224976181983948,-0.0011870196321979165,4.2873053550720215,9.995746612548828,17.067626953125,23.482696533203125,23.384784698486328,24.042783737182617,16.59813117980957,12.909191131591797,12.852275848388672,10.974215507507324,9.661908149719238,12.70086669921875,12.909918785095215,8.964860916137695,9.029930114746094,14.810564994812012,19.371004104614258,19.033138275146484,16.039783477783203,7.320529937744141,1.121416687965393,2.098778247833252,2.0369083881378174,1.3438512086868286,-0.20323139429092407,3.2078521251678467,10.664680480957031,9.833209037780762,11.66409683227539
