data/wind_data/wind_49_2.json
{"header": {"parameterUnit": "KT", "parameterCategory": 2, "nx": 256, "ny": 198, "lo1": 44.73521041870117, "la1": -3.236724853515625, "lo2": 111.26478576660156, "la2": 43.468475341796875, "dx": 0.2609002888202667, "dy": -0.23708222806453705, "refTime": "2025-02-21 01:00:00", "forecastTime": 0, "parameterNumber": 2, "parameterNumberName": "eastward_wind"}, "data":
[rows 171 to 189 of 198, columns 0 to 42 of 256]
-4.714047908782959,-5.116476535797119,-6.469738960266113,-4.32412576675415,-0.957238495349884,0.2579241096973419,3.396148920059204,3.540072202682495,1.0939339399337769,1.19525146484375,7.179623603820801,15.275029182434082,21.030643463134766,-4.776670455932617,-18.181360244750977,-14.118287086486816,-10.973944664001465,-4.550163269042969,-10.436941146850586,-15.723873138427734,-17.391633987426758,-17.545780181884766,-16.79460906982422,-15.543676376342773,-14.801556587219238,-14.064847946166992,-12.978909492492676,-9.878880500793457,-6.989560604095459,-4.520852565765381,-1.2247159481048584,-1.0038673877716064,-0.5768150687217712,-1.7242058515548706,-1.058129072189331,-0.1237572431564331,-0.8237905502319336,-0.4537859559059143,-0.46236005425453186,-1.4564441442489624,-2.549431800842285,-3.112821578979492,-4.862663745880127
-6.039042949676514,-4.264162540435791,-4.825192451477051,-2.5482966899871826,0.07419546693563461,2.8644914627075195,1.0708459615707397,-0.355259507894516,-1.3268355131149292,-1.5064458847045898,1.8351243734359741,5.136943817138672,-5.266531467437744,-16.452777862548828,-16.910377502441406,-17.404420852661133,-10.700539588928223,-6.285404205322266,-13.928275108337402,-18.125988006591797,-18.2535400390625,-16.94847297668457,-16.122005462646484,-14.71713924407959,-14.104412078857422,-13.445072174072266,-12.436213493347168,-10.317547798156738,-7.475454330444336,-4.9873270988464355,-1.666298508644104,-1.3136776685714722,-1.3932721614837646,-2.672877311706543,-2.491084575653076,-1.7806901931762695,-1.5476312637329102,-1.2887747287750244,-1.4981658458709717,-1.8137985467910767,-2.9893264770507812,-3.7901132106781006,-4.176316261291504
-6.571957588195801,-3.6420886516571045,-4.214537143707275,-8.644440650939941,-11.422896385192871,-9.851372718811035,-18.245954513549805,-8.48450756072998,-5.708681106567383,-2.475233316421509,-4.519235610961914,-12.357333183288574,-19.21624183654785,-18.452688217163086,-21.628538131713867,-19.3931884765625,-9.967510223388672,-9.991377830505371,-17.178674697875977,-20.328340530395508,-19.33545684814453,-16.845802307128906,-15.518316268920898,-13.791638374328613,-12.744757652282715,-11.855521202087402,-10.823677062988281,-9.81280517578125,-7.843145847320557,-5.3952765464782715,-2.517300605773926,-0.9161765575408936,-1.2679786682128906,-2.5840201377868652,-2.931042432785034,-2.988396406173706,-2.049254894256592,-1.6836684942245483,-1.9678311347961426,-2.16335129737854,-2.6863789558410645,-3.691387414932251,-2.6868577003479004
-5.514102458953857,-0.8461830019950867,-2.314293622970581,-10.013657569885254,-22.116884231567383,-12.627250671386719,-17.427082061767578,-15.398390769958496,-9.773301124572754,-12.333849906921387,-16.88817024230957,-25.066144943237305,-28.778974533081055,-26.668006896972656,-26.346235275268555,-17.400665283203125,-12.56542682647705,-14.545042037963867,-20.55042839050293,-21.4495792388916,-19.8734130859375,-16.676925659179688,-14.802143096923828,-12.752943992614746,-11.277559280395508,-10.15163803100586,-9.281630516052246,-8.702001571655273,-7.423128128051758,-5.077600002288818,-2.949385166168213,-1.0881237983703613,-0.6128615736961365,-1.046467661857605,-1.7062476873397827,-2.534435272216797,-2.1487743854522705,-1.0607186555862427,-1.1016323566436768,-1.9481720924377441,-1.8242064714431763,-1.5841089487075806,0.2388729453086853
-3.3669986724853516,1.962650179862976,2.5502657890319824,-1.3839977979660034,-12.789176940917969,-1.2092101573944092,-3.4202213287353516,-15.429849624633789,-15.747288703918457,-23.319625854492188,-28.95282554626465,-32.83259963989258,-34.35100173950195,-31.8748722076416,-25.22040557861328,-18.292924880981445,-17.55338478088379,-20.598438262939453,-22.190685272216797,-21.01819610595703,-19.046092987060547,-16.0313720703125,-13.365655899047852,-11.28249454498291,-9.858253479003906,-8.481305122375488,-7.881049156188965,-7.580703258514404,-6.353531360626221,-4.163857936859131,-2.875272274017334,-1.4282759428024292,-0.353478342294693,0.8275467157363892,-0.0004098768113180995,-1.0389235019683838,-1.3907570838928223,0.5654374361038208,1.1110739707946777,-0.3115679621696472,-0.32596302032470703,0.7619706392288208,0.4244113862514496
-1.6686733961105347,6.23732328414917,5.716223239898682,-2.9612679481506348,-7.970242500305176,4.396312236785889,-6.22492790222168,-19.983551025390625,-22.432540893554688,-25.715557098388672,-26.867095947265625,-28.74991798400879,-29.640933990478516,-28.231975555419922,-24.136276245117188,-22.17206573486328,-23.395496368408203,-23.87909698486328,-22.654630661010742,-19.41841697692871,-16.51117515563965,-14.057668685913086,-11.330309867858887,-9.254014015197754,-8.090731620788574,-6.997081279754639,-6.452292442321777,-6.243029594421387,-4.95559024810791,-3.0397958755493164,-2.712510585784912,-1.2174055576324463,-0.6155619621276855,1.5301260948181152,0.8568814396858215,0.19215653836727142,0.1947210729122162,1.5552300214767456,2.7541396617889404,1.8670469522476196,2.063744306564331,2.4160990715026855,2.022925615310669
1.2724554538726807,6.112728118896484,-0.6820284724235535,-6.686566352844238,-5.31751823425293,4.865941524505615,-12.424213409423828,-17.392724990844727,-18.638093948364258,-18.624727249145508,-15.303712844848633,-19.15947914123535,-20.093812942504883,-21.929847717285156,-20.91682243347168,-20.963706970214844,-22.456623077392578,-22.914474487304688,-22.670766830444336,-18.64430046081543,-13.366812705993652,-10.735779762268066,-9.051126480102539,-6.99665641784668,-6.102088928222656,-5.334957122802734,-5.073450088500977,-4.468588829040527,-3.19792103767395,-1.9261401891708374,-2.4563608169555664,-0.5305185317993164,-0.5011839270591736,0.8846023082733154,1.3625370264053345,1.266765832901001,1.5315724611282349,1.2111890316009521,0.9816412925720215,2.0356943607330322,2.8355789184570312,3.4602959156036377,3.0278751850128174
1.0628923177719116,2.524404287338257,-3.955278158187866,-3.7029759883880615,0.19149121642112732,6.869099140167236,-0.8773096203804016,-12.491464614868164,-13.894296646118164,-11.688169479370117,-8.05605411529541,-12.06114673614502,-11.25167179107666,-13.256107330322266,-13.255365371704102,-14.648438453674316,-17.426265716552734,-19.55857276916504,-19.992919921875,-17.594160079956055,-11.73316478729248,-7.11728048324585,-6.4551520347595215,-4.636067867279053,-3.841120719909668,-3.429814338684082,-3.41300892829895,-2.2165517807006836,-1.247989296913147,-1.0582629442214966,-2.093160629272461,0.3804562985897064,0.556221604347229,0.23236165940761566,1.6841480731964111,2.8482792377471924,3.3678908348083496,1.7232707738876343,1.0386635065078735,1.9868361949920654,3.7828824520111084,4.432342052459717,3.418555736541748
-0.7954999208450317,0.6595454216003418,-1.1175016164779663,0.014049780555069447,5.965932846069336,13.28930950164795,-1.2589131593704224,-9.604326248168945,-6.938438892364502,-5.053920269012451,-3.184730291366577,-5.841001987457275,-4.80861759185791,-4.656280517578125,-4.131197929382324,-8.32677936553955,-11.784202575683594,-16.228952407836914,-15.895308494567871,-14.33407974243164,-9.857193946838379,-3.847989559173584,-3.0032875537872314,-2.404230833053589,-1.4591553211212158,-1.0197712182998657,-1.105289340019226,0.04930560290813446,0.6374791860580444,0.06446951627731323,-1.568900465965271,0.5791090130805969,1.8520984649658203,1.1292129755020142,1.9277838468551636,4.246058940887451,4.546684265136719,3.497096300125122,3.2854321002960205,4.0558061599731445,4.509469985961914,4.896343231201172,4.33461856842041
-1.369342565536499,-0.32664138078689575,-2.6697444915771484,-4.233956336975098,-2.8799471855163574,3.0146572589874268,-4.302080154418945,-8.078207015991211,-3.447035789489746,2.2919790744781494,1.0908267498016357,-1.3401895761489868,-0.14560909569263458,1.909246802330017,4.378495216369629,-2.528311252593994,-6.28081750869751,-12.190641403198242,-12.433343887329102,-10.18687915802002,-6.903278827667236,-0.7989218235015869,0.8537487983703613,0.12264779210090637,0.7246581315994263,1.3433618545532227,1.1696925163269043,1.9499528408050537,2.2623491287231445,1.6501014232635498,-0.47834235429763794,-0.33928975462913513,1.5990766286849976,2.1487059593200684,2.3861472606658936,3.2475483417510986,3.8710806369781494,4.304484844207764,6.021448612213135,7.402846336364746,6.620194435119629,5.599526405334473,4.520665168762207
-4.584080696105957,-6.41037130355835,-7.59754753112793,-8.446451187133789,-11.293111801147461,-9.035344123840332,-5.508897304534912,-3.0753369331359863,-0.5783778429031372,6.669722080230713,6.994838714599609,4.707962989807129,3.986912965774536,5.924498081207275,7.934277057647705,1.2514327764511108,-2.7091808319091797,-6.712059497833252,-8.362201690673828,-5.72347354888916,-0.2506427466869354,4.44512939453125,4.746866703033447,2.9942455291748047,2.3983476161956787,3.136286497116089,3.041451930999756,3.6132888793945312,3.8364315032958984,3.1973702907562256,1.1505573987960815,-0.26612162590026855,0.6224876046180725,2.3183906078338623,3.430494785308838,2.9395697116851807,2.8924012184143066,4.3022990226745605,5.919781684875488,6.996472358703613,6.342360496520996,5.231975078582764,4.510590553283691
-4.639314651489258,-7.717156887054443,-6.375736713409424,-4.399168491363525,-1.704427719116211,0.4602736830711365,2.835749626159668,2.9627130031585693,3.6999597549438477,7.682480335235596,9.410076141357422,9.231005668640137,9.920246124267578,10.99285888671875,6.398823261260986,4.5890278816223145,2.032012939453125,-1.727797508239746,-2.3237743377685547,0.8794844150543213,6.578672885894775,7.842469215393066,7.244526386260986,5.3789801597595215,4.044777870178223,4.306203365325928,4.412035942077637,5.137081146240234,5.031464576721191,4.298150062561035,3.0340609550476074,1.62385094165802,1.4494792222976685,2.6921546459198,4.104970932006836,4.73818826675415,4.8561577796936035,5.517275333404541,6.020866870880127,6.0832061767578125,5.763737201690674,5.008904457092285,4.538985729217529
-2.2991819381713867,-1.8240731954574585,0.07019317150115967,3.4762845039367676,8.774344444274902,10.737004280090332,10.057267189025879,5.654181480407715,4.358007431030273,5.637143135070801,7.107424259185791,8.822732925415039,6.396618366241455,3.80257511138916,1.3531811237335205,8.925808906555176,5.888576030731201,3.5072567462921143,3.747443914413452,7.501856327056885,10.388236999511719,9.705072402954102,8.60344123840332,6.9702630043029785,5.555474281311035,5.194085597991943,5.297321796417236,6.253848552703857,5.850908279418945,5.029595375061035,4.67637300491333,3.6207234859466553,2.8066842555999756,3.427511215209961,4.397014617919922,5.2268781661987305,6.093724727630615,7.713285446166992,8.762803077697754,8.081599235534668,6.767550468444824,5.7856364250183105,4.512091159820557
0.7054929733276367,2.273451805114746,6.185986042022705,10.719246864318848,13.064608573913574,11.842941284179688,7.2449421882629395,-0.19166472554206848,1.4219976663589478,4.080002784729004,3.320497751235962,3.71826171875,-5.014130115509033,1.8432190418243408,9.636994361877441,9.590009689331055,6.199363708496094,7.774125576019287,9.127045631408691,12.404157638549805,12.430915832519531,10.85361385345459,9.43589973449707,7.899218559265137,6.7734174728393555,6.25347900390625,5.937648296356201,6.705219745635986,6.817774772644043,5.941555023193359,5.9152421951293945,5.571399211883545,3.8611459732055664,4.247673988342285,5.112586498260498,5.47882604598999,6.187052249908447,8.199239730834961,10.585837364196777,10.232717514038086,8.264790534973145,6.33027982711792,4.496870040893555
3.509592294692993,8.162914276123047,11.461213111877441,12.936624526977539,14.44608211517334,11.491006851196289,2.7955451011657715,-1.9807956218719482,1.5732955932617188,1.5202255249023438,-0.4556277394294739,-1.8834656476974487,4.896570682525635,14.38659954071045,10.097067832946777,6.076565265655518,10.017077445983887,10.558866500854492,12.629752159118652,13.474128723144531,12.536855697631836,11.158318519592285,10.192171096801758,8.81572151184082,7.782704830169678,7.166176795959473,6.6967902183532715,7.044625282287598,7.501145362854004,6.74318790435791,6.98484468460083,6.839491367340088,4.859231948852539,4.613509178161621,5.621855735778809,6.255590915679932,6.843719005584717,8.539528846740723,10.312750816345215,9.721080780029297,8.010543823242188,5.702807426452637,4.395340442657471
5.367880821228027,12.982056617736816,15.27894401550293,17.087236404418945,12.123017311096191,5.131424903869629,-1.5600864887237549,-3.898892641067505,-0.4121924042701721,-1.4099558591842651,-1.5387462377548218,6.7611775398254395,10.503173828125,6.808773517608643,3.657982587814331,9.588582992553711,10.129363059997559,11.764196395874023,13.440025329589844,13.26382827758789,12.203977584838867,11.04599380493164,10.358953475952148,9.322458267211914,8.471394538879395,7.9313201904296875,7.428323268890381,7.212795734405518,8.00410270690918,7.576108932495117,8.013018608093262,7.692429065704346,5.5620341300964355,4.543618679046631,5.35939359664917,6.080144882202148,6.893917560577393,8.540130615234375,9.152486801147461,8.627100944519043,7.472658157348633,5.284707069396973,4.896724224090576
8.006962776184082,13.429184913635254,14.740530014038086,9.539392471313477,0.13830755650997162,-4.727208614349365,-6.269123077392578,-4.837214946746826,-1.7040047645568848,-2.210725784301758,6.387187480926514,10.964808464050293,1.918039083480835,-0.6073665618896484,5.759069919586182,8.566563606262207,9.995539665222168,11.854978561401367,12.450133323669434,12.388267517089844,11.691352844238281,10.660390853881836,10.061620712280273,9.353089332580566,8.633257865905762,8.29223346710205,8.105466842651367,7.483214378356934,8.224498748779297,7.9527974128723145,8.734358787536621,8.029753684997559,6.290433883666992,4.750032901763916,4.916037559509277,5.725541591644287,6.838036060333252,8.103204727172852,8.125386238098145,7.341885566711426,6.490566730499268,5.525209426879883,5.7469635009765625
15.65329647064209,14.80812931060791,8.278093338012695,-2.725484609603882,-9.343301773071289,-7.92559289932251,-7.949164867401123,-6.892332553863525,-4.524472713470459,6.462782382965088,14.633095741271973,12.181110382080078,0.5703590512275696,4.567648887634277,7.007851600646973,8.250509262084961,10.84501838684082,11.28494930267334,11.681539535522461,11.933847427368164,11.120062828063965,10.12317180633545,9.630501747131348,9.226357460021973,8.550335884094238,8.32042121887207,8.534297943115234,8.124349594116211,8.162890434265137,7.407540321350098,8.456031799316406,8.168701171875,6.741574764251709,5.366250991821289,5.101702690124512,6.39206075668335,7.328125,7.429380416870117,6.85005521774292,6.636928081512451,6.227516174316406,5.653468608856201,6.157914638519287
20.834423065185547,11.791699409484863,2.830822467803955,-3.992109537124634,-8.588250160217285,-5.8681321144104,-6.006380081176758,-3.3394360542297363,7.19743013381958,15.901190757751465,14.457974433898926,5.817276954650879,2.931425094604492,7.916262149810791,9.108366012573242,9.774625778198242,11.523910522460938,10.983156204223633,11.049995422363281,10.998705863952637,10.242152214050293,9.614880561828613,9.127469062805176,8.963201522827148,8.228195190429688,8.104040145874023,8.774572372436523,9.012168884277344,7.760869979858398,6.184431076049805,7.322560787200928,8.224987983703613,7.111268043518066,5.778593063354492,5.1875834465026855,7.226030349731445,8.139069557189941,7.39310884475708,5.699662685394287,5.501108646392822,5.707193851470947,5.589505672454834,6.332326889038086
