data/wind_data/wind_29_5.json
{"header": {"parameterUnit": "KT", "parameterCategory": 2, "nx": 256, "ny": 198, "lo1": 44.73521041870117, "la1": -3.236724853515625, "lo2": 111.26478576660156, "la2": 43.468475341796875, "dx": 0.2609002888202667, "dy": -0.23708222806453705, "refTime": "2025-02-20 05:00:00", "forecastTime": 0, "parameterNumber": 2, "parameterNumberName": "eastward_wind"}, "data":
[rows 19 to 37 of 198, columns 44 to 87 of 256]
-8.55102252960205,-8.784089088439941,-8.939743995666504,-9.224508285522461,-9.665397644042969,-10.444999694824219,-11.06122875213623,-11.462127685546875,-11.700234413146973,-11.568034172058105,-11.374923706054688,-11.476041793823242,-11.753475189208984,-12.090507507324219,-12.411645889282227,-12.625076293945312,-12.573073387145996,-12.336220741271973,-12.111135482788086,-11.718032836914062,-10.932021141052246,-10.179413795471191,-9.286612510681152,-9.604400634765625,-10.501486778259277,-10.499176025390625,-10.056031227111816,-10.747812271118164,-11.452630043029785,-11.480323791503906,-11.64762020111084,-12.14832878112793,-12.817391395568848,-12.884193420410156,-13.010607719421387,-12.702106475830078,-12.261192321777344,-12.69581127166748,-11.921867370605469,-11.990583419799805,-11.283502578735352,-10.132821083068848,-9.145964622497559,-9.463972091674805
-9.32641315460205,-10.059402465820312,-10.347630500793457,-10.37327766418457,-10.404851913452148,-11.08916187286377,-11.542404174804688,-11.709744453430176,-12.03424072265625,-12.237385749816895,-12.232131004333496,-12.332459449768066,-12.52083969116211,-12.77487564086914,-13.05280590057373,-13.267111778259277,-13.290541648864746,-13.098833084106445,-12.911319732666016,-12.699976921081543,-12.176004409790039,-11.752022743225098,-11.098930358886719,-10.34290599822998,-9.823243141174316,-9.505751609802246,-9.489283561706543,-9.709125518798828,-9.88529109954834,-9.805931091308594,-10.78891372680664,-10.87392807006836,-12.436589241027832,-13.182440757751465,-13.716190338134766,-12.865386962890625,-12.231313705444336,-12.873724937438965,-12.5848388671875,-12.585640907287598,-12.12172794342041,-11.188639640808105,-9.809220314025879,-9.626895904541016
-10.532292366027832,-11.747771263122559,-12.306163787841797,-11.802038192749023,-11.02907943725586,-11.68464469909668,-12.060882568359375,-12.557197570800781,-12.645968437194824,-12.917713165283203,-13.09014892578125,-13.156750679016113,-13.292905807495117,-13.467594146728516,-13.74236011505127,-14.034238815307617,-14.177144050598145,-13.908686637878418,-13.540595054626465,-13.331514358520508,-13.07997989654541,-12.984371185302734,-13.053143501281738,-12.23396110534668,-11.130873680114746,-10.255603790283203,-9.666494369506836,-9.122516632080078,-9.110673904418945,-9.460053443908691,-10.178912162780762,-11.066569328308105,-12.52780532836914,-13.389756202697754,-14.104057312011719,-14.012006759643555,-12.861647605895996,-13.380202293395996,-13.339241027832031,-12.779280662536621,-12.015216827392578,-11.90324878692627,-11.852293968200684,-10.25765609741211
-12.290975570678711,-12.727039337158203,-12.52129077911377,-13.072548866271973,-11.667703628540039,-12.491767883300781,-12.404431343078613,-13.494507789611816,-13.524653434753418,-13.617914199829102,-13.889290809631348,-13.824522972106934,-13.938682556152344,-14.151228904724121,-14.5078125,-14.842004776000977,-15.146685600280762,-14.905925750732422,-14.331755638122559,-14.023869514465332,-13.928338050842285,-13.957071304321289,-14.065787315368652,-13.748932838439941,-13.106599807739258,-12.371804237365723,-11.540571212768555,-10.660545349121094,-10.395798683166504,-10.412199020385742,-11.109585762023926,-12.305075645446777,-13.646984100341797,-14.061918258666992,-14.470331192016602,-13.87409782409668,-13.957375526428223,-14.617199897766113,-13.774981498718262,-12.924763679504395,-11.760039329528809,-11.870806694030762,-11.94867992401123,-11.260034561157227
-16.78451156616211,-13.742691040039062,-4.944575786590576,-14.323434829711914,-12.968995094299316,-13.670384407043457,-13.48931884765625,-14.167593002319336,-14.33357048034668,-14.115543365478516,-14.379280090332031,-14.328242301940918,-14.464677810668945,-14.692367553710938,-15.047208786010742,-15.493315696716309,-15.861884117126465,-15.909905433654785,-15.384313583374023,-14.837162017822266,-14.624082565307617,-14.61227798461914,-14.670441627502441,-14.530524253845215,-14.148159980773926,-13.646328926086426,-13.100797653198242,-12.54240608215332,-12.280403137207031,-12.037506103515625,-12.431873321533203,-13.188586235046387,-13.746076583862305,-13.9558687210083,-14.134969711303711,-14.157552719116211,-14.843597412109375,-14.606695175170898,-13.4921293258667,-13.357234001159668,-12.507990837097168,-11.605212211608887,-12.018457412719727,-11.760353088378906
-20.278413772583008,-13.231807708740234,-0.1797254979610443,-15.497509956359863,-13.778141021728516,-14.672510147094727,-15.209282875061035,-15.204449653625488,-15.02361011505127,-14.63827133178711,-14.574884414672852,-14.600616455078125,-14.644311904907227,-15.067829132080078,-15.453968048095703,-16.08662986755371,-16.22954559326172,-16.144433975219727,-15.719463348388672,-15.302589416503906,-15.239109992980957,-15.273412704467773,-15.419687271118164,-15.346573829650879,-14.947856903076172,-14.324472427368164,-13.979903221130371,-13.989482879638672,-13.79819107055664,-13.474699974060059,-13.252803802490234,-13.073418617248535,-12.746112823486328,-12.594338417053223,-12.846511840820312,-13.551979064941406,-14.437599182128906,-14.27401065826416,-13.325825691223145,-12.805878639221191,-12.439455032348633,-11.569653511047363,-12.267853736877441,-11.939909934997559
-18.800996780395508,-15.58573055267334,-9.741551399230957,-17.403467178344727,-13.246675491333008,-15.592619895935059,-15.987810134887695,-16.246356964111328,-15.498065948486328,-15.553041458129883,-15.430052757263184,-15.379631996154785,-14.66444206237793,-15.428492546081543,-15.93769359588623,-16.49678611755371,-16.62142562866211,-16.341157913208008,-15.817710876464844,-15.382984161376953,-15.468766212463379,-15.753015518188477,-16.02467918395996,-16.158000946044922,-16.03363037109375,-15.444076538085938,-14.855019569396973,-14.701685905456543,-14.619095802307129,-14.350221633911133,-13.820998191833496,-13.114950180053711,-12.357514381408691,-11.77224349975586,-11.722164154052734,-12.185276985168457,-12.83899211883545,-13.060457229614258,-12.794207572937012,-12.220708847045898,-11.789545059204102,-11.439065933227539,-12.24535083770752,-11.433341979980469
-19.52977752685547,-18.583818435668945,-16.729564666748047,-15.507147789001465,-15.528117179870605,-16.27484703063965,-16.11810874938965,-17.02861785888672,-16.389198303222656,-16.513301849365234,-16.576112747192383,-16.824798583984375,-15.564364433288574,-15.665688514709473,-16.43042755126953,-16.812376022338867,-17.028667449951172,-16.7518310546875,-16.246753692626953,-15.637160301208496,-15.217479705810547,-15.50904369354248,-16.110204696655273,-16.747167587280273,-16.982772827148438,-16.534652709960938,-15.593830108642578,-14.811151504516602,-14.538129806518555,-14.302077293395996,-13.851679801940918,-12.936728477478027,-12.191162109375,-11.551450729370117,-11.051170349121094,-10.830034255981445,-11.016921043395996,-11.2987642288208,-11.281859397888184,-10.818102836608887,-10.471285820007324,-10.617986679077148,-11.294353485107422,-10.896328926086426
-20.020214080810547,-19.351171493530273,-17.559173583984375,-16.288372039794922,-16.314956665039062,-16.967134475708008,-16.772912979125977,-18.059043884277344,-17.893657684326172,-17.54311752319336,-17.427669525146484,-17.66083526611328,-17.110851287841797,-16.823514938354492,-16.53997802734375,-17.219392776489258,-17.50454330444336,-17.388418197631836,-16.933998107910156,-16.150712966918945,-15.337657928466797,-15.104333877563477,-15.657794952392578,-16.712631225585938,-17.448959350585938,-17.430341720581055,-16.58898162841797,-15.676241874694824,-15.091694831848145,-14.46883487701416,-13.909847259521484,-13.018316268920898,-12.105746269226074,-11.494729042053223,-10.755281448364258,-10.257311820983887,-10.013654708862305,-9.736074447631836,-9.501551628112793,-9.210391998291016,-9.186763763427734,-9.448060035705566,-9.092074394226074,-8.692164421081543
-18.956287384033203,-19.338525772094727,-18.84477996826172,-17.78862953186035,-17.09903907775879,-17.473840713500977,-18.310834884643555,-19.329402923583984,-19.080312728881836,-19.0068302154541,-18.81086540222168,-18.862735748291016,-18.421117782592773,-17.7878360748291,-17.150161743164062,-17.644548416137695,-17.85769271850586,-17.92179298400879,-17.671613693237305,-16.782880783081055,-15.968522071838379,-15.469675064086914,-15.71276569366455,-16.522886276245117,-17.306766510009766,-17.76444435119629,-17.48533058166504,-16.94892120361328,-16.239837646484375,-15.508881568908691,-14.76574420928955,-13.824421882629395,-12.917403221130371,-12.157720565795898,-11.359003067016602,-10.444805145263672,-9.849732398986816,-9.438681602478027,-8.663026809692383,-8.248221397399902,-7.8474836349487305,-7.95012903213501,-7.572060585021973,-7.651881217956543
-18.107229232788086,-18.55864906311035,-18.61627769470215,-18.479658126831055,-18.413732528686523,-18.926923751831055,-19.60272789001465,-20.090641021728516,-20.552978515625,-20.565515518188477,-20.298778533935547,-19.685678482055664,-19.029956817626953,-18.64715003967285,-18.54973793029785,-18.656171798706055,-18.42503547668457,-18.269336700439453,-18.321592330932617,-17.477863311767578,-17.001712799072266,-16.596529006958008,-16.82547378540039,-17.186614990234375,-17.6666316986084,-17.863420486450195,-17.736753463745117,-17.431869506835938,-16.9000301361084,-16.218910217285156,-15.275896072387695,-14.246381759643555,-13.374629020690918,-12.745490074157715,-12.22465991973877,-11.308257102966309,-10.374232292175293,-9.769084930419922,-9.325013160705566,-8.555699348449707,-7.622782230377197,-7.421176433563232,-7.419983386993408,-7.4296345710754395
-19.230222702026367,-19.46718406677246,-19.5911922454834,-19.952688217163086,-20.23741340637207,-20.077375411987305,-20.049392700195312,-20.165674209594727,-20.80707550048828,-21.27692413330078,-20.97810935974121,-20.361888885498047,-20.165115356445312,-20.29705810546875,-20.512054443359375,-19.432968139648438,-19.463350296020508,-19.07429313659668,-18.5711612701416,-18.924840927124023,-17.970123291015625,-18.064104080200195,-18.139802932739258,-18.376028060913086,-18.439769744873047,-18.350610733032227,-18.12095069885254,-17.788818359375,-17.440820693969727,-16.91196632385254,-16.055721282958984,-14.91759967803955,-13.760507583618164,-12.902417182922363,-12.455307960510254,-12.015215873718262,-11.22739315032959,-10.362822532653809,-9.705556869506836,-9.006168365478516,-8.195073127746582,-7.72302770614624,-7.710577487945557,-7.958707332611084
-20.537273406982422,-21.026382446289062,-21.280954360961914,-21.424602508544922,-21.413341522216797,-21.16088104248047,-20.946548461914062,-20.9346866607666,-21.35469627380371,-21.432172775268555,-21.326234817504883,-21.652368545532227,-22.12862205505371,-22.46021270751953,-22.6163387298584,-18.509763717651367,-20.49471664428711,-20.169355392456055,-19.186508178710938,-20.282466888427734,-19.163354873657227,-19.67839813232422,-19.2166805267334,-19.262012481689453,-18.870216369628906,-18.655006408691406,-18.498580932617188,-18.383445739746094,-18.209564208984375,-17.78131866455078,-17.072280883789062,-16.14714813232422,-15.048614501953125,-13.941247940063477,-13.216830253601074,-12.99648380279541,-12.584129333496094,-11.662215232849121,-10.830547332763672,-9.9927978515625,-9.283003807067871,-8.679272651672363,-8.422016143798828,-8.498559951782227
-21.722352981567383,-22.003177642822266,-22.38709259033203,-22.29733657836914,-22.21953582763672,-21.886449813842773,-21.705759048461914,-21.903017044067383,-22.112754821777344,-22.102766036987305,-22.049699783325195,-22.141685485839844,-22.362688064575195,-23.2369327545166,-23.0120906829834,-19.26079750061035,-20.96018409729004,-20.779489517211914,-20.471529006958008,-20.78495216369629,-20.61989974975586,-20.82813835144043,-20.359188079833984,-20.089916229248047,-19.752601623535156,-19.45185089111328,-19.310531616210938,-19.045696258544922,-18.94614028930664,-18.603851318359375,-17.780481338500977,-16.91019630432129,-16.06161117553711,-15.297816276550293,-14.759843826293945,-14.49882984161377,-14.277587890625,-13.769733428955078,-12.994796752929688,-12.20654010772705,-11.449600219726562,-10.6416015625,-9.95404052734375,-9.630623817443848
-23.361696243286133,-23.475271224975586,-23.416208267211914,-23.133878707885742,-22.719602584838867,-22.579071044921875,-22.7119197845459,-23.171411514282227,-23.48900604248047,-23.378971099853516,-23.04311180114746,-22.631248474121094,-22.30910873413086,-21.8939151763916,-21.571229934692383,-21.54229164123535,-21.814695358276367,-22.39277458190918,-21.446189880371094,-21.777856826782227,-21.552995681762695,-21.815385818481445,-21.60117530822754,-21.087034225463867,-21.17327308654785,-21.13312339782715,-20.710134506225586,-20.654661178588867,-20.108802795410156,-19.965194702148438,-19.1578426361084,-18.270402908325195,-17.411455154418945,-16.788043975830078,-16.44219398498535,-16.29571533203125,-16.001361846923828,-15.462896347045898,-14.839197158813477,-14.230454444885254,-13.550564765930176,-12.854846000671387,-12.198421478271484,-11.677688598632812
-24.587995529174805,-24.53948974609375,-24.245922088623047,-23.806129455566406,-23.45432472229004,-23.531509399414062,-24.04970932006836,-24.621675491333008,-24.852251052856445,-24.644916534423828,-24.260974884033203,-24.037778854370117,-24.22248649597168,-23.893280029296875,-22.829524993896484,-22.464160919189453,-22.99867057800293,-23.512048721313477,-23.132457733154297,-22.90800666809082,-22.284690856933594,-22.424896240234375,-22.669921875,-22.58070945739746,-22.28009796142578,-23.080747604370117,-21.980342864990234,-22.320825576782227,-21.85436248779297,-21.563819885253906,-21.066923141479492,-20.31719398498535,-19.62432098388672,-18.90302276611328,-18.36029624938965,-18.170015335083008,-18.016569137573242,-17.49748420715332,-16.761690139770508,-16.225643157958984,-15.855274200439453,-15.278103828430176,-14.628483772277832,-13.930188179016113
-25.12820816040039,-24.98149299621582,-24.773021697998047,-24.516944885253906,-24.357006072998047,-24.471607208251953,-24.753076553344727,-24.847023010253906,-25.05419921875,-25.236679077148438,-25.295024871826172,-25.33412742614746,-25.306798934936523,-24.971818923950195,-24.032442092895508,-23.36687660217285,-23.456357955932617,-24.270551681518555,-25.067380905151367,-24.748191833496094,-23.799570083618164,-23.197031021118164,-23.0678768157959,-23.466089248657227,-23.87471580505371,-23.348163604736328,-22.843002319335938,-23.632047653198242,-23.404804229736328,-22.992630004882812,-22.829532623291016,-22.034109115600586,-21.492570877075195,-20.792776107788086,-20.224132537841797,-19.95500373840332,-20.017520904541016,-19.88312339782715,-19.324289321899414,-18.735061645507812,-18.322729110717773,-17.933536529541016,-17.47469711303711,-17.009450912475586
-25.247926712036133,-25.122079849243164,-24.99725914001465,-24.860017776489258,-24.7109375,-24.6431884765625,-24.7775821685791,-24.928022384643555,-25.19500160217285,-25.584083557128906,-25.861988067626953,-25.740400314331055,-25.557506561279297,-25.38299560546875,-24.964847564697266,-24.229005813598633,-23.95790672302246,-24.731433868408203,-25.82010841369629,-25.965824127197266,-25.159832000732422,-24.37019920349121,-24.336305618286133,-24.532691955566406,-24.58719825744629,-23.857553482055664,-23.462177276611328,-23.807998657226562,-24.18282127380371,-24.197277069091797,-23.97001838684082,-23.378639221191406,-22.88600730895996,-22.239469528198242,-21.895462036132812,-21.498300552368164,-21.539661407470703,-21.56450653076172,-21.181686401367188,-20.522829055786133,-20.052574157714844,-19.762319564819336,-19.582612991333008,-19.470407485961914
-25.17586326599121,-25.101478576660156,-24.9083309173584,-24.724355697631836,-24.568326950073242,-24.602811813354492,-24.732501983642578,-24.984619140625,-25.078210830688477,-25.287078857421875,-25.64118194580078,-25.651321411132812,-25.361507415771484,-25.176240921020508,-25.03897476196289,-24.86097526550293,-24.85215187072754,-25.331205368041992,-26.040945053100586,-26.394935607910156,-26.084030151367188,-25.532363891601562,-25.189762115478516,-25.103330612182617,-24.737001419067383,-24.613819122314453,-24.09755516052246,-23.934946060180664,-24.213024139404297,-24.6945743560791,-24.481372833251953,-24.087873458862305,-24.025060653686523,-23.082130432128906,-23.16048812866211,-22.479209899902344,-22.23697853088379,-21.991352081298828,-21.92963218688965,-21.344629287719727,-20.91913414001465,-20.722578048706055,-20.690216064453125,-20.817413330078125
