data/wind_data/wind_41_0.json
{"header": {"parameterUnit": "KT", "parameterCategory": 2, "nx": 255, "ny": 198, "lo1": 44.73521041870117, "la1": -3.236724853515625, "lo2": 111.26478576660156, "la2": 43.468475341796875, "dx": 0.26192745566368103, "dy": -0.23708222806453705, "refTime": "2025-02-20 17:00:00", "forecastTime": 0, "parameterNumber": 2, "parameterNumberName": "eastward_wind"}, "data":
[rows 171 to 189 of 198, columns 172 to 214 of 255]
3.5096335411071777,-0.6055202484130859,-5.612611770629883,-6.594130039215088,-3.8848071098327637,-0.3700556755065918,0.3001190721988678,-4.378880977630615,-6.551819324493408,-5.874843120574951,-5.924534797668457,-6.199431419372559,-6.222405433654785,-6.368992328643799,-7.2497944831848145,-7.769558906555176,-7.841668128967285,-8.656875610351562,-9.421042442321777,-8.930047035217285,-7.598330020904541,-0.5838031768798828,7.971904754638672,13.255661964416504,14.683676719665527,15.412198066711426,15.047540664672852,14.107528686523438,12.215896606445312,6.903643608093262,4.415818214416504,9.4473295211792,11.490978240966797,9.060619354248047,8.195588111877441,11.01384162902832,13.183780670166016,11.928436279296875,8.377700805664062,6.811212062835693,6.425840854644775,7.171169757843018,6.637341022491455
3.043423652648926,-1.6944319009780884,-6.708767890930176,-5.456892967224121,-0.5408129096031189,1.6779483556747437,-2.460225820541382,-6.572100639343262,-5.992022514343262,-4.333250522613525,-5.327258110046387,-6.414566516876221,-6.0490217208862305,-6.374954700469971,-7.616851806640625,-6.938244342803955,-4.710716724395752,-3.264800548553467,-5.018864631652832,-4.358738899230957,0.10576456040143967,4.680007457733154,7.942178249359131,10.818615913391113,13.59899616241455,14.829179763793945,13.099611282348633,8.921253204345703,7.101884841918945,9.744897842407227,13.468653678894043,14.679839134216309,13.011456489562988,9.530644416809082,8.659599304199219,11.164408683776855,12.344947814941406,10.157482147216797,8.279064178466797,7.470912933349609,6.548277378082275,6.091597080230713,4.142390251159668
0.24433347582817078,-0.40401458740234375,-4.429769992828369,-5.294083595275879,-3.048609495162964,-1.9491099119186401,-4.649120807647705,-5.962759017944336,-2.5778424739837646,-0.5197594165802002,-4.190277576446533,-5.768651962280273,-5.128533363342285,-5.991626262664795,-6.1858439445495605,-4.236053466796875,0.7112411856651306,0.9130567312240601,-3.488194704055786,-4.668076992034912,-1.4456623792648315,0.4770570397377014,2.9794602394104004,8.609292030334473,15.550592422485352,15.036109924316406,6.909522533416748,3.2705237865448,8.816225051879883,14.158768653869629,16.32575035095215,15.17099666595459,11.776650428771973,5.381584644317627,3.7885849475860596,7.739971160888672,9.550562858581543,8.582086563110352,7.939703464508057,7.56075382232666,6.938083171844482,4.615038871765137,-0.059519197791814804
-1.467641830444336,-0.5019432902336121,-2.0861661434173584,-3.5858371257781982,-2.5876431465148926,-1.709213137626648,-2.3504130840301514,-1.719342589378357,1.3545129299163818,2.294760227203369,-2.7218759059906006,-6.628385543823242,-6.7973761558532715,-5.709380626678467,-2.002310037612915,3.243330478668213,3.9829611778259277,-3.3386175632476807,-7.9759697914123535,-8.388879776000977,-8.940218925476074,-6.8637003898620605,5.424577236175537,13.362607955932617,8.257814407348633,0.39527377486228943,-1.3468327522277832,2.9688713550567627,10.012842178344727,13.721017837524414,14.484517097473145,12.960251808166504,6.585515975952148,3.907421112060547,6.402726173400879,9.869417190551758,9.33541202545166,8.415562629699707,7.918034076690674,7.660981178283691,4.685709476470947,-2.519314765930176,-5.770081520080566
-1.7129510641098022,-1.7431063652038574,-1.8524893522262573,-1.3250550031661987,-0.22271424531936646,0.11912018805742264,-0.5273193717002869,0.029641538858413696,2.6766669750213623,3.416330099105835,-1.162756323814392,-5.25640869140625,-5.780205249786377,-5.5581793785095215,1.2467252016067505,9.496208190917969,8.799126625061035,1.015378475189209,-3.461322784423828,0.2854642868041992,1.19098961353302,5.201413631439209,14.226428985595703,8.44255256652832,-5.710782051086426,-1.6061267852783203,10.373255729675293,12.721977233886719,8.855198860168457,8.547870635986328,13.933624267578125,12.983269691467285,9.315238952636719,11.559782981872559,13.1077241897583,10.452274322509766,8.110289573669434,7.284419059753418,6.157791614532471,4.957210063934326,-0.42265281081199646,-6.658567428588867,-5.615326881408691
-6.367371559143066,-7.02569580078125,-6.095355033874512,-4.360818862915039,-2.534635305404663,-1.4594029188156128,-1.770244836807251,-1.8438385725021362,0.43239930272102356,2.532809019088745,0.1908271610736847,-3.268019914627075,-3.1426987648010254,-1.3443272113800049,4.145075798034668,9.674295425415039,9.154932022094727,3.736165761947632,2.290395498275757,4.596261978149414,4.369964599609375,6.302191257476807,10.844989776611328,5.775651454925537,-0.6216650009155273,5.397139549255371,16.078380584716797,18.004709243774414,7.170082092285156,6.983843803405762,15.299433708190918,15.40312385559082,12.714527130126953,11.164782524108887,8.874153137207031,8.32901382446289,7.789948463439941,5.74519681930542,2.4371232986450195,-2.0881245136260986,-6.083293437957764,-7.567739486694336,-5.578570365905762
-8.174546241760254,-8.092968940734863,-8.238419532775879,-8.06674575805664,-8.267515182495117,-8.101646423339844,-8.188454627990723,-7.544772624969482,-5.76746129989624,-3.1825003623962402,-2.400329351425171,-2.380582571029663,-1.5784393548965454,0.034119997173547745,2.6474578380584717,4.974585056304932,5.448629856109619,3.7904067039489746,3.5925145149230957,3.9018290042877197,3.321382999420166,5.917720317840576,10.904926300048828,9.715317726135254,5.708282947540283,9.600275039672852,16.79539680480957,14.03332233428955,7.218390941619873,9.446595191955566,13.568779945373535,12.059198379516602,9.200362205505371,7.256828308105469,5.064639568328857,4.697760105133057,2.4986515045166016,-2.261260747909546,-6.566334247589111,-8.430167198181152,-7.610597133636475,-6.876116752624512,-5.5138397216796875
-6.208584308624268,-5.732883930206299,-6.0461039543151855,-7.286401271820068,-9.222506523132324,-10.531282424926758,-10.407172203063965,-9.500597953796387,-8.090452194213867,-7.19454288482666,-6.888912200927734,-6.276179790496826,-5.370672702789307,-4.399139404296875,-3.5520732402801514,-2.7043919563293457,-1.270248293876648,0.6630691289901733,1.659988522529602,0.784724771976471,0.6531957387924194,3.6444759368896484,7.674530982971191,8.34141731262207,6.516064167022705,8.226726531982422,11.278353691101074,9.096772193908691,6.624230861663818,8.472163200378418,9.63918685913086,7.6215105056762695,5.185723304748535,2.8318064212799072,0.14662514626979828,-3.3412017822265625,-6.650368690490723,-8.68555736541748,-9.777607917785645,-7.691351413726807,-7.008185386657715,-6.819441318511963,-5.263352394104004
-7.557953357696533,-6.965276718139648,-6.206262111663818,-5.56267786026001,-6.972586154937744,-8.270730972290039,-9.314543724060059,-9.300982475280762,-8.189395904541016,-7.3648295402526855,-6.834807872772217,-6.581672191619873,-7.283421516418457,-7.84377908706665,-8.010917663574219,-7.2311482429504395,-5.814385414123535,-4.626246929168701,-3.5258333683013916,-2.3232526779174805,-0.7033012509346008,1.3358426094055176,3.4576785564422607,4.159384250640869,3.702625036239624,4.337825298309326,6.033864498138428,5.9860944747924805,5.134961128234863,5.649625778198242,5.404906749725342,2.9504778385162354,-1.347781777381897,-4.527702331542969,-5.923573970794678,-5.602023124694824,-6.3246564865112305,-8.646929740905762,-8.774134635925293,-6.835039138793945,-6.389008045196533,-5.149519920349121,-4.362200736999512
-7.656635284423828,-7.170101165771484,-6.441270351409912,-5.570602893829346,-5.074973106384277,-6.7721147537231445,-7.839032173156738,-7.785262107849121,-7.403538227081299,-7.009130477905273,-6.07295560836792,-3.4371414184570312,-3.0802865028381348,-5.35912561416626,-6.891586780548096,-6.783588886260986,-6.466701984405518,-5.499809265136719,-3.630159616470337,-2.3396222591400146,-1.5801465511322021,-0.08555293083190918,1.3330607414245605,1.9330140352249146,1.4872483015060425,0.7263705134391785,0.4813846945762634,0.6432899832725525,1.1130266189575195,1.6126941442489624,0.24161039292812347,-4.183414459228516,-7.0687761306762695,-8.213255882263184,-7.732274055480957,-6.325085639953613,-5.565619468688965,-6.481029987335205,-7.037415027618408,-6.729238986968994,-6.267161846160889,-5.372273921966553,-4.437260150909424
-8.398451805114746,-7.843604564666748,-7.127675533294678,-5.865163803100586,-4.1881794929504395,-5.620002746582031,-8.96323299407959,-9.780641555786133,-8.778352737426758,-7.920410633087158,-6.771924018859863,-4.788577556610107,-4.509045124053955,-6.446312427520752,-7.539602756500244,-7.145525932312012,-6.18235969543457,-5.6289873123168945,-5.6017746925354,-5.422252178192139,-5.094361782073975,-4.4051690101623535,-3.769298791885376,-2.9581010341644287,-2.5977206230163574,-3.969252824783325,-5.2638139724731445,-6.072904586791992,-5.524869441986084,-6.572161674499512,-6.781877040863037,-7.208719730377197,-9.513823509216309,-11.234489440917969,-10.346692085266113,-8.278338432312012,-6.562646865844727,-4.858674049377441,-4.636072635650635,-5.104889392852783,-5.663013458251953,-4.822811126708984,-3.6990745067596436
-7.04733419418335,-7.467356204986572,-7.390120029449463,-7.136474132537842,-5.584808826446533,-5.411474704742432,-8.682198524475098,-10.915122985839844,-9.869216918945312,-8.383689880371094,-7.053518772125244,-5.98525857925415,-6.212200164794922,-7.790527820587158,-8.369551658630371,-6.885228633880615,-5.519380569458008,-5.832710266113281,-6.6242756843566895,-7.010143280029297,-7.564076900482178,-8.420445442199707,-8.798417091369629,-9.052752494812012,-8.964787483215332,-9.05235767364502,-9.392136573791504,-9.856355667114258,-9.747247695922852,-8.536394119262695,-7.608365058898926,-8.453422546386719,-10.2979736328125,-10.904616355895996,-9.477922439575195,-7.239139080047607,-5.596339702606201,-4.236360549926758,-3.2578184604644775,-3.7384984493255615,-4.221002578735352,-3.9456818103790283,-3.1991915702819824
-6.5480732917785645,-6.124170303344727,-5.882864475250244,-6.152675151824951,-5.995693206787109,-5.296792507171631,-6.578444957733154,-9.678826332092285,-10.320961952209473,-9.755627632141113,-8.969111442565918,-7.635487079620361,-6.938178539276123,-7.714285373687744,-7.73733377456665,-5.625565528869629,-5.062702655792236,-6.427516460418701,-7.0738325119018555,-6.8542656898498535,-7.109611511230469,-8.099535942077637,-8.910200119018555,-9.191466331481934,-8.892123222351074,-8.571135520935059,-8.674306869506836,-8.81602954864502,-7.95119571685791,-6.341855525970459,-5.9353413581848145,-6.461061000823975,-7.628899097442627,-7.635948181152344,-7.397408485412598,-6.941036224365234,-5.733067989349365,-3.4534835815429688,-2.1523220539093018,-2.506298065185547,-3.672332763671875,-4.11386251449585,-3.9721665382385254
-6.395663261413574,-5.122704982757568,-4.141119480133057,-4.2919840812683105,-4.924720764160156,-5.034019947052002,-5.494321346282959,-7.455233573913574,-10.262198448181152,-11.388080596923828,-10.376155853271484,-7.868019104003906,-5.8878278732299805,-5.970776557922363,-5.611390113830566,-3.85609769821167,-4.585030555725098,-7.0737738609313965,-7.380745887756348,-6.89320182800293,-6.887635231018066,-7.448818206787109,-7.889976978302002,-7.810223579406738,-7.672685623168945,-7.569617748260498,-7.2743239402771,-6.547837257385254,-4.822657585144043,-3.168149471282959,-2.5155422687530518,-3.539182662963867,-4.36334753036499,-5.785068511962891,-7.243495464324951,-7.046339511871338,-5.056331634521484,-2.863126754760742,-2.2972915172576904,-2.570249319076538,-3.952223062515259,-4.8809494972229,-5.022201061248779
-5.768624305725098,-3.899714469909668,-2.744295120239258,-2.947502374649048,-3.4051811695098877,-3.9066572189331055,-5.29046106338501,-7.112649440765381,-9.133063316345215,-10.721556663513184,-10.155317306518555,-7.490373611450195,-4.655019283294678,-3.6216585636138916,-3.3325307369232178,-2.822805404663086,-4.8564558029174805,-7.040975093841553,-7.19967794418335,-6.65763521194458,-6.78636360168457,-7.206534385681152,-7.82133674621582,-7.563989162445068,-6.896265983581543,-6.4567437171936035,-6.2243475914001465,-5.388490200042725,-3.469155788421631,-2.0477521419525146,-2.0467894077301025,-2.8370842933654785,-3.7939352989196777,-4.638322830200195,-6.151304244995117,-6.191222667694092,-3.7762341499328613,-1.8815947771072388,-1.7090222835540771,-2.032421112060547,-3.0259850025177,-4.831346035003662,-5.296899318695068
-4.073760032653809,-2.812659740447998,-2.201622724533081,-2.579860210418701,-2.895268201828003,-3.4039011001586914,-4.920382976531982,-6.302862167358398,-7.25427770614624,-7.782354354858398,-7.173159122467041,-5.604507923126221,-4.0317301750183105,-3.3805594444274902,-4.586409568786621,-5.7898640632629395,-6.254331588745117,-6.721683025360107,-6.83954381942749,-6.364861488342285,-6.318151473999023,-7.609127998352051,-8.615350723266602,-8.202703475952148,-7.094130992889404,-4.845355987548828,-4.281732559204102,-4.931240558624268,-4.572665214538574,-3.478074550628662,-3.64127254486084,-5.00184440612793,-5.686962127685547,-4.8997483253479,-4.468517303466797,-5.330211162567139,-4.023028373718262,-1.5817978382110596,-0.5830051302909851,-1.4784389734268188,-3.694094657897949,-5.68415641784668,-5.120513439178467
-3.73335337638855,-3.6699845790863037,-3.08854079246521,-2.7891955375671387,-2.648064136505127,-2.8769655227661133,-4.126698017120361,-5.171015739440918,-5.8060760498046875,-6.3190717697143555,-5.929416656494141,-5.099532604217529,-4.9486541748046875,-5.118527412414551,-5.445393085479736,-5.950088977813721,-6.462136268615723,-7.32609224319458,-8.043072700500488,-8.516595840454102,-8.032015800476074,-8.547298431396484,-9.021222114562988,-9.107946395874023,-6.355240345001221,-3.161346197128296,-2.4542462825775146,-3.7038307189941406,-4.177476406097412,-3.914438009262085,-4.9266886711120605,-6.608079433441162,-7.216483116149902,-5.476576805114746,-3.9403958320617676,-4.501208305358887,-3.257725477218628,-1.2905977964401245,-1.108812928199768,-2.8250441551208496,-4.752944469451904,-5.90286111831665,-6.155315399169922
-3.3776450157165527,-4.714999675750732,-4.426036357879639,-3.3281869888305664,-2.201582193374634,-2.139530658721924,-3.4487080574035645,-4.106235027313232,-3.8485093116760254,-4.485644817352295,-5.387575626373291,-5.361756801605225,-4.437906742095947,-3.620823621749878,-3.875371217727661,-4.731014728546143,-5.304566383361816,-6.521265029907227,-7.86759090423584,-9.468326568603516,-11.362570762634277,-12.022154808044434,-11.484583854675293,-9.08755874633789,-4.907094955444336,-0.9343806505203247,0.20815512537956238,-0.7265707850456238,-1.736423373222351,-2.7504594326019287,-4.84031867980957,-7.483354568481445,-7.067432880401611,-5.261565685272217,-4.405866622924805,-3.675050973892212,-2.2972629070281982,-1.591821312904358,-2.6947433948516846,-4.34208345413208,-4.879632949829102,-5.113524913787842,-5.15836763381958
-1.573439359664917,-3.6071763038635254,-3.6592729091644287,-2.579749345779419,-0.9771064519882202,-0.29349327087402344,-1.4604030847549438,-2.187211036682129,-0.9526413083076477,-0.38495388627052307,-1.8505746126174927,-2.621279716491699,-1.8337653875350952,-1.839264154434204,-3.238499879837036,-3.9174532890319824,-4.709494113922119,-5.448765754699707,-5.348895072937012,-6.772961616516113,-8.667235374450684,-8.875805854797363,-8.64049243927002,-5.65112829208374,-2.441427230834961,0.5737515687942505,1.537068247795105,-0.25196942687034607,-1.8747676610946655,-2.3099582195281982,-4.420140743255615,-6.774848937988281,-6.387034893035889,-5.35532808303833,-4.827202320098877,-3.3782501220703125,-2.5612587928771973,-2.6036806106567383,-3.4215519428253174,-4.524745941162109,-4.978691577911377,-5.232416152954102,-5.137790679931641
