data/wind_data/wind_5_4.json
{"header": {"parameterUnit": "KT", "parameterCategory": 2, "nx": 256, "ny": 198, "lo1": 44.73521041870117, "la1": -3.236724853515625, "lo2": 111.26478576660156, "la2": 43.468475341796875, "dx": 0.2609002888202667, "dy": -0.23708222806453705, "refTime": "2025-02-19 05:00:00", "forecastTime": 0, "parameterNumber": 2, "parameterNumberName": "eastward_wind"}, "data":
[rows 19 to 37 of 198, columns 88 to 131 of 256]
-10.242544174194336,-10.168333053588867,-10.6371431350708,-10.71268367767334,-9.853503227233887,-8.753787994384766,-8.447270393371582,-8.988085746765137,-9.644539833068848,-9.5023193359375,-9.040980339050293,-8.93636417388916,-8.822571754455566,-8.29216480255127,-7.900914669036865,-8.35706615447998,-9.314562797546387,-9.819169998168945,-10.179136276245117,-10.157210350036621,-10.12513542175293,-10.24522876739502,-10.383248329162598,-10.342931747436523,-10.545440673828125,-10.819902420043945,-10.698885917663574,-10.390231132507324,-10.008828163146973,-9.746661186218262,-9.39917278289795,-8.918511390686035,-8.376036643981934,-7.899675369262695,-7.438647747039795,-6.644477844238281,-5.537184238433838,-5.159764766693115,-5.6941118240356445,-6.048479080200195,-5.872035026550293,-5.694812774658203,-6.170899391174316,-6.367110252380371
-11.034852027893066,-10.602540016174316,-11.439441680908203,-11.979994773864746,-11.533014297485352,-10.291845321655273,-9.473307609558105,-9.877992630004883,-10.8567476272583,-11.072358131408691,-10.801772117614746,-10.673946380615234,-10.485682487487793,-10.09146785736084,-9.696490287780762,-9.657472610473633,-10.042476654052734,-10.463059425354004,-10.710906982421875,-10.672019958496094,-10.497252464294434,-10.193184852600098,-10.222618103027344,-10.6289644241333,-10.97890567779541,-11.209512710571289,-11.028630256652832,-10.652502059936523,-10.230819702148438,-10.162628173828125,-9.990408897399902,-9.575098037719727,-9.229364395141602,-8.89389705657959,-8.263490676879883,-7.096497058868408,-5.722694396972656,-5.201455116271973,-5.741987705230713,-6.251684665679932,-6.124170303344727,-6.031789302825928,-6.3076605796813965,-6.119232177734375
-12.687821388244629,-12.453229904174805,-12.831344604492188,-13.166671752929688,-12.794778823852539,-11.777831077575684,-10.95158576965332,-11.08557415008545,-11.888081550598145,-12.291450500488281,-12.064484596252441,-11.652863502502441,-11.43170166015625,-11.468271255493164,-11.534671783447266,-11.288557052612305,-10.942533493041992,-10.885411262512207,-11.079878807067871,-11.120939254760742,-10.875722885131836,-10.450162887573242,-10.39966869354248,-10.804465293884277,-11.251970291137695,-11.495052337646484,-11.400373458862305,-10.999171257019043,-10.5110445022583,-10.30125904083252,-10.118474006652832,-9.826584815979004,-9.612872123718262,-9.375361442565918,-8.74637222290039,-7.477477550506592,-6.094674110412598,-5.415473937988281,-5.688403129577637,-6.06901216506958,-6.273480415344238,-6.428854942321777,-6.385248184204102,-5.749631404876709
-14.26036548614502,-14.155477523803711,-13.945761680603027,-13.722004890441895,-13.360342025756836,-12.836875915527344,-12.49345588684082,-12.677804946899414,-13.128874778747559,-13.357330322265625,-13.154189109802246,-12.811750411987305,-12.570301055908203,-12.530448913574219,-12.76366138458252,-12.664983749389648,-12.061819076538086,-11.468864440917969,-11.319204330444336,-11.400959968566895,-11.472454071044922,-11.28588581085205,-10.98911190032959,-10.726286888122559,-10.856270790100098,-11.293793678283691,-11.484322547912598,-11.196922302246094,-10.72587776184082,-10.257108688354492,-9.987220764160156,-9.862787246704102,-9.864555358886719,-9.63593864440918,-8.978084564208984,-7.8727803230285645,-6.795866966247559,-6.077234268188477,-5.8800177574157715,-5.948235511779785,-6.263073444366455,-6.481470584869385,-6.298447132110596,-5.576886177062988
-14.989531517028809,-15.002376556396484,-14.687066078186035,-14.309430122375488,-14.036688804626465,-13.852429389953613,-13.870050430297852,-13.995260238647461,-14.020215034484863,-14.009176254272461,-14.006684303283691,-13.944458961486816,-13.610461235046387,-13.165249824523926,-13.158939361572266,-13.374826431274414,-12.977566719055176,-12.071927070617676,-11.697267532348633,-12.017599105834961,-12.41811752319336,-12.185622215270996,-11.398634910583496,-10.75649356842041,-10.569108963012695,-10.769959449768066,-11.016419410705566,-11.027976989746094,-10.685389518737793,-10.284337997436523,-10.048749923706055,-9.880138397216797,-9.87440299987793,-9.660064697265625,-8.868019104003906,-7.7655816078186035,-6.918870449066162,-6.42734432220459,-6.168487548828125,-6.2461628913879395,-6.5046868324279785,-6.613991737365723,-6.337743759155273,-5.536353588104248
-15.469956398010254,-15.592111587524414,-15.401588439941406,-15.13166618347168,-15.137773513793945,-15.285178184509277,-15.412935256958008,-15.37131404876709,-15.193503379821777,-15.122222900390625,-15.037306785583496,-14.634825706481934,-13.942764282226562,-13.420546531677246,-13.424452781677246,-13.744747161865234,-13.623586654663086,-12.795994758605957,-12.421162605285645,-12.831440925598145,-13.206859588623047,-12.651022911071777,-11.56727123260498,-10.854100227355957,-10.66421890258789,-10.631019592285156,-10.632218360900879,-10.55585765838623,-10.460416793823242,-10.49118709564209,-10.379026412963867,-9.98515796661377,-9.532760620117188,-9.18923568725586,-8.617035865783691,-7.6768083572387695,-6.981620788574219,-6.676235198974609,-6.461130142211914,-6.245699405670166,-6.001089096069336,-5.856170654296875,-5.699958324432373,-5.327767372131348
-16.544668197631836,-16.5860652923584,-16.479305267333984,-16.097444534301758,-16.06852149963379,-16.547513961791992,-16.98652458190918,-16.961166381835938,-16.680278778076172,-16.42302131652832,-15.938151359558105,-14.95987606048584,-13.964634895324707,-13.6371488571167,-13.901589393615723,-14.106999397277832,-13.894474029541016,-13.420520782470703,-13.090425491333008,-13.086380004882812,-13.122711181640625,-12.59879207611084,-11.514159202575684,-10.66658878326416,-10.421586036682129,-10.448636054992676,-10.463338851928711,-10.294283866882324,-10.3699951171875,-10.609147071838379,-10.440040588378906,-9.91146183013916,-9.284153938293457,-8.86165714263916,-8.56865406036377,-8.060769081115723,-7.428741931915283,-7.158200263977051,-7.164080619812012,-6.877590179443359,-6.006791591644287,-5.081459999084473,-4.860227584838867,-4.905269622802734
-17.69943618774414,-17.5938777923584,-17.372600555419922,-16.890329360961914,-16.553489685058594,-16.819726943969727,-17.3279972076416,-17.43577003479004,-17.251708984375,-16.95648765563965,-16.281879425048828,-15.108551025390625,-14.022455215454102,-13.655492782592773,-13.688260078430176,-13.57807731628418,-13.466655731201172,-13.451554298400879,-13.388419151306152,-13.242121696472168,-13.091758728027344,-12.631510734558105,-11.571682929992676,-10.544198036193848,-10.044208526611328,-10.03310775756836,-10.124043464660645,-9.964900970458984,-9.960482597351074,-10.130934715270996,-10.15606689453125,-9.753158569335938,-9.060498237609863,-8.635684967041016,-8.596960067749023,-8.374444961547852,-7.75977087020874,-7.4983367919921875,-7.5446977615356445,-7.247657299041748,-6.259466171264648,-5.1580491065979,-4.888906955718994,-4.835187911987305
-18.933189392089844,-18.56865119934082,-17.952516555786133,-17.41819190979004,-17.074857711791992,-16.900920867919922,-16.939380645751953,-17.036685943603516,-17.012866973876953,-16.72508430480957,-16.055721282958984,-14.953218460083008,-13.864337921142578,-13.250657081604004,-12.943344116210938,-12.75939655303955,-12.915105819702148,-13.398599624633789,-13.804998397827148,-13.846210479736328,-13.445868492126465,-12.721095085144043,-11.76146125793457,-11.108510971069336,-10.863713264465332,-10.692113876342773,-10.422049522399902,-10.093230247497559,-9.922367095947266,-9.867344856262207,-9.844036102294922,-9.640932083129883,-9.190266609191895,-8.976107597351074,-8.974937438964844,-8.90465259552002,-8.621101379394531,-8.436553955078125,-8.202515602111816,-7.766957759857178,-6.93256950378418,-6.052613258361816,-5.657714366912842,-5.385458946228027
-19.80003547668457,-19.27880096435547,-18.668628692626953,-18.200923919677734,-17.88166618347168,-17.50396728515625,-17.102495193481445,-16.845436096191406,-16.63207244873047,-16.1912899017334,-15.452629089355469,-14.45727825164795,-13.586002349853516,-13.059885025024414,-12.836671829223633,-12.994477272033691,-13.380517959594727,-13.725785255432129,-14.148245811462402,-14.442730903625488,-14.166350364685059,-13.346783638000488,-12.494109153747559,-12.083613395690918,-12.0510835647583,-11.968060493469238,-11.745146751403809,-11.390274047851562,-10.896349906921387,-10.33687686920166,-9.917939186096191,-9.798912048339844,-9.725159645080566,-9.713369369506836,-9.777634620666504,-9.910833358764648,-9.828568458557129,-9.558682441711426,-9.23951244354248,-8.837790489196777,-8.106996536254883,-7.105018138885498,-6.538691520690918,-6.172511100769043
-20.14913558959961,-19.554040908813477,-19.176742553710938,-18.909358978271484,-18.56652069091797,-18.0992488861084,-17.563304901123047,-17.100793838500977,-16.549938201904297,-15.712946891784668,-14.834872245788574,-14.202584266662598,-13.89697265625,-13.858259201049805,-13.807572364807129,-13.706381797790527,-13.785744667053223,-13.98091983795166,-14.407567024230957,-14.913031578063965,-14.711681365966797,-13.935791969299316,-13.367618560791016,-13.18928050994873,-13.211313247680664,-13.1804838180542,-13.079341888427734,-12.7589750289917,-12.118751525878906,-11.349066734313965,-10.894000053405762,-10.670782089233398,-10.313682556152344,-10.173491477966309,-10.367888450622559,-10.54556655883789,-10.454760551452637,-10.201292037963867,-10.017069816589355,-9.612199783325195,-8.674757957458496,-7.598301410675049,-7.101281642913818,-6.627800941467285
-20.296634674072266,-20.062313079833984,-19.737655639648438,-19.23271942138672,-18.668319702148438,-18.34071159362793,-18.10526466369629,-17.658334732055664,-16.816875457763672,-15.706905364990234,-14.893327713012695,-14.656347274780273,-14.696366310119629,-14.701750755310059,-14.401208877563477,-13.860066413879395,-13.818492889404297,-14.229547500610352,-14.779200553894043,-15.229667663574219,-15.047028541564941,-14.568997383117676,-14.29531192779541,-14.119701385498047,-13.909696578979492,-13.785923957824707,-13.774704933166504,-13.600839614868164,-13.167043685913086,-12.682047843933105,-12.451983451843262,-12.3020601272583,-12.005502700805664,-11.81976318359375,-11.775827407836914,-11.592820167541504,-11.339071273803711,-10.989798545837402,-10.571281433105469,-10.030733108520508,-9.174349784851074,-8.163812637329102,-7.440491676330566,-6.771892547607422
-20.457611083984375,-20.744396209716797,-20.43379783630371,-19.52345848083496,-18.594497680664062,-18.33034324645996,-18.707775115966797,-18.779659271240234,-17.947864532470703,-16.71009063720703,-16.00499725341797,-15.8892240524292,-15.629841804504395,-14.983614921569824,-14.273459434509277,-13.805937767028809,-14.182377815246582,-14.978678703308105,-15.388006210327148,-15.534518241882324,-15.564722061157227,-15.426587104797363,-15.147882461547852,-14.735403060913086,-14.335593223571777,-14.151432991027832,-14.028576850891113,-13.943154335021973,-13.926389694213867,-13.792860984802246,-13.615221977233887,-13.641833305358887,-13.755687713623047,-13.711878776550293,-13.429268836975098,-12.972967147827148,-12.544370651245117,-11.983975410461426,-11.238665580749512,-10.596331596374512,-10.03417682647705,-9.327400207519531,-8.53758430480957,-7.507486343383789
-20.838212966918945,-21.247955322265625,-21.11992835998535,-20.33905029296875,-19.298707962036133,-18.89419174194336,-19.356739044189453,-19.708515167236328,-19.274503707885742,-18.391761779785156,-17.683040618896484,-17.138856887817383,-16.344236373901367,-15.337053298950195,-14.463021278381348,-14.291030883789062,-15.180045127868652,-16.106630325317383,-16.236818313598633,-16.188018798828125,-16.23224449157715,-16.171445846557617,-16.039655685424805,-15.739253997802734,-15.18376350402832,-14.573097229003906,-14.30461597442627,-14.41577434539795,-14.43522834777832,-14.070903778076172,-13.742879867553711,-13.867841720581055,-14.218578338623047,-14.28628158569336,-13.856160163879395,-13.201692581176758,-12.705500602722168,-12.375722885131836,-11.87524127960205,-11.15914249420166,-10.541959762573242,-10.172859191894531,-9.601715087890625,-8.519601821899414
-21.26010513305664,-21.42290687561035,-21.321487426757812,-20.828723907470703,-20.219345092773438,-20.127727508544922,-20.329822540283203,-20.14995002746582,-19.75116539001465,-19.404600143432617,-18.88780403137207,-18.151208877563477,-17.365991592407227,-16.59252166748047,-16.081327438354492,-16.26511001586914,-16.89678382873535,-17.269420623779297,-17.11503028869629,-16.758573532104492,-16.454164505004883,-16.38871192932129,-16.64273452758789,-16.826061248779297,-16.50996208190918,-15.849920272827148,-15.312787055969238,-14.939983367919922,-14.456199645996094,-13.952651977539062,-13.74814224243164,-13.890520095825195,-14.092426300048828,-13.930591583251953,-13.308241844177246,-12.647159576416016,-12.235710144042969,-11.946510314941406,-11.590367317199707,-11.178650856018066,-10.844964981079102,-10.655705451965332,-10.322190284729004,-9.555001258850098
-21.491243362426758,-21.652551651000977,-21.45663070678711,-21.025331497192383,-20.806238174438477,-21.0313720703125,-21.08750343322754,-20.654626846313477,-20.179805755615234,-19.978195190429688,-19.71772575378418,-19.221960067749023,-18.691394805908203,-18.21476936340332,-18.054594039916992,-18.311548233032227,-18.543649673461914,-18.319425582885742,-17.746816635131836,-17.135517120361328,-16.655323028564453,-16.597244262695312,-16.933189392089844,-17.218046188354492,-17.15604591369629,-16.790760040283203,-16.19818115234375,-15.438220024108887,-14.787577629089355,-14.370182037353516,-14.06615924835205,-13.967267036437988,-14.122880935668945,-14.00444221496582,-13.317463874816895,-12.54838752746582,-11.905638694763184,-11.252568244934082,-10.722892761230469,-10.535017967224121,-10.511918067932129,-10.45295238494873,-10.338411331176758,-9.986437797546387
-21.716583251953125,-22.152935028076172,-22.214418411254883,-21.919105529785156,-21.744773864746094,-21.783584594726562,-21.73953628540039,-21.57892608642578,-21.2889461517334,-20.990047454833984,-20.74527931213379,-20.425199508666992,-19.971052169799805,-19.581260681152344,-19.516565322875977,-19.61583709716797,-19.346933364868164,-18.742313385009766,-18.19814109802246,-17.79297637939453,-17.416379928588867,-17.271142959594727,-17.317068099975586,-17.183382034301758,-16.7287540435791,-16.204120635986328,-15.751830101013184,-15.383753776550293,-15.1347017288208,-14.739120483398438,-14.11861801147461,-13.85091495513916,-14.090328216552734,-14.197266578674316,-13.765707969665527,-12.945446968078613,-11.93262004852295,-10.915122032165527,-10.155617713928223,-9.902631759643555,-10.057878494262695,-10.3627290725708,-10.638550758361816,-10.5908842086792
-21.974044799804688,-22.274539947509766,-22.637239456176758,-22.81747055053711,-22.84038734436035,-22.750219345092773,-22.58910369873047,-22.46134376525879,-22.326566696166992,-22.158296585083008,-22.071073532104492,-21.878938674926758,-21.37187385559082,-20.92432975769043,-20.701276779174805,-20.39280128479004,-19.812877655029297,-19.195796966552734,-18.754552841186523,-18.32679557800293,-17.760215759277344,-17.364744186401367,-17.198511123657227,-16.911968231201172,-16.219547271728516,-15.312154769897461,-14.689695358276367,-14.645832061767578,-14.875432968139648,-14.678389549255371,-13.908364295959473,-13.451567649841309,-13.568958282470703,-13.662049293518066,-13.401494979858398,-12.812725067138672,-12.13330364227295,-11.330260276794434,-10.573760032653809,-10.165999412536621,-10.30056095123291,-10.958681106567383,-11.691351890563965,-11.90969181060791
-22.02626609802246,-22.29766273498535,-22.66575813293457,-22.905078887939453,-23.04891014099121,-23.13465690612793,-23.02355194091797,-22.758365631103516,-22.54401397705078,-22.4943904876709,-22.531984329223633,-22.370162963867188,-21.835430145263672,-21.308616638183594,-20.970808029174805,-20.61157989501953,-20.165802001953125,-19.758987426757812,-19.331340789794922,-18.66996192932129,-17.853300094604492,-17.228628158569336,-16.8292179107666,-16.456005096435547,-15.80893325805664,-14.987468719482422,-14.496615409851074,-14.486810684204102,-14.57075309753418,-14.307324409484863,-13.75607967376709,-13.510481834411621,-13.62763500213623,-13.581353187561035,-13.148895263671875,-12.527477264404297,-12.079753875732422,-11.821038246154785,-11.475255966186523,-11.005579948425293,-10.813884735107422,-11.261432647705078,-12.194660186767578,-12.791378021240234
