data/wind_data/wind_49_0.json
{"header": {"parameterUnit": "KT", "parameterCategory": 2, "nx": 255, "ny": 198, "lo1": 44.73521041870117, "la1": -3.236724853515625, "lo2": 111.26478576660156, "la2": 43.468475341796875, "dx": 0.26192745566368103, "dy": -0.23708222806453705, "refTime": "2025-02-21 01:00:00", "forecastTime": 0, "parameterNumber": 2, "parameterNumberName": "eastward_wind"}, "data":
[rows 152 to 170 of 198, columns 86 to 128 of 255]
-3.4930217266082764,-0.8600888252258301,1.8746740818023682,2.9107794761657715,5.5169596672058105,9.230964660644531,8.567354202270508,3.7255091667175293,1.9464075565338135,7.692729473114014,12.899554252624512,12.56002426147461,8.435630798339844,5.594799518585205,4.429032325744629,4.86190128326416,4.257070064544678,1.5593760013580322,-2.3769497871398926,-6.015270709991455,-8.425455093383789,-10.199444770812988,-11.722184181213379,-14.114925384521484,-17.419292449951172,-16.05670928955078,-4.815349102020264,-0.8801647424697876,-5.2189836502075195,-6.331457614898682,-2.72145414352417,1.5570151805877686,5.215510845184326,8.275656700134277,10.588335037231445,10.507736206054688,7.84932279586792,4.294986248016357,4.805483341217041,1.4708118438720703,0.32285067439079285,7.31815767288208,13.9489164352417
-0.6668866276741028,4.187558174133301,4.33950138092041,3.2631890773773193,5.3502326011657715,10.61203670501709,17.227901458740234,13.572526931762695,9.093727111816406,9.53481388092041,9.462980270385742,6.792964935302734,-0.7966019511222839,-3.0329458713531494,-0.5162471532821655,0.574062705039978,-0.22052933275699615,-2.107834577560425,-5.471457004547119,-7.498122215270996,-7.088246822357178,-7.496094703674316,-11.023377418518066,-16.33847427368164,-17.774633407592773,-12.515456199645996,-6.01192569732666,-5.624183177947998,-6.830102920532227,-2.858381986618042,1.3466569185256958,4.157192230224609,6.668262004852295,9.29470157623291,7.390021800994873,1.4564485549926758,2.7798221111297607,8.963134765625,12.526288986206055,3.0209078788757324,1.3168507814407349,8.942753791809082,13.233067512512207
-1.1139490604400635,5.687431812286377,8.0464448928833,7.055836200714111,7.827273845672607,12.956650733947754,19.43398666381836,18.990978240966797,7.94342565536499,-3.271608352661133,-3.758814811706543,-2.96604585647583,-4.934772968292236,-3.621612787246704,1.4499154090881348,2.3741323947906494,-0.062442436814308167,-2.728973150253296,-6.126224040985107,-8.079008102416992,-5.8675384521484375,-6.681948661804199,-13.223843574523926,-14.431364059448242,-12.20174503326416,-8.535378456115723,-5.486932277679443,-6.310298919677734,-4.168737411499023,-0.48585841059684753,2.512181520462036,4.273897171020508,7.549376487731934,9.415823936462402,2.71687388420105,-0.8916271328926086,3.261916399002075,9.591097831726074,7.2308526039123535,-1.8604042530059814,3.9379446506500244,11.814684867858887,11.438823699951172
7.973539352416992,9.666703224182129,8.066341400146484,4.608222961425781,5.614835262298584,10.893784523010254,15.80020523071289,10.527703285217285,-4.711646556854248,-12.580446243286133,-5.357874393463135,-0.578096330165863,-2.4736132621765137,-2.0613412857055664,1.9085160493850708,2.080504894256592,1.0349526405334473,-3.1123366355895996,-8.734918594360352,-10.007909774780273,-8.318085670471191,-6.9784979820251465,-11.832121849060059,-12.861079216003418,-7.817396640777588,-5.7127604484558105,-5.4769463539123535,-4.961874961853027,-1.0333552360534668,1.175139307975769,2.4627556800842285,4.940753936767578,9.287849426269531,10.357029914855957,1.2217944860458374,0.05368988588452339,4.397830963134766,4.529506683349609,0.602965772151947,0.557059109210968,8.440443992614746,12.630803108215332,12.018608093261719
11.407122611999512,15.361284255981445,11.448707580566406,0.058336786925792694,-4.267846584320068,3.7877933979034424,10.558021545410156,7.222527503967285,-7.66778039932251,-14.351944923400879,-5.081274509429932,1.2126038074493408,-1.116749882698059,-0.7850713729858398,1.963181495666504,4.333873748779297,5.138764381408691,-3.998290538787842,-11.824710845947266,-11.322053909301758,-9.715729713439941,-4.2559428215026855,-4.68279504776001,-8.575017929077148,-4.515075206756592,0.6844038963317871,-1.0409150123596191,-2.3393938541412354,0.08615008741617203,0.1119653582572937,2.4154698848724365,5.165966033935547,1.8092365264892578,-1.2608577013015747,0.0773676261305809,0.3616631329059601,2.7224020957946777,7.545171737670898,8.68160343170166,7.760885715484619,9.87781047821045,11.267013549804688,13.493069648742676
9.031188011169434,12.882683753967285,10.879927635192871,3.6874866485595703,-0.8572025299072266,0.7216700911521912,5.535285949707031,0.6765187382698059,-10.586729049682617,-10.63139820098877,-7.443307876586914,-3.577179193496704,-3.1783785820007324,0.14090612530708313,4.221589088439941,7.533705234527588,9.314228057861328,-2.075495481491089,-10.186957359313965,-7.763122081756592,-5.904834270477295,-1.0127227306365967,2.097578763961792,-1.2989190816879272,-0.7659675478935242,2.961819887161255,-2.8700006008148193,-7.458046913146973,-2.2912285327911377,-0.011726941913366318,1.674826741218567,-2.0842974185943604,-5.9873785972595215,0.46395769715309143,7.477658748626709,8.021700859069824,9.10108757019043,13.822144508361816,16.667503356933594,15.40841293334961,12.610893249511719,11.15555477142334,12.744428634643555
3.5222630500793457,6.0957932472229,4.995347499847412,6.238315105438232,9.207106590270996,4.898046493530273,-0.6554854512214661,-6.612171173095703,-12.53158950805664,-12.217865943908691,-9.494908332824707,-7.8116135597229,-4.4238786697387695,2.0535411834716797,6.576087474822998,10.192598342895508,12.738192558288574,0.2391301840543747,-9.581412315368652,-5.147712230682373,-2.1307032108306885,-0.0995355099439621,2.1817147731781006,3.1202147006988525,1.1579921245574951,-3.2185208797454834,-5.430295944213867,-5.433285236358643,-8.398218154907227,-6.040303707122803,-0.2105783373117447,-0.21620383858680725,-2.1482656002044678,3.5865588188171387,10.138593673706055,11.909411430358887,13.167835235595703,15.833182334899902,19.202228546142578,19.593225479125977,13.801410675048828,8.680607795715332,7.9466094970703125
-0.23544350266456604,1.0271601676940918,2.1749136447906494,4.038612365722656,11.64316177368164,8.40035629272461,-6.070333003997803,-12.392621994018555,-13.69556999206543,-13.255465507507324,-10.688887596130371,-2.96379017829895,1.9658375978469849,5.311798572540283,9.027650833129883,9.713769912719727,12.635930061340332,-0.5794431567192078,-14.34864330291748,-8.49832534790039,0.37359610199928284,3.009902000427246,3.5254015922546387,3.7350239753723145,0.9911795258522034,-1.3227041959762573,-1.1931651830673218,-3.349377393722534,-8.727474212646484,-5.882537841796875,0.6320138573646545,1.5282647609710693,2.7056548595428467,7.199143409729004,11.95177173614502,14.19671630859375,13.97424602508545,14.352409362792969,16.437915802001953,16.4257755279541,12.242879867553711,6.713757514953613,4.362264633178711
-5.723698139190674,-2.678516149520874,1.1193360090255737,3.534221649169922,8.067557334899902,5.419803619384766,-7.396451950073242,-13.869376182556152,-12.163508415222168,-12.539746284484863,-10.973429679870605,-2.825486660003662,5.284625053405762,4.323390007019043,0.023547004908323288,6.739401817321777,10.884550094604492,3.4875805377960205,-8.204818725585938,-10.04088020324707,-2.6867074966430664,4.070483207702637,6.019492149353027,6.012935161590576,4.748342037200928,3.8088316917419434,4.244731426239014,1.0087262392044067,-2.8790204524993896,-1.0190211534500122,4.20135498046875,5.0075531005859375,5.5867919921875,8.897839546203613,12.597848892211914,13.84457778930664,13.07552433013916,12.927968978881836,15.423566818237305,16.627546310424805,12.910684585571289,7.883623123168945,6.655919551849365
-8.344097137451172,-1.0579662322998047,2.40844464302063,2.903669595718384,5.645318508148193,4.596823215484619,-5.288660526275635,-12.958645820617676,-11.154004096984863,-10.06914234161377,-8.938363075256348,-5.8853044509887695,2.5548291206359863,0.5046337246894836,-4.980605602264404,3.012742280960083,7.015329360961914,3.1799416542053223,2.9987781047821045,0.7256561517715454,-5.291050910949707,-2.921247720718384,5.770123481750488,7.518002033233643,5.721122741699219,3.358366012573242,0.013043598271906376,0.5125125050544739,0.08940869569778442,0.5734707713127136,5.423110008239746,9.197768211364746,9.269564628601074,11.60058307647705,16.964094161987305,16.69851303100586,10.994256973266602,9.406803131103516,13.356108665466309,16.31088638305664,13.331515312194824,9.928317070007324,8.914170265197754
-9.032815933227539,-1.677496314048767,2.3413686752319336,2.018791675567627,1.8735359907150269,1.006111979484558,-5.142702579498291,-9.826234817504883,-8.998855590820312,-8.094935417175293,-7.714234352111816,-6.561738967895508,-0.9263259172439575,-0.06094058230519295,-3.56805419921875,-1.3574503660202026,-0.7317656874656677,0.9765459299087524,8.146297454833984,11.528600692749023,1.8017793893814087,-5.778842926025391,1.3579994440078735,3.568779468536377,-1.2924762964248657,-6.1467461585998535,-5.442230701446533,1.585036277770996,5.417561054229736,1.1350752115249634,1.843913197517395,9.150138854980469,13.26351547241211,16.79631233215332,14.895536422729492,11.443180084228516,11.034662246704102,13.387384414672852,16.042884826660156,16.872020721435547,16.37403678894043,13.352863311767578,11.39302921295166
-9.239028930664062,-4.8726606369018555,0.32738107442855835,1.690093994140625,0.6242522597312927,-0.02318759635090828,-3.242868661880493,-6.639031410217285,-7.422524929046631,-6.731882572174072,-6.087783336639404,-6.4895524978637695,-3.928814649581909,0.7175043821334839,-3.417992115020752,-8.619207382202148,-7.435037136077881,-5.445696830749512,2.7609691619873047,11.259974479675293,9.910698890686035,3.9604923725128174,0.5077915787696838,-0.6600747108459473,-3.2161693572998047,-4.609174728393555,-2.783191204071045,4.865055084228516,10.876144409179688,3.145430326461792,-0.453048974275589,8.140872955322266,17.75700569152832,18.58104133605957,7.227600574493408,7.919677734375,14.826878547668457,16.224567413330078,17.175418853759766,18.270936965942383,19.473482131958008,16.403797149658203,8.18516731262207
-9.0723237991333,-8.745343208312988,-7.18563175201416,-6.706593990325928,-5.627777099609375,-4.109338283538818,-4.028162479400635,-6.792716026306152,-9.133152961730957,-8.53281021118164,-6.669713020324707,-7.486421585083008,-6.291538238525391,-4.217873573303223,-11.11838150024414,-17.411304473876953,-14.587532997131348,-9.143828392028809,-0.9867060780525208,1.9358501434326172,4.541418552398682,6.29750919342041,2.0409650802612305,-0.10219911485910416,-2.2840170860290527,-4.103842735290527,0.6716038584709167,7.756165981292725,9.076562881469727,3.3932242393493652,1.9936703443527222,11.580244064331055,20.564563751220703,9.371197700500488,2.073232650756836,5.800248622894287,4.786047458648682,5.168868541717529,6.899953365325928,8.521109580993652,10.169513702392578,6.711301803588867,0.9139955043792725
-9.708868026733398,-11.101037979125977,-11.896303176879883,-9.955581665039062,-6.793218612670898,-5.0214314460754395,-5.490078449249268,-6.394728183746338,-9.313097953796387,-11.638493537902832,-9.957011222839355,-8.9135103225708,-10.829629898071289,-14.117563247680664,-18.168092727661133,-18.379043579101562,-13.281180381774902,-5.995600700378418,1.1034449338912964,0.7721284627914429,0.6836246252059937,-0.8381169438362122,-1.5386806726455688,4.0658793449401855,2.6328659057617188,-0.8857802152633667,0.7251133918762207,5.427703857421875,5.561304569244385,3.859005928039551,4.677613258361816,9.420525550842285,10.65727710723877,1.182054042816162,1.1697331666946411,4.440737724304199,0.7554140090942383,1.1071456670761108,3.7356128692626953,4.1583662033081055,1.9520455598831177,0.2389809936285019,0.35921037197113037
-8.227205276489258,-10.902542114257812,-11.186758995056152,-9.113077163696289,-5.8751373291015625,-4.155500411987305,-6.733994960784912,-5.824847221374512,-6.13066291809082,-11.82633113861084,-12.025285720825195,-11.692512512207031,-14.219344139099121,-18.472579956054688,-21.283897399902344,-16.239585876464844,-13.02138614654541,-12.685336112976074,-9.250700950622559,-4.921602725982666,-3.6520302295684814,-2.3176722526550293,-0.3776153028011322,3.065345525741577,6.145839214324951,6.397750377655029,4.394782543182373,3.4449286460876465,4.055730819702148,6.527307987213135,12.886761665344238,10.515990257263184,5.696758270263672,3.694539785385132,2.588468313217163,2.0019237995147705,-1.3698874711990356,-0.11155310273170471,3.645142078399658,5.202033519744873,3.3677759170532227,1.6084721088409424,0.5685583353042603
-7.646877288818359,-9.260174751281738,-10.708277702331543,-8.996527671813965,-4.7507171630859375,-3.7707929611206055,-7.005224227905273,-4.876913547515869,-2.899747610092163,-8.891563415527344,-12.995543479919434,-14.2273588180542,-15.44576358795166,-15.327763557434082,-15.415306091308594,-9.946138381958008,-13.257494926452637,-18.77035140991211,-9.63215160369873,-5.488506317138672,-5.4690375328063965,0.7269001007080078,4.925446510314941,3.7153565883636475,4.688297748565674,6.881195068359375,5.289170265197754,3.694002389907837,3.977384567260742,7.196226119995117,10.073175430297852,10.378996849060059,5.988093376159668,5.172842979431152,1.3598424196243286,-2.147678852081299,-2.966946840286255,-0.3533426821231842,2.520639657974243,3.7432243824005127,3.587827682495117,3.3520376682281494,2.3511874675750732
-6.470836639404297,-7.348194599151611,-9.469035148620605,-8.82623291015625,-3.9512274265289307,-2.253593683242798,-5.099002361297607,-4.548641681671143,-2.932671546936035,-8.948554039001465,-14.545928001403809,-15.404669761657715,-15.987043380737305,-13.173661231994629,-9.855391502380371,-8.135780334472656,-13.524635314941406,-17.617067337036133,-13.356308937072754,-7.091548919677734,-1.0876554250717163,2.5822691917419434,2.836181640625,2.047714948654175,4.419687271118164,6.918455600738525,9.178446769714355,9.220900535583496,7.30999231338501,7.645519256591797,14.416288375854492,13.253267288208008,7.44842529296875,5.231351375579834,-0.4543907940387726,-3.5400681495666504,-2.4667575359344482,-0.19139260053634644,1.9038150310516357,3.2151339054107666,3.9608945846557617,3.9216721057891846,3.1091830730438232
-5.843185901641846,-6.972402572631836,-8.960841178894043,-9.428518295288086,-5.183040618896484,-1.6347543001174927,-3.9220869541168213,-5.971247673034668,-4.468557357788086,-8.36007308959961,-13.758627891540527,-14.227812767028809,-13.936108589172363,-10.902542114257812,-3.83598256111145,-3.2653861045837402,-12.77542495727539,-14.954339027404785,-10.26461124420166,-4.855188846588135,3.3847084045410156,4.556883335113525,2.130828619003296,3.9828128814697266,6.77760124206543,7.662087917327881,9.659682273864746,10.172516822814941,8.21342945098877,8.053973197937012,10.662047386169434,8.887737274169922,4.954211711883545,-0.4126564562320709,-1.994660496711731,-0.7596225142478943,-1.3981075286865234,0.25396668910980225,3.2020528316497803,4.028683662414551,4.538300514221191,4.467106819152832,3.19537353515625
-7.200160503387451,-4.7348432540893555,-4.6721062660217285,-7.162780284881592,-6.588949680328369,-3.2475392818450928,-3.971233606338501,-6.864840507507324,-6.520893096923828,-7.402796268463135,-13.729822158813477,-16.657068252563477,-13.400362968444824,-7.744239807128906,-0.712814450263977,-4.5650763511657715,-15.887199401855469,-15.41412353515625,-10.131653785705566,-7.451827049255371,-2.1509408950805664,0.9958313703536987,3.5699756145477295,9.616323471069336,11.173060417175293,8.388349533081055,8.142241477966309,5.662712574005127,6.540041446685791,7.542754650115967,3.510756492614746,0.8040359020233154,-1.1451869010925293,-3.767245292663574,-1.853058934211731,-1.0956182479858398,-0.7194368243217468,2.329937696456909,4.466456413269043,4.441015720367432,4.6087870597839355,3.978653907775879,2.9574127197265625
