data/wind_data/wind_Surface_32.json
{"header": {"parameterUnit": "KT", "parameterCategory": 2, "nx": 255, "ny": 198, "lo1": 44.73521041870117, "la1": -3.236724853515625, "lo2": 111.26478576660156, "la2": 43.468475341796875, "dx": 0.26192745566368103, "dy": -0.23708222806453705, "refTime": "2025-02-20 08:00:00", "forecastTime": 0, "parameterNumber": 3, "parameterNumberName": "northward_wind"}, "data":
[rows 95 to 113 of 198, columns 86 to 128 of 255]
-6.513205528259277,-6.339122295379639,-6.144994258880615,-5.983394145965576,-5.9326605796813965,-5.966677188873291,-5.783111095428467,-5.107672214508057,-3.8004939556121826,-2.127208709716797,-0.13788491487503052,-3.8914918899536133,-5.927608489990234,-6.534864902496338,-6.876095294952393,-6.257304668426514,-3.5185470581054688,-0.006756860297173262,0.928917646408081,-3.6733646392822266,-8.068387031555176,-7.196847438812256,-8.39993667602539,-7.744853496551514,-6.232738971710205,-6.219629287719727,-6.308969974517822,-6.5881805419921875,-6.330195426940918,-6.093350410461426,-5.451342582702637,-5.055187702178955,-4.681066513061523,-4.880722999572754,-6.235055923461914,-8.006704330444336,-8.712271690368652,-7.7099928855896,-6.252135753631592,-4.747780799865723,-3.2391436100006104,-1.79422926902771,-2.4272024631500244
-6.703335285186768,-6.644473552703857,-6.558010101318359,-6.444034576416016,-6.651608943939209,-6.364071369171143,-6.689123153686523,-5.1884613037109375,-2.0480899810791016,-0.6731622815132141,-3.1866376399993896,-5.037491321563721,-4.821993350982666,-5.364646911621094,-5.458545207977295,-5.0195183753967285,-5.267215728759766,-5.013652801513672,-4.477294445037842,-2.4820892810821533,-6.857119560241699,-8.36217975616455,-7.242677688598633,-6.849708080291748,-6.086757659912109,-5.781282424926758,-5.976677894592285,-5.628772258758545,-5.324645042419434,-6.006289005279541,-6.088433265686035,-6.254080772399902,-6.664533615112305,-6.970726013183594,-6.934386730194092,-7.847583770751953,-8.311240196228027,-7.744295597076416,-6.655430793762207,-5.28224515914917,-4.552279949188232,-2.350541353225708,-1.6315131187438965
-6.339017868041992,-6.518664360046387,-6.837055683135986,-7.126087188720703,-7.61138916015625,-6.769069671630859,-8.781722068786621,-4.625083923339844,-1.0023595094680786,-4.168075084686279,-5.739558696746826,-4.872854232788086,-5.3007493019104,-5.430826663970947,-5.657227993011475,-5.509608268737793,-4.770704746246338,-5.30338191986084,-7.70452356338501,-5.641054153442383,-3.648939609527588,-7.248995780944824,-6.665555477142334,-6.288447380065918,-5.968417167663574,-5.872095108032227,-5.979003429412842,-5.423669338226318,-5.20009183883667,-5.799636363983154,-6.033811569213867,-6.231093406677246,-6.196841239929199,-6.2196574211120605,-5.980766296386719,-6.477970123291016,-7.101010799407959,-7.131469249725342,-6.20337438583374,-5.137251853942871,-4.850736141204834,-4.733464241027832,-2.438870668411255
-6.483928203582764,-6.649265766143799,-7.122203350067139,-7.679678440093994,-8.07787799835205,-6.585939407348633,-10.448208808898926,-4.033872127532959,-6.286627292633057,-7.0490336418151855,-5.989437103271484,-6.213084697723389,-6.04093074798584,-5.913127899169922,-5.4875640869140625,-4.67901611328125,-4.647080898284912,-5.536579132080078,-6.514896392822266,-4.437887668609619,0.9872517585754395,-6.1431403160095215,-6.388969898223877,-5.918036460876465,-4.232082843780518,-4.983204364776611,-5.738668441772461,-5.611929893493652,-5.508106708526611,-5.479450702667236,-5.216486930847168,-5.110225677490234,-4.383950710296631,-4.360473155975342,-4.36458683013916,-4.865170478820801,-5.492175102233887,-4.992095947265625,-4.465940475463867,-4.0813822746276855,-4.143197059631348,-4.750655651092529,-4.44834566116333
-6.9852375984191895,-7.063505172729492,-7.358992576599121,-7.964626312255859,-8.308358192443848,-6.605571269989014,-8.41623306274414,-8.041659355163574,-9.495311737060547,-7.562657833099365,-7.1476240158081055,-6.644854545593262,-7.092343807220459,-6.951035022735596,-6.417164325714111,-5.522980213165283,-5.655927658081055,-5.659562587738037,-7.254146575927734,-6.12742280960083,0.325270414352417,-4.218324184417725,-6.178225517272949,-5.4034013748168945,-3.6512646675109863,-4.09719705581665,-5.222780227661133,-5.322226047515869,-5.362213611602783,-4.954232692718506,-4.008481979370117,-3.2780110836029053,-2.4465105533599854,-1.991845965385437,-1.1716234683990479,-2.507789373397827,-3.9756438732147217,-3.5330967903137207,-3.1893703937530518,-3.218235969543457,-3.613062620162964,-3.815063238143921,-4.465471267700195
-7.253030776977539,-7.478672981262207,-7.837069988250732,-8.234443664550781,-7.603372097015381,-6.920772075653076,-4.871556282043457,-8.85540771484375,-3.989410400390625,-4.673599720001221,-4.851133823394775,-6.194784641265869,-6.667809009552002,-6.08806037902832,-5.9049577713012695,-5.505532264709473,-5.79865837097168,-5.663438320159912,-6.713723659515381,-7.948160171508789,-5.167577743530273,-5.2260894775390625,-4.8806867599487305,-4.060579299926758,-4.480251312255859,-4.971869945526123,-5.128925323486328,-5.185484409332275,-5.193975448608398,-4.629425525665283,-3.569783926010132,-2.9299845695495605,-2.8209848403930664,-2.574064254760742,-1.867578387260437,-1.903409481048584,-3.1945390701293945,-2.8177757263183594,-2.282045364379883,-2.64607310295105,-2.568429470062256,-2.951813220977783,-2.8119680881500244
-7.660562515258789,-8.048108100891113,-8.431084632873535,-8.249917030334473,-6.4307780265808105,-5.972999572753906,-2.6038222312927246,-1.5972529649734497,-0.8844451904296875,2.103877305984497,2.9636244773864746,2.1523494720458984,-4.218986988067627,-4.491142272949219,-4.854542255401611,-5.0623908042907715,-5.132789134979248,-5.147097110748291,-6.329049587249756,-5.658263683319092,-6.187809467315674,-5.8972978591918945,-3.3956849575042725,-3.6140780448913574,-4.417670726776123,-4.6653265953063965,-4.661893367767334,-4.83362340927124,-5.169833183288574,-4.9328789710998535,-3.9959046840667725,-3.2509312629699707,-2.9145803451538086,-2.9892449378967285,-2.559291362762451,-2.5586795806884766,-3.3308939933776855,-2.82192063331604,-1.9656625986099243,-1.6629340648651123,-2.01365065574646,-1.8919109106063843,-2.378345489501953
-8.414405822753906,-8.350955963134766,-8.209175109863281,-6.763681411743164,-6.180039882659912,-3.4481770992279053,-1.5079203844070435,2.4383273124694824,-1.231222152709961,-2.0170633792877197,4.662698268890381,6.2899322509765625,-2.056105375289917,-3.9070489406585693,-4.028848648071289,-4.204360485076904,-4.589216232299805,-5.361727714538574,-5.614565849304199,-5.461782932281494,-4.873608589172363,-4.811721324920654,-3.5442662239074707,-3.1160695552825928,-2.8592569828033447,-3.089934825897217,-3.93510365486145,-4.432535171508789,-4.760653972625732,-4.307191848754883,-3.4184343814849854,-2.5976736545562744,-2.3321521282196045,-2.237001895904541,-1.8459367752075195,-2.524362325668335,-3.493006467819214,-3.6168508529663086,-2.2729430198669434,-0.269845575094223,0.4269602596759796,-0.47373533248901367,-0.9583805799484253
-8.687675476074219,-7.7936882972717285,-6.96478271484375,-3.9966676235198975,-4.475379943847656,-1.7261580228805542,-3.0677332878112793,-2.8511836528778076,-4.060886383056641,-5.718796730041504,-3.323591947555542,-3.0673768520355225,-4.403003692626953,-3.9126381874084473,-3.6274256706237793,-4.284836769104004,-5.1208062171936035,-5.868860721588135,-5.7683186531066895,-4.493551731109619,-4.032792568206787,-3.082947015762329,-2.6830601692199707,-2.384230375289917,-2.0965802669525146,-2.3406577110290527,-3.2165963649749756,-3.6024205684661865,-3.590627431869507,-3.0804545879364014,-2.3359768390655518,-1.6082918643951416,-1.353027105331421,-1.1119645833969116,-1.4082223176956177,-2.1580591201782227,-3.160134792327881,-3.3358004093170166,-2.9534571170806885,-0.7502370476722717,0.3433443307876587,-0.5000267624855042,-0.35279375314712524
-7.848232746124268,-6.035736560821533,-4.803493976593018,-1.3797056674957275,-0.3634604513645172,-3.0089914798736572,-3.941925287246704,-4.670865535736084,-4.530066967010498,-3.999079942703247,-5.781100273132324,-6.782711982727051,-5.084300994873047,-4.0186543464660645,-3.794729471206665,-4.666650772094727,-4.8363118171691895,-4.899235248565674,-4.903859615325928,-4.329817771911621,-3.174304962158203,-2.605743885040283,-1.9883631467819214,-2.3765366077423096,-1.8746246099472046,-1.7497872114181519,-1.9029442071914673,-2.0591588020324707,-2.2618911266326904,-1.979071021080017,-1.377731204032898,-0.9427583813667297,-0.7498244643211365,-0.5144239664077759,-0.5789332389831543,-1.328771948814392,-2.1483726501464844,-2.530046224594116,-2.2677600383758545,-0.9868587851524353,0.20102445781230927,0.6614983677864075,1.0702296495437622
-6.379917621612549,-2.7162063121795654,-2.101100206375122,-0.04229212924838066,1.1845349073410034,-4.015303611755371,-4.255391597747803,-3.748765468597412,-3.9093120098114014,-4.682272434234619,-3.5694973468780518,-2.9981422424316406,-3.9732625484466553,-3.892982244491577,-4.846704006195068,-4.551933288574219,-4.096190452575684,-4.188145637512207,-4.072734355926514,-3.3341662883758545,-2.9641778469085693,-2.2684223651885986,-1.8476204872131348,-1.3780486583709717,-0.6506474614143372,-0.1195068359375,-0.4824390709400177,-0.9992936849594116,-1.0384515523910522,-0.7106651067733765,-0.4372864067554474,-0.4282601475715637,-0.4648544490337372,-0.2503505349159241,-0.12503747642040253,-0.49041494727134705,-1.3879865407943726,-1.8978019952774048,-1.06015944480896,-0.3726448714733124,0.5139500498771667,1.2244610786437988,1.3334245681762695
-5.878971099853516,0.24948202073574066,-0.47217467427253723,-2.9421253204345703,-3.3791370391845703,-4.2664995193481445,-4.28070592880249,-4.274817943572998,-3.4542837142944336,-2.663471221923828,-2.364612579345703,-2.729682445526123,-2.9752604961395264,-3.5853357315063477,-4.4741034507751465,-4.5295329093933105,-4.169406890869141,-3.6567986011505127,-2.6290090084075928,-2.4738428592681885,-2.123307228088379,-1.140580415725708,-0.810498058795929,-0.20279191434383392,0.19156430661678314,0.5710000395774841,0.16848500072956085,0.04766816645860672,0.062122099101543427,-0.037203822284936905,-0.004148697014898062,0.22196249663829803,0.36050546169281006,0.6563585996627808,0.8417217135429382,0.3532380759716034,-0.7564932107925415,-1.026045560836792,-0.7952470779418945,-0.13671118021011353,0.4358486533164978,0.5135871171951294,0.2107616811990738
-6.581511497497559,-2.3714826107025146,-1.697574257850647,-3.19580340385437,-4.517244338989258,-4.332492828369141,-3.6315104961395264,-3.098043203353882,-2.3919754028320312,-1.9935696125030518,-1.252961277961731,-1.883410096168518,-2.1347930431365967,-1.9131014347076416,-2.483935594558716,-3.3107352256774902,-2.710489273071289,-2.3749165534973145,-2.0872867107391357,-1.7389122247695923,-1.5621099472045898,-1.2565537691116333,-0.4886471927165985,-0.07340909540653229,0.805614709854126,1.0253052711486816,1.0282363891601562,1.0039098262786865,1.2227325439453125,1.350458025932312,1.1264915466308594,1.0160810947418213,1.0075207948684692,1.2234370708465576,1.431881308555603,1.1911122798919678,0.13834668695926666,-0.14466620981693268,0.6370574831962585,1.8344862461090088,2.467054843902588,1.661659598350525,1.789995551109314
-5.036685466766357,-3.9707725048065186,-2.740755796432495,-2.4242894649505615,-3.2817769050598145,-3.519805908203125,-2.35952091217041,-2.005420207977295,-2.247683525085449,-1.805289387702942,-1.7903748750686646,-1.9308252334594727,-1.8942875862121582,-1.7394824028015137,-1.466405987739563,-1.8344146013259888,-1.86421537399292,-1.933337926864624,-1.949858546257019,-1.8751018047332764,-1.7605204582214355,-1.1052359342575073,-0.44610702991485596,0.21479518711566925,0.725795567035675,0.8736447095870972,0.7124934792518616,0.19842571020126343,0.03014270029962063,0.15485090017318726,0.9282610416412354,1.528709053993225,1.843799114227295,2.1585633754730225,2.5192489624023438,2.195636034011841,1.1880290508270264,0.694424569606781,1.5738331079483032,1.9406801462173462,2.3822755813598633,2.318362236022949,1.1784496307373047
-0.10106585174798965,-1.525424838066101,-2.2588043212890625,-2.7396461963653564,-2.87156081199646,-3.2935056686401367,-2.340733766555786,-2.444349527359009,-2.8632099628448486,-2.8998382091522217,-3.746520757675171,-3.175717830657959,-2.6147334575653076,-2.333442211151123,-1.7321052551269531,-1.1594175100326538,-1.2411614656448364,-1.0965203046798706,-1.1609817743301392,-1.4332882165908813,-1.5648350715637207,-1.464120626449585,-1.3753552436828613,-0.8042890429496765,-0.4759522080421448,-0.41586172580718994,-0.7400012016296387,-0.9900263547897339,-1.1062746047973633,-0.8932490348815918,0.0027673314325511456,1.0926191806793213,1.831872582435608,2.6439032554626465,3.2301876544952393,2.9504497051239014,2.2355573177337646,1.805597186088562,2.2749993801116943,2.752126455307007,2.905115842819214,3.6434295177459717,2.183371067047119
2.1626343727111816,1.410180926322937,-0.4458394944667816,-1.9591965675354004,-1.8542351722717285,-2.8976221084594727,-2.647378444671631,-2.6972291469573975,-2.9745473861694336,-3.5145537853240967,-3.4413962364196777,-3.594700336456299,-3.173656702041626,-2.291761636734009,-2.1662373542785645,-1.5138410329818726,-0.9479966759681702,-0.6466221213340759,-0.6591947078704834,-0.9917650818824768,-1.300564169883728,-1.543737769126892,-1.8191564083099365,-1.76055109500885,-1.447386384010315,-1.0026084184646606,-0.9669972658157349,-0.894260048866272,-0.8536453247070312,-0.3515987992286682,0.13387000560760498,0.9824764132499695,1.5806927680969238,2.4113574028015137,3.4035086631774902,3.439206123352051,3.02805495262146,2.9443650245666504,2.9429192543029785,3.1444430351257324,3.6186976432800293,3.591407299041748,3.628085136413574
1.2840244770050049,2.251659631729126,0.1889777034521103,-2.654886245727539,-2.0546510219573975,-1.9168848991394043,-2.5361008644104004,-1.9133214950561523,-2.1111531257629395,-2.5416884422302246,-3.1831984519958496,-3.1750404834747314,-2.8255860805511475,-2.859013319015503,-2.0018935203552246,-1.732589840888977,-1.178908348083496,-0.41924965381622314,-0.12780152261257172,-0.42465272545814514,-1.0180445909500122,-1.3065346479415894,-1.3644765615463257,-1.3718820810317993,-1.5262187719345093,-1.5637112855911255,-1.130077600479126,-0.8837294578552246,-0.7659879922866821,-0.8345299959182739,-0.010483363643288612,1.3534828424453735,2.0077712535858154,2.778228282928467,3.8149890899658203,3.8512377738952637,3.6654751300811768,3.8849775791168213,4.194372653961182,4.070675849914551,4.755190372467041,3.860396385192871,2.9491560459136963
0.803212583065033,0.6189038753509521,-1.1675856113433838,-1.6772494316101074,-1.7808606624603271,-2.0059056282043457,-1.6174407005310059,-2.2582650184631348,-2.2258970737457275,-2.232025623321533,-2.7441883087158203,-2.9718127250671387,-2.7089972496032715,-2.0721006393432617,-1.8384509086608887,-1.1369739770889282,-0.9118835926055908,-0.3837661147117615,0.24888406693935394,0.29196128249168396,0.07829294353723526,-0.3344409763813019,-0.5131621956825256,-0.6267671585083008,-0.9870559573173523,-1.2247899770736694,-0.8653717041015625,-0.42000892758369446,-0.09245126694440842,-0.1183086708188057,0.17876054346561432,0.938559353351593,1.8964931964874268,3.32675838470459,3.748095989227295,3.0998311042785645,3.694162368774414,4.560466766357422,5.259346008300781,5.20442008972168,5.247692108154297,4.907830715179443,3.785410165786743
0.25371596217155457,-0.49032801389694214,-1.9576665163040161,-2.064589023590088,-1.62315034866333,-0.7020247578620911,-0.9848297834396362,-1.2818028926849365,-1.8041032552719116,-2.0166478157043457,-2.498948812484741,-2.496610403060913,-2.326756715774536,-2.0417323112487793,-1.5686930418014526,-1.0981987714767456,-0.9755036234855652,-0.7460533976554871,-0.17691068351268768,0.3280457854270935,0.4026111960411072,0.19329164922237396,-0.09609497338533401,-0.168479785323143,-0.3263566792011261,-0.4988756477832794,-0.2868404686450958,0.08575186878442764,0.27505767345428467,0.27535420656204224,0.2745618224143982,0.5855690836906433,2.0048701763153076,3.5172314643859863,3.4236197471618652,2.2822651863098145,4.096432685852051,5.2712483406066895,5.295075416564941,5.86600399017334,5.478695392608643,5.8055830001831055,5.0025835037231445
