data/wind_data/wind_61_9.json
{"header": {"parameterUnit": "KT", "parameterCategory": 2, "nx": 256, "ny": 198, "lo1": 44.73521041870117, "la1": -3.236724853515625, "lo2": 111.26478576660156, "la2": 43.468475341796875, "dx": 0.2609002888202667, "dy": -0.23708222806453705, "refTime": "2025-02-21 13:00:00", "forecastTime": 0, "parameterNumber": 2, "parameterNumberName": "eastward_wind"}, "data":
[rows 38 to 56 of 198, columns 86 to 128 of 256]
20.635835647583008,20.836772918701172,20.85869789123535,21.050498962402344,21.527549743652344,21.920564651489258,21.869287490844727,21.222766876220703,20.197397232055664,19.311237335205078,18.760663986206055,18.4122314453125,18.19344139099121,18.025066375732422,17.6772518157959,17.12871742248535,16.94387435913086,17.191116333007812,18.023181915283203,18.83965492248535,19.315366744995117,19.414731979370117,19.42537498474121,19.512447357177734,19.57390785217285,19.400787353515625,19.049434661865234,18.927169799804688,19.120014190673828,19.30838394165039,18.9705810546875,18.25472068786621,17.66941261291504,17.754640579223633,18.46537971496582,19.134031295776367,19.074106216430664,18.40845489501953,17.406597137451172,16.68999481201172,16.7209415435791,17.415081024169922,18.434585571289062
19.744770050048828,20.0798397064209,20.28343963623047,20.70621109008789,21.226806640625,21.572736740112305,21.4344482421875,20.732742309570312,19.683979034423828,18.71809959411621,17.9639835357666,17.400434494018555,17.061323165893555,17.08468246459961,17.315034866333008,17.307788848876953,17.279813766479492,17.876689910888672,18.704139709472656,19.60350227355957,20.155170440673828,20.167404174804688,19.740236282348633,19.520483016967773,19.744796752929688,19.86815071105957,19.44709014892578,18.852466583251953,18.602632522583008,18.51864242553711,18.062990188598633,17.196626663208008,16.390518188476562,16.199661254882812,16.695716857910156,17.640668869018555,18.204288482666016,18.07684326171875,17.576122283935547,17.049938201904297,17.126739501953125,17.5808162689209,18.300382614135742
19.4778995513916,20.09360694885254,20.56433868408203,20.860671997070312,21.035547256469727,21.038875579833984,20.850379943847656,20.363893508911133,19.523685455322266,18.623065948486328,17.873153686523438,17.21091079711914,16.68193817138672,16.517127990722656,16.736202239990234,16.912891387939453,17.160568237304688,17.830997467041016,18.480512619018555,19.33693504333496,20.128175735473633,20.272584915161133,19.806110382080078,19.31974220275879,19.43070411682129,19.858619689941406,19.863431930541992,19.159317016601562,18.260887145996094,17.685714721679688,17.190841674804688,16.342193603515625,15.41783618927002,15.04145336151123,15.394567489624023,16.24679946899414,17.111448287963867,17.64085578918457,17.862064361572266,17.77251625061035,17.568077087402344,17.344541549682617,17.50255012512207
19.37978172302246,20.06959342956543,20.486600875854492,20.584924697875977,20.423276901245117,20.186880111694336,20.081174850463867,19.86758041381836,19.409605026245117,18.881025314331055,18.44993019104004,17.892654418945312,17.16005516052246,16.5930233001709,16.501554489135742,16.760953903198242,17.13337516784668,17.646026611328125,18.288728713989258,19.088632583618164,19.787567138671875,20.10002899169922,19.9758358001709,19.494983673095703,19.195547103881836,19.386964797973633,19.68064308166504,19.455554962158203,18.540433883666992,17.461618423461914,16.600791931152344,15.722737312316895,14.74413776397705,14.203614234924316,14.473004341125488,15.335912704467773,16.42999839782715,17.483049392700195,18.09837532043457,18.040607452392578,17.382625579833984,16.639568328857422,16.46644401550293
18.415464401245117,18.93208122253418,19.291149139404297,19.363525390625,19.165843963623047,19.01520347595215,19.023338317871094,19.033342361450195,18.964685440063477,18.85587501525879,18.654996871948242,18.203920364379883,17.48143768310547,16.695337295532227,16.344207763671875,16.624488830566406,17.144460678100586,17.74017333984375,18.535184860229492,19.207473754882812,19.710886001586914,19.918527603149414,19.657995223999023,19.186567306518555,18.817893981933594,18.92830467224121,19.22971534729004,19.335512161254883,18.9923038482666,18.0134220123291,16.6610050201416,15.310023307800293,14.28049087524414,13.818525314331055,14.12179946899414,15.12139892578125,16.360645294189453,17.459728240966797,18.023174285888672,17.807790756225586,16.933399200439453,15.893584251403809,15.463468551635742
16.630125045776367,16.767305374145508,16.935043334960938,17.08246612548828,17.20553207397461,17.49361228942871,17.879596710205078,18.049959182739258,18.09317970275879,18.091934204101562,17.816198348999023,17.292184829711914,16.700592041015625,16.104740142822266,15.767107963562012,16.046863555908203,16.6585750579834,17.314226150512695,18.131202697753906,19.010499954223633,19.632064819335938,19.672760009765625,19.11713218688965,18.464466094970703,18.199071884155273,18.468751907348633,18.89707374572754,19.16914176940918,19.18156623840332,18.584651947021484,17.272714614868164,15.598112106323242,14.385881423950195,14.023560523986816,14.345267295837402,15.317251205444336,16.411584854125977,17.22481346130371,17.651247024536133,17.569791793823242,16.841264724731445,15.573859214782715,14.701226234436035
14.495806694030762,14.378079414367676,14.409923553466797,14.739863395690918,15.27563762664795,15.963199615478516,16.598651885986328,16.755918502807617,16.6268310546875,16.45542335510254,16.13941192626953,15.716751098632812,15.389184951782227,15.207294464111328,15.205113410949707,15.60515308380127,16.141883850097656,16.702011108398438,17.505380630493164,18.511058807373047,19.403810501098633,19.639278411865234,19.131914138793945,18.42875099182129,18.045625686645508,18.270742416381836,18.680866241455078,18.974321365356445,19.05731201171875,18.720539093017578,17.870094299316406,16.52284812927246,15.269771575927734,14.76534652709961,14.953807830810547,15.599260330200195,16.31317901611328,16.863168716430664,17.27643394470215,17.440731048583984,16.957008361816406,15.686545372009277,14.447135925292969
12.837810516357422,12.690688133239746,12.70058536529541,13.00428295135498,13.563291549682617,14.420291900634766,15.149771690368652,15.288602828979492,15.062817573547363,14.863779067993164,14.661385536193848,14.520147323608398,14.566041946411133,14.729965209960938,14.873394966125488,15.17087173461914,15.487574577331543,16.045175552368164,17.013769149780273,18.05449867248535,18.929088592529297,19.354463577270508,19.205141067504883,18.78940200805664,18.47119140625,18.651268005371094,18.917613983154297,18.83979606628418,18.716196060180664,18.59903907775879,18.351184844970703,17.6612548828125,16.656702041625977,15.991965293884277,15.890914916992188,16.118572235107422,16.406949996948242,16.613536834716797,16.844459533691406,17.06157684326172,16.808122634887695,15.823980331420898,14.554594993591309
12.150411605834961,11.771149635314941,11.669622421264648,11.944290161132812,12.46639347076416,13.249499320983887,14.031595230102539,14.324951171875,14.24344253540039,14.085225105285645,13.918061256408691,13.7949800491333,13.874104499816895,13.897540092468262,13.86639404296875,13.979301452636719,14.100186347961426,14.643589973449707,15.665749549865723,16.769107818603516,17.760072708129883,18.4367618560791,18.734825134277344,18.615909576416016,18.57426643371582,18.88089370727539,19.078235626220703,18.992938995361328,18.800058364868164,18.828184127807617,19.004709243774414,18.86246681213379,18.195415496826172,17.468902587890625,17.047536849975586,16.833702087402344,16.651905059814453,16.380332946777344,16.24446678161621,16.37434959411621,16.35234260559082,15.727824211120605,14.599493026733398
12.113616943359375,11.417333602905273,11.20939826965332,11.418954849243164,12.015921592712402,12.891457557678223,13.588403701782227,13.827075004577637,13.853184700012207,13.690773010253906,13.392602920532227,13.139363288879395,13.1005277633667,12.97257137298584,12.91901969909668,12.98620319366455,13.1724853515625,13.704273223876953,14.45824909210205,15.426003456115723,16.467777252197266,17.309226989746094,17.827436447143555,18.05508041381836,18.270732879638672,18.79454803466797,19.31288719177246,19.48726463317871,19.351335525512695,19.431888580322266,19.80188751220703,19.91764259338379,19.473169326782227,18.639423370361328,17.861557006835938,17.305627822875977,16.782629013061523,16.089340209960938,15.553831100463867,15.542776107788086,15.718781471252441,15.367575645446777,14.460074424743652
12.536757469177246,11.559285163879395,11.066747665405273,11.09269905090332,11.738383293151855,12.772085189819336,13.508212089538574,13.769445419311523,13.781820297241211,13.471223831176758,13.121822357177734,12.997560501098633,13.122379302978516,13.209895133972168,13.280441284179688,13.471623420715332,13.801314353942871,14.14885425567627,14.426745414733887,14.854608535766602,15.530293464660645,16.353853225708008,17.22089385986328,17.857099533081055,18.32985496520996,19.058927536010742,19.812664031982422,20.14324951171875,20.133922576904297,20.111366271972656,20.26277732849121,20.33726692199707,20.0031795501709,19.159353256225586,18.156570434570312,17.376483917236328,16.63836669921875,15.659073829650879,14.879864692687988,14.800446510314941,15.063297271728516,14.928813934326172,14.277586936950684
12.808856964111328,11.879656791687012,11.269598007202148,11.195086479187012,11.646490097045898,12.517934799194336,13.397541999816895,14.026548385620117,14.133081436157227,13.740121841430664,13.361885070800781,13.482297897338867,13.85969066619873,14.029382705688477,14.035552024841309,14.261148452758789,14.707332611083984,14.966052055358887,14.831884384155273,14.602279663085938,14.569026947021484,15.163065910339355,16.269378662109375,17.411361694335938,18.321517944335938,19.151409149169922,19.795917510986328,20.10792350769043,20.1008243560791,19.898061752319336,19.800823211669922,19.857450485229492,19.607667922973633,18.9674015045166,18.089006423950195,17.216629028320312,16.2880859375,15.193316459655762,14.317838668823242,14.215704917907715,14.590460777282715,14.647333145141602,14.21485710144043
12.588114738464355,12.27189826965332,11.97437572479248,11.794759750366211,11.83041000366211,12.282126426696777,13.13039493560791,14.048526763916016,14.434541702270508,14.20032024383545,13.836503028869629,13.867292404174805,14.029026985168457,14.029401779174805,13.937670707702637,14.153239250183105,14.649746894836426,14.868294715881348,14.529038429260254,13.918734550476074,13.538045883178711,13.770200729370117,14.672561645507812,15.8343505859375,16.972585678100586,17.880882263183594,18.413087844848633,18.636606216430664,18.60934066772461,18.489246368408203,18.464555740356445,18.648897171020508,18.587411880493164,18.199974060058594,17.572248458862305,16.828306198120117,15.983973503112793,15.039101600646973,14.175081253051758,13.90011978149414,14.263379096984863,14.544915199279785,14.312348365783691
12.291425704956055,12.542840003967285,12.598273277282715,12.447952270507812,12.242461204528809,12.320762634277344,12.888236999511719,13.568214416503906,14.123819351196289,14.198628425598145,13.88969612121582,13.54049301147461,13.328951835632324,13.138103485107422,13.017145156860352,13.205026626586914,13.542349815368652,13.56893253326416,13.09915542602539,12.569318771362305,12.548247337341309,12.919139862060547,13.444127082824707,14.135587692260742,15.127546310424805,16.05167579650879,16.655696868896484,16.903282165527344,16.90108871459961,16.84001350402832,16.911670684814453,17.191852569580078,17.326255798339844,17.085708618164062,16.60627555847168,16.18144416809082,15.78575325012207,15.203876495361328,14.503764152526855,14.039986610412598,14.193410873413086,14.482213020324707,14.30289363861084
12.084365844726562,12.604951858520508,12.749094009399414,12.628756523132324,12.490113258361816,12.629693984985352,12.860978126525879,13.068395614624023,13.3178129196167,13.28111457824707,13.000057220458984,12.57869815826416,12.259794235229492,12.008527755737305,11.939966201782227,12.07940673828125,12.158597946166992,12.0123929977417,11.536898612976074,11.212359428405762,11.543840408325195,12.246280670166016,12.90053653717041,13.55790901184082,14.218786239624023,14.759710311889648,15.173468589782715,15.448315620422363,15.543099403381348,15.497984886169434,15.616943359375,15.960378646850586,16.217384338378906,16.041669845581055,15.746886253356934,15.71274185180664,15.848918914794922,15.620616912841797,15.085966110229492,14.516324043273926,14.375269889831543,14.430695533752441,14.085175514221191
11.86220645904541,12.319169044494629,12.492301940917969,12.339875221252441,12.360644340515137,12.627449989318848,12.791305541992188,12.687103271484375,12.369272232055664,12.015115737915039,11.657891273498535,11.334724426269531,11.08513355255127,10.905879974365234,10.942955017089844,11.064945220947266,11.148737907409668,11.0409517288208,10.619806289672852,10.282959938049316,10.553422927856445,11.37423038482666,12.405860900878906,13.328425407409668,13.946149826049805,14.220147132873535,14.304656982421875,14.437032699584961,14.611197471618652,14.674763679504395,14.803378105163574,15.118770599365234,15.480941772460938,15.591266632080078,15.667242050170898,15.879925727844238,16.15785789489746,16.217588424682617,15.834044456481934,15.039772033691406,14.497746467590332,14.327815055847168,14.052687644958496
11.891368865966797,12.050531387329102,11.983391761779785,11.71227741241455,11.645356178283691,11.894254684448242,12.194844245910645,12.155517578125,11.578954696655273,10.931391716003418,10.64220905303955,10.4276762008667,10.041363716125488,9.691720962524414,9.705759048461914,10.06811809539795,10.52140998840332,10.665863037109375,10.349931716918945,9.874998092651367,9.735105514526367,10.279509544372559,11.307330131530762,12.422586441040039,13.405293464660645,14.058073043823242,14.339309692382812,14.39918041229248,14.276068687438965,14.14962100982666,14.190411567687988,14.486420631408691,14.968476295471191,15.493083953857422,15.952075004577637,16.218692779541016,16.25615692138672,16.33835792541504,16.198095321655273,15.463415145874023,14.623108863830566,14.18404769897461,13.967183113098145
12.417192459106445,12.163431167602539,11.525758743286133,10.83537769317627,10.399678230285645,10.533061981201172,11.046202659606934,11.320556640625,10.994397163391113,10.467114448547363,10.227810859680176,10.074105262756348,9.518631935119629,8.725589752197266,8.407279014587402,8.928095817565918,9.809757232666016,10.376386642456055,10.30056381225586,9.735494613647461,9.269299507141113,9.452556610107422,10.213126182556152,11.267854690551758,12.432011604309082,13.49030876159668,14.29698371887207,14.603852272033691,14.310613632202148,13.844529151916504,13.643924713134766,13.8968505859375,14.44381332397461,15.124238014221191,15.594161987304688,15.784131050109863,15.6370267868042,15.503023147583008,15.48798656463623,15.171446800231934,14.492441177368164,13.853289604187012,13.420624732971191
13.108080863952637,12.480446815490723,11.174147605895996,9.838946342468262,8.969657897949219,9.015151023864746,9.786052703857422,10.503283500671387,10.628122329711914,10.300772666931152,10.060097694396973,10.01663589477539,9.612040519714355,8.65496826171875,7.905170917510986,8.090325355529785,8.858348846435547,9.540542602539062,9.725908279418945,9.442435264587402,9.181212425231934,9.364302635192871,9.895328521728516,10.546422004699707,11.319740295410156,12.285794258117676,13.364812850952148,14.117762565612793,14.217148780822754,13.870329856872559,13.532848358154297,13.520535469055176,13.720892906188965,14.032732009887695,14.18767261505127,14.310717582702637,14.298439025878906,14.039616584777832,13.800573348999023,13.633402824401855,13.360164642333984,12.892988204956055,12.39120864868164
