data/wind_data/wind_27_9.json
{"header": {"parameterUnit": "KT", "parameterCategory": 2, "nx": 256, "ny": 198, "lo1": 44.73521041870117, "la1": -3.236724853515625, "lo2": 111.26478576660156, "la2": 43.468475341796875, "dx": 0.2609002888202667, "dy": -0.23708222806453705, "refTime": "2025-02-20 03:00:00", "forecastTime": 0, "parameterNumber": 2, "parameterNumberName": "eastward_wind"}, "data":
[rows 38 to 56 of 198, columns 43 to 85 of 256]
20.571048736572266,21.148250579833984,21.460453033447266,21.4894962310791,21.3080997467041,21.02362823486328,20.827268600463867,20.680837631225586,20.286502838134766,19.5322208404541,18.832372665405273,18.484752655029297,18.55057144165039,18.761417388916016,18.76125144958496,18.60303497314453,18.364334106445312,17.977340698242188,17.381732940673828,16.879091262817383,16.552532196044922,16.341489791870117,16.209135055541992,16.287464141845703,16.343997955322266,15.953402519226074,15.793120384216309,16.301746368408203,16.86033058166504,17.048290252685547,17.088693618774414,17.91716766357422,18.846193313598633,20.035194396972656,20.945276260375977,21.112581253051758,20.8337345123291,20.482929229736328,20.467361450195312,20.801189422607422,21.554182052612305,22.424013137817383,23.189096450805664
19.141386032104492,19.872146606445312,20.45199203491211,20.764402389526367,20.787761688232422,20.566864013671875,20.306732177734375,19.956771850585938,19.39151954650879,18.65586280822754,17.958189010620117,17.58075523376465,17.592039108276367,17.761396408081055,17.817481994628906,17.58606719970703,17.251598358154297,16.813629150390625,16.119115829467773,15.460253715515137,15.287711143493652,15.430424690246582,15.467151641845703,15.5690279006958,15.486370086669922,15.024811744689941,14.668634414672852,15.002583503723145,15.531267166137695,15.820378303527832,16.47597885131836,17.214204788208008,17.82404327392578,19.29869842529297,20.345808029174805,20.42885971069336,19.800872802734375,18.848417282104492,18.403499603271484,18.575654983520508,19.147090911865234,20.1859073638916,21.3109073638916
17.516803741455078,18.35823631286621,19.033889770507812,19.291210174560547,19.481142044067383,19.544282913208008,19.29214096069336,18.598194122314453,17.487878799438477,16.523468017578125,16.01591682434082,15.814855575561523,15.789406776428223,15.837285041809082,15.877991676330566,15.761116027832031,15.452674865722656,14.948121070861816,14.392497062683105,14.144401550292969,14.479124069213867,15.137155532836914,15.544334411621094,15.527464866638184,15.2588529586792,14.829959869384766,14.396760940551758,14.365434646606445,14.85066032409668,15.518535614013672,16.10523796081543,16.28564453125,16.729557037353516,17.77851104736328,18.524980545043945,18.85703468322754,18.460418701171875,17.61774253845215,17.094099044799805,17.074914932250977,17.373485565185547,18.146141052246094,19.205232620239258
16.53899383544922,16.88111114501953,17.200927734375,17.499000549316406,17.746463775634766,17.57783317565918,16.881738662719727,15.842794418334961,14.619580268859863,13.796141624450684,13.687203407287598,13.802560806274414,13.783617973327637,13.713095664978027,13.745304107666016,13.801198959350586,13.690986633300781,13.41518783569336,13.260136604309082,13.543204307556152,14.134489059448242,14.752992630004883,15.163995742797852,15.175981521606445,14.901362419128418,14.443426132202148,14.051430702209473,14.137675285339355,14.66628646850586,15.103219985961914,15.35274600982666,15.545989036560059,15.847618103027344,16.50953483581543,17.43023681640625,17.952775955200195,17.69762420654297,17.494436264038086,17.26137351989746,17.14188003540039,17.028913497924805,17.444324493408203,18.0696964263916
15.5799560546875,15.361579895019531,15.580986976623535,15.862926483154297,15.557631492614746,14.777750968933105,13.9557523727417,13.248664855957031,12.581074714660645,11.944091796875,11.627205848693848,11.743400573730469,12.026690483093262,12.198760032653809,12.17491340637207,12.088245391845703,12.131476402282715,12.244819641113281,12.505461692810059,12.845613479614258,13.093938827514648,13.144776344299316,13.13613224029541,13.05455207824707,12.903742790222168,12.707581520080566,12.828458786010742,13.487488746643066,14.308344841003418,14.790852546691895,15.082119941711426,15.549654960632324,16.03910255432129,16.599855422973633,17.438873291015625,18.05010414123535,18.202043533325195,18.359235763549805,18.11288070678711,17.8011531829834,17.822053909301758,17.982398986816406,18.109573364257812
14.660513877868652,14.505173683166504,14.50091552734375,14.055378913879395,13.123079299926758,12.284136772155762,11.886412620544434,11.782371520996094,11.578971862792969,10.985628128051758,10.160815238952637,9.932482719421387,10.37395191192627,10.891350746154785,10.98828411102295,10.797459602355957,10.771186828613281,10.99396800994873,11.27403450012207,11.255581855773926,10.96023178100586,10.533535957336426,10.11772632598877,9.977195739746094,10.169057846069336,10.731388092041016,11.582764625549316,12.737814903259277,14.03969955444336,15.104195594787598,15.819463729858398,16.370311737060547,16.931434631347656,17.55951499938965,18.263240814208984,18.7509765625,18.90690040588379,18.96942901611328,18.817922592163086,18.507568359375,18.38892364501953,18.36711311340332,18.363616943359375
14.214003562927246,13.917545318603516,13.174561500549316,12.187609672546387,11.367609977722168,10.909101486206055,10.75554370880127,10.658556938171387,10.449491500854492,10.011090278625488,9.390753746032715,9.020134925842285,9.024499893188477,9.424478530883789,9.669349670410156,9.63980484008789,9.518917083740234,9.490252494812012,9.451728820800781,9.243368148803711,8.97974967956543,8.688698768615723,8.418286323547363,8.380324363708496,8.792943000793457,9.878454208374023,11.311596870422363,12.785417556762695,14.295867919921875,15.651876449584961,16.633468627929688,17.231229782104492,17.798988342285156,18.339643478393555,18.715381622314453,18.92072105407715,19.078731536865234,19.10956573486328,18.992582321166992,18.557138442993164,18.09145736694336,17.835235595703125,17.911046981811523
13.174054145812988,12.331255912780762,11.343866348266602,10.774845123291016,10.570879936218262,10.436524391174316,10.08049488067627,9.53885555267334,9.021428108215332,8.745110511779785,8.708477973937988,8.594610214233398,8.342447280883789,8.323125839233398,8.324094772338867,8.309486389160156,8.1625337600708,7.999867916107178,7.905779838562012,7.888726711273193,8.04781723022461,8.354104042053223,8.65589427947998,8.939876556396484,9.412629127502441,10.308093070983887,11.563542366027832,13.077226638793945,14.519637107849121,15.827451705932617,16.776636123657227,17.345935821533203,17.822589874267578,18.354534149169922,18.83761978149414,19.096643447875977,19.113609313964844,18.75149154663086,18.106584548950195,17.339149475097656,16.77345085144043,16.5771484375,16.73342514038086
10.851627349853516,10.231026649475098,9.926957130432129,9.96085262298584,10.129315376281738,10.092195510864258,9.603729248046875,8.724979400634766,7.839776515960693,7.566195964813232,7.818634033203125,8.105941772460938,7.960818767547607,7.599379062652588,7.251527309417725,7.079107284545898,7.006895065307617,6.993267059326172,7.204587459564209,7.510009288787842,7.981642246246338,8.68010139465332,9.491844177246094,10.252398490905762,10.90133285522461,11.490187644958496,12.148478507995605,13.180963516235352,14.327312469482422,15.445608139038086,16.3925838470459,17.059324264526367,17.52642250061035,18.045530319213867,18.677576065063477,18.951303482055664,18.600032806396484,17.70707893371582,16.608963012695312,15.719589233398438,15.265218734741211,15.24942398071289,15.44922924041748
8.6515474319458,8.925166130065918,9.373095512390137,9.784008979797363,9.907228469848633,9.661967277526855,9.09139347076416,8.204475402832031,7.2514190673828125,6.766345500946045,6.844861030578613,7.066929817199707,7.093410491943359,6.963531017303467,6.617941379547119,6.45279598236084,6.375424385070801,6.4381513595581055,6.946874618530273,7.70280647277832,8.386643409729004,8.998892784118652,9.826952934265137,10.853452682495117,11.77511978149414,12.379228591918945,12.857281684875488,13.390628814697266,14.114543914794922,14.999629020690918,15.843098640441895,16.46794891357422,16.91937255859375,17.341392517089844,17.756420135498047,17.767751693725586,17.182188034057617,16.229909896850586,15.153251647949219,14.24874210357666,13.875937461853027,13.961468696594238,14.217934608459473
7.738189220428467,8.598731994628906,9.266182899475098,9.624082565307617,9.610063552856445,9.217227935791016,8.613521575927734,7.925559043884277,7.131918430328369,6.289391040802002,5.725070476531982,5.57958459854126,5.654279708862305,5.898305892944336,6.074011325836182,6.106606960296631,6.123729228973389,6.388740062713623,7.078340530395508,8.080639839172363,8.89813232421875,9.38040828704834,9.856273651123047,10.585527420043945,11.521827697753906,12.426681518554688,13.044804573059082,13.513300895690918,13.935608863830566,14.475530624389648,14.993440628051758,15.40241527557373,15.673713684082031,15.835521697998047,15.899537086486816,15.64250659942627,14.97269344329834,14.117406845092773,13.257513046264648,12.65424919128418,12.498988151550293,12.65158462524414,12.949943542480469
7.184433460235596,7.9827165603637695,8.572931289672852,8.89128589630127,8.909435272216797,8.666275978088379,8.293290138244629,7.784481525421143,7.045883655548096,6.03414249420166,5.054561614990234,4.4381256103515625,4.325818061828613,4.648233890533447,5.158050537109375,5.58780574798584,6.0682759284973145,6.576148509979248,7.241694450378418,8.192411422729492,9.122750282287598,9.653614044189453,9.873372077941895,10.188542366027832,10.845669746398926,11.67972469329834,12.369760513305664,12.859709739685059,13.133151054382324,13.371661186218262,13.556458473205566,13.76972484588623,13.855400085449219,13.718606948852539,13.435647964477539,13.093027114868164,12.53469467163086,11.870837211608887,11.34355640411377,11.212193489074707,11.358853340148926,11.679405212402344,12.081371307373047
6.194916248321533,6.667154312133789,7.1374735832214355,7.517400741577148,7.769691467285156,7.948169708251953,8.021956443786621,7.6516337394714355,6.746733665466309,5.524632453918457,4.47672700881958,3.84773850440979,3.7277865409851074,3.9686224460601807,4.488334655761719,5.168375492095947,5.8611249923706055,6.424683570861816,7.03663969039917,7.875112533569336,8.881234169006348,9.657050132751465,9.942262649536133,9.972315788269043,10.068229675292969,10.384627342224121,10.906107902526855,11.401368141174316,11.535760879516602,11.556599617004395,11.542183876037598,11.637828826904297,11.766467094421387,11.646852493286133,11.336645126342773,11.12418270111084,10.877848625183105,10.529651641845703,10.272481918334961,10.215378761291504,10.34957504272461,10.654146194458008,10.956119537353516
5.496302604675293,5.60554313659668,5.717338562011719,6.003716468811035,6.487614631652832,7.044543743133545,7.381674766540527,7.029428482055664,5.927216529846191,4.602880477905273,3.6962268352508545,3.421135425567627,3.6105003356933594,3.984797716140747,4.437407970428467,4.986359596252441,5.51007080078125,6.011682510375977,6.672210216522217,7.532275676727295,8.60415267944336,9.546370506286621,9.867018699645996,9.577364921569824,9.11447525024414,8.939858436584473,9.184924125671387,9.53253173828125,9.692251205444336,9.651036262512207,9.618796348571777,9.737398147583008,9.990965843200684,10.158670425415039,10.082548141479492,9.945149421691895,9.803654670715332,9.576119422912598,9.269649505615234,8.971341133117676,8.879698753356934,9.097590446472168,9.344745635986328
5.598788738250732,5.367489337921143,4.938788414001465,4.858887195587158,5.184847831726074,5.643861293792725,5.812519073486328,5.406979084014893,4.53130578994751,3.592172861099243,3.042325496673584,3.1611406803131104,3.5882532596588135,4.0244855880737305,4.431350231170654,4.752570152282715,5.066481590270996,5.6224236488342285,6.535159587860107,7.615769863128662,8.765188217163086,9.567621231079102,9.490945816040039,8.713314056396484,7.924606800079346,7.560693740844727,7.643840312957764,7.9274773597717285,8.185816764831543,8.312701225280762,8.51406478881836,8.801043510437012,9.10257625579834,9.29089641571045,9.194052696228027,8.841473579406738,8.47077751159668,8.058966636657715,7.6805877685546875,7.598984241485596,7.602406978607178,7.9068169593811035,8.25992488861084
5.72177267074585,5.403773784637451,4.766406059265137,4.261480331420898,3.9048967361450195,3.5661580562591553,3.2126145362854004,3.007713556289673,2.966888427734375,2.893857955932617,2.8338894844055176,3.0475354194641113,3.3299715518951416,3.5282812118530273,3.8337254524230957,4.211426258087158,4.725976467132568,5.534264087677002,6.630194664001465,7.844707489013672,8.896624565124512,9.360566139221191,8.911423683166504,7.774875164031982,6.6755757331848145,6.070005416870117,6.149752616882324,6.72825288772583,7.346580982208252,7.72205924987793,8.026865005493164,8.328461647033691,8.558484077453613,8.540350914001465,8.290054321289062,7.8329386711120605,7.375697612762451,7.027004718780518,6.731080055236816,6.6347432136535645,6.742750644683838,7.139927387237549,7.739229679107666
5.191958904266357,4.980753421783447,4.444358825683594,3.686406373977661,2.625432014465332,1.5011703968048096,0.8408375382423401,1.0128494501113892,1.675713300704956,2.281373977661133,2.653613328933716,2.8688559532165527,2.8773627281188965,2.8310678005218506,3.1692988872528076,3.8672237396240234,4.697555065155029,5.648159027099609,6.619307518005371,7.610574245452881,8.426212310791016,8.656033515930176,8.005416870117188,6.82228422164917,5.569045543670654,4.737077713012695,4.832939147949219,5.585867881774902,6.639472007751465,7.384387969970703,7.68364953994751,7.809030532836914,7.909094333648682,7.848139762878418,7.691684246063232,7.4884796142578125,7.3482818603515625,7.064638614654541,6.54860258102417,6.046200275421143,5.89858865737915,6.4654693603515625,7.235576629638672
4.188685894012451,3.893949031829834,3.4236900806427,2.7457501888275146,1.7324825525283813,0.6771393418312073,0.09443557262420654,0.18775418400764465,0.7932872176170349,1.5212962627410889,2.1463406085968018,2.494854211807251,2.5469183921813965,2.6724066734313965,3.243964672088623,4.026182174682617,4.831937789916992,5.586596965789795,6.283161640167236,6.896856784820557,7.409728050231934,7.58452844619751,7.020193576812744,6.015035152435303,4.872288227081299,4.156010627746582,4.069429874420166,4.644896030426025,5.642496585845947,6.630404949188232,7.1306681632995605,7.383998394012451,7.561792850494385,7.621958255767822,7.697061061859131,7.78139591217041,7.682591915130615,7.192144393920898,6.333137512207031,5.558665752410889,5.3166728019714355,5.875783920288086,6.646428108215332
3.045025110244751,2.7210774421691895,2.354078769683838,1.9291449785232544,1.4530749320983887,1.0036908388137817,0.7706497311592102,0.6700588464736938,0.7297454476356506,1.0458790063858032,1.4974075555801392,1.9472516775131226,2.3971009254455566,2.9689507484436035,3.7585251331329346,4.569193363189697,5.194812774658203,5.560060977935791,5.796428680419922,6.136920928955078,6.438370704650879,6.518798351287842,6.072362899780273,5.326076507568359,4.635210990905762,4.19396448135376,3.9324216842651367,4.038449287414551,4.703343391418457,5.6852946281433105,6.527459144592285,7.127248764038086,7.553057670593262,7.8085103034973145,7.88434362411499,7.759294509887695,7.357140064239502,6.71160364151001,5.926498889923096,5.313609600067139,5.1720356941223145,5.58026647567749,6.046727657318115
