data/wind_data/wind_58_2.json
{"header": {"parameterUnit": "KT", "parameterCategory": 2, "nx": 256, "ny": 198, "lo1": 44.73521041870117, "la1": -3.236724853515625, "lo2": 111.26478576660156, "la2": 43.468475341796875, "dx": 0.2609002888202667, "dy": -0.23708222806453705, "refTime": "2025-02-21 10:00:00", "forecastTime": 0, "parameterNumber": 2, "parameterNumberName": "eastward_wind"}, "data":
[rows 171 to 189 of 198, columns 86 to 128 of 256]
-7.470643997192383,-9.357328414916992,-10.632930755615234,-8.92687702178955,-11.546489715576172,-12.929354667663574,-13.666807174682617,-13.814533233642578,-11.515783309936523,-8.780084609985352,-6.8115715980529785,-4.918700695037842,-3.0939431190490723,2.257094621658325,2.874093770980835,-5.030723571777344,-5.1424641609191895,-0.25867199897766113,1.2569248676300049,3.2279140949249268,7.418639183044434,11.323751449584961,14.616891860961914,16.838342666625977,22.32085418701172,23.91929054260254,23.691255569458008,17.35563087463379,19.04869270324707,21.67713737487793,22.285022735595703,23.821821212768555,24.486339569091797,2.413149833679199,-3.597682237625122,-5.346076488494873,-5.580953598022461,-4.426718711853027,-2.1331076622009277,-6.5457048416137695,-4.079170227050781,-3.564674139022827,-3.942117929458618
3.571681499481201,0.29015976190567017,-7.659910202026367,-9.567022323608398,-12.65616512298584,-13.600105285644531,-10.87540340423584,-10.827436447143555,-11.364287376403809,-12.512025833129883,-10.638839721679688,-7.35606050491333,-4.788661479949951,-4.454122543334961,-5.654245853424072,-6.9175801277160645,-4.9860992431640625,-3.5460920333862305,-2.419175386428833,6.020955562591553,15.016733169555664,15.80493450164795,14.002237319946289,15.684732437133789,22.14196014404297,22.839252471923828,21.014066696166992,17.828088760375977,17.783771514892578,18.12432098388672,19.970491409301758,23.163400650024414,23.28631019592285,5.542426109313965,1.408124327659607,-1.8766733407974243,-3.1129565238952637,-3.264798879623413,-2.3962655067443848,-6.654079914093018,-3.9504499435424805,-3.5502545833587646,-3.9344265460968018
8.152661323547363,7.937894821166992,1.0180591344833374,-4.054413318634033,-4.533780097961426,-7.442872524261475,-10.203493118286133,-8.530865669250488,-9.727344512939453,-12.20470142364502,-13.345797538757324,-10.503634452819824,-2.85870361328125,-0.4050676226615906,-1.0591745376586914,0.430356502532959,1.7335575819015503,1.5789872407913208,3.734830856323242,11.235897064208984,16.814186096191406,16.927751541137695,15.851287841796875,18.36638641357422,20.220739364624023,19.86934471130371,18.341930389404297,18.86116600036621,19.595754623413086,19.08756446838379,19.5043888092041,16.468887329101562,4.801156997680664,-0.00027380805113352835,0.3326837420463562,-5.0538716316223145,-2.2204017639160156,-2.3653788566589355,-3.653327703475952,-7.129754543304443,-4.817115306854248,-3.6081604957580566,-2.6633458137512207
5.190626621246338,7.62905216217041,9.929643630981445,8.136022567749023,7.428601264953613,5.790046215057373,1.6755874156951904,0.6509758234024048,0.4227968454360962,-2.239551544189453,-7.221314430236816,-10.753240585327148,-8.060931205749512,-5.220168113708496,-2.3141002655029297,1.5788782835006714,8.487581253051758,8.374617576599121,12.11429500579834,15.486336708068848,14.36430835723877,12.266570091247559,15.944175720214844,19.686376571655273,18.59711265563965,17.906890869140625,17.03989601135254,16.392292022705078,14.824322700500488,15.041805267333984,15.647994041442871,4.646348476409912,-5.885957717895508,-4.142181396484375,-5.19176721572876,-3.0351827144622803,-3.4726641178131104,-4.172043800354004,-5.702602386474609,-6.4865288734436035,-6.011125564575195,-4.336211681365967,-1.4463534355163574
-0.900225818157196,4.037193775177002,9.729199409484863,11.813206672668457,10.148435592651367,9.120312690734863,7.594484329223633,7.081399440765381,6.438583850860596,4.928722858428955,2.277738094329834,-3.4329822063446045,-6.956903457641602,-5.140536785125732,-2.169412612915039,-2.6641318798065186,2.845357656478882,7.829205513000488,11.243378639221191,13.412657737731934,11.059577941894531,12.750349998474121,17.82477569580078,17.40632438659668,15.252945899963379,14.712708473205566,15.075128555297852,12.080387115478516,10.921506881713867,16.29661750793457,7.581259727478027,-3.1275880336761475,-4.721129894256592,-4.905887603759766,-4.629709243774414,-4.576140880584717,-5.617659568786621,-5.751046657562256,-6.916744232177734,-6.234158992767334,-6.200625419616699,-4.184678554534912,-1.7845896482467651
-0.15043307840824127,-1.007285714149475,3.2432143688201904,7.541653633117676,10.546112060546875,9.5285062789917,8.4796781539917,8.870772361755371,9.466384887695312,9.423635482788086,8.074509620666504,4.233705520629883,1.9747916460037231,2.604548692703247,3.9276857376098633,4.1597394943237305,5.0820631980896,7.996712684631348,11.500652313232422,13.269288063049316,12.442931175231934,12.380244255065918,15.116348266601562,16.52849006652832,13.887677192687988,15.164436340332031,14.438227653503418,10.697700500488281,15.772357940673828,8.38242244720459,-4.9859490394592285,-4.446517467498779,-4.09657096862793,-6.906304359436035,-5.793731212615967,-6.458399295806885,-6.200982093811035,-6.597063064575195,-7.09959602355957,-6.203883171081543,-6.188841342926025,-5.175617218017578,-2.510227680206299
-1.4515713453292847,0.7784345746040344,2.217200756072998,5.081369400024414,6.399960041046143,12.604630470275879,11.845039367675781,5.506678104400635,7.0063886642456055,9.684677124023438,10.238383293151855,9.461816787719727,8.907477378845215,8.861231803894043,9.220972061157227,7.811153888702393,8.487170219421387,11.305315971374512,15.215197563171387,16.145408630371094,17.29460334777832,18.962844848632812,19.335037231445312,18.52620506286621,14.534614562988281,14.292121887207031,9.981853485107422,6.126881122589111,3.4788293838500977,-4.590719223022461,-6.816709995269775,-4.196027755737305,-4.589849948883057,-4.539271354675293,-4.422184944152832,-5.05825662612915,-5.0413336753845215,-5.933290958404541,-6.094290733337402,-6.88362979888916,-5.924543380737305,-4.54870080947876,-3.099050760269165
0.24809877574443817,1.0397967100143433,4.159924507141113,8.557341575622559,5.067400932312012,4.423678398132324,9.025716781616211,7.056127548217773,6.158328056335449,7.5811262130737305,8.908562660217285,10.646934509277344,10.334134101867676,7.261828899383545,10.806965827941895,13.538687705993652,14.223949432373047,11.364035606384277,10.193595886230469,10.35838794708252,9.962533950805664,12.598706245422363,13.802179336547852,12.846500396728516,10.849327087402344,12.387333869934082,4.476971626281738,-3.9966306686401367,-5.972830295562744,-7.288971424102783,-5.0753021240234375,-4.4232587814331055,-3.0731561183929443,-2.958876132965088,-2.971611738204956,-3.1973838806152344,-3.516026735305786,-3.976454019546509,-4.165825843811035,-6.078820705413818,-6.949958801269531,-5.303988456726074,-6.5421953201293945
0.5776972770690918,2.8868484497070312,2.606574296951294,3.644108772277832,-0.9199427366256714,-3.649587392807007,-7.423701763153076,-10.417215347290039,-10.039702415466309,-11.242574691772461,-13.092077255249023,-12.226204872131348,-10.291547775268555,-8.657363891601562,-3.7446863651275635,5.34166955947876,10.618298530578613,8.950942993164062,7.822573184967041,12.3375883102417,14.62647533416748,11.709694862365723,7.947366714477539,8.398945808410645,8.784789085388184,8.581717491149902,7.13994836807251,1.3683851957321167,1.7615914344787598,5.372910499572754,7.275426387786865,1.2527073621749878,-1.470192790031433,-1.0137851238250732,-2.511305809020996,-2.085501194000244,-1.2657842636108398,-2.167893409729004,-4.126758098602295,-3.2142040729522705,-4.111363410949707,-4.283637523651123,-5.434569835662842
-0.8621680736541748,-0.38284048438072205,-2.944654941558838,-3.849207878112793,-7.889202117919922,-6.17457914352417,-5.338754177093506,-11.59753704071045,-19.870485305786133,-25.633451461791992,-26.206836700439453,-22.565155029296875,-16.265939712524414,-11.667746543884277,-10.965792655944824,-11.019176483154297,-6.588613510131836,-4.595309734344482,-2.9571516513824463,2.5981221199035645,10.900925636291504,11.072266578674316,8.404726028442383,8.111870765686035,9.024043083190918,8.704056739807129,9.952085494995117,6.551990509033203,5.507016658782959,7.020844459533691,6.522980690002441,1.149882435798645,-3.5081381797790527,-5.002730369567871,-2.217947244644165,-0.6402492523193359,-0.4635060131549835,-1.1661183834075928,-0.9288941621780396,-2.4067270755767822,-1.2054473161697388,-3.5566351413726807,-2.1705315113067627
-0.5112858414649963,-4.702330589294434,-6.324258327484131,-5.9701828956604,-10.596244812011719,-10.94783878326416,-9.832733154296875,-15.46433162689209,-21.37486457824707,-25.5607967376709,-29.478229522705078,-27.60378646850586,-20.299537658691406,-14.612335205078125,-13.11311149597168,-10.799217224121094,-9.16646957397461,-5.686295032501221,-6.20884895324707,-4.144893169403076,0.5031396150588989,3.078237533569336,4.999180316925049,6.563510417938232,7.472233295440674,8.030889511108398,8.68779468536377,3.0623281002044678,6.390135288238525,5.485340595245361,3.565099000930786,1.5170879364013672,-2.039726495742798,-2.655693531036377,-3.189819812774658,-1.0678752660751343,3.978260040283203,4.382035732269287,3.2256686687469482,1.1348278522491455,0.46609318256378174,-0.3106673061847687,-0.8822875022888184
-3.7327325344085693,-7.6442131996154785,-8.751507759094238,-11.358028411865234,-15.076193809509277,-15.991217613220215,-17.462318420410156,-17.392969131469727,-15.74030876159668,-15.454690933227539,-18.324312210083008,-21.81631851196289,-20.995634078979492,-16.99544334411621,-13.935909271240234,-10.848450660705566,-8.35299015045166,-7.413326740264893,-6.142498016357422,-5.404902935028076,-4.424768924713135,-3.855297088623047,-1.4654040336608887,1.7260783910751343,4.209242820739746,5.532984256744385,5.157724857330322,5.603003978729248,6.777322769165039,5.716741561889648,5.140927314758301,5.590264797210693,2.8507139682769775,1.7908166646957397,-0.39196324348449707,-0.4975077211856842,-2.601952314376831,-6.080432891845703,-2.565646171569824,0.9932717680931091,0.9878906607627869,1.8815640211105347,3.0284595489501953
-7.308465003967285,-9.781238555908203,-10.10730266571045,-12.300016403198242,-12.601588249206543,-11.794002532958984,-9.89427375793457,-7.986762523651123,-9.73731517791748,-9.676593780517578,-6.541809558868408,-15.65167236328125,-18.903919219970703,-18.547836303710938,-14.736258506774902,-12.83613109588623,-9.137772560119629,-6.913500785827637,-5.4958391189575195,-4.839598655700684,-4.545686721801758,-3.512829065322876,-2.4598209857940674,-1.2502682209014893,0.2692364752292633,1.563975214958191,2.3558380603790283,3.684767961502075,-0.18174637854099274,-0.793229341506958,3.674696683883667,7.7544121742248535,6.402039051055908,1.839768648147583,0.5342588424682617,2.4294650554656982,4.366829872131348,-0.07307382673025131,0.25104933977127075,-0.33595091104507446,2.8826780319213867,6.57070255279541,7.223450183868408
-9.409431457519531,-8.86736011505127,-7.193793296813965,-7.9959797859191895,-7.729379653930664,-6.1233720779418945,-4.147080421447754,-4.5366621017456055,-5.234742164611816,-11.91635799407959,-14.319567680358887,-14.668682098388672,-17.39299201965332,-18.677902221679688,-15.18837833404541,-13.181937217712402,-8.929922103881836,-6.41445255279541,-4.417203903198242,-4.631374359130859,-5.728252410888672,-7.275439262390137,-6.24127721786499,-6.029140472412109,-5.515888690948486,-2.6211297512054443,2.1315319538116455,5.443985462188721,4.36526346206665,3.795785427093506,4.7615461349487305,5.9242987632751465,6.324823379516602,4.6864213943481445,3.743824005126953,4.3821868896484375,1.82903254032135,0.701046347618103,2.886331558227539,4.287517070770264,7.4448018074035645,8.237422943115234,7.980071544647217
-10.063072204589844,-10.02370834350586,-9.950586318969727,-10.565206527709961,-9.625287055969238,-6.440150260925293,-3.7850611209869385,-6.287911891937256,-4.780463218688965,-10.084561347961426,-12.549942970275879,-4.63214635848999,-11.198344230651855,-12.414848327636719,-12.874013900756836,-12.523578643798828,-9.339475631713867,-6.921276092529297,-3.937185525894165,-3.7164533138275146,-8.09896183013916,-11.936010360717773,-11.480453491210938,-10.364645004272461,-9.461038589477539,-4.564153671264648,-1.473401427268982,-1.3818535804748535,-3.6068546772003174,-3.935530662536621,-4.628852844238281,-2.2476632595062256,0.37850630283355713,2.0364973545074463,1.4284069538116455,1.3274190425872803,-0.831528902053833,0.8215876817703247,2.2237186431884766,5.902918815612793,7.181496620178223,6.84213924407959,5.730798244476318
-11.193093299865723,-11.37381362915039,-10.235156059265137,-7.587454795837402,-4.70358419418335,-3.4656031131744385,-5.0436553955078125,-4.612368583679199,-0.8459005355834961,-3.244476079940796,-6.777577877044678,-3.5951664447784424,-4.186057090759277,-7.663795471191406,-10.433991432189941,-10.75481128692627,-9.811809539794922,-9.39864444732666,-8.009318351745605,-4.819746017456055,-6.31638765335083,-10.014118194580078,-8.218064308166504,-7.7864179611206055,-7.919785976409912,-5.333637237548828,-2.629354476928711,-2.1193363666534424,-3.2347686290740967,-4.234123229980469,-5.618809700012207,-3.4080140590667725,-1.7887965440750122,0.028659002855420113,0.7111678719520569,-0.9611918926239014,-1.5838127136230469,0.7297548651695251,1.8485934734344482,3.4170596599578857,-0.9624437093734741,2.4053266048431396,3.3601884841918945
-10.707120895385742,-9.482951164245605,-6.94411039352417,-4.669684886932373,-3.9960455894470215,-2.1221861839294434,-3.0542428493499756,-1.6749322414398193,-1.0162276029586792,-2.8514022827148438,-0.816413402557373,-1.5642048120498657,-3.2113842964172363,-9.422616958618164,-12.39614486694336,-12.143387794494629,-9.887924194335938,-7.904716491699219,-8.761896133422852,-7.682464122772217,-9.596762657165527,-12.98914623260498,-11.29456615447998,-7.129248142242432,-7.313971996307373,-9.67319107055664,-6.877134323120117,-5.015061855316162,-5.517175197601318,-5.132743835449219,-3.77091121673584,-3.103377103805542,-2.2611582279205322,-0.7514700293540955,0.47816169261932373,0.6458432078361511,0.9393932223320007,1.3435899019241333,0.1568678319454193,2.9266951084136963,1.906355857849121,2.972858190536499,1.9294641017913818
-7.58373498916626,-5.520294189453125,-3.27321720123291,-2.263157606124878,-3.0678417682647705,-1.9527896642684937,-2.132188558578491,-0.8483984470367432,-1.503695011138916,-2.7101941108703613,-1.9790562391281128,-4.847814083099365,-12.522839546203613,-16.794322967529297,-14.435609817504883,-12.141948699951172,-12.747331619262695,-11.34489631652832,-7.190722465515137,-6.728541374206543,-8.748855590820312,-8.449423789978027,-6.223404407501221,-6.575327396392822,-11.997385025024414,-13.327128410339355,-9.73857593536377,-6.921573638916016,-8.626276016235352,-8.946386337280273,-7.177744388580322,-5.584107398986816,-3.6156795024871826,-2.2552924156188965,-2.636911392211914,-1.8591428995132446,0.4516051709651947,2.1907706260681152,2.3358893394470215,-0.22598809003829956,-1.693053126335144,2.628798007965088,0.9482916593551636
-3.168278455734253,-1.53211510181427,-0.7033283710479736,-1.5081324577331543,-1.9926700592041016,-2.077345371246338,-0.3018493354320526,-0.9812756180763245,0.4133884310722351,-2.7423715591430664,-1.0134308338165283,-4.336190223693848,-13.999631881713867,-15.539849281311035,-13.463643074035645,-10.978320121765137,-11.832253456115723,-12.808768272399902,-13.058588981628418,-13.896452903747559,-14.347675323486328,-12.404891967773438,-13.231827735900879,-12.075809478759766,-13.07083797454834,-14.841935157775879,-14.953034400939941,-10.639392852783203,-6.093925952911377,-5.122332572937012,-7.396981239318848,-9.364787101745605,-6.363193035125732,-5.354404449462891,-4.701604843139648,-0.6126628518104553,0.8692167401313782,2.882084608078003,-3.7222580909729004,-4.883614540100098,-4.565139293670654,-0.155000239610672,1.1568759679794312
