data/wind_data/wind_53_3.json
{"header": {"parameterUnit": "KT", "parameterCategory": 2, "nx": 256, "ny": 198, "lo1": 44.73521041870117, "la1": -3.236724853515625, "lo2": 111.26478576660156, "la2": 43.468475341796875, "dx": 0.2609002888202667, "dy": -0.23708222806453705, "refTime": "2025-02-21 05:00:00", "forecastTime": 0, "parameterNumber": 2, "parameterNumberName": "eastward_wind"}, "data":
[rows 171 to 189 of 198, columns 0 to 43 of 256]
9.503231048583984,12.675352096557617,10.765154838562012,10.105306625366211,10.529335021972656,11.398475646972656,12.137930870056152,15.983877182006836,21.528135299682617,28.147050857543945,32.88811111450195,33.936920166015625,30.27460479736328,32.00725173950195,29.073657989501953,28.361961364746094,10.600973129272461,-2.163656711578369,-1.8604227304458618,8.8790922164917,8.549099922180176,6.339865207672119,5.674245357513428,4.696115016937256,3.169584035873413,2.9686672687530518,3.7913641929626465,4.519350528717041,5.366424560546875,4.916327953338623,3.8337113857269287,1.6446243524551392,-0.9534993767738342,-0.8251345157623291,0.5844573974609375,0.36390143632888794,0.5453030467033386,1.2442264556884766,0.5824481248855591,0.13633720576763153,-1.106201410293579,-2.3773486614227295,-3.4459471702575684,-4.059351921081543
9.379314422607422,12.615469932556152,8.085794448852539,7.9324493408203125,9.921849250793457,12.354564666748047,13.419697761535645,16.30208969116211,19.51410484313965,23.267864227294922,29.149492263793945,31.814878463745117,33.23371124267578,35.017269134521484,33.434364318847656,28.18382453918457,8.124696731567383,-1.2636159658432007,3.548426628112793,10.302862167358398,8.16065788269043,6.476919174194336,6.414216995239258,5.643038749694824,4.21799373626709,3.56811261177063,4.028926372528076,4.482513427734375,4.707997798919678,4.040755748748779,2.744504928588867,0.6869295835494995,-1.2220828533172607,-0.8528869152069092,0.11660110950469971,0.4334937632083893,-0.09470373392105103,0.007317649200558662,-1.7790789604187012,-2.296997308731079,-3.645904541015625,-4.4953508377075195,-5.1171088218688965,-5.416661739349365
9.499889373779297,10.035501480102539,4.908316135406494,5.392585277557373,10.300969123840332,11.867204666137695,11.85854721069336,15.583988189697266,21.513715744018555,23.345949172973633,26.524520874023438,26.41358757019043,29.633485794067383,30.34984016418457,36.36752700805664,25.28761863708496,5.894512176513672,-0.18810279667377472,8.358932495117188,12.30058479309082,8.741307258605957,7.411647796630859,7.19710111618042,6.468397617340088,5.268867492675781,4.486721038818359,4.499346733093262,4.458130836486816,4.041088581085205,3.2570600509643555,2.0929183959960938,0.3663367033004761,-0.6639690399169922,-0.362033486366272,0.21002893149852753,1.0690768957138062,-0.33692052960395813,-0.2680231034755707,-2.778101682662964,-3.875542163848877,-5.264079570770264,-5.9341139793396,-6.292604446411133,-6.928736209869385
8.001981735229492,5.767429828643799,2.022691249847412,1.2245965003967285,8.380026817321777,11.253400802612305,11.251344680786133,10.867643356323242,15.788461685180664,22.560646057128906,24.763397216796875,23.72475242614746,28.752599716186523,28.91836929321289,29.092105865478516,13.433891296386719,3.15112566947937,2.5306365489959717,11.848787307739258,13.79553508758545,10.124174118041992,8.736846923828125,8.312112808227539,7.3400654792785645,6.075197696685791,5.204869270324707,4.792092323303223,4.338170051574707,3.5130677223205566,2.8786568641662598,1.7922886610031128,0.492989182472229,0.03853463754057884,0.20790646970272064,0.8514934778213501,1.3535747528076172,0.038705792278051376,0.4060920774936676,-2.320613384246826,-4.169440269470215,-5.570004463195801,-6.619223117828369,-7.479338645935059,-8.161662101745605
4.459875583648682,3.3870768547058105,0.5255119800567627,-1.7790547609329224,6.406322002410889,13.244795799255371,12.127476692199707,5.660575866699219,0.5798828601837158,5.682531833648682,7.576301574707031,6.973784923553467,13.801764488220215,19.332992553710938,13.975968360900879,3.8675942420959473,2.6281144618988037,6.032034873962402,11.623456001281738,12.908575057983398,11.805013656616211,10.709762573242188,9.804462432861328,8.564146995544434,6.914947509765625,5.728420257568359,4.957226276397705,4.245359897613525,3.4482057094573975,2.736839771270752,1.5809838771820068,0.6569878458976746,0.5462136268615723,0.8231278657913208,1.2953259944915771,1.0468451976776123,0.943820059299469,1.0121986865997314,-1.6883641481399536,-4.071269512176514,-5.55015754699707,-7.18377161026001,-8.2705659866333,-8.702171325683594
2.166058301925659,3.4705235958099365,1.0887700319290161,0.45056504011154175,9.689377784729004,15.417402267456055,15.953335762023926,5.926009178161621,-1.3724926710128784,-2.2839536666870117,-4.8182806968688965,-3.3298182487487793,4.1037702560424805,9.112563133239746,3.880554676055908,0.021490633487701416,3.169072151184082,7.099762439727783,9.380269050598145,11.063115119934082,12.76334285736084,12.759809494018555,11.578092575073242,9.958157539367676,7.981185436248779,6.5524444580078125,5.460705757141113,4.385952949523926,3.8025708198547363,2.9262807369232178,1.6145436763763428,0.9908987879753113,1.0834734439849854,1.3767884969711304,1.308075189590454,0.9065205454826355,1.5544090270996094,1.2875525951385498,-1.030197024345398,-3.614541530609131,-5.019073009490967,-6.708223342895508,-7.806815147399902,-8.644657135009766
1.643890142440796,3.1488568782806396,2.620713472366333,4.5240278244018555,13.012908935546875,15.059396743774414,15.616325378417969,8.47337818145752,4.646920680999756,3.627650260925293,-6.037628650665283,-6.660891532897949,-1.5023127794265747,1.038813591003418,-0.8832706809043884,-1.244024634361267,3.23996639251709,6.722151279449463,7.996246814727783,9.616202354431152,12.088964462280273,13.610593795776367,13.082283973693848,11.208084106445312,9.211385726928711,7.972278118133545,6.878549098968506,5.377956390380859,4.22565221786499,3.442814826965332,2.2805728912353516,1.4083659648895264,1.6224278211593628,1.656510591506958,1.3195937871932983,1.2365607023239136,1.631542682647705,0.9311936497688293,-0.6498309373855591,-2.0624842643737793,-3.800917625427246,-5.025214195251465,-6.0381760597229,-7.381040096282959
1.3754850625991821,5.003408908843994,4.512762069702148,7.520462512969971,15.472110748291016,18.59275245666504,17.61678695678711,12.86447525024414,8.301528930664062,1.24428129196167,-7.966064929962158,-8.002969741821289,-4.916828155517578,-2.9546074867248535,-2.453557014465332,-1.3554595708847046,3.3081142902374268,6.998254299163818,8.689142227172852,9.583168983459473,11.074283599853516,12.817361831665039,13.236212730407715,11.806337356567383,10.339624404907227,9.740886688232422,8.980822563171387,7.486161708831787,5.39967679977417,4.192190170288086,3.629265069961548,1.9250494241714478,1.9495476484298706,1.9255362749099731,1.618029236793518,1.681450366973877,1.1513521671295166,-0.11417369544506073,0.05350988730788231,-0.2524753510951996,-2.2471673488616943,-3.2855021953582764,-4.284488677978516,-5.495448589324951
1.7866394519805908,6.656832695007324,8.940339088439941,10.136052131652832,16.852127075195312,18.625240325927734,16.529708862304688,9.966358184814453,3.2284023761749268,-4.435931205749512,-8.944172859191895,-8.182354927062988,-5.809319019317627,-3.0016286373138428,-1.2132221460342407,-0.2863330841064453,2.884254217147827,6.940919399261475,9.844999313354492,11.189817428588867,11.472015380859375,11.666346549987793,12.20718765258789,11.798933982849121,11.172303199768066,10.971978187561035,10.452234268188477,9.372747421264648,6.923278331756592,5.008119583129883,5.1567230224609375,3.0298995971679688,1.5304462909698486,1.9339790344238281,2.1194541454315186,2.0477962493896484,0.3595663905143738,-0.7722530961036682,0.21534301340579987,0.2681632936000824,-0.8557236194610596,-2.0141637325286865,-3.1254568099975586,-3.882685422897339
3.964134931564331,9.653716087341309,11.297555923461914,9.894087791442871,11.34614372253418,15.087419509887695,13.905182838439941,10.252074241638184,1.2804088592529297,-6.932201862335205,-7.771663188934326,-6.868899822235107,-4.335638999938965,-1.8291850090026855,0.5792747735977173,1.9758797883987427,4.0697922706604,6.9608025550842285,10.112799644470215,12.126825332641602,12.470032691955566,11.968244552612305,12.454523086547852,12.520995140075684,11.970267295837402,11.226462364196777,10.464681625366211,9.710652351379395,7.544262409210205,5.276270389556885,6.344785690307617,4.935959339141846,1.4460662603378296,1.5201784372329712,2.3638405799865723,2.19295334815979,0.05411257967352867,-1.0678075551986694,-0.2219575196504593,0.20230349898338318,0.0412159338593483,-1.0969046354293823,-2.5138227939605713,-2.689295530319214
4.742118835449219,7.711422920227051,8.525402069091797,7.063021659851074,8.455974578857422,15.634795188903809,16.64437484741211,8.162824630737305,-1.4621214866638184,-5.672766208648682,-5.185695648193359,-5.012375831604004,-2.91988205909729,-0.0841221883893013,2.9295284748077393,4.365346908569336,7.926410675048828,8.66163158416748,9.967511177062988,11.667332649230957,12.627849578857422,12.206399917602539,12.648859024047852,13.541805267333984,13.138548851013184,11.405216217041016,9.754840850830078,8.996301651000977,7.291072368621826,5.139743328094482,6.872772693634033,6.923548698425293,2.568460702896118,2.030339479446411,2.6711854934692383,2.148952007293701,0.2143038511276245,-1.0362881422042847,-0.4300074279308319,0.2883028984069824,0.4114411473274231,-0.4803912043571472,-1.724644660949707,-1.7847049236297607
4.137789249420166,3.4323370456695557,3.7670962810516357,2.7760934829711914,1.7630417346954346,4.755579471588135,3.993520736694336,0.5356444716453552,-3.16455078125,-5.432324409484863,-4.375271797180176,-3.3363327980041504,-0.6230168342590332,2.263472080230713,5.832505702972412,10.000773429870605,13.318026542663574,11.567179679870605,9.286792755126953,8.813236236572266,9.431684494018555,9.528919219970703,10.380288124084473,12.231042861938477,13.363190650939941,11.876973152160645,9.56176471710205,8.386958122253418,6.7903218269348145,5.312490463256836,6.529457092285156,8.484878540039062,4.636092662811279,3.6570966243743896,3.5408308506011963,2.3436639308929443,0.5801809430122375,-0.6635191440582275,-0.5014480948448181,-0.03493120148777962,0.310698002576828,0.1413271129131317,-0.8044759631156921,-1.0656211376190186
2.497667074203491,1.9492844343185425,-0.14800748229026794,-2.4564568996429443,-3.6293606758117676,-1.507042646408081,0.5403249859809875,-2.4548704624176025,-5.64296293258667,-5.122111797332764,-3.8265557289123535,-1.672085165977478,0.8335532546043396,4.992650032043457,11.026232719421387,13.749228477478027,15.375833511352539,13.00434398651123,7.320503234863281,4.680963516235352,4.927952766418457,5.661864280700684,6.763894557952881,8.981307029724121,11.844151496887207,12.225554466247559,10.10448169708252,8.239933013916016,6.592423439025879,6.039535999298096,6.460797309875488,8.93954849243164,6.9482903480529785,5.2301764488220215,4.674868583679199,3.3398520946502686,1.6005539894104004,0.11073397099971771,-0.6858713626861572,-0.6646296977996826,-0.21919377148151398,0.11453364789485931,-0.2114153355360031,-0.39506521821022034
-1.5795091390609741,-1.2546284198760986,-1.5388263463974,-1.368829607963562,-2.44530987739563,-1.8127003908157349,-1.5146468877792358,-5.372069358825684,-6.071342945098877,-3.338542938232422,-1.7617474794387817,0.7781448364257812,6.585224628448486,12.904123306274414,15.235747337341309,15.805928230285645,14.837048530578613,10.095454216003418,6.490723609924316,5.176156997680664,5.5963287353515625,5.821811676025391,5.568610668182373,6.754127025604248,9.844032287597656,12.01313304901123,11.04161262512207,8.51485824584961,7.027403354644775,7.231914043426514,7.360019207000732,8.292274475097656,8.507511138916016,6.268342971801758,5.583856582641602,4.636410713195801,3.113193988800049,1.3749773502349854,-0.150450199842453,-0.6277481913566589,-0.11183653771877289,0.4491024613380432,0.3837825059890747,0.011303916573524475
-4.422623634338379,-1.646093487739563,-1.416289210319519,-0.7540826797485352,-3.604224920272827,-3.151172637939453,-3.13488507270813,-4.535902500152588,-4.432311058044434,-2.9182090759277344,1.9106289148330688,8.785123825073242,14.428598403930664,15.802411079406738,17.07023048400879,13.95037841796875,11.01110553741455,8.885194778442383,7.568886756896973,7.668917655944824,7.7546491622924805,7.64229154586792,6.883509159088135,6.405886650085449,8.427322387695312,11.06934928894043,11.626871109008789,9.355476379394531,8.01425838470459,8.782992362976074,9.041108131408691,7.858869552612305,8.779386520385742,7.239263534545898,6.339460372924805,5.969360828399658,4.649426460266113,2.8267219066619873,0.8860635757446289,0.1584557145833969,0.9660348892211914,1.4221702814102173,0.9887985587120056,0.4643508791923523
-4.8822526931762695,-4.83188533782959,-5.787851333618164,-4.273570537567139,-3.669116258621216,-5.546445369720459,-6.372865200042725,-6.126041412353516,-5.706597805023193,-0.6634590029716492,10.170841217041016,15.098515510559082,18.772520065307617,17.927547454833984,13.972373008728027,11.310317039489746,10.028233528137207,6.962906360626221,4.884008884429932,4.9173784255981445,6.463473796844482,7.565563678741455,7.798468589782715,7.188953399658203,7.629683494567871,9.665031433105469,11.144404411315918,10.292238235473633,9.34178638458252,10.179044723510742,10.561992645263672,8.481613159179688,8.653290748596191,8.396832466125488,7.025196075439453,7.439377784729004,6.231061935424805,3.8525264263153076,1.7543256282806396,1.3998039960861206,2.370551824569702,2.40120792388916,1.5818136930465698,1.218605399131775
-6.316450119018555,-10.039399147033691,-11.129714012145996,-8.273366928100586,-6.676334857940674,-7.423280239105225,-8.313348770141602,-5.717075347900391,-3.0702362060546875,7.572766304016113,16.2386531829834,17.615137100219727,16.778757095336914,13.153376579284668,9.894291877746582,9.233861923217773,7.44372034072876,4.078209400177002,3.170973300933838,4.2553510665893555,5.552088737487793,6.812220096588135,7.627530574798584,7.952042102813721,7.843245983123779,8.525365829467773,10.082582473754883,10.897360801696777,11.084792137145996,11.644500732421875,11.540460586547852,9.952646255493164,9.298884391784668,9.45528507232666,7.87636661529541,8.431200981140137,7.60197639465332,4.987835884094238,3.1514415740966797,3.058310031890869,3.926413059234619,3.4637703895568848,2.4967198371887207,2.3369710445404053
-9.846181869506836,-12.931480407714844,-13.014154434204102,-10.613214492797852,-7.665254592895508,-6.384395122528076,-6.289996147155762,-1.7460273504257202,8.046738624572754,15.643022537231445,18.4415283203125,19.26157569885254,17.115997314453125,10.030269622802734,7.154967784881592,7.6060991287231445,6.674493789672852,5.645328521728516,5.281508445739746,6.246102333068848,6.949433326721191,6.844297409057617,7.211642742156982,7.717121601104736,8.363831520080566,8.284881591796875,8.909597396850586,10.591635704040527,12.229870796203613,12.689302444458008,11.942951202392578,11.119041442871094,10.504148483276367,9.638500213623047,8.345331192016602,8.309709548950195,7.941753387451172,6.094794750213623,4.930084705352783,4.992486476898193,5.325292110443115,4.4958014488220215,3.4413375854492188,3.342869281768799
-12.04548454284668,-15.587839126586914,-13.367025375366211,-12.558110237121582,-10.54842758178711,-10.480360984802246,-2.138463258743286,8.837980270385742,15.942481994628906,19.04176139831543,19.949708938598633,19.928468704223633,14.361517906188965,7.040040969848633,6.7446675300598145,7.771444797515869,7.680929660797119,6.945826053619385,6.843229293823242,7.51053524017334,8.780489921569824,8.568078994750977,7.633946418762207,7.345461845397949,8.315324783325195,9.004287719726562,9.129347801208496,10.494820594787598,12.611790657043457,13.289606094360352,12.593852043151855,12.265151023864746,12.074996948242188,9.964645385742188,8.221929550170898,8.23503589630127,8.102821350097656,7.466314315795898,7.447075366973877,7.725072383880615,7.343969345092773,6.0494384765625,4.752983570098877,4.385931491851807
