data/wind_data/wind_20_4.json
{"header": {"parameterUnit": "KT", "parameterCategory": 2, "nx": 256, "ny": 198, "lo1": 44.73521041870117, "la1": -3.236724853515625, "lo2": 111.26478576660156, "la2": 43.468475341796875, "dx": 0.2609002888202667, "dy": -0.23708222806453705, "refTime": "2025-02-19 20:00:00", "forecastTime": 0, "parameterNumber": 2, "parameterNumberName": "eastward_wind"}, "data":
[rows 114 to 132 of 198, columns 176 to 219 of 256]
31.017738342285156,31.521961212158203,31.9562931060791,32.654632568359375,33.70075988769531,34.453224182128906,35.127052307128906,34.837974548339844,33.85601806640625,31.910768508911133,29.01190948486328,26.787824630737305,26.859094619750977,28.06947135925293,27.899873733520508,26.989553451538086,25.287954330444336,23.41880226135254,22.09002685546875,21.54855728149414,22.516420364379883,23.918210983276367,24.594738006591797,24.943572998046875,25.754070281982422,25.75136947631836,25.217817306518555,25.863786697387695,30.45106315612793,35.23530578613281,35.505470275878906,34.368648529052734,35.505279541015625,37.355224609375,38.83317565917969,39.7401008605957,38.78794860839844,39.08277893066406,42.534950256347656,45.450721740722656,46.83869934082031,44.238826751708984,41.393028259277344,43.95501708984375
32.34851837158203,32.71769332885742,33.53049850463867,34.18138885498047,34.41434097290039,34.29096603393555,34.22669982910156,33.382835388183594,32.06827163696289,30.646169662475586,28.73171615600586,25.964614868164062,23.251907348632812,22.60464096069336,23.37841033935547,24.074975967407227,23.323610305786133,24.104251861572266,24.036964416503906,23.495819091796875,23.544729232788086,25.037097930908203,25.662208557128906,24.741670608520508,24.58292579650879,24.867475509643555,25.196956634521484,25.415019989013672,29.222824096679688,33.83177185058594,35.34748840332031,34.6876106262207,36.02640151977539,38.27098846435547,40.171546936035156,39.211910247802734,36.44015884399414,36.8364143371582,41.18988037109375,44.4534797668457,44.44761276245117,41.55939483642578,39.72189712524414,42.72382354736328
32.87604522705078,32.927284240722656,33.143272399902344,32.817649841308594,31.773462295532227,30.69431495666504,30.206310272216797,30.167125701904297,29.867961883544922,28.926992416381836,27.52104949951172,24.96060562133789,21.179283142089844,18.39039421081543,18.927791595458984,21.10141944885254,22.725263595581055,24.434812545776367,22.691816329956055,22.900035858154297,22.6852970123291,22.646520614624023,22.802017211914062,22.728403091430664,22.652198791503906,23.662851333618164,24.57410430908203,25.88258171081543,28.955421447753906,32.56956481933594,33.97442626953125,33.15443801879883,34.88786315917969,38.007511138916016,39.88904571533203,36.37267303466797,33.910945892333984,35.666194915771484,40.143646240234375,42.58439636230469,40.96418380737305,38.28926086425781,38.154136657714844,41.5609016418457
32.3353157043457,31.57288932800293,30.42814826965332,28.545024871826172,26.573026657104492,25.371252059936523,25.371374130249023,25.596296310424805,25.078048706054688,23.625612258911133,22.347702026367188,20.413846969604492,18.48249626159668,16.64246368408203,16.345937728881836,18.732891082763672,21.907712936401367,24.16238021850586,22.66910171508789,21.494869232177734,20.020156860351562,19.636449813842773,20.223268508911133,21.248071670532227,21.236692428588867,23.323970794677734,24.4482421875,25.253053665161133,27.863698959350586,30.696943283081055,31.591800689697266,30.30729866027832,31.945388793945312,35.700260162353516,36.61893081665039,31.662883758544922,30.668245315551758,34.4112548828125,39.67417907714844,40.5174674987793,38.01136779785156,36.259239196777344,37.14108657836914,40.33564758300781
28.524681091308594,26.68378257751465,25.375347137451172,24.183164596557617,22.710996627807617,21.728683471679688,21.217622756958008,20.11012840270996,18.400997161865234,17.04974937438965,16.72237777709961,16.66817283630371,16.692340850830078,16.902402877807617,17.297607421875,17.934823989868164,19.496566772460938,20.732315063476562,21.501527786254883,21.53888702392578,19.722766876220703,18.96876335144043,19.887548446655273,20.475587844848633,20.71304702758789,23.46259880065918,24.97406768798828,25.923219680786133,27.205392837524414,28.861892700195312,29.832252502441406,28.184242248535156,28.86748504638672,32.40863037109375,32.38862228393555,28.1363525390625,28.045879364013672,32.86113739013672,38.17201614379883,39.2686767578125,36.546287536621094,35.37044143676758,36.6173095703125,38.905025482177734
27.743078231811523,27.481836318969727,28.102689743041992,28.505693435668945,27.01771354675293,24.81736183166504,22.180452346801758,18.631914138793945,15.793646812438965,14.612849235534668,14.7042875289917,15.607112884521484,16.622314453125,17.33174705505371,18.083293914794922,18.490306854248047,17.703323364257812,16.696775436401367,17.447534561157227,20.033252716064453,20.671438217163086,20.372455596923828,21.02369499206543,21.27134132385254,22.331331253051758,23.17302703857422,23.70972442626953,24.47609519958496,25.090404510498047,27.005094528198242,28.299863815307617,26.3364315032959,26.436466217041016,29.994007110595703,30.07583236694336,26.46392250061035,25.126632690429688,29.75625228881836,35.04800033569336,36.872703552246094,35.28668975830078,34.516639709472656,36.603729248046875,38.535240173339844
29.891828536987305,30.079212188720703,30.26395606994629,30.677555084228516,30.32666015625,27.621870040893555,23.845661163330078,19.119155883789062,15.890249252319336,14.35376262664795,14.934418678283691,15.256171226501465,15.92596435546875,17.10924530029297,18.001537322998047,18.529626846313477,18.44160270690918,17.23099708557129,16.562082290649414,17.242408752441406,18.505964279174805,19.171422958374023,19.382976531982422,19.584917068481445,21.385425567626953,19.342483520507812,22.253273010253906,23.03144645690918,23.41199493408203,25.257707595825195,26.48924446105957,25.29286003112793,25.90402603149414,29.79115867614746,30.090717315673828,25.680879592895508,21.393896102905273,24.706119537353516,30.945999145507812,33.816673278808594,31.298992156982422,32.400909423828125,35.040794372558594,38.44587707519531
30.588722229003906,28.681772232055664,26.82294273376465,25.469411849975586,25.71693992614746,24.666696548461914,20.877248764038086,16.58204460144043,13.151772499084473,11.906606674194336,12.571179389953613,9.77253532409668,9.519051551818848,12.038455963134766,15.129439353942871,17.489208221435547,18.3045711517334,18.195844650268555,17.230628967285156,16.494935989379883,15.781222343444824,15.549724578857422,15.568976402282715,16.028602600097656,15.674570083618164,16.175918579101562,21.38581085205078,22.156509399414062,22.854795455932617,24.50404930114746,25.178434371948242,25.317516326904297,26.60297203063965,29.963764190673828,30.84777069091797,27.10489845275879,20.521326065063477,22.15801239013672,28.33831214904785,31.47263526916504,30.738849639892578,29.858461380004883,31.608165740966797,35.794212341308594
29.468963623046875,26.681772232055664,24.209882736206055,22.696149826049805,22.810274124145508,23.486976623535156,21.085851669311523,16.03445053100586,12.639966011047363,10.870282173156738,10.500144958496094,4.365582466125488,1.4929897785186768,4.208983898162842,9.57953929901123,13.249168395996094,14.635479927062988,14.318869590759277,13.08105754852295,12.535249710083008,12.190664291381836,13.94997501373291,14.258811950683594,13.710458755493164,12.997190475463867,18.09112548828125,21.105539321899414,21.929229736328125,23.67946434020996,24.747806549072266,24.478418350219727,25.21082878112793,26.17542839050293,29.019634246826172,30.80746078491211,27.798553466796875,21.225378036499023,21.92503547668457,26.663415908813477,27.7071533203125,29.604759216308594,28.039762496948242,28.71969223022461,31.17144012451172
28.47787094116211,25.087379455566406,23.488279342651367,23.730899810791016,23.795536041259766,24.153099060058594,27.637432098388672,23.941402435302734,17.15752410888672,9.858776092529297,3.469846248626709,1.7209386825561523,2.6295604705810547,3.3186838626861572,6.257357120513916,8.535393714904785,9.115455627441406,8.893928527832031,8.58693790435791,9.261287689208984,10.313580513000488,12.519012451171875,15.607109069824219,16.71648597717285,17.293643951416016,19.68155288696289,21.730825424194336,22.88218879699707,23.814498901367188,23.163434982299805,23.539304733276367,24.799467086791992,24.650184631347656,26.906291961669922,29.715946197509766,27.931753158569336,22.02674674987793,21.73206901550293,26.284507751464844,26.973459243774414,27.74694061279297,27.21601676940918,26.120059967041016,28.841426849365234
29.239028930664062,24.637048721313477,24.41433334350586,26.0450382232666,25.822715759277344,22.443458557128906,24.75701332092285,23.228696823120117,20.929668426513672,10.11793041229248,3.5582048892974854,3.4550275802612305,4.082022190093994,5.055672645568848,6.583524227142334,7.336581230163574,7.580123424530029,7.143466472625732,7.12669563293457,8.530375480651855,11.110496520996094,13.803925514221191,15.851812362670898,16.11482810974121,18.727962493896484,17.948734283447266,20.70923614501953,23.027700424194336,20.235395431518555,20.057392120361328,23.868135452270508,24.240943908691406,21.73958969116211,24.739124298095703,28.779123306274414,29.35344123840332,25.505775451660156,22.770751953125,25.1767578125,27.698488235473633,27.776113510131836,27.507604598999023,23.596492767333984,26.782596588134766
24.140771865844727,23.185537338256836,23.877235412597656,23.695463180541992,21.461200714111328,20.0408992767334,20.511615753173828,16.838207244873047,19.214048385620117,10.760209083557129,3.934598207473755,2.5408427715301514,1.9589208364486694,2.005462646484375,4.121388912200928,5.823193073272705,6.490002155303955,7.482990264892578,8.025160789489746,9.544602394104004,12.078912734985352,13.858335494995117,13.942032814025879,14.874844551086426,15.573348999023438,21.28852653503418,23.484182357788086,24.02667999267578,18.970867156982422,19.7890567779541,23.86033058166504,21.204195022583008,17.636629104614258,23.876873016357422,29.038955688476562,30.876663208007812,29.725067138671875,25.5781307220459,24.86121940612793,27.931346893310547,28.03147315979004,27.308496475219727,23.505523681640625,25.004732131958008
24.646652221679688,25.325454711914062,25.262653350830078,25.731128692626953,24.015417098999023,21.343427658081055,20.274255752563477,17.004079818725586,18.633913040161133,12.361275672912598,8.214659690856934,6.490210056304932,4.395750045776367,3.3451085090637207,0.7477346062660217,2.8281023502349854,6.060846328735352,7.1956963539123535,7.873729705810547,9.672893524169922,10.352704048156738,12.74898910522461,13.052472114562988,13.10289478302002,15.392618179321289,17.24790382385254,22.05731773376465,28.751911163330078,22.261127471923828,17.793834686279297,21.695587158203125,19.206592559814453,17.523893356323242,25.399003982543945,30.04884147644043,32.702693939208984,30.42106819152832,25.00971031188965,22.34490203857422,25.4766788482666,28.353933334350586,27.235450744628906,24.987302780151367,24.234975814819336
26.02836799621582,18.066051483154297,15.575197219848633,17.1319522857666,18.267147064208984,18.95390510559082,18.618061065673828,16.971677780151367,16.25082778930664,15.067366600036621,13.32463550567627,14.569104194641113,13.766744613647461,11.902908325195312,4.405878067016602,2.229041576385498,5.111192226409912,6.987260341644287,8.707938194274902,8.759074211120605,9.859986305236816,13.260030746459961,16.766633987426758,17.245079040527344,17.38745880126953,18.86427879333496,21.75367546081543,22.30643081665039,20.981294631958008,15.949785232543945,17.87332534790039,18.81705093383789,20.48910140991211,27.161155700683594,30.802043914794922,33.394676208496094,29.01957893371582,20.823896408081055,15.149603843688965,21.41990089416504,27.553380966186523,27.977188110351562,23.603792190551758,23.33238410949707
25.08754539489746,16.091949462890625,10.96560287475586,9.472551345825195,11.32862663269043,13.446412086486816,14.962172508239746,15.555547714233398,14.63672924041748,14.772117614746094,16.78611946105957,17.615076065063477,17.972339630126953,18.009214401245117,10.709200859069824,6.195227146148682,5.92911434173584,7.57468843460083,13.207108497619629,12.434746742248535,12.653059005737305,17.01631736755371,21.59454345703125,25.66405487060547,25.8065242767334,21.277202606201172,20.32448959350586,20.094161987304688,18.983713150024414,19.07246971130371,17.420969009399414,20.882837295532227,24.42316246032715,27.269922256469727,30.2677059173584,33.29110336303711,28.92158317565918,19.14899253845215,10.067395210266113,16.87175750732422,25.026357650756836,26.637035369873047,22.48171615600586,17.067533493041992
13.593605041503906,8.156488418579102,7.44672966003418,6.847681045532227,9.795453071594238,13.055682182312012,15.428284645080566,17.017507553100586,18.255035400390625,19.99848175048828,21.300363540649414,20.109621047973633,18.5408992767334,17.16667938232422,16.178546905517578,12.104429244995117,8.505948066711426,7.053447246551514,11.092926979064941,16.642017364501953,19.744897842407227,24.564287185668945,30.134836196899414,35.34899139404297,34.49995040893555,20.971817016601562,18.362449645996094,19.438264846801758,20.296892166137695,21.607879638671875,17.662771224975586,21.55811882019043,25.738651275634766,27.442745208740234,28.773420333862305,32.015968322753906,30.535505294799805,20.2098388671875,9.496537208557129,12.533401489257812,21.933639526367188,24.005643844604492,18.38614273071289,14.738386154174805
19.953601837158203,13.026392936706543,12.758635520935059,12.444724082946777,12.024225234985352,13.460808753967285,15.26180362701416,17.285192489624023,19.51633644104004,20.970844268798828,23.232135772705078,22.455883026123047,22.47245216369629,21.237409591674805,19.791879653930664,19.803125381469727,17.125221252441406,10.27074146270752,7.97562313079834,16.785892486572266,23.91691017150879,29.417037963867188,33.909507751464844,38.73820114135742,34.281707763671875,19.43982696533203,20.022790908813477,22.6940975189209,22.75273895263672,17.848047256469727,16.855009078979492,23.50702476501465,26.868488311767578,27.941307067871094,27.824119567871094,30.041105270385742,30.21476936340332,21.09833526611328,12.174613952636719,10.225503921508789,19.7387638092041,20.60784912109375,14.926677703857422,10.730043411254883
31.34027862548828,21.825429916381836,15.199297904968262,15.23859691619873,16.669553756713867,18.147260665893555,19.87456703186035,22.248437881469727,24.05597686767578,24.463390350341797,26.31850242614746,27.35771942138672,29.811887741088867,28.620454788208008,25.76762580871582,25.164522171020508,25.064411163330078,15.909550666809082,10.289382934570312,17.73210906982422,25.418811798095703,29.246261596679688,32.5359992980957,38.94499969482422,29.946043014526367,16.49065589904785,21.309974670410156,24.770917892456055,22.01372528076172,18.305801391601562,22.5369930267334,26.705041885375977,28.370187759399414,28.99873161315918,27.63559341430664,26.95357322692871,28.752017974853516,22.1788330078125,15.088830947875977,10.959688186645508,19.360370635986328,19.01605224609375,14.571029663085938,9.265308380126953
27.91878318786621,19.266462326049805,14.415122032165527,15.692816734313965,18.737825393676758,21.70465087890625,24.029096603393555,25.747350692749023,25.785202026367188,26.390344619750977,29.029661178588867,30.129154205322266,30.269861221313477,31.43223762512207,31.716331481933594,28.263629913330078,21.29908561706543,14.971643447875977,14.665335655212402,19.509782791137695,23.978395462036133,26.443744659423828,30.05291175842285,35.374595642089844,25.667516708374023,16.173795700073242,21.225522994995117,25.75042724609375,23.578693389892578,25.759998321533203,26.685922622680664,25.68259048461914,27.0581111907959,28.883275985717773,27.955461502075195,25.99252700805664,27.09983253479004,22.4656982421875,15.907625198364258,15.665875434875488,22.550193786621094,21.074718475341797,17.49230194091797,12.158300399780273
