data/wind_data/wind_5_5.json
{"header": {"parameterUnit": "KT", "parameterCategory": 2, "nx": 256, "ny": 198, "lo1": 44.73521041870117, "la1": -3.236724853515625, "lo2": 111.26478576660156, "la2": 43.468475341796875, "dx": 0.2609002888202667, "dy": -0.23708222806453705, "refTime": "2025-02-19 05:00:00", "forecastTime": 0, "parameterNumber": 2, "parameterNumberName": "eastward_wind"}, "data":
[rows 38 to 56 of 198, columns 88 to 131 of 256]
-18.4338321685791,-18.173770904541016,-17.85123634338379,-17.147802352905273,-16.02560806274414,-14.838774681091309,-13.957864761352539,-13.464340209960938,-13.191548347473145,-12.8043212890625,-12.463213920593262,-12.391926765441895,-12.467174530029297,-12.022717475891113,-11.108738899230957,-10.578024864196777,-10.434670448303223,-10.176579475402832,-10.050627708435059,-10.043192863464355,-9.626306533813477,-8.854395866394043,-8.005514144897461,-6.973177909851074,-5.791703701019287,-4.509193420410156,-3.092538833618164,-1.8968063592910767,-1.357684850692749,-1.2281841039657593,-1.5031932592391968,-1.9626238346099854,-2.1675643920898438,-2.088040351867676,-1.7398381233215332,-1.2568093538284302,-0.8439662456512451,-0.5502598285675049,-0.5162388682365417,-0.7151005864143372,-0.4645431637763977,0.3177909255027771,1.10566246509552,1.4241570234298706
-19.33510971069336,-19.285964965820312,-18.742055892944336,-17.71364974975586,-16.425395965576172,-15.401253700256348,-14.641203880310059,-14.03257942199707,-13.78293514251709,-13.786837577819824,-13.829174041748047,-13.729785919189453,-13.291399002075195,-12.321165084838867,-11.222856521606445,-10.395355224609375,-9.741798400878906,-9.181994438171387,-9.015623092651367,-9.043021202087402,-8.843188285827637,-8.566813468933105,-8.10821533203125,-7.135747909545898,-5.969136714935303,-4.961766242980957,-4.2461466789245605,-3.9123878479003906,-3.926304340362549,-4.039628982543945,-3.9873406887054443,-3.5844693183898926,-3.382354736328125,-3.3694422245025635,-2.9558610916137695,-2.0890164375305176,-1.0265135765075684,-0.10427536815404892,0.4386945962905884,0.5904684662818909,0.4396958649158478,0.6653138995170593,1.3198553323745728,1.5821529626846313
-19.812965393066406,-19.8699951171875,-19.233163833618164,-18.147525787353516,-17.01582145690918,-16.36188507080078,-15.99039077758789,-15.772663116455078,-15.692663192749023,-15.587432861328125,-15.431413650512695,-15.185715675354004,-14.654573440551758,-13.754733085632324,-13.063519477844238,-12.715481758117676,-12.196228981018066,-11.553619384765625,-10.921682357788086,-9.939018249511719,-8.776041984558105,-8.02889347076416,-7.578945636749268,-6.903761863708496,-6.1125617027282715,-5.657710552215576,-5.677945613861084,-5.762767314910889,-5.725839614868164,-5.626351833343506,-5.170785427093506,-4.374518394470215,-3.941470146179199,-3.646908760070801,-2.951141119003296,-1.8965849876403809,-0.7579941153526306,0.19049818813800812,0.8000253438949585,1.0721001625061035,0.8365333676338196,0.469707190990448,0.7037549018859863,1.5687646865844727
-19.36062240600586,-19.581811904907227,-19.254371643066406,-18.371532440185547,-17.583450317382812,-17.32420539855957,-17.180679321289062,-16.984025955200195,-16.651201248168945,-16.361757278442383,-16.463340759277344,-16.660587310791016,-16.357391357421875,-15.661890029907227,-15.180789947509766,-15.024435997009277,-14.711095809936523,-14.169402122497559,-13.269577026367188,-11.902543067932129,-10.570658683776855,-9.472061157226562,-8.338444709777832,-6.971620082855225,-5.6899518966674805,-5.114228248596191,-5.3397393226623535,-5.670741081237793,-5.590351581573486,-5.215868949890137,-4.583566665649414,-3.763291120529175,-3.015805244445801,-2.1952931880950928,-1.2331852912902832,-0.399972528219223,-0.005988535936921835,0.166141539812088,0.4511977434158325,1.0980639457702637,1.3650588989257812,0.8896301984786987,0.4845869243144989,1.1007564067840576
-18.803451538085938,-19.072423934936523,-19.095186233520508,-18.498369216918945,-17.690349578857422,-17.221633911132812,-16.934457778930664,-16.638216018676758,-16.310495376586914,-16.162015914916992,-16.493946075439453,-16.931888580322266,-16.895214080810547,-16.735576629638672,-16.826932907104492,-16.84244728088379,-16.439929962158203,-15.775412559509277,-14.828357696533203,-13.718320846557617,-12.702372550964355,-11.579209327697754,-10.2127103805542,-8.493942260742188,-6.66031551361084,-5.358163833618164,-4.9263081550598145,-5.033847808837891,-4.970242500305176,-4.628915786743164,-4.288729190826416,-3.9397594928741455,-3.2385096549987793,-1.971108078956604,-0.5127819180488586,0.214630126953125,-0.5643653869628906,-1.1728222370147705,-0.731387197971344,0.20219704508781433,0.41047200560569763,0.04143332690000534,-0.27147817611694336,-0.04385063052177429
-18.80006217956543,-18.69831085205078,-18.67690658569336,-18.353055953979492,-17.698974609375,-17.074316024780273,-16.62469482421875,-16.27576446533203,-15.987100601196289,-15.82028865814209,-15.869099617004395,-16.237110137939453,-16.655424118041992,-16.965190887451172,-17.22838020324707,-17.348445892333984,-17.240816116333008,-16.808300018310547,-16.031599044799805,-15.215807914733887,-14.324563026428223,-13.115523338317871,-11.723356246948242,-10.144845962524414,-8.500258445739746,-7.288070201873779,-6.760606288909912,-6.530613899230957,-6.084834575653076,-5.579817771911621,-5.290769100189209,-5.208176612854004,-4.7392048835754395,-3.4944443702697754,-2.3159914016723633,-2.618826150894165,-3.715813398361206,-3.7191853523254395,-2.7148473262786865,-1.9202191829681396,-2.1855945587158203,-2.5531718730926514,-3.0635311603546143,-3.307300090789795
-19.13121795654297,-18.77511215209961,-18.665451049804688,-18.550050735473633,-18.083742141723633,-17.425888061523438,-16.98031234741211,-16.7130126953125,-16.42261505126953,-16.05246925354004,-15.728431701660156,-15.861459732055664,-16.377302169799805,-16.750308990478516,-16.822351455688477,-16.991527557373047,-17.301912307739258,-17.07843589782715,-16.306406021118164,-15.613934516906738,-14.950994491577148,-14.026045799255371,-12.949782371520996,-11.72289752960205,-10.377779960632324,-9.277505874633789,-8.693862915039062,-8.472978591918945,-8.281384468078613,-8.096511840820312,-7.969285011291504,-7.797325611114502,-7.302245616912842,-6.57782506942749,-6.3074564933776855,-6.765167236328125,-6.975415229797363,-6.313727855682373,-5.323171615600586,-5.261046886444092,-5.799255847930908,-6.192081451416016,-6.908914089202881,-6.9307861328125
-19.852977752685547,-19.716264724731445,-19.587068557739258,-19.32236671447754,-18.733936309814453,-18.053752899169922,-17.625362396240234,-17.37239646911621,-16.93178367614746,-16.38477897644043,-16.086816787719727,-16.08523941040039,-16.275169372558594,-16.37794303894043,-16.21893310546875,-16.12662696838379,-16.333133697509766,-16.231538772583008,-15.68340015411377,-15.241689682006836,-14.953618049621582,-14.435147285461426,-13.622232437133789,-12.70346450805664,-11.849143028259277,-11.107104301452637,-10.519225120544434,-10.097511291503906,-9.791308403015137,-9.769787788391113,-10.091070175170898,-10.334811210632324,-10.303075790405273,-10.449370384216309,-10.783291816711426,-10.722284317016602,-10.01378345489502,-8.758564949035645,-7.981435775756836,-8.365601539611816,-8.616568565368652,-8.824488639831543,-9.211060523986816,-8.980246543884277
-20.039865493774414,-20.023653030395508,-20.03107261657715,-19.80995750427246,-19.278318405151367,-18.63423728942871,-18.14427375793457,-17.78493881225586,-17.22183609008789,-16.478965759277344,-16.071260452270508,-16.0513916015625,-16.10521125793457,-16.032243728637695,-15.818031311035156,-15.575127601623535,-15.459980010986328,-15.283352851867676,-14.959235191345215,-14.663419723510742,-14.272112846374512,-13.707962989807129,-13.065133094787598,-12.583215713500977,-12.50174331665039,-12.578030586242676,-12.429546356201172,-12.077710151672363,-11.569398880004883,-11.389585494995117,-11.980185508728027,-12.791728973388672,-13.081645965576172,-13.211763381958008,-13.472333908081055,-13.115955352783203,-12.038558006286621,-10.883575439453125,-10.251383781433105,-9.4407958984375,-8.864703178405762,-9.29336929321289,-10.100215911865234,-10.029966354370117
-19.456748962402344,-19.397350311279297,-19.670612335205078,-19.85762596130371,-19.529014587402344,-18.823936462402344,-18.194067001342773,-17.772991180419922,-17.316577911376953,-16.65241050720215,-16.122976303100586,-16.057863235473633,-16.16973304748535,-16.15805435180664,-16.010623931884766,-15.798215866088867,-15.504474639892578,-15.08283805847168,-14.731240272521973,-14.510454177856445,-14.004350662231445,-13.253020286560059,-12.703740119934082,-12.535787582397461,-12.850038528442383,-13.556987762451172,-13.930554389953613,-13.60318374633789,-12.827972412109375,-12.190975189208984,-12.080777168273926,-12.42553997039795,-12.702513694763184,-12.603852272033691,-12.765318870544434,-12.735381126403809,-11.781855583190918,-11.145474433898926,-10.756012916564941,-9.032660484313965,-8.192022323608398,-8.841392517089844,-10.109246253967285,-10.68120002746582
-18.57761573791504,-18.83142852783203,-19.337627410888672,-19.591339111328125,-19.264650344848633,-18.625431060791016,-17.989742279052734,-17.593915939331055,-17.38249969482422,-17.060855865478516,-16.683889389038086,-16.551721572875977,-16.607723236083984,-16.58208465576172,-16.424514770507812,-16.149227142333984,-15.709603309631348,-15.26495361328125,-15.074758529663086,-15.034028053283691,-14.71506118774414,-14.082758903503418,-13.608206748962402,-13.549826622009277,-13.821710586547852,-14.209985733032227,-14.235769271850586,-13.740087509155273,-13.035111427307129,-12.426608085632324,-11.93862533569336,-11.653961181640625,-11.588730812072754,-11.564203262329102,-12.08438777923584,-12.077454566955566,-10.13608169555664,-9.001173973083496,-9.915331840515137,-9.213090896606445,-8.22205638885498,-8.57772445678711,-9.746170997619629,-10.733826637268066
-17.901830673217773,-18.374582290649414,-18.82294273376465,-18.90827178955078,-18.585430145263672,-18.21697235107422,-17.905155181884766,-17.608505249023438,-17.435163497924805,-17.334693908691406,-17.11288070678711,-16.857391357421875,-16.736061096191406,-16.67489242553711,-16.58441162109375,-16.344858169555664,-15.91133975982666,-15.530621528625488,-15.284255027770996,-15.04294490814209,-14.785070419311523,-14.536375045776367,-14.289064407348633,-14.202046394348145,-14.428988456726074,-14.67200756072998,-14.417411804199219,-13.739590644836426,-13.155214309692383,-12.894095420837402,-12.556281089782715,-11.903314590454102,-11.145612716674805,-10.910490989685059,-11.647147178649902,-11.320290565490723,-8.69117259979248,-7.307134628295898,-8.358201026916504,-9.234097480773926,-8.43506145477295,-8.520387649536133,-9.439155578613281,-10.184073448181152
-17.443700790405273,-17.66004180908203,-17.89751434326172,-18.010347366333008,-17.896215438842773,-17.803098678588867,-17.769916534423828,-17.583656311035156,-17.346540451049805,-17.21793556213379,-17.0636043548584,-16.759559631347656,-16.5069522857666,-16.35361099243164,-16.245012283325195,-16.074054718017578,-15.787193298339844,-15.456066131591797,-15.06877326965332,-14.608597755432129,-14.351605415344238,-14.461373329162598,-14.549149513244629,-14.484953880310059,-14.58896255493164,-14.8502197265625,-14.806852340698242,-14.295223236083984,-13.722209930419922,-13.420928955078125,-13.174104690551758,-12.738770484924316,-11.859002113342285,-10.874166488647461,-10.94699764251709,-10.570920944213867,-8.220158576965332,-7.109621524810791,-7.262997150421143,-8.170799255371094,-7.83837890625,-7.900925636291504,-8.799199104309082,-9.392509460449219
-16.976112365722656,-17.0876522064209,-17.12558364868164,-17.004226684570312,-16.86966896057129,-16.946475982666016,-17.12362289428711,-17.05716323852539,-16.839656829833984,-16.778940200805664,-16.765146255493164,-16.57945442199707,-16.263410568237305,-15.992289543151855,-15.851558685302734,-15.691048622131348,-15.415617942810059,-15.137271881103516,-14.880284309387207,-14.558332443237305,-14.380630493164062,-14.389915466308594,-14.432615280151367,-14.523746490478516,-14.740091323852539,-14.952543258666992,-14.922639846801758,-14.560773849487305,-14.090453147888184,-13.704184532165527,-13.320036888122559,-12.927717208862305,-12.202543258666992,-11.175878524780273,-10.860223770141602,-10.161535263061523,-8.185958862304688,-7.274157524108887,-6.8421478271484375,-7.1055779457092285,-6.942983627319336,-6.959346294403076,-7.786136150360107,-8.542737007141113
-16.601884841918945,-16.665674209594727,-16.52750587463379,-16.109622955322266,-15.78195858001709,-15.84592342376709,-16.075889587402344,-16.106685638427734,-15.997021675109863,-16.000003814697266,-16.065757751464844,-16.087928771972656,-15.96803092956543,-15.834967613220215,-15.699071884155273,-15.374184608459473,-14.931273460388184,-14.577921867370605,-14.341629981994629,-14.229154586791992,-14.294645309448242,-14.31877326965332,-14.227511405944824,-14.187651634216309,-14.352021217346191,-14.48874282836914,-14.562195777893066,-14.533692359924316,-14.305818557739258,-13.805084228515625,-13.089950561523438,-12.44465160369873,-11.801956176757812,-10.90597915649414,-10.039773941040039,-9.15335464477539,-8.38354206085205,-7.904592514038086,-6.982553958892822,-6.592369079589844,-6.553291320800781,-6.308258533477783,-6.58845329284668,-7.398696422576904
-16.10840606689453,-16.163183212280273,-15.836847305297852,-15.290468215942383,-15.00592041015625,-15.204504013061523,-15.476783752441406,-15.457937240600586,-15.32282829284668,-15.320128440856934,-15.391751289367676,-15.430681228637695,-15.47757339477539,-15.586978912353516,-15.53064250946045,-15.107118606567383,-14.53971004486084,-14.110589981079102,-13.801103591918945,-13.630682945251465,-13.636580467224121,-13.713488578796387,-13.72486400604248,-13.644006729125977,-13.576330184936523,-13.371440887451172,-13.361818313598633,-13.583415985107422,-13.611425399780273,-13.326458930969238,-12.829730033874512,-12.020367622375488,-11.01414680480957,-9.814062118530273,-8.731202125549316,-8.16305923461914,-7.980602264404297,-7.537540435791016,-7.008419036865234,-6.646666526794434,-6.501569747924805,-6.164356708526611,-5.961370468139648,-6.346662998199463
-15.263054847717285,-15.28307056427002,-14.839372634887695,-14.355216026306152,-14.31563949584961,-14.735694885253906,-15.173903465270996,-15.24750804901123,-15.012673377990723,-14.864293098449707,-14.919808387756348,-14.935172080993652,-14.946921348571777,-15.030817985534668,-14.958258628845215,-14.607596397399902,-14.11546516418457,-13.629718780517578,-13.20805549621582,-13.012466430664062,-12.955082893371582,-12.898422241210938,-12.896562576293945,-12.97634220123291,-12.997763633728027,-12.77497673034668,-12.529629707336426,-12.360651969909668,-12.148207664489746,-11.959310531616211,-11.677837371826172,-10.926237106323242,-9.87935733795166,-8.78116226196289,-8.015497207641602,-7.468284606933594,-6.967962741851807,-6.393823146820068,-6.288944244384766,-6.400671005249023,-6.414289951324463,-6.274388790130615,-5.946691513061523,-5.942534923553467
-14.342573165893555,-14.295536994934082,-13.884449005126953,-13.564199447631836,-13.639999389648438,-13.986008644104004,-14.43527603149414,-14.713244438171387,-14.5851411819458,-14.330787658691406,-14.345596313476562,-14.472329139709473,-14.537099838256836,-14.416923522949219,-14.106646537780762,-13.829049110412598,-13.569302558898926,-13.159463882446289,-12.711263656616211,-12.514452934265137,-12.4219970703125,-12.266766548156738,-12.126885414123535,-12.12309455871582,-12.22314739227295,-12.317849159240723,-12.174348831176758,-11.669254302978516,-11.100767135620117,-10.629858016967773,-10.010543823242188,-9.17947769165039,-8.580665588378906,-7.875812530517578,-6.9577178955078125,-6.270293712615967,-5.8007049560546875,-5.42954683303833,-5.488912582397461,-5.763723850250244,-6.115923881530762,-6.1364030838012695,-5.764299392700195,-5.683035373687744
-13.381711959838867,-13.27011489868164,-13.034335136413574,-12.888179779052734,-12.986117362976074,-13.174585342407227,-13.391565322875977,-13.623695373535156,-13.629496574401855,-13.49410629272461,-13.549809455871582,-13.772970199584961,-13.991153717041016,-13.863236427307129,-13.284520149230957,-12.77700138092041,-12.613785743713379,-12.483139038085938,-12.319937705993652,-12.189478874206543,-11.984322547912598,-11.706775665283203,-11.381781578063965,-11.130876541137695,-11.067023277282715,-11.188760757446289,-11.220129013061523,-10.92776107788086,-10.452115058898926,-9.73264217376709,-8.79560661315918,-8.054790496826172,-7.648547649383545,-6.763236045837402,-5.7307658195495605,-5.770571708679199,-5.530552864074707,-5.116583347320557,-4.900175094604492,-5.178770065307617,-5.693611145019531,-5.546696662902832,-5.18434476852417,-5.191746234893799
