data/wind_data/wind_50_4.json
{"header": {"parameterUnit": "KT", "parameterCategory": 2, "nx": 256, "ny": 198, "lo1": 44.73521041870117, "la1": -3.236724853515625, "lo2": 111.26478576660156, "la2": 43.468475341796875, "dx": 0.2609002888202667, "dy": -0.23708222806453705, "refTime": "2025-02-21 02:00:00", "forecastTime": 0, "parameterNumber": 2, "parameterNumberName": "eastward_wind"}, "data":
[rows 0 to 18 of 198, columns 44 to 87 of 256]
3.0763425827026367,2.829817056655884,2.590155601501465,2.3475229740142822,1.987878441810608,1.584837794303894,1.4448856115341187,1.4249500036239624,1.2619231939315796,1.0712382793426514,0.9954898953437805,0.8621360063552856,0.4560021758079529,0.05563405156135559,-0.1756589412689209,-0.3219333291053772,-0.37591782212257385,-0.45310091972351074,-0.6048486828804016,-0.6305384635925293,-0.48602646589279175,-0.5719568133354187,-0.8958016633987427,-1.2081867456436157,-1.5203441381454468,-1.861157774925232,-2.2139105796813965,-2.486691474914551,-2.755169630050659,-3.264014720916748,-3.736436367034912,-3.7366015911102295,-3.5454282760620117,-3.288856029510498,-3.108044147491455,-3.176313638687134,-3.2626054286956787,-3.2744922637939453,-3.318446159362793,-3.4189834594726562,-3.5218892097473145,-3.618048906326294,-3.8016903400421143,-4.068432807922363
2.7552855014801025,2.540236711502075,2.2482874393463135,1.9517923593521118,1.5477005243301392,1.1172690391540527,1.044263482093811,1.1259316205978394,0.961532473564148,0.7221783995628357,0.6408056020736694,0.4667999744415283,0.17725388705730438,-0.05682587996125221,-0.3481175899505615,-0.5782647132873535,-0.6128121018409729,-0.6201174855232239,-0.6768128871917725,-0.730323314666748,-0.7563636898994446,-0.8718215227127075,-0.9556300044059753,-1.0330463647842407,-1.303985357284546,-1.7055314779281616,-2.0994884967803955,-2.4765334129333496,-2.9225127696990967,-3.5203726291656494,-4.041702747344971,-4.11596155166626,-3.881934642791748,-3.5155463218688965,-3.342386484146118,-3.516298770904541,-3.635201930999756,-3.5389773845672607,-3.5196874141693115,-3.5886332988739014,-3.6657896041870117,-3.809521198272705,-4.066980361938477,-4.395391941070557
2.3954591751098633,2.114499092102051,1.7724891901016235,1.4482905864715576,1.2130731344223022,0.9703431725502014,0.7687206268310547,0.6717836856842041,0.5395762920379639,0.4137219488620758,0.4267088770866394,0.2936652898788452,0.03930114954710007,-0.18801425397396088,-0.4319069981575012,-0.6564675569534302,-0.782072126865387,-0.8038917183876038,-0.7171420454978943,-0.8207007050514221,-1.0591050386428833,-1.0842355489730835,-0.9376371502876282,-0.9921212196350098,-1.313130497932434,-1.6958671808242798,-2.057237148284912,-2.4289543628692627,-2.89146089553833,-3.4739978313446045,-4.003767013549805,-4.132482051849365,-3.9399430751800537,-3.721081256866455,-3.711874485015869,-3.824847459793091,-3.832609176635742,-3.779254674911499,-3.896848440170288,-4.114739418029785,-4.291466236114502,-4.442789554595947,-4.534192085266113,-4.615334987640381
1.8656044006347656,1.609385371208191,1.311638355255127,0.9875403046607971,0.9334182739257812,0.8279480934143066,0.517510712146759,0.3017209470272064,0.24696090817451477,0.20184361934661865,0.209950253367424,0.10416951030492783,-0.028548870235681534,-0.3915298581123352,-0.4451722502708435,-0.6450998187065125,-0.8399443030357361,-1.0510393381118774,-0.9830102920532227,-1.012539029121399,-1.2442587614059448,-1.1896708011627197,-0.9316117167472839,-1.0951176881790161,-1.4391090869903564,-1.7364439964294434,-2.0167365074157715,-2.3063840866088867,-2.8092663288116455,-3.3471519947052,-3.7872860431671143,-3.8839430809020996,-3.7452006340026855,-3.6546432971954346,-3.658259630203247,-3.700770139694214,-3.7398903369903564,-3.9908690452575684,-4.575355052947998,-5.094066143035889,-5.188369274139404,-4.905328273773193,-4.471214294433594,-4.233849048614502
1.0607558488845825,1.2252591848373413,0.6059895753860474,0.1701563149690628,0.40284979343414307,0.32890936732292175,-0.08098714053630829,-0.17489100992679596,-0.06899501383304596,-0.15030285716056824,-0.4840320646762848,-0.7587682604789734,-0.7410415410995483,-1.8706094026565552,-1.0013166666030884,-1.5138986110687256,-1.1384918689727783,-1.938111662864685,-1.6419841051101685,-1.2247700691223145,-1.3097082376480103,-1.8804346323013306,-1.6364262104034424,-1.9557770490646362,-2.1369693279266357,-2.421475410461426,-2.5250062942504883,-2.3820786476135254,-3.103011131286621,-3.318814992904663,-3.383704662322998,-3.206977128982544,-2.9017038345336914,-2.816027879714966,-2.088104248046875,-1.8653265237808228,-2.309089422225952,-3.8257713317871094,-6.144675254821777,-6.854288101196289,-5.831801891326904,-4.46619987487793,-3.312103748321533,-2.7076704502105713
0.2792002856731415,0.3763844668865204,-0.09807994216680527,-0.48808664083480835,-0.322689950466156,-0.6793707609176636,-1.3793277740478516,-1.0105410814285278,-1.334221363067627,-1.1394259929656982,-1.158708930015564,-0.8735203742980957,-1.4449613094329834,-2.763137102127075,-1.9809554815292358,-2.130413293838501,-2.4560070037841797,-3.7319016456604004,-1.5273654460906982,-2.807915449142456,-2.2525155544281006,-2.7189621925354004,-2.6902055740356445,-2.742457389831543,-2.9666264057159424,-3.29961895942688,-3.039072275161743,-3.282214641571045,-3.5181384086608887,-3.0299010276794434,-2.5316789150238037,-2.1583385467529297,-1.5169821977615356,-2.2019660472869873,-2.575909376144409,-2.640174627304077,-3.666106700897217,-4.264415740966797,-6.150237560272217,-5.988794803619385,-4.641298294067383,-4.0850043296813965,-4.008229732513428,-3.3363301753997803
-0.6921553611755371,-1.0009009838104248,-0.9411941766738892,-1.258974313735962,-1.3490710258483887,-2.0446183681488037,-2.503303050994873,-1.330167531967163,-2.518660545349121,-1.8962833881378174,-2.037886381149292,-2.015197277069092,-1.5423603057861328,-2.9710633754730225,-2.250241279602051,-3.0270795822143555,-3.433685779571533,-2.5669710636138916,-0.796829342842102,-3.062675714492798,-2.271779775619507,-3.2454652786254883,-3.419353485107422,-3.387254476547241,-4.364671230316162,-5.394004821777344,-4.132917404174805,-4.132872104644775,-3.572064161300659,-3.177687406539917,-2.520808696746826,-2.3003182411193848,-2.49119234085083,-3.153341770172119,-3.2786645889282227,-3.5288751125335693,-3.6553776264190674,-4.8246283531188965,-5.857200622558594,-4.818676471710205,-4.116044521331787,-2.836460828781128,-3.9891486167907715,-4.275173187255859
-1.4318652153015137,-2.0214102268218994,-2.020301580429077,-1.880961298942566,-2.222890615463257,-4.067759037017822,-2.465545654296875,-1.9516254663467407,-2.887355327606201,-2.264523983001709,-2.440858840942383,-2.6182355880737305,-2.7350940704345703,-3.0687367916107178,-2.5910022258758545,-3.5225324630737305,-3.993602752685547,-3.2555153369903564,-1.7991032600402832,-2.2522225379943848,-2.9660866260528564,-3.817631959915161,-3.8944575786590576,-3.695725679397583,-4.895819187164307,-5.824169635772705,-4.646725177764893,-3.95784330368042,-3.9408721923828125,-3.8851702213287354,-3.0965945720672607,-3.497807741165161,-4.333014011383057,-4.786641597747803,-4.590288162231445,-3.990507125854492,-3.843473196029663,-5.003302574157715,-5.521241664886475,-4.877818584442139,-3.5147502422332764,-1.9157044887542725,-3.2119898796081543,-5.513854503631592
-2.40731143951416,-2.6732380390167236,-2.706169843673706,-2.6797473430633545,-2.9655494689941406,-3.8671419620513916,-3.9200592041015625,-3.57293963432312,-3.9135284423828125,-2.878369092941284,-2.6929492950439453,-2.6399829387664795,-3.1600377559661865,-3.104843854904175,-3.1107990741729736,-3.5546627044677734,-4.307774066925049,-4.792731761932373,-4.0970869064331055,-3.3117175102233887,-3.985877752304077,-4.5102949142456055,-4.156464099884033,-3.636012315750122,-3.9009666442871094,-4.30779504776001,-4.510481357574463,-3.754862070083618,-3.977677345275879,-4.079917907714844,-3.8376457691192627,-4.754382133483887,-6.178064346313477,-6.814899921417236,-6.347927093505859,-4.995377063751221,-4.0530009269714355,-4.508196830749512,-4.698444843292236,-4.3823957443237305,-2.917771339416504,0.7692519426345825,-5.021049976348877,-6.671955108642578
-3.204540967941284,-2.8989200592041016,-3.2857584953308105,-2.890674591064453,-4.6512885093688965,-4.377263069152832,-4.360572814941406,-3.9949402809143066,-4.4114603996276855,-3.7075631618499756,-3.472055196762085,-3.2983272075653076,-3.1510119438171387,-3.1113617420196533,-3.5634212493896484,-3.6429603099823,-3.8744568824768066,-4.412091255187988,-4.92196798324585,-4.828428268432617,-4.669417381286621,-4.437004566192627,-5.014959335327148,-1.830939769744873,-4.792145252227783,-2.7614827156066895,-4.280052661895752,-4.15273904800415,-4.741057872772217,-4.774538993835449,-4.813327789306641,-5.292862892150879,-6.474898815155029,-6.877486705780029,-6.365444183349609,-5.420462608337402,-4.883975505828857,-4.844310760498047,-5.075638771057129,-5.741394996643066,-4.310126781463623,-2.1878767013549805,-3.4576268196105957,-4.105454444885254
-3.5087029933929443,-3.538116931915283,-3.066352367401123,-3.186312675476074,-4.993668556213379,-5.252490043640137,-5.556637287139893,-4.523240089416504,-4.675218105316162,-4.605341911315918,-4.455587387084961,-4.64143180847168,-3.5654048919677734,-3.3523497581481934,-3.8640666007995605,-3.9760451316833496,-4.27852725982666,-4.415392875671387,-5.300893306732178,-5.7262282371521,-5.410611629486084,-4.888060092926025,-4.678341865539551,-4.386548042297363,-4.910552978515625,-3.3004255294799805,-3.9754621982574463,-4.459270477294922,-4.870514869689941,-5.983396053314209,-5.597262859344482,-5.581303596496582,-5.841926097869873,-5.816731929779053,-5.4417009353637695,-5.297841548919678,-5.422310829162598,-5.8701958656311035,-6.3548455238342285,-7.762972354888916,-6.718445777893066,-4.915473937988281,-4.970880508422852,-5.39912223815918
-4.2994208335876465,-4.371025562286377,-3.784174680709839,-3.240792751312256,-4.497601509094238,-5.500735282897949,-5.896644592285156,-5.458911418914795,-5.418944358825684,-5.749813079833984,-5.300526142120361,-4.86448335647583,-4.683099746704102,-4.118869781494141,-4.38516092300415,-4.599981784820557,-5.05571174621582,-5.657713890075684,-6.251392364501953,-6.717190265655518,-6.536860466003418,-5.854806900024414,-5.167311191558838,-4.754358768463135,-4.641467094421387,-4.4895243644714355,-3.6855201721191406,-4.7407989501953125,-5.779758930206299,-6.437577247619629,-6.447848796844482,-5.989076614379883,-5.7431535720825195,-5.360020160675049,-4.907065391540527,-4.676558017730713,-4.957911491394043,-5.514240741729736,-5.477112293243408,-7.038352012634277,-7.449642181396484,-5.873696804046631,-4.611931324005127,-5.639214992523193
-5.076925277709961,-4.827834129333496,-4.645801544189453,-4.484620094299316,-4.704356670379639,-5.653094291687012,-6.0334649085998535,-6.048606872558594,-6.127754211425781,-6.643161773681641,-6.671517848968506,-5.918544769287109,-5.518604278564453,-5.335373401641846,-5.319435119628906,-5.7478485107421875,-5.917919635772705,-7.555891036987305,-7.375894546508789,-7.093314170837402,-6.913193702697754,-6.360615253448486,-6.372943878173828,-6.272614479064941,-5.745143890380859,-5.242138385772705,-4.65419340133667,-5.3542046546936035,-6.4863739013671875,-7.071156978607178,-7.183271884918213,-6.684698104858398,-6.30421257019043,-5.793449878692627,-5.048759460449219,-3.7909350395202637,-3.4914133548736572,-4.893790245056152,-6.265233039855957,-8.504851341247559,-7.2424540519714355,-6.521850109100342,-5.9688286781311035,-6.521018981933594
-5.793941497802734,-5.578896999359131,-5.332462787628174,-5.536542892456055,-5.880564212799072,-6.492597579956055,-6.763725280761719,-6.774787902832031,-6.931553363800049,-7.299778938293457,-7.1428914070129395,-7.086324214935303,-5.7504425048828125,-6.400775909423828,-6.677403450012207,-6.795547008514404,-5.256343364715576,-8.742372512817383,-8.622097969055176,-6.358908176422119,-6.795060634613037,-6.13273811340332,-6.972580432891846,-7.123610019683838,-6.810810565948486,-6.060510635375977,-5.614367961883545,-5.978839874267578,-7.032516956329346,-7.626437187194824,-7.761836051940918,-7.291515827178955,-6.855851173400879,-6.357211589813232,-6.233963966369629,-5.874603271484375,-4.706903457641602,-5.495054244995117,-7.0261454582214355,-6.962782859802246,-4.750940322875977,-5.624597072601318,-7.715351104736328,-7.1670403480529785
-6.768313407897949,-6.617592811584473,-6.178602695465088,-6.305442810058594,-7.1904730796813965,-7.9671311378479,-7.979448318481445,-7.40604305267334,-7.6597514152526855,-7.865476608276367,-7.646456718444824,-7.881007671356201,-6.20789909362793,-7.0128021240234375,-6.770925998687744,-7.68302059173584,-7.811849117279053,-9.424335479736328,-7.879985332489014,-6.077600479125977,-8.269379615783691,-6.654025077819824,-7.31508731842041,-6.8322062492370605,-7.0169548988342285,-6.465373516082764,-6.276446342468262,-6.503705978393555,-7.544968128204346,-8.44505786895752,-7.919784069061279,-7.271015644073486,-7.271200180053711,-6.691816329956055,-6.265268802642822,-6.807053089141846,-7.3496479988098145,-7.294203281402588,-8.638890266418457,-7.558194637298584,-5.736702919006348,-5.7386932373046875,-7.93098783493042,-9.117234230041504
-8.198956489562988,-7.774603843688965,-7.352718353271484,-7.515604019165039,-8.45063304901123,-9.113513946533203,-8.908774375915527,-8.241636276245117,-8.339339256286621,-8.50756549835205,-8.091777801513672,-7.485788345336914,-8.127715110778809,-7.806694030761719,-7.0511016845703125,-7.651706695556641,-8.331539154052734,-9.26143741607666,-8.260405540466309,-7.299718379974365,-8.81436538696289,-7.178818702697754,-6.6246418952941895,-7.026503086090088,-7.2085347175598145,-6.998518466949463,-7.222673416137695,-8.464761734008789,-11.235323905944824,-10.440034866333008,-6.746128082275391,-7.481095314025879,-7.961366653442383,-8.078729629516602,-8.152481079101562,-7.922868251800537,-8.014222145080566,-8.457618713378906,-10.015304565429688,-11.03227710723877,-10.551719665527344,-9.931792259216309,-8.857908248901367,-8.566865921020508
-8.807242393493652,-8.504162788391113,-8.591062545776367,-9.111526489257812,-9.819086074829102,-9.668620109558105,-9.754764556884766,-9.275323867797852,-9.052271842956543,-8.848260879516602,-8.683777809143066,-8.1419095993042,-8.823637008666992,-9.481444358825684,-8.014934539794922,-8.075921058654785,-8.017016410827637,-8.223725318908691,-8.257648468017578,-7.69737434387207,-7.9673638343811035,-7.047361850738525,-6.491187572479248,-7.163874626159668,-7.3970537185668945,-7.99590539932251,-7.861212730407715,-7.883472442626953,-8.0380277633667,-5.9414143562316895,-6.43381929397583,-10.226261138916016,-10.015238761901855,-11.652490615844727,-11.828725814819336,-11.19297981262207,-10.232175827026367,-10.011507034301758,-10.82544994354248,-11.566306114196777,-11.053372383117676,-10.184412002563477,-10.043486595153809,-9.67538070678711
-9.605998992919922,-9.569009780883789,-9.746174812316895,-10.304505348205566,-10.758055686950684,-10.754777908325195,-10.334549903869629,-10.002435684204102,-9.836407661437988,-9.482871055603027,-9.334768295288086,-8.743701934814453,-9.341830253601074,-10.571314811706543,-9.319975852966309,-9.172043800354004,-8.472759246826172,-7.580550193786621,-7.773441791534424,-7.0702667236328125,-7.513542652130127,-6.489145755767822,-7.871281623840332,-7.681539058685303,-8.904380798339844,-9.202117919921875,-8.714101791381836,-7.671031951904297,-7.1819539070129395,-8.24930191040039,-10.5431489944458,-11.727340698242188,-12.766307830810547,-12.845479965209961,-12.789098739624023,-12.747636795043945,-12.128378868103027,-11.481849670410156,-11.043277740478516,-11.268087387084961,-11.345913887023926,-11.120917320251465,-10.941349029541016,-10.743191719055176
-10.929413795471191,-10.700603485107422,-10.23518180847168,-10.195486068725586,-10.820849418640137,-11.3999605178833,-11.453728675842285,-10.70124626159668,-10.495033264160156,-10.220706939697266,-10.1119966506958,-10.373600006103516,-9.869742393493652,-10.325824737548828,-10.360962867736816,-10.184637069702148,-8.984352111816406,-8.462594032287598,-7.916644096374512,-7.03031063079834,-7.271881103515625,-8.159966468811035,-8.721802711486816,-9.395723342895508,-10.360325813293457,-10.312644958496094,-9.701972007751465,-9.490228652954102,-8.956673622131348,-9.515657424926758,-10.150275230407715,-11.36700439453125,-12.817618370056152,-13.193687438964844,-14.037856101989746,-14.22489070892334,-13.316184043884277,-12.1370267868042,-11.448766708374023,-11.711645126342773,-11.786453247070312,-11.530373573303223,-11.184260368347168,-11.28144359588623
