data/wind_data/wind_49_4.json
{"header": {"parameterUnit": "KT", "parameterCategory": 2, "nx": 256, "ny": 198, "lo1": 44.73521041870117, "la1": -3.236724853515625, "lo2": 111.26478576660156, "la2": 43.468475341796875, "dx": 0.2609002888202667, "dy": -0.23708222806453705, "refTime": "2025-02-21 01:00:00", "forecastTime": 0, "parameterNumber": 2, "parameterNumberName": "eastward_wind"}, "data":
[rows 152 to 170 of 198, columns 44 to 87 of 256]
13.45647144317627,11.355546951293945,11.397384643554688,10.392095565795898,9.754791259765625,9.855147361755371,9.947699546813965,13.001943588256836,16.210365295410156,15.433037757873535,12.66555118560791,11.22105884552002,10.848092079162598,10.43315315246582,9.786149024963379,9.027624130249023,8.77997875213623,8.673528671264648,7.0192036628723145,4.285838603973389,2.7243900299072266,2.969158887863159,3.5887694358825684,4.573564052581787,6.115359306335449,9.25503158569336,13.199914932250977,16.472219467163086,18.533836364746094,19.139766693115234,19.030376434326172,19.313020706176758,19.108186721801758,17.955934524536133,18.431121826171875,19.950637817382812,21.148847579956055,21.02032470703125,19.8073673248291,17.289588928222656,16.08315086364746,16.898889541625977,16.79062271118164,15.111318588256836
11.30505657196045,10.427754402160645,10.532994270324707,9.701311111450195,9.598079681396484,9.85692310333252,9.920042037963867,12.681766510009766,14.705821990966797,13.209465026855469,11.199273109436035,8.849077224731445,6.647426128387451,6.8131327629089355,7.898947715759277,8.662875175476074,9.147756576538086,7.8451247215271,5.349735736846924,3.7398784160614014,3.3146510124206543,4.434765338897705,6.770383358001709,8.83913803100586,10.470086097717285,12.984076499938965,16.077207565307617,16.587493896484375,16.363550186157227,17.76323127746582,19.56486701965332,20.37672233581543,18.89352798461914,17.712255477905273,17.966384887695312,17.39992332458496,17.496103286743164,18.20636749267578,18.314762115478516,16.967897415161133,16.304006576538086,16.798294067382812,16.093992233276367,14.802946090698242
13.650412559509277,11.354147911071777,11.036482810974121,10.957579612731934,11.24461841583252,11.002239227294922,10.835262298583984,12.097978591918945,13.0971097946167,12.055418968200684,9.660250663757324,6.892185211181641,5.661937713623047,6.301808834075928,7.451716423034668,8.305469512939453,7.906302452087402,5.870960235595703,4.313060760498047,3.980156898498535,4.584092140197754,5.852727890014648,7.095860958099365,7.294184684753418,7.091304779052734,7.311654567718506,8.173199653625488,11.431985855102539,13.29959487915039,14.248777389526367,15.586867332458496,17.39381980895996,18.981781005859375,20.244625091552734,18.62674903869629,16.441335678100586,16.677526473999023,17.970598220825195,17.761186599731445,16.447574615478516,15.234495162963867,14.557907104492188,14.23463249206543,13.615252494812012
15.105611801147461,13.136110305786133,12.755550384521484,12.257428169250488,12.827391624450684,12.613509178161621,11.327177047729492,10.861507415771484,11.755411148071289,11.517187118530273,8.796735763549805,6.4697394371032715,5.846217632293701,6.102707386016846,6.598715782165527,6.503597736358643,5.676425457000732,4.109896183013916,3.7265710830688477,3.473808526992798,2.4607434272766113,2.9762508869171143,3.7545368671417236,3.6811320781707764,3.67199969291687,5.1252288818359375,7.428053855895996,9.733489990234375,11.181082725524902,11.83764362335205,12.417274475097656,14.530465126037598,17.739768981933594,19.188453674316406,18.788454055786133,18.561288833618164,19.423063278198242,19.5151309967041,17.40460968017578,13.865614891052246,11.864500045776367,12.206827163696289,12.359267234802246,13.94037914276123
16.85601806640625,14.989676475524902,14.111980438232422,12.666350364685059,12.620113372802734,12.984538078308105,11.728596687316895,10.236756324768066,9.496634483337402,8.702903747558594,7.399502277374268,6.144063472747803,5.212460041046143,4.623514652252197,4.3361430168151855,4.084650993347168,3.0750949382781982,2.4173717498779297,2.2609329223632812,1.5125566720962524,1.0639963150024414,2.465082883834839,4.127697467803955,4.961438179016113,5.166753768920898,6.947687149047852,8.597501754760742,9.067927360534668,10.39408016204834,12.293377876281738,13.628753662109375,14.832043647766113,15.972624778747559,17.15205955505371,19.738323211669922,21.791902542114258,21.6495361328125,19.370800018310547,13.649346351623535,8.355523109436035,8.625447273254395,11.184528350830078,12.796178817749023,16.568763732910156
18.408781051635742,16.568559646606445,14.537870407104492,12.502985000610352,11.6379976272583,11.98046875,11.94025993347168,10.409778594970703,8.208091735839844,6.747544288635254,5.797983646392822,5.150299072265625,4.563313961029053,3.0483930110931396,1.4847346544265747,1.4964200258255005,1.3615063428878784,0.7633506655693054,0.5766074657440186,1.5550891160964966,2.454082727432251,3.2501132488250732,4.403309345245361,5.302414894104004,5.917450428009033,6.908445358276367,7.225201606750488,7.347752571105957,8.709749221801758,11.68651294708252,14.854695320129395,16.387664794921875,15.732110023498535,15.441497802734375,16.32830047607422,15.877425193786621,13.49726676940918,10.4208345413208,5.558149814605713,4.991073131561279,9.882266998291016,13.462308883666992,14.9276704788208,17.028291702270508
17.535993576049805,16.030292510986328,14.086560249328613,12.078522682189941,10.22347640991211,9.040342330932617,8.19549560546875,6.7973480224609375,5.323235511779785,4.865447521209717,5.1795973777771,5.512080669403076,4.148065567016602,1.785251259803772,1.546843409538269,1.3533626794815063,0.2912404239177704,-0.04214048013091087,1.273398756980896,2.675995349884033,3.5169599056243896,3.5147502422332764,3.782203197479248,4.6980767250061035,5.900994777679443,6.601728439331055,6.899654388427734,7.217909812927246,7.965521812438965,9.473308563232422,11.823456764221191,12.309507369995117,10.608108520507812,10.051414489746094,10.67497730255127,9.773508071899414,6.174665451049805,4.313342094421387,6.070367336273193,10.106213569641113,14.658455848693848,16.868457794189453,16.929845809936523,16.997270584106445
14.948563575744629,14.607611656188965,13.984599113464355,12.093904495239258,9.3576021194458,7.121782302856445,6.06795597076416,6.5320024490356445,7.321463108062744,7.291701316833496,6.399372577667236,4.722519397735596,3.487668037414551,3.1525356769561768,2.8837621212005615,1.138403296470642,0.019799241796135902,0.8885083198547363,2.5076544284820557,3.0877504348754883,3.5196871757507324,3.59157395362854,4.0694580078125,5.044301509857178,6.458371162414551,7.550001621246338,8.03173542022705,8.042753219604492,7.958678722381592,7.750991344451904,7.321215629577637,6.811787128448486,6.893560886383057,8.430645942687988,9.44115161895752,9.64638614654541,8.546326637268066,9.194271087646484,11.822311401367188,13.8800630569458,15.372872352600098,16.04392433166504,16.067977905273438,16.620031356811523
12.689366340637207,13.317277908325195,13.78522777557373,13.310216903686523,11.138200759887695,8.908780097961426,7.575726509094238,7.999032974243164,9.444254875183105,8.447147369384766,5.526248931884766,3.6515395641326904,3.1730775833129883,3.8931732177734375,3.03718638420105,1.0171595811843872,0.563900351524353,2.275200843811035,3.709535598754883,3.6206276416778564,3.797556161880493,4.233438014984131,4.981362819671631,6.12543249130249,7.537170886993408,8.365735054016113,8.335395812988281,8.040600776672363,7.609785079956055,7.828775405883789,7.721933841705322,6.337802886962891,7.236300945281982,8.82718563079834,10.302221298217773,11.521556854248047,10.99977970123291,11.60931396484375,13.150561332702637,13.806767463684082,13.493202209472656,13.617369651794434,14.873799324035645,16.27310562133789
10.757551193237305,11.603096961975098,13.189796447753906,14.329730033874512,13.929647445678711,12.66215991973877,11.167251586914062,10.424690246582031,9.534198760986328,6.903804779052734,4.026784896850586,2.809352159500122,2.513023614883423,3.62445330619812,3.0039241313934326,1.9108258485794067,2.517103910446167,3.8072638511657715,3.835418462753296,3.0581207275390625,3.313169240951538,4.041371822357178,5.302559852600098,6.64138126373291,7.255868434906006,7.234544277191162,6.939317226409912,6.841538906097412,6.939725399017334,8.859336853027344,11.314200401306152,10.986634254455566,9.250434875488281,10.94302749633789,11.168055534362793,10.671639442443848,10.115215301513672,10.843527793884277,12.067313194274902,12.025050163269043,11.722925186157227,12.910795211791992,14.330634117126465,15.57756519317627
9.328510284423828,10.153238296508789,11.798741340637207,12.891901969909668,13.38611125946045,14.099364280700684,13.934630393981934,12.016362190246582,8.782109260559082,5.811792850494385,3.5374059677124023,3.946122646331787,3.9327073097229004,3.3774118423461914,3.255173444747925,4.05816125869751,5.031121730804443,4.614442825317383,3.2975571155548096,2.240831136703491,1.2767423391342163,1.6727036237716675,2.9661498069763184,4.0251383781433105,4.413309574127197,4.590260982513428,5.057621002197266,5.830816268920898,6.796405792236328,8.9192476272583,11.323436737060547,10.783185005187988,10.889678955078125,11.292318344116211,10.914520263671875,10.34084415435791,9.54005241394043,9.530935287475586,9.955586433410645,10.665547370910645,11.369429588317871,12.698562622070312,13.587027549743652,14.813129425048828
8.912775039672852,9.292613983154297,10.105128288269043,11.010457038879395,12.855874061584473,14.392337799072266,13.50457763671875,10.81723403930664,7.207202434539795,5.386092185974121,6.388291358947754,6.016895294189453,4.463924884796143,3.8147389888763428,4.961956024169922,6.0611252784729,5.929031848907471,4.739534378051758,3.7535033226013184,2.71919846534729,1.7061480283737183,1.926399827003479,2.299065589904785,2.7101657390594482,3.4698328971862793,4.268889904022217,5.370955944061279,6.624420642852783,7.477097988128662,9.139676094055176,11.554986000061035,10.587931632995605,9.723040580749512,10.84599781036377,11.98641586303711,10.79685115814209,8.942543029785156,8.128061294555664,8.426109313964844,9.545476913452148,10.684247016906738,11.311968803405762,11.769171714782715,12.43373966217041
9.610694885253906,8.87497615814209,9.218236923217773,10.176976203918457,12.0423583984375,12.515381813049316,10.937076568603516,7.400821208953857,4.991926670074463,6.926360130310059,6.938870906829834,4.935131549835205,4.715459823608398,6.889398097991943,6.4940080642700195,4.960548400878906,3.822648286819458,3.105297327041626,3.3721368312835693,3.7906270027160645,4.8002190589904785,6.564404487609863,7.482287883758545,7.392377853393555,7.0731401443481445,7.003697872161865,7.444682598114014,7.451907157897949,7.397707462310791,9.054195404052734,10.027117729187012,9.993560791015625,11.967148780822754,13.326120376586914,12.320310592651367,9.664710998535156,7.970505714416504,7.408712863922119,7.957806587219238,8.92471694946289,9.73476791381836,9.854744911193848,9.714999198913574,9.8823881149292
11.023500442504883,9.52104377746582,8.832685470581055,8.529850006103516,8.933432579040527,9.416500091552734,8.377402305603027,6.937372207641602,5.643159866333008,4.98872709274292,4.46063232421875,4.648674964904785,7.872305870056152,7.23412561416626,2.816249132156372,-0.1390543431043625,0.8146144151687622,1.7424163818359375,2.6635918617248535,4.441476345062256,6.9441142082214355,9.600335121154785,10.558856964111328,9.110594749450684,8.157156944274902,7.6066203117370605,6.99137544631958,6.0979695320129395,6.657949924468994,8.704870223999023,10.769851684570312,12.55243968963623,13.409944534301758,12.441224098205566,10.218095779418945,8.326803207397461,7.302556037902832,7.273312568664551,8.104524612426758,8.932422637939453,9.316444396972656,9.368656158447266,9.433090209960938,9.813885688781738
9.805267333984375,8.695225715637207,8.489584922790527,8.296443939208984,8.749283790588379,9.98025131225586,10.430166244506836,8.548535346984863,6.343055248260498,3.9664852619171143,5.3820271492004395,7.363876819610596,8.129929542541504,5.389254093170166,0.7749010920524597,-1.8305450677871704,0.4552755653858185,2.586704730987549,4.047893047332764,5.834062576293945,7.716930389404297,9.212655067443848,8.976419448852539,7.835353374481201,7.113719940185547,6.176714897155762,5.575441360473633,6.321993827819824,8.561271667480469,10.88746166229248,12.471624374389648,12.549814224243164,11.476861000061035,10.075833320617676,8.576384544372559,7.388550281524658,6.9449286460876465,7.501905918121338,8.526787757873535,9.196952819824219,9.211373329162598,9.26349925994873,9.836322784423828,10.577712059020996
5.76357889175415,7.01071834564209,8.828493118286133,9.921217918395996,11.064238548278809,12.126649856567383,11.66662883758545,8.791159629821777,7.235086917877197,7.570188522338867,8.26823902130127,6.7525835037231445,6.39452600479126,4.831544399261475,1.323785662651062,-0.17671416699886322,2.2534215450286865,4.7070512771606445,6.529839515686035,7.6790852546691895,8.488534927368164,8.823759078979492,8.465030670166016,7.9409284591674805,6.215672492980957,5.636727333068848,7.381371974945068,9.205242156982422,10.493510246276855,11.210822105407715,11.157561302185059,10.63054370880127,9.882329940795898,8.875300407409668,7.788772106170654,7.132384300231934,7.287006855010986,8.008713722229004,8.92903995513916,9.808365821838379,9.432793617248535,9.7511625289917,10.559978485107422,10.984624862670898
4.775267601013184,5.173727512359619,7.28811502456665,9.259973526000977,10.75168228149414,11.59903335571289,10.751502990722656,8.527000427246094,10.562150001525879,9.996670722961426,7.254914283752441,4.914081573486328,4.561844348907471,4.732391834259033,1.7951430082321167,2.276822328567505,5.113653182983398,7.022496223449707,8.011909484863281,8.236050605773926,8.629044532775879,8.877131462097168,9.512150764465332,8.5091552734375,7.489981174468994,8.991568565368652,10.222725868225098,9.930699348449707,9.681048393249512,9.690821647644043,9.790438652038574,9.641843795776367,9.088150024414062,8.255352973937988,7.591567039489746,7.419332027435303,7.745413303375244,8.340253829956055,9.279511451721191,10.123590469360352,9.49735164642334,10.506593704223633,11.064011573791504,10.779338836669922
5.902294635772705,4.824206352233887,5.666706085205078,7.393409729003906,9.269186973571777,10.329480171203613,10.379525184631348,10.083592414855957,9.579292297363281,7.573045253753662,5.285867691040039,3.6854312419891357,3.2824599742889404,4.212499141693115,2.3211047649383545,4.708386421203613,7.944635391235352,9.057550430297852,8.487383842468262,7.721653461456299,8.013117790222168,8.74202823638916,9.717501640319824,9.570428848266602,9.879223823547363,10.246598243713379,9.636802673339844,8.823468208312988,8.682668685913086,9.0651273727417,9.312861442565918,9.094483375549316,8.498403549194336,7.992071151733398,7.801591396331787,7.75592041015625,8.059266090393066,8.523184776306152,9.094816207885742,9.395991325378418,9.736029624938965,10.82475757598877,11.260030746459961,10.763163566589355
5.510546684265137,4.982938766479492,5.0699639320373535,6.287076473236084,7.49655294418335,9.095694541931152,8.889575958251953,8.014127731323242,6.657660961151123,5.3219122886657715,4.134451866149902,3.1173551082611084,3.2331483364105225,3.485901355743408,3.5542373657226562,6.895529270172119,9.949151992797852,10.149991035461426,8.623846054077148,7.204012393951416,6.944553852081299,7.584118843078613,8.655475616455078,9.42445182800293,9.781771659851074,9.219358444213867,8.307879447937012,8.146729469299316,8.483307838439941,8.80268383026123,8.850643157958984,8.577912330627441,8.256568908691406,8.145830154418945,8.09707260131836,8.018062591552734,8.137995719909668,8.193129539489746,8.434181213378906,9.054107666015625,9.93376350402832,10.527472496032715,11.561922073364258,11.627395629882812
