data/wind_data/wind_67_4.json
{"header": {"parameterUnit": "KT", "parameterCategory": 2, "nx": 256, "ny": 198, "lo1": 44.73521041870117, "la1": -3.236724853515625, "lo2": 111.26478576660156, "la2": 43.468475341796875, "dx": 0.2609002888202667, "dy": -0.23708222806453705, "refTime": "2025-02-21 19:00:00", "forecastTime": 0, "parameterNumber": 2, "parameterNumberName": "eastward_wind"}, "data":
[rows 38 to 56 of 198, columns 43 to 85 of 256]
-22.834917068481445,-22.625667572021484,-22.64047622680664,-22.62706184387207,-22.679536819458008,-22.860797882080078,-22.9326229095459,-22.719703674316406,-22.3288631439209,-22.20558738708496,-22.478622436523438,-22.97530174255371,-23.50191307067871,-23.936372756958008,-24.15803337097168,-24.26485824584961,-24.427066802978516,-24.738582611083984,-25.030702590942383,-25.194189071655273,-25.404104232788086,-25.451765060424805,-25.571443557739258,-25.713090896606445,-25.61175537109375,-24.95017433166504,-24.0365047454834,-23.461633682250977,-23.681941986083984,-24.261184692382812,-25.0224609375,-25.089509963989258,-24.74336814880371,-24.654678344726562,-25.132549285888672,-25.854148864746094,-26.04395294189453,-25.67696189880371,-25.486642837524414,-25.598604202270508,-25.642789840698242,-25.704071044921875,-25.873165130615234
-23.51395606994629,-23.149921417236328,-23.279890060424805,-23.440235137939453,-23.43695831298828,-23.412860870361328,-23.494972229003906,-23.48029899597168,-23.178462982177734,-23.0200138092041,-23.313447952270508,-23.94902801513672,-24.5364933013916,-24.797971725463867,-24.755640029907227,-24.74386978149414,-24.948514938354492,-25.276792526245117,-25.437198638916016,-25.34590721130371,-25.295759201049805,-25.366207122802734,-25.709049224853516,-25.676179885864258,-25.767637252807617,-25.3336124420166,-24.673656463623047,-24.00343894958496,-24.230987548828125,-24.669841766357422,-25.068275451660156,-25.015838623046875,-24.761356353759766,-25.10228729248047,-25.9907283782959,-26.564449310302734,-26.293636322021484,-25.80536651611328,-25.890369415283203,-26.316316604614258,-26.230558395385742,-25.857711791992188,-25.64487075805664
-24.254961013793945,-23.707080841064453,-23.645578384399414,-23.791717529296875,-23.802751541137695,-23.73309898376465,-23.752458572387695,-23.946352005004883,-24.072830200195312,-24.168224334716797,-24.56373405456543,-25.155437469482422,-25.455907821655273,-25.1973876953125,-24.69935417175293,-24.577150344848633,-24.869667053222656,-25.492298126220703,-25.896581649780273,-25.88493537902832,-25.336198806762695,-24.919858932495117,-25.17240333557129,-25.516504287719727,-25.35498046875,-25.19234848022461,-24.937057495117188,-24.606334686279297,-24.56266975402832,-24.690105438232422,-25.087936401367188,-25.326921463012695,-25.095056533813477,-24.891664505004883,-25.49654197692871,-26.46555519104004,-26.609542846679688,-26.0821533203125,-25.999692916870117,-26.4338436126709,-26.474212646484375,-25.961763381958008,-25.464033126831055
-24.558700561523438,-24.009288787841797,-23.77046012878418,-23.792272567749023,-23.87495994567871,-23.99595832824707,-24.133506774902344,-24.382719039916992,-24.69523811340332,-24.80740737915039,-24.929452896118164,-25.27228546142578,-25.649169921875,-25.50300407409668,-24.917757034301758,-24.470407485961914,-24.57405662536621,-25.017822265625,-25.449623107910156,-25.814342498779297,-25.718130111694336,-25.39644432067871,-25.15495491027832,-25.065898895263672,-25.103492736816406,-25.037336349487305,-24.93686866760254,-24.786060333251953,-24.748409271240234,-24.780197143554688,-24.911985397338867,-25.10169792175293,-25.247526168823242,-24.985509872436523,-24.933124542236328,-25.613872528076172,-26.362178802490234,-26.53709602355957,-26.00266456604004,-25.871292114257812,-25.86920928955078,-25.623109817504883,-25.253583908081055
-24.63998031616211,-24.49993896484375,-24.228771209716797,-23.957870483398438,-23.866518020629883,-24.02345848083496,-24.352083206176758,-24.653127670288086,-24.7999324798584,-24.76335906982422,-24.70903968811035,-24.85788345336914,-25.18644905090332,-25.3338680267334,-25.092191696166992,-24.63201904296875,-24.341569900512695,-24.490476608276367,-24.817119598388672,-25.122817993164062,-25.109296798706055,-24.872745513916016,-24.90239143371582,-24.98569107055664,-25.07667350769043,-25.193702697753906,-25.118640899658203,-24.910133361816406,-24.754680633544922,-24.638486862182617,-24.6181640625,-24.7924747467041,-25.0966854095459,-25.40509796142578,-25.47031593322754,-25.44794464111328,-25.65958595275879,-25.883283615112305,-25.85783576965332,-25.594627380371094,-25.151805877685547,-24.894651412963867,-24.75055694580078
-24.83919334411621,-24.94405746459961,-24.818851470947266,-24.47034454345703,-24.19170570373535,-24.187211990356445,-24.28080177307129,-24.256181716918945,-24.210599899291992,-24.295583724975586,-24.468189239501953,-24.691932678222656,-24.998998641967773,-25.160676956176758,-24.97319793701172,-24.599138259887695,-24.244115829467773,-24.090621948242188,-24.294679641723633,-24.671247482299805,-24.752695083618164,-24.576391220092773,-24.420570373535156,-24.46356964111328,-24.7170352935791,-25.00676155090332,-25.074657440185547,-24.76629066467285,-24.535741806030273,-24.453556060791016,-24.429962158203125,-24.520845413208008,-24.75837516784668,-25.08038902282715,-25.390483856201172,-25.767030715942383,-25.94830894470215,-25.639881134033203,-25.15104866027832,-24.839874267578125,-24.654064178466797,-24.550670623779297,-24.501110076904297
-24.869140625,-25.025163650512695,-24.95445442199707,-24.543821334838867,-24.018247604370117,-23.727989196777344,-23.67432975769043,-23.70939826965332,-23.765958786010742,-23.847896575927734,-24.0427188873291,-24.25802230834961,-24.608598709106445,-24.95125961303711,-24.92428207397461,-24.550683975219727,-24.13516616821289,-23.94074249267578,-24.095073699951172,-24.41550064086914,-24.345415115356445,-23.94126319885254,-23.495826721191406,-23.62382698059082,-24.019737243652344,-24.405471801757812,-24.542722702026367,-24.48714256286621,-24.345691680908203,-24.222993850708008,-24.162473678588867,-24.263240814208984,-24.521093368530273,-24.748023986816406,-24.939132690429688,-25.29840660095215,-25.808332443237305,-25.887006759643555,-25.292312622070312,-24.580854415893555,-24.31315803527832,-24.453397750854492,-24.60910415649414
-24.43954849243164,-24.557552337646484,-24.41020393371582,-23.945680618286133,-23.281400680541992,-22.93132781982422,-23.06303596496582,-23.330705642700195,-23.57073974609375,-23.655071258544922,-23.65325355529785,-23.62788200378418,-23.91512680053711,-24.424055099487305,-24.654260635375977,-24.393569946289062,-23.98519515991211,-23.744945526123047,-23.734119415283203,-23.6383056640625,-23.508039474487305,-23.09693717956543,-22.705089569091797,-22.594770431518555,-22.91366195678711,-23.437639236450195,-23.920289993286133,-24.1798095703125,-24.19571876525879,-24.05149269104004,-23.920019149780273,-23.961103439331055,-24.085710525512695,-24.24721336364746,-24.52130889892578,-24.989952087402344,-25.541973114013672,-25.754823684692383,-25.342967987060547,-24.761707305908203,-24.584484100341797,-24.705923080444336,-24.740949630737305
-23.753515243530273,-23.922435760498047,-23.822473526000977,-23.49081039428711,-22.991891860961914,-22.466894149780273,-22.48615837097168,-23.00868797302246,-23.329113006591797,-23.348901748657227,-23.401782989501953,-23.337692260742188,-23.367774963378906,-23.667600631713867,-23.922565460205078,-23.809890747070312,-23.439762115478516,-23.107393264770508,-22.91095733642578,-22.62095832824707,-22.27393341064453,-21.9119815826416,-21.7266845703125,-21.850929260253906,-22.169816970825195,-22.559680938720703,-23.035396575927734,-23.523128509521484,-23.829450607299805,-23.876298904418945,-23.800159454345703,-23.75685691833496,-23.770387649536133,-23.928272247314453,-24.331350326538086,-24.917837142944336,-25.438796997070312,-25.662927627563477,-25.52374839782715,-25.294525146484375,-25.169281005859375,-25.020771026611328,-24.78304100036621
-23.013147354125977,-23.173128128051758,-23.192167282104492,-22.977516174316406,-22.709447860717773,-22.34403419494629,-22.117979049682617,-22.292123794555664,-22.769798278808594,-22.9788761138916,-23.09064292907715,-23.303882598876953,-23.256378173828125,-23.025829315185547,-22.82895278930664,-22.560901641845703,-22.300153732299805,-22.065624237060547,-21.995418548583984,-21.79738998413086,-21.400428771972656,-21.036998748779297,-20.975435256958008,-21.305728912353516,-21.716833114624023,-21.968564987182617,-22.22404670715332,-22.669126510620117,-23.231847763061523,-23.650135040283203,-23.766864776611328,-23.6340274810791,-23.556644439697266,-23.868629455566406,-24.474899291992188,-25.0822696685791,-25.472942352294922,-25.719009399414062,-26.001190185546875,-26.153528213500977,-25.91398811340332,-25.395536422729492,-24.84505844116211
-22.359811782836914,-22.49003028869629,-22.572406768798828,-22.428199768066406,-22.16656494140625,-21.97929573059082,-21.874116897583008,-21.86057472229004,-22.005325317382812,-22.213136672973633,-22.521900177001953,-22.84787940979004,-22.883440017700195,-22.479450225830078,-21.833778381347656,-21.35651969909668,-21.050046920776367,-21.047849655151367,-21.224287033081055,-21.264089584350586,-21.044511795043945,-20.748384475708008,-20.753353118896484,-21.092052459716797,-21.525001525878906,-21.795204162597656,-21.93491554260254,-22.171772003173828,-22.678184509277344,-23.28279685974121,-23.660240173339844,-23.6905517578125,-23.613182067871094,-23.849733352661133,-24.48184585571289,-25.175325393676758,-25.59505271911621,-25.982421875,-26.56121826171875,-26.8616886138916,-26.491735458374023,-25.74532127380371,-25.00058937072754
-21.62458038330078,-21.83707618713379,-21.978052139282227,-21.908756256103516,-21.6363525390625,-21.459434509277344,-21.444766998291016,-21.424062728881836,-21.3853759765625,-21.42856788635254,-21.599464416503906,-21.776660919189453,-21.872905731201172,-21.755117416381836,-21.281333923339844,-20.61994743347168,-20.181520462036133,-20.269601821899414,-20.644235610961914,-20.956741333007812,-21.065004348754883,-21.00689697265625,-20.97340202331543,-21.086162567138672,-21.410968780517578,-21.77361488342285,-21.936275482177734,-21.972251892089844,-22.172887802124023,-22.760480880737305,-23.376832962036133,-23.63287353515625,-23.681041717529297,-23.974750518798828,-24.67521858215332,-25.447731018066406,-25.968185424804688,-26.39687728881836,-26.842025756835938,-26.996994018554688,-26.526744842529297,-25.71554183959961,-24.978864669799805
-20.8799991607666,-21.09599494934082,-21.304458618164062,-21.252399444580078,-20.988344192504883,-20.804096221923828,-20.766569137573242,-20.730792999267578,-20.72170639038086,-20.812137603759766,-20.886554718017578,-20.876760482788086,-20.816974639892578,-20.76390266418457,-20.62201690673828,-20.245424270629883,-19.850370407104492,-19.929168701171875,-20.355730056762695,-20.797435760498047,-21.023704528808594,-21.128173828125,-21.0722599029541,-21.048585891723633,-21.154775619506836,-21.399860382080078,-21.56383514404297,-21.683265686035156,-22.0577392578125,-22.75732421875,-23.38688087463379,-23.57013511657715,-23.641361236572266,-24.155115127563477,-25.013324737548828,-25.81740951538086,-26.39212417602539,-26.666248321533203,-26.62908935546875,-26.376792907714844,-25.93948745727539,-25.404130935668945,-24.828466415405273
-20.210824966430664,-20.351579666137695,-20.523893356323242,-20.498327255249023,-20.240833282470703,-20.004201889038086,-19.933053970336914,-19.875865936279297,-19.828420639038086,-19.965551376342773,-20.214073181152344,-20.394203186035156,-20.35270881652832,-20.119190216064453,-19.864503860473633,-19.671295166015625,-19.540624618530273,-19.74544906616211,-20.124950408935547,-20.5159912109375,-20.75577735900879,-20.79719352722168,-20.793109893798828,-20.755962371826172,-20.817628860473633,-20.995885848999023,-21.201955795288086,-21.499486923217773,-22.07650375366211,-22.879894256591797,-23.492664337158203,-23.70952796936035,-23.881397247314453,-24.365711212158203,-25.048046112060547,-25.768251419067383,-26.40704917907715,-26.705778121948242,-26.4393310546875,-25.876684188842773,-25.424930572509766,-25.002483367919922,-24.45427131652832
-19.46573257446289,-19.48623275756836,-19.67230987548828,-19.754472732543945,-19.607826232910156,-19.289491653442383,-19.063566207885742,-19.06303596496582,-19.03579330444336,-19.03035545349121,-19.245468139648438,-19.60232925415039,-19.830514907836914,-19.75193977355957,-19.461015701293945,-19.14816665649414,-18.923084259033203,-19.0604305267334,-19.484390258789062,-19.89635467529297,-20.21685028076172,-20.439228057861328,-20.623634338378906,-20.770645141601562,-20.879497528076172,-20.940170288085938,-21.019922256469727,-21.317546844482422,-21.9657039642334,-22.81549072265625,-23.464494705200195,-23.778657913208008,-24.045257568359375,-24.46343421936035,-24.911375045776367,-25.3580379486084,-25.803409576416016,-26.035118103027344,-25.85822868347168,-25.447830200195312,-25.108566284179688,-24.72677230834961,-24.06321907043457
-18.69232177734375,-18.394182205200195,-18.603090286254883,-18.921180725097656,-19.02857208251953,-18.804351806640625,-18.407262802124023,-18.14222526550293,-18.15899085998535,-18.32166862487793,-18.52037239074707,-18.705718994140625,-18.952651977539062,-19.200939178466797,-19.26291847229004,-19.12212562561035,-18.895885467529297,-18.7514705657959,-18.852907180786133,-19.189674377441406,-19.54987144470215,-19.93133544921875,-20.280115127563477,-20.57237434387207,-20.768301010131836,-20.912513732910156,-21.07777214050293,-21.398731231689453,-21.9250545501709,-22.65348243713379,-23.35198211669922,-23.83296775817871,-24.135822296142578,-24.364946365356445,-24.573328018188477,-24.819698333740234,-25.07671356201172,-25.172544479370117,-25.017879486083984,-24.78060531616211,-24.693178176879883,-24.555604934692383,-24.019296646118164
-18.114343643188477,-17.307764053344727,-17.22574806213379,-17.718944549560547,-18.15592384338379,-18.193876266479492,-17.85443878173828,-17.40043067932129,-17.246667861938477,-17.478042602539062,-17.8558349609375,-18.151033401489258,-18.476205825805664,-18.849477767944336,-19.100208282470703,-19.134742736816406,-18.956893920898438,-18.74005699157715,-18.703439712524414,-18.752880096435547,-18.904842376708984,-19.162376403808594,-19.552602767944336,-20.012554168701172,-20.475421905517578,-20.962961196899414,-21.396928787231445,-21.750822067260742,-22.123205184936523,-22.66183853149414,-23.26750373840332,-23.70333480834961,-23.820598602294922,-23.787622451782227,-23.8543701171875,-24.120281219482422,-24.430395126342773,-24.453453063964844,-24.172292709350586,-24.003755569458008,-24.185161590576172,-24.377649307250977,-24.015501022338867
-17.90680694580078,-16.86234474182129,-16.243253707885742,-16.495328903198242,-17.060827255249023,-17.28515625,-17.135284423828125,-16.867778778076172,-16.69348907470703,-16.772186279296875,-17.161605834960938,-17.629947662353516,-18.08431625366211,-18.46930694580078,-18.682416915893555,-18.745975494384766,-18.713359832763672,-18.629377365112305,-18.59830665588379,-18.511539459228516,-18.47236442565918,-18.570446014404297,-18.89922332763672,-19.412033081054688,-20.069522857666016,-20.836952209472656,-21.57358741760254,-22.094520568847656,-22.38751983642578,-22.632694244384766,-22.909576416015625,-23.20914649963379,-23.297426223754883,-23.146175384521484,-23.069242477416992,-23.26770782470703,-23.532306671142578,-23.575237274169922,-23.433164596557617,-23.524028778076172,-23.913867950439453,-24.09173011779785,-23.63524055480957
-17.79430389404297,-16.977893829345703,-16.27022933959961,-16.108375549316406,-16.469806671142578,-16.688188552856445,-16.523771286010742,-16.28150177001953,-16.197277069091797,-16.380834579467773,-16.69676399230957,-16.991939544677734,-17.308940887451172,-17.740907669067383,-18.148012161254883,-18.408992767333984,-18.502561569213867,-18.47435188293457,-18.35246467590332,-18.21865463256836,-18.24567985534668,-18.423261642456055,-18.770849227905273,-19.240291595458984,-19.86319351196289,-20.631309509277344,-21.407787322998047,-21.965919494628906,-22.251935958862305,-22.34062957763672,-22.371841430664062,-22.490520477294922,-22.55061149597168,-22.41338539123535,-22.269397735595703,-22.385234832763672,-22.608219146728516,-22.737722396850586,-22.873348236083984,-23.24673080444336,-23.653120040893555,-23.570926666259766,-22.998390197753906
