data/wind_data/wind_17_1.json
{"header": {"parameterUnit": "KT", "parameterCategory": 2, "nx": 256, "ny": 198, "lo1": 44.73521041870117, "la1": -3.236724853515625, "lo2": 111.26478576660156, "la2": 43.468475341796875, "dx": 0.2609002888202667, "dy": -0.23708222806453705, "refTime": "2025-02-19 17:00:00", "forecastTime": 0, "parameterNumber": 2, "parameterNumberName": "eastward_wind"}, "data":
[rows 133 to 151 of 198, columns 43 to 85 of 256]
-4.7372050285339355,-2.5142974853515625,-2.1201488971710205,-5.705970764160156,-11.137145042419434,-13.496301651000977,-6.051267147064209,2.0571305751800537,11.491693496704102,13.32812786102295,9.488743782043457,4.321356773376465,-2.4204049110412598,-2.3231170177459717,-3.1488254070281982,-4.160431385040283,-2.2480247020721436,-0.5343917608261108,-2.6291377544403076,1.9024382829666138,4.933813095092773,0.6193035244941711,0.12617863714694977,1.6986422538757324,3.5892953872680664,3.9745523929595947,3.8588545322418213,4.902070045471191,5.966314792633057,8.354742050170898,10.603510856628418,11.656871795654297,12.278619766235352,12.081262588500977,11.006952285766602,9.566323280334473,9.53308391571045,12.508444786071777,12.131763458251953,10.431145668029785,11.156100273132324,13.897594451904297,13.867654800415039
0.45922333002090454,-1.7073395252227783,-5.6469621658325195,-9.389021873474121,-13.620770454406738,-12.033699035644531,-1.7948435544967651,6.480860233306885,13.122654914855957,11.723652839660645,7.650727272033691,-0.8055742383003235,-3.4016692638397217,-2.4776134490966797,-2.8677985668182373,-2.291985511779785,-0.20397363603115082,0.7336602807044983,-1.892073154449463,1.9550693035125732,2.9956533908843994,-0.17425496876239777,1.4199535846710205,3.007646322250366,4.674069404602051,3.922401189804077,3.0463409423828125,4.846940994262695,6.6591572761535645,8.54735279083252,10.621362686157227,11.172137260437012,11.41597843170166,11.682355880737305,10.441335678100586,9.739471435546875,10.674712181091309,10.86904525756836,11.254720687866211,10.462129592895508,12.813813209533691,15.487427711486816,12.471673011779785
-0.44376838207244873,-5.879473686218262,-6.094496250152588,-10.716556549072266,-11.55677604675293,-8.800052642822266,0.6468034386634827,10.868972778320312,13.141136169433594,9.471034049987793,1.7191184759140015,-4.562258720397949,-3.2764360904693604,-1.8207783699035645,-1.385779619216919,-0.3025933802127838,0.5652672648429871,-1.3489969968795776,-3.3841702938079834,2.3658530712127686,3.3727352619171143,-0.1470000147819519,1.9481779336929321,3.795637845993042,3.6083126068115234,2.0114059448242188,2.5339620113372803,5.171092510223389,7.891046047210693,9.241739273071289,10.230578422546387,10.241934776306152,10.686735153198242,12.004523277282715,11.629457473754883,10.388875961303711,10.131074905395508,10.130511283874512,10.246898651123047,9.789162635803223,12.91032600402832,15.743570327758789,12.473942756652832
-4.0372114181518555,-6.4323410987854,-10.080612182617188,-13.25162124633789,-10.693292617797852,-4.334807872772217,3.6298253536224365,11.24936580657959,10.132643699645996,0.774960458278656,-4.920193195343018,-4.666607856750488,-1.9282232522964478,0.9665945172309875,0.863457977771759,0.9445738792419434,-1.4584331512451172,-5.313591957092285,-2.1867592334747314,2.8268167972564697,2.8159499168395996,-0.3475281596183777,2.008758783340454,2.897024393081665,1.2877975702285767,1.393388271331787,4.016937255859375,6.786697864532471,8.99549388885498,10.828695297241211,12.052597999572754,12.12961483001709,11.815851211547852,12.344136238098145,12.230596542358398,11.12423324584961,10.328231811523438,9.96557331085205,10.420625686645508,10.428818702697754,11.204117774963379,13.98605728149414,15.99686050415039
-4.504435062408447,-9.34627628326416,-13.67272663116455,-10.148561477661133,-5.557577610015869,-0.6020883321762085,7.625258445739746,9.048016548156738,1.7865914106369019,-2.6212005615234375,-5.350455284118652,-4.387871742248535,-0.8275625705718994,3.192739486694336,0.9506092071533203,-0.503059983253479,-5.502077102661133,-5.974226951599121,0.40439707040786743,1.4156262874603271,0.895905613899231,-0.8959327340126038,1.5735712051391602,1.47938072681427,0.6326108574867249,2.320525884628296,5.411664009094238,7.821399211883545,9.71706771850586,11.399516105651855,11.977065086364746,12.000394821166992,11.206792831420898,11.592175483703613,13.045660972595215,12.64338207244873,11.092103004455566,11.015445709228516,12.134903907775879,11.89413070678711,9.210216522216797,11.728475570678711,18.60733985900879
-8.361421585083008,-11.724092483520508,-11.488924980163574,-5.074582576751709,-0.6819669008255005,4.114499092102051,7.639587879180908,-2.7786154747009277,-2.5981078147888184,-1.7812163829803467,-4.681950092315674,-3.6560616493225098,-0.8552665114402771,2.3295676708221436,-0.5057443380355835,-5.208573341369629,-5.792553424835205,-2.764069080352783,-0.7360824942588806,0.14916899800300598,1.2849448919296265,-0.8424557447433472,0.9973042011260986,0.9400482177734375,1.645861268043518,4.100714683532715,6.664787292480469,8.80630874633789,10.40654182434082,11.64493465423584,11.572087287902832,11.450584411621094,11.314339637756348,11.302736282348633,12.530555725097656,12.858713150024414,12.335478782653809,12.693063735961914,13.524703979492188,13.841303825378418,10.756937026977539,11.448808670043945,17.139806747436523
-11.232661247253418,-11.961723327636719,-5.8871002197265625,-0.9230459332466125,1.0089994668960571,5.405767440795898,-0.399072527885437,-7.1452155113220215,-1.846335530281067,-0.6579185724258423,-4.852356433868408,-4.196221828460693,-2.0007922649383545,1.0360877513885498,-0.7648801207542419,-6.674927711486816,-5.216219425201416,-2.3924670219421387,-1.9472131729125977,1.1684813499450684,3.0110256671905518,0.4246627986431122,0.8507144451141357,2.2104651927948,4.182731628417969,6.622070789337158,8.304222106933594,9.80192756652832,10.943304061889648,11.433049201965332,11.476561546325684,11.903809547424316,12.071235656738281,12.152146339416504,12.775919914245605,12.170133590698242,11.434820175170898,12.050318717956543,12.387916564941406,12.426918983459473,11.294597625732422,9.822648048400879,12.412300109863281
-11.525873184204102,-8.020536422729492,-1.378585934638977,0.9497852325439453,-0.8143442273139954,0.839013934135437,-4.03143835067749,-4.6215386390686035,-1.9341797828674316,-0.7049729228019714,-5.719846725463867,-5.1114091873168945,-2.9123892784118652,0.16207531094551086,-1.80557382106781,-5.813260078430176,-5.013123512268066,-1.9038430452346802,-0.1885666400194168,2.748551845550537,3.917546033859253,1.5782978534698486,2.1771843433380127,4.691705226898193,6.786150932312012,8.217103958129883,8.933816909790039,9.789313316345215,11.363492012023926,12.04082202911377,11.252460479736328,11.212129592895508,11.477998733520508,11.260360717773438,9.965648651123047,8.806781768798828,9.402186393737793,9.474359512329102,7.430340766906738,5.80356502532959,6.590881824493408,5.765084743499756,9.685542106628418
-9.59153938293457,-4.370683670043945,0.8052071332931519,2.6003072261810303,-2.8338465690612793,-3.6854124069213867,-1.6723002195358276,-0.8678126335144043,-2.594285488128662,-2.1859591007232666,-5.719978332519531,-5.055305004119873,-3.8069229125976562,-1.6563043594360352,-2.6398515701293945,-6.420398712158203,-4.938516616821289,-0.7906502485275269,0.7038225531578064,3.3021767139434814,3.6113452911376953,2.219104290008545,4.494321823120117,6.344818592071533,7.45001220703125,7.8737101554870605,7.6416401863098145,8.09912109375,9.635913848876953,9.954951286315918,8.512771606445312,7.827343940734863,7.523126125335693,6.510062217712402,4.5187859535217285,4.018747806549072,4.789737224578857,4.260986804962158,3.153841972351074,1.532688021659851,3.146272897720337,5.429101943969727,7.647827625274658
-6.296243190765381,-2.6223716735839844,-0.6793320775032043,-3.8773064613342285,-8.598946571350098,-4.69345760345459,1.3434799909591675,3.228053569793701,-3.238957405090332,-3.964231014251709,-5.067314624786377,-3.8135838508605957,-4.001388072967529,-3.0601236820220947,-2.596072196960449,-5.137042999267578,-3.7436091899871826,-0.8172447681427002,0.004563893657177687,3.585710048675537,4.483748912811279,3.8945233821868896,5.034300804138184,5.66671085357666,6.368199348449707,6.3294901847839355,6.343845844268799,7.176013469696045,6.771345138549805,5.227431297302246,2.5069663524627686,1.7013640403747559,2.6878902912139893,3.342353343963623,3.1278085708618164,-1.1416943073272705,-3.1709916591644287,0.2888398766517639,3.0724587440490723,3.1442995071411133,4.936207294464111,7.374908924102783,8.626687049865723
-3.363217353820801,-3.2686338424682617,-4.9210710525512695,-8.041831970214844,-9.628653526306152,-3.5602681636810303,3.3165533542633057,4.7547221183776855,-3.481515645980835,-4.463146686553955,-3.536792516708374,-2.7669620513916016,-4.022525310516357,-4.736178398132324,-3.7694003582000732,-1.7610365152359009,-2.3581297397613525,-1.9164440631866455,0.16371475160121918,5.101388931274414,3.750725030899048,3.935486078262329,4.6937174797058105,5.315196990966797,5.383980751037598,5.180790424346924,6.0195136070251465,5.605178356170654,4.470961093902588,1.441724181175232,-3.879990577697754,-3.706508159637451,0.9552763104438782,3.6461658477783203,2.1097919940948486,-3.702725410461426,-5.94992208480835,0.29809558391571045,3.133500814437866,2.720813035964966,5.995182991027832,9.992993354797363,10.552327156066895
-3.582338333129883,-6.913013458251953,-6.970606327056885,-6.365079879760742,-7.334318161010742,-2.571610450744629,3.290306568145752,3.040847063064575,-4.233560562133789,-4.132411003112793,-2.4177823066711426,-3.6868343353271484,-6.389768600463867,-7.959942817687988,-5.5390448570251465,0.72035813331604,-0.5815380215644836,-0.7211589813232422,3.0670478343963623,5.740720748901367,1.0962523221969604,3.686020612716675,3.9797661304473877,4.129357814788818,4.816327095031738,4.879697799682617,4.356794834136963,2.9817733764648438,1.8946692943572998,-4.022213459014893,-8.256688117980957,-5.812521457672119,0.42110690474510193,4.509034156799316,-0.5673473477363586,-3.5946946144104004,-1.5627093315124512,1.388051986694336,2.1373162269592285,-0.0688270702958107,0.851294755935669,8.84454345703125,12.813522338867188
-4.652312278747559,-7.785062789916992,-6.849268436431885,-2.9730000495910645,-2.280071258544922,-2.756984233856201,-1.499153971672058,-1.1147807836532593,-3.817650318145752,-4.5435919761657715,-3.069330930709839,-4.8057451248168945,-8.882402420043945,-8.938078880310059,-5.010049343109131,1.0306525230407715,1.0011388063430786,1.7393467426300049,4.47381591796875,2.793689489364624,-0.5404676198959351,2.26615047454834,2.3191356658935547,3.0444064140319824,4.816795825958252,4.916377544403076,3.0624401569366455,0.3858027160167694,-4.115936279296875,-10.76698112487793,-11.343252182006836,-5.857738971710205,0.2701875567436218,4.467360496520996,-0.52820885181427,-3.7020411491394043,4.394112586975098,2.4307284355163574,1.6873304843902588,-0.5949108004570007,-4.098740100860596,4.015527725219727,11.223085403442383
-5.161899566650391,-7.1998443603515625,-5.812865257263184,-0.8771435618400574,-0.4302559196949005,-6.91679048538208,-5.113554000854492,-1.89395272731781,-2.865114688873291,-4.428269863128662,-2.9039907455444336,-4.988527774810791,-9.761825561523438,-7.691673278808594,-3.3121399879455566,0.5428009033203125,0.7753150463104248,2.005955219268799,3.1214940547943115,-0.16951411962509155,-0.6904328465461731,0.22591926157474518,0.8138264417648315,2.5283610820770264,4.111848831176758,4.537318706512451,2.7481794357299805,-2.5739543437957764,-8.936406135559082,-12.903793334960938,-12.579444885253906,-8.045942306518555,-2.1680667400360107,2.9193568229675293,1.5402923822402954,-1.1774777173995972,6.062554836273193,4.438156604766846,-0.014227126725018024,-3.4041192531585693,-5.661409854888916,3.6910791397094727,12.650105476379395
-7.471987247467041,-5.860782623291016,-3.359144449234009,1.6644401550292969,-5.157320022583008,-8.261903762817383,-5.063352108001709,-0.33753347396850586,-3.2558696269989014,-2.184835433959961,-1.4420640468597412,-5.106064319610596,-9.868917465209961,-7.276320457458496,-2.918320894241333,-1.3189364671707153,-2.0065855979919434,0.7981703281402588,1.2789438962936401,-1.9121440649032593,-1.5530184507369995,-1.7481430768966675,-0.9560811519622803,2.246692657470703,3.645355224609375,2.6952216625213623,-1.5158774852752686,-5.7896952629089355,-6.467923641204834,-9.29474925994873,-10.106742858886719,-10.278218269348145,-8.294785499572754,0.08781719952821732,2.772752285003662,2.691718339920044,6.156219482421875,5.170836925506592,-0.24179501831531525,-4.499068260192871,-5.919597148895264,5.784679889678955,12.34621810913086
-9.45004653930664,-6.901148796081543,-0.5407621264457703,1.465362310409546,-7.919493198394775,-7.610997676849365,-3.9632651805877686,0.5164904594421387,-3.867738723754883,0.0033036754466593266,-2.352123975753784,-7.501561641693115,-8.714629173278809,-5.721822738647461,-2.633341073989868,-2.9825797080993652,-3.413098096847534,-0.17597894370555878,-0.9492655992507935,-2.517843008041382,-3.4409022331237793,-4.177875995635986,-3.0845084190368652,0.6110879182815552,1.9087401628494263,-2.7921698093414307,-8.617941856384277,-9.149349212646484,-5.110702037811279,-4.477694988250732,-5.3693060874938965,-5.3137078285217285,-6.559055805206299,-4.388891696929932,1.9813954830169678,4.191927909851074,6.6964111328125,2.714324712753296,0.032305505126714706,3.257145881652832,-3.795527935028076,-0.3610513508319855,3.411189556121826
-9.34277057647705,-6.802083492279053,-0.4202371835708618,-0.9943636059761047,-6.065649032592773,-5.42970609664917,-1.189828634262085,-1.6091713905334473,-3.1149046421051025,-1.7934352159500122,-7.837815284729004,-8.946950912475586,-4.840911388397217,-2.9316587448120117,-1.1314209699630737,-3.691960096359253,-4.6916728019714355,-2.925741195678711,-3.71893310546875,-4.243089199066162,-6.429620265960693,-6.544895648956299,-5.326638698577881,-2.5314998626708984,-1.8287105560302734,-7.46423864364624,-10.933182716369629,-9.57453727722168,-6.263466835021973,-3.2153337001800537,-2.8251166343688965,-2.268726110458374,-1.2241663932800293,-3.290271043777466,-1.4561883211135864,1.7965673208236694,6.333221435546875,2.2205605506896973,1.9249287843704224,8.16189956665039,-1.0634695291519165,-4.92044734954834,-2.4924161434173584
-7.3055419921875,-5.928510665893555,-1.1890950202941895,-1.876784086227417,-4.612927436828613,-2.4496328830718994,-0.2772082984447479,-4.178183078765869,-3.415133476257324,-6.378229141235352,-9.573099136352539,-4.8137054443359375,-0.8364413976669312,-1.1504358053207397,-0.1923370212316513,-4.701042175292969,-7.052387714385986,-5.981736183166504,-5.406596660614014,-6.025800704956055,-8.532752990722656,-8.56938362121582,-6.693336009979248,-3.9016315937042236,-3.91926908493042,-8.940924644470215,-11.735968589782715,-9.445394515991211,-6.090672492980957,-4.4314165115356445,-3.778324842453003,-1.7611514329910278,1.9228640794754028,-0.2307659089565277,-1.664096713066101,-1.8248918056488037,3.2957146167755127,3.097766637802124,4.930639266967773,6.125619411468506,-3.11858868598938,-3.4562764167785645,0.15363860130310059
-6.183186054229736,-5.672736644744873,-2.162789821624756,-2.9228103160858154,-2.8883159160614014,-0.7914907336235046,-1.5404789447784424,-5.286030292510986,-5.702422618865967,-7.749911785125732,-6.385094165802002,-1.555651068687439,1.2471141815185547,-0.5029486417770386,-1.4055676460266113,-5.5872039794921875,-6.6099443435668945,-8.153070449829102,-8.307555198669434,-6.951597690582275,-9.151951789855957,-9.953163146972656,-7.0656208992004395,-3.5068891048431396,-3.424647331237793,-9.397168159484863,-12.232872009277344,-8.988762855529785,-6.044464111328125,-3.9546542167663574,-2.5931851863861084,-0.6961554288864136,0.36644721031188965,-2.7948880195617676,-3.7823903560638428,-1.4728517532348633,0.8644556999206543,3.1692681312561035,5.628368377685547,6.706357002258301,-3.6260344982147217,-1.698246955871582,1.7961227893829346
