data/wind_data/wind_16_3.json
{"header": {"parameterUnit": "KT", "parameterCategory": 2, "nx": 256, "ny": 198, "lo1": 44.73521041870117, "la1": -3.236724853515625, "lo2": 111.26478576660156, "la2": 43.468475341796875, "dx": 0.2609002888202667, "dy": -0.23708222806453705, "refTime": "2025-02-19 16:00:00", "forecastTime": 0, "parameterNumber": 2, "parameterNumberName": "eastward_wind"}, "data":
[rows 171 to 189 of 198, columns 88 to 131 of 256]
6.291048526763916,5.172861099243164,3.185530185699463,2.650541067123413,3.5165457725524902,1.9428671598434448,-0.14007456600666046,-1.3112460374832153,-0.8716384768486023,-2.44376802444458,-2.3665049076080322,-1.4996156692504883,0.3393949866294861,2.7205982208251953,3.5839948654174805,4.377182483673096,5.382941722869873,1.7397658824920654,4.060440540313721,8.208572387695312,12.161913871765137,12.689956665039062,13.909353256225586,15.343703269958496,16.77066993713379,18.964128494262695,19.92069435119629,19.655588150024414,19.047527313232422,15.533061981201172,19.132240295410156,19.14073371887207,14.917134284973145,12.441061019897461,6.1780548095703125,0.6082434058189392,-1.2864474058151245,-1.4859637022018433,-1.1763142347335815,-1.3133145570755005,-1.1138297319412231,-0.09342610836029053,1.6007229089736938,3.145061492919922
8.478487014770508,6.210456848144531,5.194407939910889,4.6012773513793945,2.9344539642333984,2.2905821800231934,1.3179447650909424,1.453489899635315,1.2986341714859009,0.1448836773633957,-0.584054708480835,-2.129081964492798,-1.6773911714553833,1.9935985803604126,4.039266586303711,4.699646472930908,6.590267658233643,1.4392671585083008,5.933155536651611,9.109371185302734,11.639228820800781,14.216602325439453,13.868147850036621,12.810569763183594,13.694961547851562,17.712594985961914,18.914649963378906,18.016677856445312,17.838415145874023,6.258031368255615,10.722743034362793,15.168818473815918,10.777337074279785,6.084805488586426,1.8706538677215576,0.5080419778823853,-0.43252238631248474,-0.5930097103118896,-0.7546811103820801,-0.7014570832252502,-0.3695359230041504,0.4941607117652893,1.6369736194610596,2.4905359745025635
11.578533172607422,9.885564804077148,8.491701126098633,7.35772705078125,6.525566577911377,7.152186393737793,7.296670436859131,6.117663383483887,4.169613838195801,2.3099000453948975,2.023366928100586,0.7105644941329956,1.3120054006576538,3.7437331676483154,6.231834888458252,5.708974361419678,5.6013665199279785,4.6317057609558105,9.360658645629883,10.244369506835938,12.057652473449707,14.472423553466797,12.94603443145752,10.70928955078125,12.194063186645508,16.668872833251953,16.79410171508789,17.34885025024414,20.501651763916016,17.86740493774414,16.880887985229492,12.255990028381348,5.296929359436035,0.7228391766548157,0.2760542631149292,0.6912170648574829,1.1218851804733276,0.6877015829086304,0.14346736669540405,0.4063136577606201,0.7370489239692688,1.1951550245285034,1.7465084791183472,2.168025255203247
13.871869087219238,13.286890029907227,11.978093147277832,10.989981651306152,10.417597770690918,11.093017578125,11.5983247756958,10.421003341674805,9.040374755859375,6.475058078765869,3.292349100112915,2.286325693130493,2.3707313537597656,3.332794427871704,7.014382839202881,10.552261352539062,9.149283409118652,9.907441139221191,12.250526428222656,12.259787559509277,14.010709762573242,16.08702278137207,16.345705032348633,15.668457984924316,13.455588340759277,14.590052604675293,16.142250061035156,18.137821197509766,19.51615333557129,18.557674407958984,12.07048511505127,4.833889007568359,2.0103280544281006,0.35975390672683716,0.7933452725410461,2.0115911960601807,2.201176404953003,1.3056223392486572,0.8290839791297913,1.3021929264068604,1.4943907260894775,1.50669264793396,1.669851303100586,2.1301751136779785
11.585983276367188,13.762099266052246,13.304789543151855,11.894196510314941,10.755237579345703,11.69125747680664,12.86502456665039,13.197097778320312,12.278210639953613,11.053069114685059,9.099944114685059,7.529696941375732,5.476571559906006,4.785951614379883,5.900865077972412,9.148906707763672,13.017135620117188,15.306763648986816,15.000812530517578,13.922920227050781,12.241188049316406,9.560317039489746,13.009269714355469,12.32535171508789,7.147486686706543,7.974074363708496,13.199069023132324,15.384172439575195,16.018789291381836,12.158607482910156,5.524914264678955,2.034149169921875,1.5125212669372559,0.7422117590904236,1.5311342477798462,2.3847508430480957,2.159919023513794,1.039376139640808,0.8335527777671814,1.4808251857757568,1.5350723266601562,1.3782215118408203,1.4875482320785522,2.2524235248565674
7.554734706878662,10.582542419433594,12.894373893737793,13.277325630187988,12.33984375,12.387054443359375,12.686423301696777,12.49905776977539,10.692137718200684,9.786271095275879,11.309417724609375,11.662891387939453,9.722362518310547,8.289291381835938,8.480721473693848,10.040250778198242,12.328907012939453,13.685919761657715,14.301868438720703,16.81927490234375,17.650564193725586,15.339400291442871,17.384763717651367,14.145355224609375,12.060622215270996,11.518339157104492,12.82494068145752,13.775642395019531,12.494111061096191,7.4199113845825195,3.2111175060272217,2.5745248794555664,2.136442184448242,2.084061861038208,1.6031999588012695,1.241977334022522,1.461320161819458,1.2470042705535889,0.9633995890617371,1.1040114164352417,1.0575602054595947,0.9376998543739319,1.2614938020706177,2.2897136211395264
6.233294486999512,8.302738189697266,11.227258682250977,13.113601684570312,13.252947807312012,13.31664752960205,14.564800262451172,16.10991859436035,15.459543228149414,14.565567970275879,14.960685729980469,15.045062065124512,13.409693717956543,11.890643119812012,11.174745559692383,12.122493743896484,12.422977447509766,10.51081371307373,10.565958976745605,13.063023567199707,16.059879302978516,14.859405517578125,16.12599754333496,17.767574310302734,16.046470642089844,12.947789192199707,14.02964973449707,15.833541870117188,10.855398178100586,7.6598334312438965,6.406732082366943,4.972546577453613,3.7222440242767334,2.5077006816864014,0.651387631893158,-0.769855797290802,-0.5275938510894775,-0.053586896508932114,-0.09886109828948975,-0.2626219689846039,-0.17957803606987,0.18700994551181793,0.8853028416633606,2.1895763874053955
7.274908542633057,7.636159420013428,7.670277118682861,6.954946041107178,5.563793659210205,3.651210308074951,4.765946865081787,7.400571823120117,9.085855484008789,10.501113891601562,11.181412696838379,10.212240219116211,9.386246681213379,10.70248794555664,13.647147178649902,14.666175842285156,12.870512008666992,13.851614952087402,12.382427215576172,13.021637916564941,16.28057098388672,17.04364013671875,17.452177047729492,16.517192840576172,11.780220985412598,7.719104290008545,5.639285564422607,7.867761135101318,8.458364486694336,8.398748397827148,8.24470043182373,7.091165542602539,4.934002876281738,2.6490514278411865,0.48302575945854187,-0.6967612504959106,-0.5679077506065369,0.11783811450004578,-0.4618026614189148,-0.7408045530319214,-0.708106279373169,-0.15662364661693573,0.9845694899559021,2.4002432823181152
7.825582981109619,6.544159412384033,5.866460800170898,6.295205593109131,5.411949157714844,3.2092232704162598,1.212530255317688,0.2697605490684509,0.9455481767654419,2.1724131107330322,1.91910982131958,0.8089845180511475,-0.4948170781135559,-0.06765903532505035,2.07749080657959,4.312907695770264,3.9740045070648193,3.3056933879852295,4.870485305786133,6.026397228240967,9.899105072021484,12.302663803100586,11.27975845336914,13.841026306152344,15.449633598327637,10.118389129638672,5.115810394287109,6.229346752166748,8.440070152282715,8.483168601989746,7.460143089294434,6.731783866882324,5.126416206359863,2.9114127159118652,0.8068352341651917,-0.5875735878944397,-1.09378182888031,-0.9719977378845215,-1.6542407274246216,-1.4687420129776,-1.0383496284484863,-0.6309983730316162,1.1127744913101196,2.9153761863708496
8.480698585510254,5.897833824157715,5.586388111114502,6.4184160232543945,6.510995388031006,5.989537715911865,4.3955817222595215,2.5155441761016846,1.4298144578933716,0.25233194231987,-0.18107563257217407,-1.4642798900604248,-2.7284178733825684,-4.295291423797607,-4.522332668304443,-4.805351734161377,-4.968095302581787,-4.049679279327393,-1.6466896533966064,-1.0850427150726318,0.09099093824625015,1.3883668184280396,1.7731008529663086,5.3245062828063965,12.215778350830078,7.72418737411499,4.821512222290039,6.382318019866943,4.882833480834961,4.721945762634277,5.305373191833496,5.645925521850586,5.881494045257568,5.909426212310791,1.912187933921814,-1.0630966424942017,-2.047111749649048,-3.0894243717193604,-2.5694897174835205,-1.7910138368606567,-1.0777649879455566,-0.826860249042511,1.1013362407684326,3.964470148086548
6.007732391357422,4.309554100036621,5.948299884796143,7.187788486480713,7.416641712188721,7.01588773727417,5.694279670715332,4.152751445770264,3.469600200653076,2.8615405559539795,2.359365463256836,2.3959453105926514,2.244281053543091,1.8957359790802002,0.7333439588546753,-1.319918155670166,-2.4235615730285645,-3.395280599594116,-3.7831270694732666,-3.524901866912842,-3.106323480606079,-2.1608080863952637,-1.1462031602859497,-0.05928156152367592,4.942490100860596,3.0904409885406494,4.953066825866699,6.940062999725342,3.174992799758911,3.554661989212036,4.55914306640625,5.693636894226074,7.132172107696533,8.571279525756836,8.193169593811035,3.5140037536621094,-2.428252696990967,-4.031391620635986,-3.5129897594451904,-2.0240256786346436,-0.7596368193626404,0.7498915791511536,2.8475170135498047,5.323685646057129
3.885761022567749,5.027263164520264,7.581503868103027,7.839550495147705,7.212896347045898,6.7578558921813965,5.681849479675293,5.077055931091309,4.864595890045166,3.706798553466797,3.029200792312622,4.210580825805664,5.225967884063721,4.1752800941467285,2.550898551940918,1.2479135990142822,0.21299631893634796,-1.007516860961914,-1.8791731595993042,-1.7313828468322754,-1.165437936782837,-0.7329045534133911,-1.1420893669128418,-1.57793390750885,1.6753181219100952,4.956838130950928,6.855413913726807,5.112536430358887,3.4441583156585693,3.0261545181274414,3.0548713207244873,5.16499662399292,7.588822364807129,8.447303771972656,9.818629264831543,9.684130668640137,4.424983024597168,-0.7548637986183167,-1.7983678579330444,-2.2370736598968506,-2.102323055267334,-0.2416222244501114,1.3971625566482544,2.629089117050171
4.902976036071777,4.8634209632873535,9.012373924255371,8.765178680419922,6.829113006591797,5.73492431640625,4.771358489990234,5.09033727645874,6.460695743560791,6.2034759521484375,3.481133460998535,3.827587842941284,5.462913513183594,4.036490440368652,2.6558568477630615,2.2047715187072754,1.7476969957351685,0.823501467704773,-0.7785040140151978,-1.2012842893600464,-0.42638808488845825,0.29620125889778137,0.3021569550037384,-0.8142560124397278,3.120722770690918,7.818648815155029,6.616099834442139,4.429538726806641,4.918250560760498,5.572607517242432,5.8704915046691895,6.777571201324463,5.1408209800720215,3.679173231124878,6.928213596343994,7.768111705780029,2.6319491863250732,-1.1216809749603271,-1.4348889589309692,-2.6947872638702393,-3.7439215183258057,-3.622168779373169,-3.094618320465088,-2.0117924213409424
7.411707878112793,9.355039596557617,9.90756893157959,8.108708381652832,6.330655097961426,4.993872165679932,3.843040704727173,3.8213887214660645,6.1046552658081055,7.560364246368408,6.1850690841674805,4.090789318084717,3.818769931793213,4.903405666351318,3.318652391433716,1.7158472537994385,1.7271660566329956,1.4830002784729004,0.3204056918621063,0.3294304609298706,0.5875263810157776,0.7028642892837524,0.7521612048149109,1.2766079902648926,4.620335102081299,6.425800800323486,6.851386070251465,6.208472728729248,4.5815749168396,4.230313301086426,3.432145595550537,3.553168535232544,0.6583574414253235,-0.7180727124214172,0.7726306319236755,1.1449038982391357,1.6447519063949585,4.620550632476807,4.276390075683594,0.45672300457954407,-1.7008708715438843,-3.2520222663879395,-5.471553802490234,-4.484742164611816
6.979515075683594,9.507575035095215,9.283568382263184,6.714819431304932,6.124646186828613,5.023181915283203,3.613175392150879,3.050041437149048,6.097587585449219,9.243130683898926,8.962982177734375,7.620898723602295,5.457492828369141,4.663743019104004,3.933485746383667,2.1920320987701416,1.57433021068573,1.9067871570587158,2.5240960121154785,3.03062105178833,2.7853612899780273,2.5600295066833496,2.9417049884796143,3.1823172569274902,4.117972373962402,4.62931489944458,4.401820182800293,3.5035135746002197,3.4980545043945312,2.937030792236328,2.0079145431518555,2.30098032951355,1.2748469114303589,-1.2397392988204956,-1.2442811727523804,1.3385454416275024,7.416423320770264,11.777246475219727,12.409256935119629,7.68248987197876,2.3460822105407715,1.0243489742279053,-1.2885347604751587,-6.145761013031006
4.011679649353027,4.256269931793213,6.665248870849609,6.869683742523193,6.858418941497803,5.5754804611206055,3.960162401199341,2.8962831497192383,5.13203763961792,10.470317840576172,12.608891487121582,12.386173248291016,9.689539909362793,6.947320938110352,5.47705602645874,3.4427778720855713,2.0669338703155518,2.402174472808838,4.026793479919434,4.214687347412109,3.5381221771240234,3.5607316493988037,5.163959503173828,5.031554698944092,3.4081063270568848,3.0219271183013916,1.9086811542510986,0.8374496102333069,1.4420708417892456,1.1441904306411743,1.5390105247497559,3.254795789718628,5.147775173187256,1.7161040306091309,-0.09397708624601364,1.8503777980804443,6.019563674926758,6.866842746734619,7.192226886749268,5.152677536010742,4.1597371101379395,3.178398847579956,4.831516742706299,0.6864372491836548
1.9792882204055786,1.7188977003097534,6.829585552215576,8.317668914794922,8.183207511901855,6.520719528198242,4.639817714691162,3.1280126571655273,3.7348926067352295,7.972162246704102,11.753534317016602,14.364007949829102,13.124098777770996,10.233927726745605,7.969907760620117,6.340179443359375,4.4510111808776855,3.784066677093506,5.3543701171875,7.149774551391602,7.5571417808532715,6.3358473777771,5.480316162109375,5.300357341766357,3.532452344894409,3.166154384613037,5.109626770019531,4.221485614776611,1.7778997421264648,1.126342535018921,1.652772307395935,3.6237056255340576,5.743115425109863,4.901575565338135,3.8145525455474854,3.2665398120880127,4.7039265632629395,5.518205642700195,5.513128757476807,3.7851333618164062,4.123415946960449,4.154759883880615,3.914318084716797,4.289655685424805
4.404778480529785,5.337944507598877,8.868485450744629,10.31269359588623,10.353726387023926,8.4761381149292,5.755801677703857,3.6503865718841553,4.045687675476074,7.092264652252197,10.209632873535156,13.396556854248047,13.613299369812012,12.959341049194336,11.835233688354492,10.397191047668457,7.725953578948975,6.674224376678467,7.357847690582275,4.823001384735107,3.3436365127563477,2.424877882003784,3.159510612487793,4.340053558349609,4.400289058685303,3.3521862030029297,2.6348259449005127,4.2486467361450195,6.031414985656738,5.940713405609131,5.469875335693359,6.445207595825195,7.938540935516357,7.511867523193359,6.462380409240723,5.878818035125732,6.484094619750977,7.0605363845825195,6.496150970458984,5.645662784576416,4.9276123046875,2.5341789722442627,1.8291875123977661,6.378979682922363
9.950146675109863,10.24565601348877,11.324604034423828,11.508574485778809,11.302141189575195,9.778952598571777,6.806109428405762,3.962493419647217,3.2640178203582764,5.788417339324951,10.950491905212402,14.974851608276367,16.977977752685547,17.272504806518555,16.158794403076172,14.588119506835938,11.938426971435547,9.72641658782959,10.964632034301758,6.3751349449157715,2.686417818069458,3.479536294937134,5.146341800689697,7.288896560668945,8.139321327209473,6.074100017547607,3.070653200149536,1.6223961114883423,4.102496147155762,6.0764617919921875,5.442661285400391,5.6883416175842285,7.409568786621094,9.212285995483398,7.052254676818848,3.9350996017456055,3.5510449409484863,4.294400691986084,4.7110490798950195,5.022736549377441,4.449998378753662,2.1340482234954834,2.410486936569214,4.423810005187988
