data/wind_data/wind_24_3.json
{"header": {"parameterUnit": "KT", "parameterCategory": 2, "nx": 256, "ny": 198, "lo1": 44.73521041870117, "la1": -3.236724853515625, "lo2": 111.26478576660156, "la2": 43.468475341796875, "dx": 0.2609002888202667, "dy": -0.23708222806453705, "refTime": "2025-02-20 00:00:00", "forecastTime": 0, "parameterNumber": 2, "parameterNumberName": "eastward_wind"}, "data":
[rows 171 to 189 of 198, columns 44 to 87 of 256]
7.858242034912109,8.462227821350098,11.48338794708252,11.635409355163574,6.533933162689209,3.5083084106445312,4.128779888153076,5.285159587860107,5.810957908630371,7.331826686859131,8.790176391601562,9.031220436096191,8.413558006286621,7.754427909851074,7.040013790130615,6.4764275550842285,6.102417945861816,5.842899799346924,6.10174560546875,6.592212200164795,6.711032867431641,6.4050211906433105,6.049076557159424,5.773078918457031,5.5384202003479,5.529478549957275,6.039877891540527,6.79697322845459,7.212621688842773,7.304009914398193,7.510474681854248,7.949099063873291,8.359000205993652,8.613186836242676,8.619053840637207,8.52815055847168,8.601152420043945,8.103119850158691,6.828775405883789,4.83152437210083,3.0070576667785645,3.3083672523498535,4.6394758224487305,3.3810465335845947
7.141303539276123,9.09570598602295,8.408182144165039,4.135854244232178,3.1937623023986816,4.367485523223877,4.08651876449585,4.541105270385742,6.4626054763793945,8.401987075805664,9.211919784545898,8.989886283874512,8.482982635498047,8.020718574523926,7.395181655883789,6.779352188110352,6.299679756164551,6.209161281585693,6.58310079574585,7.101272106170654,7.1845293045043945,6.784010410308838,6.264667510986328,5.883304595947266,5.764251708984375,6.043168544769287,6.635031223297119,6.990407466888428,6.794505596160889,6.4638447761535645,6.636917591094971,7.301815509796143,7.8434247970581055,8.084831237792969,8.199935913085938,8.188813209533691,8.216902732849121,7.845710754394531,6.657783508300781,4.71282958984375,3.013188600540161,3.649653196334839,5.068867206573486,5.123596668243408
4.092497825622559,3.973067045211792,1.0721272230148315,1.6813468933105469,6.58637809753418,6.01523494720459,4.942252159118652,5.950852394104004,7.650529384613037,8.853631973266602,9.207345008850098,8.916065216064453,8.536500930786133,8.17740535736084,7.636569976806641,6.954510688781738,6.423253059387207,6.393545150756836,6.785111904144287,7.304217338562012,7.394000053405762,6.96362829208374,6.425236225128174,6.120269298553467,6.180875301361084,6.5996856689453125,6.988135814666748,6.8025288581848145,6.025060653686523,5.362658977508545,5.523444175720215,6.29024600982666,6.900796890258789,7.282321929931641,7.702212810516357,7.95593786239624,8.004708290100098,7.608027458190918,6.344420909881592,4.524505615234375,2.7750625610351562,3.6979682445526123,4.921989440917969,4.659846782684326
1.585512638092041,0.4086590111255646,-0.8500800132751465,5.908290386199951,8.161665916442871,6.572015285491943,6.389738082885742,7.055126190185547,7.950536727905273,8.8289155960083,9.185471534729004,8.998653411865234,8.732309341430664,8.446959495544434,7.940059185028076,7.232909202575684,6.64954948425293,6.480050086975098,6.764892578125,7.23231840133667,7.328758716583252,6.952678680419922,6.619793891906738,6.604282379150391,6.844388961791992,7.132735252380371,7.0193305015563965,6.223135948181152,5.056942462921143,4.270936489105225,4.390097618103027,5.159770488739014,5.928013801574707,6.64674186706543,7.360074043273926,7.753678321838379,7.750804901123047,7.276604175567627,6.049638271331787,4.356544494628906,2.2285120487213135,1.4694035053253174,3.0857367515563965,4.907740592956543
2.4930691719055176,3.0373189449310303,3.895994186401367,7.406322479248047,7.202656269073486,6.702317714691162,7.0050554275512695,7.427298545837402,8.18354606628418,8.981619834899902,9.342731475830078,9.29826831817627,9.131390571594238,8.846830368041992,8.311948776245117,7.647707939147949,7.011816501617432,6.603461742401123,6.728219509124756,7.155239582061768,7.251400470733643,6.997809886932373,6.9618611335754395,7.239558219909668,7.516998767852783,7.327993869781494,6.431210517883301,5.146927356719971,3.9510393142700195,3.2714784145355225,3.4675261974334717,4.419339656829834,5.523840427398682,6.484201431274414,7.160619735717773,7.357539176940918,7.215060234069824,6.766911029815674,5.775564670562744,4.473816871643066,2.9751973152160645,1.4737694263458252,2.2284841537475586,4.324584484100342
3.641868829727173,4.359838962554932,5.403152942657471,6.168379306793213,6.289035797119141,6.652088165283203,7.2229437828063965,7.9958343505859375,8.847236633300781,9.485379219055176,9.786686897277832,9.762325286865234,9.52844524383545,9.119874954223633,8.566225051879883,8.013080596923828,7.396519184112549,6.860865116119385,6.918931007385254,7.3321943283081055,7.393390655517578,7.239459991455078,7.394155979156494,7.779794216156006,7.74891471862793,6.788933277130127,5.286856174468994,3.9190008640289307,2.8816745281219482,2.448725700378418,3.028175115585327,4.313808441162109,5.514048099517822,6.269887924194336,6.606352806091309,6.48561954498291,6.1837615966796875,5.916792869567871,5.2752203941345215,4.497340202331543,5.047874450683594,5.036675930023193,3.4415507316589355,3.8156306743621826
3.6864876747131348,3.900036096572876,4.705924987792969,5.580000877380371,6.249775409698486,6.8848114013671875,7.8462090492248535,8.991020202636719,9.792816162109375,10.15328311920166,10.211480140686035,9.983623504638672,9.542068481445312,9.061532974243164,8.656683921813965,8.321327209472656,7.8369669914245605,7.320074558258057,7.3505072593688965,7.695459365844727,7.688655853271484,7.5243377685546875,7.70497465133667,7.940948009490967,7.306103706359863,5.639814376831055,3.95674991607666,2.7817203998565674,2.056105375289917,2.200812816619873,3.2817442417144775,4.385419845581055,4.941490173339844,5.13480281829834,5.194365978240967,5.067590236663818,4.706965446472168,4.574281215667725,4.708357334136963,4.60380744934082,5.212080478668213,5.354446887969971,2.954120635986328,2.110302686691284
3.876279354095459,4.422916412353516,5.19492244720459,6.195196628570557,6.999953269958496,7.891651153564453,9.071455955505371,10.178021430969238,10.752975463867188,10.840551376342773,10.570462226867676,10.043590545654297,9.477076530456543,9.124615669250488,8.937335014343262,8.792376518249512,8.414249420166016,7.9603590965271,7.921425819396973,8.053969383239746,7.891676902770996,7.704880714416504,7.804204940795898,7.617493629455566,6.204719066619873,4.1427226066589355,2.7143235206604004,1.9224433898925781,1.815447449684143,2.5620343685150146,3.4174716472625732,3.46519136428833,3.1195812225341797,3.0627501010894775,3.227414131164551,3.303767204284668,3.1397109031677246,3.29341983795166,4.118739128112793,4.807063102722168,4.963193416595459,4.8450093269348145,3.3218953609466553,1.8848464488983154
5.390680313110352,6.1961517333984375,6.935511112213135,7.761239051818848,8.673663139343262,9.689699172973633,10.658079147338867,11.217192649841309,11.30766487121582,11.107690811157227,10.57200813293457,9.86301326751709,9.419854164123535,9.312241554260254,9.358599662780762,9.392729759216309,9.08852767944336,8.672893524169922,8.489434242248535,8.315401077270508,7.955066680908203,7.705052852630615,7.529151439666748,6.562411308288574,4.434123992919922,2.6379451751708984,1.7412257194519043,1.4770699739456177,1.9498366117477417,2.566715955734253,2.3232147693634033,1.4582937955856323,1.0333791971206665,1.3205540180206299,1.7490813732147217,1.917061686515808,1.943512201309204,2.458399772644043,3.615649938583374,4.526556968688965,4.882262706756592,4.858980655670166,4.301900386810303,2.9756851196289062
7.430457592010498,8.286957740783691,9.089478492736816,9.833328247070312,10.731904029846191,11.4678373336792,11.744657516479492,11.518004417419434,11.102007865905762,10.651556015014648,10.075948715209961,9.596108436584473,9.502352714538574,9.734983444213867,10.12610149383545,10.293951034545898,9.943975448608398,9.436287879943848,9.053565979003906,8.589665412902832,7.981321811676025,7.433100700378418,6.549025535583496,4.631357192993164,2.6009390354156494,1.597639799118042,1.104534387588501,1.3570868968963623,1.8030054569244385,1.4083443880081177,0.4066822826862335,-0.12921756505966187,0.1901063323020935,0.8404356241226196,1.2252259254455566,1.2382882833480835,1.0918768644332886,1.3253097534179688,2.4749722480773926,3.7772574424743652,4.634261131286621,4.760321140289307,4.6142988204956055,3.805481195449829
8.9856538772583,9.814350128173828,10.559062957763672,11.152120590209961,11.732539176940918,11.859946250915527,11.486878395080566,10.841425895690918,10.227455139160156,9.780877113342285,9.54452896118164,9.631220817565918,10.065627098083496,10.702103614807129,11.303468704223633,11.43781566619873,10.96497631072998,10.26752758026123,9.550734519958496,8.711976051330566,7.796477794647217,6.718489170074463,4.887082099914551,2.608597993850708,1.4056662321090698,0.8875803351402283,0.8805757164955139,1.2271887063980103,0.7278892397880554,-0.3956020772457123,-0.9278789758682251,-0.5524766445159912,0.28424400091171265,0.8600368499755859,0.8691118955612183,0.6406712532043457,0.43516805768013,0.17401888966560364,0.5688597559928894,1.8442519903182983,3.471363067626953,4.701916217803955,4.694263458251953,4.5653977394104
9.341955184936523,9.908881187438965,10.347100257873535,10.752238273620605,11.050522804260254,10.798880577087402,10.24079418182373,9.614760398864746,9.186967849731445,9.185840606689453,9.584980010986328,10.27501106262207,11.093810081481934,11.91662883758545,12.491232872009277,12.384793281555176,11.591862678527832,10.491071701049805,9.398333549499512,8.321406364440918,7.160161018371582,5.422818660736084,2.8994083404541016,1.2030209302902222,0.657709538936615,0.47311556339263916,0.8179802894592285,0.31685155630111694,-0.7730318307876587,-1.4314374923706055,-1.276123285293579,-0.6401723027229309,0.015220042318105698,0.06401562690734863,-0.3899989128112793,-0.6280677914619446,-0.5117290019989014,-0.4363407492637634,-0.19526027143001556,0.5926033854484558,2.1145505905151367,4.877915859222412,5.58755350112915,5.278555393218994
8.615574836730957,8.819869041442871,9.209600448608398,9.779777526855469,9.955547332763672,9.504571914672852,9.008157730102539,8.75399398803711,8.939724922180176,9.562664031982422,10.377269744873047,11.203683853149414,12.038286209106445,12.786489486694336,12.95036792755127,12.244881629943848,11.00473690032959,9.677063941955566,8.512279510498047,7.41626501083374,6.052980422973633,3.669391393661499,1.319089651107788,0.4323069155216217,0.09927933663129807,0.3802599310874939,0.20605111122131348,-1.0322784185409546,-1.6513144969940186,-1.8857799768447876,-1.882209062576294,-1.304740309715271,-1.1869868040084839,-1.9649449586868286,-2.758211135864258,-2.8137199878692627,-2.3518259525299072,-1.670250415802002,-0.8904260993003845,0.2858465611934662,2.5262465476989746,5.00289249420166,5.961496829986572,5.581916332244873
7.9101481437683105,8.20347785949707,8.795809745788574,9.338971138000488,9.235065460205078,8.74435043334961,8.559993743896484,8.916435241699219,9.661131858825684,10.470160484313965,11.25551986694336,12.083290100097656,12.803359985351562,12.899422645568848,12.167256355285645,10.876029014587402,9.286368370056152,7.940323352813721,7.020452976226807,6.160224437713623,4.525161266326904,1.9379786252975464,0.4151134490966797,-0.1761348992586136,-0.2668949365615845,0.05461996793746948,-0.8885459303855896,-1.8769831657409668,-2.0578277111053467,-2.691129446029663,-2.9844324588775635,-2.636726140975952,-3.1369123458862305,-4.245219707489014,-4.7111897468566895,-4.377119541168213,-3.742642402648926,-2.952901840209961,-1.9095462560653687,-0.15492776036262512,1.9478639364242554,3.9436237812042236,5.311973571777344,5.486569404602051
8.21607494354248,8.81863021850586,9.184483528137207,9.2340726852417,8.907448768615723,8.724685668945312,9.024944305419922,9.648822784423828,10.232145309448242,10.769092559814453,11.613614082336426,12.575687408447266,12.884994506835938,12.152641296386719,10.723617553710938,8.863790512084961,6.907387733459473,5.826010227203369,5.401535987854004,4.749602794647217,2.836947202682495,0.811946451663971,-0.07291433960199356,-0.7063113451004028,-0.6185181140899658,-0.7833744287490845,-1.8263682126998901,-2.4191861152648926,-2.7425787448883057,-3.417722463607788,-3.820359945297241,-3.9940435886383057,-4.473295211791992,-4.901902675628662,-5.041995048522949,-4.948673725128174,-4.661422252655029,-4.106357574462891,-2.956702947616577,-1.0928702354431152,0.9245741963386536,2.6885626316070557,4.315332412719727,5.267686367034912
9.045271873474121,9.47765064239502,9.469549179077148,9.149943351745605,8.95071029663086,9.172791481018066,9.641162872314453,9.953112602233887,10.043060302734375,10.504719734191895,11.565644264221191,12.475655555725098,12.34029769897461,10.971582412719727,8.880175590515137,6.478647232055664,4.572260856628418,3.980572462081909,4.031869411468506,3.2625937461853027,1.439555287361145,0.37895357608795166,-0.4882963001728058,-1.2087223529815674,-1.1782302856445312,-1.7452625036239624,-2.648634910583496,-3.223477602005005,-3.7937564849853516,-4.273683547973633,-4.48304557800293,-4.493382930755615,-4.53666353225708,-4.851344585418701,-5.241228103637695,-5.240135669708252,-4.8508992195129395,-4.506499290466309,-3.871351957321167,-2.3355062007904053,-0.30567920207977295,1.8440569639205933,3.6840364933013916,5.229883670806885
9.619946479797363,9.636326789855957,9.430878639221191,9.242810249328613,9.278014183044434,9.441756248474121,9.574042320251465,9.547971725463867,9.688624382019043,10.382434844970703,11.303032875061035,11.788750648498535,11.269291877746582,9.51476764678955,6.963949680328369,4.391519546508789,2.9563651084899902,2.858705997467041,2.9914045333862305,1.9021774530410767,0.6598438620567322,0.11592869460582733,-0.9881755709648132,-1.6496467590332031,-1.8809914588928223,-2.672274351119995,-3.4806337356567383,-3.922696828842163,-4.472428321838379,-4.801368236541748,-4.64647912979126,-4.258212566375732,-4.400906562805176,-4.920146465301514,-5.0281195640563965,-4.670162677764893,-4.087244987487793,-3.8624746799468994,-3.870847463607788,-3.2590487003326416,-1.6104482412338257,0.835750937461853,3.3381187915802,5.322404384613037
9.813145637512207,9.455519676208496,9.351058006286621,9.468345642089844,9.459593772888184,9.270271301269531,9.113740921020508,9.170063018798828,9.710716247558594,10.387057304382324,10.482054710388184,10.039923667907715,9.111810684204102,7.3017473220825195,4.829626560211182,2.7668216228485107,2.0290675163269043,2.2146973609924316,1.969569206237793,0.7896702885627747,0.20915894210338593,-0.35164299607276917,-1.4044344425201416,-1.9546626806259155,-2.4879374504089355,-3.2773494720458984,-3.861206293106079,-4.149596691131592,-4.548097610473633,-4.680996894836426,-4.547408580780029,-4.6171135902404785,-4.656795501708984,-4.457624435424805,-3.8605880737304688,-3.2199487686157227,-2.755124807357788,-2.633406162261963,-2.9105348587036133,-3.1350350379943848,-2.470022201538086,-0.495997816324234,2.542191743850708,5.025787353515625
10.5081148147583,10.081315994262695,10.143421173095703,10.274380683898926,9.815248489379883,9.222733497619629,9.023659706115723,9.271623611450195,9.837060928344727,10.14992618560791,9.616813659667969,8.461699485778809,6.968473434448242,5.0933051109313965,3.1119885444641113,1.8852262496948242,1.734195351600647,1.8429447412490845,1.062804102897644,0.13207164406776428,-0.07000838220119476,-0.6738166809082031,-1.5304337739944458,-2.0929338932037354,-2.7293403148651123,-3.384836435317993,-3.862013578414917,-4.197638988494873,-4.374322891235352,-4.2635416984558105,-4.170320987701416,-4.2873125076293945,-4.128691673278809,-3.692798376083374,-2.97221040725708,-2.026421546936035,-1.4550756216049194,-1.4909203052520752,-1.910583257675171,-2.363241672515869,-2.262906551361084,-1.2697796821594238,1.3347704410552979,4.300702095031738
