data/wind_data/wind_57_7.json
{"header": {"parameterUnit": "KT", "parameterCategory": 2, "nx": 256, "ny": 198, "lo1": 44.73521041870117, "la1": -3.236724853515625, "lo2": 111.26478576660156, "la2": 43.468475341796875, "dx": 0.2609002888202667, "dy": -0.23708222806453705, "refTime": "2025-02-21 09:00:00", "forecastTime": 0, "parameterNumber": 2, "parameterNumberName": "eastward_wind"}, "data":
[rows 140 to 159 of 198, columns 132 to 175 of 256]
65.55577087402344,68.01722717285156,69.52352905273438,68.3653335571289,67.19408416748047,66.99807739257812,66.66134643554688,66.75279235839844,67.09520721435547,66.60747528076172,66.32518768310547,67.07861328125,67.52281951904297,67.25759887695312,67.77005004882812,68.66417694091797,67.81808471679688,66.61671447753906,68.2769546508789,72.14380645751953,75.27470397949219,76.530517578125,76.45491027832031,75.83973693847656,75.40052032470703,75.49565124511719,76.3191146850586,77.1312484741211,77.80501556396484,78.51089477539062,79.50688934326172,80.67806243896484,82.33568572998047,81.92310333251953,79.21209716796875,76.54833984375,76.74459838867188,77.48504638671875,76.31946563720703,73.9548568725586,72.28353881835938,71.6626205444336,71.46302795410156,71.57425689697266
65.35888671875,67.41996765136719,67.6151123046875,66.76922607421875,66.81394958496094,66.2392578125,65.48235321044922,66.22860717773438,66.73917388916016,65.99687957763672,66.20561981201172,67.9859619140625,68.72648620605469,67.83495330810547,67.27212524414062,67.15181732177734,66.29556274414062,65.84427642822266,67.58953857421875,70.91199493408203,74.05169677734375,76.22248077392578,77.29266357421875,77.23587036132812,76.28400421142578,75.37205505371094,75.25225067138672,76.06624603271484,77.1113052368164,78.11616516113281,79.6302490234375,80.99043273925781,81.25479888916016,79.23091125488281,76.39276885986328,74.33963012695312,75.0768051147461,75.80442810058594,74.4051742553711,72.51217651367188,71.1600341796875,70.24606323242188,69.74205780029297,69.7299575805664
63.87074279785156,64.49806213378906,65.60101318359375,67.12236785888672,68.03791809082031,66.43791961669922,64.88475799560547,65.47148895263672,65.66468048095703,64.93895721435547,65.86499786376953,68.25312805175781,69.20332336425781,68.49227142333984,67.74279022216797,66.91228485107422,65.77057647705078,65.57152557373047,67.21375274658203,69.90316772460938,72.48526000976562,74.63219451904297,76.15110778808594,76.72852325439453,76.21855163574219,75.43257141113281,74.4384994506836,74.47103881835938,75.18353271484375,76.66634368896484,78.64566802978516,79.75176239013672,78.4297866821289,74.87235260009766,72.20097351074219,72.00608825683594,73.59268188476562,74.30189514160156,72.57492065429688,70.23249816894531,68.84908294677734,68.38999938964844,68.30341339111328,68.27597045898438
61.461490631103516,61.692481994628906,65.15886688232422,68.29200744628906,68.70415496826172,66.96446228027344,65.39301300048828,65.03158569335938,64.71249389648438,64.53701782226562,65.80866241455078,67.72537994384766,68.51201629638672,68.52928924560547,68.51514434814453,67.86785888671875,66.5793685913086,66.11759185791016,67.45301818847656,69.76451873779297,71.64800262451172,72.76592254638672,73.50386810302734,74.130615234375,74.98138427734375,75.36304473876953,73.8371810913086,72.80689239501953,72.97795867919922,74.48870849609375,75.71401977539062,77.71491241455078,76.38068389892578,71.17313385009766,67.52142333984375,68.45556640625,71.32573699951172,71.367431640625,68.89605712890625,67.44755554199219,67.60282897949219,67.5669174194336,66.83818054199219,66.08990478515625
61.165428161621094,61.149200439453125,64.14340209960938,67.0421142578125,67.83992004394531,67.77373504638672,66.70232391357422,64.64936065673828,64.03231048583984,65.43565368652344,66.93504333496094,67.68253326416016,68.04988098144531,68.34223175048828,68.39212036132812,67.89762115478516,66.91564178466797,66.3366928100586,67.20242309570312,69.10270690917969,70.62562561035156,71.14328002929688,71.31722259521484,71.70244598388672,73.35014343261719,74.85424041748047,73.55476379394531,71.43955993652344,72.30020141601562,72.48489379882812,71.54244232177734,72.6292495727539,73.45921325683594,70.98778533935547,67.31643676757812,66.3490219116211,67.06924438476562,65.78816223144531,63.44065475463867,63.422096252441406,65.45598602294922,66.57856750488281,65.71611785888672,64.43740844726562
63.690940856933594,62.55174255371094,62.93631362915039,64.94432067871094,66.37178802490234,67.63677978515625,67.67347717285156,65.34992218017578,64.23382568359375,66.15220642089844,68.05821228027344,68.31568908691406,67.82022857666016,67.4417495727539,67.36762237548828,67.3189697265625,66.88723754882812,66.52392578125,67.26188659667969,68.8320083618164,70.05582427978516,70.40218353271484,70.47550964355469,70.86958312988281,72.0982437133789,73.68329620361328,73.0403823852539,70.50487518310547,69.88482666015625,71.49282836914062,70.91407775878906,69.28780364990234,69.0638198852539,68.0794677734375,66.09962463378906,65.0592269897461,64.42648315429688,61.77147674560547,59.8439826965332,61.189693450927734,64.13327026367188,65.61929321289062,63.88311767578125,61.709320068359375
63.70235061645508,62.87779998779297,63.221160888671875,64.79376220703125,65.69314575195312,66.65435028076172,67.61689758300781,66.62503051757812,65.17127990722656,66.05409240722656,67.75566101074219,67.87822723388672,66.94915008544922,66.49691772460938,66.9221420288086,67.35104370117188,66.96946716308594,66.64033508300781,67.57481384277344,69.09326934814453,69.94575500488281,70.05799865722656,70.0940170288086,70.39266204833984,70.9505615234375,71.809326171875,72.00831604003906,70.24959564208984,68.50358581542969,68.865478515625,68.86714935302734,67.17162322998047,65.28257751464844,64.26376342773438,63.484012603759766,63.11817169189453,62.071022033691406,59.86568832397461,58.701507568359375,59.524593353271484,61.63018798828125,62.59925079345703,61.78502655029297,60.878509521484375
62.6324577331543,62.43846130371094,63.628379821777344,65.40577697753906,66.29467010498047,67.36412048339844,68.5583724975586,67.883544921875,65.81855773925781,65.10018157958984,65.9697494506836,66.47847747802734,66.30475616455078,66.6230239868164,67.54000091552734,67.77078247070312,66.90093231201172,66.48431396484375,67.5776138305664,68.99137115478516,69.60257720947266,69.72517395019531,69.7341079711914,69.52864837646484,69.35404205322266,69.79035186767578,70.49490356445312,69.73029327392578,67.61536407470703,66.396484375,66.2641372680664,65.28858184814453,62.93035125732422,61.15290451049805,60.26054763793945,60.292152404785156,60.02490997314453,59.226806640625,58.08308029174805,58.159244537353516,59.356998443603516,60.32659912109375,60.75930404663086,61.04816818237305
61.60994338989258,62.72502517700195,63.948299407958984,65.21920013427734,66.76082611083984,68.50251770019531,69.18269348144531,67.84117889404297,65.5525131225586,64.33800506591797,64.81468963623047,65.76234436035156,66.31288146972656,67.16690826416016,68.20121002197266,67.97618865966797,66.58434295654297,65.92767333984375,66.73530578613281,67.92144012451172,68.81208801269531,69.46515655517578,69.4502944946289,68.46727752685547,67.5557632446289,67.89490509033203,68.791748046875,68.12608337402344,65.94869232177734,64.62112426757812,64.77801513671875,64.04583740234375,61.30506134033203,58.52467727661133,57.22984313964844,57.60750961303711,58.26626205444336,58.429752349853516,57.87126159667969,57.16872024536133,57.03913497924805,57.99143981933594,59.40486526489258,60.42523956298828
61.629364013671875,64.32676696777344,64.69918060302734,64.60382843017578,66.15677642822266,68.50894927978516,69.0822982788086,67.12184143066406,64.80552673339844,64.209716796875,65.07229614257812,66.14718627929688,66.78697204589844,67.44549560546875,68.05321502685547,67.56855773925781,65.98725891113281,64.90653991699219,65.2308120727539,66.53997802734375,67.97367095947266,68.85746002197266,68.63495635986328,67.38347625732422,66.40110778808594,66.29357147216797,66.190673828125,65.21696472167969,63.804771423339844,63.14513397216797,63.20939254760742,62.3868293762207,59.9323844909668,57.03529739379883,55.44050598144531,55.748897552490234,56.832786560058594,57.02332305908203,56.35756301879883,55.91891098022461,55.8370246887207,56.089027404785156,56.77433395385742,57.5334358215332
61.69842529296875,64.38838195800781,64.22001647949219,63.94097137451172,65.98865509033203,68.6191177368164,68.56976318359375,65.97953796386719,64.1216049194336,64.77320098876953,66.1671142578125,66.82164764404297,67.06686401367188,67.11286163330078,66.83573913574219,66.22688293457031,65.2486343383789,64.26444244384766,64.15973663330078,65.25221252441406,66.80345916748047,67.62957763671875,67.29515075683594,66.31360626220703,65.22831726074219,64.21468353271484,63.29813003540039,62.32632827758789,61.43942642211914,61.17790985107422,61.202171325683594,60.54644775390625,58.83782958984375,56.69581985473633,55.18262481689453,55.00701141357422,55.53162384033203,55.37224578857422,54.57480239868164,53.860042572021484,53.555850982666016,53.9559326171875,54.61948013305664,54.765071868896484
60.135677337646484,62.670249938964844,63.87856674194336,64.28608703613281,65.82128143310547,67.90752410888672,67.68611145019531,65.5849609375,64.61067199707031,65.64295959472656,66.94688415527344,67.23764038085938,66.81777954101562,66.11579895019531,65.41584014892578,64.94402313232422,64.59488677978516,64.00223541259766,63.53757858276367,63.796058654785156,65.05096435546875,65.7226333618164,65.2793960571289,64.31531524658203,63.155906677246094,61.757930755615234,60.71132278442383,60.15167236328125,59.804779052734375,59.84490203857422,59.69804382324219,58.40294647216797,57.076751708984375,56.15535354614258,55.673423767089844,55.0206413269043,54.525848388671875,54.070186614990234,53.66603088378906,52.95331573486328,52.50070571899414,52.858795166015625,53.30001449584961,53.04622268676758
59.12933349609375,61.97446823120117,63.83434295654297,64.36302185058594,64.75712585449219,65.93435668945312,66.46805572509766,65.86637878417969,65.59125518798828,66.42288970947266,67.52664947509766,67.60604858398438,66.52372741699219,65.19248962402344,64.40513610839844,64.08251953125,63.65279006958008,63.00651550292969,62.40261459350586,61.97323226928711,62.63876724243164,63.00260543823242,62.559749603271484,61.07670974731445,59.93336868286133,59.349830627441406,59.19112014770508,58.99353790283203,58.534088134765625,58.23676300048828,58.07108688354492,57.58480453491211,56.37246322631836,55.57365798950195,54.6041259765625,53.966453552246094,53.41522979736328,52.93624496459961,52.69061279296875,52.63767623901367,52.78152084350586,52.923160552978516,52.81789016723633,52.936988830566406
59.44404983520508,62.26424026489258,63.40665817260742,63.61953353881836,63.633583068847656,64.09977722167969,64.8709487915039,65.50335693359375,66.3062515258789,67.55304718017578,68.33645629882812,67.61198425292969,65.8921890258789,64.4491195678711,63.7035026550293,63.16288375854492,62.322086334228516,61.403160095214844,60.716915130615234,60.30658721923828,60.00153350830078,60.30188751220703,59.74461364746094,58.41073226928711,57.35726547241211,57.4774169921875,57.626625061035156,57.32367706298828,57.2239875793457,57.35881423950195,56.08662796020508,54.7293701171875,54.91218948364258,55.299251556396484,54.62384796142578,53.73891830444336,53.19447326660156,52.61139678955078,52.25288009643555,52.35236740112305,52.6023063659668,52.76127243041992,52.94715881347656,53.58210372924805
59.69719314575195,62.2375602722168,63.04350662231445,63.082794189453125,63.11166763305664,63.20262908935547,63.676029205322266,64.93577575683594,66.74452209472656,68.29798889160156,68.4403305053711,66.84099578857422,64.83853149414062,63.81922149658203,63.312522888183594,62.31367111206055,60.970062255859375,60.08913803100586,59.56716537475586,58.87627029418945,58.25189208984375,58.25359344482422,57.80744552612305,56.8505744934082,55.99443054199219,56.062129974365234,56.33796691894531,56.409454345703125,56.402923583984375,57.03266525268555,56.11540603637695,53.723140716552734,52.08710861206055,52.680667877197266,53.09669876098633,53.042850494384766,52.52161407470703,52.31086349487305,52.56374740600586,52.665557861328125,52.27540588378906,51.947147369384766,51.935585021972656,52.245094299316406
59.73975372314453,61.821022033691406,62.78317642211914,62.916900634765625,63.01662826538086,63.091373443603516,63.45578384399414,64.72493743896484,66.48790740966797,67.49925231933594,67.02490234375,65.43717956542969,64.12596893310547,63.760406494140625,63.09687423706055,61.61210632324219,60.00007247924805,58.906551361083984,58.41400146484375,57.982643127441406,57.42473602294922,57.06900405883789,56.674896240234375,55.95692825317383,55.23908615112305,55.1875114440918,55.66172790527344,56.09137725830078,56.089988708496094,55.95632553100586,54.94095230102539,53.46944046020508,52.0413703918457,52.1810188293457,52.460262298583984,51.93193817138672,51.4884033203125,52.0483512878418,52.79831314086914,52.446659088134766,51.420692443847656,50.41577911376953,49.73422622680664,49.86585998535156
59.54844665527344,61.03329849243164,62.08127212524414,62.87565231323242,63.5136604309082,63.470741271972656,63.1513671875,63.7513313293457,65.11079406738281,65.8193588256836,65.35160064697266,64.41676330566406,63.72612380981445,63.24828338623047,62.155487060546875,60.36320114135742,58.642486572265625,57.11738204956055,56.89433670043945,57.238739013671875,57.040687561035156,56.344120025634766,55.800785064697266,55.17116165161133,54.59082794189453,54.657928466796875,55.286136627197266,55.85921096801758,55.855979919433594,55.43086624145508,54.43577575683594,53.493309020996094,52.53902816772461,51.91977310180664,51.58277130126953,51.46882629394531,51.70396041870117,52.41558074951172,52.433204650878906,51.65227127075195,50.583404541015625,49.78046417236328,49.18186569213867,49.0949592590332
59.123313903808594,60.17636489868164,61.461341857910156,63.0528450012207,63.79666519165039,63.30557632446289,62.457969665527344,62.32697296142578,63.33742141723633,64.5178451538086,64.5936508178711,63.732383728027344,62.64601135253906,61.29017639160156,59.65059280395508,58.09130859375,56.45317840576172,55.09334182739258,55.32398223876953,56.21784591674805,56.090057373046875,55.261775970458984,54.45916748046875,54.07720947265625,54.111968994140625,54.36468505859375,54.83740234375,55.259647369384766,55.4860954284668,55.128883361816406,54.478065490722656,53.39442443847656,52.60740280151367,51.467010498046875,50.98019790649414,50.92062759399414,51.256507873535156,51.82400131225586,52.182342529296875,51.80427551269531,50.96339416503906,50.23343276977539,49.769527435302734,49.6859245300293
58.98444747924805,60.3005485534668,61.94889831542969,63.06711196899414,62.89407730102539,62.186580657958984,61.670467376708984,61.53134536743164,62.200706481933594,63.3791389465332,63.313961029052734,61.976219177246094,60.3325080871582,58.75900650024414,57.12179946899414,55.40397262573242,54.06614685058594,54.04322814941406,54.31147384643555,54.449806213378906,54.84882354736328,54.652099609375,53.211490631103516,52.25871658325195,52.72079086303711,53.70987319946289,54.35997009277344,55.008426666259766,55.1710205078125,54.99421310424805,53.941062927246094,53.38142776489258,52.59524154663086,51.377098083496094,50.87015914916992,50.871490478515625,50.81494903564453,51.231651306152344,51.95692825317383,51.99415969848633,51.43250274658203,50.92671585083008,50.67351531982422,50.670555114746094
59.670379638671875,61.35600662231445,62.62074661254883,62.48637008666992,61.559635162353516,61.21562576293945,61.15816879272461,60.88734436035156,61.01002883911133,61.58423614501953,61.23248291015625,59.8606071472168,58.4036865234375,57.04891586303711,55.36797332763672,53.172271728515625,52.652015686035156,53.204132080078125,54.1588249206543,54.37324142456055,53.572021484375,51.7411994934082,49.979774475097656,51.1417236328125,54.036041259765625,55.9111328125,56.173030853271484,55.95695495605469,55.217227935791016,54.57390594482422,53.55530548095703,53.00990676879883,52.747528076171875,52.61851119995117,52.1199951171875,50.970088958740234,50.00361633300781,50.58221435546875,51.8031005859375,51.97822570800781,51.451351165771484,51.254154205322266,51.40446090698242,51.37647247314453
