data/wind_data/wind_7_1.json
{"header": {"parameterUnit": "KT", "parameterCategory": 2, "nx": 256, "ny": 198, "lo1": 44.73521041870117, "la1": -3.236724853515625, "lo2": 111.26478576660156, "la2": 43.468475341796875, "dx": 0.2609002888202667, "dy": -0.23708222806453705, "refTime": "2025-02-19 07:00:00", "forecastTime": 0, "parameterNumber": 2, "parameterNumberName": "eastward_wind"}, "data":
[rows 95 to 113 of 198, columns 129 to 171 of 256]
3.440518617630005,3.386147975921631,-2.834022045135498,-1.9449872970581055,-1.8303248882293701,-1.512929081916809,1.1958882808685303,2.6398966312408447,3.877957820892334,2.4722981452941895,2.5156800746917725,1.6670721769332886,2.1834638118743896,1.3783220052719116,2.86895751953125,-1.9390943050384521,-0.1734108179807663,-1.6882033348083496,-0.8137104511260986,-4.116454601287842,0.609261155128479,-2.391789436340332,3.6771962642669678,-3.887632131576538,2.7775633335113525,-1.038766860961914,1.8661340475082397,-0.0586184523999691,-0.5496304035186768,-3.1144888401031494,-1.1799391508102417,3.0121774673461914,-7.5135040283203125,-10.999629020690918,-5.017946720123291,-3.284827470779419,-0.8215394616127014,2.0041115283966064,2.772300958633423,2.3409032821655273,2.8456344604492188,3.3589444160461426,4.05946683883667
3.1573331356048584,2.164456367492676,0.8498581647872925,-2.107173204421997,-2.9113287925720215,-0.7411604523658752,-0.562543511390686,3.335500478744507,1.4203424453735352,1.6796796321868896,0.09205860644578934,-0.3797968327999115,-0.6631942391395569,-0.7167670130729675,-0.9675111174583435,-2.1100449562072754,-3.24251389503479,-2.8583359718322754,-2.8141441345214844,-2.7038722038269043,-2.0417368412017822,-1.7783050537109375,3.48813796043396,-4.421965599060059,1.44537353515625,1.6148213148117065,1.6172459125518799,2.4471957683563232,-3.694222927093506,-3.675558567047119,-1.5249990224838257,2.4744350910186768,-1.6071306467056274,-7.089460372924805,-5.984729290008545,0.5401245951652527,0.5557699799537659,-0.1309126764535904,-0.09658864885568619,0.11506854742765427,1.3574411869049072,2.528115749359131,3.225492477416992
2.1373963356018066,1.5108188390731812,3.970989465713501,-0.004711315967142582,-1.8267602920532227,-1.8625638484954834,0.010007447563111782,1.623637080192566,1.4052306413650513,0.25753265619277954,-2.6342883110046387,-1.0997653007507324,-2.5284481048583984,-2.5992259979248047,-3.211836338043213,-4.790195465087891,-3.587663173675537,-4.665149211883545,-3.9004170894622803,-5.133033752441406,-5.54721736907959,6.285633563995361,-4.375040531158447,0.7861478924751282,-3.6584389209747314,4.784084796905518,0.5966350436210632,0.15687517821788788,-2.486575126647949,-2.7715604305267334,3.0658907890319824,-4.702132225036621,2.882884979248047,-4.52274751663208,3.482733964920044,-2.725140333175659,-1.2225706577301025,2.6788251399993896,3.981064796447754,4.584799766540527,5.0870842933654785,6.6888041496276855,4.445999622344971
0.10142634809017181,2.8369240760803223,1.2519980669021606,1.6613496541976929,0.2598607838153839,-1.177743673324585,-1.0569281578063965,1.246866226196289,2.4079766273498535,-1.1474281549453735,-4.080164432525635,-1.335898995399475,-4.39312744140625,-3.7845118045806885,-4.589989185333252,-3.7353081703186035,-5.312131404876709,-4.633761882781982,-5.1415300369262695,-4.488803863525391,-5.179704666137695,-1.9869214296340942,-2.1927523612976074,-3.8991940021514893,0.34913796186447144,0.05112031474709511,0.7696077823638916,-3.3285343647003174,-3.0212042331695557,-2.1583032608032227,-2.3804662227630615,-3.8592021465301514,-0.6193385124206543,-1.690899133682251,3.6847400665283203,-2.0354580879211426,1.8734463453292847,3.5527124404907227,3.9403574466705322,4.200921058654785,4.510694980621338,2.051412582397461,6.086170673370361
3.9149234294891357,0.9227704405784607,0.34248194098472595,0.1111970990896225,-0.5419420599937439,-1.2562638521194458,-1.3109104633331299,1.0794857740402222,3.954071283340454,-0.9128331542015076,-1.8970128297805786,-4.135768890380859,-3.8618648052215576,-4.418162822723389,-4.511630535125732,-4.737527370452881,-4.44620418548584,-4.547298908233643,-4.361704349517822,-4.557466506958008,-3.1577234268188477,-4.952896595001221,-2.688441038131714,-2.3660693168640137,-1.6394439935684204,0.27907413244247437,-0.9646576642990112,-3.56754207611084,-4.385864734649658,-3.962399959564209,-3.1450355052948,-4.297110557556152,-2.511613607406616,-0.4549430012702942,0.8124386072158813,-0.9411121606826782,1.6131880283355713,1.3370251655578613,3.038638114929199,1.0265007019042969,5.7632317543029785,0.21220827102661133,4.398797035217285
4.240501403808594,-2.238508939743042,1.4438636302947998,-3.280327320098877,-1.6086782217025757,-2.197789192199707,-0.6016638278961182,0.5206327438354492,2.4159445762634277,2.6669669151306152,-1.2820794582366943,-3.2688560485839844,-5.097753524780273,-4.08172607421875,-4.549438953399658,-3.9080309867858887,-3.0945167541503906,-1.1436545848846436,-2.6990792751312256,-1.1377936601638794,-3.7722318172454834,-3.818507432937622,-1.8692395687103271,-4.046563148498535,-2.941607713699341,-4.574599266052246,-1.2952945232391357,-3.647000551223755,-4.935633659362793,-3.9620184898376465,-3.79135799407959,-4.668130874633789,-3.50431752204895,-2.885457992553711,-0.5688092112541199,-2.282438039779663,1.2094320058822632,-0.3982727527618408,1.828792691230774,0.9206502437591553,2.535130500793457,1.3263858556747437,2.059644937515259
-2.462415933609009,-1.2761940956115723,-2.367250919342041,-2.367097854614258,-3.2032883167266846,-2.199749708175659,-2.114663600921631,0.17816713452339172,1.3395545482635498,3.9402947425842285,2.0022244453430176,1.3785548210144043,-5.200019359588623,-5.103612422943115,-5.662936687469482,-1.9604641199111938,-2.1487367153167725,4.37951135635376,-1.4725754261016846,2.6014556884765625,-4.98067569732666,1.0755414962768555,-3.1507303714752197,-1.737114667892456,-2.775909423828125,-2.847740650177002,-3.8744006156921387,-5.2338409423828125,-5.84454870223999,-5.164000988006592,-2.3141260147094727,-5.375349044799805,-4.677152156829834,-3.4567172527313232,-2.939068555831909,-3.0094223022460938,-0.40534067153930664,-1.36345636844635,0.8234238028526306,1.6899168491363525,0.23035630583763123,2.2656044960021973,-0.15777835249900818
-4.775610446929932,-4.543781280517578,-3.896214008331299,-2.75966215133667,-3.1430118083953857,-2.179330587387085,-2.2094030380249023,2.59216046333313,-1.8808344602584839,7.519906520843506,1.2098252773284912,2.594806671142578,-1.1941901445388794,-3.4291329383850098,-5.596316337585449,-0.665592610836029,-0.2574892044067383,3.9585254192352295,5.016114234924316,4.43515157699585,-0.26208174228668213,3.9170541763305664,-2.4018301963806152,0.12691636383533478,-3.033886194229126,-2.0463004112243652,-2.960763454437256,-5.180002212524414,-5.031031131744385,-4.818639278411865,-3.55411434173584,-1.9758692979812622,-6.098812103271484,-2.5755386352539062,-4.442739009857178,-1.9417475461959839,-2.5132179260253906,-0.0087889414280653,-0.32007768750190735,1.4819226264953613,-0.7318031191825867,1.591759443283081,-0.48385870456695557
-5.931038856506348,-5.196174144744873,-5.043786525726318,-4.022974967956543,-3.3785247802734375,-2.580173969268799,-1.4248158931732178,0.406994491815567,0.015916569158434868,1.4065101146697998,0.20162852108478546,-0.6864413022994995,1.3053628206253052,1.4146546125411987,1.8291252851486206,1.3053585290908813,1.965900182723999,2.953240394592285,5.254025459289551,7.078464508056641,6.7473673820495605,5.068015098571777,0.8473119735717773,-2.185119867324829,-0.4248719811439514,-2.0701744556427,-3.3945417404174805,-5.627317428588867,-5.161313533782959,-2.641698122024536,-4.287637710571289,-2.6166718006134033,-3.99292254447937,-2.98945689201355,-2.953462600708008,-2.2630748748779297,-2.269493818283081,-0.9575075507164001,-0.516424834728241,-0.15217028558254242,-0.4873559772968292,0.9109677076339722,-0.8070158362388611
-5.566361427307129,-5.9970173835754395,-5.872974395751953,-5.1117753982543945,-4.1086106300354,-3.9198179244995117,-3.5075507164001465,-1.988679051399231,-3.859097480773926,-4.497659683227539,-1.8618351221084595,-1.986577033996582,1.5833523273468018,1.2751740217208862,3.0137460231781006,0.18253643810749054,0.5696355700492859,0.5752301216125488,4.1829328536987305,5.092272758483887,4.682622909545898,4.367938995361328,2.780468225479126,0.3455542325973511,0.6427161693572998,-1.2416062355041504,-2.64866304397583,-4.316195011138916,-4.4668660163879395,-4.014473915100098,-2.9073400497436523,-3.8173816204071045,-2.3561036586761475,-3.4829459190368652,-1.8884018659591675,-2.07967472076416,-1.525283694267273,-1.249422550201416,-1.7248282432556152,-1.0200494527816772,-1.1179907321929932,-0.34027916193008423,-0.2825264036655426
-5.242525577545166,-5.533782958984375,-6.128511428833008,-5.324310302734375,-4.332345008850098,-4.642982006072998,-5.140398979187012,-5.075553894042969,-5.113649845123291,-4.928739547729492,-2.7292518615722656,-1.0868680477142334,0.20815272629261017,-0.21571213006973267,0.7685799598693848,-1.1202547550201416,-2.2412097454071045,1.7835828065872192,1.6737852096557617,-0.8034954071044922,0.8615542054176331,0.31373274326324463,0.6120610237121582,4.759749412536621,2.53373384475708,0.1776537150144577,-0.20763210952281952,-3.069335460662842,-3.786600351333618,-4.175135612487793,-2.9162323474884033,-3.8806467056274414,-3.2727677822113037,-3.3679041862487793,-1.4942115545272827,-2.37142014503479,-0.9681742787361145,-1.6657497882843018,-1.7702487707138062,-0.7139569520950317,-1.323227882385254,-0.5094760656356812,-0.28305092453956604
-3.5593318939208984,-5.7618279457092285,-5.572843074798584,-5.74680233001709,-4.138523578643799,-4.215879917144775,-5.472729682922363,-6.278575420379639,-5.230140686035156,-5.806089878082275,-2.708242177963257,-2.016442060470581,-1.6674935817718506,-2.3096184730529785,0.41891536116600037,-2.0646326541900635,-3.1824474334716797,1.6688724756240845,0.5558022260665894,-2.534024477005005,0.5160238146781921,-1.8079469203948975,0.6440500020980835,3.13136887550354,3.9134082794189453,0.6933044195175171,1.9018161296844482,-1.1331325769424438,-3.3391292095184326,-2.90667462348938,-3.112290143966675,-3.0389325618743896,-3.323834180831909,-2.832965850830078,-2.5422768592834473,-1.7190628051757812,-1.4757366180419922,-0.6747540235519409,-1.859300971031189,0.08512458205223083,-0.9008173942565918,0.5604754686355591,-0.9903112649917603
-3.6153337955474854,-4.818929672241211,-5.781198024749756,-5.835145473480225,-5.19058895111084,-4.862013339996338,-5.275527000427246,-6.484936237335205,-2.8282225131988525,-6.175441265106201,-3.572129249572754,-2.0488064289093018,-4.10895299911499,-1.5977717638015747,-0.7823938727378845,-1.1572117805480957,-2.0451133251190186,-1.169432520866394,0.6053343415260315,-1.556464433670044,-0.31053194403648376,-0.5926496982574463,1.2270536422729492,2.070624351501465,3.4682559967041016,2.561962842941284,1.6752430200576782,1.1048431396484375,-3.280733585357666,-1.2589733600616455,-3.237499475479126,-2.2502453327178955,-2.3830041885375977,-0.7411341071128845,-2.9769649505615234,-0.7036440372467041,-2.239670515060425,-0.2353494018316269,-2.3492112159729004,1.5813374519348145,-2.7000083923339844,2.622403383255005,-1.1950387954711914
-3.8850276470184326,-5.443740367889404,-6.084255695343018,-6.395718097686768,-5.091597557067871,-5.938920497894287,-4.048193454742432,-5.076324939727783,-3.921635866165161,-5.2052741050720215,-3.9116430282592773,-0.393779456615448,-5.990403652191162,0.04257501661777496,-2.3034040927886963,-1.5366532802581787,-1.9280823469161987,-0.34553495049476624,0.8106911778450012,0.9209955334663391,-0.734514594078064,0.2869032621383667,1.898523211479187,-1.1067136526107788,3.2329835891723633,0.4528532326221466,2.084169626235962,0.3465699553489685,-0.9930811524391174,-0.14492568373680115,-1.5884523391723633,-1.1914551258087158,0.42975133657455444,-1.2547975778579712,0.940714418888092,-1.3788422346115112,-0.7072240114212036,1.390091061592102,-2.2672314643859863,0.40519070625305176,0.31448039412498474,0.03950093686580658,1.2871859073638916
-2.639528512954712,-7.039420127868652,-5.260931491851807,-6.992434024810791,-4.602209568023682,-5.177039623260498,-4.410184383392334,-3.327162265777588,-3.897879123687744,-2.991112232208252,-2.154254198074341,-2.1560378074645996,-2.7967371940612793,-0.6482386589050293,-2.6115901470184326,-1.6558918952941895,0.561286449432373,-0.17655101418495178,1.4219727516174316,2.537504196166992,-0.2951389253139496,0.291517972946167,0.30806681513786316,-1.2304211854934692,0.9294595718383789,-0.2764236330986023,1.680822491645813,1.4930201768875122,0.022843437269330025,-0.25209200382232666,-0.4001033306121826,-0.36620479822158813,0.028026945888996124,1.339697003364563,2.1356735229492188,-0.20395246148109436,-0.30356812477111816,0.08463190495967865,0.35446789860725403,0.6289622187614441,0.9223650693893433,1.734342336654663,1.4322172403335571
-3.8464415073394775,-5.912367820739746,-6.459542751312256,-5.926565647125244,-3.309443950653076,-5.74920129776001,-4.197573661804199,-2.0201222896575928,-3.020444393157959,-1.536054015159607,-1.990523099899292,-1.0907049179077148,-0.6299653649330139,-1.810074806213379,0.5189804434776306,-0.6206003427505493,1.8677427768707275,-0.2719247043132782,2.4971139430999756,-0.7021514177322388,2.5849878787994385,-1.7419086694717407,-0.29227176308631897,-0.01792791299521923,-0.22528909146785736,1.0193110704421997,-0.27849894762039185,2.5209829807281494,-1.1654545068740845,-0.9225587248802185,-0.3200448751449585,-1.5804352760314941,-0.43294069170951843,0.5823087096214294,4.314586639404297,-2.128178119659424,0.19052653014659882,-0.7853763699531555,1.7456265687942505,0.07544808089733124,2.1275112628936768,1.4461466073989868,1.9672935009002686
-6.649619102478027,-4.900782585144043,-6.732085704803467,-4.999346733093262,-2.6512699127197266,-4.9949951171875,-3.0145325660705566,-2.891684055328369,-0.9131471514701843,-1.3177157640457153,-1.170925259590149,-1.6179181337356567,-0.1009233221411705,-1.1315059661865234,1.438635230064392,-1.1541048288345337,3.6094202995300293,-0.9295890927314758,1.4298877716064453,0.3052351474761963,0.607512891292572,0.3907768130302429,0.5649179816246033,0.45883357524871826,0.4237014055252075,0.7688422203063965,-0.055369433015584946,-0.18844600021839142,-1.6444556713104248,-1.334512710571289,-1.833520770072937,-1.958984375,-1.5758962631225586,-0.17248840630054474,2.549762487411499,-0.909730851650238,1.1309353113174438,-0.4613286852836609,2.250284194946289,0.7758669853210449,1.6807090044021606,1.2687010765075684,2.241485834121704
-6.7056097984313965,-4.478887557983398,-5.642965316772461,-3.3627471923828125,-2.9790701866149902,-2.743201971054077,-2.339725971221924,-1.6306829452514648,-1.0321431159973145,-0.6150293350219727,-0.5975615978240967,-0.40614914894104004,0.09513804316520691,0.0038446488324552774,-0.021524325013160706,0.7140787243843079,0.46536484360694885,0.9546672105789185,0.5314223170280457,0.2512730658054352,0.6565331816673279,1.0713989734649658,1.1318676471710205,1.2740658521652222,1.2109214067459106,0.5595545172691345,-0.8541299104690552,-0.3964937627315521,-1.7008349895477295,-0.2247098684310913,-1.3180187940597534,-1.312273621559143,-1.0138769149780273,-0.23464785516262054,1.7594348192214966,0.29163625836372375,1.0190834999084473,0.8519142270088196,1.1205419301986694,0.9537636041641235,1.400709629058838,0.8058646321296692,2.5264251232147217
-4.284091949462891,-4.457500457763672,-3.9733927249908447,-2.293351888656616,-1.3318867683410645,-0.9465663433074951,-0.9058465361595154,-0.12869761884212494,-0.8012347221374512,0.919420063495636,-0.9454464316368103,3.771714925765991,-4.7394022941589355,1.5600968599319458,1.8286794424057007,-0.3527723252773285,1.096258521080017,0.22539624571800232,0.6137292385101318,0.002936791628599167,0.45306965708732605,0.8611065745353699,1.2505595684051514,1.3177986145019531,1.961924433708191,-0.4334372580051422,-1.4115703105926514,0.7979474663734436,-1.3659595251083374,0.05029185861349106,-0.7889076471328735,-0.009504747577011585,-0.3865164518356323,0.11130215227603912,0.4308519661426544,0.43411925435066223,0.679094672203064,1.2825640439987183,0.5027688145637512,-0.20703278481960297,-0.12978346645832062,-0.5457795262336731,0.8117346167564392
