data/wind_data/wind_56_3.json
{"header": {"parameterUnit": "KT", "parameterCategory": 2, "nx": 256, "ny": 198, "lo1": 44.73521041870117, "la1": -3.236724853515625, "lo2": 111.26478576660156, "la2": 43.468475341796875, "dx": 0.2609002888202667, "dy": -0.23708222806453705, "refTime": "2025-02-21 08:00:00", "forecastTime": 0, "parameterNumber": 2, "parameterNumberName": "eastward_wind"}, "data":
[rows 19 to 37 of 198, columns 132 to 175 of 256]
-0.8294907808303833,-4.498561382293701,-4.776954650878906,-6.237513065338135,-7.229443550109863,-6.766401290893555,-6.909803867340088,-7.486117362976074,-6.8673834800720215,-6.167911529541016,-5.740744590759277,-5.595858573913574,-4.896234035491943,-6.503966331481934,-6.815219402313232,-6.458278179168701,-6.346866607666016,-8.245601654052734,-11.236339569091797,-6.324999809265137,-8.811125755310059,-9.326891899108887,-8.56284236907959,-9.313854217529297,-8.258451461791992,-3.206698179244995,-6.980971336364746,-11.540201187133789,-7.987510681152344,-2.742645502090454,-3.277433395385742,-3.161771297454834,-4.582460403442383,-5.196707248687744,-5.084598064422607,-4.9798455238342285,-3.5997257232666016,-4.229744911193848,-4.080087661743164,-2.9767560958862305,-1.9860420227050781,-0.3887641727924347,-0.5173320770263672,-0.49673667550086975
-7.943978309631348,-6.040838241577148,-2.729186773300171,-5.400156497955322,-6.984029293060303,-6.362800121307373,-5.89194393157959,-5.623557090759277,-5.77696418762207,-6.130173683166504,-5.586266040802002,-4.886753559112549,-4.744058132171631,-5.304949760437012,-5.324129104614258,-4.034948348999023,-3.0485148429870605,-1.618793249130249,-4.822108745574951,-5.512354850769043,-4.29722785949707,-5.298843860626221,-6.709916114807129,-6.9402666091918945,-6.091211795806885,-3.651353597640991,-5.55559778213501,-10.016252517700195,-10.038585662841797,-6.477783679962158,-6.1233720779418945,-5.795482158660889,-5.597015380859375,-5.89441442489624,-6.0894904136657715,-5.338979721069336,-3.166023015975952,-5.3436760902404785,-5.097434043884277,-3.8208181858062744,-2.1823012828826904,-1.6850148439407349,-0.582118570804596,-0.6401597261428833
-6.94925594329834,-7.239223480224609,-3.8425791263580322,-4.0293684005737305,-5.726278781890869,-5.630726337432861,-5.109613418579102,-4.395277500152588,-3.989530086517334,-4.882328987121582,-5.310988903045654,-5.235263347625732,-5.118035316467285,-4.604956150054932,-3.404158592224121,-2.916821002960205,-2.1012375354766846,0.6141875982284546,-0.1770479530096054,-1.9261274337768555,-2.338555335998535,-2.5380611419677734,-3.4772558212280273,-3.6114299297332764,-4.1539812088012695,-4.384850978851318,-4.313063621520996,-6.580729007720947,-9.45159912109375,-8.693727493286133,-7.827333927154541,-6.790827751159668,-6.308934688568115,-7.663081645965576,-9.414833068847656,-8.38058853149414,-4.40656852722168,-8.934386253356934,-7.5881452560424805,-5.6329731941223145,-3.603592872619629,-2.7963080406188965,-1.9260505437850952,-1.0876868963241577
-4.73406982421875,-7.203278541564941,-6.855889320373535,-4.757200241088867,-3.9065515995025635,-3.980844497680664,-4.263489246368408,-4.195957660675049,-3.7438135147094727,-4.686895847320557,-4.639498233795166,-4.473438262939453,-4.34470272064209,-4.147252559661865,-3.717891216278076,-2.924809455871582,-1.9285671710968018,-1.7247090339660645,-1.328061580657959,-1.9282073974609375,-1.4940786361694336,-1.904754638671875,-2.1636199951171875,-2.77671217918396,-3.013098955154419,-2.4175188541412354,-1.6426986455917358,-1.4567511081695557,-3.4289796352386475,-5.274442195892334,-6.298491954803467,-6.306902885437012,-5.963415622711182,-7.9951276779174805,-11.349260330200195,-11.810590744018555,-8.999215126037598,-11.477131843566895,-9.620854377746582,-6.169337272644043,-3.332540988922119,-2.502300500869751,-3.1210813522338867,-1.7680269479751587
-1.8979170322418213,-3.850282907485962,-5.823598384857178,-6.129490852355957,-3.8693735599517822,-2.290698528289795,-3.0211617946624756,-3.2791149616241455,-3.776247501373291,-4.373941421508789,-3.820993423461914,-3.5232930183410645,-3.6110286712646484,-3.8983101844787598,-3.8590471744537354,-3.167992353439331,-2.132673501968384,-1.8026407957077026,-2.1114890575408936,-1.9013984203338623,-1.973650336265564,-1.5536580085754395,-2.046604871749878,-2.5943682193756104,-2.484042167663574,-2.1348981857299805,-2.1772656440734863,-0.9677764773368835,-0.6125409007072449,-2.5835537910461426,-3.4710402488708496,-5.161251068115234,-3.9401168823242188,-4.215492248535156,-5.436588287353516,-10.335390090942383,-11.699991226196289,-10.887665748596191,-7.560976028442383,-6.54935884475708,-2.9279990196228027,-2.5332016944885254,-4.146671772003174,-3.6506447792053223
-0.5694628357887268,-0.887060284614563,-2.1797430515289307,-3.4824891090393066,-3.7477803230285645,-2.9364306926727295,-2.3266217708587646,-2.6533145904541016,-3.1660614013671875,-3.6077518463134766,-3.21968150138855,-3.3298468589782715,-3.861558675765991,-3.7572121620178223,-3.23567795753479,-2.483647584915161,-2.0809860229492188,-2.1512935161590576,-1.9254834651947021,-1.5642086267471313,-0.9457510113716125,-0.5866889953613281,-1.1921565532684326,-1.6169120073318481,-1.2758162021636963,-1.2397321462631226,-2.247044086456299,-2.358433246612549,-1.5050119161605835,-2.4559242725372314,-2.332716226577759,-4.230381965637207,-2.011345386505127,-2.815673828125,-3.4123528003692627,-5.072472095489502,-5.0418701171875,-6.594728946685791,-7.187463283538818,-7.238259792327881,-4.4690775871276855,-7.850615501403809,-5.487725734710693,-6.816529750823975
-2.312819242477417,-2.035825729370117,-1.8606593608856201,-2.2311923503875732,-3.08248233795166,-3.2087035179138184,-3.005817174911499,-2.542783260345459,-3.3303589820861816,-2.1747918128967285,-2.8446505069732666,-3.159228801727295,-3.274400234222412,-3.383038282394409,-3.1475768089294434,-2.7112913131713867,-2.240166425704956,-1.4512556791305542,-1.2962056398391724,-1.3086243867874146,-0.9800503849983215,-0.5639235973358154,-0.6787775158882141,-1.450727939605713,-1.1548644304275513,-0.9027655124664307,-1.0163906812667847,-1.9268230199813843,-2.997037410736084,-2.704174518585205,-2.9386720657348633,-4.504270076751709,-3.2496824264526367,-2.4196372032165527,-1.9961398839950562,-2.040532350540161,-2.8490352630615234,-4.066584587097168,-5.417088985443115,-6.688312530517578,-10.335474014282227,-14.315086364746094,-7.093505382537842,-8.940083503723145
-3.8412892818450928,-2.9661178588867188,-3.2911899089813232,-3.7945504188537598,-4.392267227172852,-4.275725841522217,-3.7903754711151123,-3.3251137733459473,-3.73456072807312,-2.0493671894073486,-3.109372615814209,-2.5775084495544434,-2.6074767112731934,-3.0452423095703125,-3.0558788776397705,-2.9283227920532227,-2.1491029262542725,-1.0040631294250488,-0.7970860004425049,-0.5495767593383789,-0.4390048384666443,-0.4030407965183258,-0.11900610476732254,-1.024461269378662,-0.8647580742835999,-1.554587721824646,-1.6441566944122314,-1.026739478111267,-1.9371577501296997,-0.6101182699203491,-1.6912776231765747,-4.000313758850098,-5.4631195068359375,-4.257871627807617,-3.793632984161377,-3.5305585861206055,-3.962648630142212,-4.3724517822265625,-4.297448635101318,-4.110207557678223,-5.085663795471191,-9.740105628967285,-8.074207305908203,-7.680413246154785
-4.351677894592285,-3.761798858642578,-4.252109527587891,-4.6344170570373535,-5.470470428466797,-5.566498279571533,-4.536881923675537,-4.102804183959961,-4.934591293334961,-3.5280818939208984,-3.533392906188965,-3.2279372215270996,-3.0255565643310547,-2.9051167964935303,-3.440023899078369,-3.4066805839538574,-2.171804904937744,-1.0944559574127197,-0.5773467421531677,0.1418537050485611,0.6050772666931152,0.9365970492362976,-0.12261183559894562,0.24854719638824463,0.40136754512786865,-1.3602436780929565,-2.547996997833252,-0.7333678603172302,-3.0260956287384033,-0.5370160341262817,-0.568472146987915,-1.7565019130706787,-5.215197563171387,-6.165678024291992,-5.114834785461426,-4.476179122924805,-5.112046241760254,-5.347055912017822,-4.530019283294678,-3.0986263751983643,-1.283082127571106,-4.210332870483398,-6.145610332489014,-6.887167453765869
-5.098697185516357,-5.132227897644043,-5.687196254730225,-5.523792743682861,-5.291274070739746,-5.889109134674072,-6.252626895904541,-6.2359724044799805,-5.661204814910889,-5.025928497314453,-4.408485412597656,-4.0786356925964355,-3.839045524597168,-4.019430637359619,-4.436792850494385,-3.965524435043335,-2.6239707469940186,-2.0383188724517822,-0.3939618468284607,-0.07644550502300262,0.6442497372627258,0.5435806512832642,0.21328997611999512,1.0153236389160156,1.2189193964004517,0.0945027694106102,-0.21402251720428467,-2.5342612266540527,-3.872797966003418,-2.244987726211548,-1.4259159564971924,-0.9255706071853638,-2.772094488143921,-4.892607688903809,-5.239113807678223,-4.667560577392578,-5.930493354797363,-6.3070597648620605,-5.930506229400635,-5.4666547775268555,-4.162899494171143,-5.445245265960693,-8.108893394470215,-7.7048563957214355
-8.552427291870117,-8.606493949890137,-8.188261032104492,-7.256200313568115,-6.0688910484313965,-6.492013454437256,-6.963807582855225,-6.6315765380859375,-5.200187683105469,-6.747706413269043,-5.372341632843018,-5.019103050231934,-5.599207401275635,-5.660921573638916,-5.1754937171936035,-4.428224563598633,-3.4780802726745605,-3.264554262161255,-0.9774665832519531,-1.1143591403961182,-0.07800973206758499,0.4523758590221405,0.4413607716560364,0.23301050066947937,0.391150563955307,-1.2386891841888428,-1.4924843311309814,-1.413804531097412,-3.755023717880249,-4.529047012329102,-2.7689156532287598,-1.8708140850067139,-1.6315590143203735,-2.9869072437286377,-5.01191520690918,-4.963831901550293,-5.933685779571533,-6.944910049438477,-8.357396125793457,-11.42678165435791,-9.971588134765625,-7.147970199584961,-6.150620937347412,-4.924487113952637
-10.7823486328125,-11.026934623718262,-10.668107986450195,-9.009803771972656,-8.358514785766602,-8.0408353805542,-7.020811557769775,-6.798168182373047,-7.045809268951416,-9.346719741821289,-6.399344444274902,-6.313448429107666,-7.292403697967529,-7.028035640716553,-6.404599666595459,-6.150752067565918,-5.13115119934082,-3.7908992767333984,-3.0237035751342773,-2.2629470825195312,-1.4902013540267944,-0.8841763138771057,-0.4885597825050354,-0.6454854607582092,-1.4666725397109985,-2.31760835647583,-1.9640146493911743,-2.336235523223877,-2.506467580795288,-4.28580904006958,-4.72978401184082,-2.7549359798431396,-2.276897668838501,-3.6465132236480713,-5.683885097503662,-5.52804708480835,-6.489421844482422,-7.39138126373291,-8.270599365234375,-9.689535140991211,-10.341777801513672,-8.773241996765137,-7.969296455383301,-6.6276445388793945
-11.963445663452148,-11.58531665802002,-10.832131385803223,-10.082381248474121,-10.398513793945312,-9.564864158630371,-8.344170570373535,-7.537341594696045,-8.014406204223633,-8.936537742614746,-8.543990135192871,-7.471357345581055,-8.693771362304688,-8.341471672058105,-8.030144691467285,-7.81764030456543,-7.086627006530762,-5.890641212463379,-4.592936992645264,-3.839514970779419,-3.3543035984039307,-2.8617899417877197,-2.345895290374756,-2.290703535079956,-3.0591511726379395,-3.4421041011810303,-2.8033528327941895,-1.994918942451477,-2.794950008392334,-4.36639404296875,-5.435040473937988,-3.940577983856201,-3.836883306503296,-4.827967166900635,-7.803660869598389,-6.785422325134277,-6.701454162597656,-7.701271057128906,-7.360458850860596,-8.441879272460938,-9.887534141540527,-10.695658683776855,-9.177276611328125,-8.736006736755371
-12.56269645690918,-12.029616355895996,-11.666325569152832,-11.53420352935791,-11.159266471862793,-10.164541244506836,-8.921648025512695,-8.894403457641602,-9.36420726776123,-9.587381362915039,-9.480217933654785,-9.468128204345703,-9.665816307067871,-9.86253833770752,-9.699435234069824,-9.333516120910645,-8.212495803833008,-7.0245866775512695,-5.928890705108643,-5.033669471740723,-4.517091751098633,-4.405269145965576,-4.093565940856934,-3.670030117034912,-3.8724639415740967,-4.233415603637695,-3.766173839569092,-4.438615798950195,-5.830559730529785,-5.698741912841797,-5.662805557250977,-5.242949962615967,-5.234360694885254,-4.979853630065918,-6.1612772941589355,-7.640392303466797,-5.6816630363464355,-7.221662998199463,-6.446136474609375,-7.057667255401611,-8.86500072479248,-10.207416534423828,-9.916521072387695,-8.880953788757324
-13.310730934143066,-12.791399002075195,-12.333467483520508,-12.06551456451416,-11.73862361907959,-11.158204078674316,-10.27719783782959,-9.944159507751465,-10.123418807983398,-10.210923194885254,-10.263797760009766,-10.41292953491211,-10.741341590881348,-10.765470504760742,-10.534960746765137,-9.990769386291504,-9.29394245147705,-8.280252456665039,-7.006869316101074,-6.0765485763549805,-5.783748626708984,-5.764065742492676,-5.652246952056885,-5.034440994262695,-4.619734287261963,-4.67905855178833,-4.583866596221924,-4.298524856567383,-4.755915641784668,-5.975390911102295,-6.76322603225708,-6.687374114990234,-6.41389799118042,-6.570030689239502,-7.002030849456787,-6.431373119354248,-6.666632175445557,-6.669727802276611,-6.703216552734375,-7.001871585845947,-7.711703777313232,-9.339556694030762,-10.36856746673584,-11.82066535949707
-13.958720207214355,-13.631965637207031,-13.455334663391113,-13.129341125488281,-12.23701000213623,-11.51648998260498,-10.9769868850708,-10.49567699432373,-10.476053237915039,-10.736199378967285,-10.900883674621582,-10.956416130065918,-11.144571304321289,-11.16081714630127,-11.190512657165527,-10.521707534790039,-9.873494148254395,-9.168733596801758,-8.226873397827148,-7.39631462097168,-6.997970104217529,-7.0948710441589355,-7.116568088531494,-6.540299892425537,-5.702247142791748,-5.2124457359313965,-5.705711364746094,-6.1201276779174805,-5.963028430938721,-5.8197503089904785,-6.303157329559326,-7.198676109313965,-7.51936149597168,-7.790186882019043,-8.260663032531738,-7.847352981567383,-8.076665878295898,-6.712441444396973,-7.080860614776611,-7.422371864318848,-9.557963371276855,-8.367020606994629,-8.565237045288086,-13.143126487731934
-14.522893905639648,-14.08719539642334,-14.383984565734863,-14.704405784606934,-13.0007963180542,-11.142853736877441,-10.993738174438477,-10.821391105651855,-10.608586311340332,-11.066747665405273,-12.017756462097168,-11.992602348327637,-11.10688591003418,-10.912105560302734,-11.562090873718262,-10.640703201293945,-10.62429141998291,-10.214425086975098,-9.372529029846191,-8.309446334838867,-7.832276821136475,-7.913122653961182,-7.645143032073975,-7.46516227722168,-6.957910060882568,-6.579469203948975,-6.7925615310668945,-7.023427486419678,-7.166659832000732,-7.151854515075684,-6.768179416656494,-6.828186988830566,-6.79409122467041,-7.160750865936279,-7.655288219451904,-9.795429229736328,-9.687965393066406,-8.931960105895996,-9.018141746520996,-9.537388801574707,-11.885834693908691,-11.717187881469727,-14.71357536315918,-15.384810447692871
-15.713249206542969,-14.452108383178711,-14.450780868530273,-16.3338565826416,-14.24891185760498,-11.251876831054688,-10.622573852539062,-10.652902603149414,-11.124410629272461,-12.207763671875,-12.794421195983887,-12.356313705444336,-10.884029388427734,-10.634312629699707,-11.947199821472168,-11.836048126220703,-11.506375312805176,-10.714994430541992,-9.890971183776855,-9.236581802368164,-8.91396427154541,-8.536175727844238,-8.167801856994629,-7.708378314971924,-7.915740966796875,-8.939567565917969,-8.562520027160645,-8.951959609985352,-8.109956741333008,-8.051705360412598,-7.224970817565918,-6.937567710876465,-6.120858192443848,-7.790011405944824,-9.765700340270996,-11.808374404907227,-11.986540794372559,-12.229351043701172,-12.777212142944336,-9.729106903076172,-11.417448043823242,-12.017964363098145,-13.173112869262695,-14.709782600402832
-17.021526336669922,-15.711050987243652,-14.792985916137695,-16.255306243896484,-15.72571086883545,-13.334094047546387,-10.887838363647461,-10.434209823608398,-11.400086402893066,-12.874935150146484,-13.363838195800781,-12.292774200439453,-10.741192817687988,-10.988110542297363,-12.358138084411621,-14.329788208007812,-11.491791725158691,-11.538914680480957,-11.36902904510498,-8.95718765258789,-10.60432243347168,-8.63881778717041,-8.35098934173584,-8.706850051879883,-8.723221778869629,-13.145999908447266,-9.90495491027832,-10.965226173400879,-9.879831314086914,-9.705893516540527,-9.095293998718262,-7.814310073852539,-7.710221767425537,-9.156893730163574,-11.047795295715332,-12.0864839553833,-13.034133911132812,-13.779767036437988,-10.622831344604492,-11.772994041442871,-11.11072826385498,-11.416378021240234,-12.612614631652832,-12.473162651062012
