data/wind_data/wind_13_8.json
{"header": {"parameterUnit": "KT", "parameterCategory": 2, "nx": 256, "ny": 198, "lo1": 44.73521041870117, "la1": -3.236724853515625, "lo2": 111.26478576660156, "la2": 43.468475341796875, "dx": 0.2609002888202667, "dy": -0.23708222806453705, "refTime": "2025-02-19 13:00:00", "forecastTime": 0, "parameterNumber": 2, "parameterNumberName": "eastward_wind"}, "data":
[rows 171 to 189 of 198, columns 0 to 43 of 256]
51.962711334228516,52.260292053222656,50.78685760498047,51.28191375732422,54.1645622253418,56.371829986572266,56.98088836669922,55.536678314208984,54.94159698486328,57.01186752319336,58.635684967041016,57.20725631713867,55.14706802368164,54.00468444824219,53.20046615600586,53.766212463378906,56.65602493286133,59.28628921508789,60.47179412841797,61.459136962890625,62.91059112548828,63.98645782470703,62.98444747924805,59.03022384643555,53.53943634033203,48.99144744873047,47.10169219970703,47.73761749267578,49.07981872558594,49.842979431152344,50.091556549072266,50.51274490356445,51.35145950317383,52.121681213378906,52.308143615722656,52.0368537902832,51.7415885925293,51.71125030517578,52.03910827636719,52.49187469482422,52.53862380981445,51.95499801635742,51.21900177001953,50.70924758911133
51.71269607543945,53.39950180053711,51.933677673339844,52.675804138183594,55.91913604736328,57.84345245361328,57.22166442871094,53.87486267089844,52.145225524902344,54.5655632019043,56.921016693115234,55.64653396606445,52.86867904663086,51.01121520996094,51.04595947265625,54.03009796142578,58.43654251098633,59.96900939941406,59.06990051269531,59.29460525512695,61.34519958496094,62.59457015991211,60.17637252807617,54.80302429199219,49.61442184448242,46.927757263183594,47.22783279418945,48.948936462402344,50.45999526977539,51.30507278442383,51.87693405151367,52.536163330078125,53.178680419921875,53.38408279418945,52.9783821105957,52.28398895263672,51.771915435791016,51.70573425292969,52.0606803894043,52.481632232666016,52.49745178222656,51.98028564453125,51.30092239379883,50.695709228515625
50.88560104370117,51.99625015258789,50.9868278503418,52.30657958984375,56.21821594238281,58.56269836425781,55.868465423583984,49.35055923461914,47.46342849731445,52.296478271484375,55.334312438964844,53.02743148803711,50.1833610534668,49.50889587402344,51.28647994995117,55.31978988647461,58.15044021606445,57.67377471923828,56.60897445678711,57.648094177246094,59.645835876464844,59.21986389160156,55.44446563720703,50.691925048828125,47.630393981933594,47.462188720703125,49.162715911865234,51.02499771118164,52.2458610534668,53.102752685546875,53.95480728149414,54.6800537109375,54.94109344482422,54.552799224853516,53.64442443847656,52.65830612182617,52.0678825378418,52.02049255371094,52.26335906982422,52.40087890625,52.24072265625,51.81601333618164,51.27207565307617,50.65017318725586
49.97351837158203,50.6600227355957,50.06051254272461,51.744140625,56.89521789550781,59.47256088256836,53.50190734863281,44.86113739013672,44.62076187133789,50.59000015258789,53.07002258300781,52.213356018066406,51.6973762512207,50.8271598815918,51.41140365600586,54.28753662109375,55.9963264465332,55.332489013671875,55.11881637573242,56.51451873779297,56.97762680053711,54.7007942199707,51.01373291015625,48.199764251708984,47.74734878540039,49.347007751464844,51.50080490112305,52.999183654785156,53.86957931518555,54.72404098510742,55.676170349121094,56.345882415771484,56.3785285949707,55.66560745239258,54.4596061706543,53.3169059753418,52.65598678588867,52.44120788574219,52.345985412597656,52.18427276611328,51.966880798339844,51.74460220336914,51.48796463012695,51.09344482421875
49.565372467041016,50.07939147949219,49.678375244140625,51.71417999267578,58.259765625,59.78175735473633,51.15298843383789,41.9922981262207,42.20978927612305,48.14327621459961,52.08479309082031,54.34351348876953,54.46649932861328,51.200706481933594,49.101318359375,50.65745162963867,53.00497817993164,53.81428527832031,54.315311431884766,54.6463508605957,52.99042510986328,49.560420989990234,46.66282653808594,46.176597595214844,48.17624282836914,50.96703338623047,52.89609909057617,53.76664352416992,54.40442657470703,55.347225189208984,56.35631561279297,56.9959602355957,56.964622497558594,56.188934326171875,54.999656677246094,53.906734466552734,53.10438537597656,52.515098571777344,52.092655181884766,51.84361267089844,51.76715850830078,51.92164993286133,52.1590461730957,52.09730529785156
49.470252990722656,48.470054626464844,48.66159439086914,51.59276580810547,58.852378845214844,58.894264221191406,48.57164001464844,38.8160514831543,39.60545349121094,47.0706787109375,53.56321716308594,57.19104766845703,55.74546432495117,49.765541076660156,45.478309631347656,46.798583984375,50.87446212768555,53.32720184326172,53.28830337524414,51.013336181640625,47.0948371887207,43.661399841308594,42.94969177246094,45.47909927368164,49.094852447509766,51.724708557128906,52.85880661010742,53.12776565551758,53.546302795410156,54.48490524291992,55.520381927490234,56.16415786743164,56.14143753051758,55.49059295654297,54.58845901489258,53.69409942626953,52.77744674682617,51.953277587890625,51.51122283935547,51.479061126708984,51.807254791259766,52.52596664428711,53.26194381713867,53.38063049316406
49.31809616088867,48.385799407958984,49.03135681152344,52.20930099487305,59.52885818481445,58.35546875,46.78065490722656,37.281707763671875,39.842464447021484,49.28956604003906,56.89727783203125,59.106502532958984,55.48616027832031,48.89188766479492,44.79947280883789,46.01690673828125,50.091365814208984,52.679683685302734,50.85912322998047,45.99747848510742,41.481319427490234,40.52143478393555,43.424957275390625,47.66383743286133,51.01056671142578,52.730045318603516,52.81990432739258,52.187984466552734,52.16288375854492,53.09335708618164,54.22783660888672,54.819984436035156,54.632362365722656,53.9367561340332,53.21763229370117,52.513038635253906,51.6256103515625,50.85432815551758,50.67145919799805,51.03672790527344,51.79743194580078,52.94131851196289,53.98066711425781,54.209625244140625
49.074607849121094,51.9427375793457,52.19590759277344,54.121463775634766,60.8868293762207,58.72221755981445,47.24340057373047,39.069393157958984,42.4254150390625,52.22118377685547,59.042205810546875,59.21151351928711,55.02010726928711,49.7529296875,46.37791061401367,46.33858871459961,48.79555130004883,50.264713287353516,46.99313735961914,41.452972412109375,39.18357467651367,41.91709899902344,46.64109802246094,50.649314880371094,53.02058029174805,53.43750762939453,52.39377975463867,51.25778579711914,51.38323211669922,52.65983581542969,53.79289627075195,53.997196197509766,53.3701286315918,52.52067947387695,51.97427749633789,51.43987274169922,50.58928680419922,49.96253967285156,50.11435317993164,50.8468132019043,51.878360748291016,53.13106155395508,54.177696228027344,54.514129638671875
48.76321792602539,55.0135612487793,54.639747619628906,55.4080810546875,60.85533905029297,58.274208068847656,48.29553985595703,41.06243133544922,43.451969146728516,52.02156448364258,58.36850357055664,58.644405364990234,54.189517974853516,49.146629333496094,46.39712905883789,45.25480651855469,45.53310775756836,45.80134963989258,42.69441604614258,38.80854797363281,39.52858352661133,44.08254623413086,48.8089485168457,51.88692855834961,52.92433166503906,52.266502380371094,50.88307571411133,50.25618362426758,51.20746994018555,52.806156158447266,53.66304397583008,53.48048782348633,52.75273132324219,52.15010452270508,51.8975944519043,51.420745849609375,50.458309173583984,49.7932014465332,50.05403137207031,50.96196746826172,52.07084274291992,53.147308349609375,53.902732849121094,54.184120178222656
48.26370620727539,52.91272735595703,52.34160232543945,53.25739669799805,57.62956237792969,55.468116760253906,46.520973205566406,39.09477233886719,41.11225509643555,49.79323959350586,56.6221809387207,56.28968048095703,50.49296188354492,46.04689407348633,43.87115478515625,41.332218170166016,38.71510314941406,37.92870330810547,37.02170944213867,36.86347961425781,40.204837799072266,45.09372329711914,48.7475700378418,50.32046127319336,50.210723876953125,49.23091506958008,48.46730041503906,48.91972732543945,50.30254364013672,51.35503005981445,51.58259582519531,51.481136322021484,51.4463005065918,51.5582160949707,51.63137435913086,51.1055908203125,49.97444534301758,49.22714614868164,49.5308723449707,50.534332275390625,51.63340377807617,52.45211410522461,52.83492660522461,52.9090690612793
47.64738464355469,47.78411865234375,47.272151947021484,48.99844741821289,53.27098083496094,51.11947250366211,42.39216613769531,36.352943420410156,39.85885238647461,48.400245666503906,53.39984130859375,51.197933197021484,46.372859954833984,43.34663009643555,39.54231643676758,31.881956100463867,26.234024047851562,29.280630111694336,34.61163330078125,38.5631217956543,42.225257873535156,44.693660736083984,46.083106994628906,46.968177795410156,46.918975830078125,46.153900146484375,45.84162139892578,46.510433197021484,47.18284606933594,47.259033203125,47.35118103027344,48.016746520996094,48.969970703125,49.775455474853516,50.13081741333008,49.5588264465332,48.25362014770508,47.42173385620117,47.799285888671875,48.89852523803711,49.95994567871094,50.61602783203125,50.82742691040039,50.798301696777344
47.400814056396484,44.19661331176758,43.74061965942383,46.0234375,49.84332275390625,47.72002410888672,40.69462966918945,36.399566650390625,39.666893005371094,46.391380310058594,49.84638977050781,47.297874450683594,44.13279724121094,40.30778503417969,32.677040100097656,19.1610164642334,20.936410903930664,31.506357192993164,39.694725036621094,43.347469329833984,44.42352294921875,44.5763053894043,45.49921417236328,46.428348541259766,46.193328857421875,44.74980163574219,43.423851013183594,42.781558990478516,42.456947326660156,42.45708084106445,43.34035110473633,44.98380661010742,46.60370635986328,47.59605407714844,47.77850341796875,46.91548538208008,45.38087844848633,44.42729187011719,44.82974624633789,46.068477630615234,47.277549743652344,48.003456115722656,48.228458404541016,48.23350524902344
47.76100540161133,44.91122055053711,43.75260925292969,45.54043197631836,48.825775146484375,47.422401428222656,41.84711837768555,38.108917236328125,40.2771110534668,45.63191604614258,48.04080581665039,46.51814651489258,42.63185119628906,37.408870697021484,25.00724220275879,20.967103958129883,29.914918899536133,40.39404296875,46.362342834472656,47.30506134033203,46.77373123168945,47.71961975097656,49.195594787597656,48.379852294921875,45.26679611206055,42.31430435180664,40.795833587646484,40.25012969970703,39.959877014160156,40.13261795043945,41.41130828857422,43.53955078125,45.263431549072266,45.86909484863281,45.62429428100586,44.656246185302734,43.139892578125,42.052146911621094,42.351829528808594,43.7171516418457,45.126068115234375,45.90657043457031,46.06420135498047,46.04818344116211
48.141700744628906,43.951866149902344,43.10464859008789,45.10462951660156,48.6161003112793,47.89214324951172,43.089542388916016,39.68145751953125,41.14561462402344,45.26969528198242,47.40243911743164,46.671844482421875,41.32854080200195,33.350257873535156,26.41640281677246,29.897706985473633,38.30632400512695,46.14521026611328,49.80348205566406,49.684547424316406,49.32173538208008,50.238792419433594,50.27236557006836,47.54189682006836,43.6765251159668,41.20523452758789,40.77288818359375,41.291282653808594,41.53755187988281,41.663124084472656,42.64823913574219,44.42277526855469,45.658172607421875,45.65010070800781,44.90612030029297,43.76102828979492,42.22351837158203,41.07042694091797,41.280391693115234,42.67567443847656,44.155513763427734,44.9049186706543,45.003456115722656,45.033565521240234
48.05691146850586,46.27680587768555,44.682228088378906,45.870262145996094,49.27560806274414,48.85905456542969,44.509803771972656,41.28617858886719,42.33652114868164,45.86170959472656,48.449317932128906,46.32615661621094,39.348445892333984,33.31658172607422,32.711788177490234,36.26616287231445,42.35887145996094,48.79057693481445,52.24666976928711,51.59776306152344,49.55082702636719,48.3597526550293,47.56292724609375,46.28459167480469,44.34174728393555,42.273502349853516,41.00138854980469,41.00679397583008,41.86252212524414,42.85765838623047,43.97358703613281,45.39774703979492,46.556190490722656,46.64323043823242,45.746177673339844,44.36764144897461,42.826377868652344,41.72673416137695,41.82615661621094,43.09537887573242,44.59223175048828,45.37934875488281,45.468814849853516,45.542022705078125
47.68122482299805,46.23868179321289,44.46553421020508,45.134456634521484,48.1779670715332,47.98407745361328,44.102046966552734,40.92855453491211,41.720272064208984,45.494327545166016,46.653282165527344,41.07679748535156,34.1165771484375,32.88747024536133,34.52837371826172,38.24575424194336,44.679019927978516,50.93014907836914,52.75619125366211,50.210140228271484,47.1793327331543,45.87153244018555,45.68657302856445,45.37721252441406,44.178279876708984,42.254066467285156,40.45158004760742,39.809608459472656,40.66625213623047,42.35893630981445,44.01218032836914,45.44355010986328,46.73603820800781,47.62575149536133,47.48001480102539,46.21888732910156,44.5627326965332,43.402496337890625,43.35111999511719,44.50367736816406,46.12109375,47.111297607421875,47.258602142333984,47.24959945678711
46.890625,43.08126449584961,42.054710388183594,42.8718147277832,45.60224151611328,45.823490142822266,42.662384033203125,39.661163330078125,40.47694778442383,42.70492172241211,40.026824951171875,33.77570343017578,30.569223403930664,31.350553512573242,34.323394775390625,39.98111343383789,46.07441329956055,49.966007232666016,50.67780303955078,48.83137130737305,46.38619613647461,44.87508773803711,44.21542739868164,43.70088577270508,43.03901290893555,42.070045471191406,40.95486831665039,40.27336120605469,40.58545684814453,41.875221252441406,43.61548614501953,45.40610122680664,47.17514419555664,48.74602508544922,49.36438751220703,48.447105407714844,46.54874801635742,44.94710922241211,44.62696075439453,45.771270751953125,47.582706451416016,48.86540222167969,49.1728515625,49.00926971435547
45.39955520629883,41.838050842285156,41.18675994873047,41.69731140136719,44.26487731933594,44.785606384277344,42.170814514160156,39.698707580566406,39.414058685302734,38.774776458740234,36.29203796386719,33.44066619873047,31.447540283203125,31.265737533569336,34.85079574584961,40.387901306152344,45.02122116088867,48.19023895263672,49.67621994018555,48.71323013305664,46.05343246459961,43.65496826171875,42.5072135925293,42.44987487792969,42.78781509399414,42.90341567993164,42.635807037353516,42.21931076049805,42.08639144897461,42.600589752197266,43.826908111572266,45.54436111450195,47.4504280090332,49.2084846496582,50.176700592041016,49.58772659301758,47.645172119140625,45.72480392456055,45.21493148803711,46.29012680053711,48.062767028808594,49.49066925048828,50.04630661010742,49.92945098876953
43.84197998046875,41.83473205566406,42.03071594238281,42.733970642089844,45.695709228515625,46.10280227661133,43.6346321105957,41.30606460571289,40.21047592163086,40.072364807128906,39.40737533569336,36.07501983642578,31.972896575927734,31.958740234375,36.4471435546875,41.636775970458984,45.792057037353516,48.835357666015625,50.08362579345703,48.76149368286133,45.95905685424805,43.76233673095703,43.264400482177734,43.997379302978516,44.90148162841797,45.39973068237305,45.42816162109375,45.08745193481445,44.60628128051758,44.421669006347656,44.91400909423828,46.02920913696289,47.44575500488281,48.90888214111328,49.98446273803711,49.905826568603516,48.48825454711914,46.725013732910156,45.958763122558594,46.48871994018555,47.70179748535156,48.95015335083008,49.77339553833008,50.01636505126953
