data/wind_data/wind_40_4.json
{"header": {"parameterUnit": "KT", "parameterCategory": 2, "nx": 256, "ny": 198, "lo1": 44.73521041870117, "la1": -3.236724853515625, "lo2": 111.26478576660156, "la2": 43.468475341796875, "dx": 0.2609002888202667, "dy": -0.23708222806453705, "refTime": "2025-02-20 16:00:00", "forecastTime": 0, "parameterNumber": 2, "parameterNumberName": "eastward_wind"}, "data":
[rows 152 to 170 of 198, columns 88 to 131 of 256]
19.624849319458008,21.66969108581543,21.897756576538086,21.922937393188477,15.213955879211426,15.685284614562988,18.55098533630371,19.8470516204834,18.67652702331543,14.756596565246582,11.024313926696777,11.110486030578613,12.698529243469238,12.657416343688965,11.300555229187012,11.022919654846191,11.007954597473145,10.66443157196045,9.434947967529297,8.302103042602539,7.246882915496826,7.437140941619873,8.730623245239258,10.09936809539795,9.947681427001953,8.975028991699219,7.6961212158203125,8.080060005187988,11.022263526916504,17.468219757080078,20.391969680786133,22.82911491394043,22.999372482299805,20.46349334716797,24.669836044311523,38.3386344909668,25.282909393310547,10.01481819152832,10.244242668151855,15.700433731079102,19.781482696533203,20.378150939941406,21.784276962280273,22.34174346923828
21.29398536682129,23.33025550842285,24.208559036254883,25.090890884399414,20.510366439819336,14.672883033752441,14.817347526550293,16.254262924194336,14.815573692321777,12.012933731079102,10.7529296875,11.661158561706543,11.424919128417969,9.617419242858887,10.120222091674805,11.805203437805176,11.685897827148438,9.538620948791504,8.051796913146973,6.868906021118164,4.634876728057861,4.612521171569824,7.341835021972656,10.695932388305664,10.196024894714355,9.286764144897461,6.580357074737549,4.17459774017334,10.8069486618042,17.42989730834961,21.062969207763672,21.96076774597168,26.69066047668457,26.323699951171875,22.671873092651367,33.419063568115234,24.46892547607422,10.918705940246582,9.124835014343262,15.539460182189941,20.64761734008789,22.391498565673828,23.27920150756836,22.044296264648438
22.648086547851562,24.023218154907227,24.94744110107422,24.94722557067871,20.888565063476562,13.469442367553711,11.670526504516602,13.815518379211426,12.983214378356934,13.087053298950195,11.076751708984375,10.716745376586914,11.758857727050781,10.380048751831055,11.031729698181152,12.741657257080078,11.512303352355957,7.965468883514404,5.808034420013428,5.221004009246826,1.7738378047943115,2.805537700653076,6.074178218841553,9.477656364440918,9.616064071655273,9.599417686462402,7.453624725341797,3.15158748626709,4.339680194854736,13.030264854431152,19.62815284729004,18.101085662841797,26.05099868774414,28.658370971679688,23.228769302368164,21.72028160095215,15.409263610839844,10.617147445678711,13.229606628417969,18.865650177001953,21.311561584472656,22.474328994750977,22.78359603881836,22.606582641601562
21.289703369140625,22.240846633911133,23.94197654724121,25.316572189331055,22.66126823425293,15.977171897888184,11.435022354125977,12.361234664916992,12.468643188476562,14.49465274810791,13.487227439880371,11.382373809814453,11.547760009765625,9.278395652770996,9.555754661560059,11.854829788208008,10.37534236907959,5.813546180725098,4.145583629608154,3.5942940711975098,-0.3855510354042053,1.2629338502883911,4.245663642883301,7.595727443695068,10.153336524963379,10.524200439453125,7.047451496124268,2.929434299468994,1.9896659851074219,9.813968658447266,9.585418701171875,16.91674041748047,26.075498580932617,28.568737030029297,16.55672264099121,10.622871398925781,11.01845645904541,11.982645034790039,18.397254943847656,21.477699279785156,21.793243408203125,22.58443832397461,21.617773056030273,23.047788619995117
19.35525131225586,18.822914123535156,19.989830017089844,23.601016998291016,26.059982299804688,23.428234100341797,17.990690231323242,17.294065475463867,18.721450805664062,17.13182258605957,12.464362144470215,8.801254272460938,7.454334735870361,5.4104461669921875,7.692977428436279,8.416276931762695,7.678616523742676,4.390017509460449,3.1207938194274902,2.064919948577881,-2.2524051666259766,2.441852569580078,3.455136775970459,4.509799480438232,6.117586135864258,9.319661140441895,10.112024307250977,5.470201015472412,0.5280370712280273,1.8901761770248413,8.044594764709473,17.814640045166016,23.88937759399414,24.542551040649414,11.57652759552002,7.178876876831055,13.148937225341797,16.444427490234375,22.270429611206055,24.960176467895508,25.476585388183594,24.23821449279785,21.019161224365234,22.002620697021484
18.480762481689453,16.98404312133789,16.32727813720703,17.19114875793457,19.175615310668945,19.98980712890625,19.534820556640625,18.111780166625977,17.356552124023438,16.988401412963867,15.169097900390625,12.591141700744629,11.226729393005371,8.52397632598877,5.022385120391846,3.9378154277801514,4.119534492492676,3.6388885974884033,4.215246200561523,3.5075478553771973,-0.06802111119031906,3.1736819744110107,5.606769561767578,4.005002498626709,2.9921767711639404,5.995606899261475,9.204060554504395,7.360955715179443,3.107362747192383,3.485111713409424,9.66368579864502,16.436885833740234,18.45726203918457,20.397579193115234,13.776753425598145,8.054652214050293,16.612060546875,23.33442497253418,26.4659366607666,28.150529861450195,27.692211151123047,24.13763427734375,21.326549530029297,22.55894660949707
18.16722297668457,17.85390281677246,16.1146297454834,12.995407104492188,11.205299377441406,11.445295333862305,12.546542167663574,13.679132461547852,14.712930679321289,15.564380645751953,15.344995498657227,13.712435722351074,10.924407958984375,8.82040023803711,3.7677478790283203,3.148820161819458,2.402594566345215,1.755345344543457,3.709951162338257,5.579965114593506,4.773270130157471,5.432409763336182,4.443790912628174,0.9558311700820923,1.2449570894241333,6.428056716918945,8.996200561523438,9.320731163024902,6.389245986938477,6.493773460388184,8.40972900390625,11.688868522644043,13.588699340820312,18.0252742767334,18.182741165161133,11.564542770385742,16.57414436340332,26.582365036010742,29.96047019958496,29.267629623413086,24.337661743164062,19.00554847717285,18.61918830871582,21.295412063598633
16.708377838134766,16.6592960357666,14.466170310974121,11.326735496520996,9.007637977600098,9.00830078125,10.470345497131348,11.858221054077148,14.112831115722656,15.464787483215332,13.883842468261719,11.157526016235352,9.622944831848145,7.342166423797607,3.6441714763641357,3.654012680053711,3.15761661529541,4.13959264755249,5.037886142730713,4.304098606109619,6.913777828216553,5.362369060516357,0.8846070170402527,-3.1403229236602783,0.7734708786010742,5.719730377197266,8.581170082092285,9.209847450256348,6.974708080291748,7.987782001495361,7.476230621337891,8.965495109558105,11.271286964416504,16.819074630737305,20.726402282714844,16.493188858032227,14.765064239501953,22.956331253051758,30.950698852539062,28.926366806030273,20.24631690979004,14.464543342590332,16.366863250732422,19.117197036743164
14.953731536865234,13.878559112548828,11.882528305053711,9.51877498626709,7.679441928863525,7.227899074554443,8.616100311279297,10.010797500610352,11.582892417907715,13.057703018188477,12.143990516662598,9.324758529663086,7.8637189865112305,7.594041347503662,4.214109897613525,2.129542589187622,4.032425880432129,3.8986480236053467,2.342222213745117,-1.7247471809387207,3.5585873126983643,6.244269847869873,2.8977372646331787,1.5513192415237427,1.5740382671356201,3.4846017360687256,7.930124759674072,9.606403350830078,7.3589019775390625,8.280902862548828,7.691572666168213,9.79236888885498,12.137527465820312,15.857250213623047,18.892900466918945,18.319854736328125,15.765811920166016,17.268205642700195,25.3621883392334,27.795852661132812,21.374204635620117,16.37693214416504,18.815153121948242,20.74907875061035
12.921538352966309,10.967930793762207,9.76419734954834,8.267443656921387,6.8413310050964355,6.447263717651367,7.505910396575928,9.057948112487793,9.490941047668457,10.092645645141602,10.270673751831055,8.895243644714355,7.806885719299316,7.095907211303711,5.357870578765869,1.7845076322555542,0.8721514940261841,2.4672389030456543,-0.5340775847434998,-3.954991579055786,-0.8171092867851257,4.841567039489746,4.620612621307373,4.499152660369873,1.8590744733810425,3.104529857635498,7.991519451141357,9.977664947509766,9.8295259475708,8.955276489257812,8.735760688781738,10.76463794708252,12.252484321594238,14.693246841430664,16.058334350585938,17.58875846862793,16.352359771728516,15.162701606750488,17.914228439331055,21.857465744018555,20.71390724182129,17.804285049438477,21.740331649780273,21.373411178588867
10.985690116882324,9.184037208557129,8.287054061889648,7.323204517364502,6.368035316467285,5.878846645355225,6.129705905914307,6.796891212463379,7.3339033126831055,7.638121604919434,8.414545059204102,8.124639511108398,7.4683918952941895,6.4037370681762695,4.9227070808410645,3.804426908493042,0.9222435355186462,0.9998309016227722,-0.30090221762657166,-3.3811323642730713,0.17480677366256714,3.8153367042541504,5.449016094207764,6.3458356857299805,3.6275405883789062,3.3436696529388428,9.086151123046875,10.984944343566895,12.71607780456543,11.63676643371582,10.528956413269043,10.827089309692383,10.915287017822266,11.110880851745605,13.851710319519043,17.821271896362305,19.82338523864746,18.714324951171875,19.401945114135742,21.04592514038086,19.65738296508789,20.11286163330078,21.611204147338867,18.651668548583984
8.652493476867676,7.737955093383789,7.097682476043701,6.639458656311035,6.08448600769043,5.243396759033203,4.977700233459473,4.661635875701904,4.938532829284668,5.052288055419922,6.186534404754639,7.467085361480713,7.11548376083374,6.657156944274902,5.089381694793701,3.202709197998047,1.5152451992034912,-0.3051590323448181,-0.9520900845527649,-2.852297782897949,-0.07111033797264099,2.6279242038726807,5.610773086547852,5.443554401397705,2.913323163986206,3.5301427841186523,5.865179061889648,11.213006019592285,14.487954139709473,13.451580047607422,9.04789924621582,5.743603229522705,3.4364733695983887,5.301729202270508,10.77562427520752,12.305280685424805,11.77327823638916,13.863336563110352,18.801355361938477,21.684146881103516,19.348709106445312,21.736896514892578,20.91573143005371,18.25306510925293
6.523135185241699,6.387803077697754,6.38322639465332,6.370341777801514,5.89205265045166,4.6383867263793945,4.074713230133057,3.921107053756714,4.092949867248535,3.8779025077819824,4.283082485198975,6.036727428436279,6.305450439453125,6.613337993621826,5.403929233551025,4.037347316741943,1.6673182249069214,1.0674387216567993,-1.1286811828613281,-3.157637119293213,-1.79921293258667,-1.3670662641525269,0.579979419708252,2.3748018741607666,2.949669122695923,3.9914863109588623,5.04919958114624,9.39476490020752,14.437718391418457,13.525339126586914,6.146929740905762,-2.2054529190063477,3.6503729820251465,2.1280219554901123,-1.916346549987793,4.626219272613525,3.4006154537200928,3.1019599437713623,8.605650901794434,15.229883193969727,16.05420684814453,16.125476837158203,13.649635314941406,11.650710105895996
5.65787410736084,5.87843132019043,6.294547080993652,6.430156707763672,5.719590663909912,4.163604736328125,3.2818603515625,3.535022020339966,4.186957359313965,4.403311252593994,4.217168807983398,4.450906276702881,5.542784690856934,6.188317775726318,5.380937576293945,4.716777324676514,1.6429675817489624,2.2342586517333984,1.2332121133804321,-1.1108176708221436,-2.046844720840454,-1.4049593210220337,-1.9841437339782715,0.13159297406673431,4.587612152099609,5.833818435668945,5.806886672973633,7.2317728996276855,11.477529525756836,10.765572547912598,0.9331474900245667,0.4810858964920044,4.445426940917969,4.088572978973389,6.721816062927246,6.778820037841797,4.192822456359863,3.8095006942749023,6.112895965576172,7.682565689086914,6.858755588531494,6.534333229064941,5.171362400054932,4.4632744789123535
5.315606594085693,5.862480163574219,6.21876335144043,6.261548042297363,5.582531452178955,4.201536178588867,2.9864165782928467,3.0412633419036865,3.919975757598877,5.020227432250977,5.096717357635498,5.3846049308776855,6.340904235839844,6.056285858154297,5.48166561126709,5.324988842010498,2.5774614810943604,2.7486772537231445,1.8917038440704346,0.9189907908439636,-2.013364315032959,-1.7969608306884766,-1.732372522354126,-1.902544617652893,4.145045757293701,7.139472484588623,7.73095703125,8.270697593688965,9.017386436462402,8.43186092376709,7.377506256103516,6.461582183837891,6.121430397033691,1.8048698902130127,1.62660813331604,4.667468547821045,6.714328765869141,8.229430198669434,8.426222801208496,6.052944660186768,3.4151601791381836,2.7772433757781982,3.317845344543457,4.8591179847717285
5.08837366104126,5.723729133605957,5.964071750640869,5.996792793273926,5.475916385650635,4.351415634155273,3.197815418243408,2.6969962120056152,3.3097269535064697,4.624802112579346,5.668385982513428,6.865588188171387,7.4632463455200195,6.5893402099609375,5.1698527336120605,5.068173408508301,2.9468066692352295,2.581084966659546,3.101780652999878,1.5804389715194702,-0.30780208110809326,-2.5115108489990234,-3.370753049850464,-3.095641613006592,0.413506418466568,4.984227657318115,5.775495529174805,6.897378444671631,5.654739856719971,6.0838847160339355,10.303500175476074,9.328030586242676,6.90892219543457,4.176512718200684,3.64565110206604,6.435873985290527,8.657264709472656,9.731512069702148,10.610298156738281,10.238603591918945,8.692895889282227,7.573774814605713,8.484851837158203,9.470122337341309
4.7322869300842285,5.256119251251221,5.498509883880615,5.675548076629639,5.243042945861816,4.313064098358154,3.405949115753174,2.8247859477996826,3.1499545574188232,4.578653335571289,6.17954683303833,7.855927467346191,8.288165092468262,6.994082927703857,5.349636554718018,4.9219560623168945,3.255920171737671,2.5457184314727783,4.01416015625,2.80385160446167,1.097335934638977,-2.496166944503784,-2.289952278137207,-4.23665189743042,-3.9508285522460938,-2.499501943588257,3.0463414192199707,5.91825008392334,3.5349459648132324,5.565637111663818,7.962863445281982,6.519624710083008,6.2170729637146,6.588496685028076,6.123028755187988,6.385307312011719,7.936324596405029,8.973447799682617,10.310463905334473,11.647261619567871,11.871878623962402,11.488118171691895,11.554046630859375,10.17105770111084
4.294997692108154,4.604057788848877,4.976485252380371,5.135448455810547,5.006091117858887,4.821270942687988,4.277785301208496,3.397427558898926,3.229534864425659,4.75504732131958,6.67453145980835,8.574833869934082,9.152973175048828,7.471704959869385,6.393908977508545,5.380980014801025,3.8474602699279785,2.8198397159576416,3.424192428588867,3.5616633892059326,2.7963197231292725,0.6747132539749146,-0.7155345678329468,-4.354072570800781,-4.31756067276001,-4.814470291137695,-3.5826056003570557,-0.14130336046218872,2.823880434036255,5.889550685882568,6.914460182189941,5.045459747314453,4.897115230560303,8.093268394470215,8.067325592041016,6.685721397399902,6.533792972564697,6.593679428100586,7.98877477645874,9.406206130981445,9.62052059173584,9.595235824584961,9.44605541229248,7.777238845825195
4.35959529876709,3.6600959300994873,4.023199558258057,4.4298996925354,5.140552043914795,5.5754594802856445,5.138570308685303,4.191735744476318,3.835078716278076,5.131546974182129,7.0428385734558105,8.897889137268066,9.586657524108887,8.779210090637207,7.358389854431152,4.938459873199463,3.874337673187256,2.3161935806274414,0.4953690469264984,1.9894602298736572,4.3169403076171875,3.4986820220947266,1.525846004486084,-0.8830093741416931,-2.833754301071167,-2.9215593338012695,-3.616076707839966,-2.859302520751953,1.0301926136016846,7.524404525756836,10.892444610595703,7.56451416015625,4.784881114959717,6.3568925857543945,8.804142951965332,8.071922302246094,6.531057357788086,5.945083141326904,6.791295528411865,7.493032932281494,7.463301181793213,7.437966346740723,7.289610862731934,6.041213512420654
