data/wind_data/wind_61_7.json
{"header": {"parameterUnit": "KT", "parameterCategory": 2, "nx": 256, "ny": 198, "lo1": 44.73521041870117, "la1": -3.236724853515625, "lo2": 111.26478576660156, "la2": 43.468475341796875, "dx": 0.2609002888202667, "dy": -0.23708222806453705, "refTime": "2025-02-21 13:00:00", "forecastTime": 0, "parameterNumber": 2, "parameterNumberName": "eastward_wind"}, "data":
[rows 60 to 79 of 198, columns 176 to 219 of 256]
-6.482828617095947,-7.154969692230225,-6.957266807556152,-4.2435832023620605,-0.4361228346824646,0.6305737495422363,1.8952809572219849,3.9881744384765625,11.020431518554688,11.968315124511719,7.379302024841309,4.991170406341553,4.711454391479492,3.976919651031494,1.1902443170547485,-4.234431266784668,-6.777995586395264,-6.854761123657227,-7.30768346786499,-7.920275688171387,-7.476234436035156,-5.8363447189331055,-2.7730181217193604,1.5862983465194702,4.394646644592285,5.006148815155029,3.717047929763794,0.25920671224594116,-1.033068299293518,0.31747308373451233,-1.856949806213379,-4.321056365966797,-5.9345502853393555,-6.392775058746338,-7.501211166381836,-10.034783363342285,-13.230562210083008,-16.055238723754883,-17.257482528686523,-16.27754783630371,-14.858498573303223,-14.089905738830566,-13.275126457214355,-9.656916618347168
-4.423224925994873,-4.830380916595459,-4.3637495040893555,-2.6528022289276123,0.5901069641113281,2.8823742866516113,3.645334243774414,2.303528070449829,7.670598983764648,14.04626178741455,13.91722297668457,8.307648658752441,3.931382656097412,6.08068323135376,2.859952688217163,-4.224496841430664,-7.889317035675049,-7.781345844268799,-7.006327152252197,-5.838618755340576,-4.311405181884766,-2.8492634296417236,-0.6705086827278137,2.3755619525909424,4.122039794921875,4.833200931549072,3.693411350250244,0.8883505463600159,-0.4285232126712799,-0.7684380412101746,-2.188434362411499,-4.515778541564941,-5.744919300079346,-5.596481800079346,-6.435970783233643,-8.926827430725098,-12.364232063293457,-15.366589546203613,-16.2994384765625,-15.884140968322754,-15.23511028289795,-14.447488784790039,-13.73591423034668,-12.146133422851562
-2.607327461242676,-2.6612441539764404,-2.0207459926605225,-0.3510061502456665,1.6971439123153687,3.558793783187866,3.8754467964172363,1.3415741920471191,3.0983622074127197,10.60524845123291,16.263338088989258,12.433860778808594,4.482848644256592,7.508342742919922,6.839383602142334,-2.2691445350646973,-7.3736572265625,-7.098694324493408,-4.832573890686035,-2.783865451812744,-1.5920685529708862,-0.9103105664253235,0.4978417158126831,1.9655091762542725,2.811897039413452,3.4133987426757812,2.779083013534546,0.9499799013137817,-0.19768165051937103,-0.903812825679779,-2.220191717147827,-4.382495403289795,-5.615797519683838,-5.799676895141602,-7.5940985679626465,-10.371091842651367,-13.079242706298828,-14.740874290466309,-14.239946365356445,-12.956218719482422,-12.991010665893555,-12.671438217163086,-11.656954765319824,-10.660852432250977
-1.719854712486267,-1.2300530672073364,-0.501754879951477,1.0513439178466797,2.7906277179718018,4.4862775802612305,5.146358489990234,3.457641839981079,2.1557984352111816,7.472692012786865,14.369185447692871,14.29223346710205,6.8023600578308105,8.280549049377441,10.317486763000488,2.13459849357605,-4.194777488708496,-3.964945077896118,-1.3497813940048218,0.44822919368743896,0.8642993569374084,0.9758567810058594,1.7405834197998047,2.049572229385376,1.5193450450897217,0.7168053984642029,1.3891863822937012,1.6794112920761108,0.797121524810791,-0.22800588607788086,-1.6415072679519653,-3.7612602710723877,-5.375065326690674,-6.766537666320801,-9.576770782470703,-12.110176086425781,-13.219558715820312,-12.959186553955078,-10.543899536132812,-7.128268718719482,-6.356240272521973,-8.453444480895996,-9.08414363861084,-8.009599685668945
-0.9785468578338623,-0.09525348991155624,0.6462936401367188,1.8628034591674805,3.6854500770568848,5.620368957519531,7.145656585693359,7.117275714874268,5.284529209136963,7.00446891784668,12.221970558166504,13.448809623718262,8.472487449645996,8.2593994140625,10.425000190734863,5.717089653015137,-0.23696599900722504,-0.40675389766693115,1.5206496715545654,2.3156466484069824,2.005239486694336,2.113123893737793,2.582115411758423,2.415372610092163,1.0870258808135986,-0.5222689509391785,1.4301984310150146,2.732544183731079,2.429593563079834,1.1400784254074097,-0.45988819003105164,-2.5623886585235596,-4.487586975097656,-6.758888244628906,-9.480710983276367,-11.030354499816895,-10.958487510681152,-9.98535442352295,-7.543854713439941,-4.355095863342285,-2.401852607727051,-3.8824477195739746,-6.356809616088867,-6.742964267730713
0.47879758477211,1.456816554069519,2.384803533554077,3.3183538913726807,4.982256889343262,7.027942180633545,8.963869094848633,10.28157901763916,9.578442573547363,8.966139793395996,11.316271781921387,11.943900108337402,8.329293251037598,6.241900444030762,7.084094524383545,6.974943161010742,3.9512813091278076,2.7046408653259277,3.090834140777588,2.9650325775146484,2.0369279384613037,2.240565776824951,2.734764814376831,2.5595703125,1.8751484155654907,0.6485861539840698,1.7151144742965698,3.0363729000091553,3.364102363586426,2.37986421585083,1.0360708236694336,-0.8213596343994141,-2.7134737968444824,-5.051877498626709,-6.8611650466918945,-7.270138263702393,-7.25139045715332,-6.959423065185547,-5.784850597381592,-3.7735726833343506,-1.43485426902771,-0.7413254380226135,-2.689775228500366,-5.044256210327148
3.058774709701538,3.645841598510742,4.659008502960205,5.694892883300781,7.11787223815918,8.92734146118164,10.59622573852539,12.287345886230469,12.629011154174805,11.505114555358887,11.561956405639648,11.062739372253418,7.785406589508057,4.512598037719727,4.604875564575195,7.075384616851807,9.660876274108887,9.997057914733887,8.378864288330078,5.611710071563721,3.302827835083008,2.8979978561401367,3.3001115322113037,3.2225587368011475,3.624359130859375,3.2523903846740723,2.307187080383301,2.027953863143921,2.855959177017212,3.02776837348938,2.2798802852630615,1.2592475414276123,-0.29858627915382385,-2.416083812713623,-3.4882755279541016,-3.2460484504699707,-3.690688133239746,-4.365637302398682,-4.276997089385986,-3.456773042678833,-1.9195795059204102,-0.04206797480583191,0.7679412961006165,-1.4066956043243408
6.089142322540283,6.197625160217285,6.823904514312744,7.903316020965576,9.379138946533203,10.986857414245605,12.070121765136719,13.184222221374512,13.569005966186523,12.601226806640625,11.596773147583008,10.526237487792969,8.33141040802002,5.740904808044434,6.010796070098877,8.402586936950684,12.195326805114746,16.696374893188477,17.6942195892334,13.517511367797852,8.324942588806152,5.8830718994140625,5.416944980621338,5.135911464691162,5.6096014976501465,5.897312164306641,4.039356231689453,1.6723867654800415,1.9229702949523926,3.4471755027770996,3.550508499145508,3.335085153579712,2.509920835494995,0.6698548197746277,-0.4301953911781311,-0.508780300617218,-1.4437575340270996,-2.5536303520202637,-2.8058266639709473,-2.7126524448394775,-2.5660805702209473,-0.19999681413173676,2.1960270404815674,2.3184618949890137
9.757981300354004,9.423314094543457,9.30937671661377,9.798243522644043,10.954062461853027,12.390181541442871,13.10980224609375,13.339712142944336,12.96335220336914,11.989724159240723,10.760335922241211,9.843278884887695,9.681571960449219,9.058852195739746,9.392353057861328,10.635956764221191,12.394455909729004,16.48318099975586,21.653160095214844,22.038625717163086,16.710529327392578,11.169178009033203,8.671778678894043,7.864931583404541,7.697842597961426,7.1499247550964355,4.973301887512207,1.6833200454711914,0.6102125644683838,2.904698371887207,4.78960657119751,5.278722763061523,4.9368486404418945,3.773906946182251,2.1927554607391357,0.8484605550765991,-0.9513450264930725,-2.11962890625,-1.8106803894042969,-1.1794054508209229,-1.3652288913726807,-0.0590892918407917,1.7782840728759766,3.475904703140259
14.03255558013916,13.392314910888672,12.584742546081543,12.180717468261719,12.471939086914062,13.249320983886719,13.649757385253906,13.30856990814209,12.307741165161133,11.449189186096191,10.641526222229004,10.061532974243164,11.018291473388672,12.182043075561523,12.883553504943848,13.209799766540527,13.04484748840332,14.619854927062988,19.94134521484375,25.08033561706543,23.87833023071289,17.5219669342041,12.57221508026123,10.968050003051758,9.915460586547852,7.67044734954834,4.656977653503418,2.5323147773742676,2.9962868690490723,4.160831451416016,6.02780818939209,7.0399932861328125,6.717332363128662,6.169347286224365,4.525386333465576,1.9217026233673096,-0.6108805537223816,-1.470725655555725,-0.49920690059661865,0.5994048118591309,0.8595343828201294,0.7281777858734131,0.9253484010696411,2.076571226119995
17.873884201049805,17.524328231811523,16.5162353515625,15.3728666305542,14.73880672454834,14.544652938842773,14.328584671020508,13.753765106201172,12.904621124267578,12.616392135620117,12.644441604614258,12.524373054504395,13.169830322265625,14.63794231414795,15.99710750579834,16.877872467041016,16.878122329711914,16.679046630859375,19.23615074157715,24.312868118286133,26.843910217285156,22.904399871826172,16.974716186523438,13.811220169067383,11.89954948425293,9.319276809692383,6.20389986038208,4.949386119842529,8.79393482208252,10.525477409362793,9.35367202758789,8.947087287902832,8.265199661254883,7.639405727386475,6.505947589874268,3.9732296466827393,1.8172725439071655,1.5727907419204712,2.622199296951294,2.916743278503418,2.286907196044922,1.5312060117721558,0.4759683310985565,-0.03567511960864067
20.795007705688477,20.938594818115234,20.44261932373047,19.232372283935547,17.89925193786621,16.938827514648438,16.1800479888916,15.427937507629395,15.073136329650879,15.577180862426758,16.416372299194336,16.824535369873047,16.84248161315918,17.337535858154297,18.669588088989258,20.71975326538086,22.340036392211914,22.44999122619629,22.277788162231445,24.139833450317383,26.744197845458984,25.840862274169922,21.176528930664062,16.695995330810547,14.172243118286133,12.6046724319458,10.559347152709961,9.182976722717285,12.47753620147705,15.5739164352417,13.826679229736328,11.328601837158203,9.965702056884766,9.131024360656738,8.606118202209473,7.313962936401367,6.1425299644470215,5.927289962768555,6.319876670837402,5.659823417663574,3.3876149654388428,2.045725107192993,0.3026981055736542,-1.2390317916870117
23.771047592163086,23.89667320251465,23.721832275390625,23.125593185424805,21.83747100830078,20.35746955871582,19.249309539794922,18.48406982421875,18.370471954345703,19.298030853271484,20.674280166625977,21.570194244384766,21.41741180419922,20.975343704223633,21.692304611206055,23.866561889648438,26.23440933227539,27.37883949279785,26.636455535888672,25.659318923950195,26.10466766357422,26.478055953979492,24.250823974609375,19.9971923828125,16.769824981689453,15.872238159179688,15.447219848632812,14.24203109741211,14.686424255371094,16.864526748657227,16.446258544921875,13.893010139465332,12.012907028198242,11.11761474609375,10.977893829345703,10.752631187438965,10.138720512390137,9.306098937988281,8.716399192810059,7.832652568817139,5.141997337341309,2.9896860122680664,0.7619417309761047,-1.0079578161239624
26.978662490844727,27.063461303710938,26.681047439575195,26.301990509033203,25.742347717285156,24.554824829101562,23.142324447631836,22.159868240356445,22.003456115722656,22.87409782409668,24.363258361816406,25.504459381103516,25.499982833862305,24.983808517456055,25.39409637451172,26.764318466186523,28.303821563720703,29.602201461791992,29.64337730407715,28.13099479675293,26.887094497680664,26.796199798583984,25.97001075744629,22.987266540527344,19.65877342224121,18.287269592285156,18.328821182250977,17.99545669555664,17.178565979003906,17.354389190673828,17.59444808959961,16.396547317504883,14.617076873779297,13.52133846282959,13.238619804382324,13.195952415466309,12.651618003845215,11.4350004196167,10.175111770629883,9.255818367004395,7.244751930236816,4.8148674964904785,2.5244481563568115,0.5048363208770752
29.614233016967773,30.041702270507812,29.746410369873047,29.060365676879883,28.743175506591797,28.508712768554688,27.656217575073242,26.414772033691406,25.6727237701416,26.006160736083984,27.20425796508789,28.280845642089844,28.376550674438477,28.159793853759766,28.762454986572266,29.668636322021484,30.146392822265625,30.748096466064453,31.304182052612305,30.60153579711914,29.186141967773438,28.550811767578125,27.963790893554688,25.754743576049805,22.681591033935547,20.728879928588867,20.218420028686523,20.331090927124023,19.465423583984375,18.48601722717285,18.520647048950195,18.294841766357422,17.094337463378906,15.949959754943848,15.351962089538574,15.100972175598145,14.613642692565918,13.23120403289795,11.230453491210938,10.068360328674316,9.009868621826172,7.121347427368164,5.559270858764648,3.544041872024536
31.97207260131836,32.42270278930664,32.5624885559082,32.028968811035156,31.420480728149414,31.478252410888672,31.696470260620117,31.155885696411133,30.029399871826172,29.4213809967041,29.810800552368164,30.48349380493164,30.650897979736328,30.762800216674805,31.14494514465332,31.632381439208984,32.264827728271484,32.52900314331055,32.64452362060547,32.406795501708984,31.713918685913086,31.25528335571289,30.757125854492188,29.035493850708008,26.444612503051758,24.209712982177734,22.858192443847656,22.48423957824707,21.730247497558594,20.63417625427246,20.191326141357422,20.02374839782715,19.17296600341797,18.204030990600586,17.6276798248291,17.399642944335938,17.104228973388672,15.470650672912598,12.471076965332031,10.790141105651855,10.484061241149902,9.2747802734375,8.547462463378906,7.58932638168335
34.96540069580078,34.89381790161133,35.028907775878906,34.947628021240234,34.488548278808594,34.278297424316406,34.72479248046875,35.13844680786133,34.67015838623047,33.68967056274414,33.1293830871582,33.08165740966797,33.246299743652344,33.38633346557617,33.18408966064453,33.443031311035156,34.25156784057617,34.37552261352539,34.285865783691406,33.901729583740234,33.474178314208984,33.472808837890625,33.555992126464844,32.72502517700195,30.915971755981445,28.677358627319336,26.582422256469727,25.28999900817871,24.513652801513672,23.529407501220703,22.592681884765625,22.057661056518555,21.20188331604004,20.210647583007812,19.785968780517578,19.935941696166992,19.92857551574707,18.348270416259766,14.87688159942627,12.130188941955566,11.577448844909668,10.884881019592285,10.533425331115723,10.983108520507812
38.359283447265625,37.90256118774414,37.67085647583008,37.61449432373047,37.5290641784668,37.3955192565918,37.57391357421875,38.09879684448242,38.36457443237305,37.917354583740234,37.12362289428711,36.5231819152832,36.4369010925293,36.19532012939453,35.82924270629883,35.99380111694336,36.03351593017578,35.82326889038086,35.74298095703125,35.51902389526367,35.13013458251953,35.11104965209961,35.485443115234375,35.617828369140625,35.0798225402832,33.26054000854492,30.768186569213867,28.967227935791016,27.87493133544922,26.58391761779785,25.18026351928711,24.336814880371094,23.490427017211914,22.20494270324707,21.598342895507812,22.161760330200195,22.62708282470703,21.52543830871582,18.305675506591797,14.404918670654297,12.459959983825684,11.909801483154297,11.716446876525879,12.787282943725586
41.243141174316406,40.87409973144531,40.52582931518555,40.28096389770508,40.23478317260742,40.315006256103516,40.492427825927734,40.818267822265625,41.170528411865234,41.222816467285156,40.799903869628906,40.185951232910156,39.759952545166016,39.22272491455078,38.88248825073242,38.87668228149414,38.366363525390625,37.53845977783203,37.02863311767578,37.124271392822266,37.35905456542969,37.25447082519531,37.11708450317383,37.341468811035156,37.552330017089844,36.62095260620117,34.797889709472656,33.21857452392578,31.546138763427734,29.380847930908203,27.362516403198242,26.48580551147461,25.94631004333496,24.44561767578125,23.41786003112793,24.053579330444336,25.00411605834961,24.60308837890625,22.223590850830078,18.02376937866211,13.99113655090332,12.361019134521484,12.37149715423584,13.439682006835938
43.3824348449707,43.24291229248047,43.032440185546875,42.86439895629883,42.770442962646484,42.83449935913086,43.07073974609375,43.43339920043945,43.752498626708984,43.916934967041016,43.79311752319336,43.37006759643555,42.712440490722656,42.0418815612793,41.77782440185547,41.471702575683594,40.74497985839844,40.040061950683594,39.47290802001953,39.33934020996094,39.702274322509766,39.7988395690918,39.577186584472656,39.301780700683594,38.96992874145508,38.48982238769531,37.834373474121094,36.86392593383789,34.9998664855957,32.325538635253906,29.406064987182617,27.83607292175293,27.82117462158203,27.078487396240234,25.71617889404297,25.725231170654297,26.906261444091797,27.415525436401367,26.07670021057129,22.455556869506836,17.343826293945312,13.577574729919434,12.558287620544434,13.381295204162598
