data/wind_data/wind_50_8.json
{"header": {"parameterUnit": "KT", "parameterCategory": 2, "nx": 256, "ny": 198, "lo1": 44.73521041870117, "la1": -3.236724853515625, "lo2": 111.26478576660156, "la2": 43.468475341796875, "dx": 0.2609002888202667, "dy": -0.23708222806453705, "refTime": "2025-02-21 02:00:00", "forecastTime": 0, "parameterNumber": 2, "parameterNumberName": "eastward_wind"}, "data":
[rows 95 to 113 of 198, columns 44 to 87 of 256]
18.269107818603516,18.11981964111328,18.161235809326172,18.752857208251953,19.68267822265625,20.62387466430664,21.35964584350586,21.596755981445312,21.196664810180664,20.384166717529297,19.361648559570312,18.204355239868164,17.272735595703125,16.92357063293457,17.292098999023438,18.167821884155273,19.272380828857422,20.549036026000977,21.87561798095703,23.041412353515625,23.646039962768555,23.304243087768555,22.132883071899414,20.864646911621094,20.143566131591797,20.198368072509766,20.969791412353516,22.185937881469727,23.331092834472656,23.833480834960938,23.428226470947266,22.173837661743164,20.404521942138672,18.684778213500977,17.599552154541016,17.364791870117188,17.74911117553711,18.438634872436523,19.134950637817383,19.60429573059082,19.86513900756836,20.09050750732422,20.365550994873047,20.625808715820312
20.4115047454834,19.809720993041992,19.386478424072266,19.837026596069336,20.923734664916992,22.074462890625,22.749494552612305,22.60665512084961,21.710660934448242,20.38697624206543,19.047077178955078,18.008153915405273,17.404197692871094,17.492013931274414,18.51113510131836,20.109540939331055,21.847454071044922,23.2806453704834,24.200618743896484,24.44353675842285,23.666778564453125,22.345565795898438,21.257339477539062,20.858074188232422,21.111087799072266,21.80875587463379,22.812589645385742,23.883901596069336,24.62471580505371,24.69770622253418,23.976625442504883,22.509641647338867,20.721141815185547,19.214815139770508,18.36450958251953,18.221271514892578,18.595855712890625,19.31158447265625,20.084579467773438,20.652902603149414,21.00894546508789,21.273052215576172,21.48871421813965,21.61212730407715
21.682079315185547,21.469114303588867,21.229093551635742,21.596338272094727,22.62892723083496,23.786956787109375,24.30594825744629,23.82402801513672,22.406055450439453,20.52810287475586,18.997922897338867,18.027496337890625,17.752391815185547,18.707895278930664,20.8498477935791,23.23482894897461,25.00157356262207,25.72511863708496,25.24283218383789,23.666643142700195,22.029722213745117,21.198381423950195,21.40310287475586,22.236961364746094,23.134313583374023,23.877931594848633,24.497488021850586,24.95429801940918,25.13298225402832,24.905664443969727,24.09123992919922,22.702720642089844,21.168563842773438,19.909587860107422,19.170879364013672,19.024839401245117,19.38653564453125,20.107851028442383,20.89789581298828,21.549896240234375,22.037643432617188,22.29935646057129,22.236387252807617,22.00615692138672
22.394241333007812,22.963409423828125,23.31436538696289,23.72966194152832,24.55990219116211,25.499948501586914,25.894100189208984,25.176166534423828,23.11170768737793,20.635631561279297,18.867855072021484,18.219053268432617,19.11214256286621,21.649158477783203,24.70983123779297,26.958459854125977,27.611000061035156,26.325674057006836,23.763044357299805,21.64146614074707,21.033708572387695,21.860971450805664,23.320953369140625,24.557321548461914,25.205209732055664,25.39006233215332,25.30567169189453,25.08260726928711,24.875362396240234,24.60945701599121,23.997623443603516,22.97965431213379,21.769006729125977,20.611356735229492,19.92365264892578,19.972455978393555,20.48683738708496,21.10421371459961,21.665145874023438,22.20999526977539,22.722707748413086,22.92687225341797,22.698501586914062,22.46019172668457
22.863466262817383,24.208053588867188,25.21430015563965,25.96800422668457,26.799745559692383,27.437854766845703,27.15708351135254,25.318716049194336,22.14438819885254,19.356422424316406,18.358858108520508,19.51262664794922,22.703426361083984,26.53218650817871,29.174072265625,29.557302474975586,27.46485710144043,24.082406997680664,21.692020416259766,21.33834457397461,22.64873695373535,24.48838996887207,25.808725357055664,26.251474380493164,26.14590835571289,25.83236312866211,25.320209503173828,24.78795051574707,24.54131507873535,24.454219818115234,24.149383544921875,23.433666229248047,22.34827995300293,21.250486373901367,20.842529296875,21.24205207824707,21.860103607177734,22.225303649902344,22.41131591796875,22.74910545349121,23.154327392578125,23.270660400390625,23.208934783935547,23.429677963256836
23.225873947143555,25.32927703857422,27.072145462036133,28.45112419128418,29.639915466308594,29.6855525970459,27.412229537963867,22.75088119506836,18.127330780029297,16.77216148376465,18.854278564453125,23.225257873535156,28.404949188232422,31.781307220458984,31.597196578979492,28.385395050048828,24.484209060668945,22.279800415039062,22.253664016723633,23.834049224853516,25.833467483520508,27.037321090698242,27.083877563476562,26.577098846435547,26.178024291992188,25.850801467895508,25.3629150390625,24.89847183227539,24.779029846191406,24.84957504272461,24.680660247802734,24.048372268676758,22.97444725036621,22.09716796875,22.058610916137695,22.656192779541016,23.175674438476562,23.28923225402832,23.284929275512695,23.440418243408203,23.531341552734375,23.481460571289062,23.685298919677734,24.36432647705078
23.541902542114258,26.292842864990234,29.127220153808594,31.68735694885254,33.362430572509766,31.872539520263672,25.735280990600586,17.423667907714844,13.933636665344238,17.124191284179688,22.728168487548828,29.086959838867188,33.910423278808594,33.73303985595703,29.2468318939209,24.91678237915039,23.343982696533203,23.789897918701172,25.422048568725586,27.20032501220703,28.219053268432617,28.048261642456055,27.242431640625,26.637603759765625,26.417377471923828,26.18532371520996,25.74591827392578,25.381088256835938,25.386629104614258,25.53252410888672,25.34795570373535,24.6376895904541,23.67498207092285,23.139835357666016,23.302892684936523,23.797746658325195,24.168441772460938,24.33303451538086,24.38702964782715,24.16581153869629,23.63340187072754,23.318199157714844,23.741384506225586,24.70843505859375
24.582870483398438,27.499183654785156,31.356822967529297,35.380165100097656,37.37984085083008,32.61863327026367,21.252426147460938,13.048554420471191,15.953104019165039,22.960168838500977,29.40419578552246,34.48473358154297,35.28217697143555,30.3579158782959,25.470869064331055,24.547924041748047,25.635400772094727,27.09288787841797,28.48590850830078,29.35160255432129,29.204147338867188,28.36125373840332,27.583450317382812,27.236690521240234,27.037263870239258,26.619930267333984,26.106815338134766,25.867952346801758,25.97806739807129,26.049911499023438,25.685590744018555,24.886682510375977,24.15183448791504,23.898649215698242,24.02264976501465,24.3317813873291,24.852012634277344,25.342838287353516,25.205928802490234,24.149084091186523,22.97173309326172,22.76782989501953,23.713890075683594,25.050697326660156
27.227102279663086,29.910715103149414,34.344703674316406,39.3388671875,39.42420959472656,29.21210479736328,17.620080947875977,17.35671043395996,23.984548568725586,30.54891586303711,34.66775894165039,35.167850494384766,31.75006675720215,27.75362205505371,26.40894889831543,27.224618911743164,28.586929321289062,29.72532844543457,30.35786247253418,30.29776382446289,29.719562530517578,29.05387306213379,28.579416275024414,28.16017723083496,27.52819061279297,26.80665397644043,26.393112182617188,26.36754035949707,26.420618057250977,26.17775535583496,25.57383918762207,24.86861801147461,24.4133358001709,24.247264862060547,24.279491424560547,24.760540008544922,25.574865341186523,25.90616226196289,24.857040405273438,22.96974754333496,21.984886169433594,22.775447845458984,24.458148956298828,25.981292724609375
30.524032592773438,33.51909255981445,38.82366943359375,42.384117126464844,36.23281478881836,25.901691436767578,23.13793182373047,27.19675064086914,31.63593292236328,33.91580581665039,34.26876449584961,32.94695281982422,30.865339279174805,29.30191421508789,29.07286834716797,29.894603729248047,30.875932693481445,31.40973663330078,31.385578155517578,31.082014083862305,30.778236389160156,30.467784881591797,29.927589416503906,28.97576141357422,27.81296157836914,27.002229690551758,26.808185577392578,26.858295440673828,26.665910720825195,26.1536865234375,25.57986068725586,25.157451629638672,24.85639190673828,24.665058135986328,24.93170928955078,25.701494216918945,26.260486602783203,25.592079162597656,23.577714920043945,21.922218322753906,22.22914695739746,24.02486801147461,25.780736923217773,26.981903076171875
32.60600280761719,37.73435592651367,43.36888122558594,40.65522384643555,32.77060317993164,30.042869567871094,32.51722717285156,33.66840362548828,32.91044235229492,33.202335357666016,34.09295654296875,33.63926315307617,32.26936340332031,31.572124481201172,31.776765823364258,32.2740364074707,32.61671447753906,32.67756652832031,32.611263275146484,32.61153030395508,32.5561637878418,32.08137512207031,30.987239837646484,29.491329193115234,28.188758850097656,27.54694175720215,27.430097579956055,27.363855361938477,27.039695739746094,26.566810607910156,26.200668334960938,25.936931610107422,25.674842834472656,25.67397689819336,26.148134231567383,26.62645149230957,26.20281219482422,24.567190170288086,22.723371505737305,22.415409088134766,23.904277801513672,25.74192237854004,26.95853614807129,27.68444061279297
33.84178924560547,40.82197189331055,42.31571960449219,37.06791687011719,34.4932975769043,36.41015625,36.78415298461914,34.325260162353516,32.82571029663086,33.94190216064453,35.339996337890625,35.08890914916992,34.2033576965332,34.02920913696289,34.288238525390625,34.31606674194336,34.15618896484375,34.112632751464844,34.285888671875,34.4722900390625,34.2561149597168,33.26176834106445,31.600566864013672,29.924869537353516,28.84617042541504,28.39090347290039,28.24335479736328,28.076444625854492,27.734920501708984,27.414417266845703,27.309547424316406,27.229415893554688,27.072097778320312,27.011728286743164,26.987628936767578,26.646631240844727,25.613819122314453,23.981576919555664,23.133527755737305,23.93931007385254,25.64710235595703,27.052106857299805,27.81423568725586,28.371047973632812
35.16501998901367,38.93311309814453,37.57819366455078,35.82065200805664,37.771270751953125,39.06565856933594,36.96414566040039,34.65073776245117,34.57052993774414,35.65354537963867,36.319522857666016,36.218292236328125,35.93470001220703,35.96522903442383,36.05236053466797,35.90327072143555,35.774078369140625,35.87014389038086,36.010013580322266,35.84506607055664,35.10914611816406,33.7365837097168,32.092041015625,30.737117767333984,29.89533042907715,29.452516555786133,29.15872573852539,28.81349754333496,28.544240951538086,28.641334533691406,28.949228286743164,28.959945678710938,28.431018829345703,27.612510681152344,26.879756927490234,26.37746810913086,25.6353816986084,24.616348266601562,24.533077239990234,25.634862899780273,27.11384391784668,28.222270965576172,28.912878036499023,29.562211990356445
37.61115264892578,37.50541687011719,36.20476531982422,36.708587646484375,38.602745056152344,38.64316177368164,37.093563079833984,36.30630874633789,36.602455139160156,36.963871002197266,37.11806869506836,37.16905975341797,37.01844024658203,36.89585494995117,37.02355194091797,37.34782028198242,37.629920959472656,37.63884735107422,37.2082633972168,36.32110595703125,35.13115310668945,33.915775299072266,32.87649154663086,32.02138900756836,31.315805435180664,30.722312927246094,30.123950958251953,29.63131332397461,29.676748275756836,30.348846435546875,30.728120803833008,30.066511154174805,28.633176803588867,27.34206199645996,26.88641357421875,26.90793800354004,26.637813568115234,26.181278228759766,26.437206268310547,27.45642852783203,28.68195152282715,29.756113052368164,30.647598266601562,31.294145584106445
41.55329513549805,40.24459457397461,38.90719985961914,38.53627395629883,38.95899963378906,38.822879791259766,38.11103820800781,37.69786834716797,37.651912689208984,37.562652587890625,37.62044906616211,37.777828216552734,37.60490417480469,37.47065353393555,37.91472244262695,38.690696716308594,39.081214904785156,38.75473403930664,37.74604415893555,36.36063003540039,35.118595123291016,34.31630325317383,33.804481506347656,33.27175521850586,32.62892150878906,31.843801498413086,31.12565040588379,30.890853881835938,31.37483024597168,31.97722625732422,31.41111183166504,29.859617233276367,28.234861373901367,27.402280807495117,27.53334617614746,27.92340087890625,27.91547393798828,28.03089714050293,28.707551956176758,29.60547637939453,30.50608253479004,31.58580207824707,32.592594146728516,32.81135940551758
46.5089111328125,44.263790130615234,42.030208587646484,41.352813720703125,41.509666442871094,40.83060073852539,39.4843635559082,38.31536865234375,37.67563247680664,37.56145477294922,37.857017517089844,38.183895111083984,38.19086837768555,38.32603073120117,38.97212600708008,39.64004898071289,39.73607635498047,39.136314392089844,38.03850555419922,36.83175277709961,35.95894241333008,35.472801208496094,35.05917739868164,34.49285888671875,33.6645622253418,32.640472412109375,32.0737419128418,32.2890739440918,32.75785446166992,32.344078063964844,30.878765106201172,29.200145721435547,28.175373077392578,28.060129165649414,28.609874725341797,29.15494728088379,29.620410919189453,30.285316467285156,31.04267692565918,31.426513671875,31.841480255126953,33.00850296020508,34.078636169433594,33.76801300048828
51.93482971191406,48.96370315551758,46.188289642333984,45.00338363647461,44.62810134887695,43.42015075683594,41.34410095214844,39.14873123168945,37.575496673583984,37.11387634277344,37.62788009643555,38.457191467285156,39.035057067871094,39.45246887207031,39.88106918334961,40.097633361816406,39.94477462768555,39.4676399230957,38.70820999145508,37.90153121948242,37.250953674316406,36.76103973388672,36.33819580078125,35.726810455322266,34.702735900878906,33.535858154296875,33.06667709350586,33.24574661254883,33.103302001953125,31.8901424407959,30.128631591796875,28.910228729248047,28.68850326538086,29.27469253540039,30.08488655090332,30.78955078125,31.547470092773438,32.31547164916992,32.70383071899414,32.52297592163086,32.65348815917969,33.96639633178711,35.135372161865234,34.525482177734375
56.746665954589844,54.39875793457031,51.896663665771484,49.42918395996094,47.210819244384766,45.00297546386719,42.63277053833008,40.07813262939453,37.841739654541016,36.80751037597656,37.35377883911133,38.694942474365234,39.73887252807617,40.202938079833984,40.37036895751953,40.227386474609375,39.957603454589844,39.761905670166016,39.4463996887207,38.814659118652344,38.073001861572266,37.62395477294922,37.46844482421875,37.17628479003906,36.061607360839844,34.69076156616211,33.8914680480957,33.659828186035156,32.886863708496094,31.34744644165039,29.800752639770508,29.248798370361328,29.78308868408203,30.75748062133789,31.676122665405273,32.5748176574707,33.38956832885742,33.8114013671875,33.66841125488281,33.20466232299805,33.32228088378906,34.76253890991211,36.01495361328125,35.18560791015625
60.20708465576172,59.393550872802734,57.51690673828125,54.18724822998047,50.129817962646484,46.29871368408203,43.12925720214844,40.43300247192383,38.22687911987305,37.15178298950195,37.8156852722168,39.28453826904297,40.0978889465332,40.12202835083008,40.07429885864258,40.08842468261719,40.07720947265625,40.06370162963867,39.931182861328125,39.389678955078125,38.67387008666992,38.388675689697266,38.61159133911133,38.563194274902344,37.510013580322266,35.843238830566406,34.56769561767578,33.62686538696289,32.47522735595703,31.094816207885742,30.11446762084961,30.15908432006836,31.1854248046875,32.456398010253906,33.584869384765625,34.608890533447266,35.165409088134766,34.898773193359375,33.916629791259766,33.077877044677734,33.63236618041992,35.53721237182617,36.97368240356445,36.076663970947266
