data/wind_data/wind_34_6.json
{"header": {"parameterUnit": "KT", "parameterCategory": 2, "nx": 256, "ny": 198, "lo1": 44.73521041870117, "la1": -3.236724853515625, "lo2": 111.26478576660156, "la2": 43.468475341796875, "dx": 0.2609002888202667, "dy": -0.23708222806453705, "refTime": "2025-02-20 10:00:00", "forecastTime": 0, "parameterNumber": 2, "parameterNumberName": "eastward_wind"}, "data":
[rows 20 to 39 of 198, columns 132 to 175 of 256]
-5.750106334686279,-1.1425472497940063,-4.528620719909668,-3.5032503604888916,-4.303871154785156,-3.359299659729004,-1.6835408210754395,-1.1847164630889893,-2.100999116897583,-4.869601726531982,-10.366680145263672,-10.702396392822266,-8.668469429016113,-7.419105052947998,-4.355841636657715,-3.843475103378296,-5.062976837158203,-7.8611674308776855,-7.525803089141846,-7.161246299743652,-7.749190330505371,-6.189275741577148,-7.85719108581543,-6.684121131896973,-5.492220878601074,-5.9850568771362305,-6.486281871795654,-6.757994651794434,-6.380008220672607,-6.097160339355469,-6.22421932220459,-6.010331153869629,-8.798489570617676,-1.6545997858047485,-4.137650012969971,-6.684850215911865,-10.10351276397705,-10.67041301727295,-10.21930980682373,-9.635763168334961,-9.976868629455566,-10.074064254760742,-9.798718452453613,-10.28507137298584
-6.728724479675293,-4.813589572906494,-4.69183349609375,-5.2447638511657715,-6.304785251617432,-3.0460925102233887,0.5690231919288635,-1.500725507736206,-3.581888198852539,-3.4755938053131104,-8.87128734588623,-11.012168884277344,-11.966057777404785,-10.652965545654297,-7.529355525970459,-3.3360605239868164,-3.432210683822632,-8.310611724853516,-8.579283714294434,-9.610372543334961,-9.412304878234863,-9.345141410827637,-7.912559986114502,-6.484451770782471,-5.879059314727783,-6.055575370788574,-6.5288543701171875,-6.314286231994629,-5.752568244934082,-6.855811595916748,-8.328864097595215,-9.478940963745117,-9.60558032989502,-2.03049635887146,-1.7999308109283447,-7.47299337387085,-10.43565845489502,-10.568924903869629,-10.756521224975586,-10.672039031982422,-10.82360553741455,-10.205336570739746,-9.435091972351074,-10.160356521606445
-6.0132856369018555,-5.591404914855957,-6.363542079925537,-7.7457427978515625,-6.742645263671875,-2.7128467559814453,-0.8347060084342957,-4.958719730377197,-10.811127662658691,-9.824651718139648,-7.870445728302002,-11.200411796569824,-11.55451774597168,-7.29543399810791,-5.082183837890625,-4.298930644989014,-3.3448781967163086,-6.253509044647217,-8.523151397705078,-8.976333618164062,-8.263715744018555,-7.5935211181640625,-7.042598247528076,-6.619211196899414,-6.379653453826904,-6.81088399887085,-6.686243057250977,-4.804610252380371,-3.7498834133148193,-7.80297327041626,-7.739231109619141,-9.310976028442383,-9.553264617919922,-8.626785278320312,-2.4857356548309326,-7.778738498687744,-10.614639282226562,-11.16100788116455,-10.766592979431152,-10.385480880737305,-10.557271003723145,-10.75053596496582,-10.50758171081543,-10.604842185974121
-6.715091705322266,-7.02403450012207,-8.754090309143066,-10.036855697631836,-8.702301025390625,-7.5478949546813965,-8.134825706481934,-10.249149322509766,-12.626262664794922,-9.657693862915039,-7.820644378662109,-9.458929061889648,-8.159588813781738,-5.334985733032227,-4.113469123840332,-5.921742916107178,-3.888300657272339,-6.365841388702393,-7.893063545227051,-8.255865097045898,-7.970095157623291,-6.709770679473877,-6.263901710510254,-6.387406349182129,-7.756970405578613,-8.248595237731934,-6.485475540161133,-3.6640524864196777,-5.948669910430908,-8.913418769836426,-9.472670555114746,-11.624574661254883,-10.518197059631348,-9.304184913635254,-6.282746315002441,-7.906457424163818,-10.326090812683105,-11.087182998657227,-10.577998161315918,-10.411995887756348,-10.505041122436523,-10.594123840332031,-11.584467887878418,-11.085083961486816
-9.27960205078125,-9.772516250610352,-10.71887493133545,-11.18406867980957,-10.740266799926758,-11.720022201538086,-13.986716270446777,-13.90052604675293,-12.03706169128418,-11.115294456481934,-12.166411399841309,-9.009119033813477,-7.095071315765381,-7.111406326293945,-7.974222660064697,-7.709423065185547,-6.136667728424072,-7.844450950622559,-8.142066955566406,-7.551607131958008,-8.106426239013672,-7.130634307861328,-6.812407493591309,-7.486194133758545,-8.791072845458984,-9.080657958984375,-7.554268836975098,-6.491614818572998,-8.990097999572754,-12.817496299743652,-13.656782150268555,-12.855422973632812,-10.846841812133789,-9.13986873626709,-8.408408164978027,-8.477202415466309,-10.200617790222168,-10.625356674194336,-9.864800453186035,-10.224799156188965,-11.290417671203613,-10.991868019104004,-11.317317962646484,-11.65482234954834
-13.534982681274414,-14.049104690551758,-13.63548469543457,-12.783753395080566,-12.678990364074707,-13.770157814025879,-16.266809463500977,-16.43521499633789,-14.291669845581055,-14.414406776428223,-14.625508308410645,-12.206387519836426,-10.608752250671387,-12.061569213867188,-11.51638412475586,-9.977762222290039,-9.154251098632812,-9.18809986114502,-8.095300674438477,-7.132813930511475,-7.913236618041992,-7.816244602203369,-7.987303733825684,-8.806344032287598,-9.356386184692383,-8.619439125061035,-7.456178188323975,-7.943859577178955,-10.554115295410156,-13.278176307678223,-14.975253105163574,-13.897366523742676,-12.713772773742676,-11.88858413696289,-10.483376502990723,-9.803625106811523,-10.609381675720215,-10.160975456237793,-10.17599868774414,-10.692984580993652,-11.193218231201172,-11.57844066619873,-11.195919036865234,-11.732321739196777
-14.827007293701172,-15.97629451751709,-15.720038414001465,-15.011560440063477,-14.972545623779297,-15.428229331970215,-16.53282356262207,-16.636762619018555,-15.460676193237305,-15.823946952819824,-15.746050834655762,-14.702678680419922,-14.117273330688477,-14.344080924987793,-12.90774154663086,-11.257006645202637,-10.310907363891602,-9.279650688171387,-8.174705505371094,-7.744561672210693,-7.994983196258545,-8.052752494812012,-8.497539520263672,-9.094676971435547,-9.058404922485352,-8.451099395751953,-8.115365028381348,-8.023661613464355,-8.747588157653809,-11.065316200256348,-13.50439453125,-14.169402122497559,-14.019845962524414,-13.441389083862305,-12.136005401611328,-11.044257164001465,-11.201303482055664,-10.855170249938965,-10.8585786819458,-10.912538528442383,-11.297173500061035,-12.185762405395508,-11.495735168457031,-12.045958518981934
-15.703224182128906,-17.236793518066406,-17.614992141723633,-16.87726402282715,-16.173233032226562,-16.483081817626953,-16.974254608154297,-16.484786987304688,-16.255910873413086,-16.521570205688477,-16.29502296447754,-15.473865509033203,-14.9586763381958,-14.51184368133545,-13.47567367553711,-12.120218276977539,-11.070182800292969,-9.452643394470215,-8.291820526123047,-8.07241439819336,-8.010114669799805,-8.023971557617188,-8.413750648498535,-8.80180549621582,-8.648539543151855,-8.493912696838379,-8.499593734741211,-8.06490421295166,-7.980831623077393,-9.353521347045898,-10.899260520935059,-12.339606285095215,-13.254941940307617,-13.318035125732422,-12.797751426696777,-11.957220077514648,-11.602567672729492,-11.3137845993042,-10.908893585205078,-10.929895401000977,-11.90955638885498,-12.166790962219238,-12.080500602722168,-12.550436019897461
-17.31757354736328,-18.40337562561035,-18.8123836517334,-17.902456283569336,-17.241395950317383,-17.733518600463867,-18.01851463317871,-17.78209686279297,-17.55061912536621,-16.887353897094727,-16.860092163085938,-16.211994171142578,-15.24401569366455,-14.452454566955566,-13.611937522888184,-12.705595016479492,-11.447184562683105,-9.938042640686035,-9.013108253479004,-8.672430038452148,-8.586814880371094,-8.502266883850098,-8.328459739685059,-8.624222755432129,-8.869170188903809,-8.990151405334473,-8.550054550170898,-7.92550802230835,-7.810793399810791,-8.672815322875977,-10.734217643737793,-12.454819679260254,-13.018202781677246,-13.45378303527832,-13.893241882324219,-12.955239295959473,-10.8322172164917,-10.2396821975708,-11.424884796142578,-11.616485595703125,-11.951196670532227,-12.765345573425293,-12.99642276763916,-12.956847190856934
-19.22157859802246,-18.988296508789062,-19.260286331176758,-18.497791290283203,-17.666301727294922,-17.889080047607422,-18.905048370361328,-18.936735153198242,-18.26431655883789,-17.774154663085938,-17.621196746826172,-16.84614372253418,-15.647269248962402,-14.648958206176758,-13.423601150512695,-12.134542465209961,-11.102310180664062,-10.935100555419922,-10.46535587310791,-10.280892372131348,-9.61839485168457,-8.997671127319336,-8.609284400939941,-8.915262222290039,-9.429723739624023,-9.48493766784668,-8.753851890563965,-7.427165508270264,-7.41159725189209,-10.251258850097656,-13.537074089050293,-13.955141067504883,-12.877486228942871,-13.493144035339355,-13.858652114868164,-12.94666862487793,-11.731212615966797,-10.785411834716797,-11.583012580871582,-12.655253410339355,-12.898621559143066,-13.408050537109375,-13.793251037597656,-13.309173583984375
-19.8052978515625,-19.4765625,-18.74233055114746,-18.42586898803711,-18.41902732849121,-18.632251739501953,-19.11124610900879,-19.51070785522461,-19.294713973999023,-18.92244529724121,-18.928539276123047,-17.48520851135254,-14.641805648803711,-15.526206970214844,-13.710712432861328,-11.888326644897461,-10.537062644958496,-11.318172454833984,-11.94769287109375,-11.450112342834473,-10.289719581604004,-9.704865455627441,-9.791377067565918,-9.795319557189941,-9.753828048706055,-10.263854026794434,-10.30433177947998,-10.685564041137695,-12.13667106628418,-14.296154975891113,-14.990457534790039,-14.170513153076172,-14.134527206420898,-13.868168830871582,-13.223638534545898,-12.6102933883667,-12.650854110717773,-13.364859580993652,-13.827248573303223,-13.021800994873047,-13.05528736114502,-13.58266544342041,-13.859515190124512,-13.136043548583984
-20.001195907592773,-20.138471603393555,-19.654691696166992,-19.077606201171875,-18.885597229003906,-18.877777099609375,-19.07636070251465,-19.498323440551758,-19.264659881591797,-18.596384048461914,-18.291555404663086,-17.789060592651367,-16.276174545288086,-15.718449592590332,-13.614577293395996,-12.340493202209473,-11.936236381530762,-12.248231887817383,-13.011919021606445,-12.47476577758789,-11.493041038513184,-11.121133804321289,-10.468023300170898,-10.594902992248535,-11.752869606018066,-11.296832084655762,-11.989084243774414,-13.59234619140625,-15.347591400146484,-16.060771942138672,-15.551322937011719,-14.896405220031738,-14.531022071838379,-14.219635963439941,-13.48989486694336,-13.068208694458008,-12.652931213378906,-13.044477462768555,-13.642373085021973,-13.13797664642334,-13.131730079650879,-13.345744132995605,-13.11506175994873,-12.349600791931152
-19.909011840820312,-19.960582733154297,-19.738372802734375,-19.385726928710938,-19.26068878173828,-18.7935848236084,-18.4365177154541,-18.699234008789062,-18.777448654174805,-18.466447830200195,-18.091840744018555,-18.14150047302246,-17.93584442138672,-16.343286514282227,-14.37065601348877,-13.643619537353516,-14.43529987335205,-14.568319320678711,-14.757079124450684,-14.368284225463867,-13.587470054626465,-12.362882614135742,-11.138434410095215,-13.494953155517578,-13.916439056396484,-11.8596830368042,-12.514820098876953,-14.538347244262695,-16.447858810424805,-16.137012481689453,-15.16789436340332,-14.46519947052002,-14.212230682373047,-13.56938648223877,-12.442170143127441,-11.580458641052246,-11.474722862243652,-12.228358268737793,-12.929254531860352,-12.925954818725586,-12.77022933959961,-12.494457244873047,-11.847249031066895,-11.675033569335938
-18.990114212036133,-19.07803726196289,-19.08120346069336,-19.116212844848633,-19.07784652709961,-18.667667388916016,-18.34482192993164,-18.22364044189453,-18.20510482788086,-18.383390426635742,-18.528247833251953,-18.52650260925293,-18.36208724975586,-17.32082748413086,-15.628249168395996,-15.099653244018555,-15.233474731445312,-16.282094955444336,-16.334564208984375,-16.23194122314453,-15.56693172454834,-14.018834114074707,-13.002999305725098,-15.672831535339355,-15.694829940795898,-13.764899253845215,-13.983014106750488,-14.625956535339355,-15.454412460327148,-15.262473106384277,-15.041970252990723,-14.624905586242676,-13.958239555358887,-13.063728332519531,-12.491138458251953,-11.9888916015625,-11.44058609008789,-11.424034118652344,-11.980405807495117,-12.240180969238281,-12.736146926879883,-12.715739250183105,-11.296049118041992,-10.494739532470703
-18.294809341430664,-18.326290130615234,-18.55206298828125,-18.864704132080078,-19.06344223022461,-19.149185180664062,-18.893428802490234,-18.19642448425293,-17.764083862304688,-18.03251838684082,-18.534399032592773,-18.47746467590332,-17.830549240112305,-16.809741973876953,-15.673020362854004,-15.05236530303955,-15.574265480041504,-16.991371154785156,-17.491247177124023,-17.846452713012695,-17.484783172607422,-16.229814529418945,-14.645857810974121,-15.385066032409668,-16.928913116455078,-15.874486923217773,-15.666318893432617,-15.545047760009766,-15.603291511535645,-15.263428688049316,-14.915116310119629,-14.507342338562012,-13.439303398132324,-12.422310829162598,-11.876043319702148,-11.544451713562012,-11.109787940979004,-10.79253101348877,-11.575469017028809,-12.644119262695312,-12.6886568069458,-11.718029975891113,-10.956003189086914,-10.169276237487793
-18.05516815185547,-18.049598693847656,-18.28879737854004,-18.572771072387695,-19.017045974731445,-19.391164779663086,-19.172380447387695,-18.458637237548828,-17.992984771728516,-17.84847068786621,-17.878541946411133,-17.905597686767578,-17.737030029296875,-17.27680015563965,-16.56205940246582,-15.726449966430664,-15.820663452148438,-17.047325134277344,-18.17824935913086,-18.504541397094727,-18.61757469177246,-18.454790115356445,-17.360260009765625,-16.30058479309082,-16.21677017211914,-16.871253967285156,-17.10943031311035,-16.89556312561035,-16.095909118652344,-15.329952239990234,-14.573454856872559,-13.880117416381836,-12.893298149108887,-12.001870155334473,-11.477375030517578,-11.064888000488281,-10.660174369812012,-10.836323738098145,-11.740180015563965,-12.772150993347168,-12.985870361328125,-12.083954811096191,-11.15919017791748,-10.4602689743042
-18.467662811279297,-18.343456268310547,-18.236970901489258,-18.332910537719727,-18.700517654418945,-19.013578414916992,-18.984468460083008,-18.49146842956543,-18.042438507080078,-17.716812133789062,-17.224767684936523,-16.91058921813965,-17.019145965576172,-16.964080810546875,-16.51752471923828,-16.13127899169922,-16.303119659423828,-17.09493064880371,-18.17593002319336,-18.339797973632812,-18.582216262817383,-18.83082389831543,-18.70103645324707,-17.933399200439453,-16.586469650268555,-16.350435256958008,-17.478660583496094,-17.666667938232422,-16.555904388427734,-15.31543254852295,-14.03645133972168,-13.025338172912598,-12.064007759094238,-11.285635948181152,-11.123684883117676,-10.983927726745605,-10.396988868713379,-10.359772682189941,-11.301593780517578,-12.548820495605469,-12.89881420135498,-12.415088653564453,-11.62244701385498,-10.625983238220215
-18.628833770751953,-18.854148864746094,-18.858924865722656,-18.58910369873047,-18.24323272705078,-18.1893310546875,-18.310171127319336,-18.09330177307129,-17.453975677490234,-17.01190948486328,-16.69568634033203,-16.749801635742188,-16.89175796508789,-16.42569923400879,-15.582479476928711,-15.415267944335938,-16.1392765045166,-17.280725479125977,-18.03983497619629,-18.277095794677734,-18.33056640625,-18.444393157958984,-18.54905891418457,-18.269489288330078,-17.66569709777832,-17.166452407836914,-17.43006134033203,-17.66305923461914,-17.002918243408203,-15.646681785583496,-14.0093412399292,-12.465042114257812,-11.458572387695312,-10.597994804382324,-10.452920913696289,-10.474322319030762,-10.27822208404541,-10.679311752319336,-11.581485748291016,-12.447358131408691,-12.471856117248535,-12.27116584777832,-11.663707733154297,-10.863982200622559
-18.168581008911133,-18.885574340820312,-19.704761505126953,-19.84779167175293,-18.926002502441406,-17.8799991607666,-17.480724334716797,-17.16551971435547,-16.677906036376953,-16.156219482421875,-15.763916969299316,-16.097156524658203,-16.349679946899414,-15.793299674987793,-14.979841232299805,-15.14042854309082,-16.427541732788086,-17.606037139892578,-18.02924156188965,-18.344768524169922,-18.384033203125,-18.309825897216797,-18.36115264892578,-18.438804626464844,-18.129104614257812,-17.628543853759766,-17.51573371887207,-17.778749465942383,-17.561931610107422,-16.39412498474121,-14.634882926940918,-12.791353225708008,-11.446219444274902,-10.656067848205566,-10.346356391906738,-10.37927532196045,-10.502556800842285,-10.88802433013916,-11.445304870605469,-11.905370712280273,-11.6897554397583,-11.471921920776367,-11.048336029052734,-10.642845153808594
-17.144031524658203,-17.99886703491211,-19.252426147460938,-20.45469093322754,-20.87598419189453,-20.077407836914062,-18.374021530151367,-16.665376663208008,-15.323904037475586,-15.120034217834473,-15.944214820861816,-16.224979400634766,-15.850696563720703,-15.462475776672363,-15.458141326904297,-16.390987396240234,-17.644851684570312,-18.166099548339844,-18.40633201599121,-18.678756713867188,-18.583520889282227,-18.5065860748291,-18.58529281616211,-18.700407028198242,-18.46493148803711,-18.04681396484375,-17.6379337310791,-17.6977481842041,-17.943317413330078,-17.570486068725586,-16.26241111755371,-14.455833435058594,-12.68746280670166,-11.379759788513184,-10.819432258605957,-11.094537734985352,-11.54482364654541,-11.576227188110352,-11.609652519226074,-11.535834312438965,-11.307642936706543,-10.974985122680664,-10.848894119262695,-10.818613052368164
