data/wind_data/wind_24_6.json
{"header": {"parameterUnit": "KT", "parameterCategory": 2, "nx": 256, "ny": 198, "lo1": 44.73521041870117, "la1": -3.236724853515625, "lo2": 111.26478576660156, "la2": 43.468475341796875, "dx": 0.2609002888202667, "dy": -0.23708222806453705, "refTime": "2025-02-20 00:00:00", "forecastTime": 0, "parameterNumber": 2, "parameterNumberName": "eastward_wind"}, "data":
[rows 0 to 19 of 198, columns 0 to 44 of 256]
-19.73001480102539,-18.80451202392578,-18.699052810668945,-19.450056076049805,-19.739465713500977,-19.69927978515625,-20.236825942993164,-21.013729095458984,-20.783422470092773,-20.076297760009766,-19.644237518310547,-19.634111404418945,-20.957578659057617,-22.304651260375977,-22.22492790222168,-21.927358627319336,-21.97639274597168,-22.20222282409668,-22.743494033813477,-22.860511779785156,-22.204010009765625,-22.134366989135742,-22.85445785522461,-23.857097625732422,-25.106983184814453,-25.830839157104492,-26.014841079711914,-24.98673439025879,-23.310697555541992,-23.436140060424805,-24.24673080444336,-23.666624069213867,-22.65335464477539,-21.895328521728516,-21.73735237121582,-23.251680374145508,-24.562969207763672,-24.263944625854492,-23.891019821166992,-23.94171714782715,-24.202430725097656,-24.662988662719727,-25.431781768798828,-26.561424255371094,-27.2996826171875
-20.014291763305664,-18.96041488647461,-18.760068893432617,-19.53646469116211,-19.723712921142578,-19.54169464111328,-20.141775131225586,-21.248497009277344,-21.19329833984375,-20.532209396362305,-20.376562118530273,-20.455059051513672,-21.45213508605957,-22.547574996948242,-22.70009994506836,-22.559329986572266,-22.288333892822266,-22.338111877441406,-22.789968490600586,-22.954206466674805,-22.775434494018555,-22.490047454833984,-22.604541778564453,-23.967777252197266,-25.647815704345703,-25.8846378326416,-25.235958099365234,-24.472843170166016,-23.79384994506836,-23.94678497314453,-24.318546295166016,-23.9360294342041,-23.375154495239258,-23.347145080566406,-23.933881759643555,-25.12229347229004,-25.94380760192871,-25.721332550048828,-25.25559425354004,-25.00332260131836,-25.54400062561035,-27.05569839477539,-27.997119903564453,-28.10618019104004,-28.461875915527344
-19.341428756713867,-18.96074867248535,-18.507707595825195,-18.404150009155273,-18.86773681640625,-19.664525985717773,-20.434467315673828,-21.43060302734375,-21.88454246520996,-21.665117263793945,-21.003360748291016,-20.507896423339844,-21.407625198364258,-22.629972457885742,-23.12331199645996,-23.242860794067383,-23.177783966064453,-23.616056442260742,-24.52083396911621,-24.44508171081543,-23.555856704711914,-23.069210052490234,-23.38298225402832,-24.807422637939453,-26.176013946533203,-25.66948890686035,-24.603857040405273,-24.766860961914062,-25.033891677856445,-24.37484359741211,-23.763254165649414,-23.820444107055664,-23.76874351501465,-23.545042037963867,-23.92363929748535,-25.09154510498047,-25.95933723449707,-25.948286056518555,-26.10999870300293,-26.79952621459961,-27.50409507751465,-28.421607971191406,-29.001264572143555,-28.854076385498047,-28.755695343017578
-18.489208221435547,-18.731847763061523,-18.07773208618164,-17.48147201538086,-18.196598052978516,-19.718835830688477,-20.453046798706055,-21.397945404052734,-22.328569412231445,-22.34321403503418,-21.332700729370117,-20.672151565551758,-21.343341827392578,-22.47747802734375,-23.29414939880371,-23.653417587280273,-23.735361099243164,-24.292688369750977,-25.230478286743164,-25.184688568115234,-24.535974502563477,-24.455780029296875,-25.05802345275879,-26.144195556640625,-26.54645347595215,-25.610797882080078,-24.980083465576172,-25.635480880737305,-25.853092193603516,-24.826711654663086,-24.236400604248047,-24.7174129486084,-24.881305694580078,-24.50152587890625,-24.694902420043945,-25.78348731994629,-26.62667465209961,-26.904268264770508,-27.510427474975586,-28.628677368164062,-29.29435920715332,-29.734405517578125,-30.022993087768555,-29.73784828186035,-29.337539672851562
-17.730989456176758,-17.993417739868164,-17.51425552368164,-17.151012420654297,-17.594806671142578,-18.726764678955078,-19.520662307739258,-20.753307342529297,-21.376617431640625,-21.470481872558594,-21.174453735351562,-20.790241241455078,-20.79643440246582,-21.361339569091797,-21.812406539916992,-21.75676918029785,-21.61846160888672,-22.12609100341797,-23.21196937561035,-24.26580810546875,-25.105810165405273,-25.56145477294922,-25.76331901550293,-26.019880294799805,-26.44371223449707,-26.96794319152832,-27.100271224975586,-26.867965698242188,-26.807340621948242,-27.04471778869629,-27.424509048461914,-27.850168228149414,-28.24295997619629,-28.087217330932617,-28.246442794799805,-29.03264808654785,-29.18546485900879,-29.357275009155273,-29.78978157043457,-30.667943954467773,-31.57259178161621,-32.23322296142578,-32.38300323486328,-31.973764419555664,-31.23043441772461
-17.137836456298828,-17.222511291503906,-17.144546508789062,-16.928796768188477,-16.79237937927246,-18.32422637939453,-19.115333557128906,-20.338777542114258,-20.836868286132812,-21.074546813964844,-20.760663986206055,-20.13317108154297,-19.784988403320312,-19.99211311340332,-20.233144760131836,-20.246191024780273,-20.49846076965332,-21.587923049926758,-23.23760986328125,-24.667192459106445,-25.45392608642578,-25.58367156982422,-25.548110961914062,-25.792036056518555,-26.237308502197266,-26.373323440551758,-26.02493667602539,-25.839664459228516,-26.150970458984375,-26.63587188720703,-26.762897491455078,-26.54166603088379,-27.552268981933594,-28.00175666809082,-27.803380966186523,-29.109031677246094,-29.516963958740234,-29.72543716430664,-29.96766471862793,-30.370986938476562,-30.882095336914062,-31.404720306396484,-31.752946853637695,-31.756980895996094,-31.377626419067383
-16.739938735961914,-16.87676429748535,-16.99341583251953,-16.82610511779785,-16.613584518432617,-18.367528915405273,-19.073091506958008,-20.349279403686523,-20.909751892089844,-21.08400535583496,-20.574251174926758,-19.911453247070312,-19.551870346069336,-19.628725051879883,-19.941726684570312,-20.394193649291992,-21.14883804321289,-22.378887176513672,-23.70958709716797,-24.663742065429688,-25.13410186767578,-25.319622039794922,-25.51608657836914,-25.819557189941406,-26.02330780029297,-25.997474670410156,-26.07582664489746,-26.700788497924805,-27.4775333404541,-27.901748657226562,-28.096097946166992,-28.347919464111328,-28.741174697875977,-28.796619415283203,-28.599884033203125,-29.281187057495117,-29.64485740661621,-29.843080520629883,-30.330595016479492,-30.735445022583008,-31.068374633789062,-31.276512145996094,-31.462339401245117,-31.431703567504883,-31.079404830932617
-16.769834518432617,-16.964143753051758,-16.89898681640625,-16.731285095214844,-16.737720489501953,-18.557153701782227,-19.3803653717041,-20.73307228088379,-21.298873901367188,-21.328813552856445,-20.867082595825195,-20.47930908203125,-20.252485275268555,-20.276609420776367,-20.64211082458496,-21.275911331176758,-22.035438537597656,-22.85697364807129,-23.599985122680664,-24.18729019165039,-24.690948486328125,-25.17668342590332,-25.587011337280273,-25.810199737548828,-25.808767318725586,-25.771434783935547,-26.074495315551758,-26.693668365478516,-27.32652473449707,-27.953948974609375,-28.592023849487305,-29.107563018798828,-28.93068504333496,-28.502197265625,-28.78558349609375,-29.56353187561035,-29.718416213989258,-29.956520080566406,-30.408544540405273,-30.664155960083008,-30.67578125,-30.47029685974121,-30.36176300048828,-30.323436737060547,-30.1534481048584
-17.328475952148438,-17.275829315185547,-16.95265007019043,-16.709657669067383,-17.213727951049805,-19.14763832092285,-20.040225982666016,-21.233318328857422,-21.61884880065918,-21.537179946899414,-21.25755500793457,-21.144311904907227,-21.02060890197754,-21.002765655517578,-21.33454132080078,-21.943347930908203,-22.56988525390625,-23.100711822509766,-23.566497802734375,-24.107982635498047,-24.75761604309082,-25.337905883789062,-25.61328125,-25.544034957885742,-25.342226028442383,-25.269716262817383,-25.45926284790039,-25.94795799255371,-26.825363159179688,-28.07699203491211,-29.193645477294922,-29.726900100708008,-29.529924392700195,-29.152311325073242,-29.103979110717773,-29.16837501525879,-29.144092559814453,-29.39828872680664,-29.783782958984375,-30.049983978271484,-30.00246810913086,-29.742334365844727,-29.47878074645996,-29.387483596801758,-29.33919334411621
-17.756263732910156,-17.677669525146484,-17.389060974121094,-17.306947708129883,-18.29450225830078,-20.021146774291992,-20.675676345825195,-21.412004470825195,-21.45687484741211,-21.297473907470703,-21.19684410095215,-21.26840591430664,-21.228641510009766,-21.235748291015625,-21.658266067504883,-22.4043025970459,-23.084794998168945,-23.5654296875,-23.979827880859375,-24.52617073059082,-25.140968322753906,-25.56199836730957,-25.514835357666016,-25.10288429260254,-24.71147346496582,-24.411495208740234,-24.295732498168945,-24.496232986450195,-25.189823150634766,-26.49376106262207,-27.90545654296875,-29.03069496154785,-29.242040634155273,-28.832624435424805,-28.37286949157715,-28.204126358032227,-28.243427276611328,-28.451894760131836,-28.682695388793945,-28.88141441345215,-28.910999298095703,-28.80621910095215,-28.65314292907715,-28.686206817626953,-28.83649444580078
-18.00326919555664,-18.268415451049805,-18.21563720703125,-18.31380271911621,-19.337499618530273,-20.485925674438477,-20.678977966308594,-20.89162826538086,-20.677494049072266,-20.54193687438965,-20.599050521850586,-20.784265518188477,-20.8344783782959,-21.0015926361084,-21.67673683166504,-22.629423141479492,-23.36499786376953,-23.805322647094727,-24.19589614868164,-24.718887329101562,-25.265411376953125,-25.60723876953125,-25.52875328063965,-25.074493408203125,-24.453811645507812,-23.761138916015625,-23.32400131225586,-23.386157989501953,-23.965282440185547,-24.791234970092773,-25.85052490234375,-27.605764389038086,-28.946468353271484,-28.756206512451172,-27.682939529418945,-27.463237762451172,-27.386035919189453,-27.537382125854492,-27.748279571533203,-27.86241340637207,-28.052330017089844,-28.01658821105957,-27.916311264038086,-27.88761329650879,-28.084312438964844
-18.24030303955078,-18.591243743896484,-18.58644676208496,-18.74114227294922,-19.74947166442871,-20.148984909057617,-19.964872360229492,-19.85902976989746,-19.627426147460938,-19.617721557617188,-19.759532928466797,-19.94794273376465,-20.070125579833984,-20.46277618408203,-21.30480194091797,-22.169803619384766,-22.717721939086914,-23.122371673583984,-23.65733528137207,-24.30792808532715,-24.847856521606445,-25.11760902404785,-25.04578399658203,-24.585556030273438,-23.934528350830078,-23.40382194519043,-23.066701889038086,-22.826066970825195,-22.82889175415039,-23.233369827270508,-24.03687286376953,-25.657569885253906,-27.18585205078125,-27.487045288085938,-27.06328010559082,-26.728227615356445,-26.607587814331055,-26.779151916503906,-26.9206600189209,-27.117597579956055,-27.374099731445312,-27.305017471313477,-27.056095123291016,-26.77968978881836,-26.880577087402344
-18.419939041137695,-18.757349014282227,-18.299755096435547,-18.430343627929688,-19.545154571533203,-19.327716827392578,-19.045372009277344,-18.847026824951172,-18.73980140686035,-18.850448608398438,-18.960025787353516,-19.067333221435547,-19.252655029296875,-19.789331436157227,-20.54206657409668,-21.082202911376953,-21.416963577270508,-21.954437255859375,-22.788833618164062,-23.544551849365234,-23.88506317138672,-23.826932907104492,-23.386484146118164,-22.613285064697266,-21.976282119750977,-21.990278244018555,-22.42049789428711,-22.671730041503906,-22.801057815551758,-23.28120231628418,-23.638444900512695,-24.158235549926758,-25.0323543548584,-25.61647605895996,-25.453516006469727,-25.492919921875,-25.7797794342041,-25.95853614807129,-26.109224319458008,-26.22954559326172,-26.40858268737793,-26.378509521484375,-26.043243408203125,-25.61354637145996,-25.490095138549805
-17.820350646972656,-18.02422523498535,-17.129825592041016,-17.19442367553711,-18.53816032409668,-18.54032325744629,-18.327922821044922,-18.130556106567383,-18.068370819091797,-18.21519660949707,-18.260231018066406,-18.348167419433594,-18.610288619995117,-19.115467071533203,-19.62932586669922,-19.960309982299805,-20.342655181884766,-21.113142013549805,-22.065832138061523,-22.695537567138672,-22.846813201904297,-22.676870346069336,-22.160188674926758,-21.4427547454834,-21.13324546813965,-21.550167083740234,-22.16376304626465,-22.506488800048828,-22.809133529663086,-23.146522521972656,-23.45327377319336,-23.66352653503418,-23.580503463745117,-23.701154708862305,-24.041662216186523,-24.49440574645996,-24.79970932006836,-24.9626522064209,-25.057832717895508,-25.024995803833008,-25.07250213623047,-24.923255920410156,-24.596818923950195,-24.26079559326172,-24.163185119628906
-16.67588233947754,-16.25718879699707,-15.454978942871094,-15.582199096679688,-17.375675201416016,-17.93599510192871,-17.741024017333984,-17.566495895385742,-17.48993492126465,-17.611026763916016,-17.605836868286133,-17.757570266723633,-18.081371307373047,-18.42795181274414,-18.688812255859375,-18.99497413635254,-19.617658615112305,-20.60165023803711,-21.548667907714844,-22.040685653686523,-22.155534744262695,-22.132219314575195,-21.96187400817871,-21.754594802856445,-21.753385543823242,-22.011459350585938,-22.392032623291016,-22.618375778198242,-22.599000930786133,-22.464881896972656,-22.55571174621582,-22.680566787719727,-22.561946868896484,-22.61336326599121,-22.903724670410156,-23.32132339477539,-23.649492263793945,-23.79857635498047,-23.9177303314209,-23.832172393798828,-23.517187118530273,-23.16706657409668,-22.84620475769043,-22.695295333862305,-22.800750732421875
-15.967765808105469,-15.414332389831543,-14.794184684753418,-14.862802505493164,-16.65754508972168,-17.411088943481445,-16.951711654663086,-16.966333389282227,-16.951416015625,-17.03755760192871,-16.960453033447266,-17.10113525390625,-17.39955711364746,-17.59712791442871,-17.73955535888672,-18.1239070892334,-18.962543487548828,-20.090560913085938,-21.063825607299805,-21.622745513916016,-21.86188507080078,-21.841760635375977,-21.66724967956543,-21.604894638061523,-21.744421005249023,-21.9017391204834,-21.95035171508789,-21.91844940185547,-21.82876968383789,-21.77619171142578,-21.640159606933594,-21.38740348815918,-21.397626876831055,-21.565610885620117,-21.894289016723633,-22.09250259399414,-22.127670288085938,-22.192523956298828,-22.30013084411621,-22.10157012939453,-21.652667999267578,-21.266948699951172,-21.071325302124023,-21.146474838256836,-21.3936824798584
-15.550973892211914,-15.300081253051758,-14.842109680175781,-14.796807289123535,-16.026737213134766,-16.698686599731445,-16.030902862548828,-16.313207626342773,-16.330904006958008,-16.328420639038086,-16.164905548095703,-16.231857299804688,-16.48322105407715,-16.687883377075195,-16.92632484436035,-17.437763214111328,-18.335168838500977,-19.443166732788086,-20.37181854248047,-20.903339385986328,-21.079830169677734,-21.02669906616211,-20.972986221313477,-21.09784698486328,-21.280900955200195,-21.326026916503906,-21.122150421142578,-20.833065032958984,-20.660066604614258,-20.670392990112305,-20.343456268310547,-20.171606063842773,-20.578237533569336,-20.78431510925293,-20.631183624267578,-20.361574172973633,-19.970666885375977,-19.903757095336914,-19.99741554260254,-19.993480682373047,-19.72509002685547,-19.356508255004883,-19.24542999267578,-19.463577270507812,-19.873950958251953
-15.535746574401855,-15.184100151062012,-14.724262237548828,-14.535466194152832,-15.100192070007324,-15.723623275756836,-15.295784950256348,-15.640172958374023,-15.498523712158203,-15.288949012756348,-15.107253074645996,-15.215083122253418,-15.559436798095703,-15.96384334564209,-16.377323150634766,-16.8752498626709,-17.543676376342773,-18.382633209228516,-19.181718826293945,-19.665590286254883,-19.753408432006836,-19.666725158691406,-19.708797454833984,-19.95367431640625,-20.18126678466797,-20.19743537902832,-20.08953857421875,-19.7713680267334,-19.27242660522461,-18.798656463623047,-18.396804809570312,-18.409820556640625,-19.10506248474121,-19.523441314697266,-18.920011520385742,-18.473949432373047,-17.960187911987305,-17.660917282104492,-17.818870544433594,-18.04917335510254,-17.90167236328125,-17.565019607543945,-17.50593376159668,-17.811664581298828,-18.34523582458496
-15.588047981262207,-15.259140968322754,-14.562517166137695,-14.102127075195312,-14.03950023651123,-14.845186233520508,-14.714351654052734,-14.910730361938477,-14.587335586547852,-14.184369087219238,-13.983916282653809,-14.205252647399902,-14.795737266540527,-15.458551406860352,-15.952165603637695,-16.254390716552734,-16.506195068359375,-16.896728515625,-17.455652236938477,-17.91135025024414,-18.04875946044922,-18.049514770507812,-18.165363311767578,-18.284439086914062,-18.21467399597168,-18.01508140563965,-17.908367156982422,-17.932876586914062,-17.946849822998047,-17.503103256225586,-16.774364471435547,-16.6605224609375,-17.3621768951416,-17.743879318237305,-17.70204734802246,-16.900527954101562,-16.49474334716797,-16.18735694885254,-16.46685028076172,-16.42336654663086,-16.271236419677734,-16.122116088867188,-16.06700325012207,-16.4334716796875,-17.14690589904785
-14.906006813049316,-15.156828880310059,-14.530160903930664,-13.841225624084473,-13.273955345153809,-14.20948314666748,-14.089726448059082,-14.308481216430664,-13.911553382873535,-13.341867446899414,-13.038156509399414,-13.322773933410645,-14.135199546813965,-14.998866081237793,-15.50886058807373,-15.60344409942627,-15.467256546020508,-15.425572395324707,-15.672662734985352,-16.01165771484375,-16.178747177124023,-16.321094512939453,-16.570405960083008,-16.63188362121582,-16.325510025024414,-15.942893028259277,-15.792943954467773,-15.93295669555664,-16.225866317749023,-16.34000015258789,-15.976152420043945,-15.58344841003418,-15.664125442504883,-15.971920013427734,-15.94442081451416,-15.642704963684082,-14.863025665283203,-15.206816673278809,-15.606451034545898,-14.953617095947266,-14.836694717407227,-15.067893981933594,-15.29910945892334,-15.624358177185059,-16.294092178344727
