data/wind_data/wind_13_2.json
{"header": {"parameterUnit": "KT", "parameterCategory": 2, "nx": 256, "ny": 198, "lo1": 44.73521041870117, "la1": -3.236724853515625, "lo2": 111.26478576660156, "la2": 43.468475341796875, "dx": 0.2609002888202667, "dy": -0.23708222806453705, "refTime": "2025-02-19 13:00:00", "forecastTime": 0, "parameterNumber": 2, "parameterNumberName": "eastward_wind"}, "data":
[rows 114 to 132 of 198, columns 86 to 128 of 256]
31.801298141479492,31.762256622314453,32.080806732177734,29.530370712280273,26.28685760498047,26.064010620117188,26.45709228515625,27.0604305267334,28.332164764404297,27.902713775634766,25.080551147460938,21.908443450927734,20.491647720336914,20.44179344177246,20.677860260009766,21.13479995727539,21.74261474609375,21.764427185058594,21.77062225341797,23.654911041259766,26.654077529907227,25.125303268432617,20.043594360351562,17.767107009887695,16.626562118530273,14.794417381286621,12.987245559692383,10.21688461303711,8.466560363769531,7.301600456237793,4.541773796081543,4.48221492767334,5.2057671546936035,2.9521541595458984,4.288177490234375,4.4269280433654785,7.496765613555908,10.055304527282715,6.049973964691162,0.7794967889785767,-2.635313034057617,0.8263488411903381,1.4376685619354248
27.119205474853516,26.82042694091797,26.261749267578125,24.542098999023438,23.538755416870117,23.773832321166992,24.98545265197754,27.825769424438477,30.051136016845703,28.620389938354492,23.886137008666992,20.23008155822754,19.865985870361328,20.61446189880371,21.159284591674805,21.914735794067383,23.11997413635254,23.86164665222168,23.847532272338867,24.946550369262695,26.857955932617188,24.657184600830078,19.17401123046875,17.68482208251953,17.529064178466797,14.849983215332031,11.971967697143555,9.495450973510742,8.184868812561035,6.998264312744141,4.504785537719727,4.2753448486328125,4.887337684631348,3.8656368255615234,3.6579792499542236,3.8133668899536133,6.408278465270996,8.287628173828125,2.822345018386841,-1.5352847576141357,1.1469908952713013,1.546297311782837,2.983731985092163
29.892553329467773,26.899017333984375,25.65312385559082,25.10810661315918,24.595684051513672,25.195446014404297,27.450159072875977,30.872995376586914,30.440351486206055,24.69249725341797,18.73794937133789,17.43132209777832,18.701818466186523,19.650039672851562,20.707399368286133,22.427766799926758,23.887704849243164,24.20521354675293,24.2336368560791,25.202529907226562,25.87674331665039,22.17092514038086,17.17136001586914,16.834362030029297,17.317340850830078,14.014142990112305,9.866323471069336,7.918125152587891,7.85835075378418,7.072811603546143,4.910150051116943,4.46390962600708,3.911581516265869,2.8227081298828125,3.341536521911621,2.8232860565185547,4.801058769226074,6.959177494049072,4.114368438720703,2.850278377532959,2.4448297023773193,1.102514624595642,3.452275037765503
31.701038360595703,30.286388397216797,28.747638702392578,27.768489837646484,27.77937126159668,29.100086212158203,30.561134338378906,29.48624038696289,23.742456436157227,18.09111976623535,15.941849708557129,16.373170852661133,17.91756248474121,19.896711349487305,22.114904403686523,24.066444396972656,24.553232192993164,24.065034866333008,24.069854736328125,24.936702728271484,23.784381866455078,18.067325592041016,14.18210220336914,15.384543418884277,16.37443733215332,13.73802375793457,8.961920738220215,6.932136535644531,7.241113185882568,7.78800106048584,5.496870040893555,4.277666091918945,3.469144105911255,2.8517162799835205,3.8510470390319824,3.8132457733154297,5.114343166351318,6.092637062072754,4.46607780456543,4.577958106994629,3.601276397705078,3.3196542263031006,5.6126813888549805
29.85562515258789,27.841238021850586,26.46872901916504,25.330768585205078,24.699188232421875,25.526527404785156,24.869659423828125,21.60059928894043,18.12674331665039,17.071935653686523,17.271305084228516,17.858932495117188,19.30038833618164,20.954742431640625,22.19833755493164,22.746206283569336,22.258161544799805,21.935758590698242,22.921131134033203,23.33592414855957,19.300058364868164,12.940903663635254,11.573272705078125,14.47490406036377,15.298712730407715,11.007438659667969,6.226700782775879,5.135909557342529,6.428633689880371,8.133902549743652,7.381350517272949,5.365124225616455,3.465817451477051,2.9177258014678955,3.2727553844451904,4.53010892868042,5.017230987548828,5.31058406829834,5.534758567810059,4.286640167236328,1.6866145133972168,2.9380054473876953,3.248065948486328
28.724245071411133,26.900175094604492,25.889129638671875,26.522748947143555,26.889755249023438,25.353050231933594,22.225881576538086,20.78860092163086,21.414226531982422,20.46843147277832,17.92719841003418,16.65727424621582,17.72141456604004,19.445402145385742,20.516639709472656,21.01064682006836,20.27928352355957,20.692258834838867,22.56106948852539,19.36318016052246,12.152986526489258,8.072464942932129,8.316927909851074,9.145927429199219,8.176183700561523,4.620454788208008,2.3010308742523193,2.1417019367218018,3.293367862701416,4.539848804473877,5.680445671081543,3.554812431335449,2.178502082824707,2.809239387512207,3.6036574840545654,4.893154144287109,3.953305244445801,3.669464111328125,2.581817626953125,2.792234182357788,1.8219730854034424,4.519851207733154,4.205935001373291
30.67134666442871,28.39357566833496,25.736465454101562,26.138465881347656,26.432294845581055,24.790998458862305,22.516063690185547,21.65548324584961,22.221656799316406,20.028409957885742,16.536094665527344,15.635062217712402,16.783782958984375,18.014081954956055,18.569934844970703,18.732900619506836,18.034482955932617,19.485088348388672,20.210573196411133,12.546236038208008,4.996740341186523,3.5456888675689697,3.6971726417541504,2.739511489868164,2.5454139709472656,1.4255064725875854,1.5297242403030396,2.012798309326172,2.0523362159729004,0.384530246257782,4.262907028198242,6.317828178405762,3.368248224258423,3.6838126182556152,4.81217098236084,5.423089027404785,5.330982208251953,6.050537109375,2.6830687522888184,4.706167221069336,3.2359976768493652,4.217092990875244,6.568637847900391
35.051910400390625,33.512779235839844,31.254907608032227,30.543672561645508,29.770225524902344,31.410871505737305,29.66273307800293,22.550697326660156,16.712512969970703,13.975862503051758,13.546701431274414,14.429192543029785,15.51908016204834,15.91165542602539,16.18295669555664,16.613964080810547,16.24195671081543,17.890949249267578,16.346635818481445,8.456378936767578,2.9571921825408936,3.3143439292907715,3.9425017833709717,6.158968448638916,7.233345985412598,4.6988348960876465,3.7263736724853516,5.1430583000183105,5.366421699523926,2.1833887100219727,7.460433483123779,8.963190078735352,6.315922260284424,5.799914360046387,6.903914928436279,8.027762413024902,7.750426292419434,6.540461540222168,3.8882181644439697,5.745343208312988,4.437231063842773,5.504303932189941,7.406343460083008
35.71256637573242,34.17548370361328,31.965721130371094,32.715606689453125,32.27590560913086,33.981014251708984,34.55982971191406,22.34347152709961,10.675688743591309,8.99842357635498,11.024310111999512,13.065576553344727,14.215346336364746,14.334912300109863,13.874937057495117,13.04626750946045,12.023863792419434,12.389235496520996,12.417895317077637,8.649277687072754,5.178244113922119,7.69899320602417,8.95163631439209,10.292186737060547,12.300065994262695,8.577912330627441,4.830659866333008,5.317701816558838,6.066433906555176,7.605247497558594,9.292216300964355,7.655060768127441,6.172692775726318,7.092775821685791,6.980191230773926,7.4215240478515625,5.399324893951416,1.8352137804031372,1.6927770376205444,2.231553792953491,2.895843505859375,3.902467727661133,2.743204355239868
30.389110565185547,28.257522583007812,27.051067352294922,27.687658309936523,30.21023941040039,31.986555099487305,21.515522003173828,7.163517475128174,3.37357759475708,5.832900047302246,8.339385032653809,8.225048065185547,5.221338748931885,1.839835524559021,-1.1588987112045288,-2.7575595378875732,-2.62933087348938,-1.6708277463912964,0.730293869972229,0.49709272384643555,2.003774404525757,7.195097923278809,12.098956108093262,11.703415870666504,9.917877197265625,6.517941951751709,5.516106605529785,6.5510945320129395,7.270631313323975,7.9633355140686035,6.379165172576904,5.781142711639404,5.925370216369629,6.667168140411377,5.909995079040527,4.1487650871276855,3.5407767295837402,1.7660415172576904,0.7243219614028931,2.0292646884918213,2.6617937088012695,4.250742435455322,4.931373596191406
26.121143341064453,22.893829345703125,18.73413848876953,19.038177490234375,18.010025024414062,10.834372520446777,3.5303032398223877,2.851590633392334,3.88016939163208,3.209226131439209,-2.2182981967926025,-7.453652381896973,-10.666740417480469,-12.101210594177246,-11.546642303466797,-10.497590065002441,-10.335357666015625,-10.189376831054688,-9.8905668258667,-9.862105369567871,-7.900426864624023,-3.429652690887451,3.621755361557007,9.217947959899902,6.38861083984375,1.6228935718536377,2.6390786170959473,5.3048176765441895,5.7736496925354,4.292560577392578,3.4189929962158203,4.091806411743164,4.106105804443359,3.9346468448638916,1.4692250490188599,1.770088791847229,2.4931483268737793,2.0352094173431396,1.333437204360962,1.8976373672485352,2.9215333461761475,3.5076284408569336,4.446152687072754
24.09268569946289,13.802094459533691,2.680467128753662,4.23684549331665,2.321341037750244,0.5345293283462524,-5.143726825714111,-9.431255340576172,-10.130322456359863,-10.720976829528809,-11.689101219177246,-11.762348175048828,-12.624568939208984,-11.257681846618652,-9.642366409301758,-9.269042015075684,-9.877470016479492,-10.226465225219727,-10.484975814819336,-11.47082233428955,-11.743636131286621,-9.684187889099121,-6.621789455413818,-0.3125983774662018,-1.8136743307113647,-4.148658275604248,-2.8241827487945557,1.9391770362854004,1.493084192276001,0.6538905501365662,0.8363984823226929,1.7587037086486816,2.258845090866089,1.4878172874450684,0.5382226705551147,1.7112245559692383,1.5267093181610107,3.668879985809326,5.016685962677002,6.967205047607422,8.417777061462402,7.852819919586182,7.77268123626709
22.486526489257812,6.9833574295043945,-0.05698519945144653,2.2610697746276855,1.0370900630950928,-11.858184814453125,-12.757883071899414,-11.735940933227539,-14.465492248535156,-15.334275245666504,-13.343198776245117,-10.355424880981445,-9.944487571716309,-9.662446022033691,-8.625387191772461,-8.630105018615723,-9.449783325195312,-10.2008695602417,-10.877435684204102,-11.509808540344238,-11.483946800231934,-9.953532218933105,-8.74879264831543,-6.18776273727417,1.0933500528335571,-2.3456473350524902,-5.151297569274902,-2.5158121585845947,-0.5261536240577698,0.9027743935585022,1.039891004562378,2.2421388626098633,2.6888787746429443,2.6035044193267822,1.4105855226516724,3.9161195755004883,3.0184810161590576,6.068767070770264,9.65711498260498,11.582008361816406,11.977481842041016,11.90517520904541,11.324731826782227
23.977262496948242,8.32030963897705,1.8202672004699707,1.9143856763839722,-4.385920524597168,-10.87325382232666,-7.867583274841309,-8.879173278808594,-10.983025550842285,-11.257969856262207,-11.09575080871582,-9.677289009094238,-8.60319709777832,-8.499234199523926,-8.610808372497559,-8.920984268188477,-9.35324764251709,-9.7125825881958,-9.934675216674805,-9.949151039123535,-10.679380416870117,-10.600685119628906,-9.68840217590332,-9.09566593170166,2.834188938140869,13.511174201965332,-0.5820283889770508,-4.333588600158691,-2.38126540184021,2.5137593746185303,3.4115920066833496,3.180281400680542,3.110591173171997,3.1520516872406006,2.525444269180298,5.434006214141846,6.831577777862549,8.50445556640625,11.520272254943848,13.017008781433105,11.897781372070312,10.252978324890137,8.860588073730469
24.86068344116211,9.10627555847168,1.9644232988357544,2.2303645610809326,0.5492362380027771,-6.217229843139648,0.13186867535114288,2.6966140270233154,2.514570474624634,-0.7914719581604004,-5.220295429229736,-8.172542572021484,-7.862616062164307,-8.492105484008789,-9.643401145935059,-9.407939910888672,-9.499918937683105,-9.566864967346191,-9.064032554626465,-8.702842712402344,-9.825514793395996,-11.063974380493164,-10.392699241638184,-8.060308456420898,-3.767404317855835,21.599390029907227,14.350810050964355,-0.2582753598690033,-0.8727371692657471,3.734808921813965,4.504044532775879,3.2425408363342285,2.720623254776001,2.9571635723114014,4.045225143432617,6.2745280265808105,9.134893417358398,9.95223331451416,11.379067420959473,12.225972175598145,9.8441801071167,7.3011956214904785,7.571164608001709
27.700138092041016,12.920096397399902,3.090001106262207,2.0022034645080566,3.251514434814453,4.063266754150391,2.6109580993652344,5.478326797485352,10.212090492248535,12.227970123291016,4.275655269622803,-4.30884313583374,-7.758512496948242,-8.07803726196289,-9.03268814086914,-9.407851219177246,-9.37052059173584,-9.406248092651367,-8.920405387878418,-8.428889274597168,-9.089094161987305,-9.975214958190918,-10.468204498291016,-7.883307933807373,-4.724213600158691,18.22288703918457,24.288082122802734,6.287703990936279,2.0645334720611572,3.4664714336395264,2.4865074157714844,1.4695987701416016,2.004103183746338,4.144052028656006,7.101836204528809,9.035083770751953,10.060720443725586,9.860116004943848,9.344383239746094,9.045217514038086,9.057608604431152,8.458148002624512,8.374841690063477
29.799793243408203,19.9913387298584,9.168912887573242,6.337021350860596,6.595749855041504,5.7030158042907715,10.040353775024414,10.705099105834961,7.505740165710449,11.244830131530762,10.833155632019043,0.3072344660758972,-6.468548774719238,-7.147767066955566,-6.943057537078857,-7.5040764808654785,-8.011205673217773,-8.534998893737793,-8.66712474822998,-8.242849349975586,-8.252643585205078,-8.192977905273438,-9.272289276123047,-8.163430213928223,-0.29953017830848694,21.33150863647461,25.24504852294922,10.750589370727539,5.734864711761475,3.666670083999634,2.4920074939727783,1.9130698442459106,3.3728771209716797,6.756935119628906,8.999711990356445,9.843324661254883,9.574953079223633,8.514452934265137,7.9093337059021,8.5044584274292,8.658276557922363,7.602097034454346,7.728723526000977
31.53888702392578,13.876638412475586,4.972864627838135,7.390870094299316,9.077200889587402,11.973503112792969,14.531654357910156,16.318632125854492,12.949018478393555,9.311232566833496,11.312554359436035,4.584889888763428,-2.703470230102539,-5.469088554382324,-6.022339344024658,-6.386906623840332,-6.891086578369141,-7.604148864746094,-8.301255226135254,-8.74924373626709,-9.149096488952637,-9.86780834197998,-10.512778282165527,-9.07369613647461,2.7600533962249756,26.9451961517334,32.1889762878418,15.943717956542969,7.514789581298828,4.079232215881348,2.7502644062042236,3.9111475944519043,5.892262935638428,7.772623062133789,8.579827308654785,8.7781400680542,8.668481826782227,8.416593551635742,9.263529777526855,10.488821983337402,10.014801979064941,8.161022186279297,9.223383903503418
31.242298126220703,25.226348876953125,7.7016096115112305,5.682256698608398,11.126304626464844,17.472434997558594,19.026018142700195,19.05811882019043,18.911964416503906,14.732386589050293,13.220104217529297,9.748015403747559,1.9261300563812256,-3.275118112564087,-4.904402732849121,-5.4655961990356445,-6.017632484436035,-7.032320022583008,-8.540715217590332,-10.458571434020996,-12.099891662597656,-13.235576629638672,-13.084383964538574,-9.045649528503418,5.2609968185424805,27.887235641479492,39.96379470825195,22.235729217529297,9.033148765563965,6.129524230957031,5.180268287658691,6.310025691986084,6.737338542938232,6.847935676574707,7.387871265411377,8.248564720153809,8.576425552368164,9.585185050964355,10.293282508850098,9.923578262329102,7.516798496246338,6.454488754272461,7.211826324462891
