data/wind_data/wind_56_7.json
{"header": {"parameterUnit": "KT", "parameterCategory": 2, "nx": 256, "ny": 198, "lo1": 44.73521041870117, "la1": -3.236724853515625, "lo2": 111.26478576660156, "la2": 43.468475341796875, "dx": 0.2609002888202667, "dy": -0.23708222806453705, "refTime": "2025-02-21 08:00:00", "forecastTime": 0, "parameterNumber": 2, "parameterNumberName": "eastward_wind"}, "data":
[rows 120 to 139 of 198, columns 0 to 43 of 256]
120.49091339111328,118.50003814697266,117.585693359375,117.12328338623047,116.67486572265625,116.21187591552734,115.74443054199219,115.39480590820312,115.2787094116211,115.3071517944336,115.37934112548828,115.54295349121094,115.70674133300781,115.71278381347656,115.57386016845703,115.42935180664062,115.35484313964844,115.42776489257812,115.67572784423828,115.98104858398438,116.10896301269531,116.0333023071289,115.92323303222656,115.90504455566406,116.03208923339844,116.17691040039062,115.98882293701172,115.21990966796875,114.0171127319336,112.82614135742188,111.89363861083984,111.20191192626953,110.91551971435547,111.1186752319336,111.2027816772461,110.62947845458984,109.81621551513672,109.46601867675781,109.74335479736328,110.1546859741211,110.05684661865234,108.89119720458984,106.61298370361328,104.180419921875
119.55702209472656,117.94304656982422,117.41377258300781,117.2010498046875,116.82303619384766,116.3951187133789,116.02386474609375,115.73131561279297,115.53739929199219,115.4161148071289,115.38664245605469,115.56466674804688,115.94998168945312,116.33086395263672,116.46852111816406,116.28551483154297,115.89531707763672,115.52726745605469,115.42601776123047,115.66804504394531,116.03646850585938,116.25733184814453,116.2897720336914,116.18043518066406,115.99687194824219,115.86656951904297,115.80168914794922,115.5201187133789,114.79444885253906,113.91600036621094,113.21806335449219,112.7175064086914,112.49192810058594,112.6047592163086,112.45018768310547,111.64801788330078,110.79627227783203,110.45792388916016,110.71923828125,111.45230865478516,112.24340057373047,112.24525451660156,110.79946899414062,108.37885284423828
118.53990936279297,117.25616455078125,117.04705810546875,117.00799560546875,116.62199401855469,116.19338989257812,115.93492126464844,115.7468032836914,115.55388641357422,115.43134307861328,115.48391723632812,115.73328399658203,116.14824676513672,116.6993179321289,117.19575500488281,117.29450988769531,116.86017608642578,116.13111114501953,115.56197357177734,115.51805114746094,115.91509246826172,116.32699584960938,116.45420837402344,116.177734375,115.59721374511719,115.1104965209961,114.99040985107422,114.93901824951172,114.60506439208984,114.10209655761719,113.73181915283203,113.53589630126953,113.41699981689453,113.15027618408203,112.55060577392578,111.84712982177734,111.41095733642578,111.27864837646484,111.49793243408203,112.17805480957031,113.0001220703125,113.51671600341797,113.4661865234375,112.35688781738281
117.35640716552734,116.33158874511719,116.42645263671875,116.59725952148438,116.39201354980469,116.09095764160156,115.92910766601562,115.81436920166016,115.66875457763672,115.61136627197266,115.76705932617188,116.08647918701172,116.46727752685547,116.92505645751953,117.43412780761719,117.7680892944336,117.64969635009766,117.01496887207031,116.2035140991211,115.78091430664062,115.91574096679688,116.26850891113281,116.40878295898438,116.10404205322266,115.42306518554688,114.68975067138672,114.22296905517578,113.99938201904297,113.77635192871094,113.5027847290039,113.38512420654297,113.37992095947266,113.26002502441406,112.76055145263672,112.08545684814453,111.78902435302734,111.77285766601562,111.65985870361328,111.74549102783203,112.19434356689453,112.69512939453125,113.49525451660156,114.6331558227539,114.6245346069336
116.69813537597656,115.76219940185547,115.96284484863281,116.19438934326172,116.13692474365234,116.0531005859375,116.03833770751953,116.00242614746094,115.9134750366211,115.89508056640625,116.03284454345703,116.30430603027344,116.6771011352539,117.06370544433594,117.37820434570312,117.66913604736328,117.82738494873047,117.51028442382812,116.71451568603516,115.9776382446289,115.76922607421875,115.91864013671875,115.92693328857422,115.61622619628906,115.07157135009766,114.31954193115234,113.4892349243164,112.87677001953125,112.47730255126953,112.15242767333984,111.98587036132812,112.04894256591797,112.13955688476562,111.83907318115234,111.31864929199219,111.21147155761719,111.37285614013672,111.30767822265625,111.30735778808594,111.54022216796875,112.05262756347656,113.39678192138672,115.03594970703125,115.05426788330078
116.85198211669922,115.7857666015625,115.86972045898438,115.96378326416016,115.9493408203125,116.00963592529297,116.08120727539062,116.07174682617188,116.01319122314453,116.02264404296875,116.12092590332031,116.31265258789062,116.68531036376953,117.12242126464844,117.36637115478516,117.46022033691406,117.5291748046875,117.38920593261719,116.8270263671875,116.08332824707031,115.63497161865234,115.48815155029297,115.21879577636719,114.77951049804688,114.34894561767578,113.72886657714844,112.75321960449219,111.69983673095703,110.79737854003906,110.12924194335938,109.79328918457031,109.84296417236328,110.13508605957031,110.16909790039062,109.90889739990234,109.88440704345703,110.10914611816406,110.23052978515625,110.17501831054688,110.3418960571289,111.29730224609375,113.01119232177734,114.23988342285156,113.87458801269531
117.39922332763672,116.12834930419922,116.06150817871094,116.01876831054688,116.04014587402344,116.15142822265625,116.1927490234375,116.12259674072266,116.03820037841797,116.05135345458984,116.1449203491211,116.31596374511719,116.69998931884766,117.24455261230469,117.58375549316406,117.5526351928711,117.35404205322266,117.12605285644531,116.79562377929688,116.31639099121094,115.80955505371094,115.3471450805664,114.84620666503906,114.3434066772461,113.92861938476562,113.33377075195312,112.24495697021484,110.77741241455078,109.32003784179688,108.19535064697266,107.51534271240234,107.4588394165039,107.95447540283203,108.36239624023438,108.48135375976562,108.52271270751953,108.62881469726562,108.8592529296875,108.95683288574219,109.33141326904297,110.7206039428711,112.23265838623047,112.52029418945312,111.34546661376953
118.20553588867188,116.89537048339844,116.703369140625,116.53606414794922,116.48902893066406,116.5372314453125,116.48949432373047,116.35237121582031,116.2402572631836,116.25151062011719,116.34494018554688,116.5000228881836,116.86546325683594,117.4345932006836,117.86750793457031,117.86478424072266,117.51744079589844,117.11103057861328,116.8659439086914,116.66629028320312,116.21387481689453,115.53916931152344,114.96769714355469,114.59713745117188,114.23994445800781,113.46794128417969,111.94878387451172,110.04022216796875,108.19741821289062,106.58281707763672,105.66610717773438,105.84122467041016,106.64163208007812,107.25907897949219,107.39395141601562,107.21338653564453,107.31490325927734,107.91127014160156,108.42574310302734,109.24629974365234,110.4792251586914,110.69361114501953,109.613037109375,107.9635238647461
119.24008178710938,117.9129638671875,117.6400375366211,117.36888122558594,117.14834594726562,117.02203369140625,116.82327270507812,116.59349060058594,116.4678955078125,116.51055145263672,116.60954284667969,116.70294189453125,116.96564483642578,117.45365905761719,117.89908599853516,117.98728942871094,117.64961242675781,117.16239929199219,116.9377212524414,116.90947723388672,116.55064392089844,115.80859375,115.2542724609375,115.05529022216797,114.78775787353516,113.7745590209961,111.61605834960938,109.07638549804688,106.8407974243164,104.97959899902344,104.47367858886719,105.48136901855469,106.29151916503906,106.10438537597656,105.6693115234375,106.00050354003906,106.92432403564453,107.69698333740234,108.48600006103516,109.37995910644531,109.30773162841797,108.14091491699219,106.83939361572266,105.1870346069336
120.59623718261719,119.08917236328125,118.73980712890625,118.39105987548828,118.0426025390625,117.7136459350586,117.2877197265625,116.87554168701172,116.64886474609375,116.65869903564453,116.73713684082031,116.76179504394531,116.90791320800781,117.30365753173828,117.74665832519531,117.91676330566406,117.63723754882812,117.1412582397461,116.92829132080078,117.01303100585938,116.77008819580078,116.07242584228516,115.57496643066406,115.42220306396484,115.16871643066406,113.90548706054688,111.11377716064453,108.02867126464844,105.58213806152344,103.96882629394531,104.36624908447266,105.84031677246094,105.77732849121094,104.63765716552734,104.55802154541016,105.97667694091797,107.18575286865234,107.74446868896484,108.57843780517578,109.01854705810547,107.85275268554688,105.91991424560547,104.09103393554688,102.15898132324219
121.90445709228516,120.31021118164062,119.83763885498047,119.37199401855469,118.94165802001953,118.50084686279297,117.90380096435547,117.29290008544922,116.87128448486328,116.73857116699219,116.72933197021484,116.70516204833984,116.79877471923828,117.13066864013672,117.57508850097656,117.8423080444336,117.67385864257812,117.21349334716797,117.0036849975586,117.15850830078125,117.06478118896484,116.51783752441406,116.0291748046875,115.76675415039062,115.28468322753906,113.61985778808594,110.59764099121094,107.48664855957031,105.06097412109375,104.06559753417969,105.15034484863281,105.92825317382812,105.04467010498047,104.27729797363281,104.74771118164062,106.11856842041016,107.3659896850586,108.34257507324219,109.10061645507812,108.29887390136719,105.68978118896484,102.93803405761719,101.24540710449219,100.2908935546875
122.0469741821289,120.73078155517578,120.26988220214844,119.66875457763672,119.15399932861328,118.8046646118164,118.23436737060547,117.48721313476562,116.8893051147461,116.6297607421875,116.55291748046875,116.49726104736328,116.56121063232422,116.82225036621094,117.23009490966797,117.59841918945312,117.64392852783203,117.3487319946289,117.1649169921875,117.35196685791016,117.47291564941406,117.15692901611328,116.60799407958984,116.04129791259766,115.08160400390625,113.04859924316406,110.18475341796875,107.41108703613281,105.37432098388672,105.05513000488281,105.76284790039062,105.46410369873047,104.91978454589844,104.99662780761719,105.11772918701172,105.92098236083984,107.76170349121094,109.54216003417969,109.19306182861328,106.12559509277344,102.60686492919922,100.76568603515625,100.22023010253906,99.29100799560547
121.31724548339844,120.44264221191406,120.1727066040039,119.53314971923828,118.98690795898438,118.78701782226562,118.27519226074219,117.4278793334961,116.78038024902344,116.54629516601562,116.46749114990234,116.35633850097656,116.34101867675781,116.4952621459961,116.79505920410156,117.18939971923828,117.46235656738281,117.42509460449219,117.31755065917969,117.52008056640625,117.85279846191406,117.79938507080078,117.17891693115234,116.23174285888672,114.7667007446289,112.41658782958984,109.81352233886719,107.75675201416016,106.29093170166016,105.69213104248047,105.68212127685547,105.74303436279297,105.83292388916016,105.81922149658203,105.35821533203125,105.89178466796875,108.35066986083984,110.39728546142578,108.24727630615234,103.58067321777344,100.7326431274414,100.22274780273438,99.3700180053711,97.25968170166016
120.40766143798828,119.74706268310547,119.71669006347656,119.27288818359375,118.83758544921875,118.67708587646484,118.08402252197266,117.16844940185547,116.59171295166016,116.49882507324219,116.45547485351562,116.21619415283203,116.01144409179688,115.99373626708984,116.1295166015625,116.43722534179688,116.81817626953125,116.97776794433594,116.96448516845703,117.21723175048828,117.75544738769531,117.91667938232422,117.30325317382812,116.0863265991211,114.12523651123047,111.46395874023438,109.31034088134766,107.86306762695312,106.42715454101562,105.77142333984375,106.14723205566406,106.2828140258789,106.23294067382812,106.18978118896484,105.68921661376953,106.37068176269531,108.91183471679688,109.38632202148438,105.63078308105469,101.69525146484375,100.16986846923828,99.27489471435547,98.58541107177734,97.00255584716797
119.27082061767578,118.65859985351562,118.85790252685547,118.81854248046875,118.549560546875,118.42774200439453,117.85072326660156,116.97557830810547,116.48336791992188,116.4923095703125,116.4461669921875,116.0213623046875,115.51747131347656,115.24642181396484,115.21393585205078,115.38273620605469,115.7147216796875,115.9498291015625,116.03572845458984,116.34949493408203,116.98112487792969,117.29682922363281,116.83588409423828,115.46755981445312,112.98332977294922,110.12664031982422,108.4282455444336,107.1421127319336,105.98780059814453,106.24481964111328,106.53819274902344,105.9145736694336,106.01327514648438,106.32708740234375,106.02356719970703,106.94612121582031,107.74040222167969,105.21646881103516,101.95869445800781,100.58972930908203,99.58558654785156,99.80423736572266,99.2900161743164,94.2070541381836
118.12922668457031,117.51139068603516,117.85762023925781,118.07225799560547,118.02894592285156,118.1629867553711,117.84762573242188,117.12033081054688,116.62974548339844,116.60033416748047,116.5008773803711,115.91696166992188,115.11968994140625,114.56846618652344,114.37252807617188,114.40731048583984,114.60944366455078,114.8250503540039,114.97622680664062,115.27610778808594,115.80427551269531,116.08564758300781,115.73954010009766,114.33710479736328,111.37248992919922,108.44026184082031,107.0999755859375,106.18579864501953,105.8691635131836,106.24727630615234,105.5003890991211,104.86915588378906,106.06332397460938,106.7855453491211,106.33155822753906,105.433349609375,103.27369689941406,101.1151123046875,100.74897766113281,100.60558319091797,100.82540893554688,100.04055786132812,95.44237518310547,89.65074920654297
116.9751205444336,116.50487518310547,116.8656234741211,116.98745727539062,117.14022827148438,117.69214630126953,117.84283447265625,117.42050170898438,116.96116638183594,116.80972290039062,116.63397216796875,116.01295471191406,115.0959701538086,114.3592300415039,114.02027130126953,113.97531127929688,114.10295867919922,114.29167175292969,114.45204162597656,114.66738891601562,114.89515686035156,114.76097869873047,114.2107925415039,112.66194915771484,109.51435852050781,106.83322143554688,105.6802749633789,105.19983673095703,105.18661499023438,104.54618072509766,103.40059661865234,104.49606323242188,107.14875793457031,106.46637725830078,103.58493041992188,101.96104431152344,100.94892120361328,100.4399185180664,100.56553649902344,100.80342864990234,99.947021484375,96.23944854736328,91.11486053466797,87.2562026977539
116.00611114501953,115.61504364013672,115.8796157836914,115.80562591552734,115.88471221923828,116.67493438720703,117.3163833618164,117.33536529541016,117.01612854003906,116.72411346435547,116.39313507080078,115.76282501220703,114.85525512695312,114.02721405029297,113.59285736083984,113.5471420288086,113.71141052246094,113.93566131591797,114.1083755493164,114.28286743164062,114.21660614013672,113.41594696044922,112.22023010253906,110.41218566894531,107.72108459472656,105.54486846923828,104.29637145996094,103.62686920166016,103.11615753173828,102.27332305908203,103.12496185302734,106.02755737304688,106.20036315917969,103.2331771850586,101.23857116699219,100.29951477050781,99.11720275878906,98.67536926269531,99.3285903930664,99.3323974609375,96.46881103515625,91.84864807128906,87.63838958740234,84.91939544677734
115.35686492919922,114.80891418457031,114.95121002197266,114.7898941040039,114.57418060302734,115.19225311279297,115.99353790283203,116.37247467041016,116.27073669433594,115.89514923095703,115.33647918701172,114.54679870605469,113.5479965209961,112.58904266357422,112.0162353515625,111.9247817993164,112.09657287597656,112.34122467041016,112.53140258789062,112.77090454101562,112.57939147949219,111.04402160644531,109.06014251708984,107.30166625976562,105.2719955444336,103.30411529541016,102.01620483398438,101.60932159423828,101.36536407470703,102.30562591552734,104.9834976196289,105.6451644897461,102.98394775390625,100.43927764892578,99.08753204345703,97.62954711914062,95.99932098388672,96.01434326171875,97.6970443725586,96.26874542236328,91.76493072509766,87.68572235107422,84.77769470214844,83.54651641845703
114.95597839355469,114.23892211914062,114.23397827148438,114.0196304321289,113.56266021728516,113.79035949707031,114.32048034667969,114.75572204589844,114.87000274658203,114.6017074584961,113.95832061767578,112.97311401367188,111.77484893798828,110.60499572753906,109.79202270507812,109.47689819335938,109.51397705078125,109.73353576660156,109.9189453125,110.10704040527344,109.69670867919922,107.53805541992188,104.7471694946289,102.79702758789062,101.3203125,99.97311401367188,99.64041900634766,100.2309799194336,101.4796142578125,104.15452575683594,105.21977996826172,102.50851440429688,99.38134765625,97.64107513427734,96.25929260253906,94.48063659667969,93.38658142089844,95.48058319091797,95.30567932128906,91.1013412475586,87.49464416503906,85.23739624023438,83.4239730834961,82.7105941772461
