data/wind_data/wind_49_7.json
{"header": {"parameterUnit": "KT", "parameterCategory": 2, "nx": 256, "ny": 198, "lo1": 44.73521041870117, "la1": -3.236724853515625, "lo2": 111.26478576660156, "la2": 43.468475341796875, "dx": 0.2609002888202667, "dy": -0.23708222806453705, "refTime": "2025-02-21 01:00:00", "forecastTime": 0, "parameterNumber": 2, "parameterNumberName": "eastward_wind"}, "data":
[rows 20 to 39 of 198, columns 0 to 43 of 256]
-5.420917510986328,-3.7869510650634766,-2.53817081451416,-1.9044091701507568,-3.318305253982544,-4.169539928436279,-4.74509859085083,-4.494025707244873,-3.604828119277954,-2.540691375732422,-1.690789818763733,-1.059934139251709,-0.8808812499046326,-0.26213470101356506,0.021207937970757484,-0.6604161858558655,-1.2864365577697754,-1.351649522781372,-1.0437068939208984,-0.6153523921966553,-0.3014458119869232,-0.15329869091510773,-0.09552353620529175,-0.008041656576097012,0.18332579731941223,0.6420404314994812,0.92984539270401,0.844036340713501,0.41285720467567444,0.17712123692035675,0.6762505769729614,1.3951374292373657,1.689395546913147,2.4918854236602783,3.861423969268799,3.78924822807312,4.08399772644043,5.085043430328369,5.788905143737793,7.83123779296875,8.683143615722656,8.877511024475098,8.737313270568848,7.9513654708862305
-1.7584902048110962,-0.5234382748603821,0.6981435418128967,1.1722761392593384,-0.7434936761856079,-3.169377088546753,-2.965797185897827,-3.1775519847869873,-2.5993340015411377,-1.7524641752243042,-1.036726951599121,-0.5965666174888611,-0.6623874306678772,-0.20885062217712402,-0.38634803891181946,-0.7351270318031311,-0.7689656019210815,-0.47811686992645264,0.14867298305034637,0.8437013030052185,1.118180274963379,0.9997127056121826,0.8378999829292297,0.8018604516983032,0.9146882891654968,1.1115304231643677,1.4144554138183594,1.623056173324585,1.5427991151809692,1.4576122760772705,1.6012083292007446,1.8666596412658691,2.295996904373169,3.262773036956787,3.4426326751708984,2.49529767036438,3.425751209259033,4.518281936645508,5.652896881103516,6.476630210876465,8.075674057006836,7.768600940704346,7.444814682006836,6.16110897064209
0.7107805013656616,1.7671273946762085,2.8614017963409424,3.6885807514190674,3.6681277751922607,-0.4644938111305237,-1.3445693254470825,-1.8002854585647583,-1.569961667060852,-0.9647887945175171,-0.35971295833587646,-0.3842598497867584,-0.44040557742118835,-0.3908081650733948,-0.3966411352157593,-0.133311465382576,0.3512699604034424,1.0007175207138062,1.78256356716156,2.3248891830444336,2.387394905090332,2.005074977874756,1.5348682403564453,1.324130654335022,1.4016448259353638,1.6282130479812622,1.9076366424560547,2.327094793319702,2.6806442737579346,2.9245245456695557,3.0246639251708984,2.951599359512329,2.9842302799224854,2.9370555877685547,2.381298780441284,2.1427104473114014,3.26938796043396,3.752570629119873,4.54774808883667,6.022774696350098,6.283758640289307,6.927802562713623,5.804321765899658,5.065142631530762
0.3788217306137085,1.1773977279663086,2.003478765487671,2.9798977375030518,5.222383975982666,2.2087604999542236,0.06026506423950195,-0.894036054611206,-1.0761679410934448,-0.5555835366249084,-0.09964253753423691,-0.17041969299316406,-0.05959753319621086,-0.06166435033082962,0.20383328199386597,0.7849738001823425,1.4518206119537354,2.134349822998047,2.845059871673584,3.327916145324707,3.2116386890411377,2.5356109142303467,1.8571648597717285,1.6451506614685059,1.8600983619689941,2.1427571773529053,2.3954150676727295,2.8484585285186768,3.4692811965942383,4.02670431137085,4.3795342445373535,4.1630072593688965,3.476210832595825,2.73671817779541,2.057872772216797,2.056002140045166,2.4624173641204834,2.6377968788146973,3.246570348739624,4.265206813812256,5.255600929260254,5.846691608428955,4.3367695808410645,3.1464385986328125
-1.067817211151123,-0.635359525680542,0.0648670643568039,0.8678482174873352,3.123955249786377,2.257719039916992,0.4272450804710388,-0.7429858446121216,-1.0948201417922974,-0.42161428928375244,0.09825178235769272,0.3510427176952362,0.6981471180915833,0.9177868366241455,1.1477043628692627,1.6249263286590576,2.1997814178466797,2.7031872272491455,3.2648122310638428,3.8267276287078857,3.9425289630889893,3.304807186126709,2.4572930335998535,2.0505359172821045,2.1872451305389404,2.428852081298828,2.581453800201416,2.8590447902679443,3.4523375034332275,4.162779808044434,4.834375858306885,4.921669006347656,4.064723491668701,2.952327251434326,2.1411361694335938,1.7918639183044434,1.7477184534072876,1.9399440288543701,2.1533725261688232,2.65451717376709,3.550846815109253,3.6129679679870605,2.560485363006592,2.3361668586730957
-3.5825512409210205,-2.744600772857666,-1.6177698373794556,-0.7831523418426514,0.3687526285648346,0.6909401416778564,-0.1912606656551361,-0.9898765087127686,-1.1313693523406982,-0.23359262943267822,0.5186880230903625,1.1326676607131958,1.7035201787948608,1.9244942665100098,2.033673048019409,2.4170937538146973,2.833193778991699,3.158597707748413,3.55265736579895,4.085813999176025,4.416177272796631,3.976814031600952,3.049649238586426,2.416203022003174,2.369851589202881,2.493835687637329,2.5156712532043457,2.5748980045318604,2.8551745414733887,3.398557662963867,4.07730770111084,4.647633075714111,4.314843654632568,3.0231540203094482,1.8924814462661743,1.4136954545974731,1.260094165802002,1.2155135869979858,1.1499006748199463,1.2013349533081055,1.07901132106781,0.9883407950401306,0.5739865899085999,0.7677202820777893
-4.296486854553223,-3.3643903732299805,-2.07547926902771,-1.3610652685165405,-0.816882312297821,-0.5941240787506104,-0.8148437142372131,-1.1871638298034668,-0.9592868089675903,0.029245171695947647,0.9486899971961975,1.7468162775039673,2.18149995803833,2.309138774871826,2.684434175491333,3.183530330657959,3.537560224533081,3.738036870956421,3.9067304134368896,4.119935989379883,4.323486328125,4.0788679122924805,3.3135716915130615,2.6390883922576904,2.4110586643218994,2.311711549758911,2.2501535415649414,2.243584632873535,2.2855031490325928,2.471641778945923,2.904973030090332,3.4764456748962402,3.5882956981658936,2.6213719844818115,1.281594157218933,0.6500977277755737,0.4889262318611145,0.1911524385213852,0.03261595219373703,-0.054862167686223984,-0.01882331259548664,-0.07253336906433105,-0.11226387321949005,-0.6070232391357422
-1.5898975133895874,-0.984211802482605,-0.07659482955932617,-0.006714504677802324,-0.6312919855117798,-0.8576438426971436,-0.9419907927513123,-1.2346926927566528,-0.945081353187561,0.04769764095544815,1.2257270812988281,2.0626699924468994,2.2894651889801025,2.5876123905181885,3.227250576019287,3.8179869651794434,4.177276134490967,4.341903209686279,4.237118244171143,3.9504613876342773,3.77536940574646,3.6516759395599365,3.349775791168213,2.9576661586761475,2.6416890621185303,2.3253378868103027,2.06489634513855,2.0090370178222656,1.9579837322235107,1.8925741910934448,1.910703182220459,2.0975656509399414,2.2105979919433594,1.7834348678588867,0.7105783224105835,-0.16112953424453735,-0.46423211693763733,-0.574402928352356,-0.48994681239128113,-0.45450252294540405,-0.35527098178863525,-0.4875304698944092,-0.9008927345275879,-0.8504666686058044
0.4118466377258301,0.6638022065162659,1.5928740501403809,1.464046597480774,-0.26984819769859314,-0.7677767276763916,-0.9484026432037354,-1.326978087425232,-1.1518595218658447,-0.20391859114170074,1.1599587202072144,2.093369245529175,2.374699115753174,2.8026747703552246,3.6437604427337646,4.346350193023682,4.520712852478027,4.465311050415039,4.21937894821167,3.7445871829986572,3.4415111541748047,3.403841733932495,3.2850897312164307,3.139930486679077,2.990083932876587,2.803764581680298,2.4653420448303223,2.116934299468994,1.8429468870162964,1.4933252334594727,1.164589524269104,1.0168070793151855,1.04710853099823,0.9047843217849731,0.2806767523288727,-0.5923969149589539,-1.0213543176651,-0.8289182186126709,-0.4874418079853058,-0.2988716661930084,-0.5935789942741394,-0.9504432082176208,-0.9225770831108093,-1.0239160060882568
0.8773333430290222,0.4219198226928711,1.1968495845794678,1.1343090534210205,-0.6676774024963379,-0.9379902482032776,-1.0123907327651978,-1.3833881616592407,-1.0863395929336548,-0.24346601963043213,1.105712890625,2.029270648956299,2.408940315246582,2.8960275650024414,3.7633752822875977,4.53119421005249,4.608057498931885,4.181398391723633,3.737602710723877,3.360043525695801,3.2477481365203857,3.401553153991699,3.4672341346740723,3.2623510360717773,3.1388461589813232,3.2273848056793213,3.0869362354278564,2.512498617172241,1.8371860980987549,1.197535753250122,0.6406543850898743,0.35336604714393616,0.3670766055583954,0.2520157992839813,-0.2550508379936218,-0.9363877177238464,-1.245591163635254,-0.993675172328949,-0.7126551270484924,-0.5009088516235352,-0.7481896877288818,-1.3554943799972534,-1.494080901145935,-1.3720611333847046
1.235113501548767,0.6530758142471313,0.8680315017700195,0.7431737184524536,-0.2821809649467468,-0.7674623727798462,-0.5577840805053711,-0.9613395929336548,-0.548906683921814,0.12420845776796341,1.0876061916351318,1.7554165124893188,2.1111855506896973,2.6496102809906006,3.4120335578918457,4.207438945770264,4.400387287139893,3.797288179397583,3.138784646987915,2.849331855773926,2.84515118598938,3.0929834842681885,3.3582763671875,3.2095866203308105,2.999821424484253,3.240356206893921,3.390953540802002,2.870445489883423,1.9441542625427246,1.0836814641952515,0.4965636730194092,0.1413291096687317,-0.07172790169715881,-0.33800625801086426,-0.8323086500167847,-1.4255377054214478,-1.690043330192566,-1.4891701936721802,-1.1820852756500244,-0.9641761779785156,-1.0791393518447876,-1.572348713874817,-1.8873999118804932,-1.8273930549621582
1.5648292303085327,0.9885081052780151,1.4160319566726685,1.6592499017715454,1.2615940570831299,0.28200966119766235,0.2851828336715698,-0.22617000341415405,-0.07450516521930695,0.25012141466140747,0.7917439341545105,1.2926455736160278,1.6877543926239014,2.2211508750915527,2.892733335494995,3.5911500453948975,3.8632020950317383,3.429842710494995,2.7333810329437256,2.3354382514953613,2.2527172565460205,2.3897812366485596,2.6342825889587402,2.761883020401001,2.7349133491516113,2.9037790298461914,3.143031120300293,2.9614837169647217,2.1573121547698975,1.193228006362915,0.5361447930335999,0.1453007310628891,-0.304182231426239,-0.8107698559761047,-1.326793909072876,-1.8967009782791138,-2.1963484287261963,-2.026211738586426,-1.731001853942871,-1.567810297012329,-1.6321156024932861,-1.8318015336990356,-2.0439321994781494,-2.1484341621398926
2.4137914180755615,1.8755106925964355,2.364940881729126,2.7451558113098145,2.469827890396118,1.3837310075759888,0.8365152478218079,0.15901301801204681,-0.07974456995725632,-0.0772552564740181,0.3147355616092682,0.9754495024681091,1.5028139352798462,1.9493134021759033,2.4391896724700928,2.901624917984009,3.1662161350250244,3.002028465270996,2.4119911193847656,1.7150135040283203,1.3253912925720215,1.3365089893341064,1.6499379873275757,2.1330583095550537,2.4593141078948975,2.4402644634246826,2.4163684844970703,2.43778395652771,2.0721235275268555,1.3454397916793823,0.6414538025856018,0.20277830958366394,-0.2836688458919525,-0.9510564208030701,-1.5624489784240723,-2.0635313987731934,-2.4558823108673096,-2.5770232677459717,-2.469331979751587,-2.217714786529541,-2.0514109134674072,-2.0515377521514893,-2.27079176902771,-2.455941915512085
3.7190983295440674,3.441974401473999,3.3427212238311768,3.2307703495025635,2.6776297092437744,1.6098886728286743,0.969173014163971,0.11893491446971893,-0.4308070242404938,-0.5029101371765137,0.0005079375696368515,0.8576998710632324,1.2883652448654175,1.5390206575393677,1.778552770614624,2.2067646980285645,2.6123745441436768,2.532402992248535,1.8383276462554932,0.8821836113929749,0.18028095364570618,0.06716024875640869,0.624879777431488,1.5099164247512817,2.095093250274658,2.0521240234375,1.669222116470337,1.5052738189697266,1.403555989265442,1.1976019144058228,0.8660134673118591,0.49067223072052,-0.07684352248907089,-0.8720840215682983,-1.6167103052139282,-2.111229419708252,-2.5327115058898926,-2.943528413772583,-3.104612350463867,-2.8565635681152344,-2.4320008754730225,-2.2246482372283936,-2.393069267272949,-2.614347457885742
4.007725715637207,4.052780628204346,3.7440197467803955,3.3257558345794678,1.9753389358520508,1.1139200925827026,0.8653090000152588,-0.11460737138986588,-0.8430988788604736,-0.8122649788856506,0.044580161571502686,0.8245910406112671,1.0018675327301025,0.973224937915802,1.2555787563323975,1.8708466291427612,2.2079124450683594,1.834692358970642,0.9368957281112671,0.08132404088973999,-0.5197281241416931,-0.7720336318016052,-0.26387351751327515,0.7936000823974609,1.5603612661361694,1.69158136844635,1.2875306606292725,0.8744364380836487,0.7175524234771729,0.7111478447914124,0.8657611608505249,0.8182665109634399,0.2947515845298767,-0.6395382881164551,-1.5695258378982544,-2.0659291744232178,-2.3117904663085938,-2.7053823471069336,-3.077761173248291,-3.1217148303985596,-2.8223800659179688,-2.4991135597229004,-2.4688920974731445,-2.6102142333984375
3.5495493412017822,3.516206979751587,3.6516976356506348,3.4220283031463623,1.2325712442398071,0.9872248768806458,1.0061649084091187,-0.12574124336242676,-0.8666224479675293,-0.46163758635520935,0.4551461935043335,0.7893925905227661,0.5341725945472717,0.40317365527153015,0.8296482563018799,1.4148237705230713,1.5508038997650146,1.078650712966919,0.3408525288105011,-0.2142803966999054,-0.47870269417762756,-0.6707448363304138,-0.6572304964065552,0.02520931139588356,0.9267449378967285,1.2805180549621582,1.086283802986145,0.6659166216850281,0.2920498549938202,0.02529335953295231,0.16085782647132874,0.5004366636276245,0.40824994444847107,-0.33878055214881897,-1.3242557048797607,-1.8900957107543945,-2.021190643310547,-2.1940078735351562,-2.4485793113708496,-2.6677935123443604,-2.744788646697998,-2.6222968101501465,-2.440176248550415,-2.5055618286132812
3.734921455383301,3.282197952270508,3.4961018562316895,3.3663735389709473,0.6615639925003052,1.4431860446929932,1.7047675848007202,0.6392074227333069,0.15399959683418274,0.6446026563644409,0.9125437140464783,0.5128964781761169,0.13781531155109406,0.25455597043037415,0.70777428150177,1.0740703344345093,1.109574317932129,0.8651971817016602,0.510206401348114,0.26187244057655334,0.07989348471164703,-0.07702048122882843,-0.295623779296875,-0.30610132217407227,0.31380364298820496,0.9468023777008057,0.9481536746025085,0.5575871467590332,-0.14317284524440765,-0.8093993067741394,-0.901330828666687,-0.5048251152038574,-0.07461845129728317,-0.18272677063941956,-0.9500568509101868,-1.6213254928588867,-1.8254495859146118,-1.917577862739563,-2.0230026245117188,-2.185824394226074,-2.346964120864868,-2.3657901287078857,-2.1919610500335693,-2.080091714859009
4.2680792808532715,3.221970796585083,3.375779628753662,3.510340929031372,1.7966967821121216,1.8927502632141113,2.2430193424224854,1.6519384384155273,1.6337398290634155,1.7580939531326294,1.302458643913269,0.693139374256134,0.5496950149536133,0.7980921864509583,1.1467341184616089,1.3831692934036255,1.4024754762649536,1.2908090353012085,1.1991610527038574,1.080469012260437,0.913317859172821,0.6460592746734619,0.4047609865665436,0.10997709631919861,0.14889642596244812,0.6213694214820862,0.8171576261520386,0.43885162472724915,-0.41976267099380493,-1.3126460313796997,-1.6633514165878296,-1.3530080318450928,-0.7029414772987366,-0.27855005860328674,-0.665992796421051,-1.3172941207885742,-1.5944191217422485,-1.7074708938598633,-1.8195933103561401,-2.0092899799346924,-2.1558144092559814,-2.052496910095215,-1.7619775533676147,-1.5181878805160522
4.481339454650879,3.427215576171875,3.5939972400665283,3.9480321407318115,4.40484619140625,3.138763666152954,2.910587787628174,2.8577218055725098,2.9037024974823,2.646047353744507,2.229233980178833,1.9860857725143433,1.8973205089569092,1.766507625579834,1.7899575233459473,1.9197206497192383,1.9441030025482178,1.832121729850769,1.8269773721694946,1.823720932006836,1.620734691619873,1.2593823671340942,1.0217936038970947,0.8240774273872375,0.6243340969085693,0.614344596862793,0.6456677317619324,0.26536738872528076,-0.545464038848877,-1.4786702394485474,-1.94083833694458,-1.7418055534362793,-1.1904023885726929,-0.5594722032546997,-0.4980522692203522,-1.035442590713501,-1.2605206966400146,-1.2158632278442383,-1.3519930839538574,-1.656714916229248,-1.9562203884124756,-1.9154963493347168,-1.4503741264343262,-0.9651704430580139
4.71573543548584,3.555894613265991,3.793876886367798,3.806671380996704,4.416038990020752,4.437860488891602,4.426909446716309,4.312088489532471,3.968287467956543,3.514313220977783,3.4342458248138428,3.597939968109131,3.319141149520874,2.6764423847198486,2.554154634475708,2.7648775577545166,2.754716396331787,2.606731414794922,2.616853952407837,2.701256036758423,2.4929592609405518,1.9593276977539062,1.5746207237243652,1.4413208961486816,1.3137027025222778,1.1875251531600952,0.8947194814682007,0.18760961294174194,-0.6899864673614502,-1.6052045822143555,-2.082777261734009,-1.9565742015838623,-1.5863012075424194,-1.0061030387878418,-0.46036893129348755,-0.605285108089447,-0.8137736320495605,-0.6055998802185059,-0.6415585279464722,-0.9527616500854492,-1.3164387941360474,-1.4697054624557495,-1.1890134811401367,-0.5798949003219604
