data/wind_data/wind_Surface_16.json
{"header": {"parameterUnit": "KT", "parameterCategory": 2, "nx": 255, "ny": 198, "lo1": 44.73521041870117, "la1": -3.236724853515625, "lo2": 111.26478576660156, "la2": 43.468475341796875, "dx": 0.26192745566368103, "dy": -0.23708222806453705, "refTime": "2025-02-19 16:00:00", "forecastTime": 0, "parameterNumber": 2, "parameterNumberName": "eastward_wind"}, "data":
[rows 114 to 132 of 198, columns 0 to 42 of 255]
-8.783706665039062,-10.332094192504883,-10.311080932617188,-9.575667381286621,-7.881824016571045,-6.491659164428711,-6.7366156578063965,-6.96421480178833,-6.306865215301514,-5.932121276855469,-5.3617262840271,-4.916722297668457,-4.502627372741699,-4.8181047439575195,-5.05946159362793,-4.985184192657471,-6.305168151855469,-8.97168254852295,-9.495702743530273,-7.4756879806518555,-4.984914302825928,-2.7930831909179688,-1.450352668762207,-0.7520840167999268,0.6186788082122803,1.7189925909042358,2.8455185890197754,5.212041854858398,6.0883026123046875,7.046132564544678,8.214678764343262,9.3772554397583,10.341788291931152,10.861451148986816,10.774818420410156,10.193065643310547,9.186524391174316,8.433302879333496,7.7856950759887695,7.040650844573975,6.5095977783203125,6.861475467681885,7.093545436859131
-8.60354232788086,-9.896527290344238,-10.91948127746582,-10.007996559143066,-7.363036632537842,-6.8780293464660645,-8.291667938232422,-8.490262985229492,-8.244226455688477,-7.039835453033447,-5.604167461395264,-5.049166679382324,-4.948052883148193,-4.663846969604492,-4.703029155731201,-5.659677982330322,-6.283841133117676,-7.674731731414795,-8.253914833068848,-6.451700687408447,-4.137743949890137,-2.458409070968628,-0.12349319458007812,0.5320616364479065,1.2435506582260132,2.5199220180511475,4.922967433929443,6.0576934814453125,6.939970970153809,7.865547180175781,8.902364730834961,9.817361831665039,10.6188325881958,11.132628440856934,10.86032772064209,10.088184356689453,9.22571086883545,8.365028381347656,7.476183891296387,6.708942890167236,6.711958885192871,7.283237457275391,8.165810585021973
-9.376379013061523,-9.920633316040039,-10.500967979431152,-9.896233558654785,-7.598301410675049,-6.8142218589782715,-7.898257255554199,-8.720231056213379,-7.883722305297852,-5.353257179260254,-3.749790668487549,-3.673513412475586,-3.665369987487793,-4.047286510467529,-5.2227463722229,-6.662182807922363,-7.862130641937256,-8.019773483276367,-7.0200886726379395,-5.710191249847412,-3.4461264610290527,-0.7881954908370972,0.685188353061676,1.5403484106063843,2.5653600692749023,3.7088141441345215,4.896399021148682,5.973219871520996,7.007166385650635,8.03543472290039,8.874436378479004,9.697251319885254,10.367541313171387,10.30848217010498,9.982260704040527,9.852615356445312,9.281383514404297,7.781460762023926,6.314342498779297,5.663842678070068,6.0495924949646,7.221171855926514,8.755531311035156
-9.49108600616455,-8.97164249420166,-9.115155220031738,-8.799142837524414,-6.883430480957031,-6.607396125793457,-7.238210678100586,-7.98480224609375,-7.1246209144592285,-5.225831985473633,-4.061925888061523,-3.6281754970550537,-3.604219436645508,-5.300587177276611,-7.682985782623291,-8.889747619628906,-8.888532638549805,-7.660573959350586,-5.875751972198486,-3.4662349224090576,-0.6526393890380859,0.9230164289474487,1.6140952110290527,2.254380941390991,2.852649688720703,3.7971391677856445,4.998381614685059,6.258141040802002,7.384366512298584,8.488984107971191,9.320808410644531,9.873863220214844,10.361588478088379,10.711981773376465,10.812201499938965,10.92282772064209,10.115983963012695,7.208899021148682,4.577635765075684,4.027079105377197,5.646124839782715,8.234169006347656,9.71920394897461
-9.314489364624023,-9.030563354492188,-8.526265144348145,-7.372314453125,-6.3887763023376465,-5.382928848266602,-5.72576379776001,-7.16249418258667,-7.63107967376709,-7.3791069984436035,-5.934410095214844,-4.221692085266113,-4.925834655761719,-7.070497989654541,-8.68022346496582,-8.8744478225708,-7.793327808380127,-6.309825420379639,-3.9100515842437744,-1.1618938446044922,0.7772961854934692,2.1211888790130615,2.052952527999878,2.1758577823638916,2.760636329650879,3.7458341121673584,5.050965785980225,6.653151988983154,8.282318115234375,9.444602012634277,10.011123657226562,10.449981689453125,11.167377471923828,10.961623191833496,9.915886878967285,9.81752872467041,8.054572105407715,2.4283182621002197,-0.9888977408409119,-0.2061387151479721,2.9146642684936523,7.205564022064209,9.842164993286133
-8.659900665283203,-9.419047355651855,-8.133283615112305,-5.507206439971924,-5.341730117797852,-6.5373334884643555,-6.2629828453063965,-6.733287334442139,-7.922108173370361,-8.72346305847168,-7.826061248779297,-6.532988548278809,-6.001000881195068,-6.927525043487549,-7.753054141998291,-6.909442901611328,-5.625219821929932,-4.234836578369141,-2.075103759765625,0.40841665863990784,2.0400397777557373,2.2712976932525635,1.9451242685317993,1.9821536540985107,2.5694363117218018,3.6202023029327393,5.507137775421143,7.628087520599365,9.536783218383789,10.65378475189209,11.138498306274414,11.320655822753906,10.492121696472168,8.600432395935059,5.242442607879639,4.911865234375,4.059788703918457,0.3783741593360901,-1.7735153436660767,-0.8640455007553101,2.492831230163574,6.350996017456055,7.641463756561279
-7.611554145812988,-8.774975776672363,-7.806824684143066,-5.396536827087402,-6.487892150878906,-7.691987991333008,-6.819697856903076,-7.661055564880371,-7.132840156555176,-6.902375221252441,-6.964820861816406,-6.1826348304748535,-6.524437427520752,-7.679620265960693,-6.386262893676758,-5.793543815612793,-4.753021717071533,-2.943272352218628,-0.5972901582717896,1.540225625038147,2.101905107498169,2.008910894393921,1.6111568212509155,1.810110092163086,2.6540510654449463,4.0835490226745605,6.2896223068237305,8.67503833770752,10.70654296875,11.741422653198242,11.462742805480957,9.330461502075195,5.083356857299805,4.463697910308838,5.1288323402404785,5.824355602264404,5.305858612060547,1.703269362449646,-1.115280270576477,-0.8832331299781799,2.1738994121551514,5.685661315917969,6.293713569641113
-6.6166768074035645,-7.298552989959717,-7.0082783699035645,-5.053692817687988,-4.413210391998291,-6.085031032562256,-6.618002414703369,-7.360874652862549,-7.479074001312256,-7.095757961273193,-5.315727710723877,-5.228731632232666,-6.774135589599609,-7.116992473602295,-6.554056644439697,-5.218751907348633,-3.4549713134765625,-1.318587303161621,0.7069663405418396,1.848936676979065,2.032036781311035,1.6141976118087769,1.3601614236831665,2.008653163909912,3.146787405014038,4.829517364501953,7.041989326477051,9.345515251159668,11.09040641784668,11.162681579589844,8.454218864440918,4.5616960525512695,4.975774765014648,5.415142059326172,4.938953399658203,4.981688022613525,4.129142761230469,1.5398908853530884,-0.6428927779197693,-1.9582712650299072,0.2846282720565796,3.8031392097473145,4.914368629455566
-6.122499942779541,-6.322759628295898,-6.194087982177734,-3.630873918533325,-3.1768879890441895,-6.1308512687683105,-6.337734222412109,-6.6178693771362305,-6.767127990722656,-5.3385491371154785,-4.576546669006348,-5.536344528198242,-6.924388885498047,-6.769331932067871,-5.7374043464660645,-4.577362537384033,-2.2175331115722656,-0.3721378743648529,0.8033311367034912,1.4723814725875854,1.2695000171661377,1.0446438789367676,1.535108208656311,2.7216241359710693,4.036462306976318,5.653095245361328,7.396498680114746,8.625187873840332,8.669325828552246,7.395120143890381,4.238141059875488,4.556609153747559,6.005222320556641,5.52096700668335,3.826892137527466,1.91521155834198,-0.9078626036643982,-2.9699413776397705,-2.536449670791626,-2.815683364868164,-1.158563494682312,1.1211192607879639,2.1330082416534424
-6.780887126922607,-6.404235363006592,-4.985170841217041,-3.229231357574463,-5.066708087921143,-10.024564743041992,-9.970104217529297,-7.750157356262207,-4.205564022064209,-3.54368257522583,-5.514541149139404,-5.630859851837158,-6.55263090133667,-7.005152702331543,-5.143562316894531,-3.0875742435455322,-1.3114194869995117,-0.35263991355895996,0.41540762782096863,0.6647050380706787,0.8235571384429932,1.3823246955871582,2.4807064533233643,3.7968485355377197,4.904232025146484,5.901894569396973,6.361143589019775,5.491274356842041,3.2709274291992188,4.025994777679443,5.266571998596191,5.599183559417725,5.521357536315918,4.410730361938477,3.070601224899292,0.8949306607246399,-2.7512409687042236,-5.395769119262695,-5.033172607421875,-4.502571105957031,-3.1326794624328613,-0.8855356574058533,-0.7721849083900452
-6.730881214141846,-6.3106770515441895,-4.046976089477539,-0.694725751876831,-2.8576748371124268,-8.572358131408691,-9.280458450317383,-9.10041332244873,-5.484186172485352,-1.3827757835388184,-2.1727099418640137,-5.06187629699707,-6.412307262420654,-5.836024761199951,-3.7854113578796387,-1.2974778413772583,-0.5618453621864319,-0.5887876749038696,-0.11510681360960007,0.44090721011161804,1.4971566200256348,2.6604347229003906,3.7458834648132324,4.7728471755981445,5.330255031585693,5.035272598266602,3.125190496444702,2.3755462169647217,3.4760332107543945,5.5845160484313965,5.976276397705078,5.559617519378662,5.442152500152588,3.9922735691070557,2.5650429725646973,1.7752801179885864,-0.32675424218177795,-4.19893741607666,-5.338127613067627,-4.720442771911621,-3.539332866668701,-2.0194973945617676,-1.7760149240493774
-6.022867679595947,-5.281728744506836,-3.2792437076568604,0.9145412445068359,-0.7179985046386719,-4.574595928192139,-5.4017534255981445,-7.567803382873535,-5.525403022766113,-2.4937000274658203,-2.6900885105133057,-3.208381414413452,-3.8621771335601807,-4.016134738922119,-2.7666969299316406,-1.8728456497192383,-1.4638960361480713,-0.9146486520767212,0.19527320563793182,1.6194723844528198,2.9473137855529785,4.197817325592041,4.859971523284912,5.485324859619141,5.301900863647461,3.2931206226348877,2.7516226768493652,2.95123028755188,4.139147758483887,4.954658031463623,4.900691032409668,5.093110084533691,5.031638145446777,3.238821506500244,1.6009399890899658,1.22671639919281,1.8434985876083374,-1.4412884712219238,-5.0400190353393555,-3.6094932556152344,-2.472506046295166,-1.7443699836730957,-1.173417329788208
-5.110180377960205,-4.255134582519531,-2.7939188480377197,1.1281973123550415,-0.0683724582195282,-2.671478748321533,-2.8437001705169678,-4.5572428703308105,-4.982118606567383,-4.890870571136475,-4.7516279220581055,-4.299333572387695,-3.946864128112793,-3.078564167022705,-1.7688907384872437,-1.7521430253982544,-1.3954684734344482,0.003976450767368078,1.6043503284454346,3.148583173751831,4.498195648193359,5.5247650146484375,5.832101345062256,5.650360107421875,4.934160232543945,2.829115867614746,2.1631979942321777,2.458402156829834,2.7101733684539795,2.829465627670288,3.705652952194214,4.936210632324219,5.175903797149658,3.8249011039733887,1.1455192565917969,0.05333526432514191,-0.0659293383359909,-2.3434152603149414,-3.8535447120666504,-1.7000250816345215,0.10633230209350586,-0.2360251545906067,-1.0893633365631104
-4.576914310455322,-3.8195698261260986,-2.6752171516418457,0.9260898232460022,-0.49563315510749817,-3.09472918510437,-3.3327338695526123,-4.152639389038086,-5.131058692932129,-6.882030487060547,-6.556290149688721,-4.596207618713379,-4.263511657714844,-3.072086811065674,-1.7888553142547607,-1.2039364576339722,-0.03683635592460632,1.5413538217544556,3.158694267272949,4.65545129776001,5.858515739440918,6.580091953277588,6.670300483703613,5.922916412353516,3.51948618888855,1.0751765966415405,1.3793857097625732,2.3784027099609375,1.8136001825332642,1.4925212860107422,2.3905277252197266,3.225632429122925,4.024613857269287,3.461056709289551,0.14261963963508606,-2.024594783782959,-1.9825589656829834,-1.306526780128479,0.15169823169708252,1.8306514024734497,2.048558473587036,-0.27733924984931946,-1.0452173948287964
-4.314415454864502,-3.9906628131866455,-2.453258752822876,-0.07966611534357071,-1.7765793800354004,-3.2086007595062256,-2.4774110317230225,-3.0521388053894043,-4.9945478439331055,-6.651994228363037,-6.131482124328613,-4.963998317718506,-3.9057776927948,-2.487978219985962,-1.1783114671707153,0.06018697842955589,1.5875505208969116,3.0514137744903564,4.644349575042725,6.005221366882324,6.907924175262451,7.36693000793457,7.245661735534668,5.799025058746338,2.000856876373291,-0.28728121519088745,1.3719661235809326,2.501943826675415,0.9601646065711975,0.6919888854026794,2.515038251876831,1.9796258211135864,1.8613065481185913,1.625602126121521,0.30408164858818054,-0.629930853843689,-1.0507436990737915,0.8692567348480225,2.251363754272461,0.7219255566596985,-1.8785902261734009,-1.944913387298584,0.0006899660220369697
-4.248181343078613,-3.644665002822876,-2.334550619125366,-0.6601853966712952,-1.4190000295639038,-1.8659747838974,-1.0622711181640625,-2.4760217666625977,-5.3795552253723145,-6.739588737487793,-4.957302570343018,-4.260707855224609,-3.3169021606445312,-2.0742294788360596,-0.7872748970985413,1.380589485168457,3.148909568786621,4.444568634033203,5.800731182098389,6.915900230407715,7.4083733558654785,7.833595275878906,7.5400071144104,4.581470966339111,1.5629887580871582,-0.1099672019481659,1.9544014930725098,1.9936332702636719,-0.07378239184617996,1.299269199371338,4.028051853179932,2.3409671783447266,0.4291626214981079,-0.5376137495040894,-1.174611210823059,-0.8402079939842224,-1.1429566144943237,-1.6952705383300781,-3.165010929107666,-4.236399173736572,-3.21968150138855,-0.8042331337928772,0.6847774982452393
-4.524557590484619,-3.6568126678466797,-2.81187105178833,-0.7724649310112,-0.9350288510322571,-1.9176385402679443,-2.788494110107422,-5.05140495300293,-5.180789947509766,-4.684070110321045,-3.9000346660614014,-3.8006911277770996,-3.2327065467834473,-0.898409903049469,1.1809161901474,3.3027877807617188,4.604625225067139,5.541934967041016,6.548031806945801,7.366438865661621,7.65625524520874,7.8734588623046875,7.879079818725586,5.381574630737305,2.7268013954162598,0.8502554893493652,0.8101749420166016,-0.15371951460838318,-0.31097668409347534,3.540879726409912,4.295571327209473,0.8507488369941711,-2.6705241203308105,-5.0341057777404785,-4.550960540771484,-4.378031253814697,-5.698628902435303,-6.118795871734619,-5.750648021697998,-4.01192569732666,-0.1843997687101364,3.2714269161224365,1.853887915611267
-5.1680121421813965,-4.523819446563721,-3.8305633068084717,-1.7459815740585327,-2.747744083404541,-5.180190563201904,-4.92728328704834,-5.338923454284668,-5.320451259613037,-5.053228855133057,-3.994967222213745,-3.05515718460083,-1.1620471477508545,1.43972909450531,3.320392370223999,4.1553521156311035,5.004963397979736,6.283192157745361,7.454404830932617,7.628444671630859,7.181138515472412,6.770722389221191,4.431957244873047,2.5139057636260986,1.0386937856674194,-0.38568732142448425,-1.0499075651168823,-1.0786172151565552,1.4523224830627441,4.281918048858643,1.5308853387832642,-2.6225478649139404,-5.635069847106934,-6.366337299346924,-5.6645612716674805,-5.463891983032227,-6.220222473144531,-7.1032328605651855,-6.862664222717285,-4.765416145324707,-0.7720771431922913,-0.5755155682563782,-0.9610445499420166
-6.046868324279785,-5.671415328979492,-4.818148136138916,-3.2551894187927246,-5.207900047302246,-6.4110589027404785,-6.087862014770508,-5.923681735992432,-5.248104572296143,-4.7024359703063965,-4.269852638244629,-2.9879744052886963,-0.6879361271858215,2.8958520889282227,4.82110595703125,5.0026116371154785,5.244154930114746,6.53782844543457,7.539505481719971,7.97786808013916,7.269845485687256,3.9007952213287354,2.6861748695373535,1.9172555208206177,1.0292898416519165,-0.2954014539718628,-1.2184609174728394,-0.3633292019367218,2.451777458190918,1.6900652647018433,-1.10313880443573,-2.7839910984039307,-5.520965099334717,-5.890224456787109,-5.6436848640441895,-5.624610900878906,-4.685193061828613,-4.510351181030273,-5.787257194519043,-5.853034496307373,-5.402894020080566,-6.8531084060668945,-6.166312217712402
