data/wind_data/wind_17_7.json
{"header": {"parameterUnit": "KT", "parameterCategory": 2, "nx": 256, "ny": 198, "lo1": 44.73521041870117, "la1": -3.236724853515625, "lo2": 111.26478576660156, "la2": 43.468475341796875, "dx": 0.2609002888202667, "dy": -0.23708222806453705, "refTime": "2025-02-19 17:00:00", "forecastTime": 0, "parameterNumber": 2, "parameterNumberName": "eastward_wind"}, "data":
[rows 20 to 39 of 198, columns 132 to 175 of 256]
-6.820072174072266,-7.376577377319336,-7.176864147186279,-6.930168628692627,-7.471249103546143,-8.367196083068848,-8.46291732788086,-8.613317489624023,-7.511551380157471,-8.307267189025879,-10.499338150024414,-12.323470115661621,-13.597726821899414,-14.31745433807373,-14.239370346069336,-14.255233764648438,-13.81835651397705,-13.883294105529785,-14.512198448181152,-15.450398445129395,-17.183300018310547,-18.858667373657227,-18.233264923095703,-17.2152042388916,-16.53000831604004,-15.847506523132324,-14.738729476928711,-13.219840049743652,-13.103590965270996,-13.359481811523438,-10.06044864654541,-9.350817680358887,-8.766387939453125,-8.58582592010498,-8.425620079040527,-7.1944966316223145,-6.43031644821167,-5.442182540893555,-5.890106201171875,-11.189362525939941,-11.402159690856934,-10.277520179748535,-9.087847709655762,-7.712192058563232
-8.467522621154785,-8.655534744262695,-8.363917350769043,-8.145660400390625,-8.747617721557617,-9.78736400604248,-7.522305011749268,-9.3666353225708,-9.023784637451172,-10.066205024719238,-11.524212837219238,-12.99484920501709,-14.016743659973145,-14.701000213623047,-15.032549858093262,-15.453808784484863,-15.87714672088623,-16.510347366333008,-16.957683563232422,-17.429292678833008,-19.530733108520508,-24.0076847076416,-17.780319213867188,-18.389726638793945,-18.677322387695312,-17.423370361328125,-16.567707061767578,-14.026508331298828,-12.633228302001953,-11.998274803161621,-10.672220230102539,-9.475044250488281,-8.25840950012207,-7.238912582397461,-7.49470853805542,-6.335850238800049,-5.7109551429748535,-6.81452751159668,-9.436331748962402,-12.393784523010254,-12.908367156982422,-12.345375061035156,-11.028008460998535,-8.619542121887207
-9.546706199645996,-9.937928199768066,-9.63608455657959,-9.238262176513672,-9.912941932678223,-10.57508659362793,-9.892389297485352,-10.793804168701172,-10.675700187683105,-11.161988258361816,-12.111948013305664,-13.692519187927246,-13.969120025634766,-14.765145301818848,-15.939903259277344,-17.000469207763672,-18.065174102783203,-18.85173797607422,-21.56914520263672,-20.55821990966797,-19.244937896728516,-22.62249183654785,-21.31081771850586,-21.159452438354492,-19.437673568725586,-17.946359634399414,-16.6767635345459,-14.682422637939453,-13.087014198303223,-11.747003555297852,-10.7708101272583,-10.410810470581055,-8.976618766784668,-7.465348720550537,-7.099417209625244,-6.757965564727783,-6.716586112976074,-8.402498245239258,-10.82797908782959,-12.503548622131348,-13.761962890625,-14.531778335571289,-12.88688850402832,-8.880158424377441
-10.48133373260498,-11.177165031433105,-11.083124160766602,-10.467930793762207,-10.370267868041992,-11.447118759155273,-10.398902893066406,-11.713900566101074,-11.16415786743164,-12.140435218811035,-13.48244571685791,-14.151854515075684,-14.686983108520508,-15.599775314331055,-17.241626739501953,-18.983722686767578,-20.536977767944336,-20.35563087463379,-21.897716522216797,-22.225854873657227,-21.35627555847168,-22.388599395751953,-22.436655044555664,-21.549388885498047,-20.091398239135742,-19.23871421813965,-17.737268447875977,-16.145244598388672,-14.382311820983887,-13.057170867919922,-12.08077621459961,-11.956222534179688,-11.477468490600586,-10.584476470947266,-9.941167831420898,-9.595752716064453,-9.248641967773438,-9.52022933959961,-10.244854927062988,-11.289786338806152,-13.3375825881958,-13.598237037658691,-10.606500625610352,-9.347127914428711
-11.204188346862793,-12.249618530273438,-12.566997528076172,-11.809160232543945,-11.073217391967773,-11.739694595336914,-11.620542526245117,-11.883076667785645,-11.204636573791504,-13.087947845458984,-14.177120208740234,-14.716135025024414,-15.668706893920898,-17.374242782592773,-19.103378295898438,-21.663646697998047,-22.92087745666504,-22.1116943359375,-22.353267669677734,-22.526607513427734,-21.80623435974121,-22.850133895874023,-22.652263641357422,-22.29827880859375,-21.97934341430664,-22.521814346313477,-21.12423324584961,-19.96799087524414,-18.446088790893555,-17.26972007751465,-16.328615188598633,-15.22996997833252,-13.895994186401367,-12.52220630645752,-11.615473747253418,-11.11522102355957,-10.432907104492188,-9.842874526977539,-9.539986610412598,-9.466471672058105,-10.618610382080078,-12.257830619812012,-10.380465507507324,-7.373936653137207
-11.725706100463867,-12.728447914123535,-13.3030366897583,-12.776559829711914,-12.009588241577148,-12.24368953704834,-12.461222648620605,-11.900908470153809,-12.131007194519043,-13.521646499633789,-15.010232925415039,-15.902440071105957,-16.88014793395996,-18.080175399780273,-19.963668823242188,-23.37459373474121,-24.528539657592773,-23.048704147338867,-22.607912063598633,-22.17389488220215,-21.721954345703125,-21.801513671875,-21.984052658081055,-21.62302589416504,-22.374988555908203,-23.0501651763916,-22.25617218017578,-21.097089767456055,-19.79413414001465,-18.84773826599121,-18.28410530090332,-17.055015563964844,-16.090801239013672,-15.416117668151855,-13.991073608398438,-13.54947566986084,-13.68889045715332,-13.031524658203125,-11.618612289428711,-9.989551544189453,-8.627907752990723,-7.268794059753418,-6.479663848876953,-6.327104568481445
-12.016423225402832,-12.643080711364746,-13.461121559143066,-13.546720504760742,-12.883790016174316,-12.40307331085205,-12.837989807128906,-12.726285934448242,-13.058380126953125,-14.009175300598145,-15.98421573638916,-17.554550170898438,-17.98832893371582,-18.597867965698242,-20.549562454223633,-23.0770263671875,-23.35747718811035,-21.568429946899414,-20.562807083129883,-20.712360382080078,-20.615169525146484,-21.12554168701172,-21.949071884155273,-22.18059539794922,-22.85374641418457,-22.494630813598633,-21.151676177978516,-18.368261337280273,-15.376581192016602,-15.791333198547363,-18.577863693237305,-18.524246215820312,-17.135547637939453,-16.61961555480957,-16.125659942626953,-16.4946231842041,-16.543441772460938,-14.203845977783203,-10.948424339294434,-8.91806697845459,-6.958739280700684,-3.8592894077301025,-5.967104911804199,-4.8073954582214355
-12.246694564819336,-12.445305824279785,-13.094138145446777,-13.889235496520996,-13.71395492553711,-12.84347915649414,-12.995906829833984,-13.392247200012207,-14.092914581298828,-15.573034286499023,-17.435714721679688,-18.79911231994629,-19.260692596435547,-19.608482360839844,-20.73088836669922,-21.92123794555664,-21.468366622924805,-20.62822723388672,-19.94900894165039,-19.914016723632812,-21.26251220703125,-22.19772720336914,-22.07254409790039,-21.73920440673828,-21.705825805664062,-21.527326583862305,-19.57541847229004,-14.548177719116211,-10.274077415466309,-13.017852783203125,-19.0029239654541,-19.20368003845215,-16.090126037597656,-13.926949501037598,-13.683714866638184,-13.664356231689453,-12.245992660522461,-9.311741828918457,-11.070510864257812,-11.940603256225586,-9.278493881225586,-7.607736587524414,-7.41900634765625,-5.548722743988037
-12.50444507598877,-12.475399017333984,-12.62110424041748,-13.633139610290527,-14.490520477294922,-13.683980941772461,-13.394061088562012,-13.79586410522461,-14.709480285644531,-16.533811569213867,-18.491432189941406,-19.29556655883789,-19.081344604492188,-18.424762725830078,-18.45061683654785,-19.62859535217285,-20.590322494506836,-20.542144775390625,-20.406078338623047,-20.588199615478516,-21.342100143432617,-21.830039978027344,-21.189983367919922,-20.67131233215332,-20.882152557373047,-21.277727127075195,-19.685184478759766,-14.762263298034668,-10.667684555053711,-13.152615547180176,-17.333105087280273,-16.03231430053711,-14.572626113891602,-14.382612228393555,-14.41922378540039,-14.233081817626953,-12.106553077697754,-9.263540267944336,-7.654605865478516,-7.877540111541748,-9.630102157592773,-9.921083450317383,-8.614290237426758,-8.102655410766602
-12.498613357543945,-12.547780990600586,-12.976808547973633,-13.32808780670166,-15.320690155029297,-14.42799186706543,-13.807342529296875,-14.1200590133667,-15.01871395111084,-16.27086067199707,-17.556907653808594,-17.59943962097168,-16.67437744140625,-16.32564926147461,-17.26416778564453,-18.738693237304688,-19.907146453857422,-20.807388305664062,-21.345487594604492,-22.187904357910156,-22.42273712158203,-22.06321144104004,-21.233135223388672,-20.71353530883789,-21.27232551574707,-22.29103660583496,-21.684701919555664,-17.731962203979492,-13.766256332397461,-13.119064331054688,-16.007938385009766,-16.071998596191406,-14.533994674682617,-14.267403602600098,-14.1782808303833,-14.47435474395752,-14.352739334106445,-13.065537452697754,-10.887344360351562,-8.535866737365723,-8.451194763183594,-10.489471435546875,-8.629634857177734,-8.650650024414062
-12.394983291625977,-12.576421737670898,-12.842537879943848,-13.969944953918457,-15.326140403747559,-14.932429313659668,-14.255438804626465,-14.294044494628906,-15.081387519836426,-15.605636596679688,-15.827066421508789,-15.330646514892578,-14.74317741394043,-15.718528747558594,-18.001983642578125,-19.556636810302734,-20.209129333496094,-21.421056747436523,-22.821683883666992,-23.814022064208984,-24.10695457458496,-23.140867233276367,-21.516618728637695,-20.30474853515625,-20.559335708618164,-21.989459991455078,-22.389995574951172,-19.79456329345703,-16.46366310119629,-14.578773498535156,-15.43008804321289,-17.338159561157227,-16.106889724731445,-14.709354400634766,-13.932194709777832,-13.621091842651367,-13.715063095092773,-13.2739896774292,-11.337831497192383,-9.072135925292969,-10.423001289367676,-12.049731254577637,-9.184534072875977,-7.573598861694336
-12.129777908325195,-11.540358543395996,-11.680397987365723,-12.837606430053711,-14.451128959655762,-15.125831604003906,-14.803399085998535,-14.757637023925781,-15.123841285705566,-15.326786041259766,-15.006747245788574,-14.289809226989746,-14.656539916992188,-16.852582931518555,-19.155107498168945,-20.282201766967773,-21.180849075317383,-22.370973587036133,-23.566783905029297,-24.639427185058594,-25.232770919799805,-24.498441696166992,-22.789796829223633,-20.811126708984375,-19.75929832458496,-20.524816513061523,-21.656360626220703,-20.858367919921875,-18.612869262695312,-17.469797134399414,-18.32830238342285,-18.50193214416504,-16.91591453552246,-14.976889610290527,-13.258283615112305,-12.26931381225586,-12.247699737548828,-11.949628829956055,-10.791670799255371,-12.00161361694336,-17.091869354248047,-17.159503936767578,-8.359951972961426,-5.69338846206665
-12.410928726196289,-11.687261581420898,-11.344640731811523,-11.678417205810547,-12.765042304992676,-13.855892181396484,-14.136138916015625,-14.314581871032715,-14.691509246826172,-14.900289535522461,-14.61674976348877,-14.379751205444336,-15.599437713623047,-18.028135299682617,-19.756912231445312,-20.62150001525879,-21.58868980407715,-22.3135929107666,-23.173818588256836,-24.40652084350586,-25.257728576660156,-25.213972091674805,-24.295944213867188,-22.360754013061523,-20.386062622070312,-19.709836959838867,-19.985214233398438,-20.110313415527344,-20.222457885742188,-20.624576568603516,-20.6096248626709,-19.415283203125,-17.427682876586914,-15.436527252197266,-13.641966819763184,-12.373294830322266,-12.057689666748047,-12.056292533874512,-11.705938339233398,-13.231915473937988,-17.326616287231445,-17.53083610534668,-13.785018920898438,-11.809612274169922
-13.242874145507812,-12.919626235961914,-12.537419319152832,-12.119833946228027,-12.075813293457031,-12.430841445922852,-12.540214538574219,-12.70109748840332,-13.351933479309082,-13.730310440063477,-13.674365997314453,-14.54497241973877,-16.710168838500977,-18.959964752197266,-20.15855598449707,-20.52379608154297,-20.69733238220215,-21.039323806762695,-21.852476119995117,-22.979808807373047,-23.973697662353516,-24.490522384643555,-23.410110473632812,-20.336000442504883,-19.762435913085938,-22.22308349609375,-22.95447540283203,-23.742977142333984,-24.365089416503906,-24.05422019958496,-22.70172691345215,-20.057485580444336,-17.22450065612793,-15.754531860351562,-15.109580039978027,-14.445791244506836,-13.992522239685059,-13.799872398376465,-13.652284622192383,-13.98469352722168,-15.411569595336914,-16.662609100341797,-16.79584312438965,-16.313430786132812
-14.263812065124512,-13.98353099822998,-13.528090476989746,-12.819533348083496,-12.231006622314453,-12.298852920532227,-12.377885818481445,-12.053285598754883,-12.04078197479248,-12.355305671691895,-12.924816131591797,-14.567258834838867,-17.224557876586914,-19.460376739501953,-20.40205192565918,-20.244441986083984,-19.451997756958008,-19.161651611328125,-19.85761833190918,-21.071842193603516,-22.520801544189453,-23.171432495117188,-20.007108688354492,-15.582762718200684,-17.334007263183594,-24.328514099121094,-26.221601486206055,-26.481904983520508,-26.439943313598633,-25.27568244934082,-23.31141471862793,-19.053966522216797,-14.81649112701416,-14.076189041137695,-15.87621784210205,-16.556371688842773,-16.492992401123047,-15.788762092590332,-14.778703689575195,-14.488465309143066,-15.038443565368652,-15.826608657836914,-16.815200805664062,-17.735212326049805
-14.85577392578125,-14.458441734313965,-13.865249633789062,-13.009411811828613,-12.167332649230957,-11.992517471313477,-12.139057159423828,-12.061654090881348,-11.700576782226562,-11.756292343139648,-12.850481033325195,-14.899175643920898,-17.28105926513672,-19.34164810180664,-20.289480209350586,-19.998376846313477,-18.9148006439209,-18.040090560913086,-18.058252334594727,-18.875591278076172,-20.352535247802734,-21.457761764526367,-19.100656509399414,-14.990623474121094,-15.692973136901855,-22.903728485107422,-25.739389419555664,-24.880308151245117,-25.229909896850586,-24.510910034179688,-21.909711837768555,-17.430299758911133,-13.70940113067627,-11.462105751037598,-14.818451881408691,-17.464570999145508,-17.57115364074707,-17.549732208251953,-16.33595848083496,-15.685835838317871,-14.973542213439941,-14.656941413879395,-16.024341583251953,-17.262348175048828
-14.963899612426758,-14.348974227905273,-13.745423316955566,-13.016215324401855,-12.261160850524902,-11.670724868774414,-11.042098999023438,-11.05826473236084,-11.65009593963623,-12.044581413269043,-12.943989753723145,-14.968008041381836,-16.815486907958984,-18.61763572692871,-20.02785873413086,-20.107694625854492,-19.126667022705078,-18.016996383666992,-17.793725967407227,-18.48497772216797,-19.764562606811523,-20.81087303161621,-20.211021423339844,-17.89113426208496,-17.710050582885742,-21.56794548034668,-23.003665924072266,-21.990163803100586,-22.316041946411133,-22.746414184570312,-22.04634666442871,-20.0559024810791,-16.498714447021484,-12.980201721191406,-13.732013702392578,-16.988595962524414,-17.71451759338379,-18.60369873046875,-17.95686149597168,-14.903860092163086,-12.065055847167969,-11.798028945922852,-14.62217903137207,-16.248876571655273
-15.017229080200195,-14.177083015441895,-13.59546184539795,-13.1859769821167,-12.762751579284668,-12.263957023620605,-11.589726448059082,-10.97429370880127,-11.619067192077637,-11.972219467163086,-12.619942665100098,-14.133185386657715,-15.712613105773926,-17.509492874145508,-19.430295944213867,-20.192638397216797,-19.523283004760742,-18.499204635620117,-18.179338455200195,-18.44446563720703,-19.2926082611084,-20.56159210205078,-21.207372665405273,-20.354095458984375,-19.50246810913086,-19.886505126953125,-19.892221450805664,-18.505369186401367,-18.983591079711914,-21.810949325561523,-22.509628295898438,-19.888019561767578,-15.890891075134277,-12.844816207885742,-13.37403678894043,-16.06203269958496,-16.926250457763672,-17.420560836791992,-17.12036895751953,-13.311397552490234,-9.552289009094238,-10.680817604064941,-14.202120780944824,-15.660049438476562
-15.143999099731445,-14.108990669250488,-13.50687026977539,-13.40662670135498,-13.213940620422363,-13.046939849853516,-13.3485689163208,-12.7487211227417,-12.544267654418945,-11.81945514678955,-11.982084274291992,-13.019542694091797,-14.541725158691406,-16.27157974243164,-18.318096160888672,-19.52009391784668,-19.36675453186035,-19.073383331298828,-19.229873657226562,-19.393085479736328,-19.486265182495117,-19.89558219909668,-20.856151580810547,-21.360170364379883,-20.429922103881836,-19.08213233947754,-17.01605987548828,-13.792914390563965,-11.871262550354004,-16.457670211791992,-20.912559509277344,-20.07030487060547,-15.78863525390625,-11.745726585388184,-11.5877046585083,-13.958939552307129,-15.505127906799316,-15.304852485656738,-14.47938346862793,-12.20751953125,-9.792261123657227,-10.810673713684082,-13.770634651184082,-16.00419044494629
-15.139548301696777,-14.180232048034668,-13.170035362243652,-12.987329483032227,-13.158350944519043,-13.194575309753418,-13.694571495056152,-13.934021949768066,-13.119341850280762,-12.228192329406738,-11.912673950195312,-12.23595905303955,-13.34588623046875,-14.759405136108398,-16.407012939453125,-17.787439346313477,-18.23845863342285,-18.54863929748535,-19.128559112548828,-19.544450759887695,-19.394258499145508,-18.68151092529297,-18.022212982177734,-17.977033615112305,-17.83970832824707,-17.25507926940918,-16.730491638183594,-14.828701972961426,-13.33204460144043,-12.988852500915527,-18.944076538085938,-21.619325637817383,-16.8465633392334,-11.52386474609375,-9.584488868713379,-11.345250129699707,-13.613706588745117,-13.981219291687012,-13.016950607299805,-12.06144905090332,-11.371261596679688,-11.498040199279785,-12.890669822692871,-14.718417167663574
