data/wind_data/wind_33_2.json
{"header": {"parameterUnit": "KT", "parameterCategory": 2, "nx": 256, "ny": 198, "lo1": 44.73521041870117, "la1": -3.236724853515625, "lo2": 111.26478576660156, "la2": 43.468475341796875, "dx": 0.2609002888202667, "dy": -0.23708222806453705, "refTime": "2025-02-20 09:00:00", "forecastTime": 0, "parameterNumber": 2, "parameterNumberName": "eastward_wind"}, "data":
[rows 76 to 94 of 198, columns 43 to 85 of 256]
-3.3983211517333984,-3.982823610305786,-4.692603588104248,-5.347629547119141,-5.856137275695801,-6.219451427459717,-6.548076629638672,-6.897313594818115,-7.315159797668457,-7.794590473175049,-8.251911163330078,-8.588607788085938,-8.77357292175293,-8.861875534057617,-8.940618515014648,-9.030496597290039,-9.054765701293945,-8.952466011047363,-8.71037769317627,-8.386392593383789,-8.093355178833008,-7.887296676635742,-7.79799222946167,-7.798743724822998,-7.796483993530273,-7.72927713394165,-7.619853496551514,-7.5453691482543945,-7.563897132873535,-7.681997776031494,-7.885334491729736,-8.113046646118164,-8.277339935302734,-8.363372802734375,-8.37609577178955,-8.320903778076172,-8.193449020385742,-8.001502990722656,-7.889767646789551,-7.906198978424072,-7.975322723388672,-8.145323753356934,-8.427301406860352
-2.9715747833251953,-3.5614936351776123,-4.2520294189453125,-4.932803630828857,-5.451059818267822,-5.858647346496582,-6.255654811859131,-6.689054012298584,-7.117491722106934,-7.4821953773498535,-7.751328468322754,-7.945723533630371,-8.100578308105469,-8.241113662719727,-8.363651275634766,-8.45936107635498,-8.499717712402344,-8.442975044250488,-8.24086856842041,-7.899901390075684,-7.515291213989258,-7.196544170379639,-7.016775608062744,-6.9582953453063965,-6.9332594871521,-6.903091907501221,-6.877820014953613,-6.8920464515686035,-6.982715129852295,-7.159928798675537,-7.403550148010254,-7.645157814025879,-7.808684825897217,-7.845452785491943,-7.717774868011475,-7.48233699798584,-7.268610000610352,-7.130828380584717,-7.108513832092285,-7.232482433319092,-7.425070762634277,-7.619411468505859,-7.832255840301514
-2.5669031143188477,-3.2368385791778564,-3.9581310749053955,-4.536715984344482,-5.093556880950928,-5.515434265136719,-5.9917988777160645,-6.538175582885742,-6.998095989227295,-7.253615379333496,-7.3314714431762695,-7.371890544891357,-7.4704203605651855,-7.586993217468262,-7.6622538566589355,-7.691466808319092,-7.703353404998779,-7.7238664627075195,-7.7030110359191895,-7.535252571105957,-7.211637496948242,-6.849338531494141,-6.565591812133789,-6.371732234954834,-6.271408557891846,-6.2395548820495605,-6.254813194274902,-6.325868606567383,-6.46601676940918,-6.702090263366699,-6.995877742767334,-7.257593154907227,-7.406395435333252,-7.36404275894165,-7.097978115081787,-6.731656074523926,-6.446642875671387,-6.313297748565674,-6.365002155303955,-6.598628520965576,-6.886051177978516,-7.147464275360107,-7.3416948318481445
-2.3233869075775146,-2.836054563522339,-3.4195306301116943,-4.208916187286377,-4.670948505401611,-5.139845848083496,-5.702169418334961,-6.358623504638672,-6.868740558624268,-7.048779487609863,-6.969683647155762,-6.867856025695801,-6.873055458068848,-6.918210983276367,-6.9254021644592285,-6.895852088928223,-6.879343032836914,-6.937504291534424,-7.061133861541748,-7.100464820861816,-6.965795993804932,-6.7056732177734375,-6.40211820602417,-6.101848125457764,-5.893729209899902,-5.808501720428467,-5.800169944763184,-5.821597099304199,-5.884727478027344,-6.082571506500244,-6.404812812805176,-6.735300540924072,-6.937463283538818,-6.878871440887451,-6.536588191986084,-6.079366683959961,-5.743932723999023,-5.637135028839111,-5.741732597351074,-6.0137104988098145,-6.364295482635498,-6.696377754211426,-6.905359268188477
-2.030724048614502,-2.2842471599578857,-2.816877841949463,-3.4688546657562256,-4.216911315917969,-4.765244483947754,-5.4192657470703125,-6.148670196533203,-6.671278476715088,-6.771066665649414,-6.5781755447387695,-6.35273551940918,-6.255537033081055,-6.228063583374023,-6.199381351470947,-6.1934051513671875,-6.240476131439209,-6.362514019012451,-6.531172752380371,-6.664703845977783,-6.692008018493652,-6.589013576507568,-6.351945400238037,-6.049479007720947,-5.812081813812256,-5.683065414428711,-5.597675323486328,-5.480098247528076,-5.36765718460083,-5.419163227081299,-5.67867374420166,-6.024357795715332,-6.272727012634277,-6.242812633514404,-5.914071559906006,-5.456173896789551,-5.101711273193359,-4.994977951049805,-5.168371677398682,-5.539683818817139,-5.966562271118164,-6.309215545654297,-6.492318630218506
-1.7389447689056396,-1.7445752620697021,-2.299755334854126,-2.975609540939331,-3.716900587081909,-4.472250461578369,-5.229490280151367,-5.991002082824707,-6.457170486450195,-6.453811168670654,-6.1451215744018555,-5.80933952331543,-5.622129917144775,-5.555792331695557,-5.553327560424805,-5.628750324249268,-5.798336505889893,-6.023795127868652,-6.227797985076904,-6.377296447753906,-6.459789752960205,-6.446902275085449,-6.298448085784912,-6.079532623291016,-5.917503833770752,-5.8327202796936035,-5.7309980392456055,-5.541795253753662,-5.336025238037109,-5.2744460105896,-5.370176792144775,-5.5123796463012695,-5.583380222320557,-5.489019870758057,-5.198632717132568,-4.792282581329346,-4.454286098480225,-4.3913493156433105,-4.662862300872803,-5.136723041534424,-5.639592170715332,-5.997620582580566,-6.141656875610352
-2.979832410812378,-2.6073427200317383,-1.3488404750823975,-2.6767184734344482,-3.5112810134887695,-4.307743549346924,-5.122704029083252,-5.859771728515625,-6.2970499992370605,-6.193512916564941,-5.749502182006836,-5.292699813842773,-5.024453163146973,-4.967127799987793,-5.052205562591553,-5.226133823394775,-5.49581241607666,-5.802218914031982,-6.0351362228393555,-6.165765285491943,-6.228518486022949,-6.225003719329834,-6.143798351287842,-6.057858943939209,-6.030852317810059,-6.047674655914307,-6.013333320617676,-5.880626201629639,-5.758504867553711,-5.6958327293396,-5.603847980499268,-5.431556701660156,-5.198132038116455,-4.915462017059326,-4.564228057861328,-4.187694072723389,-3.9109811782836914,-3.8968656063079834,-4.209372520446777,-4.722087383270264,-5.2526326179504395,-5.598401069641113,-5.70955753326416
-4.91171407699585,-1.9985380172729492,0.8958433866500854,-1.6193671226501465,-3.3788843154907227,-4.146083354949951,-4.938713073730469,-5.700210094451904,-6.037373065948486,-5.901710510253906,-5.378833770751953,-4.879430294036865,-4.606479644775391,-4.580949783325195,-4.720582485198975,-4.952014446258545,-5.256455898284912,-5.589479446411133,-5.825009822845459,-5.924878120422363,-5.929433345794678,-5.908771991729736,-5.917111873626709,-5.990445613861084,-6.092759609222412,-6.140512466430664,-6.119948863983154,-6.070945739746094,-6.075100421905518,-6.092146873474121,-5.936807155609131,-5.55518913269043,-5.068691730499268,-4.583508491516113,-4.141948223114014,-3.8057212829589844,-3.6166605949401855,-3.6138131618499756,-3.8343615531921387,-4.231190204620361,-4.65839147567749,-4.907869815826416,-4.967098712921143
-2.6051738262176514,-2.6243271827697754,-1.6656396389007568,0.18478135764598846,-3.372095823287964,-4.110924243927002,-4.814249515533447,-5.342598915100098,-5.629812240600586,-5.398596286773682,-4.930476665496826,-4.562077522277832,-4.419719696044922,-4.450407028198242,-4.568264484405518,-4.743201732635498,-4.974497318267822,-5.241252899169922,-5.452466011047363,-5.560111999511719,-5.572206020355225,-5.571061611175537,-5.639070510864258,-5.7905473709106445,-5.964530944824219,-6.043017387390137,-6.025087833404541,-6.000842571258545,-6.010973930358887,-6.004461288452148,-5.8574910163879395,-5.507983207702637,-5.006598472595215,-4.466799736022949,-4.009641647338867,-3.7269527912139893,-3.5930638313293457,-3.563983678817749,-3.6569366455078125,-3.895742654800415,-4.129830360412598,-4.170716762542725,-4.07679557800293
-2.7134056091308594,-3.989882707595825,-3.8657732009887695,-0.33875417709350586,-3.62040376663208,-4.235899448394775,-4.604076385498047,-5.007500648498535,-4.999514579772949,-4.7698469161987305,-4.447824001312256,-4.330605983734131,-4.368154048919678,-4.44373893737793,-4.497371196746826,-4.530409336090088,-4.603546619415283,-4.751096248626709,-4.916911602020264,-5.0288567543029785,-5.093968868255615,-5.153250694274902,-5.2624921798706055,-5.417845726013184,-5.559942245483398,-5.626839637756348,-5.640521049499512,-5.654391288757324,-5.634751796722412,-5.5652031898498535,-5.456895351409912,-5.266876697540283,-4.944177627563477,-4.53463077545166,-4.162320137023926,-3.9003307819366455,-3.7098333835601807,-3.573956251144409,-3.58076548576355,-3.7429299354553223,-3.8540639877319336,-3.738969087600708,-3.4876601696014404
-3.1191041469573975,-4.411149978637695,-3.549221992492676,-1.1310245990753174,-4.435787677764893,-5.233303070068359,-4.696469306945801,-4.674106597900391,-4.393804550170898,-4.095641613006592,-4.017751693725586,-4.172693252563477,-4.367351055145264,-4.450212001800537,-4.401615142822266,-4.310095310211182,-4.303394794464111,-4.407043933868408,-4.527430057525635,-4.581510066986084,-4.602466106414795,-4.6288065910339355,-4.6998772621154785,-4.806509971618652,-4.900299549102783,-4.9627203941345215,-5.031685829162598,-5.106513500213623,-5.106712818145752,-5.051638603210449,-5.01011848449707,-4.974548816680908,-4.867332458496094,-4.6484198570251465,-4.353888988494873,-4.043374061584473,-3.7175025939941406,-3.4426424503326416,-3.3832058906555176,-3.4911794662475586,-3.516249656677246,-3.341966152191162,-3.0511727333068848
-3.228254556655884,-3.806797981262207,-3.379727602005005,-3.0170400142669678,-4.263577461242676,-2.6635875701904297,-1.8762212991714478,-3.9362576007843018,-3.8706483840942383,-3.5861549377441406,-3.782519817352295,-4.164079189300537,-4.387348651885986,-4.378981590270996,-4.223608016967773,-4.128401756286621,-4.211723804473877,-4.367193222045898,-4.408921241760254,-4.33509635925293,-4.220102310180664,-4.1230692863464355,-4.078486442565918,-4.1145219802856445,-4.189263820648193,-4.261221885681152,-4.331339359283447,-4.399502754211426,-4.4321393966674805,-4.4538140296936035,-4.517619609832764,-4.613596439361572,-4.675260066986084,-4.599145889282227,-4.35107421875,-3.9788641929626465,-3.536252975463867,-3.160240650177002,-3.0119194984436035,-2.995919942855835,-2.9334957599639893,-2.7638940811157227,-2.524553060531616
-3.058725357055664,-2.9750823974609375,-2.661953926086426,-2.823329448699951,-2.4778687953948975,-3.255892038345337,-2.818739175796509,-1.620141625404358,-3.5063722133636475,-3.4242095947265625,-3.8039097785949707,-4.228696823120117,-4.362551689147949,-4.169552803039551,-3.9232423305511475,-3.909231185913086,-4.175969123840332,-4.450220108032227,-4.44525146484375,-4.243679523468018,-3.9893665313720703,-3.7471415996551514,-3.581538677215576,-3.5537490844726562,-3.6140084266662598,-3.6578028202056885,-3.627875566482544,-3.5949649810791016,-3.6303205490112305,-3.734196901321411,-3.8905417919158936,-4.0709547996521,-4.21862268447876,-4.220439434051514,-4.021995544433594,-3.6489882469177246,-3.1611692905426025,-2.749356985092163,-2.4977264404296875,-2.308703899383545,-2.154904365539551,-2.0113468170166016,-1.878164529800415
-2.3929529190063477,-2.102158784866333,-1.7036676406860352,-1.8600826263427734,-2.1648483276367188,-4.583042144775391,-3.31500506401062,0.344228059053421,-3.0685017108917236,-3.382612943649292,-3.790947198867798,-4.266523361206055,-4.230780601501465,-3.840470790863037,-3.4812350273132324,-3.494335174560547,-3.933833360671997,-4.3454179763793945,-4.350121021270752,-4.110264301300049,-3.824960231781006,-3.5292365550994873,-3.3275671005249023,-3.2537405490875244,-3.23677659034729,-3.1449344158172607,-2.9601571559906006,-2.791954517364502,-2.7445201873779297,-2.8316338062286377,-2.996279001235962,-3.1834065914154053,-3.335517406463623,-3.3870737552642822,-3.3296327590942383,-3.0954713821411133,-2.6450612545013428,-2.1480519771575928,-1.7336937189102173,-1.4084936380386353,-1.2305529117584229,-1.1409064531326294,-1.1318172216415405
-1.4030731916427612,-1.230437994003296,-0.9687499403953552,-1.5992759466171265,-2.581866979598999,-4.932446002960205,-2.9260621070861816,1.1933486461639404,-2.549130439758301,-3.035851001739502,-3.6541929244995117,-3.925260066986084,-3.7684412002563477,-3.2704477310180664,-2.8333003520965576,-2.843447208404541,-3.394571542739868,-3.9060776233673096,-3.921299934387207,-3.683903455734253,-3.4831597805023193,-3.3430495262145996,-3.2675352096557617,-3.1822092533111572,-3.02028751373291,-2.7621097564697266,-2.448310136795044,-2.1491036415100098,-1.9541375637054443,-1.9026951789855957,-1.9628713130950928,-2.055835723876953,-2.115744113922119,-2.147675037384033,-2.2407891750335693,-2.261970281600952,-2.0089051723480225,-1.4637621641159058,-0.8336377143859863,-0.34598222374916077,-0.13176749646663666,-0.11799692362546921,-0.16640685498714447
-0.11104582250118256,-0.8713293075561523,-0.8724731206893921,-1.7874674797058105,-2.3659136295318604,-4.72942590713501,-2.0134427547454834,1.4690474271774292,-1.5785611867904663,-2.6278982162475586,-3.32006573677063,-3.315288543701172,-3.0886471271514893,-2.53273606300354,-2.1260108947753906,-2.1623692512512207,-2.7333436012268066,-3.2363226413726807,-3.21348237991333,-2.984649658203125,-2.9154202938079834,-3.046736478805542,-3.1383063793182373,-3.0087225437164307,-2.7358222007751465,-2.4475629329681396,-2.1561009883880615,-1.8562475442886353,-1.5670040845870972,-1.3155208826065063,-1.1257985830307007,-0.978941023349762,-0.8654967546463013,-0.8661348819732666,-1.0410172939300537,-1.2473000288009644,-1.2134532928466797,-0.7786092758178711,-0.08919091522693634,0.5540769100189209,0.9145025014877319,1.052166223526001,1.1433870792388916
0.4659322500228882,-0.23128388822078705,-0.6864519715309143,-1.3726181983947754,-2.6354289054870605,-3.9627065658569336,-3.102323055267334,0.8469362854957581,-1.4545729160308838,-3.293724775314331,0.16026028990745544,-2.773347854614258,-2.502675771713257,-1.980828881263733,-1.5771958827972412,-1.6116271018981934,-2.1185712814331055,-2.5153284072875977,-2.461134195327759,-2.298962116241455,-2.364859104156494,-2.6627984046936035,-2.8344104290008545,-2.678820848464966,-2.4266653060913086,-2.1989786624908447,-1.986271619796753,-1.7266297340393066,-1.3942829370498657,-0.9738091230392456,-0.5394870042800903,-0.15317857265472412,0.11193796247243881,0.1560337245464325,-0.05129063501954079,-0.3305782377719879,-0.3735138475894928,-0.07281048595905304,0.4348902702331543,1.024519920349121,1.5546069145202637,2.0306625366210938,2.425644636154175
0.9966118335723877,0.2451704889535904,-0.2149273157119751,-1.3761886358261108,-2.6667792797088623,-2.7246029376983643,-3.8636531829833984,-1.4864778518676758,0.08597461879253387,-3.010270357131958,2.03975248336792,-1.4534258842468262,-1.8898277282714844,-1.64205002784729,-1.297927737236023,-1.3414299488067627,-1.6752671003341675,-1.8942140340805054,-1.8452717065811157,-1.7923096418380737,-1.958437204360962,-2.3690059185028076,-2.580078125,-2.4086532592773438,-2.113333225250244,-1.7896403074264526,-1.5001459121704102,-1.220592975616455,-0.8506422638893127,-0.31277671456336975,0.23812979459762573,0.6520000100135803,0.8749537467956543,0.8425865769386292,0.5895301699638367,0.3517393171787262,0.35781756043434143,0.551263153553009,0.7752811908721924,1.0082801580429077,1.4363008737564087,2.1315104961395264,2.87750244140625
1.1668267250061035,0.44192883372306824,-0.1533694714307785,-1.3727097511291504,-2.201127529144287,-2.224973201751709,-2.967100143432617,-2.824805974960327,-1.5156270265579224,-3.3189868927001953,0.3553334176540375,1.0221612453460693,-0.653185248374939,-1.0303629636764526,-1.0696463584899902,-1.077183485031128,-1.1666347980499268,-1.2091729640960693,-1.2144070863723755,-1.3017246723175049,-1.5956885814666748,-2.0436010360717773,-2.2729804515838623,-2.0292444229125977,-1.5240367650985718,-0.9953815937042236,-0.6324403882026672,-0.4162485599517822,-0.07718472182750702,0.4670519232749939,0.9038140177726746,1.187491774559021,1.3345749378204346,1.2152276039123535,0.8526638746261597,0.5796390175819397,0.5812348127365112,0.7004650831222534,0.749004065990448,0.7450649738311768,1.006310224533081,1.6910685300827026,2.6013357639312744
