data/wind_data/wind_43_6.json
{"header": {"parameterUnit": "KT", "parameterCategory": 2, "nx": 256, "ny": 198, "lo1": 44.73521041870117, "la1": -3.236724853515625, "lo2": 111.26478576660156, "la2": 43.468475341796875, "dx": 0.2609002888202667, "dy": -0.23708222806453705, "refTime": "2025-02-20 19:00:00", "forecastTime": 0, "parameterNumber": 2, "parameterNumberName": "eastward_wind"}, "data":
[rows 0 to 19 of 198, columns 176 to 219 of 256]
3.1409308910369873,2.585953950881958,3.463630199432373,5.05925178527832,7.105560302734375,9.101768493652344,10.547660827636719,11.220602989196777,10.727964401245117,9.707393646240234,8.213235855102539,7.139926433563232,6.766173839569092,6.615283966064453,6.606359481811523,8.050052642822266,10.808855056762695,9.956294059753418,6.227017879486084,3.3188300132751465,0.7980285286903381,-1.388948917388916,-3.3470470905303955,-5.378110408782959,-7.226310729980469,-8.667657852172852,-9.533178329467773,-9.38830280303955,-8.998093605041504,-8.720414161682129,-8.752973556518555,-9.38310432434082,-9.700536727905273,-9.454360961914062,-9.121326446533203,-8.732234954833984,-8.700834274291992,-8.984061241149902,-8.118820190429688,-6.36630916595459,-5.025534152984619,-4.086531162261963,-4.3775200843811035,-5.137535572052002
8.054069519042969,7.009856224060059,6.463254928588867,6.227600574493408,6.8802080154418945,7.850013256072998,9.732112884521484,11.573002815246582,11.973612785339355,10.954031944274902,8.520931243896484,7.391244888305664,8.328408241271973,8.309826850891113,6.618387222290039,7.608312606811523,11.390504837036133,11.934309005737305,8.74113941192627,5.186952590942383,2.3965954780578613,1.2362369298934937,0.05328156799077988,-2.983957529067993,-6.40118932723999,-7.978797912597656,-8.406003952026367,-7.447194576263428,-6.357280731201172,-6.068147659301758,-6.303340435028076,-7.167527675628662,-8.080574989318848,-9.045763969421387,-9.863764762878418,-10.008639335632324,-9.507787704467773,-8.737857818603516,-7.414490699768066,-5.5858001708984375,-4.13651180267334,-3.177204132080078,-2.810824155807495,-2.386838912963867
7.3389506340026855,8.06132984161377,8.012894630432129,7.575442790985107,7.135116100311279,6.732666969299316,7.167603015899658,8.414298057556152,10.490870475769043,11.032285690307617,8.400282859802246,7.343737602233887,8.649883270263672,9.138619422912598,7.8333282470703125,8.035348892211914,9.981837272644043,10.879767417907715,10.436010360717773,8.803823471069336,6.574851036071777,4.802961826324463,2.521182060241699,-0.4974554777145386,-3.5264570713043213,-4.724825859069824,-5.1497578620910645,-5.015974998474121,-4.670790195465088,-4.551750183105469,-4.538776874542236,-4.788756847381592,-5.869584560394287,-8.227258682250977,-9.606353759765625,-9.219219207763672,-8.03937816619873,-6.608054161071777,-5.440587520599365,-4.6500959396362305,-4.206855297088623,-3.8721120357513428,-2.5490472316741943,-1.125368356704712
4.9219560623168945,6.314979076385498,6.830263614654541,6.534267902374268,5.462538719177246,4.619388103485107,4.079250812530518,4.3984055519104,6.9316630363464355,9.020740509033203,8.245770454406738,7.369965076446533,7.995034217834473,9.088940620422363,8.694562911987305,7.922730922698975,8.153486251831055,9.41015338897705,10.728492736816406,10.50903034210205,9.166213035583496,7.006211280822754,3.7417399883270264,0.9909152388572693,-0.8407837152481079,-1.6719337701797485,-2.22672438621521,-2.9639923572540283,-3.583400011062622,-3.6197381019592285,-3.3831722736358643,-3.5562567710876465,-4.855170726776123,-7.464781284332275,-8.697665214538574,-8.052079200744629,-6.6627607345581055,-4.886064529418945,-4.066822528839111,-3.5619137287139893,-1.8867379426956177,-1.3599505424499512,-1.1305253505706787,-0.23706358671188354
-0.5313187837600708,0.2817458212375641,1.3324012756347656,-0.5493992567062378,-3.901684522628784,-4.283143043518066,-3.7427632808685303,-1.2076653242111206,0.9974706768989563,2.215883255004883,3.03896427154541,5.804981231689453,6.3812456130981445,6.450345039367676,7.188794136047363,7.252315521240234,7.487217903137207,8.039631843566895,8.051593780517578,8.366236686706543,7.926254749298096,4.749263763427734,2.0934484004974365,-1.4455020427703857,-3.734179973602295,-2.328871011734009,-2.9074442386627197,-2.605417251586914,-1.1547727584838867,-2.7648377418518066,-2.643542766571045,-2.4856064319610596,-2.7469828128814697,-2.6698081493377686,-3.1049976348876953,-6.8115315437316895,-6.986074447631836,-6.416348934173584,-5.930539131164551,-4.29452657699585,3.161350727081299,3.453542709350586,2.2729532718658447,0.5254068970680237
1.523037314414978,1.0103766918182373,1.2066506147384644,-2.441920042037964,-3.3878321647644043,-4.917986869812012,-2.7690446376800537,-3.211270570755005,-2.4347143173217773,-1.965066909790039,-0.13736401498317719,1.687117576599121,2.7013657093048096,3.2800986766815186,3.965156078338623,3.72926664352417,4.037176132202148,5.879766941070557,6.458763599395752,4.716394901275635,0.9079634547233582,-2.216301918029785,-1.4248274564743042,-3.04587459564209,-5.74167537689209,-7.262571811676025,-6.742604732513428,-1.5930229425430298,-1.9945242404937744,-4.667972564697266,-3.920597791671753,-2.6997358798980713,-2.9223663806915283,-2.7341878414154053,-5.067854404449463,-6.152886867523193,-6.872251987457275,-7.6417059898376465,-6.690518856048584,-6.440786361694336,0.23649460077285767,-0.29789069294929504,-2.2786593437194824,-4.840285778045654
-1.123113989830017,-1.8983675241470337,-2.8903427124023438,-5.706597328186035,-6.436645984649658,-6.598549842834473,-7.217111110687256,-6.179960250854492,-4.679216384887695,-3.768181085586548,-2.3694963455200195,-1.349061369895935,1.4738138914108276,1.7749947309494019,2.6673500537872314,1.9460409879684448,2.719869613647461,3.346705913543701,-0.28068360686302185,-1.535179615020752,-3.8965797424316406,-5.423117160797119,-4.40049934387207,-4.236324310302734,-5.334584712982178,-5.732884407043457,-2.098443031311035,2.420297622680664,-6.493935585021973,-8.731924057006836,-6.897762775421143,-5.749549865722656,-5.811506271362305,-5.992972373962402,-7.064670562744141,-7.091864585876465,-5.6562418937683105,-4.001256465911865,-3.4822838306427,-1.7872302532196045,1.6615310907363892,1.8446602821350098,1.2403626441955566,-6.662581920623779
-3.167738199234009,-4.086129665374756,-4.987085342407227,-5.923934459686279,-6.820337295532227,-7.9074482917785645,-9.323577880859375,-8.80581283569336,-6.721150875091553,-5.78857946395874,-4.680677890777588,-2.227522373199463,0.912891685962677,1.6747628450393677,1.9570399522781372,-0.7923325300216675,-3.2992894649505615,-4.435110092163086,-4.922145366668701,-3.9552669525146484,-5.747051239013672,-7.819067001342773,-6.4431681632995605,-3.9369699954986572,-2.848841905593872,-3.0578246116638184,-3.1010873317718506,-4.57753324508667,-11.234187126159668,-10.328585624694824,-8.218974113464355,-7.6603522300720215,-7.274725914001465,-6.473280429840088,-5.116356372833252,-3.271242141723633,-2.075394868850708,-0.5797762274742126,1.1123334169387817,-4.0432562828063965,3.3837671279907227,2.796773910522461,1.0914150476455688,-5.955028057098389
-7.139278888702393,-7.1825714111328125,-6.930421352386475,-8.652318954467773,-10.59920883178711,-11.135226249694824,-11.806010246276855,-11.142131805419922,-9.919880867004395,-8.802356719970703,-7.66589879989624,-5.364020347595215,-2.615933418273926,-0.6516657471656799,-2.140969753265381,-7.601069927215576,-8.905476570129395,-7.550226211547852,-6.179872512817383,-6.169788360595703,-8.163960456848145,-9.174467086791992,-7.893974781036377,-5.848745822906494,-5.721393585205078,-8.758728981018066,-11.478412628173828,-12.142282485961914,-12.205032348632812,-10.17705249786377,-8.442228317260742,-7.861137866973877,-7.590845108032227,-6.732597827911377,-4.500895023345947,-2.8497233390808105,-7.959630489349365,-12.062835693359375,-9.677486419677734,-7.314720630645752,-2.3526902198791504,2.0915186405181885,-2.2764804363250732,-7.727945804595947
-10.037487983703613,-9.079483032226562,-8.591384887695312,-9.679221153259277,-11.524334907531738,-12.209683418273926,-12.32568645477295,-12.612466812133789,-12.325212478637695,-10.849909782409668,-9.185730934143066,-7.5992255210876465,-5.456643581390381,-4.348708152770996,-8.218160629272461,-10.605478286743164,-9.905586242675781,-8.01036262512207,-7.787550449371338,-8.668808937072754,-9.482876777648926,-9.62553882598877,-9.092445373535156,-8.533447265625,-9.376351356506348,-11.7718505859375,-13.615567207336426,-12.819456100463867,-10.395804405212402,-8.122191429138184,-6.882362365722656,-6.138895034790039,-6.653841972351074,-6.8190693855285645,-6.391900539398193,-8.400099754333496,-12.482608795166016,-14.394845962524414,-12.552948951721191,-8.869771957397461,-4.110711574554443,-3.088864803314209,-9.029728889465332,-11.129117012023926
-10.545897483825684,-10.35582160949707,-10.801024436950684,-12.017109870910645,-13.17499828338623,-13.401883125305176,-13.129928588867188,-12.881452560424805,-12.423376083374023,-11.321588516235352,-9.698272705078125,-8.148722648620605,-7.249080657958984,-8.892956733703613,-10.982291221618652,-11.358492851257324,-10.69784164428711,-9.60634994506836,-9.884793281555176,-10.226760864257812,-10.216387748718262,-10.661386489868164,-11.214705467224121,-11.478615760803223,-11.623878479003906,-12.451350212097168,-13.051430702209473,-11.315152168273926,-8.04824161529541,-5.983319282531738,-5.027021884918213,-4.426086902618408,-5.397160530090332,-7.614078521728516,-11.697854995727539,-15.608610153198242,-15.235843658447266,-14.248637199401855,-12.2434720993042,-8.934028625488281,-6.521448135375977,-10.42163372039795,-14.279013633728027,-12.913542747497559
-9.300100326538086,-9.44883918762207,-11.518678665161133,-13.7401704788208,-14.029626846313477,-13.720183372497559,-14.461840629577637,-13.9799165725708,-12.088963508605957,-10.94752311706543,-10.669454574584961,-9.84594440460205,-9.934368133544922,-11.785645484924316,-12.750101089477539,-12.934699058532715,-12.646875381469727,-11.748757362365723,-11.348745346069336,-10.923133850097656,-10.940454483032227,-11.301669120788574,-11.67940902709961,-11.978032112121582,-12.213271141052246,-13.490485191345215,-13.71882438659668,-10.907341003417969,-7.913634300231934,-6.356417179107666,-5.3691487312316895,-5.1490278244018555,-7.741265296936035,-11.731903076171875,-16.688671112060547,-18.873579025268555,-16.80493927001953,-13.953767776489258,-10.815401077270508,-8.787810325622559,-10.950443267822266,-14.655471801757812,-15.169156074523926,-14.174696922302246
-8.755746841430664,-7.537542343139648,-7.911635875701904,-10.715479850769043,-12.246113777160645,-13.481912612915039,-14.251562118530273,-13.705689430236816,-12.201812744140625,-10.861778259277344,-10.977076530456543,-11.81930923461914,-12.582369804382324,-13.984238624572754,-14.544172286987305,-14.537263870239258,-14.237373352050781,-13.33208179473877,-12.241203308105469,-11.349915504455566,-10.5830659866333,-9.735940933227539,-10.852866172790527,-13.577346801757812,-14.41427993774414,-14.288454055786133,-14.691206932067871,-12.38157844543457,-10.066635131835938,-8.557944297790527,-7.1714043617248535,-7.752365589141846,-10.63471794128418,-12.389896392822266,-15.76436996459961,-18.576669692993164,-17.68815040588379,-14.911294937133789,-12.990578651428223,-12.972307205200195,-14.779653549194336,-15.48338508605957,-15.79668140411377,-16.009326934814453
-9.893732070922852,-7.609652042388916,-6.91224479675293,-9.284098625183105,-10.143207550048828,-10.837356567382812,-7.945988655090332,-5.747034072875977,-11.065473556518555,-15.052722930908203,-15.077013969421387,-13.753061294555664,-13.891005516052246,-14.895668029785156,-15.192657470703125,-15.517849922180176,-15.341224670410156,-14.47862434387207,-13.482011795043945,-12.636957168579102,-11.087092399597168,-9.560733795166016,-11.702818870544434,-14.924798011779785,-15.730228424072266,-15.153868675231934,-14.624467849731445,-13.091540336608887,-11.50374984741211,-10.414066314697266,-9.952447891235352,-11.179267883300781,-12.747978210449219,-12.24533748626709,-13.613214492797852,-16.84697151184082,-18.31400489807129,-17.30599594116211,-16.833913803100586,-17.309778213500977,-17.163223266601562,-17.063793182373047,-17.550783157348633,-17.421178817749023
-11.822985649108887,-9.5443754196167,-9.37026596069336,-10.982596397399902,-11.393560409545898,-11.761979103088379,-11.203980445861816,-11.124653816223145,-14.93186092376709,-17.797006607055664,-18.126792907714844,-15.5436429977417,-14.477852821350098,-14.616338729858398,-15.544692039489746,-15.976882934570312,-15.820810317993164,-15.223064422607422,-14.890820503234863,-14.499375343322754,-12.588204383850098,-10.643604278564453,-12.398425102233887,-14.834175109863281,-15.341353416442871,-14.20175838470459,-12.99098014831543,-12.46060848236084,-12.742147445678711,-13.253754615783691,-13.699830055236816,-14.015083312988281,-12.676119804382324,-11.894959449768066,-14.679587364196777,-18.537683486938477,-19.726533889770508,-19.30266571044922,-19.300016403198242,-19.298778533935547,-19.173789978027344,-18.71877098083496,-18.13677215576172,-17.5664005279541
-11.141395568847656,-9.585428237915039,-10.791255950927734,-11.745107650756836,-11.509003639221191,-10.694936752319336,-10.258646011352539,-9.821709632873535,-13.948041915893555,-18.36960220336914,-19.01377296447754,-17.334442138671875,-15.222162246704102,-14.841779708862305,-15.473624229431152,-15.835000991821289,-15.900137901306152,-16.05316734313965,-16.404443740844727,-15.639880180358887,-13.392702102661133,-12.342825889587402,-13.501912117004395,-15.125125885009766,-15.50562858581543,-14.584573745727539,-13.225767135620117,-12.974078178405762,-13.968050003051758,-15.358412742614746,-15.610554695129395,-13.778007507324219,-11.689132690429688,-12.560138702392578,-15.82718563079834,-18.669584274291992,-19.90396499633789,-20.47524642944336,-20.963476181030273,-21.13486671447754,-20.134428024291992,-18.96198844909668,-18.08086395263672,-17.471317291259766
-2.8938968181610107,-7.82782506942749,-11.752801895141602,-12.870111465454102,-13.041353225708008,-11.814213752746582,-11.219054222106934,-11.261402130126953,-13.418540954589844,-16.941030502319336,-18.667949676513672,-18.19529914855957,-16.683391571044922,-15.483283996582031,-15.737713813781738,-16.01528549194336,-16.159517288208008,-16.628950119018555,-17.22696304321289,-16.16846466064453,-14.50438117980957,-14.379436492919922,-15.278682708740234,-16.08966636657715,-15.892087936401367,-15.028328895568848,-14.383649826049805,-14.243236541748047,-14.496835708618164,-15.100943565368652,-15.291894912719727,-13.641029357910156,-12.218791961669922,-13.189770698547363,-15.716912269592285,-18.235755920410156,-20.239418029785156,-21.224666595458984,-21.39835548400879,-21.037811279296875,-20.03750228881836,-18.853490829467773,-17.98289680480957,-17.77213478088379
-14.41015625,-13.669695854187012,-14.787479400634766,-16.19166374206543,-14.518043518066406,-12.5120210647583,-12.131784439086914,-12.248607635498047,-14.153355598449707,-16.27375030517578,-17.20341682434082,-17.878246307373047,-17.523685455322266,-16.493906021118164,-16.363731384277344,-16.300317764282227,-16.221996307373047,-16.816057205200195,-17.463626861572266,-16.684555053710938,-16.000078201293945,-16.340068817138672,-16.228063583374023,-16.189348220825195,-16.06631088256836,-15.53125,-14.783194541931152,-14.362236976623535,-14.257279396057129,-14.549983978271484,-15.16085433959961,-14.924153327941895,-13.887763977050781,-14.305974960327148,-16.45954132080078,-19.409698486328125,-21.059194564819336,-21.359052658081055,-20.9768123626709,-20.364490509033203,-19.628864288330078,-18.989063262939453,-18.4800968170166,-18.278736114501953
-13.98074722290039,-13.376922607421875,-14.297189712524414,-16.373104095458984,-15.611869812011719,-14.430611610412598,-12.474660873413086,-12.766539573669434,-14.790423393249512,-16.426189422607422,-17.052417755126953,-17.804412841796875,-17.924890518188477,-17.160871505737305,-16.90093994140625,-16.926023483276367,-16.92368507385254,-17.132814407348633,-17.305391311645508,-17.195659637451172,-17.430042266845703,-17.46286964416504,-16.717426300048828,-16.616817474365234,-16.240278244018555,-14.089134216308594,-12.69558048248291,-13.935559272766113,-14.657783508300781,-15.480484008789062,-16.434391021728516,-16.445878982543945,-16.480098724365234,-17.17962074279785,-18.805461883544922,-20.867374420166016,-21.799795150756836,-21.381656646728516,-20.703346252441406,-20.007455825805664,-19.533939361572266,-19.32440185546875,-18.84368896484375,-18.05841636657715
-12.487197875976562,-11.835209846496582,-13.770805358886719,-16.8022518157959,-16.679841995239258,-15.13924503326416,-13.660171508789062,-13.515870094299316,-15.011942863464355,-16.719449996948242,-17.735733032226562,-18.24397850036621,-18.134002685546875,-17.672624588012695,-17.91550636291504,-18.34170150756836,-18.261821746826172,-17.89447784423828,-17.85843849182129,-18.448726654052734,-18.736602783203125,-17.75877571105957,-16.498971939086914,-16.416854858398438,-16.248878479003906,-14.878727912902832,-14.454355239868164,-14.58359432220459,-15.368149757385254,-15.974416732788086,-16.83327293395996,-17.607803344726562,-18.160831451416016,-19.864381790161133,-21.353050231933594,-22.040781021118164,-22.197900772094727,-21.600440979003906,-20.824983596801758,-19.87869644165039,-19.535676956176758,-19.362449645996094,-18.578495025634766,-17.291709899902344
