data/wind_data/wind_37_4.json
{"header": {"parameterUnit": "KT", "parameterCategory": 2, "nx": 256, "ny": 198, "lo1": 44.73521041870117, "la1": -3.236724853515625, "lo2": 111.26478576660156, "la2": 43.468475341796875, "dx": 0.2609002888202667, "dy": -0.23708222806453705, "refTime": "2025-02-20 13:00:00", "forecastTime": 0, "parameterNumber": 2, "parameterNumberName": "eastward_wind"}, "data":
[rows 114 to 132 of 198, columns 44 to 87 of 256]
36.73452377319336,41.83138656616211,46.058414459228516,47.14577865600586,41.594482421875,35.23454284667969,34.48507308959961,37.16643524169922,39.990413665771484,41.865394592285156,42.94554901123047,43.81090545654297,43.63357162475586,41.02972412109375,36.543785095214844,31.956806182861328,29.05462074279785,28.90301513671875,31.257539749145508,34.03207778930664,36.228363037109375,38.16718673706055,40.073062896728516,41.5458869934082,41.86491012573242,41.1402587890625,40.208953857421875,39.4992561340332,38.117000579833984,36.51677703857422,35.74042510986328,36.09770202636719,37.30305480957031,38.64046096801758,39.925514221191406,40.579105377197266,40.426631927490234,39.729854583740234,39.054718017578125,38.70649337768555,37.8289680480957,36.57282257080078,35.69757080078125,34.81809616088867
33.826969146728516,34.991310119628906,38.907222747802734,41.651611328125,37.570716857910156,31.879213333129883,30.948442459106445,32.775020599365234,33.521602630615234,32.68663024902344,31.51696014404297,31.024620056152344,31.264802932739258,31.168813705444336,30.636550903320312,30.142545700073242,29.949209213256836,30.939090728759766,33.43538284301758,35.9365234375,38.01128387451172,40.1103515625,42.24231719970703,43.82110595703125,44.574981689453125,44.57979202270508,43.7161865234375,42.7319221496582,41.81319046020508,40.470272064208984,38.571189880371094,37.44412612915039,37.904136657714844,38.869571685791016,39.54037094116211,39.60657501220703,39.194766998291016,38.619728088378906,37.64979553222656,37.5522346496582,37.11823654174805,35.825477600097656,35.187477111816406,33.56489944458008
23.57606315612793,26.485370635986328,25.814891815185547,23.719270706176758,25.510950088500977,28.266286849975586,27.605968475341797,26.903005599975586,28.741151809692383,29.857717514038086,29.22047233581543,28.72798728942871,29.39678955078125,30.156530380249023,30.372774124145508,30.23696517944336,30.242212295532227,31.415334701538086,33.85817337036133,36.71543884277344,39.35647964477539,41.924591064453125,44.16978073120117,45.59669494628906,46.83070373535156,47.74894332885742,47.40678024291992,47.299320220947266,46.04185104370117,40.98451232910156,36.028038024902344,35.47711181640625,37.1298942565918,38.54912567138672,39.24378204345703,38.99378967285156,38.555965423583984,37.889625549316406,37.0638542175293,36.83338165283203,35.742591857910156,34.669132232666016,34.17464065551758,32.63449478149414
26.279674530029297,29.07245445251465,28.647268295288086,24.324968338012695,25.094099044799805,30.337081909179688,33.25226593017578,33.50962448120117,34.61033248901367,35.65123748779297,35.085533142089844,33.77882385253906,32.88502502441406,32.53892135620117,32.692142486572266,33.31007766723633,34.018245697021484,34.9096565246582,36.50279998779297,38.26051330566406,39.731014251708984,42.00823974609375,44.776466369628906,46.38935089111328,47.91569137573242,51.045902252197266,52.91847229003906,50.240318298339844,43.353233337402344,35.41948318481445,33.05320358276367,35.10823440551758,36.71134567260742,37.802085876464844,38.50379943847656,38.08706283569336,37.486785888671875,36.742923736572266,35.88969802856445,35.85905838012695,34.4212646484375,34.11323165893555,33.640220642089844,31.160539627075195
29.198345184326172,30.24860382080078,29.542034149169922,27.683992385864258,28.683622360229492,33.74936294555664,39.06852722167969,41.49643325805664,42.062461853027344,42.261192321777344,41.43815612792969,39.33869934082031,36.671592712402344,34.57303237915039,34.15822982788086,35.466094970703125,37.192169189453125,38.58305740356445,39.41864013671875,39.6234130859375,40.15650939941406,42.16416931152344,44.420867919921875,46.5763053894043,49.01020050048828,52.5425910949707,52.740684509277344,45.68572235107422,35.388980865478516,31.471311569213867,32.946739196777344,34.75324249267578,35.96687316894531,37.14480209350586,37.74596405029297,37.43268585205078,36.94194030761719,36.40080261230469,35.67127227783203,34.87490463256836,33.712886810302734,33.59425354003906,32.89691162109375,30.135099411010742
30.021812438964844,29.000463485717773,29.765422821044922,30.481760025024414,31.22481346130371,35.29774475097656,42.41384506225586,45.84602737426758,44.399452209472656,42.061954498291016,40.4278678894043,39.100101470947266,38.007511138916016,37.22132873535156,36.63111114501953,37.22364044189453,38.853519439697266,40.25162124633789,40.638919830322266,40.839088439941406,41.47021484375,43.00453567504883,45.259971618652344,47.182273864746094,48.97138595581055,51.0434684753418,49.9800910949707,42.929012298583984,34.72936248779297,32.37116241455078,33.63165283203125,34.818416595458984,35.7064208984375,36.691986083984375,37.54804992675781,37.617740631103516,37.00936508178711,36.02095413208008,35.13833999633789,34.46049880981445,33.274967193603516,33.590911865234375,32.7110710144043,29.195316314697266
30.413043975830078,30.371829986572266,31.484140396118164,32.996315002441406,34.26762390136719,36.230342864990234,39.33573532104492,41.75572204589844,43.03932571411133,44.16014862060547,44.31132888793945,42.363460540771484,39.70062255859375,38.009254455566406,37.6773796081543,38.456214904785156,39.71152114868164,40.54996871948242,40.79509353637695,41.85957717895508,42.63322067260742,43.528839111328125,46.00181579589844,49.102325439453125,50.6243782043457,49.173065185546875,46.557369232177734,40.533416748046875,35.118892669677734,33.44303512573242,33.79991149902344,34.81918716430664,36.01106643676758,37.129398345947266,37.86715316772461,37.7646369934082,36.99954605102539,35.58095169067383,34.63603973388672,34.339744567871094,32.82802963256836,32.73521041870117,31.794580459594727,27.915346145629883
33.33348083496094,33.96540832519531,34.316673278808594,35.88808059692383,37.572059631347656,38.440982818603516,39.95043182373047,40.760231018066406,41.31666564941406,43.22137451171875,44.177433013916016,42.78278350830078,39.9314079284668,37.84222412109375,37.76823043823242,39.00987243652344,40.337615966796875,40.94294738769531,41.19313430786133,42.65222930908203,42.85961151123047,43.9369010925293,48.25473403930664,52.660667419433594,52.316375732421875,51.0378303527832,46.48487854003906,39.70486831665039,34.72411346435547,33.04518508911133,33.785179138183594,35.778865814208984,37.5013313293457,38.195770263671875,38.1367301940918,37.67992401123047,36.81571960449219,35.38454818725586,34.350460052490234,34.269386291503906,32.03987121582031,31.7200984954834,30.892494201660156,26.2437744140625
40.99348449707031,41.65454864501953,41.865665435791016,42.06747055053711,41.844120025634766,42.39065933227539,43.333335876464844,41.87287902832031,41.4769172668457,42.76693344116211,43.405128479003906,42.67898178100586,40.875431060791016,39.40863037109375,39.0664176940918,39.73640441894531,40.82080078125,42.007110595703125,43.028995513916016,43.97276306152344,43.7374382019043,43.78510284423828,48.69190979003906,52.7940559387207,52.61478805541992,48.17197036743164,41.29743957519531,36.467281341552734,34.28602600097656,33.77397537231445,34.86037826538086,36.5867805480957,37.60122299194336,37.75199890136719,37.690467834472656,37.416229248046875,36.51952362060547,35.202545166015625,33.99180603027344,33.62089157104492,30.260955810546875,30.533864974975586,30.370805740356445,24.918846130371094
50.33699035644531,50.03275680541992,49.02772903442383,46.59325408935547,44.33205795288086,44.59181594848633,44.4046630859375,42.8322868347168,42.280113220214844,43.10146713256836,44.5708122253418,45.478458404541016,44.67744827270508,43.48930740356445,42.61445236206055,42.20248794555664,42.9775276184082,44.2906494140625,44.60069274902344,44.126014709472656,44.77517318725586,43.09975051879883,44.72734451293945,49.02069091796875,51.70299530029297,46.152835845947266,39.78437042236328,36.41648483276367,34.2317008972168,33.584964752197266,34.625526428222656,35.65990447998047,35.50377655029297,34.87074661254883,35.06203079223633,35.83134078979492,35.77626419067383,34.939327239990234,33.23683547973633,32.1618766784668,28.81656265258789,29.592071533203125,29.140810012817383,23.71369743347168
53.06772232055664,53.266544342041016,52.730506896972656,50.8413200378418,49.237422943115234,48.42810821533203,47.0535774230957,45.19707489013672,44.38269805908203,45.834144592285156,48.190547943115234,49.18149948120117,47.64924621582031,45.34695816040039,43.967559814453125,43.90998840332031,45.005863189697266,45.570735931396484,45.0222282409668,44.301780700683594,43.68328857421875,45.62721252441406,49.157894134521484,49.51603698730469,46.128990173339844,43.26054763793945,42.49469757080078,38.83525466918945,33.63715744018555,32.45017623901367,34.04265594482422,34.640995025634766,33.552249908447266,32.054969787597656,31.592920303344727,32.444847106933594,33.5503044128418,33.81357955932617,32.2750129699707,30.92775535583496,29.132953643798828,29.507797241210938,27.86873435974121,22.315549850463867
51.77879333496094,52.37622833251953,53.297035217285156,53.069026947021484,51.545326232910156,50.02473831176758,48.2575569152832,46.80657958984375,47.634525299072266,49.372623443603516,49.969444274902344,48.521728515625,45.97246551513672,44.271263122558594,44.43762969970703,45.78378677368164,46.4692268371582,46.09006881713867,45.67898178100586,43.528419494628906,42.739009857177734,48.10136413574219,51.034523010253906,47.009464263916016,43.04650115966797,41.639556884765625,41.23089599609375,37.42003631591797,32.632080078125,32.45832824707031,34.1357421875,34.229705810546875,32.88969421386719,30.876224517822266,29.127357482910156,28.963632583618164,30.113313674926758,31.41800880432129,31.1812686920166,30.44536018371582,30.5489444732666,29.566177368164062,27.134708404541016,21.15801429748535
51.56758499145508,51.40830993652344,52.03235626220703,52.80718994140625,51.30225372314453,49.49199295043945,47.97333908081055,48.58386993408203,50.029415130615234,49.1468620300293,46.81108093261719,44.35446548461914,43.71487045288086,43.85457229614258,44.85090637207031,46.42570495605469,46.85801696777344,46.20152282714844,45.43296813964844,40.49968338012695,44.32435607910156,50.65223693847656,49.971107482910156,45.34828186035156,41.218605041503906,36.2569465637207,30.90361976623535,27.898609161376953,28.181894302368164,30.297866821289062,32.59920120239258,33.655208587646484,33.071388244628906,31.867908477783203,29.9508056640625,27.988550186157227,27.51648712158203,28.96546173095703,30.256742477416992,30.58000946044922,30.839570999145508,30.36075782775879,27.23771858215332,21.29116439819336
51.876766204833984,51.70140838623047,51.15898895263672,51.28872299194336,51.7714958190918,49.73363494873047,48.46458435058594,50.08906936645508,48.302738189697266,45.95882797241211,43.90105438232422,44.278045654296875,45.47856903076172,44.892669677734375,45.623985290527344,47.713138580322266,48.49003601074219,48.24650955200195,45.25704574584961,43.096126556396484,47.602481842041016,50.77817153930664,49.148414611816406,46.34450912475586,40.26873779296875,32.444725036621094,26.637887954711914,24.69793128967285,26.63132667541504,29.80559539794922,32.028602600097656,32.25556945800781,31.546995162963867,31.401721954345703,31.268585205078125,28.84145736694336,26.466934204101562,27.116485595703125,29.107709884643555,30.332439422607422,30.30127716064453,31.534040451049805,27.94512176513672,21.454830169677734
50.60081100463867,50.29632568359375,50.37901306152344,50.849853515625,52.58654022216797,52.20808029174805,50.91638946533203,48.88119888305664,46.943687438964844,44.82279586791992,45.32798767089844,47.55176544189453,46.285972595214844,43.927146911621094,46.57112121582031,49.50947189331055,48.68240737915039,48.3259162902832,43.803382873535156,43.67780303955078,48.32339096069336,50.238319396972656,48.128665924072266,40.1275749206543,33.72468566894531,31.269689559936523,28.028841018676758,26.717267990112305,28.738752365112305,30.852794647216797,31.036062240600586,29.730669021606445,28.602060317993164,28.314884185791016,28.12994956970215,27.076988220214844,26.034706115722656,26.698978424072266,28.445222854614258,29.89402961730957,30.637754440307617,31.711374282836914,27.934965133666992,22.655235290527344
48.667015075683594,48.81214904785156,49.26416778564453,51.04227066040039,53.43334197998047,53.409385681152344,49.72037887573242,48.170345306396484,47.65562438964844,47.749481201171875,48.149940490722656,48.65449523925781,47.06942367553711,46.77434158325195,50.316165924072266,52.19673156738281,51.530879974365234,47.876007080078125,42.672950744628906,44.36354064941406,47.266475677490234,49.00178146362305,44.35144805908203,38.35850524902344,35.9680290222168,35.701419830322266,33.414737701416016,31.464860916137695,32.074623107910156,32.78276443481445,31.958681106567383,29.670116424560547,27.24279022216797,25.787641525268555,24.9121036529541,24.626256942749023,24.934999465942383,26.173477172851562,28.08367156982422,29.872631072998047,30.91241455078125,30.03104019165039,27.631515502929688,25.408872604370117
47.83186340332031,48.65496063232422,49.13021469116211,50.028804779052734,51.49775314331055,49.66495132446289,49.137516021728516,51.000457763671875,50.118202209472656,48.2420654296875,47.360008239746094,48.200618743896484,49.6319580078125,52.92705535888672,56.6206169128418,58.5843391418457,55.133846282958984,47.693519592285156,43.72725296020508,42.71424865722656,43.157203674316406,40.062984466552734,35.36429977416992,32.928951263427734,32.80424499511719,33.708656311035156,33.6649169921875,33.18517303466797,32.59573745727539,32.025787353515625,32.079437255859375,30.74539566040039,27.34718132019043,25.425241470336914,24.514963150024414,24.396224975585938,24.586774826049805,25.391775131225586,27.225116729736328,29.466609954833984,30.097997665405273,30.642087936401367,27.016990661621094,24.669158935546875
48.4383430480957,48.31550979614258,47.172950744628906,47.96631622314453,50.36866760253906,47.07905197143555,47.5037727355957,51.974395751953125,51.19735336303711,48.94038009643555,48.46364974975586,49.530029296875,52.17295455932617,56.227577209472656,60.102840423583984,60.06756591796875,55.444820404052734,49.333457946777344,43.91291809082031,37.2578010559082,32.94905090332031,29.86486053466797,28.000455856323242,26.863719940185547,26.19671630859375,26.52018165588379,27.45372772216797,28.67171859741211,29.222061157226562,29.25494384765625,29.879722595214844,29.885578155517578,28.446805953979492,26.512256622314453,24.67173194885254,23.927139282226562,23.633464813232422,24.197649002075195,26.01055908203125,28.122146606445312,29.559276580810547,30.2810001373291,27.88705825805664,24.781126022338867
46.234737396240234,46.0184211730957,48.8731575012207,49.23415756225586,50.48796844482422,46.04273986816406,46.26626205444336,48.92030334472656,46.40373229980469,46.16983413696289,48.74490737915039,50.04549026489258,50.871856689453125,52.457237243652344,54.691654205322266,55.078651428222656,53.1422119140625,48.22224426269531,36.16853713989258,27.879592895507812,25.35419273376465,25.347366333007812,24.504182815551758,22.484651565551758,21.317031860351562,22.34233283996582,24.25113868713379,26.044322967529297,27.561813354492188,28.54054069519043,29.1520938873291,29.210275650024414,28.028156280517578,26.00653076171875,23.88023567199707,22.48774528503418,21.83770751953125,22.567800521850586,24.504133224487305,27.126113891601562,29.536808013916016,31.818775177001953,30.103187561035156,27.736106872558594
