data/wind_data/wind_44_9.json
{"header": {"parameterUnit": "KT", "parameterCategory": 2, "nx": 256, "ny": 198, "lo1": 44.73521041870117, "la1": -3.236724853515625, "lo2": 111.26478576660156, "la2": 43.468475341796875, "dx": 0.2609002888202667, "dy": -0.23708222806453705, "refTime": "2025-02-20 20:00:00", "forecastTime": 0, "parameterNumber": 2, "parameterNumberName": "eastward_wind"}, "data":
[rows 76 to 94 of 198, columns 129 to 171 of 256]
9.808795928955078,9.673564910888672,10.45984172821045,12.072554588317871,13.469359397888184,14.233392715454102,14.851639747619629,15.467781066894531,15.810827255249023,15.725520133972168,15.33414077758789,14.837146759033203,14.415705680847168,14.066693305969238,13.654719352722168,13.281840324401855,13.128726959228516,13.182809829711914,13.245417594909668,13.327858924865723,13.544076919555664,13.696573257446289,13.330238342285156,12.163540840148926,10.390474319458008,8.675518989562988,7.674260139465332,7.680312156677246,8.485267639160156,9.735313415527344,11.17781925201416,12.630106925964355,14.039259910583496,15.43934154510498,16.677906036376953,17.486297607421875,17.799644470214844,17.911117553710938,18.151138305664062,18.647247314453125,19.455320358276367,20.6246280670166,22.068918228149414
10.325777053833008,10.677536964416504,10.62087345123291,11.479043960571289,12.893537521362305,13.900116920471191,14.435294151306152,14.955799102783203,15.332468032836914,15.090014457702637,14.278116226196289,13.366491317749023,12.659360885620117,12.132326126098633,11.659440040588379,11.289910316467285,11.178170204162598,11.377747535705566,11.799187660217285,12.268627166748047,12.538642883300781,12.337861061096191,11.371634483337402,9.70077133178711,7.889871597290039,6.667778968811035,6.374661445617676,6.871794700622559,7.860732555389404,9.196357727050781,10.773513793945312,12.404829978942871,13.843891143798828,15.071305274963379,16.147706985473633,17.00035285949707,17.48275375366211,17.689865112304688,17.92717933654785,18.37570571899414,19.03444480895996,19.917329788208008,21.049619674682617
9.743069648742676,11.676775932312012,11.29616928100586,11.08659553527832,12.145962715148926,13.619203567504883,14.706585884094238,15.146706581115723,15.0492582321167,14.385584831237793,13.1741304397583,11.811762809753418,10.731781005859375,9.996193885803223,9.476334571838379,9.327509880065918,9.729395866394043,10.50451374053955,11.3004732131958,11.917383193969727,11.960607528686523,11.059286117553711,9.377362251281738,7.618460178375244,6.50829553604126,6.35052490234375,6.846341133117676,7.610299587249756,8.5635347366333,9.77171516418457,11.203987121582031,12.693257331848145,13.964954376220703,14.857864379882812,15.454251289367676,15.980634689331055,16.52573585510254,17.082059860229492,17.68570899963379,18.340200424194336,18.97801971435547,19.65550422668457,20.535898208618164
8.284679412841797,11.679738998413086,12.433817863464355,11.148200988769531,10.79774284362793,12.267545700073242,14.23753547668457,15.366986274719238,15.033843040466309,13.759696006774902,12.249260902404785,10.88214111328125,9.82865047454834,9.00792407989502,8.331428527832031,8.225049018859863,9.019057273864746,10.12222671508789,10.855384826660156,11.160757064819336,10.849940299987793,9.471137046813965,7.410951137542725,5.955326080322266,5.938022136688232,6.904443740844727,7.894769191741943,8.636756896972656,9.528288841247559,10.821891784667969,12.292913436889648,13.51720142364502,14.27466869354248,14.59466552734375,14.732431411743164,15.03282356262207,15.633858680725098,16.43705940246582,17.265430450439453,18.000192642211914,18.591827392578125,19.1510066986084,19.90838050842285
7.212430000305176,10.058963775634766,12.665621757507324,12.446427345275879,10.678089141845703,10.569463729858398,12.388059616088867,14.077890396118164,14.021759033203125,12.61270523071289,11.094561576843262,9.944648742675781,9.086030006408691,8.379648208618164,7.905367374420166,8.150914192199707,9.196484565734863,10.113103866577148,10.176810264587402,9.659974098205566,8.765088081359863,7.306891441345215,5.7768168449401855,5.306093215942383,6.3640313148498535,7.870927810668945,8.728963851928711,9.262445449829102,10.292410850524902,11.898055076599121,13.412773132324219,14.246636390686035,14.361666679382324,14.106673240661621,13.973647117614746,14.299692153930664,15.085328102111816,16.046770095825195,16.863637924194336,17.421459197998047,17.80073356628418,18.212038040161133,18.8793888092041
8.287544250488281,8.697751998901367,10.966955184936523,12.646892547607422,12.139970779418945,10.696390151977539,10.785700798034668,11.684663772583008,11.593262672424316,10.308904647827148,9.041664123535156,8.464366912841797,8.245094299316406,7.967121601104736,7.898172855377197,8.54036808013916,9.535439491271973,9.878301620483398,9.264575004577637,8.080594062805176,6.622709274291992,5.221109390258789,4.594014644622803,5.533589839935303,7.538959503173828,9.030379295349121,9.487149238586426,9.880743980407715,10.988563537597656,12.463021278381348,13.47303581237793,13.775506019592285,13.628592491149902,13.359380722045898,13.288973808288574,13.685595512390137,14.551069259643555,15.597867965698242,16.435924530029297,16.87200355529785,17.052534103393555,17.26685905456543,17.783613204956055
10.326745986938477,9.04678726196289,9.778416633605957,11.364985466003418,12.117059707641602,11.484957695007324,10.641847610473633,10.42330551147461,9.641966819763184,7.947727203369141,6.540489673614502,6.4328413009643555,7.071968078613281,7.6171488761901855,8.039545059204102,8.765923500061035,9.448586463928223,9.378812789916992,8.527639389038086,7.051583290100098,5.227849960327148,3.883113145828247,4.1073784828186035,6.287904739379883,8.906763076782227,10.207056999206543,10.42377758026123,10.71699047088623,11.44499397277832,11.992173194885254,12.030914306640625,11.925736427307129,12.053069114685059,12.338068962097168,12.609567642211914,12.994122505187988,13.729482650756836,14.770599365234375,15.740863800048828,16.278120040893555,16.41506576538086,16.50731658935547,16.946090698242188
12.564255714416504,10.80663776397705,10.081568717956543,10.373575210571289,10.769338607788086,10.773228645324707,10.803213119506836,10.610072135925293,9.61330795288086,7.689274787902832,5.941598892211914,5.464916229248047,6.091466903686523,6.98394250869751,7.7287678718566895,8.387540817260742,8.894718170166016,8.844799041748047,8.098603248596191,6.6750898361206055,4.811483860015869,3.594167470932007,4.406666278839111,7.279439449310303,10.085613250732422,11.183758735656738,11.229493141174316,11.290430068969727,11.259157180786133,10.784675598144531,10.222590446472168,10.127202033996582,10.624252319335938,11.343596458435059,11.863953590393066,12.187610626220703,12.733675003051758,13.753129005432129,14.934089660644531,15.729969024658203,15.994306564331055,16.110069274902344,16.577072143554688
13.653271675109863,12.989518165588379,11.802692413330078,10.276856422424316,9.141962051391602,9.1145601272583,10.073060035705566,11.109501838684082,10.571133613586426,9.066529273986816,7.733276844024658,7.11108922958374,7.201061248779297,7.409157752990723,7.392362594604492,7.5159912109375,7.995065689086914,8.346146583557129,7.998199462890625,6.892506122589111,5.295182704925537,4.302751541137695,5.445319652557373,8.494104385375977,11.118741989135742,11.841126441955566,11.487065315246582,10.991579055786133,10.361771583557129,9.774479866027832,9.627096176147461,9.960721015930176,10.453773498535156,10.839177131652832,11.086074829101562,11.332111358642578,11.924732208251953,13.072700500488281,14.471189498901367,15.545289993286133,16.057968139648438,16.326839447021484,16.83563232421875
12.711139678955078,13.989364624023438,13.679253578186035,11.941566467285156,8.877034187316895,7.0807342529296875,7.988111972808838,9.923131942749023,11.119524002075195,10.734179496765137,9.701818466186523,9.220423698425293,9.236572265625,8.97158432006836,8.024369239807129,7.2269463539123535,7.3118367195129395,7.845330715179443,8.001786231994629,7.332418441772461,5.994823932647705,5.429815292358398,7.290832996368408,10.531042098999023,12.465689659118652,12.324647903442383,11.43716049194336,10.449319839477539,9.634557723999023,9.607576370239258,10.418309211730957,11.205602645874023,11.168573379516602,10.55130386352539,10.19737434387207,10.542550086975098,11.568414688110352,13.05237865447998,14.600391387939453,15.786711692810059,16.51518440246582,17.006860733032227,17.511249542236328
10.25556755065918,12.98200798034668,14.257193565368652,13.602787971496582,11.284649848937988,8.389679908752441,6.448626518249512,6.712926864624023,8.26587963104248,10.108073234558105,11.017464637756348,10.728691101074219,10.245427131652832,9.527414321899414,8.265551567077637,7.487605571746826,7.793487548828125,8.232339859008789,8.086013793945312,7.5377044677734375,6.6979451179504395,6.5757551193237305,9.208868026733398,12.988571166992188,14.255924224853516,13.150480270385742,11.72534465789795,10.525078773498535,9.86228084564209,10.380319595336914,11.688117027282715,12.377948760986328,11.600302696228027,10.189791679382324,9.57735538482666,10.261058807373047,11.831445693969727,13.617082595825195,15.067235946655273,16.04648208618164,16.794456481933594,17.46232032775879,17.952747344970703
9.204376220703125,11.116600036621094,12.483160972595215,13.308085441589355,13.40218448638916,11.889191627502441,8.70180606842041,5.601083755493164,4.839470386505127,6.553341388702393,9.124801635742188,10.83974838256836,10.372888565063477,8.49578857421875,6.8573689460754395,6.764316082000732,8.152671813964844,9.009543418884277,8.37113094329834,7.264790058135986,7.105865478515625,8.480472564697266,11.644061088562012,15.106637001037598,15.757835388183594,14.359493255615234,12.536935806274414,11.180562973022461,10.846443176269531,11.624675750732422,12.777210235595703,12.992932319641113,11.863672256469727,10.416458129882812,9.959522247314453,10.925949096679688,12.758359909057617,14.485530853271484,15.473889350891113,15.87729549407959,16.286903381347656,16.909143447875977,17.494863510131836
10.296245574951172,10.706195831298828,10.716127395629883,11.199917793273926,12.744063377380371,13.971741676330566,12.79989242553711,9.63452434539795,7.045970916748047,6.186174392700195,7.156826496124268,8.82937240600586,8.97093677520752,6.677824020385742,4.5122294425964355,4.941744327545166,7.6708550453186035,9.7864990234375,9.158413887023926,7.235990047454834,7.1258625984191895,9.907233238220215,13.674994468688965,16.386089324951172,16.667118072509766,15.297758102416992,13.338080406188965,12.123176574707031,12.052477836608887,12.778544425964355,13.602505683898926,13.689946174621582,13.020682334899902,12.341504096984863,12.237480163574219,12.929986000061035,14.114510536193848,15.046310424804688,15.24559211730957,15.0095853805542,15.005024909973145,15.492124557495117,16.240468978881836
12.108135223388672,11.773970603942871,10.527268409729004,10.119721412658691,11.3873872756958,13.365966796875,14.546220779418945,14.151473999023438,12.823135375976562,11.292529106140137,9.71641731262207,8.70340633392334,7.523356914520264,4.952896595001221,2.6088058948516846,3.161290407180786,6.001944065093994,8.338763236999512,9.255341529846191,9.258003234863281,9.699116706848145,11.811094284057617,14.765013694763184,16.288373947143555,16.3421630859375,15.280817985534668,13.771770477294922,13.153691291809082,13.286746978759766,13.793342590332031,14.4656343460083,15.056207656860352,15.573870658874512,15.872118949890137,15.712836265563965,15.301061630249023,14.97205638885498,14.570837020874023,13.983650207519531,13.47475528717041,13.417417526245117,13.934152603149414,14.927876472473145
12.648338317871094,12.88555908203125,11.754040718078613,10.617008209228516,10.921271324157715,12.477505683898926,14.141427040100098,15.357145309448242,16.09537124633789,15.962323188781738,14.249869346618652,11.061908721923828,7.782591819763184,5.123685836791992,3.490971565246582,3.715989351272583,5.714707851409912,6.756955146789551,8.01880931854248,10.383893966674805,12.074699401855469,14.10918140411377,15.649458885192871,15.456462860107422,14.540964126586914,13.78687858581543,13.762616157531738,14.540603637695312,15.326939582824707,15.527799606323242,15.736637115478516,16.827011108398438,18.255781173706055,18.82875633239746,18.093505859375,16.607004165649414,15.10300350189209,13.792242050170898,12.774950981140137,12.177847862243652,12.134116172790527,12.85590648651123,14.458200454711914
12.644265174865723,13.234832763671875,12.836984634399414,11.762914657592773,11.168386459350586,11.77054500579834,13.361114501953125,15.325357437133789,17.071149826049805,17.707500457763672,16.204256057739258,12.49935245513916,8.549736976623535,5.911062240600586,5.178037166595459,6.076079368591309,7.641284465789795,7.1483354568481445,6.331415176391602,9.107072830200195,12.106415748596191,14.616032600402832,15.522268295288086,14.529407501220703,12.92176342010498,12.643613815307617,14.539859771728516,16.74817657470703,17.53629493713379,16.903127670288086,16.75676727294922,18.30914878845215,19.990297317504883,20.032468795776367,18.59508514404297,16.676916122436523,14.875005722045898,13.54253101348877,12.711831092834473,12.280591011047363,12.455636024475098,13.604970932006836,15.64998722076416
12.944990158081055,13.32844066619873,13.28909969329834,12.68661880493164,11.764639854431152,11.67417049407959,13.084156036376953,15.553790092468262,17.95504379272461,18.531719207763672,16.227861404418945,11.996514320373535,8.175727844238281,6.017475128173828,5.932124614715576,7.520565032958984,8.845043182373047,7.742786407470703,5.252072334289551,6.424275875091553,9.381691932678223,12.19253921508789,13.66663932800293,13.430745124816895,12.275394439697266,13.534377098083496,16.95968246459961,18.822406768798828,17.968036651611328,16.520931243896484,17.244266510009766,19.895164489746094,21.50922203063965,20.70939064025879,18.618139266967773,16.18640899658203,14.260576248168945,13.636663436889648,13.897306442260742,14.277351379394531,14.865049362182617,16.07339096069336,17.550418853759766
13.389930725097656,13.464865684509277,13.089818954467773,12.872560501098633,12.90050983428955,13.25587272644043,14.593728065490723,17.057998657226562,19.361230850219727,19.27812385559082,16.14411163330078,11.384931564331055,7.33111047744751,5.8439459800720215,6.755673408508301,7.860529899597168,7.717554569244385,6.637359619140625,5.903337001800537,6.101055145263672,7.11964225769043,8.871806144714355,11.151055335998535,12.923734664916992,13.777504920959473,15.417465209960938,18.303312301635742,18.770343780517578,16.77159309387207,15.769877433776855,18.22454071044922,21.83077621459961,22.933670043945312,21.28362274169922,18.473299026489258,15.662373542785645,14.226598739624023,14.742464065551758,15.970686912536621,16.770187377929688,17.410306930541992,18.19795036315918,18.46625328063965
14.064943313598633,13.809322357177734,12.973286628723145,12.489433288574219,13.019166946411133,14.940650939941406,17.42040252685547,19.767847061157227,21.029708862304688,19.858787536621094,16.55022430419922,12.181968688964844,8.034980773925781,6.296664714813232,6.907844066619873,7.158857822418213,6.2796831130981445,5.902553081512451,6.880812644958496,7.9340314865112305,8.621966361999512,9.36060619354248,10.449748039245605,12.223664283752441,14.838236808776855,17.446895599365234,19.143463134765625,18.47655487060547,16.33629035949707,16.535493850708008,19.60224723815918,22.58611488342285,23.0748291015625,21.00617218017578,17.778854370117188,15.579971313476562,15.897001266479492,17.39370346069336,18.094449996948242,18.133583068847656,18.332843780517578,18.443471908569336,17.68772315979004
