data/wind_data/wind_8_8.json
{"header": {"parameterUnit": "KT", "parameterCategory": 2, "nx": 256, "ny": 198, "lo1": 44.73521041870117, "la1": -3.236724853515625, "lo2": 111.26478576660156, "la2": 43.468475341796875, "dx": 0.2609002888202667, "dy": -0.23708222806453705, "refTime": "2025-02-19 08:00:00", "forecastTime": 0, "parameterNumber": 2, "parameterNumberName": "eastward_wind"}, "data":
[rows 19 to 37 of 198, columns 176 to 219 of 256]
-10.905635833740234,-9.829061508178711,-9.843457221984863,-9.836837768554688,-9.783517837524414,-10.816740036010742,-12.10466480255127,-12.093387603759766,-10.40992546081543,-9.87867259979248,-11.812365531921387,-13.845708847045898,-14.479781150817871,-15.152523040771484,-16.611467361450195,-17.65724754333496,-17.05095100402832,-15.481729507446289,-13.24735164642334,-10.989294052124023,-9.911041259765625,-9.162191390991211,-9.404423713684082,-11.722349166870117,-12.492936134338379,-10.50190544128418,-10.462242126464844,-12.295095443725586,-13.399287223815918,-14.329336166381836,-14.700510025024414,-14.11818790435791,-14.814138412475586,-15.628374099731445,-14.446795463562012,-14.479255676269531,-14.628178596496582,-13.297258377075195,-12.092789649963379,-12.33845329284668,-11.284388542175293,-8.557233810424805,-11.05864143371582,-16.68051528930664
-8.909130096435547,-9.786521911621094,-10.063825607299805,-9.333331108093262,-8.72683048248291,-9.545495986938477,-10.962060928344727,-11.125072479248047,-9.829012870788574,-9.23001480102539,-10.69781494140625,-12.32221794128418,-13.012580871582031,-14.226248741149902,-16.115339279174805,-17.67307472229004,-17.899919509887695,-17.100385665893555,-15.216096878051758,-12.155593872070312,-9.573038101196289,-9.114014625549316,-10.860610008239746,-12.62222957611084,-13.139922142028809,-11.927308082580566,-11.1370849609375,-12.342538833618164,-13.003829002380371,-12.189057350158691,-11.329986572265625,-11.079459190368652,-11.485503196716309,-13.999883651733398,-14.608712196350098,-13.767387390136719,-13.539237976074219,-13.082682609558105,-12.308956146240234,-11.059688568115234,-7.99810791015625,-3.1262142658233643,-2.118523359298706,-10.51014232635498
-8.114447593688965,-9.658401489257812,-9.993873596191406,-9.171878814697266,-8.569430351257324,-8.859910011291504,-9.48852825164795,-9.285555839538574,-8.68048095703125,-8.515448570251465,-8.869165420532227,-9.419229507446289,-10.991803169250488,-13.601475715637207,-15.669965744018555,-17.08932876586914,-17.811351776123047,-17.345216751098633,-15.57399845123291,-13.14867115020752,-10.442144393920898,-8.93870735168457,-10.707253456115723,-12.618362426757812,-12.825904846191406,-12.866070747375488,-13.156785011291504,-14.607514381408691,-14.70870304107666,-11.848734855651855,-9.24312686920166,-7.807861804962158,-9.25548267364502,-12.275630950927734,-13.876996994018555,-14.010263442993164,-13.748467445373535,-13.987651824951172,-13.26956558227539,-10.355314254760742,-5.33942174911499,0.1217951849102974,1.4067879915237427,-7.354344844818115
-8.12779426574707,-8.84652328491211,-9.23671817779541,-9.12302017211914,-8.792283058166504,-8.015996932983398,-7.4272379875183105,-7.006628513336182,-6.456435203552246,-6.447602272033691,-7.031112194061279,-8.201231002807617,-10.228327751159668,-12.625953674316406,-14.670106887817383,-16.5068359375,-17.48682403564453,-16.55016326904297,-14.398457527160645,-12.74039077758789,-11.403162956237793,-10.197336196899414,-10.904233932495117,-12.393010139465332,-12.157797813415527,-12.130034446716309,-13.310359954833984,-15.825926780700684,-16.932331085205078,-12.916492462158203,-7.63833475112915,-4.888504505157471,-7.566479682922363,-11.2106351852417,-12.623528480529785,-13.273446083068848,-13.636183738708496,-13.795385360717773,-12.524079322814941,-8.671871185302734,-4.063916206359863,-1.4382530450820923,-3.2106759548187256,-8.724007606506348
-8.547487258911133,-8.261817932128906,-8.213379859924316,-8.688431739807129,-8.974100112915039,-7.962261199951172,-6.086062431335449,-4.832141399383545,-4.480532646179199,-5.052677631378174,-6.258813858032227,-7.900031089782715,-9.307831764221191,-10.715978622436523,-12.522028923034668,-14.383515357971191,-15.37985610961914,-14.668135643005371,-12.790294647216797,-11.985652923583984,-12.587730407714844,-12.30234432220459,-11.792387008666992,-11.88569450378418,-10.851036071777344,-10.089632987976074,-11.247575759887695,-14.082146644592285,-15.738062858581543,-13.121233940124512,-7.385499000549316,-3.867177963256836,-6.487602233886719,-8.754444122314453,-9.26253604888916,-10.366494178771973,-11.64232063293457,-12.082132339477539,-10.844170570373535,-7.401814937591553,-4.081573009490967,-3.3260674476623535,-5.139739990234375,-8.080158233642578
-9.832063674926758,-9.112115859985352,-8.083623886108398,-7.968629837036133,-8.493950843811035,-7.917476177215576,-5.676223278045654,-3.748108148574829,-4.127429008483887,-5.503170490264893,-6.393832206726074,-7.605965614318848,-8.407818794250488,-9.186448097229004,-10.396732330322266,-11.587169647216797,-12.253130912780762,-12.437350273132324,-11.9840669631958,-11.897146224975586,-12.922712326049805,-13.122720718383789,-11.49876594543457,-9.53133773803711,-7.7263875007629395,-7.339940547943115,-8.725019454956055,-10.880855560302734,-12.921428680419922,-11.864814758300781,-8.606405258178711,-6.455663204193115,-7.496488094329834,-7.988961219787598,-6.950263500213623,-7.226728439331055,-8.967353820800781,-10.772760391235352,-10.913272857666016,-8.558484077453613,-4.5334601402282715,-2.266238212585449,-4.156877040863037,-7.850771427154541
-10.075255393981934,-9.956436157226562,-8.47121810913086,-7.5877532958984375,-7.867440700531006,-7.602634906768799,-5.440550804138184,-3.293766736984253,-3.727444887161255,-5.5533037185668945,-6.758737564086914,-7.728641033172607,-8.169853210449219,-8.29995346069336,-8.818779945373535,-9.8079195022583,-10.60316276550293,-11.427931785583496,-12.207199096679688,-12.642230987548828,-13.059755325317383,-12.546204566955566,-10.153583526611328,-6.7343339920043945,-3.920734167098999,-4.961488246917725,-8.47947883605957,-9.023838996887207,-9.74281120300293,-10.080162048339844,-9.744333267211914,-9.478226661682129,-9.996267318725586,-9.204707145690918,-6.634831428527832,-5.6473541259765625,-7.390419006347656,-9.733826637268066,-10.848816871643066,-9.613880157470703,-5.977001190185547,-3.5218770503997803,-5.415915489196777,-9.123754501342773
-8.174739837646484,-8.729130744934082,-8.129395484924316,-7.181210041046143,-7.192851543426514,-7.048166751861572,-5.255397796630859,-3.2257535457611084,-3.4848501682281494,-5.145674228668213,-6.489355564117432,-7.838158130645752,-8.588176727294922,-8.359065055847168,-8.59459114074707,-9.744913101196289,-10.656435012817383,-11.55617618560791,-12.790925979614258,-13.702682495117188,-13.753236770629883,-12.177538871765137,-9.08910846710205,-6.587843418121338,-5.01552152633667,-4.65831184387207,-7.1525468826293945,-8.321149826049805,-7.342491149902344,-8.052157402038574,-9.165054321289062,-10.058320999145508,-10.605290412902832,-9.618152618408203,-6.9185004234313965,-4.391312122344971,-4.493699073791504,-6.582309722900391,-7.828425884246826,-7.306140899658203,-5.704791069030762,-5.867063522338867,-9.211884498596191,-11.661301612854004
-6.58664083480835,-6.857600212097168,-7.026556491851807,-6.186957359313965,-5.935220718383789,-6.068328857421875,-5.025530815124512,-3.6845390796661377,-3.872851610183716,-4.906248569488525,-5.924269676208496,-7.465976238250732,-8.682404518127441,-8.763375282287598,-9.174358367919922,-10.343026161193848,-11.178929328918457,-11.666234970092773,-12.624961853027344,-14.1105318069458,-14.886673927307129,-12.753800392150879,-8.306966781616211,-6.011956214904785,-6.233209609985352,-5.561936855316162,-6.56387996673584,-8.413351058959961,-7.789597034454346,-7.972568035125732,-8.351505279541016,-8.001667022705078,-7.374506950378418,-7.119040012359619,-6.765563488006592,-4.640275001525879,-1.8840949535369873,-2.053271532058716,-4.291207790374756,-4.701470851898193,-4.609370708465576,-6.88992977142334,-11.75229549407959,-14.137154579162598
-5.376504898071289,-6.254680633544922,-6.557324409484863,-5.724579811096191,-4.996048450469971,-4.917494297027588,-4.644308567047119,-4.19492244720459,-4.437747001647949,-4.9780659675598145,-5.58334493637085,-6.855182647705078,-8.297140121459961,-9.056504249572754,-9.620969772338867,-10.339292526245117,-10.882394790649414,-11.372599601745605,-12.247119903564453,-13.743831634521484,-14.391606330871582,-12.071736335754395,-8.644074440002441,-6.257664680480957,-3.86667799949646,-5.379659175872803,-6.683549404144287,-8.135687828063965,-9.013428688049316,-9.321663856506348,-8.511762619018555,-6.3563551902771,-3.676490306854248,-2.560814142227173,-4.127848148345947,-5.137815475463867,-2.6848719120025635,-0.3813292682170868,-2.644850492477417,-4.917149543762207,-6.380165100097656,-10.454875946044922,-14.433398246765137,-15.854551315307617
-3.9445362091064453,-5.931553840637207,-6.5052642822265625,-5.8169708251953125,-5.312427520751953,-4.933442115783691,-4.286014080047607,-4.409297466278076,-5.259138584136963,-5.683933258056641,-5.703799724578857,-6.388491153717041,-7.808043479919434,-9.04032039642334,-9.613691329956055,-9.972953796386719,-10.425650596618652,-11.097115516662598,-11.901935577392578,-13.135220527648926,-13.880646705627441,-11.977415084838867,-8.509737014770508,-6.467461585998535,-3.5602807998657227,-4.3569865226745605,-6.3213043212890625,-8.191987991333008,-10.194923400878906,-10.62720775604248,-9.057876586914062,-6.188153266906738,-2.8248300552368164,-0.9203041791915894,-2.9027798175811768,-5.738881587982178,-4.367307186126709,-1.752510666847229,-4.097088813781738,-8.44772720336914,-10.534083366394043,-13.67613697052002,-14.916872024536133,-13.591540336608887
-3.098644733428955,-5.424552917480469,-6.176581859588623,-6.409497261047363,-6.46973991394043,-5.374226093292236,-3.9203128814697266,-4.1631693840026855,-5.579838752746582,-6.400406837463379,-6.360762119293213,-6.52092170715332,-7.455413341522217,-8.621002197265625,-9.4321928024292,-9.928329467773438,-10.302435874938965,-10.616887092590332,-11.374714851379395,-12.639513969421387,-13.001773834228516,-11.919151306152344,-9.104597091674805,-7.43732213973999,-6.063169002532959,-5.057465076446533,-6.052875995635986,-8.15964412689209,-10.424445152282715,-11.0389986038208,-9.492708206176758,-6.851631164550781,-4.687140941619873,-4.165146827697754,-5.635672092437744,-6.837456703186035,-5.617074966430664,-3.8903579711914062,-5.539412021636963,-10.127778053283691,-12.836912155151367,-12.753788948059082,-11.622684478759766,-9.593607902526855
-3.2822089195251465,-5.317505359649658,-6.298083782196045,-7.00981330871582,-6.961876392364502,-5.472435474395752,-3.6759774684906006,-3.384178638458252,-4.363168239593506,-5.68621301651001,-6.628612518310547,-7.0321807861328125,-7.76505708694458,-8.833212852478027,-9.81873893737793,-10.633843421936035,-10.697708129882812,-10.169560432434082,-10.21973991394043,-10.974457740783691,-11.328605651855469,-10.868124961853027,-9.748370170593262,-9.146941184997559,-7.45388126373291,-6.14195442199707,-6.711623668670654,-8.172018051147461,-9.755566596984863,-10.537006378173828,-9.619434356689453,-7.840604305267334,-7.240327835083008,-8.137532234191895,-8.72677993774414,-7.881377220153809,-5.606281280517578,-3.0550010204315186,-3.4376237392425537,-7.119717121124268,-10.20779800415039,-9.68099594116211,-7.523468494415283,-7.400241851806641
-3.5239322185516357,-5.429996967315674,-6.536338806152344,-6.9875168800354,-6.490295886993408,-5.207324028015137,-3.9669435024261475,-3.1443183422088623,-2.8879151344299316,-3.827028751373291,-5.688103675842285,-7.319990158081055,-8.549938201904297,-9.769429206848145,-10.905648231506348,-11.556126594543457,-11.26212215423584,-10.203128814697266,-9.426946640014648,-9.204476356506348,-9.297307014465332,-9.683218955993652,-10.183878898620605,-9.968568801879883,-8.395798683166504,-7.704807758331299,-8.138569831848145,-8.662336349487305,-9.470610618591309,-10.050203323364258,-9.500659942626953,-8.514559745788574,-8.77084732055664,-9.791580200195312,-9.484840393066406,-7.035765171051025,-3.5751712322235107,-1.3334934711456299,-2.919919490814209,-5.731407165527344,-7.0839524269104,-7.8921709060668945,-7.4348835945129395,-8.053775787353516
-2.6345760822296143,-4.887719631195068,-6.282776832580566,-6.287944316864014,-5.596610069274902,-4.919939994812012,-4.696249485015869,-4.231566429138184,-3.0389106273651123,-2.6460421085357666,-4.396394729614258,-7.201904296875,-9.229214668273926,-10.424517631530762,-11.228212356567383,-11.421128273010254,-10.992534637451172,-10.178672790527344,-9.546765327453613,-9.01694393157959,-8.583405494689941,-8.907689094543457,-9.741743087768555,-10.03697395324707,-9.801974296569824,-9.43153190612793,-8.992081642150879,-8.94503402709961,-9.560544967651367,-10.038415908813477,-9.597987174987793,-8.72312068939209,-8.783638000488281,-9.10593318939209,-8.139537811279297,-5.241477966308594,-1.9572359323501587,-1.3857090473175049,-3.551743507385254,-4.750577449798584,-5.977311611175537,-8.224523544311523,-8.796902656555176,-9.04235553741455
-1.6715281009674072,-3.9879465103149414,-5.929121971130371,-5.989629745483398,-5.302068710327148,-4.925478458404541,-5.199310779571533,-5.3799309730529785,-4.706573486328125,-3.71382737159729,-4.231770992279053,-6.791481971740723,-9.098576545715332,-10.223312377929688,-10.887622833251953,-10.939310073852539,-10.35634708404541,-9.513386726379395,-8.995794296264648,-8.8189115524292,-8.557673454284668,-8.455538749694824,-8.545249938964844,-8.927038192749023,-9.711153030395508,-9.902548789978027,-9.28743839263916,-8.985445022583008,-9.300787925720215,-9.657459259033203,-9.510388374328613,-8.940414428710938,-8.600486755371094,-8.204925537109375,-6.514089584350586,-3.7302308082580566,-1.9902054071426392,-2.9051060676574707,-5.221449375152588,-5.106318950653076,-7.042663097381592,-10.296935081481934,-9.8427095413208,-9.180069923400879
-2.0657660961151123,-3.1805193424224854,-4.66323184967041,-5.213398456573486,-5.236696720123291,-5.720874786376953,-6.32641077041626,-6.420777797698975,-6.371943950653076,-6.162544250488281,-6.180448532104492,-7.043927192687988,-8.300063133239746,-8.869412422180176,-9.41431999206543,-9.875265121459961,-9.67324447631836,-8.829915046691895,-8.3037109375,-8.690998077392578,-9.054877281188965,-8.666064262390137,-7.8821821212768555,-7.761895179748535,-8.67440128326416,-9.614927291870117,-9.683511734008789,-9.262359619140625,-9.017361640930176,-8.965875625610352,-8.883275985717773,-8.545693397521973,-8.039825439453125,-7.3810834884643555,-5.650442123413086,-3.5462098121643066,-2.7406845092773438,-3.794943332672119,-5.55375337600708,-6.264843463897705,-8.255972862243652,-9.912084579467773,-9.495451927185059,-9.087818145751953
-2.5322201251983643,-1.8971776962280273,-2.125840663909912,-3.258281946182251,-4.584493637084961,-6.291819095611572,-7.854254722595215,-8.41580867767334,-8.37736988067627,-8.482434272766113,-8.458269119262695,-7.968848705291748,-7.43174409866333,-6.888510704040527,-6.995334625244141,-7.951471328735352,-8.564373970031738,-8.520615577697754,-8.834325790405273,-9.823854446411133,-10.160113334655762,-9.306241989135742,-8.166996955871582,-8.001742362976074,-9.012261390686035,-10.133872985839844,-10.442123413085938,-9.858895301818848,-9.100513458251953,-8.394427299499512,-7.743736267089844,-7.200413227081299,-6.870315074920654,-6.333786487579346,-5.343695640563965,-4.758346080780029,-4.180008888244629,-3.5477874279022217,-5.131406784057617,-6.508215427398682,-7.31822395324707,-8.19022274017334,-8.976176261901855,-9.6808443069458
-1.7155224084854126,-0.6064099073410034,-0.1373329609632492,-1.5037747621536255,-3.7189972400665283,-6.139915943145752,-8.537768363952637,-9.85775375366211,-9.472576141357422,-9.101214408874512,-9.250837326049805,-8.2979154586792,-6.883460521697998,-6.141595840454102,-5.628701210021973,-6.308924674987793,-7.379329681396484,-8.094099998474121,-9.286251068115234,-10.612740516662598,-10.742188453674316,-9.851381301879883,-9.109536170959473,-9.203557014465332,-9.901185989379883,-10.648662567138672,-10.906950950622559,-10.471646308898926,-9.59135913848877,-8.435210227966309,-7.179035186767578,-6.3041863441467285,-6.17048978805542,-6.228496551513672,-6.357027530670166,-6.567400932312012,-6.484244346618652,-5.463257312774658,-4.971322536468506,-4.718418598175049,-6.059103012084961,-7.392093181610107,-9.086474418640137,-10.70483684539795
