data/wind_data/wind_26_5.json
{"header": {"parameterUnit": "KT", "parameterCategory": 2, "nx": 256, "ny": 198, "lo1": 44.73521041870117, "la1": -3.236724853515625, "lo2": 111.26478576660156, "la2": 43.468475341796875, "dx": 0.2609002888202667, "dy": -0.23708222806453705, "refTime": "2025-02-20 02:00:00", "forecastTime": 0, "parameterNumber": 2, "parameterNumberName": "eastward_wind"}, "data":
[rows 0 to 18 of 198, columns 0 to 43 of 256]
0.8324987292289734,1.221871256828308,1.4044346809387207,1.3742097616195679,1.5980119705200195,2.0133442878723145,2.162160873413086,2.167975902557373,2.4395625591278076,2.7684848308563232,2.749847888946533,2.5310275554656982,2.1296188831329346,1.7842304706573486,1.8579154014587402,1.963286280632019,1.9622323513031006,1.632196068763733,0.7109590768814087,-0.006078352686017752,-0.26341450214385986,-0.6155567765235901,-1.1320828199386597,-1.6713151931762695,-2.227895736694336,-2.7529685497283936,-3.2513370513916016,-3.7992160320281982,-4.2964959144592285,-4.216407299041748,-3.9188904762268066,-4.241192817687988,-4.703813552856445,-4.708684921264648,-4.677340030670166,-4.968132019042969,-5.262698650360107,-5.31647253036499,-5.571625232696533,-6.231266498565674,-7.090192794799805,-8.237323760986328,-8.573356628417969,-7.875115394592285
1.3689037561416626,1.6099859476089478,1.7493770122528076,1.6177085638046265,1.7873311042785645,2.2313265800476074,2.5159616470336914,2.670839309692383,3.0142247676849365,3.414987802505493,3.494558572769165,3.365351915359497,3.185105085372925,2.978926181793213,2.839249610900879,2.656527280807495,2.287109136581421,1.6206767559051514,0.5993512868881226,-0.30009639263153076,-0.9142056107521057,-1.5449436902999878,-2.160454034805298,-2.3399200439453125,-2.3129727840423584,-2.447014331817627,-2.6446807384490967,-3.443021535873413,-4.466950416564941,-4.590857028961182,-4.496525764465332,-4.852352142333984,-5.088456630706787,-4.914264678955078,-4.774659156799316,-4.950046539306641,-5.1711812019348145,-5.252671241760254,-5.673125743865967,-6.3909502029418945,-7.129262924194336,-8.19489860534668,-8.503460884094238,-7.817631244659424
1.5382623672485352,1.684454321861267,1.8295133113861084,1.918008804321289,2.2096633911132812,2.5312576293945312,2.7149641513824463,2.9521400928497314,3.4884774684906006,4.020814418792725,4.061829566955566,3.852864980697632,3.850740432739258,3.7965333461761475,3.3710319995880127,2.894292116165161,2.4297215938568115,1.6443040370941162,0.43644413352012634,-0.7659003734588623,-1.7975307703018188,-2.7332847118377686,-3.5282275676727295,-3.6021151542663574,-3.0471324920654297,-2.6332626342773438,-2.470447301864624,-3.1419217586517334,-4.174225807189941,-4.5834736824035645,-4.849633693695068,-5.294275283813477,-5.535890102386475,-5.26722526550293,-5.0396881103515625,-5.1383137702941895,-5.235572814941406,-5.189614772796631,-5.580550193786621,-6.418152332305908,-7.108552932739258,-7.683392524719238,-7.671600818634033,-7.0846452713012695
1.6002706289291382,1.735211968421936,1.9480981826782227,2.301133632659912,2.8774144649505615,2.7746636867523193,2.4343512058258057,2.555372714996338,3.1821441650390625,3.723745346069336,3.644153594970703,3.2082362174987793,2.9956860542297363,2.931185722351074,2.6537697315216064,2.3304927349090576,1.996870994567871,1.2617089748382568,0.0006641130894422531,-1.4184455871582031,-2.698293924331665,-3.6931395530700684,-4.410905838012695,-4.426648139953613,-3.706709384918213,-3.123095750808716,-2.9324333667755127,-3.4979493618011475,-4.320125579833984,-4.738116264343262,-5.030992031097412,-5.51576042175293,-5.916080474853516,-5.411787509918213,-5.2299604415893555,-5.221847057342529,-5.2680559158325195,-5.247398853302002,-5.635095596313477,-6.373370170593262,-6.866062164306641,-6.992773056030273,-6.71657133102417,-6.261881351470947
1.607298493385315,1.8092609643936157,2.2120273113250732,2.7011823654174805,3.836808919906616,2.866382122039795,1.121261477470398,0.7681397795677185,1.3437861204147339,2.1679747104644775,2.2011539936065674,1.4616502523422241,0.6075281500816345,0.49529048800468445,0.9074331521987915,1.1976011991500854,1.0315189361572266,0.1402442306280136,-1.2735024690628052,-2.875605583190918,-4.241652965545654,-5.037308216094971,-5.089224338531494,-4.630594253540039,-4.013522148132324,-3.946115255355835,-4.573856830596924,-5.3579864501953125,-5.721433162689209,-5.145623683929443,-4.473775386810303,-5.283205032348633,-6.202038764953613,-4.874457359313965,-5.290623664855957,-5.21472692489624,-5.870634078979492,-5.960251331329346,-5.756894588470459,-5.654297828674316,-5.811461448669434,-5.64022159576416,-5.292881488800049,-5.278081893920898
1.6862939596176147,2.007051467895508,2.547638416290283,2.990447998046875,3.709007978439331,3.245955228805542,2.1196506023406982,2.1541082859039307,3.16986083984375,4.259829998016357,4.304362773895264,3.612854480743408,3.0265095233917236,2.5120863914489746,1.6395331621170044,0.7361041903495789,0.21248671412467957,-0.8310631513595581,-2.6258742809295654,-4.426487445831299,-5.847689151763916,-6.769618511199951,-7.16957426071167,-7.036840438842773,-6.419345378875732,-5.568219184875488,-4.952521324157715,-5.037893772125244,-5.483138561248779,-4.901286602020264,-4.1794328689575195,-4.7580718994140625,-5.080145359039307,-4.751465797424316,-5.411442756652832,-5.294583320617676,-6.043948650360107,-6.102824687957764,-5.998190402984619,-6.161005020141602,-6.270878791809082,-5.896306991577148,-5.361804008483887,-4.861660480499268
1.949142336845398,2.473332166671753,3.0390408039093018,3.2713489532470703,3.1949946880340576,2.9965028762817383,2.407350778579712,2.684821605682373,3.400651454925537,3.6871743202209473,3.2025108337402344,2.4815738201141357,1.839821696281433,0.80829918384552,-0.7639341950416565,-1.3767504692077637,-1.160380482673645,-1.9428374767303467,-3.6370749473571777,-5.654484748840332,-7.259485244750977,-7.942577362060547,-8.257740020751953,-8.63855266571045,-8.494429588317871,-7.536681652069092,-6.339601516723633,-5.802269458770752,-6.368777751922607,-6.788869380950928,-5.9987359046936035,-4.504752159118652,-4.992596626281738,-4.7560906410217285,-5.284358978271484,-5.406066417694092,-5.945669651031494,-6.0148024559021,-5.964103698730469,-6.198779582977295,-6.342118263244629,-5.907266616821289,-5.2922282218933105,-4.887934684753418
1.9605878591537476,2.561830520629883,3.0360825061798096,3.1053061485290527,2.4037351608276367,2.6504673957824707,2.808727979660034,3.301363706588745,3.5260086059570312,3.282447099685669,2.8665339946746826,2.144382953643799,0.9142524003982544,-0.9007039070129395,-2.4599602222442627,-2.7152276039123535,-2.563985586166382,-2.996854066848755,-4.470263957977295,-6.499424457550049,-7.946353912353516,-8.479072570800781,-8.767313003540039,-9.24415397644043,-9.499283790588379,-9.079620361328125,-8.075428009033203,-7.248805046081543,-7.360907077789307,-7.553855895996094,-7.07712984085083,-5.893232345581055,-5.201128005981445,-5.049571990966797,-5.560230255126953,-5.819889545440674,-6.012135028839111,-5.992355823516846,-6.147615432739258,-6.5281853675842285,-6.635530948638916,-6.125489234924316,-5.458402156829834,-5.134901523590088
1.6492668390274048,2.069777727127075,2.4446542263031006,2.5164811611175537,1.4304413795471191,2.0883538722991943,2.7072396278381348,3.0301296710968018,2.6467907428741455,1.9306758642196655,1.2048659324645996,0.10034080594778061,-1.4521770477294922,-3.098137855529785,-4.219658851623535,-4.595016002655029,-4.473453998565674,-4.582334518432617,-5.644735813140869,-7.181421279907227,-8.244081497192383,-8.725523948669434,-9.122185707092285,-9.703137397766113,-10.11353874206543,-10.193150520324707,-9.769529342651367,-9.538620948791504,-9.290230751037598,-9.038846015930176,-7.934937953948975,-7.489360809326172,-7.046086311340332,-6.918670177459717,-6.152249813079834,-6.825266361236572,-6.506486415863037,-6.365466117858887,-6.63559627532959,-6.951841831207275,-6.819925308227539,-6.306244850158691,-5.96658182144165,-5.9189043045043945
0.9609745144844055,1.2467337846755981,1.5375899076461792,1.510141134262085,0.13349585235118866,1.553187370300293,2.1622490882873535,2.051950693130493,1.2681422233581543,0.15134774148464203,-1.0079954862594604,-2.2977981567382812,-3.5134246349334717,-4.561388969421387,-5.503514289855957,-6.126986980438232,-6.29052734375,-6.441457748413086,-7.060733318328857,-7.972257614135742,-8.709976196289062,-9.337615966796875,-10.098782539367676,-10.898942947387695,-11.429787635803223,-11.808085441589355,-11.25182056427002,-11.114242553710938,-10.286545753479004,-9.218486785888672,-8.959907531738281,-9.712180137634277,-9.848371505737305,-9.354918479919434,-7.89169454574585,-8.460485458374023,-7.5113043785095215,-7.468062877655029,-7.38438606262207,-7.188372611999512,-6.817646503448486,-6.544576168060303,-6.485817909240723,-6.475771427154541
-0.11633237451314926,0.18848519027233124,0.3090626895427704,0.06840893626213074,-1.2914904356002808,0.8049781322479248,0.937113344669342,0.33359819650650024,-0.9093071818351746,-2.411824941635132,-3.649911403656006,-4.692267894744873,-5.615277290344238,-6.416182041168213,-7.136470794677734,-7.673128604888916,-8.008639335632324,-8.174812316894531,-8.481451988220215,-8.990555763244629,-9.490805625915527,-10.173429489135742,-11.284280776977539,-12.416776657104492,-12.781822204589844,-12.937410354614258,-12.580829620361328,-12.3927583694458,-10.534320831298828,-9.343436241149902,-9.449897766113281,-11.26797866821289,-12.56539249420166,-10.952563285827637,-9.392688751220703,-9.953624725341797,-8.841575622558594,-8.525762557983398,-7.879884243011475,-7.331072807312012,-6.961277961730957,-6.912558078765869,-6.911285400390625,-6.893662929534912
-1.1568557024002075,-0.7856059074401855,-0.8466991782188416,-1.434410810470581,-2.7509047985076904,-0.8884497880935669,-1.2954047918319702,-2.1792614459991455,-3.5949244499206543,-4.8031721115112305,-5.682459354400635,-6.566878318786621,-7.414419174194336,-8.07949447631836,-8.5445556640625,-8.843510627746582,-9.052428245544434,-9.133048057556152,-9.362762451171875,-9.739727020263672,-10.102394104003906,-10.74058723449707,-11.952153205871582,-13.360674858093262,-13.961296081542969,-13.882307052612305,-14.104976654052734,-13.788578987121582,-12.003382682800293,-10.763198852539062,-10.67602252960205,-11.716902732849121,-12.604005813598633,-12.190134048461914,-10.850719451904297,-10.846534729003906,-10.171907424926758,-9.449078559875488,-8.55908489227295,-7.977087497711182,-7.589400291442871,-7.526307106018066,-7.701266765594482,-7.927028656005859
-2.1803927421569824,-1.7527703046798706,-1.9877701997756958,-3.0506012439727783,-4.536392688751221,-3.7493014335632324,-4.297022342681885,-4.963091850280762,-5.955672264099121,-6.743780612945557,-7.360773086547852,-7.870591163635254,-8.332036018371582,-8.831565856933594,-9.220610618591309,-9.277109146118164,-9.216252326965332,-9.283348083496094,-9.649097442626953,-10.062108039855957,-10.43993091583252,-11.03515338897705,-11.942874908447266,-13.038113594055176,-14.003127098083496,-14.617356300354004,-15.052733421325684,-15.101384162902832,-14.495522499084473,-13.543428421020508,-12.642997741699219,-12.837218284606934,-13.50289249420166,-13.270272254943848,-12.242622375488281,-11.855413436889648,-11.3085298538208,-10.331778526306152,-9.309944152832031,-8.744444847106934,-8.507119178771973,-8.496940612792969,-8.578338623046875,-8.725940704345703
-3.4619991779327393,-3.160226583480835,-3.561434268951416,-4.858856201171875,-6.487444877624512,-6.425382137298584,-6.6953654289245605,-7.067526817321777,-7.750837802886963,-8.202693939208984,-8.384763717651367,-8.343633651733398,-8.457682609558105,-8.836112022399902,-9.16079044342041,-9.222662925720215,-9.183328628540039,-9.329132080078125,-9.734785079956055,-10.153860092163086,-10.601624488830566,-11.202150344848633,-12.00111198425293,-13.020506858825684,-13.951533317565918,-14.396097183227539,-14.596283912658691,-14.981329917907715,-15.107166290283203,-14.856432914733887,-14.540562629699707,-14.470807075500488,-14.115021705627441,-13.714519500732422,-13.143112182617188,-12.346799850463867,-11.637310981750488,-10.618704795837402,-9.652603149414062,-9.21782398223877,-9.226021766662598,-9.22882080078125,-9.028904914855957,-8.780017852783203
-4.893962383270264,-4.833289623260498,-5.345255374908447,-6.659192085266113,-8.076776504516602,-8.190284729003906,-8.510273933410645,-8.760706901550293,-9.004589080810547,-8.930229187011719,-8.782820701599121,-8.550601959228516,-8.535178184509277,-8.720100402832031,-8.993566513061523,-9.184955596923828,-9.313780784606934,-9.558019638061523,-9.867476463317871,-10.228089332580566,-10.685003280639648,-11.305100440979004,-11.983343124389648,-12.723763465881348,-13.563570022583008,-14.381210327148438,-14.714547157287598,-14.883013725280762,-15.115907669067383,-15.451628684997559,-15.514592170715332,-15.152196884155273,-14.569928169250488,-14.038146018981934,-13.463946342468262,-12.550833702087402,-11.58464241027832,-10.623221397399902,-9.815286636352539,-9.468928337097168,-9.448554992675781,-9.339065551757812,-8.988956451416016,-8.589643478393555
-5.9463582038879395,-6.071866989135742,-6.652432441711426,-8.03571891784668,-9.505455017089844,-9.750494956970215,-9.985249519348145,-9.92341136932373,-9.713147163391113,-9.429242134094238,-9.213062286376953,-8.995405197143555,-8.891500473022461,-8.826192855834961,-8.862527847290039,-9.027776718139648,-9.310540199279785,-9.597024917602539,-9.836981773376465,-10.089709281921387,-10.45075511932373,-10.9865083694458,-11.748849868774414,-12.620935440063477,-13.428149223327637,-14.122459411621094,-14.539836883544922,-14.942483901977539,-15.448845863342285,-15.989538192749023,-15.8804349899292,-15.570781707763672,-15.509772300720215,-14.689681053161621,-13.727457046508789,-12.392858505249023,-11.253056526184082,-10.411662101745605,-9.745038032531738,-9.437966346740723,-9.152959823608398,-8.926555633544922,-8.648307800292969,-8.46657657623291
-6.781721591949463,-7.064203262329102,-7.678954124450684,-9.098944664001465,-10.761713981628418,-10.948467254638672,-10.842549324035645,-10.612724304199219,-10.333941459655762,-10.133838653564453,-9.898417472839355,-9.588142395019531,-9.295365333557129,-8.940142631530762,-8.664743423461914,-8.723223686218262,-9.078508377075195,-9.395379066467285,-9.540094375610352,-9.70947551727295,-10.075058937072754,-10.728435516357422,-11.6614990234375,-12.506637573242188,-13.047319412231445,-13.55180549621582,-13.916851997375488,-14.369565963745117,-14.871116638183594,-15.082152366638184,-14.932048797607422,-15.570062637329102,-15.931581497192383,-14.468941688537598,-13.414432525634766,-12.291120529174805,-10.874256134033203,-10.00702953338623,-9.321828842163086,-8.896769523620605,-8.416751861572266,-8.17495346069336,-8.011497497558594,-8.134482383728027
-7.695301055908203,-7.987524509429932,-8.540901184082031,-9.779658317565918,-11.425797462463379,-11.463332176208496,-11.123604774475098,-11.065494537353516,-11.009212493896484,-10.863752365112305,-10.450254440307617,-9.886178016662598,-9.34730052947998,-8.875264167785645,-8.60924243927002,-8.682297706604004,-8.963104248046875,-9.140837669372559,-9.187445640563965,-9.388518333435059,-9.907979965209961,-10.613576889038086,-11.325346946716309,-11.957054138183594,-12.520651817321777,-13.129714012145996,-13.700190544128418,-13.986342430114746,-14.005581855773926,-13.73437786102295,-13.729248046875,-14.87175464630127,-14.965888977050781,-13.432873725891113,-12.308623313903809,-11.242791175842285,-10.690661430358887,-9.324230194091797,-8.704253196716309,-8.246744155883789,-7.758843421936035,-7.402455806732178,-7.194424629211426,-7.520886421203613
-8.544919967651367,-8.839797973632812,-9.243087768554688,-10.20042896270752,-11.819467544555664,-11.695831298828125,-11.23705005645752,-11.30072021484375,-11.377093315124512,-11.036005973815918,-10.346014022827148,-9.643099784851074,-9.014588356018066,-8.624717712402344,-8.626459121704102,-8.889551162719727,-9.098697662353516,-9.11890697479248,-9.111919403076172,-9.371231079101562,-10.048550605773926,-10.91683578491211,-11.634772300720215,-12.205724716186523,-12.711365699768066,-13.146418571472168,-13.566821098327637,-13.952554702758789,-14.187346458435059,-14.284517288208008,-14.35619831085205,-14.202455520629883,-13.538724899291992,-13.27796459197998,-11.766824722290039,-9.337050437927246,-10.502006530761719,-8.76570987701416,-8.285325050354004,-7.906125545501709,-7.551570415496826,-7.138939380645752,-6.758549690246582,-6.9293622970581055
