data/wind_data/wind_12_9.json
{"header": {"parameterUnit": "KT", "parameterCategory": 2, "nx": 256, "ny": 198, "lo1": 44.73521041870117, "la1": -3.236724853515625, "lo2": 111.26478576660156, "la2": 43.468475341796875, "dx": 0.2609002888202667, "dy": -0.23708222806453705, "refTime": "2025-02-19 12:00:00", "forecastTime": 0, "parameterNumber": 2, "parameterNumberName": "eastward_wind"}, "data":
[rows 38 to 56 of 198, columns 172 to 214 of 256]
17.951997756958008,18.920671463012695,19.46944808959961,19.642864227294922,19.629026412963867,19.2677059173584,18.83730697631836,18.795412063598633,19.153535842895508,19.99103355407715,21.245237350463867,22.468692779541016,23.104202270507812,23.076026916503906,22.223220825195312,20.4807186126709,18.473817825317383,17.22654914855957,16.736921310424805,15.906673431396484,14.532340049743652,14.192383766174316,15.341361999511719,16.422523498535156,16.076251983642578,14.507201194763184,12.798088073730469,11.46303653717041,10.903407096862793,11.46829605102539,12.8902006149292,13.902767181396484,13.7634916305542,13.204877853393555,12.92255973815918,12.395989418029785,11.289462089538574,10.483972549438477,10.60757827758789,11.684305191040039,12.673123359680176,13.860258102416992,14.557304382324219
17.56973648071289,17.78326988220215,18.003002166748047,18.144315719604492,18.751972198486328,19.6156063079834,20.218978881835938,20.08597755432129,19.562246322631836,19.721054077148438,20.62070655822754,21.658750534057617,22.417604446411133,22.625391006469727,21.88080406188965,20.206819534301758,18.1606388092041,16.534334182739258,15.74451732635498,15.029029846191406,14.279150009155273,14.672270774841309,16.10880470275879,16.874094009399414,15.967476844787598,14.13607120513916,12.495282173156738,11.058758735656738,10.130733489990234,10.630789756774902,12.309601783752441,13.544905662536621,13.099987983703613,11.679261207580566,10.427956581115723,9.426114082336426,8.690449714660645,8.817851066589355,9.472222328186035,10.087264060974121,10.582813262939453,12.227604866027832,13.14600944519043
17.75400161743164,17.504676818847656,17.39476776123047,17.31400489807129,17.9179744720459,19.251310348510742,20.517396926879883,20.680706024169922,19.959537506103516,19.50104522705078,19.684612274169922,20.053335189819336,20.607728958129883,21.298240661621094,21.179882049560547,19.892658233642578,17.83989715576172,15.911773681640625,14.81674575805664,14.408388137817383,14.425573348999023,15.351746559143066,16.907737731933594,17.50049591064453,16.24006462097168,14.121657371520996,12.18304443359375,10.336195945739746,8.80047607421875,8.815752983093262,10.443921089172363,12.088213920593262,12.005847930908203,10.466195106506348,8.835563659667969,7.61590576171875,7.06265926361084,7.838256359100342,9.140055656433105,9.477493286132812,9.224198341369629,9.93793773651123,11.049382209777832
18.226966857910156,18.02290916442871,17.957622528076172,17.63615608215332,17.4191951751709,17.947229385375977,19.012691497802734,19.680246353149414,19.600080490112305,19.403900146484375,19.348960876464844,19.19623374938965,19.320222854614258,19.940757751464844,20.225984573364258,19.46154022216797,17.635435104370117,15.720622062683105,14.66199016571045,14.532408714294434,14.757430076599121,15.306537628173828,16.44596290588379,17.19732093811035,16.354578018188477,14.196672439575195,11.752287864685059,9.684588432312012,8.093063354492188,7.575936794281006,8.478572845458984,9.799792289733887,10.153058052062988,9.356895446777344,8.267938613891602,7.455949306488037,7.731465816497803,8.40549373626709,9.404144287109375,9.435248374938965,8.519830703735352,8.130188941955566,9.233870506286621
18.605934143066406,18.19029998779297,18.228466033935547,17.96556854248047,17.06892967224121,16.55536651611328,16.994508743286133,17.868940353393555,18.527454376220703,18.974367141723633,19.20903778076172,19.10488510131836,18.97382354736328,19.096908569335938,19.07699203491211,18.45603370666504,17.11141014099121,15.682124137878418,14.93022632598877,14.452122688293457,14.828023910522461,15.025230407714844,14.991273880004883,15.01805591583252,14.868780136108398,13.808585166931152,11.680183410644531,9.56626033782959,8.02086067199707,7.017937660217285,6.793165683746338,7.1923699378967285,7.924306392669678,8.416420936584473,8.186057090759277,8.047395706176758,9.245353698730469,9.768506050109863,9.63309097290039,8.966974258422852,7.927703857421875,7.3409600257873535,8.063653945922852
18.3045711517334,17.0302791595459,16.687477111816406,16.783803939819336,16.470138549804688,16.04768943786621,16.014795303344727,16.22843360900879,16.605297088623047,17.267805099487305,18.15321159362793,18.89860725402832,19.076671600341797,18.57546615600586,17.821081161499023,17.153846740722656,16.308088302612305,15.399590492248535,14.818397521972656,14.327751159667969,14.44874095916748,14.253981590270996,12.888073921203613,11.623778343200684,11.901586532592773,12.486737251281738,11.704976081848145,9.733623504638672,7.944082736968994,6.83924674987793,6.328469276428223,6.1955461502075195,6.5452046394348145,7.19132137298584,7.7764739990234375,8.944523811340332,9.748031616210938,10.578863143920898,9.809321403503418,8.405735969543457,7.504090309143066,7.183311462402344,7.519898414611816
17.564393997192383,15.679656982421875,14.68709659576416,14.798625946044922,15.266570091247559,15.638957023620605,15.690186500549316,15.164405822753906,14.652426719665527,15.01758861541748,16.317014694213867,17.68320083618164,18.3262996673584,18.09922218322754,17.118444442749023,16.022293090820312,15.216595649719238,14.844198226928711,14.386941909790039,14.10770034790039,14.24545955657959,14.059134483337402,12.17710018157959,9.719586372375488,9.37851619720459,10.426998138427734,10.766529083251953,9.59478759765625,8.111265182495117,7.598748207092285,7.479870796203613,6.561237812042236,5.717235088348389,6.01857328414917,7.0927414894104,8.534842491149902,9.822763442993164,10.569025993347168,9.803065299987793,8.100645065307617,7.268133163452148,7.131646633148193,7.1240105628967285
16.654953002929688,14.952886581420898,13.538164138793945,13.14948558807373,13.52612018585205,14.266308784484863,14.754488945007324,14.297233581542969,13.439885139465332,13.263079643249512,14.228304862976074,15.716660499572754,16.82296371459961,17.34577178955078,16.907093048095703,15.525803565979004,14.229940414428711,13.68494987487793,13.520633697509766,13.488590240478516,13.904791831970215,14.460458755493164,12.93648624420166,9.464327812194824,7.637121200561523,7.948837757110596,8.780617713928223,9.182530403137207,8.98172664642334,8.686076164245605,8.170442581176758,7.1039299964904785,6.491008281707764,6.391366958618164,7.14164924621582,7.9070143699646,9.581287384033203,10.853147506713867,10.194465637207031,8.387523651123047,7.669475078582764,7.6780314445495605,7.139413833618164
15.25711727142334,14.094179153442383,12.697789192199707,11.822535514831543,11.689827919006348,12.269365310668945,13.021137237548828,13.267431259155273,12.875267028808594,12.495497703552246,12.786698341369629,13.765721321105957,14.937362670898438,15.799851417541504,16.097684860229492,15.369725227355957,13.701874732971191,12.276805877685547,12.039712905883789,12.543953895568848,13.163065910339355,14.005326271057129,13.120882034301758,9.534714698791504,6.122825622558594,5.6503777503967285,6.884135723114014,8.430143356323242,9.178864479064941,8.836098670959473,8.14091968536377,7.933332920074463,8.25624942779541,8.267610549926758,8.422293663024902,9.013712882995605,9.326332092285156,10.515923500061035,10.7072114944458,9.281572341918945,8.775999069213867,9.187750816345215,8.187090873718262
13.408597946166992,12.71522331237793,11.694910049438477,10.733128547668457,10.229540824890137,10.525519371032715,11.334783554077148,12.2266206741333,12.568507194519043,12.653398513793945,12.630853652954102,12.420278549194336,12.544214248657227,13.511801719665527,14.597043991088867,14.687219619750977,13.190205574035645,11.158924102783203,10.343852043151855,10.851797103881836,11.608748435974121,12.124521255493164,11.74597454071045,9.400198936462402,5.859793186187744,4.530768871307373,5.54435396194458,7.217562675476074,8.334200859069824,8.578120231628418,8.335858345031738,8.70267391204834,9.717927932739258,10.342277526855469,9.724757194519043,9.896918296813965,8.875000953674316,9.437984466552734,10.452972412109375,9.830368041992188,9.447000503540039,10.046490669250488,9.260918617248535
11.845003128051758,11.22030258178711,10.581379890441895,9.959412574768066,9.450979232788086,9.481912612915039,10.242339134216309,11.383289337158203,12.254531860351562,13.118902206420898,13.524909019470215,12.557537078857422,11.224218368530273,11.3060941696167,12.247679710388184,12.311664581298828,11.20937728881836,9.728346824645996,8.973225593566895,9.13365364074707,9.67243480682373,9.992430686950684,10.019911766052246,9.260078430175781,6.991713523864746,4.982799053192139,4.875451564788818,6.094101428985596,7.4048075675964355,8.489100456237793,9.20407772064209,9.387325286865234,10.104129791259766,11.67514705657959,10.634352684020996,9.682075500488281,8.500978469848633,8.856635093688965,9.614562034606934,9.333054542541504,9.296342849731445,9.865283966064453,9.606536865234375
11.378700256347656,10.359681129455566,9.67430591583252,9.375117301940918,9.082671165466309,8.974116325378418,9.418785095214844,10.499439239501953,11.687447547912598,13.09879207611084,14.099863052368164,13.226004600524902,11.2135591506958,9.908523559570312,9.546741485595703,9.102310180664062,8.550270080566406,8.00210189819336,7.785874843597412,8.012482643127441,8.375679969787598,8.452856063842773,8.7079496383667,9.03729248046875,7.901412487030029,5.641507148742676,4.7327165603637695,5.810378074645996,7.1413726806640625,8.253555297851562,9.583632469177246,10.000447273254395,10.382704734802246,11.678919792175293,10.315460205078125,9.793621063232422,9.0105562210083,9.207715034484863,8.652871131896973,7.572915077209473,8.278608322143555,9.643087387084961,9.816307067871094
11.339510917663574,10.010323524475098,8.870063781738281,8.281939506530762,7.879977703094482,7.681445121765137,7.900475978851318,8.989462852478027,10.701909065246582,12.39987850189209,13.45193862915039,12.876111030578613,10.780801773071289,8.935813903808594,7.773385524749756,6.881994724273682,6.477084159851074,6.379965782165527,6.449392795562744,6.881371974945068,7.201231479644775,7.088351726531982,7.345719814300537,7.9727349281311035,7.490375995635986,5.907264232635498,5.231348037719727,6.116513252258301,6.6361823081970215,7.200781345367432,9.338396072387695,10.708321571350098,10.654440879821777,10.621148109436035,9.5617036819458,10.144670486450195,10.011985778808594,9.875493049621582,7.962432384490967,5.7970757484436035,6.5811920166015625,9.003623008728027,9.970870018005371
10.886631965637207,9.757757186889648,8.51383113861084,7.553459167480469,6.670856475830078,6.1013360023498535,6.170218467712402,7.175102710723877,8.947273254394531,10.692910194396973,11.626054763793945,11.217388153076172,9.563498497009277,8.049548149108887,7.025198936462402,5.971231460571289,5.24700403213501,4.962326526641846,4.895860195159912,5.224311828613281,5.63975715637207,5.875731945037842,6.2709856033325195,6.834068775177002,6.756853103637695,6.337996006011963,6.605146884918213,7.196225166320801,6.7837300300598145,6.591792106628418,8.742082595825195,10.70649528503418,10.217379570007324,9.784900665283203,9.230228424072266,10.92278003692627,10.996243476867676,9.8452730178833,7.768841743469238,5.52638578414917,5.568026065826416,7.697210788726807,9.536722183227539
10.341843605041504,9.416546821594238,8.20463752746582,7.199102401733398,6.328179836273193,5.5679755210876465,5.318657875061035,5.844963073730469,6.8518266677856445,8.065289497375488,9.023160934448242,9.037209510803223,8.130888938903809,7.242435932159424,6.7723917961120605,6.002803802490234,5.031559467315674,4.293692111968994,3.8034963607788086,3.80749773979187,4.435497283935547,5.321869850158691,6.177523136138916,6.76576566696167,6.962160110473633,7.133822917938232,7.702988624572754,8.119094848632812,7.92107629776001,7.590815544128418,8.148218154907227,9.459362030029297,9.063509941101074,8.75843620300293,9.951882362365723,11.572319030761719,11.76517105102539,9.886394500732422,7.739412307739258,6.186281204223633,6.022651195526123,7.018457889556885,8.656648635864258
9.48542308807373,9.136109352111816,8.013772964477539,7.066367149353027,6.4532551765441895,5.79818058013916,5.39293909072876,5.449551582336426,5.653257846832275,5.912388801574707,6.311033725738525,6.5981316566467285,6.542227745056152,6.389262676239014,6.404654026031494,6.1507158279418945,5.3751959800720215,4.399710655212402,3.710458278656006,3.702500581741333,4.374876976013184,5.391319274902344,6.422754287719727,7.225927352905273,7.84393835067749,8.099812507629395,8.071393966674805,8.051325798034668,8.532790184020996,8.465662956237793,7.269732475280762,7.282147407531738,8.51036548614502,8.894515037536621,9.70750904083252,11.723148345947266,12.182221412658691,10.460404396057129,8.050567626953125,6.885218620300293,6.954555988311768,7.369963645935059,8.118317604064941
7.977315902709961,8.404279708862305,7.753274440765381,7.050580024719238,6.659948825836182,6.090895652770996,5.634511947631836,5.476585865020752,5.443382740020752,5.274295330047607,4.843013763427734,4.5768141746521,4.689891815185547,5.12414026260376,5.513472557067871,5.586971759796143,5.283979415893555,4.686127662658691,4.323450088500977,4.576766490936279,5.134826183319092,5.533476829528809,6.007698059082031,7.009226322174072,8.415925979614258,9.047086715698242,8.208890914916992,7.275041103363037,7.3791117668151855,7.120113849639893,6.142920017242432,6.252737998962402,8.254101753234863,8.87798023223877,9.373623847961426,10.754536628723145,11.865931510925293,10.749678611755371,8.40722370147705,7.824686527252197,8.365896224975586,8.151495933532715,7.7601704597473145
6.913033962249756,7.287860870361328,7.118108749389648,6.808778762817383,6.664810657501221,6.325409889221191,5.797449588775635,5.509518146514893,5.464854717254639,5.335655212402344,4.669806957244873,3.6269617080688477,3.038966178894043,3.321582317352295,3.9238433837890625,4.28115701675415,4.377240180969238,4.463501453399658,4.7370758056640625,5.1246771812438965,5.4288010597229,5.3290181159973145,5.370235443115234,6.53798246383667,8.378642082214355,9.1781005859375,7.904945373535156,6.295970916748047,5.561857223510742,5.024622917175293,4.920919418334961,5.994902610778809,7.307661056518555,7.850616455078125,8.9951171875,9.482283592224121,10.177821159362793,10.067505836486816,9.063435554504395,8.964630126953125,9.496006965637207,8.616931915283203,7.2408623695373535
7.134566783905029,6.952624797821045,6.7737717628479,6.507237911224365,6.487831115722656,6.3434271812438965,5.848801136016846,5.477120399475098,5.427087306976318,5.1871724128723145,4.396746635437012,3.164217233657837,2.0108273029327393,1.5063352584838867,1.7363024950027466,2.250213861465454,2.684797763824463,3.325486660003662,4.225879192352295,4.904430389404297,5.216443061828613,5.156280994415283,5.178208827972412,6.199955940246582,7.728590965270996,8.260242462158203,7.1779656410217285,5.622132301330566,4.310091495513916,3.74539852142334,4.368837833404541,5.806161880493164,6.169009208679199,7.175400257110596,9.536683082580566,8.718829154968262,7.830865383148193,8.04782772064209,9.248546600341797,9.163290977478027,8.998432159423828,8.603711128234863,7.30316686630249
