data/wind_data/wind_2025-02-19_13.json
{"header": {"parameterUnit": "KT", "parameterCategory": 2, "nx": 255, "ny": 198, "lo1": 44.73521041870117, "la1": -3.236724853515625, "lo2": 111.26478576660156, "la2": 43.468475341796875, "dx": 0.26192745566368103, "dy": -0.23708222806453705, "refTime": "2025-02-19 13:00:00", "forecastTime": 0, "parameterNumber": 3, "parameterNumberName": "northward_wind"}, "data":
[rows 114 to 132 of 198, columns 43 to 85 of 255]
-1.5309103727340698,-1.76438570022583,-3.019183397293091,-3.973724126815796,-2.236276388168335,3.6879518032073975,5.587888240814209,6.138250827789307,6.650894641876221,6.734518051147461,1.8991279602050781,-3.1198439598083496,-4.9861226081848145,-5.876970291137695,-6.209433555603027,-6.157601833343506,-5.435233116149902,-4.443037033081055,-3.295905351638794,-2.231011152267456,-1.696214199066162,-1.3998334407806396,-1.0183254480361938,-0.8342317342758179,-0.7029116153717041,-0.6429222822189331,-0.7914700508117676,0.26594606041908264,2.2025673389434814,3.540386438369751,3.611725330352783,3.567244529724121,4.503998279571533,5.777904510498047,7.036486625671387,8.086084365844727,8.187799453735352,7.741263389587402,7.904982566833496,9.317787170410156,13.117676734924316,11.763522148132324,10.37890338897705
2.6086137294769287,-2.5740280151367188,-6.112789630889893,-4.044898509979248,-2.947657585144043,1.9766263961791992,4.3387227058410645,5.6991496086120605,6.255331516265869,4.076165676116943,-4.189592361450195,-7.2587890625,-7.3800177574157715,-6.252110481262207,-6.371820449829102,-6.835801601409912,-6.405900955200195,-5.586310386657715,-4.868548393249512,-3.9039981365203857,-2.8907339572906494,-2.37471866607666,-2.3396053314208984,-2.3357813358306885,-2.447392463684082,-2.589332342147827,-2.357565402984619,-2.3917155265808105,-2.212538242340088,-1.4262083768844604,-0.8569941520690918,-0.6161787509918213,0.048639558255672455,1.061612844467163,2.0061428546905518,3.080326795578003,4.132396221160889,4.2079620361328125,4.213625431060791,4.078695297241211,5.944721698760986,9.22416877746582,10.35794448852539
5.0477800369262695,-2.375981330871582,-4.738943576812744,-2.639796018600464,-2.262021064758301,0.6452912092208862,2.2120678424835205,3.71096134185791,4.580478668212891,-2.0160348415374756,-6.866929531097412,-8.422425270080566,-9.254284858703613,-9.995099067687988,-10.88451862335205,-11.560531616210938,-11.370671272277832,-10.811467170715332,-10.140503883361816,-9.248225212097168,-8.068415641784668,-7.11231803894043,-5.938684940338135,-4.99434757232666,-4.420670032501221,-3.963383674621582,-3.6337995529174805,-3.299475908279419,-3.14821720123291,-3.254298210144043,-3.517953395843506,-3.631962299346924,-3.5059099197387695,-2.985626220703125,-2.5772480964660645,-2.316009521484375,-1.5567752122879028,-1.162090539932251,-1.2296475172042847,-0.1981145292520523,1.112372636795044,3.6262929439544678,6.156195640563965
4.303440570831299,-0.2661586403846741,-0.6344807744026184,-0.008691823109984398,0.07038657367229462,1.7342666387557983,1.3946911096572876,4.41671085357666,4.2451653480529785,-5.241278171539307,-8.744720458984375,-11.488687515258789,-12.813305854797363,-13.026057243347168,-13.531224250793457,-14.170516014099121,-14.16187858581543,-13.717495918273926,-12.87830924987793,-11.736849784851074,-10.442320823669434,-9.179369926452637,-7.587392330169678,-5.919355392456055,-4.699639320373535,-4.0399169921875,-3.6577658653259277,-3.5281200408935547,-4.143341541290283,-6.00312614440918,-7.849560737609863,-8.531671524047852,-7.996521949768066,-6.992967128753662,-6.143166542053223,-5.66034460067749,-5.233973503112793,-5.461333274841309,-5.603074073791504,-4.053647994995117,-1.197422742843628,1.237547755241394,3.3520257472991943
5.7068071365356445,3.510911226272583,2.7123162746429443,2.4608774185180664,3.9681596755981445,4.301289081573486,3.8195862770080566,5.6637043952941895,0.46257081627845764,-6.683597564697266,-9.847084999084473,-12.104684829711914,-13.499085426330566,-13.968511581420898,-13.99099063873291,-13.92955207824707,-13.704967498779297,-13.523662567138672,-13.001740455627441,-12.186605453491211,-11.10043716430664,-9.71874713897705,-8.07596206665039,-6.460206031799316,-5.456740856170654,-5.087193489074707,-5.966500759124756,-7.434171676635742,-10.048751831054688,-12.456957817077637,-13.573707580566406,-13.448089599609375,-12.75117301940918,-11.79568862915039,-10.94030475616455,-9.978626251220703,-9.098249435424805,-8.023942947387695,-6.722254276275635,-4.903282165527344,-2.893028974533081,-1.010122299194336,0.19393397867679596
6.835081100463867,5.403885841369629,3.9694812297821045,3.947841167449951,6.156094074249268,4.540131092071533,4.811388969421387,4.00236701965332,-3.10302996635437,-6.920329570770264,-9.78892993927002,-11.649711608886719,-12.161365509033203,-11.937362670898438,-11.902118682861328,-11.583819389343262,-11.297282218933105,-10.739992141723633,-10.232295989990234,-10.234878540039062,-9.6545991897583,-8.228964805603027,-6.521336555480957,-5.746936321258545,-5.20159912109375,-7.130110740661621,-10.261653900146484,-12.65200424194336,-15.018121719360352,-15.936415672302246,-15.593741416931152,-14.83125114440918,-14.248967170715332,-13.83291244506836,-13.308481216430664,-12.710736274719238,-11.854077339172363,-8.806217193603516,-6.3754401206970215,-4.667120456695557,-3.6429896354675293,-2.7471139430999756,-2.5844368934631348
7.437990665435791,6.226186275482178,4.560484409332275,4.623175621032715,3.2052927017211914,0.6081751585006714,-0.0381748229265213,-0.5217987298965454,-3.63452410697937,-6.437355995178223,-8.837295532226562,-10.571511268615723,-11.702347755432129,-11.748366355895996,-12.046270370483398,-12.066091537475586,-11.53703784942627,-9.694889068603516,-7.6623406410217285,-7.538802623748779,-7.141204357147217,-6.056504249572754,-5.580785751342773,-5.22599983215332,-5.680104732513428,-10.492454528808594,-13.12871265411377,-14.06135082244873,-14.090290069580078,-13.762153625488281,-13.396026611328125,-13.101425170898438,-12.844525337219238,-12.756940841674805,-12.340234756469727,-11.721331596374512,-10.869340896606445,-8.33840274810791,-7.287708759307861,-6.6563849449157715,-5.667630195617676,-4.6253557205200195,-3.8515636920928955
6.3457794189453125,5.381295204162598,4.345265865325928,2.400033473968506,-0.43637987971305847,-1.1696339845657349,-1.0350106954574585,-2.125739097595215,-5.133053302764893,-7.8516740798950195,-9.977995872497559,-11.962112426757812,-13.52331829071045,-13.844555854797363,-13.909064292907715,-13.999364852905273,-13.412605285644531,-11.20513916015625,-7.886851787567139,-6.639604568481445,-5.587181091308594,-5.530429363250732,-5.918185710906982,-3.804252862930298,-7.446741580963135,-12.416574478149414,-13.22262954711914,-13.504823684692383,-13.531473159790039,-13.13613224029541,-12.363698959350586,-11.634013175964355,-11.081439018249512,-10.8536958694458,-10.673782348632812,-10.34096622467041,-9.122323036193848,-7.6864471435546875,-6.1072001457214355,-5.3965959548950195,-4.6865763664245605,-4.457856178283691,-4.008960723876953
4.9920806884765625,4.614819049835205,2.834681749343872,1.461053490638733,1.647127389907837,1.2889829874038696,0.54427170753479,-1.381986379623413,-4.445661544799805,-8.995854377746582,-12.31039810180664,-14.125609397888184,-16.437604904174805,-16.369125366210938,-16.270374298095703,-16.41366195678711,-15.481039047241211,-13.964964866638184,-10.409260749816895,-8.442744255065918,-6.773787498474121,-6.6987504959106445,-4.975475788116455,-5.402100563049316,-10.970834732055664,-12.958405494689941,-13.156791687011719,-13.538551330566406,-13.5078763961792,-12.506893157958984,-11.078648567199707,-10.264785766601562,-9.251165390014648,-8.511893272399902,-8.073789596557617,-7.987506866455078,-7.824997901916504,-7.466190338134766,-5.65305233001709,-4.0452046394348145,-3.27174711227417,-3.0017049312591553,-2.767287492752075
7.582845687866211,6.15584135055542,4.106706619262695,4.1248779296875,3.714214324951172,3.321873664855957,2.923261880874634,1.5527633428573608,-3.6735033988952637,-9.225236892700195,-14.732282638549805,-16.089370727539062,-18.35291290283203,-16.96302032470703,-16.58554458618164,-17.225975036621094,-15.869112014770508,-14.525747299194336,-11.447765350341797,-9.664070129394531,-7.305233478546143,-6.957299709320068,-6.822370529174805,-10.363629341125488,-13.107216835021973,-13.712287902832031,-13.845956802368164,-13.749627113342285,-13.305880546569824,-12.312324523925781,-10.917524337768555,-9.613286972045898,-8.280014038085938,-7.091660976409912,-5.779399871826172,-4.999505519866943,-5.392743110656738,-6.300593376159668,-5.327836990356445,-3.8420822620391846,-2.9808883666992188,-2.509493589401245,-2.7117435932159424
8.816072463989258,6.618851184844971,6.467172622680664,6.165160179138184,4.561121463775635,4.245782375335693,3.096113443374634,-0.8741827607154846,-4.563225269317627,-11.422030448913574,-16.28523063659668,-17.072755813598633,-16.792919158935547,-16.50783348083496,-15.73727798461914,-15.22449779510498,-14.199705123901367,-13.024853706359863,-10.604382514953613,-9.266097068786621,-6.447193145751953,-8.89424991607666,-10.686698913574219,-12.19173812866211,-13.318771362304688,-14.220508575439453,-14.428433418273926,-14.1496000289917,-13.837316513061523,-13.350166320800781,-12.0729341506958,-10.273015022277832,-8.276515007019043,-6.464987277984619,-4.618828773498535,-2.749788999557495,-2.3914437294006348,-3.8394734859466553,-4.306495666503906,-4.294666767120361,-3.94130277633667,-4.06527853012085,-4.735308647155762
8.466906547546387,7.126650810241699,7.207465171813965,7.369265079498291,7.2040696144104,4.632257461547852,-1.965120792388916,-4.161880970001221,-7.256965637207031,-14.993692398071289,-17.32301902770996,-15.95627212524414,-15.004009246826172,-15.588974952697754,-14.680194854736328,-13.938651084899902,-13.30433177947998,-12.181496620178223,-9.760780334472656,-8.228351593017578,-6.415289878845215,-10.467576026916504,-11.01296615600586,-12.428298950195312,-13.877056121826172,-14.658048629760742,-14.629430770874023,-14.393080711364746,-14.333529472351074,-13.951464653015137,-12.726381301879883,-10.758816719055176,-8.598557472229004,-6.502631664276123,-5.087108612060547,-3.0482311248779297,-2.205976963043213,-3.6157467365264893,-5.463638782501221,-6.8874335289001465,-6.636422634124756,-6.870016098022461,-6.884129524230957
8.31104850769043,8.517074584960938,8.249675750732422,8.899707794189453,8.473750114440918,4.129573822021484,-2.5064496994018555,-5.370552062988281,-12.104523658752441,-15.191844940185547,-16.044273376464844,-14.87700080871582,-14.534913063049316,-14.448515892028809,-13.719042778015137,-13.148064613342285,-12.667299270629883,-11.567532539367676,-9.936898231506348,-8.555219650268555,-7.875289440155029,-10.504895210266113,-11.741158485412598,-13.729304313659668,-14.93460750579834,-15.064690589904785,-14.329948425292969,-14.1990966796875,-14.096834182739258,-13.524482727050781,-12.322128295898438,-10.599296569824219,-8.939020156860352,-7.449812412261963,-6.798867225646973,-6.044912338256836,-6.048068523406982,-6.599024295806885,-6.994597911834717,-6.883544921875,-6.7498908042907715,-7.165437698364258,-6.2651448249816895
10.621625900268555,11.268558502197266,11.02996826171875,10.688681602478027,8.094902992248535,6.349940299987793,3.107311964035034,-8.243720054626465,-11.908205032348633,-12.053861618041992,-13.195352554321289,-14.03574275970459,-14.272193908691406,-14.063790321350098,-13.4080171585083,-12.62817096710205,-12.220327377319336,-10.879496574401855,-10.279955863952637,-8.766226768493652,-9.46058177947998,-11.09619140625,-13.324043273925781,-14.978599548339844,-15.514805793762207,-15.061430931091309,-14.366196632385254,-14.248464584350586,-13.93423843383789,-13.034004211425781,-11.530210494995117,-10.094258308410645,-8.980096817016602,-8.421784400939941,-8.522775650024414,-9.21613883972168,-10.625969886779785,-10.24649429321289,-8.326904296875,-7.286563873291016,-7.0749993324279785,-7.286563873291016,-6.607337474822998
8.593306541442871,11.806778907775879,11.771032333374023,9.99313735961914,8.076685905456543,7.846945285797119,5.634263515472412,-7.8001275062561035,-8.635409355163574,-10.734190940856934,-12.568446159362793,-13.77833366394043,-14.197968482971191,-13.8455171585083,-13.02939510345459,-11.934894561767578,-11.144144058227539,-9.51050853729248,-9.570720672607422,-8.912675857543945,-9.5329008102417,-11.82166862487793,-13.871135711669922,-14.526551246643066,-14.416971206665039,-14.776556015014648,-15.04545783996582,-14.716791152954102,-13.887374877929688,-13.139752388000488,-11.96654224395752,-10.958431243896484,-10.108625411987305,-9.58266830444336,-10.314093589782715,-11.405780792236328,-12.406279563903809,-11.552327156066895,-9.893810272216797,-9.309969902038574,-8.275921821594238,-7.42349910736084,-7.778962135314941
1.475948691368103,6.828293323516846,9.41319465637207,10.209476470947266,9.277741432189941,9.637587547302246,3.7435529232025146,-6.096879959106445,-8.258408546447754,-11.027303695678711,-12.485676765441895,-13.243714332580566,-13.647202491760254,-12.971197128295898,-12.067880630493164,-11.377946853637695,-10.462102890014648,-9.223648071289062,-10.308873176574707,-9.491294860839844,-8.879660606384277,-11.447968482971191,-12.002228736877441,-11.922144889831543,-12.545785903930664,-13.740022659301758,-14.622004508972168,-14.612482070922852,-14.06845760345459,-13.698457717895508,-13.24242877960205,-12.773272514343262,-11.613103866577148,-11.129595756530762,-11.328110694885254,-11.62385368347168,-10.844987869262695,-9.838530540466309,-8.79407787322998,-8.578392028808594,-7.511107921600342,-6.112456321716309,-6.836208343505859
2.7262015342712402,6.97697639465332,8.18916130065918,8.860318183898926,9.396727561950684,8.68281078338623,0.12466666102409363,-5.707722187042236,-8.744685173034668,-10.291627883911133,-11.438857078552246,-12.147740364074707,-12.593958854675293,-11.869344711303711,-10.7185697555542,-11.010897636413574,-10.503561019897461,-10.025134086608887,-11.178988456726074,-8.229218482971191,-7.799628257751465,-9.632760047912598,-9.335668563842773,-9.56623363494873,-10.241005897521973,-11.237469673156738,-12.240217208862305,-13.112656593322754,-13.532888412475586,-13.570063591003418,-13.304450988769531,-12.979965209960938,-11.479044914245605,-11.973325729370117,-11.733784675598145,-10.811264038085938,-9.547388076782227,-7.996923446655273,-7.230684280395508,-7.02333402633667,-7.119517803192139,-6.57525634765625,-7.1542840003967285
3.7252495288848877,4.689494609832764,3.6952643394470215,2.7241430282592773,2.806424379348755,2.3958475589752197,-0.7607853412628174,-6.74680233001709,-8.485067367553711,-9.433675765991211,-10.759799003601074,-11.385795593261719,-12.130919456481934,-11.06887149810791,-9.783190727233887,-9.872908592224121,-9.273795127868652,-9.326841354370117,-10.490242004394531,-6.085313320159912,-6.531434535980225,-7.752223491668701,-7.945736408233643,-8.154528617858887,-8.62167739868164,-9.226091384887695,-10.09369945526123,-11.178966522216797,-11.945425033569336,-12.266170501708984,-12.133099555969238,-11.881575584411621,-11.448125839233398,-11.225866317749023,-10.831863403320312,-9.204313278198242,-7.9568610191345215,-6.525898456573486,-6.077840805053711,-5.449574947357178,-5.893710136413574,-5.641632080078125,-7.046040058135986
-1.4181891679763794,-2.793895959854126,-4.707217693328857,-4.908690929412842,-5.203156471252441,-3.3819072246551514,-3.818912982940674,-8.646903991699219,-8.464665412902832,-9.609906196594238,-10.865920066833496,-11.699508666992188,-11.698958396911621,-10.730026245117188,-9.139213562011719,-8.385738372802734,-7.400447368621826,-7.959505558013916,-9.10196304321289,-4.637275218963623,-6.443159103393555,-7.745253086090088,-8.382858276367188,-8.314228057861328,-8.38835334777832,-8.683733940124512,-9.142535209655762,-9.72965145111084,-10.346129417419434,-10.853445053100586,-11.174078941345215,-11.26801872253418,-11.074360847473145,-10.323190689086914,-9.64112377166748,-7.8367018699646,-7.233473777770996,-6.203904151916504,-4.870553970336914,-4.5131754875183105,-4.690598964691162,-4.651222229003906,-5.339798927307129
