data/wind_data/wind_68_0.json
{"header": {"parameterUnit": "KT", "parameterCategory": 2, "nx": 255, "ny": 198, "lo1": 44.73521041870117, "la1": -3.236724853515625, "lo2": 111.26478576660156, "la2": 43.468475341796875, "dx": 0.26192745566368103, "dy": -0.23708222806453705, "refTime": "2025-02-21 20:00:00", "forecastTime": 0, "parameterNumber": 2, "parameterNumberName": "eastward_wind"}, "data":
[rows 114 to 132 of 198, columns 172 to 214 of 255]
-6.914844989776611,-7.077387809753418,-5.4348554611206055,-4.456586837768555,-5.341066837310791,-4.06121301651001,-0.8977198600769043,1.4590421915054321,1.903252363204956,2.625601291656494,4.302963733673096,5.795904159545898,4.081959247589111,0.10619346797466278,-2.766878366470337,-3.700015068054199,-0.770967960357666,2.041883945465088,0.4604438841342926,0.48111316561698914,3.8569037914276123,6.545398235321045,3.992607831954956,-2.374377489089966,-3.585759401321411,1.6749290227890015,0.2511271834373474,-5.804646015167236,-3.1534879207611084,1.514617919921875,-3.159013271331787,-7.568244934082031,-3.253246784210205,3.8948848247528076,5.171302795410156,0.8852870464324951,-1.2556127309799194,2.5117573738098145,4.042799949645996,6.115478515625,8.773082733154297,5.506022930145264,2.522017002105713
-6.4311017990112305,-5.69726037979126,-2.9036502838134766,-2.3438122272491455,-3.1028122901916504,-3.1623141765594482,-1.7462759017944336,-0.8895339965820312,-0.7466063499450684,0.10815466195344925,2.5368947982788086,4.692171096801758,2.3895866870880127,-4.154707431793213,-3.5276713371276855,-2.777522087097168,-3.981510639190674,-4.188316345214844,-4.104931354522705,-2.1797914505004883,4.165852069854736,7.171416759490967,5.725924968719482,-2.5775203704833984,-4.916562557220459,1.1066689491271973,1.2011820077896118,-5.808678150177002,-4.222157955169678,0.3610398769378662,-2.753242254257202,-7.626776695251465,-6.76200532913208,-1.9077626466751099,3.5402512550354004,2.4333906173706055,0.4882453382015228,3.2571003437042236,4.982347011566162,10.843938827514648,11.222602844238281,1.4432923793792725,0.2899256944656372
-6.4484639167785645,-4.103687763214111,-1.7254005670547485,-0.6389892101287842,-0.96293044090271,-1.3378221988677979,-1.7210601568222046,-2.1954784393310547,-1.7318918704986572,-0.938567042350769,2.0752451419830322,4.178768634796143,0.6814189553260803,-5.371539115905762,-4.640740394592285,0.12055572122335434,-3.162642240524292,-7.325689792633057,-5.45559549331665,-2.4008097648620605,2.2328073978424072,5.734058380126953,6.039601802825928,-0.01657315529882908,-3.7174954414367676,-0.8014732003211975,2.515906810760498,-2.0939712524414062,-5.899540901184082,-1.7619816064834595,-1.617652177810669,-6.88211727142334,-7.733516693115234,-2.3649685382843018,4.1957783699035645,4.125120162963867,1.6200824975967407,4.519207954406738,7.023560523986816,12.746198654174805,9.462706565856934,-1.3988271951675415,0.11511870473623276
-5.817098617553711,-5.039078235626221,-3.689143180847168,-3.2188994884490967,-3.497398853302002,-3.4697139263153076,-3.651556968688965,-3.4990782737731934,-2.5923380851745605,-2.4596035480499268,-1.0946904420852661,-0.7544267773628235,-3.9515371322631836,-5.832424163818359,-3.9179599285125732,0.9898021221160889,0.08288352191448212,-4.806408882141113,-5.4892168045043945,-2.075838804244995,0.6213656067848206,3.183492660522461,2.9066872596740723,1.3224879503250122,-0.7792880535125732,-1.4936070442199707,1.9829999208450317,-1.2596982717514038,-6.506864070892334,-1.1127355098724365,0.5671914219856262,-6.739382743835449,-7.966494083404541,-2.1552693843841553,4.023466110229492,5.325080871582031,4.270685195922852,5.517390251159668,8.88006591796875,12.762641906738281,11.617753982543945,4.718259811401367,4.641354084014893
1.1460264921188354,0.393322616815567,-1.6455787420272827,-2.2178573608398438,-1.088045358657837,-1.7835904359817505,-2.261181354522705,-0.6943145990371704,0.529348611831665,-0.719697892665863,-1.5429178476333618,-1.6310285329818726,-3.7987422943115234,-4.327345371246338,-3.9859843254089355,-2.0294508934020996,-0.9212507009506226,-1.9687007665634155,-3.0789453983306885,-2.7225310802459717,-2.23634672164917,-2.7744834423065186,-2.6477911472320557,0.34354937076568604,2.287541389465332,0.49718162417411804,-0.23556500673294067,-2.1396172046661377,-5.405054092407227,0.20842809975147247,0.20675821602344513,-6.928781509399414,-6.438951015472412,-2.2701191902160645,2.984926462173462,6.547075271606445,5.407647609710693,7.341815948486328,11.771114349365234,14.105646133422852,12.945157051086426,9.009783744812012,9.766551971435547
4.996509075164795,3.8159379959106445,1.6977362632751465,1.027006983757019,0.8659629225730896,-0.08555179834365845,-1.3950159549713135,-0.15138721466064453,2.140826463699341,2.1904995441436768,1.67870032787323,1.833639144897461,-0.6377156376838684,-2.9151370525360107,-2.439767599105835,-2.354485273361206,-2.1973423957824707,-1.9280881881713867,-1.1724578142166138,-2.1445372104644775,-3.8118693828582764,-4.333616733551025,-2.214773416519165,0.4432240426540375,2.2475101947784424,-0.4146525263786316,-1.4244270324707031,0.3644615709781647,-1.4401739835739136,1.1775844097137451,-0.38100409507751465,-6.390603542327881,-4.574887275695801,-1.6167619228363037,3.569579601287842,9.756333351135254,9.516250610351562,8.13164234161377,11.643118858337402,16.179651260375977,16.566049575805664,11.450411796569824,7.77910852432251
4.52449893951416,1.6483426094055176,0.9699910283088684,1.3383210897445679,0.9874699711799622,0.7314971685409546,-2.258837938308716,-1.6333543062210083,3.4286391735076904,4.456260681152344,3.769110918045044,3.134350061416626,-1.5680201053619385,-4.26474142074585,-2.340066432952881,-0.6640464663505554,1.2856104373931885,0.6356253623962402,-1.236056923866272,-1.5349284410476685,-3.274378776550293,-4.000202655792236,-2.455223798751831,-0.6942635774612427,-2.1721887588500977,-4.846923828125,-2.047654151916504,2.170154333114624,2.083230972290039,2.5349185466766357,-0.13283000886440277,-5.883871555328369,-4.237418174743652,-1.1973944902420044,4.200623512268066,9.581320762634277,8.91929817199707,7.550609111785889,11.135174751281738,17.93482780456543,21.39609718322754,13.152743339538574,6.670302867889404
1.9635975360870361,-0.48898735642433167,1.1412609815597534,2.511847496032715,2.3250322341918945,2.135396718978882,-1.779405951499939,-2.3954572677612305,3.2319858074188232,5.58837366104126,4.692408084869385,3.419694185256958,-1.6109634637832642,-3.8198721408843994,-0.9870643019676208,0.8548575043678284,2.295888900756836,3.6420538425445557,1.397699236869812,-0.8064969182014465,-0.861076295375824,-1.161089539527893,-1.1802011728286743,-1.1860231161117554,-4.60142707824707,-7.049104690551758,-3.068455934524536,2.030302047729492,4.796034812927246,4.388916969299316,-1.1075948476791382,-7.102843284606934,-5.418151378631592,0.3368242681026459,6.745364665985107,10.165755271911621,10.159092903137207,10.302419662475586,14.363591194152832,21.585542678833008,21.750232696533203,10.352639198303223,6.383822441101074
-0.8325830698013306,-1.8376710414886475,0.9791272282600403,3.463799476623535,3.732896089553833,1.6105881929397583,-1.5777173042297363,-1.5140366554260254,1.7535455226898193,5.732717037200928,6.569061279296875,4.606715679168701,1.502901554107666,-2.3961167335510254,-1.0373629331588745,2.461848497390747,3.8170254230499268,4.164036750793457,2.522387742996216,0.9938823580741882,0.77369624376297,0.2982734143733978,-0.2495902180671692,-0.5343936681747437,-5.039811611175537,-9.576107025146484,-3.831608772277832,3.69930362701416,5.6419901847839355,2.8502910137176514,-1.3403819799423218,-5.812371253967285,-4.588141441345215,3.0293219089508057,8.092061042785645,9.18135929107666,10.673602104187012,9.720786094665527,13.542374610900879,20.042829513549805,17.74036979675293,9.393741607666016,8.269796371459961
-0.7566686272621155,-0.875852644443512,4.312071323394775,7.81250524520874,7.406936168670654,1.0942052602767944,-2.2168874740600586,0.7694944143295288,2.7033305168151855,5.6404805183410645,13.46901798248291,13.724126815795898,7.808531761169434,3.8863329887390137,3.6220455169677734,3.5236401557922363,4.942838668823242,4.4122209548950195,2.064580202102661,0.6094098091125488,1.629230260848999,1.0877536535263062,-1.3305822610855103,-2.7553019523620605,-6.323899745941162,-9.539332389831543,-4.741738796234131,3.009171485900879,5.51460075378418,4.13250207901001,0.7769590020179749,-1.7792867422103882,1.3073217868804932,7.779246807098389,9.329145431518555,10.703947067260742,13.71156120300293,13.406196594238281,14.231207847595215,18.60280990600586,18.8070125579834,11.080833435058594,9.973511695861816
2.843524694442749,3.7945239543914795,8.480461120605469,12.53182315826416,9.965377807617188,1.451384425163269,-2.7170658111572266,3.6771793365478516,6.069360733032227,8.780069351196289,15.328564643859863,20.56467056274414,14.447002410888672,6.047549247741699,2.966315269470215,1.9554120302200317,2.023244857788086,1.6232693195343018,1.246329426765442,1.1929084062576294,0.8905875086784363,0.6948135495185852,-1.6398043632507324,-6.243808746337891,-8.413883209228516,-7.611824035644531,-5.489166736602783,-0.938073456287384,7.121130466461182,7.836333274841309,3.3215975761413574,4.10390567779541,7.6173906326293945,8.274168968200684,7.5860114097595215,11.075201034545898,13.175600051879883,13.338032722473145,14.21821117401123,17.554988861083984,19.736642837524414,12.63438606262207,9.959694862365723
11.344903945922852,13.64976978302002,16.494117736816406,14.968809127807617,8.99691104888916,2.0724973678588867,0.7078561186790466,6.0722737312316895,10.273624420166016,13.460371017456055,13.39841079711914,15.268200874328613,14.642170906066895,8.160257339477539,3.901949167251587,1.6996572017669678,1.1095536947250366,0.6739016175270081,1.7898344993591309,1.2946301698684692,-2.218167543411255,-3.268115997314453,-3.466712713241577,-6.120314121246338,-7.501554012298584,-5.8403849601745605,-4.487269878387451,-3.236604928970337,1.9011861085891724,7.138964653015137,7.010609149932861,9.078621864318848,12.80302906036377,7.796808242797852,7.6922993659973145,12.66627025604248,9.769070625305176,7.237088680267334,10.32113265991211,13.865826606750488,17.854854583740234,15.965474128723145,10.781710624694824
14.3032808303833,14.82643985748291,13.983566284179688,12.611024856567383,10.116515159606934,9.612007141113281,7.279329776763916,8.001648902893066,10.323894500732422,11.926137924194336,10.138418197631836,10.509869575500488,13.144238471984863,9.432367324829102,5.44802188873291,2.506547212600708,2.3893802165985107,1.7711384296417236,0.6402941346168518,0.6122971773147583,-2.3733344078063965,-4.325530052185059,-3.070063591003418,-3.9333441257476807,-5.879227161407471,-5.854892253875732,-3.5057320594787598,-2.5959863662719727,-3.290332794189453,0.1617947667837143,6.069590091705322,14.867209434509277,16.45979881286621,3.1218159198760986,2.9535272121429443,13.506355285644531,7.867213726043701,4.197927474975586,9.053961753845215,12.22330379486084,14.459753036499023,12.986945152282715,12.332535743713379
13.014156341552734,12.84743595123291,12.040478706359863,10.297438621520996,9.18559741973877,10.561944007873535,12.17679500579834,11.71178150177002,11.738837242126465,12.959673881530762,12.604805946350098,13.342256546020508,15.686697959899902,11.821718215942383,6.836683750152588,4.216125965118408,3.3555853366851807,0.7850695848464966,-0.4967978894710541,0.0721702128648758,-2.1154465675354004,-5.23425817489624,-4.263192653656006,-2.88525128364563,-5.043789863586426,-6.029332160949707,-2.6889007091522217,-1.1308002471923828,-2.222648859024048,-0.37174612283706665,2.950697183609009,13.713995933532715,18.20169448852539,2.609247922897339,0.6213822960853577,12.546648025512695,6.870530605316162,-0.0239748265594244,5.701807498931885,12.402823448181152,15.73654556274414,16.49502944946289,15.373903274536133
10.782642364501953,13.74897575378418,14.389068603515625,12.34850025177002,10.863507270812988,11.95760440826416,13.599534034729004,13.991852760314941,14.217840194702148,14.710410118103027,12.315312385559082,9.134037017822266,6.657713890075684,3.6595356464385986,3.8049988746643066,5.309227466583252,4.057687282562256,0.9528817534446716,-2.0758631229400635,-1.220975637435913,0.11746831238269806,-4.32788610458374,-6.0561370849609375,-4.075098037719727,-4.730306625366211,-4.132510185241699,-2.066418170928955,3.854127883911133,6.298345565795898,5.2468767166137695,8.255759239196777,14.1571044921875,14.94668960571289,9.893436431884766,8.60168170928955,8.272442817687988,1.5732766389846802,-2.9591922760009766,2.677818775177002,10.748284339904785,15.042113304138184,17.039623260498047,14.256845474243164
11.194829940795898,14.349117279052734,15.621575355529785,14.107399940490723,11.754715919494629,11.534027099609375,12.086991310119629,10.447635650634766,8.052248001098633,6.893951416015625,5.983606815338135,4.570239067077637,5.136816501617432,6.046482086181641,5.267327785491943,6.022958278656006,6.000731468200684,3.3041932582855225,-0.9047638773918152,-1.7916547060012817,1.936436653137207,-1.165373682975769,-7.445529460906982,-6.067392349243164,-3.66968035697937,-1.9859906435012817,1.3389499187469482,8.694561004638672,12.877928733825684,8.09315299987793,7.363969802856445,9.457737922668457,9.611507415771484,15.436590194702148,12.494511604309082,1.2874493598937988,-3.283583879470825,-1.4975175857543945,4.124495983123779,9.810466766357422,13.563010215759277,17.055164337158203,17.72934913635254
6.392856597900391,8.86611557006836,9.151945114135742,11.585478782653809,12.014384269714355,7.816221237182617,7.348999500274658,9.358771324157715,9.02705192565918,7.300138473510742,6.52888822555542,7.359405040740967,8.21800708770752,12.088656425476074,8.703486442565918,9.423131942749023,9.679758071899414,4.689955234527588,1.1138432025909424,-0.4809317886829376,-0.508006751537323,-0.6592767834663391,-4.714603424072266,-5.0716705322265625,-1.302575707435608,1.7178791761398315,5.339948654174805,9.494004249572754,12.960002899169922,6.261445999145508,1.2018117904663086,3.7239484786987305,12.145535469055176,18.054346084594727,8.654814720153809,-2.538172721862793,-2.9070332050323486,1.406728744506836,5.761946201324463,9.653301239013672,13.233329772949219,16.329771041870117,17.734508514404297
7.040911674499512,7.755885124206543,7.608453750610352,10.358555793762207,14.574007987976074,7.865200519561768,3.7402749061584473,7.775657653808594,11.00184440612793,9.955300331115723,9.351507186889648,12.312894821166992,15.398882865905762,14.306398391723633,13.480806350708008,11.541051864624023,5.104448318481445,0.17231109738349915,2.424283742904663,3.073347330093384,-0.2949124276638031,-2.1716701984405518,-3.6783618927001953,-1.2511975765228271,1.2072383165359497,2.0583980083465576,4.377912998199463,11.996415138244629,12.949707984924316,-2.793327808380127,-6.456361293792725,4.4255051612854,12.78425407409668,13.566905975341797,4.948817729949951,-2.276294469833374,-0.8188657760620117,3.953761100769043,6.7336039543151855,9.874823570251465,13.180753707885742,14.945955276489258,17.02107048034668
10.432049751281738,11.757246971130371,11.037915229797363,9.591850280761719,12.014079093933105,9.231206893920898,2.7253129482269287,2.2475271224975586,5.6314616203308105,9.524055480957031,11.565081596374512,11.997414588928223,12.54971981048584,10.758708000183105,6.452301502227783,-0.9872422814369202,-6.2804765701293945,-2.0028867721557617,4.841762065887451,3.292006492614746,-0.40853115916252136,-1.6405025720596313,-3.0318422317504883,-1.5556678771972656,-0.41555243730545044,1.6697335243225098,8.458535194396973,16.91292953491211,7.932732105255127,-6.898052215576172,-2.313586950302124,9.86866569519043,11.196170806884766,8.437337875366211,5.4249267578125,-0.1975276619195938,0.06433507800102234,5.127138614654541,8.526728630065918,10.793233871459961,12.545516967773438,14.767684936523438,16.318586349487305
