data/wind_data/wind_6_7.json
{"header": {"parameterUnit": "KT", "parameterCategory": 2, "nx": 256, "ny": 198, "lo1": 44.73521041870117, "la1": -3.236724853515625, "lo2": 111.26478576660156, "la2": 43.468475341796875, "dx": 0.2609002888202667, "dy": -0.23708222806453705, "refTime": "2025-02-19 06:00:00", "forecastTime": 0, "parameterNumber": 2, "parameterNumberName": "eastward_wind"}, "data":
[rows 80 to 99 of 198, columns 0 to 43 of 256]
47.2995719909668,45.40126419067383,45.15308380126953,45.621551513671875,45.82746124267578,45.770992279052734,45.5477409362793,45.512840270996094,45.850406646728516,46.31267166137695,46.63140869140625,46.82182312011719,46.89928436279297,46.67982864379883,46.137939453125,45.573753356933594,45.23435592651367,45.06904220581055,44.89799118041992,44.54587173461914,43.99460220336914,43.43214416503906,43.005706787109375,42.610191345214844,42.19258499145508,42.02264404296875,42.29168701171875,42.768680572509766,43.138526916503906,43.282371520996094,43.24596405029297,43.08294677734375,42.8245964050293,42.54879379272461,42.31932067871094,42.12875747680664,41.954898834228516,41.58502197265625,40.84457015991211,40.05066680908203,39.64194107055664,39.49138259887695,39.300315856933594,39.15541076660156
49.62704849243164,47.352787017822266,47.07176971435547,47.49081802368164,47.91084671020508,48.058990478515625,47.97509002685547,47.99699401855469,48.31594467163086,48.771484375,49.15326690673828,49.45524215698242,49.64824295043945,49.50245666503906,48.85481262207031,47.96063995361328,47.17677307128906,46.48536682128906,45.823455810546875,45.343685150146484,45.052635192871094,44.804805755615234,44.554283142089844,44.33400344848633,44.12907791137695,43.97687530517578,44.029808044433594,44.33974075317383,44.73686599731445,44.988380432128906,45.010250091552734,44.86491394042969,44.62395477294922,44.35894775390625,44.1812629699707,44.120323181152344,44.0545768737793,43.86380386352539,43.466922760009766,42.84702682495117,42.27003860473633,41.90196228027344,41.540748596191406,41.116729736328125
51.29737854003906,49.547000885009766,49.120628356933594,49.027435302734375,49.60316467285156,50.066802978515625,50.16487503051758,50.15502166748047,50.27232360839844,50.50992202758789,50.705909729003906,50.85599899291992,51.02603530883789,51.0624885559082,50.63379669189453,49.78989791870117,48.95136260986328,48.22256851196289,47.41816711425781,46.6387825012207,46.1899299621582,46.0938835144043,46.11414337158203,46.130619049072266,46.160221099853516,46.16807556152344,46.25728988647461,46.62214660644531,47.15396499633789,47.44695281982422,47.278133392333984,46.81633377075195,46.40214538574219,46.20496368408203,46.19133758544922,46.28499221801758,46.28235626220703,46.01824188232422,45.617122650146484,45.258785247802734,45.05934143066406,45.02737808227539,44.894142150878906,44.46574783325195
53.79133605957031,52.203582763671875,51.50502395629883,51.120601654052734,51.67397689819336,52.24922561645508,52.32244873046875,52.05963897705078,51.73493576049805,51.5256233215332,51.328712463378906,51.077205657958984,50.939510345458984,50.93458557128906,50.75447082519531,50.20809555053711,49.56814956665039,49.12177276611328,48.783939361572266,48.415897369384766,48.166019439697266,48.21648406982422,48.47585678100586,48.76158905029297,49.007266998291016,49.1566047668457,49.22895431518555,49.422508239746094,49.82832336425781,50.18049240112305,50.12964630126953,49.64455032348633,48.999019622802734,48.52146530151367,48.326019287109375,48.3255729675293,48.338523864746094,48.231807708740234,48.05195236206055,47.88447952270508,47.789276123046875,47.88868713378906,48.0565299987793,47.966835021972656
56.62162780761719,55.050533294677734,53.99460983276367,53.43416213989258,53.80061721801758,54.298301696777344,54.24100112915039,53.681793212890625,52.962554931640625,52.345367431640625,51.83771514892578,51.351524353027344,50.980289459228516,50.79963302612305,50.59367370605469,50.16075134277344,49.69993591308594,49.487831115722656,49.49507522583008,49.592079162597656,49.835880279541016,50.31730651855469,50.94099426269531,51.51158142089844,51.95576858520508,52.30423355102539,52.56084060668945,52.71928024291992,52.829345703125,52.91279220581055,52.86164474487305,52.595237731933594,52.14134979248047,51.61331558227539,51.155094146728516,50.83720779418945,50.592708587646484,50.41078186035156,50.43206787109375,50.656517028808594,50.83345031738281,50.86684799194336,50.86929702758789,50.83713912963867
58.89205551147461,57.50273132324219,56.30304718017578,55.407928466796875,55.61029052734375,56.2081184387207,56.20988464355469,55.59938049316406,54.75250244140625,53.9624137878418,53.2725715637207,52.61687469482422,52.09115982055664,51.796043395996094,51.564208984375,51.15719223022461,50.66534423828125,50.399959564208984,50.49637985229492,50.8646125793457,51.39870071411133,52.08037567138672,52.88197326660156,53.70756530761719,54.4301643371582,54.997772216796875,55.4499397277832,55.80259323120117,56.02714157104492,56.111541748046875,56.04993438720703,55.79753494262695,55.33975601196289,54.77652359008789,54.270084381103516,53.87594985961914,53.53110885620117,53.21434020996094,53.02260971069336,53.06951141357422,53.286834716796875,53.47516632080078,53.504058837890625,53.337345123291016
61.054264068603516,59.44560241699219,58.514625549316406,57.53083801269531,57.605377197265625,58.381500244140625,58.67067337036133,58.28786849975586,57.534671783447266,56.79658126831055,56.17998123168945,55.50434494018555,54.77543258666992,54.22743225097656,53.90008544921875,53.564048767089844,53.11778259277344,52.7295036315918,52.63746643066406,52.955806732177734,53.56922149658203,54.2762336730957,55.00897979736328,55.78190994262695,56.57542419433594,57.31748962402344,57.95548629760742,58.4725227355957,58.86345672607422,59.1450309753418,59.30902099609375,59.26276397705078,58.862457275390625,58.15312576293945,57.409202575683594,56.80724334716797,56.29379653930664,55.80743408203125,55.43009948730469,55.280418395996094,55.40190505981445,55.733642578125,56.070762634277344,56.10118103027344
64.57023620605469,61.954063415527344,61.418479919433594,60.66842269897461,60.35076141357422,61.00637435913086,61.57535934448242,61.6057014465332,61.19947052001953,60.71951675415039,60.33925247192383,59.867122650146484,59.17662048339844,58.44987869262695,57.862667083740234,57.359981536865234,56.82955551147461,56.29561233520508,55.898250579833984,55.81877899169922,56.121788024902344,56.67856216430664,57.314544677734375,57.90298843383789,58.40635299682617,58.91787338256836,59.540321350097656,60.262229919433594,60.96249008178711,61.51395034790039,61.839881896972656,61.90534973144531,61.66416549682617,61.10477066040039,60.358211517333984,59.640403747558594,59.0454216003418,58.508094787597656,57.988616943359375,57.63200759887695,57.62333297729492,57.9983024597168,58.57254409790039,58.932106018066406
68.57585906982422,65.69673919677734,65.0645980834961,64.20598602294922,63.38076400756836,63.78973388671875,64.56338500976562,64.93868255615234,64.86763763427734,64.63768768310547,64.42280578613281,64.12276458740234,63.59206008911133,62.91366195678711,62.238548278808594,61.58089828491211,60.90627670288086,60.24787139892578,59.6796989440918,59.30917739868164,59.23142623901367,59.45978546142578,59.927764892578125,60.46176528930664,60.83866882324219,61.03334426879883,61.2568244934082,61.69276428222656,62.27854537963867,62.84916305541992,63.330318450927734,63.66728591918945,63.754356384277344,63.56150817871094,63.16168975830078,62.61843490600586,62.0286979675293,61.57194137573242,61.314849853515625,61.16689682006836,61.07940673828125,61.11592483520508,61.34941101074219,61.61105728149414
70.2220687866211,68.0120620727539,67.3248519897461,66.4507827758789,65.6200942993164,65.93750762939453,66.70015716552734,67.24348449707031,67.45992279052734,67.53270721435547,67.59698486328125,67.55026245117188,67.22917938232422,66.64962768554688,65.95677947998047,65.25009155273438,64.53068542480469,63.81070327758789,63.15796661376953,62.67552185058594,62.433433532714844,62.405269622802734,62.58128356933594,62.94336700439453,63.34772872924805,63.60883331298828,63.72244644165039,63.82429504394531,63.98442459106445,64.23824310302734,64.60335540771484,64.95425415039062,65.07829284667969,64.952880859375,64.80375671386719,64.72754669189453,64.60631561279297,64.4416732788086,64.39246368408203,64.48374938964844,64.58589172363281,64.57486724853516,64.44253540039062,64.25296020507812
70.4972152709961,69.0260009765625,68.65546417236328,68.15959930419922,67.55862426757812,67.803466796875,68.3028564453125,68.71200561523438,69.03861999511719,69.36608123779297,69.72789001464844,70.02913665771484,70.08069610595703,69.76275634765625,69.16032409667969,68.49070739746094,67.85659790039062,67.22224426269531,66.55052185058594,65.92295837402344,65.47386169433594,65.25193786621094,65.22245025634766,65.34506225585938,65.56990814208984,65.8718490600586,66.23397827148438,66.54209899902344,66.62708282470703,66.5064468383789,66.46617889404297,66.68090057373047,66.91731262207031,66.82903289794922,66.47089385986328,66.19007110595703,66.21711730957031,66.51974487304688,66.91009521484375,67.1749496459961,67.28022766113281,67.29521179199219,67.19149780273438,66.87178039550781
71.94046783447266,70.38248443603516,70.10692596435547,69.82097625732422,69.36910247802734,69.60163116455078,69.96649932861328,70.2655258178711,70.59703063964844,70.99771881103516,71.47789001464844,71.97837829589844,72.37642669677734,72.49267578125,72.25653839111328,71.78904724121094,71.26154327392578,70.7551498413086,70.19405364990234,69.53946685791016,68.89131164550781,68.34031677246094,67.95320892333984,67.79158020019531,67.82971954345703,67.95441436767578,68.13409423828125,68.40132141113281,68.67984008789062,68.81451416015625,68.79008483886719,68.77671813964844,68.89051818847656,69.01630401611328,68.96743774414062,68.72003936767578,68.50469970703125,68.58609771728516,68.95574188232422,69.37039184570312,69.61611938476562,69.66985321044922,69.60826110839844,69.418701171875
74.07125854492188,72.02583312988281,71.53630065917969,71.28544616699219,70.98322296142578,71.34368896484375,71.80755615234375,72.15469360351562,72.50159454345703,72.90026092529297,73.34138488769531,73.83438110351562,74.36090087890625,74.80195617675781,75.01248168945312,74.90301513671875,74.54267883300781,74.10750579833984,73.63907623291016,73.10118865966797,72.5159912109375,71.91864776611328,71.3206787109375,70.79316711425781,70.44593048095703,70.27931213378906,70.2109603881836,70.22064208984375,70.31095123291016,70.4552001953125,70.64801025390625,70.8936767578125,71.15098571777344,71.35932922363281,71.49069213867188,71.50894927978516,71.42420196533203,71.36715698242188,71.45630645751953,71.63760375976562,71.79632568359375,71.893310546875,71.94207763671875,71.88219451904297
76.16693115234375,74.20848846435547,73.91309356689453,73.94210815429688,73.78572845458984,74.11113739013672,74.56442260742188,74.95126342773438,75.29204559326172,75.6064224243164,75.88793182373047,76.15593719482422,76.45690155029297,76.79688262939453,77.11019134521484,77.25028228759766,77.13584899902344,76.8613052368164,76.51982116699219,76.10465240478516,75.6183090209961,75.11515808105469,74.6315689086914,74.1463851928711,73.6473617553711,73.1858139038086,72.83220672607422,72.61363220214844,72.5068588256836,72.48479461669922,72.5809097290039,72.84245300292969,73.21669006347656,73.55864715576172,73.80512237548828,74.00276947021484,74.15097045898438,74.18605041503906,74.1668472290039,74.24269104003906,74.39096069335938,74.4585952758789,74.35099792480469,74.08506774902344
78.37789916992188,76.89512634277344,77.13522338867188,77.62458801269531,77.67375183105469,77.86381530761719,78.09851837158203,78.37267303466797,78.6872329711914,78.99017333984375,79.18834686279297,79.20221710205078,79.10742950439453,79.0678939819336,79.1728744506836,79.3447036743164,79.39586639404297,79.24862670898438,78.95963287353516,78.59263610839844,78.17259216308594,77.72915649414062,77.33863830566406,77.01995086669922,76.70113372802734,76.30464935302734,75.860107421875,75.46766662597656,75.23560333251953,75.16449737548828,75.13420104980469,75.09349822998047,75.10139465332031,75.1986083984375,75.38119506835938,75.65986633300781,76.00945281982422,76.36823272705078,76.70193481445312,77.00946807861328,77.23536682128906,77.25244140625,76.99070739746094,76.47008514404297
81.37333679199219,80.24787139892578,80.53897857666016,81.01675415039062,81.24700927734375,81.54792785644531,81.68879699707031,81.72246551513672,81.87158966064453,82.14932250976562,82.36934661865234,82.33367919921875,82.02339172363281,81.6165771484375,81.32841491699219,81.25582122802734,81.26903533935547,81.14164733886719,80.80657958984375,80.3633804321289,79.92559814453125,79.53654479980469,79.2318115234375,79.0462417602539,78.92757415771484,78.76837921142578,78.50301361083984,78.15251159667969,77.86028289794922,77.76689147949219,77.80062866210938,77.76345825195312,77.5782470703125,77.33174133300781,77.16336059570312,77.18791961669922,77.41110229492188,77.77679443359375,78.28870391845703,78.8987808227539,79.444580078125,79.75139617919922,79.71346282958984,79.25353240966797
85.00567626953125,83.9681625366211,83.98421478271484,84.2096176147461,84.62142181396484,85.15267181396484,85.44115447998047,85.3715591430664,85.28429412841797,85.37980651855469,85.48649597167969,85.42302703857422,85.1126708984375,84.54180908203125,83.84962463378906,83.2709732055664,82.86943054199219,82.48949432373047,81.98760223388672,81.38583374023438,80.80557250976562,80.3298110961914,79.98725891113281,79.81062316894531,79.81190490722656,79.898193359375,79.89370727539062,79.68878936767578,79.37596130371094,79.17040252685547,79.13703918457031,79.13019561767578,79.0261001586914,78.88610076904297,78.84931182861328,78.97464752197266,79.19363403320312,79.41026306152344,79.65801239013672,80.05455017089844,80.62332153320312,81.22312927246094,81.60051727294922,81.52363586425781
88.2745132446289,87.25814056396484,87.26481628417969,87.51421356201172,88.14420318603516,88.63365173339844,88.89934539794922,88.87138366699219,88.71402740478516,88.67236328125,88.67609405517578,88.589599609375,88.35704040527344,87.8784408569336,87.10992431640625,86.192138671875,85.32234191894531,84.5601806640625,83.84603118896484,83.12741088867188,82.41654205322266,81.76578521728516,81.2374496459961,80.92288208007812,80.9058837890625,81.10935974121094,81.28349304199219,81.225341796875,80.96507263183594,80.68232727050781,80.49584197998047,80.362060546875,80.2024917602539,80.0550308227539,80.07559967041016,80.35610961914062,80.81050109863281,81.25310516357422,81.51689910888672,81.58982849121094,81.67543029785156,82.00963592529297,82.53531646728516,82.89192199707031
91.23922729492188,90.24751281738281,90.36835479736328,90.72754669189453,91.58354949951172,91.98743438720703,92.08949279785156,92.08856964111328,91.9487533569336,91.78118896484375,91.66677856445312,91.54130554199219,91.33572387695312,90.9776382446289,90.37457275390625,89.50773620605469,88.49189758300781,87.49372100830078,86.61590576171875,85.85711669921875,85.13249969482422,84.41744995117188,83.80663299560547,83.44843292236328,83.41338348388672,83.59152221679688,83.78260040283203,83.87300872802734,83.8548355102539,83.7668685913086,83.66372680664062,83.56117248535156,83.42788696289062,83.25605773925781,83.13375091552734,83.20182037353516,83.46040344238281,83.77310180664062,83.96592712402344,83.93621826171875,83.73406982421875,83.60137176513672,83.72917175292969,83.99151611328125
93.8304214477539,92.84072875976562,93.00475311279297,93.40101623535156,94.39673614501953,94.89012908935547,94.93024444580078,94.92665100097656,94.79830169677734,94.48419952392578,94.12589263916016,93.78914642333984,93.46223449707031,93.09613037109375,92.61575317382812,91.96958923339844,91.11854553222656,90.12640380859375,89.18034362792969,88.34428405761719,87.51884460449219,86.7328872680664,86.15252685546875,85.83583068847656,85.7524185180664,85.88641357421875,86.17425537109375,86.48289489746094,86.68509674072266,86.75642395019531,86.77816009521484,86.8453598022461,86.98059844970703,87.09264373779297,87.07848358154297,86.95281982421875,86.82482147216797,86.77936553955078,86.79927062988281,86.78595733642578,86.64494323730469,86.39908599853516,86.18954467773438,86.12689971923828
