data/wind_data/wind_68_8.json
{"header": {"parameterUnit": "KT", "parameterCategory": 2, "nx": 256, "ny": 198, "lo1": 44.73521041870117, "la1": -3.236724853515625, "lo2": 111.26478576660156, "la2": 43.468475341796875, "dx": 0.2609002888202667, "dy": -0.23708222806453705, "refTime": "2025-02-21 20:00:00", "forecastTime": 0, "parameterNumber": 2, "parameterNumberName": "eastward_wind"}, "data":
[rows 133 to 151 of 198, columns 0 to 43 of 256]
72.24138641357422,72.23307037353516,73.20574951171875,72.20741271972656,70.92320251464844,71.9866943359375,74.19310760498047,74.97067260742188,73.8196792602539,71.97884368896484,71.14810943603516,71.83902740478516,72.3572998046875,71.03634643554688,68.81212615966797,67.965087890625,68.96514892578125,70.19792175292969,70.57113647460938,70.33390808105469,69.8777847290039,69.35232543945312,69.11378479003906,69.69554901123047,70.73372650146484,71.34626770019531,71.19048309326172,71.22498321533203,73.0233154296875,75.5207290649414,77.07451629638672,77.43407440185547,77.07783508300781,73.71283721923828,65.66580963134766,58.93967819213867,60.596771240234375,67.15542602539062,70.83045196533203,70.42292785644531,67.8553237915039,62.82167053222656,58.72830581665039,60.91183853149414
72.11792755126953,72.3254165649414,73.59052276611328,72.8715591430664,71.13197326660156,71.22405242919922,72.32938385009766,72.076904296875,70.32073974609375,68.44080352783203,67.79972839355469,68.57433319091797,69.3094711303711,68.71305847167969,67.20326232910156,66.18319702148438,66.54048919677734,67.65718841552734,68.58441162109375,68.85795593261719,68.4549560546875,67.82637786865234,67.78831481933594,68.85594177246094,70.11173248291016,70.55602264404297,70.60581970214844,71.32972717285156,73.43132019042969,76.7282943725586,78.55558013916016,78.88675689697266,75.5866928100586,66.72105407714844,57.66074752807617,57.53622817993164,64.38277435302734,69.52432250976562,70.21248626708984,67.92930603027344,63.38666534423828,59.100948333740234,59.08145523071289,62.474979400634766
72.00518035888672,72.39013671875,73.81224060058594,73.3225326538086,71.4332046508789,70.88707733154297,70.9721908569336,69.37821960449219,66.60382843017578,64.71261596679688,64.612548828125,65.57188415527344,66.3449478149414,66.38455200195312,66.10116577148438,65.68956756591797,65.43519592285156,65.81149291992188,66.7205810546875,67.19434356689453,66.65300750732422,66.00401306152344,66.53736114501953,68.02383422851562,69.16572570800781,69.71580505371094,70.34095001220703,71.55767059326172,74.36735534667969,78.80107116699219,80.89382934570312,77.13410949707031,66.76338195800781,55.88414764404297,53.46726608276367,60.574947357177734,68.02925872802734,69.93506622314453,67.69157409667969,63.51865768432617,59.86338424682617,59.4649543762207,61.01514434814453,61.61418533325195
72.20899200439453,72.66863250732422,74.19864654541016,73.85347747802734,71.94258880615234,71.21498107910156,70.66004180908203,67.79443359375,63.954490661621094,62.047088623046875,62.453609466552734,63.561553955078125,64.31067657470703,64.74146270751953,65.36946868896484,65.71202850341797,65.20207214355469,64.71028137207031,65.0936508178711,65.3822250366211,64.6119155883789,64.21920776367188,65.7500228881836,67.61628723144531,68.37713623046875,69.2619400024414,70.57353973388672,72.62000274658203,76.28536987304688,81.3488998413086,80.8440933227539,68.97364044189453,55.5687141418457,49.569366455078125,55.26679992675781,64.41199493408203,69.09479522705078,67.3680191040039,62.337303161621094,58.951385498046875,59.999088287353516,61.846439361572266,61.514041900634766,60.761016845703125
71.81794738769531,71.91000366210938,73.478515625,73.18861389160156,71.23915100097656,70.63227081298828,69.80897521972656,66.1321792602539,61.69775390625,59.78786849975586,60.38276290893555,61.655582427978516,62.69002151489258,63.52904510498047,64.34661102294922,64.76561737060547,64.32875061035156,63.62563705444336,63.352439880371094,62.87959671020508,61.81975555419922,62.271121978759766,64.97389221191406,67.03182220458984,67.69255065917969,68.45838165283203,70.24903869628906,73.8937759399414,78.9105453491211,83.02558898925781,75.6951904296875,62.15641784667969,51.972354888916016,52.78175354003906,60.627281188964844,66.99105072021484,68.19956970214844,64.1753921508789,59.16157531738281,59.33091735839844,63.39617919921875,64.87810516357422,62.90458679199219,61.541255950927734
70.0377426147461,69.23766326904297,70.54550170898438,70.07624053955078,68.0557861328125,67.60541534423828,66.57402801513672,62.64712905883789,58.131256103515625,56.04325485229492,56.53657150268555,58.18325424194336,59.915283203125,61.144901275634766,61.609344482421875,61.548789978027344,61.301002502441406,60.868507385253906,60.22439193725586,59.06746292114258,57.972896575927734,59.258724212646484,62.81612777709961,65.69213104248047,67.3497085571289,68.33264923095703,70.31380462646484,74.38970947265625,80.3045883178711,79.09343719482422,68.82988739013672,58.238670349121094,54.71164321899414,58.55008316040039,63.79608154296875,67.07222747802734,66.12809753417969,61.581451416015625,59.366886138916016,62.956180572509766,66.74603271484375,66.30836486816406,63.986366271972656,62.77217102050781
67.9201431274414,66.37728881835938,67.14595031738281,66.20814514160156,64.02622985839844,63.3971061706543,62.03218078613281,58.43671798706055,54.46446990966797,52.34770965576172,52.716243743896484,54.65800094604492,56.73271560668945,57.760623931884766,57.432125091552734,56.70478057861328,56.52780532836914,56.45826721191406,55.966487884521484,55.077423095703125,54.46589660644531,56.156742095947266,60.454559326171875,65.00997924804688,67.91536712646484,69.56676483154297,71.47692108154297,74.84407043457031,77.96183013916016,73.25459289550781,63.9620246887207,58.62702560424805,59.44169998168945,62.1728630065918,65.10453033447266,66.67045593261719,63.94034194946289,60.59347152709961,62.475921630859375,67.61988830566406,69.40768432617188,67.15174102783203,64.65312957763672,63.303157806396484
66.68421173095703,64.73323822021484,65.02617645263672,63.705081939697266,61.53390884399414,60.55598449707031,58.95526885986328,56.0372314453125,52.94435501098633,51.08611297607422,51.33018493652344,53.105247497558594,54.78343200683594,55.08263397216797,54.04705810546875,53.02351379394531,52.87490463256836,52.90838623046875,52.971004486083984,53.06929397583008,52.803375244140625,55.011959075927734,60.61875915527344,66.4545669555664,69.81697845458984,72.31541442871094,73.427490234375,73.90107727050781,73.72512817382812,69.39799499511719,63.58000183105469,61.95216369628906,62.5694580078125,63.49037551879883,65.86604309082031,64.97598266601562,60.888572692871094,60.92083740234375,67.0369873046875,71.93062591552734,70.9019775390625,67.05789184570312,64.40367126464844,62.8719596862793
65.751708984375,63.30665588378906,63.43983459472656,62.246280670166016,60.64613342285156,59.76953887939453,58.327518463134766,56.065208435058594,53.59914016723633,52.044063568115234,52.33045196533203,53.79717254638672,54.855987548828125,54.618717193603516,53.29564666748047,52.22104263305664,51.913055419921875,51.925506591796875,52.59580612182617,53.258304595947266,53.46505355834961,56.749473571777344,63.599185943603516,69.7149658203125,73.18700408935547,74.79998779296875,73.843994140625,71.09434509277344,68.492431640625,65.83773803710938,63.705421447753906,64.22723388671875,65.40434265136719,66.36528778076172,65.62074279785156,60.849342346191406,57.82168197631836,63.15712356567383,71.90640258789062,74.22322082519531,69.5743408203125,64.93688201904297,62.96654510498047,62.09319305419922
64.17438507080078,62.17173385620117,62.302696228027344,61.509193420410156,60.64374923706055,60.25115966796875,59.32426834106445,57.646240234375,55.655303955078125,54.471290588378906,54.858455657958984,56.01156997680664,56.66095733642578,55.89865493774414,54.082557678222656,52.87712860107422,52.67772674560547,52.76995086669922,53.24711990356445,53.849693298339844,55.135684967041016,59.69818115234375,67.00743103027344,73.29707336425781,75.82456970214844,75.42064666748047,72.42512512207031,67.94184112548828,64.18672943115234,61.81270217895508,62.22105407714844,66.54486846923828,69.31780242919922,67.67485046386719,62.12744903564453,57.306854248046875,59.17212677001953,66.89693450927734,73.20311737060547,71.56493377685547,65.85669708251953,62.39933776855469,61.89470672607422,62.097042083740234
62.05665588378906,61.16204071044922,61.406246185302734,61.13399887084961,60.974159240722656,61.05796432495117,60.689613342285156,59.57454299926758,58.094932556152344,57.27318572998047,57.62044143676758,58.43225860595703,58.465946197509766,57.00835418701172,54.854652404785156,53.67397689819336,53.568546295166016,53.35723114013672,53.548519134521484,54.68707275390625,56.89688491821289,61.8421745300293,69.75617980957031,75.35122680664062,75.9870376586914,74.18914794921875,70.17902374267578,64.4080581665039,60.435001373291016,60.373863220214844,63.96446228027344,68.71052551269531,68.00492095947266,62.9695930480957,58.35373306274414,58.06840896606445,62.622867584228516,68.60773468017578,70.15584564208984,66.95832061767578,63.048240661621094,61.543968200683594,62.01649856567383,62.06929016113281
60.3278694152832,59.345909118652344,59.773380279541016,60.02183151245117,60.475364685058594,61.12209701538086,61.178382873535156,60.524845123291016,59.6348991394043,59.087100982666016,59.36847686767578,59.91205596923828,59.22726821899414,57.212989807128906,55.238800048828125,54.38151550292969,54.090328216552734,53.69499969482422,54.151119232177734,56.037967681884766,58.860130310058594,64.27947998046875,71.56932830810547,74.83683013916016,74.45750427246094,72.32975006103516,67.0792236328125,61.54116439819336,60.82183074951172,62.78654861450195,64.09545135498047,63.84505081176758,61.85647964477539,59.86171340942383,59.478111267089844,62.58793640136719,66.19758605957031,67.09697723388672,66.6508560180664,65.4037857055664,63.39003372192383,62.34999084472656,62.05050277709961,60.73583984375
59.09202194213867,57.25342559814453,57.71282958984375,58.15449142456055,59.06863021850586,60.31045150756836,60.68403625488281,60.37135314941406,60.02660369873047,59.837059020996094,60.22165298461914,60.208194732666016,58.812774658203125,57.00857925415039,56.0825309753418,55.8399658203125,55.406917572021484,54.710758209228516,55.69467544555664,58.488990783691406,61.77360916137695,66.48649597167969,70.90692138671875,73.17640686035156,73.50260162353516,70.43341064453125,64.89311981201172,62.461063385009766,63.63990020751953,62.234134674072266,58.362728118896484,57.55305480957031,61.277618408203125,63.9105339050293,65.34269714355469,66.76870727539062,65.96460723876953,64.48332977294922,64.82325744628906,65.7801513671875,64.78827667236328,62.19819259643555,59.83909606933594,58.26137161254883
58.194950103759766,56.47756576538086,56.6016960144043,56.663848876953125,57.6214485168457,59.16190719604492,59.73892593383789,59.71392822265625,60.0072135925293,60.51115798950195,60.37855529785156,59.37834167480469,58.36613845825195,57.85832977294922,57.89066696166992,57.801673889160156,56.55363464355469,55.79780197143555,58.12986755371094,61.87519073486328,64.15222930908203,66.29020690917969,69.73668670654297,73.35113525390625,72.4664535522461,67.8188705444336,64.61662292480469,64.72706604003906,62.80047607421875,56.522682189941406,53.764556884765625,59.4968147277832,67.33948516845703,69.37010192871094,66.80738067626953,64.54358673095703,64.0167465209961,64.77100372314453,66.1669692993164,66.5996322631836,64.35431671142578,60.145347595214844,56.70378112792969,55.5299072265625
57.65419006347656,56.693241119384766,56.47160339355469,56.03042221069336,56.95418930053711,58.56639862060547,59.28847885131836,59.852439880371094,61.0701904296875,61.43937683105469,60.0306510925293,59.101749420166016,59.55301284790039,59.660400390625,59.02826690673828,58.35219955444336,57.692604064941406,58.123008728027344,60.49750518798828,63.341190338134766,64.9853744506836,67.17826080322266,71.18083953857422,72.6156005859375,69.19696044921875,65.60572052001953,64.8295669555664,63.744544982910156,57.019283294677734,51.6126708984375,56.12421417236328,66.24618530273438,70.73385620117188,66.91759490966797,62.54872512817383,61.7923583984375,63.310691833496094,65.45623779296875,66.77857971191406,65.80104064941406,62.251644134521484,57.771427154541016,54.583702087402344,53.55381393432617
57.39518737792969,56.37274932861328,56.01707077026367,55.46863555908203,56.651790618896484,58.36124801635742,59.48906326293945,60.94523620605469,62.315006256103516,61.63584899902344,60.062217712402344,59.9372444152832,60.58259963989258,59.851402282714844,58.42705535888672,58.45882797241211,59.786434173583984,60.3975830078125,61.00959396362305,63.49651336669922,67.21122741699219,70.08894348144531,70.73123168945312,68.63031005859375,65.98052215576172,64.78907012939453,63.867671966552734,58.106632232666016,51.1303825378418,53.349952697753906,62.26539993286133,68.54607391357422,68.1930923461914,64.53713989257812,61.45268630981445,60.41473388671875,61.20347595214844,63.181888580322266,64.6298828125,63.53675842285156,60.049232482910156,56.15217208862305,53.431941986083984,52.31743621826172
57.30051803588867,55.31935119628906,54.888668060302734,54.537742614746094,55.998023986816406,57.95845031738281,59.56254196166992,61.24013900756836,62.042724609375,61.12663650512695,59.961265563964844,59.74507141113281,59.43954849243164,58.20669937133789,57.62017059326172,59.38949203491211,61.0213508605957,60.46796417236328,61.167606353759766,65.15188598632812,69.49193572998047,70.17317962646484,67.67532348632812,64.68624114990234,63.87980651855469,64.187255859375,58.938087463378906,50.65071105957031,50.55402755737305,57.286216735839844,63.37129592895508,66.90662384033203,67.13119506835938,63.891380310058594,59.73345184326172,57.46339416503906,57.66703414916992,59.483558654785156,61.22563934326172,61.14659881591797,58.85358810424805,55.509212493896484,52.5416374206543,50.85303497314453
57.40627670288086,54.51546859741211,53.98589324951172,53.83362579345703,55.50688934326172,57.6296501159668,59.18217849731445,60.55855178833008,61.21026611328125,60.52256774902344,59.34349822998047,58.53219985961914,57.80695724487305,57.40355682373047,58.572349548339844,60.25462341308594,59.953704833984375,59.63096237182617,63.07617950439453,68.20923614501953,69.05229187011719,66.63784790039062,65.02182006835938,63.98094177246094,63.151893615722656,58.987491607666016,51.068058013916016,48.70780563354492,53.19553756713867,58.773773193359375,63.170597076416016,65.39089965820312,64.31362915039062,60.712520599365234,57.144107818603516,55.322837829589844,55.19186782836914,56.25685119628906,57.999549865722656,59.25042724609375,58.46918487548828,55.30287551879883,51.406917572021484,49.08695983886719
57.784420013427734,54.65534973144531,54.213924407958984,54.384666442871094,56.29145431518555,58.23193359375,59.5101318359375,60.756893157958984,61.22333526611328,60.49336624145508,59.45283508300781,58.74216842651367,58.559383392333984,59.04765701293945,59.8480224609375,59.947208404541016,59.81245803833008,61.86113739013672,66.55040740966797,67.72525024414062,64.75874328613281,64.45885467529297,65.95574951171875,63.699615478515625,58.35358428955078,52.315765380859375,49.81630325317383,52.36753845214844,55.955841064453125,58.8407096862793,61.07272720336914,61.51707458496094,60.128135681152344,58.021366119384766,56.152217864990234,54.80557632446289,54.11262893676758,54.34342575073242,55.678836822509766,57.31941223144531,57.30841064453125,54.564208984375,50.77259826660156,48.941734313964844
