data/wind_data/wind_53_2.json
{"header": {"parameterUnit": "KT", "parameterCategory": 2, "nx": 256, "ny": 198, "lo1": 44.73521041870117, "la1": -3.236724853515625, "lo2": 111.26478576660156, "la2": 43.468475341796875, "dx": 0.2609002888202667, "dy": -0.23708222806453705, "refTime": "2025-02-21 05:00:00", "forecastTime": 0, "parameterNumber": 2, "parameterNumberName": "eastward_wind"}, "data":
[rows 171 to 189 of 198, columns 129 to 171 of 256]
-4.122371196746826,-1.491025447845459,-3.63832950592041,-4.486670970916748,-4.821883201599121,-5.363135814666748,-6.0805253982543945,-5.570222854614258,-5.879556655883789,-5.996200084686279,-5.853632926940918,-5.081101417541504,-4.621404647827148,-4.878017425537109,-5.216264247894287,-5.093484401702881,-4.312026500701904,-3.237701892852783,-2.4986369609832764,-2.421879529953003,-2.8070154190063477,-3.5503110885620117,-4.8493428230285645,-6.627898693084717,-8.53246021270752,-10.111363410949707,-11.829401969909668,-13.883875846862793,-15.830195426940918,-17.053855895996094,-16.45857048034668,-13.655864715576172,-9.960870742797852,-6.1086273193359375,-2.5899369716644287,-0.20819097757339478,1.550257682800293,3.893673896789551,2.1980342864990234,2.3140246868133545,3.5506844520568848,3.813159942626953,-2.223508596420288
-2.9800963401794434,-1.8384376764297485,-1.2438936233520508,-0.7687501311302185,-3.658231258392334,-5.552809715270996,-6.045283794403076,-4.229891300201416,-4.064070224761963,-4.544976234436035,-4.66927433013916,-4.147890567779541,-3.6144254207611084,-3.615591049194336,-4.016810417175293,-4.359593391418457,-4.101092338562012,-3.3323166370391846,-2.184812068939209,-1.4749881029129028,-1.1912627220153809,-1.899953007698059,-3.463764190673828,-5.09830904006958,-6.772396564483643,-8.824894905090332,-10.628204345703125,-12.347535133361816,-14.106232643127441,-15.682578086853027,-16.643884658813477,-16.272872924804688,-14.14568042755127,-10.936450004577637,-7.479859828948975,-4.970726013183594,-3.4563934803009033,-1.2427552938461304,1.1573407649993896,1.1870918273925781,0.6249745488166809,-0.6799735426902771,-5.2079572677612305
-1.6111607551574707,-1.8813902139663696,-0.8659712672233582,-0.8813462853431702,-3.49176287651062,-3.9742493629455566,-3.5422019958496094,-3.12555193901062,-3.0022759437561035,-3.514810800552368,-3.429671049118042,-3.273308515548706,-3.207141399383545,-3.3976941108703613,-3.804919958114624,-3.9933021068573,-3.6832275390625,-3.025768518447876,-2.227786064147949,-1.3782052993774414,-0.9198486804962158,-1.2275886535644531,-2.436034679412842,-4.134000301361084,-5.845568656921387,-7.74544620513916,-10.203251838684082,-12.155536651611328,-13.667633056640625,-15.14842414855957,-16.469757080078125,-17.062528610229492,-16.5599422454834,-14.696284294128418,-11.75882339477539,-8.651165008544922,-6.701399326324463,-7.10678768157959,-8.66236400604248,-7.614666938781738,-6.126235485076904,-5.532361030578613,-5.456328392028809
-1.8167588710784912,-2.289653778076172,-2.191275119781494,-1.9821697473526,-2.1796183586120605,-2.58427095413208,-2.137709140777588,-2.659350633621216,-3.1620190143585205,-3.4756035804748535,-2.9883928298950195,-2.767583131790161,-2.6695492267608643,-2.4994614124298096,-2.576122522354126,-2.574908494949341,-2.314270496368408,-1.9699608087539673,-1.621567726135254,-1.1175411939620972,-0.9253278374671936,-1.3400064706802368,-2.349268913269043,-3.948455572128296,-5.605271816253662,-7.52012825012207,-9.804272651672363,-11.504807472229004,-12.566411018371582,-13.50687313079834,-14.6838960647583,-16.18413734436035,-17.413551330566406,-17.57199478149414,-16.64943504333496,-14.95775032043457,-13.060638427734375,-12.21578598022461,-13.602484703063965,-14.086114883422852,-11.401238441467285,-8.895776748657227,-6.707213401794434
-2.4249207973480225,-2.740126848220825,-2.8358609676361084,-2.983717441558838,-2.710846424102783,-2.6357123851776123,-2.716869831085205,-2.8060595989227295,-3.0892081260681152,-3.256901502609253,-2.7345056533813477,-2.038719892501831,-1.4559497833251953,-1.1941828727722168,-1.1726611852645874,-1.1732161045074463,-0.9522930383682251,-0.6746060252189636,-0.5312005877494812,-0.5279172658920288,-0.8420953154563904,-1.5849220752716064,-2.484726905822754,-3.751415967941284,-5.446311950683594,-7.438685417175293,-9.1774263381958,-10.553582191467285,-11.434746742248535,-12.052263259887695,-13.337905883789062,-15.336743354797363,-16.989343643188477,-18.06287384033203,-18.81065559387207,-19.031221389770508,-19.025407791137695,-18.985559463500977,-19.187002182006836,-19.228864669799805,-17.584545135498047,-15.075519561767578,-13.020359992980957
-2.57377028465271,-2.5523643493652344,-2.50431227684021,-2.605468988418579,-2.739990234375,-2.7333121299743652,-2.793583631515503,-2.7062222957611084,-2.698744773864746,-2.8937489986419678,-2.451470375061035,-1.4984997510910034,-0.84422767162323,-0.6717027425765991,-0.8741430640220642,-0.9812417030334473,-0.6880356669425964,-0.28140199184417725,-0.09907402098178864,-0.27712729573249817,-0.7302202582359314,-1.7203409671783447,-3.013061046600342,-4.312880516052246,-5.553556442260742,-6.902459621429443,-8.21678638458252,-9.186904907226562,-9.849564552307129,-10.62179183959961,-12.048253059387207,-14.069775581359863,-16.027687072753906,-17.49949836730957,-18.600778579711914,-19.64728546142578,-20.445392608642578,-20.774776458740234,-21.081357955932617,-20.781986236572266,-19.34478187561035,-17.47146987915039,-16.621938705444336
-2.4553613662719727,-2.167909622192383,-2.025982141494751,-1.9434865713119507,-2.0450692176818848,-2.1294147968292236,-2.278395414352417,-2.388481378555298,-2.4694137573242188,-2.424572706222534,-1.90584135055542,-1.0986136198043823,-0.5859106183052063,-0.6711439490318298,-1.0375713109970093,-1.1571766138076782,-0.6695222854614258,-0.1623351275920868,-0.08328087627887726,-0.45910435914993286,-1.0928782224655151,-2.3100035190582275,-3.98806095123291,-5.559684753417969,-6.531169891357422,-7.287371635437012,-8.271072387695312,-9.273835182189941,-10.220256805419922,-11.2902250289917,-12.852068901062012,-14.66054916381836,-15.817593574523926,-16.524599075317383,-17.30373764038086,-18.528343200683594,-19.94417381286621,-21.032848358154297,-21.401853561401367,-21.077369689941406,-20.2186222076416,-18.872739791870117,-17.862594604492188
-2.5716898441314697,-2.1511006355285645,-1.8779562711715698,-1.5706713199615479,-1.6427925825119019,-1.89189875125885,-2.064218282699585,-2.153411865234375,-2.036311149597168,-1.7674084901809692,-1.3461599349975586,-0.8845914602279663,-0.695733904838562,-0.9596182703971863,-1.3596830368041992,-1.4045875072479248,-0.8756376504898071,-0.36438363790512085,-0.3863987326622009,-1.032262921333313,-1.823315143585205,-3.1809394359588623,-5.231386661529541,-6.779521942138672,-7.191186904907227,-7.608975410461426,-8.604639053344727,-9.871880531311035,-11.207111358642578,-12.660444259643555,-14.395869255065918,-15.901387214660645,-16.748493194580078,-17.10674285888672,-17.419452667236328,-17.97333526611328,-18.866167068481445,-19.746746063232422,-20.08012580871582,-19.92498016357422,-19.50972557067871,-18.58419418334961,-17.71870994567871
-2.7443292140960693,-2.83166766166687,-2.498845100402832,-1.885575771331787,-1.4595310688018799,-1.752550721168518,-1.955704689025879,-1.9456862211227417,-1.8254354000091553,-1.4981216192245483,-1.0887041091918945,-0.8813916444778442,-1.0305759906768799,-1.412322759628296,-1.8176391124725342,-1.9000637531280518,-1.4821001291275024,-1.0910452604293823,-1.0846223831176758,-1.536316990852356,-2.591768264770508,-4.112929344177246,-6.406338691711426,-7.645031452178955,-7.563345432281494,-8.442309379577637,-10.230225563049316,-11.772659301757812,-12.928373336791992,-14.044023513793945,-15.392298698425293,-16.76128578186035,-17.538049697875977,-17.682348251342773,-18.017974853515625,-18.66444969177246,-19.506242752075195,-20.079689025878906,-20.05085563659668,-19.685020446777344,-19.2392635345459,-18.619857788085938,-17.904598236083984
-0.4231354594230652,-0.750103771686554,-1.731028437614441,-1.6337502002716064,-1.111504077911377,-1.0418716669082642,-1.3695306777954102,-1.6236332654953003,-1.7241897583007812,-1.434601902961731,-1.276380181312561,-1.3240615129470825,-1.5360139608383179,-1.785806655883789,-2.181358814239502,-2.4576213359832764,-2.2435455322265625,-1.9395439624786377,-1.902962565422058,-2.2609009742736816,-3.3646857738494873,-4.8515214920043945,-6.9822893142700195,-7.96922492980957,-8.195924758911133,-9.7098388671875,-11.865184783935547,-13.582062721252441,-14.5227632522583,-15.070281982421875,-15.773996353149414,-16.111268997192383,-16.1599178314209,-16.494239807128906,-17.15743637084961,-17.920658111572266,-18.704330444335938,-19.389711380004883,-19.552146911621094,-19.137866973876953,-18.602495193481445,-18.155166625976562,-17.88284683227539
-0.4566757082939148,0.12464310973882675,-0.6623000502586365,-0.7459520101547241,-1.09850013256073,-0.8595085144042969,-0.8432503342628479,-1.2716573476791382,-1.5468744039535522,-1.4261633157730103,-1.5706020593643188,-1.8503822088241577,-1.9942841529846191,-1.978977918624878,-2.3433947563171387,-2.864865303039551,-2.7800629138946533,-2.6354753971099854,-2.6825287342071533,-3.0981664657592773,-4.352219104766846,-5.719930171966553,-7.283176898956299,-8.1781005859375,-9.049044609069824,-10.91215991973877,-12.47223949432373,-13.352795600891113,-13.86654281616211,-14.217472076416016,-14.492018699645996,-14.490180015563965,-14.74917984008789,-15.483201026916504,-16.57471466064453,-17.510923385620117,-18.2386417388916,-19.16398048400879,-20.02937126159668,-20.106035232543945,-19.48424530029297,-19.01664924621582,-18.89589500427246
1.6509757041931152,1.3656713962554932,-0.5509490966796875,-0.3054894506931305,1.2134634256362915,1.1876002550125122,-0.35102856159210205,-1.2186030149459839,-1.5859543085098267,-1.5827863216400146,-1.879990577697754,-2.169597864151001,-2.054046154022217,-1.8229823112487793,-2.148632526397705,-2.889732599258423,-3.107544183731079,-3.2221450805664062,-3.3908495903015137,-3.8724138736724854,-5.366244792938232,-6.63066291809082,-7.327317237854004,-7.9777607917785645,-8.932088851928711,-10.609153747558594,-11.693425178527832,-12.182995796203613,-12.804341316223145,-13.647407531738281,-14.686864852905273,-16.156967163085938,-17.896671295166016,-19.788063049316406,-21.389389038085938,-22.194551467895508,-22.52309226989746,-22.959131240844727,-23.345806121826172,-22.468942642211914,-20.477170944213867,-19.902868270874023,-19.95696449279785
0.4069329500198364,2.45943284034729,1.2351983785629272,0.09506770223379135,3.2867698669433594,4.127435207366943,1.385195016860962,-0.7285763025283813,-1.801089882850647,-1.697067141532898,-1.9930258989334106,-2.3507540225982666,-2.2009990215301514,-1.7127902507781982,-1.9097059965133667,-2.6989283561706543,-3.2361562252044678,-3.7188596725463867,-4.0554399490356445,-4.738393306732178,-6.206192493438721,-7.018318176269531,-6.983820915222168,-7.2093610763549805,-7.884084701538086,-8.881211280822754,-9.448071479797363,-9.610885620117188,-10.381053924560547,-12.238375663757324,-14.526813507080078,-16.873493194580078,-19.214519500732422,-21.505844116210938,-23.2139835357666,-23.567317962646484,-23.31462287902832,-23.61576271057129,-23.65996551513672,-23.34284019470215,-21.95778465270996,-21.091093063354492,-21.58133316040039
0.6227442622184753,1.3931289911270142,0.1878890097141266,-2.1413376331329346,-1.8962390422821045,2.7465476989746094,1.5430896282196045,-0.5798407793045044,-1.7585142850875854,-1.5369372367858887,-1.5712909698486328,-1.7392261028289795,-1.9975216388702393,-1.661355972290039,-1.673125147819519,-2.2391908168792725,-3.078627824783325,-3.93886137008667,-4.733534336090088,-5.861896514892578,-7.057581424713135,-7.080872535705566,-6.292720794677734,-6.010817527770996,-6.500092029571533,-7.113706588745117,-7.673157215118408,-8.355527877807617,-9.277787208557129,-10.471268653869629,-12.454514503479004,-14.763416290283203,-16.560102462768555,-17.609037399291992,-17.752626419067383,-19.37568473815918,-22.232786178588867,-22.708133697509766,-22.637435913085938,-22.072301864624023,-21.580289840698242,-21.387218475341797,-21.984498977661133
-0.02560211531817913,0.20314623415470123,-0.33682987093925476,-3.799846887588501,1.373194932937622,0.3306606411933899,-0.6847499012947083,-1.3816336393356323,-1.3387882709503174,-0.620669960975647,-0.3899739384651184,-0.5789599418640137,-1.3739880323410034,-1.5421208143234253,-1.7134509086608887,-2.020908832550049,-2.9744958877563477,-4.13252592086792,-5.483373165130615,-6.786267280578613,-7.645423412322998,-7.398510932922363,-6.170980453491211,-5.056759357452393,-4.661500930786133,-4.8764262199401855,-5.113827705383301,-5.3367390632629395,-6.25337553024292,-8.011819839477539,-8.920465469360352,-8.811539649963379,-8.932415962219238,-7.725892066955566,-6.234934329986572,-9.937983512878418,-13.608721733093262,-18.27816390991211,-19.725709915161133,-19.0444393157959,-18.679546356201172,-19.514951705932617,-20.228166580200195
-0.14253634214401245,0.2938916087150574,-1.0846920013427734,-1.5545692443847656,0.4170587956905365,-1.6839449405670166,-1.9021867513656616,0.17220626771450043,1.4924507141113281,2.1019322872161865,2.306971788406372,1.1958576440811157,-0.06844203174114227,-0.7548739314079285,-1.2267651557922363,-2.151352882385254,-3.4487051963806152,-4.451922416687012,-5.703949451446533,-7.003348350524902,-7.543220520019531,-6.952495574951172,-5.609391212463379,-3.8808858394622803,-1.9852532148361206,-0.741769015789032,-0.18626905977725983,-0.11950808763504028,-0.2655142545700073,0.41036108136177063,1.4881432056427002,1.0675158500671387,-2.0791432857513428,-2.2470719814300537,-1.763938307762146,-2.3971235752105713,-5.926268577575684,-11.260173797607422,-15.190160751342773,-16.218212127685547,-16.582077026367188,-17.42330551147461,-17.585025787353516
1.0487276315689087,2.7865958213806152,0.35356828570365906,-0.3267667889595032,0.1751030832529068,0.35928875207901,2.232691526412964,4.145732402801514,5.221747875213623,5.538470268249512,4.685351848602295,4.1206159591674805,3.494842052459717,2.1977832317352295,0.4057772755622864,-2.1236233711242676,-3.6769680976867676,-4.241099834442139,-5.293392658233643,-6.666005611419678,-8.18643856048584,-8.705160140991211,-7.2373809814453125,-5.444187164306641,-5.057913780212402,-5.978988170623779,-6.9192728996276855,-7.700321674346924,-7.858884334564209,-6.2636494636535645,-3.6325294971466064,-2.2636735439300537,-3.5462405681610107,-4.641540050506592,-5.4409894943237305,-7.0165863037109375,-9.861466407775879,-12.364825248718262,-13.68012523651123,-14.420052528381348,-15.189136505126953,-15.247796058654785,-15.057679176330566
0.9269817471504211,1.1398969888687134,2.36832332611084,-0.3584778606891632,-0.5807647109031677,-1.7259905338287354,-0.8629046082496643,2.430281639099121,4.663156986236572,4.615965843200684,4.149984359741211,2.3530566692352295,1.8821464776992798,2.748570442199707,1.2143887281417847,-2.1393613815307617,-4.478068828582764,-5.689215660095215,-6.613570213317871,-6.708317756652832,-6.390707492828369,-6.2586565017700195,-6.85462760925293,-7.690010070800781,-8.422540664672852,-9.588704109191895,-11.746600151062012,-13.548049926757812,-13.672961235046387,-12.720849990844727,-12.582954406738281,-10.782772064208984,-10.90498161315918,-13.178417205810547,-15.51811695098877,-16.9731388092041,-16.725788116455078,-15.486518859863281,-13.853209495544434,-12.062418937683105,-11.40451717376709,-8.607766151428223,-7.240406036376953
2.6653988361358643,3.029449224472046,1.184358835220337,0.2712141275405884,-1.7025033235549927,-2.783168077468872,-5.9074907302856445,-6.012084484100342,-3.5584218502044678,-1.114114761352539,1.3158150911331177,3.0088977813720703,1.0654876232147217,-1.692347764968872,-2.2051761150360107,-1.6184494495391846,-2.3201816082000732,-2.7041544914245605,-3.458692789077759,-4.548953533172607,-5.448122024536133,-5.693567276000977,-4.985953330993652,-5.0216217041015625,-5.818873405456543,-6.63092565536499,-6.5681281089782715,-6.353278160095215,-8.253850936889648,-9.8679838180542,-12.442038536071777,-14.344828605651855,-14.803943634033203,-15.527481079101562,-16.0977783203125,-16.643068313598633,-15.92451286315918,-14.451347351074219,-9.823203086853027,-4.952906131744385,-7.039431095123291,-7.0598530769348145,-7.083321571350098
