data/wind_data/wind_39_1.json
{"header": {"parameterUnit": "KT", "parameterCategory": 2, "nx": 256, "ny": 198, "lo1": 44.73521041870117, "la1": -3.236724853515625, "lo2": 111.26478576660156, "la2": 43.468475341796875, "dx": 0.2609002888202667, "dy": -0.23708222806453705, "refTime": "2025-02-20 15:00:00", "forecastTime": 0, "parameterNumber": 2, "parameterNumberName": "eastward_wind"}, "data":
[rows 76 to 94 of 198, columns 0 to 42 of 256]
11.098339080810547,12.05537223815918,8.356027603149414,-0.653278112411499,-9.690521240234375,-5.86672306060791,-6.815099716186523,-3.549833297729492,-2.558279037475586,-1.423095464706421,1.6998834609985352,-1.501632809638977,1.3219685554504395,-0.6473336815834045,1.7439723014831543,-8.699387550354004,-8.13210391998291,-0.5846997499465942,-2.3057987689971924,-2.4040133953094482,-9.89208984375,-8.284594535827637,-4.180429458618164,-3.0009281635284424,-4.558963775634766,-10.24492359161377,-12.158049583435059,-9.968175888061523,-8.041496276855469,-5.447661876678467,-2.675008535385132,0.6739614605903625,2.9714608192443848,2.116490602493286,2.0658586025238037,2.3681225776672363,0.9792546629905701,0.2833206057548523,0.5813605785369873,1.1083239316940308,0.9419075846672058,0.39076605439186096,-0.1663295477628708
14.593262672424316,14.09368896484375,8.691054344177246,-1.6569994688034058,-5.425663948059082,-6.1366682052612305,-3.870431900024414,-3.9675204753875732,-2.4604697227478027,-1.6172674894332886,2.2268824577331543,1.4630773067474365,3.2515342235565186,1.0069736242294312,-0.2726835608482361,-9.070090293884277,-8.964235305786133,-1.1221787929534912,-2.9719455242156982,-5.204469680786133,-10.340198516845703,-6.942983627319336,-4.4608330726623535,-3.9989066123962402,-7.213179588317871,-12.015775680541992,-11.075702667236328,-9.000539779663086,-6.889204978942871,-4.235795974731445,-2.0357069969177246,2.3912973403930664,4.90430212020874,3.2658650875091553,2.5913259983062744,2.675259590148926,3.0182666778564453,1.5042266845703125,1.753076195716858,2.4764950275421143,2.798535108566284,1.6479017734527588,0.7838121652603149
13.333398818969727,18.021503448486328,9.272089004516602,-3.9033496379852295,-1.6647464036941528,-7.888402462005615,-2.984410047531128,-4.048224925994873,-1.737628698348999,-1.3673418760299683,0.7375428676605225,2.0162112712860107,5.155900478363037,4.554986953735352,-1.5668797492980957,-6.10856819152832,-8.867130279541016,-1.7062822580337524,-3.7355377674102783,-7.386425495147705,-9.262155532836914,-6.4789276123046875,-4.6643900871276855,-5.364563941955566,-8.71924877166748,-10.56195068359375,-7.834628582000732,-6.545126438140869,-4.902287006378174,-1.3972957134246826,1.21634042263031,2.833225965499878,1.8648784160614014,0.04422027990221977,3.338977575302124,3.2427380084991455,-0.3468075394630432,-0.6957198977470398,2.3937458992004395,4.665501594543457,4.915836811065674,3.393674612045288,1.742133378982544
13.738829612731934,15.594527244567871,7.235105514526367,-5.424961566925049,-3.385840892791748,-7.11063289642334,-3.763111114501953,-3.772458076477051,-1.7866450548171997,-0.09958840906620026,0.4186955690383911,1.1876285076141357,4.9897637367248535,6.356655597686768,0.20863880217075348,-3.0800249576568604,-7.59647798538208,-3.807602643966675,-5.228193283081055,-8.141276359558105,-7.936827182769775,-6.311581134796143,-4.023415565490723,-5.988565921783447,-8.1868896484375,-7.720934867858887,-4.315495014190674,-3.547186851501465,-2.0383641719818115,1.2007440328598022,3.187441110610962,2.642329216003418,0.8800214529037476,-0.9277288317680359,0.07745187729597092,0.0017167734913527966,-1.8568414449691772,-2.109835624694824,-1.1815153360366821,4.897647857666016,7.027738571166992,3.1967644691467285,1.43057382106781
15.38427734375,13.865259170532227,4.881985664367676,-5.929416656494141,-4.807303428649902,-5.761152744293213,-3.7256343364715576,-2.191746711730957,-2.1665070056915283,-0.4360645115375519,1.4167100191116333,1.466370940208435,4.47908878326416,5.302438735961914,1.6101235151290894,-0.3328816890716553,-5.670816421508789,-5.459272861480713,-6.922327518463135,-8.002758026123047,-6.809473514556885,-5.989558696746826,-3.0954368114471436,-5.238229274749756,-5.6230058670043945,-4.873810291290283,-1.8723076581954956,-1.6495305299758911,-0.7433791756629944,1.2807999849319458,2.580942392349243,2.4635732173919678,1.8178675174713135,0.8648318648338318,-0.13120037317276,-2.0057239532470703,-2.97041392326355,-0.3089645802974701,-0.47180503606796265,1.2620573043823242,2.8992204666137695,-0.2304956018924713,-0.21953459084033966
16.607481002807617,12.266702651977539,3.0388343334198,-4.926154613494873,-7.688075542449951,-5.387604236602783,-3.844317674636841,-2.646977663040161,-0.9379826188087463,-0.15556930005550385,2.0794029235839844,1.7615108489990234,4.136226177215576,3.6836280822753906,1.1861344575881958,0.7811524868011475,-3.526329755783081,-6.103932857513428,-8.23879337310791,-8.5048189163208,-5.460748672485352,-5.558867931365967,-2.4242148399353027,-4.341592788696289,-2.7652499675750732,-2.5643091201782227,-1.221886396408081,-1.054978370666504,-0.8968960046768188,0.2190893292427063,1.646567702293396,2.6373252868652344,1.537083625793457,0.6762775182723999,0.38043493032455444,-0.8965199589729309,-1.8408514261245728,1.7298777103424072,1.2092161178588867,-1.4207593202590942,-5.536027431488037,-6.189273357391357,-3.245795249938965
16.137901306152344,10.086409568786621,1.3817081451416016,-4.289546012878418,-7.074816703796387,-5.0206804275512695,-3.62170672416687,-2.8576250076293945,-0.6925925612449646,1.0322840213775635,2.5689754486083984,2.948054790496826,4.306905269622803,3.4629526138305664,-0.9809801578521729,1.3705757856369019,-3.7399449348449707,-7.094146251678467,-8.972845077514648,-9.02747917175293,-4.456116199493408,-5.779318809509277,-2.2621829509735107,-3.6271438598632812,-1.4770374298095703,-1.1978994607925415,-1.3529634475708008,-0.7237476110458374,-1.2379696369171143,0.16016939282417297,1.2713598012924194,3.0622336864471436,0.6304514408111572,-0.5950618386268616,-0.7433211803436279,-1.1498847007751465,-0.8405396342277527,1.98494291305542,2.6544015407562256,-3.7246718406677246,-10.9503755569458,-8.514653205871582,-3.3194828033447266
7.2979960441589355,3.408909320831299,-1.0677796602249146,-4.809804916381836,-4.534538269042969,-3.7992031574249268,-3.5903711318969727,-1.85468327999115,-2.193671226501465,0.8249343633651733,2.0652050971984863,4.403603553771973,5.019737720489502,3.1207756996154785,-2.486016035079956,-2.2702693939208984,-6.786972999572754,-8.368681907653809,-7.148598670959473,-8.803535461425781,-4.198816299438477,-6.108854293823242,-3.4175379276275635,-2.339409589767456,-1.3000080585479736,-0.3537176251411438,-1.7420384883880615,-0.4477289021015167,-1.5607964992523193,0.8753505349159241,1.3664801120758057,3.7689313888549805,0.17937207221984863,-1.9909979104995728,-2.0172455310821533,-2.254244804382324,-1.2813774347305298,1.1651145219802856,3.7747950553894043,-6.919388294219971,-11.635603904724121,-8.449894905090332,-3.461247682571411
-5.0956501960754395,-3.7082319259643555,-2.9043922424316406,-3.856782913208008,-2.615464925765991,-2.5058436393737793,-2.997648239135742,-1.5988166332244873,-1.7133333683013916,0.15225636959075928,0.5423936247825623,4.674267292022705,5.072029113769531,-3.6820943355560303,-5.275027275085449,-6.855629920959473,-5.890864849090576,-6.856289386749268,-7.240114688873291,-6.766671180725098,-4.899019718170166,-4.979730129241943,-4.2355756759643555,-1.6029818058013916,-0.5062389373779297,0.6265615820884705,-2.2989163398742676,-0.9450298547744751,-2.4945247173309326,1.1723623275756836,1.5775725841522217,4.9175543785095215,0.10530856996774673,-3.279851198196411,-3.4026718139648438,-3.5733449459075928,-1.0971171855926514,0.07749494910240173,2.0793445110321045,-9.551498413085938,-10.19565200805664,-7.361693382263184,-3.5553574562072754
-7.570371627807617,-4.122003078460693,-2.6508705615997314,-1.536473274230957,0.3805054724216461,-1.361810326576233,-4.012230396270752,-3.2554194927215576,-1.001245141029358,0.7953036427497864,0.6292876601219177,4.079837322235107,2.876864194869995,-6.293976306915283,-6.00250244140625,-7.494394779205322,-4.96428918838501,-4.26386833190918,-5.701610565185547,-6.296510219573975,-4.7332844734191895,-3.2678334712982178,-2.818948745727539,-1.565504550933838,-0.45570728182792664,1.4780608415603638,-1.987748384475708,-2.6165518760681152,-3.8575215339660645,0.871173620223999,1.4445525407791138,5.3805952072143555,0.0399068221449852,-3.9028983116149902,-5.3359694480896,-5.372493267059326,-0.3518323600292206,-0.5149709582328796,-2.6971137523651123,-11.234821319580078,-8.998607635498047,-6.3148088455200195,-3.2389512062072754
-4.6871747970581055,-2.668706178665161,-1.3565813302993774,0.6329846978187561,1.7169735431671143,2.1500957012176514,-5.322828769683838,-4.935649394989014,-1.180269479751587,1.4029642343521118,2.375685691833496,3.966963052749634,2.5789921283721924,-4.946186065673828,-5.099857330322266,-6.800574779510498,-4.840716361999512,-3.0056562423706055,-2.9255290031433105,-5.688958168029785,-4.338865756988525,-2.0367932319641113,-1.441644310951233,0.1277167797088623,-0.8262830376625061,0.9982712864875793,-0.8199785947799683,-3.1809802055358887,-4.089975833892822,-0.360321968793869,0.3569011986255646,3.9573769569396973,-0.4528532922267914,-4.089210510253906,-6.803351402282715,-6.74187707901001,-0.6033326387405396,-2.253633975982666,-9.537970542907715,-11.42891788482666,-8.010560035705566,-5.104330062866211,-2.898401975631714
-3.4391791820526123,-2.9137306213378906,-1.4782365560531616,0.8971182703971863,1.659803867340088,3.212369680404663,-5.401959419250488,-5.139642238616943,-1.6502448320388794,1.05499267578125,2.907531499862671,4.205569744110107,4.224877834320068,-1.2786648273468018,-3.551403045654297,-4.602868556976318,-4.583703994750977,-2.933182954788208,-2.233248233795166,-3.4776666164398193,-3.839641571044922,-1.8151360750198364,-0.8627228140830994,1.3798712491989136,0.6360293030738831,0.9302098155021667,-0.348193883895874,-1.4055639505386353,-3.9866034984588623,-1.206742286682129,-0.5067161321640015,1.3222585916519165,-0.914570152759552,-4.607707977294922,-6.722342491149902,-6.761782646179199,-2.467000961303711,-6.718221664428711,-13.970909118652344,-10.22653865814209,-6.465885639190674,-4.340378284454346,-2.9184372425079346
-2.844423770904541,-2.4961113929748535,-1.6838841438293457,0.18551409244537354,2.351660966873169,0.8209062218666077,-5.080742835998535,-3.142779588699341,-1.0436125993728638,0.9183151721954346,2.4013991355895996,4.020971775054932,5.007850170135498,2.2889246940612793,-1.5516703128814697,-2.454516649246216,-2.7070672512054443,-2.661144495010376,-1.7351436614990234,-2.3568785190582275,-2.2141928672790527,-1.526896357536316,-0.5443079471588135,1.102662444114685,1.9367663860321045,0.9748951196670532,1.2599279880523682,8.332126162713394e-05,-3.3285775184631348,-2.250511884689331,-0.30261915922164917,-1.7931251525878906,-1.132099986076355,-4.803744316101074,-6.175075531005859,-6.385737895965576,-4.741575241088867,-9.167287826538086,-13.702354431152344,-9.122326850891113,-4.968083381652832,-3.8513083457946777,-3.8790111541748047
-2.2886130809783936,-1.2362514734268188,-0.7404224276542664,-0.8136974573135376,4.135838985443115,-1.581264853477478,-2.565566301345825,-0.534975528717041,0.35692310333251953,1.1640287637710571,1.8296213150024414,3.122587203979492,4.819746971130371,3.966916561126709,0.4993305802345276,-0.8140724301338196,-0.5105870962142944,-0.800275444984436,-0.4849409759044647,-1.3725857734680176,-1.104788064956665,-0.9545637369155884,0.18251889944076538,0.2922669053077698,2.3235559463500977,0.32214871048927307,1.943300724029541,0.796040415763855,-0.9359602332115173,-3.535160541534424,-0.7619317770004272,-3.860956907272339,-0.9911396503448486,-5.227713584899902,-6.898258209228516,-7.297389507293701,-5.856931209564209,-7.429091453552246,-10.677726745605469,-8.579081535339355,-4.150552272796631,-3.4199275970458984,-5.7439069747924805
-1.6480793952941895,0.7754647731781006,0.5987194180488586,-1.677280306816101,5.046789646148682,-1.0937449932098389,-1.247265338897705,-0.3070903420448303,1.503922700881958,1.389341115951538,1.9260177612304688,2.9722275733947754,4.741432189941406,4.703988075256348,2.219291925430298,0.8950780630111694,1.38092041015625,1.5275743007659912,1.228576898574829,0.32031506299972534,-0.18691755831241608,-0.40919584035873413,0.649398684501648,-0.13715586066246033,1.8581023216247559,0.016679778695106506,1.1259809732437134,0.5342378616333008,1.2129490375518799,-1.4470691680908203,-2.9877405166625977,-3.810720682144165,-1.73507821559906,-5.571539878845215,-8.337340354919434,-8.788591384887695,-5.096343517303467,-5.554160118103027,-7.191382884979248,-7.90460729598999,-4.2874040603637695,-3.3292460441589355,-7.373788356781006
0.8675604462623596,2.4951705932617188,1.4199559688568115,-0.4391353726387024,4.574655055999756,0.21695567667484283,-1.293036699295044,-0.9445417523384094,1.34332275390625,2.03267765045166,1.8136094808578491,2.4233686923980713,4.040872573852539,5.105973720550537,3.970974922180176,2.2161476612091064,2.493419647216797,3.0587809085845947,2.9622836112976074,1.9692202806472778,1.135709285736084,0.01670168898999691,0.5869739651679993,-0.3048543930053711,1.1096112728118896,0.13345958292484283,0.07730864733457565,-0.46866825222969055,1.5178563594818115,0.02915830910205841,-0.45602676272392273,-3.3594167232513428,-2.457451343536377,-5.053873062133789,-8.430619239807129,-9.599329948425293,-4.5668044090271,-5.109935760498047,-3.8584299087524414,-6.498305320739746,-4.475554466247559,-3.9551122188568115,-7.091294765472412
4.691676616668701,4.296263217926025,2.717804431915283,1.2082749605178833,2.6155478954315186,0.3956286907196045,2.1365861892700195,0.8878762125968933,1.2768800258636475,2.822327136993408,1.9858672618865967,1.3209195137023926,2.417886734008789,4.198126792907715,4.818374156951904,3.8598599433898926,3.5817558765411377,3.8957033157348633,4.283475875854492,3.312424421310425,2.3157975673675537,0.40234923362731934,0.1324775516986847,-0.5733022689819336,0.39581501483917236,0.06636367738246918,-0.24455444514751434,-1.4389593601226807,0.9371681213378906,-0.2639666497707367,1.6323559284210205,0.9831349849700928,-1.955352783203125,-3.854301691055298,-6.82111120223999,-9.324243545532227,-4.435879707336426,-5.512057781219482,-1.6978967189788818,-5.18797492980957,-4.133444309234619,-4.044811248779297,-5.839793682098389
6.687325477600098,4.936507701873779,3.977130889892578,3.43877911567688,2.269780397415161,3.3865890502929688,4.997976779937744,3.0169527530670166,0.3321595788002014,2.3863751888275146,2.060180425643921,0.3257848918437958,0.7925871014595032,2.331758737564087,3.5910804271698,4.026656627655029,4.408938407897949,4.814909934997559,5.506570339202881,4.582805633544922,3.164699077606201,0.8115774393081665,-0.6048508882522583,-1.1488420963287354,-0.2494923323392868,-0.3926982879638672,-0.21026314795017242,-1.710054874420166,0.22838835418224335,-0.318859338760376,1.042990803718567,3.5900254249572754,1.9496169090270996,-2.1804308891296387,-4.503416538238525,-8.102287292480469,-3.376802921295166,-4.9942121505737305,-1.813084363937378,-4.060050964355469,-3.4491169452667236,-3.935467004776001,-4.44196891784668
7.5513014793396,5.767486095428467,5.749358654022217,5.770444393157959,5.761070251464844,5.710290908813477,4.437592029571533,2.318002939224243,-0.34846341609954834,0.7260406017303467,2.1074113845825195,0.2248784601688385,0.02509121224284172,0.9311354756355286,2.414287567138672,3.4157192707061768,4.449634075164795,5.307419300079346,6.4362969398498535,6.097270965576172,3.9702706336975098,0.7157109975814819,-1.476892352104187,-2.015956401824951,-0.7532708644866943,-0.9029562473297119,-0.3531273603439331,-1.2252678871154785,-0.21391956508159637,0.40115877985954285,0.47434866428375244,2.9008419513702393,4.89351749420166,0.6477013230323792,-2.5234951972961426,-6.501152992248535,-2.614943265914917,-4.000500679016113,-3.978044033050537,-2.4945249557495117,-3.324617385864258,-3.458561658859253,-3.2792932987213135
