data/wind_data/wind_24_7.json
{"header": {"parameterUnit": "KT", "parameterCategory": 2, "nx": 256, "ny": 198, "lo1": 44.73521041870117, "la1": -3.236724853515625, "lo2": 111.26478576660156, "la2": 43.468475341796875, "dx": 0.2609002888202667, "dy": -0.23708222806453705, "refTime": "2025-02-20 00:00:00", "forecastTime": 0, "parameterNumber": 2, "parameterNumberName": "eastward_wind"}, "data":
[rows 140 to 159 of 198, columns 132 to 175 of 256]
73.79993438720703,74.56202697753906,74.95804595947266,74.4605712890625,73.70317077636719,72.80577087402344,71.7973861694336,71.95500946044922,73.21727752685547,74.46626281738281,75.09251403808594,74.86178588867188,74.57860565185547,74.65966033935547,74.34695434570312,73.34984588623047,72.51981353759766,73.41327667236328,75.4088134765625,76.16607666015625,75.44673156738281,74.44503021240234,73.6724853515625,73.52204132080078,74.44727325439453,76.09642028808594,77.5823974609375,78.371826171875,78.82605743408203,79.37439727783203,79.75687408447266,79.63853454589844,79.52449798583984,80.06845092773438,80.53507995605469,80.37389373779297,80.32862091064453,80.9125747680664,81.8163833618164,82.3325424194336,82.16646575927734,81.8038558959961,81.8257827758789,82.30824279785156
73.37638854980469,73.3528060913086,72.78650665283203,71.67089080810547,70.97723388671875,70.7283706665039,71.55403900146484,73.2757797241211,74.07765197753906,74.14051818847656,74.03874969482422,73.39681243896484,72.97970581054688,73.33210754394531,73.29460906982422,72.2799301147461,71.60376739501953,72.55860137939453,74.49905395507812,75.37699127197266,74.70140075683594,73.61695098876953,72.84549713134766,72.64578247070312,73.28863525390625,74.679931640625,76.27166748046875,77.41436004638672,77.85506439208984,77.86563110351562,77.79620361328125,77.75460815429688,77.88616180419922,78.5101089477539,79.2193374633789,79.40988159179688,79.49073028564453,79.9352035522461,80.56961822509766,81.08698272705078,81.37023162841797,81.43853759765625,81.3744125366211,81.3011245727539
71.92166137695312,71.3228530883789,70.40193176269531,70.50484466552734,70.8229751586914,71.09198760986328,72.44560241699219,73.21635437011719,72.77958679199219,72.44987487792969,72.10250854492188,71.21003723144531,70.92704010009766,71.4893798828125,71.31703186035156,70.32765197753906,69.99217224121094,70.90978240966797,72.56318664550781,73.56893920898438,73.48291778564453,72.9238510131836,72.38020324707031,72.02417755126953,71.99597930908203,72.52308654785156,73.59041595458984,74.84283447265625,75.7298812866211,75.96401977539062,75.80135345458984,75.71553039550781,76.13291931152344,77.1214370727539,78.06831359863281,78.44070434570312,78.59407806396484,78.9854507446289,79.51951599121094,80.03831481933594,80.42817687988281,80.43756103515625,80.07349395751953,79.77423095703125
70.09247589111328,70.01920318603516,71.24637603759766,72.38058471679688,71.71587371826172,71.1346435546875,71.31060791015625,70.94649505615234,70.4108657836914,70.38313293457031,70.0569839477539,69.12399291992188,68.59999084472656,68.45647430419922,67.9875259399414,67.56732177734375,67.85199737548828,68.86347961425781,70.10511016845703,71.00811004638672,71.50838470458984,71.72880554199219,71.57270050048828,70.98312377929688,70.24151611328125,69.9517822265625,70.59614562988281,72.235595703125,74.02302551269531,74.85550689697266,74.74423217773438,74.53463745117188,74.95856475830078,75.95638275146484,76.80509948730469,77.09461212158203,77.06292724609375,77.16816711425781,77.65764617919922,78.35392761230469,78.79612731933594,78.62354278564453,78.11485290527344,78.05533599853516
69.27919006347656,71.28510284423828,72.9768295288086,72.2080307006836,70.50897216796875,69.61602783203125,69.0577621459961,68.38506317138672,68.41473388671875,68.91757202148438,68.16227722167969,66.35888671875,65.10289764404297,64.60973358154297,64.58265686035156,64.88770294189453,65.38811492919922,66.08587646484375,66.85826873779297,67.68204498291016,68.66725158691406,69.58251190185547,70.0423583984375,69.93165588378906,69.44302368164062,69.13784790039062,69.60652923583984,70.98080444335938,72.65467834472656,73.64527130126953,73.69098663330078,73.3432388305664,73.28743743896484,73.76862335205078,74.32952880859375,74.47630310058594,74.33839416503906,74.37918853759766,74.87489318847656,75.71128845214844,76.44088745117188,76.62178802490234,76.46047973632812,76.55797576904297
70.5843505859375,72.62249755859375,72.28970336914062,70.2827377319336,68.48909759521484,67.5387191772461,66.76742553710938,66.4938735961914,66.9748306274414,66.36820983886719,64.04192352294922,62.06681442260742,61.50764846801758,61.71842575073242,62.072105407714844,62.284122467041016,62.51193618774414,63.130741119384766,64.10736846923828,65.2300796508789,66.47261810302734,67.5716323852539,68.1285171508789,68.1403579711914,68.0074234008789,68.18494415283203,68.6976547241211,69.39432525634766,70.14500427246094,70.71751403808594,70.91017150878906,70.78399658203125,70.64813995361328,70.71340942382812,70.80780029296875,70.80150604248047,70.97908020019531,71.55357360839844,72.46990203857422,73.55630493164062,74.34375762939453,74.56360626220703,74.5337142944336,74.75492095947266
69.93628692626953,70.33985137939453,69.55997467041016,68.39812469482422,67.27874755859375,66.17205810546875,64.89618682861328,64.07022857666016,62.98594284057617,60.96422576904297,59.57521438598633,59.59280014038086,60.14683151245117,60.40627670288086,60.21334457397461,59.85111618041992,59.727027893066406,60.42690658569336,61.92673110961914,63.434547424316406,64.63689422607422,65.36772918701172,65.42135620117188,65.2158203125,65.41243743896484,66.02851104736328,66.61247253417969,67.00898742675781,67.56782531738281,68.38386535644531,68.91082763671875,68.85243225097656,68.46128845214844,68.1573257446289,68.0616226196289,68.04573822021484,68.35919952392578,69.22496032714844,70.42050170898438,71.57780456542969,72.31758117675781,72.61869049072266,72.7690200805664,73.00875091552734
66.50051879882812,67.30146789550781,67.97598266601562,67.30147552490234,65.60845184326172,63.533042907714844,61.43122482299805,59.78971862792969,58.58417892456055,58.175445556640625,58.83462905883789,59.65340805053711,59.92818832397461,59.484130859375,58.52250289916992,57.46165084838867,57.098236083984375,58.21209716796875,60.178531646728516,61.78302764892578,62.887516021728516,63.40407943725586,63.14810562133789,62.906593322753906,63.56150817871094,64.58154296875,65.10163116455078,65.18120574951172,65.73816680908203,67.18861389160156,68.25084686279297,68.00257873535156,67.03235626220703,66.54481506347656,66.70977783203125,66.6648941040039,66.5151596069336,67.02344512939453,68.09497833251953,69.2315902709961,70.1113510131836,70.62743377685547,70.97286987304688,71.2909927368164
64.05370330810547,65.99529266357422,66.36178588867188,64.49153900146484,61.801551818847656,59.31554412841797,57.71604919433594,57.323944091796875,57.81809997558594,58.63970184326172,59.381717681884766,59.65904235839844,59.17443084716797,58.00902557373047,56.54346466064453,55.28078079223633,55.231685638427734,56.93816375732422,59.14445495605469,60.53913879394531,61.37375259399414,61.994876861572266,62.144126892089844,62.18047332763672,62.8911247253418,63.767398834228516,63.9160041809082,63.70000076293945,64.09010314941406,65.50128173828125,66.97647094726562,67.13381958007812,66.03557586669922,65.30555725097656,65.5345458984375,65.41239929199219,64.77339172363281,64.74494934082031,65.72236633300781,67.21940612792969,68.4111328125,68.81018829345703,68.81156158447266,68.95075225830078
62.81004333496094,63.82582092285156,62.63322067260742,59.91849899291992,57.75557327270508,56.69462585449219,56.61997604370117,57.29890060424805,58.21845626831055,58.95102310180664,59.17567825317383,58.57054901123047,57.256935119628906,55.806644439697266,54.40200424194336,53.33869934082031,53.675113677978516,55.8144416809082,58.35164260864258,59.85757827758789,60.59926986694336,61.24509048461914,61.656166076660156,61.7081413269043,61.811187744140625,62.05066680908203,62.1884765625,62.33036804199219,62.90931701660156,64.16390228271484,65.55261993408203,66.06707000732422,65.28743743896484,64.26073455810547,64.00056457519531,63.7902946472168,63.107730865478516,62.87431716918945,63.88803482055664,65.74859619140625,67.07426452636719,67.1816177368164,66.7271728515625,66.59210968017578
60.499576568603516,60.010704040527344,57.80400466918945,55.773895263671875,55.40401840209961,55.912193298339844,56.37290573120117,56.909027099609375,57.713619232177734,58.13230514526367,57.37611389160156,55.593265533447266,54.05299377441406,53.15336227416992,52.234130859375,51.924537658691406,53.08147430419922,55.30779266357422,57.77159881591797,59.732784271240234,60.69552993774414,60.82746505737305,60.636688232421875,60.36188507080078,60.204654693603516,60.32435607910156,60.743743896484375,61.48501205444336,62.621971130371094,63.914825439453125,64.8117904663086,64.93114471435547,64.12885284423828,62.95841979980469,62.37825012207031,62.1666259765625,61.71303939819336,61.51770782470703,62.36711120605469,64.02494049072266,65.29528045654297,65.55339050292969,65.29434204101562,65.43494415283203
57.091880798339844,55.841835021972656,54.032928466796875,53.62765121459961,54.57330322265625,55.51811599731445,55.832374572753906,56.13517379760742,56.78046417236328,56.45857238769531,54.427040100097656,52.24668502807617,51.21720886230469,50.855247497558594,51.134037017822266,52.476287841796875,54.460201263427734,56.316104888916016,57.89521408081055,59.52967071533203,60.813987731933594,60.76573181152344,59.814884185791016,59.13014602661133,58.97883987426758,59.24324035644531,60.01697540283203,61.08594512939453,62.20928192138672,63.27055358886719,63.85775375366211,63.575626373291016,62.42889404296875,61.036643981933594,60.35372543334961,60.32631301879883,60.362300872802734,60.59699630737305,61.302467346191406,62.323081970214844,63.306236267089844,63.9552001953125,64.20841217041016,64.71421813964844
53.61859893798828,52.581993103027344,52.330989837646484,53.37423324584961,54.79990005493164,55.52477264404297,55.46864318847656,55.67628479003906,55.9188232421875,54.492000579833984,51.91898727416992,50.123008728027344,49.56534957885742,50.26177978515625,51.9854736328125,54.02534484863281,55.96788787841797,57.6319580078125,58.7249870300293,59.368255615234375,60.0389404296875,60.21046447753906,59.5129508972168,58.70119857788086,58.32914352416992,58.36492156982422,58.97555923461914,59.94654846191406,60.908992767333984,61.77937316894531,62.28736877441406,61.855281829833984,60.477073669433594,58.946998596191406,58.19529724121094,58.34487533569336,58.79900360107422,59.3134880065918,59.93386459350586,60.577571868896484,61.31846237182617,62.093544006347656,62.72370529174805,63.314659118652344
50.329124450683594,50.3692626953125,51.74336624145508,53.829490661621094,55.20359802246094,55.332763671875,55.04650115966797,55.06889343261719,54.314453125,52.14690017700195,49.94251251220703,49.017921447753906,49.75677490234375,51.47822570800781,53.086814880371094,54.33412170410156,55.840553283691406,57.61602020263672,58.78063201904297,59.11732482910156,59.20939254760742,59.299095153808594,58.99011993408203,58.2947998046875,57.790283203125,57.64619445800781,57.69566345214844,58.04568099975586,58.872169494628906,59.895442962646484,60.43275833129883,59.847164154052734,58.299312591552734,56.70644760131836,55.86859893798828,56.00368881225586,56.6107292175293,57.16923141479492,57.61026382446289,57.94291687011719,58.54799270629883,59.631649017333984,60.639625549316406,61.178768157958984
47.4744873046875,48.88192367553711,51.72416687011719,54.2202262878418,55.061622619628906,54.78937911987305,54.139549255371094,52.942440032958984,51.160587310791016,49.6514778137207,49.261329650878906,49.83505630493164,50.88419723510742,52.08396911621094,52.84348678588867,53.4129524230957,54.80058670043945,56.80705642700195,58.273529052734375,58.82135772705078,58.778045654296875,58.61794662475586,58.32408142089844,57.817039489746094,57.39739227294922,57.17918014526367,56.803184509277344,56.41063690185547,56.62309265136719,57.377891540527344,57.851905822753906,57.3585319519043,56.05427551269531,54.66571807861328,53.81570816040039,53.845699310302734,54.53572463989258,55.12886047363281,55.2054443359375,55.23287582397461,56.046058654785156,57.61655807495117,58.85740661621094,59.41264724731445
45.579586029052734,48.76957321166992,52.33980178833008,54.564884185791016,55.08961868286133,54.20745849609375,52.058170318603516,49.32876968383789,47.950199127197266,48.880245208740234,50.565425872802734,51.175357818603516,51.17024612426758,51.69657897949219,52.35222244262695,52.98995590209961,54.329017639160156,56.12729263305664,57.5229377746582,58.16276550292969,58.13466262817383,57.9625358581543,57.8983268737793,57.67888259887695,57.12518310546875,56.450531005859375,55.63829803466797,54.77558135986328,54.42542266845703,54.7746696472168,55.258995056152344,55.241397857666016,54.55244827270508,53.515411376953125,52.75123596191406,52.67378616333008,53.2276725769043,53.768577575683594,53.67567443847656,53.52973937988281,54.38682556152344,56.1077995300293,57.564903259277344,58.26237869262695
45.89048385620117,49.62388610839844,52.48189163208008,54.24749755859375,54.7918815612793,52.93867874145508,48.995243072509766,46.1076545715332,46.90552520751953,50.022945404052734,52.18562316894531,52.039310455322266,51.41116714477539,51.815860748291016,52.60481262207031,53.24834060668945,54.07921600341797,55.1561393737793,56.23379898071289,56.99262237548828,57.24943542480469,57.37714767456055,57.54022216796875,57.24340057373047,56.22137451171875,54.97751998901367,53.89767837524414,53.03944396972656,52.703243255615234,53.05733871459961,53.663360595703125,53.93960952758789,53.6464729309082,53.00974655151367,52.522098541259766,52.45106887817383,52.582489013671875,52.56562805175781,52.200286865234375,52.03825759887695,52.95277786254883,54.72013473510742,56.2736930847168,57.10181427001953
48.52704620361328,50.652313232421875,51.794498443603516,53.095726013183594,53.30936813354492,50.5200080871582,46.65273666381836,46.02057647705078,48.80368423461914,52.05971908569336,53.13894271850586,52.21131896972656,51.545196533203125,52.04794692993164,52.93291473388672,53.53242111206055,53.79385757446289,54.1004753112793,54.814205169677734,55.693626403808594,56.25267028808594,56.44464874267578,56.33266830444336,55.67294692993164,54.486167907714844,53.27035903930664,52.30501174926758,51.63111114501953,51.528385162353516,52.10853576660156,52.843162536621094,53.179710388183594,52.987545013427734,52.53515625,52.181617736816406,52.02025604248047,51.6730842590332,51.01059341430664,50.42896270751953,50.558067321777344,51.71518325805664,53.257957458496094,54.32483673095703,54.94761657714844
50.93427658081055,51.247886657714844,50.97277069091797,51.547828674316406,51.66653060913086,49.60930633544922,47.6910400390625,48.52089309692383,51.18018341064453,52.5670280456543,51.9849739074707,51.243804931640625,51.50050735473633,52.4200553894043,53.332275390625,53.644622802734375,53.39862823486328,53.27980041503906,53.71578598022461,54.40255355834961,54.864593505859375,54.901615142822266,54.42303466796875,53.549766540527344,52.65715408325195,52.014892578125,51.37594223022461,50.75628662109375,50.71457290649414,51.39207077026367,52.139793395996094,52.407196044921875,52.2159309387207,51.85186004638672,51.42559814453125,50.94152069091797,50.41495895385742,49.86882781982422,49.432640075683594,49.5828857421875,50.590999603271484,51.729827880859375,52.26469802856445,52.643035888671875
51.93385314941406,50.95184326171875,50.102760314941406,51.6994514465332,52.77395248413086,50.96609115600586,49.094730377197266,49.167755126953125,49.755680084228516,49.795921325683594,50.286537170410156,51.30620193481445,51.874061584472656,52.42706298828125,53.09098434448242,53.06475067138672,52.4978141784668,52.13648986816406,52.27460479736328,52.724002838134766,53.1533203125,53.131614685058594,52.403507232666016,51.48442459106445,51.03469467163086,51.02927780151367,50.6923942565918,49.95349884033203,49.74564743041992,50.37603759765625,51.12771987915039,51.392398834228516,51.246158599853516,50.9770622253418,50.53449249267578,49.833839416503906,49.224369049072266,48.988494873046875,48.92793273925781,48.81684494018555,48.93266677856445,49.52759552001953,50.40718078613281,51.31364059448242
