data/wind_data/wind_18_6.json
{"header": {"parameterUnit": "KT", "parameterCategory": 2, "nx": 256, "ny": 198, "lo1": 44.73521041870117, "la1": -3.236724853515625, "lo2": 111.26478576660156, "la2": 43.468475341796875, "dx": 0.2609002888202667, "dy": -0.23708222806453705, "refTime": "2025-02-19 18:00:00", "forecastTime": 0, "parameterNumber": 2, "parameterNumberName": "eastward_wind"}, "data":
[rows 100 to 119 of 198, columns 180 to 224 of 256]
72.65330505371094,71.91302490234375,71.58915710449219,71.51781463623047,71.59270477294922,71.82659912109375,71.97600555419922,71.09049224853516,69.84151458740234,69.3785400390625,68.986572265625,68.40052032470703,68.23749542236328,68.5129165649414,68.8758316040039,68.96985626220703,68.87171173095703,68.87142181396484,68.9002914428711,68.84632873535156,68.67359924316406,68.59541320800781,68.9798812866211,69.73214721679688,70.25798797607422,70.07514953613281,69.46739196777344,68.9472427368164,68.75599670410156,69.06940460205078,69.80156707763672,70.79541778564453,71.7883529663086,73.22760009765625,74.58039855957031,74.23872375488281,73.6381607055664,74.43472290039062,75.32331085205078,75.84332275390625,76.48352813720703,77.13341522216797,77.1932373046875,76.87764739990234,76.58863067626953
70.86666870117188,70.29952239990234,70.05776977539062,70.07038116455078,70.11117553710938,70.4127197265625,71.1061019897461,70.69853973388672,69.21222686767578,68.37075805664062,67.89691162109375,67.41946411132812,67.0527114868164,66.84085845947266,67.21544647216797,68.05340576171875,68.51753997802734,68.44934844970703,68.29779052734375,68.4760971069336,68.69574737548828,68.68607330322266,68.96560668945312,69.65396881103516,70.25092315673828,70.23162078857422,69.80810546875,69.34867095947266,68.94104766845703,68.9382095336914,69.14525604248047,69.50582122802734,70.65998840332031,73.01507568359375,75.07503509521484,75.45320129394531,75.36006927490234,75.6271743774414,75.32423400878906,75.07262420654297,75.53766632080078,76.23126983642578,76.54922485351562,77.08293914794922,77.61856079101562
69.25133514404297,68.77901458740234,68.59269714355469,68.58147430419922,68.56241607666016,68.93822479248047,70.0640869140625,70.46875,69.13794708251953,67.76211547851562,66.91961669921875,66.44927978515625,66.19789123535156,65.98213958740234,66.17286682128906,67.05824279785156,68.09207153320312,68.53353881835938,68.4942855834961,68.87348937988281,69.42013549804688,69.4294662475586,69.5695571899414,70.23616790771484,70.96605682373047,71.15278625488281,70.7698745727539,70.1392822265625,69.46666717529297,69.10161590576172,68.96173095703125,69.02658081054688,70.08636474609375,72.3309326171875,74.3529281616211,75.5478515625,76.80706787109375,77.41107940673828,76.40615844726562,75.03121948242188,74.37667846679688,74.56531524658203,75.49037170410156,76.90660858154297,77.99267578125
67.97135925292969,67.45647430419922,67.38668060302734,67.36285400390625,67.2406005859375,67.56977844238281,68.89019775390625,70.09193420410156,69.47303771972656,67.93574523925781,66.66455841064453,65.90119934082031,65.60151672363281,65.62579345703125,66.00857543945312,66.5791244506836,67.52677154541016,68.522216796875,69.02112579345703,69.5912094116211,70.28553771972656,70.3617172241211,70.35653686523438,70.95136260986328,71.82926177978516,72.46380615234375,72.44586944580078,71.72586822509766,70.55596160888672,69.63009643554688,69.38701629638672,69.43042755126953,70.02870178222656,71.4507064819336,72.92291259765625,74.44637298583984,76.80928802490234,78.5840835571289,78.07672119140625,75.96427154541016,73.88327026367188,73.46553802490234,74.75213623046875,76.37994384765625,77.684326171875
67.31884765625,66.7226333618164,66.79694366455078,66.8692626953125,66.64004516601562,66.68164825439453,67.78299713134766,69.56389617919922,69.98680114746094,68.6671142578125,67.12349700927734,66.08203887939453,65.5345458984375,65.62838745117188,66.18128204345703,66.32636260986328,66.79710388183594,68.20832061767578,69.50852966308594,70.35942077636719,71.05305480957031,71.40904998779297,71.42193603515625,71.5783920288086,72.28751373291016,73.23442840576172,73.72464752197266,73.35799407958984,72.10150146484375,70.77409362792969,70.21401977539062,70.01901245117188,70.37704467773438,71.45550537109375,72.35216522216797,73.25313568115234,75.62802124023438,78.44659423828125,79.125244140625,77.53935241699219,75.20587921142578,73.80416107177734,73.96065521240234,74.97443389892578,76.2542495727539
67.81045532226562,67.05580139160156,66.8717041015625,66.93646240234375,66.88804626464844,66.77992248535156,67.27806091308594,69.1539535522461,70.5799560546875,69.66692352294922,67.92542266845703,66.74022674560547,66.1151123046875,66.13496398925781,66.79390716552734,67.07221221923828,66.763671875,67.02220916748047,68.91790008544922,71.03449249267578,72.10218811035156,72.45548248291016,72.36964416503906,72.18426513671875,72.51461791992188,73.47227478027344,74.3730697631836,74.40666198730469,73.46137237548828,72.33795928955078,71.6420669555664,70.86909484863281,70.92374420166016,72.08159637451172,72.74898529052734,72.93181610107422,74.74262237548828,77.91825866699219,79.63983154296875,79.10182189941406,77.17830657958984,74.9483871459961,73.5362777709961,73.378173828125,74.12452697753906
68.46321105957031,67.84870910644531,67.27519989013672,67.12808990478516,67.29299926757812,67.46540832519531,67.51085662841797,68.7132339477539,70.81657409667969,70.90180969238281,69.26934051513672,67.95166778564453,67.29267883300781,67.36859130859375,68.13011932373047,68.4541015625,67.85355377197266,67.30046844482422,68.06983947753906,70.17241668701172,72.3973159790039,73.63289642333984,73.67909240722656,73.37891387939453,73.23187255859375,73.5848388671875,74.5892333984375,75.13981628417969,74.78327941894531,74.20005798339844,73.76038360595703,72.73636627197266,72.0323486328125,72.68687438964844,73.33863830566406,73.33358001708984,74.41400146484375,77.41699981689453,79.86469268798828,80.08583068847656,78.43475341796875,76.02405548095703,74.17194366455078,73.26771545410156,73.09590148925781
68.2505111694336,68.27478790283203,67.86528778076172,67.50868225097656,67.39452362060547,67.90221405029297,68.3145523071289,68.77908325195312,70.4124526977539,72.15105438232422,71.57408905029297,70.11087799072266,69.2275619506836,69.09297943115234,69.61919403076172,70.14595031738281,69.67789459228516,68.60295104980469,68.22726440429688,69.2394027709961,71.67308044433594,74.24547576904297,75.34635162353516,75.25839233398438,74.94075775146484,74.8095474243164,75.10343170166016,75.55724334716797,76.06436157226562,76.22744750976562,75.7407455444336,74.6514663696289,73.68071746826172,73.78754425048828,74.30667877197266,74.07508850097656,74.25409698486328,76.91160583496094,79.85155487060547,80.25563049316406,78.44786834716797,76.25287628173828,74.89791870117188,74.08338165283203,73.60035705566406
67.8460464477539,68.56183624267578,68.65826416015625,68.24124145507812,67.89173889160156,68.1505126953125,68.8590316772461,69.47221374511719,70.47589111328125,72.71571350097656,73.8625717163086,73.0965347290039,72.05105590820312,71.38435363769531,71.18805694580078,71.51077270507812,71.59168243408203,70.75190734863281,69.73947143554688,69.76024627685547,71.41075897216797,74.2354507446289,76.36680603027344,76.84245300292969,76.87481689453125,76.86074829101562,76.44622039794922,76.23961639404297,77.0623779296875,77.92633819580078,77.55489349365234,76.12631225585938,75.0007095336914,75.24932861328125,75.85900115966797,75.12686157226562,74.5152359008789,76.83026885986328,79.80569458007812,80.1790771484375,78.20256805419922,75.93193054199219,74.67656707763672,74.47139739990234,74.51988220214844
68.14813232421875,68.81542205810547,69.4240951538086,69.63134765625,69.44050598144531,69.2051010131836,69.42682647705078,70.21204376220703,71.45137023925781,73.35386657714844,75.38345336914062,75.89530944824219,74.95177459716797,73.7072525024414,72.98615264892578,72.99585723876953,73.3228530883789,73.08460998535156,72.1591796875,71.6168441772461,72.18115997314453,74.39551544189453,76.80323028564453,77.6684799194336,78.20767211914062,78.66928100585938,78.18941497802734,77.6098861694336,78.18645477294922,79.2503433227539,79.2252426147461,77.73750305175781,76.41693115234375,76.5047836303711,76.95665740966797,76.30593872070312,75.79035186767578,77.67033386230469,80.1903076171875,80.81558990478516,79.11646270751953,76.39154815673828,74.48936462402344,74.27394104003906,74.79667663574219
69.15394592285156,69.41142272949219,70.12183380126953,70.90032196044922,71.16241455078125,70.86661529541016,70.79667663574219,71.43771362304688,72.92124938964844,74.51933288574219,76.0239486694336,77.45691680908203,77.23001098632812,75.70001220703125,74.73692321777344,74.87335205078125,75.29710388183594,75.2530288696289,74.57661437988281,73.77106475830078,73.54280853271484,75.00177764892578,77.2035140991211,78.18673706054688,78.7931900024414,79.66210174560547,79.67344665527344,79.2968521118164,79.6829605102539,80.5674057006836,80.77710723876953,79.66230773925781,78.28838348388672,77.5807876586914,77.21031951904297,77.0385513305664,77.32867431640625,78.76361846923828,80.91960144042969,82.26673889160156,81.22860717773438,78.18017578125,75.40204620361328,74.5172348022461,74.96590423583984
70.71426391601562,70.5967025756836,71.17672729492188,72.169189453125,72.46405792236328,72.16429138183594,72.3563003540039,73.10496520996094,74.37997436523438,75.53087615966797,76.26490783691406,77.83402252197266,78.60685729980469,77.59388732910156,76.78694152832031,76.8619155883789,77.01747131347656,76.97688293457031,76.56060028076172,75.78404235839844,75.17196655273438,75.87115478515625,77.78546905517578,78.91094970703125,79.09305572509766,79.83292388916016,80.35381317138672,80.64908599853516,81.24847412109375,81.6628646850586,81.78130340576172,81.23249816894531,79.99239349365234,78.4150390625,77.30764770507812,77.31092834472656,77.98456573486328,79.1983413696289,81.33323669433594,83.30552673339844,83.39437103271484,81.1374282836914,78.07444763183594,76.29634094238281,76.10858917236328
72.48136138916016,72.45851135253906,72.79489135742188,73.1768569946289,73.20490264892578,73.57258605957031,74.37445068359375,74.87236785888672,75.31265258789062,75.90971374511719,76.42253875732422,77.8597412109375,79.4780044555664,79.29332733154297,78.36613464355469,77.67977142333984,77.47185516357422,77.7812728881836,77.97881317138672,77.46066284179688,76.67655944824219,76.66507720947266,78.05888366699219,79.44143676757812,79.7087173461914,80.04933166503906,80.8949203491211,82.01859283447266,82.7300796508789,82.44004821777344,82.33832550048828,82.41241455078125,81.29253387451172,79.26324462890625,78.1839599609375,78.21776580810547,78.41681671142578,79.15467834472656,81.09391021728516,83.66507720947266,85.15225219726562,84.37359619140625,82.02449798583984,79.74516296386719,78.57073211669922
74.17256927490234,74.42891693115234,74.22169494628906,73.60749816894531,73.6507797241211,74.68297576904297,75.74207305908203,76.37419128417969,76.61579895019531,76.53540802001953,76.68977355957031,78.00511169433594,79.7973861694336,79.76972198486328,78.66320037841797,78.0020980834961,77.79449462890625,77.92325592041016,78.21536254882812,78.08934783935547,77.50377655029297,77.44005584716797,78.59419250488281,80.25830078125,81.06037139892578,80.86992645263672,81.7016830444336,83.73946380615234,84.64695739746094,83.9594955444336,83.6744155883789,83.73979187011719,82.29175567626953,80.4469223022461,80.16548156738281,80.42405700683594,79.67920684814453,79.17495727539062,80.94129943847656,84.2382583618164,86.58892822265625,87.16352844238281,85.8909683227539,83.41968536376953,81.48380279541016
74.8706283569336,75.13783264160156,75.01007080078125,74.5155258178711,74.35411834716797,75.10858154296875,76.37091064453125,77.47720336914062,77.81977081298828,77.41034698486328,76.99600219726562,77.57603454589844,79.23873901367188,79.8271713256836,79.00019836425781,78.34307861328125,77.8857192993164,77.71277618408203,78.28691864013672,79.05003356933594,78.99996948242188,79.0149154663086,80.0034408569336,81.55415344238281,82.6070556640625,82.07391357421875,81.88623046875,83.94302368164062,85.61458587646484,85.53083038330078,85.43075561523438,84.80864715576172,82.6428451538086,81.56694030761719,82.46678924560547,82.70735931396484,80.81036376953125,79.19866180419922,81.12889099121094,85.01920318603516,87.42021942138672,88.5353012084961,87.9249038696289,85.78026580810547,83.57060241699219
75.03938293457031,74.86212158203125,74.89014434814453,75.463623046875,76.10615539550781,76.42499542236328,76.60181427001953,77.20159149169922,78.02648162841797,78.42601776123047,78.21051788330078,78.08460998535156,78.72242736816406,78.94996643066406,78.38919830322266,78.36166381835938,78.67884826660156,79.19705963134766,80.23997497558594,81.1083984375,81.03917694091797,80.51860809326172,80.72714233398438,81.58865356445312,82.41059875488281,82.1556167602539,81.19686126708984,82.51898956298828,85.32559967041016,86.68767547607422,86.33953094482422,84.01325225830078,81.27948760986328,81.70036315917969,83.82624053955078,83.7214584350586,80.86981201171875,78.94171905517578,81.27312469482422,85.3460922241211,87.68974304199219,88.59978485107422,87.94583129882812,85.88926696777344,83.73743438720703
74.38043212890625,74.09297180175781,74.87540435791016,76.29131317138672,77.33905792236328,77.71080780029297,77.61654663085938,77.59140014648438,78.10887908935547,78.93883514404297,79.29227447509766,78.9493637084961,78.50804138183594,78.36177062988281,78.45073699951172,78.9993667602539,80.07553100585938,81.23187255859375,82.10455322265625,82.54950714111328,82.22142028808594,81.08940124511719,80.3167953491211,80.5627670288086,81.24922180175781,81.29334259033203,80.16217041015625,80.45153045654297,83.27877044677734,85.86048126220703,85.61042022705078,82.05247497558594,79.3770980834961,81.18614959716797,83.84524536132812,83.15840911865234,79.81549835205078,78.31197357177734,81.27360534667969,85.43731689453125,87.58226013183594,88.04729461669922,86.85428619384766,84.57467651367188,82.68555450439453
73.64547729492188,73.99092864990234,75.23957824707031,76.7780990600586,78.1344985961914,78.87022399902344,78.80895233154297,78.44364166259766,78.3940658569336,78.6600341796875,79.20458221435547,79.64923095703125,79.55318450927734,79.49559020996094,80.11719512939453,80.87295532226562,81.47982025146484,82.02806091308594,82.33998107910156,82.64855194091797,82.50291442871094,81.41287231445312,80.20088958740234,79.76770782470703,79.99232482910156,80.07669830322266,79.13328552246094,78.44723510742188,80.23779296875,83.18132781982422,83.5893325805664,80.3516845703125,78.29461669921875,80.97722625732422,83.45663452148438,81.79615020751953,78.36456298828125,77.88906860351562,81.39725494384766,85.3605728149414,87.43425750732422,87.33654022216797,85.33789825439453,83.35752868652344,82.1199722290039
74.34908294677734,75.01052856445312,75.9196548461914,77.19517517089844,78.69305419921875,79.60499572753906,79.38282012939453,78.6701431274414,78.43347930908203,78.594970703125,78.93012237548828,79.62973022460938,80.59310913085938,81.47048950195312,81.99532318115234,82.30230712890625,82.19938659667969,81.55654907226562,81.43699645996094,82.22325897216797,82.45097351074219,81.24447631835938,79.59183502197266,78.61534118652344,78.30137634277344,78.48919677734375,78.24457550048828,77.14755249023438,78.05349731445312,80.67375183105469,81.28919982910156,79.16930389404297,78.01416015625,80.5549087524414,82.93350219726562,81.03556060791016,77.73778533935547,77.92733001708984,81.2474365234375,84.90576934814453,87.03363037109375,86.13712310791016,84.27621459960938,83.60212707519531,82.74858856201172
76.03567504882812,76.27070617675781,76.8770980834961,77.8954849243164,79.12303161621094,79.69391632080078,79.28993225097656,78.58954620361328,78.39765930175781,78.68013000488281,78.98893737792969,79.49656677246094,80.44110870361328,81.48455047607422,81.72822570800781,81.46100616455078,81.26046752929688,80.60028076171875,80.28224182128906,80.905029296875,81.06510162353516,79.76118469238281,78.1271743774414,77.66793823242188,77.61432647705078,77.78264617919922,77.61231231689453,76.44498443603516,76.89796447753906,78.93589782714844,79.71082305908203,78.73658752441406,77.59782409667969,79.06373596191406,82.00450134277344,81.10990142822266,78.16212463378906,78.21402740478516,80.82923889160156,84.05493927001953,85.77568054199219,84.83328247070312,84.24696350097656,84.30728912353516,83.24540710449219
