data/wind_data/wind_18_5.json
{"header": {"parameterUnit": "KT", "parameterCategory": 2, "nx": 256, "ny": 198, "lo1": 44.73521041870117, "la1": -3.236724853515625, "lo2": 111.26478576660156, "la2": 43.468475341796875, "dx": 0.2609002888202667, "dy": -0.23708222806453705, "refTime": "2025-02-19 18:00:00", "forecastTime": 0, "parameterNumber": 2, "parameterNumberName": "eastward_wind"}, "data":
[rows 133 to 151 of 198, columns 88 to 131 of 256]
50.84437942504883,50.792808532714844,52.103973388671875,52.529415130615234,52.48402404785156,52.561012268066406,52.71080780029297,52.25933837890625,49.47251510620117,44.67619705200195,40.48054885864258,37.58675003051758,35.288028717041016,33.703250885009766,33.261627197265625,33.45512390136719,33.452449798583984,33.06242752075195,32.194332122802734,31.602237701416016,31.1069393157959,28.870357513427734,27.64290428161621,26.149261474609375,24.537439346313477,22.43887710571289,22.476858139038086,22.60137367248535,23.48676300048828,23.038354873657227,25.603622436523438,34.954185485839844,44.825374603271484,41.74434280395508,32.2882080078125,20.072998046875,10.888598442077637,10.611531257629395,12.943971633911133,15.931446075439453,18.365652084350586,20.130979537963867,19.898290634155273,15.38790512084961
58.15143966674805,54.85498809814453,53.10313034057617,53.01821517944336,53.5269889831543,53.61325454711914,53.57718276977539,52.79766082763672,49.65779495239258,44.94755554199219,40.26117706298828,37.27769470214844,35.157840728759766,33.8456916809082,33.464439392089844,33.54749298095703,33.63140869140625,32.938697814941406,32.024139404296875,31.55110740661621,30.133955001831055,26.86585235595703,25.868135452270508,25.449478149414062,24.394733428955078,22.02143669128418,19.969106674194336,21.194459915161133,19.951114654541016,16.04227638244629,34.04891586303711,44.60157012939453,39.35684585571289,27.952686309814453,14.697784423828125,5.125009059906006,3.083513021469116,7.022067546844482,10.678555488586426,12.040138244628906,11.83344841003418,10.583189010620117,7.825385570526123,5.029370307922363
61.49644088745117,57.205997467041016,53.50128936767578,52.612548828125,52.97804260253906,53.5049934387207,53.79338073730469,52.838897705078125,49.69034957885742,44.50248336791992,39.20188522338867,36.488372802734375,34.90452575683594,33.82077407836914,33.23515319824219,32.98381042480469,33.14753723144531,32.45035171508789,32.21237564086914,32.59339141845703,28.93939971923828,25.685260772705078,24.555089950561523,24.516315460205078,24.584033966064453,23.135589599609375,23.53066635131836,20.930044174194336,14.015158653259277,19.921009063720703,30.138776779174805,34.458709716796875,27.95762062072754,15.055845260620117,3.786970376968384,0.3506539463996887,3.654663324356079,9.355342864990234,10.79916763305664,8.720410346984863,5.337864398956299,3.113194227218628,3.9172518253326416,5.332902431488037
60.63752365112305,56.961891174316406,53.445343017578125,51.82699966430664,51.53089141845703,52.01105499267578,52.681095123291016,51.93878936767578,48.714569091796875,43.57297897338867,37.8367805480957,34.775550842285156,34.208797454833984,33.44031524658203,32.617794036865234,32.07462692260742,32.13459777832031,32.19017028808594,33.05907440185547,32.74840545654297,30.305021286010742,25.917869567871094,22.973276138305664,21.801956176757812,20.639572143554688,19.539569854736328,18.329551696777344,14.154409408569336,15.720208168029785,21.376144409179688,25.621780395507812,31.36469268798828,27.71648597717285,12.249299049377441,2.8724851608276367,1.982525110244751,7.824579238891602,12.421869277954102,11.171405792236328,5.881227970123291,2.476824998855591,4.594192981719971,9.130976676940918,13.342428207397461
59.183624267578125,56.775230407714844,53.92888259887695,51.832218170166016,50.42450714111328,49.72093200683594,50.47836685180664,50.66343688964844,47.45338821411133,42.10263442993164,36.79296112060547,33.130401611328125,31.78923797607422,31.594341278076172,30.651405334472656,31.485279083251953,32.21698760986328,32.57202911376953,33.186824798583984,30.73203468322754,26.936792373657227,22.019115447998047,19.422056198120117,18.556325912475586,16.85745620727539,18.835826873779297,17.056562423706055,14.16408920288086,16.471324920654297,22.02349281311035,27.144542694091797,30.318830490112305,24.082462310791016,10.500664710998535,1.978446364402771,2.497490882873535,8.782157897949219,11.420879364013672,8.907628059387207,6.132132053375244,6.480312347412109,9.457048416137695,12.735931396484375,15.839559555053711
56.830020904541016,55.42210006713867,53.00040054321289,50.8551025390625,48.83073425292969,46.63194274902344,46.53683090209961,47.95683670043945,44.74256134033203,38.56441116333008,34.68313980102539,31.525550842285156,29.227876663208008,28.480947494506836,28.16472053527832,30.416805267333984,30.63178253173828,31.19054412841797,32.86186218261719,28.722854614257812,22.218852996826172,19.129501342773438,18.138141632080078,15.009361267089844,19.0164794921875,20.235759735107422,16.927736282348633,14.109947204589844,17.381118774414062,23.03927993774414,26.19831657409668,24.908130645751953,15.230107307434082,3.966399908065796,-0.4798935651779175,2.3305976390838623,7.995828628540039,7.889931678771973,5.988149642944336,7.344659805297852,9.364736557006836,12.056062698364258,14.98050594329834,15.836793899536133
53.29710388183594,52.608734130859375,50.668331146240234,48.46385192871094,46.28565979003906,43.29274368286133,41.40829849243164,43.88634490966797,41.48375701904297,34.381282806396484,32.26424789428711,30.497167587280273,28.125289916992188,27.052751541137695,26.77490234375,27.927255630493164,30.2054443359375,30.375883102416992,29.995756149291992,28.463363647460938,26.19584083557129,21.312368392944336,14.84987735748291,16.11029624938965,19.011798858642578,17.859813690185547,14.035176277160645,13.436650276184082,18.655193328857422,21.08799171447754,19.40035629272461,14.063945770263672,5.2111992835998535,-0.7974410653114319,-2.876615285873413,0.6380842328071594,5.205254077911377,4.386521816253662,4.3426923751831055,7.261367321014404,9.430437088012695,10.323339462280273,10.978636741638184,7.08521842956543
50.070404052734375,49.57872009277344,47.89142990112305,46.16344451904297,43.60568618774414,39.48301696777344,35.361019134521484,37.8619499206543,36.28773880004883,30.3088321685791,30.360511779785156,29.983659744262695,28.02569007873535,27.164764404296875,27.0229434967041,27.9853515625,29.686372756958008,30.240524291992188,28.337200164794922,28.62138557434082,30.854263305664062,27.546709060668945,22.12106704711914,18.206756591796875,14.450605392456055,12.758346557617188,9.248405456542969,14.814172744750977,19.820049285888672,16.729225158691406,12.752150535583496,7.590991973876953,1.4927037954330444,-3.8769681453704834,-4.517982482910156,-0.9714486598968506,2.483307361602783,3.106259822845459,4.4362263679504395,7.151727676391602,7.845742225646973,6.840669631958008,7.331388473510742,4.141908168792725
47.679115295410156,47.40813446044922,46.084877014160156,44.95052719116211,41.924293518066406,35.648136138916016,30.446565628051758,32.76118087768555,32.18903732299805,27.74746322631836,27.765024185180664,28.259918212890625,26.95943260192871,26.50294303894043,27.89284324645996,28.488018035888672,28.58867835998535,29.02044677734375,27.050107955932617,28.568702697753906,33.272979736328125,33.772518157958984,23.51307487487793,11.416924476623535,9.357101440429688,10.365389823913574,10.564180374145508,14.775408744812012,17.645530700683594,16.12554931640625,11.540445327758789,4.591968059539795,-1.4195857048034668,-5.5296549797058105,-4.033534049987793,-2.010050058364868,-1.3227742910385132,1.625515103340149,8.155598640441895,11.929008483886719,7.8190531730651855,5.546336650848389,7.283203125,5.192767143249512
45.24904251098633,45.324317932128906,45.1452751159668,44.2746467590332,40.05302810668945,32.81699752807617,29.510663986206055,31.05868911743164,30.111778259277344,26.47132110595703,25.56800651550293,25.886301040649414,24.943937301635742,25.209667205810547,27.843034744262695,27.310396194458008,26.852109909057617,25.85529136657715,25.072050094604492,30.039108276367188,31.07002067565918,22.134429931640625,8.508111000061035,3.1848058700561523,6.323641300201416,8.74050521850586,10.562148094177246,12.570074081420898,14.994500160217285,15.161524772644043,7.4004316329956055,-1.1458890438079834,-4.58501672744751,-4.3723578453063965,-1.4384183883666992,1.5210204124450684,2.991340398788452,7.692704677581787,12.212828636169434,13.638666152954102,8.211395263671875,6.745158672332764,7.930788516998291,6.136955261230469
42.112884521484375,42.52683639526367,43.280662536621094,42.24533462524414,37.19450759887695,31.673723220825195,30.175203323364258,30.576557159423828,28.78790855407715,26.046232223510742,25.231218338012695,25.737653732299805,24.52094078063965,24.665691375732422,26.585206985473633,25.502025604248047,24.382627487182617,22.20242691040039,22.820114135742188,23.179441452026367,14.113001823425293,2.8525097370147705,-3.6784236431121826,-2.2311928272247314,1.9578428268432617,5.563586711883545,7.799374103546143,9.170819282531738,10.84310245513916,8.087881088256836,-0.808754563331604,-7.3581414222717285,-6.225709915161133,0.9348596930503845,6.374223232269287,9.343401908874512,10.284647941589355,12.625459671020508,12.034205436706543,9.934257507324219,8.716567993164062,7.789662837982178,6.063235282897949,5.350736141204834
36.67313003540039,37.662452697753906,38.69036865234375,37.95359802246094,33.78619384765625,29.51301383972168,28.173311233520508,27.297130584716797,25.415103912353516,26.1313533782959,26.30265235900879,25.99985122680664,25.157028198242188,25.360647201538086,25.82208824157715,23.480918884277344,21.520944595336914,16.167747497558594,21.364116668701172,14.35305404663086,0.2581591010093689,-7.22464656829834,-9.929937362670898,-5.181192398071289,0.676307737827301,4.68708610534668,3.677206516265869,2.9008538722991943,3.0862019062042236,1.6155529022216797,-0.0721144750714302,-4.428782939910889,-5.717074394226074,3.2568750381469727,11.354092597961426,13.443317413330078,14.256308555603027,14.005274772644043,11.17587661743164,11.127546310424805,11.74383544921875,8.970909118652344,4.382623195648193,5.079575538635254
26.872655868530273,28.16803550720215,30.54258155822754,31.145727157592773,28.38785743713379,24.887489318847656,23.069692611694336,21.423707962036133,20.61398696899414,23.12060546875,25.732858657836914,26.35500717163086,25.734586715698242,25.752981185913086,24.471452713012695,21.82207679748535,16.07270622253418,14.16508960723877,23.35365867614746,7.21428108215332,-3.7963943481445312,-9.258461952209473,-9.265433311462402,-4.687805652618408,2.6008307933807373,4.086217403411865,-0.6255883574485779,-3.2375667095184326,-2.2998013496398926,1.2135343551635742,5.780525207519531,3.5535964965820312,0.4722435474395752,4.789188385009766,11.06545352935791,14.947192192077637,16.452871322631836,12.518896102905273,13.005887985229492,11.551749229431152,8.194785118103027,4.56574010848999,3.6463873386383057,4.881852149963379
15.666501998901367,17.040653228759766,22.651939392089844,23.780288696289062,21.486270904541016,19.383007049560547,17.3966007232666,16.266925811767578,16.285221099853516,17.498197555541992,21.524133682250977,24.682231903076172,24.517234802246094,25.00310707092285,22.51434326171875,20.317720413208008,12.15966796875,19.1854190826416,19.821121215820312,2.2604293823242188,-3.6599254608154297,-6.480793476104736,-6.532333850860596,-4.762533664703369,2.5123000144958496,3.623246908187866,0.20347383618354797,-3.1132240295410156,-1.336437463760376,3.2706406116485596,6.780538082122803,5.850815296173096,5.573981761932373,8.238889694213867,12.74278450012207,18.320398330688477,15.917227745056152,14.853450775146484,8.192893981933594,5.158456325531006,4.082974910736084,3.6529109477996826,4.935161590576172,6.176884174346924
8.915555000305176,10.244840621948242,17.28840446472168,16.158315658569336,12.837660789489746,11.065618515014648,10.261651039123535,11.901857376098633,12.219611167907715,12.084964752197266,16.179882049560547,20.724592208862305,21.752660751342773,22.582477569580078,19.068483352661133,17.5882511138916,11.619643211364746,22.15699577331543,17.660898208618164,1.044572353363037,-5.1941328048706055,-7.175320148468018,-6.502306938171387,-5.282443046569824,-0.19859810173511505,1.963453769683838,4.1880974769592285,5.105662822723389,5.954197406768799,6.395286560058594,5.794645309448242,5.048777103424072,7.183196544647217,10.179795265197754,16.7142391204834,18.274045944213867,17.697004318237305,11.81400203704834,3.9860458374023438,1.398947834968567,3.1114251613616943,4.901843547821045,6.839371204376221,7.996664524078369
8.004532814025879,10.287306785583496,6.874137878417969,3.4462437629699707,5.524457931518555,7.411740303039551,7.572550296783447,9.434165954589844,11.018401145935059,12.233358383178711,14.4286527633667,17.932777404785156,18.59784698486328,19.53771209716797,15.03256607055664,12.546618461608887,13.579858779907227,24.663196563720703,17.370586395263672,-2.714036226272583,-7.783437252044678,-8.262063980102539,-7.041201114654541,-5.395498752593994,-3.6926205158233643,1.0918341875076294,10.265376091003418,13.46662712097168,12.89436149597168,10.980298042297363,8.09708023071289,6.026479244232178,8.254379272460938,13.495514869689941,17.090925216674805,16.649017333984375,14.477376937866211,10.42225170135498,3.621471881866455,-0.3583541512489319,2.6843769550323486,5.948551654815674,7.691505432128906,8.548608779907227
4.177193641662598,2.0555579662323,0.8283627033233643,0.8122256994247437,3.3136889934539795,6.260176181793213,7.536191463470459,8.808696746826172,11.86324691772461,14.209071159362793,16.4144229888916,15.639605522155762,14.740036964416504,16.620380401611328,11.4296293258667,11.640970230102539,20.262826919555664,27.51404571533203,20.80269432067871,-0.38307392597198486,-4.044492721557617,-6.508340358734131,-7.84384822845459,-4.282866954803467,-0.491764634847641,9.01596736907959,16.221105575561523,17.77196502685547,11.5813570022583,9.392243385314941,10.042872428894043,11.363442420959473,13.845321655273438,15.188539505004883,12.962600708007812,11.3992919921875,10.772509574890137,6.5125555992126465,0.8685483932495117,1.5355318784713745,4.760364532470703,5.6215996742248535,8.07089614868164,8.461644172668457
-0.22204113006591797,-2.325493335723877,-1.3633095026016235,-1.4461603164672852,3.446157217025757,3.4434642791748047,3.9982011318206787,5.700048446655273,10.62268352508545,15.163209915161133,15.34238052368164,14.207953453063965,12.445013999938965,13.854889869689941,10.406871795654297,14.865717887878418,21.505491256713867,25.491867065429688,20.651338577270508,2.770207405090332,-2.0428884029388428,-5.545119762420654,-6.126118183135986,1.0646631717681885,9.96383285522461,16.441808700561523,15.068443298339844,12.809911727905273,7.768927574157715,6.519566535949707,11.37356185913086,16.006301879882812,16.78538703918457,14.925422668457031,14.850448608398438,11.932711601257324,8.798676490783691,3.798143148422241,3.044351816177368,6.612341403961182,7.32157564163208,6.1801862716674805,8.985064506530762,7.644492149353027
-1.4488279819488525,-1.1533015966415405,-2.147580862045288,-1.7439639568328857,1.1724430322647095,3.1689400672912598,-0.4685512185096741,-1.088310956954956,5.470422744750977,11.592824935913086,12.129430770874023,11.813166618347168,9.961134910583496,11.359615325927734,10.635704040527344,15.287225723266602,19.583677291870117,18.304487228393555,9.708477973937988,-1.8879483938217163,-2.9685935974121094,-1.655036449432373,0.7994614243507385,8.812051773071289,16.39392852783203,15.913957595825195,9.205729484558105,8.734522819519043,10.079584121704102,11.852938652038574,14.803451538085938,17.517295837402344,17.619447708129883,12.141013145446777,8.016258239746094,8.494555473327637,5.565458297729492,3.185774803161621,4.432328701019287,7.712323188781738,8.04712963104248,8.268150329589844,8.37330436706543,6.5504841804504395
