data/wind_data/wind_2025-02-21_08.json
{"header": {"parameterUnit": "KT", "parameterCategory": 2, "nx": 255, "ny": 198, "lo1": 44.73521041870117, "la1": -3.236724853515625, "lo2": 111.26478576660156, "la2": 43.468475341796875, "dx": 0.26192745566368103, "dy": -0.23708222806453705, "refTime": "2025-02-21 08:00:00", "forecastTime": 0, "parameterNumber": 2, "parameterNumberName": "eastward_wind"}, "data":
[rows 57 to 75 of 198, columns 172 to 214 of 255]
-8.211163520812988,-7.925745964050293,-7.579046249389648,-7.185553073883057,-6.806771278381348,-6.524057388305664,-6.38986873626709,-6.031376838684082,-5.117727279663086,-3.6811330318450928,-5.08955192565918,-9.370892524719238,-8.137507438659668,-6.672363758087158,-7.221234321594238,-5.992488384246826,-5.776280879974365,-5.458529949188232,-5.3831467628479,-5.748668670654297,-5.904242515563965,-5.517435073852539,-4.5527777671813965,-3.617309808731079,-3.1425693035125732,-3.156744956970215,-3.380902051925659,-3.3627636432647705,-3.0724525451660156,-2.079633951187134,-0.1700451374053955,2.0800187587738037,3.886469841003418,5.3066325187683105,4.855857849121094,-3.042153835296631,-7.757268905639648,-7.117740154266357,-8.06044864654541,-5.70953369140625,-6.2264533042907715,-7.284512519836426,-7.284727573394775
-8.349186897277832,-8.063684463500977,-7.687931537628174,-7.217957019805908,-6.573261260986328,-6.042586326599121,-5.669073581695557,-5.537177562713623,-5.0363359451293945,-3.7453978061676025,-3.387007236480713,-7.07719612121582,-9.069865226745605,-6.390248775482178,-7.061607837677002,-6.2834978103637695,-5.536242485046387,-5.474862575531006,-5.089332103729248,-5.319954872131348,-5.365207195281982,-5.257270336151123,-4.505627155303955,-3.6230814456939697,-3.129767894744873,-3.2380170822143555,-3.3556556701660156,-3.1907567977905273,-3.1204333305358887,-1.9942659139633179,0.46376579999923706,2.9273345470428467,4.114861965179443,1.7882120609283447,-0.4708423614501953,-4.242417812347412,-8.083161354064941,-7.149423122406006,-6.647077560424805,-5.491627216339111,-5.838572978973389,-7.3728766441345215,-7.6710968017578125
-8.007641792297363,-7.75828742980957,-7.395099639892578,-6.852206230163574,-6.169852256774902,-5.572546482086182,-5.233583927154541,-4.950105667114258,-4.320521354675293,-3.872469186782837,-3.258916139602661,-2.9078190326690674,-6.726787567138672,-7.229431629180908,-6.631834506988525,-6.779686450958252,-5.835669994354248,-6.13106632232666,-5.471353530883789,-5.365077018737793,-5.0621819496154785,-4.838501930236816,-4.175457954406738,-3.4966702461242676,-3.0294137001037598,-3.0331034660339355,-3.2323436737060547,-3.3022704124450684,-3.158782482147217,-1.892929196357727,0.6850824356079102,3.5462758541107178,5.908618927001953,5.920822620391846,-2.625079870223999,-6.950381755828857,-7.1937761306762695,-8.327629089355469,-7.059169292449951,-5.000454902648926,-4.951763153076172,-6.410092830657959,-6.782328128814697
-7.666666030883789,-7.325657367706299,-6.88985538482666,-6.374843597412109,-5.9103922843933105,-5.459845542907715,-5.280817985534668,-5.144798755645752,-4.22838020324707,-2.7457222938537598,-1.506663203239441,-3.1233692169189453,-7.908952713012695,-7.512675762176514,-6.055018901824951,-6.48345947265625,-5.836374282836914,-6.478679656982422,-5.993704795837402,-5.735477447509766,-5.186481952667236,-4.7228264808654785,-3.9995293617248535,-3.433919668197632,-3.1040101051330566,-3.1992926597595215,-3.5145857334136963,-3.6828067302703857,-3.073561191558838,-1.5570701360702515,0.7084190249443054,3.193990707397461,5.931522846221924,4.798550128936768,-5.026177883148193,-7.69273042678833,-7.491537570953369,-9.403539657592773,-9.193154335021973,-5.637946605682373,-3.378462791442871,-4.1461029052734375,-4.47224235534668
-7.312817096710205,-6.8925909996032715,-6.4009857177734375,-6.09481143951416,-5.892470359802246,-5.622217655181885,-5.389270782470703,-5.205984592437744,-4.606060028076172,-3.4761734008789062,-1.6129294633865356,-2.01461124420166,-7.9742560386657715,-8.038750648498535,-5.488823890686035,-6.26196813583374,-5.63097620010376,-6.439055442810059,-6.263294219970703,-5.932864189147949,-5.438011169433594,-4.7955732345581055,-4.076227188110352,-3.5933966636657715,-3.447225332260132,-3.700282573699951,-3.9939157962799072,-3.986119508743286,-3.3011813163757324,-1.6229547262191772,0.8949536681175232,3.2685863971710205,6.086188316345215,6.587764263153076,-3.962446689605713,-8.291229248046875,-8.882521629333496,-12.937637329101562,-11.167217254638672,-6.681371688842773,-0.8232572078704834,0.32214128971099854,-0.7062990665435791
-6.5484089851379395,-6.3193535804748535,-6.09271764755249,-5.861425399780273,-5.782815456390381,-5.694772243499756,-5.3792619705200195,-5.024792194366455,-4.727096080780029,-4.116239547729492,-2.7282087802886963,-3.2533960342407227,-8.152064323425293,-7.673423767089844,-5.184168338775635,-5.799993515014648,-5.544314384460449,-6.334229946136475,-6.218010425567627,-5.851175308227539,-5.474384784698486,-4.882232666015625,-4.173739433288574,-3.706800699234009,-3.7292165756225586,-4.131369113922119,-4.4801106452941895,-4.363137722015381,-3.3217544555664062,-1.315606951713562,1.4075716733932495,3.7289955615997314,7.319147109985352,6.037207126617432,-4.9862518310546875,-8.32279109954834,-9.106282234191895,-12.53729248046875,-11.055525779724121,-8.646164894104004,-0.5834921598434448,5.299376487731934,6.084132671356201
-5.9378180503845215,-5.913313865661621,-5.723764419555664,-5.468845844268799,-5.486723899841309,-5.485642433166504,-5.144962310791016,-4.842281818389893,-4.846669673919678,-4.5982346534729,-3.835885524749756,-2.649000644683838,-6.842961311340332,-8.043590545654297,-4.5590434074401855,-5.674211025238037,-5.638381004333496,-6.329168319702148,-6.139686584472656,-5.526194095611572,-5.154419898986816,-4.93801736831665,-4.3741774559021,-3.822777271270752,-3.7313482761383057,-4.113934516906738,-4.424564838409424,-4.180033206939697,-2.931478977203369,-0.5056208372116089,2.4646942615509033,4.614006042480469,6.949777603149414,2.635948657989502,-6.580366134643555,-8.7303466796875,-8.5806884765625,-9.575033187866211,-10.946528434753418,-8.60044002532959,0.1188470646739006,7.825037956237793,3.863443374633789
-5.412600517272949,-5.383018493652344,-5.36176061630249,-5.312470436096191,-5.334588527679443,-5.390738010406494,-5.150440216064453,-4.681662082672119,-4.474991321563721,-4.794235706329346,-5.817917346954346,-6.602229595184326,-5.9131388664245605,-5.604248046875,-5.065364837646484,-5.294701099395752,-5.841907978057861,-6.155027866363525,-5.813358783721924,-5.159369945526123,-4.810097694396973,-4.727476596832275,-4.3888373374938965,-4.009006023406982,-3.865431308746338,-4.107027053833008,-4.257704257965088,-3.7378811836242676,-2.077441930770874,0.9194163680076599,3.80466628074646,6.284369468688965,5.63169527053833,-3.0477170944213867,-8.266794204711914,-8.790033340454102,-8.940991401672363,-10.881498336791992,-10.372676849365234,-7.790614128112793,-0.42224395275115967,5.773200035095215,-0.3638995885848999
-4.833702087402344,-4.759617805480957,-4.864752292633057,-4.967248439788818,-4.977847576141357,-5.0600152015686035,-5.0687255859375,-4.776536464691162,-4.567438125610352,-4.614284515380859,-4.810203552246094,-5.031935214996338,-4.711043834686279,-4.931501865386963,-5.477917194366455,-5.325384140014648,-5.555985927581787,-5.805263042449951,-5.399648666381836,-4.820652961730957,-4.456740379333496,-4.465122222900391,-4.381028175354004,-4.1174163818359375,-4.065495014190674,-4.380734920501709,-4.37873649597168,-3.6220781803131104,-1.5751317739486694,1.8192329406738281,4.896482944488525,7.405322074890137,3.590373992919922,-6.528840065002441,-9.740828514099121,-8.967053413391113,-9.817866325378418,-8.280733108520508,-7.7155938148498535,-6.894011974334717,-5.925868511199951,-6.331023216247559,-8.555910110473633
-4.358180522918701,-4.1622700691223145,-4.240483283996582,-4.572433948516846,-4.9352521896362305,-5.2149505615234375,-5.289994716644287,-5.233786582946777,-5.234338283538818,-5.121091365814209,-4.993812561035156,-5.073417663574219,-5.4099507331848145,-5.254422664642334,-5.046488285064697,-5.009911060333252,-4.950141906738281,-5.12819766998291,-4.9878830909729,-4.7146406173706055,-4.588575839996338,-4.443530082702637,-4.396063804626465,-4.327742099761963,-4.239808559417725,-4.647823810577393,-4.796161651611328,-3.782027006149292,-1.3344740867614746,1.8446804285049438,6.1043267250061035,3.753945827484131,-6.733190536499023,-9.845454216003418,-9.60135269165039,-9.383252143859863,-8.925251007080078,-7.738370418548584,-6.505026817321777,-7.048389434814453,-6.620251655578613,-6.602619647979736,-8.141971588134766
-3.8283536434173584,-3.599005937576294,-3.7330775260925293,-4.424071788787842,-5.103133201599121,-5.482367038726807,-5.7187180519104,-5.789707660675049,-5.831081390380859,-5.74838399887085,-5.502131938934326,-5.112005710601807,-4.603694438934326,-4.602189064025879,-4.663124084472656,-4.38372278213501,-4.274779319763184,-4.156364440917969,-4.184323310852051,-4.505480766296387,-4.793824195861816,-4.7869720458984375,-4.722378253936768,-4.516359806060791,-4.242868900299072,-4.420277118682861,-4.520730972290039,-3.473120927810669,-0.7807250022888184,2.616655111312866,5.676307201385498,0.06350180506706238,-8.734814643859863,-10.17972469329834,-10.491401672363281,-12.288202285766602,-9.952920913696289,-8.582420349121094,-6.682344913482666,-6.034562587738037,-5.358259201049805,-5.783298969268799,-6.65635871887207
-3.1621530055999756,-3.1889874935150146,-3.674804925918579,-4.555861473083496,-5.3429412841796875,-5.717963218688965,-5.772996425628662,-5.780738353729248,-5.956172466278076,-5.977494716644287,-5.698723793029785,-5.402315139770508,-4.997164726257324,-4.329070568084717,-3.8328654766082764,-3.4395527839660645,-3.012665033340454,-2.694613456726074,-2.9225454330444336,-3.704044818878174,-4.549862861633301,-5.104017734527588,-5.08249044418335,-4.72154426574707,-4.439942359924316,-4.395195007324219,-3.7795660495758057,-2.0552499294281006,0.7543432712554932,3.6239476203918457,6.408244609832764,0.9470866322517395,-7.842345714569092,-9.770241737365723,-9.68446159362793,-10.280153274536133,-11.078386306762695,-9.890833854675293,-8.572183609008789,-8.135884284973145,-8.518417358398438,-8.394474029541016,-7.632986545562744
-2.8184850215911865,-3.1409502029418945,-4.019009113311768,-4.914839744567871,-5.30530309677124,-5.2046308517456055,-5.2015557289123535,-5.529782295227051,-5.843560218811035,-5.899202346801758,-5.722543716430664,-5.31505823135376,-4.678918838500977,-4.048875331878662,-3.307992935180664,-2.392353057861328,-1.6806025505065918,-1.365146517753601,-1.9839342832565308,-3.4068994522094727,-4.68911075592041,-5.437491416931152,-5.437262058258057,-5.012361526489258,-4.470141887664795,-3.8088724613189697,-2.7419779300689697,-0.6076151728630066,2.398463249206543,4.3517045974731445,5.129601001739502,-3.945132255554199,-9.365896224975586,-9.893774032592773,-12.203648567199707,-10.214884757995605,-11.37903118133545,-9.50382137298584,-9.043805122375488,-10.066439628601074,-11.615556716918945,-12.176854133605957,-12.64675235748291
-3.282998561859131,-3.8247947692871094,-4.529987812042236,-5.147415637969971,-5.255206108093262,-5.019603252410889,-5.043632507324219,-5.343931674957275,-5.667849540710449,-5.780816078186035,-5.538302421569824,-5.061370372772217,-4.467987060546875,-3.8545751571655273,-2.963514804840088,-1.6327543258666992,-0.49085938930511475,-0.0235014408826828,-0.6373773813247681,-2.471151351928711,-4.818107604980469,-6.401816368103027,-6.185426235198975,-5.280821800231934,-4.445939540863037,-3.4105663299560547,-2.1918985843658447,0.0013565614353865385,3.353827953338623,4.65645694732666,5.278106212615967,-1.7077628374099731,-7.055872917175293,-8.129755020141602,-9.97188949584961,-10.099588394165039,-10.97524642944336,-8.984758377075195,-7.624188423156738,-8.35646915435791,-10.238604545593262,-11.226720809936523,-12.212148666381836
-4.400381565093994,-4.9823527336120605,-5.215332508087158,-5.126165390014648,-4.805794715881348,-4.442622184753418,-4.377354145050049,-4.576282024383545,-4.832799911499023,-5.2117919921875,-5.366720199584961,-4.972839832305908,-4.216602802276611,-3.3758373260498047,-2.3253324031829834,-0.8098960518836975,0.8865166306495667,1.7649513483047485,1.2480158805847168,-1.3496177196502686,-5.204930782318115,-7.450709342956543,-7.176905632019043,-5.685657024383545,-4.603487014770508,-3.627830982208252,-2.1319074630737305,0.215378999710083,3.09328031539917,3.570233106613159,-0.28262588381767273,0.3691718578338623,-1.8035931587219238,-7.934474468231201,-9.419353485107422,-9.90719223022461,-8.474806785583496,-8.716397285461426,-7.267516613006592,-7.7502593994140625,-10.69947624206543,-12.17447280883789,-13.779891014099121
-5.453121662139893,-5.853613376617432,-5.696637153625488,-5.159521102905273,-4.478888034820557,-3.9124393463134766,-3.6956820487976074,-3.775704860687256,-3.984454393386841,-4.3552470207214355,-4.775028228759766,-4.775429725646973,-4.048377513885498,-2.958030939102173,-1.8403390645980835,-0.19887259602546692,2.546370506286621,4.310196876525879,3.689422845840454,0.2625053822994232,-5.151113033294678,-8.833301544189453,-8.96824836730957,-6.660274982452393,-4.937061309814453,-3.808420419692993,-2.1173760890960693,0.25892648100852966,3.1293983459472656,4.574082851409912,-0.13166512548923492,0.39160728454589844,-1.6241790056228638,-7.900390148162842,-8.771458625793457,-9.814825057983398,-8.751923561096191,-8.948161125183105,-7.362104415893555,-8.190329551696777,-11.006058692932129,-12.436457633972168,-14.514120101928711
-6.076633930206299,-6.303499698638916,-6.040821552276611,-5.320181846618652,-4.4184250831604,-3.6176462173461914,-3.143685817718506,-3.0361170768737793,-3.1890721321105957,-3.4808056354522705,-4.048913955688477,-4.549447536468506,-4.126574993133545,-2.979468584060669,-1.703299880027771,0.07217004895210266,3.8867907524108887,7.130824089050293,6.9600677490234375,3.9349331855773926,-2.915684938430786,-9.815354347229004,-11.282692909240723,-8.279644966125488,-5.589452266693115,-4.280819892883301,-2.292447805404663,0.6267574429512024,4.384408950805664,7.165294170379639,0.5053990483283997,0.41282472014427185,-1.0984833240509033,-8.236016273498535,-8.311793327331543,-9.513612747192383,-8.374088287353516,-8.217029571533203,-7.3600382804870605,-8.493396759033203,-10.44854736328125,-11.501777648925781,-13.9344482421875
-6.19593620300293,-6.155458927154541,-5.769861221313477,-5.217671871185303,-4.414279937744141,-3.5076348781585693,-2.8323843479156494,-2.4915575981140137,-2.5026276111602783,-2.765275716781616,-3.345613479614258,-4.0804219245910645,-4.123536109924316,-3.185486078262329,-1.785367488861084,0.13258185982704163,3.9955239295959473,7.85878324508667,9.4925537109375,1.5128473043441772,-4.194484710693359,-6.333776473999023,-10.808161735534668,-8.728239059448242,-5.040333271026611,-4.465542793273926,-2.349123001098633,1.132071852684021,4.790980339050293,10.00998306274414,5.542551040649414,-2.7011425495147705,-4.202389240264893,-3.612668752670288,-7.699228763580322,-10.282699584960938,-9.467676162719727,-8.139775276184082,-6.478743076324463,-6.790489673614502,-7.996358871459961,-8.737492561340332,-11.079925537109375
-6.082996368408203,-5.7908220291137695,-5.328596115112305,-4.844432830810547,-4.124824523925781,-3.3943586349487305,-2.7315971851348877,-2.0781359672546387,-1.802078366279602,-1.9790581464767456,-2.604163885116577,-3.4832613468170166,-3.7348544597625732,-2.985912799835205,-1.6465370655059814,0.4554695785045624,2.145009994506836,4.208723545074463,0.8623535633087158,-3.1248371601104736,-3.1552631855010986,-4.60546875,-7.820921421051025,-10.33837890625,-6.095413684844971,-3.738922595977783,-2.6166820526123047,1.3541061878204346,4.572841644287109,10.09993839263916,4.558157920837402,-2.238384485244751,-2.6409502029418945,-3.399521827697754,-6.979750156402588,-9.798108100891113,-8.929747581481934,-6.562947750091553,-4.798825263977051,-4.466184139251709,-5.078647613525391,-6.3191704750061035,-6.83316707611084
