data/wind_data/wind_43_2.json
{"header": {"parameterUnit": "KT", "parameterCategory": 2, "nx": 256, "ny": 198, "lo1": 44.73521041870117, "la1": -3.236724853515625, "lo2": 111.26478576660156, "la2": 43.468475341796875, "dx": 0.2609002888202667, "dy": -0.23708222806453705, "refTime": "2025-02-20 19:00:00", "forecastTime": 0, "parameterNumber": 2, "parameterNumberName": "eastward_wind"}, "data":
[rows 114 to 132 of 198, columns 86 to 128 of 256]
19.053722381591797,19.417572021484375,19.290468215942383,17.912874221801758,15.714816093444824,14.247330665588379,12.368660926818848,7.493296146392822,4.238341331481934,3.568300724029541,4.307523250579834,4.807308673858643,5.22091007232666,6.5438923835754395,8.127124786376953,9.201066017150879,9.211557388305664,7.766678810119629,6.334471702575684,7.494357109069824,9.127975463867188,8.884896278381348,8.051787376403809,6.399019718170166,4.083309173583984,3.8401949405670166,5.8777947425842285,7.674788951873779,7.961822509765625,8.791497230529785,10.399633407592773,12.134848594665527,13.86423397064209,14.703832626342773,14.938368797302246,14.600347518920898,13.502251625061035,12.185940742492676,11.198079109191895,11.002887725830078,11.226949691772461,11.146502494812012,11.584224700927734
19.764080047607422,20.363201141357422,20.79435920715332,19.216670989990234,16.449430465698242,11.843894004821777,8.211874008178711,4.451478481292725,2.9198660850524902,3.608665943145752,3.9347283840179443,3.357675552368164,3.890429735183716,5.396145343780518,7.220358848571777,8.390573501586914,8.218398094177246,6.84414005279541,7.104757785797119,7.544660568237305,6.4168500900268555,6.106739521026611,6.66488790512085,6.890936851501465,5.35705041885376,4.102107048034668,4.277810573577881,5.971881866455078,7.207968711853027,7.837845802307129,9.097318649291992,10.34238052368164,11.594537734985352,13.034502029418945,14.078811645507812,14.756108283996582,14.683428764343262,14.161284446716309,13.756791114807129,13.715877532958984,13.420859336853027,12.761006355285645,12.761075019836426
19.500558853149414,19.339820861816406,19.060218811035156,15.041089057922363,12.650725364685059,8.575928688049316,5.863657474517822,4.5442094802856445,4.453942775726318,4.584514141082764,3.447178840637207,3.253941059112549,4.335267543792725,5.820827960968018,7.241635322570801,7.435286521911621,6.599207401275635,6.494832515716553,7.736974716186523,8.115517616271973,7.6656107902526855,7.485583782196045,8.089757919311523,8.557109832763672,8.136642456054688,6.925789833068848,6.21193265914917,6.892215728759766,8.634451866149902,9.428208351135254,9.880362510681152,10.29239273071289,10.248331069946289,10.805315017700195,11.920916557312012,13.522886276245117,15.001038551330566,15.62292194366455,15.590025901794434,15.640493392944336,15.25782585144043,14.041370391845703,14.256891250610352
15.332467079162598,11.841858863830566,9.912261962890625,5.8768439292907715,4.675973892211914,4.291564464569092,4.107332229614258,4.148782730102539,3.6108810901641846,2.3088207244873047,0.8979134559631348,1.9485502243041992,3.8187811374664307,5.655924320220947,6.704470634460449,6.576921463012695,6.1834001541137695,6.748217582702637,8.236857414245605,8.922541618347168,8.665666580200195,8.401581764221191,8.612284660339355,9.283013343811035,9.986658096313477,9.970277786254883,8.967308044433594,8.666784286499023,9.772598266601562,11.214762687683105,11.716262817382812,11.784775733947754,11.817809104919434,11.989096641540527,11.788610458374023,11.886588096618652,13.60827922821045,15.095636367797852,15.995591163635254,16.858034133911133,16.214975357055664,15.126517295837402,14.862787246704102
5.304302215576172,-0.5375092625617981,0.6698359251022339,-0.33814892172813416,0.21289028227329254,2.618152141571045,4.0373454093933105,3.751706838607788,3.225440263748169,2.6693503856658936,3.155209541320801,4.600560665130615,6.054182052612305,7.1836981773376465,6.013123035430908,4.8386969566345215,5.503019332885742,6.863842964172363,7.986255645751953,8.74118423461914,9.357751846313477,9.831905364990234,10.024762153625488,10.203499794006348,10.63744068145752,11.10767936706543,10.952742576599121,10.781525611877441,11.413166046142578,12.444746017456055,13.126806259155273,13.46934700012207,13.672414779663086,13.826064109802246,13.620363235473633,12.160833358764648,12.627545356750488,13.639015197753906,14.620244026184082,16.457578659057617,16.45930290222168,15.746546745300293,15.104748725891113
0.1999937742948532,-3.3255112171173096,-3.7865734100341797,-3.4323086738586426,0.07815514504909515,3.6621103286743164,4.966972351074219,4.681944370269775,4.144028663635254,4.174027442932129,4.650017261505127,5.0157270431518555,3.2501983642578125,1.9768708944320679,3.211174726486206,4.2035231590271,5.077383518218994,5.8783860206604,6.407840728759766,6.771499156951904,7.221463203430176,7.89816427230835,8.566596984863281,9.0753812789917,9.599855422973633,10.203258514404297,10.791056632995605,11.377301216125488,12.303417205810547,13.481793403625488,14.319794654846191,14.790348052978516,15.034558296203613,14.714735984802246,14.372159004211426,13.696805000305176,13.50815486907959,13.630846977233887,13.994935989379883,15.22179126739502,15.782058715820312,15.594087600708008,14.892463684082031
0.8932028412818909,-2.9661595821380615,-3.535763740539551,-2.0012097358703613,1.3863813877105713,3.619215726852417,4.143316268920898,3.3208043575286865,1.6971744298934937,0.02870447188615799,-1.230027675628662,-1.1015679836273193,-1.1348519325256348,-0.7001052498817444,1.051481008529663,2.842203378677368,3.963407278060913,4.353626251220703,4.31437349319458,4.525310516357422,5.386412620544434,6.414933204650879,7.197242736816406,7.701577186584473,8.309165954589844,9.306465148925781,10.593340873718262,11.836576461791992,12.778797149658203,13.604635238647461,14.347023010253906,14.89247989654541,15.394876480102539,15.578039169311523,15.42177677154541,14.819193840026855,14.128521919250488,13.782957077026367,14.31005859375,15.057365417480469,15.315948486328125,14.6126708984375,13.605417251586914
4.550924777984619,-0.08793772757053375,-2.5955755710601807,-0.34505635499954224,1.9619752168655396,1.979630470275879,0.04429345205426216,-2.4555702209472656,-3.206862449645996,-2.7674875259399414,-2.2595484256744385,-1.7252209186553955,-0.7213266491889954,0.3126222789287567,1.355558156967163,2.688361406326294,3.7173197269439697,4.195657730102539,4.47904634475708,4.988358497619629,5.766615390777588,6.617856979370117,7.341944217681885,7.800112724304199,8.290304183959961,9.13919734954834,10.484796524047852,12.088855743408203,13.508285522460938,14.585182189941406,15.277649879455566,15.512362480163574,15.56951904296875,15.51884651184082,15.28570556640625,15.171210289001465,14.905356407165527,14.809706687927246,15.306304931640625,15.639842987060547,15.262715339660645,13.65524959564209,12.167924880981445
8.092679023742676,2.6933884620666504,-1.9963741302490234,-0.08061397075653076,1.1897358894348145,-0.8289579153060913,-2.627563953399658,-3.1698999404907227,-2.9196360111236572,-2.6074752807617188,-1.6356319189071655,-0.7069294452667236,0.5238606333732605,1.3697799444198608,2.1558802127838135,2.98698353767395,3.1267905235290527,2.857560396194458,3.0537731647491455,3.710395574569702,4.362423419952393,4.815305233001709,4.8777570724487305,4.8597846031188965,5.337986946105957,6.64000129699707,8.570608139038086,10.571158409118652,12.190350532531738,13.342605590820312,14.409391403198242,15.43105411529541,15.946449279785156,16.02815055847168,15.647881507873535,15.506796836853027,15.59748363494873,15.739821434020996,16.610939025878906,16.75120735168457,15.183281898498535,12.645467758178711,10.932429313659668
5.658600330352783,0.962614893913269,-2.912578821182251,-0.3154248595237732,0.3081780970096588,-1.1581192016601562,-1.907886266708374,-2.4074389934539795,-2.6665737628936768,-1.7971246242523193,0.23808299005031586,1.965689778327942,3.1049375534057617,3.3679141998291016,4.090879917144775,4.093437194824219,3.5972518920898438,3.3173954486846924,3.5222718715667725,4.35122537612915,4.78582239151001,4.705336093902588,4.1763763427734375,3.688554048538208,3.9214565753936768,5.2675461769104,7.518577575683594,9.86080551147461,11.527115821838379,12.43332576751709,13.020933151245117,13.954111099243164,15.319670677185059,16.620010375976562,17.25575065612793,17.355735778808594,17.48147201538086,17.036027908325195,17.75259780883789,17.061445236206055,14.168253898620605,11.9721040725708,10.232314109802246
-0.8464919328689575,-3.882336378097534,-3.6016736030578613,-0.7510128021240234,0.12447353452444077,1.533552885055542,1.9197921752929688,1.891493797302246,1.8387424945831299,2.236374616622925,3.3963265419006348,5.166637420654297,5.687990665435791,5.431821823120117,5.500089645385742,5.075963497161865,4.127394676208496,1.9174625873565674,1.3641496896743774,3.410639762878418,4.336383819580078,4.7152886390686035,4.375107765197754,3.8571126461029053,4.006744384765625,5.073890686035156,7.119190216064453,9.767257690429688,12.01149845123291,13.158086776733398,13.504216194152832,13.911355018615723,14.695581436157227,15.813248634338379,17.09308624267578,17.463592529296875,18.18937873840332,17.874353408813477,18.689279556274414,16.472068786621094,13.000429153442383,12.12612533569336,10.189229011535645
-4.930745601654053,-5.865767478942871,-3.0489933490753174,-0.7148500084877014,1.227113127708435,2.2732529640197754,3.1477110385894775,3.511463165283203,3.32023549079895,3.7147529125213623,4.920402526855469,6.3354573249816895,5.9223527908325195,5.397360324859619,4.271975040435791,2.4074363708496094,0.996800422668457,0.06467006355524063,0.6673563718795776,1.3684016466140747,2.512054443359375,3.610121965408325,3.9192404747009277,4.054860591888428,4.549728870391846,5.297237873077393,6.7180609703063965,9.139969825744629,12.026962280273438,14.075440406799316,14.69359016418457,14.950803756713867,15.553841590881348,15.936805725097656,16.113868713378906,16.113615036010742,17.609844207763672,17.907787322998047,18.77783966064453,14.855133056640625,12.594611167907715,12.869629859924316,9.752527236938477
-4.441088676452637,-5.018877983093262,-2.6249923706054688,-2.0085999965667725,0.8958154916763306,3.6483161449432373,4.45778751373291,4.759500503540039,4.8657002449035645,4.473126411437988,3.835634231567383,5.55646276473999,6.226240634918213,4.856059551239014,-0.8055884838104248,-4.800938606262207,-3.2124581336975098,-0.4230509102344513,1.3058876991271973,2.4032163619995117,3.468045711517334,3.912980079650879,4.221216201782227,5.078603744506836,5.872259140014648,6.409379482269287,7.405034065246582,9.317947387695312,11.883768081665039,14.608951568603516,15.912615776062012,16.011062622070312,16.16136932373047,16.27416229248047,15.843851089477539,15.660831451416016,16.52249526977539,16.975637435913086,16.509748458862305,13.337453842163086,13.146788597106934,12.260334968566895,5.719784259796143
-1.01105535030365,-2.6904611587524414,-3.111790180206299,0.432578444480896,4.299959659576416,6.804916858673096,8.811601638793945,10.383944511413574,10.78445816040039,6.168320178985596,-0.736352801322937,0.1413021832704544,0.9838356971740723,0.3593425452709198,-4.0085883140563965,-4.709194660186768,-1.910563588142395,0.4788174629211426,1.8801333904266357,2.4864635467529297,2.6148970127105713,3.3580541610717773,5.219905376434326,6.854222774505615,7.766456127166748,8.306320190429688,8.98672103881836,10.40131664276123,12.281367301940918,14.463252067565918,16.118080139160156,16.170581817626953,15.582874298095703,15.427350044250488,15.39394474029541,15.857498168945312,15.946285247802734,16.087186813354492,14.165156364440918,13.833667755126953,11.313488006591797,5.361810684204102,-2.600214958190918
1.080222487449646,-1.6771291494369507,-3.5454752445220947,5.064085483551025,9.084406852722168,9.120888710021973,10.019421577453613,12.830962181091309,13.806902885437012,8.764123916625977,-3.063422203063965,-6.550576686859131,-6.998252868652344,-5.150951862335205,-3.1366658210754395,-2.1518328189849854,-0.400862455368042,0.39705690741539,0.4736323952674866,0.784920334815979,2.628537654876709,5.529105186462402,7.943882465362549,8.981988906860352,9.508081436157227,10.087445259094238,10.702394485473633,11.480110168457031,12.786670684814453,14.225147247314453,15.354001998901367,15.488837242126465,14.854886054992676,14.523568153381348,14.361710548400879,14.897817611694336,14.987634658813477,14.99629020690918,14.500810623168945,13.563202857971191,5.186283588409424,-4.28712797164917,-10.87739372253418
2.638395071029663,-0.28991609811782837,0.3813318610191345,8.564801216125488,10.23438549041748,10.657073974609375,11.67383098602295,12.940844535827637,10.9961519241333,8.174142837524414,-1.2341238260269165,-7.2023024559021,-9.537518501281738,-6.113613605499268,-2.984558343887329,-1.1197364330291748,0.082554891705513,0.6235677599906921,1.175477147102356,3.2788076400756836,6.262688636779785,8.792511940002441,10.119833946228027,10.579883575439453,10.815481185913086,11.286437034606934,11.913420677185059,12.083964347839355,12.53749942779541,13.513362884521484,14.284168243408203,14.716680526733398,14.365377426147461,13.642416000366211,12.733509063720703,13.350654602050781,14.25477123260498,14.61079216003418,15.836859703063965,11.123417854309082,-1.756657361984253,-11.569951057434082,-16.14629364013672
4.298432350158691,0.18381060659885406,8.749985694885254,8.605430603027344,8.216565132141113,9.832956314086914,10.348434448242188,9.06241512298584,8.137771606445312,9.19271183013916,2.819984197616577,-2.31838059425354,-5.591189861297607,-3.6865549087524414,-1.9536081552505493,-0.16367927193641663,1.5611706972122192,2.9929018020629883,4.957973003387451,7.451704978942871,9.772000312805176,11.159268379211426,11.329011917114258,10.629973411560059,10.367310523986816,11.029284477233887,11.699530601501465,11.95024585723877,11.60728931427002,11.353414535522461,11.440597534179688,11.9310941696167,12.65054988861084,12.917012214660645,10.665238380432129,9.662358283996582,11.558465957641602,13.950521469116211,15.800511360168457,7.275660037994385,-8.37001895904541,-17.485240936279297,-19.846296310424805
9.331621170043945,7.3232903480529785,4.668169021606445,-0.22000761330127716,3.8494300842285156,6.15072774887085,5.839613914489746,6.012909412384033,6.37491512298584,9.000313758850098,7.327477931976318,1.8581751585006714,-0.2175745964050293,1.378301978111267,1.9849833250045776,2.584911346435547,4.129685401916504,5.958883762359619,8.06578540802002,9.780450820922852,10.647134780883789,10.572893142700195,9.610784530639648,8.241334915161133,8.020803451538086,8.911423683166504,9.704630851745605,10.460026741027832,10.266717910766602,8.909599304199219,8.013168334960938,8.276161193847656,9.789925575256348,11.574790000915527,11.283327102661133,9.18685245513916,10.120141983032227,13.42266845703125,15.778061866760254,6.841298580169678,-9.275293350219727,-18.26338768005371,-19.972335815429688
13.184762954711914,3.8982138633728027,-4.26114559173584,-0.8786303997039795,1.5440078973770142,1.608439326286316,2.291276693344116,4.39955472946167,6.644239902496338,9.042109489440918,12.36414909362793,9.324811935424805,2.2436156272888184,3.106890916824341,6.0104594230651855,6.968659400939941,7.463867664337158,8.209012985229492,9.084689140319824,9.220826148986816,8.846038818359375,7.919057369232178,7.081599235534668,6.021330833435059,5.235873222351074,5.510173797607422,6.832952976226807,8.514914512634277,9.575395584106445,9.287842750549316,7.893849849700928,6.634780406951904,7.279713153839111,9.588774681091309,10.375052452087402,9.43249225616455,10.671686172485352,12.803810119628906,13.403876304626465,6.833642482757568,-7.86829137802124,-13.559525489807129,-15.195690155029297
