data/wind_data/wind_54_7.json
{"header": {"parameterUnit": "KT", "parameterCategory": 2, "nx": 256, "ny": 198, "lo1": 44.73521041870117, "la1": -3.236724853515625, "lo2": 111.26478576660156, "la2": 43.468475341796875, "dx": 0.2609002888202667, "dy": -0.23708222806453705, "refTime": "2025-02-21 06:00:00", "forecastTime": 0, "parameterNumber": 2, "parameterNumberName": "eastward_wind"}, "data":
[rows 100 to 119 of 198, columns 132 to 175 of 256]
76.89275360107422,77.69317626953125,78.45482635498047,79.00188446044922,79.29612731933594,79.58800506591797,80.00543975830078,80.59306335449219,81.52483367919922,82.72319030761719,83.81275177001953,84.5865249633789,85.08492279052734,85.51960754394531,86.15211486816406,87.10981750488281,88.25579833984375,89.40904998779297,90.4817123413086,91.09004211425781,90.79360961914062,89.87467956542969,89.0731430053711,88.65409851074219,88.49993133544922,88.5949935913086,88.8792953491211,89.22586822509766,89.48775482177734,89.27774047851562,88.42960357666016,87.49266052246094,87.0318374633789,87.02885437011719,87.07452392578125,87.00460052490234,86.75502014160156,86.01577758789062,85.07125091552734,84.8023452758789,85.34623718261719,86.09510803222656,86.52333068847656,86.5630874633789
77.04639434814453,77.99925231933594,78.81550598144531,79.43148040771484,79.71107482910156,79.89319610595703,80.2926025390625,80.98806762695312,81.88286590576172,82.86372375488281,83.7998046875,84.51443481445312,85.01145935058594,85.33323669433594,85.65396118164062,86.41948699951172,87.73055267333984,89.28278350830078,90.8679428100586,92.24378204345703,92.96304321289062,92.78926086425781,92.11470031738281,91.35923767089844,90.60272979736328,90.0130615234375,89.74705505371094,89.81402587890625,90.20349884033203,90.59384155273438,90.52330780029297,90.0617904663086,89.60738372802734,89.29693603515625,89.01187133789062,88.7694320678711,88.64291381835938,88.31888580322266,87.64273071289062,87.21765899658203,87.56704711914062,88.46409606933594,89.19284057617188,89.29788208007812
76.66410827636719,77.7034683227539,78.51396942138672,79.10176086425781,79.39456939697266,79.60828399658203,80.06941986083984,80.86922454833984,81.77627563476562,82.53496551513672,83.17957305908203,83.765869140625,84.35932922363281,84.98726654052734,85.61384582519531,86.44608306884766,87.6905288696289,89.21280670166016,90.75149536132812,92.15967559814453,93.26012420654297,93.83153533935547,93.8695068359375,93.4586410522461,92.69464111328125,91.87644958496094,91.30452728271484,91.04803466796875,91.08983612060547,91.34041595458984,91.54254913330078,91.57048034667969,91.51885223388672,91.38935852050781,91.07437896728516,90.67367553710938,90.44474029541016,90.38504028320312,90.23873138427734,90.0449447631836,90.159912109375,90.76814270019531,91.48259735107422,91.75138854980469
76.0516357421875,77.04717254638672,77.8668212890625,78.4022445678711,78.66954803466797,78.90628051757812,79.3883285522461,80.15917205810547,81.06686401367188,81.85584259033203,82.39090728759766,82.82080078125,83.44282531738281,84.38472747802734,85.5858383178711,86.83126068115234,88.0116958618164,89.19771575927734,90.4681167602539,91.74978637695312,92.80459594726562,93.50890350341797,93.8887939453125,93.91142272949219,93.58119201660156,93.11062622070312,92.72698974609375,92.52373504638672,92.52410125732422,92.69474792480469,92.8529052734375,92.83184051513672,92.71881103515625,92.65826416015625,92.5877914428711,92.42166137695312,92.29214477539062,92.42439270019531,92.69549560546875,92.85774993896484,92.95940399169922,93.25051879882812,93.6544189453125,93.85269927978516
75.63642120361328,76.4778823852539,77.2279052734375,77.73224639892578,78.03144836425781,78.27742004394531,78.67858123779297,79.29644775390625,80.11304473876953,80.95691680908203,81.60514068603516,82.16448211669922,82.88269805908203,83.88733673095703,85.23693084716797,86.72625732421875,88.05182647705078,89.1583251953125,90.23357391357422,91.36328125,92.29261016845703,92.80506134033203,93.06108856201172,93.21629333496094,93.25013732910156,93.23054504394531,93.23046112060547,93.29542541503906,93.53032684326172,93.96089935302734,94.40140533447266,94.52816772460938,94.2589111328125,93.86222076416016,93.60047149658203,93.56155395507812,93.75443267822266,94.27522277832031,94.95724487304688,95.41899108886719,95.58834838867188,95.70025634765625,95.86588287353516,95.99404907226562
75.3467025756836,76.18292999267578,76.9142074584961,77.3381576538086,77.6597900390625,77.95805358886719,78.2924575805664,78.76361846923828,79.45149993896484,80.24166107177734,81.01932525634766,81.83699035644531,82.68183898925781,83.58199310302734,84.73092651367188,86.0827865600586,87.5101547241211,88.82427978515625,89.90748596191406,90.84808349609375,91.66920471191406,92.1719970703125,92.33830261230469,92.39425659179688,92.47235107421875,92.61988830566406,92.85284423828125,93.18033599853516,93.66532135009766,94.36692810058594,95.13140869140625,95.62903594970703,95.69075012207031,95.44361877441406,95.1038818359375,94.91898345947266,95.08946990966797,95.6546630859375,96.43479919433594,97.13439178466797,97.59513092041016,97.86909484863281,98.05595397949219,98.24160766601562
75.08760833740234,75.97957611083984,76.8089599609375,77.20120239257812,77.4962158203125,77.83763122558594,78.17942810058594,78.61652374267578,79.19737243652344,79.83832550048828,80.63761901855469,81.6149673461914,82.57865905761719,83.45489501953125,84.39559936523438,85.43769836425781,86.62689971923828,87.93693542480469,89.16813659667969,90.17252349853516,90.94039916992188,91.53133392333984,91.93009948730469,92.01817321777344,91.87870025634766,91.82921600341797,92.03563690185547,92.4649658203125,93.10272979736328,93.92135620117188,94.7359619140625,95.41270446777344,95.94546508789062,96.34081268310547,96.56932067871094,96.68743133544922,96.85468292236328,97.18132781982422,97.65735626220703,98.18235778808594,98.64812469482422,99.08750915527344,99.6028060913086,100.24735260009766
75.03205871582031,75.77523040771484,76.62879180908203,77.04443359375,77.36492919921875,77.84066772460938,78.31523132324219,78.7495346069336,79.20867156982422,79.6722183227539,80.2819595336914,81.14530181884766,82.18756866455078,83.28060150146484,84.28900146484375,85.09661102294922,85.819580078125,86.7392578125,88.00198364257812,89.3533935546875,90.29373931884766,90.83496856689453,91.3179931640625,91.66729736328125,91.65266418457031,91.511962890625,91.53491973876953,91.78382873535156,92.31897735595703,93.023193359375,93.7163314819336,94.47860717773438,95.41883087158203,96.43401336669922,97.29341125488281,97.88909912109375,98.28258514404297,98.60225677490234,98.98395538330078,99.40962219238281,99.7079086303711,99.93103790283203,100.41488647460938,101.3525161743164
75.18262481689453,75.71359252929688,76.49457550048828,76.9202880859375,77.23629760742188,77.86754608154297,78.63859558105469,79.23998260498047,79.6468505859375,79.93754577636719,80.2290267944336,80.72673034667969,81.5042953491211,82.5249252319336,83.63385772705078,84.49099731445312,85.0121078491211,85.57826232910156,86.69913482666016,88.29988861083984,89.6354751586914,90.27055358886719,90.55506896972656,90.84555053710938,91.06446838378906,91.19315338134766,91.31694030761719,91.44404602050781,91.77439880371094,92.35352325439453,92.9818344116211,93.71923828125,94.77249908447266,96.06294250488281,97.26934814453125,98.15664672851562,98.72039031982422,99.14373779296875,99.65779113769531,100.34223175048828,100.9849853515625,101.37862396240234,101.7100601196289,102.3398666381836
75.05892944335938,75.44548034667969,76.24154663085938,76.87202453613281,77.3159408569336,78.02384185791016,78.97901916503906,79.81301879882812,80.32830047607422,80.56871795654297,80.63726806640625,80.63317108154297,80.744873046875,81.20475769042969,82.05972290039062,83.02413177490234,83.70781707763672,84.33061218261719,85.39257049560547,87.02198028564453,88.68792724609375,89.68197631835938,89.9267349243164,89.8765640258789,89.89839935302734,90.12955474853516,90.5119857788086,90.88607788085938,91.32701110839844,91.99346923828125,92.73088073730469,93.46744537353516,94.3670425415039,95.45034790039062,96.53987121582031,97.4625473022461,98.16322326660156,98.76781463623047,99.49658966064453,100.46870422363281,101.5940170288086,102.62004089355469,103.3882827758789,103.97602081298828
75.1451416015625,75.24325561523438,75.83079528808594,76.57087707519531,77.28960418701172,78.13249969482422,79.1072006225586,80.02091979980469,80.67411804199219,80.92868041992188,80.85123443603516,80.52899169921875,80.07160186767578,79.7669448852539,80.03707885742188,80.89972686767578,81.85320281982422,82.7635726928711,83.92601776123047,85.44403076171875,87.06852722167969,88.35919189453125,88.97416687011719,88.96683502197266,88.74549865722656,88.7651596069336,89.16069030761719,89.75901794433594,90.4936752319336,91.43946075439453,92.46717071533203,93.4136962890625,94.33597564697266,95.16352844238281,95.77367401123047,96.34590911865234,97.07012939453125,97.8892822265625,98.79271697998047,99.91986083984375,101.34101104736328,102.87445068359375,104.23158264160156,105.21754455566406
76.11949920654297,75.92918395996094,76.0461196899414,76.4487075805664,77.12017822265625,77.98512268066406,78.85991668701172,79.63108825683594,80.20973205566406,80.37671661376953,80.21601104736328,79.8631362915039,79.314208984375,78.70362854003906,78.47602844238281,78.99212646484375,79.97248077392578,81.04007720947266,82.20088958740234,83.4910888671875,84.80741119384766,86.06792449951172,87.11363220214844,87.73798370361328,87.87744140625,87.80378723144531,87.95013427734375,88.5091552734375,89.38021087646484,90.39925384521484,91.4755630493164,92.60171508789062,93.80218505859375,94.88345336914062,95.54818725585938,95.90874481201172,96.37303924560547,97.07975006103516,97.8860855102539,98.84475708007812,100.23011779785156,102.08619689941406,104.00917053222656,105.53023529052734
77.27238464355469,77.12823486328125,77.01085662841797,77.03762817382812,77.31868743896484,77.86695861816406,78.45191192626953,78.80110931396484,78.8717041015625,78.73021697998047,78.59712219238281,78.5425033569336,78.34391784667969,78.00435638427734,77.79579162597656,78.03295135498047,78.6878433227539,79.4969482421875,80.3677978515625,81.33354187011719,82.35504913330078,83.435302734375,84.65723419189453,85.8473892211914,86.60975646972656,86.8643798828125,87.00877380371094,87.52227020263672,88.48766326904297,89.46951293945312,90.18529510498047,90.99205780029297,92.25467681884766,93.77412414550781,95.01078796386719,95.69133758544922,96.0368881225586,96.37903594970703,96.84014129638672,97.54264068603516,98.8115463256836,100.76403045654297,102.98663330078125,104.91886901855469
77.71835327148438,77.73587799072266,77.77003479003906,77.82776641845703,77.88967895507812,77.98522186279297,78.12671661376953,78.11438751220703,77.73393249511719,77.0799331665039,76.61343383789062,76.64703369140625,76.9789810180664,77.3298110961914,77.56967163085938,77.75250244140625,78.00544738769531,78.33760070800781,78.75836944580078,79.3712158203125,80.1857681274414,81.13986206054688,82.2756118774414,83.5328369140625,84.58540344238281,85.26944732666016,85.8651123046875,86.67974090576172,87.65637969970703,88.47573852539062,88.99565887451172,89.58226776123047,90.69326782226562,92.22931671142578,93.64685821533203,94.56896209716797,95.0261459350586,95.2570571899414,95.55889892578125,96.23945617675781,97.6418228149414,99.71504974365234,101.86276245117188,103.60197448730469
77.5401382446289,77.55166625976562,77.64627075195312,77.87996673583984,78.1195068359375,78.10189819335938,77.90167999267578,77.60638427734375,77.05184173583984,76.21505737304688,75.49482727050781,75.35502624511719,75.82442474365234,76.56172943115234,77.1558837890625,77.4197998046875,77.45602416992188,77.44692993164062,77.58384704589844,77.97762298583984,78.57637023925781,79.3225326538086,80.23851776123047,81.28607177734375,82.3153305053711,83.26905059814453,84.22999572753906,85.22662353515625,86.16558074951172,86.98927307128906,87.75239562988281,88.580322265625,89.60516357421875,90.80558776855469,91.93602752685547,92.74761199951172,93.22621154785156,93.57019805908203,94.13140869140625,95.23023986816406,97.02984619140625,99.18218994140625,100.95893859863281,102.09896087646484
76.98450469970703,76.96885681152344,77.09461975097656,77.41728973388672,77.81108856201172,77.90264892578125,77.57353973388672,77.04926300048828,76.4213638305664,75.73062133789062,75.23865509033203,75.18245697021484,75.52872467041016,76.06281280517578,76.53782653808594,76.78327178955078,76.83528137207031,76.87307739257812,77.02731323242188,77.26668548583984,77.54661560058594,77.99618530273438,78.7083969116211,79.56342315673828,80.4835433959961,81.48545837402344,82.458984375,83.3160629272461,84.1783447265625,85.21221160888672,86.43403625488281,87.64053344726562,88.64494323730469,89.49749755859375,90.30047607421875,90.99828338623047,91.49151611328125,91.97281646728516,92.92010498046875,94.62783813476562,96.83834075927734,98.84659576416016,99.99605560302734,100.41802215576172
76.30624389648438,76.30859375,76.61744689941406,77.0218505859375,77.29763793945312,77.31119537353516,76.98477172851562,76.44548034667969,75.89663696289062,75.52218627929688,75.44523620605469,75.61573791503906,75.85843658447266,76.0188217163086,76.05107879638672,76.04075622558594,76.1501235961914,76.42346954345703,76.6662826538086,76.73585510253906,76.79685974121094,77.11007690429688,77.6938247680664,78.37406921386719,79.11056518554688,79.93490600585938,80.72750854492188,81.42811584472656,82.26046752929688,83.48992156982422,85.01018524169922,86.3448257446289,87.2481460571289,87.9408187866211,88.6543960571289,89.31864166259766,89.80659484863281,90.42233276367188,91.70635223388672,93.75498962402344,96.04273986816406,97.80377960205078,98.54338073730469,98.5596694946289
75.93858337402344,75.78154754638672,76.04878997802734,76.42436218261719,76.60468292236328,76.53982543945312,76.28988647460938,75.9760513305664,75.76014709472656,75.74333953857422,75.89935302734375,76.0989990234375,76.19647979736328,76.08088684082031,75.781982421875,75.52845764160156,75.57218170166016,75.80453491210938,75.85828399658203,75.70724487304688,75.75138092041016,76.23428344726562,76.88409423828125,77.34553527832031,77.697021484375,78.1874008178711,78.81876373291016,79.48517608642578,80.30667877197266,81.53785705566406,83.00494384765625,84.12330627441406,84.80904388427734,85.55685424804688,86.55506896972656,87.49327850341797,88.24988555908203,89.22533416748047,90.76570129394531,92.7632827758789,94.82608032226562,96.34480285644531,96.87532043457031,96.94330596923828
75.8421630859375,75.3289566040039,75.14076232910156,75.33259582519531,75.61750793457031,75.75484466552734,75.7159194946289,75.7019271850586,75.89271545410156,76.19577026367188,76.43975830078125,76.56077575683594,76.4891586303711,76.18452453613281,75.75473022460938,75.37403869628906,75.11754608154297,74.86839294433594,74.48816680908203,74.14065551757812,74.2815170288086,75.05525207519531,75.92738342285156,76.3804931640625,76.56302642822266,76.88617706298828,77.43651580810547,78.03958892822266,78.7225112915039,79.64508056640625,80.5987777709961,81.32197570800781,82.13863372802734,83.33578491210938,84.67794799804688,85.95378875732422,87.2557144165039,88.79253387451172,90.5475082397461,92.35560607910156,94.0139389038086,95.05524444580078,95.36078643798828,95.77706909179688
75.3348388671875,74.67916107177734,74.1116943359375,74.15531158447266,74.63605499267578,75.1400146484375,75.48194122314453,75.78616333007812,76.17811584472656,76.58504486083984,76.86175537109375,76.91780090332031,76.7028579711914,76.26590728759766,75.77432250976562,75.23151397705078,74.51957702636719,73.70384216308594,73.06266021728516,72.8737564086914,73.29195404052734,74.1307373046875,75.02818298339844,75.79342651367188,76.35494232177734,76.73432159423828,77.0336685180664,77.37675476074219,77.86868286132812,78.46904754638672,79.01262664794922,79.61315155029297,80.67594146728516,82.09844207763672,83.53722381591797,85.05650329589844,86.88343048095703,88.87240600585938,90.71989440917969,92.44699096679688,94.0045166015625,94.84640502929688,94.95925903320312,95.2340316772461
