data/wind_data/wind_47_6.json
{"header": {"parameterUnit": "KT", "parameterCategory": 2, "nx": 256, "ny": 198, "lo1": 44.73521041870117, "la1": -3.236724853515625, "lo2": 111.26478576660156, "la2": 43.468475341796875, "dx": 0.2609002888202667, "dy": -0.23708222806453705, "refTime": "2025-02-20 23:00:00", "forecastTime": 0, "parameterNumber": 2, "parameterNumberName": "eastward_wind"}, "data":
[rows 80 to 99 of 198, columns 44 to 87 of 256]
44.0389404296875,44.28209686279297,44.33024978637695,44.303646087646484,44.27412796020508,44.28526306152344,44.388580322265625,44.603492736816406,44.89210510253906,45.18360900878906,45.42777633666992,45.57173156738281,45.59124755859375,45.52234649658203,45.400936126708984,45.2607307434082,45.121395111083984,44.98428726196289,44.82933807373047,44.60896682739258,44.27021408081055,43.805091857910156,43.28519821166992,42.81402587890625,42.46027755737305,42.23600387573242,42.154640197753906,42.22589111328125,42.415225982666016,42.64734649658203,42.83983612060547,42.935001373291016,42.937164306640625,42.90113830566406,42.889957427978516,42.93165588378906,43.02142333984375,43.14731216430664,43.3031120300293,43.490501403808594,43.71490478515625,43.965660095214844,44.20610046386719,44.388668060302734
45.20804214477539,45.48482894897461,45.66973876953125,45.85435485839844,45.98390579223633,46.039772033691406,46.1094856262207,46.29914093017578,46.589290618896484,46.889522552490234,47.12370300292969,47.25929260253906,47.303768157958984,47.29743576049805,47.26607894897461,47.238136291503906,47.224327087402344,47.206748962402344,47.139034271240234,46.95186996459961,46.60040283203125,46.119911193847656,45.614349365234375,45.159027099609375,44.77165985107422,44.461944580078125,44.2659912109375,44.21538162231445,44.28459548950195,44.4063835144043,44.5049934387207,44.52662658691406,44.473121643066406,44.40610885620117,44.402015686035156,44.499515533447266,44.70347213745117,44.99922180175781,45.34548568725586,45.70330047607422,46.045860290527344,46.359859466552734,46.620628356933594,46.79157638549805
46.655006408691406,46.686363220214844,46.69914245605469,46.8618278503418,47.108421325683594,47.316341400146484,47.48194122314453,47.709049224853516,48.02472686767578,48.3389892578125,48.56121063232422,48.6598014831543,48.68336868286133,48.712890625,48.80268096923828,48.95115280151367,49.12451934814453,49.27631759643555,49.32991409301758,49.198699951171875,48.86003494262695,48.40159606933594,47.938472747802734,47.52172088623047,47.146610260009766,46.82696533203125,46.60584259033203,46.51240158081055,46.52582931518555,46.58751678466797,46.624717712402344,46.58668518066406,46.472537994384766,46.340885162353516,46.25925827026367,46.27408981323242,46.41462707519531,46.68993377685547,47.06672286987305,47.48432159423828,47.89759826660156,48.287479400634766,48.63789367675781,48.906253814697266
48.51738357543945,48.339019775390625,48.20561981201172,48.277015686035156,48.48521041870117,48.7452278137207,49.02610778808594,49.34248352050781,49.674461364746094,49.93758010864258,50.048526763916016,49.99749755859375,49.870731353759766,49.800086975097656,49.881874084472656,50.119476318359375,50.453826904296875,50.79365921020508,51.01373291015625,50.99956130981445,50.74528121948242,50.36058807373047,49.94258499145508,49.52507781982422,49.12110900878906,48.77629470825195,48.546939849853516,48.447853088378906,48.44163131713867,48.46772003173828,48.4647102355957,48.3996696472168,48.28529357910156,48.181549072265625,48.15044021606445,48.22041320800781,48.40376663208008,48.69899368286133,49.05485916137695,49.38051223754883,49.631065368652344,49.85491180419922,50.12138366699219,50.412174224853516
50.085506439208984,49.77560806274414,49.63639450073242,49.746097564697266,49.9428596496582,50.19182586669922,50.52421569824219,50.933502197265625,51.32266616821289,51.56552505493164,51.58355712890625,51.401756286621094,51.13400650024414,50.9298095703125,50.91386413574219,51.1193962097168,51.48563003540039,51.88250732421875,52.150726318359375,52.19288635253906,52.04447937011719,51.79233169555664,51.47096252441406,51.087852478027344,50.68280029296875,50.33751678466797,50.11391830444336,50.009498596191406,49.96768569946289,49.928043365478516,49.86151885986328,49.76115798950195,49.647151947021484,49.5710563659668,49.60205078125,49.78809356689453,50.12730026245117,50.567684173583984,51.004783630371094,51.32484817504883,51.4777946472168,51.529598236083984,51.604156494140625,51.75545883178711
51.6913948059082,51.322452545166016,51.19257736206055,51.314170837402344,51.47214126586914,51.62191390991211,51.866451263427734,52.22212219238281,52.5808219909668,52.7930908203125,52.7847785949707,52.58416748046875,52.29373550415039,52.057273864746094,52.006473541259766,52.18366241455078,52.51737594604492,52.8587646484375,53.063812255859375,53.11007308959961,53.06743621826172,52.95912551879883,52.73854064941406,52.4061164855957,52.0406608581543,51.7361946105957,51.5362434387207,51.4195442199707,51.32719421386719,51.214595794677734,51.07850646972656,50.9415168762207,50.82454299926758,50.75614547729492,50.80265808105469,51.03913116455078,51.46833801269531,52.002540588378906,52.513694763183594,52.90160369873047,53.11420440673828,53.159027099609375,53.12382888793945,53.118133544921875
53.85639572143555,53.54364776611328,53.453819274902344,53.57470703125,53.687660217285156,53.722347259521484,53.77800369262695,53.93193817138672,54.12520217895508,54.21219253540039,54.1102294921875,53.84107971191406,53.510398864746094,53.254764556884766,53.185062408447266,53.323081970214844,53.58738708496094,53.84090805053711,53.994590759277344,54.08666229248047,54.16813659667969,54.17753982543945,54.01947784423828,53.7094841003418,53.369049072265625,53.10063171386719,52.922916412353516,52.79152297973633,52.647640228271484,52.46087646484375,52.255619049072266,52.08970642089844,51.99629211425781,51.9803581237793,52.074493408203125,52.322322845458984,52.70679473876953,53.150882720947266,53.590858459472656,53.9988899230957,54.33346176147461,54.534908294677734,54.58154296875,54.53529357910156
56.325294494628906,56.1046028137207,56.08512496948242,56.206329345703125,56.2650260925293,56.198265075683594,56.12215805053711,56.142478942871094,56.226898193359375,56.234954833984375,56.048057556152344,55.65939712524414,55.19223403930664,54.824405670166016,54.68299102783203,54.768333435058594,54.967185974121094,55.14447021484375,55.2705078125,55.41181182861328,55.572227478027344,55.62662124633789,55.4725227355957,55.15566635131836,54.813968658447266,54.5444450378418,54.357025146484375,54.200557708740234,54.010894775390625,53.75825500488281,53.48115158081055,53.26737976074219,53.179866790771484,53.22595977783203,53.40959167480469,53.70712661743164,54.04316711425781,54.35207748413086,54.6517219543457,54.999698638916016,55.39921188354492,55.770606994628906,56.00917434692383,56.07513427734375
58.698143005371094,58.5684814453125,58.60196304321289,58.668067932128906,58.58503341674805,58.373775482177734,58.24293518066406,58.2784423828125,58.396209716796875,58.447818756103516,58.257484436035156,57.789703369140625,57.203311920166016,56.732757568359375,56.52433395385742,56.5576171875,56.695953369140625,56.83422088623047,56.97593688964844,57.156436920166016,57.309730529785156,57.28816604614258,57.033287048339844,56.64284896850586,56.26422882080078,55.980350494384766,55.7908935546875,55.63612365722656,55.438472747802734,55.15199661254883,54.81913757324219,54.5439567565918,54.41794204711914,54.47637939453125,54.709693908691406,55.05289840698242,55.389732360839844,55.6550407409668,55.89157485961914,56.196720123291016,56.624210357666016,57.12324523925781,57.551727294921875,57.789764404296875
60.7848014831543,60.749359130859375,60.82716751098633,60.813209533691406,60.550655364990234,60.17070388793945,59.98312759399414,60.08318328857422,60.30906295776367,60.45291519165039,60.30679702758789,59.83816146850586,59.2264518737793,58.723121643066406,58.474334716796875,58.45609664916992,58.548492431640625,58.677284240722656,58.850303649902344,59.045162200927734,59.14016342163086,58.99752426147461,58.62052917480469,58.14906311035156,57.7291259765625,57.43976974487305,57.274391174316406,57.143577575683594,56.93410873413086,56.595794677734375,56.18916320800781,55.843589782714844,55.678611755371094,55.744808197021484,56.01315689086914,56.39130783081055,56.75654602050781,57.035560607910156,57.25547409057617,57.51737594604492,57.9228401184082,58.476219177246094,59.052799224853516,59.49848175048828
62.76710891723633,62.82008361816406,62.9117317199707,62.793914794921875,62.38749694824219,61.8715705871582,61.60386276245117,61.72784423828125,62.02928924560547,62.22503662109375,62.129661560058594,61.70891571044922,61.124961853027344,60.626312255859375,60.36091995239258,60.31935119628906,60.41383361816406,60.58607864379883,60.80861282348633,60.9986457824707,61.005592346191406,60.7440299987793,60.28887939453125,59.797428131103516,59.40554428100586,59.18452453613281,59.08816146850586,58.972923278808594,58.702457427978516,58.24455642700195,57.69880294799805,57.24161148071289,57.025917053222656,57.09544372558594,57.38873291015625,57.785438537597656,58.15157699584961,58.40359878540039,58.55952835083008,58.73539733886719,59.07246780395508,59.61037826538086,60.24984359741211,60.84947967529297
64.85234069824219,64.9814224243164,65.04937744140625,64.81687927246094,64.31774139404297,63.77900314331055,63.523075103759766,63.659671783447266,63.9613037109375,64.13673400878906,64.04791259765625,63.66062927246094,63.09403610229492,62.57271957397461,62.28401184082031,62.25628662109375,62.39655685424805,62.613983154296875,62.834312438964844,62.94765853881836,62.83776092529297,62.49182891845703,62.02239990234375,61.57978820800781,61.279998779296875,61.14883804321289,61.07780456542969,60.89360427856445,60.494224548339844,59.90142059326172,59.24749755859375,58.725154876708984,58.46821212768555,58.482032775878906,58.70068359375,59.03467559814453,59.361976623535156,59.57105255126953,59.65808868408203,59.74663543701172,59.99492263793945,60.462562561035156,61.07755661010742,61.701656341552734
66.9065933227539,67.06007385253906,67.09540557861328,66.78913879394531,66.24357604980469,65.77630615234375,65.67774963378906,65.90723419189453,66.20771026611328,66.33493041992188,66.17273712158203,65.72753143310547,65.1328353881836,64.61913299560547,64.38739013671875,64.43138122558594,64.58987426757812,64.73800659179688,64.81182861328125,64.75077056884766,64.51206970214844,64.12633514404297,63.69218063354492,63.330230712890625,63.11366271972656,62.987762451171875,62.79750442504883,62.419700622558594,61.849998474121094,61.185062408447266,60.572940826416016,60.13826370239258,59.897762298583984,59.80290985107422,59.84407043457031,60.031585693359375,60.30219650268555,60.529510498046875,60.65751647949219,60.756317138671875,60.953983306884766,61.3294792175293,61.842098236083984,62.367103576660156
68.87055969238281,68.924072265625,68.85356903076172,68.4449234008789,67.86954498291016,67.54124450683594,67.65744018554688,68.00806427001953,68.306884765625,68.37277221679688,68.12458801269531,67.60118865966797,66.97860717773438,66.55182647705078,66.4907455444336,66.6626968383789,66.80284881591797,66.7817611694336,66.6192855834961,66.35635375976562,66.02430725097656,65.64913940429688,65.2791976928711,64.9759292602539,64.73760223388672,64.4629135131836,64.0482406616211,63.4842414855957,62.85491180419922,62.28042221069336,61.84912109375,61.5556526184082,61.32017517089844,61.11174392700195,61.0161247253418,61.12393569946289,61.40089797973633,61.71372985839844,61.950889587402344,62.107574462890625,62.273895263671875,62.548404693603516,62.93377685546875,63.3359489440918
70.86163330078125,70.66228485107422,70.38433837890625,69.85920715332031,69.32769012451172,69.16413116455078,69.40242004394531,69.76604461669922,69.99018859863281,69.9514389038086,69.61750030517578,69.06058502197266,68.50569152832031,68.28595733642578,68.49371337890625,68.81788635253906,68.90727233886719,68.69202423095703,68.29525756835938,67.8853988647461,67.52906799316406,67.19686889648438,66.86288452148438,66.52239227294922,66.13340759277344,65.64662170410156,65.09484100341797,64.55828857421875,64.1009292602539,63.75189971923828,63.48523712158203,63.22871017456055,62.93731689453125,62.669769287109375,62.5534782409668,62.67771911621094,63.011905670166016,63.421363830566406,63.748050689697266,63.93667221069336,64.06239318847656,64.2369155883789,64.49980926513672,64.80646514892578
72.92996215820312,72.4002685546875,71.94596099853516,71.4349594116211,71.06188201904297,71.01329040527344,71.20903015136719,71.43995666503906,71.51798248291016,71.34111785888672,70.90415954589844,70.3658447265625,70.02086639404297,70.13432312011719,70.62086486816406,71.02171325683594,70.98725891113281,70.56104278564453,70.01878356933594,69.56465148925781,69.22566223144531,68.90562438964844,68.5179443359375,68.03453826904297,67.47284698486328,66.92182159423828,66.48974609375,66.19403076171875,65.96900939941406,65.73810577392578,65.44699096679688,65.09927368164062,64.76752471923828,64.54058837890625,64.48467254638672,64.64079284667969,64.99406433105469,65.4350814819336,65.81222534179688,66.05774688720703,66.20167541503906,66.31838989257812,66.46533203125,66.67408752441406
75.13873291015625,74.32618713378906,73.80415344238281,73.41229248046875,73.1611328125,73.0901870727539,73.12445831298828,73.18550109863281,73.15042114257812,72.89185333251953,72.404052734375,71.93624114990234,71.86195373535156,72.30281829833984,72.9671859741211,73.33915710449219,73.13579559326172,72.56204986572266,71.95573425292969,71.50115203857422,71.16138458251953,70.78752899169922,70.28164672851562,69.6639633178711,69.06996154785156,68.66758728027344,68.48221588134766,68.37635803222656,68.18838500976562,67.84317779541016,67.38567352294922,66.95800018310547,66.67913818359375,66.56143188476562,66.57122039794922,66.71935272216797,67.03861236572266,67.48179626464844,67.94908142089844,68.34404754638672,68.60111999511719,68.7200927734375,68.77959442138672,68.897705078125
77.40904998779297,76.45977783203125,75.958251953125,75.64956665039062,75.34256744384766,75.06904602050781,74.89497375488281,74.82161712646484,74.73607635498047,74.49778747558594,74.11884307861328,73.85646057128906,74.03971099853516,74.7052993774414,75.42405700683594,75.67737579345703,75.33182525634766,74.66242980957031,74.03064727783203,73.56391143798828,73.14909362792969,72.64323425292969,72.02947235107422,71.42357635498047,70.9877700805664,70.78296661376953,70.6904525756836,70.53182983398438,70.18181610107422,69.63960266113281,69.07018280029297,68.68518829345703,68.54461669921875,68.54146575927734,68.58062744140625,68.70079803466797,69.00252532958984,69.51061248779297,70.12850189208984,70.69573974609375,71.06695556640625,71.20789337158203,71.24561309814453,71.36175537109375
79.67910766601562,78.7082290649414,78.11278533935547,77.71399688720703,77.21156311035156,76.66294860839844,76.28043365478516,76.09615325927734,76.00804138183594,75.92879486083984,75.8613510131836,75.96318054199219,76.43744659423828,77.23014831542969,77.85100555419922,77.82694244384766,77.24156951904297,76.52938079833984,75.95331573486328,75.46351623535156,74.92050170898438,74.28184509277344,73.63485717773438,73.11958312988281,72.81968688964844,72.67855072021484,72.53264617919922,72.2403335571289,71.74375915527344,71.1258544921875,70.61046600341797,70.37775421142578,70.38525390625,70.44568634033203,70.46817779541016,70.56242370605469,70.88617706298828,71.46243286132812,72.17559814453125,72.83780670166016,73.27469635009766,73.45862579345703,73.5692367553711,73.8031997680664
81.9283218383789,80.97753143310547,80.0693359375,79.39924621582031,78.7209243774414,77.9503402709961,77.34980773925781,77.06056213378906,77.11058044433594,77.37712097167969,77.75923156738281,78.33255004882812,79.11090850830078,79.82353210449219,80.02971649169922,79.52554321289062,78.72725677490234,78.07733917236328,77.57202911376953,77.0577392578125,76.45536041259766,75.7989501953125,75.19788360595703,74.7641372680664,74.52931213378906,74.3805160522461,74.14669799804688,73.73878479003906,73.1806869506836,72.62519836425781,72.27962493896484,72.21405792236328,72.2846908569336,72.30316925048828,72.25818634033203,72.32062530517578,72.6458740234375,73.24515533447266,74.00697326660156,74.72779846191406,75.22310638427734,75.50013732910156,75.75173950195312,76.1217269897461
