data/wind_data/wind_22_6.json
{"header": {"parameterUnit": "KT", "parameterCategory": 2, "nx": 256, "ny": 198, "lo1": 44.73521041870117, "la1": -3.236724853515625, "lo2": 111.26478576660156, "la2": 43.468475341796875, "dx": 0.2609002888202667, "dy": -0.23708222806453705, "refTime": "2025-02-19 22:00:00", "forecastTime": 0, "parameterNumber": 2, "parameterNumberName": "eastward_wind"}, "data":
[rows 80 to 99 of 198, columns 180 to 224 of 256]
51.7281494140625,51.91237258911133,52.16668701171875,52.46534729003906,52.69001007080078,52.787235260009766,52.82053756713867,52.86811065673828,53.01447296142578,53.204036712646484,53.39059829711914,53.61732482910156,53.94328689575195,54.40849685668945,54.81315612792969,54.88705825805664,54.79279708862305,54.73731994628906,54.7380256652832,54.9812126159668,55.363956451416016,55.58595275878906,55.60739517211914,55.5731086730957,55.540245056152344,55.56974411010742,55.72397232055664,55.5262336730957,54.67852783203125,54.05303955078125,53.195735931396484,51.855037689208984,51.221927642822266,51.36585998535156,51.43372344970703,51.50519561767578,51.675201416015625,51.653907775878906,51.2691650390625,51.208396911621094,51.28932571411133,50.90857696533203,49.90261459350586,48.37168502807617,46.89649963378906
54.346702575683594,54.52018356323242,54.790706634521484,55.11959457397461,55.33876037597656,55.35621643066406,55.24011993408203,55.1263542175293,55.15696716308594,55.286170959472656,55.49570083618164,55.724647521972656,56.000640869140625,56.438472747802734,56.74858856201172,56.7159309387207,56.640647888183594,56.74951171875,56.944583892822266,57.13431167602539,57.37884521484375,57.5561637878418,57.658512115478516,57.55585479736328,57.36492156982422,57.31816482543945,57.61689758300781,57.4927978515625,56.73427200317383,56.302757263183594,56.103126525878906,55.052513122558594,53.75764465332031,53.29795837402344,53.55061721801758,53.77962112426758,53.89684295654297,53.78024673461914,53.331512451171875,53.07035446166992,53.085411071777344,52.78126907348633,51.87779235839844,50.59318542480469,49.31449890136719
56.84608840942383,57.13259506225586,57.47320556640625,57.835330963134766,58.04897689819336,57.99430465698242,57.73624038696289,57.45370101928711,57.274959564208984,57.175498962402344,57.22047424316406,57.331790924072266,57.664878845214844,58.25978469848633,58.480838775634766,58.244441986083984,58.20515441894531,58.53763198852539,59.00003433227539,59.408729553222656,59.6031608581543,59.66162872314453,59.75920104980469,59.543949127197266,59.1628532409668,58.97847366333008,59.4295539855957,59.472686767578125,58.7655143737793,58.56494903564453,58.58395004272461,57.928977966308594,56.786041259765625,55.91928482055664,55.8516845703125,56.12201690673828,56.310787200927734,56.069602966308594,55.45857620239258,54.98986053466797,54.822078704833984,54.420406341552734,53.52109146118164,52.465240478515625,51.564369201660156
59.36924743652344,59.70530700683594,60.03755187988281,60.297603607177734,60.368690490722656,60.171566009521484,59.815486907958984,59.472412109375,59.185340881347656,58.89828109741211,58.68574523925781,58.7177848815918,59.250240325927734,59.942073822021484,59.897865295410156,59.567474365234375,59.76719665527344,60.33479690551758,60.936641693115234,61.39543914794922,61.530033111572266,61.54597854614258,61.70445251464844,61.601165771484375,61.18479919433594,60.922523498535156,61.163124084472656,61.41661071777344,61.038352966308594,60.6967887878418,60.69240188598633,60.080467224121094,59.200923919677734,58.59175491333008,58.38505935668945,58.247535705566406,58.00581359863281,57.661251068115234,57.136627197265625,56.598236083984375,56.31751251220703,56.0185661315918,55.329532623291016,54.41704559326172,53.64419937133789
62.061885833740234,62.236907958984375,62.3814811706543,62.372554779052734,62.15224075317383,61.78629684448242,61.437904357910156,61.20307540893555,61.00851821899414,60.75298309326172,60.458824157714844,60.48752212524414,61.234214782714844,61.771392822265625,61.3590202331543,61.067935943603516,61.59748840332031,62.445068359375,63.05370330810547,63.21245574951172,63.08626937866211,62.99448013305664,63.53681564331055,63.78895568847656,63.50282669067383,63.180843353271484,62.986026763916016,63.07750701904297,62.95491027832031,62.88251876831055,62.67020797729492,61.84555435180664,61.015628814697266,60.45861053466797,60.167564392089844,60.10015869140625,59.994041442871094,59.682830810546875,59.00147247314453,58.08479690551758,57.53527069091797,57.32423782348633,56.83176803588867,55.99346160888672,55.207496643066406
64.64048767089844,64.58808135986328,64.5013427734375,64.22994232177734,63.79578399658203,63.37506866455078,63.1269645690918,63.06655502319336,63.05326461791992,62.98399353027344,62.88905715942383,62.99638366699219,63.629356384277344,63.87053680419922,63.314205169677734,63.105594635009766,63.74492263793945,64.70361328125,65.30608367919922,65.27027130126953,64.90103912353516,64.74959564208984,65.4276123046875,65.8483657836914,65.74105834960938,65.40907287597656,64.98971557617188,64.7842788696289,64.78690338134766,64.75145721435547,64.443603515625,63.61466979980469,62.73096466064453,62.17707824707031,62.060630798339844,62.21177291870117,62.11232376098633,61.71926498413086,60.930519104003906,59.93191909790039,59.19215393066406,58.754207611083984,58.2628173828125,57.541404724121094,56.92768096923828
66.8817138671875,66.74385070800781,66.5565414428711,66.20411682128906,65.78291320800781,65.48924255371094,65.41404724121094,65.47655487060547,65.53070831298828,65.58267974853516,65.71205139160156,65.86023712158203,66.17215728759766,66.20040893554688,65.70939636230469,65.55632781982422,66.01676177978516,66.845458984375,67.4526596069336,67.31622314453125,66.85770416259766,66.7269287109375,67.22941589355469,67.59500122070312,67.52803802490234,67.1715087890625,66.75619506835938,66.6898193359375,66.72315979003906,66.52677154541016,66.1924819946289,65.65182495117188,64.77812194824219,63.91818618774414,63.832725524902344,64.19930267333984,64.02945709228516,63.656646728515625,63.387088775634766,62.65825271606445,61.636627197265625,60.66910934448242,59.859683990478516,59.175445556640625,58.74567794799805
68.90992736816406,68.79010772705078,68.65087127685547,68.42433166503906,68.19081115722656,68.08702850341797,68.15608215332031,68.26173400878906,68.27510070800781,68.34970092773438,68.51840209960938,68.57833862304688,68.59912872314453,68.48722076416016,68.0866928100586,67.90876007080078,68.19438934326172,68.9273910522461,69.48380279541016,69.21443939208984,68.56875610351562,68.33683013916016,68.6756362915039,69.03582000732422,68.9623031616211,68.56131744384766,68.26538848876953,68.52799987792969,68.76551818847656,68.21028137207031,67.62577819824219,67.60682678222656,66.95598602294922,65.98442077636719,65.67582702636719,66.10137176513672,65.96344757080078,65.41098022460938,65.28121948242188,65.04344940185547,64.34457397460938,63.24699401855469,62.07077407836914,61.29063415527344,61.010826110839844
70.9338150024414,70.87812042236328,70.87728881835938,70.89424896240234,70.8997573852539,70.90424346923828,70.95654296875,71.01969909667969,71.0142822265625,71.0670166015625,71.16006469726562,71.06617736816406,70.73925018310547,70.36271667480469,70.07231903076172,70.01231384277344,70.32269287109375,71.0581283569336,71.56498718261719,71.16040802001953,70.17325592041016,69.61384582519531,69.84477233886719,70.28632354736328,70.30839538574219,69.96041870117188,69.57209014892578,69.80104064941406,70.35270690917969,69.9476089477539,69.09712219238281,69.22549438476562,69.05091094970703,68.23795318603516,67.69501495361328,67.77131652832031,67.70952606201172,67.18626403808594,66.86517333984375,66.66443634033203,66.2964859008789,65.68489837646484,64.83279418945312,64.04917907714844,63.474308013916016
73.16980743408203,73.21439361572266,73.3679428100586,73.55952453613281,73.67293548583984,73.64634704589844,73.5652084350586,73.49321746826172,73.46976470947266,73.54741668701172,73.62215423583984,73.31595611572266,72.62184143066406,72.04505157470703,71.81999969482422,71.86471557617188,72.24397277832031,72.9347152709961,73.46437072753906,73.13819122314453,72.05541229248047,71.2884750366211,71.37542724609375,71.73710632324219,71.75092315673828,71.37071228027344,70.7613525390625,70.53713989257812,71.21260070800781,71.38716888427734,70.74575805664062,70.57181549072266,70.9001693725586,70.45173645019531,69.85334777832031,69.5693588256836,69.48875427246094,69.02828216552734,68.3777084350586,67.91191864013672,67.76569366455078,67.73443603515625,67.41487884521484,66.70555877685547,65.8093032836914
75.54353332519531,75.6915512084961,75.9508285522461,76.14028930664062,76.11940002441406,75.92339324951172,75.73060607910156,75.60929870605469,75.58383178710938,75.72390747070312,75.66585540771484,75.03490447998047,74.208984375,73.6462631225586,73.4530029296875,73.5545425415039,73.96003723144531,74.59707641601562,75.1327896118164,74.95188903808594,74.04842376708984,73.37262725830078,73.31907653808594,73.526611328125,73.42135620117188,72.78485107421875,71.93965911865234,71.14630126953125,71.5340576171875,72.35078430175781,72.17071533203125,71.71614074707031,72.17486572265625,72.30221557617188,71.9460678100586,71.63011169433594,71.49546813964844,71.005859375,70.12771606445312,69.6495132446289,69.58895111083984,69.63707733154297,69.4745864868164,68.96829223632812,68.11149597167969
77.78346252441406,77.98213958740234,78.2740249633789,78.35653686523438,78.13294982910156,77.76673126220703,77.55267333984375,77.51983642578125,77.53984069824219,77.6208724975586,77.32040405273438,76.52629852294922,75.74051666259766,75.18123626708984,74.9997787475586,75.18125915527344,75.62543487548828,76.19038391113281,76.60979461669922,76.46247863769531,75.77873229980469,75.21698760986328,75.07791900634766,75.2160415649414,74.9833984375,74.14517974853516,73.09850311279297,72.11680603027344,71.93568420410156,73.02139282226562,73.32571411132812,72.62158966064453,72.69258880615234,73.32288360595703,73.5281982421875,73.66840362548828,73.81329345703125,73.33055877685547,72.43141174316406,71.84410858154297,71.69944763183594,71.61812591552734,71.25262451171875,70.83487701416016,70.32628631591797
79.76560974121094,79.9312744140625,80.20630645751953,80.2024154663086,79.84514617919922,79.41874694824219,79.2408447265625,79.27253723144531,79.21720123291016,79.079833984375,78.74508666992188,78.06129455566406,77.29851531982422,76.76160430908203,76.58297729492188,76.67417907714844,77.00244903564453,77.43511199951172,77.64298248291016,77.42183685302734,76.97339630126953,76.49774169921875,76.27993774414062,76.35237121582031,76.0530776977539,75.173828125,74.05494689941406,72.944091796875,72.37884521484375,73.1585693359375,73.71040344238281,73.03691101074219,72.59638214111328,73.152099609375,73.88373565673828,74.75807189941406,75.28026580810547,75.25003814697266,74.92208862304688,74.23225402832031,73.80268859863281,73.56100463867188,72.95295715332031,72.35150909423828,72.06729888916016
81.44136047363281,81.4683837890625,81.73613739013672,81.76551055908203,81.39285278320312,81.01243591308594,80.93086242675781,80.90444946289062,80.6852035522461,80.42518615722656,80.03143310546875,79.27342987060547,78.5142593383789,78.05867004394531,77.80519104003906,77.64483642578125,77.70622253417969,77.95133972167969,77.94735717773438,77.60044860839844,77.34066772460938,77.01648712158203,76.63787078857422,76.46749877929688,76.03900146484375,75.24671936035156,74.35395050048828,73.37432861328125,72.65641021728516,72.85095977783203,73.30827331542969,72.86354064941406,72.12262725830078,72.29663848876953,73.09599304199219,74.23867797851562,75.22930908203125,76.11701202392578,76.24176788330078,75.7330551147461,75.30497741699219,74.91493225097656,74.26581573486328,73.81542205810547,73.78019714355469
82.90109252929688,82.8196792602539,83.1122055053711,83.27873229980469,82.99394226074219,82.63774871826172,82.5317611694336,82.42533874511719,82.21576690673828,81.85921478271484,81.0550765991211,80.01625061035156,79.24010467529297,78.73128509521484,78.30744934082031,77.9583511352539,77.80623626708984,77.84627532958984,77.60675048828125,77.07453918457031,76.88375091552734,76.69618225097656,76.21356201171875,75.69792938232422,74.97970581054688,74.32373046875,73.86734771728516,73.25807189941406,72.59981536865234,72.55001831054688,72.97663879394531,72.77208709716797,71.89788055419922,71.71359252929688,72.44348907470703,73.3718490600586,74.2814712524414,75.43589782714844,76.150634765625,76.20808410644531,76.61070251464844,76.32640075683594,75.56227111816406,75.22259521484375,75.14940643310547
84.30096435546875,84.19818115234375,84.47814178466797,84.74552154541016,84.55358123779297,84.14740753173828,83.9077377319336,83.62803649902344,83.29638671875,82.72041320800781,81.57337188720703,80.44683074951172,79.60795593261719,78.85907745361328,78.21875762939453,77.70427703857422,77.39971923828125,77.28836822509766,76.8784408569336,76.1798324584961,75.97013092041016,75.99250030517578,75.64246368408203,74.97219848632812,74.07015228271484,73.50012969970703,73.35502624511719,73.03837585449219,72.48828887939453,72.35296630859375,72.74772644042969,72.7410888671875,71.97711944580078,71.65911102294922,72.44239807128906,73.33485412597656,73.9129867553711,74.70149993896484,75.49606323242188,76.06143188476562,76.73348236083984,77.04217529296875,76.60881042480469,76.25753784179688,76.18445587158203
85.53776550292969,85.39007568359375,85.61254119873047,85.89966583251953,85.75788116455078,85.31256103515625,84.87051391601562,84.21047973632812,83.47462463378906,82.51654815673828,81.35555267333984,80.56737518310547,79.83097839355469,78.85199737548828,77.9107666015625,77.12859344482422,76.70665740966797,76.56851959228516,76.16302490234375,75.379150390625,75.1310043334961,75.3739242553711,75.2298583984375,74.57087707519531,73.64265441894531,73.04145050048828,73.01458740234375,72.87490844726562,72.41780853271484,72.2186508178711,72.63362121582031,72.83203125,72.34650421142578,71.9449462890625,72.62327575683594,73.67059326171875,74.22636413574219,74.56568908691406,75.0215072631836,75.55399322509766,76.35028076171875,77.19853973388672,77.19972229003906,76.89814758300781,76.7845687866211
86.33917236328125,86.09912872314453,86.25106811523438,86.48829650878906,86.33973693847656,85.93814849853516,85.30168914794922,84.16155242919922,82.93775177001953,81.89398956298828,81.01560974121094,80.27082824707031,79.42185974121094,78.39570617675781,77.43038940429688,76.6345443725586,76.14790344238281,76.03028869628906,75.75638580322266,75.03619384765625,74.65774536132812,74.79085540771484,74.7516098022461,74.23873138427734,73.37246704101562,72.69291687011719,72.61441040039062,72.64909362792969,72.38768005371094,72.24591827392578,72.68484497070312,73.06415557861328,73.07548522949219,72.9737319946289,73.05740356445312,73.7527084350586,74.39305877685547,74.54386138916016,74.66085052490234,75.017578125,76.0194091796875,76.9107666015625,77.18378448486328,77.20186614990234,77.06548309326172
86.71171569824219,86.40845489501953,86.40914154052734,86.4489974975586,86.2822265625,86.06214141845703,85.38217163085938,83.84229278564453,82.12580108642578,81.15801239013672,80.62252044677734,79.79759216308594,78.67324829101562,77.4758071899414,76.53138732910156,75.85213470458984,75.47421264648438,75.55744171142578,75.50043487548828,74.94776153564453,74.50704193115234,74.47209930419922,74.43913269042969,74.02642059326172,73.29862976074219,72.61976623535156,72.35154724121094,72.38911437988281,72.33790588378906,72.31710815429688,72.70474243164062,73.21033477783203,73.86215209960938,74.25720977783203,73.86480712890625,73.60379791259766,73.79930114746094,74.16266632080078,74.2165298461914,74.42456817626953,75.65615844726562,76.64411163330078,76.78296661376953,76.88984680175781,76.91352081298828
86.78478240966797,86.33325958251953,86.03073120117188,85.77391052246094,85.65769958496094,85.74566650390625,85.22626495361328,83.46250915527344,81.32844543457031,80.08872985839844,79.49838256835938,78.72428894042969,77.69464874267578,76.62144470214844,75.77024841308594,75.1583480834961,74.85894012451172,75.02950286865234,75.10150909423828,74.72637176513672,74.33182525634766,74.21194458007812,74.10564422607422,73.78475952148438,73.34063720703125,72.81986999511719,72.39967346191406,72.26781463623047,72.26705932617188,72.36866760253906,72.6601333618164,73.30638122558594,74.43653869628906,74.96813201904297,74.48238372802734,73.76227569580078,73.2114028930664,73.203125,73.66975402832031,74.17301940917969,75.07849884033203,76.32852935791016,76.83362579345703,76.6413803100586,76.67267608642578
