data/wind_data/wind_51_4.json
{"header": {"parameterUnit": "KT", "parameterCategory": 2, "nx": 256, "ny": 198, "lo1": 44.73521041870117, "la1": -3.236724853515625, "lo2": 111.26478576660156, "la2": 43.468475341796875, "dx": 0.2609002888202667, "dy": -0.23708222806453705, "refTime": "2025-02-21 03:00:00", "forecastTime": 0, "parameterNumber": 2, "parameterNumberName": "eastward_wind"}, "data":
[rows 76 to 94 of 198, columns 176 to 219 of 256]
4.716983318328857,5.321497440338135,6.001530647277832,6.737643718719482,7.471765995025635,8.044632911682129,8.27896499633789,8.322904586791992,8.501763343811035,8.761576652526855,8.905877113342285,8.819323539733887,8.569147109985352,8.465662002563477,8.346160888671875,8.16208267211914,8.358016967773438,8.543193817138672,8.820484161376953,8.940150260925293,9.050561904907227,9.215003967285156,8.931692123413086,8.14883804321289,7.475345611572266,7.724229335784912,7.679381847381592,6.993380069732666,7.099613666534424,8.140923500061035,9.502143859863281,9.232611656188965,9.349091529846191,6.973763942718506,4.766785144805908,5.077316761016846,5.760379791259766,6.697712421417236,7.827758312225342,9.304975509643555,10.436810493469238,11.758716583251953,12.52474308013916,11.942609786987305
4.848762512207031,5.5240397453308105,6.3406901359558105,7.0500288009643555,7.656259059906006,8.180853843688965,8.588841438293457,8.892765998840332,9.242201805114746,9.699197769165039,10.019831657409668,10.063322067260742,9.877779960632324,9.590615272521973,9.153547286987305,8.784534454345703,8.92499828338623,9.106072425842285,9.540144920349121,9.966408729553223,10.315071105957031,10.598401069641113,10.325345039367676,9.2421293258667,8.13798999786377,8.125378608703613,8.523292541503906,8.210634231567383,7.56070613861084,8.223260879516602,10.292622566223145,11.217827796936035,10.2073392868042,8.475749015808105,7.586526393890381,7.727814674377441,7.558339595794678,8.192770004272461,9.406458854675293,11.036689758300781,12.376229286193848,14.303580284118652,15.41908073425293,13.76498031616211
5.259685039520264,5.884027481079102,6.726315498352051,7.544073104858398,8.172719955444336,8.568889617919922,8.856742858886719,9.222516059875488,9.751956939697266,10.390530586242676,10.961958885192871,11.203527450561523,11.216495513916016,11.05075454711914,10.547128677368164,9.978754043579102,9.86115837097168,9.69749641418457,9.871729850769043,10.401779174804688,10.989959716796875,11.388397216796875,11.309635162353516,10.491981506347656,9.34813404083252,8.972582817077637,9.157905578613281,9.20082950592041,8.764148712158203,8.84192180633545,10.443145751953125,12.279189109802246,11.963777542114258,10.272920608520508,9.857969284057617,9.708313941955566,8.606486320495605,7.721136569976807,8.726583480834961,11.071078300476074,12.53884506225586,14.014275550842285,15.18356704711914,13.967379570007324
5.659270286560059,6.288503170013428,6.927914619445801,7.750675678253174,8.612597465515137,9.220743179321289,9.554283142089844,9.81709098815918,10.294390678405762,11.019730567932129,11.793984413146973,12.287609100341797,12.509422302246094,12.566346168518066,12.252074241638184,11.736825942993164,11.416666984558105,10.955636024475098,10.568175315856934,10.555879592895508,11.027210235595703,11.540630340576172,11.658187866210938,11.39382553100586,10.64372444152832,9.986431121826172,9.791211128234863,9.785308837890625,10.235278129577637,10.1384859085083,11.13139533996582,12.38719367980957,12.880156517028809,12.2744722366333,11.983230590820312,11.085474014282227,9.479120254516602,8.41175365447998,9.501035690307617,11.651843070983887,13.300531387329102,14.440067291259766,15.164952278137207,14.345338821411133
5.802282810211182,6.444408893585205,7.073670864105225,7.721275806427002,8.519256591796875,9.29591178894043,9.95661735534668,10.515395164489746,11.058343887329102,11.72061824798584,12.471525192260742,13.105493545532227,13.505637168884277,13.771456718444824,13.719161987304688,13.302677154541016,13.079056739807129,12.6482572555542,11.996581077575684,11.33505916595459,11.16163444519043,11.483794212341309,11.698470115661621,11.99866771697998,11.726136207580566,11.042485237121582,10.29863452911377,10.605535507202148,11.68354320526123,12.064252853393555,12.21397876739502,12.845806121826172,13.518990516662598,13.792057037353516,13.239712715148926,11.928350448608398,11.037171363830566,11.176472663879395,12.31716537475586,13.869579315185547,15.141891479492188,15.998771667480469,16.00615692138672,15.128207206726074
6.1142497062683105,6.267123699188232,6.784017086029053,7.443812847137451,8.152545928955078,8.881383895874023,9.635787963867188,10.474515914916992,11.390169143676758,12.30925464630127,13.09585189819336,13.70311450958252,14.11802864074707,14.409953117370605,14.61487102508545,14.39470386505127,14.352961540222168,14.02175235748291,13.508912086486816,12.917871475219727,12.38611888885498,12.123062133789062,11.967585563659668,12.356536865234375,12.514021873474121,12.150351524353027,11.45998477935791,11.543683052062988,12.090771675109863,12.56220817565918,13.128406524658203,13.6633882522583,13.917160034179688,13.889119148254395,13.456406593322754,12.78213119506836,12.75517749786377,13.158101081848145,14.079264640808105,15.310851097106934,16.187957763671875,15.758563041687012,15.421935081481934,15.158088684082031
6.663362979888916,6.13346004486084,6.2938337326049805,6.8156843185424805,7.519805908203125,8.329243659973145,9.151846885681152,10.017375946044922,11.006476402282715,12.1461763381958,13.2841796875,14.132537841796875,14.57874870300293,14.687448501586914,15.010025978088379,15.052477836608887,15.316153526306152,14.706881523132324,14.13837718963623,14.074006080627441,14.244626998901367,13.869893074035645,12.841163635253906,12.863993644714355,13.772847175598145,13.787482261657715,12.828192710876465,12.175992965698242,12.049560546875,12.050655364990234,13.108222961425781,14.05346393585205,14.522521018981934,13.852474212646484,13.773089408874512,13.952754020690918,14.72250747680664,15.344545364379883,15.482295036315918,15.683418273925781,15.801839828491211,15.161547660827637,14.816156387329102,14.731532096862793
6.825348377227783,6.186395645141602,5.896636486053467,6.080820083618164,6.629853248596191,7.412148952484131,8.371149063110352,9.467854499816895,10.611174583435059,11.755276679992676,12.931769371032715,14.000296592712402,14.560614585876465,14.694889068603516,15.143529891967773,15.275771141052246,15.740133285522461,14.996027946472168,14.301044464111328,14.558582305908203,15.422431945800781,15.250570297241211,13.796116828918457,14.132606506347656,16.127269744873047,16.171234130859375,14.753500938415527,13.54238510131836,13.293686866760254,12.484519004821777,12.293018341064453,13.902017593383789,14.864814758300781,14.165162086486816,14.348006248474121,15.286397933959961,16.204933166503906,16.811063766479492,16.842082977294922,16.385759353637695,16.246524810791016,15.86848258972168,15.38864517211914,14.866218566894531
6.715564250946045,6.727798938751221,6.4173665046691895,6.069122791290283,6.045233249664307,6.42648458480835,7.231070518493652,8.453144073486328,9.864850997924805,11.268163681030273,12.499125480651855,13.503684043884277,14.094094276428223,14.399274826049805,15.100679397583008,15.634437561035156,15.763005256652832,14.919121742248535,14.333367347717285,14.819626808166504,15.7645902633667,15.463147163391113,14.312318801879883,15.990533828735352,18.09229278564453,18.359210968017578,16.532886505126953,15.107969284057617,14.806694030761719,14.234579086303711,12.807044982910156,13.679544448852539,14.789946556091309,14.938426971435547,15.212023735046387,16.004182815551758,16.66973304748535,17.02338218688965,17.26717185974121,17.244218826293945,17.34697723388672,17.051408767700195,16.197330474853516,15.203609466552734
7.457614898681641,7.794129848480225,7.894336223602295,7.506021499633789,6.854740142822266,6.4838457107543945,6.737809181213379,7.605356216430664,8.886271476745605,10.393418312072754,11.777786254882812,12.681756973266602,13.285968780517578,13.845213890075684,14.95256519317627,15.95028018951416,15.600704193115234,14.634671211242676,14.548516273498535,15.275436401367188,15.75189208984375,15.075580596923828,14.651420593261719,16.874013900756836,18.954261779785156,19.657482147216797,17.866933822631836,16.199687957763672,15.769098281860352,16.09168815612793,15.274019241333008,14.494214057922363,15.02811336517334,16.20599937438965,16.642457962036133,16.555326461791992,16.81928062438965,17.308338165283203,16.881092071533203,16.876596450805664,17.76591682434082,18.148731231689453,16.959278106689453,15.591245651245117
7.813172817230225,8.91982364654541,9.675122261047363,9.59921646118164,8.712237358093262,7.8617401123046875,7.658060073852539,7.96989107131958,8.665771484375,9.797904968261719,11.007088661193848,11.610337257385254,12.192248344421387,13.04345703125,14.497078895568848,15.900443077087402,15.375503540039062,14.387743949890137,14.839423179626465,16.071863174438477,16.07212257385254,14.992762565612793,15.23816204071045,17.603511810302734,19.354230880737305,19.299070358276367,18.906904220581055,17.73557472229004,16.852134704589844,17.033161163330078,16.864002227783203,15.911720275878906,16.27005958557129,17.696094512939453,18.235733032226562,17.343364715576172,16.85952377319336,17.042770385742188,16.488962173461914,16.81235694885254,18.282852172851562,19.00074577331543,18.037010192871094,17.151309967041016
6.484420299530029,8.237527847290039,9.980600357055664,10.760726928710938,10.183965682983398,9.245827674865723,8.802831649780273,8.936478614807129,9.304534912109375,9.765564918518066,10.348593711853027,10.391175270080566,10.707736015319824,11.853861808776855,13.613862037658691,14.953124046325684,14.421759605407715,13.99923038482666,14.993813514709473,16.57993507385254,16.45310401916504,15.400959968566895,16.393470764160156,18.27094268798828,19.679466247558594,19.19305992126465,19.24449348449707,19.1887149810791,18.235960006713867,18.300323486328125,17.879655838012695,16.974098205566406,17.70120620727539,19.119991302490234,19.16166114807129,18.19808578491211,17.15782928466797,17.40380096435547,17.470806121826172,18.028459548950195,19.446121215820312,19.6491756439209,18.82562255859375,19.018030166625977
5.4916276931762695,6.7588419914245605,8.147643089294434,9.524867057800293,9.960853576660156,9.607434272766113,9.26677417755127,9.356507301330566,9.624373435974121,9.653287887573242,9.551002502441406,9.012750625610352,9.047606468200684,10.552713394165039,12.606278419494629,13.550424575805664,13.102526664733887,13.221583366394043,14.543230056762695,16.06210708618164,15.876176834106445,15.324173927307129,17.152355194091797,19.028844833374023,19.78543472290039,20.060192108154297,19.834177017211914,20.633577346801758,20.0452880859375,19.52129554748535,18.925352096557617,18.974519729614258,19.534767150878906,19.911741256713867,20.34698486328125,19.4173641204834,17.885494232177734,17.188182830810547,17.086097717285156,17.303756713867188,19.635242462158203,20.06802749633789,19.479955673217773,20.063068389892578
5.491218090057373,6.260956764221191,6.464164733886719,7.065960884094238,7.9568610191345215,8.308578491210938,8.525676727294922,8.902960777282715,9.174371719360352,9.123075485229492,8.640149116516113,7.709225177764893,7.729053497314453,9.771395683288574,11.859025001525879,12.309544563293457,11.89435863494873,12.247089385986328,13.545906066894531,14.954255104064941,14.904504776000977,14.98398494720459,17.228891372680664,19.387598037719727,19.724685668945312,20.155303955078125,20.287639617919922,21.310726165771484,21.634719848632812,20.610872268676758,20.49936866760254,20.428264617919922,20.074281692504883,20.218515396118164,20.837078094482422,20.35363006591797,19.27106475830078,18.052183151245117,17.17336082458496,17.382043838500977,18.66275978088379,19.49213218688965,19.368854522705078,19.912174224853516
5.288237571716309,5.864399433135986,5.627045631408691,5.455065727233887,5.8936333656311035,6.17034387588501,6.690357208251953,7.535663604736328,8.315091133117676,8.743188858032227,8.374519348144531,7.450819492340088,7.496933460235596,9.561023712158203,11.02326488494873,10.737786293029785,10.838375091552734,11.67177963256836,12.845338821411133,14.155577659606934,14.498612403869629,14.867518424987793,17.27313232421875,19.78299331665039,20.14784049987793,19.848405838012695,19.981002807617188,20.976398468017578,21.22774314880371,22.136760711669922,21.51231575012207,20.96968650817871,20.215797424316406,19.737937927246094,20.676773071289062,20.470014572143555,19.202590942382812,18.19359588623047,17.932992935180664,18.399778366088867,19.054418563842773,20.133869171142578,20.622512817382812,20.74947738647461
4.16896390914917,4.757490158081055,4.655520915985107,4.389945983886719,4.312330722808838,4.203154563903809,4.817089557647705,5.962500095367432,7.334717273712158,8.415925979614258,8.715583801269531,8.30266284942627,8.474190711975098,9.25418758392334,9.338521957397461,8.918685913085938,9.848607063293457,11.216039657592773,12.362661361694336,13.515432357788086,13.959220886230469,14.796598434448242,17.73906135559082,20.62942886352539,20.793245315551758,20.01807975769043,20.055749893188477,20.265851974487305,21.23565101623535,22.413131713867188,21.24940299987793,20.141643524169922,19.937789916992188,19.567598342895508,20.204715728759766,20.896129608154297,20.803762435913086,20.204565048217773,20.038410186767578,21.296634674072266,22.529766082763672,23.515512466430664,24.149398803710938,23.947799682617188
3.015185832977295,3.724100351333618,3.9198460578918457,3.913590908050537,3.729949712753296,3.3197872638702393,3.6484224796295166,4.630304336547852,6.052873134613037,7.491822719573975,8.882349014282227,9.072271347045898,9.345808982849121,9.046398162841797,7.5122480392456055,7.532077789306641,9.040506362915039,10.703993797302246,11.768030166625977,12.437847137451172,12.738960266113281,14.109272956848145,17.625917434692383,20.651920318603516,21.043184280395508,20.49626922607422,20.40206527709961,20.1733455657959,20.363296508789062,21.999876022338867,21.561609268188477,19.59766960144043,18.893659591674805,18.984018325805664,20.026920318603516,21.525348663330078,20.83805274963379,20.877416610717773,21.100996017456055,22.111604690551758,23.33070945739746,24.419952392578125,25.550926208496094,26.111465454101562
2.820890188217163,3.531273126602173,3.7159042358398438,3.8134098052978516,3.7198426723480225,3.0641252994537354,2.8662374019622803,3.4704694747924805,4.7866315841674805,6.533202648162842,8.584925651550293,9.066755294799805,9.041340827941895,8.676586151123047,6.74396276473999,7.075656414031982,8.793367385864258,10.022830963134766,10.60033893585205,10.765680313110352,11.123698234558105,12.82665729522705,16.526592254638672,19.5362491607666,20.343212127685547,20.50654411315918,20.911806106567383,20.837614059448242,20.306262969970703,21.084627151489258,21.591371536254883,20.369510650634766,19.796995162963867,19.79892349243164,20.701688766479492,21.24457359313965,21.001291275024414,21.442594528198242,21.82529067993164,22.393171310424805,22.685787200927734,22.291725158691406,23.09569549560547,24.141632080078125
2.8484420776367188,3.5896966457366943,3.5013461112976074,3.032503843307495,2.8625142574310303,2.4973175525665283,2.36234974861145,2.8575527667999268,4.318753719329834,6.306072235107422,8.550439834594727,8.762346267700195,8.118833541870117,8.590107917785645,6.960510730743408,7.149473667144775,8.596978187561035,9.343365669250488,9.270645141601562,9.094671249389648,10.036723136901855,11.8868989944458,15.320091247558594,17.90444564819336,18.69746971130371,19.235218048095703,19.915084838867188,20.6431941986084,20.928518295288086,20.92576789855957,21.63670539855957,21.413848876953125,21.08995246887207,21.493114471435547,21.62685775756836,21.710268020629883,21.867938995361328,21.74140167236328,22.557605743408203,24.38926887512207,25.634746551513672,24.928678512573242,24.722253799438477,25.0316104888916
