data/wind_data/wind_52_5.json
{"header": {"parameterUnit": "KT", "parameterCategory": 2, "nx": 256, "ny": 198, "lo1": 44.73521041870117, "la1": -3.236724853515625, "lo2": 111.26478576660156, "la2": 43.468475341796875, "dx": 0.2609002888202667, "dy": -0.23708222806453705, "refTime": "2025-02-21 04:00:00", "forecastTime": 0, "parameterNumber": 2, "parameterNumberName": "eastward_wind"}, "data":
[rows 95 to 113 of 198, columns 0 to 43 of 256]
38.56658172607422,38.636077880859375,38.87112045288086,39.455039978027344,39.76274108886719,40.54319763183594,41.40182876586914,41.95081329345703,42.34592819213867,42.78239440917969,43.1161994934082,43.08262252807617,42.96232604980469,43.30126953125,44.2430305480957,45.081459045410156,45.049888610839844,44.229522705078125,43.5850715637207,43.550907135009766,43.36179733276367,42.53144836425781,41.34614181518555,40.07323455810547,39.35260772705078,39.38087844848633,39.77238464355469,40.059593200683594,40.007713317871094,39.527305603027344,38.66316223144531,37.74173355102539,37.0774040222168,36.69757080078125,36.38983917236328,35.948665618896484,35.32694625854492,34.602352142333984,33.82263946533203,32.937049865722656,31.995567321777344,31.440673828125,31.45238494873047,31.9801082611084
37.56391525268555,38.10271453857422,38.41753005981445,38.79603958129883,38.86971664428711,39.52196502685547,40.697166442871094,41.612274169921875,42.02334213256836,42.36460494995117,42.71000289916992,42.76329040527344,42.69966506958008,42.94514465332031,43.84169387817383,45.10856628417969,45.892120361328125,45.612632751464844,44.7330436706543,44.223018646240234,44.096160888671875,43.34511947631836,42.08219528198242,40.7132568359375,39.60451889038086,39.22628402709961,39.50857925415039,39.95481872558594,40.31494903564453,40.416751861572266,40.04180145263672,39.33275604248047,38.637386322021484,38.103694915771484,37.55316925048828,36.82467269897461,35.96665954589844,35.063812255859375,34.21163558959961,33.410037994384766,32.834381103515625,32.616580963134766,32.60313415527344,33.01572036743164
37.26220703125,37.9300422668457,38.2601432800293,38.50420379638672,38.49831771850586,38.67742919921875,39.61285400390625,40.794315338134766,41.52485656738281,41.92386245727539,42.157203674316406,42.19053268432617,42.256351470947266,42.63786697387695,43.375457763671875,44.53875732421875,45.77197265625,46.3775634765625,45.999515533447266,45.301307678222656,45.024627685546875,44.68291473388672,43.64834213256836,42.23636245727539,40.92676544189453,39.98213195800781,39.785369873046875,40.09271240234375,40.43785095214844,40.70039367675781,40.68871307373047,40.32051467895508,39.825172424316406,39.50077819824219,39.25776672363281,38.646636962890625,37.520748138427734,36.14651107788086,34.88629913330078,33.99972152709961,33.68617248535156,33.613948822021484,33.589996337890625,33.99065399169922
37.59981918334961,38.06492614746094,38.255855560302734,38.36757278442383,38.343990325927734,38.29930877685547,38.80681228637695,39.962764739990234,40.9727897644043,41.507144927978516,41.690040588378906,41.62363815307617,41.61368942260742,42.02675247192383,42.83628845214844,43.866703033447266,45.03438186645508,46.179603576660156,46.689414978027344,46.37815856933594,45.84269332885742,45.646888732910156,45.30534744262695,44.378761291503906,43.07925033569336,41.8121337890625,40.96546173095703,40.81447219848633,41.02653884887695,41.22956466674805,41.30588912963867,41.069461822509766,40.610252380371094,40.25690841674805,40.15445327758789,39.99993133544922,39.38446044921875,38.175018310546875,36.683223724365234,35.471614837646484,34.82195281982422,34.52641296386719,34.477783203125,34.79829406738281
37.843017578125,38.26526641845703,38.38022232055664,38.4195556640625,38.39830017089844,38.62113571166992,38.95553207397461,39.889339447021484,40.88993453979492,41.38542175292969,41.492496490478516,41.38956069946289,41.27216339111328,41.46869659423828,42.1966552734375,43.29121017456055,44.40966033935547,45.531314849853516,46.521968841552734,46.89057159423828,46.56454849243164,46.205055236816406,46.100894927978516,46.02958679199219,45.323974609375,44.1022834777832,42.8578987121582,42.10194396972656,41.92807388305664,41.97810745239258,42.05275344848633,42.03254318237305,41.80158615112305,41.48729705810547,41.254032135009766,41.156898498535156,41.02463150024414,40.494083404541016,39.436607360839844,38.050811767578125,36.71263885498047,35.94111633300781,35.851470947265625,35.95408630371094
38.00398635864258,38.45897674560547,38.638954162597656,38.76167297363281,38.81110382080078,39.49454879760742,39.836299896240234,40.33244705200195,41.17574691772461,41.68963623046875,41.807220458984375,41.71626281738281,41.51264190673828,41.43819808959961,41.747352600097656,42.53799057006836,43.62291717529297,44.67354965209961,45.68215560913086,46.55781936645508,46.82087326049805,46.631263732910156,46.49445343017578,46.65229415893555,46.80759048461914,46.368499755859375,45.323638916015625,44.170997619628906,43.5068244934082,43.35130310058594,43.27878952026367,43.085262298583984,42.83631896972656,42.557125091552734,42.27145767211914,42.15263366699219,42.31763458251953,42.49679183959961,42.16709518432617,41.047115325927734,39.427589416503906,38.163482666015625,37.69956588745117,37.57166290283203
38.003658294677734,38.329833984375,38.5399284362793,38.73853302001953,38.850704193115234,39.9644889831543,40.59770584106445,40.61971664428711,41.16307830810547,41.84272384643555,42.19868087768555,42.42361831665039,42.434669494628906,42.250999450683594,42.10035705566406,42.19707489013672,42.71931838989258,43.54079055786133,44.457725524902344,45.52789306640625,46.40754318237305,46.79270935058594,46.84939193725586,46.99131774902344,47.666316986083984,48.24968719482422,48.2648811340332,47.54411697387695,46.447811126708984,45.6318473815918,45.285858154296875,45.02446746826172,44.61901092529297,44.13447570800781,43.67869567871094,43.41218566894531,43.518856048583984,43.85222244262695,43.894344329833984,43.25865936279297,42.06234359741211,40.80521011352539,39.93812942504883,39.45161437988281
37.74802780151367,37.931236267089844,38.13383102416992,38.264156341552734,38.434326171875,39.83443832397461,41.044769287109375,41.085853576660156,41.33267593383789,42.03062438964844,42.59357833862305,43.16558074951172,43.659061431884766,43.81147384643555,43.613365173339844,43.21113967895508,42.897193908691406,42.956905364990234,43.42329788208008,44.24018859863281,45.440860748291016,46.58192443847656,46.874290466308594,47.190757751464844,47.88085174560547,48.88456726074219,49.36017608642578,49.21485900878906,48.791419982910156,48.1227912902832,47.49820327758789,47.235450744628906,47.167572021484375,46.98365020751953,46.74553680419922,46.55813217163086,46.40481948852539,46.195613861083984,45.773765563964844,45.120357513427734,44.386505126953125,43.62275314331055,42.75385284423828,41.785369873046875
37.3629035949707,37.441627502441406,37.63954162597656,37.67362976074219,37.7413444519043,39.080810546875,40.779380798339844,41.39278030395508,41.62931442260742,42.24594497680664,42.91269302368164,43.650718688964844,44.49594497680664,45.13956832885742,45.373836517333984,45.11928176879883,44.45504379272461,43.74135971069336,43.422245025634766,43.58744430541992,44.389461517333984,45.88874435424805,47.0009651184082,47.442474365234375,47.9183349609375,48.68303298950195,49.47956085205078,50.08076858520508,50.18502426147461,50.07624435424805,49.747650146484375,49.321929931640625,48.68839645385742,48.24058532714844,48.39173126220703,48.9789924621582,49.5484504699707,49.614009857177734,48.93626403808594,47.83135986328125,46.98637771606445,46.4949951171875,45.9682731628418,45.13460922241211
37.008731842041016,36.90513610839844,37.02973175048828,37.07740783691406,37.00901794433594,38.10717010498047,39.851497650146484,40.938106536865234,41.33971405029297,41.84975814819336,42.52275848388672,43.32564926147461,44.322532653808594,45.28680419921875,45.989070892333984,46.2677001953125,46.040748596191406,45.26200866699219,44.317134857177734,43.69661331176758,43.77587890625,44.88964080810547,46.601158142089844,47.779991149902344,48.15243911743164,48.58550262451172,49.44561004638672,50.45783233642578,51.03946304321289,51.63218688964844,52.22807693481445,51.98555374145508,50.866695404052734,49.170345306396484,48.353084564208984,48.925514221191406,50.08348846435547,51.150054931640625,51.633277893066406,51.2147102355957,50.36699676513672,49.68482971191406,49.09586715698242,48.3300666809082
37.148155212402344,36.889183044433594,36.83460998535156,36.737937927246094,36.557044982910156,37.49230194091797,39.03199005126953,40.17856979370117,40.64356994628906,40.983116149902344,41.55310821533203,42.3592529296875,43.450923919677734,44.66164016723633,45.674530029296875,46.34870910644531,46.69642639160156,46.61894607543945,45.89987564086914,44.66621780395508,43.722862243652344,43.85247802734375,45.30153274536133,47.12172317504883,48.099796295166016,48.39530563354492,49.34210205078125,50.27369689941406,51.30971908569336,52.24712371826172,53.381736755371094,54.07686233520508,53.6395149230957,52.34626388549805,50.6804084777832,49.74736404418945,49.41447448730469,49.65077209472656,50.288352966308594,51.30910110473633,52.50526809692383,53.30058288574219,53.310550689697266,53.08064270019531
37.70574188232422,37.41108703613281,37.07109451293945,36.599830627441406,36.185245513916016,36.81581497192383,37.95904541015625,38.80210876464844,39.279720306396484,39.62812805175781,40.18593215942383,41.016998291015625,42.19294357299805,43.57326889038086,44.8299446105957,45.832889556884766,46.596073150634766,46.97178649902344,46.933170318603516,46.463565826416016,45.33308792114258,44.13508224487305,44.17643737792969,45.59775924682617,47.121726989746094,47.91984939575195,48.77840805053711,49.89521789550781,51.04835891723633,51.88043975830078,53.105613708496094,54.44930648803711,55.215579986572266,55.36812210083008,54.78440475463867,53.53741455078125,52.33386993408203,50.36087417602539,49.60667037963867,50.414005279541016,51.478248596191406,52.25973129272461,53.22969055175781,54.48788070678711
38.16527557373047,37.845130920410156,37.235042572021484,36.54571533203125,36.04094314575195,36.235843658447266,36.880802154541016,37.341548919677734,37.696475982666016,38.13031005859375,38.70762252807617,39.49345779418945,40.63186264038086,41.99778747558594,43.36260223388672,44.63139343261719,45.69193649291992,46.32311248779297,46.549102783203125,46.66114044189453,46.66790771484375,46.071529388427734,45.04605484008789,44.87287902832031,45.839534759521484,47.137699127197266,48.1932373046875,49.489437103271484,50.74225997924805,51.34678649902344,52.08676528930664,53.477108001708984,54.99504089355469,56.13174057006836,56.77956771850586,56.850242614746094,56.44642639160156,54.99994659423828,53.47888946533203,52.39722442626953,52.2625617980957,51.93532180786133,51.448482513427734,51.254276275634766
38.35806655883789,37.92124557495117,37.22779083251953,36.59498596191406,36.091064453125,36.07514953613281,36.353092193603516,36.51496887207031,36.64479064941406,36.99361038208008,37.45590591430664,38.07907485961914,39.06821823120117,40.32097625732422,41.62259292602539,42.914546966552734,44.07788848876953,44.92680358886719,45.38159942626953,45.580074310302734,45.80473709106445,46.2059326171875,46.41986846923828,46.06380844116211,45.864288330078125,46.35600280761719,47.30158615112305,48.71767044067383,50.46318817138672,51.36872482299805,51.54670333862305,52.229427337646484,53.709991455078125,55.31238555908203,56.532958984375,57.48362350463867,58.252662658691406,58.59349060058594,58.28361129760742,57.36974334716797,56.607994079589844,55.610870361328125,54.74980926513672,53.949256896972656
38.478912353515625,38.065528869628906,37.45450973510742,36.82252502441406,36.291324615478516,36.2736930847168,36.34757614135742,36.27851867675781,36.24814987182617,36.524269104003906,36.923370361328125,37.34563064575195,38.015159606933594,39.04093551635742,40.22647476196289,41.382808685302734,42.40105438232422,43.21326446533203,43.81483459472656,44.13657760620117,44.27789306640625,44.697208404541016,45.54235076904297,46.44766616821289,46.87281799316406,46.826171875,46.83838653564453,47.58076858520508,49.292484283447266,50.98978805541992,51.613094329833984,51.65918731689453,52.375064849853516,53.80560302734375,55.24522399902344,56.42083740234375,57.615928649902344,59.01084899902344,60.130210876464844,60.42591857910156,60.05270767211914,59.414371490478516,59.37017822265625,59.22568893432617
38.702857971191406,38.33428192138672,37.823448181152344,37.10404586791992,36.598670959472656,36.755008697509766,36.8090705871582,36.614315032958984,36.49109649658203,36.67231369018555,37.00243377685547,37.194923400878906,37.39907455444336,38.08607864379883,39.23693084716797,40.39823913574219,41.259552001953125,41.77289962768555,42.131168365478516,42.459686279296875,42.688724517822266,43.11558151245117,43.989070892333984,45.22749710083008,46.414283752441406,47.09236145019531,47.26163101196289,47.32253646850586,47.969810485839844,49.38444519042969,50.90904998779297,51.463096618652344,51.56341552734375,52.391056060791016,53.74446105957031,54.982757568359375,55.984580993652344,57.25521469116211,58.90430450439453,60.26329803466797,60.71971893310547,60.746429443359375,61.125057220458984,61.51689529418945
39.0003662109375,38.66961669921875,38.25853729248047,37.56684112548828,37.2015380859375,37.44645309448242,37.45032501220703,37.2244873046875,37.08897018432617,37.146331787109375,37.283607482910156,37.27175521850586,37.18550109863281,37.59294891357422,38.662132263183594,39.83880615234375,40.607303619384766,40.82963180541992,40.73326110839844,40.820640563964844,41.171302795410156,41.75127410888672,42.67713928222656,43.95354461669922,45.14994430541992,46.002960205078125,46.7543830871582,47.285255432128906,47.462677001953125,47.928714752197266,49.23262405395508,50.58889389038086,51.082130432128906,51.464290618896484,52.50920867919922,53.777286529541016,54.57084655761719,55.25017547607422,56.52116012573242,58.20463180541992,59.38839340209961,59.94275665283203,60.49073028564453,61.062191009521484
39.37791442871094,39.18854904174805,38.96733093261719,38.503231048583984,38.199520111083984,38.171600341796875,37.94096755981445,37.78078842163086,37.799224853515625,37.88783645629883,37.896629333496094,37.652374267578125,37.25339126586914,37.391082763671875,38.38105773925781,39.50871276855469,40.12925720214844,40.12274932861328,39.62843322753906,39.308197021484375,39.6370849609375,40.37521743774414,41.41152572631836,42.658817291259766,43.70839309692383,44.51540756225586,45.505653381347656,46.52250289916992,46.992122650146484,46.959251403808594,47.45846176147461,48.738426208496094,49.93535232543945,50.54424285888672,51.3315544128418,52.54143524169922,53.5099983215332,53.929176330566406,54.53175354003906,55.912418365478516,57.390262603759766,58.2149543762207,58.80804443359375,59.304725646972656
39.71002960205078,39.704193115234375,39.71718215942383,39.49394226074219,39.233795166015625,38.95097351074219,38.44257354736328,38.18364334106445,38.249481201171875,38.503822326660156,38.677589416503906,38.48729705810547,37.898590087890625,37.61040115356445,38.39572525024414,39.6352424621582,40.280704498291016,40.14176559448242,39.341129302978516,38.53995132446289,38.58747863769531,39.40623474121094,40.54875946044922,41.71726989746094,42.6726188659668,43.494503021240234,44.57157897949219,45.75767135620117,46.42744064331055,46.05526351928711,45.71769332885742,46.45016860961914,47.92876052856445,49.0713996887207,49.8585319519043,50.99639892578125,52.26811599731445,52.87081527709961,53.245567321777344,54.11073303222656,55.50910186767578,56.61233901977539,57.39582061767578,58.081260681152344
