data/wind_data/wind_19_4.json
{"header": {"parameterUnit": "KT", "parameterCategory": 2, "nx": 256, "ny": 198, "lo1": 44.73521041870117, "la1": -3.236724853515625, "lo2": 111.26478576660156, "la2": 43.468475341796875, "dx": 0.2609002888202667, "dy": -0.23708222806453705, "refTime": "2025-02-19 19:00:00", "forecastTime": 0, "parameterNumber": 2, "parameterNumberName": "eastward_wind"}, "data":
[rows 57 to 75 of 198, columns 0 to 43 of 256]
-5.82904577255249,-6.148500442504883,-6.4778971672058105,-6.53570032119751,-6.91874885559082,-6.601846218109131,-6.847659111022949,-7.1082587242126465,-7.297670364379883,-7.821043014526367,-8.893342018127441,-10.173982620239258,-10.800126075744629,-11.11027717590332,-11.861091613769531,-12.36203670501709,-12.406285285949707,-11.747969627380371,-10.845555305480957,-11.219693183898926,-12.931174278259277,-12.92167854309082,-11.036317825317383,-9.897712707519531,-10.39145278930664,-11.291157722473145,-11.822981834411621,-11.95068073272705,-12.199947357177734,-12.312609672546387,-12.410602569580078,-12.854555130004883,-13.231968879699707,-12.757426261901855,-11.619784355163574,-11.147628784179688,-11.782726287841797,-12.514542579650879,-12.774882316589355,-12.6796236038208,-12.512679100036621,-12.33272647857666,-12.152018547058105,-11.960476875305176
-5.770839214324951,-6.024472236633301,-6.309505462646484,-6.5058722496032715,-6.756161689758301,-6.1557769775390625,-6.265569686889648,-6.576643466949463,-6.967350006103516,-7.570589542388916,-8.445845603942871,-9.286592483520508,-10.019280433654785,-10.849005699157715,-11.479158401489258,-11.791165351867676,-11.870054244995117,-11.69389820098877,-11.868000984191895,-12.836747169494629,-13.657198905944824,-13.133600234985352,-11.745248794555664,-11.253029823303223,-11.454791069030762,-11.626725196838379,-11.775643348693848,-11.941858291625977,-12.148006439208984,-12.084066390991211,-12.020097732543945,-12.375572204589844,-13.048944473266602,-13.024778366088867,-11.9319486618042,-11.094922065734863,-11.588019371032715,-12.374127388000488,-12.783411026000977,-12.825886726379395,-12.674042701721191,-12.525534629821777,-12.361875534057617,-12.129940032958984
-5.603325366973877,-5.798459529876709,-6.064582347869873,-6.2592034339904785,-6.287369728088379,-5.865212440490723,-5.961606979370117,-6.197434902191162,-6.619358539581299,-7.171098709106445,-7.878794193267822,-8.582022666931152,-9.333230018615723,-10.101164817810059,-10.63709831237793,-10.958532333374023,-11.209707260131836,-11.53667163848877,-12.18582820892334,-13.06824779510498,-13.546076774597168,-13.259500503540039,-12.6398286819458,-12.56714916229248,-12.596661567687988,-12.202483177185059,-12.058453559875488,-12.361766815185547,-12.51772403717041,-12.251296997070312,-11.836788177490234,-11.815180778503418,-12.511481285095215,-12.946300506591797,-12.058987617492676,-10.95012378692627,-11.315333366394043,-12.236761093139648,-12.707121849060059,-12.934720039367676,-12.893604278564453,-12.695918083190918,-12.505422592163086,-12.234445571899414
-5.328926086425781,-5.41635274887085,-5.590097904205322,-5.755025863647461,-5.888814926147461,-5.762130260467529,-5.837067127227783,-6.020218849182129,-6.445776462554932,-6.920250415802002,-7.4842209815979,-8.108572006225586,-8.739977836608887,-9.318429946899414,-9.63410758972168,-9.88901424407959,-10.511736869812012,-11.371652603149414,-12.19942569732666,-12.943320274353027,-13.447883605957031,-13.493375778198242,-13.375528335571289,-13.380630493164062,-13.0518159866333,-12.415870666503906,-12.180766105651855,-12.429525375366211,-12.667139053344727,-12.647830963134766,-12.2775297164917,-11.916974067687988,-12.187067985534668,-12.553047180175781,-11.848711967468262,-10.650008201599121,-10.762041091918945,-11.837692260742188,-12.494672775268555,-12.821659088134766,-12.980051040649414,-12.782913208007812,-12.55430793762207,-12.312356948852539
-5.421884059906006,-5.11860466003418,-5.10443639755249,-5.195023536682129,-5.492215633392334,-5.270293712615967,-5.394488334655762,-5.767853260040283,-6.277070999145508,-6.767890930175781,-7.253700256347656,-7.791202545166016,-8.433710098266602,-9.017470359802246,-9.312808990478516,-9.490025520324707,-10.032605171203613,-10.912933349609375,-11.875463485717773,-12.743512153625488,-13.320741653442383,-13.540305137634277,-13.70041561126709,-13.840265274047852,-13.50381088256836,-12.813981056213379,-12.465509414672852,-12.508578300476074,-12.635547637939453,-12.749517440795898,-12.588622093200684,-12.26562213897705,-12.332380294799805,-12.379798889160156,-11.650012016296387,-10.610193252563477,-10.72061538696289,-11.701700210571289,-12.391398429870605,-12.691815376281738,-12.911215782165527,-12.789504051208496,-12.510849952697754,-12.2890043258667
-5.267651081085205,-4.83622407913208,-4.7137250900268555,-4.696921348571777,-5.306624412536621,-4.962282657623291,-4.971609592437744,-5.194977760314941,-5.6814751625061035,-6.3090291023254395,-7.047382354736328,-7.713938236236572,-8.449398040771484,-9.1502685546875,-9.596113204956055,-9.789729118347168,-10.073264122009277,-10.706036567687988,-11.630279541015625,-12.475930213928223,-13.030426025390625,-13.413850784301758,-13.698922157287598,-13.788541793823242,-13.535148620605469,-13.069178581237793,-12.838432312011719,-12.833955764770508,-12.862410545349121,-12.815224647521973,-12.545836448669434,-12.397697448730469,-12.587124824523926,-12.510441780090332,-11.638212203979492,-10.903573036193848,-11.325665473937988,-12.099684715270996,-12.518083572387695,-12.71212387084961,-12.85781192779541,-12.72989559173584,-12.433723449707031,-12.153677940368652
-2.964797258377075,-1.3930310010910034,-2.6568474769592285,-3.584292411804199,-4.931185722351074,-5.026205539703369,-4.813139915466309,-4.796130180358887,-4.85719633102417,-5.42505407333374,-6.518315315246582,-7.551574230194092,-8.450785636901855,-9.302292823791504,-9.925787925720215,-10.204938888549805,-10.364242553710938,-10.7217435836792,-11.281926155090332,-11.873689651489258,-12.405104637145996,-12.894497871398926,-13.272805213928223,-13.342842102050781,-13.147380828857422,-12.885069847106934,-12.833511352539062,-12.917531967163086,-12.942962646484375,-12.77775764465332,-12.424107551574707,-12.471338272094727,-12.752055168151855,-12.491432189941406,-11.55915355682373,-11.086156845092773,-11.684881210327148,-12.368890762329102,-12.652804374694824,-12.797754287719727,-12.809496879577637,-12.555169105529785,-12.220184326171875,-11.883689880371094
1.4947234392166138,1.791266918182373,0.5909056663513184,-0.7841914892196655,-2.065361738204956,-3.62449049949646,-3.8957607746124268,-4.408217430114746,-4.360278606414795,-4.486634254455566,-5.448218822479248,-6.69028902053833,-7.764937877655029,-8.710939407348633,-9.442129135131836,-9.931795120239258,-10.255763053894043,-10.542357444763184,-10.772714614868164,-10.989631652832031,-11.30399227142334,-11.750418663024902,-12.16600227355957,-12.32315731048584,-12.294983863830566,-12.19926643371582,-12.207015991210938,-12.418512344360352,-12.493759155273438,-12.355895042419434,-12.239035606384277,-12.39293098449707,-12.686781883239746,-12.328351020812988,-11.526920318603516,-11.313148498535156,-11.80765151977539,-12.334336280822754,-12.624369621276855,-12.784769058227539,-12.69183349609375,-12.337185859680176,-11.933619499206543,-11.539285659790039
6.239220142364502,8.219310760498047,6.407827854156494,4.365478515625,4.004724025726318,1.2239054441452026,-1.4863330125808716,-3.3919804096221924,-3.63517689704895,-3.115664482116699,-3.745464324951172,-5.339504241943359,-6.392606735229492,-7.314168930053711,-8.271509170532227,-9.099331855773926,-9.628260612487793,-9.951373100280762,-10.164292335510254,-10.282946586608887,-10.378015518188477,-10.520740509033203,-10.740835189819336,-10.907453536987305,-10.946144104003906,-11.005252838134766,-11.045750617980957,-11.216283798217773,-11.429997444152832,-11.557056427001953,-11.700404167175293,-11.984084129333496,-12.207507133483887,-11.88891315460205,-11.283329963684082,-11.189515113830566,-11.511161804199219,-11.892756462097168,-12.241837501525879,-12.485946655273438,-12.415393829345703,-12.082348823547363,-11.669301986694336,-11.245247840881348
10.363251686096191,12.042546272277832,10.393379211425781,8.320103645324707,8.795631408691406,7.4105072021484375,2.8281593322753906,-0.5425705909729004,-0.9462242126464844,-0.3872382342815399,-0.18357916176319122,-2.4264745712280273,-4.7929887771606445,-5.905486106872559,-6.735861778259277,-7.975691795349121,-8.98796558380127,-9.395586967468262,-9.641242027282715,-9.75441837310791,-9.64203929901123,-9.542145729064941,-9.492698669433594,-9.519521713256836,-9.469831466674805,-9.515523910522461,-9.615196228027344,-9.721187591552734,-9.94062328338623,-10.208382606506348,-10.52083683013916,-10.92142105102539,-11.151057243347168,-10.91767692565918,-10.507424354553223,-10.453118324279785,-10.70707893371582,-11.060606956481934,-11.461009979248047,-11.782281875610352,-11.832144737243652,-11.636487007141113,-11.29206657409668,-10.869462013244629
12.39712142944336,11.820116996765137,10.243091583251953,8.535614967346191,9.088160514831543,8.729863166809082,6.044697284698486,3.608219861984253,3.1204607486724854,3.16054105758667,2.9368579387664795,1.4429819583892822,-0.8436455726623535,-2.4806880950927734,-3.498030185699463,-4.973012924194336,-7.720557689666748,-9.159929275512695,-9.292903900146484,-9.32663345336914,-9.056774139404297,-8.676782608032227,-8.31969165802002,-8.15135669708252,-8.106040000915527,-8.099284172058105,-8.147372245788574,-8.255205154418945,-8.367002487182617,-8.617118835449219,-8.998486518859863,-9.407167434692383,-9.58781909942627,-9.432845115661621,-9.251530647277832,-9.350893020629883,-9.688782691955566,-10.111639022827148,-10.53187084197998,-10.826210021972656,-10.90613079071045,-10.814447402954102,-10.56460952758789,-10.186678886413574
13.595455169677734,11.575061798095703,8.984582901000977,7.175334930419922,6.617887020111084,5.496920108795166,5.100251197814941,5.105531215667725,5.086305141448975,5.5199408531188965,5.372564792633057,4.345247268676758,3.524055242538452,2.391904354095459,0.8243934512138367,0.8287028074264526,-2.1812987327575684,-7.412374496459961,-8.59300708770752,-8.535114288330078,-8.381770133972168,-7.952423095703125,-7.366093158721924,-6.935064315795898,-6.8429083824157715,-6.798264980316162,-6.729394435882568,-6.780833721160889,-6.892130374908447,-7.114498138427734,-7.5096306800842285,-7.937589168548584,-8.15357780456543,-8.117671012878418,-8.096312522888184,-8.292442321777344,-8.672141075134277,-9.141263008117676,-9.583911895751953,-9.831178665161133,-9.860925674438477,-9.759857177734375,-9.536534309387207,-9.208538055419922
14.167298316955566,11.394492149353027,8.535764694213867,6.978689193725586,8.423425674438477,9.002881050109863,8.805810928344727,7.761556148529053,7.366943359375,7.463427543640137,7.40390682220459,6.615983486175537,6.2102813720703125,6.070664405822754,5.817013263702393,6.145622253417969,4.272432804107666,-2.165747880935669,-6.213759899139404,-6.811897277832031,-6.912296295166016,-6.863656044006348,-6.545496463775635,-6.1058430671691895,-5.848153591156006,-5.734751224517822,-5.531681060791016,-5.476535320281982,-5.59306001663208,-5.747004508972168,-6.116579055786133,-6.614494323730469,-6.997410774230957,-7.184609413146973,-7.3079986572265625,-7.4936113357543945,-7.756718158721924,-8.106648445129395,-8.497270584106445,-8.77047061920166,-8.834139823913574,-8.723963737487793,-8.497121810913086,-8.205121994018555
14.25924301147461,11.722188949584961,9.37118148803711,8.174893379211426,11.437506675720215,12.176389694213867,11.174105644226074,10.040393829345703,9.092785835266113,8.56141471862793,8.749849319458008,8.526398658752441,7.871276378631592,7.635626792907715,7.659724235534668,7.298958778381348,6.284884452819824,3.17048978805542,-0.4315524995326996,-2.113743782043457,-2.975285530090332,-4.009137153625488,-4.625643253326416,-4.864968776702881,-4.803855895996094,-4.703552722930908,-4.627622604370117,-4.464881896972656,-4.588680744171143,-4.6749067306518555,-4.843432426452637,-5.3154377937316895,-5.861590385437012,-6.305643081665039,-6.609822750091553,-6.810670375823975,-6.9494194984436035,-7.1140336990356445,-7.3953752517700195,-7.708493232727051,-7.863448619842529,-7.800600528717041,-7.593870162963867,-7.317121982574463
14.290169715881348,12.392844200134277,10.518610000610352,9.753312110900879,11.520584106445312,11.7286376953125,10.994020462036133,10.396642684936523,8.863581657409668,7.74536657333374,8.316264152526855,9.406597137451172,9.321268081665039,8.504988670349121,7.322002410888672,6.334970474243164,5.972123146057129,5.222961902618408,4.815930366516113,4.368013381958008,3.50872802734375,1.6970363855361938,-0.09459802508354187,-1.477096438407898,-2.3209547996520996,-2.560802459716797,-3.4946348667144775,-3.870124101638794,-3.9024455547332764,-4.06887149810791,-4.104818820953369,-4.311267852783203,-4.757424354553223,-5.3166584968566895,-5.785656452178955,-6.069418907165527,-6.1952619552612305,-6.280574321746826,-6.469944000244141,-6.762940406799316,-6.958345413208008,-6.9390869140625,-6.77007532119751,-6.501656532287598
13.884281158447266,13.840251922607422,11.865920066833496,11.427008628845215,11.578715324401855,11.101740837097168,10.67612361907959,10.285643577575684,8.475457191467285,6.773375988006592,7.14437198638916,8.632844924926758,9.766246795654297,9.62468433380127,8.528895378112793,7.271504878997803,6.903724670410156,6.29315710067749,5.865982532501221,5.662531852722168,5.341760635375977,4.160808086395264,2.7992074489593506,1.391034483909607,0.5434567928314209,1.0207757949829102,-0.3252646028995514,-3.148566246032715,-3.7033824920654297,-3.807042121887207,-3.8198561668395996,-3.807466506958008,-3.958850383758545,-4.348730564117432,-4.837566375732422,-5.209853172302246,-5.4055070877075195,-5.515294551849365,-5.645812034606934,-5.857033729553223,-6.005701541900635,-6.000741958618164,-5.8956403732299805,-5.6864824295043945
12.246750831604004,13.415314674377441,11.947444915771484,11.678943634033203,11.50507640838623,10.939356803894043,10.283917427062988,9.495674133300781,7.947123050689697,5.863968372344971,6.216941833496094,8.207812309265137,9.624051094055176,9.887249946594238,9.412744522094727,7.905352592468262,7.844395160675049,7.667024612426758,6.640029430389404,5.010277271270752,4.073916435241699,3.465467691421509,2.9215521812438965,2.658733606338501,2.4374186992645264,2.558095693588257,2.238769292831421,-0.5577844381332397,-2.638127565383911,-3.313476085662842,-3.519331455230713,-3.5037755966186523,-3.5147809982299805,-3.6440937519073486,-3.9747724533081055,-4.3247528076171875,-4.518398284912109,-4.616947650909424,-4.705870151519775,-4.850133895874023,-4.940280914306641,-4.936882972717285,-4.892272472381592,-4.7678351402282715
9.643518447875977,11.881471633911133,11.37308120727539,10.970726013183594,11.092907905578613,10.957972526550293,10.357965469360352,9.45721435546875,8.601691246032715,7.141095161437988,7.952136516571045,8.700745582580566,8.78470230102539,8.365887641906738,9.115500450134277,8.503390312194824,8.688392639160156,8.243535995483398,6.935255527496338,4.876228332519531,3.421229362487793,3.1284775733947754,3.125775098800659,3.434192180633545,3.123418092727661,2.7835988998413086,2.3583805561065674,1.361885905265808,-0.8135219216346741,-2.440312623977661,-2.753075122833252,-2.897618532180786,-3.110016107559204,-3.264451503753662,-3.4570746421813965,-3.6705515384674072,-3.7458815574645996,-3.7219135761260986,-3.6850459575653076,-3.728811025619507,-3.7671444416046143,-3.768022060394287,-3.7637131214141846,-3.7007408142089844
9.109539031982422,12.308361053466797,12.53292465209961,11.999835968017578,11.067817687988281,11.115245819091797,11.076242446899414,10.545907020568848,9.993056297302246,9.557794570922852,10.92724895477295,11.30660343170166,10.160367012023926,8.389362335205078,9.637267112731934,10.094645500183105,9.904345512390137,8.670748710632324,7.086401462554932,5.07273006439209,3.8741860389709473,4.408308029174805,4.474887371063232,4.107581615447998,3.42385196685791,2.5814547538757324,2.356555938720703,1.9681346416473389,0.2970762550830841,-1.1096010208129883,-1.3654597997665405,-1.7969144582748413,-2.351558208465576,-2.7552294731140137,-2.9487063884735107,-3.0739262104034424,-2.9963886737823486,-2.800065040588379,-2.660410165786743,-2.6569724082946777,-2.6790263652801514,-2.6189279556274414,-2.5770747661590576,-2.50616455078125
