data/wind_data/wind_66_4.json
{"header": {"parameterUnit": "KT", "parameterCategory": 2, "nx": 256, "ny": 198, "lo1": 44.73521041870117, "la1": -3.236724853515625, "lo2": 111.26478576660156, "la2": 43.468475341796875, "dx": 0.2609002888202667, "dy": -0.23708222806453705, "refTime": "2025-02-21 18:00:00", "forecastTime": 0, "parameterNumber": 2, "parameterNumberName": "eastward_wind"}, "data":
[rows 76 to 94 of 198, columns 43 to 85 of 256]
-4.321935653686523,-4.587861061096191,-4.523774147033691,-4.106027126312256,-3.7291572093963623,-3.5680956840515137,-3.300334930419922,-3.1754488945007324,-3.0224668979644775,-3.1656787395477295,-3.31019926071167,-3.462362289428711,-3.5013139247894287,-3.5959482192993164,-3.6690244674682617,-3.797626256942749,-3.9944629669189453,-4.184798717498779,-4.183972358703613,-4.109377861022949,-4.032913684844971,-3.959784507751465,-4.0795207023620605,-4.429563522338867,-4.8166890144348145,-5.048559188842773,-5.027617454528809,-4.809176445007324,-4.5781168937683105,-4.518434047698975,-4.709590911865234,-5.078315258026123,-5.453762054443359,-5.766261100769043,-6.017716407775879,-6.217667102813721,-6.413437366485596,-6.65625,-6.91650915145874,-7.085446357727051,-7.164553642272949,-7.307383060455322,-7.610239028930664
-3.850229024887085,-3.621638298034668,-3.6000874042510986,-3.5115966796875,-3.28837513923645,-2.902026414871216,-2.5667665004730225,-2.386014223098755,-2.2538254261016846,-2.1204161643981934,-1.9684908390045166,-2.0896060466766357,-2.260448932647705,-2.423246145248413,-2.5861053466796875,-2.7588891983032227,-2.9268405437469482,-3.0957486629486084,-3.1235508918762207,-3.086723566055298,-3.0110924243927,-2.9043877124786377,-2.980329990386963,-3.3564751148223877,-3.801161050796509,-4.088539123535156,-4.092458248138428,-3.856853723526001,-3.554135799407959,-3.3719565868377686,-3.4526708126068115,-3.7752370834350586,-4.184726238250732,-4.567934989929199,-4.894237041473389,-5.151639938354492,-5.3986663818359375,-5.69486141204834,-6.007197380065918,-6.213329792022705,-6.252269268035889,-6.278080463409424,-6.470822334289551
-3.461456537246704,-3.076934337615967,-2.8186874389648438,-2.834494113922119,-2.8950440883636475,-2.3796467781066895,-1.9041520357131958,-1.627102017402649,-1.4997740983963013,-1.2671502828598022,-1.0750571489334106,-1.0102334022521973,-1.1431320905685425,-1.2771868705749512,-1.4543473720550537,-1.6463249921798706,-1.7724019289016724,-1.839703917503357,-1.8922609090805054,-1.835693120956421,-1.655233383178711,-1.5517925024032593,-1.639587640762329,-1.9817813634872437,-2.4565834999084473,-2.8003904819488525,-2.8854832649230957,-2.7716526985168457,-2.56217098236084,-2.38049054145813,-2.3784451484680176,-2.6020419597625732,-2.9558634757995605,-3.3534257411956787,-3.733029842376709,-4.038815975189209,-4.309688091278076,-4.625702381134033,-4.971940994262695,-5.231810569763184,-5.307388782501221,-5.279750347137451,-5.324898719787598
-2.8070597648620605,-2.6379761695861816,-2.4202992916107178,-2.357877016067505,-2.324406147003174,-1.8403900861740112,-1.3720234632492065,-1.0998289585113525,-0.8293460607528687,-0.5437793731689453,-0.4380960464477539,-0.24259458482265472,-0.1894097775220871,-0.312334805727005,-0.44071000814437866,-0.4991363286972046,-0.5716354250907898,-0.6213620901107788,-0.5359659790992737,-0.4487232565879822,-0.18384705483913422,-0.06084677204489708,-0.15689925849437714,-0.5123955607414246,-1.0131633281707764,-1.3952131271362305,-1.5496108531951904,-1.5487786531448364,-1.4520970582962036,-1.324686050415039,-1.2992961406707764,-1.458171010017395,-1.7743196487426758,-2.1875271797180176,-2.611011266708374,-2.950540065765381,-3.245145320892334,-3.5590362548828125,-3.8837368488311768,-4.155434608459473,-4.278964996337891,-4.272311687469482,-4.260493278503418
-1.929832100868225,-1.9067810773849487,-1.8139487504959106,-1.8279739618301392,-1.5031312704086304,-1.0398527383804321,-0.7395407557487488,-0.6027567982673645,-0.2487521916627884,0.0891500934958458,0.22219286859035492,0.4719204604625702,0.7292193174362183,0.6770148873329163,0.5910995602607727,0.6379263401031494,0.6380047798156738,0.625163733959198,0.7648748755455017,0.8979468941688538,1.1417704820632935,1.2767773866653442,1.197226881980896,0.8127358555793762,0.29290521144866943,-0.10969711095094681,-0.3063913881778717,-0.3678734302520752,-0.3239305019378662,-0.2142019420862198,-0.16555160284042358,-0.27315253019332886,-0.5485807657241821,-0.9573924541473389,-1.4328199625015259,-1.8745120763778687,-2.2537879943847656,-2.589341878890991,-2.8778624534606934,-3.088999032974243,-3.197901964187622,-3.220231771469116,-3.244198799133301
-1.3287285566329956,-1.0573501586914062,-0.8838697075843811,-0.8115960955619812,-0.4025643467903137,0.021012412384152412,0.1777176707983017,0.2179148942232132,0.45179638266563416,0.7076953649520874,0.9254071116447449,1.2590488195419312,1.5953034162521362,1.649947166442871,1.598046064376831,1.7052363157272339,1.8650283813476562,1.9725967645645142,2.06085205078125,2.13765287399292,2.2650325298309326,2.3481717109680176,2.2550876140594482,1.888717770576477,1.39179265499115,0.9910811185836792,0.7825610041618347,0.7101016640663147,0.7541376352310181,0.8730056285858154,0.9394412040710449,0.8785497546195984,0.6707106828689575,0.30014365911483765,-0.20871348679065704,-0.758234977722168,-1.2631169557571411,-1.6830925941467285,-1.9779949188232422,-2.120783567428589,-2.1515707969665527,-2.1555957794189453,-2.2377922534942627
0.8300561904907227,0.4747328758239746,0.335315465927124,0.5156064629554749,0.9071900844573975,1.204380750656128,1.2501014471054077,1.339880347251892,1.404056429862976,1.447478175163269,1.663230299949646,2.0863161087036133,2.4058902263641357,2.491081476211548,2.4776883125305176,2.6642446517944336,2.935246467590332,3.1972339153289795,3.3565335273742676,3.451376438140869,3.3799197673797607,3.2819602489471436,3.1222376823425293,2.806391954421997,2.3745226860046387,1.9910597801208496,1.7733652591705322,1.707757592201233,1.766877293586731,1.9014520645141602,1.9905743598937988,1.956648349761963,1.7973878383636475,1.486501693725586,0.9948377013206482,0.41977405548095703,-0.1467311978340149,-0.6377696394920349,-0.9948888421058655,-1.1544991731643677,-1.1633899211883545,-1.150944709777832,-1.2650476694107056
4.504644870758057,2.88748836517334,2.088477611541748,2.0889782905578613,2.327176809310913,2.420100212097168,2.3313775062561035,2.4277329444885254,2.4433491230010986,2.4016098976135254,2.554021120071411,2.890824556350708,3.209069013595581,3.3606116771698,3.4177041053771973,3.552638053894043,3.8206684589385986,4.243476867675781,4.565959453582764,4.744393348693848,4.603618144989014,4.303603172302246,4.011548042297363,3.7135579586029053,3.369072675704956,3.0469703674316406,2.8300912380218506,2.7262816429138184,2.740361213684082,2.845867395401001,2.9506261348724365,2.9305684566497803,2.7802140712738037,2.5235323905944824,2.1231322288513184,1.6177172660827637,1.0959213972091675,0.6012491583824158,0.21535906195640564,0.014649441465735435,-0.03951495140790939,-0.08077031373977661,-0.25366491079330444
7.611884117126465,6.281980514526367,4.533069133758545,3.7350962162017822,3.7952091693878174,3.7157013416290283,3.455430746078491,3.4548068046569824,3.5013856887817383,3.5129990577697754,3.60758638381958,3.7985265254974365,4.121013164520264,4.346129417419434,4.463871955871582,4.50475549697876,4.743875503540039,5.2286787033081055,5.689227104187012,5.9684834480285645,5.851594924926758,5.452181339263916,5.038026809692383,4.72236967086792,4.476762294769287,4.263030529022217,4.074969291687012,3.9009220600128174,3.7866249084472656,3.780142307281494,3.82688307762146,3.774116277694702,3.604358434677124,3.383222818374634,3.108299970626831,2.746248483657837,2.3152964115142822,1.8842514753341675,1.5273916721343994,1.3287277221679688,1.2338576316833496,1.1190325021743774,0.8859192132949829
8.88243293762207,8.749579429626465,7.790256023406982,6.224242210388184,5.472777366638184,5.086775302886963,4.685189247131348,4.563107013702393,4.646083354949951,4.732969284057617,4.7623820304870605,4.8928093910217285,5.122642517089844,5.447986602783203,5.671417236328125,5.593083381652832,5.820739269256592,6.262857913970947,6.768653392791748,7.109248161315918,7.068572044372559,6.669277667999268,6.180205345153809,5.833535194396973,5.67782735824585,5.603445053100586,5.477072238922119,5.235480785369873,4.959086894989014,4.779210090637207,4.673350811004639,4.511122226715088,4.289675712585449,4.098850250244141,3.951232671737671,3.759082078933716,3.437619924545288,3.043219804763794,2.7439146041870117,2.61309552192688,2.538891077041626,2.3690524101257324,2.0786755084991455
10.511159896850586,10.18353271484375,10.161649703979492,9.421616554260254,8.17522144317627,7.100654125213623,6.3775200843811035,6.029325008392334,5.947600364685059,5.975987911224365,6.0418291091918945,6.109382152557373,6.2484025955200195,6.562613010406494,6.889932155609131,6.86786413192749,7.008991241455078,7.343124866485596,7.795337677001953,8.161766052246094,8.213960647583008,7.895140171051025,7.402271747589111,7.01347017288208,6.8722944259643555,6.892056941986084,6.856844425201416,6.618424415588379,6.231266498565674,5.851719379425049,5.529151916503906,5.197465896606445,4.8913893699646,4.7312822341918945,4.716533184051514,4.682101726531982,4.4567179679870605,4.0868730545043945,3.807870626449585,3.75540828704834,3.77541446685791,3.625504732131958,3.300262212753296
12.399991989135742,11.775083541870117,11.540310859680176,11.413217544555664,10.736385345458984,9.687521934509277,8.64559555053711,7.818764686584473,7.403777122497559,7.441772937774658,7.581477642059326,7.528712272644043,7.482919216156006,7.586138725280762,7.9009785652160645,8.099658012390137,8.234158515930176,8.453574180603027,8.790279388427734,9.143621444702148,9.287393569946289,9.101301193237305,8.670271873474121,8.231141090393066,7.999021053314209,7.98721981048584,8.014019966125488,7.869853496551514,7.49185037612915,6.968130588531494,6.41146993637085,5.888585567474365,5.508697986602783,5.383017539978027,5.487140655517578,5.570760250091553,5.427306175231934,5.0967817306518555,4.8378167152404785,4.849203586578369,4.9573845863342285,4.881950855255127,4.597024917602539
13.645177841186523,13.119816780090332,12.675811767578125,12.478530883789062,12.135529518127441,11.632831573486328,10.75243854522705,9.637385368347168,9.047057151794434,9.181299209594727,9.328384399414062,9.052311897277832,8.738960266113281,8.55716323852539,8.775697708129883,9.143978118896484,9.431425094604492,9.608312606811523,9.814452171325684,10.106295585632324,10.32021427154541,10.277134895324707,9.933454513549805,9.451787948608398,9.088630676269531,8.969698905944824,8.988022804260254,8.922545433044434,8.599187850952148,8.00084400177002,7.274587154388428,6.642293930053711,6.258056640625,6.193948745727539,6.370323181152344,6.510789394378662,6.42681360244751,6.179803371429443,5.986475467681885,6.00783109664917,6.114048957824707,6.078610420227051,5.880218029022217
14.659509658813477,14.231260299682617,13.645769119262695,13.394669532775879,13.0912504196167,12.708260536193848,12.018328666687012,11.176271438598633,10.830819129943848,10.985234260559082,10.900341033935547,10.400711059570312,9.936785697937012,9.597290992736816,9.763520240783691,10.179825782775879,10.587976455688477,10.806305885314941,10.941476821899414,11.131756782531738,11.339776039123535,11.401305198669434,11.151611328125,10.664688110351562,10.21556282043457,10.01616096496582,10.005666732788086,9.925137519836426,9.556114196777344,8.887638092041016,8.12728214263916,7.537896156311035,7.239390850067139,7.248228073120117,7.438858985900879,7.554839134216309,7.4944939613342285,7.356457233428955,7.296437740325928,7.353280544281006,7.391207695007324,7.282080173492432,7.078793525695801
15.676861763000488,15.337132453918457,14.685063362121582,14.336859703063965,14.059803009033203,13.565850257873535,12.978218078613281,12.497307777404785,12.23317813873291,12.192935943603516,11.944454193115234,11.519829750061035,11.146324157714844,10.834883689880371,10.92090129852295,11.351395606994629,11.834271430969238,12.119292259216309,12.23768424987793,12.326945304870605,12.417181015014648,12.424389839172363,12.22736644744873,11.836193084716797,11.455309867858887,11.283681869506836,11.24940013885498,11.057183265686035,10.534211158752441,9.797123908996582,9.112369537353516,8.658940315246582,8.468666076660156,8.507728576660156,8.641939163208008,8.694700241088867,8.626230239868164,8.5693998336792,8.634705543518066,8.763372421264648,8.784345626831055,8.60257339477539,8.317998886108398
16.275400161743164,16.01946449279785,15.4165620803833,15.17341136932373,15.140517234802246,14.468290328979492,13.937004089355469,13.618861198425293,13.240463256835938,12.980774879455566,12.713889122009277,12.455026626586914,12.295302391052246,12.12535572052002,12.245549201965332,12.724996566772461,13.28636646270752,13.636730194091797,13.762069702148438,13.722311019897461,13.545906066894531,13.30850601196289,13.087965965270996,12.932147026062012,12.845298767089844,12.806648254394531,12.692462921142578,12.297749519348145,11.60934066772461,10.880189895629883,10.33736515045166,10.021941184997559,9.889060974121094,9.891921043395996,9.93246841430664,9.923046112060547,9.834227561950684,9.767024040222168,9.855509757995605,10.065482139587402,10.19119644165039,10.057453155517578,9.742412567138672
16.385868072509766,16.076160430908203,15.452714920043945,15.804166793823242,16.36418342590332,15.778788566589355,15.134906768798828,14.595788955688477,14.063530921936035,13.706493377685547,13.364462852478027,13.212675094604492,13.273808479309082,13.217533111572266,13.4559326171875,14.170621871948242,14.933965682983398,15.380694389343262,15.439896583557129,15.134800910949707,14.596648216247559,14.114330291748047,13.942170143127441,14.114314079284668,14.392556190490723,14.476202964782715,14.190764427185059,13.548084259033203,12.766976356506348,12.127193450927734,11.736702919006348,11.525236129760742,11.412653923034668,11.355874061584473,11.321956634521484,11.249886512756348,11.092267990112305,10.933966636657715,10.981107711791992,11.254935264587402,11.516356468200684,11.53356647491455,11.272583961486816
16.142858505249023,16.10125732421875,15.436762809753418,16.09493064880371,17.05329132080078,16.898727416992188,16.48771858215332,15.900754928588867,15.142245292663574,14.480576515197754,13.87717342376709,13.777629852294922,14.063374519348145,14.298529624938965,14.828068733215332,15.742780685424805,16.60750389099121,17.080734252929688,16.97675323486328,16.313365936279297,15.498577117919922,14.922331809997559,14.964798927307129,15.577157020568848,16.138816833496094,16.178220748901367,15.681851387023926,14.884170532226562,14.0927734375,13.520960807800293,13.211366653442383,13.073980331420898,13.00497055053711,12.956559181213379,12.859543800354004,12.664837837219238,12.358137130737305,12.079986572265625,12.083538055419922,12.407500267028809,12.782083511352539,12.912369728088379,12.727165222167969
15.5853271484375,15.85557746887207,15.692172050476074,16.458051681518555,17.293312072753906,17.45459747314453,17.49169921875,17.36258888244629,16.679317474365234,15.63228702545166,14.623372077941895,14.364981651306152,14.84969425201416,15.6234130859375,16.490829467773438,17.292757034301758,17.909704208374023,18.208030700683594,17.897567749023438,17.02057456970215,16.34107208251953,16.07142448425293,16.408592224121094,17.202070236206055,17.782054901123047,17.736495971679688,17.186872482299805,16.426435470581055,15.697110176086426,15.153251647949219,14.842287063598633,14.728458404541016,14.721541404724121,14.703520774841309,14.531891822814941,14.161760330200195,13.666522026062012,13.269190788269043,13.213603019714355,13.519905090332031,13.9282865524292,14.12104606628418,14.007731437683105
