data/wind_data/wind_19_3.json
{"header": {"parameterUnit": "KT", "parameterCategory": 2, "nx": 256, "ny": 198, "lo1": 44.73521041870117, "la1": -3.236724853515625, "lo2": 111.26478576660156, "la2": 43.468475341796875, "dx": 0.2609002888202667, "dy": -0.23708222806453705, "refTime": "2025-02-19 19:00:00", "forecastTime": 0, "parameterNumber": 2, "parameterNumberName": "eastward_wind"}, "data":
[rows 57 to 75 of 198, columns 0 to 43 of 256]
-4.80898380279541,-4.3848876953125,-4.0547966957092285,-3.6433703899383545,-2.688640594482422,-1.9404774904251099,-1.158280372619629,-0.4797952175140381,0.3623945415019989,1.218685269355774,2.3954193592071533,4.122862339019775,5.24668025970459,5.2859673500061035,4.036612033843994,2.060307264328003,0.06936800479888916,-3.0054574012756348,-6.180406093597412,-7.613864898681641,-5.410542011260986,-5.942686080932617,-10.230313301086426,-12.522905349731445,-11.794561386108398,-10.953699111938477,-11.262900352478027,-11.89998722076416,-11.963920593261719,-12.738673210144043,-13.514758110046387,-13.791122436523438,-14.02992057800293,-14.85521125793457,-15.948957443237305,-16.33112907409668,-15.655253410339355,-14.800586700439453,-14.539400100708008,-14.505352020263672,-14.457856178283691,-14.564743041992188,-14.689024925231934,-14.757010459899902
-5.990564346313477,-5.540234088897705,-5.165329456329346,-4.709312438964844,-3.6054677963256836,-2.339247703552246,-1.619052767753601,-0.3345889449119568,0.656376838684082,1.6342178583145142,2.4980056285858154,3.65248703956604,4.261117935180664,3.7559974193573,2.999384641647339,2.026592969894409,-0.024530645459890366,-2.769792318344116,-4.621697902679443,-5.590018272399902,-5.117476940155029,-5.537734508514404,-9.243974685668945,-10.606447219848633,-9.893113136291504,-9.805667877197266,-10.575346946716309,-11.47451114654541,-11.744686126708984,-12.258795738220215,-12.94057559967041,-13.217294692993164,-13.224267959594727,-13.876955032348633,-15.216958045959473,-16.196983337402344,-15.963396072387695,-14.91956901550293,-14.24228286743164,-14.079486846923828,-13.994269371032715,-13.9552001953125,-14.135820388793945,-14.399157524108887
-7.229991912841797,-6.623208999633789,-6.158951759338379,-5.672402381896973,-4.792133808135986,-3.4214587211608887,-2.8781371116638184,-1.403592586517334,-0.34498798847198486,0.7815211415290833,1.543845772743225,2.158679962158203,2.1413040161132812,1.4328997135162354,1.2039402723312378,0.8994957804679871,-0.6465904712677002,-2.5764007568359375,-3.979067325592041,-4.828410625457764,-4.513293266296387,-4.95668363571167,-7.593151092529297,-8.625161170959473,-8.430069923400879,-9.005729675292969,-9.970590591430664,-10.937594413757324,-11.518362998962402,-12.029343605041504,-12.55637264251709,-12.654361724853516,-12.49769115447998,-12.820392608642578,-14.060070037841797,-15.38707447052002,-15.654781341552734,-14.889154434204102,-14.098976135253906,-13.6366605758667,-13.498418807983398,-13.417177200317383,-13.538850784301758,-13.866887092590332
-8.53955078125,-7.706472396850586,-6.93222713470459,-6.186268329620361,-5.4302473068237305,-4.788224220275879,-4.360870838165283,-3.32582688331604,-2.411559820175171,-1.371397852897644,-0.6647312045097351,-0.37775710225105286,-0.3667159676551819,-0.48637130856513977,-0.5463864803314209,-0.7185832262039185,-1.4557969570159912,-2.50296950340271,-3.5400588512420654,-4.146536350250244,-3.8396830558776855,-4.385778427124023,-6.097022533416748,-6.895996570587158,-7.413201808929443,-8.598000526428223,-9.581792831420898,-10.414433479309082,-11.042664527893066,-11.384757041931152,-11.705465316772461,-11.674802780151367,-11.482603073120117,-11.680412292480469,-12.657977104187012,-13.907240867614746,-14.663335800170898,-14.436610221862793,-13.90656566619873,-13.245755195617676,-12.9860200881958,-12.990819931030273,-13.091654777526855,-13.398630142211914
-9.8327054977417,-8.573209762573242,-7.538826942443848,-6.562809467315674,-5.743361473083496,-5.851479530334473,-5.503472805023193,-4.8813018798828125,-4.272793769836426,-3.615246295928955,-3.009833812713623,-2.6654345989227295,-2.401984214782715,-2.1216952800750732,-2.16277813911438,-2.3195998668670654,-2.4031567573547363,-2.5817041397094727,-2.9684276580810547,-3.445303440093994,-3.690965414047241,-4.416576862335205,-5.416042804718018,-5.758204460144043,-6.550238609313965,-7.997771263122559,-8.922568321228027,-9.639043807983398,-10.283170700073242,-10.499526023864746,-10.426279067993164,-10.223344802856445,-10.232654571533203,-10.716320037841797,-11.880370140075684,-13.243760108947754,-13.914557456970215,-13.705288887023926,-13.419791221618652,-13.028566360473633,-12.6567964553833,-12.669599533081055,-12.816981315612793,-13.032332420349121
-11.012380599975586,-9.513442993164062,-8.22447681427002,-7.250037670135498,-6.459821701049805,-6.131856918334961,-6.056753158569336,-5.540250301361084,-5.3332200050354,-5.062061309814453,-4.678867816925049,-4.3526201248168945,-4.015845775604248,-3.618278980255127,-3.481119394302368,-3.497009754180908,-3.2591350078582764,-2.8693742752075195,-2.758087396621704,-3.1420891284942627,-3.8140954971313477,-4.559196949005127,-5.1220173835754395,-5.481515884399414,-6.193717956542969,-7.2688469886779785,-8.032149314880371,-8.624481201171875,-9.146661758422852,-9.356952667236328,-9.238911628723145,-8.927596092224121,-9.11003303527832,-9.895697593688965,-11.432428359985352,-12.861632347106934,-13.221506118774414,-12.945780754089355,-12.786327362060547,-12.614337921142578,-12.414742469787598,-12.429779052734375,-12.558310508728027,-12.724827766418457
-11.21762752532959,-8.594659805297852,-8.308817863464355,-7.356908798217773,-6.611771583557129,-6.198663711547852,-6.067904949188232,-5.758656024932861,-5.776675701141357,-5.836949348449707,-5.635255813598633,-5.529776573181152,-5.369796276092529,-4.938692092895508,-4.546361923217773,-4.309700012207031,-3.9624109268188477,-3.5438239574432373,-3.434696674346924,-3.6559715270996094,-4.118729591369629,-4.478831768035889,-4.80127477645874,-5.382750511169434,-6.01402473449707,-6.679412364959717,-7.193405628204346,-7.609365940093994,-7.940154552459717,-8.196653366088867,-8.243621826171875,-8.05271053314209,-8.105586051940918,-8.9880952835083,-10.657062530517578,-12.119512557983398,-12.457141876220703,-12.300054550170898,-12.208044052124023,-12.03985595703125,-11.96051025390625,-12.072617530822754,-12.202069282531738,-12.35086727142334
-10.099929809570312,-8.07559871673584,-7.921562194824219,-7.5969014167785645,-8.190855026245117,-7.242269992828369,-6.838045597076416,-6.1030192375183105,-5.958326816558838,-6.287106037139893,-6.14311408996582,-6.0435357093811035,-6.104449272155762,-5.932981967926025,-5.512699127197266,-5.142692565917969,-4.838582515716553,-4.549561023712158,-4.42303991317749,-4.475284576416016,-4.573227405548096,-4.582390785217285,-4.731266498565674,-5.252003192901611,-5.714882850646973,-6.079629421234131,-6.4330949783325195,-6.669428825378418,-7.061415672302246,-7.553004264831543,-7.7172160148620605,-7.549879550933838,-7.339631080627441,-8.224820137023926,-9.876016616821289,-11.11118221282959,-11.553874015808105,-11.614616394042969,-11.552220344543457,-11.384161949157715,-11.382377624511719,-11.524698257446289,-11.713436126708984,-11.905098915100098
-5.508047580718994,-1.8764415979385376,-3.33085298538208,-5.1840949058532715,-8.467617988586426,-7.855356693267822,-8.20906925201416,-7.529743671417236,-7.229015827178955,-7.58638858795166,-7.436418056488037,-6.611482620239258,-6.332451820373535,-6.305947780609131,-6.031616687774658,-5.688230037689209,-5.45839786529541,-5.39415979385376,-5.332735538482666,-5.266241550445557,-5.132065296173096,-4.907344818115234,-4.795145034790039,-5.148008823394775,-5.494593143463135,-5.531899929046631,-5.809343338012695,-6.077452659606934,-6.537719249725342,-7.07913064956665,-7.399129390716553,-7.194700241088867,-6.993309020996094,-7.808469772338867,-9.183248519897461,-10.122428894042969,-10.60631275177002,-10.795734405517578,-10.741944313049316,-10.65208911895752,-10.74023723602295,-10.913114547729492,-11.128315925598145,-11.352375984191895
-2.278278350830078,0.2369581162929535,-1.6149557828903198,-3.247260808944702,-5.030959606170654,-7.08759069442749,-7.173673152923584,-7.607776641845703,-7.969597339630127,-8.654069900512695,-9.309640884399414,-8.784266471862793,-7.530230522155762,-6.886717319488525,-6.6185479164123535,-5.976119041442871,-5.382218837738037,-5.288516521453857,-5.425576210021973,-5.5570573806762695,-5.533995151519775,-5.278857231140137,-5.075786113739014,-5.1607561111450195,-5.37858772277832,-5.293527126312256,-5.2382965087890625,-5.477560997009277,-5.98230504989624,-6.545631408691406,-6.907351970672607,-6.801267147064209,-6.824039936065674,-7.577125072479248,-8.595427513122559,-9.303112983703613,-9.735164642333984,-9.93343734741211,-9.919668197631836,-9.927505493164062,-10.070651054382324,-10.254226684570312,-10.458992004394531,-10.656698226928711
1.7849534749984741,0.999764621257782,-1.6174700260162354,-3.179641008377075,-3.2909510135650635,-5.661759853363037,-5.221769332885742,-5.336887836456299,-5.6867218017578125,-6.469393730163574,-8.405031204223633,-9.501502990722656,-8.969332695007324,-8.567049980163574,-8.495189666748047,-7.726724624633789,-5.845735549926758,-4.578051567077637,-4.701329231262207,-5.019843101501465,-5.250840663909912,-5.3625168800354,-5.309962749481201,-5.194251537322998,-5.1323981285095215,-5.0570831298828125,-4.911840438842773,-4.891279220581055,-5.35146951675415,-5.872154235839844,-6.202638626098633,-6.274001598358154,-6.5562310218811035,-7.277429580688477,-8.026956558227539,-8.559198379516602,-8.902068138122559,-9.083521842956543,-9.148707389831543,-9.235666275024414,-9.366207122802734,-9.502318382263184,-9.647050857543945,-9.776641845703125
1.885923981666565,1.2629592418670654,-1.9842936992645264,-3.890899181365967,-2.6675174236297607,-3.8159966468811035,-3.6372687816619873,-3.947688579559326,-3.6167800426483154,-3.161839723587036,-5.531804084777832,-8.122570991516113,-8.611976623535156,-8.956408500671387,-9.240857124328613,-9.571027755737305,-8.596905708312988,-5.2716755867004395,-3.8478012084960938,-4.012093544006348,-4.176133155822754,-4.540828704833984,-5.091962814331055,-5.191003799438477,-4.868865489959717,-4.717965126037598,-4.642606735229492,-4.565584182739258,-4.866169452667236,-5.255189418792725,-5.522329807281494,-5.676877498626709,-6.077875137329102,-6.758876800537109,-7.383412837982178,-7.7976603507995605,-8.041183471679688,-8.195716857910156,-8.326766967773438,-8.477619171142578,-8.590841293334961,-8.654099464416504,-8.705399513244629,-8.749415397644043
0.741424560546875,1.1132863759994507,-1.2683804035186768,-2.5323827266693115,-1.4239510297775269,-3.4779982566833496,-3.4903273582458496,-4.080810070037842,-3.27144193649292,-1.538020133972168,-1.9650659561157227,-5.233659744262695,-7.506608009338379,-8.402791023254395,-8.809370040893555,-8.902054786682129,-9.103225708007812,-7.993556976318359,-4.786391258239746,-3.352483034133911,-2.982557535171509,-2.995394468307495,-3.6987624168395996,-4.520866394042969,-4.718432426452637,-4.540133476257324,-4.428430557250977,-4.358216762542725,-4.577902317047119,-4.856260776519775,-5.026697635650635,-5.153365612030029,-5.46400785446167,-5.99915885925293,-6.543201923370361,-6.944845676422119,-7.187930107116699,-7.342787265777588,-7.490017890930176,-7.63267183303833,-7.705437660217285,-7.700894355773926,-7.665939807891846,-7.647158622741699
-0.7811654210090637,1.0403257608413696,-0.06125405430793762,-1.0559682846069336,-1.1417733430862427,-3.4216196537017822,-2.7992639541625977,-4.2723565101623535,-4.224205017089844,-1.433547854423523,0.13417577743530273,-2.346452474594116,-5.720424175262451,-7.375213623046875,-7.826934337615967,-7.9260759353637695,-8.317889213562012,-8.26087474822998,-6.9671430587768555,-5.625229835510254,-4.584198474884033,-3.701392412185669,-3.4872663021087646,-3.8477187156677246,-4.257466793060303,-4.379902362823486,-4.363221168518066,-4.301371097564697,-4.36745548248291,-4.6153883934021,-4.7783122062683105,-4.826572895050049,-4.94392204284668,-5.229969501495361,-5.618262767791748,-5.98432731628418,-6.275482177734375,-6.499131679534912,-6.663053035736084,-6.748493671417236,-6.750710964202881,-6.701425075531006,-6.6370673179626465,-6.607184886932373
0.809256374835968,2.594191789627075,1.5095560550689697,0.446726530790329,-0.740610659122467,-2.367255926132202,-2.005706787109375,-2.936307191848755,-2.920062780380249,0.27274009585380554,1.4297459125518799,-0.5810946226119995,-3.394292116165161,-5.352120399475098,-6.631748676300049,-7.3326263427734375,-7.467124938964844,-7.452128887176514,-7.058223724365234,-6.713360786437988,-6.48812198638916,-6.125690460205078,-5.59640645980835,-5.239062309265137,-5.153990745544434,-5.055143356323242,-4.551031589508057,-4.144001007080078,-4.064765453338623,-4.24783992767334,-4.447739601135254,-4.527559280395508,-4.5577616691589355,-4.662659645080566,-4.844820499420166,-5.070552349090576,-5.32905387878418,-5.589561462402344,-5.777682304382324,-5.8295745849609375,-5.7616729736328125,-5.652976036071777,-5.583848476409912,-5.60721492767334
3.2159440517425537,5.5193023681640625,3.7842092514038086,2.2089498043060303,0.10719919949769974,-0.5215854644775391,-0.4125029146671295,-0.2219134122133255,-0.03684033080935478,1.280116319656372,1.5306661128997803,-0.4791581928730011,-2.7814126014709473,-4.689826965332031,-5.607915878295898,-5.649463176727295,-5.078885078430176,-5.3649516105651855,-5.670975208282471,-6.226248741149902,-6.6158599853515625,-6.624954700469971,-5.710552215576172,-4.915578842163086,-4.8876118659973145,-5.01402473449707,-4.733860969543457,-4.064301013946533,-3.7535152435302734,-3.832245111465454,-4.01481819152832,-4.1753339767456055,-4.195241451263428,-4.160095691680908,-4.165508270263672,-4.254278182983398,-4.422938823699951,-4.637637615203857,-4.828397750854492,-4.881130218505859,-4.781608581542969,-4.6148905754089355,-4.509189605712891,-4.560019016265869
2.595412254333496,6.520310878753662,5.83961820602417,4.257716178894043,1.2363003492355347,1.0727870464324951,1.319196343421936,2.044797658920288,2.94620680809021,2.8920743465423584,0.6399515271186829,-1.6478428840637207,-2.597442150115967,-3.744236946105957,-4.128301620483398,-3.731633186340332,-3.4830803871154785,-3.499758005142212,-3.6811442375183105,-3.952733278274536,-4.305333614349365,-4.625236511230469,-4.990602970123291,-4.658712387084961,-4.379510879516602,-4.0881195068359375,-3.7694387435913086,-3.5709903240203857,-3.4637579917907715,-3.3216710090637207,-3.4045491218566895,-3.531862497329712,-3.600330114364624,-3.598756790161133,-3.5670199394226074,-3.5538136959075928,-3.601001501083374,-3.7049551010131836,-3.802727460861206,-3.84260630607605,-3.773404836654663,-3.614428758621216,-3.484659433364868,-3.530787706375122
2.6308701038360596,7.134129047393799,7.724997520446777,6.484042167663574,2.694418430328369,2.0926554203033447,2.863563060760498,3.6450679302215576,4.59209680557251,5.299025058746338,1.861263394355774,-0.7539822459220886,-0.4577784836292267,-1.7043606042861938,-2.932196855545044,-2.637828826904297,-2.804508686065674,-2.4840049743652344,-2.5948069095611572,-2.2087042331695557,-1.5038657188415527,-2.3387980461120605,-3.876840591430664,-4.030163764953613,-3.709378242492676,-3.5921542644500732,-3.4426398277282715,-3.0718955993652344,-2.815175771713257,-2.7273447513580322,-2.7909016609191895,-3.0787103176116943,-3.1950719356536865,-3.2206809520721436,-3.0947036743164062,-3.019171714782715,-3.0061755180358887,-2.986762523651123,-2.967843532562256,-2.936898708343506,-2.8517837524414062,-2.699319362640381,-2.5844178199768066,-2.6252667903900146
4.262777328491211,7.790905952453613,8.269567489624023,7.688581466674805,4.384324550628662,3.3664822578430176,4.359265327453613,5.096000671386719,5.657653331756592,6.27612829208374,4.2806291580200195,3.2066256999969482,3.333127975463867,2.1430952548980713,-0.6243292689323425,-1.0594333410263062,-1.7811591625213623,-1.5488351583480835,-1.6170109510421753,-1.334226131439209,-0.11893989145755768,-0.9212823510169983,-2.163569211959839,-2.7956066131591797,-3.1282498836517334,-3.168691396713257,-3.198500871658325,-3.1493492126464844,-3.4318130016326904,-3.2420547008514404,-3.0192458629608154,-2.864628314971924,-2.54960298538208,-2.4574787616729736,-2.6476128101348877,-2.736096143722534,-2.5963428020477295,-2.423668146133423,-2.287853717803955,-2.172747850418091,-2.050687313079834,-1.89803946018219,-1.7465178966522217,-1.7672141790390015
