data/wind_data/wind_23_7.json
{"header": {"parameterUnit": "KT", "parameterCategory": 2, "nx": 256, "ny": 198, "lo1": 44.73521041870117, "la1": -3.236724853515625, "lo2": 111.26478576660156, "la2": 43.468475341796875, "dx": 0.2609002888202667, "dy": -0.23708222806453705, "refTime": "2025-02-19 23:00:00", "forecastTime": 0, "parameterNumber": 2, "parameterNumberName": "eastward_wind"}, "data":
[rows 60 to 79 of 198, columns 44 to 87 of 256]
12.55941390991211,12.59406852722168,12.852239608764648,13.41419792175293,14.158528327941895,14.836542129516602,15.229694366455078,15.298742294311523,15.202835083007812,15.15600299835205,15.268145561218262,15.468133926391602,15.542253494262695,15.4217529296875,15.160923957824707,14.760285377502441,14.24215030670166,13.776203155517578,13.590118408203125,13.722792625427246,14.007767677307129,14.214767456054688,14.161941528320312,13.90127182006836,13.676492691040039,13.639739036560059,13.710559844970703,13.847200393676758,14.003342628479004,14.094085693359375,14.031010627746582,13.839822769165039,13.633696556091309,13.55553913116455,13.600451469421387,13.599969863891602,13.450340270996094,13.204436302185059,12.93824291229248,12.77645492553711,12.752906799316406,12.7581148147583,12.65147590637207,12.403585433959961
14.08271312713623,14.109122276306152,14.187173843383789,14.474813461303711,15.010228157043457,15.666878700256348,16.200210571289062,16.408401489257812,16.319791793823242,16.200511932373047,16.28531837463379,16.585968017578125,16.877229690551758,16.950572967529297,16.80562973022461,16.546171188354492,16.217836380004883,15.830422401428223,15.482773780822754,15.322747230529785,15.3953218460083,15.60134506225586,15.77688980102539,15.749341011047363,15.495026588439941,15.212543487548828,15.011612892150879,14.938302040100098,15.018094062805176,15.155282020568848,15.235210418701172,15.175908088684082,15.056988716125488,14.98806381225586,15.052499771118164,15.11937427520752,15.045989990234375,14.833020210266113,14.588736534118652,14.424254417419434,14.346590995788574,14.275091171264648,14.101269721984863,13.888747215270996
15.828849792480469,15.872843742370605,15.929853439331055,16.084840774536133,16.366804122924805,16.769805908203125,17.186141967773438,17.46262550354004,17.557964324951172,17.56007957458496,17.61699104309082,17.814104080200195,18.077056884765625,18.226713180541992,18.181339263916016,18.037931442260742,17.880239486694336,17.74066162109375,17.568492889404297,17.373476028442383,17.245960235595703,17.27161979675293,17.428579330444336,17.573522567749023,17.51263427734375,17.21588706970215,16.834903717041016,16.54378318786621,16.38814353942871,16.375228881835938,16.416061401367188,16.43372344970703,16.405881881713867,16.36665153503418,16.411949157714844,16.46559715270996,16.433855056762695,16.2878360748291,16.09284782409668,15.982070922851562,15.980591773986816,16.005481719970703,15.940563201904297,15.77535343170166
17.468503952026367,17.482723236083984,17.573333740234375,17.795610427856445,18.082578659057617,18.35158348083496,18.577678680419922,18.74065399169922,18.860403060913086,18.975391387939453,19.116891860961914,19.286027908325195,19.462604522705078,19.571834564208984,19.53879737854004,19.400087356567383,19.264041900634766,19.2127742767334,19.20439910888672,19.14741325378418,19.065610885620117,19.051475524902344,19.123998641967773,19.235618591308594,19.29559898376465,19.204662322998047,18.9151668548584,18.538148880004883,18.197690963745117,17.99004364013672,17.90779685974121,17.86620330810547,17.826929092407227,17.770700454711914,17.75139045715332,17.747268676757812,17.725481033325195,17.661718368530273,17.59305191040039,17.571958541870117,17.65894889831543,17.806100845336914,17.8945369720459,17.885669708251953
19.008407592773438,19.013172149658203,19.0467529296875,19.277830123901367,19.65631103515625,20.012950897216797,20.2413272857666,20.337434768676758,20.362783432006836,20.392431259155273,20.49596405029297,20.668079376220703,20.83866310119629,20.930633544921875,20.899946212768555,20.77524185180664,20.642362594604492,20.553592681884766,20.491535186767578,20.40851402282715,20.34629249572754,20.380306243896484,20.520662307739258,20.67876434326172,20.761201858520508,20.7823543548584,20.756044387817383,20.603515625,20.274463653564453,19.895957946777344,19.67224884033203,19.621360778808594,19.59286117553711,19.485496520996094,19.304492950439453,19.14239501953125,19.05506706237793,19.05175018310547,19.12871551513672,19.277851104736328,19.49789047241211,19.746871948242188,19.951629638671875,20.056509017944336
20.679460525512695,20.692766189575195,20.703025817871094,20.831579208374023,21.12869644165039,21.494821548461914,21.800559997558594,21.998931884765625,22.085098266601562,22.070600509643555,22.01763343811035,22.00629425048828,22.052879333496094,22.089828491210938,22.059322357177734,21.993854522705078,21.96551513671875,21.967254638671875,21.90671157836914,21.73753547668457,21.554183959960938,21.52203941345215,21.683998107910156,21.931896209716797,22.089197158813477,22.1167049407959,22.12330436706543,22.148637771606445,22.106876373291016,21.918176651000977,21.672420501708984,21.529932022094727,21.49805450439453,21.437610626220703,21.259380340576172,21.027795791625977,20.84325408935547,20.79432487487793,20.917490005493164,21.19683837890625,21.57806968688965,21.965417861938477,22.24953842163086,22.377294540405273
22.784664154052734,22.67156410217285,22.618318557739258,22.671045303344727,22.84980010986328,23.099163055419922,23.326732635498047,23.48333168029785,23.56463623046875,23.601285934448242,23.61212158203125,23.560680389404297,23.421096801757812,23.236244201660156,23.079010009765625,23.00694465637207,23.052143096923828,23.184335708618164,23.290782928466797,23.256799697875977,23.08543586730957,22.92516326904297,22.94330406188965,23.167362213134766,23.43503761291504,23.57257843017578,23.562149047851562,23.505582809448242,23.490978240966797,23.502750396728516,23.4603328704834,23.392683029174805,23.338218688964844,23.28168296813965,23.211334228515625,23.142061233520508,23.075712203979492,23.083650588989258,23.204050064086914,23.46833610534668,23.826486587524414,24.228418350219727,24.5565185546875,24.710416793823242
25.109630584716797,25.011938095092773,24.927019119262695,24.883445739746094,24.89932632446289,24.970182418823242,25.06236457824707,25.10658836364746,25.0356388092041,24.895885467529297,24.82822608947754,24.86335563659668,24.868656158447266,24.732105255126953,24.488313674926758,24.264402389526367,24.18181610107422,24.275226593017578,24.47711181640625,24.66648292541504,24.728900909423828,24.640087127685547,24.503414154052734,24.458656311035156,24.591876983642578,24.829696655273438,25.020843505859375,25.060302734375,25.00950813293457,24.964515686035156,24.965116500854492,24.985183715820312,24.99406623840332,24.994155883789062,25.02764892578125,25.126115798950195,25.253093719482422,25.367855072021484,25.49000358581543,25.68682098388672,25.961612701416016,26.253755569458008,26.480806350708008,26.57541847229004
27.290813446044922,27.454954147338867,27.46084213256836,27.3341064453125,27.175825119018555,27.09736442565918,27.118824005126953,27.137718200683594,27.004703521728516,26.68404197692871,26.325563430786133,26.08868980407715,26.014848709106445,26.053743362426758,26.110971450805664,26.10068702697754,26.013996124267578,25.942798614501953,25.972089767456055,26.11082649230957,26.267024993896484,26.3286075592041,26.262075424194336,26.111230850219727,25.998796463012695,26.019033432006836,26.177309036254883,26.373098373413086,26.502153396606445,26.529470443725586,26.512100219726562,26.50930404663086,26.53936004638672,26.59302520751953,26.687702178955078,26.868391036987305,27.12095069885254,27.378948211669922,27.595460891723633,27.79641342163086,28.004276275634766,28.152772903442383,28.160533905029297,28.04275131225586
28.768396377563477,29.12367057800293,29.437532424926758,29.504623413085938,29.269075393676758,28.93042755126953,28.768693923950195,28.871145248413086,29.066875457763672,29.076950073242188,28.775114059448242,28.291152954101562,27.84125518798828,27.58360481262207,27.58786964416504,27.800315856933594,28.052379608154297,28.20384979248047,28.237398147583008,28.237972259521484,28.25965118408203,28.26995277404785,28.204185485839844,28.041423797607422,27.825790405273438,27.630144119262695,27.550025939941406,27.64085578918457,27.84397315979004,28.020933151245117,28.082416534423828,28.042539596557617,27.992359161376953,28.035564422607422,28.183074951171875,28.415721893310547,28.69513702392578,29.00322914123535,29.326343536376953,29.63922882080078,29.91302490234375,30.055936813354492,29.990100860595703,29.730453491210938
29.110132217407227,29.388702392578125,29.838951110839844,30.336387634277344,30.680078506469727,30.69549560546875,30.4216365814209,30.141315460205078,30.09088897705078,30.2501220703125,30.436317443847656,30.492698669433594,30.36418914794922,30.108877182006836,29.866252899169922,29.762691497802734,29.85380744934082,30.097604751586914,30.380090713500977,30.5931339263916,30.675216674804688,30.61836814880371,30.4373836517334,30.16197395324707,29.83123207092285,29.501140594482422,29.27173614501953,29.232301712036133,29.37181854248047,29.56930923461914,29.68208885192871,29.664527893066406,29.570838928222656,29.53377914428711,29.64072608947754,29.86440086364746,30.125259399414062,30.380794525146484,30.65806770324707,30.981950759887695,31.32155990600586,31.57353401184082,31.62068748474121,31.411479949951172
28.989416122436523,29.1110897064209,29.40070343017578,29.825748443603516,30.37004852294922,30.995040893554688,31.536266326904297,31.788652420043945,31.72704315185547,31.542804718017578,31.434040069580078,31.47572898864746,31.645235061645508,31.856689453125,32.00469970703125,32.01581573486328,31.931156158447266,31.888818740844727,32.011566162109375,32.29696273803711,32.60711669921875,32.76863098144531,32.67501449584961,32.34313201904297,31.87320327758789,31.378456115722656,30.981380462646484,30.78374481201172,30.842126846313477,31.102859497070312,31.388425827026367,31.532209396362305,31.500865936279297,31.40052032470703,31.37946891784668,31.5003604888916,31.70662498474121,31.90423583984375,32.061859130859375,32.22477340698242,32.42789840698242,32.64414596557617,32.79972457885742,32.810298919677734
29.68231773376465,29.879222869873047,30.20737648010254,30.540063858032227,30.828323364257812,31.163328170776367,31.66262435913086,32.307621002197266,32.947998046875,33.40827941894531,33.58378982543945,33.50639343261719,33.32883834838867,33.2303352355957,33.3037109375,33.489830017089844,33.640254974365234,33.68318557739258,33.68736267089844,33.7714958190918,33.96656799316406,34.199607849121094,34.34125900268555,34.26695251464844,33.92451095581055,33.3983154296875,32.87864685058594,32.51282501220703,32.361576080322266,32.44617462158203,32.74732208251953,33.15691375732422,33.499549865722656,33.65930938720703,33.66250991821289,33.634368896484375,33.6748046875,33.78123474121094,33.88553237915039,33.946231842041016,33.968570709228516,33.97877502441406,34.008785247802734,34.067901611328125
30.543020248413086,30.708072662353516,31.05240249633789,31.469402313232422,31.882497787475586,32.27341842651367,32.663108825683594,33.1011962890625,33.63439178466797,34.24580001831055,34.851261138916016,35.324764251708984,35.57257843017578,35.58312225341797,35.456233978271484,35.347110748291016,35.363624572753906,35.484371185302734,35.62787628173828,35.72481155395508,35.760616302490234,35.78056716918945,35.83305740356445,35.89731979370117,35.85408401489258,35.58060073852539,35.09706497192383,34.58243179321289,34.23612976074219,34.14058303833008,34.2939567565918,34.66517639160156,35.17102813720703,35.66758728027344,36.009368896484375,36.13132858276367,36.08500289916992,35.990516662597656,35.94014358520508,35.947940826416016,35.974266052246094,35.972564697265625,35.937286376953125,35.90892791748047
32.1490592956543,32.366756439208984,32.5693244934082,32.7372932434082,32.96442413330078,33.327213287353516,33.806888580322266,34.32084655761719,34.80533981323242,35.261268615722656,35.7520751953125,36.326175689697266,36.91983413696289,37.40767288208008,37.691532135009766,37.76087188720703,37.716102600097656,37.686424255371094,37.73249435424805,37.819522857666016,37.884857177734375,37.91189193725586,37.9169807434082,37.92203903198242,37.9249153137207,37.868812561035156,37.65041732788086,37.218204498291016,36.683509826660156,36.26948165893555,36.15318298339844,36.378421783447266,36.87512969970703,37.519927978515625,38.14496612548828,38.578250885009766,38.72187042236328,38.62061309814453,38.41157150268555,38.23374938964844,38.161067962646484,38.1920051574707,38.279483795166016,38.36795425415039
34.91402816772461,35.38268280029297,35.60280990600586,35.54142379760742,35.37126541137695,35.32004165649414,35.49783706665039,35.848026275634766,36.259246826171875,36.648719787597656,37.02157211303711,37.42087173461914,37.858314514160156,38.30567932128906,38.74493408203125,39.17790985107422,39.575599670410156,39.869140625,40.00345230102539,39.98735809326172,39.91568374633789,39.91286087036133,40.021751403808594,40.17482376098633,40.27851867675781,40.31524658203125,40.33008575439453,40.32163619995117,40.19886016845703,39.88486099243164,39.462913513183594,39.15268325805664,39.14028549194336,39.45109176635742,39.957481384277344,40.45735168457031,40.78374481201172,40.91443634033203,40.930763244628906,40.893592834472656,40.818233489990234,40.750572204589844,40.766380310058594,40.891048431396484
38.577980041503906,38.98298263549805,39.04692459106445,38.748634338378906,38.291683197021484,37.99074935913086,38.005130767822266,38.227561950683594,38.489803314208984,38.69149398803711,38.84027099609375,38.997989654541016,39.22537612915039,39.52471923828125,39.88620376586914,40.298160552978516,40.727378845214844,41.13160705566406,41.480770111083984,41.742713928222656,41.904964447021484,41.98930740356445,42.051414489746094,42.15034484863281,42.29892349243164,42.48112106323242,42.699344635009766,42.97400665283203,43.27851486206055,43.50462341308594,43.52354431152344,43.30299377441406,42.95444869995117,42.65003967285156,42.48853302001953,42.45402145385742,42.49968338012695,42.60550308227539,42.76872253417969,42.950164794921875,43.08043670654297,43.131629943847656,43.151611328125,43.224212646484375
42.555545806884766,42.43024444580078,41.97793197631836,41.15240478515625,40.1971549987793,39.5532112121582,39.475093841552734,39.854496002197266,40.40563201904297,40.88153839111328,41.145545959472656,41.21092987060547,41.208988189697266,41.306983947753906,41.591651916503906,42.02462387084961,42.516544342041016,42.974544525146484,43.31977462768555,43.53783416748047,43.68639373779297,43.824344635009766,43.991600036621094,44.18622970581055,44.39763259887695,44.633995056152344,44.89730453491211,45.18741989135742,45.49933624267578,45.810543060302734,46.05927276611328,46.146690368652344,46.02417755126953,45.70405578613281,45.26005172729492,44.805416107177734,44.47808837890625,44.37881088256836,44.50703430175781,44.766990661621094,45.04698181152344,45.26909255981445,45.398582458496094,45.448463439941406
46.31874084472656,45.70625686645508,44.773677825927734,43.50664520263672,42.12300491333008,41.06855773925781,40.66432571411133,40.88252258300781,41.45319366455078,42.06786346435547,42.52444076538086,42.77664566040039,42.899993896484375,43.04110336303711,43.319278717041016,43.77350616455078,44.348697662353516,44.95181655883789,45.46745300292969,45.81696319580078,45.994258880615234,46.0693244934082,46.130374908447266,46.23945236206055,46.42444610595703,46.68439865112305,46.99918746948242,47.35436248779297,47.72562026977539,48.058982849121094,48.299156188964844,48.43805694580078,48.49311447143555,48.42438507080078,48.13381576538086,47.588829040527344,46.93947982788086,46.4263801574707,46.21280288696289,46.316776275634766,46.650028228759766,47.070556640625,47.43892288208008,47.65699005126953
49.460670471191406,48.67045593261719,47.57047653198242,46.170040130615234,44.6762580871582,43.443641662597656,42.72504806518555,42.535037994384766,42.6988410949707,42.99921417236328,43.28632736206055,43.51648712158203,43.716583251953125,43.95335006713867,44.316741943359375,44.85965347290039,45.529640197753906,46.23580551147461,46.88469696044922,47.386566162109375,47.6948356628418,47.85561752319336,47.965946197509766,48.11483383178711,48.329044342041016,48.59349822998047,48.9091796875,49.27214050292969,49.63292694091797,49.93050765991211,50.14242172241211,50.297908782958984,50.41958999633789,50.48295211791992,50.42729568481445,50.21147918701172,49.84840393066406,49.377296447753906,48.892818450927734,48.56562423706055,48.54730987548828,48.83097839355469,49.25236892700195,49.6074333190918
