data/wind_data/wind_48_0.json
{"header": {"parameterUnit": "KT", "parameterCategory": 2, "nx": 255, "ny": 198, "lo1": 44.73521041870117, "la1": -3.236724853515625, "lo2": 111.26478576660156, "la2": 43.468475341796875, "dx": 0.26192745566368103, "dy": -0.23708222806453705, "refTime": "2025-02-21 00:00:00", "forecastTime": 0, "parameterNumber": 3, "parameterNumberName": "northward_wind"}, "data":
[rows 114 to 132 of 198, columns 86 to 128 of 255]
-7.27138614654541,-7.8256683349609375,-6.89973783493042,-5.570406436920166,-4.657105445861816,-4.539348602294922,-2.4095046520233154,-1.2925550937652588,-0.990098774433136,0.1847657412290573,2.1192610263824463,2.6323697566986084,0.041781727224588394,-1.3665857315063477,-3.03969407081604,-4.879677772521973,-6.019705772399902,-5.7276530265808105,-3.9802472591400146,-2.325084686279297,-1.8981423377990723,-1.505927324295044,-0.22571298480033875,1.3963172435760498,2.2461342811584473,0.048142209649086,-4.175527572631836,-6.244657516479492,-5.585803985595703,-5.3830695152282715,-5.494441986083984,-5.748739719390869,-5.540657043457031,-4.056384563446045,-2.1160638332366943,-0.8411594033241272,-1.5194952487945557,-3.740938663482666,-5.165889739990234,-6.869629383087158,-8.27686882019043,-7.143951892852783,-5.637274265289307
-6.931922435760498,-6.551823139190674,-5.9940643310546875,-5.256962776184082,-4.380085468292236,-4.295344352722168,-2.6655285358428955,-0.9097800850868225,0.31941115856170654,1.2133218050003052,1.433095932006836,0.26438459753990173,-0.8183954954147339,-1.005548119544983,-2.08046817779541,-3.5443384647369385,-5.076669216156006,-5.089415073394775,-3.771850109100342,-2.01646089553833,-1.4102389812469482,-1.5751099586486816,-0.8925691843032837,0.4154249131679535,1.6215108633041382,0.9359044432640076,-1.7817705869674683,-5.20426607131958,-6.090389251708984,-5.927034378051758,-6.01842737197876,-6.280534744262695,-6.1562981605529785,-5.632345199584961,-4.2341742515563965,-2.334473133087158,-2.757126569747925,-3.4539105892181396,-4.115471363067627,-5.70256233215332,-6.742095947265625,-7.261215686798096,-6.562836170196533
-5.573248386383057,-3.105512857437134,-3.350334882736206,-3.7046971321105957,-4.758811950683594,-4.523525238037109,-3.204357624053955,-0.9155641794204712,0.7560868263244629,0.47095873951911926,-0.6146970987319946,-0.9810547828674316,-1.2281452417373657,-1.2085152864456177,-1.8379169702529907,-3.2511093616485596,-5.479832649230957,-5.476198673248291,-4.147334098815918,-2.5496270656585693,-1.539962649345398,-0.7761226296424866,-0.01836305297911167,0.7579225897789001,1.0786799192428589,0.40689200162887573,-0.9727059006690979,-4.377928733825684,-6.608092308044434,-6.540273666381836,-6.158997058868408,-5.6465349197387695,-5.312946796417236,-5.851156234741211,-5.7288079261779785,-4.84329891204834,-5.338932037353516,-5.439637660980225,-5.141543388366699,-5.142485618591309,-5.089771270751953,-5.358030319213867,-5.808732509613037
-6.187253475189209,-2.8536899089813232,-3.25890851020813,-4.3072919845581055,-5.477071285247803,-5.155271530151367,-4.062063694000244,-1.679781198501587,-0.7273094654083252,-1.3481286764144897,-1.364282488822937,-1.0902518033981323,-1.8423402309417725,-1.8358906507492065,-2.1936609745025635,-2.8451972007751465,-3.902244806289673,-4.73113489151001,-4.34132194519043,-4.086556911468506,-3.6456003189086914,-2.1718568801879883,-0.1130342036485672,0.4428170919418335,-0.706327497959137,-1.5128697156906128,-1.9369168281555176,-4.265871524810791,-6.667603015899658,-6.856316089630127,-5.864560127258301,-5.45304536819458,-5.502323627471924,-6.042286396026611,-7.0274128913879395,-7.067342281341553,-6.400944709777832,-6.448971271514893,-6.9192047119140625,-6.303493022918701,-5.719111919403076,-4.658467769622803,-4.838995933532715
-7.6257452964782715,-5.488351821899414,-4.977352142333984,-5.577784538269043,-5.932361125946045,-7.326127052307129,-6.761519908905029,-4.584758281707764,-4.094208240509033,-3.1516904830932617,-1.878563642501831,-1.3846311569213867,-1.9669922590255737,-1.4854183197021484,-0.9837635159492493,-0.171371728181839,0.020848535001277924,-0.8866905570030212,-2.392843008041382,-3.8188514709472656,-4.689783096313477,-4.703594207763672,-3.7351338863372803,-2.744009494781494,-3.4385793209075928,-3.2682816982269287,-2.9475622177124023,-4.149437427520752,-5.700427055358887,-6.277662754058838,-5.759245872497559,-5.880981922149658,-6.499417781829834,-6.97174596786499,-7.381951808929443,-7.62715482711792,-6.199807167053223,-5.4810051918029785,-6.498806476593018,-7.408486843109131,-6.970397472381592,-5.669980525970459,-5.498727321624756
-7.678561210632324,-7.394453048706055,-5.501710891723633,-5.945240497589111,-5.881350517272949,-6.793225288391113,-8.168712615966797,-7.479875087738037,-6.746062755584717,-5.595139503479004,-3.6606979370117188,-2.5597691535949707,-1.907251238822937,-1.2116488218307495,0.5610200762748718,2.4612960815429688,2.7523789405822754,0.9677874445915222,-1.1288107633590698,-1.9706921577453613,-2.293861150741577,-3.486680269241333,-4.736534118652344,-4.390608310699463,-4.646899223327637,-4.2015790939331055,-3.6565232276916504,-4.354715824127197,-5.506640911102295,-6.132209300994873,-6.670417308807373,-6.34881591796875,-7.71086311340332,-8.293622016906738,-7.837251663208008,-6.899409770965576,-6.207027912139893,-5.19480037689209,-5.439193248748779,-5.952605724334717,-6.198352336883545,-5.998331546783447,-6.183987617492676
-7.598962306976318,-6.5431227684021,-5.447125434875488,-5.697861671447754,-5.353908538818359,-5.629824638366699,-7.429113388061523,-7.488853931427002,-7.019279479980469,-6.318785190582275,-5.023611545562744,-4.077646732330322,-3.5505471229553223,-2.9804348945617676,-1.9566621780395508,-0.5049611926078796,-0.11826245486736298,-0.6755354404449463,-1.1363729238510132,-0.6614254713058472,-0.06409204751253128,-1.883874535560608,-4.394317150115967,-5.542596340179443,-5.777997970581055,-4.868411540985107,-4.563262939453125,-5.181095123291016,-5.887118816375732,-6.851348876953125,-7.4199137687683105,-6.739015102386475,-7.084888458251953,-7.582000732421875,-8.331711769104004,-7.912621021270752,-6.019340515136719,-4.979555130004883,-5.301436901092529,-5.452524185180664,-5.370382785797119,-5.757482051849365,-6.134889602661133
-8.288826942443848,-6.785647869110107,-4.718889236450195,-5.255364418029785,-4.685939788818359,-4.604581356048584,-5.309289932250977,-5.894782066345215,-5.580963611602783,-5.21258544921875,-4.943927764892578,-4.285956859588623,-3.543578624725342,-3.3546838760375977,-4.0261945724487305,-4.327137470245361,-4.301879405975342,-2.7651305198669434,-1.3150299787521362,-0.4787292182445526,-0.5173940658569336,-2.9228363037109375,-4.950612545013428,-5.988034248352051,-6.2409162521362305,-6.003485202789307,-5.966816425323486,-5.010047435760498,-5.3992133140563965,-5.501772880554199,-6.3165764808654785,-6.46536922454834,-6.416252136230469,-6.018642425537109,-6.052341938018799,-6.972526550292969,-5.772970676422119,-4.61915397644043,-5.453827381134033,-5.501071929931641,-5.210402965545654,-5.39845609664917,-5.8452982902526855
-6.205468654632568,-6.218342304229736,-4.252703666687012,-4.945051193237305,-4.075399398803711,-3.7522945404052734,-4.0656256675720215,-4.252316474914551,-5.457828521728516,-5.735959053039551,-5.952627658843994,-4.452990531921387,-2.456470251083374,-1.6201684474945068,-2.5330400466918945,-3.231933832168579,-4.096461772918701,-3.1734936237335205,-1.950629711151123,-1.492462396621704,-1.2645636796951294,-2.2530510425567627,-3.6535487174987793,-4.7006683349609375,-5.524099349975586,-6.10422420501709,-6.279516220092773,-5.797671794891357,-4.67488956451416,-4.451434135437012,-4.867785930633545,-5.481875419616699,-5.334417819976807,-4.373320579528809,-3.4064364433288574,-3.823612928390503,-4.744775295257568,-4.530397891998291,-5.113353729248047,-5.067654609680176,-5.069499969482422,-5.542442798614502,-5.644095420837402
-2.9572622776031494,-3.164644479751587,-3.0719799995422363,-4.457221031188965,-3.630345344543457,-3.7414400577545166,-4.2412190437316895,-5.129359722137451,-6.584805011749268,-7.111916542053223,-7.2067999839782715,-5.928434371948242,-3.4785187244415283,-1.9557061195373535,-2.119666814804077,-2.4011712074279785,-2.436208963394165,-2.5116872787475586,-1.9173945188522339,-1.4016116857528687,-0.6309729218482971,-0.5108560919761658,-0.7716731429100037,-1.2743808031082153,-2.542738676071167,-4.044683933258057,-4.894977569580078,-5.199451923370361,-4.7340192794799805,-3.6579408645629883,-3.1736884117126465,-3.230048418045044,-3.399763822555542,-2.8368139266967773,-1.813628911972046,-2.0558433532714844,-3.5012762546539307,-4.374057292938232,-4.7625837326049805,-4.730650901794434,-5.330855369567871,-5.745716094970703,-5.705702304840088
-1.6279094219207764,-0.37300851941108704,-1.8340860605239868,-3.7686922550201416,-3.552954912185669,-3.350687026977539,-3.987947940826416,-5.274504661560059,-6.218712329864502,-6.307632923126221,-6.163599491119385,-6.736746311187744,-5.360655784606934,-3.943469524383545,-2.706774950027466,-2.3597798347473145,-1.9389009475708008,-1.5653045177459717,-0.8099940419197083,-0.07728581875562668,0.2644849121570587,0.33694028854370117,0.4728250801563263,-0.11315520852804184,-1.3201650381088257,-2.553581953048706,-3.5011281967163086,-4.22472620010376,-4.513045310974121,-3.727600336074829,-2.3688511848449707,-1.3572750091552734,-1.4701941013336182,-1.6476149559020996,-1.6105326414108276,-1.3892168998718262,-2.441157341003418,-4.3205413818359375,-4.86567497253418,-4.845510005950928,-5.287010192871094,-5.507480144500732,-5.4282636642456055
-1.5908722877502441,-0.2958833873271942,-2.3528337478637695,-2.244201421737671,-1.8569875955581665,-2.3114678859710693,-3.6849093437194824,-4.672023296356201,-5.2203850746154785,-5.403931617736816,-4.990067481994629,-5.6159586906433105,-5.3616108894348145,-5.562955856323242,-3.8620171546936035,-2.5298967361450195,-1.6471081972122192,-1.099138855934143,-0.8257191181182861,-0.7617723345756531,-0.8705586791038513,-0.9706206321716309,-1.4202966690063477,-2.394361734390259,-3.0148239135742188,-3.1326582431793213,-3.320922613143921,-3.7391297817230225,-3.9452624320983887,-3.5857019424438477,-2.282409191131592,-0.7651005387306213,-0.22418196499347687,-0.7514467239379883,-1.2939590215682983,-0.9023261666297913,-1.4161173105239868,-3.7462525367736816,-4.3589982986450195,-4.278133869171143,-4.784895420074463,-4.868513584136963,-4.772686958312988
-2.4508824348449707,-2.4496588706970215,-3.3432774543762207,-0.5538601279258728,0.38847559690475464,-3.240391969680786,-6.824098587036133,-7.744856834411621,-7.699703693389893,-7.337328910827637,-5.40424919128418,-4.7277679443359375,-5.044573783874512,-4.984194278717041,-5.484823703765869,-4.228399753570557,-3.075975179672241,-2.794682264328003,-2.8344297409057617,-3.0502445697784424,-2.939497709274292,-2.4774363040924072,-2.941145181655884,-3.9793262481689453,-4.652952194213867,-4.53964900970459,-4.072271347045898,-3.932495355606079,-3.765706777572632,-3.3433258533477783,-2.489837408065796,-1.2376316785812378,-0.3264370262622833,-0.40993157029151917,-0.8250318765640259,-0.6797817349433899,-0.681303083896637,-2.0196635723114014,-2.999342918395996,-3.63559889793396,-3.6326496601104736,-3.432220935821533,-3.7060916423797607
-3.4527461528778076,-3.7387449741363525,-4.318498134613037,-0.839460015296936,-0.9999130368232727,-5.203591346740723,-9.79426383972168,-10.967146873474121,-11.045414924621582,-10.145721435546875,-8.330620765686035,-5.457132816314697,-5.005283832550049,-4.994055271148682,-4.946828842163086,-5.851434707641602,-4.9598469734191895,-4.6817626953125,-4.031726360321045,-3.217780351638794,-2.998605728149414,-2.6301536560058594,-2.452523946762085,-3.281233787536621,-3.9964396953582764,-4.7462992668151855,-4.617674827575684,-4.294266223907471,-3.76230525970459,-3.1170578002929688,-2.6437795162200928,-2.180429458618164,-1.55527925491333,-0.8890774250030518,-0.7563816905021667,-0.950524091720581,-0.5365243554115295,-1.068212628364563,-2.2270450592041016,-2.758633852005005,-2.423062801361084,-2.686488151550293,-3.3336453437805176
-4.302880764007568,-4.553816795349121,-5.466586112976074,-2.0516154766082764,-3.044614315032959,-5.820274353027344,-8.900409698486328,-10.172591209411621,-11.15015983581543,-10.522590637207031,-9.631247520446777,-7.682575225830078,-5.387767791748047,-5.199784278869629,-5.106894493103027,-5.90796422958374,-4.362981796264648,-5.276706218719482,-4.509216785430908,-3.5899441242218018,-2.908111810684204,-2.365124225616455,-1.354813575744629,-1.526997685432434,-2.3850185871124268,-3.7232725620269775,-4.381603240966797,-4.341249942779541,-3.822744607925415,-3.1597347259521484,-2.7838191986083984,-2.766759157180786,-2.5508816242218018,-1.9632477760314941,-1.276641607284546,-1.1898001432418823,-0.3042546212673187,-0.963735044002533,-1.9107381105422974,-1.8036481142044067,-1.2467806339263916,-2.1038122177124023,-3.0003859996795654
-3.070578098297119,-2.998032569885254,-4.5515875816345215,-3.1232187747955322,-3.9839751720428467,-6.335178375244141,-7.682438850402832,-7.615438938140869,-7.842926025390625,-8.67257022857666,-8.424823760986328,-7.916994094848633,-5.524007797241211,-5.300416469573975,-5.204300880432129,-5.047036170959473,-4.535355091094971,-4.204442977905273,-4.648029804229736,-3.649796724319458,-2.677518367767334,-1.6022753715515137,-0.4993312358856201,-0.5286099910736084,-1.4608348608016968,-2.4499130249023438,-3.19175386428833,-3.6054747104644775,-3.7124173641204834,-3.5757267475128174,-3.0974342823028564,-2.914562463760376,-3.0757851600646973,-2.5885605812072754,-1.8335597515106201,-1.397017478942871,-0.0521029457449913,-0.7583664655685425,-1.4736002683639526,-0.9887108206748962,-0.508774995803833,-2.0715672969818115,-3.1121511459350586
-0.5133541226387024,-1.256890058517456,-4.520837306976318,-4.778944492340088,-6.254363536834717,-7.544928073883057,-8.62823486328125,-8.25793743133545,-7.440532207489014,-7.621737957000732,-6.984135150909424,-7.118849277496338,-4.901966094970703,-4.689586162567139,-4.964740753173828,-4.595430374145508,-4.257214069366455,-3.7476885318756104,-3.4185879230499268,-2.99933123588562,-2.0798349380493164,-1.4177062511444092,-1.550186038017273,-1.996369481086731,-2.382486343383789,-2.311206817626953,-2.1710710525512695,-2.504298686981201,-3.0972137451171875,-3.354332447052002,-3.5878171920776367,-3.3779289722442627,-3.1489369869232178,-2.5964720249176025,-1.8903107643127441,-1.6481353044509888,-0.37712451815605164,-0.10594937205314636,-0.7193397879600525,-0.7839031219482422,-1.309256911277771,-2.6451070308685303,-2.6581788063049316
-4.596879005432129,-7.044600486755371,-8.732648849487305,-8.552738189697266,-9.2846097946167,-7.023086071014404,-7.420015811920166,-9.24849796295166,-9.548983573913574,-8.820425987243652,-6.997628688812256,-6.143777847290039,-4.3694562911987305,-2.2282347679138184,-3.2891368865966797,-2.3544013500213623,-2.5232510566711426,-2.666116714477539,-2.300297737121582,-1.9908558130264282,-1.9191898107528687,-2.30833101272583,-2.900486707687378,-3.160043716430664,-3.581878662109375,-3.3335769176483154,-2.856436252593994,-2.7474558353424072,-2.963944673538208,-3.475996971130371,-3.88510799407959,-3.8301804065704346,-3.5926284790039062,-2.517747163772583,-1.6087843179702759,-1.4324231147766113,-0.03534539416432381,0.5503445267677307,0.11228857189416885,-0.7136952877044678,-1.6968591213226318,-0.8264540433883667,-3.2887256145477295
-11.004714012145996,-13.205538749694824,-11.93591022491455,-10.3018217086792,-8.786470413208008,-6.142160892486572,-2.9610328674316406,-5.387016773223877,-7.30273962020874,-8.229619026184082,-7.237176895141602,-6.47645378112793,-5.710381984710693,-0.46943849325180054,-0.47904837131500244,0.6414716243743896,-0.4637534022331238,-1.88750159740448,-2.4803338050842285,-2.6870319843292236,-2.748833417892456,-2.7969868183135986,-2.4651079177856445,-2.469078302383423,-3.1230664253234863,-3.6574974060058594,-3.9419562816619873,-3.7418100833892822,-3.643954277038574,-3.77895188331604,-4.174564361572266,-4.2456374168396,-3.940436601638794,-3.0391173362731934,-1.8722018003463745,-0.7537098526954651,0.5419345498085022,0.5215721130371094,1.2258524894714355,1.7498022317886353,1.1737614870071411,-1.3883192539215088,-5.552223205566406
