data/wind_data/wind_71_3.json
{"header": {"parameterUnit": "KT", "parameterCategory": 2, "nx": 256, "ny": 198, "lo1": 44.73521041870117, "la1": -3.236724853515625, "lo2": 111.26478576660156, "la2": 43.468475341796875, "dx": 0.2609002888202667, "dy": -0.23708222806453705, "refTime": "2025-02-21 23:00:00", "forecastTime": 0, "parameterNumber": 2, "parameterNumberName": "eastward_wind"}, "data":
[rows 152 to 170 of 198, columns 44 to 87 of 256]
12.190657615661621,13.27623462677002,14.231772422790527,14.6393461227417,14.72436809539795,14.097689628601074,13.870002746582031,18.518266677856445,23.068517684936523,23.05259132385254,20.248794555664062,18.41438865661621,17.792814254760742,17.840726852416992,18.811656951904297,20.52056312561035,22.36335563659668,21.734498977661133,18.195802688598633,14.749342918395996,12.482681274414062,11.209412574768066,9.6942138671875,9.443285942077637,10.963150024414062,13.201712608337402,14.461838722229004,13.73656940460205,12.935270309448242,12.9729642868042,14.268693923950195,15.986503601074219,15.868152618408203,14.637690544128418,14.607421875,15.946887969970703,17.261110305786133,18.213031768798828,19.342540740966797,19.650588989257812,18.927217483520508,18.228750228881836,18.295656204223633,19.78287696838379
10.291922569274902,12.118023872375488,13.906400680541992,16.168325424194336,17.697864532470703,16.728557586669922,14.994587898254395,17.6944637298584,19.69842529296875,19.126361846923828,17.91197967529297,17.540828704833984,18.059921264648438,18.881175994873047,19.729930877685547,21.25763702392578,21.313182830810547,17.30878448486328,13.111350059509277,11.288772583007812,10.433098793029785,10.178105354309082,10.912893295288086,12.305431365966797,13.143399238586426,13.707296371459961,13.036571502685547,11.08922290802002,11.169059753417969,12.405203819274902,14.96176815032959,17.236948013305664,16.54229164123535,15.507316589355469,16.41128158569336,17.651180267333984,18.562740325927734,19.048118591308594,19.98408317565918,19.44431495666504,18.11736297607422,17.989900588989258,19.33112907409668,20.922555923461914
8.433091163635254,11.227856636047363,13.504640579223633,16.390867233276367,18.97284507751465,19.532306671142578,17.528573989868164,17.261960983276367,18.118864059448242,18.396085739135742,18.456201553344727,18.858274459838867,19.49871826171875,19.88567543029785,20.836322784423828,21.95513916015625,19.133586883544922,12.825304985046387,11.307469367980957,10.4855375289917,10.240591049194336,11.365017890930176,13.08761215209961,13.623333930969238,12.641180992126465,11.43831729888916,10.512816429138184,10.789446830749512,12.366233825683594,14.15937328338623,15.957110404968262,18.385927200317383,18.56375503540039,16.21628189086914,16.523923873901367,18.169525146484375,19.54043197631836,21.006290435791016,20.200197219848633,18.56478500366211,18.89047622680664,19.91643714904785,20.495912551879883,21.001136779785156
8.904197692871094,11.777976036071777,14.043010711669922,17.029430389404297,20.081533432006836,21.761165618896484,20.829198837280273,20.1236515045166,20.802133560180664,21.41902732849121,21.614412307739258,21.317649841308594,20.514339447021484,20.33859634399414,21.675350189208984,21.45122718811035,14.58212947845459,8.569457054138184,10.36350154876709,10.41149616241455,10.692885398864746,11.6701078414917,12.15181827545166,11.398268699645996,10.850031852722168,11.304753303527832,12.132489204406738,13.064847946166992,14.033699989318848,15.036995887756348,15.739534378051758,18.102458953857422,19.744022369384766,18.22042465209961,18.009178161621094,19.19291114807129,20.716402053833008,22.36039924621582,20.024667739868164,18.22667121887207,19.122377395629883,20.681724548339844,20.542591094970703,20.394943237304688
11.483283996582031,13.611716270446777,16.11193084716797,19.441030502319336,22.12523651123047,23.783531188964844,24.427528381347656,24.865739822387695,25.403079986572266,25.568384170532227,24.598392486572266,22.02419090270996,19.308900833129883,18.991796493530273,20.026247024536133,17.036523818969727,8.07500171661377,6.359021186828613,9.281386375427246,9.824624061584473,10.065528869628906,10.562407493591309,10.584928512573242,10.713088035583496,11.686455726623535,13.281061172485352,14.428285598754883,15.354485511779785,16.096750259399414,17.468713760375977,19.473644256591797,21.160663604736328,21.391265869140625,20.80660057067871,20.509967803955078,20.733516693115234,21.559053421020508,21.906587600708008,20.062437057495117,19.291879653930664,20.670408248901367,21.710025787353516,21.81550407409668,17.25187110900879
12.403861045837402,14.151270866394043,17.677961349487305,21.463685989379883,23.81974983215332,25.106164932250977,26.099611282348633,26.803647994995117,26.964099884033203,26.37804412841797,24.67677116394043,21.06131935119629,17.671966552734375,17.248350143432617,15.879562377929688,8.576897621154785,3.397484540939331,6.076038360595703,7.708525657653809,7.332271575927734,7.828546047210693,8.688400268554688,9.642841339111328,11.428248405456543,13.59148120880127,15.718358039855957,17.092098236083984,18.16352081298828,18.87386703491211,19.907941818237305,20.806535720825195,20.524349212646484,19.98136329650879,20.522783279418945,20.941848754882812,20.697185516357422,21.10449981689453,20.966819763183594,20.38473892211914,19.88150978088379,19.430500030517578,19.769134521484375,20.901782989501953,15.618650436401367
12.480589866638184,13.072198867797852,16.43048095703125,20.483993530273438,23.9538631439209,26.22160530090332,27.0522403717041,26.793127059936523,25.564361572265625,24.088794708251953,20.46257209777832,14.841694831848145,13.726700782775879,14.381108283996582,10.653159141540527,5.610152244567871,5.087553977966309,5.467166423797607,5.334660530090332,5.365931510925293,8.047040939331055,10.578850746154785,12.693278312683105,14.7891206741333,16.331106185913086,17.927610397338867,19.19881248474121,20.417818069458008,21.256370544433594,21.976295471191406,22.500572204589844,22.152835845947266,21.38756561279297,21.85608673095703,22.588979721069336,23.274641036987305,23.900697708129883,22.947797775268555,21.565494537353516,20.164310455322266,18.758012771606445,19.947256088256836,21.88187026977539,22.122373580932617
16.661457061767578,14.637770652770996,14.082283020019531,15.522595405578613,19.831256866455078,23.80461311340332,24.939830780029297,22.48017692565918,18.846698760986328,15.370896339416504,13.340381622314453,12.492491722106934,14.176518440246582,11.55856704711914,5.508409023284912,5.639925956726074,6.45751953125,5.394388198852539,3.419339656829834,5.800699234008789,9.73509407043457,11.974507331848145,13.00655746459961,14.149599075317383,15.103416442871094,17.07585334777832,19.069744110107422,20.660558700561523,21.828760147094727,22.849397659301758,23.64459228515625,23.815683364868164,23.850894927978516,24.32451057434082,24.71737289428711,25.071657180786133,25.736108779907227,25.82036781311035,25.964292526245117,26.13783073425293,26.00022315979004,27.727548599243164,30.008899688720703,29.45810890197754
20.354782104492188,16.988346099853516,14.384446144104004,13.942462921142578,16.6728515625,19.62395668029785,20.177053451538086,18.399620056152344,15.835790634155273,13.987107276916504,14.004415512084961,16.377267837524414,16.017133712768555,7.706678867340088,5.40868616104126,7.6346588134765625,7.049517631530762,7.476870536804199,8.651894569396973,8.617551803588867,10.161989212036133,11.912964820861816,13.067455291748047,13.53652572631836,14.10342025756836,15.889836311340332,17.864198684692383,18.80106544494629,18.913969039916992,19.238662719726562,19.69341278076172,20.634000778198242,23.234848022460938,26.006927490234375,26.950117111206055,27.11728286743164,26.789854049682617,27.443008422851562,28.017234802246094,27.51317024230957,27.870830535888672,28.89160919189453,29.40882682800293,28.02178192138672
23.860280990600586,21.076696395874023,18.203144073486328,18.129520416259766,20.612619400024414,21.114118576049805,19.7172908782959,18.45136833190918,17.3716983795166,16.548152923583984,18.380643844604492,19.927051544189453,13.257235527038574,5.039863109588623,7.200916290283203,6.793318748474121,7.005266189575195,8.536001205444336,10.435808181762695,11.69779109954834,12.592547416687012,13.07385540008545,13.089315414428711,12.60184097290039,12.984237670898438,15.018427848815918,16.809228897094727,17.102054595947266,16.567157745361328,16.298534393310547,15.19089412689209,15.816485404968262,20.20503807067871,24.574371337890625,27.022777557373047,28.30733299255371,28.507204055786133,28.33915901184082,28.013277053833008,29.21575927734375,28.85022735595703,29.831031799316406,29.738866806030273,26.883014678955078
28.643569946289062,26.785552978515625,24.514673233032227,24.932960510253906,25.595121383666992,22.090972900390625,18.994741439819336,19.120439529418945,19.320402145385742,20.510629653930664,22.399452209472656,16.456567764282227,8.048830032348633,8.20201301574707,7.509856700897217,6.413745403289795,7.270356178283691,9.046487808227539,10.775771141052246,12.055996894836426,12.77918815612793,12.739236831665039,12.100926399230957,11.440340995788574,11.917789459228516,13.398454666137695,14.737253189086914,15.312182426452637,15.070757865905762,15.313867568969727,13.449690818786621,11.733848571777344,15.696752548217773,20.791248321533203,24.397871017456055,26.608978271484375,27.855220794677734,28.247600555419922,28.746858596801758,29.49176788330078,26.998594284057617,28.78919792175293,27.844419479370117,25.896512985229492
31.407434463500977,30.941734313964844,29.725383758544922,28.530345916748047,24.39508628845215,21.08380126953125,20.747407913208008,21.490371704101562,22.150724411010742,23.09842872619629,19.400129318237305,13.831452369689941,12.080180168151855,10.998185157775879,9.058931350708008,7.560050010681152,8.640501976013184,9.357047080993652,10.094233512878418,10.865272521972656,11.466635704040527,11.813780784606934,11.643877983093262,11.083233833312988,11.159634590148926,12.113801002502441,13.421097755432129,14.038884162902832,13.880842208862305,13.602764129638672,12.182596206665039,10.06532096862793,12.034972190856934,16.631908416748047,20.38543701171875,22.762283325195312,24.215669631958008,23.28019142150879,20.72800064086914,19.936431884765625,21.23081398010254,24.138315200805664,24.659650802612305,20.656827926635742
30.916284561157227,31.07958221435547,30.18566131591797,27.84853172302246,24.23670768737793,21.969518661499023,22.584897994995117,24.283411026000977,23.602088928222656,20.639997482299805,18.129301071166992,17.52802085876465,14.72088623046875,9.985437393188477,7.0014142990112305,8.964020729064941,9.508252143859863,9.523138046264648,9.20462417602539,9.320891380310059,10.099093437194824,11.045336723327637,11.034217834472656,10.35491943359375,10.482027053833008,11.265488624572754,11.934954643249512,12.123295783996582,12.239179611206055,11.657214164733887,9.848875999450684,8.501585960388184,9.786266326904297,12.997452735900879,15.65520191192627,16.529449462890625,17.42671012878418,17.399703979492188,16.609739303588867,17.282426834106445,18.998870849609375,20.34320068359375,17.808176040649414,11.783352851867676
28.18043327331543,28.792495727539062,28.089284896850586,26.012264251708984,23.969942092895508,23.44410514831543,24.705198287963867,23.67222023010254,21.748205184936523,21.17340660095215,21.151411056518555,17.256696701049805,14.070197105407715,14.529624938964844,11.655841827392578,8.709051132202148,8.966172218322754,9.389755249023438,8.719151496887207,8.333488464355469,8.976520538330078,9.955799102783203,9.982813835144043,9.76884651184082,9.737899780273438,9.763923645019531,9.738343238830566,10.190777778625488,10.655780792236328,9.762433052062988,7.760220527648926,6.630683898925781,7.39340353012085,9.473199844360352,11.371206283569336,13.05177116394043,15.291339874267578,16.418800354003906,16.18888282775879,16.89893913269043,17.025920867919922,14.051527976989746,9.345743179321289,5.418309211730957
24.81513023376465,25.97024154663086,25.59244155883789,25.017139434814453,24.287866592407227,24.003639221191406,24.327259063720703,22.72527503967285,22.248579025268555,22.819869995117188,18.827791213989258,17.579368591308594,18.114784240722656,16.164344787597656,13.161622047424316,9.694271087646484,8.88577938079834,9.255049705505371,8.700884819030762,8.144058227539062,8.352981567382812,9.164825439453125,9.660346984863281,9.62742805480957,9.063729286193848,8.670333862304688,8.567854881286621,9.229520797729492,9.479924201965332,7.905088424682617,5.735610485076904,4.999841213226318,5.881866455078125,7.846926689147949,10.08792781829834,12.00665283203125,13.68049430847168,15.222760200500488,15.64415168762207,14.399456024169922,10.513575553894043,6.158187389373779,3.953080415725708,3.1302859783172607
21.25057029724121,21.99201774597168,21.087238311767578,21.122739791870117,22.13576889038086,22.91915512084961,23.136682510375977,22.66580581665039,22.61515998840332,19.365718841552734,19.444969177246094,17.38021469116211,16.153398513793945,15.499061584472656,14.018126487731934,11.521480560302734,10.066569328308105,9.881277084350586,9.453207969665527,8.557038307189941,8.436745643615723,9.331156730651855,10.06513786315918,10.108386993408203,9.696551322937012,9.143363952636719,8.820526123046875,9.079566955566406,8.60302448272705,6.318353652954102,4.24539041519165,3.9772894382476807,5.090442180633545,6.875715255737305,8.62353515625,10.176704406738281,11.67508602142334,12.453068733215332,11.420632362365723,7.898612022399902,4.046340465545654,1.65330970287323,1.9781755208969116,1.9681957960128784
16.8341121673584,17.417591094970703,17.141754150390625,18.014633178710938,20.202375411987305,22.146053314208984,23.316343307495117,22.941612243652344,22.17847442626953,19.14801788330078,16.52196502685547,14.470015525817871,14.160677909851074,14.991390228271484,14.89057731628418,13.467301368713379,12.112649917602539,11.473153114318848,10.917317390441895,9.857876777648926,9.242961883544922,9.852298736572266,10.858338356018066,11.422887802124023,11.094026565551758,10.049253463745117,9.355674743652344,9.01046085357666,7.932791233062744,5.415521144866943,3.5484414100646973,3.7571310997009277,4.916594505310059,6.034946918487549,7.295670986175537,8.596217155456543,9.257512092590332,8.900798797607422,6.382273197174072,4.10752010345459,2.4280588626861572,0.20319820940494537,1.0058012008666992,0.44557517766952515
14.328269004821777,16.104719161987305,17.744140625,19.68309783935547,21.151439666748047,21.878314971923828,23.113481521606445,21.67597007751465,16.72797393798828,13.791193962097168,12.76919174194336,12.276598930358887,12.941728591918945,14.356837272644043,15.08215618133545,14.744729042053223,13.987513542175293,13.175477981567383,12.429974555969238,11.501781463623047,10.468939781188965,10.620720863342285,11.939611434936523,12.92616081237793,12.320145606994629,10.707890510559082,9.514145851135254,8.806235313415527,7.695188045501709,5.376725196838379,3.7489287853240967,4.101415634155273,4.741573810577393,5.137917518615723,6.2708282470703125,7.235597133636475,7.022164821624756,5.672908306121826,3.201735258102417,2.339895725250244,1.422864317893982,-0.9729712009429932,-0.17319871485233307,-2.4304747581481934
14.613418579101562,16.844409942626953,18.732465744018555,21.427284240722656,20.59733772277832,19.14510726928711,18.010591506958008,14.110054016113281,11.555719375610352,11.16214370727539,11.432539939880371,11.48962688446045,12.121089935302734,13.581384658813477,14.435739517211914,14.505609512329102,14.120577812194824,13.633077621459961,13.27884292602539,12.750181198120117,11.766640663146973,11.679439544677734,13.15385913848877,14.343616485595703,13.391921997070312,11.179978370666504,9.450181007385254,8.709842681884766,7.682038307189941,5.878159523010254,4.7104620933532715,4.7840118408203125,4.682243347167969,4.531177997589111,5.4763383865356445,6.229485988616943,5.458121299743652,3.695035696029663,1.8888945579528809,0.758532702922821,-0.5875787734985352,-1.6049790382385254,-1.2905386686325073,-1.4928734302520752
