data/wind_data/wind_67_2.json
{"header": {"parameterUnit": "KT", "parameterCategory": 2, "nx": 256, "ny": 198, "lo1": 44.73521041870117, "la1": -3.236724853515625, "lo2": 111.26478576660156, "la2": 43.468475341796875, "dx": 0.2609002888202667, "dy": -0.23708222806453705, "refTime": "2025-02-21 19:00:00", "forecastTime": 0, "parameterNumber": 2, "parameterNumberName": "eastward_wind"}, "data":
[rows 133 to 151 of 198, columns 0 to 42 of 256]
-8.213994979858398,-7.719059467315674,-6.781155109405518,-5.501418113708496,-2.078758716583252,-0.22178444266319275,0.889984667301178,1.0682919025421143,1.5247769355773926,-0.6901628375053406,-2.1274166107177734,-2.321716070175171,0.16323411464691162,0.86689692735672,1.5746420621871948,3.8283798694610596,4.27947473526001,4.469467639923096,3.457486152648926,0.9415243268013,-0.48183831572532654,-2.8846027851104736,-4.8116655349731445,-6.071941375732422,-4.931025981903076,-3.3815524578094482,0.648341953754425,6.413008689880371,14.363738059997559,14.423685073852539,8.641645431518555,6.392948627471924,6.8845415115356445,5.5810770988464355,10.473409652709961,14.724099159240723,19.02045249938965,15.196696281433105,12.541619300842285,11.914117813110352,12.606669425964355,14.207480430603027,15.847208023071289
-6.684969902038574,-6.134246349334717,-5.270262241363525,-4.439421653747559,-2.3632853031158447,0.11686918139457703,1.050774097442627,0.5979709625244141,0.49889031052589417,-0.5348033308982849,-0.7339235544204712,-0.42565762996673584,1.3702707290649414,2.9010984897613525,4.817861080169678,6.36049747467041,6.587416648864746,6.592679977416992,5.5123209953308105,2.409977912902832,0.9040849208831787,-0.9669616222381592,-2.6429097652435303,-6.527544975280762,-3.674394130706787,-1.4234312772750854,1.6672608852386475,9.678900718688965,17.55974769592285,17.81602668762207,14.612042427062988,15.038232803344727,13.53215503692627,12.335110664367676,16.697439193725586,16.508838653564453,12.21970272064209,12.530675888061523,11.019742012023926,12.03858757019043,15.918035507202148,18.98341941833496,21.094209671020508
-5.356582164764404,-4.804548263549805,-3.9088754653930664,-3.0161778926849365,-1.3030544519424438,0.9751836061477661,1.7259652614593506,0.35767805576324463,-0.22374163568019867,-0.053449880331754684,0.9121222496032715,2.2158472537994385,3.5504910945892334,4.079272270202637,6.092707633972168,6.986366271972656,6.889724254608154,6.921171188354492,5.424047470092773,3.3186612129211426,0.687053382396698,-0.9516411423683167,-1.301992416381836,-4.409758567810059,1.9343149662017822,7.34318733215332,9.830016136169434,16.050552368164062,20.128629684448242,21.279638290405273,21.576416015625,21.582727432250977,18.730253219604492,18.38019561767578,18.209383010864258,11.365023612976074,10.663094520568848,11.783440589904785,13.057853698730469,17.77798843383789,21.626211166381836,21.935243606567383,20.53106117248535
-4.209353923797607,-3.836766242980957,-2.906114339828491,-1.8166590929031372,-0.5012016296386719,1.599568247795105,2.7518036365509033,1.5084315538406372,0.12435173243284225,0.24653595685958862,1.5866738557815552,2.8864710330963135,5.18800163269043,6.442209720611572,7.362711429595947,8.425067901611328,7.943202972412109,6.493788242340088,5.276145935058594,2.969597816467285,-0.1678796112537384,-0.9033865928649902,-3.8860723972320557,-3.819495439529419,6.150413990020752,17.17695426940918,20.029170989990234,22.12763214111328,23.804515838623047,25.59382438659668,26.904056549072266,24.02910804748535,20.73764991760254,17.659067153930664,14.159401893615723,10.862095832824707,7.569998264312744,11.110711097717285,16.44814682006836,21.81344985961914,23.43486213684082,21.801660537719727,19.49266242980957
-2.6745784282684326,-2.628779649734497,-1.7682300806045532,-0.5837700366973877,0.06323331594467163,1.8878593444824219,3.6401731967926025,3.500554323196411,2.2871792316436768,3.4042561054229736,5.810611724853516,7.989588737487793,10.428987503051758,10.734503746032715,8.951436042785645,9.143195152282715,8.232656478881836,7.174201488494873,6.4683685302734375,2.410362958908081,-0.17959792912006378,-3.4002861976623535,-2.0854012966156006,-0.23863476514816284,10.043951988220215,18.79282569885254,21.05291175842285,23.718286514282227,27.633806228637695,30.458341598510742,28.413320541381836,23.63330841064453,18.350608825683594,15.572433471679688,10.017860412597656,9.278255462646484,12.208294868469238,15.592855453491211,19.35384750366211,22.33258819580078,23.248422622680664,22.109832763671875,20.590530395507812
-0.0959564819931984,-0.470686674118042,-0.1655324250459671,0.6700003147125244,1.4255033731460571,2.8962748050689697,4.934321880340576,5.914254665374756,5.687195301055908,6.838263511657715,8.703460693359375,9.07663345336914,8.269022941589355,6.182326316833496,8.054498672485352,9.065711975097656,7.560303688049316,8.217057228088379,5.877723217010498,1.6815168857574463,0.5660308003425598,1.8137366771697998,8.559931755065918,10.91247272491455,15.035432815551758,18.68224334716797,19.7368106842041,25.049781799316406,31.690345764160156,32.87168884277344,27.702943801879883,22.063514709472656,17.795503616333008,12.350852012634277,9.046646118164062,11.351509094238281,15.679486274719238,19.692440032958984,21.452293395996094,21.818376541137695,22.177127838134766,21.694683074951172,20.77754020690918
2.273360252380371,1.6438661813735962,1.4592139720916748,1.746832251548767,2.8699769973754883,4.533784866333008,6.5138373374938965,8.120548248291016,8.860029220581055,9.68513298034668,9.929313659667969,8.840675354003906,7.8313517570495605,6.010274410247803,7.317291259765625,8.795010566711426,8.561674118041992,9.712910652160645,4.9589738845825195,0.7510290145874023,1.1640318632125854,7.296853542327881,14.569379806518555,9.298501968383789,10.92111873626709,19.719669342041016,25.649946212768555,31.229412078857422,34.706138610839844,31.863449096679688,24.560577392578125,19.69300651550293,17.021684646606445,14.474343299865723,13.264235496520996,14.029553413391113,19.1500244140625,17.962039947509766,17.39309310913086,19.1863956451416,20.607229232788086,19.984704971313477,18.88520622253418
2.601646661758423,2.670652389526367,2.594398021697998,2.761863946914673,3.5556674003601074,5.438510894775391,7.381653308868408,9.068567276000977,10.417998313903809,11.215021133422852,10.50769329071045,8.992786407470703,8.539151191711426,7.718142032623291,7.5513014793396,8.781023979187012,10.280150413513184,7.816319465637207,3.080456018447876,2.4366848468780518,3.9751436710357666,5.008915901184082,10.97586441040039,9.237985610961914,12.080144882202148,23.8262996673584,31.52497673034668,35.40753936767578,34.44329833984375,28.843069076538086,22.42214584350586,17.048967361450195,13.876383781433105,12.797139167785645,12.33711051940918,18.17291259765625,17.160078048706055,9.40925407409668,10.448698043823242,16.817821502685547,20.15509796142578,19.018468856811523,18.954486846923828
1.7816553115844727,2.8306610584259033,3.4411633014678955,4.143107891082764,4.72437858581543,6.272582530975342,8.005728721618652,9.345900535583496,10.47984504699707,11.068265914916992,10.088147163391113,8.987113952636719,8.925909042358398,8.812738418579102,7.692730903625488,8.041462898254395,7.678778648376465,3.575484037399292,0.9738866686820984,0.9011793732643127,2.8711628913879395,5.784677982330322,11.399948120117188,14.320240020751953,21.50592613220215,30.93036460876465,34.956382751464844,33.900428771972656,31.51443099975586,25.251142501831055,14.971145629882812,9.317337036132812,10.674678802490234,13.060214042663574,18.777433395385742,18.8829288482666,10.868586540222168,9.99612045288086,15.58117389678955,19.256576538085938,19.782106399536133,17.80466079711914,19.838624954223633
0.8347463607788086,2.399212121963501,3.8404972553253174,5.524822235107422,7.016029357910156,8.5921630859375,9.699649810791016,10.325037002563477,10.860841751098633,11.592890739440918,12.326045989990234,11.45399284362793,10.645330429077148,9.77702808380127,7.447143077850342,8.17133903503418,6.28773307800293,1.3135452270507812,-0.7348293662071228,0.8069260120391846,3.5363967418670654,11.15463638305664,22.321224212646484,26.026060104370117,30.34766960144043,35.11410140991211,34.74519729614258,30.24882698059082,26.821706771850586,20.984825134277344,11.66286849975586,7.193505764007568,12.175841331481934,19.02600860595703,23.193300247192383,17.623443603515625,14.469640731811523,16.810733795166016,19.97831153869629,21.979127883911133,21.422748565673828,21.906652450561523,23.188997268676758
-0.5590749382972717,1.402274489402771,3.43778133392334,6.098134994506836,8.817696571350098,10.951560020446777,11.469141006469727,10.88648509979248,10.874738693237305,11.684883117675781,12.919278144836426,13.015048027038574,12.174057006835938,11.469123840332031,8.462311744689941,7.5395731925964355,6.956937313079834,1.060270071029663,0.7900342345237732,0.9068124294281006,5.141762733459473,20.013376235961914,31.707199096679688,32.54827880859375,32.45601272583008,32.59476089477539,28.249481201171875,24.34067153930664,22.23004722595215,18.649810791015625,15.350326538085938,15.685772895812988,20.15557861328125,25.350383758544922,26.2525691986084,21.78973388671875,18.23380470275879,18.071388244628906,18.725248336791992,18.26297950744629,19.594961166381836,23.356313705444336,25.319189071655273
-1.5936543941497803,0.8020387887954712,3.0463101863861084,5.904942035675049,8.480188369750977,10.364455223083496,10.934676170349121,10.679201126098633,11.204538345336914,12.434304237365723,12.632118225097656,10.974812507629395,9.918935775756836,10.68696403503418,10.474889755249023,10.541516304016113,7.906730651855469,2.0320630073547363,4.153069496154785,8.03435230255127,15.325703620910645,28.766145706176758,36.34165573120117,34.472381591796875,32.711368560791016,30.87527847290039,24.74909210205078,19.09610366821289,16.73929786682129,15.703442573547363,16.800209045410156,21.380298614501953,26.670902252197266,29.072290420532227,25.987308502197266,22.659282684326172,20.362682342529297,19.149105072021484,15.39758586883545,5.226290225982666,3.675096035003662,9.595658302307129,9.08215618133545
-2.2248592376708984,0.7815635204315186,3.1597893238067627,5.801387786865234,7.604671955108643,10.023839950561523,11.584081649780273,12.058505058288574,11.897618293762207,11.262577056884766,9.776180267333984,8.054365158081055,7.035590171813965,7.7250518798828125,7.482863903045654,9.353509902954102,8.424964904785156,4.207633018493652,5.433784008026123,12.60754680633545,24.174280166625977,35.39651107788086,37.22145080566406,34.36786651611328,33.473876953125,31.781248092651367,25.047029495239258,17.929080963134766,13.503545761108398,15.233114242553711,21.594890594482422,26.216175079345703,28.405405044555664,25.664731979370117,22.970022201538086,20.580291748046875,20.37455940246582,20.659130096435547,12.741833686828613,3.166923761367798,0.5278652310371399,0.9277215600013733,-2.7125656604766846
-2.3288891315460205,0.9893340468406677,3.3508729934692383,5.874624252319336,7.072051048278809,8.357136726379395,10.539717674255371,10.57019329071045,9.074907302856445,8.860611915588379,8.449455261230469,6.85842227935791,5.062339782714844,5.026453018188477,5.862097263336182,7.7227888107299805,8.554946899414062,6.639178276062012,8.667162895202637,18.851411819458008,29.2041072845459,36.45466613769531,38.026954650878906,36.36300277709961,33.879825592041016,28.89369773864746,21.293590545654297,17.668359756469727,18.580547332763672,22.62099838256836,26.59495735168457,27.273456573486328,24.274539947509766,22.934432983398438,19.15730857849121,17.507055282592773,18.957199096679688,12.338522911071777,2.944148540496826,4.386343955993652,5.781791687011719,1.3214247226715088,-5.882334232330322
-1.5390068292617798,1.224522590637207,3.3305275440216064,5.869518280029297,5.807981014251709,6.228166103363037,7.763188362121582,6.919190883636475,8.122519493103027,9.155434608459473,8.227123260498047,6.323747158050537,6.34666633605957,5.948248386383057,6.582671165466309,8.544507026672363,8.941129684448242,9.432886123657227,19.088274002075195,28.415258407592773,33.53550338745117,38.44559860229492,39.65907669067383,38.16341018676758,32.79674530029297,21.903911590576172,18.89885139465332,22.498188018798828,27.412817001342773,29.05281639099121,29.657344818115234,30.015365600585938,25.01044273376465,19.494691848754883,17.092458724975586,14.506522178649902,12.964570045471191,6.33509635925293,2.51765775680542,4.344738483428955,0.01837727054953575,-3.758222818374634,-6.704054355621338
-0.46799707412719727,1.697015404701233,3.3291547298431396,5.421214580535889,3.4387357234954834,4.093385219573975,5.876198768615723,7.71586275100708,10.35098934173584,9.316932678222656,7.878482818603516,7.175508975982666,8.614014625549316,9.991291999816895,10.344189643859863,11.488151550292969,13.071683883666992,15.004924774169922,21.7552547454834,27.561412811279297,34.456241607666016,40.1242561340332,37.44813919067383,33.60448455810547,30.75883674621582,27.701129913330078,29.36532974243164,31.34029769897461,29.383363723754883,23.918136596679688,21.667274475097656,21.724454879760742,20.046337127685547,18.263513565063477,16.99492645263672,14.868361473083496,10.092451095581055,9.496186256408691,9.246923446655273,3.3234333992004395,-5.465263843536377,-6.392249584197998,-4.829105854034424
0.16384394466876984,2.5474419593811035,3.532287836074829,4.229150772094727,1.6625299453735352,3.732524871826172,6.792598724365234,10.534975051879883,10.84429931640625,7.994443893432617,8.067089080810547,8.377588272094727,8.864603996276855,10.420825004577637,13.17435359954834,16.850494384765625,17.98448371887207,17.465118408203125,21.60057258605957,28.078601837158203,36.56186294555664,34.87018585205078,27.65294075012207,25.763397216796875,27.593311309814453,32.26163101196289,34.56053161621094,28.828115463256836,13.784769058227539,8.2161283493042,9.242196083068848,11.354973793029785,12.421205520629883,12.669276237487793,8.755857467651367,2.2212367057800293,2.9039571285247803,10.421252250671387,11.612353324890137,-3.0982563495635986,-8.21572494506836,-6.479541778564453,-4.117966651916504
0.6083404421806335,3.5669620037078857,3.973283529281616,3.2047553062438965,1.7784961462020874,4.856619358062744,8.666886329650879,11.853342056274414,10.655449867248535,7.419783592224121,8.633536338806152,10.070734024047852,10.20122241973877,10.916418075561523,14.883721351623535,21.364877700805664,19.9963436126709,18.23586654663086,22.962900161743164,31.06575584411621,34.81126022338867,28.637672424316406,23.02627182006836,22.553407669067383,27.708873748779297,34.656978607177734,24.473587036132812,7.930456638336182,2.929330587387085,4.051635265350342,-0.00608816696330905,-0.9106923341751099,-0.891735315322876,-0.8063692450523376,-2.4493110179901123,-3.3751628398895264,-0.6154763698577881,7.149552345275879,7.877623558044434,-5.6978840827941895,-8.786388397216797,-8.672006607055664,-6.063094615936279
0.7896921038627625,4.005924701690674,4.3081583976745605,3.0414793491363525,2.2193167209625244,5.452150821685791,9.7698392868042,10.724404335021973,11.43911075592041,10.000914573669434,9.975049018859863,11.569560050964355,14.225628852844238,16.64174461364746,20.05686378479004,21.729310989379883,19.874818801879883,22.412120819091797,29.39730453491211,33.358150482177734,29.335159301757812,24.664430618286133,22.21461296081543,23.963096618652344,32.88115310668945,28.49060821533203,6.499306678771973,1.298325538635254,4.354674339294434,6.5031208992004395,1.9134310483932495,-1.7645517587661743,-1.4637432098388672,-1.191579818725586,-0.22987832129001617,-0.8573041558265686,-2.6493172645568848,-2.4890990257263184,-3.8486592769622803,-7.338669300079346,-8.89706039428711,-9.602764129638672,-7.471146106719971
