data/wind_data/wind_8_5.json
{"header": {"parameterUnit": "KT", "parameterCategory": 2, "nx": 256, "ny": 198, "lo1": 44.73521041870117, "la1": -3.236724853515625, "lo2": 111.26478576660156, "la2": 43.468475341796875, "dx": 0.2609002888202667, "dy": -0.23708222806453705, "refTime": "2025-02-19 08:00:00", "forecastTime": 0, "parameterNumber": 2, "parameterNumberName": "eastward_wind"}, "data":
[rows 114 to 132 of 198, columns 44 to 87 of 256]
39.26020050048828,39.149940490722656,39.16219711303711,38.25162887573242,37.89978790283203,39.083473205566406,40.93758773803711,42.48191452026367,43.3843879699707,44.517005920410156,46.075042724609375,46.718040466308594,46.61134338378906,46.63408660888672,46.73289489746094,46.6425666809082,46.23176193237305,45.43537521362305,44.44457244873047,43.53424072265625,43.07891845703125,43.42970657348633,44.55278015136719,45.962947845458984,46.89845657348633,47.26664352416992,47.2392692565918,46.72038650512695,46.27294158935547,46.37247848510742,46.515625,46.43950271606445,46.422035217285156,46.190887451171875,46.00984573364258,46.262203216552734,46.40495300292969,46.13155746459961,45.75053787231445,45.327110290527344,45.321285247802734,46.15499496459961,47.185791015625,48.509666442871094
41.16666793823242,40.76482391357422,40.13561248779297,39.323272705078125,39.423057556152344,40.98249816894531,42.91585922241211,44.39924621582031,45.529212951660156,47.780799865722656,49.379085540771484,48.877685546875,47.96776580810547,47.61281967163086,47.481781005859375,47.22462844848633,46.75204849243164,45.92075729370117,44.77231216430664,43.714805603027344,43.47175979614258,44.21939468383789,45.31089401245117,46.34138870239258,46.97468948364258,46.93686294555664,46.53326416015625,46.41316604614258,46.87189865112305,47.69765853881836,48.23118209838867,48.1378059387207,47.917903900146484,47.58967208862305,47.0826530456543,46.8179931640625,46.604801177978516,46.2244873046875,45.519649505615234,45.30677032470703,45.824893951416016,46.28679275512695,47.00288009643555,48.98640060424805
42.2797966003418,42.02121353149414,41.1397705078125,40.40650939941406,40.92372512817383,42.93409729003906,45.210899353027344,47.27717208862305,50.025421142578125,51.759822845458984,50.63645935058594,48.83496856689453,48.11149215698242,48.300289154052734,48.658226013183594,48.725555419921875,48.43634796142578,47.79469680786133,46.761558532714844,45.69829177856445,45.51668930053711,46.22929763793945,47.03643035888672,47.72900390625,47.925601959228516,47.23959732055664,46.647518157958984,47.04898452758789,48.00166702270508,48.980445861816406,49.7640380859375,49.9711799621582,49.656639099121094,48.8768310546875,47.93843078613281,47.58204650878906,47.426387786865234,46.89399719238281,45.9703369140625,45.974308013916016,47.00709915161133,46.67515182495117,46.35348129272461,49.226497650146484
42.406986236572266,42.54539489746094,41.93205642700195,41.18954086303711,41.97458267211914,44.48825454711914,47.3183708190918,50.71933364868164,52.96561050415039,52.23006057739258,50.51297378540039,49.58019256591797,49.67469024658203,50.376556396484375,51.20554733276367,51.62343978881836,51.33143615722656,50.6160774230957,49.83367919921875,49.13921356201172,49.06148147583008,49.42290496826172,49.69497299194336,50.21426010131836,50.15272521972656,49.072662353515625,48.34059143066406,48.81032943725586,49.8936882019043,50.9723014831543,51.71403884887695,52.02941131591797,51.66712188720703,50.43712615966797,49.0878791809082,48.77219009399414,48.86405944824219,48.429386138916016,47.63506317138672,48.11478805541992,49.58468246459961,47.95767593383789,45.96013259887695,50.374271392822266
41.87338638305664,42.2466926574707,42.164398193359375,41.739173889160156,42.41149139404297,45.30339050292969,49.600955963134766,52.63254165649414,52.808311462402344,51.75242614746094,50.83026123046875,50.81155776977539,51.50356674194336,52.25495147705078,52.90959167480469,53.3016357421875,53.19536590576172,52.902565002441406,52.71627426147461,52.441551208496094,52.3436279296875,52.451446533203125,52.4048957824707,52.502506256103516,52.2370491027832,51.522125244140625,51.251243591308594,51.638084411621094,52.41240692138672,53.41398239135742,53.95024108886719,54.012054443359375,53.704708099365234,52.82023620605469,51.49909210205078,50.28847885131836,50.57379150390625,51.93067932128906,51.95320510864258,51.39681625366211,51.88960647583008,49.9747428894043,45.39043045043945,51.575584411621094
40.6945915222168,41.39457702636719,41.978816986083984,42.0497932434082,42.7943229675293,46.266414642333984,50.66462326049805,52.52577590942383,52.25651168823242,51.51869201660156,50.75114059448242,50.655662536621094,51.2234992980957,51.66751480102539,51.8511848449707,52.18982696533203,52.7601203918457,53.54570007324219,54.528038024902344,54.96665954589844,54.72639083862305,54.410430908203125,54.26060104370117,54.130985260009766,53.78115463256836,53.614437103271484,53.94948196411133,54.37178421020508,54.85056686401367,55.456295013427734,55.82899856567383,56.008453369140625,55.981422424316406,55.521053314208984,54.703285217285156,54.01713562011719,53.968326568603516,54.767730712890625,55.34101486206055,54.91105270385742,54.25209426879883,52.46925354003906,45.360504150390625,51.488800048828125
39.94960021972656,40.936805725097656,42.14173126220703,42.902252197265625,44.08830642700195,46.81773376464844,49.52823257446289,51.39509201049805,51.82307052612305,51.1750602722168,50.44951248168945,50.085391998291016,50.08030700683594,50.263160705566406,50.6436767578125,51.15715408325195,51.63539123535156,52.46815490722656,54.397972106933594,56.28746795654297,56.428977966308594,55.7424201965332,55.33012008666992,54.7036247253418,54.207645416259766,54.73843765258789,55.766929626464844,56.258033752441406,56.645111083984375,57.217681884765625,57.73019790649414,58.087154388427734,58.43741226196289,58.32039260864258,57.89337158203125,57.99051284790039,57.885162353515625,56.91706466674805,56.42970657348633,56.11044692993164,55.39783477783203,53.20096206665039,45.46524429321289,51.92056655883789
41.67264175415039,42.260498046875,43.31113052368164,44.577091217041016,46.03721618652344,47.346946716308594,48.78297424316406,50.34284973144531,50.98157501220703,50.914772033691406,50.56984329223633,50.3360595703125,50.497032165527344,51.144100189208984,52.002628326416016,52.566593170166016,52.754459381103516,53.21955108642578,55.030921936035156,57.37321853637695,57.939109802246094,57.018001556396484,56.093807220458984,55.21743392944336,54.93486404418945,56.05793380737305,57.49933624267578,57.724822998046875,57.402774810791016,57.41442108154297,57.791954040527344,58.6158561706543,59.55997085571289,60.127647399902344,60.41840744018555,60.727272033691406,60.28398513793945,58.637027740478516,57.53127670288086,56.89666748046875,56.08648681640625,53.502628326416016,46.26286697387695,52.26481246948242
44.38251876831055,45.293067932128906,45.963523864746094,46.73625183105469,47.82323455810547,49.01900863647461,49.730220794677734,50.505340576171875,51.10392379760742,51.180320739746094,51.12801742553711,51.51363754272461,52.407779693603516,53.594337463378906,54.53533172607422,54.839073181152344,54.96290969848633,55.42080307006836,56.893497467041016,58.907039642333984,59.38397216796875,58.23175811767578,57.37053298950195,56.796993255615234,57.134613037109375,58.28960037231445,58.529754638671875,57.686893463134766,56.608604431152344,56.11123275756836,56.525081634521484,57.65241241455078,58.745689392089844,59.5516242980957,60.559226989746094,61.39063262939453,60.92969512939453,59.455570220947266,58.584007263183594,57.64376449584961,57.04889678955078,54.59296417236328,47.61557388305664,53.25192642211914
46.61223220825195,48.471961975097656,49.323673248291016,49.202144622802734,49.37481689453125,50.15719223022461,50.453609466552734,50.4849967956543,51.04439163208008,51.96613311767578,53.02174377441406,53.96783447265625,54.537506103515625,55.24171829223633,55.988765716552734,56.37751007080078,56.83084487915039,57.24347686767578,58.0560188293457,59.456085205078125,60.114009857177734,59.9484977722168,59.51465606689453,59.21996307373047,58.44981002807617,57.312007904052734,57.22697830200195,57.487789154052734,57.26227569580078,56.80398941040039,56.7440299987793,57.15208053588867,57.52591323852539,57.76310729980469,58.61893844604492,60.114070892333984,60.951663970947266,60.610313415527344,59.72388458251953,58.364837646484375,57.97523498535156,54.700199127197266,50.216796875,54.88153076171875
46.81072235107422,49.26765441894531,51.77894592285156,52.20318603515625,51.66230392456055,51.51384353637695,51.11420822143555,50.82203674316406,51.61322021484375,53.31794738769531,55.15303421020508,56.138038635253906,55.934776306152344,55.76773452758789,56.203304290771484,56.62932586669922,57.28056716918945,57.69219970703125,57.983367919921875,58.790740966796875,60.447574615478516,61.75391387939453,61.27206802368164,58.93455505371094,57.01096725463867,56.77756118774414,57.48606872558594,58.25504684448242,58.46076965332031,58.055824279785156,57.55655288696289,57.286170959472656,57.04619216918945,56.70060729980469,56.72798538208008,57.81932067871094,59.81959915161133,61.20528030395508,60.134361267089844,58.53395080566406,57.697669982910156,53.94648361206055,53.584617614746094,55.388160705566406
46.439544677734375,48.455055236816406,52.20002746582031,55.112972259521484,54.92719268798828,53.49797821044922,51.92655563354492,52.202579498291016,54.3903923034668,55.99640655517578,56.6218147277832,55.990413665771484,54.77291488647461,53.97966003417969,54.165565490722656,54.95785140991211,55.93583679199219,56.84579086303711,57.4881477355957,58.391780853271484,61.19115447998047,62.51353073120117,60.023582458496094,58.177818298339844,57.80935287475586,57.7101936340332,58.20048904418945,59.01893615722656,59.48231887817383,59.40761184692383,58.98522186279297,58.354915618896484,57.63076400756836,56.87040328979492,56.17034149169922,56.31854248046875,58.228206634521484,60.59500503540039,60.394596099853516,58.65364456176758,56.65329360961914,53.864036560058594,55.65744400024414,54.72946548461914
49.34129333496094,50.84165954589844,53.76140213012695,57.155670166015625,57.298465728759766,55.15778732299805,53.19622039794922,55.14191436767578,57.85175323486328,57.718048095703125,56.112274169921875,54.137786865234375,53.01426696777344,52.644283294677734,53.15937805175781,54.67787551879883,56.2337532043457,57.73390197753906,58.65312576293945,59.89877700805664,62.305877685546875,61.246219635009766,59.115047454833984,58.56764602661133,58.44569778442383,58.4102668762207,58.87846755981445,59.60065841674805,60.031410217285156,60.18417739868164,60.09633255004883,59.392486572265625,58.61420822143555,58.052425384521484,57.3587760925293,56.69099426269531,57.62876892089844,59.777591705322266,60.214412689208984,58.810150146484375,55.633541107177734,53.26755905151367,56.09889221191406,53.863807678222656
52.3215217590332,54.32244873046875,56.07971954345703,57.72923278808594,58.33211135864258,56.86132049560547,55.48003005981445,57.146522521972656,57.616390228271484,55.66424560546875,53.71213150024414,52.566184997558594,52.28594207763672,52.44655227661133,53.53983688354492,55.80537796020508,57.83470916748047,59.628231048583984,60.30043411254883,61.61118698120117,62.130680084228516,59.816253662109375,58.502044677734375,58.51591110229492,58.560691833496094,58.41097640991211,58.6295280456543,59.31865310668945,59.95500183105469,60.36863708496094,60.379066467285156,59.61940383911133,58.796142578125,58.45246505737305,58.119590759277344,57.208526611328125,57.256011962890625,58.88009262084961,59.49138641357422,58.901268005371094,55.334529876708984,52.50605773925781,55.409027099609375,52.537994384765625
52.4561882019043,53.65277862548828,54.564476013183594,55.407081604003906,57.4964485168457,58.91381072998047,57.74905014038086,56.40715408325195,54.739402770996094,52.666255950927734,51.832916259765625,51.76644515991211,51.98731994628906,52.475975036621094,54.02738952636719,56.63274002075195,58.74014663696289,60.53165054321289,61.25099563598633,61.327476501464844,60.32680892944336,58.280311584472656,57.547645568847656,57.788028717041016,58.0489501953125,57.87790298461914,57.737735748291016,58.350555419921875,59.25265121459961,59.9496955871582,60.11676788330078,59.37489318847656,58.25019454956055,57.71588134765625,57.218685150146484,56.33901596069336,56.25950241088867,57.51921463012695,58.626766204833984,58.76885986328125,55.42531204223633,52.06874084472656,54.34817123413086,50.73489761352539
52.790992736816406,53.769691467285156,54.63328170776367,56.37938690185547,58.789306640625,59.9617919921875,56.842044830322266,53.776824951171875,52.61995315551758,51.58984375,50.96357727050781,50.84965515136719,51.12042236328125,51.95033645629883,54.08586883544922,56.85357666015625,58.977237701416016,60.6712532043457,61.2818489074707,59.87144088745117,57.75950241088867,56.41746520996094,56.10470962524414,56.60398483276367,57.51270294189453,57.526512145996094,56.92890548706055,57.412872314453125,58.589046478271484,59.48508071899414,59.89244842529297,59.275543212890625,58.181758880615234,57.403133392333984,56.64183044433594,55.32597351074219,54.62544631958008,55.330360412597656,57.087249755859375,57.639671325683594,55.17710494995117,51.31697463989258,51.477149963378906,48.607025146484375
53.983943939208984,55.342796325683594,55.754703521728516,56.66777801513672,57.435882568359375,58.2336311340332,54.71550369262695,52.4119873046875,51.981597900390625,51.17932891845703,50.26929473876953,49.8851432800293,50.01862716674805,51.09529113769531,53.9218635559082,56.89583969116211,58.949859619140625,60.19118118286133,59.62785720825195,57.34690475463867,55.525230407714844,54.57584762573242,54.361427307128906,54.94450378417969,55.99091339111328,56.308963775634766,55.788963317871094,56.04080581665039,56.97172164916992,57.865386962890625,58.43903732299805,58.19274139404297,57.299072265625,56.753536224365234,56.079429626464844,54.5396842956543,52.97866439819336,52.83830642700195,54.46595764160156,55.489540100097656,53.815704345703125,49.86405944824219,49.73692321777344,48.060203552246094
54.345664978027344,54.90447235107422,55.27047348022461,56.06100845336914,57.97135543823242,59.577293395996094,56.390174865722656,54.014217376708984,52.14045333862305,51.01545715332031,50.37144088745117,49.79078674316406,49.4453239440918,50.36509704589844,53.24211502075195,56.13380432128906,58.04167175292969,58.49176788330078,56.659244537353516,54.52326202392578,53.317562103271484,52.810401916503906,52.94977569580078,53.590633392333984,54.50323486328125,55.019107818603516,54.942935943603516,54.99372863769531,55.16831970214844,55.38079833984375,55.73922348022461,55.74172592163086,55.060855865478516,54.380455017089844,54.1766357421875,53.190284729003906,51.785797119140625,50.996124267578125,52.10517501831055,52.862300872802734,51.90433120727539,48.23848342895508,46.98332214355469,44.606788635253906
53.27836227416992,53.186763763427734,53.424713134765625,54.91636276245117,58.307804107666016,58.699676513671875,55.871185302734375,52.53562545776367,49.7536735534668,49.19014358520508,49.407081604003906,49.51675033569336,49.76268005371094,50.75713348388672,52.96018600463867,55.07731628417969,56.48847198486328,56.262935638427734,53.93204116821289,52.12429428100586,51.6093864440918,51.55598831176758,51.78142166137695,52.39445495605469,53.35551452636719,54.140445709228516,54.34608459472656,54.24384689331055,53.94031524658203,53.61111831665039,53.540462493896484,53.531333923339844,53.09511184692383,52.39936828613281,52.07027816772461,51.3411979675293,50.56972122192383,49.635860443115234,49.94285583496094,50.01393127441406,49.21183776855469,47.655418395996094,46.99606704711914,43.71346664428711
