data/wind_data/wind_64_1.json
{"header": {"parameterUnit": "KT", "parameterCategory": 2, "nx": 256, "ny": 198, "lo1": 44.73521041870117, "la1": -3.236724853515625, "lo2": 111.26478576660156, "la2": 43.468475341796875, "dx": 0.2609002888202667, "dy": -0.23708222806453705, "refTime": "2025-02-21 16:00:00", "forecastTime": 0, "parameterNumber": 2, "parameterNumberName": "eastward_wind"}, "data":
[rows 38 to 56 of 198, columns 129 to 171 of 256]
-4.536578178405762,-2.2800722122192383,0.2891945242881775,3.32820987701416,6.263653755187988,7.828917980194092,3.264788866043091,-4.451747894287109,-7.880733489990234,-6.682419776916504,-2.2775447368621826,0.3167071044445038,2.27885365486145,-3.788151502609253,-7.893331527709961,-2.2176876068115234,-7.738240718841553,-11.812057495117188,-11.977803230285645,-8.533336639404297,-11.617788314819336,-15.846993446350098,-12.274669647216797,-4.838201999664307,-6.952642440795898,-19.672121047973633,-20.064800262451172,-13.692697525024414,-10.746846199035645,-13.959830284118652,-16.88805389404297,-15.483736038208008,-13.664806365966797,-14.405856132507324,-15.185484886169434,-14.175935745239258,-12.634038925170898,-11.526778221130371,-12.00813102722168,-11.69521713256836,-10.701449394226074,-12.86929702758789,-14.110621452331543
-5.165633201599121,-2.6851041316986084,0.02977501042187214,1.327757716178894,0.22188028693199158,-3.277200698852539,-4.177933216094971,-8.499567031860352,-13.061269760131836,-10.09271240234375,-2.2592127323150635,2.3015546798706055,4.167428016662598,-3.1444225311279297,-5.863277912139893,-4.276664733886719,-12.861370086669922,-12.251486778259277,-12.913846015930176,-11.178523063659668,-13.238425254821777,-14.46503734588623,-11.734877586364746,-5.246262073516846,-9.089808464050293,-17.520437240600586,-14.697361946105957,-13.395333290100098,-15.373000144958496,-16.007484436035156,-14.646101951599121,-13.245865821838379,-13.828267097473145,-14.208593368530273,-13.841014862060547,-13.41641902923584,-12.28842544555664,-11.77579116821289,-11.417279243469238,-11.087052345275879,-11.204564094543457,-13.665349006652832,-14.677556991577148
-5.834708213806152,-4.349130630493164,-4.014196872711182,-7.824833869934082,-14.376785278320312,-14.248502731323242,-7.81132173538208,-9.105320930480957,-14.292521476745605,-11.338184356689453,-3.578648328781128,3.2898645401000977,3.2914507389068604,-4.22689962387085,-7.973402500152588,-9.39623737335205,-13.995552062988281,-11.43912410736084,-10.533673286437988,-11.367422103881836,-13.602989196777344,-13.708863258361816,-10.816750526428223,-6.041205406188965,-11.807212829589844,-18.5295352935791,-13.821040153503418,-11.531383514404297,-13.203279495239258,-14.127803802490234,-14.445891380310059,-13.046894073486328,-11.234930038452148,-10.309122085571289,-10.680015563964844,-11.97661018371582,-12.21848201751709,-11.271219253540039,-10.222278594970703,-10.260218620300293,-11.442156791687012,-13.311559677124023,-14.229822158813477
-7.782003879547119,-7.884047985076904,-9.150209426879883,-14.332772254943848,-16.865564346313477,-10.050281524658203,-6.234683036804199,-10.021209716796875,-12.155996322631836,-8.967658042907715,-1.8078992366790771,1.1951857805252075,0.6823057532310486,-4.607455730438232,-7.951306343078613,-9.264691352844238,-10.365750312805176,-7.355744361877441,-5.173947334289551,-11.485296249389648,-15.411775588989258,-13.67745590209961,-8.76984691619873,-9.661062240600586,-17.16486930847168,-17.623004913330078,-11.314814567565918,-7.716551303863525,-12.744874954223633,-17.31909942626953,-13.510973930358887,-10.56153678894043,-9.22875690460205,-6.939205169677734,-6.2447991371154785,-11.47574234008789,-12.240690231323242,-10.998286247253418,-9.900816917419434,-9.90406322479248,-11.053095817565918,-12.110038757324219,-13.830893516540527
-10.161949157714844,-10.687024116516113,-11.368602752685547,-13.645922660827637,-15.192422866821289,-10.655139923095703,-7.054809093475342,-10.29004192352295,-10.116966247558594,-6.303812026977539,-2.353095054626465,0.8855097889900208,-5.404182434082031,-8.014930725097656,-8.348603248596191,-9.183656692504883,-6.272110462188721,-3.938765525817871,-6.3034515380859375,-16.73249053955078,-16.207292556762695,-12.107032775878906,-9.033453941345215,-14.537440299987793,-17.108606338500977,-13.217700958251953,-11.24638843536377,-14.35003662109375,-16.02102279663086,-15.065220832824707,-11.803743362426758,-10.201281547546387,-10.706548690795898,-8.502134323120117,-7.968377590179443,-13.153072357177734,-13.654509544372559,-11.359824180603027,-10.459940910339355,-10.546185493469238,-11.370155334472656,-12.669184684753418,-13.611499786376953
-11.7162504196167,-12.362447738647461,-13.15035343170166,-16.007368087768555,-17.64760971069336,-12.421553611755371,-8.043557167053223,-8.814976692199707,-7.442283630371094,-4.566504001617432,-2.751227617263794,-2.2099673748016357,-7.298387050628662,-10.335536003112793,-9.67219352722168,-8.189263343811035,-7.8147687911987305,-8.484691619873047,-15.569317817687988,-16.567386627197266,-14.925346374511719,-12.655349731445312,-12.428597450256348,-13.548721313476562,-12.257454872131348,-11.075342178344727,-14.889845848083496,-15.96788215637207,-14.338083267211914,-13.188789367675781,-11.663671493530273,-11.431646347045898,-11.380078315734863,-11.44851303100586,-12.855670928955078,-13.251157760620117,-12.669804573059082,-12.146650314331055,-12.229063034057617,-12.0088472366333,-11.972168922424316,-12.920340538024902,-13.037613868713379
-13.281487464904785,-13.2857084274292,-14.661437034606934,-16.845626831054688,-18.396350860595703,-12.610477447509766,-7.132401943206787,-7.426608562469482,-6.268472194671631,-4.970540523529053,-3.118434190750122,-9.002026557922363,-12.126448631286621,-10.723814010620117,-9.552633285522461,-7.998457431793213,-10.314266204833984,-12.17720890045166,-14.142685890197754,-14.313937187194824,-14.070473670959473,-13.855560302734375,-11.862302780151367,-9.27243423461914,-9.166120529174805,-18.313772201538086,-17.019922256469727,-15.210906028747559,-13.050944328308105,-12.133003234863281,-12.157022476196289,-11.804779052734375,-11.49323558807373,-12.424389839172363,-12.93297004699707,-12.291367530822754,-11.48979377746582,-11.826364517211914,-13.250375747680664,-14.059024810791016,-12.95364761352539,-12.670108795166016,-12.750261306762695
-15.190305709838867,-13.721907615661621,-15.508515357971191,-16.697328567504883,-18.94991111755371,-17.444950103759766,-10.150347709655762,-5.264663219451904,-6.7061028480529785,-3.9283618927001953,-4.835877895355225,-9.453425407409668,-10.334684371948242,-8.72864055633545,-9.026066780090332,-10.51850700378418,-11.345072746276855,-11.80999755859375,-11.699788093566895,-11.412353515625,-11.875079154968262,-10.888996124267578,-9.807503700256348,-10.106036186218262,-13.790905952453613,-17.608232498168945,-14.769508361816406,-13.906182289123535,-13.257420539855957,-12.5829496383667,-12.956528663635254,-11.821954727172852,-12.16952896118164,-13.388225555419922,-13.227022171020508,-12.420196533203125,-12.24239730834961,-11.796812057495117,-12.888212203979492,-14.018754959106445,-12.66724967956543,-11.084453582763672,-12.183282852172852
-14.214361190795898,-15.265789985656738,-15.137025833129883,-16.163175582885742,-17.00502586364746,-15.166878700256348,-8.563838005065918,-4.748320579528809,-5.50999116897583,-1.7725894451141357,-8.926326751708984,-11.043157577514648,-7.9684553146362305,-8.877204895019531,-9.063651084899902,-11.431816101074219,-11.786985397338867,-11.952492713928223,-11.880743980407715,-10.41388988494873,-7.3490424156188965,-6.239688873291016,-8.677619934082031,-12.794943809509277,-15.84074592590332,-13.281575202941895,-13.356027603149414,-12.654090881347656,-12.389534950256348,-12.114100456237793,-12.110042572021484,-11.216761589050293,-12.593962669372559,-13.95099925994873,-13.869183540344238,-13.80557632446289,-14.387803077697754,-13.289277076721191,-12.387105941772461,-12.90645694732666,-12.469504356384277,-11.33299732208252,-11.522170066833496
-10.783814430236816,-14.191070556640625,-14.979096412658691,-15.881360054016113,-16.00436019897461,-14.887300491333008,-8.781869888305664,-4.8894829750061035,-4.150249481201172,-3.92527437210083,-8.717437744140625,-8.50943374633789,-4.6273722648620605,-5.535224437713623,-9.5721435546875,-12.940959930419922,-12.976588249206543,-12.750840187072754,-11.923847198486328,-10.769349098205566,-8.077031135559082,-10.201830863952637,-16.784820556640625,-16.417001724243164,-14.429189682006836,-11.91709041595459,-13.604216575622559,-13.921981811523438,-12.155035972595215,-10.14118480682373,-8.107904434204102,-10.952325820922852,-13.245452880859375,-14.553356170654297,-12.880349159240723,-13.07526683807373,-15.059832572937012,-13.570301055908203,-11.997075080871582,-11.722606658935547,-11.651324272155762,-10.677568435668945,-10.808464050292969
-5.7994465827941895,-5.37170934677124,-13.374287605285645,-15.821690559387207,-13.462774276733398,-15.126252174377441,-14.559488296508789,-8.714071273803711,-2.3668577671051025,-10.758729934692383,-10.11971378326416,-6.846198558807373,-5.856249809265137,-8.632987976074219,-15.597569465637207,-15.998254776000977,-13.63787841796875,-12.015156745910645,-10.326316833496094,-9.824087142944336,-11.69058609008789,-15.11108112335205,-16.414180755615234,-14.310895919799805,-12.051152229309082,-11.781336784362793,-13.772011756896973,-13.33779239654541,-10.805665969848633,-7.651138782501221,-6.6593241691589355,-17.42803382873535,-13.967854499816895,-15.212997436523438,-12.971941947937012,-12.53837776184082,-13.594108581542969,-13.477533340454102,-12.65683650970459,-12.063787460327148,-11.468731880187988,-11.243529319763184,-11.925956726074219
-6.875874996185303,-6.412457466125488,-12.132071495056152,-15.24120044708252,-12.887694358825684,-14.066431045532227,-13.05027961730957,-11.758398056030273,-11.246771812438965,-11.086081504821777,-9.079745292663574,-8.393963813781738,-8.323307991027832,-13.785470962524414,-17.830209732055664,-16.056495666503906,-12.017191886901855,-10.350854873657227,-8.82884693145752,-10.376543998718262,-13.429176330566406,-10.878944396972656,-9.610434532165527,-11.215038299560547,-12.110025405883789,-12.21118450164795,-13.293438911437988,-12.418814659118652,-10.069890975952148,-10.326461791992188,-13.018122673034668,-16.763607025146484,-16.088319778442383,-13.752671241760254,-12.492814064025879,-11.651727676391602,-11.704874992370605,-11.780576705932617,-11.838676452636719,-10.906488418579102,-10.71065902709961,-11.40819263458252,-11.78692626953125
-7.875705718994141,-7.102910995483398,-5.437333583831787,-12.138078689575195,-14.163424491882324,-11.552023887634277,-13.166728973388672,-11.868939399719238,-11.971344947814941,-10.912363052368164,-9.757888793945312,-9.0617036819458,-10.595741271972656,-12.819659233093262,-14.706759452819824,-14.097821235656738,-11.988218307495117,-10.257452964782715,-10.389102935791016,-12.494839668273926,-13.189736366271973,-11.106449127197266,-8.797536849975586,-9.89030933380127,-12.117133140563965,-14.33813190460205,-14.060531616210938,-11.456997871398926,-11.138221740722656,-13.231801986694336,-14.2289457321167,-12.954437255859375,-12.290879249572754,-13.356080055236816,-12.464155197143555,-10.412628173828125,-11.223042488098145,-11.929631233215332,-11.392855644226074,-10.884172439575195,-10.871445655822754,-11.685531616210938,-10.802136421203613
-8.271230697631836,-7.613409519195557,-6.3723649978637695,-10.7055082321167,-12.465170860290527,-11.830456733703613,-12.597308158874512,-12.396892547607422,-12.59205150604248,-10.69033432006836,-10.40617847442627,-10.42807674407959,-11.84061050415039,-13.125657081604004,-14.181732177734375,-13.462087631225586,-11.604950904846191,-10.768036842346191,-11.732478141784668,-12.82722282409668,-11.592042922973633,-9.105953216552734,-7.250765800476074,-10.269466400146484,-15.990178108215332,-16.02759552001953,-12.277730941772461,-10.799626350402832,-11.001754760742188,-11.910694122314453,-13.729479789733887,-13.068324089050293,-12.254140853881836,-13.245996475219727,-12.126660346984863,-9.917455673217773,-11.288978576660156,-11.485394477844238,-10.782569885253906,-11.056221961975098,-10.54089069366455,-10.98495864868164,-10.218639373779297
-9.01258659362793,-9.130731582641602,-8.121013641357422,-4.321207523345947,-2.48392915725708,-9.690717697143555,-13.015256881713867,-11.144584655761719,-11.882588386535645,-11.493279457092285,-12.459880828857422,-11.583407402038574,-10.578655242919922,-9.733317375183105,-11.353103637695312,-13.365845680236816,-12.226289749145508,-10.08999252319336,-10.8348388671875,-11.855860710144043,-9.890016555786133,-8.760889053344727,-10.818450927734375,-14.872260093688965,-13.893218994140625,-13.010855674743652,-11.968212127685547,-11.919547080993652,-10.802295684814453,-10.969504356384277,-12.785543441772461,-13.615155220031738,-13.890142440795898,-12.452939987182617,-10.43944263458252,-9.884535789489746,-10.964561462402344,-10.989548683166504,-11.042181968688965,-11.094645500183105,-10.747133255004883,-10.350737571716309,-10.341231346130371
-9.237578392028809,-9.270572662353516,-7.507524013519287,-4.2643866539001465,-3.14412784576416,-3.088057041168213,-10.834137916564941,-12.203246116638184,-10.578383445739746,-12.603548049926758,-11.618956565856934,-11.764052391052246,-10.194838523864746,-9.315832138061523,-9.639429092407227,-11.52051067352295,-12.64879035949707,-10.671688079833984,-9.518730163574219,-10.58272647857666,-9.889156341552734,-10.831096649169922,-15.048907279968262,-12.975944519042969,-8.106684684753418,-9.731870651245117,-13.070627212524414,-13.537672996520996,-12.870762825012207,-13.507953643798828,-13.405073165893555,-13.355656623840332,-12.481364250183105,-10.918917655944824,-10.45007610321045,-10.638507843017578,-10.339547157287598,-10.481900215148926,-11.190923690795898,-11.08401107788086,-10.888633728027344,-10.691938400268555,-10.455163955688477
-10.98922348022461,-8.541107177734375,-6.317464351654053,-4.067194938659668,-3.1778526306152344,-4.281116485595703,-10.548579216003418,-11.474701881408691,-10.261401176452637,-12.063260078430176,-11.430923461914062,-11.736026763916016,-10.721109390258789,-11.832715034484863,-11.46562671661377,-10.71861457824707,-11.23663330078125,-11.706219673156738,-10.838628768920898,-8.984254837036133,-9.812823295593262,-14.463179588317871,-13.969837188720703,-9.664063453674316,-8.528658866882324,-11.963738441467285,-12.570749282836914,-13.269639015197754,-13.986462593078613,-13.478885650634766,-12.7373046875,-11.830070495605469,-10.606861114501953,-10.930604934692383,-11.540565490722656,-10.6210355758667,-10.401920318603516,-10.316781997680664,-10.80554485321045,-11.154435157775879,-11.12783145904541,-10.872967720031738,-10.520459175109863
-10.455523490905762,-8.128259658813477,-5.333038330078125,-3.478524684906006,-2.39365816116333,-1.7732234001159668,-8.803187370300293,-12.008708000183105,-10.58039379119873,-12.143529891967773,-11.237699508666992,-11.277810096740723,-10.459990501403809,-11.134333610534668,-11.037555694580078,-11.534802436828613,-10.927005767822266,-10.738424301147461,-10.317999839782715,-8.896785736083984,-10.93431282043457,-15.305700302124023,-12.497700691223145,-9.811081886291504,-11.699888229370117,-13.295562744140625,-11.39428997039795,-11.813945770263672,-13.621535301208496,-12.74801254272461,-11.197365760803223,-11.521871566772461,-11.238128662109375,-10.978937149047852,-11.469377517700195,-10.784028053283691,-10.44528865814209,-10.221110343933105,-10.484393119812012,-11.171192169189453,-11.079798698425293,-10.901041984558105,-10.589516639709473
-10.546866416931152,-7.843299865722656,-5.559351921081543,-4.102173328399658,-3.5254995822906494,-9.0703763961792,-11.037315368652344,-11.215880393981934,-12.077266693115234,-10.942462921142578,-11.128029823303223,-10.907172203063965,-11.74049186706543,-10.662076950073242,-9.491764068603516,-10.623270034790039,-10.592940330505371,-10.10173225402832,-9.408618927001953,-9.529618263244629,-10.305959701538086,-12.650991439819336,-13.241618156433105,-12.718501091003418,-13.796263694763184,-13.036445617675781,-10.605481147766113,-11.657950401306152,-13.190108299255371,-12.661327362060547,-11.549568176269531,-11.321115493774414,-11.290416717529297,-11.131860733032227,-11.60741901397705,-10.860445976257324,-10.481444358825684,-9.858241081237793,-9.761408805847168,-10.556498527526855,-10.898109436035156,-10.911394119262695,-10.673822402954102
