data/wind_data/wind_52_7.json
{"header": {"parameterUnit": "KT", "parameterCategory": 2, "nx": 256, "ny": 198, "lo1": 44.73521041870117, "la1": -3.236724853515625, "lo2": 111.26478576660156, "la2": 43.468475341796875, "dx": 0.2609002888202667, "dy": -0.23708222806453705, "refTime": "2025-02-21 04:00:00", "forecastTime": 0, "parameterNumber": 2, "parameterNumberName": "eastward_wind"}, "data":
[rows 60 to 79 of 198, columns 44 to 87 of 256]
20.230710983276367,20.34795570373535,20.051998138427734,19.408222198486328,18.633909225463867,17.945270538330078,17.50434684753418,17.220441818237305,17.008882522583008,16.83626365661621,16.80971908569336,16.942811965942383,17.100963592529297,17.240234375,17.325342178344727,17.436267852783203,17.66864013671875,18.020910263061523,18.410625457763672,18.69614028930664,18.793949127197266,18.602230072021484,18.20708656311035,17.57625961303711,16.758316040039062,15.92322063446045,15.219047546386719,14.679226875305176,14.25339126586914,13.856223106384277,13.459123611450195,13.084128379821777,12.750260353088379,12.530865669250488,12.483534812927246,12.53559684753418,12.521318435668945,12.351949691772461,12.082498550415039,11.893799781799316,11.84328556060791,11.86502742767334,11.885313034057617,11.92721939086914
21.927942276000977,21.985912322998047,21.795177459716797,21.318395614624023,20.658329010009766,20.00434112548828,19.452314376831055,19.011871337890625,18.6931095123291,18.514347076416016,18.5706844329834,18.764305114746094,18.988771438598633,19.213319778442383,19.40424346923828,19.565980911254883,19.76103401184082,20.016050338745117,20.29097557067871,20.503868103027344,20.53947639465332,20.295269012451172,19.797534942626953,19.08134651184082,18.278438568115234,17.447349548339844,16.69312858581543,16.07610511779785,15.649001121520996,15.33934211730957,15.061766624450684,14.725604057312012,14.391088485717773,14.170148849487305,14.116851806640625,14.17763900756836,14.218477249145508,14.114936828613281,13.878905296325684,13.631169319152832,13.508195877075195,13.588171005249023,13.857670783996582,14.196783065795898
23.845834732055664,23.764436721801758,23.59373664855957,23.310619354248047,22.896560668945312,22.388465881347656,21.844818115234375,21.29094696044922,20.812849044799805,20.530282974243164,20.522085189819336,20.740156173706055,21.093605041503906,21.464258193969727,21.739381790161133,21.905269622802734,22.031709671020508,22.134109497070312,22.209957122802734,22.24547576904297,22.16636085510254,21.88789176940918,21.388935089111328,20.707786560058594,19.88376235961914,19.038318634033203,18.3183536529541,17.680768966674805,17.210071563720703,16.904178619384766,16.661304473876953,16.429384231567383,16.234636306762695,16.097455978393555,16.02008819580078,16.005708694458008,16.03136444091797,16.027376174926758,15.969952583312988,15.807486534118652,15.592753410339355,15.484827995300293,15.64060115814209,16.081626892089844
25.61336326599121,25.441204071044922,25.256622314453125,25.13155174255371,24.979961395263672,24.69586181640625,24.297054290771484,23.836626052856445,23.41349220275879,23.113468170166016,23.01825523376465,23.190160751342773,23.605886459350586,24.08972930908203,24.44235610961914,24.59376335144043,24.5899658203125,24.50540542602539,24.3746280670166,24.17424201965332,23.868722915649414,23.46961784362793,22.949504852294922,22.271501541137695,21.483613967895508,20.713701248168945,20.0555477142334,19.492469787597656,19.033935546875,18.68302345275879,18.431127548217773,18.285423278808594,18.218402862548828,18.1916446685791,18.181644439697266,18.18610382080078,18.225509643554688,18.27875518798828,18.300479888916016,18.201034545898438,17.986038208007812,17.765722274780273,17.705659866333008,17.945518493652344
27.278425216674805,27.20946502685547,27.04486656188965,26.878536224365234,26.764497756958008,26.685956954956055,26.608673095703125,26.5063419342041,26.382776260375977,26.25824546813965,26.211227416992188,26.356821060180664,26.718385696411133,27.13267707824707,27.418365478515625,27.482173919677734,27.33136558532715,27.06153678894043,26.745529174804688,26.367218017578125,25.880847930908203,25.27035903930664,24.533296585083008,23.722593307495117,22.96077537536621,22.34706687927246,21.864120483398438,21.46122169494629,21.083715438842773,20.756914138793945,20.54498291015625,20.473690032958984,20.500459671020508,20.59221076965332,20.710840225219727,20.814865112304688,20.888185501098633,20.914424896240234,20.861230850219727,20.67216682434082,20.39739418029785,20.12386703491211,19.958972930908203,20.032455444335938
29.60236358642578,29.648738861083984,29.52522850036621,29.257352828979492,28.989959716796875,28.900177001953125,29.039588928222656,29.3132381439209,29.575298309326172,29.703529357910156,29.719579696655273,29.778724670410156,29.949668884277344,30.13219451904297,30.18890380859375,30.05501937866211,29.75641632080078,29.369749069213867,28.942707061767578,28.479663848876953,27.917421340942383,27.179119110107422,26.261890411376953,25.311792373657227,24.54303550720215,24.034170150756836,23.724153518676758,23.52206039428711,23.332359313964844,23.173019409179688,23.106945037841797,23.152544021606445,23.295719146728516,23.524898529052734,23.774972915649414,23.94867706298828,23.961585998535156,23.780811309814453,23.43663215637207,22.992128372192383,22.536884307861328,22.15756607055664,21.944921493530273,21.97041893005371
32.227325439453125,32.47657775878906,32.51881408691406,32.32928466796875,32.044921875,31.874916076660156,31.9434757232666,32.2134895324707,32.53949737548828,32.760135650634766,32.79475402832031,32.71917724609375,32.63786697387695,32.51373291015625,32.255889892578125,31.885875701904297,31.489479064941406,31.108007431030273,30.71303939819336,30.272886276245117,29.72612953186035,29.015499114990234,28.167999267578125,27.30091094970703,26.580718994140625,26.113807678222656,25.9050350189209,25.890363693237305,25.961151123046875,26.07146644592285,26.21662712097168,26.401933670043945,26.624256134033203,26.873451232910156,27.090633392333984,27.17015266418457,26.996017456054688,26.5258846282959,25.826541900634766,25.04670524597168,24.33512306213379,23.776647567749023,23.441823959350586,23.406702041625977
34.48457717895508,34.78787612915039,34.95663833618164,34.92763137817383,34.75368118286133,34.597381591796875,34.56552505493164,34.677085876464844,34.830989837646484,34.899169921875,34.850120544433594,34.735816955566406,34.57171630859375,34.2810173034668,33.83219909667969,33.33074188232422,32.9113655090332,32.60763168334961,32.34321975708008,32.00667953491211,31.52569580078125,30.924108505249023,30.293607711791992,29.692481994628906,29.167972564697266,28.81364631652832,28.715980529785156,28.86099624633789,29.130870819091797,29.414899826049805,29.65176773071289,29.823211669921875,29.954809188842773,30.052812576293945,30.059871673583984,29.87322425842285,29.424480438232422,28.728342056274414,27.869495391845703,26.954269409179688,26.09722137451172,25.382606506347656,24.8841495513916,24.69549560546875
36.15067672729492,36.32183837890625,36.470787048339844,36.46509552001953,36.30586624145508,36.115943908691406,36.00665283203125,36.02703857421875,36.099300384521484,36.12499237060547,36.10594940185547,36.08809280395508,35.998939514160156,35.73666763305664,35.354461669921875,34.97392654418945,34.68033218383789,34.480709075927734,34.30720901489258,34.045570373535156,33.629608154296875,33.10934066772461,32.6131477355957,32.22113037109375,31.949783325195312,31.833097457885742,31.901277542114258,32.13557052612305,32.437843322753906,32.68475341796875,32.78976821899414,32.760986328125,32.670169830322266,32.55070114135742,32.317161560058594,31.87339973449707,31.213098526000977,30.437238693237305,29.63494873046875,28.84393310546875,28.08941650390625,27.413684844970703,26.851089477539062,26.463260650634766
37.63927459716797,37.58658981323242,37.4915885925293,37.30567932128906,37.066986083984375,36.84428405761719,36.6969108581543,36.65092086791992,36.712955474853516,36.867916107177734,37.08183288574219,37.288909912109375,37.354122161865234,37.225460052490234,37.03031921386719,36.88029479980469,36.79624557495117,36.73252868652344,36.60441589355469,36.33935546875,35.92521286010742,35.435577392578125,35.00504684448242,34.73106384277344,34.63162612915039,34.683841705322266,34.85796356201172,35.095909118652344,35.30493927001953,35.38954162597656,35.299312591552734,35.080692291259766,34.82374572753906,34.549320220947266,34.18476104736328,33.63865661621094,32.9139404296875,32.13260269165039,31.410404205322266,30.76361846923828,30.16315460205078,29.596647262573242,29.073591232299805,28.61105728149414
39.20677947998047,39.0692253112793,38.83070373535156,38.46070861816406,38.056907653808594,37.730552673339844,37.52121353149414,37.435035705566406,37.49689483642578,37.740211486816406,38.13904571533203,38.52760696411133,38.727394104003906,38.73164367675781,38.698486328125,38.729164123535156,38.815208435058594,38.871238708496094,38.793663024902344,38.530967712402344,38.11270523071289,37.651119232177734,37.27734375,37.075096130371094,37.0517578125,37.158653259277344,37.33694076538086,37.50723648071289,37.591068267822266,37.55845642089844,37.41757583618164,37.18962860107422,36.91006088256836,36.5711555480957,36.11930465698242,35.51717758178711,34.791385650634766,34.030155181884766,33.31821823120117,32.687198638916016,32.11862564086914,31.57613754272461,31.05158805847168,30.564104080200195
40.84720993041992,40.647666931152344,40.367401123046875,40.04710388183594,39.728790283203125,39.437339782714844,39.21565628051758,39.10853958129883,39.132354736328125,39.29203414916992,39.570796966552734,39.83974075317383,40.001224517822266,40.07510757446289,40.1409912109375,40.26729965209961,40.4505729675293,40.60858154296875,40.619319915771484,40.40998458862305,40.02881622314453,39.6081428527832,39.29219055175781,39.144474029541016,39.142738342285156,39.24767303466797,39.39703369140625,39.506309509277344,39.53952407836914,39.51216125488281,39.44803237915039,39.33299255371094,39.10072708129883,38.69857406616211,38.11048126220703,37.38308334350586,36.58896255493164,35.805145263671875,35.095149993896484,34.49193572998047,33.976688385009766,33.48793411254883,32.9749870300293,32.44566345214844
42.47129821777344,42.20365905761719,41.890777587890625,41.70179748535156,41.644309997558594,41.632423400878906,41.63056945800781,41.65607452392578,41.68479919433594,41.6994514465332,41.672096252441406,41.569793701171875,41.449832916259766,41.38789749145508,41.4099006652832,41.522151947021484,41.71825408935547,41.93788528442383,42.07546615600586,42.01708221435547,41.772342681884766,41.452693939208984,41.19701385498047,41.06559371948242,41.039066314697266,41.085567474365234,41.167564392089844,41.245967864990234,41.30060577392578,41.346946716308594,41.36961364746094,41.317020416259766,41.098915100097656,40.63578796386719,39.928321838378906,39.068138122558594,38.17057800292969,37.323265075683594,36.599945068359375,36.053070068359375,35.670310974121094,35.35667037963867,34.98274230957031,34.501434326171875
43.98253631591797,43.69651412963867,43.39497756958008,43.269893646240234,43.330718994140625,43.515995025634766,43.755767822265625,44.00185775756836,44.19392395019531,44.283145904541016,44.18027114868164,43.8685188293457,43.480350494384766,43.14543151855469,42.9326286315918,42.877105712890625,42.97262191772461,43.171409606933594,43.35831832885742,43.417694091796875,43.32976150512695,43.17544174194336,43.02486801147461,42.89994430541992,42.79875183105469,42.716617584228516,42.66878890991211,42.66239547729492,42.699832916259766,42.77932357788086,42.85150146484375,42.83028030395508,42.62156295776367,42.15643310546875,41.455360412597656,40.61341094970703,39.73357009887695,38.88361740112305,38.14067459106445,37.597373962402344,37.2904052734375,37.126060485839844,36.91059112548828,36.52870559692383
45.332252502441406,44.99048614501953,44.72021484375,44.660133361816406,44.82636260986328,45.11459732055664,45.41206359863281,45.65705490112305,45.862388610839844,46.011634826660156,45.979522705078125,45.69272994995117,45.26736831665039,44.838623046875,44.50921630859375,44.348388671875,44.37409591674805,44.53512191772461,44.69881820678711,44.74481964111328,44.671810150146484,44.56610870361328,44.468868255615234,44.34916687011719,44.1894645690918,44.015480041503906,43.87253189086914,43.794410705566406,43.79588317871094,43.870784759521484,43.95888900756836,43.96150207519531,43.78573226928711,43.387142181396484,42.806278228759766,42.123329162597656,41.4040641784668,40.679405212402344,40.00197219848633,39.472084045410156,39.157100677490234,38.98332977294922,38.76429748535156,38.39532470703125
46.428218841552734,46.02459716796875,45.76708221435547,45.71001052856445,45.889888763427734,46.2277946472168,46.55680465698242,46.78265380859375,46.928955078125,47.00529098510742,46.937835693359375,46.68639373779297,46.34624481201172,46.009483337402344,45.73908233642578,45.59749221801758,45.633235931396484,45.79979705810547,45.953548431396484,45.96456527709961,45.8553352355957,45.726165771484375,45.60102462768555,45.44014358520508,45.23910140991211,45.056087493896484,44.94123458862305,44.9088020324707,44.95590591430664,45.05797576904297,45.14769744873047,45.13368606567383,44.948692321777344,44.61603546142578,44.199913024902344,43.735023498535156,43.237728118896484,42.71461868286133,42.19779968261719,41.74994659423828,41.405155181884766,41.09177780151367,40.69124984741211,40.20235824584961
47.141258239746094,46.716339111328125,46.499053955078125,46.4595832824707,46.55760192871094,46.77663040161133,47.0392951965332,47.27471160888672,47.47537612915039,47.598270416259766,47.5617561340332,47.392295837402344,47.20550537109375,47.0446891784668,46.93034362792969,46.89993667602539,46.99204635620117,47.170047760009766,47.29561233520508,47.25090789794922,47.07883071899414,46.88624954223633,46.709373474121094,46.527801513671875,46.35747146606445,46.24129104614258,46.19670867919922,46.235172271728516,46.35993576049805,46.51933670043945,46.623435974121094,46.570228576660156,46.35221862792969,46.04957962036133,45.750892639160156,45.46260070800781,45.14738845825195,44.794837951660156,44.4428825378418,44.10853576660156,43.74983215332031,43.294132232666016,42.71013641357422,42.082462310791016
47.54726028442383,47.166988372802734,47.02893829345703,47.05936050415039,47.143062591552734,47.25160598754883,47.37728500366211,47.532718658447266,47.74723815917969,47.977142333984375,48.12821960449219,48.18995666503906,48.2314453125,48.262451171875,48.304256439208984,48.401832580566406,48.592918395996094,48.8213996887207,48.942264556884766,48.85955047607422,48.634666442871094,48.36984634399414,48.124263763427734,47.91929244995117,47.786163330078125,47.72755432128906,47.74392318725586,47.84675598144531,48.018863677978516,48.198326110839844,48.279541015625,48.19467544555664,47.960594177246094,47.67035675048828,47.41453552246094,47.194435119628906,46.959163665771484,46.691871643066406,46.43137741088867,46.15752410888672,45.815635681152344,45.323570251464844,44.68272399902344,44.001304626464844
48.45771408081055,48.08860397338867,47.88949203491211,47.86702346801758,47.95535659790039,48.09355163574219,48.233123779296875,48.37057113647461,48.55719757080078,48.80455017089844,49.06720733642578,49.30939865112305,49.51983642578125,49.68907165527344,49.842613220214844,50.02919387817383,50.28915786743164,50.55906677246094,50.689395904541016,50.59729766845703,50.33724594116211,50.005027770996094,49.67950439453125,49.4194221496582,49.26050567626953,49.20003128051758,49.24512481689453,49.40228271484375,49.63195037841797,49.84163284301758,49.90787124633789,49.79450607299805,49.55278396606445,49.27262878417969,49.022037506103516,48.80044937133789,48.57280349731445,48.33844757080078,48.10991287231445,47.881988525390625,47.57920455932617,47.11368179321289,46.48640441894531,45.79717254638672
50.258277893066406,49.85054397583008,49.50646209716797,49.349220275878906,49.431129455566406,49.673805236816406,49.95098114013672,50.183013916015625,50.3609733581543,50.515830993652344,50.68718338012695,50.88900375366211,51.096435546875,51.29259490966797,51.47644805908203,51.68325424194336,51.949275970458984,52.2051887512207,52.3153190612793,52.20832824707031,51.91471862792969,51.52157974243164,51.118927001953125,50.78132629394531,50.54507827758789,50.42807388305664,50.45577621459961,50.64559555053711,50.941165924072266,51.21473693847656,51.32169723510742,51.22789764404297,51.00129699707031,50.73903274536133,50.478450775146484,50.21683883666992,49.961910247802734,49.748268127441406,49.5840950012207,49.424312591552734,49.187355041503906,48.79973602294922,48.24392318725586,47.5661506652832
