data/wind_data/wind_22_4.json
{"header": {"parameterUnit": "KT", "parameterCategory": 2, "nx": 256, "ny": 198, "lo1": 44.73521041870117, "la1": -3.236724853515625, "lo2": 111.26478576660156, "la2": 43.468475341796875, "dx": 0.2609002888202667, "dy": -0.23708222806453705, "refTime": "2025-02-19 22:00:00", "forecastTime": 0, "parameterNumber": 2, "parameterNumberName": "eastward_wind"}, "data":
[rows 38 to 56 of 198, columns 0 to 43 of 256]
-15.352032661437988,-15.731876373291016,-16.44820785522461,-16.651573181152344,-15.306961059570312,-15.12365436553955,-14.865198135375977,-16.63814926147461,-17.74003028869629,-18.010648727416992,-17.458959579467773,-16.92660903930664,-17.014846801757812,-17.42081642150879,-17.465667724609375,-17.10545539855957,-17.130451202392578,-17.37082290649414,-17.352975845336914,-17.34706687927246,-17.45589256286621,-17.30962562561035,-17.01360321044922,-16.954891204833984,-17.019201278686523,-17.000307083129883,-16.886171340942383,-16.766448974609375,-16.640077590942383,-16.463693618774414,-16.259912490844727,-16.105520248413086,-16.000234603881836,-15.986201286315918,-15.973467826843262,-16.0609073638916,-16.311384201049805,-16.716733932495117,-17.094348907470703,-17.441848754882812,-17.654184341430664,-17.81983184814453,-17.98150062561035,-18.125829696655273
-15.727808952331543,-16.443592071533203,-17.033367156982422,-16.8118953704834,-15.323792457580566,-15.160918235778809,-14.878158569335938,-16.693466186523438,-17.7522029876709,-18.353219985961914,-17.92441749572754,-17.301645278930664,-17.09878921508789,-17.218955993652344,-17.115346908569336,-16.573965072631836,-16.38861846923828,-16.458351135253906,-16.40346336364746,-16.326725006103516,-16.443784713745117,-16.405155181884766,-16.203359603881836,-16.132043838500977,-16.143388748168945,-16.123414993286133,-16.105066299438477,-16.132692337036133,-16.148202896118164,-16.14203453063965,-16.04127311706543,-15.987907409667969,-15.930275917053223,-15.935650825500488,-15.952898025512695,-16.016347885131836,-16.202110290527344,-16.48914337158203,-16.599010467529297,-16.793954849243164,-17.150527954101562,-17.463903427124023,-17.767967224121094,-18.012121200561523
-15.538033485412598,-16.584566116333008,-17.305015563964844,-17.200489044189453,-15.630169868469238,-15.339786529541016,-14.866548538208008,-16.588815689086914,-17.666120529174805,-18.380844116210938,-18.195356369018555,-17.487485885620117,-16.92279624938965,-16.8321475982666,-16.81709861755371,-16.224443435668945,-15.759961128234863,-15.747247695922852,-15.680207252502441,-15.40863037109375,-15.413829803466797,-15.566868782043457,-15.562365531921387,-15.516671180725098,-15.51216983795166,-15.499113082885742,-15.497130393981934,-15.633588790893555,-15.762129783630371,-15.761422157287598,-15.771358489990234,-15.830399513244629,-15.840703010559082,-15.916141510009766,-15.986837387084961,-16.00050163269043,-16.05548095703125,-16.12709617614746,-16.224008560180664,-16.44930648803711,-16.839351654052734,-17.213756561279297,-17.489013671875,-17.676719665527344
-15.082897186279297,-16.063127517700195,-17.26943588256836,-17.707773208618164,-16.30341339111328,-15.552776336669922,-15.123347282409668,-16.33384132385254,-17.25205421447754,-18.083240509033203,-18.231229782104492,-17.40993309020996,-16.611879348754883,-16.417936325073242,-16.514572143554688,-16.044567108154297,-15.433843612670898,-15.301863670349121,-15.121731758117676,-14.589802742004395,-14.355817794799805,-14.597871780395508,-14.90296745300293,-14.997811317443848,-15.123141288757324,-15.261209487915039,-15.27595329284668,-15.334985733032227,-15.50557804107666,-15.624043464660645,-15.735686302185059,-15.827967643737793,-15.81181526184082,-15.839703559875488,-15.852204322814941,-15.764998435974121,-15.677573204040527,-15.680163383483887,-15.890027046203613,-16.27862548828125,-16.67139434814453,-16.896270751953125,-17.04269790649414,-17.169628143310547
-14.815160751342773,-15.26046085357666,-16.38328742980957,-17.703889846801758,-17.725807189941406,-15.366909980773926,-14.92465591430664,-15.471687316894531,-16.417213439941406,-17.5084285736084,-18.194347381591797,-17.34392547607422,-16.507768630981445,-16.096256256103516,-16.063135147094727,-15.829485893249512,-15.27060604095459,-14.784285545349121,-14.38106918334961,-13.8280029296875,-13.452531814575195,-13.659192085266113,-14.17623233795166,-14.465471267700195,-14.776735305786133,-15.123425483703613,-15.290295600891113,-15.291048049926758,-15.390640258789062,-15.690445899963379,-15.847290992736816,-15.850120544433594,-15.669435501098633,-15.495865821838379,-15.347057342529297,-15.15644359588623,-14.972223281860352,-15.081907272338867,-15.47098445892334,-15.988314628601074,-16.327713012695312,-16.42516326904297,-16.486948013305664,-16.585927963256836
-14.334238052368164,-14.388869285583496,-15.072610855102539,-16.58543586730957,-18.644853591918945,-16.273101806640625,-14.537407875061035,-14.151206016540527,-15.155024528503418,-16.11841583251953,-17.54690933227539,-17.629274368286133,-17.019445419311523,-16.17888641357422,-15.556626319885254,-15.408211708068848,-14.97321891784668,-14.029115676879883,-13.3595552444458,-13.13298511505127,-13.0297212600708,-13.080057144165039,-13.38934326171875,-13.77646255493164,-14.160680770874023,-14.692294120788574,-15.053332328796387,-15.150601387023926,-15.20961856842041,-15.52350902557373,-15.611939430236816,-15.486745834350586,-15.127763748168945,-14.81988525390625,-14.446749687194824,-14.178685188293457,-13.965758323669434,-14.227543830871582,-14.726546287536621,-15.303640365600586,-15.651451110839844,-15.775245666503906,-15.845398902893066,-15.914595603942871
-13.011714935302734,-13.636307716369629,-14.430355072021484,-14.378005981445312,-14.934657096862793,-16.71587371826172,-15.89381217956543,-14.550820350646973,-13.74154281616211,-14.261713981628418,-16.291608810424805,-17.461814880371094,-17.323572158813477,-16.261058807373047,-14.96457576751709,-14.468487739562988,-14.096465110778809,-13.082794189453125,-12.488242149353027,-12.71268081665039,-12.976181030273438,-12.883752822875977,-12.789667129516602,-12.944086074829102,-13.33431625366211,-13.93041706085205,-14.467429161071777,-14.686552047729492,-14.737091064453125,-15.00869369506836,-15.011019706726074,-14.74809455871582,-14.35654354095459,-13.978363037109375,-13.474228858947754,-13.168127059936523,-13.068076133728027,-13.388917922973633,-13.804282188415527,-14.240768432617188,-14.606687545776367,-14.931293487548828,-15.089972496032715,-15.139962196350098
-11.704047203063965,-13.643470764160156,-13.94991397857666,-12.86255168914795,-11.654037475585938,-14.303275108337402,-15.637401580810547,-15.845133781433105,-13.957444190979004,-12.630902290344238,-14.199027061462402,-15.736553192138672,-16.75467872619629,-16.189550399780273,-14.425278663635254,-13.312406539916992,-12.991291046142578,-12.495803833007812,-12.291648864746094,-12.476880073547363,-12.621594429016113,-12.581731796264648,-12.440423011779785,-12.33424186706543,-12.643756866455078,-13.193316459655762,-13.768587112426758,-14.04612922668457,-14.16014575958252,-14.36508846282959,-14.367457389831543,-14.025026321411133,-13.577343940734863,-13.126656532287598,-12.884835243225098,-12.538714408874512,-12.493292808532715,-12.799904823303223,-13.091710090637207,-13.216880798339844,-13.390242576599121,-13.822784423828125,-14.139705657958984,-14.227099418640137
-10.587291717529297,-11.68723201751709,-11.828471183776855,-11.276334762573242,-10.860725402832031,-13.593733787536621,-15.687541007995605,-16.458938598632812,-14.511483192443848,-12.016280174255371,-12.161857604980469,-13.408162117004395,-15.039438247680664,-15.49124813079834,-14.140992164611816,-12.639373779296875,-12.205964088439941,-12.483675956726074,-12.235645294189453,-11.80612850189209,-11.90860366821289,-12.074525833129883,-12.180564880371094,-12.109979629516602,-12.26457691192627,-12.679122924804688,-13.225228309631348,-13.534247398376465,-13.549155235290527,-13.62578010559082,-13.826756477355957,-13.84211540222168,-13.175294876098633,-12.620283126831055,-12.382911682128906,-12.217308044433594,-12.05814266204834,-12.099470138549805,-12.312182426452637,-12.462629318237305,-12.473012924194336,-12.61574649810791,-12.972342491149902,-13.169318199157715
-9.162023544311523,-9.51072883605957,-9.818504333496094,-10.414265632629395,-11.186003684997559,-13.097918510437012,-14.470486640930176,-15.8245267868042,-14.886712074279785,-12.56299877166748,-11.24018383026123,-11.810556411743164,-13.220144271850586,-14.701163291931152,-14.425823211669922,-12.922449111938477,-12.427563667297363,-12.665701866149902,-11.691683769226074,-10.7962064743042,-11.172447204589844,-11.550111770629883,-11.846487998962402,-12.043313026428223,-12.082926750183105,-12.296958923339844,-12.823663711547852,-13.0941801071167,-13.005427360534668,-12.976759910583496,-13.270012855529785,-13.434126853942871,-13.2178316116333,-12.646050453186035,-12.231176376342773,-12.038979530334473,-11.809296607971191,-11.563302993774414,-11.454185485839844,-11.556000709533691,-11.642340660095215,-11.675609588623047,-11.857295989990234,-12.001440048217773
-7.910611629486084,-8.439745903015137,-9.161062240600586,-10.175094604492188,-10.670989990234375,-11.829462051391602,-12.998494148254395,-14.511144638061523,-15.541214942932129,-14.086861610412598,-10.864533424377441,-10.33114242553711,-11.396589279174805,-13.89258098602295,-14.701445579528809,-13.892423629760742,-13.209102630615234,-12.32487964630127,-11.245267868041992,-10.369985580444336,-10.748263359069824,-11.202454566955566,-11.45768928527832,-11.742259979248047,-11.73510456085205,-11.799575805664062,-12.290908813476562,-12.668791770935059,-12.826492309570312,-12.788395881652832,-12.869359016418457,-13.04549503326416,-12.96097469329834,-12.693940162658691,-12.441347122192383,-12.194588661193848,-11.842588424682617,-11.497079849243164,-11.145705223083496,-10.941465377807617,-10.893392562866211,-10.905563354492188,-10.89761734008789,-10.90817642211914
-7.378470420837402,-8.458728790283203,-8.826704025268555,-9.348294258117676,-9.728715896606445,-11.470396995544434,-12.60612678527832,-13.42574691772461,-13.39045238494873,-11.761700630187988,-10.23039436340332,-9.98616886138916,-10.166808128356934,-12.470314025878906,-13.881897926330566,-14.043179512023926,-13.355183601379395,-12.208200454711914,-11.283740043640137,-10.565743446350098,-10.624560356140137,-10.92127513885498,-11.095598220825195,-11.324450492858887,-11.365121841430664,-11.338671684265137,-11.778867721557617,-12.272092819213867,-12.454873085021973,-12.486382484436035,-12.509098052978516,-12.565763473510742,-12.556015014648438,-12.517350196838379,-12.454246520996094,-12.20718765258789,-11.862617492675781,-11.54117488861084,-11.248655319213867,-10.94701862335205,-10.71485424041748,-10.469847679138184,-10.203095436096191,-10.010645866394043
-6.018412113189697,-6.720458507537842,-7.154712677001953,-7.388128280639648,-7.710818290710449,-10.712047576904297,-12.13894271850586,-11.091856002807617,-10.01095199584961,-10.230687141418457,-10.287878036499023,-9.981136322021484,-9.810432434082031,-11.0619478225708,-12.127557754516602,-12.414558410644531,-12.298223495483398,-12.039016723632812,-11.584362983703613,-10.856707572937012,-10.494223594665527,-10.8140230178833,-10.928475379943848,-11.013628005981445,-11.211250305175781,-11.309015274047852,-11.711764335632324,-11.944716453552246,-11.850397109985352,-11.895983695983887,-12.03111457824707,-12.07063102722168,-11.942984580993652,-11.917015075683594,-12.045575141906738,-12.106551170349121,-12.014507293701172,-11.826580047607422,-11.550548553466797,-11.224960327148438,-10.88565731048584,-10.506242752075195,-10.078717231750488,-9.64454460144043
-3.148668050765991,-0.45968180894851685,-2.725961923599243,-3.6183457374572754,-3.7520813941955566,-6.630587100982666,-9.035029411315918,-8.790201187133789,-9.036416053771973,-9.617697715759277,-9.21530532836914,-8.901803970336914,-10.039180755615234,-10.423317909240723,-10.706329345703125,-10.516254425048828,-10.721526145935059,-11.373147010803223,-11.41252326965332,-10.668924331665039,-10.394041061401367,-11.066991806030273,-11.122593879699707,-10.923652648925781,-11.032411575317383,-11.114603996276855,-11.462477684020996,-11.816940307617188,-11.819716453552246,-11.703804016113281,-11.482553482055664,-11.29211711883545,-11.324475288391113,-11.590272903442383,-11.929239273071289,-12.26428508758545,-12.386113166809082,-12.312460899353027,-12.125248908996582,-11.772753715515137,-11.313642501831055,-10.852437019348145,-10.436450004577637,-10.024133682250977
-1.3972097635269165,2.466991662979126,0.39575567841529846,-0.4716101288795471,-1.3583084344863892,-3.731440544128418,-6.3899006843566895,-6.772735118865967,-8.13332462310791,-9.027749061584473,-6.968069553375244,-7.546284198760986,-9.67922592163086,-9.914798736572266,-10.026947975158691,-9.956633567810059,-10.566741943359375,-11.12192440032959,-10.788522720336914,-10.01098346710205,-10.218584060668945,-11.314269065856934,-11.416549682617188,-10.865655899047852,-10.669722557067871,-10.757591247558594,-11.265278816223145,-11.811240196228027,-12.169486045837402,-12.199152946472168,-11.684017181396484,-11.054864883422852,-10.861940383911133,-11.332170486450195,-12.15518856048584,-12.748685836791992,-12.904132843017578,-12.81805419921875,-12.66567611694336,-12.310288429260254,-11.786712646484375,-11.278956413269043,-10.920269966125488,-10.650870323181152
-1.2903558015823364,-1.6080411672592163,-1.1189714670181274,-1.0533273220062256,-2.2973904609680176,-3.413231134414673,-5.685199737548828,-6.3393683433532715,-7.19733190536499,-8.09738826751709,-6.525514125823975,-6.511497497558594,-8.09554672241211,-9.081518173217773,-9.526466369628906,-10.199026107788086,-10.981419563293457,-11.446826934814453,-10.358084678649902,-8.83823299407959,-8.941863059997559,-10.582049369812012,-11.451602935791016,-11.011516571044922,-10.395230293273926,-10.439288139343262,-11.159750938415527,-11.857555389404297,-12.325129508972168,-12.535836219787598,-12.3314208984375,-11.811729431152344,-11.269579887390137,-11.279852867126465,-11.965371131896973,-12.814533233642578,-13.28180980682373,-13.331613540649414,-13.159933090209961,-12.781584739685059,-12.257288932800293,-11.714909553527832,-11.253069877624512,-10.9054536819458
-1.3976774215698242,-2.3075952529907227,-2.417673110961914,-2.55239200592041,-3.585948944091797,-3.936371326446533,-5.976105213165283,-7.66619348526001,-8.032286643981934,-7.750816345214844,-7.768178462982178,-7.511694431304932,-8.031307220458984,-8.085784912109375,-8.82196044921875,-9.98510456085205,-11.187711715698242,-11.807327270507812,-10.346073150634766,-7.749224662780762,-6.850433349609375,-9.036632537841797,-10.886903762817383,-10.986715316772461,-10.546852111816406,-10.469709396362305,-10.953765869140625,-11.607979774475098,-12.168009757995605,-12.570449829101562,-12.759578704833984,-12.704771995544434,-12.317480087280273,-11.917407035827637,-11.950482368469238,-12.492313385009766,-13.090230941772461,-13.429099082946777,-13.442102432250977,-13.178770065307617,-12.76382064819336,-12.238041877746582,-11.682188987731934,-11.200728416442871
-1.5039294958114624,-2.468975067138672,-3.1269564628601074,-3.5096628665924072,-4.36615514755249,-5.105463027954102,-6.256959915161133,-7.215706825256348,-7.783242225646973,-8.391777038574219,-9.258055686950684,-10.631562232971191,-11.24273681640625,-10.156420707702637,-9.873485565185547,-11.06672477722168,-11.9033842086792,-11.73836898803711,-10.11631965637207,-7.974132061004639,-7.049928188323975,-9.498912811279297,-10.70011043548584,-10.35733413696289,-10.565884590148926,-10.917377471923828,-11.187368392944336,-11.602171897888184,-12.114680290222168,-12.463289260864258,-12.904635429382324,-13.233278274536133,-13.089829444885254,-12.528059959411621,-12.201702117919922,-12.517420768737793,-13.119016647338867,-13.520554542541504,-13.60525131225586,-13.414655685424805,-13.032148361206055,-12.581786155700684,-12.10515308380127,-11.631731986999512
-1.618510127067566,-2.416818141937256,-3.279527425765991,-3.845156669616699,-4.778619289398193,-5.280455112457275,-5.537074565887451,-6.134476661682129,-6.887418746948242,-8.298644065856934,-10.139315605163574,-11.676871299743652,-12.153935432434082,-12.123601913452148,-12.480474472045898,-12.569250106811523,-12.01461124420166,-11.345826148986816,-10.002157211303711,-8.225907325744629,-9.170284271240234,-11.995196342468262,-11.27806282043457,-9.49901294708252,-10.113810539245605,-11.317797660827637,-11.731016159057617,-12.02635383605957,-12.42281436920166,-12.669861793518066,-12.975337982177734,-13.487650871276855,-13.594582557678223,-13.045641899108887,-12.403412818908691,-12.458060264587402,-13.075121879577637,-13.524019241333008,-13.622954368591309,-13.516798973083496,-13.258672714233398,-12.851611137390137,-12.399337768554688,-12.020544052124023
