data/wind_data/wind_Surface_46.json
{"header": {"parameterUnit": "KT", "parameterCategory": 2, "nx": 255, "ny": 198, "lo1": 44.73521041870117, "la1": -3.236724853515625, "lo2": 111.26478576660156, "la2": 43.468475341796875, "dx": 0.26192745566368103, "dy": -0.23708222806453705, "refTime": "2025-02-20 22:00:00", "forecastTime": 0, "parameterNumber": 3, "parameterNumberName": "northward_wind"}, "data":
[rows 114 to 132 of 198, columns 86 to 128 of 255]
-7.034994602203369,-7.627074718475342,-5.596838474273682,-4.258574962615967,-2.3467679023742676,-0.575689435005188,-1.0120564699172974,-1.6852694749832153,-1.498273253440857,-0.13673634827136993,1.2021716833114624,0.318318247795105,-1.1367820501327515,-2.362279176712036,-4.150097846984863,-5.964503288269043,-6.846108913421631,-6.264154434204102,-4.356353282928467,-2.5808942317962646,-1.460934042930603,-1.4007781744003296,-1.41609525680542,-0.01588142290711403,1.9393346309661865,-0.3834584355354309,-5.189907073974609,-6.840406894683838,-6.157817840576172,-5.910105228424072,-6.100768089294434,-6.910869598388672,-7.551206111907959,-7.154907703399658,-5.655269145965576,-2.1452884674072266,-1.7982869148254395,-4.656706809997559,-4.889665603637695,-6.519917011260986,-7.924599647521973,-7.517267227172852,-5.564009189605713
-6.441658020019531,-5.62052059173584,-4.569531440734863,-3.412663698196411,-1.2299952507019043,0.27426955103874207,-1.1348694562911987,-1.8904083967208862,-1.214864730834961,-0.8714602589607239,-1.2596579790115356,-1.3974827527999878,-1.5353466272354126,-1.9497754573822021,-3.594689130783081,-5.0652055740356445,-6.665468692779541,-6.899125576019287,-5.640618801116943,-3.1037724018096924,-0.967839777469635,0.29617664217948914,0.5498738288879395,0.47652673721313477,1.594533085823059,0.14762820303440094,-3.7994229793548584,-6.589510440826416,-6.793655872344971,-6.4838361740112305,-6.805847644805908,-7.204078674316406,-7.2418599128723145,-7.531284809112549,-7.511923313140869,-5.874361991882324,-5.409310817718506,-5.793362140655518,-4.743425369262695,-5.654851913452148,-6.959878444671631,-9.100541114807129,-8.387054443359375
-4.14968204498291,-1.371038556098938,-1.6103016138076782,-2.1232380867004395,-1.4988468885421753,-0.15754391252994537,-0.8200942277908325,-0.6629732847213745,-0.030974069610238075,-1.3620178699493408,-1.8736603260040283,-1.519152283668518,-2.0113320350646973,-2.250849485397339,-3.3133881092071533,-4.690197467803955,-6.744330883026123,-7.129990577697754,-6.935107231140137,-6.094759464263916,-4.919986248016357,-2.49143123626709,0.49780765175819397,1.9522223472595215,1.7219423055648804,-0.5469038486480713,-3.2313296794891357,-6.138167381286621,-8.338970184326172,-8.09713363647461,-7.392192363739014,-6.649452209472656,-5.948351860046387,-6.416999816894531,-7.073143482208252,-7.186230659484863,-7.779434680938721,-8.448942184448242,-6.482330322265625,-5.7099199295043945,-6.021482944488525,-8.462937355041504,-9.224015235900879
-4.446303367614746,0.11601140350103378,-0.6551527380943298,-2.7712738513946533,-2.661402463912964,-1.043784260749817,-0.17489822208881378,0.32857179641723633,-0.6497460603713989,-2.0011322498321533,-1.9554109573364258,-1.6987282037734985,-2.606276750564575,-2.7755424976348877,-3.4625017642974854,-4.140982627868652,-5.043254375457764,-5.766780853271484,-6.188989639282227,-6.958122730255127,-7.293649673461914,-6.636007785797119,-4.218548774719238,-2.0632729530334473,-1.7049803733825684,-2.3987514972686768,-3.5510730743408203,-6.090186595916748,-8.662517547607422,-8.863903999328613,-7.735249996185303,-6.726396083831787,-6.29950475692749,-6.6342267990112305,-7.603893280029297,-8.211019515991211,-7.590282440185547,-8.180791854858398,-9.503643035888672,-7.705420017242432,-6.860351085662842,-8.206864356994629,-8.314190864562988
-6.23068904876709,-2.727069139480591,-2.7286276817321777,-4.8019866943359375,-4.418704509735107,-2.131549119949341,-0.0016451068222522736,-0.7031062841415405,-1.642823576927185,-1.8239411115646362,-1.8856089115142822,-1.8459835052490234,-2.5007243156433105,-2.041839122772217,-1.7993422746658325,-1.5899921655654907,-2.271601676940918,-3.291640281677246,-4.284996509552002,-5.495507717132568,-6.471138000488281,-6.886373519897461,-6.751814842224121,-5.560457706451416,-5.426448345184326,-4.5438432693481445,-4.088533401489258,-5.615961074829102,-7.255543231964111,-7.846193313598633,-7.60202169418335,-7.485803604125977,-8.175158500671387,-8.166326522827148,-8.132341384887695,-8.481057167053223,-7.23442268371582,-6.192288875579834,-7.494584083557129,-8.114089012145996,-8.030040740966797,-8.813472747802734,-8.178960800170898
-6.740540504455566,-5.366196155548096,-4.464138031005859,-5.266125202178955,-5.029609203338623,-2.8738481998443604,-0.5619579553604126,-1.7511613368988037,-1.5863733291625977,-1.2510217428207397,-1.0697439908981323,-1.395622730255127,-1.2498551607131958,-0.40359658002853394,0.7478027939796448,0.9768825173377991,-0.1524062603712082,-1.9779036045074463,-3.238445997238159,-4.001561641693115,-4.3793182373046875,-5.245247840881348,-6.080717086791992,-5.656472682952881,-6.215158939361572,-5.845685958862305,-5.1094136238098145,-5.569365978240967,-6.530387878417969,-7.507843017578125,-8.4449462890625,-8.114103317260742,-9.212119102478027,-9.55954360961914,-9.169111251831055,-8.436776161193848,-7.549358367919922,-6.2429728507995605,-5.715526103973389,-5.872889041900635,-7.106961727142334,-8.633254051208496,-7.910797119140625
-7.0078840255737305,-5.451328754425049,-5.306857585906982,-5.345195770263672,-5.319748878479004,-4.1911115646362305,-2.165832281112671,-2.1032657623291016,-1.757908821105957,-1.3144314289093018,-1.2593611478805542,-1.5518146753311157,-1.3949692249298096,-0.37693893909454346,1.2416973114013672,1.699930191040039,0.7529183030128479,-0.9241878390312195,-1.9769480228424072,-2.031801223754883,-1.8814761638641357,-3.879180669784546,-6.2771477699279785,-7.166711807250977,-7.274864673614502,-6.3419952392578125,-6.174797058105469,-6.653614521026611,-7.0049614906311035,-7.827254295349121,-8.939909934997559,-8.095542907714844,-8.568735122680664,-8.992981910705566,-9.726447105407715,-9.555512428283691,-8.128020286560059,-6.373492240905762,-5.556650161743164,-5.605409145355225,-6.382791042327881,-7.978448390960693,-6.73987340927124
-8.335599899291992,-6.5683770179748535,-5.150379180908203,-5.419505596160889,-5.476870059967041,-5.335212230682373,-4.571049213409424,-3.85612416267395,-4.138058185577393,-4.53927755355835,-4.48272705078125,-3.8068044185638428,-3.003584861755371,-1.9449101686477661,-0.796154797077179,0.22816269099712372,0.6006243824958801,0.3099689781665802,0.05465157702565193,-0.1903693526983261,-0.9990797638893127,-3.8353116512298584,-5.98634147644043,-7.118167400360107,-7.4524736404418945,-7.273586750030518,-7.345953464508057,-6.242463111877441,-6.767208576202393,-6.351408004760742,-7.238629341125488,-7.436405181884766,-7.451391220092773,-7.170851230621338,-7.764934062957764,-8.48656940460205,-7.914361953735352,-5.963008403778076,-5.56071138381958,-5.6696977615356445,-6.243725776672363,-6.783524036407471,-5.421420574188232
-6.7429609298706055,-6.255037307739258,-4.849072456359863,-5.192493438720703,-5.033512115478516,-5.44887113571167,-5.454182147979736,-5.080846309661865,-6.821427345275879,-7.379756450653076,-7.46861457824707,-6.764308929443359,-5.743514060974121,-5.7387614250183105,-6.0471510887146,-4.090923309326172,-2.0063440799713135,-1.1223224401474,-0.05126197636127472,0.5226613283157349,-0.6749549508094788,-2.4976344108581543,-4.075449466705322,-5.380264759063721,-6.463088512420654,-7.17717170715332,-7.355967044830322,-7.211453914642334,-6.640855312347412,-6.283200263977051,-5.948601722717285,-6.110250949859619,-5.84131383895874,-5.286201477050781,-4.8285417556762695,-5.285549640655518,-6.521847248077393,-5.542007923126221,-5.218007564544678,-5.571930408477783,-6.047399997711182,-5.690018177032471,-4.7015838623046875
-3.7769062519073486,-3.7832345962524414,-3.655400514602661,-4.776671886444092,-4.102114677429199,-4.486606597900391,-4.885599136352539,-5.657594680786133,-6.523547649383545,-6.48655891418457,-7.595664978027344,-7.193694591522217,-6.301836013793945,-6.399789333343506,-6.327539443969727,-5.107440948486328,-3.4723477363586426,-2.4821724891662598,-0.8804135918617249,0.5194774866104126,-0.1430186778306961,-0.762488603591919,-1.3797087669372559,-2.2061026096343994,-3.5980124473571777,-5.174494743347168,-5.9949564933776855,-6.312922954559326,-6.063375949859619,-4.940467357635498,-4.419747829437256,-4.106560707092285,-3.9477503299713135,-3.595865488052368,-3.272235870361328,-3.3285131454467773,-4.727884292602539,-4.915172576904297,-4.861161708831787,-5.503387451171875,-5.942155361175537,-5.649614334106445,-4.909193515777588
-3.0739853382110596,-2.1054699420928955,-2.892979383468628,-4.0981364250183105,-3.87455153465271,-3.4937744140625,-3.659158229827881,-5.186460971832275,-6.093137264251709,-6.175776958465576,-6.025208473205566,-6.698347568511963,-4.578056335449219,-3.371645212173462,-2.832875967025757,-2.9624431133270264,-2.96958065032959,-2.121757745742798,-0.7972662448883057,-0.036049310117959976,-0.676884651184082,-1.1570624113082886,-1.4449903964996338,-1.882667899131775,-2.620800018310547,-3.6277172565460205,-4.396721363067627,-4.915834903717041,-5.044934272766113,-4.157487392425537,-3.0218756198883057,-2.205183267593384,-1.981823205947876,-2.196044921875,-2.271789789199829,-2.0529870986938477,-2.944115400314331,-3.813588857650757,-4.817123889923096,-5.490330696105957,-5.92052698135376,-5.789373397827148,-5.429823875427246
-2.9874565601348877,-1.611443281173706,-3.538747787475586,-3.618424654006958,-3.060579776763916,-2.1059281826019287,-2.544950246810913,-4.286308765411377,-6.506894588470459,-7.199310779571533,-6.55591344833374,-6.272080898284912,-4.53270959854126,-3.165203332901001,-2.7752811908721924,-2.9739296436309814,-2.990661859512329,-2.3859362602233887,-1.633724570274353,-1.9851642847061157,-2.7155942916870117,-3.336261510848999,-4.147096157073975,-4.717958450317383,-4.533576488494873,-4.230046272277832,-4.2869720458984375,-4.557533264160156,-4.487097263336182,-3.744511842727661,-2.431284189224243,-1.300919532775879,-0.8961500525474548,-1.3684130907058716,-1.4743480682373047,-0.9985771775245667,-1.5287373065948486,-3.0098297595977783,-4.622410297393799,-5.2375969886779785,-5.733464241027832,-5.759268283843994,-5.478397846221924
-2.7124195098876953,-2.4126012325286865,-3.5549895763397217,-2.947248697280884,-2.969877243041992,-3.3125998973846436,-5.2365217208862305,-6.765711307525635,-8.464832305908203,-8.511826515197754,-7.031153202056885,-6.250433444976807,-5.557781219482422,-4.10443115234375,-3.9041199684143066,-3.661642074584961,-3.5383241176605225,-3.516643762588501,-3.6134350299835205,-3.907402992248535,-3.996825695037842,-3.977302074432373,-4.730337142944336,-5.752087593078613,-5.921385288238525,-5.587629795074463,-4.985568046569824,-4.606685638427734,-4.241076469421387,-3.760838747024536,-2.5086557865142822,-1.315056324005127,-0.47248056530952454,-0.7450416088104248,-0.9649695158004761,-0.7953795194625854,-0.7822198271751404,-2.184561014175415,-4.337804794311523,-4.789645195007324,-5.201032638549805,-5.582208633422852,-4.833825588226318
-2.982879161834717,-3.256370782852173,-3.963602066040039,-2.765244245529175,-4.518023490905762,-7.1049933433532715,-9.613767623901367,-10.257885932922363,-10.8435640335083,-9.592951774597168,-7.895527362823486,-5.58151912689209,-5.1842241287231445,-4.660322666168213,-4.058523178100586,-4.869431018829346,-4.520755290985107,-4.771960258483887,-4.540872097015381,-3.8283753395080566,-3.7538301944732666,-3.3825690746307373,-2.9905545711517334,-3.6932477951049805,-4.616766929626465,-5.358071327209473,-5.027050495147705,-4.477368354797363,-3.8853132724761963,-3.3317465782165527,-2.6702051162719727,-1.6797454357147217,-0.4541316032409668,0.0018820211989805102,-0.1887941211462021,-0.8036291599273682,-0.753146767616272,-2.1184606552124023,-4.674410820007324,-4.651750087738037,-4.515007972717285,-4.585086345672607,-4.128757953643799
-3.348996162414551,-4.0463032722473145,-5.6017866134643555,-3.2647595405578613,-4.651817321777344,-6.767723083496094,-8.954607009887695,-10.412054061889648,-11.366485595703125,-10.051051139831543,-8.05801773071289,-6.847694396972656,-4.557804107666016,-4.62160587310791,-4.612123489379883,-5.145976543426514,-3.6759274005889893,-4.629097938537598,-4.452466011047363,-4.328956604003906,-4.100540637969971,-3.558924913406372,-1.9403095245361328,-2.3224027156829834,-3.26186466217041,-4.218838691711426,-4.6153950691223145,-4.397176742553711,-3.9074313640594482,-3.471822738647461,-2.8871946334838867,-2.161067485809326,-0.7948502898216248,0.21870683133602142,0.5067813396453857,-0.7926244735717773,-1.0327622890472412,-2.6197428703308105,-4.432734966278076,-3.2446517944335938,-2.8059799671173096,-3.2275583744049072,-4.038172245025635
-2.9115829467773438,-3.268850326538086,-5.360198974609375,-3.0089149475097656,-4.312203407287598,-5.740863800048828,-7.4434494972229,-8.109981536865234,-8.33430290222168,-8.470778465270996,-7.2349853515625,-6.09105920791626,-3.8931548595428467,-4.018055438995361,-3.9998297691345215,-3.84559965133667,-3.2468454837799072,-3.1558539867401123,-4.144241809844971,-4.009605407714844,-3.812228202819824,-3.5110089778900146,-2.7234930992126465,-2.9743473529815674,-3.717884063720703,-3.7856528759002686,-4.145334243774414,-4.4793806076049805,-4.270951271057129,-4.100155353546143,-3.2128922939300537,-2.4515159130096436,-1.5045922994613647,-0.5839643478393555,0.01805238425731659,-1.0770694017410278,-1.0422487258911133,-1.717268943786621,-2.405907392501831,-1.2774324417114258,-0.669853687286377,-2.0126748085021973,-4.086479663848877
-2.001554012298584,-2.3269755840301514,-4.479697227478027,-3.769686222076416,-5.267925262451172,-6.960934638977051,-8.45959758758545,-8.532533645629883,-7.51084041595459,-7.683740139007568,-6.264466762542725,-4.672395706176758,-1.9027678966522217,-2.5276427268981934,-2.7767586708068848,-2.2070555686950684,-2.255408763885498,-2.2915213108062744,-2.403451442718506,-2.778892993927002,-2.8998630046844482,-3.1263301372528076,-3.7070868015289307,-4.048105239868164,-4.028407096862793,-3.8113672733306885,-3.8819973468780518,-3.7315404415130615,-3.7158029079437256,-3.744866132736206,-3.3117733001708984,-2.669750452041626,-1.904080867767334,-1.3360161781311035,-0.7866196632385254,-0.8495813608169556,-0.4114222824573517,1.1135640144348145,1.2477138042449951,0.4653969705104828,-1.1688369512557983,-2.2759759426116943,-3.0905933380126953
-5.751410961151123,-6.865009784698486,-7.807971954345703,-6.904432773590088,-7.904921531677246,-6.454146385192871,-7.110185623168945,-9.208067893981934,-9.559854507446289,-10.081520080566406,-8.09672737121582,-5.625643253326416,-1.8547786474227905,-0.31123462319374084,-1.5836654901504517,-0.570202112197876,-0.9077755808830261,-1.7826051712036133,-2.1798460483551025,-2.515517473220825,-3.0962111949920654,-3.531381845474243,-3.4830360412597656,-3.389127492904663,-3.7683513164520264,-3.881927490234375,-3.8539819717407227,-3.8414559364318848,-3.6510913372039795,-3.3719077110290527,-3.0901827812194824,-2.830397129058838,-2.0292251110076904,-1.4510529041290283,-0.5824036598205566,0.0587005540728569,0.7500510215759277,2.9026825428009033,2.8232421875,-0.32025307416915894,-3.6193509101867676,-2.2884883880615234,-1.7847315073013306
-10.717877388000488,-12.819877624511719,-11.223860740661621,-8.843749046325684,-8.242253303527832,-5.910863399505615,-3.5909392833709717,-5.944590091705322,-8.107956886291504,-9.75911808013916,-9.129297256469727,-7.751972198486328,-5.367217540740967,-1.7347444295883179,-2.187739610671997,-1.921246886253357,-2.591736078262329,-3.4613964557647705,-3.9705471992492676,-4.105533123016357,-3.923532247543335,-3.197577953338623,-1.774724006652832,-1.6739994287490845,-2.6354973316192627,-3.8680763244628906,-4.302272796630859,-4.190052509307861,-3.732384443283081,-3.1493661403656006,-2.9034321308135986,-2.7766013145446777,-2.3826160430908203,-1.9679094552993774,-0.3185899257659912,0.7380217909812927,1.2995840311050415,1.6864938735961914,1.1686320304870605,0.3959140181541443,-0.5976414680480957,-2.4513161182403564,-5.12509298324585
