data/wind_data/wind_20_3.json
{"header": {"parameterUnit": "KT", "parameterCategory": 2, "nx": 256, "ny": 198, "lo1": 44.73521041870117, "la1": -3.236724853515625, "lo2": 111.26478576660156, "la2": 43.468475341796875, "dx": 0.2609002888202667, "dy": -0.23708222806453705, "refTime": "2025-02-19 20:00:00", "forecastTime": 0, "parameterNumber": 2, "parameterNumberName": "eastward_wind"}, "data":
[rows 19 to 37 of 198, columns 176 to 219 of 256]
1.3719481229782104,0.45663565397262573,1.1104373931884766,0.9490066766738892,0.7114080190658569,-2.182929515838623,4.391045093536377,2.7088518142700195,2.177356719970703,2.3704442977905273,2.5416312217712402,1.7261677980422974,3.185293674468994,3.3533051013946533,4.022712707519531,3.420290231704712,1.8105347156524658,1.09112548828125,2.781947374343872,4.2255682945251465,4.821735858917236,4.964621067047119,4.692181587219238,4.508251190185547,3.916517734527588,3.0756516456604004,2.48066782951355,2.2028372287750244,2.201765298843384,1.6734421253204346,-0.5685164928436279,-3.934492826461792,-1.3179212808609009,-1.7872097492218018,-0.5795421004295349,-0.8639872670173645,-0.6220394372940063,0.37864217162132263,0.8654232025146484,1.695694088935852,-0.20261849462985992,0.2863428294658661,1.377060890197754,2.29313325881958
0.6503812670707703,1.4419125318527222,1.225961685180664,1.0722662210464478,-0.8814172744750977,-8.450935363769531,4.313031196594238,2.8793959617614746,1.4807521104812622,2.4789204597473145,2.9717695713043213,1.2198188304901123,1.9838781356811523,0.13849902153015137,2.940861225128174,2.76982045173645,1.8039143085479736,1.1894015073776245,2.1565632820129395,3.249570369720459,3.6012377738952637,3.841830015182495,3.9932172298431396,3.315463066101074,2.010331869125366,1.744300127029419,1.7753225564956665,1.0629802942276,0.7568206787109375,1.937988042831421,4.65687370300293,5.136416912078857,0.4604871869087219,0.4551970660686493,1.6117733716964722,0.38013753294944763,0.6956108808517456,1.5042692422866821,1.805694341659546,1.657555341720581,0.4416263997554779,0.41779059171676636,1.565804123878479,2.7701079845428467
1.9379228353500366,1.1993569135665894,1.1666120290756226,0.9668853878974915,0.695807933807373,1.083437442779541,-1.4054852724075317,1.1351802349090576,0.9161632657051086,1.8801320791244507,1.2561349868774414,2.1279401779174805,2.670501708984375,4.720245361328125,3.288505792617798,1.563228726387024,0.7440608739852905,0.26688387989997864,0.6585603952407837,1.3012940883636475,1.8152409791946411,2.0565452575683594,1.7997369766235352,0.7607932090759277,0.37945452332496643,0.9030829668045044,1.267579436302185,0.623720109462738,-0.058669403195381165,1.7365144491195679,6.053215503692627,8.963157653808594,7.212072849273682,6.509498119354248,3.1820709705352783,0.40009671449661255,0.3452647030353546,1.5257039070129395,2.428219795227051,2.834813356399536,1.8777897357940674,1.0527788400650024,2.1820833683013916,2.88824725151062
1.6801142692565918,0.899511456489563,0.8975210189819336,0.39407721161842346,-0.2070770412683487,0.3652203381061554,1.2581194639205933,0.8261900544166565,1.4509109258651733,2.429799795150757,1.7980780601501465,1.9113706350326538,2.606255292892456,1.941255807876587,1.9808815717697144,0.41218724846839905,-0.13304871320724487,-0.9232016801834106,-1.0792473554611206,-0.5893827676773071,-0.16930308938026428,-0.47054797410964966,-1.2548515796661377,-1.9399012327194214,-1.4797284603118896,-0.4085959196090698,1.060222864151001,0.7492462396621704,0.5662669539451599,3.4343955516815186,6.445120334625244,10.0574951171875,9.197867393493652,3.1991941928863525,-0.5513016581535339,-0.176152303814888,0.3075399100780487,1.0891553163528442,1.842359185218811,2.2566120624542236,2.203587770462036,1.729191541671753,2.4169270992279053,2.1357438564300537
0.5903262495994568,0.12923523783683777,0.15432414412498474,-0.37253615260124207,0.016436303034424782,-0.7327346205711365,-0.6081978678703308,-0.06623970717191696,1.2426650524139404,1.3362631797790527,0.9399925470352173,1.2144505977630615,1.7153316736221313,1.5092034339904785,0.046279121190309525,-0.6051942110061646,-1.0733526945114136,-1.6035168170928955,-1.5588905811309814,-1.3191736936569214,-1.7920602560043335,-2.985196590423584,-4.043548583984375,-4.079265117645264,-3.1387641429901123,-1.630118489265442,0.6553682684898376,1.4536622762680054,1.8576442003250122,3.3361215591430664,4.179248332977295,5.832890033721924,5.208698272705078,1.3434383869171143,-0.5843085050582886,0.26666340231895447,0.35305625200271606,-0.126502126455307,0.9226131439208984,0.7930129170417786,-0.07957127690315247,0.8264440298080444,1.8962390422821045,1.5389273166656494
-1.2881985902786255,-0.796578586101532,-0.8253949284553528,-1.5137434005737305,-0.4238802492618561,-1.0994659662246704,0.3469381630420685,-0.007577365264296532,1.0854318141937256,0.5724905729293823,0.36357858777046204,0.48484283685684204,0.5796557664871216,0.0342201292514801,-1.1207513809204102,-1.8703373670578003,-2.1052894592285156,-2.086515426635742,-1.9755972623825073,-2.3916938304901123,-3.5644781589508057,-4.835061073303223,-5.532517910003662,-5.568474769592285,-6.16763973236084,-5.515025615692139,-2.2752859592437744,0.49532899260520935,3.1111526489257812,4.579020023345947,3.2460336685180664,3.4348578453063965,1.340567708015442,-0.4901149272918701,-1.0920733213424683,-0.8146024346351624,-1.1486988067626953,-0.6180258989334106,0.9126104712486267,-0.2827339172363281,-3.8548295497894287,-0.8354889750480652,1.1475108861923218,1.41288161277771
-2.278383731842041,-2.377769708633423,-2.242058753967285,-2.269373893737793,-1.4760745763778687,0.3555372953414917,0.0037110706325620413,0.014619288966059685,0.5546835660934448,-0.0923299640417099,-0.37394481897354126,-0.3676964342594147,-0.6790812015533447,-1.0916922092437744,-2.019681453704834,-2.6077215671539307,-2.882178783416748,-2.8736000061035156,-2.9443278312683105,-3.4645557403564453,-4.228281497955322,-5.054752349853516,-6.153344631195068,-7.6507720947265625,-7.106722831726074,-4.142305374145508,-2.112474203109741,-2.933730125427246,-0.3570754826068878,3.4577064514160156,5.112484931945801,2.5283617973327637,-0.04680173471570015,-1.8958615064620972,-2.624140739440918,-2.8504748344421387,-1.958341360092163,-0.3772941529750824,0.8060259222984314,5.177175045013428,1.3808324337005615,1.572999358177185,2.239687442779541,1.722296953201294
-1.7245017290115356,-2.355347156524658,-2.864316463470459,-2.319089412689209,-1.0036346912384033,-1.8734498023986816,-2.520216703414917,-2.422367811203003,-1.2256298065185547,-0.921116054058075,-0.9734488129615784,-1.0227293968200684,-1.4947412014007568,-2.105642557144165,-2.5827889442443848,-2.9158456325531006,-3.1808972358703613,-3.642815589904785,-4.017395973205566,-4.19084358215332,-4.392895221710205,-5.6526899337768555,-6.809676170349121,-6.519801616668701,-2.886726140975952,3.6808929443359375,6.096301078796387,-0.2707214653491974,-3.6955759525299072,0.12249201536178589,-0.5083134174346924,-1.521084189414978,-2.294177532196045,-3.3070709705352783,-4.074498653411865,-3.3238601684570312,-1.990599513053894,-2.1161000728607178,-2.1012260913848877,0.4229433238506317,1.063334345817566,0.5974928140640259,1.4018405675888062,0.8714962601661682
-0.1832074075937271,-1.9247119426727295,-2.4008402824401855,-1.3785827159881592,-1.0283105373382568,-2.011120557785034,-2.926210880279541,-3.7601115703582764,-2.7624199390411377,-1.9420139789581299,-1.7406573295593262,-1.6504395008087158,-2.1038761138916016,-2.902733087539673,-3.589895725250244,-3.950122117996216,-3.9001212120056152,-4.401279926300049,-5.245060920715332,-5.3404669761657715,-5.527355194091797,-6.573418140411377,-7.87062931060791,-7.223005294799805,-7.590488910675049,1.0224218368530273,3.9102401733398438,-1.6620701551437378,-4.0547637939453125,-3.305107831954956,-3.2178916931152344,-3.2001917362213135,-3.8456740379333496,-4.216997146606445,-4.118134021759033,-3.785013437271118,-2.705718994140625,-2.31601881980896,-1.5180673599243164,0.2884471118450165,-0.9370858073234558,-1.2476311922073364,-0.4025920629501343,-0.9962891340255737
-0.18873994052410126,-1.7266384363174438,-2.3323683738708496,-1.0850675106048584,-0.5821211338043213,-0.6117183566093445,-1.1006618738174438,-2.47771954536438,-2.8083112239837646,-2.661942720413208,-2.6222496032714844,-2.6891887187957764,-3.1190989017486572,-3.8321239948272705,-4.8686909675598145,-5.618907928466797,-5.208189010620117,-4.7770161628723145,-6.701411724090576,-7.705987930297852,-8.576150894165039,-7.606466293334961,-5.63793420791626,-1.8999168872833252,-0.05834314227104187,2.8574445247650146,1.5662294626235962,-2.443652629852295,-4.289000511169434,-4.6360039710998535,-4.327465534210205,-4.938408374786377,-5.185667514801025,-5.210313320159912,-5.125832557678223,-4.833642959594727,-3.847088098526001,-3.6783103942871094,-1.8957340717315674,-0.04465506970882416,1.0812790393829346,1.4940656423568726,-0.70296710729599,-3.953192949295044
-1.5547795295715332,-1.5635732412338257,-1.7464903593063354,-0.7693503499031067,-1.006654143333435,-1.1128028631210327,-1.2287943363189697,-1.4031819105148315,-2.4971108436584473,-2.9503707885742188,-3.316354751586914,-3.6288816928863525,-4.0359787940979,-4.54297399520874,-5.248592376708984,-5.791341781616211,-5.592005252838135,-4.534533977508545,-3.9554672241210938,-3.466290235519409,-2.453965902328491,-1.895445704460144,1.2453129291534424,3.175640106201172,4.04074239730835,2.9363279342651367,-0.011375456117093563,-3.494028329849243,-5.054736137390137,-5.629695415496826,-5.7986836433410645,-6.285430431365967,-6.0605244636535645,-6.236548900604248,-6.315526962280273,-5.879961967468262,-5.91655969619751,-7.650936126708984,-7.262150764465332,-7.334444522857666,-3.0233263969421387,3.152129650115967,-0.9125148057937622,-6.019808292388916
-2.245910406112671,-1.8932433128356934,-1.5273988246917725,-0.7544243931770325,-0.877372682094574,-1.6181350946426392,-2.2511680126190186,-2.0761783123016357,-2.754185914993286,-3.341892719268799,-3.906874179840088,-4.23167610168457,-4.283161640167236,-4.5929341316223145,-5.1837615966796875,-5.333578586578369,-5.0318522453308105,-4.121920108795166,-2.822756290435791,-0.43403592705726624,2.1060030460357666,4.028264045715332,4.355084419250488,4.20467472076416,4.326528072357178,3.532111167907715,-1.2479043006896973,-5.213892459869385,-6.321864128112793,-6.960385322570801,-7.276249885559082,-7.0737528800964355,-6.609502792358398,-6.435028553009033,-6.054105758666992,-6.624981880187988,-8.259631156921387,-7.429871559143066,-8.688456535339355,-8.865888595581055,-4.138411998748779,1.8658876419067383,-2.0505049228668213,-6.306995391845703
-2.0357866287231445,-1.7913155555725098,-1.2096664905548096,-0.46084555983543396,-0.5787867307662964,-1.4557154178619385,-2.1044814586639404,-2.6194818019866943,-3.4608407020568848,-4.120617866516113,-4.71181583404541,-5.023844242095947,-4.9403767585754395,-5.099307060241699,-5.264067649841309,-5.049985408782959,-5.0269341468811035,-4.6295166015625,-2.421692371368408,0.5961048007011414,3.272839069366455,4.73166036605835,4.960239887237549,4.803983688354492,3.982849359512329,-1.2519066333770752,-4.937779903411865,-6.720321178436279,-7.775883674621582,-8.314087867736816,-8.356695175170898,-7.601952075958252,-7.004911422729492,-6.9185967445373535,-6.9799485206604,-7.058705806732178,-7.864994525909424,-7.6793131828308105,-6.709837436676025,-8.17980670928955,-4.442453861236572,-0.21284373104572296,-4.0640716552734375,-8.72707462310791
-2.074490785598755,-1.6133371591567993,-0.29391324520111084,-0.1897142380475998,-0.8569934368133545,-1.1212955713272095,-1.2327041625976562,-2.699998617172241,-4.245384216308594,-5.027449607849121,-5.487804412841797,-5.925564289093018,-6.157508850097656,-6.023187637329102,-5.630129337310791,-5.579441070556641,-6.428866863250732,-5.448038578033447,-1.5228310823440552,1.0375841856002808,2.449272394180298,2.2641613483428955,0.10464884340763092,-1.818851113319397,-3.7564616203308105,-5.525041103363037,-7.346632957458496,-8.046088218688965,-8.60478401184082,-8.922471046447754,-8.774360656738281,-7.793097019195557,-6.799458026885986,-6.522955417633057,-7.400394916534424,-9.047944068908691,-9.910645484924316,-7.86195707321167,-4.8956522941589355,-6.246541976928711,-5.156024932861328,-2.001143217086792,-4.084085941314697,-8.915214538574219
-1.8194005489349365,-1.1405071020126343,-0.05847194418311119,-0.19147387146949768,-0.742037296295166,-1.4461987018585205,-0.8921242952346802,-2.893465518951416,-4.401411533355713,-5.298768520355225,-6.194156169891357,-6.624125957489014,-7.049530029296875,-7.0746307373046875,-6.938899993896484,-7.041554927825928,-7.081106185913086,-4.840595722198486,-1.503151774406433,-0.49293234944343567,-1.8819321393966675,-4.312649250030518,-6.049128532409668,-6.587679862976074,-7.000415802001953,-7.76113224029541,-8.601384162902832,-8.855334281921387,-8.600539207458496,-8.112955093383789,-7.933575630187988,-7.779889106750488,-8.032504081726074,-8.809752464294434,-9.926929473876953,-9.986190795898438,-8.774246215820312,-7.156497478485107,-5.044012069702148,-4.55413293838501,-5.111352443695068,-2.794235944747925,-3.1883444786071777,-7.969838619232178
-1.2634234428405762,-0.970607578754425,-0.5805398225784302,-0.18044444918632507,-1.515384554862976,-1.6195156574249268,-1.9027854204177856,-3.458606481552124,-4.879859447479248,-5.696162223815918,-6.839015007019043,-7.025964260101318,-7.353640079498291,-7.477652072906494,-7.353099346160889,-6.745116233825684,-5.68298864364624,-3.878258466720581,-3.0159361362457275,-4.2583489418029785,-5.684117317199707,-6.413508892059326,-6.938006401062012,-7.630307674407959,-8.491625785827637,-9.431129455566406,-9.508397102355957,-8.950986862182617,-8.041508674621582,-7.263974189758301,-7.970061779022217,-8.844356536865234,-9.916878700256348,-10.198015213012695,-10.04757022857666,-8.638224601745605,-7.594171524047852,-7.874339580535889,-7.700124263763428,-5.29446268081665,-4.2335686683654785,-2.408660888671875,-3.5845465660095215,-9.342947006225586
-0.6958216428756714,-1.0128905773162842,-1.2594393491744995,-0.6647683382034302,-0.7158136367797852,-1.8725411891937256,-2.7135536670684814,-4.066890716552734,-5.631965637207031,-5.999507904052734,-6.457369804382324,-6.552428245544434,-6.626916885375977,-6.723224639892578,-6.446316719055176,-5.295042991638184,-4.218951225280762,-3.538504123687744,-4.513108730316162,-5.962364196777344,-6.74888801574707,-7.350771903991699,-8.549081802368164,-9.994468688964844,-11.014274597167969,-10.480796813964844,-9.880308151245117,-9.181572914123535,-9.06301498413086,-8.398274421691895,-7.6425299644470215,-8.995198249816895,-8.412545204162598,-7.644905090332031,-6.771857738494873,-4.604172706604004,-4.86423397064209,-8.533150672912598,-9.063835144042969,-4.660464286804199,-2.5205788612365723,-2.0442981719970703,-5.791383266448975,-10.651322364807129
-0.5759002566337585,-0.6789024472236633,-0.897435188293457,-0.6848573088645935,-0.7511599659919739,-1.5153321027755737,-3.2179038524627686,-4.770022392272949,-5.3760271072387695,-5.316483497619629,-5.419797420501709,-5.723090171813965,-6.0015997886657715,-6.212477684020996,-5.803508758544922,-4.612762451171875,-3.7802231311798096,-3.8308048248291016,-5.147950649261475,-6.661863327026367,-7.515881538391113,-8.190935134887695,-9.370614051818848,-10.62575912475586,-11.61998176574707,-11.903358459472656,-11.33110523223877,-9.874954223632812,-9.338130950927734,-8.860769271850586,-9.62929916381836,-9.085402488708496,-8.649447441101074,-7.266524791717529,-5.930630683898926,-5.645501136779785,-8.143290519714355,-9.930439949035645,-7.6870551109313965,-3.6050233840942383,-2.6285979747772217,-5.385978698730469,-9.110543251037598,-11.355276107788086
-0.7208175659179688,-0.7630577087402344,-1.1513783931732178,-1.496133804321289,-2.2282931804656982,-2.8885550498962402,-3.5651049613952637,-4.962815761566162,-5.076679706573486,-4.374630928039551,-6.205075740814209,-5.259612083435059,-6.280181884765625,-5.93820333480835,-5.348135948181152,-4.4848456382751465,-4.040225982666016,-4.559470176696777,-5.499525547027588,-6.676036834716797,-7.7813615798950195,-8.643972396850586,-9.688773155212402,-11.291486740112305,-13.989968299865723,-19.0721435546875,-13.402308464050293,-4.917531967163086,-13.410076141357422,-9.729445457458496,-11.063070297241211,-11.310588836669922,-11.4883394241333,-10.578185081481934,-9.776905059814453,-10.38395881652832,-10.735363960266113,-8.999671936035156,-6.277585029602051,-4.02105712890625,-5.427654266357422,-9.031371116638184,-12.024157524108887,-13.256442070007324
