data/wind_data/wind_27_6.json
{"header": {"parameterUnit": "KT", "parameterCategory": 2, "nx": 256, "ny": 198, "lo1": 44.73521041870117, "la1": -3.236724853515625, "lo2": 111.26478576660156, "la2": 43.468475341796875, "dx": 0.2609002888202667, "dy": -0.23708222806453705, "refTime": "2025-02-20 03:00:00", "forecastTime": 0, "parameterNumber": 2, "parameterNumberName": "eastward_wind"}, "data":
[rows 80 to 99 of 198, columns 0 to 44 of 256]
48.340267181396484,47.74936294555664,46.93942642211914,46.83479690551758,47.575775146484375,47.82786560058594,48.03763961791992,48.69247055053711,49.52731704711914,50.044857025146484,50.00545883178711,49.450862884521484,48.71112060546875,48.09138488769531,47.6064567565918,47.12913131713867,46.55012893676758,45.934898376464844,45.574222564697266,45.7417106628418,46.387054443359375,47.182456970214844,47.80134963989258,48.094627380371094,48.095279693603516,47.97171401977539,47.96136474609375,48.147274017333984,48.412559509277344,48.6102294921875,48.66503143310547,48.64897537231445,48.670555114746094,48.635276794433594,48.372886657714844,47.864044189453125,47.32594680786133,46.90667724609375,46.44783020019531,45.78776168823242,45.21883010864258,45.157936096191406,45.363983154296875,45.476444244384766,45.57894515991211
51.06830596923828,49.7645263671875,48.78779602050781,48.470458984375,48.98168182373047,49.303749084472656,49.55359649658203,50.18913269042969,51.07444763183594,51.76084899902344,51.97156524658203,51.697357177734375,51.16178512573242,50.64130783081055,50.19164276123047,49.768821716308594,49.230567932128906,48.522457122802734,47.91379165649414,47.85041427612305,48.429527282714844,49.25300216674805,49.91699981689453,50.273651123046875,50.339115142822266,50.2141227722168,50.14115905761719,50.30026626586914,50.57508850097656,50.71910858154297,50.68534469604492,50.645992279052734,50.70702362060547,50.712039947509766,50.49277114868164,50.12385177612305,49.72587585449219,49.28420639038086,48.71796798706055,48.066795349121094,47.511070251464844,47.39801788330078,47.645790100097656,47.811134338378906,47.84098815917969
53.90409469604492,52.862178802490234,51.92668533325195,51.0368537902832,51.03996276855469,51.25667190551758,51.31156539916992,51.54703140258789,52.109622955322266,52.718116760253906,53.01820373535156,52.92393112182617,52.60005187988281,52.27947235107422,52.02096176147461,51.79914093017578,51.46670150756836,50.86833953857422,50.16593933105469,49.84040832519531,50.12239074707031,50.72746276855469,51.30180358886719,51.69066619873047,51.86741638183594,51.89673614501953,51.9742431640625,52.273258209228516,52.60843276977539,52.64757537841797,52.40328598022461,52.20486831665039,52.220680236816406,52.22652816772461,52.00749588012695,51.6927490234375,51.4354362487793,51.15782928466797,50.751094818115234,50.282142639160156,49.95240783691406,49.90672302246094,50.05284881591797,50.117881774902344,50.00420379638672
56.29130172729492,55.67221450805664,54.843997955322266,53.57906723022461,53.27889633178711,53.55176544189453,53.66230010986328,53.530704498291016,53.50067901611328,53.72759246826172,53.91300582885742,53.81401062011719,53.5455207824707,53.33463668823242,53.264495849609375,53.282310485839844,53.28256607055664,53.02602005004883,52.4964599609375,52.042701721191406,51.96028137207031,52.2105712890625,52.63872146606445,53.094329833984375,53.398807525634766,53.50157165527344,53.593467712402344,53.87957763671875,54.196083068847656,54.19142532348633,53.830570220947266,53.469207763671875,53.360015869140625,53.29271697998047,53.04182815551758,52.76951599121094,52.6629524230957,52.686397552490234,52.712852478027344,52.6617317199707,52.60786437988281,52.6282844543457,52.65090560913086,52.580970764160156,52.37125015258789
58.33364486694336,58.33030319213867,57.62093734741211,56.166717529296875,55.854373931884766,56.081058502197266,56.0981330871582,55.819698333740234,55.46786880493164,55.36689376831055,55.41572189331055,55.27674865722656,54.932220458984375,54.63302230834961,54.560462951660156,54.6916618347168,54.891353607177734,54.935752868652344,54.7160530090332,54.429779052734375,54.27348327636719,54.29774856567383,54.53751754760742,54.94375991821289,55.31370162963867,55.429813385009766,55.42104721069336,55.5279426574707,55.70068359375,55.6737174987793,55.34872055053711,54.97125244140625,54.82866287231445,54.752655029296875,54.44877243041992,54.09816360473633,54.02305221557617,54.23807907104492,54.59463882446289,54.90373229980469,55.09956741333008,55.2337760925293,55.27046203613281,55.18050003051758,54.98225021362305
59.981727600097656,60.3264274597168,59.8585090637207,58.58671569824219,58.355873107910156,58.526268005371094,58.295570373535156,57.787513732910156,57.30134201049805,57.117252349853516,57.191795349121094,57.107547760009766,56.6512451171875,56.062068939208984,55.71718978881836,55.78406524658203,56.12635803222656,56.419681549072266,56.473419189453125,56.429134368896484,56.424217224121094,56.46834945678711,56.611454010009766,56.912940979003906,57.24565124511719,57.39601516723633,57.376304626464844,57.35512924194336,57.34023666381836,57.19100570678711,56.89216995239258,56.63880920410156,56.61735153198242,56.660648345947266,56.4287223815918,55.98945617675781,55.76036071777344,55.9228515625,56.33824920654297,56.778202056884766,57.099327087402344,57.34904861450195,57.548954010009766,57.64411544799805,57.59599685668945
61.33870315551758,61.761207580566406,61.515098571777344,60.573123931884766,60.17434310913086,60.24510955810547,59.96806716918945,59.35092544555664,58.75062942504883,58.53703308105469,58.72367477416992,58.8638916015625,58.53226852416992,57.80026626586914,57.153072357177734,57.00783157348633,57.347164154052734,57.770263671875,57.97440719604492,58.06863021850586,58.17448043823242,58.290000915527344,58.51093673706055,58.85697937011719,59.149959564208984,59.23748016357422,59.18955612182617,59.125572204589844,59.014530181884766,58.74298095703125,58.35905838012695,58.10196304321289,58.13859558105469,58.31527328491211,58.29195785522461,57.997703552246094,57.74594497680664,57.79827880859375,58.125526428222656,58.57155990600586,58.975677490234375,59.305084228515625,59.599525451660156,59.827880859375,59.916839599609375
62.68289566040039,62.6177978515625,62.388572692871094,61.703582763671875,61.27994918823242,61.39093780517578,61.33732223510742,60.958946228027344,60.42974090576172,60.165870666503906,60.3641471862793,60.71644592285156,60.719783782958984,60.17582321166992,59.431007385253906,59.01819610595703,59.10980987548828,59.39915466308594,59.58805847167969,59.7419548034668,59.9412956237793,60.13115310668945,60.42558670043945,60.86638259887695,61.206600189208984,61.236366271972656,61.03255844116211,60.806495666503906,60.615501403808594,60.34687805175781,59.98683166503906,59.7261848449707,59.725215911865234,59.88547134399414,59.941001892089844,59.78483200073242,59.59576416015625,59.615848541259766,59.876922607421875,60.29043197631836,60.759029388427734,61.18100357055664,61.50701904296875,61.709716796875,61.757144927978516
63.95746994018555,63.6578483581543,63.1766242980957,62.51445770263672,62.035003662109375,62.203643798828125,62.44502258300781,62.483360290527344,62.264678955078125,62.07201385498047,62.20099639892578,62.54351806640625,62.72257995605469,62.462039947509766,61.853912353515625,61.312828063964844,61.11240005493164,61.1733283996582,61.286685943603516,61.43030548095703,61.66384506225586,61.95132827758789,62.341522216796875,62.89501190185547,63.40202331542969,63.54681396484375,63.2825813293457,62.85396957397461,62.48919677734375,62.208255767822266,61.951316833496094,61.766624450683594,61.7611198425293,61.89384841918945,61.95188522338867,61.81301498413086,61.591773986816406,61.52596664428711,61.68410873413086,61.977195739746094,62.357147216796875,62.777896881103516,63.151123046875,63.37758255004883,63.399532318115234
65.15794372558594,64.71649169921875,64.24967956542969,63.455101013183594,62.6595344543457,62.745582580566406,63.24919128417969,63.671268463134766,63.77094268798828,63.71764373779297,63.83388900756836,64.14360046386719,64.40650939941406,64.41072845458984,64.12333679199219,63.7064323425293,63.38603591918945,63.247920989990234,63.232601165771484,63.27964401245117,63.41868591308594,63.69126510620117,64.10872650146484,64.66326141357422,65.24380493164062,65.56932830810547,65.43156433105469,64.9616470336914,64.49956512451172,64.2151870727539,64.04920196533203,63.93708038330078,63.97305679321289,64.18763732910156,64.35944366455078,64.27191925048828,63.98049545288086,63.7478141784668,63.70961380004883,63.80284118652344,63.98001480102539,64.26138305664062,64.6093521118164,64.89073181152344,64.98039245605469
66.2872085571289,66.06611633300781,65.60762023925781,64.49571990966797,63.479095458984375,63.535465240478516,64.18707275390625,64.81693267822266,65.10420227050781,65.18894958496094,65.41123962402344,65.8488540649414,66.27313232421875,66.47423553466797,66.4464111328125,66.28849029541016,66.11060333251953,65.94035339355469,65.77711486816406,65.63346099853516,65.58837127685547,65.74454498291016,66.09727478027344,66.53010559082031,66.95767211914062,67.25641632080078,67.19509887695312,66.74674987792969,66.23633575439453,65.97193145751953,65.91321563720703,65.9186019897461,66.0575180053711,66.40660858154297,66.75944519042969,66.82100677490234,66.55459594726562,66.20571899414062,65.98737335205078,65.90998840332031,65.93290710449219,66.0613784790039,66.30079650878906,66.5530014038086,66.66545104980469
67.21837615966797,67.04559326171875,66.49565124511719,65.32844543457031,64.46727752685547,64.55127716064453,65.1169204711914,65.75485229492188,66.1734848022461,66.47257232666016,66.94055938720703,67.6311264038086,68.28857421875,68.66876220703125,68.79108428955078,68.78880310058594,68.74481964111328,68.69393920898438,68.59475708007812,68.41545867919922,68.23822021484375,68.17767333984375,68.30602264404297,68.53765106201172,68.77172088623047,68.942626953125,68.89006042480469,68.49591827392578,67.96781921386719,67.67098999023438,67.66604614257812,67.78903198242188,67.99857330322266,68.36046600341797,68.7977066040039,69.04914855957031,68.93968200683594,68.6171646118164,68.36383819580078,68.27722930908203,68.28008270263672,68.31470489501953,68.39669799804688,68.49383544921875,68.504150390625
68.16849517822266,67.76005554199219,67.14009094238281,66.14848327636719,65.41730499267578,65.37146759033203,65.7745132446289,66.44429779052734,67.08294677734375,67.65482330322266,68.34066009521484,69.1972427368164,70.01470184326172,70.5176010131836,70.75780487060547,70.91366577148438,71.02395629882812,71.1120376586914,71.18570709228516,71.15641021728516,71.01969146728516,70.84266662597656,70.71127319335938,70.68572998046875,70.76959991455078,70.87470245361328,70.81938934326172,70.48214721679688,70.00377655029297,69.67450714111328,69.63212585449219,69.7582778930664,69.91089630126953,70.09263610839844,70.3760757446289,70.68504333496094,70.79194641113281,70.64564514160156,70.46136474609375,70.4442367553711,70.58470153808594,70.74320220947266,70.81541442871094,70.76797485351562,70.61747741699219
70.47470092773438,69.77654266357422,69.15975189208984,68.3519515991211,67.50334167480469,67.12567138671875,67.29195404052734,67.93986511230469,68.71404266357422,69.36492919921875,69.97451782226562,70.6517333984375,71.33173370361328,71.80294036865234,72.07798767089844,72.33848571777344,72.66565704345703,73.007568359375,73.29084777832031,73.41573333740234,73.36771392822266,73.20169830322266,72.98780059814453,72.82714080810547,72.79698944091797,72.84774017333984,72.80009460449219,72.52522277832031,72.11032104492188,71.76516723632812,71.61966705322266,71.68048095703125,71.81605529785156,71.8894271850586,71.95004272460938,72.09033203125,72.21833038330078,72.22007751464844,72.17486572265625,72.23709869384766,72.45625305175781,72.73452758789062,72.91104888916016,72.88284301757812,72.70082092285156
73.7293472290039,72.83253479003906,72.26018524169922,71.6012954711914,70.69657897949219,70.07884979248047,69.90935516357422,70.3035888671875,71.06320190429688,71.76236724853516,72.22467041015625,72.51527404785156,72.767333984375,73.00942993164062,73.22489929199219,73.50738525390625,73.95138549804688,74.5009994506836,74.98603820800781,75.22107696533203,75.20811462402344,75.0816650390625,74.956298828125,74.8803482055664,74.86090087890625,74.84504699707031,74.72599792480469,74.4371109008789,74.0280532836914,73.59140014648438,73.25222778320312,73.16748046875,73.33965301513672,73.52532196044922,73.57998657226562,73.59362030029297,73.61288452148438,73.60997009277344,73.63056182861328,73.76326751708984,74.03929901123047,74.3937759399414,74.67924499511719,74.769775390625,74.67444610595703
75.90838623046875,75.22566223144531,74.7087173461914,74.01141357421875,73.15364837646484,72.5455322265625,72.2445297241211,72.4011001586914,73.1275634765625,74.0770492553711,74.74053192138672,74.8866958618164,74.75777435302734,74.67587280273438,74.74854278564453,75.0413818359375,75.56990814208984,76.20335388183594,76.71412658691406,76.95925903320312,76.97464752197266,76.90984344482422,76.88664245605469,76.92636108398438,76.9682846069336,76.9526138305664,76.82853698730469,76.5687026977539,76.18146514892578,75.65876007080078,75.09381866455078,74.75849151611328,74.84867095947266,75.17398834228516,75.41084289550781,75.47096252441406,75.40300750732422,75.27947998046875,75.23345947265625,75.37621307373047,75.71939849853516,76.18357849121094,76.60253143310547,76.82704162597656,76.79547882080078
77.33273315429688,76.89826202392578,76.44062042236328,75.61688232421875,74.79352569580078,74.26705169677734,74.09497833251953,74.18128967285156,74.790771484375,75.95277404785156,77.06459045410156,77.50324249267578,77.3575439453125,77.12459564208984,77.07340240478516,77.27210235595703,77.7417221069336,78.33429718017578,78.79467010498047,79.03060913085938,79.09760284423828,79.08403778076172,79.06875610351562,79.09036254882812,79.12849426269531,79.1253662109375,79.03458404541016,78.869140625,78.62739562988281,78.21416473388672,77.62406921386719,77.1008529663086,76.93787384033203,77.16148376464844,77.51406860351562,77.74606323242188,77.74724578857422,77.56924438476562,77.41081237792969,77.44699096679688,77.72333526611328,78.16531372070312,78.60746002197266,78.85638427734375,78.77131652832031
79.66221618652344,78.80461120605469,78.20010375976562,77.4089584350586,76.61044311523438,76.08858489990234,76.00598907470703,76.07381439208984,76.47534942626953,77.57100677490234,78.95187377929688,79.83844757080078,80.0334243774414,79.99394989013672,80.00804138183594,80.09967041015625,80.25152587890625,80.52085876464844,80.88731384277344,81.2561264038086,81.50489807128906,81.57080841064453,81.51333618164062,81.42037200927734,81.34977722167969,81.28456115722656,81.17505645751953,81.0426025390625,80.89408111572266,80.64705657958984,80.26918029785156,79.83578491210938,79.50479125976562,79.43138885498047,79.61355590820312,79.86988067626953,79.97975158691406,79.89176177978516,79.74647521972656,79.69810485839844,79.82038879394531,80.0993881225586,80.4490966796875,80.62210083007812,80.38560485839844
82.77143859863281,81.19171142578125,80.20759582519531,79.49446105957031,78.7456283569336,78.15817260742188,77.96871185302734,78.1019058227539,78.51168823242188,79.37718963623047,80.56517791748047,81.56510925292969,82.12588500976562,82.48030853271484,82.73204803466797,82.78522491455078,82.65667724609375,82.5709457397461,82.75862121582031,83.2013931274414,83.6336669921875,83.8294448852539,83.80305480957031,83.6418685913086,83.42487335205078,83.20978546142578,82.98667907714844,82.76409149169922,82.55325317382812,82.35051727294922,82.18951416015625,82.02259826660156,81.76612091064453,81.51118469238281,81.40332794189453,81.43745422363281,81.4937973022461,81.5203857421875,81.54000854492188,81.59796142578125,81.76427459716797,82.05664825439453,82.3863296508789,82.49364471435547,82.16929626464844
86.0251693725586,84.08056640625,82.8212661743164,81.93904876708984,81.10028076171875,80.35189056396484,79.96895599365234,80.23201751708984,80.86939239501953,81.6234130859375,82.40621948242188,83.10818481445312,83.78905487060547,84.49152374267578,85.0003662109375,85.11248779296875,84.96209716796875,84.85791015625,84.97625732421875,85.25800323486328,85.51726531982422,85.64404296875,85.6305923461914,85.45941925048828,85.16046905517578,84.81446075439453,84.46371459960938,84.11677551269531,83.7711410522461,83.46139526367188,83.31319427490234,83.30242919921875,83.22943115234375,83.01864624023438,82.79947662353516,82.66767120361328,82.6242904663086,82.68814849853516,82.87543487548828,83.17133331298828,83.5688247680664,84.0154037475586,84.3909912109375,84.50482940673828,84.2037124633789
