data/wind_data/wind_44_6.json
{"header": {"parameterUnit": "KT", "parameterCategory": 2, "nx": 256, "ny": 198, "lo1": 44.73521041870117, "la1": -3.236724853515625, "lo2": 111.26478576660156, "la2": 43.468475341796875, "dx": 0.2609002888202667, "dy": -0.23708222806453705, "refTime": "2025-02-20 20:00:00", "forecastTime": 0, "parameterNumber": 2, "parameterNumberName": "eastward_wind"}, "data":
[rows 120 to 139 of 198, columns 132 to 175 of 256]
81.41016387939453,82.2799072265625,83.29428100585938,84.12124633789062,84.15628814697266,83.41242218017578,82.59708404541016,82.38032531738281,82.20492553710938,80.43487548828125,76.7613525390625,73.61141967773438,73.4668960571289,75.73945617675781,77.85151672363281,78.37550354003906,77.9007797241211,77.5610122680664,77.74039459228516,78.15145874023438,78.40034484863281,78.39558410644531,78.35999298095703,78.45626831054688,78.6787109375,78.99836730957031,79.3617935180664,79.48275756835938,79.2992172241211,78.60614013671875,77.64485931396484,77.19315338134766,77.34053802490234,77.6162338256836,77.28662109375,77.28052520751953,78.31615447998047,79.0257339477539,78.66802215576172,77.94469451904297,77.67328643798828,78.19219970703125,78.99337768554688,79.37129974365234
82.67741394042969,84.01081085205078,84.27727508544922,83.80086517333984,81.84172821044922,80.71769714355469,78.8041763305664,79.6712646484375,78.69693756103516,77.78751373291016,75.43412017822266,74.20674133300781,73.91799926757812,75.56560516357422,76.67496490478516,76.51697540283203,76.13772583007812,76.09041595458984,76.33969116210938,76.61165618896484,76.53804779052734,76.16634368896484,75.89793395996094,75.95716094970703,76.2965316772461,76.66258239746094,77.11766815185547,77.2516860961914,77.06057739257812,76.74676513671875,75.73114013671875,74.4543228149414,73.74010467529297,73.67196655273438,73.42892456054688,73.82556915283203,75.6180419921875,76.34855651855469,74.77982330322266,73.45404052734375,74.07001495361328,75.50113677978516,76.53831481933594,76.52513122558594
83.81599426269531,83.8366470336914,82.53843688964844,80.37385559082031,78.10942840576172,76.26716613769531,75.30284881591797,76.39976501464844,74.93318176269531,74.07566833496094,71.7127685546875,71.9334945678711,73.04012298583984,72.8934326171875,71.36170196533203,69.9486083984375,69.97184753417969,71.22624206542969,72.74565124511719,73.84423065185547,74.1770248413086,73.96905517578125,73.64679718017578,73.37845611572266,73.34725189208984,73.51371765136719,74.11531829833984,74.77793884277344,74.65784454345703,74.75813293457031,74.05021667480469,71.96112823486328,71.4856185913086,72.1512680053711,70.8084716796875,70.32858276367188,72.64453887939453,73.54837036132812,70.48001861572266,68.38119506835938,70.28317260742188,72.6688461303711,73.9767837524414,73.48717498779297
82.79844665527344,80.60061645507812,78.24068450927734,76.29552459716797,74.76581573486328,72.51104736328125,72.23011016845703,72.81298828125,70.55714416503906,68.88536071777344,58.80928039550781,53.986228942871094,59.935482025146484,65.62043762207031,67.28343200683594,66.6143798828125,66.7431411743164,68.30787658691406,70.1290283203125,71.32793426513672,71.69763946533203,71.4668960571289,71.04828643798828,70.69449615478516,70.48126220703125,70.69828033447266,71.10762023925781,71.91973114013672,73.64102172851562,72.70728302001953,68.28475189208984,66.95256805419922,69.54317474365234,71.94900512695312,69.5046615600586,65.90730285644531,67.19266510009766,68.65491485595703,66.5914077758789,65.07637023925781,67.04268646240234,69.45475769042969,71.11019134521484,70.17302703857422
79.29210662841797,76.27359771728516,73.34593963623047,71.77149963378906,70.84577178955078,68.44513702392578,69.44415283203125,66.31712341308594,66.65719604492188,58.59231948852539,41.09601593017578,42.12165832519531,54.860774993896484,65.03301239013672,69.87970733642578,71.55794525146484,72.04582977294922,71.57754516601562,70.25240325927734,69.05149841308594,68.44561004638672,68.15789794921875,67.91129302978516,67.8045425415039,67.855712890625,67.8560791015625,67.99907684326172,68.41327667236328,70.2887191772461,70.9781494140625,65.4571533203125,62.31250762939453,65.26033020019531,66.99586486816406,65.59063720703125,63.391544342041016,63.82433319091797,64.28067779541016,62.703765869140625,61.442562103271484,62.41134262084961,65.75699615478516,68.48722076416016,66.29759979248047
74.54768371582031,71.15096282958984,68.8981704711914,67.6138687133789,65.68695831298828,64.45030212402344,63.048336029052734,61.94136428833008,60.28641891479492,55.8631591796875,47.872833251953125,51.55680465698242,62.62662887573242,68.9522933959961,72.45115661621094,73.76084899902344,72.71497344970703,70.39462280273438,67.95201110839844,66.30831909179688,65.63642120361328,65.26253509521484,64.74171447753906,64.44966125488281,64.99327850341797,64.6240463256836,63.594505310058594,64.17350006103516,65.19023895263672,65.75040435791016,63.616180419921875,60.209815979003906,59.328399658203125,59.14912796020508,59.29102325439453,59.96549606323242,60.11884689331055,58.38775634765625,56.78348922729492,57.56945037841797,60.10735321044922,63.546546936035156,65.59445190429688,64.2043685913086
69.16983795166016,65.58812713623047,63.59905242919922,62.23298645019531,60.543582916259766,59.310585021972656,56.97249984741211,57.15643310546875,56.3505744934082,54.98796081542969,55.52582550048828,59.19355010986328,63.98306655883789,68.3929214477539,71.22980499267578,71.14688110351562,69.50053405761719,67.48468017578125,65.20307922363281,63.82915115356445,63.14315414428711,61.922607421875,60.78515625,60.33792495727539,61.00741195678711,61.37094497680664,60.47864532470703,59.45733642578125,58.337677001953125,58.21449661254883,58.21577072143555,55.94274139404297,52.907081604003906,51.73931884765625,53.076786041259766,55.03602600097656,55.56434631347656,53.97469711303711,52.63679122924805,54.162078857421875,58.20969009399414,61.63100051879883,61.98248291015625,59.92723846435547
63.37496566772461,60.48920440673828,58.73836898803711,57.108619689941406,55.35737991333008,54.020835876464844,52.726593017578125,52.48823547363281,51.537330627441406,52.32785415649414,53.04191970825195,55.54011154174805,59.41154479980469,63.902252197265625,66.89056396484375,67.10578918457031,65.2296371459961,63.2320671081543,61.707550048828125,60.367828369140625,58.312931060791016,56.20075988769531,56.14698791503906,56.50911331176758,56.85867691040039,57.39228439331055,56.221981048583984,53.819087982177734,51.71393585205078,50.5913200378418,51.08501434326172,50.4885368347168,47.59164047241211,46.75797653198242,49.36693572998047,51.203330993652344,51.275814056396484,50.784175872802734,50.31071853637695,51.314903259277344,54.059486389160156,56.33284378051758,55.37029266357422,52.867218017578125
58.45518112182617,56.2791748046875,54.745521545410156,53.09268569946289,51.123172760009766,49.98396301269531,48.553131103515625,47.327232360839844,47.73334884643555,47.72163009643555,46.9145622253418,46.40935516357422,48.79106140136719,54.05217361450195,58.83235549926758,62.050872802734375,61.444305419921875,58.30510711669922,56.675960540771484,55.76615524291992,53.14949417114258,50.41209030151367,49.584877014160156,49.496788024902344,50.705039978027344,51.904659271240234,50.99321746826172,48.63280487060547,46.39255905151367,45.24163055419922,45.9405403137207,46.10873794555664,44.47996520996094,44.15533447265625,45.42568588256836,46.304847717285156,47.15281295776367,47.53652572631836,47.41154861450195,47.7685432434082,49.82372283935547,51.30082321166992,50.085906982421875,48.24932098388672
54.61420822143555,53.28657531738281,51.32843017578125,50.38036346435547,48.94781494140625,48.009666442871094,45.281246185302734,44.05990982055664,42.5745964050293,33.348323822021484,34.37506866455078,40.121551513671875,46.29294204711914,53.778961181640625,58.43476104736328,59.98301696777344,58.65825653076172,54.957698822021484,50.55508041381836,48.457435607910156,48.498779296875,47.5013542175293,45.22822570800781,43.546669006347656,43.59244155883789,44.74930191040039,45.734458923339844,44.1932258605957,41.09122848510742,40.169612884521484,41.63495635986328,42.2554931640625,41.2907600402832,40.65003967285156,40.91434097290039,42.20793151855469,43.794063568115234,44.02622985839844,43.722312927246094,44.27029037475586,45.78894805908203,46.590641021728516,45.94196319580078,44.43012237548828
52.426387786865234,50.44003677368164,48.15025329589844,47.7476806640625,47.745731353759766,46.099998474121094,43.54255676269531,42.825286865234375,29.816675186157227,17.47705078125,28.112436294555664,38.68318176269531,46.50786209106445,54.499454498291016,61.02583694458008,63.48381423950195,59.18115997314453,49.088680267333984,42.09929656982422,43.77278518676758,45.57203674316406,42.90631866455078,39.59846496582031,38.59394073486328,38.84136199951172,39.9200553894043,41.2476692199707,40.505184173583984,37.80752182006836,37.05659484863281,38.768043518066406,39.831871032714844,39.516143798828125,38.67841720581055,38.69741439819336,40.314517974853516,41.437225341796875,40.73161697387695,39.879398345947266,40.279258728027344,40.6656494140625,40.68984603881836,40.498722076416016,39.52674102783203
50.974098205566406,49.00890350341797,47.28084182739258,46.51624298095703,45.968116760253906,46.43780517578125,43.16697692871094,42.03220748901367,26.87749481201172,18.520626068115234,33.600460052490234,46.49924087524414,54.98351287841797,61.68999099731445,65.70259857177734,63.864646911621094,54.78925704956055,44.608028411865234,41.54703903198242,43.16520690917969,42.960479736328125,39.68260192871094,37.149105072021484,36.98862075805664,37.25556182861328,37.152645111083984,37.25638961791992,37.440330505371094,36.66921615600586,36.459842681884766,37.703514099121094,38.210166931152344,37.8629264831543,37.6743278503418,38.077884674072266,39.488250732421875,39.67824172973633,38.02914810180664,36.33009338378906,37.089027404785156,37.64440155029297,36.06930160522461,34.57994079589844,33.715816497802734
49.792564392089844,49.62030792236328,49.399471282958984,48.179161071777344,47.57536697387695,46.422306060791016,45.92607879638672,41.9150276184082,27.563684463500977,28.656747817993164,43.26900100708008,55.149906158447266,63.37685012817383,67.085693359375,66.3489761352539,59.00223922729492,48.67427062988281,43.85066223144531,42.550537109375,42.33601379394531,41.23081588745117,39.0200080871582,37.47661590576172,36.555702209472656,35.77313995361328,35.512516021728516,35.505977630615234,35.798397064208984,36.05109405517578,36.42387771606445,37.227691650390625,37.54255676269531,36.99882507324219,36.88478088378906,37.171241760253906,38.112083435058594,37.848915100097656,36.795166015625,35.67390441894531,35.443748474121094,35.14817810058594,33.71220779418945,31.83686065673828,29.516874313354492
50.4060173034668,52.297855377197266,52.4901237487793,50.661949157714844,50.241119384765625,47.443992614746094,48.631202697753906,44.06296920776367,38.12012481689453,43.019065856933594,50.30078125,58.249088287353516,64.3508071899414,65.93346405029297,62.71968078613281,52.85105895996094,46.76142883300781,45.39590072631836,43.780792236328125,41.98563003540039,40.86720275878906,39.92227554321289,38.42613983154297,36.4911994934082,35.12508773803711,35.23819351196289,36.0041618347168,36.30995178222656,36.50456619262695,36.82102584838867,37.02800750732422,37.036441802978516,36.166526794433594,36.02589797973633,36.27495574951172,37.024391174316406,37.29906463623047,36.736907958984375,36.16044235229492,34.0372314453125,31.802610397338867,30.997163772583008,29.201257705688477,19.824647903442383
52.714603424072266,54.67426681518555,55.694976806640625,55.12232208251953,53.09931564331055,50.6100959777832,51.632179260253906,50.282527923583984,50.15728759765625,53.37384796142578,54.986515045166016,57.898807525634766,61.09410095214844,62.089969635009766,57.305328369140625,50.32561111450195,47.794776916503906,46.6550407409668,44.069461822509766,41.428955078125,40.27717208862305,39.70182418823242,38.95236587524414,38.24471664428711,37.33786392211914,36.80274963378906,37.658119201660156,37.65205764770508,36.780914306640625,36.92875289916992,37.11237335205078,36.487735748291016,35.94149398803711,36.56474304199219,37.15548324584961,37.189212799072266,37.20084762573242,36.44877624511719,36.02753448486328,32.61419677734375,29.771753311157227,31.064966201782227,20.614748001098633,11.899773597717285
57.40132141113281,59.26118087768555,59.416316986083984,57.687904357910156,55.125789642333984,50.085838317871094,42.41632080078125,41.862220764160156,48.359981536865234,54.380191802978516,56.841976165771484,57.72343826293945,58.41131591796875,58.1771354675293,55.96452713012695,52.693241119384766,49.865257263183594,47.31400680541992,43.31806564331055,39.51496124267578,38.491790771484375,39.50098419189453,41.19573211669922,41.9015998840332,40.51783752441406,38.733245849609375,38.84810256958008,38.09090805053711,36.4736328125,36.94898986816406,37.58256530761719,36.69778823852539,35.968589782714844,36.54987335205078,36.93501281738281,35.96628952026367,35.2730712890625,34.8235969543457,35.51962661743164,33.176090240478516,31.104209899902344,32.13350296020508,22.52251625061035,13.025386810302734
61.66508483886719,64.16569519042969,64.01602935791016,57.21385955810547,53.84854507446289,38.18549346923828,30.316186904907227,38.66057205200195,51.22348403930664,60.62471389770508,62.06616973876953,59.428749084472656,58.15720748901367,58.56100082397461,57.10135269165039,52.95954132080078,49.234291076660156,46.74619674682617,42.70581817626953,38.69220733642578,38.277687072753906,41.51620864868164,44.580997467041016,44.62508773803711,42.32477569580078,40.19908142089844,39.53496551513672,37.6452522277832,35.15859603881836,34.858673095703125,35.155155181884766,34.528289794921875,34.06382751464844,34.409725189208984,34.15673065185547,32.82698440551758,31.447702407836914,30.870939254760742,31.763187408447266,32.826438903808594,33.025569915771484,32.20890426635742,22.85441017150879,14.825329780578613
66.5390853881836,66.7325210571289,61.47298812866211,51.98061752319336,50.821285247802734,39.71131134033203,32.24781799316406,42.512962341308594,58.31207275390625,67.05316925048828,65.01904296875,60.171810150146484,59.147735595703125,59.89469528198242,56.847434997558594,50.769622802734375,46.56715393066406,43.890289306640625,39.49897003173828,36.40925216674805,38.817752838134766,43.983577728271484,46.08283615112305,44.01079177856445,40.518062591552734,37.69819259643555,35.87647247314453,33.56989288330078,31.373443603515625,30.261035919189453,29.653217315673828,29.76953887939453,30.25355339050293,30.377777099609375,30.30390739440918,29.440025329589844,27.519506454467773,25.789451599121094,25.37904167175293,27.471935272216797,28.274011611938477,25.15769386291504,21.220815658569336,4.564687728881836
66.59379577636719,61.48075485229492,54.37982940673828,50.80390167236328,51.61488342285156,48.47117233276367,44.42394256591797,51.48952102661133,63.113765716552734,66.76049041748047,63.29271697998047,59.670616149902344,58.85442352294922,58.75093460083008,54.96992492675781,49.384830474853516,45.45701599121094,41.50348663330078,36.54597854614258,36.2142219543457,40.82977294921875,44.695823669433594,44.54282760620117,40.36573028564453,34.77334213256836,30.990869522094727,29.19307518005371,27.101734161376953,26.291528701782227,26.604751586914062,26.040306091308594,25.928081512451172,27.37088394165039,28.213499069213867,27.879928588867188,27.064838409423828,24.509790420532227,21.228195190429688,20.998994827270508,25.11741065979004,30.325090408325195,27.122516632080078,21.054664611816406,7.973018646240234
61.92278289794922,54.46990966796875,52.33079147338867,55.62459945678711,55.827247619628906,52.6488037109375,52.82044219970703,57.591331481933594,62.3501091003418,62.70369338989258,60.33803176879883,58.60688781738281,57.114227294921875,55.0352668762207,52.05009078979492,49.20552062988281,46.98676300048828,43.52869415283203,39.170677185058594,39.28415298461914,42.621910095214844,43.8013916015625,41.29605484008789,35.449462890625,28.06342124938965,24.531770706176758,25.4877872467041,25.2275447845459,24.600860595703125,24.814254760742188,24.977800369262695,25.035564422607422,25.95459747314453,26.960031509399414,24.376066207885742,23.05879020690918,24.563020706176758,17.483102798461914,14.632465362548828,22.5639705657959,29.129133224487305,28.872364044189453,22.312049865722656,17.14187240600586
