data/wind_data/wind_Surface_16.json
{"header": {"parameterUnit": "KT", "parameterCategory": 2, "nx": 255, "ny": 198, "lo1": 44.73521041870117, "la1": -3.236724853515625, "lo2": 111.26478576660156, "la2": 43.468475341796875, "dx": 0.26192745566368103, "dy": -0.23708222806453705, "refTime": "2025-02-19 16:00:00", "forecastTime": 0, "parameterNumber": 2, "parameterNumberName": "eastward_wind"}, "data":
[rows 19 to 37 of 198, columns 43 to 85 of 255]
-10.74566650390625,-10.45979118347168,-10.255297660827637,-10.128026008605957,-10.028095245361328,-9.959291458129883,-9.734349250793457,-9.45110034942627,-9.244514465332031,-9.183194160461426,-9.128581047058105,-8.939238548278809,-8.577235221862793,-8.215462684631348,-7.872421741485596,-7.494681358337402,-7.0512542724609375,-6.5697174072265625,-6.2432332038879395,-6.291573524475098,-6.468686103820801,-6.3951945304870605,-6.237644672393799,-6.189117908477783,-6.195363521575928,-6.243902206420898,-6.187416076660156,-5.9698591232299805,-5.826046466827393,-5.770790100097656,-5.97337007522583,-6.769461154937744,-7.0491485595703125,-6.731471538543701,-6.960497856140137,-7.212000846862793,-7.087193965911865,-7.191418170928955,-7.60939359664917,-8.189780235290527,-8.434048652648926,-8.06637191772461,-7.533380031585693
-10.750997543334961,-10.824946403503418,-11.024956703186035,-10.849508285522461,-10.473143577575684,-10.223182678222656,-10.047126770019531,-9.990205764770508,-9.693480491638184,-9.521692276000977,-9.350188255310059,-9.083887100219727,-8.764772415161133,-8.511040687561035,-8.3124418258667,-8.02138900756836,-7.536114692687988,-6.944235324859619,-6.485236644744873,-6.331827163696289,-6.3885040283203125,-6.397891044616699,-6.2797441482543945,-6.180684566497803,-6.203946113586426,-6.384490966796875,-6.424450397491455,-6.2372145652771,-6.030604362487793,-6.025993347167969,-6.385700702667236,-6.581640720367432,-6.53032922744751,-6.80291748046875,-7.156254291534424,-6.895286560058594,-6.667884349822998,-7.107374668121338,-7.632024765014648,-8.113126754760742,-8.41702938079834,-8.264610290527344,-7.728496551513672
-11.306059837341309,-10.80522632598877,-10.959648132324219,-11.291656494140625,-11.272394180297852,-10.735100746154785,-10.569644927978516,-10.3023681640625,-9.982588768005371,-9.70693302154541,-9.441340446472168,-9.194572448730469,-8.915474891662598,-8.707590103149414,-8.58039379119873,-8.388822555541992,-7.967474937438965,-7.311721324920654,-6.673597812652588,-6.3282623291015625,-6.322737693786621,-6.41851806640625,-6.434812068939209,-6.4632720947265625,-6.617563724517822,-6.704957008361816,-6.450525760650635,-6.288782596588135,-6.4490790367126465,-6.502449035644531,-6.46178674697876,-6.4657392501831055,-6.354662895202637,-6.570254802703857,-6.999581813812256,-6.883580207824707,-6.5421624183654785,-6.704452037811279,-7.113006114959717,-7.536593914031982,-8.014227867126465,-8.105661392211914,-7.689422607421875
-12.217233657836914,-11.061789512634277,-10.948285102844238,-11.256404876708984,-11.379611015319824,-11.132147789001465,-10.769773483276367,-10.442227363586426,-10.123424530029297,-9.802659034729004,-9.46746826171875,-9.209554672241211,-8.96977710723877,-8.754523277282715,-8.672744750976562,-8.624136924743652,-8.373095512390137,-7.843690872192383,-7.2265167236328125,-6.792209148406982,-6.721020698547363,-6.826125144958496,-6.820919990539551,-6.8921356201171875,-7.073498725891113,-6.9647040367126465,-6.523131847381592,-6.363379955291748,-6.578029155731201,-6.654911041259766,-6.631341457366943,-6.678106784820557,-6.703230857849121,-6.792173862457275,-6.875371932983398,-6.759859561920166,-6.4539031982421875,-6.290084362030029,-6.505144119262695,-6.893111705780029,-7.308988571166992,-7.576724529266357,-7.492929935455322
-11.848044395446777,-11.551904678344727,-10.948227882385254,-11.197549819946289,-11.434833526611328,-11.10756778717041,-10.6845703125,-10.3256196975708,-10.029674530029297,-9.985886573791504,-9.769469261169434,-9.4479398727417,-9.196173667907715,-8.864174842834473,-8.74239730834961,-8.762203216552734,-8.647660255432129,-8.335700988769531,-7.8736186027526855,-7.455338478088379,-7.279289722442627,-7.283178806304932,-7.146396160125732,-7.149531364440918,-7.390905380249023,-7.234927654266357,-6.864672660827637,-6.6363959312438965,-6.6017374992370605,-6.795121192932129,-6.859573841094971,-6.783216953277588,-6.867192268371582,-7.030961990356445,-7.085643291473389,-6.930734634399414,-6.551881313323975,-6.256689071655273,-6.27918815612793,-6.533608436584473,-6.893191337585449,-7.2500691413879395,-7.40251350402832
-9.786473274230957,-11.612565040588379,-11.242587089538574,-10.89168930053711,-11.27675724029541,-11.133191108703613,-10.48758316040039,-9.989660263061523,-9.846628189086914,-10.093269348144531,-10.12255859375,-9.825784683227539,-9.56251049041748,-9.057689666748047,-8.708296775817871,-8.654772758483887,-8.660734176635742,-8.635821342468262,-8.348711967468262,-7.879688739776611,-7.57559871673584,-7.465836048126221,-7.424983024597168,-7.479950428009033,-7.582396984100342,-7.4660491943359375,-7.383809566497803,-7.246098518371582,-6.975815296173096,-7.142920017242432,-7.402268886566162,-7.1253886222839355,-6.787232398986816,-6.8647284507751465,-6.933272361755371,-6.865095138549805,-6.7179107666015625,-6.547839641571045,-6.446521282196045,-6.472598075866699,-6.757525444030762,-7.139412879943848,-7.286662578582764
-8.271535873413086,-9.903055191040039,-10.311933517456055,-10.361117362976074,-10.756814956665039,-10.71261978149414,-10.02126693725586,-9.432843208312988,-9.424138069152832,-9.980093955993652,-10.088150978088379,-9.903752326965332,-9.720968246459961,-9.197504997253418,-8.676590919494629,-8.520755767822266,-8.575936317443848,-8.747200012207031,-8.723162651062012,-8.362881660461426,-7.984206199645996,-7.664767742156982,-7.4149675369262695,-7.378276348114014,-7.564481258392334,-7.794676780700684,-7.894330978393555,-7.861720561981201,-7.5904741287231445,-7.357606887817383,-7.57991886138916,-7.727205276489258,-7.502623558044434,-7.107604503631592,-6.656529426574707,-6.389141082763672,-6.31516170501709,-6.243818283081055,-6.270912170410156,-6.3766279220581055,-6.549280643463135,-6.7288312911987305,-6.7978291511535645
-7.9604268074035645,-8.637480735778809,-9.056548118591309,-8.799059867858887,-9.407054901123047,-10.24860668182373,-9.511210441589355,-8.385857582092285,-8.71898365020752,-9.415240287780762,-9.496796607971191,-9.583124160766602,-9.67148208618164,-9.469738960266113,-9.050856590270996,-8.913026809692383,-8.987227439880371,-8.92366886138916,-8.960453033447266,-8.813962936401367,-8.409313201904297,-8.084624290466309,-7.766129970550537,-7.667547225952148,-7.825794219970703,-7.997989177703857,-8.200160026550293,-8.421637535095215,-8.28317928314209,-7.770952224731445,-7.686370372772217,-7.988744258880615,-7.888571262359619,-7.469627380371094,-7.00311279296875,-6.703517913818359,-6.576767444610596,-6.132540225982666,-5.824886322021484,-5.932773590087891,-6.099392890930176,-6.275629997253418,-6.443946361541748
-8.339408874511719,-8.627541542053223,-8.057586669921875,-7.339970588684082,-8.693601608276367,-10.261425018310547,-9.639440536499023,-8.174661636352539,-7.6450982093811035,-7.952841281890869,-8.60683536529541,-9.213987350463867,-9.574542999267578,-9.870498657226562,-9.679696083068848,-9.420313835144043,-9.545696258544922,-9.568486213684082,-9.304896354675293,-8.94200325012207,-8.632037162780762,-8.50796127319336,-8.166007041931152,-7.859203338623047,-7.932379722595215,-8.137687683105469,-8.492280006408691,-8.85268497467041,-8.85700511932373,-8.303062438964844,-7.923410415649414,-8.023608207702637,-7.962023735046387,-7.628262042999268,-7.236692428588867,-6.948547840118408,-6.704873085021973,-6.264382839202881,-5.793222427368164,-5.711808681488037,-5.853252410888672,-6.088561534881592,-6.330276012420654
-8.969989776611328,-8.98409652709961,-8.843839645385742,-8.578256607055664,-9.201338768005371,-10.810771942138672,-10.781291961669922,-9.317789077758789,-7.073751926422119,-5.862683296203613,-7.113935470581055,-8.35161018371582,-9.16986083984375,-10.15254020690918,-10.151153564453125,-9.769404411315918,-9.911720275878906,-9.649015426635742,-9.28100299835205,-9.230985641479492,-9.137251853942871,-9.187725067138672,-8.73902702331543,-8.194029808044434,-8.198225975036621,-8.384499549865723,-8.745121002197266,-9.039380073547363,-9.027847290039062,-8.680102348327637,-8.249387741088867,-8.12198543548584,-8.062390327453613,-7.715259075164795,-7.290155410766602,-6.895993232727051,-6.585433483123779,-6.407532691955566,-6.139247894287109,-5.965926647186279,-5.987758636474609,-6.184561252593994,-6.212643623352051
-9.492942810058594,-9.828628540039062,-9.910520553588867,-10.063963890075684,-10.404820442199707,-11.19813346862793,-11.448952674865723,-9.947540283203125,-7.644962787628174,-6.058157444000244,-6.230656147003174,-6.922324180603027,-7.99222469329834,-10.141270637512207,-10.55351734161377,-10.161593437194824,-10.083412170410156,-8.915511131286621,-8.063271522521973,-8.598489761352539,-9.575913429260254,-9.88542366027832,-9.1790771484375,-8.604851722717285,-8.657217025756836,-8.801791191101074,-9.082663536071777,-9.253460884094238,-8.977888107299805,-8.761712074279785,-8.433802604675293,-8.270198822021484,-8.14746379852295,-7.669374465942383,-7.243613243103027,-6.8818583488464355,-6.535294055938721,-6.359170436859131,-6.346346378326416,-6.294461727142334,-6.278243064880371,-6.271648406982422,-6.0489583015441895
-9.666369438171387,-10.233000755310059,-10.620720863342285,-10.937467575073242,-10.98046588897705,-11.093536376953125,-10.83104419708252,-9.52566909790039,-8.111509323120117,-7.539840221405029,-7.662385940551758,-7.327169418334961,-8.229097366333008,-10.396839141845703,-10.799514770507812,-10.580739974975586,-10.152875900268555,-8.273249626159668,-6.454063415527344,-6.594179630279541,-8.906342506408691,-9.800118446350098,-8.806448936462402,-8.620473861694336,-9.04413890838623,-9.253182411193848,-9.466044425964355,-9.796353340148926,-9.34560775756836,-8.89380168914795,-8.57002067565918,-8.37809944152832,-8.123759269714355,-7.640130519866943,-7.325220108032227,-6.9992194175720215,-6.510595321655273,-6.019625186920166,-5.959387302398682,-6.001394271850586,-6.045943260192871,-6.053784370422363,-5.970100402832031
-10.101402282714844,-10.495332717895508,-10.78509521484375,-11.041485786437988,-10.883018493652344,-10.325984954833984,-9.73129940032959,-9.264144897460938,-8.692075729370117,-8.129779815673828,-7.982133865356445,-8.76439380645752,-9.399862289428711,-9.257915496826172,-10.34174633026123,-11.390612602233887,-10.337811470031738,-8.142074584960938,-5.866156101226807,-4.846827983856201,-7.263021469116211,-8.844498634338379,-7.68326997756958,-7.903292179107666,-8.862759590148926,-9.422321319580078,-9.810580253601074,-10.100616455078125,-9.852581977844238,-9.441448211669922,-8.88588809967041,-8.546241760253906,-8.194336891174316,-7.703705787658691,-7.480409622192383,-7.3107428550720215,-6.781999588012695,-6.085000991821289,-5.7815985679626465,-5.687314987182617,-5.471621990203857,-5.46765661239624,-5.6286940574646
-10.372332572937012,-10.723268508911133,-11.031767845153809,-10.990323066711426,-10.660816192626953,-9.921113014221191,-9.330708503723145,-9.456036567687988,-9.522172927856445,-9.158690452575684,-8.540596961975098,-8.07176685333252,-8.619768142700195,-9.914667129516602,-11.174904823303223,-11.37117862701416,-10.120576858520508,-8.450078964233398,-6.780256748199463,-5.960709095001221,-6.601210594177246,-6.968447685241699,-5.7957000732421875,-5.673741340637207,-7.49302339553833,-8.99948501586914,-9.607024192810059,-9.789522171020508,-10.0369234085083,-10.085689544677734,-9.485685348510742,-8.785292625427246,-8.304891586303711,-7.841268062591553,-7.5821075439453125,-7.522711753845215,-7.158023834228516,-6.556304931640625,-6.004174709320068,-5.727595806121826,-5.298099517822266,-5.043087959289551,-5.131546497344971
-10.58657455444336,-10.897286415100098,-10.760345458984375,-10.59122085571289,-10.573198318481445,-9.895767211914062,-9.246740341186523,-9.475434303283691,-9.624009132385254,-9.513486862182617,-9.581178665161133,-9.425193786621094,-8.89400863647461,-8.923994064331055,-9.892329216003418,-10.490811347961426,-9.44963550567627,-8.006025314331055,-7.02264404296875,-6.614531517028809,-5.993747234344482,-4.771573066711426,-3.9090218544006348,-4.9178361892700195,-6.928956985473633,-8.300415992736816,-9.03812313079834,-9.458996772766113,-10.191075325012207,-10.363239288330078,-9.947309494018555,-9.118857383728027,-8.499322891235352,-8.062061309814453,-7.63228178024292,-7.479825019836426,-7.079046249389648,-6.618431568145752,-6.199028968811035,-5.702176570892334,-5.152169704437256,-4.912691116333008,-4.797232627868652
-10.537467956542969,-10.730668067932129,-10.580262184143066,-10.438478469848633,-10.610161781311035,-9.930606842041016,-9.07752513885498,-9.195540428161621,-9.546439170837402,-9.638325691223145,-9.497802734375,-9.393182754516602,-9.245965957641602,-9.166358947753906,-9.369991302490234,-9.369489669799805,-8.836496353149414,-7.969887733459473,-7.0825066566467285,-6.441016674041748,-4.803966999053955,-3.1985857486724854,-4.474467754364014,-7.2840962409973145,-7.4525556564331055,-7.394145488739014,-8.695047378540039,-9.485124588012695,-10.173771858215332,-10.159323692321777,-9.641257286071777,-9.219551086425781,-8.970172882080078,-8.459097862243652,-7.848837852478027,-7.70837926864624,-7.025226593017578,-6.459463596343994,-6.487281322479248,-5.975580215454102,-5.473012447357178,-5.235748767852783,-5.065467357635498
-10.10765266418457,-10.449846267700195,-10.690393447875977,-10.545756340026855,-10.385525703430176,-9.8633451461792,-9.324361801147461,-9.370889663696289,-9.61428165435791,-9.895938873291016,-9.79516315460205,-9.481842994689941,-9.334880828857422,-9.609659194946289,-9.86874771118164,-9.525772094726562,-8.485527038574219,-7.588397979736328,-7.320697784423828,-6.6855010986328125,-5.732032775878906,-5.446856498718262,-5.707674503326416,-5.541986465454102,-5.298364639282227,-6.743461608886719,-8.906498908996582,-9.852544784545898,-10.211457252502441,-9.977299690246582,-9.047492980957031,-8.861814498901367,-9.2618408203125,-8.963157653808594,-8.419756889343262,-8.123429298400879,-7.394228935241699,-6.633730411529541,-6.415905475616455,-6.112935543060303,-5.70301628112793,-5.467157363891602,-5.337502956390381
-10.475740432739258,-10.567688941955566,-10.31673526763916,-10.091492652893066,-9.96054458618164,-9.865213394165039,-9.674544334411621,-9.431118965148926,-9.394196510314941,-9.602813720703125,-9.887211799621582,-9.875321388244629,-9.739677429199219,-9.780583381652832,-9.598013877868652,-9.239070892333984,-8.52435302734375,-7.794674873352051,-7.411869525909424,-6.888350009918213,-6.274179458618164,-6.271897315979004,-6.075019836425781,-4.358603477478027,-4.736274719238281,-9.243575096130371,-10.818573951721191,-10.111579895019531,-10.791678428649902,-10.44052791595459,-8.845012664794922,-8.288370132446289,-8.813905715942383,-8.862509727478027,-8.865577697753906,-8.420063972473145,-7.538248538970947,-6.984999179840088,-6.368074893951416,-6.106723308563232,-5.90231466293335,-5.512648582458496,-5.382876396179199
-10.25509262084961,-10.433248519897461,-10.543113708496094,-10.55371379852295,-10.511896133422852,-10.158493041992188,-9.687030792236328,-9.468908309936523,-9.424104690551758,-9.47640609741211,-9.706114768981934,-9.780036926269531,-9.44669246673584,-9.181073188781738,-8.966836929321289,-8.912242889404297,-8.938714027404785,-8.438681602478027,-7.3847503662109375,-6.3897480964660645,-5.756214141845703,-5.889216899871826,-6.715423583984375,-6.643969535827637,-7.72846794128418,-10.20511245727539,-10.199467658996582,-10.07276439666748,-10.830840110778809,-9.737570762634277,-8.394923210144043,-8.135492324829102,-8.179340362548828,-8.269657135009766,-8.551284790039062,-8.381223678588867,-7.779839038848877,-7.174036026000977,-6.266626834869385,-5.741218090057373,-5.547715187072754,-5.344470977783203,-5.228776931762695
