data/wind_data/wind_50_2.json
{"header": {"parameterUnit": "KT", "parameterCategory": 2, "nx": 256, "ny": 198, "lo1": 44.73521041870117, "la1": -3.236724853515625, "lo2": 111.26478576660156, "la2": 43.468475341796875, "dx": 0.2609002888202667, "dy": -0.23708222806453705, "refTime": "2025-02-21 02:00:00", "forecastTime": 0, "parameterNumber": 2, "parameterNumberName": "eastward_wind"}, "data":
[rows 95 to 113 of 198, columns 43 to 85 of 256]
9.909750938415527,8.319326400756836,5.231793403625488,1.8081562519073486,-0.24444817006587982,-1.173572301864624,-0.8982720971107483,-0.6991833448410034,-1.2516885995864868,-0.869430661201477,-0.8532765507698059,-1.0614317655563354,-0.13808684051036835,0.540692150592804,0.2576521635055542,-0.43441829085350037,-1.0399808883666992,-0.9511338472366333,-0.47881773114204407,-0.36066925525665283,-0.8474690914154053,-1.2915951013565063,-1.2771235704421997,-1.1110919713974,-1.2025409936904907,-1.6101497411727905,-2.045448064804077,-2.1437017917633057,-1.7654180526733398,-1.2125492095947266,-0.8786469101905823,-0.9121951460838318,-1.1967402696609497,-1.4771935939788818,-1.588006854057312,-1.5566567182540894,-1.664507508277893,-2.0534121990203857,-2.5606424808502197,-3.007793426513672,-3.2617838382720947,-3.2340736389160156,-2.9325618743896484
10.392043113708496,8.290417671203613,4.722743988037109,1.5690590143203735,-0.06781239062547684,-0.4198826849460602,0.033167414367198944,-0.04969688132405281,-0.7840242981910706,-0.18339179456233978,0.006466562859714031,-0.3447817265987396,0.07806988805532455,0.4447647035121918,1.1359264850616455,0.2826373279094696,-0.15537914633750916,0.07089058309793472,0.41072940826416016,0.11662889271974564,-0.6534915566444397,-1.082897424697876,-1.0657134056091309,-1.1242971420288086,-1.4907054901123047,-1.97329843044281,-2.2333219051361084,-1.9960365295410156,-1.4054843187332153,-0.8993304371833801,-0.7540132999420166,-0.9854012131690979,-1.3309553861618042,-1.62277352809906,-1.7827932834625244,-1.8633865118026733,-2.1023075580596924,-2.5945637226104736,-3.207486867904663,-3.7744710445404053,-4.127161979675293,-4.159273147583008,-3.8474273681640625
10.629499435424805,7.989686012268066,4.345314025878906,1.780185341835022,0.524359405040741,0.44949793815612793,0.8742213249206543,0.5761932730674744,-0.010146906599402428,0.589019238948822,0.9873263835906982,1.0557979345321655,1.0524994134902954,0.9592233896255493,0.9314653277397156,0.9082289934158325,0.7341305613517761,1.0206549167633057,1.056402564048767,0.30083662271499634,-0.6039549708366394,-0.9697715044021606,-1.0959886312484741,-1.46009361743927,-2.0274455547332764,-2.516314744949341,-2.563628911972046,-2.1320321559906006,-1.6791666746139526,-1.4619332551956177,-1.5101865530014038,-1.691383719444275,-1.8921935558319092,-2.1322476863861084,-2.340695381164551,-2.5592525005340576,-2.912830114364624,-3.402953624725342,-3.91117262840271,-4.306360721588135,-4.48253059387207,-4.375542163848877,-3.995483160018921
10.787477493286133,7.737618446350098,4.223379611968994,2.187241554260254,1.1885147094726562,1.1047229766845703,1.489425778388977,1.2523173093795776,1.027464509010315,1.2689354419708252,1.7785511016845703,2.4784979820251465,2.6856606006622314,2.468954563140869,1.2786418199539185,1.019214391708374,1.4823625087738037,1.8138798475265503,1.4169224500656128,0.28428930044174194,-0.6176264882087708,-0.9587872624397278,-1.2766746282577515,-1.8175331354141235,-2.4918506145477295,-3.026108503341675,-3.0547635555267334,-2.8107268810272217,-2.7215559482574463,-2.754984140396118,-2.7297146320343018,-2.633894681930542,-2.65960955619812,-2.8566596508026123,-3.130075693130493,-3.4228832721710205,-3.719231605529785,-4.013875484466553,-4.268639087677002,-4.396471977233887,-4.32222318649292,-4.009712219238281,-3.510684013366699
11.156533241271973,7.959499835968018,4.672189235687256,2.797879934310913,2.0076215267181396,2.1846683025360107,2.407942056655884,2.1463534832000732,1.9300811290740967,2.011701822280884,2.8036961555480957,3.7467195987701416,4.117249965667725,4.263458728790283,3.044959545135498,1.4266730546951294,1.9194774627685547,2.280102491378784,1.4782872200012207,0.14841914176940918,-0.6454367637634277,-0.9720587134361267,-1.369775652885437,-1.9339567422866821,-2.6712934970855713,-3.313802480697632,-3.5616962909698486,-3.670189142227173,-3.8051671981811523,-3.813769817352295,-3.6116464138031006,-3.4045965671539307,-3.4145448207855225,-3.5985207557678223,-3.801225423812866,-3.9404208660125732,-4.041707515716553,-4.143443584442139,-4.191486358642578,-4.090544700622559,-3.778202772140503,-3.256653070449829,-2.6082053184509277
11.625022888183594,8.49764633178711,5.276026248931885,3.1675238609313965,2.57236385345459,2.658438205718994,2.3013720512390137,1.9653900861740112,2.2994136810302734,2.971601724624634,3.769049644470215,4.515596389770508,6.527793884277344,8.186646461486816,5.5215277671813965,2.3559556007385254,2.0720598697662354,2.1931867599487305,1.3077523708343506,0.0529383048415184,-0.5673803091049194,-0.8440240621566772,-1.2218365669250488,-1.7336411476135254,-2.341343879699707,-2.9606480598449707,-3.5138368606567383,-3.982146978378296,-4.144423961639404,-4.015456199645996,-3.8073997497558594,-3.6918675899505615,-3.7559845447540283,-3.8511946201324463,-3.8567607402801514,-3.842698097229004,-3.846973419189453,-3.823786497116089,-3.698267698287964,-3.4528613090515137,-3.0317869186401367,-2.3988852500915527,-1.6706435680389404
12.159619331359863,9.241687774658203,6.153162002563477,3.7750117778778076,3.3388447761535645,3.5459983348846436,3.3832898139953613,3.2519690990448,3.8076012134552,4.533759593963623,4.667542457580566,6.604182720184326,10.006540298461914,12.604207038879395,6.8758134841918945,3.1400482654571533,2.013909101486206,1.7861380577087402,1.156890869140625,0.15847653150558472,-0.25869977474212646,-0.433549165725708,-0.7936630249023438,-1.2192370891571045,-1.6339707374572754,-2.248779535293579,-3.0466296672821045,-3.607773542404175,-3.636563301086426,-3.3868439197540283,-3.223304510116577,-3.283296585083008,-3.4635188579559326,-3.5304806232452393,-3.4804632663726807,-3.4021379947662354,-3.2903432846069336,-3.153702974319458,-3.0200185775756836,-2.8477823734283447,-2.487483263015747,-1.9056588411331177,-1.2526427507400513
12.590043067932129,9.842524528503418,7.0862650871276855,4.6324238777160645,3.17301607131958,2.003875255584717,1.942898154258728,2.9828569889068604,3.9561538696289062,5.37902307510376,7.612860202789307,11.083931922912598,13.130280494689941,10.839693069458008,3.761235237121582,3.2417795658111572,1.9411336183547974,1.5189476013183594,1.1242685317993164,0.47847282886505127,0.36513370275497437,0.27919715642929077,-0.10651751607656479,-0.4941991865634918,-0.9512908458709717,-1.6891590356826782,-2.4938459396362305,-2.874309539794922,-2.692136287689209,-2.339561700820923,-2.229825019836426,-2.431619882583618,-2.706852436065674,-2.858365297317505,-2.844327449798584,-2.704024314880371,-2.556673765182495,-2.532377004623413,-2.629145383834839,-2.640571355819702,-2.38232684135437,-1.928503155708313,-1.4286799430847168
12.75186824798584,10.072367668151855,8.28892707824707,6.012114524841309,6.351524353027344,8.68337345123291,9.503149032592773,8.655057907104492,7.487179279327393,8.404793739318848,11.6946439743042,10.099995613098145,11.231523513793945,6.9180097579956055,2.7414650917053223,3.182138442993164,2.0589253902435303,1.5242314338684082,1.1558467149734497,0.9734492897987366,1.1655783653259277,1.0811173915863037,0.6623741984367371,0.200699582695961,-0.41483256220817566,-1.1648609638214111,-1.8001134395599365,-1.9900816679000854,-1.7054502964019775,-1.3867682218551636,-1.3974714279174805,-1.7553609609603882,-2.1994810104370117,-2.449786901473999,-2.4249448776245117,-2.2995057106018066,-2.2636568546295166,-2.4280922412872314,-2.6044042110443115,-2.500566005706787,-2.1075503826141357,-1.6155644655227661,-1.1050950288772583
12.585711479187012,9.939485549926758,8.699922561645508,8.107584953308105,13.134427070617676,17.605606079101562,16.911888122558594,13.831798553466797,10.17626953125,9.9181489944458,11.471212387084961,4.054727077484131,2.2934091091156006,5.955784320831299,4.417446136474609,3.357391119003296,2.244373083114624,1.5438642501831055,1.2523788213729858,1.4923272132873535,1.79998779296875,1.6672190427780151,1.249304175376892,0.7387271523475647,0.13521838188171387,-0.4325847625732422,-0.8685801029205322,-1.0917121171951294,-0.9743925929069519,-0.8337326049804688,-1.1288535594940186,-1.848644495010376,-2.428915023803711,-2.570169448852539,-2.5568177700042725,-2.5025558471679688,-2.48013973236084,-2.4219231605529785,-2.1260597705841064,-1.553096890449524,-0.9192749857902527,-0.35783156752586365,0.20656880736351013
12.56596565246582,10.230362892150879,10.076831817626953,13.887775421142578,20.33258056640625,21.789501190185547,20.145889282226562,16.024551391601562,9.543721199035645,5.713198661804199,3.0268208980560303,1.1528671979904175,3.664468765258789,4.78792142868042,5.150234699249268,3.5829544067382812,2.3485236167907715,1.5207592248916626,1.4302657842636108,1.822237491607666,2.0677874088287354,1.946790099143982,1.6413778066635132,1.2817065715789795,0.8980818390846252,0.4588799774646759,-0.15519991517066956,-0.6048836708068848,-0.6854907274246216,-0.7963071465492249,-1.5255053043365479,-2.3527092933654785,-2.681474447250366,-2.767070770263672,-2.7698822021484375,-2.548452854156494,-2.133540153503418,-1.5055826902389526,-0.7311646342277527,0.07667763531208038,0.7081097960472107,1.14890718460083,1.5996395349502563
14.09361743927002,12.550427436828613,15.510055541992188,20.401350021362305,21.393321990966797,13.706477165222168,11.743510246276855,12.42902660369873,11.168084144592285,8.596502304077148,5.05408239364624,3.8675520420074463,5.154019355773926,4.102591514587402,4.881076812744141,3.6366968154907227,2.331209897994995,1.5586681365966797,1.6204452514648438,1.9993541240692139,2.199126720428467,2.088465690612793,1.992202639579773,1.956339955329895,1.6393681764602661,0.9404320120811462,0.15660519897937775,-0.3144024610519409,-0.5252601504325867,-0.9853406548500061,-1.8896982669830322,-2.571308135986328,-2.8606948852539062,-2.782719612121582,-2.306936264038086,-1.55876624584198,-0.6867669224739075,0.1480114459991455,0.8127149343490601,1.3147501945495605,1.7284666299819946,2.202601909637451,2.6948130130767822
15.175451278686523,16.177352905273438,21.45674705505371,20.754241943359375,12.646474838256836,8.422684669494629,8.748520851135254,10.452227592468262,11.47107982635498,11.127299308776855,8.211265563964844,6.023831367492676,5.50457239151001,4.011564254760742,4.4725775718688965,3.627227544784546,2.4163036346435547,1.6918708086013794,1.6886805295944214,2.0022873878479004,2.221236228942871,2.405755043029785,2.6414551734924316,2.6168642044067383,1.9891670942306519,0.9978258013725281,0.2598913311958313,-0.13541124761104584,-0.4790242612361908,-1.3301897048950195,-2.4355907440185547,-2.941460132598877,-2.68300461769104,-1.8633898496627808,-0.8658086657524109,0.16041772067546844,1.0997631549835205,1.6444495916366577,1.837877869606018,2.0862300395965576,2.542781114578247,3.205523729324341,3.804938793182373
18.176237106323242,20.092130661010742,22.770734786987305,13.438055038452148,9.793867111206055,10.144980430603027,9.34889030456543,9.367972373962402,10.843633651733398,11.866847038269043,10.360847473144531,7.9538984298706055,5.98539924621582,4.145017623901367,4.193741798400879,3.6190898418426514,2.506686210632324,1.7088236808776855,1.4803149700164795,1.8531053066253662,2.4695801734924316,2.9365274906158447,3.1298892498016357,2.8241965770721436,1.8796042203903198,0.870980441570282,0.2389504760503769,-0.24783417582511902,-0.7876851558685303,-1.6908363103866577,-2.129521131515503,-1.8869181871414185,-1.2971577644348145,-0.5301007628440857,0.45179906487464905,1.5673034191131592,2.524700164794922,3.059296131134033,3.2684531211853027,3.4205148220062256,3.787337303161621,4.43890905380249,5.020349502563477
19.78553581237793,24.963882446289062,15.704384803771973,8.596346855163574,9.743010520935059,11.056405067443848,9.486184120178223,8.717011451721191,10.434419631958008,12.686192512512207,12.223069190979004,9.45561695098877,6.3655548095703125,4.198486804962158,3.9476213455200195,3.2806107997894287,1.8715400695800781,0.8407078981399536,0.9381793141365051,1.9722172021865845,2.921339988708496,3.3871963024139404,3.3376245498657227,2.750514507293701,1.7558002471923828,0.9943217039108276,0.613851010799408,0.78778076171875,0.6195158362388611,0.29083120822906494,0.34571725130081177,0.37329745292663574,0.4171617031097412,0.7463490962982178,1.4838329553604126,2.5076539516448975,3.4674038887023926,4.053757667541504,4.5389018058776855,4.732163906097412,4.669426918029785,4.7629075050354,5.331252098083496
20.092294692993164,16.02813720703125,5.795431613922119,4.075229644775391,7.3998565673828125,8.96458911895752,8.127130508422852,7.475175380706787,8.416444778442383,10.521065711975098,10.942906379699707,9.095273971557617,6.016056537628174,3.6550142765045166,2.813018560409546,1.5394971370697021,0.264132559299469,0.08960457891225815,1.0120408535003662,2.1558902263641357,3.0185184478759766,3.3056819438934326,3.1009740829467773,2.36679744720459,1.6508115530014038,1.2755460739135742,1.531023621559143,1.6329360008239746,0.9251152873039246,0.575056791305542,0.6744062304496765,1.1182562112808228,2.0688726902008057,2.6585607528686523,2.6276674270629883,2.7220098972320557,3.03737211227417,3.4511022567749023,4.002798557281494,4.589267253875732,4.536327362060547,4.337669849395752,5.05761194229126
8.675439834594727,2.3489491939544678,-4.449460506439209,-2.5300240516662598,1.3016575574874878,2.839409589767456,2.481661558151245,2.3498523235321045,2.332608938217163,3.062753915786743,3.643557071685791,3.3559179306030273,2.0947508811950684,0.8480819463729858,-0.16840311884880066,-1.1998634338378906,-1.6237553358078003,-0.9528806209564209,0.3366889953613281,1.6995537281036377,2.497828245162964,2.9580094814300537,2.977447748184204,2.462491035461426,1.7941944599151611,1.5577635765075684,1.6138323545455933,0.9790571928024292,0.602627158164978,1.5265008211135864,1.406026005744934,0.7569669485092163,2.528106927871704,4.418388843536377,2.7630887031555176,1.0795598030090332,1.5431779623031616,2.3983163833618164,3.085367202758789,4.105897903442383,4.573421478271484,4.936208248138428,5.75600528717041
1.0371057987213135,-2.08305287361145,-6.993537425994873,-5.297489643096924,-4.186515808105469,-2.819140672683716,-2.619692325592041,-2.403153896331787,-3.321873664855957,-3.6091203689575195,-3.820094585418701,-3.658080577850342,-3.053124189376831,-2.92993426322937,-3.388057231903076,-3.20727801322937,-2.220409631729126,-0.7887486219406128,0.5398342609405518,1.6564500331878662,2.2259016036987305,2.504169464111328,2.416036605834961,2.3233115673065186,2.543503761291504,2.181966543197632,1.7804046869277954,0.6686003804206848,-0.41243723034858704,0.7657042145729065,3.993601083755493,4.45131778717041,3.5668437480926514,3.5031681060791016,2.4169321060180664,0.9737903475761414,0.7162353992462158,0.3340098559856415,1.5112446546554565,3.4028613567352295,4.508375644683838,5.247604846954346,7.033398628234863
-3.544950008392334,-5.894362449645996,-9.358431816101074,-6.289797306060791,-4.672273635864258,-5.90450382232666,-8.502384185791016,-9.578303337097168,-10.069129943847656,-9.881487846374512,-9.374083518981934,-8.272038459777832,-6.593808650970459,-5.029801845550537,-3.848005771636963,-2.9005179405212402,-2.001103162765503,-1.020993709564209,-0.34973305463790894,0.37940266728401184,1.0804710388183594,1.5105841159820557,1.7010693550109863,1.9859862327575684,2.4929394721984863,2.2448291778564453,2.372781991958618,2.428788661956787,2.163630962371826,0.949694037437439,0.8307194709777832,2.830244302749634,4.706348896026611,5.682766914367676,5.124014377593994,4.16304349899292,3.8310635089874268,2.6989026069641113,2.859618902206421,3.4529848098754883,3.7346384525299072,4.585422992706299,7.488938331604004
