data/wind_data/wind_62_9.json
{"header": {"parameterUnit": "KT", "parameterCategory": 2, "nx": 256, "ny": 198, "lo1": 44.73521041870117, "la1": -3.236724853515625, "lo2": 111.26478576660156, "la2": 43.468475341796875, "dx": 0.2609002888202667, "dy": -0.23708222806453705, "refTime": "2025-02-21 14:00:00", "forecastTime": 0, "parameterNumber": 2, "parameterNumberName": "eastward_wind"}, "data":
[rows 19 to 37 of 198, columns 43 to 85 of 256]
24.22916030883789,24.901517868041992,25.15372657775879,24.66635513305664,24.087764739990234,24.115751266479492,24.88783836364746,25.87354278564453,26.24245262145996,25.695079803466797,24.814483642578125,24.001834869384766,23.253042221069336,22.7319393157959,22.832721710205078,23.562410354614258,24.300424575805664,24.059598922729492,23.38892936706543,23.00558853149414,22.81584930419922,22.274641036987305,21.642154693603516,20.86667823791504,20.130653381347656,19.581775665283203,19.24957847595215,18.968063354492188,18.687999725341797,18.62339973449707,19.088970184326172,20.097883224487305,20.776735305786133,20.431468963623047,19.749364852905273,19.62749481201172,20.202363967895508,21.196353912353516,22.497737884521484,24.429920196533203,26.210948944091797,26.858591079711914,26.265913009643555
24.015552520751953,24.813217163085938,25.16173553466797,24.632251739501953,23.900875091552734,23.91946029663086,24.6844482421875,25.699466705322266,26.319332122802734,25.95100212097168,24.922405242919922,23.842252731323242,22.911691665649414,22.288654327392578,22.28215217590332,22.8406982421875,23.496801376342773,23.480093002319336,22.912206649780273,22.331008911132812,22.044902801513672,21.80011749267578,21.30292510986328,20.678226470947266,20.09773063659668,19.565895080566406,19.17245864868164,18.88500213623047,18.732961654663086,18.791858673095703,19.14073944091797,19.84682273864746,20.352115631103516,20.273019790649414,19.767976760864258,19.452566146850586,19.778034210205078,20.603073120117188,21.678842544555664,23.147855758666992,24.80135726928711,26.023021697998047,25.910154342651367
23.449697494506836,24.332805633544922,24.821863174438477,24.607107162475586,24.229318618774414,24.355632781982422,24.96890640258789,25.739524841308594,26.089189529418945,25.640554428100586,24.78769302368164,23.697063446044922,22.77867317199707,22.18160629272461,21.86779022216797,22.042526245117188,22.324800491333008,22.23722267150879,21.82750129699707,21.611417770385742,21.600250244140625,21.425609588623047,21.02001190185547,20.455978393554688,19.969751358032227,19.594823837280273,19.1696720123291,18.854768753051758,18.834184646606445,18.98749351501465,19.31880760192871,19.91342544555664,20.268798828125,20.1440486907959,19.8391056060791,19.637819290161133,19.905635833740234,20.456586837768555,21.10399055480957,21.892290115356445,23.069547653198242,24.42394256591797,25.05145263671875
22.91490936279297,23.768728256225586,24.41165542602539,24.502941131591797,24.478940963745117,24.803815841674805,25.3593692779541,25.861478805541992,25.899700164794922,25.314592361450195,24.518878936767578,23.737363815307617,23.014284133911133,22.313091278076172,21.617971420288086,21.256166458129883,21.105451583862305,20.942174911499023,20.87134552001953,20.97186851501465,21.126623153686523,21.22673988342285,21.0728759765625,20.71278190612793,20.306259155273438,19.946420669555664,19.547122955322266,19.26796531677246,19.443601608276367,19.860408782958984,20.164405822753906,20.457429885864258,20.622270584106445,20.412944793701172,20.026653289794922,19.825881958007812,20.070056915283203,20.41147232055664,20.647048950195312,20.844158172607422,21.512165069580078,22.66012191772461,23.65146255493164
22.929296493530273,23.86907386779785,24.64826202392578,24.85024070739746,24.760089874267578,24.92738151550293,25.436975479125977,25.94770050048828,26.01547622680664,25.430688858032227,24.531017303466797,23.749494552612305,23.16292953491211,22.537330627441406,21.702730178833008,21.053091049194336,20.615633010864258,20.147140502929688,20.10666275024414,20.422470092773438,20.796316146850586,21.05409049987793,21.200420379638672,21.164838790893555,20.781978607177734,20.384849548339844,20.12725067138672,20.122913360595703,20.461162567138672,20.9231014251709,21.26201629638672,21.41777801513672,21.364669799804688,21.11041831970215,20.594743728637695,20.132518768310547,19.995403289794922,20.153751373291016,20.2457332611084,20.094099044799805,20.142038345336914,20.841978073120117,21.879669189453125
23.797927856445312,24.807369232177734,25.611661911010742,25.80712127685547,25.61716079711914,25.406490325927734,25.483776092529297,25.81627655029297,26.02618408203125,25.640727996826172,24.720468521118164,23.845949172973633,23.238927841186523,22.780731201171875,22.002315521240234,21.100997924804688,20.384105682373047,20.023759841918945,19.90918731689453,19.921640396118164,20.195905685424805,20.561569213867188,21.02054786682129,21.308786392211914,21.129413604736328,20.7928466796875,20.703195571899414,21.020946502685547,21.527883529663086,21.82903480529785,22.06976318359375,22.2951602935791,22.339218139648438,22.11066246032715,21.52968406677246,20.820209503173828,20.380550384521484,20.300874710083008,20.173282623291016,19.748567581176758,19.2696533203125,19.44684600830078,20.458810806274414
25.48023796081543,26.28382682800293,26.861370086669922,27.002117156982422,26.90541648864746,26.43550682067871,25.81635093688965,25.61319923400879,25.64627456665039,25.47552490234375,24.754444122314453,24.05333137512207,23.628793716430664,23.174089431762695,22.368148803710938,21.26983642578125,20.45403480529785,20.1802978515625,19.969396591186523,19.708951950073242,19.619586944580078,19.943735122680664,20.728883743286133,21.45064926147461,21.52727699279785,21.287403106689453,21.26151466369629,21.656579971313477,22.183948516845703,22.560598373413086,22.91108512878418,23.105289459228516,23.128345489501953,23.049909591674805,22.616500854492188,21.87147331237793,21.26778221130371,21.033992767333984,20.781997680664062,20.231630325317383,19.573226928710938,19.453601837158203,20.17471694946289
27.386316299438477,27.969072341918945,28.327953338623047,28.433185577392578,28.110271453857422,27.284828186035156,26.183195114135742,25.50128746032715,25.222946166992188,25.13018226623535,24.934476852416992,24.532318115234375,24.17371368408203,23.58502769470215,22.749216079711914,21.627328872680664,20.703641891479492,20.369577407836914,20.24001693725586,19.975400924682617,19.688554763793945,19.812702178955078,20.597064971923828,21.550457000732422,21.92566680908203,21.762203216552734,21.569652557373047,21.75141143798828,22.132038116455078,22.79588508605957,23.50925636291504,23.792688369750977,23.74231719970703,23.623977661132812,23.260055541992188,22.52351188659668,21.911251068115234,21.72075080871582,21.730361938476562,21.51770782470703,20.93697166442871,20.59015464782715,20.88926887512207
28.70227813720703,29.23177146911621,29.53229522705078,29.539100646972656,28.863779067993164,27.6258544921875,26.54204750061035,25.63587760925293,25.039283752441406,24.874807357788086,25.068817138671875,24.947900772094727,24.707096099853516,24.114147186279297,23.004486083984375,21.78130340576172,20.94414520263672,20.748796463012695,20.797882080078125,20.63365364074707,20.2979736328125,20.14325523376465,20.526227951049805,21.291515350341797,21.820154190063477,21.694761276245117,21.345699310302734,21.188051223754883,21.32065200805664,22.011016845703125,23.01493263244629,23.828407287597656,24.080461502075195,23.92649269104004,23.486236572265625,22.80917739868164,22.19817352294922,22.05939483642578,22.37578773498535,22.68553924560547,22.466625213623047,22.08025550842285,21.945823669433594
29.449357986450195,29.9971866607666,30.153432846069336,29.72964859008789,28.75975799560547,27.64056396484375,26.81606101989746,25.83831214904785,25.114728927612305,24.870506286621094,25.12265968322754,25.17421531677246,24.974464416503906,24.545372009277344,23.2554874420166,21.8586368560791,21.195192337036133,21.116331100463867,21.339752197265625,21.400096893310547,21.144668579101562,20.70893096923828,20.46054458618164,20.770410537719727,21.209577560424805,21.204288482666016,20.929330825805664,20.615510940551758,20.434114456176758,20.763874053955078,21.764938354492188,23.13593101501465,24.062044143676758,24.17278480529785,23.89432144165039,23.458749771118164,22.996906280517578,22.66942024230957,22.791492462158203,23.324295043945312,23.64613151550293,23.38930320739746,22.941471099853516
29.663209915161133,30.235958099365234,30.307802200317383,29.526165008544922,28.417871475219727,27.60431671142578,26.774906158447266,25.8861083984375,25.35137367248535,24.998939514160156,25.349815368652344,25.757699966430664,25.450668334960938,24.901201248168945,23.759519577026367,22.280691146850586,21.554296493530273,21.41178321838379,21.649953842163086,21.911941528320312,21.935544967651367,21.470317840576172,20.76393699645996,20.579021453857422,20.77745246887207,20.802988052368164,20.658405303955078,20.5172176361084,20.42986297607422,20.542871475219727,21.186851501464844,22.432817459106445,23.676042556762695,24.32655906677246,24.45208740234375,24.314794540405273,24.030990600585938,23.66605567932129,23.49859046936035,23.675617218017578,24.028860092163086,24.126548767089844,23.7091007232666
29.85500717163086,30.36031723022461,30.452045440673828,30.042409896850586,28.945241928100586,27.669626235961914,26.655288696289062,26.042308807373047,25.509035110473633,25.336328506469727,25.63144874572754,26.390851974487305,26.304941177368164,25.59718894958496,24.594314575195312,23.062191009521484,22.124713897705078,21.861133575439453,22.0743465423584,22.451004028320312,22.619428634643555,22.18760871887207,21.338544845581055,20.68617057800293,20.356830596923828,20.249011993408203,20.348155975341797,20.626562118530273,21.028844833374023,21.369693756103516,21.684490203857422,22.392921447753906,23.44822883605957,24.383525848388672,24.851594924926758,24.832386016845703,24.490930557250977,24.241769790649414,24.236757278442383,24.231807708740234,24.078502655029297,24.019874572753906,23.862329483032227
30.11039161682129,30.556291580200195,31.04228973388672,30.955196380615234,29.877649307250977,28.444549560546875,27.182262420654297,26.228565216064453,25.837081909179688,25.755300521850586,25.976146697998047,26.820388793945312,26.824155807495117,26.26734161376953,25.491703033447266,24.10610580444336,22.92985725402832,22.312318801879883,22.28624725341797,22.731948852539062,23.098163604736328,22.822111129760742,21.825958251953125,20.706621170043945,19.916576385498047,19.679311752319336,19.944059371948242,20.445283889770508,21.302677154541016,22.38247299194336,23.0069580078125,23.21643829345703,23.650930404663086,24.378122329711914,24.921703338623047,24.933984756469727,24.413352966308594,24.04584503173828,24.219552993774414,24.625104904174805,24.55147361755371,24.2205753326416,24.06342124938965
31.331087112426758,31.473596572875977,31.761634826660156,31.738054275512695,31.024715423583984,29.7463436126709,28.1302433013916,26.81639862060547,26.538005828857422,26.25487518310547,26.297834396362305,27.032045364379883,26.9969539642334,26.678573608398438,26.221216201782227,24.94994354248047,23.663862228393555,22.66716766357422,22.302183151245117,22.631427764892578,23.197065353393555,23.17078399658203,22.185489654541016,20.84891128540039,19.99542999267578,19.774446487426758,19.973005294799805,20.575639724731445,21.673805236816406,23.192901611328125,24.2485294342041,24.338367462158203,24.108579635620117,24.11418914794922,24.274620056152344,24.28387451171875,23.938385009765625,23.57467269897461,23.75286865234375,24.453338623046875,25.006011962890625,25.05354881286621,24.876712799072266
32.7323112487793,32.602352142333984,32.41324234008789,32.01480484008789,31.24150848388672,30.35803985595703,29.309181213378906,27.826717376708984,26.744775772094727,26.64866828918457,27.0220890045166,27.736291885375977,27.301105499267578,27.136699676513672,26.863431930541992,25.759153366088867,24.40993881225586,22.951990127563477,22.19333839416504,22.40545654296875,23.179431915283203,23.432058334350586,22.713470458984375,21.621877670288086,20.80725860595703,20.549335479736328,20.79778289794922,21.56576156616211,22.65754508972168,23.82402229309082,24.549192428588867,24.414358139038086,23.835071563720703,23.258283615112305,23.01076889038086,22.93185043334961,22.81380844116211,22.881715774536133,23.28851318359375,23.97426986694336,24.79556655883789,25.45915412902832,25.667205810546875
33.61770248413086,33.39070129394531,32.73707962036133,31.909507751464844,30.974533081054688,30.10862159729004,29.350341796875,28.32631492614746,27.266611099243164,27.28313446044922,27.875267028808594,28.082868576049805,27.992586135864258,28.17020606994629,27.796367645263672,26.850440979003906,25.434070587158203,23.764530181884766,22.68324089050293,22.605966567993164,23.212146759033203,23.550905227661133,23.141082763671875,22.327571868896484,21.705814361572266,21.56121063232422,21.921615600585938,22.693653106689453,23.424633026123047,23.962940216064453,23.9014892578125,23.405855178833008,22.730506896972656,21.954448699951172,21.44748306274414,21.29787826538086,21.463945388793945,21.837316513061523,22.39927101135254,22.983198165893555,23.629749298095703,24.672199249267578,25.515825271606445
34.14571762084961,33.79186248779297,32.911537170410156,31.879898071289062,30.692596435546875,29.550048828125,28.74077796936035,28.236989974975586,27.869482040405273,27.894554138183594,28.290592193603516,28.493057250976562,28.7557373046875,29.039207458496094,28.75170135498047,28.109249114990234,26.879703521728516,25.26670265197754,24.00679588317871,23.571956634521484,23.56334114074707,23.48012351989746,23.03339958190918,22.41939353942871,22.00831413269043,22.027799606323242,22.52635383605957,23.28033447265625,23.82718276977539,23.761272430419922,23.141380310058594,22.364107131958008,21.55966567993164,20.72120475769043,20.06846809387207,19.7912654876709,19.920663833618164,20.256874084472656,20.79218864440918,21.17163848876953,21.58216667175293,22.664390563964844,23.91736602783203
34.09476089477539,33.586883544921875,32.4261474609375,31.222675323486328,30.078495025634766,28.962848663330078,28.13776206970215,27.829029083251953,27.90923500061035,28.07174301147461,28.332414627075195,28.484298706054688,28.653135299682617,28.79695701599121,28.86870765686035,28.856401443481445,28.174318313598633,26.94279670715332,25.772422790527344,24.913381576538086,24.194252014160156,23.515033721923828,22.881816864013672,22.247859954833984,21.765304565429688,21.871009826660156,22.652128219604492,23.533870697021484,23.823081970214844,23.310455322265625,22.37506866455078,21.4005126953125,20.552108764648438,19.73699188232422,19.001571655273438,18.546894073486328,18.436250686645508,18.49966049194336,18.535703659057617,18.567119598388672,18.84971809387207,19.72312355041504,21.010427474975586
32.751338958740234,32.359596252441406,31.277761459350586,29.9674015045166,28.882387161254883,28.05564308166504,27.51911735534668,27.341691970825195,27.509788513183594,27.687482833862305,27.798988342285156,27.747560501098633,27.65430450439453,27.653310775756836,28.08326530456543,28.616249084472656,28.512245178222656,27.718210220336914,26.772424697875977,25.803268432617188,24.790761947631836,23.818218231201172,23.046438217163086,22.29937744140625,21.65639877319336,21.622703552246094,22.36302375793457,23.148662567138672,23.160972595214844,22.342138290405273,21.327409744262695,20.49483871459961,19.746593475341797,18.99593734741211,18.220746994018555,17.72958755493164,17.31041717529297,16.867359161376953,16.337543487548828,15.986455917358398,16.17319107055664,16.939483642578125,18.210891723632812
