data/wind_data/wind_70_0.json
{"header": {"parameterUnit": "KT", "parameterCategory": 2, "nx": 255, "ny": 198, "lo1": 44.73521041870117, "la1": -3.236724853515625, "lo2": 111.26478576660156, "la2": 43.468475341796875, "dx": 0.26192745566368103, "dy": -0.23708222806453705, "refTime": "2025-02-21 22:00:00", "forecastTime": 0, "parameterNumber": 3, "parameterNumberName": "northward_wind"}, "data":
[rows 57 to 75 of 198, columns 129 to 171 of 255]
-4.455209255218506,-5.046926975250244,-4.654144763946533,-2.6971280574798584,-0.8872008919715881,-1.1829451322555542,-1.4394819736480713,-1.8943148851394653,-2.94372296333313,-3.255734443664551,-2.692025661468506,-2.468623399734497,-3.1381664276123047,-3.2709531784057617,-3.007704973220825,-3.181858777999878,-4.3077569007873535,-6.40819787979126,-7.1496968269348145,-5.0203657150268555,-3.387124538421631,-5.082305908203125,-6.322823524475098,-6.649883270263672,-5.94581937789917,-5.9700775146484375,-6.864630699157715,-7.597053050994873,-8.736095428466797,-9.032720565795898,-8.658784866333008,-8.358515739440918,-8.232391357421875,-8.67671012878418,-9.189242362976074,-9.21340560913086,-9.178536415100098,-8.9440336227417,-8.889517784118652,-9.265119552612305,-9.049927711486816,-8.969592094421387,-8.883111000061035
-3.3374643325805664,-4.026854991912842,-4.030115604400635,-2.6479408740997314,-1.3702971935272217,-2.450906753540039,-1.2330069541931152,-0.9626495838165283,-2.1892547607421875,-2.8023927211761475,-3.075453042984009,-3.0154995918273926,-1.3041261434555054,-0.4963644742965698,-2.1637473106384277,-3.7873802185058594,-2.09873104095459,-2.4463486671447754,-4.24896240234375,-4.173792362213135,-3.183466672897339,-3.761164665222168,-4.9822540283203125,-5.585727691650391,-5.76296854019165,-6.002533435821533,-6.641793727874756,-7.866665840148926,-8.665781021118164,-8.87579345703125,-8.736306190490723,-8.310532569885254,-7.801906585693359,-8.12549114227295,-8.675859451293945,-9.035390853881836,-9.316577911376953,-9.224044799804688,-9.021197319030762,-9.230656623840332,-9.38766098022461,-9.303433418273926,-9.114333152770996
-1.2172682285308838,-0.78318190574646,-2.0863747596740723,-1.6383658647537231,-2.5810494422912598,-3.563321113586426,-0.8913928866386414,0.27473196387290955,0.47721806168556213,-1.3836382627487183,-3.6644179821014404,-4.030146598815918,-1.8065024614334106,-1.2536876201629639,-1.8470748662948608,-2.372466802597046,-1.6624159812927246,-0.879016101360321,-0.695238471031189,-2.0061135292053223,-3.3204846382141113,-4.098575592041016,-4.169254302978516,-4.300922393798828,-5.455906867980957,-6.343162536621094,-7.2845683097839355,-8.499039649963379,-8.837923049926758,-8.867384910583496,-8.85681438446045,-8.386344909667969,-8.128060340881348,-8.052484512329102,-8.114839553833008,-8.399351119995117,-8.822357177734375,-8.965217590332031,-8.978832244873047,-8.969216346740723,-9.284236907958984,-9.546479225158691,-9.572945594787598
-1.8827776908874512,-0.002618920523673296,-0.3550073504447937,-0.6402290463447571,-2.015531301498413,-2.6490349769592285,-1.2695492506027222,-0.592430591583252,-0.35797420144081116,0.6873645782470703,1.4076695442199707,-0.16359063982963562,-2.886629343032837,-4.988637924194336,-2.2202296257019043,1.1290873289108276,-0.5803589820861816,-2.3479583263397217,-2.3458492755889893,-2.9806015491485596,-3.9614813327789307,-4.258649826049805,-3.6295905113220215,-4.445511341094971,-5.539820671081543,-6.458776950836182,-7.378440856933594,-8.134119033813477,-8.805437088012695,-9.301504135131836,-9.334263801574707,-8.8510103225708,-8.891526222229004,-8.589693069458008,-8.219904899597168,-8.16041088104248,-8.289921760559082,-8.446056365966797,-8.455193519592285,-8.49600601196289,-8.605026245117188,-8.917716979980469,-9.234480857849121
-3.9165329933166504,-2.993731737136841,-1.657268762588501,-1.0218578577041626,-1.0855538845062256,-2.404698371887207,-1.350096583366394,0.13167515397071838,-0.8075295686721802,1.4689249992370605,3.295042037963867,2.1705784797668457,-0.757187008857727,-3.3500289916992188,-2.1964681148529053,0.4468669891357422,-0.4780801832675934,-2.8905203342437744,-3.2930846214294434,-1.4356834888458252,-2.270429849624634,-4.449513912200928,-3.8003692626953125,-3.2633583545684814,-3.696988344192505,-4.974232196807861,-6.069906711578369,-7.168084621429443,-8.188738822937012,-8.769668579101562,-9.284018516540527,-9.712139129638672,-9.71334457397461,-9.340213775634766,-9.034944534301758,-8.551004409790039,-8.147536277770996,-7.986178874969482,-7.961442470550537,-7.986391067504883,-7.829151630401611,-7.832810878753662,-8.055481910705566
-3.018596649169922,-3.8403429985046387,-3.844895124435425,-2.4626848697662354,-0.34006741642951965,-1.3363797664642334,-1.2328153848648071,1.6308796405792236,1.3805747032165527,0.7515296936035156,0.7766772508621216,1.6384669542312622,2.8470847606658936,2.0550270080566406,-0.18094764649868011,-1.9000616073608398,-0.9949156045913696,0.42417722940444946,-0.13351406157016754,-0.056954097002744675,-0.649344265460968,-2.9642560482025146,-4.859597682952881,-4.330939292907715,-3.8893141746520996,-4.0240960121154785,-4.909808158874512,-6.079018592834473,-6.669144153594971,-7.393004894256592,-8.687995910644531,-9.930845260620117,-10.204277992248535,-10.041751861572266,-9.618937492370605,-8.946453094482422,-8.298588752746582,-7.785264015197754,-7.598889350891113,-7.630839824676514,-7.392759799957275,-7.269875526428223,-6.954185485839844
0.4367065727710724,-1.0642991065979004,-2.5264012813568115,-1.3270395994186401,-0.519914448261261,-1.5208852291107178,-1.3990890979766846,1.8922111988067627,2.279233455657959,1.5973330736160278,1.1206409931182861,1.5254504680633545,1.9013326168060303,1.9427186250686646,1.9960105419158936,1.2313086986541748,0.5186386108398438,-0.7581605911254883,-2.324925184249878,-2.5409328937530518,-1.9562290906906128,-1.6705431938171387,-2.0218052864074707,-3.28080153465271,-3.8716156482696533,-3.737396001815796,-4.3135199546813965,-4.537405014038086,-5.281083106994629,-6.500826835632324,-7.8246989250183105,-8.767643928527832,-9.536890983581543,-9.663375854492188,-9.265342712402344,-8.795771598815918,-8.287094116210938,-7.853048801422119,-7.486837863922119,-7.309689521789551,-7.102744102478027,-7.103573322296143,-6.820040702819824
5.0444746017456055,3.893064498901367,1.5409412384033203,1.3224741220474243,0.6150732040405273,-0.8099050521850586,-0.7746570706367493,2.906763792037964,2.7077419757843018,2.533076763153076,2.4934871196746826,2.317955732345581,1.5623434782028198,0.6502531170845032,0.5761947631835938,1.3666353225708008,0.9507244825363159,-0.8144821524620056,-1.1735994815826416,-1.8841698169708252,-2.9391088485717773,-2.99454665184021,-1.4402306079864502,-1.10677969455719,-1.6596620082855225,-2.7093520164489746,-3.4600741863250732,-4.116999626159668,-5.079068183898926,-5.999942302703857,-6.3332929611206055,-7.139993667602539,-8.009408950805664,-8.38339614868164,-8.432379722595215,-8.471855163574219,-8.264005661010742,-8.106294631958008,-7.67803430557251,-7.2843146324157715,-6.986394882202148,-6.686764717102051,-6.8311357498168945
7.131516933441162,6.5442280769348145,5.81620454788208,3.756911039352417,2.2207181453704834,1.1829581260681152,0.08795005828142166,2.82617449760437,2.350187063217163,2.2818081378936768,2.6765966415405273,2.487623453140259,2.3301215171813965,1.707096815109253,-0.09901242703199387,-1.364736795425415,-0.763171911239624,0.3960128724575043,0.3459753692150116,-0.13389846682548523,-1.1790847778320312,-1.9278738498687744,-1.8189995288848877,-1.0482690334320068,-1.1280981302261353,-2.320592164993286,-3.2178335189819336,-4.427072048187256,-5.033163070678711,-4.96151876449585,-5.324229717254639,-5.965544700622559,-6.5399088859558105,-7.2724080085754395,-7.906687259674072,-8.271272659301758,-8.485113143920898,-8.508593559265137,-8.042624473571777,-7.6188435554504395,-7.197470664978027,-6.611144065856934,-6.593278408050537
7.447055339813232,8.338537216186523,7.66896390914917,5.841254711151123,3.374049663543701,1.6505244970321655,1.082949161529541,3.7323005199432373,3.4838755130767822,2.3712453842163086,1.847700595855713,1.4874086380004883,2.0025603771209717,2.2399699687957764,1.997855305671692,1.349410891532898,0.8320449590682983,0.0534999705851078,-0.14294123649597168,0.9056262969970703,0.031178971752524376,-0.4360981285572052,0.20185649394989014,-0.034672439098358154,-1.2003908157348633,-2.4656596183776855,-3.566054582595825,-4.211427688598633,-4.488973617553711,-4.592198371887207,-5.131046772003174,-5.197341442108154,-5.549410820007324,-6.114007472991943,-6.842207431793213,-7.628576755523682,-8.171648979187012,-8.370452880859375,-8.299943923950195,-8.011919975280762,-7.6036601066589355,-7.062135696411133,-6.738700866699219
5.971103191375732,6.506231307983398,6.037655353546143,5.2284932136535645,3.2890515327453613,1.406726360321045,2.240934371948242,3.224820137023926,3.6917200088500977,3.763031005859375,2.8909595012664795,1.5498884916305542,2.091859817504883,2.5706217288970947,2.625925064086914,2.2955427169799805,1.8509646654129028,1.6332930326461792,1.3940948247909546,0.9040517210960388,0.4092945158481598,0.6057388782501221,0.18269145488739014,-0.6692830920219421,-1.672507643699646,-2.427929162979126,-2.7194714546203613,-2.835704803466797,-3.764695882797241,-4.528708457946777,-4.7227983474731445,-4.854541778564453,-4.91903829574585,-5.079849720001221,-5.414654731750488,-6.179326057434082,-6.894866943359375,-7.506886959075928,-7.927907466888428,-7.956348419189453,-7.917010307312012,-7.622786521911621,-7.304965496063232
3.8095171451568604,3.2050209045410156,3.3132400512695312,3.390957832336426,3.9467530250549316,3.3559749126434326,2.907430410385132,3.8869009017944336,4.102174282073975,3.9948389530181885,3.6971943378448486,3.0332820415496826,2.0682690143585205,2.1108956336975098,2.6785430908203125,2.6252386569976807,2.380976915359497,2.3045060634613037,1.4723899364471436,1.124192476272583,0.7827736139297485,0.3878360390663147,-0.2658046782016754,-0.4371751844882965,-0.8863803148269653,-1.5125126838684082,-1.615171194076538,-2.122507333755493,-3.043999195098877,-3.7095367908477783,-4.216210842132568,-4.562474727630615,-4.563900470733643,-4.619290828704834,-4.748266220092773,-5.100160121917725,-5.635172367095947,-6.3456597328186035,-6.973311901092529,-7.382322311401367,-7.7039475440979,-7.791523456573486,-7.728754043579102
2.0929489135742188,1.5013549327850342,2.501816987991333,3.482037305831909,5.017478942871094,4.3841094970703125,2.81331205368042,5.458460330963135,4.950667381286621,3.816761016845703,3.6627860069274902,3.4276506900787354,2.583253860473633,2.4246585369110107,2.805386781692505,3.1004815101623535,2.8980538845062256,2.447448968887329,1.7626184225082397,0.863705575466156,0.26021289825439453,-0.03144160285592079,-0.22376126050949097,-0.5765271186828613,-0.9654327034950256,-1.3353512287139893,-1.5629196166992188,-2.0251755714416504,-2.176478147506714,-2.66976261138916,-3.325735092163086,-3.8677563667297363,-4.195858001708984,-4.301959037780762,-4.396720886230469,-4.572307109832764,-4.92417573928833,-5.461640357971191,-6.084179878234863,-6.610537052154541,-7.074511528015137,-7.4877610206604,-7.8063554763793945
2.626300096511841,2.301069498062134,3.4114928245544434,4.337307929992676,4.937602996826172,4.188126087188721,6.508677005767822,5.665383815765381,4.8535027503967285,4.707828044891357,4.2734293937683105,4.025946140289307,3.534036159515381,3.0769217014312744,2.3474299907684326,2.346402883529663,2.328620195388794,1.6140762567520142,1.7234042882919312,1.0141346454620361,0.220811128616333,0.6777549982070923,0.3975864350795746,-1.1047084331512451,-1.6494171619415283,-1.9021618366241455,-1.8133924007415771,-1.5881444215774536,-1.6023621559143066,-1.8097225427627563,-2.2268011569976807,-2.844036340713501,-3.4237258434295654,-3.793665647506714,-3.989271402359009,-4.16347599029541,-4.4410200119018555,-4.840539455413818,-5.330337047576904,-5.860225677490234,-6.471308708190918,-7.15408182144165,-7.730870723724365
3.348350763320923,3.382324695587158,4.102772235870361,4.710442543029785,4.633894443511963,4.798377513885498,7.314117431640625,6.2208356857299805,5.479972839355469,4.9285478591918945,4.441655158996582,4.2085862159729,4.098020553588867,3.3026249408721924,2.42696475982666,2.07818865776062,2.0780348777770996,1.9705874919891357,1.9986670017242432,2.106694459915161,1.6232489347457886,0.39504778385162354,-0.4785130023956299,-1.390260934829712,-1.747458577156067,-1.9428820610046387,-1.8288005590438843,-1.4346636533737183,-1.1484993696212769,-1.1192961931228638,-1.31732976436615,-1.7442206144332886,-2.3126261234283447,-2.853177547454834,-3.3630568981170654,-3.8071324825286865,-4.1408491134643555,-4.39471435546875,-4.710530757904053,-5.191826820373535,-5.854483604431152,-6.716557502746582,-7.460197925567627
3.0930211544036865,3.0940890312194824,4.268575191497803,4.489087104797363,4.7708587646484375,5.299386978149414,5.643759250640869,6.968258857727051,6.331578254699707,5.288684844970703,4.532660961151123,4.558138847351074,4.740235328674316,3.7815892696380615,2.6267642974853516,1.9459929466247559,2.28121280670166,2.174356460571289,1.8032721281051636,2.0448341369628906,1.9970463514328003,0.40194201469421387,-0.6689766645431519,-0.6982700824737549,-1.454440951347351,-1.6869235038757324,-1.6180636882781982,-1.1453801393508911,-0.7445607781410217,-0.5383018851280212,-0.5588793754577637,-0.8180021047592163,-1.237091302871704,-1.773757815361023,-2.4521844387054443,-3.187255859375,-3.78623366355896,-4.230891704559326,-4.480734348297119,-4.752686500549316,-5.254519939422607,-5.985734462738037,-6.780797004699707
2.346953868865967,2.290259838104248,4.016326427459717,4.170581817626953,4.756275653839111,5.402633190155029,5.39917516708374,8.407154083251953,7.057737350463867,6.529862403869629,5.67592191696167,4.594529151916504,4.153844356536865,3.7847352027893066,2.7702412605285645,1.9164981842041016,1.7568801641464233,1.0934443473815918,1.3941107988357544,1.8448396921157837,2.3083419799804688,1.4702680110931396,0.3501191735267639,-0.04969881847500801,-0.769766628742218,-1.2367066144943237,-1.2029831409454346,-0.7693804502487183,-0.5149884223937988,-0.41217851638793945,-0.3872293531894684,-0.45176365971565247,-0.7080156207084656,-1.119127631187439,-1.6956754922866821,-2.418503761291504,-3.1572673320770264,-3.8687472343444824,-4.395198822021484,-4.691111087799072,-5.0014777183532715,-5.456247806549072,-6.062678813934326
2.3971922397613525,2.8547863960266113,4.652764797210693,4.993906021118164,4.994459629058838,5.450612545013428,4.2994489669799805,6.279135704040527,5.649716854095459,5.070417404174805,6.850862979888916,5.33656120300293,4.4850945472717285,3.2632970809936523,2.0936312675476074,1.74619722366333,0.7527474164962769,0.6441372632980347,0.38637569546699524,0.35550355911254883,0.453041672706604,0.8202120065689087,0.3596703112125397,0.15007516741752625,-0.3761637508869171,-0.7142552137374878,-0.6544938683509827,-0.32181140780448914,-0.6465273499488831,-0.6787639260292053,-0.6739038825035095,-0.623518705368042,-0.781397819519043,-1.1515799760818481,-1.5217095613479614,-1.9105907678604126,-2.517399311065674,-3.190300941467285,-3.8617918491363525,-4.457858562469482,-4.912307262420654,-5.353060245513916,-5.761568546295166
3.3426260948181152,6.001099586486816,7.412520408630371,7.995284557342529,6.9895853996276855,6.566342353820801,3.8955507278442383,3.8826677799224854,5.234040260314941,2.1206347942352295,2.974055528640747,5.849256992340088,4.210085868835449,2.938706874847412,2.5583667755126953,1.8319677114486694,1.3282140493392944,1.3194561004638672,0.7561322450637817,-0.2059033364057541,-2.3281195163726807,-0.870917022228241,-0.4966362714767456,-0.07705532759428024,-0.43176397681236267,-0.1409778892993927,0.5029934048652649,0.22551129758358002,-0.39261412620544434,-0.562930703163147,-0.6716462969779968,-0.80399489402771,-1.081533432006836,-1.5360509157180786,-1.8502739667892456,-2.0322012901306152,-2.3236074447631836,-2.588019609451294,-3.0562875270843506,-3.774550676345825,-4.56886100769043,-5.228253364562988,-5.666276454925537
