data/wind_data/wind_6_0.json
{"header": {"parameterUnit": "KT", "parameterCategory": 2, "nx": 255, "ny": 198, "lo1": 44.73521041870117, "la1": -3.236724853515625, "lo2": 111.26478576660156, "la2": 43.468475341796875, "dx": 0.26192745566368103, "dy": -0.23708222806453705, "refTime": "2025-02-19 06:00:00", "forecastTime": 0, "parameterNumber": 2, "parameterNumberName": "eastward_wind"}, "data":
[rows 0 to 18 of 198, columns 172 to 214 of 255]
7.601101875305176,7.581943511962891,7.8831377029418945,8.168387413024902,8.309000968933105,8.747871398925781,9.477201461791992,9.680907249450684,9.340991020202637,9.414520263671875,9.86880874633789,9.874868392944336,9.568181037902832,9.615646362304688,9.827878952026367,9.672274589538574,9.44338321685791,9.620139122009277,10.044389724731445,10.48805046081543,10.575130462646484,10.05445384979248,9.568902015686035,9.502577781677246,9.113503456115723,8.150010108947754,7.560187339782715,7.578942775726318,7.312105655670166,6.65744161605835,6.325179576873779,6.3945817947387695,6.6242194175720215,6.645983695983887,5.842874050140381,4.7431416511535645,4.440223217010498,4.5844597816467285,4.503024101257324,4.348240375518799,4.3120903968811035,4.088932037353516,3.517681121826172
7.791551113128662,7.772753715515137,7.836427688598633,8.063155174255371,8.403347969055176,9.044336318969727,9.867757797241211,10.014721870422363,9.510932922363281,9.45396614074707,9.875917434692383,9.86676025390625,9.517330169677734,9.618487358093262,9.940447807312012,9.717215538024902,9.33558464050293,9.504620552062988,10.139044761657715,10.899269104003906,11.033354759216309,10.08147144317627,9.10229206085205,8.794020652770996,8.424467086791992,7.763251304626465,7.331647872924805,7.226418495178223,6.989238262176514,6.487452983856201,6.191927433013916,6.277554035186768,6.471719264984131,6.2614240646362305,5.115246295928955,3.924638032913208,4.110270023345947,4.825786113739014,4.776102542877197,4.325260162353516,3.2522404193878174,3.474644899368286,3.6662604808807373
7.4683732986450195,7.528263092041016,7.62672758102417,7.9232869148254395,8.38622760772705,9.048108100891113,9.792587280273438,9.988615989685059,9.628119468688965,9.481101036071777,9.674784660339355,9.72623348236084,9.526945114135742,9.507746696472168,9.767721176147461,9.81490421295166,9.578482627868652,9.439433097839355,9.656949043273926,10.164937019348145,10.208163261413574,9.356148719787598,8.555377960205078,8.355588912963867,8.006659507751465,7.418724536895752,7.0513739585876465,6.876543045043945,6.735987663269043,6.471427917480469,6.1673808097839355,6.051220893859863,5.925217628479004,5.543341159820557,4.834958553314209,4.1334662437438965,4.015977382659912,4.302425861358643,4.303347110748291,4.17589807510376,4.491391658782959,4.902791500091553,5.505123615264893
7.080699443817139,7.164011478424072,7.168360233306885,7.4536871910095215,8.061552047729492,8.758081436157227,9.321056365966797,9.456374168395996,9.24638557434082,9.185251235961914,9.34311580657959,9.302424430847168,9.010016441345215,8.931424140930176,9.232332229614258,9.514806747436523,9.404813766479492,9.036974906921387,8.94081974029541,9.237109184265137,9.32652473449707,8.870591163635254,8.430243492126465,8.299120903015137,7.690482139587402,6.6429314613342285,6.089105129241943,5.941775321960449,5.891150951385498,5.832955360412598,5.661239147186279,5.476785182952881,5.109886646270752,4.549022197723389,4.316621780395508,4.057446479797363,3.3537161350250244,3.288300037384033,3.752507448196411,4.120800495147705,4.726332187652588,5.67001485824585,6.724391460418701
7.019233226776123,6.737039089202881,6.083331108093262,6.276623249053955,7.247232437133789,8.075336456298828,8.230721473693848,8.115535736083984,8.08755874633789,8.454809188842773,9.061254501342773,8.6027193069458,7.629421234130859,7.687565326690674,8.358461380004883,8.645998001098633,8.35370922088623,7.914953231811523,7.914933681488037,8.306936264038086,8.572020530700684,8.68070125579834,9.003440856933594,8.971015930175781,7.191676616668701,4.741299629211426,3.855098247528076,3.9960126876831055,4.203855514526367,4.256893157958984,4.313958168029785,4.285608291625977,4.249851226806641,3.463884115219116,3.518383264541626,3.7949159145355225,1.2181081771850586,0.8401079773902893,2.6651558876037598,3.5472593307495117,4.894646644592285,6.335250377655029,8.468964576721191
7.16511344909668,6.581823348999023,6.121387958526611,6.62412691116333,7.301587104797363,7.684238910675049,7.538532733917236,7.30971097946167,7.595105171203613,8.48801040649414,8.606149673461914,7.638259410858154,7.53354549407959,8.188029289245605,8.88419246673584,9.171270370483398,8.815567970275879,8.488574028015137,8.338255882263184,8.38684368133545,8.373394012451172,8.396692276000977,8.765325546264648,8.475716590881348,6.57721471786499,4.314805030822754,3.2705624103546143,3.6822166442871094,4.749736309051514,4.822576522827148,4.511848449707031,3.8728272914886475,4.0690789222717285,3.7715094089508057,5.068543910980225,5.9741387367248535,0.5254610180854797,-1.1345912218093872,1.7786089181900024,3.508052349090576,5.434474945068359,8.107250213623047,8.208074569702148
6.133498668670654,6.122351169586182,6.52618932723999,6.790159225463867,6.854113578796387,6.863712310791016,6.935534477233887,6.73533821105957,6.698197364807129,7.608270645141602,8.018182754516602,7.174340724945068,7.135733127593994,8.082942962646484,8.977739334106445,9.36849594116211,8.989289283752441,8.487716674804688,8.307000160217285,8.270318984985352,8.143190383911133,8.12059211730957,7.732296466827393,6.832469463348389,6.016983509063721,4.993531703948975,4.096662521362305,4.110857009887695,4.5882720947265625,4.239017963409424,3.704854965209961,3.2963929176330566,3.1772918701171875,3.375591278076172,5.853304386138916,3.1059036254882812,-0.6191449761390686,-0.31622397899627686,1.1021978855133057,3.744976282119751,5.999828338623047,8.065896987915039,2.6949994564056396
5.317506790161133,6.150166988372803,6.514171123504639,6.474429607391357,6.372073650360107,6.5130743980407715,6.472151279449463,5.971216201782227,5.859598636627197,6.593658924102783,7.402334690093994,7.235174179077148,6.871955871582031,7.6720075607299805,8.591387748718262,8.982449531555176,9.016977310180664,8.55667781829834,8.375306129455566,8.393540382385254,8.027981758117676,7.57040548324585,7.157831192016602,6.54235315322876,5.783286094665527,5.084003925323486,4.484302997589111,4.2825927734375,4.3154778480529785,4.066319465637207,3.4197700023651123,3.5670840740203857,2.782508611679077,3.6418933868408203,6.369596004486084,1.5795785188674927,-0.368932843208313,1.3520123958587646,1.4609907865524292,4.143987655639648,6.643736839294434,5.921905517578125,-1.6908775568008423
4.976015090942383,5.465020179748535,5.8564910888671875,5.950234889984131,5.809017658233643,5.8263044357299805,5.817078113555908,5.464027404785156,5.4247050285339355,5.7408881187438965,6.33989143371582,7.056178092956543,7.280559062957764,7.702917098999023,8.407636642456055,8.74330997467041,8.818717002868652,8.541437149047852,8.117055892944336,7.970633029937744,7.942533016204834,7.609489440917969,6.939043998718262,6.200143814086914,5.5734734535217285,4.9063591957092285,4.1002912521362305,3.958568572998047,3.9084720611572266,3.7402799129486084,3.356762409210205,3.617595672607422,3.147061586380005,3.248206377029419,2.714862108230591,1.3669085502624512,1.3159878253936768,1.3494999408721924,2.3072562217712402,4.625242233276367,6.71233606338501,3.2667346000671387,-3.222865581512451
4.327417850494385,4.533666610717773,4.865072250366211,5.102883338928223,5.075627326965332,4.874732494354248,4.851670265197754,4.851611137390137,4.900825500488281,5.249614715576172,5.939642906188965,6.194750785827637,6.475069046020508,7.401927947998047,8.092977523803711,8.462130546569824,8.575119972229004,8.30346965789795,7.78887414932251,7.540050983428955,7.589929580688477,7.514830112457275,6.907477378845215,6.040567874908447,5.334049224853516,4.7318196296691895,4.090267181396484,3.8537585735321045,3.5573372840881348,3.639026165008545,3.378660202026367,3.4700989723205566,3.2278122901916504,1.1582852602005005,1.6874420642852783,3.55824875831604,3.4345414638519287,2.54152512550354,3.272732734680176,5.968892574310303,3.5956130027770996,-4.361185073852539,-6.003961563110352
3.439206838607788,3.41794753074646,3.5935420989990234,3.9202075004577637,4.206315517425537,4.176842212677002,4.072628021240234,4.08013391494751,4.362792491912842,4.68972110748291,5.340036869049072,5.425961017608643,5.82949161529541,7.199410915374756,7.760287761688232,7.927165985107422,8.080697059631348,7.905246734619141,7.333846092224121,6.9969353675842285,7.112814426422119,7.132426738739014,6.657590866088867,5.909430980682373,5.2639079093933105,4.749395847320557,4.031082630157471,3.64162015914917,3.367513418197632,3.3974318504333496,3.012331485748291,3.13291072845459,2.4638819694519043,1.704245686531067,2.5147907733917236,1.966930866241455,1.2624731063842773,1.7802088260650635,4.256514072418213,7.395452499389648,-0.12047861516475677,-5.965663433074951,-4.51870584487915
2.3641326427459717,2.3234457969665527,2.4584743976593018,2.6856942176818848,3.2246389389038086,3.7841696739196777,3.773778200149536,3.387474536895752,3.5568971633911133,3.897667407989502,4.35851526260376,4.887290000915527,5.835400581359863,6.874081611633301,7.033841133117676,7.330246448516846,7.778415203094482,7.52419376373291,6.605536937713623,6.238544940948486,6.52668571472168,6.641861915588379,6.330155372619629,5.6950507164001465,5.009574890136719,4.433842182159424,3.8631584644317627,3.5039334297180176,3.21708083152771,2.932622194290161,2.4869306087493896,2.257242441177368,1.4377413988113403,1.3277703523635864,1.9258384704589844,1.397150993347168,1.447900414466858,2.306563377380371,5.876242637634277,4.277917861938477,-1.473167061805725,-4.211137294769287,-3.274045467376709
1.3797987699508667,1.455227017402649,1.6794719696044922,1.773867130279541,2.5526814460754395,3.752230644226074,3.5102086067199707,2.3869612216949463,2.5493104457855225,2.9643895626068115,3.328207015991211,4.5032525062561035,5.594145774841309,6.160339832305908,6.115916728973389,6.483211040496826,7.075887680053711,6.836672782897949,6.096449851989746,5.696046829223633,5.847982406616211,6.0402631759643555,5.887333393096924,5.369614124298096,4.578127861022949,3.7873072624206543,3.3593034744262695,3.0488839149475098,2.6976494789123535,2.4047622680664062,1.8428072929382324,1.2463579177856445,0.48267555236816406,1.1776390075683594,2.173110008239746,2.6276695728302,4.0887227058410645,5.146251678466797,6.532255172729492,1.6600611209869385,-4.7099456787109375,-4.105281829833984,-0.8800124526023865
0.6970938444137573,0.9253392815589905,1.1453642845153809,1.2664449214935303,2.0540425777435303,3.236150026321411,2.7861392498016357,1.5836230516433716,1.984647512435913,2.426177978515625,2.815828323364258,3.9169514179229736,4.719430446624756,5.256021976470947,5.433507919311523,5.884580135345459,6.3960161209106445,6.434170722961426,6.016641616821289,5.6027374267578125,5.62095832824707,5.491283893585205,4.952575206756592,4.325936317443848,3.730123996734619,2.9721193313598633,2.693681478500366,2.5222420692443848,1.9362300634384155,1.7031067609786987,1.1543139219284058,0.49288472533226013,0.23677735030651093,1.1187909841537476,2.439387798309326,4.984369277954102,7.522008419036865,5.299720287322998,1.9353853464126587,-3.8509318828582764,-5.519065856933594,-2.5578784942626953,0.2800087034702301
0.040578436106443405,0.4036749005317688,0.5542090535163879,0.7673583626747131,1.347111463546753,1.9695303440093994,1.7641657590866089,1.6565954685211182,2.0360193252563477,2.2216503620147705,2.6542091369628906,3.372197389602661,4.271404266357422,4.6768622398376465,4.736959934234619,5.3657941818237305,6.193121433258057,6.476999759674072,6.204543590545654,5.763082027435303,5.553782939910889,5.302244186401367,4.615245342254639,3.653571367263794,2.9054970741271973,2.2990128993988037,2.3069701194763184,2.0648646354675293,1.4589121341705322,1.3814301490783691,0.2516702711582184,-0.1909705251455307,0.5232395529747009,1.1783523559570312,1.7264537811279297,7.032473564147949,4.178368091583252,0.8074462413787842,-0.19346144795417786,-4.881671905517578,-4.672369480133057,-2.8528084754943848,-1.510724425315857
-0.627334475517273,-0.2330891340970993,-0.21978607773780823,-0.10418300330638885,0.3241373598575592,0.9441336393356323,1.4043467044830322,1.5462138652801514,1.7786166667938232,1.9960927963256836,2.490138530731201,3.1790335178375244,3.8002634048461914,4.286123275756836,4.639206886291504,5.324934959411621,6.133330345153809,6.310730457305908,5.904446125030518,5.745369911193848,5.717617511749268,5.305691242218018,4.5617218017578125,3.615755796432495,2.667384147644043,1.977373719215393,1.9614306688308716,1.5607829093933105,1.1283968687057495,2.316788673400879,-0.0699310451745987,-1.7287123203277588,0.0317215733230114,0.3250405192375183,1.6409004926681519,6.642228126525879,3.1000797748565674,-0.9617188572883606,-4.60427713394165,-7.594951152801514,-3.3383660316467285,-2.871746063232422,-1.830224633216858
-1.2105090618133545,-1.0319596529006958,-1.0395008325576782,-0.7103649377822876,-0.1918090134859085,0.34746843576431274,0.6357228755950928,0.9616447687149048,1.469927191734314,1.9746873378753662,2.4005703926086426,2.855900526046753,3.4049758911132812,3.9027087688446045,4.6007795333862305,5.455935478210449,6.111639499664307,6.22097110748291,5.666484355926514,5.42598295211792,5.556421279907227,5.21237850189209,4.333764553070068,3.4947328567504883,2.681434392929077,1.889790654182434,1.8013463020324707,1.0958189964294434,1.5760380029678345,5.618474960327148,0.1378428190946579,-4.073533535003662,-0.5067059993743896,0.015686117112636566,2.922661781311035,5.370927810668945,-0.7715761065483093,-5.925804138183594,-4.778142929077148,-5.315084934234619,-3.3147573471069336,-2.403613805770874,-0.9946101903915405
-1.689826250076294,-1.7942389249801636,-1.5701154470443726,-0.9548622965812683,-0.574017345905304,-0.24220608174800873,-0.13881617784500122,0.2941012382507324,1.1086894273757935,1.753340482711792,2.1536483764648438,2.519275426864624,3.0052268505096436,3.535580635070801,4.227648735046387,5.221399784088135,6.019692897796631,6.304317951202393,6.0560383796691895,5.649068355560303,5.372831344604492,4.848637104034424,3.8823037147521973,2.8502297401428223,2.2340736389160156,1.7585898637771606,1.4587442874908447,0.4417005181312561,2.087179660797119,2.371303081512451,-1.0482810735702515,-1.2344704866409302,0.07499220967292786,0.6742258667945862,3.5967862606048584,0.5490235090255737,-4.914126396179199,-6.465102672576904,-5.07092809677124,-3.5523486137390137,-2.426753520965576,-1.644264817237854,-0.4813474714756012
-2.220517158508301,-2.4875214099884033,-2.0213136672973633,-1.510187029838562,-0.9658304452896118,-0.6528710126876831,-0.7404121160507202,-0.40409138798713684,0.09180037677288055,0.672752320766449,1.5693637132644653,2.1338322162628174,2.4914309978485107,3.247492790222168,3.9302425384521484,4.500799179077148,5.101961135864258,5.714727401733398,6.064964294433594,5.831655502319336,5.161549091339111,4.32894229888916,3.3714194297790527,2.146074056625366,1.3869516849517822,1.3876545429229736,0.5729585886001587,0.11599010974168777,-0.2618263363838196,-0.8644214868545532,-0.3169451951980591,0.20713286101818085,0.6906513571739197,1.5140138864517212,3.9311797618865967,0.8949450850486755,-5.234738349914551,-7.653858661651611,-5.8370890617370605,-3.630530595779419,-2.3077051639556885,-0.7706804871559143,-0.12675820291042328
