data/wind_data/wind_12_7.json
{"header": {"parameterUnit": "KT", "parameterCategory": 2, "nx": 256, "ny": 198, "lo1": 44.73521041870117, "la1": -3.236724853515625, "lo2": 111.26478576660156, "la2": 43.468475341796875, "dx": 0.2609002888202667, "dy": -0.23708222806453705, "refTime": "2025-02-19 12:00:00", "forecastTime": 0, "parameterNumber": 2, "parameterNumberName": "eastward_wind"}, "data":
[rows 60 to 79 of 198, columns 132 to 175 of 256]
10.294700622558594,9.70987319946289,9.193145751953125,9.047844886779785,9.324124336242676,9.691682815551758,9.75206184387207,9.60642147064209,9.657797813415527,9.971951484680176,10.242318153381348,10.205399513244629,10.061184883117676,10.122386932373047,10.305493354797363,10.255085945129395,9.850029945373535,9.428815841674805,9.267744064331055,9.379176139831543,9.600354194641113,9.781271934509277,9.759904861450195,9.492499351501465,9.156351089477539,9.053000450134277,9.208741188049316,9.292128562927246,9.29438304901123,9.463871002197266,9.706788063049316,9.70076847076416,9.577094078063965,9.611350059509277,9.94251537322998,10.318526268005371,10.434806823730469,10.595331192016602,10.72935962677002,10.464282035827637,9.627188682556152,8.668932914733887,7.845682621002197,7.033444404602051
11.491009712219238,10.886524200439453,10.303088188171387,9.88811206817627,9.8410062789917,10.02588939666748,10.188943862915039,10.229658126831055,10.339967727661133,10.717686653137207,11.176437377929688,11.358716011047363,11.253212928771973,11.222572326660156,11.437275886535645,11.649192810058594,11.484288215637207,11.035889625549316,10.75045394897461,10.78281307220459,10.8922119140625,11.001718521118164,11.094318389892578,11.042855262756348,10.861590385437012,10.64495849609375,10.485207557678223,10.353269577026367,10.131503105163574,9.914040565490723,10.044851303100586,10.531987190246582,10.899871826171875,10.951105117797852,10.997900009155273,11.338335990905762,11.783071517944336,12.089615821838379,12.159404754638672,11.933280944824219,11.450605392456055,10.804211616516113,10.001049995422363,9.150533676147461
12.952847480773926,12.428569793701172,11.894288063049316,11.438247680664062,11.126083374023438,10.941740036010742,10.915471076965332,11.051498413085938,11.240364074707031,11.466086387634277,11.772229194641113,12.053034782409668,12.151396751403809,12.110918998718262,12.14206314086914,12.338691711425781,12.564373016357422,12.5811767578125,12.39268970489502,12.236295700073242,12.187684059143066,12.200931549072266,12.279768943786621,12.335758209228516,12.214943885803223,12.031187057495117,11.974757194519043,11.82955265045166,11.441167831420898,11.047961235046387,10.832337379455566,10.932891845703125,11.485066413879395,12.250168800354004,12.695113182067871,12.830063819885254,13.008444786071777,13.29122543334961,13.463639259338379,13.350531578063965,13.051569938659668,12.57066822052002,11.84135913848877,11.322155952453613
14.450251579284668,14.189221382141113,13.794891357421875,13.378804206848145,13.072020530700684,12.862530708312988,12.645987510681152,12.535822868347168,12.607588768005371,12.718274116516113,12.762455940246582,12.828228950500488,12.907855987548828,12.873616218566895,12.743965148925781,12.70490550994873,12.949045181274414,13.422694206237793,13.797049522399902,13.875847816467285,13.739744186401367,13.530516624450684,13.442824363708496,13.526016235351562,13.51462173461914,13.326047897338867,13.287035942077637,13.45478630065918,13.377789497375488,12.896679878234863,12.383886337280273,12.122811317443848,12.168402671813965,12.707966804504395,13.591801643371582,14.323729515075684,14.625467300415039,14.664538383483887,14.676819801330566,14.634721755981445,14.405641555786133,13.938802719116211,13.30712890625,12.880963325500488
15.807374000549316,15.56661319732666,15.412612915039062,15.247121810913086,15.124842643737793,15.12175178527832,15.051725387573242,14.795165061950684,14.540448188781738,14.411438941955566,14.307879447937012,14.197731971740723,14.10215950012207,13.963728904724121,13.753110885620117,13.561761856079102,13.586312294006348,13.979730606079102,14.592239379882812,15.081137657165527,15.254088401794434,15.163969039916992,14.973505973815918,14.872984886169434,14.83765983581543,14.726241111755371,14.662776947021484,14.851181983947754,15.059714317321777,14.866131782531738,14.3214693069458,13.831554412841797,13.553496360778809,13.519158363342285,13.937187194824219,14.816067695617676,15.628683090209961,15.982479095458984,16.048599243164062,16.052507400512695,15.852102279663086,15.332404136657715,14.75259780883789,14.329535484313965
17.298412322998047,16.727890014648438,16.48468780517578,16.52471160888672,16.698827743530273,16.950170516967773,17.131816864013672,17.02768898010254,16.719575881958008,16.39881134033203,16.136211395263672,15.956099510192871,15.831339836120605,15.64498519897461,15.32628059387207,14.960426330566406,14.748754501342773,14.894185066223145,15.388447761535645,15.954801559448242,16.335792541503906,16.497394561767578,16.511003494262695,16.40979766845703,16.25725555419922,16.148775100708008,16.110410690307617,16.206640243530273,16.457094192504883,16.575363159179688,16.267227172851562,15.694585800170898,15.222428321838379,14.94470500946045,14.906906127929688,15.313606262207031,16.08915138244629,16.804288864135742,17.232662200927734,17.45699119567871,17.454927444458008,17.10185432434082,16.556678771972656,16.10153579711914
18.567487716674805,17.944860458374023,17.558374404907227,17.589616775512695,17.836978912353516,18.184288024902344,18.506969451904297,18.60784149169922,18.478612899780273,18.25810432434082,18.050447463989258,17.860994338989258,17.68659782409668,17.528059005737305,17.308156967163086,16.970653533935547,16.61467742919922,16.474409103393555,16.675790786743164,17.067441940307617,17.412277221679688,17.64795684814453,17.827083587646484,17.923202514648438,17.88079833984375,17.729618072509766,17.619308471679688,17.655973434448242,17.81814193725586,18.007291793823242,18.041717529296875,17.73817253112793,17.19435691833496,16.740915298461914,16.529001235961914,16.56540870666504,16.912935256958008,17.49399757385254,18.075376510620117,18.53078842163086,18.835569381713867,18.87055206298828,18.600557327270508,18.234027862548828
19.280534744262695,18.949045181274414,18.627418518066406,18.683862686157227,18.965723037719727,19.269929885864258,19.54182243347168,19.71488380432129,19.726205825805664,19.620649337768555,19.516538619995117,19.47592544555664,19.41611099243164,19.273448944091797,19.114322662353516,18.989439010620117,18.85691261291504,18.69103240966797,18.578195571899414,18.598432540893555,18.740583419799805,18.982402801513672,19.308740615844727,19.640588760375977,19.815471649169922,19.73574447631836,19.5037784576416,19.34891700744629,19.36724090576172,19.445911407470703,19.49381446838379,19.452146530151367,19.186206817626953,18.739295959472656,18.39422607421875,18.30457878112793,18.37714195251465,18.573814392089844,18.918445587158203,19.338586807250977,19.777690887451172,20.159503936767578,20.330045700073242,20.27943992614746
19.776086807250977,19.79804801940918,19.775009155273438,19.888227462768555,20.064865112304688,20.255075454711914,20.490577697753906,20.723886489868164,20.82170295715332,20.766403198242188,20.655118942260742,20.593172073364258,20.594419479370117,20.599212646484375,20.60098648071289,20.673017501831055,20.851970672607422,20.99370002746582,20.945619583129883,20.77099609375,20.64579200744629,20.7009220123291,20.983190536499023,21.42095375061035,21.79777717590332,21.88564109802246,21.6474609375,21.304834365844727,21.093063354492188,21.011625289916992,20.93605613708496,20.850980758666992,20.756914138793945,20.55551528930664,20.262407302856445,20.07192039489746,20.038658142089844,20.062152862548828,20.159273147583008,20.39013671875,20.71967124938965,21.129064559936523,21.536466598510742,21.796628952026367
20.33767318725586,20.690589904785156,21.012928009033203,21.31820297241211,21.40009880065918,21.257570266723633,21.237031936645508,21.515409469604492,21.855186462402344,21.958086013793945,21.848814010620117,21.678237915039062,21.5380916595459,21.527555465698242,21.723283767700195,22.100418090820312,22.55524444580078,22.966312408447266,23.19089698791504,23.162118911743164,22.98397445678711,22.853267669677734,22.93279457092285,23.236478805541992,23.59267234802246,23.771686553955078,23.644786834716797,23.299043655395508,22.95515251159668,22.76067352294922,22.659408569335938,22.506004333496094,22.298688888549805,22.125843048095703,22.012826919555664,21.93658447265625,21.87184715270996,21.77387046813965,21.72089195251465,21.86857795715332,22.176002502441406,22.496139526367188,22.825408935546875,23.136838912963867
20.94219207763672,21.488399505615234,22.116535186767578,22.608596801757812,22.86195182800293,22.74357032775879,22.47223472595215,22.421445846557617,22.69305419921875,23.015403747558594,23.111310958862305,22.974699020385742,22.74191665649414,22.582996368408203,22.69120979309082,23.141857147216797,23.8359317779541,24.570255279541016,25.145751953125,25.45018768310547,25.442031860351562,25.227508544921875,25.053041458129883,25.08131980895996,25.241004943847656,25.359230041503906,25.30551528930664,25.07987403869629,24.809276580810547,24.626596450805664,24.548179626464844,24.455089569091797,24.226518630981445,23.898723602294922,23.687713623046875,23.707870483398438,23.827281951904297,23.812358856201172,23.679821014404297,23.712892532348633,24.033910751342773,24.41314697265625,24.65031623840332,24.813772201538086
21.958648681640625,22.294883728027344,23.039146423339844,23.644697189331055,24.037160873413086,24.17206573486328,24.038259506225586,23.84567642211914,23.827594757080078,24.058984756469727,24.336700439453125,24.397314071655273,24.243148803710938,24.085060119628906,24.091014862060547,24.359878540039062,24.912029266357422,25.679569244384766,26.4990177154541,27.1901912689209,27.593835830688477,27.61703109741211,27.353647232055664,27.0474910736084,26.861618041992188,26.78247833251953,26.723602294921875,26.628570556640625,26.498218536376953,26.39354705810547,26.359539031982422,26.357337951660156,26.26388168334961,25.968210220336914,25.57910919189453,25.38467025756836,25.531803131103516,25.782115936279297,25.83635711669922,25.804067611694336,25.992393493652344,26.385671615600586,26.6857967376709,26.80390167236328
23.933551788330078,23.733930587768555,24.05050277709961,24.602277755737305,25.033042907714844,25.358112335205078,25.483041763305664,25.45293617248535,25.449689865112305,25.59860610961914,25.866687774658203,26.078580856323242,26.099262237548828,26.014219284057617,25.95001792907715,25.987659454345703,26.239158630371094,26.768888473510742,27.523883819580078,28.35013771057129,29.08145523071289,29.55274772644043,29.60935401916504,29.258005142211914,28.742515563964844,28.32474708557129,28.09067153930664,27.995105743408203,27.97262954711914,27.975574493408203,27.987445831298828,28.01776695251465,28.04267692565918,27.948333740234375,27.664384841918945,27.330326080322266,27.206756591796875,27.382558822631836,27.633054733276367,27.758012771606445,27.88393783569336,28.178930282592773,28.514535903930664,28.727447509765625
26.290428161621094,26.119823455810547,25.790241241455078,26.025163650512695,26.403024673461914,26.709840774536133,26.903600692749023,26.99620246887207,27.193241119384766,27.54705238342285,27.9194278717041,28.21308708190918,28.403467178344727,28.45943832397461,28.370037078857422,28.154769897460938,27.97941017150879,28.063671112060547,28.502859115600586,29.223621368408203,30.072607040405273,30.864713668823242,31.348464965820312,31.30810546875,30.81589698791504,30.17974090576172,29.65456771850586,29.322229385375977,29.184972763061523,29.22298240661621,29.357219696044922,29.466209411621094,29.487056732177734,29.477041244506836,29.46474266052246,29.403316497802734,29.276796340942383,29.177749633789062,29.19269561767578,29.302806854248047,29.500600814819336,29.800216674804688,30.139677047729492,30.41887855529785
28.3950138092041,28.771379470825195,28.39646339416504,28.047183990478516,28.256752014160156,28.592531204223633,28.834651947021484,28.828933715820312,28.763181686401367,28.975767135620117,29.5384521484375,30.23027229309082,30.774560928344727,31.03428077697754,31.05402374267578,30.892580032348633,30.640274047851562,30.405946731567383,30.30450439453125,30.473127365112305,30.98784065246582,31.7542781829834,32.49448013305664,32.88151168823242,32.780921936035156,32.29762649536133,31.621057510375977,30.933671951293945,30.44576644897461,30.298368453979492,30.452348709106445,30.705278396606445,30.84649658203125,30.870271682739258,30.943096160888672,31.15165138244629,31.375396728515625,31.422962188720703,31.256757736206055,31.047666549682617,31.00166893005371,31.18272590637207,31.48615837097168,31.815200805664062
30.45850372314453,30.930435180664062,31.235824584960938,30.80120277404785,30.520771026611328,30.69391441345215,31.017475128173828,31.177701950073242,30.938579559326172,30.731067657470703,30.94347381591797,31.48667335510254,32.12746047973633,32.705810546875,33.131248474121094,33.3233528137207,33.31216812133789,33.167213439941406,32.919490814208984,32.69414520263672,32.70768356323242,33.04216766357422,33.54344177246094,33.96018600463867,34.159427642822266,34.11842346191406,33.79634475708008,33.168453216552734,32.390769958496094,31.800390243530273,31.629981994628906,31.845184326171875,32.201637268066406,32.457645416259766,32.5914192199707,32.783790588378906,33.143463134765625,33.51727294921875,33.641014099121094,33.41719055175781,33.02648162841797,32.76332092285156,32.762752532958984,32.97783660888672
32.24491500854492,32.671478271484375,33.219200134277344,33.62710952758789,33.425506591796875,33.274757385253906,33.17786407470703,33.27396774291992,33.22293472290039,32.936214447021484,32.92594909667969,33.13082504272461,33.408294677734375,33.80303955078125,34.31978988647461,34.89780044555664,35.36153030395508,35.488590240478516,35.214019775390625,34.780799865722656,34.580509185791016,34.741512298583984,35.049293518066406,35.26886749267578,35.37842559814453,35.456050872802734,35.45891571044922,35.253196716308594,34.7562141418457,34.08373260498047,33.536922454833984,33.37367248535156,33.629661560058594,34.1059684753418,34.52840042114258,34.77486801147461,34.971866607666016,35.27836990356445,35.640804290771484,35.80088424682617,35.55908203125,35.028831481933594,34.53363037109375,34.31597137451172
33.36518859863281,33.92460250854492,34.342586517333984,35.076385498046875,35.77246856689453,36.27333068847656,36.179508209228516,35.55937957763672,35.17707824707031,35.016204833984375,34.961360931396484,34.969886779785156,34.99740219116211,35.2215461730957,35.690391540527344,36.270469665527344,36.80687713623047,37.16370391845703,37.19721603393555,36.904075622558594,36.54537582397461,36.41428756713867,36.529396057128906,36.69550704956055,36.77679443359375,36.81092071533203,36.84476852416992,36.8107795715332,36.64179992675781,36.34771728515625,35.97354507446289,35.63620376586914,35.55253982543945,35.849666595458984,36.38078689575195,36.84395217895508,37.0884895324707,37.22726821899414,37.425785064697266,37.64968490600586,37.71880340576172,37.49363327026367,36.9996337890625,36.44736862182617
34.73481369018555,34.94841003417969,35.47056198120117,36.10612487792969,36.74565124511719,37.49142074584961,38.475372314453125,38.52642059326172,37.69833755493164,37.246253967285156,37.02614212036133,36.7376594543457,36.676822662353516,36.97268295288086,37.54676818847656,38.09026336669922,38.326778411865234,38.37844467163086,38.52206039428711,38.741947174072266,38.77622985839844,38.558753967285156,38.28072738647461,38.154293060302734,38.214874267578125,38.322509765625,38.357723236083984,38.3302001953125,38.2569465637207,38.19292449951172,38.188194274902344,38.170982360839844,38.08977508544922,38.091495513916016,38.32647705078125,38.70783615112305,39.040889739990234,39.26490783691406,39.42863082885742,39.53190994262695,39.53535079956055,39.44364929199219,39.25730514526367,38.91647720336914
37.01597595214844,36.608707427978516,36.83347702026367,37.572120666503906,38.16987609863281,38.47972106933594,39.0472526550293,39.87239074707031,39.855995178222656,39.61406326293945,39.81734085083008,39.262393951416016,38.40789031982422,38.48999786376953,39.43903732299805,40.36899948120117,40.57265853881836,40.221527099609375,39.990840911865234,40.237369537353516,40.677791595458984,40.80270004272461,40.43072509765625,39.88802719116211,39.624168395996094,39.72690200805664,39.93507385253906,40.00353240966797,39.946258544921875,40.003658294677734,40.241844177246094,40.52743148803711,40.70131301879883,40.71636199951172,40.6925048828125,40.75981140136719,40.9223518371582,41.134735107421875,41.36899948120117,41.5461540222168,41.56035614013672,41.404815673828125,41.173439025878906,40.9235954284668
