data/wind_data/wind_61_6.json
{"header": {"parameterUnit": "KT", "parameterCategory": 2, "nx": 256, "ny": 198, "lo1": 44.73521041870117, "la1": -3.236724853515625, "lo2": 111.26478576660156, "la2": 43.468475341796875, "dx": 0.2609002888202667, "dy": -0.23708222806453705, "refTime": "2025-02-21 13:00:00", "forecastTime": 0, "parameterNumber": 2, "parameterNumberName": "eastward_wind"}, "data":
[rows 160 to 179 of 198, columns 0 to 44 of 256]
99.5992431640625,99.62864685058594,99.5690689086914,98.19878387451172,96.02996063232422,93.18073272705078,89.21422576904297,86.09770965576172,85.1782455444336,86.22008514404297,88.1427993774414,88.5433120727539,86.888671875,84.92115783691406,83.91985321044922,83.69048309326172,83.59331512451172,83.06689453125,81.54737091064453,79.47101593017578,78.15811157226562,77.62332916259766,77.13087463378906,76.61519622802734,75.28731536865234,72.33866119384766,69.46147918701172,67.83808898925781,65.68270111083984,64.4128189086914,64.60608673095703,64.60960388183594,65.22563934326172,65.8302001953125,65.77855682373047,65.91206359863281,65.68832397460938,64.03428649902344,61.8289680480957,60.10575485229492,58.88172912597656,57.58189392089844,56.27334976196289,55.369503021240234,54.792808532714844
101.6603775024414,104.38755798339844,103.50641632080078,99.81684875488281,95.96052551269531,92.09445190429688,88.83943176269531,87.52510070800781,87.65618896484375,88.6996078491211,89.50550842285156,88.08155059814453,85.93006134033203,84.81297302246094,84.49969482421875,84.4486312866211,83.88945007324219,82.40142822265625,80.95584869384766,80.15362548828125,79.20584106445312,78.3509750366211,77.89529418945312,77.25157165527344,74.40815734863281,70.84296417236328,69.82290649414062,69.11521911621094,67.75871276855469,67.95948791503906,68.28714752197266,67.4418716430664,66.8740005493164,66.94129180908203,67.1599349975586,67.25393676757812,66.06669616699219,63.80158233642578,62.03589630126953,60.94911575317383,59.70545959472656,58.266971588134766,56.9821891784668,55.81211471557617,54.615116119384766
104.0709457397461,106.80538177490234,105.00171661376953,99.7119140625,95.03307342529297,91.79054260253906,90.5888671875,90.88756561279297,91.65737915039062,92.22537231445312,90.83200073242188,87.5336685180664,86.4449462890625,86.99139404296875,87.09031677246094,87.26079559326172,85.92660522460938,82.4823226928711,81.11326599121094,81.75325012207031,80.8187484741211,79.36505889892578,78.28717803955078,76.3133773803711,73.20858764648438,71.47409057617188,71.47798919677734,71.5732192993164,70.6226806640625,69.56433868408203,69.21887969970703,68.65876007080078,67.8394546508789,67.41744232177734,67.644287109375,67.90916442871094,66.87671661376953,64.6229476928711,62.906646728515625,61.98030090332031,60.82073974609375,59.565364837646484,58.002132415771484,55.93217468261719,54.21900939941406
106.64600372314453,107.3534927368164,103.99016571044922,98.19139099121094,93.94359588623047,92.17564392089844,92.77950286865234,94.30962371826172,95.70144653320312,94.88204193115234,90.0381851196289,86.51216888427734,88.44355010986328,90.61373901367188,91.01490783691406,90.60725402832031,88.08232879638672,84.78539276123047,83.54102325439453,83.88518524169922,83.203125,81.54513549804688,79.07093048095703,76.05868530273438,74.14629364013672,73.69351959228516,73.48192596435547,72.97076416015625,71.84502410888672,70.68865966796875,70.2245101928711,69.808349609375,69.07418060302734,68.44196319580078,68.44873809814453,68.60624694824219,67.8291015625,65.96688842773438,64.1406478881836,63.06489944458008,62.18265151977539,60.8255500793457,58.724727630615234,56.214900970458984,54.387107849121094
109.27372741699219,107.70142364501953,103.05301666259766,97.47463989257812,94.61990356445312,94.56271362304688,96.07573699951172,97.81825256347656,98.49813079833984,94.83717346191406,88.54754638671875,87.67998504638672,91.58555603027344,94.533447265625,94.95531463623047,92.70201110839844,89.9151611328125,87.77387237548828,86.3467788696289,86.18367004394531,85.50867462158203,83.58798217773438,80.80884552001953,77.78938293457031,76.43896484375,76.06187438964844,75.13761138916016,74.2332534790039,73.48111724853516,72.71453094482422,72.10433197021484,71.59286499023438,70.84823608398438,69.93782806396484,69.3770980834961,69.12782287597656,68.24313354492188,66.34764862060547,64.53715515136719,63.651031494140625,63.00631332397461,61.657814025878906,59.459877014160156,56.89006805419922,54.89293670654297
110.46145629882812,107.11944580078125,102.33533477783203,98.157470703125,97.02485656738281,98.11785888671875,99.77069091796875,100.72884368896484,99.03050994873047,94.02472686767578,90.18413543701172,91.1209487915039,94.4053955078125,96.48369598388672,95.79176330566406,93.32189178466797,91.20076751708984,89.66537475585938,88.50923919677734,87.81614685058594,86.76593780517578,84.78443145751953,82.33232116699219,80.27873229980469,79.05956268310547,77.90158081054688,76.70342254638672,76.1199951171875,75.98499298095703,75.65567779541016,74.9236831665039,74.02481842041016,72.9578857421875,71.69666290283203,70.46458435058594,69.41839599609375,68.09264373779297,66.083984375,64.32646942138672,63.29098129272461,62.659915924072266,61.733516693115234,60.02692413330078,57.60619354248047,55.488548278808594
110.20773315429688,105.55282592773438,101.68746185302734,100.29814910888672,100.4298324584961,101.76251220703125,103.15689849853516,102.85499572753906,99.47432708740234,95.39039611816406,93.93446350097656,94.85014343261719,96.08404541015625,96.35111999511719,95.7264633178711,93.97724914550781,91.90773010253906,91.06009674072266,89.9365234375,88.39120483398438,86.85897827148438,85.17155456542969,83.37033081054688,81.80447387695312,80.35111999511719,78.96383666992188,78.16505432128906,78.37193298339844,78.848388671875,78.665771484375,77.78897857666016,76.59202575683594,75.18948364257812,73.58462524414062,71.83551788330078,70.00926971435547,67.9858169555664,65.82070922851562,63.928627014160156,62.545654296875,61.728275299072266,61.17105484008789,59.94200897216797,57.95507049560547,56.05009460449219
108.61663055419922,102.95895385742188,100.48428344726562,101.52618408203125,102.4832763671875,103.69159698486328,104.83202362060547,103.25756072998047,99.2863540649414,97.01522064208984,97.14287567138672,97.57373809814453,97.25253295898438,97.04169464111328,96.75589752197266,94.95050048828125,93.14765167236328,91.94676971435547,90.45552825927734,88.56543731689453,86.8121109008789,85.35848236083984,83.83110809326172,82.24186706542969,80.72509765625,79.64202880859375,79.62652587890625,80.65117645263672,81.43453216552734,81.13430786132812,80.1406478881836,78.85343170166016,77.3340072631836,75.50267791748047,73.42615509033203,71.0910415649414,68.50919342041016,65.94518280029297,63.73147964477539,62.11210250854492,61.119529724121094,60.338932037353516,59.31764602661133,57.81285095214844,55.94540786743164
105.66603088378906,101.64601135253906,100.3232421875,101.80595397949219,102.98273468017578,104.01742553710938,104.32947540283203,101.68834686279297,98.38945007324219,98.1579360961914,99.38836669921875,99.57963562011719,98.6983642578125,98.3483657836914,97.93832397460938,96.55048370361328,94.65879821777344,92.56439208984375,90.94989776611328,89.26114654541016,87.78102111816406,86.37393951416016,84.6953353881836,82.84717559814453,81.1925048828125,80.33338928222656,80.95062255859375,82.41387939453125,83.08826446533203,82.48641967773438,81.36603546142578,80.2529067993164,78.92018127441406,77.149169921875,74.94268035888672,72.3055648803711,69.40257263183594,66.5836410522461,64.17744445800781,62.31741714477539,60.93803787231445,59.745567321777344,58.58013153076172,57.12337112426758,55.218563079833984
101.33747100830078,99.68701171875,99.5342025756836,100.79325866699219,102.24569702148438,102.99250030517578,102.61610412597656,100.80601501464844,99.3602294921875,99.5506362915039,100.04280853271484,99.83415222167969,99.017333984375,98.19095611572266,97.50625610351562,96.54330444335938,94.41310119628906,92.3534927368164,91.11687469482422,89.995361328125,89.11556243896484,87.82978820800781,86.00630187988281,84.00885009765625,82.25637817382812,81.42222595214844,82.09156036376953,83.34650421142578,83.56591796875,82.63723754882812,81.56463623046875,80.78691101074219,79.77070617675781,78.14410400390625,75.91004180908203,73.22920989990234,70.33576202392578,67.5204086303711,65.00714874267578,62.85187911987305,61.06659698486328,59.560054779052734,58.11125183105469,56.45671081542969,54.67112350463867
95.3144760131836,95.9273452758789,96.65730285644531,97.94535827636719,99.60425567626953,100.35514068603516,100.6533203125,100.58828735351562,100.14338684082031,99.54523468017578,99.38643646240234,99.34579467773438,98.08077239990234,96.30494689941406,95.59709167480469,94.96044921875,93.42959594726562,92.03318786621094,90.78526306152344,89.81777954101562,89.47234344482422,88.69303894042969,87.18766021728516,85.37115478515625,83.68660736083984,82.76891326904297,83.09410858154297,83.83338165283203,83.61454010009766,82.51576232910156,81.5338363647461,80.88639068603516,79.95887756347656,78.38082885742188,76.23005676269531,73.76331329345703,71.0996322631836,68.38846588134766,65.76516723632812,63.38344955444336,61.32735824584961,59.592960357666016,57.913543701171875,56.06068801879883,54.257102966308594
87.55546569824219,90.17807006835938,91.33439636230469,92.60362243652344,94.25403594970703,95.63179016113281,96.96687316894531,97.45845031738281,97.69627380371094,97.75411987304688,97.5417709350586,96.8362045288086,95.65087890625,94.51923370361328,93.86640930175781,92.32159423828125,90.80950164794922,90.06175231933594,88.94364166259766,88.09625244140625,88.15872955322266,88.0208740234375,87.16624450683594,85.83478546142578,84.45376586914062,83.67503356933594,83.84065246582031,84.2057876586914,83.69268035888672,82.64130401611328,81.775146484375,81.00411987304688,79.83672332763672,78.13558197021484,76.11238098144531,73.91917419433594,71.53189086914062,68.9678955078125,66.31609344482422,63.79011154174805,61.52020263671875,59.54514694213867,57.69704818725586,55.715614318847656,53.601863861083984
80.25752258300781,83.7966537475586,84.87677001953125,86.07760620117188,87.62638854980469,89.40926361083984,91.00743103027344,91.67877197265625,92.62300872802734,93.6724624633789,93.50386047363281,92.26725769042969,90.9646224975586,90.21127319335938,89.35253143310547,87.806640625,86.86092376708984,86.32733917236328,85.21631622314453,84.49601745605469,84.78819274902344,85.1590805053711,84.97753143310547,84.26560974121094,83.45220947265625,83.20501708984375,83.56043243408203,83.72589874267578,83.14803314208984,82.53389739990234,82.22421264648438,81.50896453857422,79.86182403564453,77.72623443603516,75.68319702148438,73.72052764892578,71.61685180664062,69.2802963256836,66.72589111328125,64.08841705322266,61.58237075805664,59.34836196899414,57.299442291259766,55.08717346191406,52.798099517822266
74.15667724609375,76.75529479980469,77.62171173095703,78.94181823730469,80.66912078857422,82.4952392578125,84.04359436035156,85.15526580810547,86.6335220336914,87.8598861694336,87.61162567138672,86.26258087158203,84.58699798583984,83.29973602294922,82.54190826416016,81.95832061767578,81.50897979736328,81.05998229980469,80.0743408203125,79.54949951171875,79.92153930664062,80.47229766845703,80.67733764648438,80.46066284179688,80.2691650390625,80.59031677246094,81.14680480957031,81.24662017822266,81.08026123046875,81.37190246582031,82.09191131591797,81.77376556396484,79.76786804199219,77.21532440185547,75.08528137207031,73.2764892578125,71.44248962402344,69.3942642211914,67.02374267578125,64.35250091552734,61.630306243896484,59.05322265625,56.63628005981445,54.22762680053711,52.22534942626953
68.32261657714844,69.58147430419922,70.22758483886719,71.3613052368164,73.41603088378906,75.53271484375,77.02538299560547,78.22428131103516,79.41345977783203,80.59661865234375,80.95841217041016,79.53508758544922,77.25834655761719,76.07342529296875,75.96992492675781,75.75203704833984,75.68083190917969,75.58037567138672,75.19050598144531,75.10486602783203,75.39281463623047,75.66553497314453,75.73159790039062,75.5970687866211,75.70828247070312,76.12313079833984,76.55742645263672,76.7515869140625,77.22583770751953,78.62832641601562,80.4925765991211,80.75089263916016,78.67974853515625,76.17562103271484,74.17447662353516,72.55915832519531,71.01507568359375,69.27157592773438,67.10357666015625,64.49568939208984,61.612831115722656,58.707763671875,55.98373794555664,53.72270202636719,52.05677032470703
62.14299011230469,63.531646728515625,64.23944854736328,65.35445404052734,67.6158676147461,69.13909912109375,70.0389404296875,71.03845977783203,71.78521728515625,72.83261108398438,73.49535369873047,72.42842102050781,70.15373229980469,68.51947784423828,68.12642669677734,68.46842193603516,69.09095764160156,69.56724548339844,69.8727035522461,70.34439086914062,70.70968627929688,70.74927520751953,70.59387969970703,70.52080535888672,70.57047271728516,70.63430786132812,70.70235443115234,70.98634338378906,72.16753387451172,74.78083038330078,77.66417694091797,78.0173568725586,76.1920166015625,74.15589141845703,72.5787124633789,71.36505889892578,70.19407653808594,68.74246215820312,66.72701263427734,64.2220230102539,61.33777618408203,58.41689682006836,55.66761016845703,53.54481887817383,51.944644927978516
55.911190032958984,57.579463958740234,59.03946304321289,61.02220916748047,63.03101348876953,63.13642883300781,63.593017578125,64.7763671875,65.15892791748047,65.35134887695312,65.80587005615234,65.0149917602539,62.5896110534668,60.41167068481445,59.96985626220703,60.89155960083008,62.024810791015625,62.675880432128906,63.14069747924805,63.84657669067383,64.33467864990234,64.42926025390625,64.53955841064453,64.8315200805664,64.91362762451172,64.748291015625,64.50232696533203,65.02094268798828,66.93364715576172,70.57582092285156,73.85116577148438,74.09009552001953,72.61588287353516,71.1299057006836,70.13440704345703,69.48150634765625,68.7476806640625,67.52767181396484,65.62574768066406,63.27433395385742,60.742828369140625,58.054412841796875,55.34780502319336,53.16849899291992,51.46344757080078
50.269222259521484,52.19588851928711,54.2691650390625,56.790122985839844,58.579864501953125,58.01954650878906,58.098236083984375,59.171627044677734,58.87159729003906,58.05546188354492,58.35346221923828,57.91448974609375,55.6816291809082,53.62791442871094,53.27410125732422,54.329315185546875,55.41497802734375,55.794647216796875,56.07101821899414,56.66523361206055,56.94804000854492,56.937618255615234,57.40714645385742,58.118751525878906,58.58453369140625,58.54823303222656,58.71141052246094,59.69770431518555,62.07304763793945,66.26390075683594,69.57486724853516,69.78570556640625,68.51496124267578,67.4009780883789,66.9288330078125,66.76012420654297,66.41987609863281,65.46552276611328,63.740169525146484,61.79233169555664,59.733646392822266,57.24123001098633,54.65097427368164,52.483951568603516,50.72486114501953
45.18333435058594,49.980369567871094,51.78261947631836,53.356327056884766,54.927738189697266,53.67672348022461,52.681453704833984,53.23886489868164,52.69329071044922,51.72233963012695,52.03150177001953,51.841190338134766,50.102027893066406,48.36593246459961,48.03505325317383,48.932159423828125,49.824832916259766,50.12352752685547,50.25721740722656,50.56399154663086,50.3988151550293,50.0194206237793,50.32011795043945,51.14957809448242,51.9490966796875,52.65366744995117,53.6768913269043,55.174869537353516,57.94228744506836,62.4420280456543,65.58390045166016,65.54048156738281,64.18280792236328,63.182861328125,62.99605178833008,63.09306335449219,62.94953536987305,62.24720764160156,61.06005859375,59.70558547973633,57.966304779052734,55.74382781982422,53.49443435668945,51.54553985595703,49.79793167114258
40.757041931152344,48.71977615356445,50.4789924621582,51.12660217285156,52.14541244506836,49.846099853515625,47.43236541748047,47.07524108886719,46.96659469604492,46.324825286865234,46.463531494140625,46.392765045166016,45.183860778808594,43.83814239501953,43.59980392456055,44.46044158935547,45.40110778808594,45.830257415771484,46.01885223388672,46.06173324584961,45.46467971801758,44.57732009887695,44.254638671875,44.87282180786133,45.81005096435547,47.43018341064453,49.045711517333984,50.90213394165039,54.53711700439453,59.36655807495117,61.8376579284668,61.16606903076172,59.57785415649414,58.557525634765625,58.37589645385742,58.53616714477539,58.49418258666992,58.109413146972656,57.477970123291016,56.56893539428711,55.18021774291992,53.47793960571289,51.758174896240234,50.16642379760742,48.471168518066406
