data/wind_data/wind_60_9.json
{"header": {"parameterUnit": "KT", "parameterCategory": 2, "nx": 256, "ny": 198, "lo1": 44.73521041870117, "la1": -3.236724853515625, "lo2": 111.26478576660156, "la2": 43.468475341796875, "dx": 0.2609002888202667, "dy": -0.23708222806453705, "refTime": "2025-02-21 12:00:00", "forecastTime": 0, "parameterNumber": 2, "parameterNumberName": "eastward_wind"}, "data":
[rows 133 to 151 of 198, columns 0 to 42 of 256]
21.751928329467773,16.818483352661133,17.64344024658203,19.746408462524414,24.30979347229004,25.230419158935547,25.46424674987793,26.6862735748291,27.67585563659668,27.783260345458984,27.56705665588379,27.393550872802734,26.646390914916992,23.862390518188477,18.470640182495117,13.072118759155273,11.236483573913574,12.654587745666504,14.926786422729492,16.674753189086914,17.257410049438477,15.931306838989258,12.354727745056152,7.541288375854492,3.3965485095977783,-0.3269285559654236,-9.220890998840332,-14.504132270812988,-3.6907994747161865,9.5457124710083,15.202031135559082,17.0605525970459,18.47673988342285,19.774555206298828,20.87232780456543,24.07334327697754,28.13029670715332,29.533926010131836,25.73551368713379,18.762948989868164,12.108951568603516,12.694175720214844,19.06924819946289
22.258464813232422,18.113101959228516,19.041345596313477,21.325302124023438,26.033708572387695,26.42889976501465,26.054336547851562,27.03945541381836,28.1031494140625,28.331348419189453,28.13661766052246,28.130720138549805,28.12745475769043,26.648019790649414,22.680795669555664,18.480072021484375,17.203716278076172,18.447813034057617,20.018009185791016,20.891359329223633,20.999252319335938,19.678010940551758,16.056779861450195,10.183369636535645,3.3700170516967773,-4.210106372833252,-16.17755126953125,-14.653570175170898,0.745222270488739,12.456520080566406,12.194825172424316,11.090587615966797,11.035785675048828,10.878229141235352,13.879026412963867,18.98609161376953,22.510786056518555,20.8388614654541,14.904170989990234,7.802205562591553,6.874402046203613,14.455032348632812,20.80101776123047
22.401264190673828,19.01987648010254,20.424400329589844,22.897483825683594,27.478700637817383,27.05181312561035,25.68807601928711,26.0939884185791,27.143875122070312,27.51774024963379,27.244548797607422,27.16515350341797,27.32078742980957,25.955595016479492,21.8837890625,17.68509292602539,16.620311737060547,17.97650146484375,19.59695816040039,20.79991340637207,21.560152053833008,20.988285064697266,18.23769187927246,13.130084037780762,7.090198516845703,4.904966831207275,4.864606857299805,2.890352249145508,4.866212368011475,8.973638534545898,7.751307964324951,5.437944412231445,3.2755863666534424,8.338458061218262,12.30935001373291,15.634984016418457,17.2396183013916,14.645769119262695,8.84523868560791,4.497729301452637,7.507153034210205,13.32828140258789,15.85611343383789
21.99420738220215,19.736936569213867,21.5184268951416,24.092613220214844,28.067155838012695,26.468517303466797,24.22482681274414,24.09804344177246,24.794939041137695,24.986408233642578,24.64496421813965,24.521821975708008,24.48569679260254,22.513410568237305,17.65326690673828,13.281363487243652,12.48920726776123,13.952685356140137,15.705677032470703,17.620105743408203,19.520055770874023,19.767532348632812,17.686521530151367,13.55622386932373,8.32296085357666,4.652945041656494,5.019407749176025,0.5928664207458496,9.318747520446777,23.404239654541016,21.286630630493164,8.356679916381836,9.295565605163574,11.677186012268066,12.248563766479492,12.628514289855957,12.83996295928955,10.44116497039795,6.88300895690918,6.134398460388184,8.955012321472168,11.479639053344727,13.352363586425781
21.331302642822266,19.835956573486328,21.537527084350586,23.964218139648438,26.90876007080078,24.29735565185547,21.617610931396484,21.1226863861084,21.27338218688965,21.189029693603516,21.052330017089844,21.12571907043457,20.842422485351562,18.47441864013672,13.561759948730469,9.441189765930176,8.618175506591797,9.88895034790039,11.888054847717285,14.564107894897461,17.121110916137695,17.178186416625977,14.852429389953613,11.435583114624023,6.902194499969482,0.648642897605896,-4.5700249671936035,-0.6915067434310913,14.49592399597168,30.876319885253906,22.22555923461914,14.401944160461426,10.758840560913086,9.575067520141602,8.215550422668457,8.161998748779297,8.487269401550293,8.161615371704102,8.782691955566406,10.93085765838623,12.178118705749512,11.044543266296387,10.254303932189941
20.416271209716797,17.956642150878906,19.65975570678711,21.829059600830078,23.716615676879883,20.825592041015625,18.13673973083496,17.286869049072266,16.983238220214844,16.915456771850586,17.15302848815918,17.25827407836914,16.760009765625,14.665462493896484,10.369792938232422,6.309603691101074,5.01400089263916,6.288119792938232,8.952750205993652,12.33525276184082,14.905252456665039,13.970626831054688,11.11125659942627,8.150794982910156,4.301571846008301,-1.4792354106903076,-5.646218299865723,7.167450428009033,22.676916122436523,25.138607025146484,16.70937728881836,9.04686164855957,7.106526851654053,7.240932941436768,6.536441326141357,8.207463264465332,10.247040748596191,10.225505828857422,10.666254043579102,12.27478313446045,11.067505836486816,9.590958595275879,8.647123336791992
19.425453186035156,15.8519868850708,17.382848739624023,19.004592895507812,19.920040130615234,17.36084747314453,15.075860977172852,14.026548385620117,13.486674308776855,13.469491958618164,13.704550743103027,13.663485527038574,13.236404418945312,11.603342056274414,7.977851390838623,4.21360969543457,2.9861154556274414,4.55172872543335,7.462307929992676,10.716814994812012,12.548542022705078,10.595727920532227,7.277066230773926,3.587545156478882,-2.813897132873535,-5.952634334564209,-1.5642096996307373,15.128337860107422,25.497926712036133,23.219953536987305,15.627152442932129,8.986861228942871,11.07425308227539,11.569709777832031,10.562766075134277,12.859293937683105,14.603336334228516,11.351872444152832,9.272193908691406,6.75508975982666,6.0777506828308105,8.388989448547363,9.404491424560547
18.580928802490234,15.67172622680664,16.547069549560547,17.40666389465332,17.62801742553711,15.6502685546875,13.9717378616333,13.063151359558105,12.60214614868164,12.5031156539917,12.485128402709961,12.172794342041016,11.479839324951172,10.281583786010742,7.89439582824707,4.945703983306885,3.767892837524414,4.9358930587768555,7.021122932434082,9.059887886047363,9.79416561126709,7.452159881591797,4.4602179527282715,0.08449430018663406,-4.802377700805664,-5.085541725158691,2.3963637351989746,19.07504653930664,26.664974212646484,25.155120849609375,17.67815399169922,16.25508689880371,16.54589080810547,13.602184295654297,11.691008567810059,16.53488540649414,16.036821365356445,9.271875381469727,4.384815692901611,-0.36450380086898804,-0.944778323173523,3.2643985748291016,6.563309669494629
17.879648208618164,15.853357315063477,16.700977325439453,17.402767181396484,17.731616973876953,16.388107299804688,15.155341148376465,14.362421035766602,13.937677383422852,13.779861450195312,13.487431526184082,12.423871994018555,11.096413612365723,10.509960174560547,9.458802223205566,7.584132671356201,6.4261274337768555,6.321730136871338,6.7801618576049805,7.397134780883789,6.95813512802124,4.31536340713501,2.0619585514068604,-0.1864749640226364,0.0037712310440838337,4.781722068786621,11.085729598999023,20.61785125732422,27.578990936279297,27.02533531188965,21.28082275390625,17.90146255493164,13.202981948852539,8.56440258026123,10.571084022521973,18.97785186767578,15.857266426086426,7.298968315124512,0.4441279172897339,-3.3283793926239014,-2.3940351009368896,0.22061724960803986,5.40815544128418
17.742876052856445,15.471524238586426,17.027463912963867,18.12282943725586,19.017051696777344,18.13140106201172,17.082706451416016,15.984484672546387,15.110023498535156,14.684006690979004,14.026348114013672,12.359189987182617,10.83666706085205,10.794600486755371,10.829071998596191,10.067829132080078,8.97050666809082,7.7687907218933105,6.916507720947266,6.190047740936279,3.7471625804901123,-3.3203561305999756,-12.988158226013184,-10.936376571655273,0.41116368770599365,10.104792594909668,15.288455963134766,20.360816955566406,26.060348510742188,25.400922775268555,19.531877517700195,12.39999008178711,5.806164264678955,5.135080814361572,13.307372093200684,19.352746963500977,12.396291732788086,3.870854377746582,-1.1602308750152588,-0.7892242074012756,1.1286531686782837,3.6874122619628906,8.462993621826172
18.14043617248535,15.648429870605469,17.289419174194336,18.533329010009766,19.92603874206543,19.213510513305664,18.096712112426758,16.610700607299805,15.268367767333984,14.523995399475098,13.65565013885498,12.084917068481445,10.555010795593262,10.258618354797363,10.906330108642578,11.091338157653809,10.126667022705078,8.73823356628418,7.744383335113525,6.671998023986816,3.7625973224639893,1.1501307487487793,2.4776451587677,0.913435697555542,6.380057334899902,10.93770694732666,14.548568725585938,20.49982261657715,24.681472778320312,21.2343692779541,13.678146362304688,7.791337013244629,5.8574018478393555,10.395827293395996,15.907191276550293,12.58811092376709,4.6493072509765625,-1.0190515518188477,-1.3225921392440796,1.874258279800415,4.538877010345459,6.482355117797852,10.86968994140625
17.783424377441406,15.140176773071289,16.35240364074707,17.56393814086914,19.303762435913086,18.89371681213379,17.91215705871582,16.65924644470215,15.258502960205078,14.248647689819336,13.35571575164795,11.690106391906738,9.811498641967773,9.023820877075195,9.233454704284668,8.969876289367676,8.550694465637207,9.32944107055664,9.986600875854492,8.815177917480469,5.127096176147461,4.473417282104492,8.23182487487793,12.504471778869629,15.45872688293457,15.373873710632324,17.482336044311523,22.423707962036133,21.256540298461914,13.661284446716309,9.489550590515137,9.062887191772461,10.240377426147461,10.35108757019043,8.852222442626953,3.9293036460876465,0.45677611231803894,0.17166253924369812,2.164304494857788,4.364784240722656,5.721066951751709,6.15538215637207,10.365818977355957
16.261154174804688,12.559762001037598,13.787591934204102,15.314950942993164,17.48974609375,17.613481521606445,17.416217803955078,16.901887893676758,15.54532527923584,14.20695686340332,12.537968635559082,10.643526077270508,9.036133766174316,7.181369304656982,5.320962429046631,5.527451038360596,8.171070098876953,11.005938529968262,11.52235221862793,10.934919357299805,10.161171913146973,10.435474395751953,12.296480178833008,16.459300994873047,20.158361434936523,21.73429298400879,23.659454345703125,23.89211082458496,16.583805084228516,11.310717582702637,11.805583953857422,11.420364379882812,8.43420124053955,3.7655675411224365,0.5913003087043762,-0.16325849294662476,3.486405849456787,5.65977144241333,3.7100164890289307,3.179527521133423,5.0630202293396,7.83375358581543,11.538277626037598
14.924516677856445,10.248091697692871,11.50556468963623,13.41624641418457,15.782214164733887,16.176115036010742,16.515182495117188,16.266122817993164,14.830052375793457,12.998476028442383,11.195621490478516,9.728293418884277,8.093688011169434,5.920392990112305,4.6816606521606445,5.4345622062683105,7.581626892089844,9.705292701721191,12.47147274017334,16.251529693603516,17.07435417175293,13.717374801635742,13.631649017333984,18.681394577026367,24.190444946289062,27.302257537841797,26.8464298248291,20.94120216369629,14.358402252197266,14.123960494995117,13.003597259521484,8.71289348602295,4.169140338897705,2.9078571796417236,4.730905055999756,6.868294715881348,8.897063255310059,7.876943111419678,5.790666580200195,5.348987579345703,6.299157619476318,9.523552894592285,12.377561569213867
14.49689769744873,10.02070140838623,11.111650466918945,13.339919090270996,15.180838584899902,14.6259765625,14.474699020385742,13.979284286499023,12.368295669555664,10.820989608764648,9.959911346435547,9.632501602172852,8.801631927490234,6.84771203994751,5.203060150146484,5.238955497741699,7.069002151489258,11.270343780517578,17.116085052490234,20.86488151550293,17.570777893066406,14.054110527038574,17.346895217895508,23.347675323486328,27.84780502319336,27.872873306274414,22.760751724243164,16.86157989501953,16.71636199951172,16.589078903198242,11.77917766571045,8.471370697021484,8.646051406860352,11.00707721710205,11.188369750976562,10.542435646057129,10.0141019821167,9.728252410888672,10.194448471069336,10.123775482177734,9.470337867736816,10.504568099975586,12.679387092590332
14.41528034210205,9.949867248535156,11.887357711791992,14.782105445861816,15.538753509521484,13.1148681640625,11.95007610321045,10.418502807617188,8.824177742004395,9.466609954833984,10.850606918334961,10.849964141845703,9.745046615600586,8.060073852539062,6.210268497467041,6.1585693359375,9.977774620056152,16.282960891723633,20.06024169921875,17.685461044311523,15.458854675292969,19.141860961914062,23.77821922302246,26.154159545898438,25.809154510498047,22.22647476196289,18.507244110107422,18.51357650756836,20.044408798217773,16.729074478149414,12.223694801330566,11.269325256347656,12.04288101196289,11.525716781616211,9.56337833404541,8.876838684082031,9.63157844543457,11.546575546264648,13.927332878112793,15.073562622070312,13.603121757507324,12.346723556518555,13.90340518951416
14.307312965393066,10.001769065856934,12.916587829589844,16.503978729248047,16.694486618041992,12.617430686950684,9.540148735046387,7.167235374450684,7.7384352684021,10.998544692993164,12.87248420715332,11.91079330444336,10.36382007598877,9.21670913696289,8.78383731842041,11.079981803894043,15.475152015686035,17.083866119384766,13.67728042602539,13.371423721313477,20.573657989501953,26.501056671142578,26.20281219482422,22.6851863861084,19.834674835205078,19.211803436279297,20.457380294799805,21.162809371948242,18.71375274658203,14.692025184631348,12.448159217834473,11.564518928527832,10.705525398254395,8.643001556396484,6.406686782836914,6.5360283851623535,8.686750411987305,11.791324615478516,15.943658828735352,19.226112365722656,17.723939895629883,14.830034255981445,15.562708854675293
14.296602249145508,11.11832332611084,13.855175971984863,17.631145477294922,18.016767501831055,12.544729232788086,7.926177978515625,7.219297409057617,10.316457748413086,13.258828163146973,13.054372787475586,12.259456634521484,11.55142593383789,11.090571403503418,12.4580659866333,14.543702125549316,14.176594734191895,11.006011962890625,11.226053237915039,18.85885238647461,25.65789222717285,26.516511917114258,22.33504867553711,17.436378479003906,17.04902458190918,20.565488815307617,22.585533142089844,20.16551971435547,16.781171798706055,15.170360565185547,13.888339042663574,12.392898559570312,10.938192367553711,8.884675979614258,6.711903095245361,6.293523788452148,8.083186149597168,11.409573554992676,16.736961364746094,21.619155883789062,20.491910934448242,16.78157615661621,16.886314392089844
14.498440742492676,12.3938627243042,14.670011520385742,18.321044921875,18.223222732543945,12.138481140136719,8.637713432312012,9.17050838470459,12.270173072814941,14.156949996948242,12.475532531738281,11.16433334350586,12.676973342895508,15.520994186401367,16.677907943725586,12.69905948638916,8.192195892333984,9.197685241699219,16.433387756347656,23.51725959777832,24.879852294921875,20.44919204711914,15.497010231018066,15.085384368896484,18.678625106811523,21.946258544921875,20.99803924560547,17.936555862426758,16.888879776000977,16.598005294799805,14.918912887573242,13.56094741821289,12.930760383605957,11.543644905090332,9.338756561279297,7.715973854064941,7.940817356109619,10.778509140014648,16.84874153137207,22.717914581298828,22.22660255432129,18.385194778442383,18.26017189025879
