data/wind_data/wind_48_1.json
{"header": {"parameterUnit": "KT", "parameterCategory": 2, "nx": 256, "ny": 198, "lo1": 44.73521041870117, "la1": -3.236724853515625, "lo2": 111.26478576660156, "la2": 43.468475341796875, "dx": 0.2609002888202667, "dy": -0.23708222806453705, "refTime": "2025-02-21 00:00:00", "forecastTime": 0, "parameterNumber": 2, "parameterNumberName": "eastward_wind"}, "data":
[rows 152 to 170 of 198, columns 129 to 171 of 256]
15.643611907958984,11.176674842834473,11.371883392333984,13.500670433044434,12.830520629882812,16.375957489013672,19.232332229614258,18.92681312561035,19.594350814819336,19.920337677001953,25.46163558959961,26.917314529418945,19.189868927001953,11.036293029785156,7.485082626342773,7.787109375,4.961808681488037,4.002192497253418,4.190305709838867,7.408108711242676,9.703729629516602,9.179987907409668,10.609149932861328,11.785086631774902,10.960370063781738,7.443095684051514,4.675608158111572,6.458441257476807,9.700722694396973,13.972615242004395,13.539082527160645,10.861833572387695,11.256871223449707,10.944951057434082,9.66303539276123,8.935693740844727,9.399128913879395,12.289620399475098,14.871103286743164,14.873290061950684,15.982002258300781,15.81590461730957,15.748571395874023
18.646469116210938,18.097732543945312,11.384769439697266,9.147977828979492,9.666274070739746,10.352822303771973,12.327939987182617,15.404955863952637,20.25297737121582,20.61575698852539,21.708892822265625,22.92807960510254,20.82795524597168,15.175985336303711,11.202055931091309,10.370360374450684,8.53450870513916,6.311338901519775,6.601316928863525,8.883621215820312,9.426043510437012,10.155730247497559,9.642867088317871,8.340624809265137,7.887565612792969,4.95686149597168,5.188436031341553,6.942544937133789,9.490663528442383,13.771401405334473,16.179500579833984,14.549883842468262,11.598623275756836,10.018279075622559,9.342035293579102,10.901046752929688,13.801074981689453,14.81216812133789,14.394043922424316,13.51184368133545,13.680540084838867,12.510885238647461,13.320377349853516
16.542081832885742,19.837739944458008,17.283706665039062,10.672080993652344,6.677179336547852,4.062993049621582,8.59462833404541,14.384438514709473,15.525049209594727,12.90474796295166,14.612957000732422,18.876890182495117,19.01930809020996,15.084051132202148,12.198125839233398,11.313915252685547,10.075207710266113,6.465395927429199,6.64009952545166,9.63730239868164,10.04822063446045,10.302606582641602,9.716933250427246,9.373316764831543,8.799148559570312,6.345685005187988,6.882681369781494,8.01418399810791,9.29466724395752,12.554219245910645,14.661463737487793,13.37645435333252,11.896235466003418,12.205822944641113,12.224579811096191,14.069062232971191,16.495603561401367,16.553998947143555,14.360465049743652,12.233918190002441,12.200844764709473,7.909012794494629,6.9108195304870605
15.412871360778809,18.228445053100586,17.87674903869629,13.47667407989502,9.740501403808594,6.421529769897461,8.808727264404297,11.464644432067871,13.21258544921875,13.624709129333496,12.554909706115723,15.834739685058594,15.092829704284668,11.984135627746582,12.453960418701172,12.266207695007324,9.117196083068848,5.274567604064941,4.917054653167725,7.887297630310059,8.858821868896484,8.687667846679688,8.97681999206543,9.74525260925293,9.810132026672363,7.941262245178223,7.228569030761719,7.835206031799316,9.592577934265137,11.78895378112793,11.984575271606445,10.238183975219727,10.422263145446777,12.771964073181152,14.539711952209473,15.58578109741211,15.748942375183105,15.618707656860352,15.081698417663574,15.348012924194336,18.26030921936035,12.560855865478516,6.363519668579102
14.97331714630127,14.171167373657227,14.282432556152344,12.181147575378418,7.958685874938965,5.966004371643066,9.104772567749023,10.79100227355957,17.05833625793457,19.8720703125,14.760072708129883,11.808144569396973,10.551800727844238,10.301198959350586,11.216745376586914,10.638760566711426,6.760520935058594,3.0111687183380127,3.2253739833831787,6.089437007904053,7.564638137817383,7.318432807922363,8.149686813354492,9.675601959228516,8.578125,7.380995750427246,7.418980121612549,8.082802772521973,9.605445861816406,11.459808349609375,11.971199989318848,12.49770450592041,12.974028587341309,13.151617050170898,13.54726791381836,14.304706573486328,14.84406566619873,15.626938819885254,14.690802574157715,16.2227725982666,20.987430572509766,16.8288516998291,7.171794414520264
13.662253379821777,14.715278625488281,9.299341201782227,5.943304538726807,6.397403240203857,7.364044666290283,10.147096633911133,10.49631404876709,17.408615112304688,23.219491958618164,19.551441192626953,12.030799865722656,8.019674301147461,6.778875827789307,6.602921009063721,4.468282222747803,3.2572333812713623,1.8839157819747925,3.2410740852355957,7.012587547302246,8.171924591064453,8.24222183227539,8.027824401855469,7.731866836547852,6.731040000915527,6.192570686340332,6.263700008392334,7.076155185699463,9.634766578674316,11.660345077514648,12.170544624328613,14.024341583251953,16.152101516723633,16.944124221801758,14.299450874328613,13.138129234313965,14.773722648620605,16.69965171813965,14.72214126586914,13.534750938415527,16.764299392700195,12.291715621948242,4.8036580085754395
9.896652221679688,13.701908111572266,13.310978889465332,10.153815269470215,7.723321914672852,10.059052467346191,11.444687843322754,12.039669036865234,16.14912986755371,17.766286849975586,14.903968811035156,9.6458101272583,6.154886245727539,6.987193584442139,5.399567127227783,0.9789595603942871,2.6599042415618896,5.004393577575684,6.549635887145996,9.077398300170898,9.250195503234863,9.3781156539917,10.500788688659668,10.176671028137207,9.192535400390625,8.351506233215332,5.787508964538574,6.469488143920898,11.02291202545166,12.567614555358887,12.063575744628906,13.695138931274414,16.421367645263672,17.745399475097656,16.777542114257812,15.928136825561523,16.194889068603516,16.830411911010742,14.200813293457031,11.235522270202637,12.57093334197998,10.92947769165039,8.167804718017578
6.776046276092529,11.81152629852295,12.681572914123535,9.980700492858887,8.335963249206543,12.730513572692871,13.262885093688965,14.027327537536621,17.336288452148438,18.906930923461914,15.733129501342773,13.197310447692871,10.602774620056152,8.40414047241211,5.044471263885498,2.590402126312256,4.797696590423584,7.744161605834961,8.372438430786133,7.904830455780029,8.797160148620605,10.52284049987793,11.526167869567871,11.161258697509766,11.094593048095703,10.408574104309082,5.763537883758545,4.596708297729492,10.718677520751953,13.59682846069336,12.965982437133789,11.961267471313477,13.031600952148438,14.52220630645752,16.585559844970703,18.13730239868164,17.61113739013672,16.10210609436035,14.79310417175293,13.78769302368164,14.737091064453125,13.660168647766113,10.732513427734375
9.300373077392578,13.9450044631958,14.75450325012207,13.190171241760254,16.92026138305664,18.990306854248047,13.220741271972656,13.254617691040039,12.75025463104248,7.535310745239258,6.703305721282959,6.787476539611816,6.334580898284912,6.07858943939209,6.474903106689453,4.962505340576172,5.1395182609558105,6.290342807769775,6.319876670837402,6.602542877197266,9.194746971130371,11.868951797485352,12.545195579528809,11.771183013916016,11.182823181152344,9.869077682495117,6.871296405792236,5.893886089324951,9.310784339904785,11.233780860900879,9.998865127563477,9.975749969482422,12.483758926391602,15.092625617980957,17.16783332824707,18.129871368408203,15.975457191467285,12.981786727905273,11.985734939575195,12.413386344909668,13.712584495544434,12.749821662902832,11.39671516418457
9.242280960083008,11.247822761535645,17.257125854492188,16.745983123779297,14.013818740844727,8.760065078735352,5.165151596069336,4.58292818069458,-1.0105433464050293,0.847632646560669,2.101548194885254,1.3647490739822388,0.28459540009498596,-0.6341187357902527,2.635676145553589,9.49048900604248,9.46915340423584,6.21069860458374,5.869786262512207,7.616565704345703,9.38509750366211,10.936100006103516,11.064847946166992,10.027527809143066,9.293581008911133,10.505064010620117,10.104371070861816,7.965096473693848,8.198600769042969,10.145232200622559,10.371502876281738,11.216411590576172,13.934454917907715,15.43627643585205,17.85780143737793,19.340890884399414,14.268157005310059,10.136552810668945,11.39367961883545,12.003361701965332,12.839345932006836,13.559670448303223,11.980527877807617
11.83137321472168,15.664841651916504,3.495394706726074,0.8163076639175415,-0.6853212118148804,-2.130819082260132,-2.2498528957366943,0.07130372524261475,1.6624737977981567,1.3823717832565308,1.8067600727081299,2.9400992393493652,3.9958951473236084,5.012813091278076,1.1686798334121704,5.525184154510498,7.473710536956787,5.277101993560791,3.674694061279297,3.4876139163970947,3.794203758239746,5.812203884124756,9.315174102783203,11.404080390930176,10.99561882019043,9.035598754882812,6.073551654815674,5.370433807373047,7.573397636413574,9.21279525756836,8.739840507507324,9.018567085266113,12.35888957977295,14.456401824951172,17.851482391357422,23.102834701538086,16.71796226501465,7.7052764892578125,8.35865306854248,9.30824089050293,12.523715019226074,14.74974250793457,10.299101829528809
4.614224910736084,-0.11235682666301727,-5.768247604370117,-4.8165364265441895,-0.7829356789588928,2.291646718978882,4.417961120605469,6.2574663162231445,7.499359130859375,5.244984149932861,1.0060375928878784,1.8164350986480713,2.6794650554656982,3.8348493576049805,5.343929290771484,5.451729774475098,4.906129360198975,3.2661595344543457,0.434675395488739,-0.9000645875930786,-0.05019612982869148,2.0953354835510254,5.753895282745361,10.550077438354492,11.584303855895996,9.922514915466309,7.408793926239014,8.215653419494629,10.90563678741455,9.964710235595703,8.57819652557373,8.985432624816895,12.731121063232422,16.974512100219727,19.640222549438477,23.541427612304688,19.274370193481445,8.86362361907959,7.436077117919922,9.85270881652832,13.473360061645508,14.142728805541992,13.109535217285156
3.2406082153320312,1.767863154411316,0.6464853882789612,1.7943881750106812,3.093404769897461,5.121846675872803,6.440243721008301,7.186973571777344,6.334799289703369,4.860306739807129,2.3843421936035156,0.742671549320221,1.2068309783935547,2.0396461486816406,2.865035057067871,3.163576126098633,1.4454727172851562,-1.1617685556411743,-3.4229376316070557,-2.6565170288085938,0.88288414478302,3.2440590858459473,4.958083152770996,7.659996509552002,8.605352401733398,12.748932838439941,14.122157096862793,9.016103744506836,7.245027542114258,9.080317497253418,10.806316375732422,14.811677932739258,17.14520835876465,15.68466567993164,14.392706871032715,15.94908332824707,16.925474166870117,11.381407737731934,7.799388885498047,9.526871681213379,12.008480072021484,14.062837600708008,14.151786804199219
6.650090217590332,8.201953887939453,9.448899269104004,8.472278594970703,8.101420402526855,6.221989631652832,4.982748031616211,4.281637191772461,2.229774236679077,1.2173699140548706,0.8365247845649719,0.7905393838882446,1.367854118347168,0.2526293396949768,-0.8651529550552368,-1.550652027130127,-3.8427083492279053,-5.817147254943848,-6.988529205322266,-5.387547016143799,-2.089521884918213,2.656120538711548,5.964173793792725,7.8148040771484375,8.21086597442627,10.13935661315918,10.38812255859375,5.917214393615723,6.420476913452148,12.4170503616333,16.202850341796875,13.10554027557373,6.571344375610352,4.600430011749268,8.120271682739258,12.379376411437988,10.127888679504395,3.9039933681488037,1.2192907333374023,5.452926158905029,11.801469802856445,11.228890419006348,9.723438262939453
7.643115520477295,12.160786628723145,12.57266902923584,8.80940055847168,7.038391590118408,3.4698119163513184,0.8179007768630981,0.39241355657577515,-0.28822383284568787,-0.6583432555198669,-0.8946837186813354,-0.2587680518627167,-0.03182939440011978,-0.7659189701080322,-1.339433193206787,-4.105890274047852,-6.823071002960205,-7.810612678527832,-8.151097297668457,-7.872725963592529,-6.070974826812744,-3.027601718902588,-0.5715799927711487,2.8266959190368652,5.631811141967773,6.221369743347168,5.47256326675415,2.738964796066284,4.050572872161865,9.986470222473145,10.782955169677734,2.6022863388061523,0.16693706810474396,1.4346423149108887,4.151439189910889,5.858808517456055,5.515307903289795,3.72757625579834,4.395735263824463,9.81563663482666,11.972099304199219,4.779595851898193,4.542133331298828
8.315644264221191,11.548836708068848,13.27462100982666,4.844742298126221,1.591482400894165,-0.7043066024780273,-1.0852910280227661,-0.18900805711746216,0.2824902832508087,-1.1394734382629395,-1.0796213150024414,-1.3317519426345825,-1.2114108800888062,-3.1921420097351074,-5.707059860229492,-6.278373718261719,-7.881950378417969,-9.167144775390625,-9.335110664367676,-7.788535118103027,-6.611819267272949,-5.199209690093994,-4.236279487609863,-2.978501081466675,-2.430712938308716,-2.2741382122039795,-1.113552451133728,-0.545940637588501,0.49275460839271545,1.920943260192871,2.885803699493408,2.853624105453491,1.7680070400238037,2.311662435531616,3.955042600631714,-0.6115931272506714,2.2741682529449463,5.728111743927002,9.5208101272583,10.79820442199707,11.481606483459473,5.125307083129883,-1.2190654277801514
7.5754194259643555,8.853293418884277,7.297124862670898,1.7681686878204346,-1.1629163026809692,-0.4707503616809845,-0.43839558959007263,-0.20578254759311676,-0.28419357538223267,-1.7748868465423584,-2.1439950466156006,-3.503033399581909,-2.7486870288848877,-4.429967880249023,-6.526657581329346,-5.83350944519043,-7.847641944885254,-8.855731964111328,-9.389549255371094,-8.933225631713867,-7.547735214233398,-4.792015075683594,-3.5723109245300293,-2.642470359802246,-2.6021535396575928,-4.88250207901001,-5.4630632400512695,-4.9006195068359375,-1.4357632398605347,-1.62187659740448,-4.069905757904053,-0.5314688086509705,1.0902190208435059,-1.5773773193359375,6.227774620056152,2.2511355876922607,0.40932685136795044,3.3500566482543945,8.361919403076172,9.626801490783691,8.089876174926758,2.341317892074585,3.609957456588745
4.419128894805908,5.231512546539307,3.4321560859680176,0.9068925976753235,-0.4221763014793396,-0.043017081916332245,-0.4935564398765564,-0.9442744255065918,-1.620286226272583,-2.1304385662078857,-3.144111156463623,-4.9910736083984375,-4.793053150177002,-5.111649990081787,-5.953181743621826,-6.290635585784912,-8.12151050567627,-8.758750915527344,-8.997344017028809,-8.488130569458008,-6.440408229827881,-5.378921031951904,-4.642576217651367,-3.3479998111724854,-2.40358304977417,-2.893697738647461,-3.806586980819702,-4.951620101928711,-2.5778961181640625,-2.7894399166107178,-6.127467155456543,-4.960853576660156,-2.559373140335083,-2.779667615890503,1.6395071744918823,5.066427707672119,3.789186954498291,3.4973108768463135,6.699483871459961,7.5041351318359375,0.7246241569519043,2.5124616622924805,4.654846668243408
3.6990370750427246,3.3441624641418457,0.46999529004096985,-0.15093640983104706,-0.33058789372444153,-0.9781509637832642,-1.108629584312439,-2.1963210105895996,-2.615011215209961,-3.316763162612915,-5.086823463439941,-3.760021448135376,-5.374303817749023,-5.462422847747803,-5.374253749847412,-7.2372965812683105,-8.110649108886719,-9.233314514160156,-8.469228744506836,-7.888148307800293,-6.809434413909912,-5.770333290100098,-4.50063419342041,-4.173860549926758,-3.394070625305176,-2.780722141265869,-3.9533779621124268,-4.8267741203308105,-4.9140238761901855,-4.39048957824707,-5.366640090942383,-7.619805812835693,-6.539394378662109,-4.729939937591553,-0.893567681312561,3.684093713760376,4.694180011749268,5.0217366218566895,8.429387092590332,2.504471778869629,-4.72448205947876,-0.1702500581741333,-1.828887939453125
