data/wind_data/wind_Surface_36.json
{"header": {"parameterUnit": "KT", "parameterCategory": 2, "nx": 255, "ny": 198, "lo1": 44.73521041870117, "la1": -3.236724853515625, "lo2": 111.26478576660156, "la2": 43.468475341796875, "dx": 0.26192745566368103, "dy": -0.23708222806453705, "refTime": "2025-02-20 12:00:00", "forecastTime": 0, "parameterNumber": 3, "parameterNumberName": "northward_wind"}, "data":
[rows 19 to 37 of 198, columns 86 to 128 of 255]
-12.234755516052246,-12.376991271972656,-12.464946746826172,-12.597051620483398,-11.761861801147461,-10.648599624633789,-11.050161361694336,-11.466946601867676,-11.476299285888672,-12.0389404296875,-12.818169593811035,-13.449728965759277,-12.817667961120605,-10.906475067138672,-10.925280570983887,-10.732856750488281,-9.76209545135498,-9.256877899169922,-9.578575134277344,-9.103753089904785,-9.049756050109863,-8.230470657348633,-7.123913288116455,-8.07958984375,-9.686006546020508,-11.103946685791016,-12.460007667541504,-11.75702953338623,-10.17219066619873,-10.565332412719727,-10.870617866516113,-9.479171752929688,-10.315072059631348,-9.491995811462402,-9.215263366699219,-7.838315010070801,-5.616208076477051,-5.388627529144287,-6.439361095428467,-6.721977233886719,-5.336164951324463,-4.566925525665283,-4.019824504852295
-12.24347972869873,-11.73570728302002,-11.320764541625977,-11.704864501953125,-11.565580368041992,-10.655583381652832,-10.975653648376465,-11.670144081115723,-11.606801986694336,-11.99560260772705,-12.222489356994629,-12.731123924255371,-13.00289535522461,-11.673929214477539,-11.210142135620117,-10.749300956726074,-10.409894943237305,-9.650385856628418,-9.841451644897461,-10.816289901733398,-12.163947105407715,-12.398286819458008,-9.464668273925781,-8.30171012878418,-10.16417407989502,-11.553800582885742,-13.26470947265625,-14.208369255065918,-12.23110580444336,-11.36970043182373,-12.49830436706543,-12.142891883850098,-10.947754859924316,-10.29942512512207,-9.108614921569824,-8.549564361572266,-7.414046287536621,-5.3464035987854,-6.636433124542236,-5.9591803550720215,-4.7399702072143555,-4.119813442230225,-3.527808666229248
-11.237723350524902,-10.878597259521484,-11.168742179870605,-12.04943561553955,-11.69041633605957,-10.76199722290039,-10.528553009033203,-10.80625057220459,-11.18790054321289,-11.118892669677734,-11.580142974853516,-12.465946197509766,-13.028250694274902,-12.581883430480957,-11.630509376525879,-11.389081001281738,-11.809507369995117,-11.824376106262207,-11.954283714294434,-12.575474739074707,-13.24914264678955,-12.966236114501953,-11.535582542419434,-10.499300956726074,-11.161165237426758,-12.229592323303223,-13.641186714172363,-13.666365623474121,-12.122172355651855,-11.204400062561035,-12.880928039550781,-13.248750686645508,-11.105154991149902,-10.690502166748047,-9.53323745727539,-9.334458351135254,-8.848846435546875,-8.094582557678223,-6.348025798797607,-6.320143699645996,-4.505852699279785,-4.505561351776123,-5.1015143394470215
-10.066865921020508,-10.465703964233398,-11.131160736083984,-11.324146270751953,-11.847036361694336,-11.495893478393555,-10.645889282226562,-9.873435020446777,-10.529276847839355,-10.845487594604492,-11.699175834655762,-12.38143253326416,-12.472436904907227,-12.25936222076416,-12.141115188598633,-11.824951171875,-11.998201370239258,-12.667121887207031,-12.514982223510742,-12.46297836303711,-12.990377426147461,-12.406356811523438,-11.863235473632812,-11.953890800476074,-11.72347354888916,-12.269941329956055,-12.770651817321777,-12.609210014343262,-11.619606018066406,-11.335198402404785,-12.099200248718262,-12.408899307250977,-12.088261604309082,-11.237213134765625,-10.882505416870117,-11.705472946166992,-11.29882526397705,-9.380677223205566,-7.700087070465088,-7.348178863525391,-5.661581039428711,-5.008844375610352,-4.589797496795654
-9.617684364318848,-10.596894264221191,-10.50532054901123,-10.399849891662598,-11.725011825561523,-12.699236869812012,-12.29853630065918,-10.269206047058105,-10.662837982177734,-11.376508712768555,-11.857589721679688,-12.323558807373047,-12.209115028381348,-12.081926345825195,-11.476463317871094,-11.013816833496094,-11.405501365661621,-11.897662162780762,-11.755868911743164,-11.617949485778809,-12.365361213684082,-12.724430084228516,-12.242696762084961,-11.829512596130371,-11.829985618591309,-12.03585147857666,-12.23694133758545,-12.35998821258545,-12.25719165802002,-12.027100563049316,-11.683660507202148,-11.45229721069336,-11.688722610473633,-11.801042556762695,-11.950142860412598,-12.853838920593262,-12.639883995056152,-10.897357940673828,-10.099550247192383,-8.534971237182617,-8.163363456726074,-7.763647079467773,-7.419532299041748
-9.76744270324707,-9.6543607711792,-9.78071403503418,-9.983061790466309,-11.006414413452148,-12.135096549987793,-12.510176658630371,-11.796927452087402,-11.569961547851562,-11.912189483642578,-11.639059066772461,-11.874395370483398,-12.119790077209473,-11.686957359313965,-10.941156387329102,-10.626705169677734,-10.862953186035156,-11.175681114196777,-11.423179626464844,-11.4965238571167,-11.843229293823242,-12.019393920898438,-11.846802711486816,-11.566232681274414,-11.691683769226074,-12.022912979125977,-12.258172035217285,-12.40606689453125,-12.334999084472656,-12.162361145019531,-11.778167724609375,-11.536309242248535,-11.72748851776123,-12.533759117126465,-12.837759017944336,-12.728291511535645,-12.49084186553955,-11.851140975952148,-10.77885913848877,-9.406551361083984,-9.817240715026855,-11.535355567932129,-12.022921562194824
-9.370018005371094,-8.917332649230957,-9.414811134338379,-9.650873184204102,-9.949833869934082,-10.280137062072754,-11.095073699951172,-11.332615852355957,-10.9395751953125,-10.617630004882812,-10.88795280456543,-11.1624755859375,-11.261520385742188,-11.021577835083008,-10.775983810424805,-10.655010223388672,-10.480328559875488,-10.432687759399414,-11.045926094055176,-11.201814651489258,-11.56161117553711,-11.787940979003906,-11.879167556762695,-11.566884994506836,-11.577120780944824,-11.806709289550781,-11.95721435546875,-12.069971084594727,-12.293595314025879,-12.422091484069824,-12.192289352416992,-11.95380687713623,-12.125356674194336,-12.868693351745605,-12.988195419311523,-12.717554092407227,-12.13398551940918,-11.151283264160156,-10.357176780700684,-9.461847305297852,-9.86638355255127,-10.588263511657715,-9.709234237670898
-8.781388282775879,-8.669456481933594,-9.139934539794922,-9.364522933959961,-9.061180114746094,-8.860292434692383,-9.106951713562012,-9.124350547790527,-9.34748363494873,-9.533682823181152,-9.956304550170898,-10.515862464904785,-10.371572494506836,-10.342787742614746,-10.490802764892578,-10.598272323608398,-10.515957832336426,-10.376727104187012,-10.602334022521973,-10.725470542907715,-10.799393653869629,-11.101500511169434,-11.546278953552246,-11.347639083862305,-11.331753730773926,-11.504148483276367,-11.594240188598633,-11.875426292419434,-12.058231353759766,-12.0853910446167,-11.859355926513672,-11.651468276977539,-11.708202362060547,-12.16229248046875,-12.236652374267578,-11.996673583984375,-11.56064224243164,-10.878769874572754,-10.241222381591797,-9.40924072265625,-9.613664627075195,-9.037097930908203,-7.0766119956970215
-8.26565933227539,-8.207865715026855,-8.560550689697266,-8.83736515045166,-8.662675857543945,-8.473870277404785,-8.260957717895508,-8.310090065002441,-8.723511695861816,-9.243054389953613,-9.207571029663086,-9.490382194519043,-9.545968055725098,-9.899299621582031,-10.312782287597656,-10.507336616516113,-10.588414192199707,-10.525290489196777,-10.615812301635742,-10.451329231262207,-10.169264793395996,-10.57579231262207,-11.104557037353516,-11.129521369934082,-11.116656303405762,-11.346261024475098,-11.388773918151855,-11.60163688659668,-11.296568870544434,-11.241835594177246,-11.466687202453613,-11.20673656463623,-10.934937477111816,-11.133986473083496,-11.359745025634766,-11.109763145446777,-10.813464164733887,-10.041635513305664,-9.628684997558594,-8.918222427368164,-8.845291137695312,-8.0874662399292,-7.220129489898682
-8.162322998046875,-8.025392532348633,-8.209630966186523,-8.435694694519043,-8.944788932800293,-8.740276336669922,-8.381231307983398,-8.500289916992188,-8.632157325744629,-8.857422828674316,-8.86364459991455,-8.934613227844238,-9.182083129882812,-9.569558143615723,-10.000594139099121,-10.223966598510742,-10.541961669921875,-10.950303077697754,-10.98153305053711,-10.642326354980469,-9.887163162231445,-9.676373481750488,-10.533698081970215,-10.62256908416748,-10.611416816711426,-10.58597469329834,-10.795648574829102,-10.839492797851562,-10.400506019592285,-10.167826652526855,-11.085501670837402,-10.60641098022461,-10.239293098449707,-10.158133506774902,-10.513897895812988,-10.367696762084961,-10.0772705078125,-9.619317054748535,-9.45484733581543,-8.863438606262207,-8.315436363220215,-7.342292785644531,-7.188216209411621
-7.999264717102051,-8.173069953918457,-8.418827056884766,-8.717392921447754,-8.767319679260254,-8.404281616210938,-8.20704460144043,-8.295831680297852,-8.381685256958008,-8.449774742126465,-8.471229553222656,-8.694942474365234,-8.848847389221191,-9.12720012664795,-9.519149780273438,-9.826400756835938,-10.19266414642334,-10.609130859375,-10.95648193359375,-11.0026216506958,-10.567277908325195,-9.549209594726562,-9.64246654510498,-10.140018463134766,-9.751988410949707,-9.231779098510742,-9.620224952697754,-10.3550386428833,-9.993865966796875,-9.03798770904541,-10.14401912689209,-9.858949661254883,-9.769087791442871,-9.491116523742676,-9.58903980255127,-9.646692276000977,-9.569697380065918,-9.342604637145996,-9.303560256958008,-8.644112586975098,-7.959208011627197,-7.0550079345703125,-6.629192352294922
-7.317272186279297,-7.702319622039795,-8.039052963256836,-8.170000076293945,-7.999541759490967,-7.904748916625977,-7.880703449249268,-7.891483306884766,-7.912245750427246,-7.755244255065918,-7.793569087982178,-8.066755294799805,-8.337381362915039,-8.312213897705078,-8.57201099395752,-9.024486541748047,-9.290521621704102,-9.591094970703125,-10.108393669128418,-10.451541900634766,-10.288944244384766,-9.344128608703613,-8.83808708190918,-9.289656639099121,-9.030800819396973,-8.446791648864746,-8.771242141723633,-9.717996597290039,-9.664433479309082,-8.363032341003418,-8.497759819030762,-8.834908485412598,-9.227993965148926,-9.01070785522461,-8.654895782470703,-8.732281684875488,-8.716679573059082,-8.38444709777832,-9.324967384338379,-8.206887245178223,-7.640476703643799,-6.7866082191467285,-5.851677417755127
-6.577618598937988,-6.622984886169434,-6.798451900482178,-7.0699663162231445,-7.403465270996094,-7.508616924285889,-7.306888580322266,-7.318698406219482,-7.356162071228027,-7.16090726852417,-7.216035842895508,-7.495596885681152,-7.69488525390625,-7.288496494293213,-7.4453654289245605,-7.894946098327637,-8.118890762329102,-8.163189888000488,-8.555944442749023,-8.799989700317383,-8.447368621826172,-8.12939739227295,-7.813416481018066,-7.702358722686768,-7.954507827758789,-7.942036151885986,-8.440427780151367,-8.984986305236816,-8.41744613647461,-7.545474052429199,-7.590717315673828,-8.087137222290039,-8.6061372756958,-8.868849754333496,-8.434510231018066,-8.19624137878418,-8.143595695495605,-7.604535102844238,-9.338127136230469,-7.8764567375183105,-7.100988388061523,-5.327782154083252,-4.27785587310791
-6.201138973236084,-5.931331157684326,-5.893815040588379,-6.133889198303223,-6.703447341918945,-6.897680759429932,-6.736200332641602,-6.564834117889404,-6.9177093505859375,-7.202064514160156,-7.128554344177246,-7.056823253631592,-7.002361297607422,-6.733244895935059,-6.581542491912842,-6.744522571563721,-7.184325695037842,-7.051323413848877,-6.976686000823975,-7.231293201446533,-6.985906600952148,-7.116579532623291,-6.966943264007568,-6.177474498748779,-6.725528717041016,-7.076503276824951,-8.417362213134766,-8.46351432800293,-7.124293804168701,-6.818936347961426,-7.4437384605407715,-8.145654678344727,-7.889647006988525,-8.724437713623047,-8.464552879333496,-8.31836223602295,-8.769683837890625,-8.89573860168457,-9.323990821838379,-8.637961387634277,-6.988456726074219,-3.730670928955078,-3.0364625453948975
-6.117884635925293,-6.148602485656738,-5.865861892700195,-5.500858783721924,-5.555837154388428,-5.8796186447143555,-6.19281530380249,-6.005850791931152,-6.298197269439697,-7.0728888511657715,-7.2082929611206055,-6.76514196395874,-6.485764980316162,-6.894599914550781,-6.53933048248291,-5.994626045227051,-6.484262466430664,-7.00041389465332,-6.356132507324219,-6.043252468109131,-6.275476932525635,-6.496374607086182,-7.80337381362915,-5.730050563812256,-7.1146321296691895,-7.470714569091797,-8.32273006439209,-8.305209159851074,-6.957328796386719,-6.932311534881592,-7.298297882080078,-8.627077102661133,-7.478119850158691,-8.471311569213867,-8.47769832611084,-8.559563636779785,-9.20576000213623,-9.513723373413086,-9.353056907653809,-9.441023826599121,-8.649679183959961,-5.5861077308654785,-4.156564235687256
-5.856645107269287,-6.337958812713623,-6.297545433044434,-5.576756477355957,-4.304166316986084,-4.129759788513184,-5.6401543617248535,-6.333944320678711,-6.093001842498779,-6.5526442527771,-7.009524345397949,-6.648319721221924,-6.211392402648926,-6.515671730041504,-7.080609321594238,-6.818220615386963,-6.372953414916992,-7.087002277374268,-6.90339994430542,-6.075334548950195,-6.513599872589111,-6.837486267089844,-9.562339782714844,-7.619961261749268,-8.56694507598877,-9.016132354736328,-8.836627006530762,-8.485313415527344,-8.064496040344238,-8.063201904296875,-7.735475063323975,-8.709498405456543,-7.99235200881958,-8.481620788574219,-8.67273998260498,-8.644583702087402,-8.525219917297363,-8.182461738586426,-8.723250389099121,-8.633403778076172,-9.262140274047852,-8.277381896972656,-6.383796691894531
-5.358760833740234,-5.842324733734131,-6.4943013191223145,-6.515231132507324,-5.003463268280029,-3.3943533897399902,-5.1644816398620605,-6.709601879119873,-6.447004318237305,-6.4147233963012695,-6.694124221801758,-6.650442123413086,-6.167353630065918,-5.406599044799805,-6.849784851074219,-7.45408296585083,-6.928913593292236,-7.100247859954834,-8.272906303405762,-8.201935768127441,-8.2637357711792,-8.412595748901367,-9.579410552978516,-9.248075485229492,-8.66079330444336,-9.228265762329102,-9.565317153930664,-9.0652494430542,-9.380741119384766,-9.2459716796875,-8.424727439880371,-7.996819496154785,-7.58834171295166,-7.898092269897461,-8.207982063293457,-8.117364883422852,-7.531103610992432,-7.092971324920654,-7.350764274597168,-7.350862503051758,-7.895270824432373,-8.123852729797363,-7.194596767425537
-4.876445770263672,-4.964038848876953,-5.948371410369873,-6.8737921714782715,-6.5352911949157715,-4.875424385070801,-4.897436141967773,-6.104806900024414,-6.514542102813721,-6.480186462402344,-6.485334396362305,-6.565704345703125,-6.656034469604492,-5.613613128662109,-5.603365898132324,-5.960650444030762,-6.46674919128418,-7.049438953399658,-8.440567970275879,-8.869826316833496,-8.533429145812988,-8.416437149047852,-7.796875,-8.146137237548828,-7.561100959777832,-8.02143383026123,-8.883794784545898,-8.756571769714355,-8.889435768127441,-8.899847030639648,-8.358085632324219,-7.11422061920166,-6.329065799713135,-6.219771385192871,-6.7369585037231445,-6.606489658355713,-6.747718811035156,-6.321483135223389,-5.90424108505249,-6.064438819885254,-6.669583320617676,-7.392066478729248,-7.211195945739746
-4.144257068634033,-3.828889846801758,-4.951513767242432,-6.07900333404541,-6.332361221313477,-5.761453628540039,-4.807294845581055,-4.74115514755249,-5.503091335296631,-5.8225626945495605,-5.773533344268799,-5.942767143249512,-6.486443042755127,-6.215636730194092,-4.760289669036865,-4.565435886383057,-5.177343368530273,-5.889918327331543,-6.499781131744385,-6.636508941650391,-6.357809066772461,-6.41046142578125,-6.3096466064453125,-6.241766452789307,-6.16912317276001,-6.411200523376465,-7.302249431610107,-7.109638214111328,-6.978936672210693,-7.209586143493652,-7.260674476623535,-6.367242813110352,-5.337307929992676,-4.650599956512451,-4.903757572174072,-5.144521236419678,-6.0020575523376465,-5.913955211639404,-5.360106468200684,-4.946265697479248,-5.732611179351807,-6.546525001525879,-6.609084129333496
