data/wind_data/wind_2025-02-19_23.json
{"header": {"parameterUnit": "KT", "parameterCategory": 2, "nx": 255, "ny": 198, "lo1": 44.73521041870117, "la1": -3.236724853515625, "lo2": 111.26478576660156, "la2": 43.468475341796875, "dx": 0.26192745566368103, "dy": -0.23708222806453705, "refTime": "2025-02-19 23:00:00", "forecastTime": 0, "parameterNumber": 2, "parameterNumberName": "eastward_wind"}, "data":
[rows 0 to 18 of 198, columns 129 to 171 of 255]
5.312825679779053,5.401069641113281,5.478210926055908,5.547658443450928,5.707008361816406,5.983341693878174,6.196220397949219,6.2957305908203125,6.455142498016357,6.715701580047607,6.996395587921143,7.272564888000488,7.543456077575684,7.794027805328369,8.021926879882812,8.132133483886719,7.9618048667907715,7.738067150115967,7.783778190612793,8.076825141906738,8.54439926147461,8.841442108154297,8.691264152526855,8.42175006866455,8.285927772521973,8.238011360168457,8.253273010253906,8.31088638305664,8.360319137573242,8.260919570922852,8.0601167678833,8.065057754516602,8.256957054138184,8.330925941467285,8.319779396057129,8.434281349182129,8.675304412841797,8.993725776672363,9.286070823669434,9.44538688659668,9.54179573059082,9.674548149108887,9.70500659942627
4.957291603088379,4.995882987976074,5.018754482269287,5.0784382820129395,5.281879425048828,5.567551136016846,5.710360050201416,5.753574371337891,5.913209438323975,6.161614418029785,6.356732368469238,6.561507701873779,6.884301662445068,7.228689193725586,7.51687479019165,7.643458366394043,7.389218330383301,7.064471244812012,7.162193775177002,7.572131156921387,8.048528671264648,8.225916862487793,7.909948825836182,7.611210823059082,7.634426593780518,7.671565532684326,7.64287805557251,7.747601509094238,7.94017219543457,7.899476051330566,7.652060031890869,7.5684285163879395,7.624457836151123,7.662227630615234,7.777062892913818,8.08532428741455,8.44538688659668,8.642952919006348,8.828125953674316,9.257275581359863,9.662109375,9.693117141723633,9.492239952087402
4.350921154022217,4.383084297180176,4.428549766540527,4.516096591949463,4.740729331970215,5.07154655456543,5.280477523803711,5.370733261108398,5.4852118492126465,5.600449562072754,5.6826910972595215,5.862148284912109,6.197892189025879,6.5569634437561035,6.84246826171875,6.9540486335754395,6.773970603942871,6.51230525970459,6.470846176147461,6.681909561157227,7.127353668212891,7.357371807098389,7.146045684814453,6.972416400909424,6.951103210449219,6.883495330810547,6.859403133392334,6.996957302093506,7.190684795379639,7.348814010620117,7.4330973625183105,7.43809700012207,7.418498992919922,7.4085693359375,7.462221622467041,7.634402751922607,7.844176292419434,7.9766669273376465,8.196259498596191,8.705623626708984,9.194561004638672,9.365316390991211,9.338313102722168
3.776237964630127,3.8206427097320557,3.9574735164642334,4.141149997711182,4.333475589752197,4.673728942871094,4.92327880859375,5.222925186157227,5.338205814361572,5.095121383666992,4.980502128601074,5.220896244049072,5.4640793800354,5.661709308624268,5.913045883178711,5.994163990020752,5.8878560066223145,5.810872554779053,5.88995361328125,5.7971367835998535,6.32746696472168,6.31193208694458,5.6819329261779785,6.010027885437012,6.0157999992370605,5.616489887237549,5.6286468505859375,5.929417133331299,6.139492034912109,6.405490398406982,6.773828029632568,6.900341510772705,6.859541416168213,6.838974475860596,6.756356239318848,6.662316799163818,6.810644149780273,6.910830020904541,7.130496501922607,7.676020622253418,8.155278205871582,8.351242065429688,8.343297958374023
3.70017409324646,3.673107624053955,3.9635167121887207,4.404119968414307,4.373764514923096,4.553531646728516,4.582029342651367,5.643723487854004,5.704559803009033,3.9286627769470215,3.4477407932281494,4.702590465545654,4.67685079574585,4.115274429321289,4.194396018981934,4.234411239624023,4.201128959655762,4.526248931884766,5.6738810539245605,4.5731706619262695,6.182119846343994,4.645905494689941,1.409995436668396,4.273939609527588,4.006664276123047,2.860018730163574,3.713186264038086,4.459333419799805,4.845957279205322,4.859987735748291,5.387263298034668,5.6502299308776855,5.365321636199951,5.436323642730713,5.0162858963012695,4.287720680236816,4.844889163970947,4.961329460144043,5.141297340393066,5.667197227478027,6.006312370300293,5.654045581817627,4.99419641494751
2.7606992721557617,2.791255235671997,3.2824044227600098,3.7105326652526855,3.9163267612457275,3.901313304901123,4.308341026306152,4.5934319496154785,4.217753887176514,5.102407455444336,4.596472263336182,3.052377462387085,3.114187002182007,3.6875088214874268,3.9803223609924316,4.547634124755859,4.142333507537842,3.7817232608795166,4.423447608947754,4.067335605621338,3.911677837371826,4.576682090759277,3.9157001972198486,2.351956605911255,2.8001904487609863,4.237998962402344,3.7144832611083984,4.14565372467041,6.1587910652160645,5.835794925689697,5.897233009338379,6.248290061950684,5.479782581329346,4.947013854980469,3.9767472743988037,3.414252996444702,4.0673441886901855,4.927819728851318,5.892541408538818,5.281705379486084,6.5581488609313965,6.475948333740234,4.310410976409912
2.097264289855957,2.18251371383667,2.3563969135284424,2.770747661590576,3.269882917404175,3.7575953006744385,3.58889102935791,3.939199686050415,3.165419101715088,2.833494186401367,3.5299808979034424,2.36674427986145,2.436173677444458,2.507016658782959,2.9405088424682617,3.748884677886963,2.7906713485717773,2.7942299842834473,3.1531031131744385,3.5784716606140137,2.7005538940429688,3.3542978763580322,3.9221291542053223,2.4833080768585205,4.028076648712158,4.390508651733398,1.7864346504211426,2.893188953399658,4.507380485534668,5.493164539337158,7.432904243469238,4.8398332595825195,3.115776538848877,3.6591548919677734,3.330742597579956,4.105957508087158,4.005412578582764,4.414506912231445,5.871298789978027,3.9927194118499756,3.8823344707489014,5.476659297943115,4.991910457611084
1.2241017818450928,1.1231640577316284,1.556255578994751,2.2398245334625244,3.198580741882324,3.5980913639068604,3.472813129425049,3.484440803527832,2.322767734527588,1.950749158859253,2.345806360244751,1.8328003883361816,2.2472503185272217,2.257577419281006,2.5310721397399902,2.6055033206939697,2.493644952774048,2.6448402404785156,3.186264991760254,3.62878155708313,3.7539823055267334,4.716224193572998,2.2958486080169678,2.49125075340271,4.6500654220581055,1.4028713703155518,1.2463188171386719,3.0119402408599854,3.4729325771331787,5.065134525299072,6.282677173614502,5.12930965423584,3.111358404159546,4.139723777770996,5.03509521484375,4.711208820343018,4.003348350524902,4.080776214599609,4.647820949554443,5.400275230407715,5.302439212799072,4.530018329620361,4.535526752471924
0.7208942174911499,0.737860918045044,1.6966056823730469,2.570570468902588,2.619041919708252,2.1414740085601807,2.746514320373535,3.209542751312256,3.594557046890259,2.233268976211548,1.173438549041748,1.6734321117401123,1.6604883670806885,2.2429862022399902,1.7495696544647217,0.9294106364250183,1.4771629571914673,2.144559621810913,2.090696334838867,3.652229070663452,4.805060863494873,5.548501968383789,2.6039440631866455,0.6527808308601379,2.612534999847412,2.1525700092315674,2.722050189971924,2.7127740383148193,4.185777187347412,4.987161159515381,3.5112125873565674,3.526069164276123,3.9191040992736816,4.2160539627075195,4.291653633117676,4.274877548217773,3.8342385292053223,3.718958616256714,3.9915266036987305,4.528141498565674,5.487648963928223,5.268543720245361,4.286593437194824
0.9627023339271545,1.335415005683899,2.138739824295044,2.4666686058044434,1.9803611040115356,1.2514570951461792,1.9665677547454834,2.1234018802642822,3.44022536277771,2.4964771270751953,1.661453127861023,1.5340954065322876,2.037266254425049,1.7099157571792603,0.5664836764335632,0.7352796196937561,0.32728737592697144,1.5854848623275757,1.9132825136184692,3.251375198364258,1.478152871131897,2.1240742206573486,2.8236730098724365,1.2310858964920044,1.5190696716308594,2.452147960662842,2.452984571456909,1.8913471698760986,3.589505672454834,3.449165105819702,4.1229777336120605,4.351249694824219,4.546062469482422,4.897459030151367,4.211498260498047,3.683015823364258,3.4540703296661377,3.0662693977355957,3.215083599090576,3.9639885425567627,6.109280109405518,6.601696491241455,4.573540687561035
1.5283247232437134,0.5127525925636292,0.2850247621536255,1.4889729022979736,1.9234288930892944,2.1307268142700195,1.8050724267959595,0.9296162724494934,0.2752595841884613,-0.05223265662789345,0.9176989793777466,0.9536175727844238,3.096079111099243,2.5068516731262207,0.7893341779708862,0.7462295293807983,-0.05719773471355438,1.4830594062805176,1.873175859451294,1.5577383041381836,2.2828118801116943,1.7539325952529907,0.6713089346885681,0.6170676350593567,1.1865469217300415,3.3384346961975098,2.3470561504364014,2.0071873664855957,2.246317148208618,2.3166840076446533,4.238035202026367,4.648265361785889,4.573183059692383,4.553275108337402,3.8201653957366943,3.1646571159362793,3.074549436569214,2.233919858932495,2.665363073348999,3.969630002975464,4.899961948394775,5.081667900085449,3.7429771423339844
0.1208081841468811,1.1844547986984253,1.7548463344573975,1.6241307258605957,1.4201328754425049,0.7103558778762817,0.7897748947143555,1.205155611038208,0.9241239428520203,0.022320540621876717,-0.14582796394824982,0.5237029790878296,1.0367329120635986,0.7540376782417297,0.922970175743103,0.544248640537262,-0.5840355753898621,1.0690257549285889,1.7211945056915283,1.1165087223052979,1.4895222187042236,0.7446553111076355,0.8764204978942871,1.0585803985595703,0.9785999059677124,2.534806489944458,2.141908645629883,3.1756224632263184,3.2311649322509766,1.778006911277771,3.8090357780456543,4.145438194274902,3.7304935455322266,3.536720037460327,3.6885077953338623,4.129423141479492,3.1055500507354736,2.0497817993164062,2.152824640274048,2.621110677719116,3.6228902339935303,3.029654026031494,2.7296385765075684
-0.5374518632888794,1.359999418258667,1.7668405771255493,1.2251008749008179,1.1596896648406982,-0.055960774421691895,0.16867464780807495,0.06786376982927322,0.026497211307287216,-0.042344823479652405,-0.19459602236747742,0.03179403394460678,0.172990620136261,0.3467700779438019,0.5197737216949463,-0.051787883043289185,-0.5890027284622192,0.6385598182678223,1.2619500160217285,1.3187415599822998,0.9898931980133057,0.540474534034729,0.5563367009162903,1.2621856927871704,1.4627355337142944,1.8414311408996582,1.6140127182006836,1.9561060667037964,2.0194342136383057,2.385037422180176,2.9458303451538086,1.6196717023849487,3.079197645187378,1.7386715412139893,2.608745574951172,4.287020683288574,1.4360438585281372,1.5383307933807373,1.7762351036071777,0.9976691603660583,1.6245096921920776,1.7570992708206177,0.8798091411590576
-0.2395271211862564,0.3211442530155182,0.9293010234832764,1.1679012775421143,1.0250130891799927,-0.66550612449646,-0.08898015320301056,0.5062576532363892,0.3963649272918701,-0.3496394455432892,-0.013703800737857819,1.0350687503814697,0.25240322947502136,0.32843562960624695,0.7900554537773132,0.7862561941146851,-0.5708516240119934,-0.17166265845298767,0.1354973018169403,0.7618036866188049,1.2936385869979858,1.4555704593658447,0.9964683651924133,0.8612027168273926,1.1911585330963135,1.6011699438095093,1.6720843315124512,1.5851693153381348,1.4923230409622192,2.0887136459350586,2.2568631172180176,1.1989803314208984,1.2072499990463257,2.6116650104522705,2.5910534858703613,0.5531131625175476,0.13658379018306732,0.5133771896362305,-0.5375073552131653,-1.722341537475586,0.24454382061958313,1.9475772380828857,-0.23264236748218536
-0.6412807106971741,-0.5942338705062866,-0.16791504621505737,0.982399046421051,2.196298122406006,-0.9353832006454468,-1.5536037683486938,0.1446445733308792,-0.6864500045776367,0.616094172000885,1.759352684020996,0.7012023329734802,-0.0024562811013311148,0.4278205335140228,0.013647530227899551,1.4604599475860596,0.5098844766616821,-1.028093934059143,-0.593798041343689,0.2963097393512726,0.9603984951972961,1.490433931350708,1.346863031387329,0.6552568674087524,1.0098847150802612,1.525923252105713,1.345345139503479,0.8828616142272949,0.6114371418952942,0.7509749531745911,0.892264723777771,0.4731907546520233,0.28759682178497314,1.6379735469818115,1.1707336902618408,-2.066542148590088,-0.6149832010269165,-1.7710574865341187,-4.413200378417969,-1.2358605861663818,-0.6457049250602722,-1.2305983304977417,0.11937570571899414
-0.9592423439025879,-1.1163679361343384,-0.9180635213851929,0.3198912739753723,0.5977423787117004,-1.0327662229537964,-2.012355327606201,-0.7754334807395935,0.006957491394132376,0.7565230131149292,-0.2516942620277405,-0.6002811193466187,-0.10891317576169968,0.4668935537338257,0.3886249363422394,0.09983377903699875,-0.11218622326850891,-1.0845731496810913,-0.9092389941215515,-0.07703443616628647,0.9691388010978699,1.770639181137085,1.5605993270874023,0.7805604338645935,0.5866295099258423,0.7792245745658875,0.5788788199424744,-0.04433540254831314,-0.29889777302742004,-0.21053795516490936,-0.4979633092880249,-0.1250433772802353,-0.5678741335868835,-0.9826605319976807,-3.0340869426727295,-5.427803039550781,-2.4901700019836426,-2.4708681106567383,-4.275527477264404,-2.296177864074707,-1.6074005365371704,-1.4424216747283936,-0.8315491676330566
-0.2449999749660492,0.4727493226528168,-1.6243246793746948,-1.2766331434249878,-0.23035059869289398,-2.1154956817626953,-1.0779757499694824,-0.3655939996242523,0.18501225113868713,0.7294608354568481,0.02823016047477722,-0.7595080137252808,-0.9127098917961121,-0.13908635079860687,0.47440943121910095,-0.49180883169174194,-1.8885493278503418,-1.6982005834579468,-0.8425590395927429,-0.12248429656028748,0.9011209607124329,1.658323884010315,1.5793124437332153,0.7143296003341675,0.11573916673660278,-0.07100473344326019,-0.6988531351089478,-1.4963911771774292,-0.9339355230331421,-0.049584731459617615,1.1937934160232544,1.5983091592788696,-1.8787527084350586,-5.192014217376709,-4.170151233673096,-2.3920931816101074,-2.9697978496551514,-3.730729579925537,-3.622286796569824,-3.2148044109344482,-2.8895368576049805,-2.246947765350342,-1.6796833276748657
-1.4693337678909302,-1.627656102180481,-2.084954261779785,-2.8603079319000244,-2.9408886432647705,-1.3654388189315796,-0.8852260112762451,-0.5879310965538025,0.1228904128074646,0.5049888491630554,0.1666763573884964,-1.0824778079986572,-2.1267952919006348,-0.8744937181472778,1.4572362899780273,-0.41295474767684937,-3.007180690765381,-2.769688844680786,-1.5440101623535156,0.004071359056979418,0.8939704298973083,1.3235119581222534,1.4365653991699219,1.809889316558838,0.7758192420005798,-0.2843512296676636,-1.3063300848007202,-3.695528507232666,-3.5243992805480957,-3.052119731903076,-2.8879952430725098,-3.5691769123077393,-6.444813251495361,-7.100546360015869,-5.315810680389404,-2.913761615753174,-1.5908788442611694,-2.4300801753997803,-2.998015880584717,-2.5589261054992676,-2.076214551925659,-2.3763935565948486,-2.4155466556549072
-1.8062406778335571,-2.212207317352295,-3.488182783126831,-4.218049049377441,-3.0816431045532227,-1.3933377265930176,-1.463512659072876,-1.043033480644226,-0.8295945525169373,-0.5126321315765381,1.0083816051483154,-0.7493605613708496,-3.688096761703491,-2.179708480834961,-0.7389672994613647,-2.091369390487671,-0.9296475648880005,-0.9885994791984558,-1.897865891456604,-0.6019742488861084,0.16801853477954865,0.850554347038269,1.3766590356826782,2.8662548065185547,0.3744810223579407,-3.440415620803833,-1.289108157157898,-2.930265426635742,-6.256149768829346,-4.124330997467041,-4.645426273345947,-6.540993690490723,-8.101232528686523,-7.802353382110596,-5.006194114685059,-3.000180244445801,-2.053973913192749,-1.8319425582885742,-2.1586592197418213,-1.0010874271392822,0.8007462024688721,-0.830879807472229,-2.919301986694336
