data/wind_data/wind_2025-02-21_18.json
{"header": {"parameterUnit": "KT", "parameterCategory": 2, "nx": 255, "ny": 198, "lo1": 44.73521041870117, "la1": -3.236724853515625, "lo2": 111.26478576660156, "la2": 43.468475341796875, "dx": 0.26192745566368103, "dy": -0.23708222806453705, "refTime": "2025-02-21 18:00:00", "forecastTime": 0, "parameterNumber": 3, "parameterNumberName": "northward_wind"}, "data":
[rows 57 to 75 of 198, columns 172 to 214 of 255]
-10.570216178894043,-10.623320579528809,-10.608365058898926,-10.562090873718262,-10.320231437683105,-9.940217018127441,-9.315155982971191,-8.729438781738281,-8.620489120483398,-9.302175521850586,-9.246870040893555,-7.838275909423828,-9.58731460571289,-9.056249618530273,-9.554035186767578,-8.766707420349121,-8.135579109191895,-8.074920654296875,-7.879738807678223,-7.672764778137207,-7.5165629386901855,-7.277956962585449,-7.05049467086792,-6.890901565551758,-6.9160237312316895,-7.090358257293701,-6.881202697753906,-6.791219234466553,-6.744446754455566,-6.627064228057861,-6.596398830413818,-5.843061923980713,-3.5709755420684814,-1.675493597984314,-1.1333731412887573,0.07361553609371185,-0.19368071854114532,-2.289276361465454,-4.286820888519287,-3.017230987548828,-2.0335745811462402,-1.792651653289795,-1.8536633253097534
-10.231988906860352,-10.019777297973633,-9.918010711669922,-10.000083923339844,-9.934260368347168,-9.568605422973633,-8.96507740020752,-8.566498756408691,-8.497557640075684,-8.799528121948242,-8.483057022094727,-4.9375762939453125,-9.629919052124023,-9.046487808227539,-9.422800064086914,-8.858007431030273,-8.279935836791992,-8.126380920410156,-7.907862663269043,-7.748241901397705,-7.6200995445251465,-7.135941982269287,-6.805870056152344,-6.704346656799316,-7.046029090881348,-7.674073696136475,-7.7218523025512695,-7.484564781188965,-7.178572177886963,-6.752806186676025,-6.061391830444336,-4.5950927734375,-2.242680788040161,-0.8695290088653564,-0.8120700716972351,-0.7242369651794434,-0.7705467939376831,-2.0613088607788086,-4.141477108001709,-3.2139222621917725,-2.6043543815612793,-2.1814231872558594,-1.8147956132888794
-9.790327072143555,-9.56403923034668,-9.363600730895996,-9.33738899230957,-9.366250038146973,-9.199081420898438,-8.848176002502441,-8.5792818069458,-8.345481872558594,-8.452262878417969,-8.249527931213379,-6.6327948570251465,-8.207712173461914,-9.576059341430664,-9.022578239440918,-9.006575584411621,-8.444911003112793,-8.387930870056152,-8.418630599975586,-8.281898498535156,-7.855930328369141,-7.098353862762451,-7.000625133514404,-7.2495527267456055,-7.6206183433532715,-8.126983642578125,-7.842690467834473,-7.51431131362915,-6.983248710632324,-6.574787139892578,-5.531125068664551,-3.606456756591797,-1.0723135471343994,-0.05507522076368332,-0.4918254613876343,-0.8680806756019592,-1.3685320615768433,-2.0110507011413574,-2.997011184692383,-2.8788950443267822,-2.4999468326568604,-2.0476884841918945,-1.813633680343628
-9.029474258422852,-9.036006927490234,-9.00234317779541,-8.946600914001465,-8.985481262207031,-8.943952560424805,-8.858999252319336,-8.43676471710205,-8.361526489257812,-8.298482894897461,-7.404956817626953,-5.164671421051025,-5.7024006843566895,-9.179167747497559,-8.69344425201416,-8.832855224609375,-8.35424518585205,-8.338363647460938,-8.357930183410645,-8.60840892791748,-8.334339141845703,-7.737217426300049,-7.851387977600098,-8.30706787109375,-8.216493606567383,-8.143489837646484,-7.612093925476074,-7.285142421722412,-6.807991027832031,-6.9666948318481445,-5.674568176269531,-3.109314441680908,-0.3423325717449188,0.6432179808616638,-1.1595039367675781,-1.5306130647659302,-1.5799354314804077,-1.8587881326675415,-1.6976752281188965,-2.0808467864990234,-2.334629535675049,-2.5227437019348145,-3.2169718742370605
-8.37865161895752,-8.385333061218262,-8.599996566772461,-8.719476699829102,-8.87478256225586,-8.773811340332031,-8.55120849609375,-8.393938064575195,-8.605713844299316,-8.534884452819824,-7.701295375823975,-4.884001731872559,-4.001379013061523,-8.53197193145752,-8.319907188415527,-8.351686477661133,-8.257291793823242,-8.17725658416748,-8.125804901123047,-8.443089485168457,-8.403290748596191,-8.384900093078613,-8.657364845275879,-9.082075119018555,-8.768454551696777,-8.653482437133789,-8.262236595153809,-8.137883186340332,-8.232217788696289,-8.517740249633789,-6.779775142669678,-3.5668230056762695,0.38397523760795593,2.22668719291687,-0.5002143383026123,-1.6119061708450317,-1.7506496906280518,-1.8124374151229858,-0.2639774680137634,-1.0756173133850098,-1.9596750736236572,-2.7745347023010254,-4.373874664306641
-8.263205528259277,-7.942564487457275,-8.061217308044434,-8.564422607421875,-8.710309982299805,-8.50406265258789,-8.2301025390625,-8.229827880859375,-8.487457275390625,-8.661237716674805,-8.854942321777344,-7.58755350112915,-5.582633018493652,-8.65942668914795,-8.03816032409668,-8.063980102539062,-8.159611701965332,-7.989701747894287,-7.796221733093262,-7.8622026443481445,-7.922548294067383,-8.355009078979492,-8.724098205566406,-9.269882202148438,-9.299796104431152,-9.700918197631836,-9.801443099975586,-10.118945121765137,-10.587496757507324,-10.146880149841309,-8.511405944824219,-5.087071895599365,-0.6860764026641846,1.76698637008667,-0.12998205423355103,-1.6311922073364258,-1.912709355354309,-2.0137555599212646,0.20020073652267456,-0.39988261461257935,-1.1848667860031128,-2.192487955093384,-4.021415710449219
-8.949600219726562,-8.4742431640625,-8.311186790466309,-8.335066795349121,-8.407408714294434,-8.471619606018066,-8.207130432128906,-7.921390533447266,-7.816855430603027,-8.294615745544434,-8.882031440734863,-7.9496684074401855,-3.4625704288482666,-8.915548324584961,-8.355729103088379,-8.211402893066406,-7.901459693908691,-7.620731830596924,-7.147012710571289,-6.929553508758545,-7.163427352905273,-7.723631858825684,-8.116049766540527,-8.645915031433105,-9.039820671081543,-9.699005126953125,-10.293703079223633,-10.906559944152832,-11.213942527770996,-10.439371109008789,-8.933711051940918,-5.432704448699951,-1.5698059797286987,0.23446272313594818,-1.3067258596420288,-1.7649160623550415,-1.2069571018218994,-0.7131494879722595,0.6669089794158936,0.019555730745196342,-0.5912208557128906,-2.0908548831939697,-3.850060224533081
-9.327729225158691,-9.290132522583008,-9.248899459838867,-8.596552848815918,-8.280416488647461,-8.36912727355957,-8.168425559997559,-7.9011359214782715,-7.4140448570251465,-7.519501686096191,-8.070611000061035,-7.5819902420043945,-4.43540096282959,-8.893379211425781,-9.069522857666016,-8.80618667602539,-7.977631092071533,-7.359528541564941,-6.516239643096924,-5.935240268707275,-6.35023832321167,-6.94627571105957,-7.381418704986572,-7.672828197479248,-7.938457489013672,-8.248678207397461,-8.635810852050781,-9.559110641479492,-10.189614295959473,-9.820077896118164,-8.610589027404785,-5.167386531829834,-1.0383236408233643,-0.5071788430213928,-2.4072072505950928,-2.336404323577881,-1.4577014446258545,0.6626788973808289,0.795844316482544,0.5029729008674622,-0.635284423828125,-2.2478630542755127,-3.7227087020874023
-8.639394760131836,-9.126350402832031,-9.309718132019043,-8.978029251098633,-8.561457633972168,-8.473827362060547,-8.27656364440918,-7.934637546539307,-7.772788047790527,-7.340764999389648,-7.572513580322266,-7.551576137542725,-7.788962364196777,-8.896211624145508,-9.37720775604248,-9.281366348266602,-8.60742473602295,-7.528162956237793,-6.380223274230957,-5.738856315612793,-5.825908660888672,-6.350256443023682,-6.769728660583496,-6.823718547821045,-6.743226051330566,-6.5316572189331055,-6.785660266876221,-7.975632667541504,-9.040557861328125,-9.136650085449219,-8.931099891662598,-5.559393882751465,-0.9499615430831909,-1.000095248222351,-2.7632596492767334,-2.3047232627868652,-1.4356034994125366,0.07925034314393997,-0.17989160120487213,0.559449315071106,-0.7175596952438354,-1.8042577505111694,-2.9471216201782227
-7.6303815841674805,-8.19393253326416,-8.430495262145996,-8.668219566345215,-8.725457191467285,-8.825364112854004,-8.479156494140625,-7.966859340667725,-8.098799705505371,-7.742290496826172,-7.781096458435059,-7.763768672943115,-7.958865165710449,-8.387134552001953,-8.75,-8.957249641418457,-8.861274719238281,-7.83268404006958,-6.729739665985107,-6.269801616668701,-5.768388271331787,-5.917903900146484,-6.24662446975708,-6.004539489746094,-5.744894504547119,-5.5843353271484375,-6.121918201446533,-7.373575210571289,-8.277010917663574,-8.847393989562988,-9.002835273742676,-5.536643028259277,-0.9162002205848694,-1.252410888671875,-1.9289183616638184,-1.5575321912765503,-2.5561933517456055,-2.599628210067749,-2.186728000640869,-1.6166540384292603,-2.1143312454223633,-2.6312313079833984,-2.5344958305358887
-6.697192192077637,-7.261952877044678,-7.655961036682129,-7.966850280761719,-8.397047996520996,-8.6744966506958,-8.451205253601074,-8.253230094909668,-8.098560333251953,-8.010536193847656,-8.02055549621582,-8.127732276916504,-7.7995381355285645,-7.846010684967041,-7.820066928863525,-8.071958541870117,-8.374194145202637,-7.780951023101807,-6.980279445648193,-6.358397006988525,-5.655274391174316,-5.263633728027344,-5.5483784675598145,-5.295501232147217,-5.084470272064209,-5.328403472900391,-5.9632487297058105,-7.125735282897949,-7.978828430175781,-8.88040828704834,-8.908669471740723,-5.301913261413574,-1.8369454145431519,-1.804559588432312,-1.0302894115447998,-3.1266496181488037,-5.443021774291992,-5.172759532928467,-4.007964134216309,-3.534123420715332,-3.0678985118865967,-3.284893274307251,-1.8885704278945923
-6.2215447425842285,-6.7723541259765625,-7.172952175140381,-7.448111534118652,-7.887437343597412,-8.182947158813477,-8.320934295654297,-8.447084426879883,-8.33533000946045,-8.259913444519043,-8.266725540161133,-8.30191707611084,-8.125642776489258,-7.79445219039917,-7.609611988067627,-7.693267345428467,-7.988742351531982,-7.63221549987793,-6.740771293640137,-5.836178779602051,-5.300722599029541,-4.524327754974365,-4.42714262008667,-4.56834077835083,-4.486083507537842,-4.892541408538818,-5.609154224395752,-6.627185821533203,-7.726910591125488,-8.458868026733398,-8.044417381286621,-4.75330924987793,-2.283104419708252,-1.7372310161590576,-1.1236119270324707,-2.4260663986206055,-6.019397258758545,-5.637505054473877,-4.693431377410889,-4.193254470825195,-3.8975284099578857,-4.092094898223877,-3.7984981536865234
-6.338567733764648,-6.739945411682129,-7.063079357147217,-7.340421199798584,-7.6243391036987305,-7.962186813354492,-8.259634971618652,-8.495365142822266,-8.71809196472168,-8.60034465789795,-8.555068016052246,-8.287874221801758,-8.331066131591797,-7.868619441986084,-7.76366662979126,-7.834388732910156,-7.950267314910889,-7.6805949211120605,-6.292442798614502,-5.4232025146484375,-5.024651527404785,-4.2123122215271,-3.042616367340088,-3.3065667152404785,-3.3802194595336914,-3.786708354949951,-4.6412763595581055,-5.467423439025879,-6.671465873718262,-7.404988765716553,-6.644354343414307,-2.781144857406616,-1.830518126487732,-0.5931444764137268,-2.8017337322235107,-2.46738862991333,-4.372420787811279,-4.256667137145996,-3.735605478286743,-3.513169050216675,-4.001997470855713,-4.8546833992004395,-5.795134544372559
-6.657759189605713,-6.824511528015137,-7.112039089202881,-7.402693271636963,-7.625120162963867,-8.050176620483398,-8.457917213439941,-8.828274726867676,-9.062211036682129,-9.100972175598145,-9.0110445022583,-8.421263694763184,-8.466214179992676,-8.077281951904297,-7.73264217376709,-7.740784168243408,-7.781932830810547,-7.65666389465332,-6.316496849060059,-5.265912055969238,-4.818141460418701,-4.184572219848633,-2.2548680305480957,-1.452715516090393,-1.8104616403579712,-2.321364164352417,-2.872464656829834,-3.3782403469085693,-4.520232200622559,-5.5839996337890625,-5.4841837882995605,-2.6319758892059326,-1.9231301546096802,-0.889106035232544,-2.5837254524230957,-2.885427951812744,-3.255150556564331,-2.998359441757202,-2.3693578243255615,-2.2764856815338135,-3.4133193492889404,-4.788925647735596,-5.631828784942627
-7.151261329650879,-6.978867053985596,-7.111173152923584,-7.432713508605957,-7.795833587646484,-8.180535316467285,-8.614411354064941,-9.137266159057617,-9.409829139709473,-9.5474853515625,-9.440984725952148,-8.808323860168457,-8.406091690063477,-8.05962085723877,-7.658474922180176,-7.495669364929199,-7.258275985717773,-7.359094142913818,-7.026305675506592,-6.20753288269043,-4.981092929840088,-4.176818370819092,-2.7562501430511475,-0.5622839331626892,-0.3138565421104431,-0.6947780251502991,-0.8739293813705444,-1.1152193546295166,-1.8505916595458984,-2.8418056964874268,-3.359903573989868,-1.382023811340332,-1.0065933465957642,-0.7806638479232788,-0.7305638790130615,-1.6329551935195923,-1.9084771871566772,-2.13053297996521,-1.3001238107681274,-1.5309052467346191,-2.9766111373901367,-4.110478401184082,-4.870518684387207
-7.862223148345947,-7.55028772354126,-7.503054141998291,-7.765970706939697,-8.264723777770996,-8.615212440490723,-8.815766334533691,-9.140985488891602,-9.547737121582031,-9.768217086791992,-9.607513427734375,-9.157038688659668,-8.548949241638184,-7.989723205566406,-7.850959300994873,-7.352420806884766,-6.941765308380127,-7.058447360992432,-8.211870193481445,-7.729998588562012,-5.762415409088135,-4.54512882232666,-3.7153947353363037,-1.7928476333618164,0.1351146250963211,-0.054626673460006714,-0.1930687576532364,0.1738092601299286,0.7490741014480591,0.24203671514987946,-0.9233587980270386,-0.057209257036447525,0.6107901334762573,1.2132103443145752,1.1373547315597534,-0.34614086151123047,-1.2254201173782349,-1.911120057106018,-1.356480598449707,-1.154837965965271,-2.1122817993164062,-2.8965251445770264,-3.850641965866089
-8.211716651916504,-8.394343376159668,-8.420951843261719,-8.600811004638672,-9.015534400939941,-9.237404823303223,-9.292295455932617,-9.350147247314453,-9.50424575805664,-9.801106452941895,-9.695534706115723,-9.449551582336426,-8.930709838867188,-8.198710441589355,-8.101909637451172,-7.635984420776367,-7.467594146728516,-7.045355319976807,-8.188436508178711,-7.540437698364258,-6.138827323913574,-4.90133810043335,-4.407574653625488,-4.140262603759766,-1.1131197214126587,-0.19263209402561188,-0.6918500661849976,-0.4062541127204895,0.983525812625885,1.6088563203811646,-0.014392099343240261,0.6569201946258545,1.843496561050415,1.4434505701065063,0.538327157497406,0.03918904438614845,-0.5587650537490845,-1.0008361339569092,-1.0257649421691895,-0.47747358679771423,-0.8821923732757568,-1.4258220195770264,-2.4159672260284424
-8.00621223449707,-8.775776863098145,-9.218876838684082,-9.44242000579834,-9.486898422241211,-9.59536361694336,-9.717020034790039,-9.792728424072266,-9.598052978515625,-9.756318092346191,-9.888187408447266,-9.790656089782715,-9.213628768920898,-8.477182388305664,-8.083779335021973,-7.903479099273682,-7.90451717376709,-6.410378456115723,-6.827950954437256,-4.870734214782715,-4.391141414642334,-3.3929781913757324,-2.915036678314209,-4.69563627243042,-3.4833226203918457,-0.7710500359535217,-0.919155478477478,-1.4978677034378052,-0.8881850242614746,0.6331669688224792,0.3665447533130646,1.1760063171386719,0.08745316416025162,-1.2680586576461792,-1.165910243988037,-0.7318871021270752,-1.5179840326309204,-0.9838467240333557,0.536090075969696,1.3383928537368774,0.9943948984146118,0.3382910490036011,-0.9188313484191895
-7.766411304473877,-8.463848114013672,-9.193681716918945,-9.641146659851074,-9.472644805908203,-9.61327838897705,-9.746628761291504,-9.931893348693848,-9.902819633483887,-9.941140174865723,-10.129094123840332,-10.1419677734375,-9.60643482208252,-8.772965431213379,-8.098021507263184,-7.581940650939941,-7.487093925476074,-3.4747977256774902,-4.664885520935059,-4.293779373168945,-3.640716075897217,-2.7148985862731934,-1.9542173147201538,-2.413130283355713,-4.517089366912842,-2.070666551589966,-0.38600900769233704,-0.9547547101974487,-1.556838035583496,-0.847747802734375,0.11364215612411499,-0.23296278715133667,-1.5761264562606812,-1.6910638809204102,-0.41313040256500244,-0.4629587233066559,-1.352913498878479,-0.8483753800392151,1.3157999515533447,2.242997407913208,1.9516264200210571,1.0330246686935425,-1.3750344514846802
