data/wind_data/wind_9_7.json
{"header": {"parameterUnit": "KT", "parameterCategory": 2, "nx": 256, "ny": 198, "lo1": 44.73521041870117, "la1": -3.236724853515625, "lo2": 111.26478576660156, "la2": 43.468475341796875, "dx": 0.2609002888202667, "dy": -0.23708222806453705, "refTime": "2025-02-19 09:00:00", "forecastTime": 0, "parameterNumber": 2, "parameterNumberName": "eastward_wind"}, "data":
[rows 40 to 59 of 198, columns 0 to 43 of 256]
-7.871023178100586,-7.254588603973389,-6.171819686889648,-5.885422706604004,-7.799585342407227,-9.092373847961426,-8.63872241973877,-7.870049953460693,-7.431826114654541,-7.363630294799805,-7.621479034423828,-8.090530395507812,-8.186440467834473,-7.751480579376221,-7.202883720397949,-6.656262397766113,-5.75745964050293,-4.496856689453125,-3.1451680660247803,-1.9652385711669922,-1.1776901483535767,-0.31698617339134216,0.8044719099998474,1.5680915117263794,1.9164115190505981,2.5719497203826904,3.3072032928466797,3.451115846633911,3.299981117248535,2.9092893600463867,1.5832687616348267,0.8097106218338013,0.22718535363674164,-0.3031947910785675,-0.7741000056266785,-1.4615339040756226,-2.147507429122925,-2.533076763153076,-2.540527820587158,-2.621291160583496,-2.9441051483154297,-3.2065672874450684,-3.350409984588623,-3.517324686050415
-7.0608367919921875,-6.973973274230957,-5.882558822631836,-5.895111560821533,-8.301652908325195,-9.322729110717773,-9.385903358459473,-8.737955093383789,-8.053401947021484,-7.664166450500488,-7.534341812133789,-7.67690372467041,-7.755612373352051,-7.908992290496826,-8.289443969726562,-8.575716972351074,-8.091833114624023,-6.82979154586792,-5.2916412353515625,-4.188234329223633,-3.603224992752075,-2.8035404682159424,-2.0495641231536865,-1.306778073310852,-0.26990875601768494,0.9517320394515991,2.122040271759033,2.4885411262512207,2.2435684204101562,1.7758793830871582,0.9737994074821472,0.3099018931388855,-0.19912447035312653,-1.091034173965454,-1.9105786085128784,-2.471964120864868,-2.7265498638153076,-2.519761323928833,-1.9875808954238892,-1.943604826927185,-2.4221296310424805,-2.79437518119812,-3.1343836784362793,-3.3965113162994385
-7.758450031280518,-7.109635829925537,-6.251534938812256,-6.847067356109619,-9.658062934875488,-8.709362983703613,-9.192999839782715,-8.837594032287598,-8.470386505126953,-8.101628303527832,-7.650659561157227,-7.109892845153809,-6.862276554107666,-7.348617076873779,-8.190900802612305,-8.752930641174316,-8.544112205505371,-7.694443225860596,-6.6660685539245605,-5.900549411773682,-5.458792209625244,-4.813597679138184,-3.849208116531372,-2.4902541637420654,-1.4064500331878662,-0.8544209599494934,0.043675411492586136,0.9942755699157715,0.7957044243812561,0.005411848891526461,-0.6235159039497375,-1.059766411781311,-1.4525905847549438,-2.158297300338745,-2.8100030422210693,-3.188796043395996,-3.229057550430298,-2.740339994430542,-1.9021856784820557,-1.4954605102539062,-1.8760011196136475,-2.5299556255340576,-3.176583766937256,-3.546190023422241
-8.050365447998047,-6.994356632232666,-6.268224716186523,-6.730723857879639,-9.103111267089844,-7.080130577087402,-7.194168567657471,-6.832308769226074,-6.6107306480407715,-6.75031852722168,-6.552648067474365,-5.582054615020752,-4.418219089508057,-4.258836269378662,-5.223477840423584,-5.932944297790527,-5.883945941925049,-5.305550575256348,-4.626828193664551,-4.426992893218994,-4.738277912139893,-4.528976917266846,-3.574552297592163,-2.554144859313965,-2.158757448196411,-2.127098798751831,-1.597741961479187,-0.6582229137420654,-0.6545434594154358,-1.5957781076431274,-2.5248022079467773,-2.9165050983428955,-2.7969627380371094,-2.589191198348999,-2.656543254852295,-2.8640389442443848,-2.8969733715057373,-2.811807870864868,-2.4034085273742676,-1.8599961996078491,-1.822737455368042,-2.402371883392334,-2.918921709060669,-3.1872971057891846
-5.133787631988525,-4.771955490112305,-4.316152572631836,-3.7954318523406982,-4.743963718414307,-4.530190467834473,-4.735286712646484,-4.361886978149414,-3.7937724590301514,-3.8722684383392334,-3.928333282470703,-3.5722908973693848,-2.7855031490325928,-1.8292096853256226,-1.5690237283706665,-2.2454891204833984,-2.6206390857696533,-2.5886216163635254,-3.0651156902313232,-3.701491117477417,-4.018943786621094,-4.136021137237549,-3.7855734825134277,-3.5368597507476807,-3.5085859298706055,-3.2850210666656494,-2.7000200748443604,-2.013597249984741,-1.9993634223937988,-3.056772470474243,-3.806673049926758,-3.473818778991699,-2.578644037246704,-2.0061423778533936,-1.9537277221679688,-2.2155866622924805,-2.3564441204071045,-2.354189872741699,-2.379086494445801,-2.366241693496704,-2.3561267852783203,-2.2801151275634766,-2.151252031326294,-2.215867519378662
-2.2959041595458984,-2.234137773513794,-2.2659902572631836,-1.7273133993148804,-2.8214972019195557,-2.7119903564453125,-2.687608480453491,-2.618659734725952,-1.6987628936767578,-1.186834692955017,-1.3090659379959106,-1.75082528591156,-2.0094945430755615,-1.8763823509216309,-1.4510573148727417,-1.2530573606491089,-0.9402123689651489,-0.6062477231025696,-1.4708775281906128,-2.9961986541748047,-3.8148915767669678,-4.106687545776367,-4.403532981872559,-5.100142955780029,-5.567601203918457,-5.219122886657715,-4.428648948669434,-3.5384254455566406,-3.2232422828674316,-3.845548152923584,-3.8880457878112793,-3.1352739334106445,-2.3758249282836914,-1.936950922012329,-1.4495080709457397,-1.241309642791748,-1.3949264287948608,-1.65486741065979,-2.238560199737549,-2.7016210556030273,-2.4693870544433594,-1.6849420070648193,-1.0168144702911377,-0.8646115064620972
-2.1924145221710205,-1.7416355609893799,-1.7251347303390503,-1.9213354587554932,-3.833970069885254,-2.3185629844665527,-1.371152400970459,-1.0113179683685303,-0.14350594580173492,0.17246632277965546,0.3265138864517212,-0.07702188193798065,-0.8195455074310303,-1.450162649154663,-1.6240531206130981,-1.1108373403549194,-0.4306018054485321,-0.8933218121528625,-1.5762194395065308,-2.1380162239074707,-3.686361789703369,-4.558276653289795,-5.402296543121338,-6.318185329437256,-6.8245954513549805,-6.819490909576416,-6.372087001800537,-5.401214122772217,-4.523322582244873,-4.078584671020508,-3.662546157836914,-3.0799102783203125,-2.640338897705078,-2.2212636470794678,-1.4424164295196533,-0.626194953918457,-0.4876876175403595,-0.9446620941162109,-1.7296340465545654,-2.240556001663208,-2.1556668281555176,-1.4375206232070923,-0.5087670087814331,0.14323370158672333
-2.9173076152801514,-1.9266456365585327,-1.762342095375061,-1.9615318775177002,-3.2205734252929688,-1.6593281030654907,-0.5992642045021057,0.6520808935165405,1.7511818408966064,1.6844921112060547,1.2494683265686035,0.9305086731910706,0.37639090418815613,-0.1408739686012268,-0.3272784650325775,-0.07584001868963242,-0.8021576404571533,-2.8231136798858643,-3.851616621017456,-4.006783485412598,-4.788081645965576,-6.026641368865967,-6.70283842086792,-6.618160724639893,-6.537997245788574,-7.012589931488037,-7.361863136291504,-7.007987022399902,-6.24116325378418,-5.201818943023682,-4.306926727294922,-3.80360746383667,-3.336374521255493,-2.5914251804351807,-1.7093528509140015,-0.9734839200973511,-0.5370611548423767,-0.6904876828193665,-0.9262635111808777,-1.028546690940857,-1.066100001335144,-0.7717739343643188,-0.24733476340770721,0.4428084194660187
-4.230565071105957,-3.5640645027160645,-3.1548309326171875,-2.4225339889526367,-2.9955098628997803,-0.8342864513397217,0.7359033226966858,1.565537691116333,1.9880704879760742,2.3726065158843994,1.4883276224136353,0.6645554900169373,0.5025996565818787,0.37893810868263245,-0.3713236153125763,-1.329914927482605,-2.7116382122039795,-4.157247543334961,-4.87288761138916,-5.592475414276123,-6.022722244262695,-6.949754238128662,-7.325843334197998,-6.696406841278076,-6.280587196350098,-6.75844144821167,-7.493839740753174,-7.687346458435059,-7.262158393859863,-6.515152454376221,-5.874242305755615,-5.356442451477051,-4.543221950531006,-3.5348427295684814,-2.822446584701538,-2.4389243125915527,-1.9751466512680054,-1.346670150756836,-0.3708730936050415,0.5205503702163696,0.6803481578826904,0.6231587529182434,0.543616533279419,0.9719647169113159
-4.37452507019043,-4.154036521911621,-3.335540771484375,-2.13436222076416,-2.618277072906494,-0.14795593917369843,1.0032899379730225,0.7565907835960388,0.4400253891944885,0.8271345496177673,0.92829430103302,0.5319196581840515,1.0010008811950684,0.9207203388214111,-0.41084161400794983,-2.1789016723632812,-2.9858920574188232,-3.2371973991394043,-3.913053274154663,-5.094650745391846,-5.935580730438232,-6.790194511413574,-7.36456298828125,-7.18654727935791,-6.941800117492676,-7.231857776641846,-7.937991142272949,-8.038176536560059,-7.43706750869751,-6.7706685066223145,-6.1025919914245605,-5.232944965362549,-4.287020683288574,-3.7022171020507812,-3.4288768768310547,-3.2136871814727783,-2.759253740310669,-1.6763558387756348,-0.34346893429756165,0.7591411471366882,1.4311347007751465,1.279486060142517,0.8444333672523499,1.051539421081543
-1.7701352834701538,-0.882756769657135,-0.11643210053443909,0.32475653290748596,-0.3308381140232086,-1.2802221775054932,-1.7929567098617554,-1.9296742677688599,-1.3839386701583862,-1.0812228918075562,-0.2779294550418854,0.4401001036167145,1.3461277484893799,1.6767383813858032,0.657457172870636,-0.6274253129959106,-0.8226889371871948,-0.6218395233154297,-1.0838871002197266,-2.2270045280456543,-3.5691449642181396,-4.638124942779541,-5.674750328063965,-6.5466814041137695,-6.84903621673584,-7.20377779006958,-7.790804862976074,-7.916923999786377,-7.2168097496032715,-6.283891201019287,-5.3662004470825195,-4.459151268005371,-3.742419481277466,-3.3281090259552,-3.0379161834716797,-2.898318290710449,-2.8189666271209717,-2.3465681076049805,-1.5234639644622803,-0.7560314536094666,0.1287965476512909,0.6339061856269836,0.9896749258041382,0.8070721626281738
-0.1228182390332222,3.2596616744995117,3.19148325920105,2.441072463989258,1.106058955192566,-1.6890337467193604,-2.957474946975708,-3.133837938308716,-2.2225563526153564,-1.3244812488555908,-0.9337870478630066,-0.6705842018127441,-0.6726768016815186,0.29891136288642883,0.9101958274841309,0.7563024163246155,0.938001811504364,1.2843936681747437,0.9920051097869873,0.34946760535240173,-0.7957921624183655,-2.1829416751861572,-3.141331672668457,-4.146562576293945,-5.034364223480225,-5.586307048797607,-6.022235870361328,-6.412693500518799,-6.3576531410217285,-5.8737006187438965,-5.25528621673584,-4.663851261138916,-4.260354995727539,-3.814657211303711,-3.135424852371216,-2.512533187866211,-2.311878204345703,-2.4197540283203125,-2.280259847640991,-1.652139663696289,-0.6918052434921265,0.42010122537612915,1.3033723831176758,1.0083074569702148
-0.90724778175354,4.2418012619018555,3.764310598373413,2.6956286430358887,0.639759361743927,-0.931956946849823,-1.7347432374954224,-2.204036235809326,-1.8924351930618286,-1.1013307571411133,-0.6499208211898804,-1.0948878526687622,-1.8734848499298096,-1.6355770826339722,-0.6426083445549011,-0.025723548606038094,0.2820158004760742,0.5097299218177795,1.0007139444351196,1.0411298274993896,0.1587308794260025,-1.137154221534729,-1.6381593942642212,-1.8055572509765625,-2.6004207134246826,-3.305290460586548,-3.544327974319458,-3.9967284202575684,-4.477750778198242,-4.562653064727783,-4.307053565979004,-3.8847641944885254,-3.5678038597106934,-3.3026695251464844,-2.781754732131958,-1.9848352670669556,-1.3903194665908813,-1.5263524055480957,-2.1404781341552734,-2.049029588699341,-1.2382415533065796,-0.09123627096414566,0.6843993663787842,0.9504345059394836
-1.2741804122924805,-0.4357813000679016,1.0455315113067627,0.8970838189125061,-0.8893035650253296,-0.6479617357254028,-0.569544792175293,-0.5405110120773315,-0.6359663009643555,-0.3663104176521301,0.2299116551876068,0.10387072712182999,-0.4914417266845703,-1.1663939952850342,-1.353309988975525,-1.2031867504119873,-1.517943263053894,-1.6576083898544312,-1.0727895498275757,-0.36042463779449463,-0.661777138710022,-1.1167094707489014,-1.1203776597976685,-0.9647411108016968,-1.2101746797561646,-1.721453070640564,-1.6799964904785156,-1.6287273168563843,-2.1412439346313477,-2.645134449005127,-2.717189311981201,-2.5083131790161133,-2.311349391937256,-2.194995164871216,-1.9920930862426758,-1.5394363403320312,-0.8888153433799744,-0.4841030538082123,-0.7222690582275391,-1.0510833263397217,-1.0495803356170654,-0.7354734539985657,0.005901501514017582,0.8958412408828735
-0.7080547213554382,-0.721867024898529,-0.5187227725982666,-0.8972892761230469,-0.9810431003570557,-0.5199874043464661,0.12575235962867737,0.7920008897781372,1.1004245281219482,1.1493821144104004,1.4726004600524902,1.3697038888931274,1.0748485326766968,0.8893851637840271,0.5215024352073669,0.3813157081604004,0.058033090084791183,-0.7407175898551941,-1.688820242881775,-1.762607455253601,-1.3145866394042969,-0.8005338907241821,-0.525078535079956,-0.8565053939819336,-1.1395615339279175,-1.1764307022094727,-0.9701895713806152,-0.2970714867115021,-0.023470478132367134,-0.6479902267456055,-1.330618143081665,-1.5694072246551514,-1.358738660812378,-0.9532080888748169,-0.796612024307251,-0.7966842651367188,-0.4986961781978607,-0.014689542353153229,0.7761797308921814,1.1882656812667847,1.0753610134124756,0.7721700668334961,0.9512580633163452,1.8005139827728271
0.7549580931663513,0.23142480850219727,-0.2026757150888443,-0.421487033367157,0.6590719819068909,0.23505598306655884,0.5747308135032654,1.4985063076019287,2.6105265617370605,3.073240280151367,3.171114206314087,3.3772499561309814,3.2464184761047363,2.983480930328369,2.738539218902588,2.8003950119018555,3.0902040004730225,2.7330899238586426,1.6187182664871216,0.8854911923408508,0.8574602603912354,0.9258940815925598,0.8660128116607666,0.2128097414970398,-0.6429440379142761,-0.7468891143798828,-0.42835184931755066,0.41161441802978516,1.270698070526123,1.088546633720398,0.20182910561561584,-0.4492225646972656,-0.330823689699173,0.3529098927974701,0.7545233964920044,0.5326159596443176,0.4744345545768738,0.6061365008354187,1.1291520595550537,2.0705440044403076,2.7373359203338623,2.805572032928467,2.568899393081665,2.89057993888855
3.3091583251953125,2.2074248790740967,1.944323182106018,2.1743886470794678,2.309478759765625,1.334449052810669,1.4769376516342163,2.287790298461914,3.438408136367798,4.530675411224365,5.053123950958252,5.436524868011475,5.766029357910156,5.6230854988098145,5.119327545166016,4.538359642028809,4.303429126739502,4.4252824783325195,4.46710205078125,4.4553046226501465,4.168302536010742,3.5806736946105957,2.962456226348877,2.403153896331787,1.5307477712631226,0.7191091179847717,0.601589560508728,1.272253155708313,2.044144630432129,2.2385239601135254,1.8006278276443481,1.2206224203109741,1.008804202079773,1.4018498659133911,1.8592743873596191,1.8626627922058105,1.793541431427002,1.989823818206787,1.9885050058364868,2.4161531925201416,3.29036021232605,3.932140350341797,3.7888286113739014,3.5903351306915283
4.982419967651367,3.9957375526428223,4.088366508483887,4.660840034484863,4.4341840744018555,3.495302677154541,3.5899980068206787,4.014744281768799,4.398591995239258,5.004802703857422,5.923915386199951,6.753201007843018,7.211232662200928,7.258878707885742,6.996691703796387,6.3965301513671875,5.775592803955078,5.568592071533203,5.773348331451416,6.280338287353516,6.63608980178833,6.3408331871032715,5.517645835876465,4.817289352416992,4.463517665863037,3.7761969566345215,3.071232795715332,3.125251054763794,3.477832317352295,3.560326099395752,3.4419469833374023,3.1349048614501953,2.6943774223327637,2.458432197570801,2.5450053215026855,2.6924490928649902,3.0866119861602783,3.5380306243896484,3.4550774097442627,3.1927802562713623,3.5169057846069336,4.059561729431152,4.2999138832092285,4.433611869812012
5.583905220031738,5.530198097229004,5.9615678787231445,6.837337017059326,7.961472511291504,7.437661170959473,7.265110492706299,7.0128560066223145,6.634716033935547,6.405714988708496,6.718836784362793,7.636550426483154,8.558526992797852,8.803092002868652,8.351846694946289,7.62357234954834,7.092245101928711,6.98202657699585,7.207086086273193,7.58624792098999,8.049301147460938,8.095937728881836,7.596827983856201,6.94972038269043,6.67669153213501,6.635317325592041,6.263349533081055,5.89461088180542,5.748776912689209,5.680293083190918,5.570932865142822,5.241333484649658,4.650214195251465,4.032458305358887,3.719672441482544,3.5681912899017334,3.939177989959717,4.659895420074463,5.051540374755859,4.635959148406982,4.207428932189941,4.257965564727783,4.667862892150879,5.51342248916626
5.791323184967041,6.237758159637451,6.852409362792969,8.111831665039062,10.749776840209961,11.084366798400879,10.963388442993164,10.130788803100586,9.381587982177734,9.222498893737793,9.129319190979004,9.104249000549316,9.649809837341309,10.37384033203125,10.302465438842773,9.409342765808105,8.478564262390137,8.043713569641113,8.1174955368042,8.449641227722168,8.839140892028809,9.002074241638184,8.614113807678223,7.9480109214782715,7.721630096435547,8.01624584197998,8.154539108276367,7.990834712982178,7.951046466827393,7.997066974639893,7.896337509155273,7.443877220153809,6.7418532371521,6.054876804351807,5.60962438583374,5.298230171203613,4.972874641418457,5.255319595336914,6.079715728759766,6.628314971923828,6.4380927085876465,6.126578330993652,6.307889461517334,7.22221565246582
