data/wind_data/wind_35_2.json
{"header": {"parameterUnit": "KT", "parameterCategory": 2, "nx": 256, "ny": 198, "lo1": 44.73521041870117, "la1": -3.236724853515625, "lo2": 111.26478576660156, "la2": 43.468475341796875, "dx": 0.2609002888202667, "dy": -0.23708222806453705, "refTime": "2025-02-20 11:00:00", "forecastTime": 0, "parameterNumber": 2, "parameterNumberName": "eastward_wind"}, "data":
[rows 152 to 170 of 198, columns 0 to 42 of 256]
-1.867557406425476,2.623485565185547,4.282449722290039,3.8736743927001953,4.205306529998779,6.610108375549316,7.726240634918213,5.214236259460449,3.1354377269744873,3.101091146469116,4.7573981285095215,5.473391056060791,6.446554660797119,7.978353977203369,7.288339138031006,6.324891090393066,6.365295886993408,6.427887916564941,8.118507385253906,10.496222496032715,9.65796184539795,5.9088454246521,4.657113075256348,-0.16468296945095062,2.183790683746338,4.99603271484375,2.208385705947876,-3.7499332427978516,-3.160715341567993,-2.8568243980407715,-6.399468898773193,-8.307584762573242,-9.636594772338867,-11.501788139343262,-14.793123245239258,-17.812471389770508,-20.698421478271484,-22.252609252929688,-20.60153579711914,-19.425935745239258,-18.572057723999023,-16.668481826782227,-13.379056930541992
-0.23060524463653564,1.9979336261749268,4.30938196182251,6.537496089935303,7.514491081237793,9.220590591430664,10.546592712402344,5.499948501586914,4.281057834625244,5.011044025421143,5.889509201049805,6.707193851470947,6.913745403289795,7.155891418457031,6.235928058624268,6.614309310913086,6.7338433265686035,6.693854808807373,6.280452728271484,5.904472351074219,6.0489115715026855,5.1032257080078125,-0.8149961829185486,-2.8606979846954346,-0.6631656885147095,-0.05451127886772156,-5.096346855163574,-6.646785259246826,-7.494918346405029,-9.294709205627441,-10.73078727722168,-12.213171005249023,-13.550257682800293,-16.40567970275879,-20.342002868652344,-23.10275650024414,-23.745206832885742,-23.07583999633789,-21.686908721923828,-20.242464065551758,-18.609453201293945,-16.326387405395508,-13.974844932556152
1.1037920713424683,2.525292158126831,5.117715358734131,8.413607597351074,8.808845520019531,9.453898429870605,10.8991060256958,6.444930553436279,5.2393717765808105,5.836429595947266,6.048985481262207,6.105957984924316,5.97877311706543,5.521292686462402,6.447521686553955,6.944085597991943,6.496269702911377,6.499933242797852,5.785828590393066,5.986208438873291,2.884612560272217,-0.7224207520484924,-0.9020381569862366,-6.790887832641602,-7.181220531463623,-8.905938148498535,-8.203774452209473,-7.5236496925354,-10.87710952758789,-11.761009216308594,-13.6922607421875,-14.59017276763916,-16.165096282958984,-19.12747573852539,-22.171110153198242,-24.204015731811523,-24.605690002441406,-23.512298583984375,-22.302839279174805,-20.46938705444336,-17.979782104492188,-15.23288631439209,-13.047537803649902
1.2727562189102173,2.605536937713623,5.923582553863525,9.4591646194458,9.71858024597168,9.406580924987793,9.767579078674316,7.640100479125977,6.169951915740967,6.242002010345459,5.92317533493042,5.767480850219727,6.473712921142578,6.266254425048828,5.453922748565674,6.0781755447387695,5.234102249145508,5.123345851898193,4.0218095779418945,4.191506385803223,-1.4489201307296753,-0.45166584849357605,-2.1208479404449463,-7.254970550537109,-7.9750800132751465,-7.785468101501465,-8.4075345993042,-10.987258911132812,-14.516148567199707,-16.234695434570312,-17.29099464416504,-17.587491989135742,-17.945270538330078,-20.557031631469727,-22.638656616210938,-22.86197280883789,-23.617698669433594,-23.246889114379883,-21.85173988342285,-19.675222396850586,-16.544397354125977,-13.852703094482422,-11.849943161010742
0.32146933674812317,2.286032199859619,5.752099514007568,9.350172996520996,9.632699966430664,9.149566650390625,9.156026840209961,8.63536548614502,7.967858791351318,6.923022747039795,6.030725955963135,6.010961055755615,7.680793285369873,7.604267597198486,7.132997035980225,6.865233421325684,6.145064353942871,6.262411117553711,6.897414684295654,6.257445812225342,2.918215751647949,0.5401672720909119,-5.670501708984375,-9.296780586242676,-7.861988544464111,-7.813497066497803,-10.77324390411377,-13.587377548217773,-17.848817825317383,-20.455520629882812,-22.699865341186523,-22.168807983398438,-20.16625213623047,-20.430219650268555,-22.733213424682617,-22.0127010345459,-20.639949798583984,-18.774524688720703,-16.530481338500977,-14.844928741455078,-14.26301097869873,-12.809807777404785,-10.752859115600586
0.4224857985973358,1.3671605587005615,4.459994316101074,8.7139310836792,9.48758602142334,9.176789283752441,9.50898265838623,7.7654290199279785,10.048074722290039,7.880797386169434,7.075984001159668,5.206693172454834,6.096797943115234,7.671369552612305,6.493082523345947,5.698426246643066,6.107333183288574,7.230148792266846,6.774136066436768,5.282941818237305,4.6103434562683105,-2.9564411640167236,-10.734807014465332,-12.296412467956543,-10.487837791442871,-6.645251750946045,-7.113587379455566,-10.296725273132324,-13.024883270263672,-17.876253128051758,-19.554889678955078,-20.50007438659668,-18.740720748901367,-15.775829315185547,-17.690736770629883,-17.5552978515625,-15.892544746398926,-14.33094596862793,-12.12012004852295,-10.224603652954102,-11.405745506286621,-11.869595527648926,-10.45893383026123
0.08176135271787643,-0.2352447807788849,2.952378749847412,7.701901435852051,8.957659721374512,9.164935111999512,9.180171012878418,8.243860244750977,11.391196250915527,8.932327270507812,7.184367656707764,6.886590003967285,6.751331806182861,5.976345062255859,4.183047771453857,4.393709659576416,5.073663234710693,6.396759510040283,6.990950584411621,3.894134521484375,-4.223561763763428,-10.059637069702148,-11.09178352355957,-10.520798683166504,-7.86118221282959,-6.722557067871094,-6.352214813232422,-6.896222114562988,-11.196269989013672,-12.905848503112793,-10.398964881896973,-11.14832592010498,-13.49977970123291,-13.734163284301758,-12.896686553955078,-13.412517547607422,-12.035372734069824,-10.611509323120117,-9.463031768798828,-9.531235694885254,-10.101731300354004,-10.771891593933105,-10.289594650268555
-2.471471071243286,-2.231703996658325,1.9435065984725952,7.124355792999268,9.042380332946777,8.83638858795166,9.284438133239746,9.483918190002441,11.2435884475708,9.5130033493042,7.456430435180664,7.5032196044921875,6.033881187438965,5.0088210105896,3.783233165740967,3.8992786407470703,4.882744312286377,3.340088367462158,-0.13609792292118073,-4.908588886260986,-10.355583190917969,-11.153487205505371,-10.013650894165039,-10.128196716308594,-14.741937637329102,-16.44708251953125,-15.447311401367188,-12.328372955322266,-6.310391426086426,-0.6814181208610535,-1.7641557455062866,-8.968561172485352,-12.821944236755371,-13.262248992919922,-11.15311050415039,-9.763293266296387,-10.159117698669434,-8.811656951904297,-6.7346930503845215,-7.225701332092285,-8.413285255432129,-9.596831321716309,-9.059125900268555
-4.541834354400635,-2.750431537628174,2.5904970169067383,8.135862350463867,11.086638450622559,10.672554969787598,11.245697021484375,11.320745468139648,10.832716941833496,8.913536071777344,7.792178630828857,7.563045501708984,5.530298233032227,4.048672676086426,3.8980324268341064,3.6232924461364746,2.453054428100586,-2.5634939670562744,-5.684784412384033,-9.590863227844238,-11.077225685119629,-9.246086120605469,-9.678154945373535,-13.481518745422363,-11.087729454040527,-4.145646095275879,-1.3630404472351074,0.6297305822372437,0.06231601536273956,-2.96075439453125,-6.37064266204834,-8.400466918945312,-6.658098220825195,-5.986808776855469,-9.87038516998291,-6.923572540283203,-6.538703918457031,-7.254398822784424,-7.638890266418457,-5.878218650817871,-4.576756954193115,-6.363128662109375,-7.297527313232422
-6.475458145141602,1.526092767715454,5.796888828277588,9.81791877746582,13.979928016662598,13.352099418640137,12.05370044708252,11.459880828857422,10.968154907226562,8.94489860534668,7.0243916511535645,6.15005350112915,5.536355018615723,4.385869026184082,4.367381572723389,3.244581699371338,-1.1249030828475952,-8.1180419921875,-9.99863052368164,-9.192878723144531,-7.776645660400391,-5.469481468200684,-7.467459201812744,-5.860812187194824,3.169139862060547,1.662790060043335,-1.417048454284668,-1.7974629402160645,-2.763819456100464,-0.8369113206863403,0.8237379789352417,3.757268190383911,3.9660379886627197,-0.44069698452949524,-4.172395706176758,-5.87708044052124,-3.947887420654297,-5.226388931274414,-5.156513214111328,-3.969451665878296,-0.3818625211715698,-2.182758331298828,-2.4557974338531494
-4.635663032531738,3.4863979816436768,8.056907653808594,12.150209426879883,15.196727752685547,14.573027610778809,12.016192436218262,11.346405982971191,11.387203216552734,9.647059440612793,8.029088020324707,6.275238037109375,5.145455837249756,4.822747707366943,4.385376930236816,4.043289661407471,0.7108787298202515,-6.573516845703125,-11.067919731140137,-9.193516731262207,-2.9162230491638184,-3.739671468734741,-2.7203752994537354,2.084656238555908,2.329026937484741,-1.2941341400146484,-2.282406806945801,-0.34874120354652405,1.334212064743042,5.181423664093018,9.65661907196045,9.268118858337402,8.936287879943848,10.162372589111328,1.2350680828094482,-4.734260559082031,-4.327807903289795,-0.5327942371368408,0.6517671346664429,0.760928750038147,-0.3538103699684143,1.7774128913879395,0.2619503438472748
-0.04291675239801407,5.791893482208252,9.990541458129883,13.35505485534668,14.867812156677246,12.38941764831543,8.593240737915039,9.895965576171875,11.59973430633545,11.926812171936035,10.00057315826416,5.674051761627197,4.236354827880859,4.720947265625,3.4693121910095215,3.767841339111328,2.028395414352417,-3.8757450580596924,-3.846440553665161,-7.44806432723999,-7.89637565612793,0.9640595316886902,4.424045085906982,4.302103042602539,0.22649823129177094,-0.39276182651519775,2.017444133758545,5.34807014465332,10.068291664123535,12.666194915771484,12.263468742370605,9.04538345336914,7.884047985076904,10.945377349853516,11.906208992004395,8.447403907775879,1.7840532064437866,-0.09776081144809723,-0.7066166400909424,-0.7368658781051636,0.5119106769561768,1.2290302515029907,0.6902645230293274
2.683133840560913,8.517755508422852,11.305209159851074,12.594632148742676,11.748290061950684,7.168734550476074,5.286541938781738,9.010262489318848,12.25041389465332,13.370818138122559,12.077884674072266,8.975597381591797,7.110156059265137,4.541577339172363,4.3888397216796875,6.066107273101807,0.015094299800693989,-2.940225601196289,-4.52458381652832,-5.733282566070557,-7.660029411315918,-3.3614401817321777,1.0700093507766724,0.42128387093544006,0.08220914751291275,2.007477045059204,4.733432769775391,4.033886909484863,4.655816078186035,5.212485313415527,6.082466125488281,6.336026191711426,4.518242359161377,4.479641437530518,7.222923755645752,9.210892677307129,8.96747875213623,6.485686302185059,2.6981074810028076,-1.8331633806228638,-0.8186135292053223,2.279414176940918,1.470150351524353
4.78736686706543,10.24829387664795,10.479410171508789,9.609374046325684,6.835587024688721,1.229738473892212,4.117924213409424,10.47728443145752,13.817361831665039,12.925741195678711,9.61223030090332,5.422163009643555,1.4811270236968994,0.39160045981407166,5.00792932510376,4.473345756530762,-0.7659472823143005,-3.1148908138275146,-6.119380950927734,0.9539006948471069,-0.15741606056690216,-0.7396990656852722,-1.7519755363464355,-0.906836211681366,0.9832454919815063,2.8710196018218994,5.926339626312256,8.153733253479004,8.711249351501465,9.041242599487305,8.471208572387695,6.843451023101807,4.726391792297363,2.7556233406066895,2.656416416168213,3.5308997631073,4.120189666748047,2.2051589488983154,4.8379130363464355,8.895389556884766,7.120819091796875,3.5145018100738525,4.516544342041016
4.1329827308654785,8.68206787109375,6.388279438018799,4.55049991607666,1.2505301237106323,-2.8550455570220947,3.3841614723205566,11.36566162109375,14.119997024536133,8.918970108032227,4.182095527648926,-4.434048652648926,-6.779940605163574,-2.517897605895996,4.6143317222595215,5.886804103851318,2.108809232711792,-8.689595222473145,-3.2864060401916504,2.1392672061920166,-0.7284025549888611,-6.208451747894287,-4.040682792663574,-0.003312657820060849,1.8129173517227173,1.9806101322174072,3.5272610187530518,5.0484619140625,5.256606101989746,5.552525520324707,5.298629283905029,4.104586601257324,2.9152393341064453,2.1888272762298584,1.3977700471878052,0.6311933398246765,-0.09695858508348465,4.037357330322266,7.299936771392822,6.43609094619751,6.888182640075684,7.283912181854248,5.714521408081055
2.31929087638855,4.027332782745361,2.007747173309326,0.9067643284797668,-1.3302000761032104,-3.358508586883545,3.8913233280181885,13.376041412353516,14.656291007995605,5.658459186553955,-0.7652929425239563,-7.0232720375061035,-8.677765846252441,-1.3027414083480835,6.606714248657227,10.722318649291992,-2.6816658973693848,-5.394817352294922,-0.5282796621322632,-3.1465206146240234,-10.443464279174805,-4.904084205627441,-2.0431478023529053,-3.518392562866211,-5.146361351013184,-4.276210308074951,-1.8009068965911865,0.34233173727989197,1.5425076484680176,3.4251389503479004,4.554222106933594,4.381669998168945,3.480044364929199,2.877598524093628,2.469942331314087,1.5789875984191895,0.7665897607803345,3.4524097442626953,3.7626161575317383,4.516973495483398,4.052621841430664,6.16010856628418,6.7147064208984375
0.3882378339767456,1.179089903831482,-0.263705313205719,-0.8905237913131714,-0.2740524113178253,0.8960810303688049,7.844120979309082,16.069412231445312,16.80152702331543,4.389244079589844,0.0562620535492897,-0.6649686694145203,-2.18078351020813,2.9478001594543457,6.5031023025512695,9.837225914001465,-5.788468837738037,-5.062356472015381,-1.002204179763794,-7.212405204772949,-12.233736991882324,-13.676279067993164,-12.303579330444336,-10.044053077697754,-8.110828399658203,-5.966380596160889,-3.9804673194885254,-2.303222179412842,-0.49619153141975403,2.0733306407928467,4.172924041748047,4.697170257568359,4.025629997253418,3.649665355682373,3.180006742477417,2.0838027000427246,1.8860697746276855,3.459005832672119,3.328582763671875,4.291683197021484,4.406456470489502,5.1305131912231445,7.538280010223389
-2.092129945755005,-0.07068771123886108,-1.1366283893585205,-1.8801952600479126,-0.5670358538627625,3.7555487155914307,11.484919548034668,16.133275985717773,11.258888244628906,0.058830149471759796,-0.9976829290390015,3.0934786796569824,7.591383934020996,9.63465690612793,10.596776962280273,8.886969566345215,-7.037526607513428,-7.802033424377441,-4.980113506317139,-9.326071739196777,-12.614397048950195,-10.957868576049805,-10.226157188415527,-10.402366638183594,-10.021393775939941,-8.771265029907227,-6.662010669708252,-4.887859344482422,-3.2928478717803955,-1.005826473236084,1.3537036180496216,2.632699966430664,2.7653350830078125,2.8792192935943604,2.9158034324645996,1.908513069152832,2.317906379699707,4.408299922943115,6.290206432342529,6.739968299865723,7.0505876541137695,6.316965103149414,7.598186016082764
-3.9148993492126465,-0.4577418565750122,-2.1711032390594482,-2.5530903339385986,0.18105633556842804,4.962902545928955,9.766522407531738,7.25892448425293,3.1233577728271484,0.5454354882240295,6.687564849853516,13.964126586914062,18.829132080078125,12.662718772888184,6.97507905960083,-1.511505126953125,-9.5125093460083,-8.488361358642578,-8.027153968811035,-13.408888816833496,-15.422477722167969,-15.212370872497559,-12.75520133972168,-11.30640983581543,-10.561981201171875,-10.139144897460938,-8.179943084716797,-6.008390426635742,-5.196019172668457,-3.2534873485565186,-1.2137253284454346,0.2235255241394043,1.0553470849990845,1.558307409286499,2.2430238723754883,1.812667965888977,1.8872485160827637,4.140600681304932,6.102803707122803,7.403263568878174,8.441068649291992,8.096134185791016,7.351312160491943
