data/wind_data/wind_41_8.json
{"header": {"parameterUnit": "KT", "parameterCategory": 2, "nx": 256, "ny": 198, "lo1": 44.73521041870117, "la1": -3.236724853515625, "lo2": 111.26478576660156, "la2": 43.468475341796875, "dx": 0.2609002888202667, "dy": -0.23708222806453705, "refTime": "2025-02-20 17:00:00", "forecastTime": 0, "parameterNumber": 2, "parameterNumberName": "eastward_wind"}, "data":
[rows 0 to 18 of 198, columns 0 to 43 of 256]
-13.099447250366211,-12.13389778137207,-11.62050724029541,-11.582417488098145,-11.187690734863281,-10.552469253540039,-10.605671882629395,-10.97782039642334,-10.308178901672363,-9.142962455749512,-8.331315994262695,-7.7323479652404785,-7.401607513427734,-7.38200569152832,-7.8495683670043945,-8.403209686279297,-8.786478042602539,-9.08487606048584,-9.338109970092773,-9.30769157409668,-8.903907775878906,-8.313080787658691,-7.5074639320373535,-7.46740198135376,-8.210644721984863,-8.782869338989258,-9.200532913208008,-9.246983528137207,-9.064985275268555,-9.2169828414917,-9.466315269470215,-9.341824531555176,-9.177007675170898,-9.51060962677002,-9.79541301727295,-9.601317405700684,-8.968620300292969,-7.603324890136719,-6.499688148498535,-6.145870685577393,-6.025148868560791,-6.079373836517334,-6.080776214599609,-5.993984699249268
-13.545421600341797,-13.492462158203125,-12.382088661193848,-11.789382934570312,-11.031302452087402,-10.305024147033691,-10.60465145111084,-11.201164245605469,-10.91521167755127,-10.19906234741211,-9.1297607421875,-7.852861404418945,-7.3816070556640625,-7.691436290740967,-8.241451263427734,-8.616769790649414,-8.93204402923584,-9.587937355041504,-10.34569263458252,-10.538910865783691,-10.160740852355957,-9.554033279418945,-9.032581329345703,-9.089412689208984,-9.361916542053223,-9.60360336303711,-10.196651458740234,-10.751676559448242,-10.876922607421875,-10.916997909545898,-10.890225410461426,-10.83277702331543,-10.821819305419922,-11.019856452941895,-11.24119758605957,-10.673993110656738,-9.727567672729492,-8.590181350708008,-7.2750067710876465,-6.239461898803711,-5.687971591949463,-5.6756439208984375,-5.707655906677246,-5.761706829071045
-13.317610740661621,-13.258262634277344,-12.565430641174316,-12.211606979370117,-11.6812105178833,-11.494833946228027,-11.741847038269043,-11.553963661193848,-11.312186241149902,-11.202576637268066,-10.664860725402832,-9.70217514038086,-9.00327205657959,-8.925694465637207,-8.999039649963379,-9.06241226196289,-9.604837417602539,-10.374526977539062,-10.972002983093262,-11.338959693908691,-11.309328079223633,-10.903517723083496,-10.539090156555176,-10.44020938873291,-10.487762451171875,-10.834883689880371,-11.369110107421875,-11.618012428283691,-11.558342933654785,-11.300192832946777,-10.818676948547363,-10.324206352233887,-10.10662841796875,-10.154385566711426,-10.23532772064209,-10.068851470947266,-9.56633472442627,-8.712198257446289,-7.700808525085449,-6.826257705688477,-6.221848011016846,-5.810166835784912,-5.48867130279541,-5.348330497741699
-13.211613655090332,-12.972325325012207,-13.15334701538086,-14.265061378479004,-14.177718162536621,-14.058799743652344,-14.389997482299805,-14.04192066192627,-14.141162872314453,-14.424640655517578,-14.20711898803711,-13.532675743103027,-12.663278579711914,-11.985528945922852,-11.69027042388916,-11.873978614807129,-12.418014526367188,-12.672018051147461,-12.560773849487305,-12.522791862487793,-12.571513175964355,-12.41226863861084,-12.032889366149902,-11.68972396850586,-11.68966007232666,-12.059529304504395,-12.21039867401123,-11.993365287780762,-11.712294578552246,-11.168780326843262,-10.396772384643555,-9.762704849243164,-9.502174377441406,-9.346878051757812,-9.129924774169922,-9.130989074707031,-8.918492317199707,-8.292830467224121,-7.657993793487549,-7.0152177810668945,-6.285683631896973,-5.607520580291748,-5.1914753913879395,-4.928140640258789
-13.653924942016602,-13.113166809082031,-14.011578559875488,-17.54131317138672,-22.822046279907227,-23.86410903930664,-24.554903030395508,-24.53965187072754,-24.13676643371582,-23.661296844482422,-22.75362777709961,-21.503856658935547,-20.502622604370117,-20.258995056152344,-20.36481285095215,-20.268436431884766,-19.99560546875,-19.70370864868164,-19.410320281982422,-19.201995849609375,-18.89008140563965,-18.186838150024414,-17.094057083129883,-15.641836166381836,-14.154468536376953,-12.673561096191406,-11.153282165527344,-10.195091247558594,-9.845057487487793,-9.485865592956543,-9.001760482788086,-8.685884475708008,-8.674516677856445,-8.673052787780762,-8.50869083404541,-8.387264251708984,-8.038873672485352,-7.550464630126953,-7.150190830230713,-6.445091247558594,-5.450205326080322,-4.916595458984375,-4.910800457000732,-4.816800117492676
-14.044453620910645,-13.307438850402832,-13.902745246887207,-15.791329383850098,-18.766756057739258,-21.036596298217773,-21.87386703491211,-22.78240394592285,-22.78207778930664,-22.70594596862793,-21.871944427490234,-20.407115936279297,-19.1041259765625,-18.7722110748291,-19.139528274536133,-19.695810317993164,-20.351722717285156,-20.980257034301758,-21.248538970947266,-21.0057315826416,-20.40996742248535,-19.825769424438477,-19.276830673217773,-18.175260543823242,-16.240623474121094,-13.766294479370117,-11.27049446105957,-9.44473934173584,-8.55911636352539,-8.087823867797852,-7.691084384918213,-7.480696201324463,-7.589629173278809,-7.899442672729492,-8.157505989074707,-8.13586139678955,-7.588787078857422,-6.874962329864502,-6.382724761962891,-5.7700629234313965,-4.91892147064209,-4.322312831878662,-4.039463520050049,-3.8248789310455322
-14.20743179321289,-13.853150367736816,-15.02253246307373,-18.08174705505371,-22.46017074584961,-23.29781150817871,-23.945547103881836,-24.529157638549805,-24.362646102905273,-24.095333099365234,-23.163028717041016,-21.73698616027832,-20.472780227661133,-19.94977378845215,-20.10304069519043,-20.73345184326172,-21.517154693603516,-21.884830474853516,-21.556703567504883,-20.982513427734375,-20.680452346801758,-20.70644760131836,-20.634559631347656,-19.925987243652344,-18.447341918945312,-16.200836181640625,-13.350563049316406,-10.622934341430664,-8.62772274017334,-7.389653205871582,-6.798883438110352,-6.726301193237305,-7.085236072540283,-7.683707237243652,-8.234810829162598,-8.283020973205566,-7.670196533203125,-6.822683334350586,-6.066614151000977,-5.356760501861572,-4.649466037750244,-3.991553544998169,-3.440204620361328,-3.048063039779663
-14.375972747802734,-14.41103744506836,-15.843244552612305,-18.932201385498047,-22.707685470581055,-22.890792846679688,-22.74091148376465,-23.116579055786133,-23.007715225219727,-22.97005271911621,-22.24189567565918,-21.013463973999023,-19.820476531982422,-19.19547462463379,-19.404624938964844,-20.365467071533203,-21.467260360717773,-21.859243392944336,-21.423749923706055,-20.84564208984375,-20.670860290527344,-20.74251937866211,-20.75689125061035,-20.554170608520508,-20.093461990356445,-18.989839553833008,-16.907249450683594,-14.11009693145752,-11.138699531555176,-8.662163734436035,-7.195068359375,-6.784862995147705,-7.156648635864258,-7.797468185424805,-8.239737510681152,-8.26697063446045,-7.975379467010498,-7.46243953704834,-6.600061416625977,-5.5927839279174805,-4.755741119384766,-4.101225852966309,-3.5495972633361816,-3.1390037536621094
-14.625649452209473,-15.00618839263916,-16.66229248046875,-20.35898780822754,-24.53754425048828,-24.183887481689453,-23.691823959350586,-23.77949333190918,-23.640573501586914,-23.30839729309082,-22.541690826416016,-21.410491943359375,-20.236976623535156,-19.46263313293457,-19.3948917388916,-20.01044273376465,-20.84805679321289,-21.249597549438477,-21.05341148376465,-20.634685516357422,-20.343461990356445,-20.133651733398438,-19.926063537597656,-19.861600875854492,-20.039270401000977,-20.09514617919922,-19.54239845275879,-18.024585723876953,-15.613235473632812,-12.887734413146973,-10.503050804138184,-8.928192138671875,-8.25593376159668,-8.114981651306152,-8.097310066223145,-8.175203323364258,-8.44566535949707,-8.44178295135498,-7.720448970794678,-6.551454544067383,-5.4642767906188965,-4.721837997436523,-4.30173397064209,-3.7825870513916016
-14.314336776733398,-14.997305870056152,-16.703462600708008,-20.360918045043945,-24.31772232055664,-24.12187385559082,-23.62903594970703,-23.728654861450195,-23.260709762573242,-22.348154067993164,-21.428892135620117,-20.73291778564453,-20.141115188598633,-19.63039779663086,-19.33954620361328,-19.492067337036133,-19.903329849243164,-20.090335845947266,-20.00881004333496,-19.877378463745117,-19.736576080322266,-19.511672973632812,-19.210777282714844,-19.07203483581543,-19.150711059570312,-19.284122467041016,-19.260456085205078,-18.997697830200195,-18.452808380126953,-17.351369857788086,-15.545905113220215,-13.430198669433594,-11.502223014831543,-10.014838218688965,-9.079573631286621,-8.815231323242188,-9.051811218261719,-9.15336799621582,-8.660143852233887,-7.6508893966674805,-6.486891269683838,-5.546275615692139,-4.882490634918213,-4.192149639129639
-13.38416862487793,-14.319376945495605,-16.03191375732422,-19.439268112182617,-23.10053253173828,-23.348979949951172,-23.27890968322754,-23.55974769592285,-23.04950714111328,-21.73926544189453,-20.629430770874023,-20.255393981933594,-20.24602699279785,-20.05342674255371,-19.67034339904785,-19.42473602294922,-19.366111755371094,-19.240764617919922,-19.063383102416992,-19.014122009277344,-18.995891571044922,-18.84815216064453,-18.59242057800293,-18.554367065429688,-18.591760635375977,-18.462488174438477,-18.224973678588867,-18.099567413330078,-18.239452362060547,-18.49457359313965,-18.290891647338867,-17.31232452392578,-15.650832176208496,-13.73026180267334,-12.033401489257812,-10.85484504699707,-10.175616264343262,-9.767740249633789,-9.315032958984375,-8.538459777832031,-7.392862319946289,-6.178133487701416,-5.174126625061035,-4.3627448081970215
-13.038911819458008,-14.118663787841797,-15.717611312866211,-18.635761260986328,-21.592954635620117,-21.978281021118164,-22.193883895874023,-22.240320205688477,-21.794246673583984,-20.600061416625977,-19.674694061279297,-19.439226150512695,-19.609699249267578,-19.588050842285156,-19.248510360717773,-18.85322380065918,-18.608474731445312,-18.460693359375,-18.404462814331055,-18.459226608276367,-18.404705047607422,-18.046417236328125,-17.765399932861328,-17.968740463256836,-18.243379592895508,-18.135101318359375,-17.727169036865234,-17.463348388671875,-17.401351928710938,-17.545930862426758,-17.707500457763672,-17.757600784301758,-17.44614028930664,-16.56715965270996,-15.229660034179688,-13.789133071899414,-12.572429656982422,-11.649470329284668,-10.765604972839355,-9.633325576782227,-8.296463966369629,-7.004640102386475,-5.944399833679199,-5.175382137298584
-13.161149978637695,-14.267901420593262,-15.710609436035156,-18.227924346923828,-20.632434844970703,-21.068363189697266,-21.35155487060547,-21.101421356201172,-20.71776580810547,-20.011316299438477,-19.420211791992188,-19.118799209594727,-18.98234748840332,-18.7191162109375,-18.26996612548828,-17.849910736083984,-17.708816528320312,-17.880571365356445,-18.17339324951172,-18.381181716918945,-18.13981056213379,-17.53705406188965,-17.193212509155273,-17.45001792907715,-17.88626480102539,-18.055662155151367,-17.76884651184082,-17.31392478942871,-16.841882705688477,-16.538558959960938,-16.521974563598633,-16.69231605529785,-16.913711547851562,-16.90199851989746,-16.452945709228516,-15.75256061553955,-15.045530319213867,-14.312925338745117,-13.237617492675781,-11.704904556274414,-10.103273391723633,-8.872663497924805,-8.047374725341797,-7.4715495109558105
-12.135238647460938,-13.56336498260498,-15.021981239318848,-17.441688537597656,-19.8590030670166,-20.492116928100586,-20.61567497253418,-20.409494400024414,-20.011241912841797,-19.65056037902832,-19.266508102416992,-19.04034423828125,-18.79795265197754,-18.34099769592285,-17.651784896850586,-17.070295333862305,-16.966840744018555,-17.378997802734375,-18.029483795166016,-18.437833786010742,-18.227699279785156,-17.641088485717773,-17.326141357421875,-17.514362335205078,-17.870586395263672,-18.16026496887207,-18.059513092041016,-17.54676628112793,-16.750381469726562,-15.982840538024902,-15.85588550567627,-16.063304901123047,-16.168479919433594,-15.995455741882324,-15.677658081054688,-15.5525484085083,-15.55848217010498,-15.466453552246094,-14.964383125305176,-13.928008079528809,-12.682808876037598,-11.709484100341797,-11.133654594421387,-10.674836158752441
-10.400199890136719,-12.512358665466309,-14.069886207580566,-16.655921936035156,-19.53631019592285,-20.084728240966797,-20.157520294189453,-20.06138801574707,-19.653749465942383,-19.385801315307617,-19.168441772460938,-19.142276763916016,-18.995494842529297,-18.452037811279297,-17.57021141052246,-16.626863479614258,-16.171852111816406,-16.512998580932617,-17.433897018432617,-18.2700138092041,-18.511390686035156,-18.26319122314453,-18.068626403808594,-18.155834197998047,-18.3293514251709,-18.52368927001953,-18.345932006835938,-17.790143966674805,-16.99187469482422,-16.092939376831055,-15.892179489135742,-16.017587661743164,-15.917434692382812,-15.355195999145508,-14.647904396057129,-14.408390045166016,-14.445977210998535,-14.473941802978516,-14.426831245422363,-14.14734172821045,-13.630794525146484,-13.152403831481934,-12.814393043518066,-12.235275268554688
-9.790194511413574,-12.500210762023926,-14.06553840637207,-16.672061920166016,-19.53395652770996,-19.797094345092773,-19.869096755981445,-19.719924926757812,-19.353858947753906,-19.11139678955078,-19.15955924987793,-19.380332946777344,-19.36693572998047,-18.796253204345703,-17.80958366394043,-16.605121612548828,-15.638165473937988,-15.480348587036133,-16.207921981811523,-17.411117553710938,-18.42202377319336,-18.89956283569336,-18.912473678588867,-18.773521423339844,-18.603851318359375,-18.451980590820312,-18.194398880004883,-17.76995086669922,-17.09663963317871,-16.534778594970703,-16.512067794799805,-16.45635223388672,-15.973751068115234,-15.066190719604492,-14.008513450622559,-13.356382369995117,-13.108181953430176,-12.811628341674805,-12.60521125793457,-12.502583503723145,-12.394489288330078,-12.23331356048584,-11.848875999450684,-11.017194747924805
-9.859550476074219,-12.774317741394043,-14.356103897094727,-16.80269432067871,-19.436243057250977,-19.73948860168457,-19.671159744262695,-19.457822799682617,-19.089574813842773,-18.880895614624023,-19.15273666381836,-19.57667350769043,-19.699209213256836,-19.20342445373535,-18.161413192749023,-16.87393569946289,-15.684724807739258,-14.983677864074707,-15.086197853088379,-15.889781951904297,-17.092388153076172,-18.339351654052734,-19.12211799621582,-19.173559188842773,-18.718725204467773,-18.079872131347656,-17.379840850830078,-17.07655143737793,-17.029743194580078,-17.0543270111084,-17.13882064819336,-16.983749389648438,-16.124099731445312,-15.024368286132812,-13.747325897216797,-12.61638355255127,-12.099020004272461,-11.659911155700684,-11.202556610107422,-10.902485847473145,-10.800387382507324,-10.723608016967773,-10.178767204284668,-9.155099868774414
-10.153011322021484,-12.692451477050781,-14.229965209960938,-16.569854736328125,-19.18583106994629,-19.739521026611328,-19.61549186706543,-19.370738983154297,-18.87717056274414,-18.66613006591797,-19.020793914794922,-19.50652313232422,-19.71651268005371,-19.2640380859375,-18.22585678100586,-16.981840133666992,-15.778643608093262,-14.832433700561523,-14.42663860321045,-14.754756927490234,-15.805785179138184,-17.12435531616211,-18.32621955871582,-18.99812889099121,-18.770782470703125,-17.890106201171875,-16.946489334106445,-16.4833984375,-16.536949157714844,-16.91660499572754,-17.292654037475586,-17.178823471069336,-16.003320693969727,-14.676868438720703,-13.503962516784668,-12.373887062072754,-11.902956008911133,-11.59976577758789,-11.071568489074707,-10.627674102783203,-10.068729400634766,-9.415020942687988,-8.573939323425293,-7.71611213684082
-10.400103569030762,-12.500012397766113,-13.884320259094238,-16.183317184448242,-18.865480422973633,-19.65498924255371,-19.4519100189209,-19.18747329711914,-18.74285125732422,-18.613182067871094,-18.84663963317871,-19.151927947998047,-19.255706787109375,-18.824039459228516,-17.819360733032227,-16.661701202392578,-15.574395179748535,-14.634547233581543,-14.04651165008545,-14.214340209960938,-15.154119491577148,-16.467227935791016,-17.571500778198242,-18.113727569580078,-17.93880271911621,-17.41984748840332,-16.842479705810547,-16.359331130981445,-16.068439483642578,-16.338350296020508,-16.633716583251953,-16.116741180419922,-14.968270301818848,-13.6918306350708,-12.88077163696289,-12.31874942779541,-12.226140022277832,-12.242242813110352,-11.946880340576172,-11.48983383178711,-10.382452964782715,-8.774155616760254,-7.5494303703308105,-6.902437686920166
