data/wind_data/wind_Surface_5.json
{"header": {"parameterUnit": "KT", "parameterCategory": 2, "nx": 255, "ny": 198, "lo1": 44.73521041870117, "la1": -3.236724853515625, "lo2": 111.26478576660156, "la2": 43.468475341796875, "dx": 0.26192745566368103, "dy": -0.23708222806453705, "refTime": "2025-02-19 05:00:00", "forecastTime": 0, "parameterNumber": 2, "parameterNumberName": "eastward_wind"}, "data":
[rows 57 to 75 of 198, columns 86 to 128 of 255]
-3.4974238872528076,-3.3350024223327637,-3.4593093395233154,-3.730179786682129,-3.784337282180786,-3.7449610233306885,-3.7600297927856445,-3.6748247146606445,-3.4598095417022705,-3.229707717895508,-2.909794807434082,-2.3965625762939453,-1.857446551322937,-1.4534283876419067,-1.061176061630249,-0.5202975869178772,0.05427682772278786,0.5269099473953247,0.8595407605171204,1.101736307144165,1.1239569187164307,0.9443477392196655,0.8124135732650757,0.7653960585594177,0.7765181660652161,0.789108395576477,0.7895097136497498,0.6001768708229065,-1.601047158241272,-4.491988658905029,-4.970295429229736,-1.894917368888855,1.470497965812683,2.0575919151306152,1.5173438787460327,-1.7580819129943848,-5.213006973266602,-3.8846638202667236,-2.0585503578186035,-2.403120279312134,-1.4807982444763184,0.6739460229873657,-1.7441405057907104
-3.303501605987549,-3.071418046951294,-3.282813787460327,-3.745175361633301,-4.004740238189697,-4.06111478805542,-4.092222690582275,-4.025893211364746,-3.7561187744140625,-3.446838140487671,-3.142197847366333,-2.683933734893799,-2.146569013595581,-1.6987390518188477,-1.3049668073654175,-0.8665751814842224,-0.4199821949005127,-0.03157952055335045,0.32138144969940186,0.5892077684402466,0.6519296169281006,0.5195375084877014,0.35661935806274414,0.3022809624671936,0.44670385122299194,0.6343202590942383,0.9041763544082642,0.3777889311313629,-2.858781576156616,-4.930626392364502,-1.7839957475662231,0.47042781114578247,1.0192723274230957,0.4366335868835449,-1.532067894935608,-2.8795530796051025,-2.2853152751922607,-1.0895904302597046,-2.3674674034118652,-3.119128465652466,-1.1272990703582764,0.1708674430847168,-1.8815221786499023
-3.191431999206543,-2.9079017639160156,-3.1334965229034424,-3.691983222961426,-4.118978977203369,-4.247751235961914,-4.215714454650879,-4.029808521270752,-3.762653112411499,-3.5470385551452637,-3.329374074935913,-2.9413743019104004,-2.426602602005005,-1.9714531898498535,-1.5246806144714355,-1.0326402187347412,-0.6192789077758789,-0.3376719653606415,-0.08421444147825241,0.10749498754739761,0.10277843475341797,-0.03579910099506378,-0.26191234588623047,-0.30428510904312134,-0.0753093734383583,0.22771181166172028,0.6724738478660583,-0.40539416670799255,-3.8566153049468994,-4.049925804138184,-0.17288066446781158,1.4323718547821045,0.4486987292766571,-1.7947977781295776,-3.445406198501587,-2.710787057876587,-0.8164201378822327,0.023948941379785538,-0.28136077523231506,-0.895031213760376,-0.9656692147254944,-2.064589262008667,-2.815927743911743
-3.4859349727630615,-3.2422149181365967,-3.4350481033325195,-3.9496254920959473,-4.354288578033447,-4.432209491729736,-4.265891075134277,-3.925143241882324,-3.6560933589935303,-3.5536909103393555,-3.4780993461608887,-3.2924928665161133,-2.924363613128662,-2.4725611209869385,-1.944794774055481,-1.313434362411499,-0.7752636671066284,-0.45354583859443665,-0.28147152066230774,-0.2059701532125473,-0.37446126341819763,-0.6139506101608276,-0.8346976041793823,-0.8340811133384705,-0.5229438543319702,-0.14603520929813385,0.2673945426940918,-1.9935978651046753,-4.629331588745117,-1.1928138732910156,2.176042079925537,2.3915886878967285,0.22319439053535461,-3.8178367614746094,-4.880831718444824,-2.7883870601654053,-1.084188461303711,0.05472762510180473,1.0039571523666382,-0.13931319117546082,-2.2966415882110596,-2.953385829925537,-2.077125072479248
-3.923694133758545,-3.8482003211975098,-4.082547664642334,-4.53411865234375,-4.784510612487793,-4.673691749572754,-4.345498085021973,-3.9801888465881348,-3.7799735069274902,-3.751756191253662,-3.7842605113983154,-3.803035259246826,-3.6718177795410156,-3.2876548767089844,-2.65252685546875,-1.833290934562683,-1.0723506212234497,-0.5623046159744263,-0.35945114493370056,-0.3874008059501648,-0.6249668002128601,-0.9418495297431946,-1.1726717948913574,-1.2877652645111084,-1.0025081634521484,-0.5315565466880798,-0.31559497117996216,-2.826664924621582,-4.465336322784424,-1.0079785585403442,1.6476000547409058,2.397332191467285,0.03679792582988739,-4.424238681793213,-5.057961463928223,-2.846749782562256,-1.8031550645828247,-0.6123765110969543,0.3538804352283478,-1.054747462272644,-3.290693998336792,-3.0888311862945557,-1.4415526390075684
-4.043542861938477,-4.021437644958496,-4.377262592315674,-4.934331893920898,-5.100262641906738,-4.815286636352539,-4.373046875,-4.020124435424805,-3.9112889766693115,-3.97808575630188,-4.075705528259277,-4.1415815353393555,-4.1299519538879395,-3.93142032623291,-3.4112789630889893,-2.558037757873535,-1.6451807022094727,-0.9402188062667847,-0.47588953375816345,-0.3162607252597809,-0.4039077162742615,-0.6936720609664917,-1.0469638109207153,-1.417655110359192,-1.3222981691360474,-0.7358940243721008,-0.7488107085227966,-2.503302812576294,-1.1198017597198486,1.3967667818069458,1.384251356124878,1.9035316705703735,-1.1671347618103027,-5.647648334503174,-5.328001499176025,-3.452218770980835,-2.245468854904175,-1.2249341011047363,-1.173112392425537,-2.6971139907836914,-3.5574355125427246,-3.262648105621338,-2.6653690338134766
-4.2253804206848145,-4.128908157348633,-4.409437656402588,-4.939610004425049,-5.045300006866455,-4.787517070770264,-4.418386936187744,-4.069058895111084,-3.9787752628326416,-4.085067272186279,-4.162879943847656,-4.150017738342285,-4.108057022094727,-4.018208980560303,-3.714491844177246,-3.072946071624756,-2.249008893966675,-1.5061321258544922,-0.8338115811347961,-0.2891043424606323,0.12490323185920715,0.099147729575634,-0.4030219316482544,-1.0477080345153809,-1.1852630376815796,-0.7827688455581665,-0.9686681032180786,-1.6632888317108154,0.68821120262146,3.21520733833313,3.4085693359375,1.8630937337875366,-3.204427719116211,-6.238752841949463,-4.846456050872803,-3.8174383640289307,-2.762016773223877,-2.1861629486083984,-3.0021891593933105,-4.132076263427734,-4.465043544769287,-4.376070976257324,-3.951885223388672
-4.248374938964844,-4.352961540222168,-4.55050802230835,-4.80784273147583,-4.954845905303955,-4.8789896965026855,-4.575397491455078,-4.276119232177734,-4.149485111236572,-4.218273162841797,-4.321237087249756,-4.2856035232543945,-4.206850528717041,-4.049131393432617,-3.7211151123046875,-3.301760673522949,-2.74092173576355,-2.0910937786102295,-1.3786766529083252,-0.5808219909667969,0.34991270303726196,0.9168704152107239,0.6463398933410645,-0.08406051993370056,-0.5493877530097961,-0.4810095727443695,-0.8739625215530396,-1.3705440759658813,1.1746413707733154,3.2848174571990967,2.806122064590454,0.3052687346935272,-4.214108467102051,-5.54007625579834,-4.0296525955200195,-3.4723165035247803,-2.9022974967956543,-2.6776509284973145,-3.416205883026123,-4.631664752960205,-4.857869625091553,-4.555771827697754,-4.083553791046143
-3.974177360534668,-4.089752674102783,-4.43582820892334,-4.746851444244385,-4.864517688751221,-4.93078088760376,-4.922329425811768,-4.7739763259887695,-4.567543983459473,-4.310794830322266,-4.1506781578063965,-4.193856239318848,-4.288928985595703,-4.19138240814209,-3.841888427734375,-3.348466634750366,-2.869940757751465,-2.435197353363037,-1.7996101379394531,-0.9570589661598206,-0.01644427888095379,0.8933555483818054,1.173243522644043,1.0941548347473145,0.778157651424408,0.4770643711090088,-0.3340485394001007,-0.8324401378631592,1.7883967161178589,2.846139669418335,1.362380862236023,-0.4157947599887848,-3.0735867023468018,-3.85921311378479,-2.7079765796661377,-2.3027503490448,-2.1235365867614746,-1.9439362287521362,-1.9296845197677612,-2.5959084033966064,-3.877628803253174,-4.296198844909668,-3.617166757583618
-3.5840585231781006,-3.6629462242126465,-4.020207405090332,-4.474034786224365,-4.818416118621826,-4.962857246398926,-4.929691791534424,-4.71491813659668,-4.359579086303711,-3.9223783016204834,-3.630037307739258,-3.6062469482421875,-3.692023754119873,-3.7590010166168213,-3.596607208251953,-3.2067062854766846,-2.78533935546875,-2.442676067352295,-1.9826741218566895,-1.2033034563064575,-0.3428855240345001,0.4846823513507843,0.9261180758476257,1.4758954048156738,1.760209560394287,1.8905500173568726,0.770157516002655,1.3897196054458618,2.961299180984497,2.178154945373535,0.39213839173316956,-1.4490002393722534,-2.0116374492645264,-2.149733781814575,-2.232595682144165,-1.4435666799545288,-0.8837210536003113,-0.6748427152633667,-0.4149267077445984,-0.48126277327537537,-1.8481471538543701,-3.360217332839966,-3.2474403381347656
-3.77359676361084,-4.119039535522461,-4.6605424880981445,-5.089893817901611,-5.297998905181885,-5.240975856781006,-5.043882846832275,-4.788227081298828,-4.503505706787109,-4.097477436065674,-3.5482115745544434,-3.171105146408081,-3.1125576496124268,-3.1648640632629395,-3.031388282775879,-2.826836585998535,-2.619412660598755,-2.330798387527466,-1.9170366525650024,-1.297712802886963,-0.5500858426094055,0.21090294420719147,0.7128401398658752,1.2221050262451172,1.9456201791763306,2.3977580070495605,1.0655235052108765,1.81829833984375,3.367513418197632,2.0884387493133545,-0.4923095405101776,-1.8828693628311157,-0.9741264581680298,-0.6403869986534119,-1.495539903640747,-1.1339858770370483,-0.202510803937912,-0.04679787904024124,-0.16005653142929077,-0.17044036090373993,-0.5598775744438171,-2.0268983840942383,-2.8907358646392822
-4.141776084899902,-4.515137195587158,-5.1116156578063965,-5.57902193069458,-5.719820499420166,-5.5267534255981445,-5.1490607261657715,-4.744229316711426,-4.436397552490234,-4.09800386428833,-3.523479700088501,-2.950045585632324,-2.6272525787353516,-2.3553593158721924,-2.0601961612701416,-1.863406777381897,-1.8729251623153687,-1.9084664583206177,-1.7044460773468018,-1.293210744857788,-0.734850287437439,-0.12273421138525009,0.5275706648826599,0.9447201490402222,1.386697769165039,1.5581095218658447,1.459436058998108,3.071070432662964,3.7203660011291504,2.205326795578003,-0.8505104184150696,-1.4760164022445679,-0.13358396291732788,0.7192859053611755,0.001725395442917943,-0.8730911612510681,-0.19361922144889832,0.3503252863883972,-0.15415127575397491,-0.5693279504776001,-0.327000230550766,-1.099413514137268,-2.373244285583496
-4.229068279266357,-4.529472351074219,-4.92824125289917,-5.255730152130127,-5.441975116729736,-5.552253723144531,-5.386647701263428,-4.969335079193115,-4.6217217445373535,-4.239940166473389,-3.7329537868499756,-3.209629535675049,-2.5789310932159424,-1.8512581586837769,-1.242232322692871,-0.8842046856880188,-0.8286212086677551,-1.0242207050323486,-1.202756643295288,-1.153978705406189,-0.8328930139541626,-0.23315849900245667,0.32104647159576416,0.6690936088562012,0.3437851369380951,-0.13992510735988617,2.2725064754486084,3.5631279945373535,3.0438363552093506,1.9283784627914429,-0.19919264316558838,-0.5873935222625732,0.41246601939201355,1.6146138906478882,1.5623066425323486,0.30360448360443115,0.1255429983139038,0.42521482706069946,-0.056282464414834976,-0.7843921184539795,-0.6893565058708191,-1.2221475839614868,-2.3446927070617676
-4.286170959472656,-4.415797233581543,-4.456630706787109,-4.495314121246338,-4.706927299499512,-5.163186073303223,-5.3713908195495605,-5.06691837310791,-4.828782081604004,-4.481054782867432,-4.0240092277526855,-3.4992599487304688,-2.7494490146636963,-1.8426930904388428,-1.0213370323181152,-0.39092618227005005,-0.05243172496557236,-0.03030897118151188,-0.2531682550907135,-0.5577345490455627,-0.7336812615394592,-0.4457620084285736,-0.2029939442873001,0.021142976358532906,-1.0923395156860352,-0.03843788802623749,2.1905858516693115,2.025409698486328,2.130974769592285,1.8468440771102905,0.9976015090942383,0.6251001954078674,1.1443557739257812,2.125143051147461,2.7676522731781006,1.7724921703338623,0.13612724840641022,-0.25158432126045227,-0.5616133809089661,-1.3207979202270508,-1.670118808746338,-2.400214195251465,-2.6794679164886475
-4.668985366821289,-4.606658935546875,-4.335893154144287,-4.2177557945251465,-4.345251083374023,-4.633734703063965,-5.028039932250977,-5.185516357421875,-5.019007682800293,-4.719259262084961,-4.280819416046143,-3.8040547370910645,-3.1083953380584717,-2.238044500350952,-1.3220041990280151,-0.4900458753108978,0.08285380899906158,0.4391932785511017,0.5873411297798157,0.35626500844955444,-0.07696235179901123,-0.39916369318962097,-0.4361686110496521,-1.1017142534255981,-2.4537580013275146,-0.34558913111686707,2.2337074279785156,1.4296716451644897,1.0846360921859741,1.0008538961410522,1.2223461866378784,1.527334213256836,1.4271215200424194,2.1290926933288574,2.8006162643432617,2.3975274562835693,0.5223379135131836,-0.6490930318832397,-0.9863809943199158,-1.8672289848327637,-2.687819719314575,-3.1325764656066895,-2.473332405090332
-4.766781806945801,-4.752351760864258,-4.560312271118164,-4.410802364349365,-4.356002330780029,-4.428336143493652,-4.638201713562012,-4.964506149291992,-5.158588886260986,-4.952919960021973,-4.485659122467041,-3.9399282932281494,-3.369689702987671,-2.6746861934661865,-1.7439275979995728,-0.7848802208900452,-0.07055912911891937,0.4933135211467743,0.9623832702636719,1.1757745742797852,0.8435442447662354,0.21410052478313446,-0.39470571279525757,-2.4536190032958984,-3.751829147338867,0.033434126526117325,2.802607297897339,2.0029234886169434,0.06512826681137085,-1.0545941591262817,0.7901597023010254,2.0099895000457764,2.0474276542663574,2.2045583724975586,2.7185046672821045,2.6428682804107666,1.176004409790039,-0.22598817944526672,-0.9174328446388245,-1.938093900680542,-3.1932053565979004,-3.384658098220825,-2.1271793842315674
-4.544253826141357,-4.542244911193848,-4.547781944274902,-4.554393291473389,-4.629208087921143,-4.6257243156433105,-4.452892780303955,-4.540801525115967,-4.696160316467285,-4.510591506958008,-4.147378444671631,-3.751089096069336,-3.3306047916412354,-2.681596279144287,-1.718124508857727,-0.7341217994689941,-0.053239427506923676,0.5236056447029114,1.1847717761993408,1.7059921026229858,1.55411958694458,0.9133392572402954,-0.5389224290847778,-2.3389647006988525,-0.5624791383743286,3.0677406787872314,4.10178804397583,2.9445018768310547,-0.9821253418922424,-2.9554481506347656,-0.7021414637565613,1.246169924736023,2.508666753768921,2.664393901824951,2.3418662548065186,1.6201188564300537,0.6879117488861084,-0.35101911425590515,-1.1227346658706665,-2.0127928256988525,-2.8963630199432373,-2.896768093109131,-1.5451279878616333
-4.250946044921875,-4.2936248779296875,-4.640687942504883,-4.940830707550049,-5.079709053039551,-5.04892110824585,-4.818082809448242,-4.629873275756836,-4.364103317260742,-3.955380916595459,-3.481050729751587,-2.957486629486084,-2.4468719959259033,-1.86795973777771,-1.171459674835205,-0.45522594451904297,0.05710405111312866,0.492422491312027,1.1082751750946045,1.7236356735229492,1.8415592908859253,1.1627461910247803,-0.9496545791625977,-1.9291925430297852,1.2905073165893555,3.8885281085968018,3.5240838527679443,1.1965324878692627,-0.5325306057929993,-1.0812642574310303,-1.1387763023376465,0.817060649394989,2.4137980937957764,3.1473677158355713,2.4912471771240234,1.0561542510986328,0.05737157166004181,-0.9065970182418823,-1.6867692470550537,-1.9499893188476562,-2.1471574306488037,-1.919102668762207,-0.5363852977752686
-4.280489921569824,-4.314892292022705,-4.698340892791748,-4.998839378356934,-5.097343921661377,-5.083510398864746,-4.987157344818115,-4.6286845207214355,-4.042552947998047,-3.539945363998413,-3.1055779457092285,-2.534072160720825,-1.8339993953704834,-1.0700945854187012,-0.3449394404888153,0.1537283957004547,0.32449209690093994,0.4089033305644989,0.7408552169799805,1.1472731828689575,1.4041422605514526,0.713456392288208,-1.4024699926376343,-0.32998326420783997,2.068519115447998,1.4583855867385864,-0.01566767320036888,0.014269123785197735,1.3137903213500977,1.0388497114181519,-0.3904102146625519,0.39535269141197205,2.6238200664520264,3.4207441806793213,2.6708567142486572,1.2651246786117554,-0.010365881957113743,-0.9555665850639343,-1.212533712387085,-1.2260991334915161,-1.326933741569519,-0.8730010986328125,0.5510091185569763
