data/wind_data/wind_64_6.json
{"header": {"parameterUnit": "KT", "parameterCategory": 2, "nx": 256, "ny": 198, "lo1": 44.73521041870117, "la1": -3.236724853515625, "lo2": 111.26478576660156, "la2": 43.468475341796875, "dx": 0.2609002888202667, "dy": -0.23708222806453705, "refTime": "2025-02-21 16:00:00", "forecastTime": 0, "parameterNumber": 2, "parameterNumberName": "eastward_wind"}, "data":
[rows 100 to 119 of 198, columns 90 to 134 of 256]
79.92486572265625,79.47444915771484,79.17133331298828,78.87797546386719,78.71759796142578,78.77191925048828,78.80890655517578,78.70893859863281,78.6600112915039,78.9194564819336,79.50053405761719,79.9583969116211,79.93573760986328,79.79578399658203,79.78192901611328,79.65440368652344,79.17505645751953,78.32038879394531,77.57192993164062,77.37433624267578,77.41040802001953,77.33364868164062,77.03330993652344,76.38133239746094,75.73340606689453,75.76663970947266,76.56907653808594,77.7093734741211,78.77465057373047,79.39237213134766,79.36125183105469,78.88729858398438,78.2872314453125,77.9129638671875,78.01422119140625,78.377197265625,78.62759399414062,78.92693328857422,79.62028503417969,80.3880615234375,80.65309143066406,80.4735336303711,80.54462432861328,81.00334167480469,81.41443634033203
80.32633209228516,80.10005950927734,79.89046478271484,79.6146240234375,79.50800323486328,79.7385025024414,80.0025863647461,80.06696319580078,80.08099365234375,80.28426361083984,80.81688690185547,81.38627624511719,81.54305267333984,81.46532440185547,81.39966583251953,81.15076446533203,80.64876556396484,79.84654998779297,78.9651107788086,78.46453857421875,78.28973388671875,78.28784942626953,78.15021514892578,77.50889587402344,76.77208709716797,76.63339233398438,77.23505401611328,78.27263641357422,79.31661987304688,79.99813842773438,80.19314575195312,80.00483703613281,79.56179809570312,79.17576599121094,79.13731384277344,79.26115417480469,79.21495819091797,79.20365905761719,79.71601104736328,80.61454010009766,81.20501708984375,81.17338562011719,81.10562896728516,81.63475799560547,82.39659881591797
80.40194702148438,80.56635284423828,80.48847198486328,80.25861358642578,80.19572448730469,80.46599578857422,80.93558502197266,81.19993591308594,81.12124633789062,81.06713104248047,81.47473907470703,82.21488952636719,82.70750427246094,82.8076400756836,82.6341552734375,82.18692016601562,81.60626983642578,80.80992889404297,79.75950622558594,78.8699722290039,78.47640991210938,78.46454620361328,78.48664093017578,78.29230499267578,78.01605987548828,77.84310150146484,77.89790344238281,78.30804443359375,78.97520446777344,79.64842987060547,80.13681030273438,80.33793640136719,80.22395324707031,80.03504943847656,80.00440979003906,79.97440338134766,79.74517822265625,79.5738525390625,79.92945861816406,80.86151885986328,81.76654815673828,81.97834777832031,81.8084716796875,82.06819915771484,82.84833526611328
79.94727325439453,80.2021255493164,80.09811401367188,80.04625701904297,80.25230407714844,80.5511703491211,80.94482421875,81.24577331542969,81.16966247558594,81.00930786132812,81.362060546875,82.18428039550781,82.81632995605469,83.08937072753906,82.97440338134766,82.33196258544922,81.45934295654297,80.55126190185547,79.53057861328125,78.52446746826172,77.86846160888672,77.69969177246094,77.84330749511719,78.17481994628906,78.5565185546875,78.58271789550781,78.28610229492188,78.13452911376953,78.39147186279297,78.98043823242188,79.64212799072266,80.07980346679688,80.16081237792969,80.09312438964844,80.10681915283203,80.10555267333984,79.96183776855469,79.845947265625,80.09516143798828,80.82787322998047,81.71282196044922,82.06881713867188,81.86837005615234,81.87432861328125,82.46739196777344
78.87081146240234,78.71449279785156,78.3501968383789,78.47359466552734,79.08873748779297,79.67855834960938,79.9913330078125,80.1866226196289,80.3365478515625,80.5004653930664,80.91145324707031,81.6142578125,82.20962524414062,82.74504852294922,82.89407348632812,82.04600524902344,80.8341064453125,79.8458023071289,78.9905014038086,78.28101348876953,77.58446502685547,76.97442626953125,76.83636474609375,77.4199447631836,78.36476135253906,78.74771881103516,78.49790954589844,78.3169174194336,78.52330017089844,79.00532531738281,79.50521850585938,79.81834411621094,79.88514709472656,79.75553131103516,79.60533142089844,79.50204467773438,79.45238494873047,79.45906829833984,79.60177612304688,80.03758239746094,80.62002563476562,80.9419937133789,80.89356231689453,80.95477294921875,81.51040649414062
78.63809204101562,77.81050872802734,76.94802856445312,77.1587142944336,77.95232391357422,78.8488998413086,79.39154052734375,79.62586975097656,79.87670135498047,80.15284729003906,80.4620590209961,81.26007843017578,82.06285858154297,82.61962890625,82.68621063232422,81.95197296142578,80.98294067382812,80.0484619140625,79.11942291259766,78.75174713134766,78.47929382324219,77.45902252197266,76.48410034179688,76.71158599853516,77.90740966796875,78.72264862060547,78.78141021728516,78.87593078613281,79.30207061767578,79.73696899414062,79.91594696044922,79.92544555664062,79.83599090576172,79.49663543701172,78.97335815429688,78.55305480957031,78.40653228759766,78.4353256225586,78.5396728515625,78.83317565917969,79.16087341308594,79.22603607177734,79.19876098632812,79.49334716796875,80.20684051513672
78.47708129882812,77.49244689941406,76.41226196289062,76.6378402709961,77.43069458007812,78.45770263671875,79.21558380126953,79.38066101074219,79.38435363769531,79.37860870361328,79.64273834228516,80.46891021728516,81.11368560791016,81.30606079101562,81.33422088623047,81.25435638427734,80.98917388916016,80.23219299316406,79.09767150878906,78.63321685791016,78.418212890625,76.98352813720703,75.22186279296875,74.9007568359375,76.08342742919922,77.40128326416016,78.07376098632812,78.5523681640625,79.15409851074219,79.65494537353516,79.83378601074219,79.84343719482422,79.7194595336914,79.15021514892578,78.20834350585938,77.36639404296875,76.9794692993164,76.95886993408203,77.12384033203125,77.50764465332031,77.72224426269531,77.3720474243164,76.97661590576172,77.22797393798828,78.11617279052734
74.960693359375,75.37387084960938,75.50614166259766,75.83786010742188,76.5650634765625,77.29235076904297,77.65193939208984,77.52355194091797,77.15484619140625,77.01472473144531,77.39456939697266,78.08171081542969,78.5588150024414,78.84676361083984,79.15656280517578,79.35981750488281,79.30917358398438,78.8425064086914,77.89038848876953,76.97085571289062,76.09964752197266,74.42083740234375,72.32593536376953,71.32891082763672,72.1124496459961,73.83089447021484,75.38904571533203,76.55419158935547,77.40647888183594,77.97563171386719,78.33677673339844,78.5927734375,78.5303955078125,77.79066467285156,76.65694427490234,75.61466217041016,74.93083190917969,74.73812103271484,74.9019775390625,75.29805755615234,75.37937927246094,74.64142608642578,73.94500732421875,74.33087158203125,75.43340301513672
75.11911010742188,75.62971496582031,75.5801773071289,75.30342102050781,75.36714935302734,75.6761703491211,75.66586303710938,75.27808380126953,74.98011016845703,75.00567626953125,75.38475036621094,75.99879455566406,76.51227569580078,76.94306945800781,77.30642700195312,77.42564392089844,77.33756256103516,76.92394256591797,76.17413330078125,75.26209259033203,74.20223999023438,73.00381469726562,71.45024108886719,69.87454223632812,69.42802429199219,70.50958251953125,72.16014862060547,73.50499725341797,74.4027099609375,74.99251556396484,75.3898696899414,75.71696472167969,75.70304870605469,74.98143768310547,73.99148559570312,73.10315704345703,72.16834259033203,71.5670394897461,71.61576080322266,71.9941177368164,72.00788116455078,71.29499053955078,70.70975494384766,71.35013580322266,72.69730377197266
75.30213165283203,75.39274597167969,74.90476989746094,74.06143188476562,73.63407135009766,73.66484069824219,73.67250061035156,73.61117553710938,73.85274505615234,74.25676727294922,74.51636505126953,74.71024322509766,75.13591766357422,75.8568115234375,76.55799865722656,76.79129791259766,76.49436950683594,75.68428802490234,74.67072296142578,73.87078857421875,73.16564178466797,72.40913391113281,71.25865173339844,69.40409088134766,67.8947982788086,67.95282745361328,69.11073303222656,70.27117156982422,71.11241149902344,71.69915008544922,71.9815444946289,72.04755401611328,71.94694519042969,71.56917572021484,71.12403106689453,70.6466064453125,69.71573638916016,68.77782440185547,68.61990356445312,68.98035430908203,69.05425262451172,68.63777160644531,68.3258056640625,68.9131088256836,70.20709228515625
74.18534088134766,73.29488372802734,72.44258117675781,71.91059875488281,71.98949432373047,72.51085662841797,73.15898895263672,73.57532501220703,73.57305908203125,73.3243408203125,73.12152099609375,73.15418243408203,73.56324768066406,74.3919677734375,75.27693176269531,75.76325988769531,75.69738006591797,74.98507690429688,73.90206909179688,73.02352905273438,72.33447265625,71.6105728149414,70.408935546875,68.36922454833984,66.51618957519531,66.06156158447266,66.7374038696289,67.6745834350586,68.48271179199219,69.01992797851562,69.1171646118164,68.95429229736328,68.87215423583984,68.93233489990234,68.93984985351562,68.68363189697266,68.08931732177734,67.42054748535156,67.23448944091797,67.52774047851562,67.62039184570312,67.27452850341797,66.99441528320312,67.31765747070312,68.26194763183594
72.67523956298828,70.93106842041016,69.80136108398438,69.48222351074219,69.85940551757812,70.66390991210938,71.46318817138672,71.90947723388672,71.98377990722656,71.900634765625,71.87144470214844,72.05609893798828,72.49303436279297,73.15892791748047,73.82768249511719,74.29007720947266,74.45086669921875,74.02559661865234,73.0710678100586,72.16849517822266,71.46562957763672,70.68834686279297,69.44658660888672,67.55485534667969,65.85993194580078,65.25037384033203,65.54663848876953,66.13301086425781,66.66263580322266,67.03182983398438,67.16146087646484,67.19957733154297,67.33642578125,67.4430160522461,67.38343048095703,67.22696685791016,67.14431762695312,67.18302154541016,67.28108215332031,67.3335952758789,67.10734558105469,66.61038970947266,66.31439208984375,66.475830078125,66.94932556152344
73.54296875,71.75988006591797,69.99057006835938,69.12665557861328,69.23843383789062,69.85160827636719,70.34244537353516,70.50338745117188,70.5610122680664,70.6653060913086,70.76116180419922,70.99127960205078,71.46820068359375,72.0051498413086,72.45024871826172,72.82621002197266,73.11034393310547,72.94415283203125,72.15798950195312,71.21550750732422,70.49061584472656,69.78944396972656,68.65967559814453,66.98341369628906,65.43505859375,64.81818389892578,65.04634857177734,65.37576293945312,65.4722671508789,65.56209564208984,65.8104248046875,66.17958068847656,66.44407653808594,66.36209106445312,66.1797103881836,66.38011932373047,66.87505340576172,67.31546020507812,67.51241302490234,67.28304290771484,66.64189910888672,65.94112396240234,65.56484985351562,65.55854034423828,65.7112808227539
73.10020446777344,71.52303314208984,70.08758544921875,69.60546875,69.90802764892578,70.22211456298828,70.16925048828125,70.032958984375,69.89227294921875,69.66443634033203,69.49779510498047,69.6122055053711,70.05628967285156,70.64131164550781,71.21607208251953,71.67340850830078,71.91651153564453,71.81024169921875,71.24138641357422,70.38956451416016,69.6185302734375,68.99159240722656,68.11430358886719,66.8207015991211,65.55883026123047,64.95262145996094,65.01471710205078,65.08427429199219,64.93773651123047,64.91815948486328,65.15817260742188,65.448486328125,65.54399871826172,65.42570495605469,65.47210693359375,66.10366821289062,66.98954010009766,67.52395629882812,67.50298309326172,66.92994689941406,65.99732208251953,65.21956634521484,64.82792663574219,64.73033905029297,64.78346252441406
72.18586730957031,71.69371032714844,70.97496032714844,70.60273742675781,70.71255493164062,70.73902893066406,70.506591796875,70.27055358886719,69.8023910522461,69.0679931640625,68.54865264892578,68.55000305175781,69.04743194580078,69.73878479003906,70.36286163330078,70.82772827148438,71.06084442138672,71.0033187866211,70.609130859375,69.85383605957031,68.98968505859375,68.3620376586914,67.72218322753906,66.73353576660156,65.694091796875,65.10907745361328,65.00213623046875,64.986083984375,64.94215393066406,64.95353698730469,64.94412231445312,64.8651351928711,64.80499267578125,64.86585235595703,65.2181625366211,65.98713684082031,66.85719299316406,67.3726806640625,67.23746490478516,66.44739532470703,65.4307861328125,64.72734832763672,64.43592071533203,64.39839172363281,64.43041229248047
70.92513275146484,70.73926544189453,70.62653350830078,70.98616027832031,71.49980926513672,71.54288482666016,71.22235107421875,70.845947265625,70.04859161376953,69.01029205322266,68.35458374023438,68.16553497314453,68.42008209228516,68.90605926513672,69.3380126953125,69.77542877197266,70.18448638916016,70.30460357666016,69.977294921875,69.23548889160156,68.42913055419922,67.93638610839844,67.50044250488281,66.63665771484375,65.53633117675781,64.85792541503906,64.83132934570312,65.10418701171875,65.28504180908203,65.1523208618164,64.77481079101562,64.45797729492188,64.39878845214844,64.61785888671875,65.04891967773438,65.6124267578125,66.18573760986328,66.58389282226562,66.54685974121094,65.93026733398438,65.037841796875,64.3570785522461,64.13211059570312,64.1153793334961,63.96651840209961
69.57282257080078,69.7970199584961,70.45734405517578,71.40489196777344,72.12964630126953,72.15193939208984,71.61624145507812,71.06859588623047,70.35523223876953,69.45968627929688,68.82504272460938,68.47560119628906,68.34093475341797,68.34652709960938,68.4782943725586,68.90695190429688,69.4850845336914,69.76692199707031,69.48455810546875,68.81397247314453,68.13296508789062,67.73341369628906,67.35943603515625,66.49126434326172,65.30323028564453,64.63301086425781,64.82247161865234,65.37513732910156,65.60457611083984,65.20196533203125,64.52345275878906,64.11992645263672,64.15193939208984,64.41360473632812,64.63697052001953,64.84505462646484,65.20280456542969,65.61849975585938,65.77587127685547,65.47402954101562,64.77154541015625,63.9886360168457,63.493873596191406,63.30556106567383,63.19364929199219
67.96250915527344,68.7450942993164,70.0675277709961,71.37129211425781,72.23234558105469,72.32990264892578,71.73575592041016,71.13934326171875,70.6430435180664,69.94636535644531,69.38892364501953,69.13826751708984,68.7630615234375,68.20238494873047,68.04631042480469,68.54391479492188,69.2746810913086,69.66382598876953,69.4526596069336,68.8594741821289,68.24681854248047,67.8127670288086,67.30374145507812,66.3672103881836,65.2950668334961,64.7789306640625,65.02920532226562,65.49091339111328,65.47218322753906,64.87458801269531,64.18867492675781,63.867794036865234,63.95152282714844,64.11949920654297,64.09866333007812,64.09759521484375,64.47115325927734,65.04010772705078,65.30198669433594,65.0444564819336,64.32051086425781,63.362545013427734,62.639862060546875,62.48477554321289,62.78306579589844
66.91461181640625,68.02635955810547,69.7208023071289,71.25598907470703,72.22967529296875,72.39794158935547,71.75859832763672,71.00792694091797,70.492919921875,69.90441131591797,69.44770812988281,69.36121368408203,69.01189422607422,68.27417755126953,68.04209899902344,68.61283874511719,69.40819549560547,69.79378509521484,69.56444549560547,69.08319091796875,68.67338562011719,68.21501922607422,67.38842010498047,66.36331176757812,65.61573028564453,65.34950256347656,65.41426849365234,65.38839721679688,65.00823974609375,64.4139404296875,63.959354400634766,63.806941986083984,63.857181549072266,63.892269134521484,63.81644058227539,63.850833892822266,64.29254150390625,64.85081481933594,64.94412994384766,64.3379898071289,63.3010368347168,62.339088439941406,61.90864944458008,62.15994644165039,62.886661529541016
66.43785095214844,67.75818634033203,69.47894287109375,70.9947738647461,72.06808471679688,72.33027648925781,71.63648223876953,70.63331604003906,69.88914489746094,69.32002258300781,68.93889617919922,68.85710144042969,68.68212890625,68.20391082763672,68.09503936767578,68.67240905761719,69.31478881835938,69.41435241699219,69.06952667236328,68.94184112548828,69.00296783447266,68.59642028808594,67.55989074707031,66.65046691894531,66.26831817626953,66.05066680908203,65.73403930664062,65.39244842529297,65.04215240478516,64.64836120605469,64.30278015136719,64.12612915039062,64.06029510498047,63.91065216064453,63.69637680053711,63.68996810913086,63.99229431152344,64.19901275634766,63.848106384277344,62.92279052734375,61.97220230102539,61.576148986816406,61.861366271972656,62.519954681396484,63.2531852722168
