data/wind_data/wind_32_1.json
{"header": {"parameterUnit": "KT", "parameterCategory": 2, "nx": 256, "ny": 198, "lo1": 44.73521041870117, "la1": -3.236724853515625, "lo2": 111.26478576660156, "la2": 43.468475341796875, "dx": 0.2609002888202667, "dy": -0.23708222806453705, "refTime": "2025-02-20 08:00:00", "forecastTime": 0, "parameterNumber": 2, "parameterNumberName": "eastward_wind"}, "data":
[rows 19 to 37 of 198, columns 0 to 42 of 256]
-15.023567199707031,-15.355754852294922,-17.966495513916016,-17.070711135864258,-14.05703067779541,-15.202720642089844,-14.023138999938965,-12.248538970947266,-12.81868839263916,-12.846817970275879,-13.694708824157715,-12.285490989685059,-11.05795955657959,-11.764315605163574,-12.767768859863281,-12.869074821472168,-11.643074035644531,-10.730318069458008,-11.154900550842285,-10.884352684020996,-10.499114036560059,-10.878992080688477,-10.726483345031738,-9.583480834960938,-9.357768058776855,-10.209418296813965,-9.771200180053711,-7.9918413162231445,-8.416783332824707,-11.856801986694336,-12.244270324707031,-10.476311683654785,-8.804220199584961,-8.639389038085938,-8.754327774047852,-11.2515230178833,-13.271814346313477,-12.50117301940918,-11.805908203125,-10.6182861328125,-8.056037902832031,-8.007055282592773,-12.649402618408203
-11.44246768951416,-13.613302230834961,-15.771981239318848,-16.746078491210938,-14.280217170715332,-12.761920928955078,-14.369917869567871,-10.785163879394531,-13.419198989868164,-12.098420143127441,-12.883081436157227,-11.828224182128906,-11.826689720153809,-13.017931938171387,-12.843926429748535,-11.680262565612793,-10.325423240661621,-10.314623832702637,-10.802480697631836,-10.07946491241455,-9.368119239807129,-8.892973899841309,-8.593209266662598,-9.12531852722168,-11.070720672607422,-11.745232582092285,-9.10421371459961,-8.131959915161133,-10.055150985717773,-12.898201942443848,-12.618273735046387,-9.913294792175293,-8.249929428100586,-8.569714546203613,-9.033454895019531,-9.197938919067383,-12.463641166687012,-13.717185974121094,-13.244723320007324,-9.919219017028809,-8.981817245483398,-7.703628063201904,-11.602165222167969
-11.549332618713379,-13.102602005004883,-13.58855152130127,-14.414872169494629,-16.142606735229492,-10.570554733276367,-16.30880355834961,-10.839743614196777,-14.39884090423584,-12.064881324768066,-12.448966026306152,-11.014386177062988,-12.456284523010254,-12.997171401977539,-12.342802047729492,-10.9641695022583,-10.24239730834961,-11.593005180358887,-10.917360305786133,-8.390708923339844,-6.698667526245117,-5.2744269371032715,-5.292998790740967,-9.33796501159668,-12.691217422485352,-10.543347358703613,-7.370703220367432,-9.483378410339355,-12.931002616882324,-13.328276634216309,-11.451135635375977,-9.894630432128906,-8.957900047302246,-8.057320594787598,-8.576854705810547,-12.106464385986328,-13.82650089263916,-11.933871269226074,-13.826616287231445,-11.225083351135254,-8.667927742004395,-8.584925651550293,-9.312379837036133
-12.424971580505371,-12.42225456237793,-12.55733585357666,-14.345246315002441,-14.08790111541748,-9.224745750427246,-18.194194793701172,-11.208586692810059,-15.041077613830566,-11.546567916870117,-12.555201530456543,-10.699132919311523,-12.100568771362305,-12.40905475616455,-12.331738471984863,-12.530315399169922,-12.807775497436523,-12.01392936706543,-10.13524341583252,-7.486917018890381,-6.052403450012207,-6.421566009521484,-9.579084396362305,-12.50106143951416,-11.564760208129883,-8.144158363342285,-8.571237564086914,-12.982953071594238,-13.984137535095215,-11.276494026184082,-8.739590644836426,-8.675193786621094,-9.757428169250488,-8.985877990722656,-9.476863861083984,-13.436504364013672,-12.774469375610352,-10.657691955566406,-11.90274429321289,-10.871699333190918,-7.045942306518555,-6.688769340515137,-8.24705982208252
-13.130846977233887,-13.137908935546875,-12.46825122833252,-14.17910385131836,-15.7254638671875,-9.616907119750977,-17.960948944091797,-9.981890678405762,-15.099730491638184,-10.073502540588379,-12.212298393249512,-11.963254928588867,-12.979521751403809,-12.376197814941406,-11.661328315734863,-11.087667465209961,-11.455768585205078,-11.715863227844238,-10.951883316040039,-9.152137756347656,-8.055482864379883,-9.370684623718262,-12.595993995666504,-12.321885108947754,-9.490547180175781,-8.743794441223145,-12.061644554138184,-14.790640830993652,-13.1115083694458,-8.712160110473633,-6.2335920333862305,-8.504256248474121,-10.572980880737305,-8.589869499206543,-9.208727836608887,-11.11259937286377,-10.223247528076172,-11.481348037719727,-13.133670806884766,-10.415777206420898,-7.405359268188477,-5.5010576248168945,-5.927434921264648
-13.639739036560059,-13.460867881774902,-12.562365531921387,-13.290082931518555,-14.627596855163574,-8.157483100891113,-16.66283416748047,-9.233865737915039,-14.297320365905762,-10.54165267944336,-12.210859298706055,-11.88726806640625,-13.264485359191895,-12.865862846374512,-11.166672706604004,-7.590680122375488,-7.103812217712402,-9.128913879394531,-11.501605987548828,-12.175122261047363,-10.028727531433105,-8.647708892822266,-10.03313159942627,-10.202107429504395,-9.852608680725098,-11.014738082885742,-12.579130172729492,-12.352259635925293,-9.53523063659668,-7.237664222717285,-9.889856338500977,-13.16185188293457,-10.526982307434082,-8.292574882507324,-8.233491897583008,-7.760727882385254,-11.78332233428955,-14.577289581298828,-12.825552940368652,-9.57925796508789,-5.9416961669921875,-5.513838768005371,-9.144455909729004
-12.34627914428711,-13.086175918579102,-12.380583763122559,-13.004277229309082,-13.776298522949219,-7.638192176818848,-15.785523414611816,-9.879084587097168,-12.658596992492676,-12.411087036132812,-13.595614433288574,-10.501500129699707,-11.915986061096191,-12.611212730407715,-11.553072929382324,-8.858072280883789,-7.7737250328063965,-8.918009757995605,-11.510313987731934,-13.254972457885742,-10.336714744567871,-6.678954124450684,-7.55766487121582,-10.13350772857666,-11.401079177856445,-11.486959457397461,-9.500503540039062,-7.457885265350342,-6.023979663848877,-7.950260639190674,-13.245354652404785,-12.81660270690918,-8.531760215759277,-8.874320983886719,-8.50385856628418,-9.13193416595459,-14.6500825881958,-14.246633529663086,-10.712604522705078,-8.797577857971191,-7.70359992980957,-9.967053413391113,-10.85976791381836
-11.543432235717773,-12.713397979736328,-12.385287284851074,-12.98859977722168,-13.92609977722168,-8.574073791503906,-15.874377250671387,-9.083550453186035,-12.8484468460083,-10.666303634643555,-13.366984367370605,-9.836214065551758,-9.507349967956543,-10.601325988769531,-12.533112525939941,-12.47258186340332,-11.070115089416504,-11.942816734313965,-13.037965774536133,-11.865066528320312,-9.688776016235352,-7.711622714996338,-9.131979942321777,-11.662757873535156,-12.388298034667969,-10.615233421325684,-7.696426868438721,-6.5877180099487305,-9.06728458404541,-13.321561813354492,-14.352993965148926,-10.508208274841309,-8.469873428344727,-11.319073677062988,-11.05245304107666,-11.62608528137207,-14.340851783752441,-14.332868576049805,-11.480668067932129,-9.072224617004395,-9.688239097595215,-10.813477516174316,-9.183717727661133
-12.231135368347168,-12.72869873046875,-12.42974853515625,-13.32392692565918,-14.968842506408691,-10.303473472595215,-15.02039623260498,-6.893354415893555,-11.213539123535156,-8.569114685058594,-11.077224731445312,-12.267000198364258,-11.639163970947266,-10.379501342773438,-12.964954376220703,-13.278488159179688,-11.673377990722656,-11.74782657623291,-12.642956733703613,-10.628259658813477,-7.660256385803223,-8.711685180664062,-12.130962371826172,-12.553401947021484,-11.301091194152832,-9.10413932800293,-9.08971881866455,-11.020264625549316,-12.760519027709961,-13.55756664276123,-11.332616806030273,-8.677104949951172,-11.200897216796875,-13.20277214050293,-11.064718246459961,-10.013815879821777,-11.590085983276367,-13.435419082641602,-12.750794410705566,-10.079699516296387,-8.673731803894043,-9.538044929504395,-10.403450012207031
-12.743268966674805,-12.561190605163574,-12.414149284362793,-14.074240684509277,-16.07826042175293,-10.673219680786133,-12.812488555908203,-5.740291118621826,-9.326066017150879,-7.531524181365967,-10.4444580078125,-12.935011863708496,-14.495333671569824,-10.293327331542969,-9.946215629577637,-10.237248420715332,-10.81550121307373,-10.871391296386719,-11.375709533691406,-9.654792785644531,-8.7192964553833,-10.911908149719238,-13.087748527526855,-11.489035606384277,-8.765296936035156,-8.582901954650879,-10.398492813110352,-12.980193138122559,-11.561667442321777,-9.908602714538574,-8.761337280273438,-10.189413070678711,-12.908024787902832,-12.528938293457031,-10.067631721496582,-8.22513198852539,-9.402713775634766,-11.894285202026367,-12.2616605758667,-9.557390213012695,-6.992905139923096,-8.041543006896973,-12.185646057128906
-12.640705108642578,-12.517912864685059,-12.506924629211426,-15.053040504455566,-15.956177711486816,-8.70454216003418,-10.646928787231445,-7.340957164764404,-10.616641998291016,-9.04615592956543,-11.221065521240234,-12.70734691619873,-14.406208038330078,-9.341426849365234,-6.3540496826171875,-7.742938995361328,-12.905119895935059,-14.180472373962402,-9.233598709106445,-5.956385135650635,-8.965428352355957,-13.262974739074707,-12.17261791229248,-7.565099716186523,-5.96108865737915,-8.172889709472656,-11.324631690979004,-11.821812629699707,-8.406417846679688,-7.195849895477295,-10.75699234008789,-13.161962509155273,-10.601279258728027,-9.460373878479004,-9.583182334899902,-10.534920692443848,-11.069527626037598,-10.244735717773438,-11.510790824890137,-11.166321754455566,-8.137252807617188,-7.704809665679932,-11.440923690795898
-12.364459991455078,-12.38239860534668,-12.694153785705566,-15.556771278381348,-15.592697143554688,-7.221383571624756,-9.498589515686035,-7.306967735290527,-9.868450164794922,-8.585997581481934,-10.603978157043457,-11.061751365661621,-11.190333366394043,-10.527936935424805,-9.11990737915039,-10.936224937438965,-14.222372055053711,-13.758330345153809,-8.685894966125488,-6.368614196777344,-7.86201286315918,-12.145662307739258,-11.890965461730957,-5.968057632446289,-4.219509124755859,-11.05974006652832,-12.073237419128418,-7.616640090942383,-6.639805793762207,-10.060526847839355,-12.001468658447266,-11.27565860748291,-8.082196235656738,-7.862374305725098,-8.776013374328613,-11.108325958251953,-12.10619831085205,-11.409722328186035,-11.940638542175293,-10.428923606872559,-7.85868501663208,-8.035160064697266,-11.353816986083984
-12.215118408203125,-12.373053550720215,-12.85807991027832,-16.048809051513672,-15.551423072814941,-7.448821067810059,-10.236800193786621,-6.770212173461914,-9.581348419189453,-8.517062187194824,-9.825754165649414,-8.951224327087402,-8.985998153686523,-10.013126373291016,-12.986879348754883,-11.986554145812988,-12.05401611328125,-10.697345733642578,-10.742669105529785,-11.012447357177734,-10.23888874053955,-9.75853443145752,-9.771893501281738,-9.381902694702148,-9.602057456970215,-11.884411811828613,-11.27122974395752,-7.850797176361084,-9.659442901611328,-12.696701049804688,-11.213250160217285,-7.773622035980225,-8.041585922241211,-10.65393352508545,-10.340442657470703,-7.834864139556885,-11.575201988220215,-13.679403305053711,-11.321575164794922,-9.647475242614746,-8.016501426696777,-8.065353393554688,-9.899324417114258
-12.218984603881836,-12.84439754486084,-13.639840126037598,-15.716002464294434,-15.071503639221191,-7.502007484436035,-11.115189552307129,-6.090640068054199,-8.909965515136719,-7.347383499145508,-8.787084579467773,-9.248083114624023,-10.427943229675293,-11.689743041992188,-12.988540649414062,-10.216771125793457,-8.933348655700684,-9.023385047912598,-12.396099090576172,-13.045632362365723,-11.021407127380371,-8.648005485534668,-7.140539169311523,-9.556251525878906,-11.174925804138184,-9.21098804473877,-10.532601356506348,-10.564305305480957,-10.892349243164062,-11.369847297668457,-10.866448402404785,-9.520730018615723,-9.721962928771973,-11.535612106323242,-12.605013847351074,-7.689258575439453,-6.959038734436035,-12.660392761230469,-14.005250930786133,-10.683295249938965,-8.137970924377441,-10.264357566833496,-11.391547203063965
-12.30673885345459,-14.005906105041504,-14.843077659606934,-14.871211051940918,-14.060198783874512,-6.6532883644104,-10.293445587158203,-4.782822132110596,-8.710104942321777,-8.530814170837402,-11.24360179901123,-10.279623985290527,-10.124520301818848,-10.833595275878906,-11.098251342773438,-10.648719787597656,-11.58796215057373,-12.328357696533203,-11.787186622619629,-9.782576560974121,-9.644625663757324,-9.047674179077148,-9.0924072265625,-9.364485740661621,-9.840917587280273,-7.410202980041504,-9.275772094726562,-11.529955863952637,-10.455934524536133,-7.9600114822387695,-10.257087707519531,-10.930120468139648,-9.266419410705566,-10.601591110229492,-13.11756706237793,-9.789108276367188,-6.006848335266113,-8.356412887573242,-13.478340148925781,-11.921039581298828,-8.778956413269043,-12.281047821044922,-13.354313850402832
-12.551472663879395,-14.898832321166992,-15.594124794006348,-14.32947063446045,-13.245588302612305,-6.254552364349365,-9.944551467895508,-5.186428070068359,-9.089469909667969,-11.64185905456543,-13.304840087890625,-11.358416557312012,-10.495380401611328,-9.588224411010742,-10.568607330322266,-12.473479270935059,-14.534387588500977,-11.597414016723633,-11.1515531539917,-6.949599266052246,-6.488875865936279,-11.915999412536621,-12.191780090332031,-9.054230690002441,-8.930564880371094,-7.997546195983887,-7.581985950469971,-9.58340072631836,-13.15141773223877,-10.800031661987305,-6.451572418212891,-7.596429347991943,-12.302674293518066,-11.937604904174805,-10.001314163208008,-8.620182037353516,-10.433698654174805,-9.213369369506836,-9.720536231994629,-10.17431354522705,-11.749543190002441,-12.820537567138672,-12.173406600952148
-12.866443634033203,-15.484443664550781,-16.297290802001953,-14.273107528686523,-13.079833984375,-6.031963348388672,-11.428370475769043,-5.342763423919678,-9.475990295410156,-10.41993236541748,-11.90031909942627,-9.839411735534668,-9.819436073303223,-11.550683975219727,-11.68096923828125,-13.01686954498291,-14.819396018981934,-11.435379981994629,-9.93060302734375,-7.815986633300781,-7.084123611450195,-8.882346153259277,-10.926691055297852,-7.412881851196289,-4.098631381988525,-7.689545631408691,-10.580851554870605,-10.656891822814941,-9.418013572692871,-9.661608695983887,-7.053668022155762,-9.63378620147705,-14.67186450958252,-11.655861854553223,-7.9437713623046875,-11.170892715454102,-13.001562118530273,-10.245146751403809,-9.570680618286133,-9.949952125549316,-11.15200424194336,-13.665107727050781,-11.98923397064209
-12.669517517089844,-15.284372329711914,-16.072505950927734,-14.172245025634766,-12.632546424865723,-6.3530097007751465,-10.36442756652832,-5.683839321136475,-8.212041854858398,-6.983160972595215,-9.381220817565918,-7.298745632171631,-9.160019874572754,-9.940958023071289,-9.759553909301758,-9.280571937561035,-12.42402172088623,-13.487771987915039,-9.128477096557617,-6.907950401306152,-7.1006646156311035,-9.663884162902832,-10.674158096313477,-7.310244083404541,-5.291039943695068,-9.70654010772705,-12.478901863098145,-8.287187576293945,-3.3728444576263428,-7.199720859527588,-12.575445175170898,-12.703553199768066,-12.235005378723145,-11.236021995544434,-8.858865737915039,-11.014876365661621,-14.400782585144043,-11.993179321289062,-9.531917572021484,-10.145524978637695,-11.028959274291992,-13.138553619384766,-12.319336891174316
-12.329815864562988,-14.412576675415039,-14.943085670471191,-13.9863920211792,-11.702035903930664,-3.64642071723938,-8.32319450378418,-4.979841232299805,-9.698952674865723,-7.014085292816162,-7.751425743103027,-6.882819175720215,-7.588986396789551,-9.182355880737305,-8.588545799255371,-7.094884395599365,-10.071596145629883,-13.189570426940918,-10.910120010375977,-8.141180992126465,-8.728784561157227,-12.958492279052734,-12.668932914733887,-8.682782173156738,-8.73654842376709,-11.449187278747559,-10.00692367553711,-4.493070125579834,-5.27160120010376,-10.997130393981934,-12.006902694702148,-9.22649097442627,-11.503866195678711,-11.842576026916504,-8.699606895446777,-8.761944770812988,-13.884947776794434,-12.992095947265625,-10.059720993041992,-11.721769332885742,-10.855549812316895,-9.309496879577637,-10.479288101196289
