data/wind_data/wind_7_7.json
{"header": {"parameterUnit": "KT", "parameterCategory": 2, "nx": 256, "ny": 198, "lo1": 44.73521041870117, "la1": -3.236724853515625, "lo2": 111.26478576660156, "la2": 43.468475341796875, "dx": 0.2609002888202667, "dy": -0.23708222806453705, "refTime": "2025-02-19 07:00:00", "forecastTime": 0, "parameterNumber": 2, "parameterNumberName": "eastward_wind"}, "data":
[rows 40 to 59 of 198, columns 44 to 87 of 256]
-4.615029811859131,-4.596863746643066,-4.538087368011475,-4.675600528717041,-5.261717796325684,-5.650937080383301,-5.385133743286133,-4.786442279815674,-4.288678169250488,-4.2016072273254395,-4.897690773010254,-6.2585272789001465,-7.024416446685791,-6.715218544006348,-5.8816142082214355,-5.177905082702637,-5.01845121383667,-5.438957214355469,-6.201010704040527,-6.922746181488037,-7.678561210632324,-8.47498607635498,-9.066132545471191,-9.047831535339355,-8.630117416381836,-8.333578109741211,-7.957645893096924,-7.059854984283447,-6.247443199157715,-6.087862491607666,-5.55083703994751,-4.9182891845703125,-4.593328952789307,-4.276622295379639,-4.438570022583008,-4.82592248916626,-5.671365737915039,-6.456508636474609,-6.881850242614746,-6.994296550750732,-7.272094249725342,-7.7660346031188965,-7.4310526847839355,-6.060990810394287
-4.118011951446533,-4.213761806488037,-4.3442277908325195,-4.48489236831665,-5.094076633453369,-5.956202030181885,-6.43703031539917,-6.07018518447876,-5.338923454284668,-5.1138176918029785,-5.634117603302002,-6.412382125854492,-6.744468688964844,-6.044396877288818,-5.022531509399414,-4.5044941902160645,-4.641891002655029,-5.248640060424805,-6.217860698699951,-7.4595866203308105,-9.015510559082031,-10.124427795410156,-10.521955490112305,-10.50407600402832,-9.84200382232666,-8.766921043395996,-7.795112133026123,-6.90526819229126,-6.205775737762451,-6.051953315734863,-6.030831336975098,-5.617221355438232,-5.045107364654541,-4.563919544219971,-4.403461456298828,-4.383749008178711,-4.295009613037109,-4.803506851196289,-5.832077980041504,-6.394201278686523,-6.115880966186523,-6.4132890701293945,-6.886186122894287,-5.831260681152344
-4.22855281829834,-3.865809202194214,-3.7065589427948,-3.7824130058288574,-4.288544178009033,-4.987918853759766,-5.4460320472717285,-5.549966812133789,-5.729888916015625,-6.046375751495361,-6.108327388763428,-5.818059921264648,-5.315072536468506,-4.6118011474609375,-4.311642646789551,-4.947175025939941,-6.2066545486450195,-6.934183120727539,-7.020392894744873,-7.658231258392334,-8.866641998291016,-9.313163757324219,-9.237547874450684,-9.291946411132812,-8.941967964172363,-8.094718933105469,-7.209960460662842,-6.276496887207031,-5.498080730438232,-5.4047746658325195,-5.601712226867676,-5.505884170532227,-5.168146133422852,-4.855855941772461,-4.655948638916016,-4.121149063110352,-3.391439914703369,-3.67830753326416,-4.743467807769775,-5.477843284606934,-4.9476847648620605,-4.478271007537842,-5.3000688552856445,-5.491602420806885
-4.715114116668701,-3.993927240371704,-3.481790781021118,-3.414889097213745,-3.7466354370117188,-4.129025459289551,-4.417724132537842,-4.8812127113342285,-5.679058074951172,-6.261823654174805,-6.271448612213135,-5.577878952026367,-4.624030113220215,-4.280738830566406,-5.053088665008545,-6.773050785064697,-8.557479858398438,-8.811545372009277,-7.619365215301514,-7.022353649139404,-7.429943084716797,-7.583943843841553,-7.542456150054932,-7.508724689483643,-7.325433731079102,-7.002757549285889,-6.675405979156494,-5.9893317222595215,-5.061827659606934,-4.704553604125977,-4.747946262359619,-4.55320405960083,-4.300548553466797,-4.292140483856201,-4.3922553062438965,-3.797333002090454,-2.845149278640747,-2.8665783405303955,-3.619647264480591,-4.320359706878662,-4.125969409942627,-3.192493438720703,-3.0547728538513184,-3.9094672203063965
-4.647429466247559,-4.3467936515808105,-3.54630708694458,-2.9609508514404297,-2.9666216373443604,-3.29300594329834,-3.70764422416687,-4.260272026062012,-4.975276470184326,-5.3635029792785645,-5.242722988128662,-4.633019924163818,-4.060637474060059,-4.298274993896484,-5.36746072769165,-6.704721450805664,-7.685013294219971,-7.441022872924805,-6.139832019805908,-5.446816444396973,-5.8349995613098145,-6.281758785247803,-6.296923637390137,-5.950533390045166,-5.692923069000244,-5.763179302215576,-6.051407814025879,-6.022694110870361,-5.332335948944092,-4.607634544372559,-4.371709823608398,-3.909196615219116,-3.2363693714141846,-3.104107618331909,-3.42472505569458,-3.2270588874816895,-2.506702423095703,-2.1506471633911133,-2.499467372894287,-3.0750062465667725,-3.4067609310150146,-2.8292691707611084,-1.5143611431121826,-1.7386683225631714
-3.827030658721924,-4.505390644073486,-4.028661727905273,-3.1606123447418213,-2.579104423522949,-2.292341709136963,-2.4116156101226807,-3.0423543453216553,-3.7689106464385986,-4.0878095626831055,-4.134891510009766,-3.924778938293457,-3.7838871479034424,-3.988447427749634,-4.389087200164795,-4.68855619430542,-4.548680305480957,-4.0852274894714355,-3.715806484222412,-3.8579840660095215,-4.513254165649414,-5.090900897979736,-4.880195140838623,-4.2723002433776855,-4.134331226348877,-4.580080509185791,-5.104162216186523,-5.665912628173828,-5.867097854614258,-5.457221508026123,-4.89217472076416,-4.0193705558776855,-2.8672831058502197,-2.2795066833496094,-2.42360520362854,-2.462514877319336,-1.9543533325195312,-1.5564322471618652,-1.64190673828125,-2.080770969390869,-2.5904695987701416,-2.7159578800201416,-1.576890468597412,-0.5945126414299011
-2.1660494804382324,-3.221487522125244,-3.9379589557647705,-3.828409194946289,-3.0902678966522217,-2.329746961593628,-1.9642678499221802,-2.4140703678131104,-2.983201503753662,-2.9598681926727295,-3.0938968658447266,-3.583832025527954,-4.168984889984131,-4.360744476318359,-4.157444477081299,-3.9361298084259033,-3.4582278728485107,-2.661787509918213,-2.386029005050659,-3.0413153171539307,-3.7865867614746094,-4.15237283706665,-3.7758829593658447,-2.995121479034424,-2.9503238201141357,-3.708108901977539,-4.2218756675720215,-4.634796619415283,-5.426755905151367,-5.838512420654297,-5.381914138793945,-4.376835823059082,-3.07651424407959,-2.2354395389556885,-2.184661626815796,-2.0401997566223145,-1.300382375717163,-0.8100303411483765,-0.9413875937461853,-1.3758283853530884,-1.8070727586746216,-2.1570241451263428,-1.9414385557174683,-0.7505437731742859
-1.090914249420166,-1.0978049039840698,-1.7605661153793335,-2.427025318145752,-2.352003574371338,-2.036043643951416,-1.9618998765945435,-2.279998779296875,-2.531580686569214,-2.123627185821533,-1.9887754917144775,-2.827557325363159,-4.240944862365723,-4.946488380432129,-4.523514270782471,-3.7047219276428223,-2.899609088897705,-2.029362678527832,-1.5101752281188965,-2.1927363872528076,-3.232158660888672,-3.7961623668670654,-3.7682154178619385,-3.219456434249878,-2.9741954803466797,-3.319647789001465,-3.6609833240509033,-3.5322790145874023,-3.9509096145629883,-4.832413673400879,-4.968859672546387,-4.547991752624512,-3.696441411972046,-2.833228588104248,-2.376016139984131,-1.830525517463684,-1.0666394233703613,-0.5988060235977173,-0.7278702259063721,-0.8851980566978455,-0.9999138712882996,-1.162149429321289,-1.3101840019226074,-0.7682445049285889
-0.541105329990387,0.34963715076446533,0.8856930732727051,0.7279097437858582,0.48422613739967346,-0.10462599247694016,-0.9809643030166626,-1.3625104427337646,-1.2584487199783325,-0.7586513161659241,-0.5153140425682068,-1.3311339616775513,-2.968431234359741,-4.393256664276123,-4.693406581878662,-4.029879093170166,-3.015192985534668,-1.9825292825698853,-1.1546854972839355,-0.954249918460846,-1.6309584379196167,-2.57462739944458,-3.1875364780426025,-3.4032187461853027,-3.424172878265381,-3.2904300689697266,-3.2549355030059814,-3.0572633743286133,-3.1135175228118896,-3.776620388031006,-4.037683010101318,-4.076541900634766,-3.6704280376434326,-2.7887990474700928,-1.9003050327301025,-1.1959706544876099,-0.8854620456695557,-0.7448937296867371,-0.7394879460334778,-0.4479767978191376,-0.023957334458827972,0.02397335134446621,-0.17789092659950256,-0.045230682939291
-0.14515820145606995,0.3894720673561096,1.1486358642578125,1.9499746561050415,2.3737099170684814,1.6972458362579346,0.7075724601745605,0.5258018374443054,1.0047826766967773,1.561820387840271,1.7180966138839722,1.0483266115188599,-0.2231697142124176,-1.7500687837600708,-2.9756596088409424,-3.5126075744628906,-3.263796806335449,-2.637458562850952,-1.9469207525253296,-1.0224254131317139,-0.5222893357276917,-0.9540360569953918,-1.6188727617263794,-2.289149284362793,-2.9474215507507324,-3.341560125350952,-3.4955544471740723,-3.549525499343872,-3.479933977127075,-3.5901341438293457,-3.420163869857788,-3.036165475845337,-2.729856252670288,-2.0142526626586914,-1.021320104598999,-0.20751546323299408,-0.044265348464250565,-0.13921229541301727,-0.29304325580596924,0.029810594394803047,0.7878915667533875,1.208778977394104,1.1112823486328125,1.0297751426696777
-0.7474921345710754,-0.6319608092308044,-0.12004823982715607,0.6307685375213623,1.3923217058181763,1.768276572227478,2.217876434326172,2.81974458694458,3.3504879474639893,3.66617751121521,3.802116870880127,3.439990282058716,2.597287654876709,1.4808018207550049,0.27449753880500793,-0.6575867533683777,-0.8422054648399353,-0.6340036988258362,-0.6560501456260681,-0.7602249979972839,-0.40791356563568115,-0.31001991033554077,-0.6424419283866882,-1.0715961456298828,-1.9082915782928467,-2.983783483505249,-3.6268668174743652,-3.95505690574646,-3.8883590698242188,-3.4263415336608887,-2.876102924346924,-2.1455767154693604,-1.850206971168518,-1.4537736177444458,-0.5843262672424316,0.37177419662475586,0.9828170537948608,1.135532259941101,0.8979290127754211,0.8992505073547363,1.522506594657898,2.1633174419403076,2.300001859664917,2.1275219917297363
-0.21396765112876892,-0.23364078998565674,0.016188589856028557,0.10277394950389862,0.3740745782852173,1.3171519041061401,2.613211154937744,3.666452169418335,4.223523139953613,4.3944010734558105,4.44972562789917,4.433093070983887,4.00288200378418,3.35994291305542,2.8547279834747314,2.506946325302124,2.3292598724365234,2.2270145416259766,1.872063159942627,0.9802868366241455,0.28403493762016296,0.1806233823299408,-0.18773087859153748,-0.4638701379299164,-0.8839683532714844,-1.7287589311599731,-2.223703384399414,-2.453596591949463,-2.6721222400665283,-2.506941556930542,-2.084580898284912,-1.5841487646102905,-1.4321595430374146,-1.4454843997955322,-0.7700237035751343,0.41829714179039,1.4680308103561401,2.06457257270813,2.2108423709869385,2.076850652694702,2.3651468753814697,3.024308681488037,3.363398551940918,3.3859493732452393
0.8087785243988037,1.086208701133728,1.2853063344955444,1.3707395792007446,1.1862823963165283,1.6610747575759888,2.616009473800659,3.257823944091797,3.5036559104919434,3.6257150173187256,3.6839516162872314,3.9404327869415283,4.286380767822266,4.358377933502197,4.483826637268066,4.854276657104492,4.853288650512695,4.290283203125,3.637707233428955,2.8692641258239746,1.6967397928237915,0.9624577760696411,0.27877041697502136,-0.21346846222877502,-0.24282792210578918,-0.1515577733516693,-0.03229183703660965,0.13657109439373016,-0.05210503563284874,-0.573502779006958,-0.9575275182723999,-1.1289359331130981,-1.14652681350708,-1.5101954936981201,-1.2431607246398926,0.07527465373277664,1.4957765340805054,2.3996963500976562,2.8395636081695557,2.9663279056549072,3.212239980697632,3.7763094902038574,4.271127700805664,4.405123233795166
0.9228396415710449,1.5436121225357056,2.348294973373413,2.818143129348755,2.791611671447754,3.088613748550415,3.603876829147339,3.811134099960327,3.5995302200317383,3.3956189155578613,3.393174886703491,3.532604932785034,4.0205888748168945,4.828317642211914,5.692036151885986,6.524717807769775,6.676950931549072,5.830999374389648,4.539793491363525,3.5628366470336914,2.696770429611206,1.8865175247192383,1.133124589920044,0.3131919801235199,-0.008368371054530144,0.37965306639671326,0.9053041338920593,1.3011136054992676,1.5792479515075684,1.404707431793213,0.7183629274368286,-0.17306062579154968,-0.6941459774971008,-1.1425750255584717,-1.3468462228775024,-0.5051306486129761,1.0909247398376465,2.3955159187316895,3.0360288619995117,3.4666028022766113,3.911583662033081,4.311522483825684,4.583014011383057,4.505651473999023
1.0257779359817505,1.9195377826690674,3.140138626098633,3.980609178543091,4.5230865478515625,4.888887882232666,4.591014385223389,4.219268798828125,4.244215488433838,4.297999858856201,4.303408622741699,4.367315769195557,4.516427516937256,5.019088268280029,5.818216323852539,6.628459930419922,6.914700508117676,6.387253284454346,5.3402791023254395,4.116092205047607,3.3204333782196045,2.7694902420043945,2.324568271636963,1.6247190237045288,0.7636662721633911,0.33544984459877014,0.7138211727142334,1.2658854722976685,1.6068624258041382,1.9913028478622437,2.1248691082000732,1.5657355785369873,0.6787146329879761,0.0759909525513649,-0.4238702654838562,-0.4475157856941223,0.5933809280395508,2.0223886966705322,3.1218159198760986,3.8517298698425293,4.299707412719727,4.46661901473999,4.316165924072266,3.934067964553833
2.174743413925171,3.007131814956665,4.104469299316406,5.189007759094238,5.949606895446777,5.968482971191406,5.047415256500244,4.173619270324707,4.292803764343262,4.882444381713867,5.185727596282959,5.215875625610352,5.19070291519165,5.261475086212158,5.400806903839111,5.53447961807251,5.762124061584473,5.872396945953369,5.771897792816162,5.229880332946777,4.484874248504639,3.818309783935547,3.5058088302612305,3.2882165908813477,2.5487918853759766,1.5515316724777222,1.305877685546875,1.676978349685669,1.9044396877288818,2.165886640548706,2.768420457839966,3.1263675689697266,2.8055570125579834,2.3354251384735107,1.9304627180099487,1.5470190048217773,1.6873961687088013,2.3475334644317627,3.251175880432129,3.92671537399292,4.20835542678833,4.299312114715576,4.189356327056885,3.909635305404663
2.983722686767578,3.729571580886841,4.47326135635376,5.357979774475098,6.1025071144104,6.2471795082092285,5.766895294189453,5.1002583503723145,4.98254919052124,5.516967296600342,6.018246173858643,5.941679000854492,5.460721492767334,5.129272937774658,5.040351867675781,4.820969104766846,4.851997375488281,5.3867926597595215,6.07348108291626,6.44547700881958,6.054997444152832,5.0726423263549805,4.531393527984619,4.643716812133789,4.598268508911133,4.027080059051514,3.3999722003936768,3.0752999782562256,3.095468044281006,3.212632656097412,3.500034809112549,3.9436659812927246,4.265653133392334,4.372761249542236,4.442458152770996,4.54250955581665,4.567100524902344,4.427204132080078,4.39182186126709,4.452232360839844,4.326767444610596,4.090303421020508,4.06625509262085,4.25197696685791
3.3512089252471924,3.953643560409546,4.6001105308532715,5.281399250030518,5.937332630157471,6.361793041229248,6.516286849975586,6.52785587310791,6.5883402824401855,6.882832050323486,7.2649149894714355,7.223456859588623,6.476495742797852,5.579039096832275,5.114279270172119,4.775997638702393,4.563476085662842,5.000662326812744,5.990004062652588,6.955026626586914,7.084306240081787,6.228908538818359,5.560091018676758,5.716272354125977,6.065593242645264,6.074153423309326,5.729551315307617,5.153079986572266,4.786357402801514,4.693907737731934,4.658939361572266,4.653994560241699,4.835639476776123,5.210399627685547,5.707916259765625,6.372482776641846,6.826622009277344,6.611149787902832,6.07288122177124,5.691289901733398,5.271615028381348,4.576694965362549,4.00667667388916,4.153731822967529
4.531998157501221,4.65444803237915,5.126415729522705,5.853322505950928,6.523321151733398,7.027493476867676,7.410682678222656,7.770429611206055,8.129624366760254,8.373178482055664,8.502645492553711,8.5270414352417,8.164947509765625,7.261390209197998,6.374870777130127,5.765494346618652,5.192868232727051,5.007257461547852,5.518265247344971,6.375909805297852,7.004953384399414,7.029629230499268,6.8216047286987305,6.939178943634033,7.214979648590088,7.307063102722168,7.153069019317627,6.82867431640625,6.380104064941406,5.968919277191162,5.755108833312988,5.638370037078857,5.616489887237549,5.791319847106934,6.266193389892578,7.024272441864014,7.64995813369751,7.590221405029297,7.089014530181885,6.6590375900268555,6.318063259124756,5.817923545837402,4.968864917755127,4.482825756072998
7.038090705871582,6.80367374420166,6.869945049285889,7.312182903289795,7.845022678375244,8.2648344039917,8.532565116882324,8.79932975769043,9.098386764526367,9.22152042388916,9.155692100524902,9.19166374206543,9.274836540222168,8.92036247253418,8.216176986694336,7.648769855499268,7.066545486450195,6.490900993347168,6.149198532104492,6.1149091720581055,6.569014549255371,7.218285083770752,7.6807661056518555,7.930274963378906,8.04828929901123,8.017109870910645,7.827836513519287,7.539259433746338,7.097744464874268,6.621845722198486,6.432375431060791,6.573798656463623,6.844054698944092,7.025173187255859,7.276820659637451,7.733828067779541,8.146793365478516,8.100034713745117,7.700619697570801,7.3976521492004395,7.28498649597168,7.3104352951049805,6.954498767852783,6.225584983825684
