data/wind_data/wind_27_7.json
{"header": {"parameterUnit": "KT", "parameterCategory": 2, "nx": 256, "ny": 198, "lo1": 44.73521041870117, "la1": -3.236724853515625, "lo2": 111.26478576660156, "la2": 43.468475341796875, "dx": 0.2609002888202667, "dy": -0.23708222806453705, "refTime": "2025-02-20 03:00:00", "forecastTime": 0, "parameterNumber": 2, "parameterNumberName": "eastward_wind"}, "data":
[rows 60 to 79 of 198, columns 44 to 87 of 256]
16.074634552001953,15.58797550201416,15.116043090820312,14.751398086547852,14.56524658203125,14.607555389404297,14.868989944458008,15.273941993713379,15.641822814941406,15.79230785369873,15.65954303741455,15.316649436950684,14.904450416564941,14.542693138122559,14.301358222961426,14.252008438110352,14.398695945739746,14.649479866027832,14.906511306762695,15.115171432495117,15.189226150512695,15.0840482711792,14.921835899353027,14.844315528869629,14.881807327270508,14.955846786499023,14.906097412109375,14.714916229248047,14.445063591003418,14.234073638916016,14.079658508300781,13.98940658569336,13.819578170776367,13.54150390625,13.180517196655273,13.003727912902832,12.997740745544434,13.001224517822266,12.857338905334473,12.519269943237305,12.07901382446289,11.653192520141602,11.258535385131836,10.912498474121094
17.800376892089844,17.371335983276367,16.826099395751953,16.281497955322266,15.887557983398438,15.73803997039795,15.854793548583984,16.198991775512695,16.6104793548584,16.936811447143555,17.049833297729492,16.89370346069336,16.551410675048828,16.176380157470703,15.881569862365723,15.751639366149902,15.845026016235352,16.111209869384766,16.455097198486328,16.817272186279297,17.06802749633789,17.087621688842773,16.88461685180664,16.642738342285156,16.564449310302734,16.658519744873047,16.696775436401367,16.612916946411133,16.381603240966797,16.093921661376953,15.833191871643066,15.646689414978027,15.471363067626953,15.252263069152832,14.960996627807617,14.684612274169922,14.474936485290527,14.340017318725586,14.216036796569824,14.022575378417969,13.69252872467041,13.28039836883545,12.819721221923828,12.391785621643066
19.28118896484375,18.961557388305664,18.534835815429688,18.041181564331055,17.577274322509766,17.216293334960938,17.04245376586914,17.12969207763672,17.450414657592773,17.85496711730957,18.195188522338867,18.337263107299805,18.251253128051758,18.015804290771484,17.75855255126953,17.594646453857422,17.607248306274414,17.80315399169922,18.11822509765625,18.482412338256836,18.784887313842773,18.925430297851562,18.833486557006836,18.63053321838379,18.469392776489258,18.42955780029297,18.42828369140625,18.421871185302734,18.36396026611328,18.176389694213867,17.899038314819336,17.62106704711914,17.353437423706055,17.078081130981445,16.770763397216797,16.477375030517578,16.157791137695312,15.812182426452637,15.507728576660156,15.2883939743042,15.093311309814453,14.815723419189453,14.423308372497559,14.013078689575195
20.554176330566406,20.14225196838379,19.740236282348633,19.373964309692383,19.036911010742188,18.725093841552734,18.45891761779785,18.32706069946289,18.448753356933594,18.813859939575195,19.29109764099121,19.698644638061523,19.904104232788086,19.85359764099121,19.644777297973633,19.478073120117188,19.491798400878906,19.708086013793945,20.02695083618164,20.32912254333496,20.54607391357422,20.663301467895508,20.659624099731445,20.561344146728516,20.427574157714844,20.34490966796875,20.267045974731445,20.19434928894043,20.143911361694336,20.069368362426758,19.928890228271484,19.715499877929688,19.42354965209961,19.04022789001465,18.64984703063965,18.344655990600586,18.0302734375,17.637969970703125,17.21905517578125,16.896957397460938,16.692102432250977,16.457134246826172,16.105670928955078,15.71159553527832
21.760269165039062,21.21319580078125,20.65525245666504,20.238969802856445,20.001047134399414,19.861093521118164,19.70759391784668,19.55607795715332,19.55965232849121,19.841928482055664,20.37216567993164,20.952178955078125,21.364208221435547,21.512754440307617,21.42852020263672,21.27565574645996,21.242267608642578,21.41744041442871,21.73772430419922,22.063892364501953,22.251140594482422,22.327959060668945,22.345895767211914,22.31825828552246,22.216856002807617,22.086135864257812,22.027997970581055,21.992876052856445,21.939640045166016,21.870868682861328,21.832767486572266,21.781112670898438,21.598453521728516,21.202390670776367,20.675296783447266,20.23554229736328,19.96173095703125,19.712629318237305,19.388038635253906,19.001623153686523,18.63920783996582,18.30348014831543,17.947002410888672,17.54282569885254
22.962890625,22.348743438720703,21.84636878967285,21.492097854614258,21.295522689819336,21.197656631469727,21.097980499267578,20.967025756835938,20.879701614379883,20.96769905090332,21.321258544921875,21.87236213684082,22.41910171508789,22.79888153076172,22.953351974487305,22.943368911743164,22.91790199279785,23.00075340270996,23.2041015625,23.458106994628906,23.65282440185547,23.750394821166992,23.798738479614258,23.865570068359375,23.885765075683594,23.82025718688965,23.70911407470703,23.637744903564453,23.640037536621094,23.667715072631836,23.67607879638672,23.630075454711914,23.548967361450195,23.343345642089844,22.99167251586914,22.530460357666016,22.123035430908203,21.838165283203125,21.6415958404541,21.398012161254883,21.017093658447266,20.519824981689453,19.998714447021484,19.528125762939453
24.51911735534668,23.792203903198242,23.293611526489258,23.07878875732422,23.06084632873535,23.081911087036133,23.023279190063477,22.886531829833984,22.744287490844727,22.645435333251953,22.66006851196289,22.858596801757812,23.216432571411133,23.61127281188965,23.91252899169922,24.07203483581543,24.139389038085938,24.228626251220703,24.4140682220459,24.667482376098633,24.893985748291016,25.01970100402832,25.062458038330078,25.12729263305664,25.269071578979492,25.399221420288086,25.408857345581055,25.31978988647461,25.236112594604492,25.208961486816406,25.253522872924805,25.289852142333984,25.27336311340332,25.192481994628906,25.077938079833984,24.897605895996094,24.64903450012207,24.36756134033203,24.093961715698242,23.80821990966797,23.448875427246094,22.984088897705078,22.430002212524414,21.878034591674805
26.022483825683594,25.366193771362305,24.96525764465332,24.86737632751465,24.959501266479492,25.06479835510254,25.085227966308594,25.03313636779785,24.960752487182617,24.861881256103516,24.721834182739258,24.606552124023438,24.621959686279297,24.785581588745117,24.992755889892578,25.122777938842773,25.15006446838379,25.164621353149414,25.302812576293945,25.61931037902832,26.01899528503418,26.33761215209961,26.49754524230957,26.550535202026367,26.63473892211914,26.78888702392578,26.9326171875,26.973892211914062,26.884653091430664,26.71922492980957,26.564271926879883,26.521577835083008,26.586034774780273,26.688264846801758,26.804248809814453,26.920806884765625,26.991695404052734,26.953670501708984,26.7581787109375,26.402572631835938,25.942541122436523,25.425460815429688,24.900714874267578,24.38288688659668
27.03706169128418,26.395584106445312,26.022140502929688,26.036623001098633,26.35453987121582,26.734960556030273,26.9822940826416,27.06744956970215,27.075462341308594,27.04892349243164,26.961551666259766,26.821176528930664,26.716232299804688,26.720001220703125,26.812091827392578,26.88916015625,26.878610610961914,26.796615600585938,26.7723331451416,26.921262741088867,27.244510650634766,27.626020431518555,27.953475952148438,28.189687728881836,28.366910934448242,28.513717651367188,28.61872673034668,28.649351119995117,28.576555252075195,28.39527702331543,28.139020919799805,27.899757385253906,27.785245895385742,27.85533332824707,28.09575653076172,28.433435440063477,28.78103256225586,29.03089714050293,29.070459365844727,28.84566879272461,28.386611938476562,27.783185958862305,27.195261001586914,26.703336715698242
28.463043212890625,28.064743041992188,27.89156150817871,28.019512176513672,28.332181930541992,28.62190818786621,28.717315673828125,28.62969970703125,28.532115936279297,28.551681518554688,28.652996063232422,28.7160701751709,28.68375015258789,28.62332534790039,28.64550018310547,28.760770797729492,28.874385833740234,28.90900993347168,28.919492721557617,29.018583297729492,29.220754623413086,29.444875717163086,29.620643615722656,29.789072036743164,29.999286651611328,30.241891860961914,30.4403018951416,30.51732635498047,30.435232162475586,30.212770462036133,29.919410705566406,29.61123275756836,29.359970092773438,29.25351905822754,29.387115478515625,29.7426815032959,30.19419288635254,30.558115005493164,30.693490982055664,30.55788803100586,30.211397171020508,29.724979400634766,29.182586669921875,28.68401336669922
30.65970230102539,30.579788208007812,30.54486083984375,30.501285552978516,30.39874267578125,30.204586029052734,29.90407371520996,29.52022933959961,29.165185928344727,29.00127410888672,29.135074615478516,29.514005661010742,29.955196380615234,30.268606185913086,30.391124725341797,30.388967514038086,30.354108810424805,30.357297897338867,30.466758728027344,30.71430206298828,31.062122344970703,31.39503288269043,31.611040115356445,31.68454360961914,31.674636840820312,31.683609008789062,31.748172760009766,31.817317962646484,31.829734802246094,31.754253387451172,31.60769271850586,31.42388153076172,31.23919105529785,31.089832305908203,31.050825119018555,31.20301628112793,31.545934677124023,31.907489776611328,32.06242752075195,31.88138198852539,31.461851119995117,30.98954200744629,30.60085678100586,30.274518966674805
33.15044403076172,33.13910675048828,33.01838684082031,32.675453186035156,32.14564895629883,31.52122688293457,30.8844051361084,30.29100799560547,29.818979263305664,29.54351043701172,29.544771194458008,29.845714569091797,30.377220153808594,30.98636817932129,31.54334259033203,31.971160888671875,32.233158111572266,32.32502746582031,32.32669448852539,32.363948822021484,32.52188491821289,32.785888671875,33.07761764526367,33.31308364868164,33.43147277832031,33.43035125732422,33.331912994384766,33.17477035522461,32.99037170410156,32.84107971191406,32.800106048583984,32.89447784423828,33.06840133666992,33.184112548828125,33.16079330444336,33.04323196411133,32.968936920166016,33.053070068359375,33.226470947265625,33.22335433959961,32.876888275146484,32.290367126464844,31.752592086791992,31.42827796936035
35.5805778503418,35.41232681274414,35.10272979736328,34.56754684448242,33.854854583740234,33.0727424621582,32.319793701171875,31.66795539855957,31.19321060180664,30.962421417236328,30.994047164916992,31.250534057617188,31.63970375061035,32.05569076538086,32.458553314208984,32.883338928222656,33.37176513671875,33.87907409667969,34.30590057373047,34.5826301574707,34.71501541137695,34.77266311645508,34.82514953613281,34.90562438964844,35.016029357910156,35.1309700012207,35.17918014526367,35.097801208496094,34.86811828613281,34.5721549987793,34.36175537109375,34.38925552368164,34.686824798583984,35.10641098022461,35.40326690673828,35.412532806396484,35.1362190246582,34.74516296386719,34.415157318115234,34.22688293457031,34.09466552734375,33.85062789916992,33.462310791015625,33.05696487426758
37.872962951660156,37.503292083740234,36.97226333618164,36.275428771972656,35.462379455566406,34.628353118896484,33.86014175415039,33.20048904418945,32.682579040527344,32.386207580566406,32.39284133911133,32.68785858154297,33.146400451660156,33.60262680053711,33.982051849365234,34.31479263305664,34.675201416015625,35.08705139160156,35.5123405456543,35.911861419677734,36.24638366699219,36.49661636352539,36.65606689453125,36.73616027832031,36.77739334106445,36.828243255615234,36.889705657958984,36.91836929321289,36.873870849609375,36.76005935668945,36.64308547973633,36.62604904174805,36.785648345947266,37.10408401489258,37.453094482421875,37.65904998779297,37.610511779785156,37.27739334106445,36.714141845703125,36.07532501220703,35.53738784790039,35.200782775878906,35.05401611328125,34.995086669921875
39.870155334472656,39.40022659301758,38.72864532470703,37.920936584472656,37.03541564941406,36.14234161376953,35.33326721191406,34.668701171875,34.1942253112793,33.93996810913086,33.940940856933594,34.19428634643555,34.63151550292969,35.12697982788086,35.58348083496094,35.9780387878418,36.351951599121094,36.7313232421875,37.094093322753906,37.396080017089844,37.6236686706543,37.798057556152344,37.949520111083984,38.08061981201172,38.18899154663086,38.290679931640625,38.391902923583984,38.480342864990234,38.54349899291992,38.60369873046875,38.715049743652344,38.90828323364258,39.15575408935547,39.408714294433594,39.63832092285156,39.82284164428711,39.92570114135742,39.867008209228516,39.55200958251953,38.968204498291016,38.22810363769531,37.54140853881836,37.105682373046875,36.9815559387207
41.5005989074707,41.03007888793945,40.308048248291016,39.4382209777832,38.493995666503906,37.561580657958984,36.76021194458008,36.19092559814453,35.87212371826172,35.82325744628906,35.978336334228516,36.288761138916016,36.735023498535156,37.265262603759766,37.777217864990234,38.17326354980469,38.44923782348633,38.68033218383789,38.91831970214844,39.13411331176758,39.27685546875,39.34514236450195,39.37799072265625,39.411128997802734,39.45904541015625,39.530601501464844,39.62290573120117,39.747802734375,39.923954010009766,40.16185760498047,40.457359313964844,40.795265197753906,41.13867950439453,41.44536209106445,41.68606185913086,41.867584228515625,42.02846908569336,42.18408203125,42.264442443847656,42.16126251220703,41.807403564453125,41.24589157104492,40.6251106262207,40.1106071472168
43.09429931640625,42.64727783203125,41.922027587890625,40.971580505371094,39.91904830932617,38.93776321411133,38.216251373291016,37.87043380737305,37.87094497680664,38.0880012512207,38.41780090332031,38.77505111694336,39.12566375732422,39.49171829223633,39.92075729370117,40.3829460144043,40.78469467163086,41.0554313659668,41.19213104248047,41.2296028137207,41.21236038208008,41.18551254272461,41.1790657043457,41.20056915283203,41.23094940185547,41.24205780029297,41.22412109375,41.2161750793457,41.31691360473633,41.59591293334961,42.03458786010742,42.533203125,42.98488235473633,43.32988739013672,43.5745964050293,43.77033615112305,43.96134948730469,44.14543533325195,44.284061431884766,44.352577209472656,44.36380386352539,44.32659149169922,44.20479202270508,43.94406509399414
45.057430267333984,44.56618881225586,43.88136291503906,42.95866012573242,41.880306243896484,40.886756896972656,40.274169921875,40.19974136352539,40.569496154785156,41.131534576416016,41.65469741821289,41.996150970458984,42.08069610595703,41.971012115478516,41.857566833496094,41.90802001953125,42.14210891723633,42.468910217285156,42.793025970458984,43.04670715332031,43.19950485229492,43.258453369140625,43.26192855834961,43.26174545288086,43.28041458129883,43.30404281616211,43.311954498291016,43.29888916015625,43.32490158081055,43.483760833740234,43.815673828125,44.27456283569336,44.76847457885742,45.213966369628906,45.57109069824219,45.848106384277344,46.072784423828125,46.24346160888672,46.33710479736328,46.34550476074219,46.318809509277344,46.31886672973633,46.352542877197266,46.362667083740234
47.194854736328125,46.610286712646484,45.96830749511719,45.20503234863281,44.333702087402344,43.562896728515625,43.22639846801758,43.507625579833984,44.280174255371094,45.201393127441406,45.913169860839844,46.18320083618164,45.948429107666016,45.36222839355469,44.690162658691406,44.13093948364258,43.753875732421875,43.58244705200195,43.618900299072266,43.81862258911133,44.113853454589844,44.43363952636719,44.721370697021484,44.95790481567383,45.13896179199219,45.258384704589844,45.3041877746582,45.282012939453125,45.262855529785156,45.36088943481445,45.63660430908203,46.066734313964844,46.5709228515625,47.06864929199219,47.504642486572266,47.86247634887695,48.1484375,48.354957580566406,48.47553634643555,48.51650619506836,48.50637435913086,48.47978210449219,48.457000732421875,48.43689727783203
50.911293029785156,49.988067626953125,49.03822708129883,48.126258850097656,47.30449295043945,46.76041793823242,46.74948501586914,47.356956481933594,48.36243438720703,49.38119888305664,50.035850524902344,50.09703063964844,49.56766891479492,48.678741455078125,47.7320671081543,46.86751174926758,46.072139739990234,45.37255096435547,44.85903549194336,44.61936950683594,44.67000961303711,44.945491790771484,45.342857360839844,45.759925842285156,46.12565231323242,46.40532684326172,46.58198547363281,46.66727828979492,46.72019577026367,46.839515686035156,47.10410690307617,47.524532318115234,48.049232482910156,48.615333557128906,49.15864181518555,49.61079788208008,49.94225311279297,50.153282165527344,50.2768440246582,50.367942810058594,50.45192337036133,50.49409103393555,50.4609375,50.36447525024414
