data/wind_data/wind_37_7.json
{"header": {"parameterUnit": "KT", "parameterCategory": 2, "nx": 256, "ny": 198, "lo1": 44.73521041870117, "la1": -3.236724853515625, "lo2": 111.26478576660156, "la2": 43.468475341796875, "dx": 0.2609002888202667, "dy": -0.23708222806453705, "refTime": "2025-02-20 13:00:00", "forecastTime": 0, "parameterNumber": 2, "parameterNumberName": "eastward_wind"}, "data":
[rows 160 to 179 of 198, columns 44 to 87 of 256]
74.41605377197266,74.95884704589844,75.38748931884766,75.7742919921875,75.93075561523438,75.6118392944336,74.97132873535156,74.58094024658203,74.76191711425781,75.41303253173828,75.9096908569336,76.02643585205078,76.49884796142578,77.90642547607422,79.54930114746094,80.47230529785156,80.73165130615234,80.72483825683594,80.50786590576172,80.22563934326172,80.14109802246094,80.19526672363281,80.0390625,79.53173828125,78.96746826171875,78.59031677246094,78.2463150024414,77.64244842529297,76.76908111572266,75.954345703125,75.50627136230469,75.51956939697266,75.84014892578125,76.0771713256836,75.76610565185547,74.55039978027344,72.66484832763672,70.83526611328125,69.24005126953125,67.43101501464844,65.3803482055664,63.45656204223633,60.95801544189453,57.29880142211914
74.97395324707031,75.08065032958984,75.166259765625,75.27680206298828,75.35391998291016,75.36652374267578,75.21810913085938,75.10887145996094,75.37003326416016,75.83065032958984,75.8954086303711,76.02743530273438,77.2343978881836,79.1397476196289,80.55458068847656,81.07392120361328,80.9354019165039,80.3319320678711,79.59925842285156,79.28370666503906,79.49755096435547,79.76280212402344,79.62400817871094,79.10415649414062,78.55125427246094,78.1404800415039,77.70865631103516,76.99008178710938,75.95124816894531,75.00379943847656,74.58381652832031,74.69886779785156,74.9684066772461,74.91609191894531,74.11958312988281,72.3797607421875,70.12869262695312,68.0854263305664,66.40937805175781,64.86383819580078,63.25733947753906,61.495452880859375,59.349910736083984,56.42994689941406
75.0781021118164,74.81637573242188,74.78668212890625,75.09795379638672,75.57991027832031,75.81169891357422,75.52826690673828,75.27941131591797,75.49327850341797,75.84379577636719,76.064208984375,76.79396057128906,78.36988830566406,79.96415710449219,80.77262878417969,80.90470886230469,80.37767028808594,79.29643249511719,78.52708435058594,78.65625,79.22795104980469,79.4704360961914,79.16532897949219,78.55823516845703,77.88973236083984,77.22865295410156,76.44849395751953,75.4007339477539,74.2628173828125,73.49751281738281,73.33499908447266,73.46527099609375,73.42488098144531,72.92826843261719,71.66874694824219,69.50344848632812,67.00674438476562,64.98628997802734,63.55419158935547,62.345176696777344,61.13975524902344,59.6741943359375,57.66977310180664,55.04483413696289
74.88610076904297,74.71048736572266,75.08419036865234,75.9080581665039,76.48369598388672,76.1497573852539,75.31327056884766,74.97633361816406,75.46534729003906,76.22160339355469,76.8453369140625,77.67198181152344,78.76517486572266,79.72621154785156,80.3923110961914,80.37248992919922,79.24755096435547,78.02239227294922,77.81976318359375,78.41878509521484,78.94099426269531,78.92510223388672,78.43661499023438,77.62447357177734,76.65171813964844,75.63937377929688,74.58253479003906,73.47152709960938,72.49247741699219,71.90249633789062,71.70866394042969,71.56697845458984,71.10216522216797,70.22266387939453,68.70165252685547,66.39437866210938,63.94753646850586,62.21039962768555,61.2265510559082,60.384822845458984,59.34131622314453,58.02012634277344,56.14179611206055,53.42179870605469
75.12734985351562,75.33944702148438,75.96257019042969,76.62410736083984,76.6503677368164,75.80032348632812,74.75887298583984,74.70023345947266,75.7554702758789,76.88223266601562,77.31774139404297,77.44939422607422,78.15462493896484,79.52447509765625,80.19979858398438,79.18988037109375,77.75990295410156,77.30763244628906,77.62663269042969,78.01001739501953,78.10328674316406,77.76080322265625,76.96055603027344,75.86546325683594,74.75386810302734,73.76600646972656,72.80699157714844,71.79067993164062,70.83683776855469,70.15390014648438,69.76522064208984,69.30770874023438,68.47081756591797,67.35385131835938,65.86865234375,63.79665756225586,61.62702178955078,60.16298294067383,59.48519515991211,58.86922073364258,57.76750946044922,56.25480270385742,54.426143646240234,51.90302276611328
75.75078582763672,75.92559814453125,76.19600677490234,76.33345794677734,76.01068878173828,75.11711883544922,74.47004699707031,74.92476654052734,76.09589385986328,76.66356658935547,76.2086410522461,76.40795135498047,78.47669219970703,79.91488647460938,78.94481658935547,77.51686096191406,77.20147705078125,77.23474884033203,77.00157165527344,76.69025421142578,76.2943115234375,75.56205749511719,74.55443572998047,73.58750915527344,72.8624267578125,72.2178726196289,71.36216735839844,70.25238800048828,69.1424331665039,68.33240509033203,67.77227020263672,67.02584075927734,65.93994903564453,64.82404327392578,63.60233688354492,61.894752502441406,59.988014221191406,58.643836975097656,58.044029235839844,57.42293167114258,56.093902587890625,54.27356719970703,52.43845748901367,50.47024917602539
76.06754302978516,75.98030090332031,75.9023208618164,75.73001861572266,75.22362518310547,74.53532409667969,74.3904037475586,74.95813751220703,75.3840560913086,74.86495208740234,74.8215103149414,76.96073913574219,78.95254516601562,78.60491943359375,77.49783325195312,77.36621856689453,77.31841278076172,76.45975494384766,75.32968139648438,74.45716094970703,73.66608428955078,72.85686492919922,72.24199676513672,71.89088439941406,71.5583724975586,70.92001342773438,69.87403869628906,68.58321380615234,67.36436462402344,66.46455383300781,65.72352600097656,64.75440216064453,63.6024169921875,62.661590576171875,61.77838134765625,60.41567611694336,58.68498611450195,57.27750778198242,56.52849578857422,55.792633056640625,54.31952667236328,52.352909088134766,50.606651306152344,49.233428955078125
76.08143615722656,75.79574584960938,75.46878051757812,75.05762481689453,74.4513931274414,74.02061462402344,73.95879364013672,73.75651550292969,73.26945495605469,73.60511779785156,75.70704650878906,77.63790893554688,77.8173828125,77.40362548828125,77.54740905761719,77.6260757446289,76.6319351196289,74.8097915649414,73.12483215332031,71.98432159423828,71.3320541381836,71.07337188720703,70.99671173095703,70.81797790527344,70.32991027832031,69.44471740722656,68.18346405029297,66.7232894897461,65.3948745727539,64.41741943359375,63.580291748046875,62.56508255004883,61.51302719116211,60.82706832885742,60.28439712524414,59.17781448364258,57.479766845703125,55.86600875854492,54.81534957885742,53.9720344543457,52.67572021484375,50.93897247314453,49.374671936035156,48.3849983215332
75.85711669921875,75.5072250366211,75.03675842285156,74.4814453125,73.98147583007812,73.45376586914062,72.67597198486328,72.13240051269531,72.94178771972656,74.92498779296875,76.41228485107422,76.71662902832031,76.6751937866211,76.9479751586914,77.18658447265625,76.6031723022461,74.95491790771484,72.92613983154297,71.33139038085938,70.49884796142578,70.27827453613281,70.24872589111328,70.08560943603516,69.6915512084961,69.03009033203125,67.95970916748047,66.42650604248047,64.7222671508789,63.306819915771484,62.34733581542969,61.57356643676758,60.697853088378906,59.863407135009766,59.40269470214844,59.05384063720703,58.03348922729492,56.26742172241211,54.45262908935547,53.12568664550781,52.2020378112793,51.28730773925781,50.10588836669922,48.81690979003906,47.897117614746094
75.5756607055664,75.34320068359375,74.94631958007812,74.43321990966797,73.77014923095703,72.85541534423828,72.35873413085938,73.07902526855469,74.35269927978516,75.0013656616211,74.97802734375,74.98561096191406,75.37765502929688,75.72639465332031,75.49187469482422,74.49156951904297,73.07093048095703,71.70742797851562,70.73546600341797,70.2215805053711,69.95398712158203,69.6642837524414,69.26407623291016,68.72953796386719,67.85309600830078,66.38106536865234,64.42461395263672,62.550148010253906,61.23594284057617,60.480804443359375,59.920597076416016,59.23456573486328,58.513240814208984,58.060081481933594,57.68729019165039,56.70331954956055,54.99787139892578,53.1849250793457,51.81278610229492,50.89598846435547,50.238529205322266,49.53007888793945,48.535797119140625,47.567237854003906
75.74502563476562,75.70601654052734,75.27637481689453,74.43827819824219,73.6630630493164,73.546142578125,74.06490325927734,74.33258056640625,73.72124481201172,72.95465087890625,72.9179916381836,73.46521759033203,73.93809509277344,73.96669006347656,73.60752868652344,73.08234405517578,72.40179443359375,71.54846954345703,70.75863647460938,70.19861602783203,69.75199127197266,69.22795104980469,68.53515625,67.58346557617188,66.1869888305664,64.25000762939453,62.13315200805664,60.45191955566406,59.49281311035156,59.00122833251953,58.52143096923828,57.80064010620117,56.96678161621094,56.35544967651367,55.900978088378906,55.048728942871094,53.64582824707031,52.09724044799805,50.95420837402344,50.32749557495117,49.792232513427734,49.10525131225586,48.1982421875,47.21672439575195
76.25984954833984,76.1042251586914,75.25790405273438,74.44981384277344,74.59075927734375,75.00237274169922,74.49266815185547,72.93335723876953,71.50363159179688,71.27364349365234,71.90526580810547,72.417724609375,72.62962341308594,72.82389831542969,73.02713012695312,72.93001556396484,72.31697082519531,71.37992095947266,70.49868774414062,69.79607391357422,69.1222152709961,68.2725830078125,67.13310241699219,65.73814392089844,64.06929016113281,62.142494201660156,60.30403518676758,59.030548095703125,58.372135162353516,57.91492462158203,57.26353073120117,56.33522033691406,55.30083084106445,54.454463958740234,53.89531707763672,53.23515701293945,52.262508392333984,51.17205047607422,50.33147048950195,50.080772399902344,49.8969612121582,49.124122619628906,47.938350677490234,46.82136917114258
76.07510375976562,75.51174926757812,74.86714172363281,75.03872680664062,75.24200439453125,74.30625915527344,72.37843322753906,70.61531829833984,70.12158966064453,70.73367309570312,71.38494110107422,71.61394500732422,71.86817932128906,72.50054931640625,73.07063293457031,72.92961883544922,72.05211639404297,70.85432434082031,69.75817108154297,68.89388275146484,68.00553131103516,66.78338623046875,65.31614685058594,63.818992614746094,62.24363327026367,60.566810607910156,59.103816986083984,58.15896224975586,57.60075759887695,57.01811981201172,56.14937210083008,55.043212890625,53.83037567138672,52.709232330322266,51.99775695800781,51.57529067993164,51.01263427734375,50.37797927856445,49.86836242675781,49.719566345214844,49.800941467285156,49.30767059326172,48.00788497924805,46.592681884765625
74.88279724121094,74.46798706054688,74.71460723876953,74.86753845214844,73.82847595214844,71.99263000488281,70.30188751220703,69.59476470947266,69.97614288330078,70.61651611328125,70.91303253173828,71.07684326171875,71.60423278808594,72.47471618652344,72.9616928100586,72.4944839477539,71.21369171142578,69.74475860595703,68.5703353881836,67.5551986694336,66.32028198242188,64.85594177246094,63.44952392578125,62.122684478759766,60.698265075683594,59.30436706542969,58.22692108154297,57.4988899230957,56.90269088745117,56.14835739135742,55.10554885864258,53.89262771606445,52.58469772338867,51.30329513549805,50.46809005737305,50.24589157104492,50.05137252807617,49.70520782470703,49.463687896728516,49.311668395996094,49.25475311279297,48.9927864074707,48.09898376464844,46.72468185424805
73.39684295654297,73.6705322265625,74.09890747070312,73.42618560791016,71.91777801513672,70.44872283935547,69.56755828857422,69.61219787597656,70.1769790649414,70.49183654785156,70.5171890258789,70.7403564453125,71.42396545410156,72.21208953857422,72.28691864013672,71.2927474975586,69.7532958984375,68.4018783569336,67.3032455444336,66.06513214111328,64.5506591796875,63.06342697143555,61.82430648803711,60.67890548706055,59.50278091430664,58.429527282714844,57.57478713989258,56.87156295776367,56.140689849853516,55.20143127441406,54.03759765625,52.80982208251953,51.547607421875,50.29888153076172,49.39716720581055,49.156654357910156,49.218292236328125,49.07560729980469,48.889930725097656,48.772239685058594,48.65959930419922,48.42436599731445,47.8738899230957,46.880672454833984
72.16206359863281,72.75294494628906,72.91299438476562,72.09090423583984,70.93220520019531,69.92481231689453,69.44782257080078,69.68702697753906,70.09992218017578,70.18180847167969,70.1474838256836,70.4310073852539,71.09284210205078,71.54438018798828,70.98274993896484,69.6038589477539,68.30982971191406,67.34272766113281,66.24568176269531,64.77898406982422,63.149330139160156,61.68391036987305,60.52241516113281,59.57345199584961,58.67173385620117,57.76934051513672,56.92961120605469,56.13367462158203,55.21967315673828,54.08091354370117,52.88037872314453,51.77761459350586,50.671730041503906,49.52409362792969,48.589141845703125,48.17565155029297,48.2320556640625,48.274559020996094,48.17543029785156,48.15558624267578,48.22593688964844,48.09284973144531,47.5399169921875,46.627410888671875
71.06524658203125,71.59391784667969,71.78365325927734,71.341064453125,70.44774627685547,69.56958770751953,69.22468566894531,69.4323501586914,69.66671752929688,69.71446228027344,69.82051849365234,70.1883773803711,70.56592559814453,70.31588745117188,69.31291198730469,68.24140930175781,67.44586181640625,66.55738067626953,65.263427734375,63.663787841796875,62.06024169921875,60.68136978149414,59.61138916015625,58.725852966308594,57.82588577270508,56.90736389160156,56.10682678222656,55.26768493652344,54.13325881958008,52.833736419677734,51.719024658203125,50.82137680053711,49.87653350830078,48.80905532836914,47.85642623901367,47.27519607543945,47.11473846435547,47.24497604370117,47.51177978515625,47.80559158325195,48.00585174560547,47.835693359375,47.08570861816406,45.960731506347656
70.02676391601562,70.5937271118164,71.02293395996094,70.76001739501953,69.78417205810547,68.92547607421875,68.75621795654297,68.99073791503906,69.17849731445312,69.38107299804688,69.66748046875,69.77909851074219,69.44707489013672,68.71444702148438,67.9500732421875,67.38444519042969,66.74999237060547,65.70843505859375,64.26594543457031,62.67074203491211,61.18975067138672,59.950626373291016,58.87833023071289,57.81080627441406,56.74722671508789,55.90117263793945,55.24852752685547,54.345619201660156,52.9892692565918,51.63187789916992,50.67141342163086,49.93900680541992,49.10906219482422,48.12601852416992,47.16109085083008,46.43606185913086,46.10786437988281,46.32887649536133,47.04309844970703,47.71074295043945,47.84184265136719,47.336753845214844,46.2552375793457,44.92927169799805
69.0390625,69.86904907226562,70.43849182128906,69.98111724853516,68.75456237792969,67.96178436279297,68.07726287841797,68.56497192382812,68.99027252197266,69.28728485107422,69.31361389160156,68.89105224609375,68.19107818603516,67.53894805908203,67.0811767578125,66.65251922607422,65.93426513671875,64.75687408447266,63.26167678833008,61.7680549621582,60.4795036315918,59.32567596435547,58.112571716308594,56.83496856689453,55.764060974121094,55.096473693847656,54.480491638183594,53.361392974853516,51.84335708618164,50.551170349121094,49.73480987548828,49.09539031982422,48.36079025268555,47.463172912597656,46.479000091552734,45.681949615478516,45.413936614990234,45.857906341552734,46.80636215209961,47.5264778137207,47.37791061401367,46.42314147949219,45.055572509765625,43.730262756347656
68.13346862792969,69.18814849853516,69.72406768798828,69.0007095336914,67.71319580078125,67.18245697021484,67.56568908691406,68.27017211914062,68.86813354492188,69.09172058105469,68.76473999023438,68.05509185791016,67.35224151611328,66.82457733154297,66.3673095703125,65.77825164794922,64.8894271850586,63.71718215942383,62.40693283081055,61.10004806518555,59.8515510559082,58.58158493041992,57.21770477294922,55.91239547729492,54.97511672973633,54.38435745239258,53.589019775390625,52.2372932434082,50.70919418334961,49.564090728759766,48.86141586303711,48.313209533691406,47.68205261230469,46.83345031738281,45.850807189941406,45.14015197753906,45.11338424682617,45.783973693847656,46.66954040527344,47.040550231933594,46.467891693115234,45.16444778442383,43.698394775390625,42.53815841674805
