data/wind_data/wind_Surface_21.json
{"header": {"parameterUnit": "KT", "parameterCategory": 2, "nx": 255, "ny": 198, "lo1": 44.73521041870117, "la1": -3.236724853515625, "lo2": 111.26478576660156, "la2": 43.468475341796875, "dx": 0.26192745566368103, "dy": -0.23708222806453705, "refTime": "2025-02-19 21:00:00", "forecastTime": 0, "parameterNumber": 3, "parameterNumberName": "northward_wind"}, "data":
[rows 38 to 56 of 198, columns 0 to 42 of 255]
-0.42835092544555664,-0.02805319055914879,0.8310359120368958,1.801611065864563,2.2129452228546143,1.337664008140564,0.8883368968963623,0.4217577278614044,0.5333206057548523,0.6970319747924805,0.48086926341056824,-0.560250997543335,-1.6969715356826782,-2.441028118133545,-3.1895968914031982,-3.8080639839172363,-4.153561592102051,-5.292703151702881,-7.473621368408203,-7.969748497009277,-8.269925117492676,-8.848184585571289,-9.19346809387207,-8.710090637207031,-8.573018074035645,-8.791135787963867,-8.615623474121094,-8.371779441833496,-8.623687744140625,-8.753098487854004,-8.754751205444336,-7.924094200134277,-8.135307312011719,-8.151330947875977,-8.111377716064453,-7.6987128257751465,-7.4928131103515625,-7.546946048736572,-7.884555816650391,-8.147361755371094,-8.47701644897461,-8.63167953491211,-8.83447265625
-1.5723578929901123,-0.9976947903633118,0.1080188900232315,1.1652922630310059,1.4926376342773438,1.595665454864502,1.4221792221069336,1.1717612743377686,1.146547794342041,1.187404751777649,0.7298115491867065,-0.20397984981536865,-1.109565258026123,-1.8906102180480957,-2.673576593399048,-3.584989309310913,-4.323993682861328,-5.003276824951172,-6.740219593048096,-7.325019836425781,-7.586026191711426,-7.70933198928833,-8.25057601928711,-8.647974967956543,-8.488653182983398,-8.371400833129883,-8.354108810424805,-8.385208129882812,-8.546818733215332,-8.703425407409668,-8.79986572265625,-8.445778846740723,-8.529562950134277,-8.6137056350708,-8.514180183410645,-8.312390327453613,-8.413806915283203,-8.22017765045166,-8.285557746887207,-8.761842727661133,-9.204629898071289,-9.236017227172852,-9.377610206604004
-0.2219870686531067,-0.19930577278137207,0.6139964461326599,1.393665075302124,1.4298816919326782,2.3724050521850586,2.00932240486145,1.9834606647491455,1.7898597717285156,1.249621868133545,0.3869751989841461,-0.10611815005540848,-0.43736007809638977,-1.278915524482727,-2.560946464538574,-3.422886848449707,-4.283349514007568,-4.991243839263916,-5.931087493896484,-7.723832607269287,-7.420505046844482,-7.505034923553467,-7.123337268829346,-7.3095316886901855,-7.4821367263793945,-7.528831958770752,-7.614974498748779,-8.079894065856934,-8.388108253479004,-8.73677921295166,-8.713237762451172,-9.070688247680664,-8.782899856567383,-8.805944442749023,-8.55356216430664,-8.65544319152832,-9.127192497253418,-9.339717864990234,-9.255125999450684,-9.174700736999512,-9.355262756347656,-9.501025199890137,-9.55364990234375
1.4009019136428833,1.2743009328842163,1.8928567171096802,2.3043901920318604,1.974181890487671,3.149212598800659,2.6004714965820312,2.99135684967041,2.389536142349243,0.9671025276184082,0.08555721491575241,0.1960088014602661,-0.379614919424057,-1.6643130779266357,-2.830277442932129,-3.6853973865509033,-4.606527328491211,-5.456381320953369,-6.336550235748291,-7.835068702697754,-7.447751045227051,-7.978728294372559,-7.929866313934326,-6.940464496612549,-6.6198530197143555,-7.0740742683410645,-7.596930027008057,-8.46078109741211,-8.463951110839844,-8.573535919189453,-9.242148399353027,-9.378626823425293,-9.052663803100586,-8.846478462219238,-8.714561462402344,-8.693819046020508,-9.141551971435547,-9.684785842895508,-9.818192481994629,-9.459583282470703,-9.15523910522461,-9.02718734741211,-8.807896614074707
1.6008638143539429,1.9584944248199463,2.857255697250366,2.844679355621338,0.3645462393760681,2.294269561767578,2.8761110305786133,3.661792039871216,3.219923496246338,1.6276988983154297,0.43925684690475464,-0.3311854898929596,-1.6708271503448486,-2.881471633911133,-3.3689303398132324,-3.8236255645751953,-4.1405839920043945,-4.65127420425415,-5.829879283905029,-7.349862575531006,-8.677148818969727,-8.309597969055176,-9.088193893432617,-8.358396530151367,-6.944169521331787,-6.749016284942627,-7.417848587036133,-8.498003959655762,-8.552236557006836,-8.335779190063477,-8.253830909729004,-8.078084945678711,-7.857128143310547,-8.301766395568848,-9.233885765075684,-9.273603439331055,-9.046246528625488,-9.124857902526855,-9.52259635925293,-9.340703964233398,-8.734585762023926,-8.417604446411133,-8.251760482788086
0.3975822925567627,1.1133568286895752,1.4847211837768555,0.14759930968284607,-4.433574199676514,-2.5362839698791504,-0.32151034474372864,1.4880235195159912,2.04012393951416,2.3110103607177734,1.02254056930542,-0.9632813334465027,-2.1487088203430176,-2.0944297313690186,-1.649316668510437,-1.366778016090393,-1.4968979358673096,-2.282811164855957,-3.8678956031799316,-6.326024532318115,-9.429132461547852,-9.679364204406738,-9.183337211608887,-9.143867492675781,-7.871224403381348,-6.822281837463379,-7.17780876159668,-8.038725852966309,-7.805093288421631,-6.638972282409668,-6.3481855392456055,-6.385164737701416,-6.351178169250488,-7.566977500915527,-9.07464599609375,-9.548026084899902,-8.985665321350098,-8.412325859069824,-8.561553955078125,-8.696581840515137,-8.459246635437012,-8.141611099243164,-8.15359878540039
-2.084749937057495,-1.2017303705215454,-1.8748092651367188,-3.84320068359375,-7.016396999359131,-7.168231964111328,-6.770473480224609,-5.550583362579346,-2.850053071975708,0.7491261959075928,1.6663181781768799,0.7322184443473816,0.6267600059509277,1.0914989709854126,1.5251176357269287,2.0001015663146973,1.9730348587036133,-0.8518598079681396,-3.245948314666748,-4.788976192474365,-7.3292436599731445,-10.681675910949707,-10.03250503540039,-8.830296516418457,-8.458003997802734,-7.06580924987793,-6.651253700256348,-6.793673515319824,-5.926036357879639,-4.975723743438721,-5.796451091766357,-7.231147766113281,-7.867635250091553,-7.819851875305176,-7.7827253341674805,-8.60856819152832,-8.720849990844727,-8.43968391418457,-7.686274528503418,-7.683352470397949,-8.135025978088379,-8.020771026611328,-7.983376502990723
-4.1058125495910645,-3.4157166481018066,-3.961287021636963,-4.72963809967041,-6.992978572845459,-7.860576152801514,-8.483757972717285,-7.855202674865723,-6.038285732269287,-2.997868776321411,0.26959043741226196,2.054041624069214,2.658155679702759,2.918940544128418,3.314574718475342,3.188297986984253,0.6998820900917053,-3.428389549255371,-4.446434497833252,-4.886101245880127,-5.978821754455566,-8.209207534790039,-11.475451469421387,-9.07243537902832,-8.041092872619629,-7.121768474578857,-6.344144821166992,-6.377616882324219,-6.230180263519287,-6.514994144439697,-7.34129524230957,-8.05454158782959,-8.591927528381348,-8.007966041564941,-6.65552282333374,-7.182839870452881,-8.298295974731445,-8.741812705993652,-7.743971347808838,-7.371699333190918,-7.608819961547852,-7.751829147338867,-7.806328773498535
-4.354067802429199,-3.986117362976074,-4.404540061950684,-5.151209831237793,-7.627302646636963,-6.122495651245117,-6.4760308265686035,-5.149797439575195,-3.2096951007843018,-3.594395160675049,-2.91044545173645,0.6204444766044617,1.7110426425933838,2.1433568000793457,2.1608078479766846,-1.1838679313659668,-6.014289379119873,-6.6379780769348145,-4.728588104248047,-4.409091472625732,-4.860844612121582,-6.203952789306641,-10.32189655303955,-10.034618377685547,-7.565368175506592,-6.85634183883667,-6.471870422363281,-7.571780681610107,-8.740571022033691,-8.549809455871582,-6.836040019989014,-5.877504348754883,-5.940301418304443,-6.480835914611816,-6.426169395446777,-6.940617561340332,-7.664990425109863,-7.840609073638916,-8.275282859802246,-8.314604759216309,-7.751427173614502,-7.775899410247803,-7.753930568695068
-3.8011586666107178,-3.1413142681121826,-4.933760643005371,-5.637284755706787,-6.147851467132568,-3.501722574234009,-3.163909673690796,-2.729372978210449,-1.3819998502731323,-2.015683889389038,-3.165022373199463,-2.0040414333343506,-0.13253571093082428,-1.3033744096755981,-3.7415385246276855,-7.532212257385254,-7.944955825805664,-5.957286357879639,-4.0997490882873535,-3.531886339187622,-3.8527495861053467,-4.689895153045654,-6.626142501831055,-10.45755386352539,-8.568769454956055,-6.480256080627441,-6.024089813232422,-7.2187724113464355,-8.452972412109375,-6.718535900115967,-4.604382038116455,-4.253582954406738,-4.8380842208862305,-5.904117107391357,-7.0313720703125,-7.501330375671387,-6.329761981964111,-6.03712272644043,-8.014596939086914,-8.858935356140137,-8.575618743896484,-8.202910423278809,-7.838434219360352
-2.790849208831787,-1.838262677192688,-4.469049453735352,-6.4450273513793945,-5.959893703460693,-2.967830181121826,-4.304117202758789,-6.136181354522705,-6.2230143547058105,-3.7266342639923096,-2.0837228298187256,-3.352616548538208,-2.7245466709136963,-4.46006965637207,-6.451050758361816,-6.3780293464660645,-4.393381595611572,-4.3571600914001465,-4.596853256225586,-4.26409387588501,-3.8011107444763184,-3.9347972869873047,-5.165620803833008,-8.863357543945312,-9.398646354675293,-6.743171691894531,-5.5149736404418945,-5.232429504394531,-5.447306156158447,-4.781139373779297,-4.960866451263428,-5.421483039855957,-5.892272472381592,-6.37093448638916,-6.746764659881592,-6.259427547454834,-5.3385210037231445,-5.866476535797119,-6.7394561767578125,-7.489892959594727,-7.824665546417236,-7.59820032119751,-7.491140365600586
-1.4470715522766113,-1.1854969263076782,-2.9850823879241943,-5.386915683746338,-7.576425552368164,-6.626651763916016,-8.151845932006836,-9.451445579528809,-7.785886764526367,-5.430212020874023,-4.105819225311279,-4.536001682281494,-3.9615819454193115,-4.1612396240234375,-3.6790547370910645,-3.7670464515686035,-4.614814281463623,-5.481832981109619,-5.765510559082031,-4.524972438812256,-4.117504596710205,-3.8937952518463135,-4.5165886878967285,-5.736158847808838,-7.914066314697266,-6.06784725189209,-5.322021484375,-4.983917713165283,-4.603611946105957,-4.8586320877075195,-5.895129203796387,-6.3275532722473145,-5.5917181968688965,-5.015745162963867,-5.078059673309326,-5.177719593048096,-5.876895427703857,-6.174212455749512,-5.299953460693359,-5.114713668823242,-4.9557318687438965,-5.736527442932129,-6.928181171417236
-0.8673699498176575,-1.4824368953704834,-1.664608359336853,-2.4187726974487305,-4.081352710723877,-5.471127033233643,-5.7585930824279785,-4.478044509887695,-4.445539474487305,-6.034512519836426,-7.102935791015625,-6.2575225830078125,-4.6785712242126465,-3.931901693344116,-3.941772699356079,-4.122986316680908,-4.197220802307129,-4.504389762878418,-4.364725112915039,-3.5968000888824463,-2.7119336128234863,-2.6891565322875977,-3.409062623977661,-4.303812026977539,-6.514686107635498,-5.526161193847656,-5.445683002471924,-5.352965831756592,-5.150015830993652,-5.341847896575928,-5.312485694885254,-4.46601676940918,-3.687607765197754,-4.026287078857422,-5.143594264984131,-6.446142196655273,-6.625913619995117,-5.649649143218994,-5.333310127258301,-5.13381814956665,-4.660412311553955,-5.130250453948975,-6.259997367858887
-0.9179441928863525,-1.320047378540039,-0.3230475187301636,0.9910139441490173,5.142261028289795,1.926946759223938,1.7279773950576782,3.371694803237915,-2.4679646492004395,-6.662079334259033,-8.251816749572754,-7.531846523284912,-6.402985095977783,-5.677244663238525,-4.62695837020874,-3.261212110519409,-2.1335930824279785,-0.9134146571159363,0.5688872337341309,1.248355507850647,0.18863888084888458,-1.4768818616867065,-2.3762881755828857,-3.5480308532714844,-6.093755722045898,-5.306105136871338,-5.014223098754883,-4.573959827423096,-4.716102600097656,-4.515201091766357,-3.8771731853485107,-2.996232032775879,-3.412214756011963,-4.463751792907715,-4.924731254577637,-5.633668422698975,-5.647861480712891,-5.245932579040527,-5.5757293701171875,-6.510798454284668,-6.973896026611328,-6.244475841522217,-5.667484760284424
-1.083400845527649,-1.2112202644348145,-0.6862682700157166,1.237512230873108,6.627542972564697,4.612514019012451,5.223331451416016,6.144140243530273,-0.860333263874054,-4.1831135749816895,-5.321798801422119,-7.309500694274902,-7.313174724578857,-6.418519496917725,-4.235641002655029,-2.486241579055786,0.4501866400241852,3.2394027709960938,4.304099082946777,1.9691007137298584,-1.7740494012832642,-3.2934999465942383,-2.535102367401123,-3.2574312686920166,-5.094274520874023,-4.604502201080322,-4.279762268066406,-4.25994348526001,-4.348464488983154,-3.8289339542388916,-3.83695125579834,-4.175498962402344,-4.490997791290283,-4.142725467681885,-3.6748344898223877,-3.8591363430023193,-4.188416957855225,-4.518407344818115,-4.751760482788086,-5.647253513336182,-6.230278491973877,-5.926177024841309,-5.405655384063721
-1.428128957748413,-1.802452802658081,-1.3345320224761963,0.4298194348812103,3.5774481296539307,3.280050277709961,2.6862642765045166,4.131865978240967,5.450921535491943,4.618750095367432,3.662122964859009,-0.5488547086715698,-2.7911376953125,-2.497912883758545,-1.9774091243743896,-1.0246942043304443,1.076252818107605,4.011444091796875,2.4146933555603027,-5.961225986480713,-8.128835678100586,-7.499122142791748,-3.7081050872802734,-2.8972551822662354,-3.854313611984253,-4.7865190505981445,-4.4160261154174805,-4.676847457885742,-4.8950724601745605,-4.735738277435303,-5.0178542137146,-5.230287551879883,-4.717988014221191,-4.079363822937012,-4.114668369293213,-4.473649024963379,-4.652053356170654,-4.812399387359619,-5.003049850463867,-5.224576473236084,-5.399289608001709,-5.617849826812744,-5.930981636047363
-1.690916895866394,-2.465918779373169,-1.2114628553390503,0.31196826696395874,0.20854441821575165,-1.4330377578735352,-2.2575466632843018,-2.6042277812957764,4.3844895362854,7.277574062347412,9.504826545715332,8.970200538635254,8.73314094543457,7.9579243659973145,6.2974324226379395,6.157915115356445,4.6264567375183105,3.6010758876800537,-0.5480080246925354,-5.987300395965576,-6.525753498077393,-5.084266662597656,-2.4344494342803955,-3.1102466583251953,-4.416077136993408,-4.981446743011475,-4.444221019744873,-5.002125263214111,-5.406485080718994,-5.6919426918029785,-5.410269260406494,-5.158082485198975,-4.8063459396362305,-4.9786458015441895,-5.508548259735107,-5.683897018432617,-6.034519195556641,-6.019205093383789,-6.024796485900879,-6.1686835289001465,-6.471957683563232,-6.6627397537231445,-6.691318511962891
-1.5570915937423706,-2.457826614379883,-1.4776287078857422,-0.5879485607147217,-1.1160635948181152,-3.563106060028076,-5.050726413726807,-7.326990604400635,-6.016856670379639,-2.1915435791015625,2.664696455001831,5.173509120941162,7.075826168060303,8.109113693237305,7.71019172668457,6.475803852081299,4.471810340881348,3.7847037315368652,5.628438472747803,4.373664855957031,7.173231601715088,6.940030574798584,1.7186479568481445,-4.515769004821777,-5.285921096801758,-4.92984676361084,-4.442058086395264,-5.912097930908203,-6.2209086418151855,-6.566717624664307,-5.8198747634887695,-5.217854976654053,-5.037846088409424,-5.837822914123535,-6.856256484985352,-6.864049911499023,-6.819258213043213,-7.02170467376709,-7.042784690856934,-7.034070014953613,-6.93208122253418,-7.08054256439209,-7.094397068023682
-0.8577748537063599,-1.6699448823928833,-1.6428271532058716,-1.790930151939392,-2.4143803119659424,-4.0804548263549805,-5.409739971160889,-6.311805725097656,-6.594829559326172,-5.663762092590332,-3.8352749347686768,-2.5184526443481445,-1.1831345558166504,0.7121424078941345,2.182284355163574,1.5155229568481445,-0.7869834899902344,0.14335404336452484,7.036962509155273,8.829290390014648,10.39157485961914,9.133074760437012,4.758329391479492,-0.39620378613471985,-2.8433432579040527,-4.239534378051758,-4.682668209075928,-6.206046104431152,-6.424511432647705,-6.501246929168701,-6.184187889099121,-5.419267177581787,-5.034560680389404,-5.529500961303711,-6.593636512756348,-7.443193435668945,-7.327833652496338,-7.77903413772583,-8.109134674072266,-8.066277503967285,-7.596477508544922,-7.532536029815674,-7.6268744468688965
