data/wind_data/wind_5_9.json
{"header": {"parameterUnit": "KT", "parameterCategory": 2, "nx": 256, "ny": 198, "lo1": 44.73521041870117, "la1": -3.236724853515625, "lo2": 111.26478576660156, "la2": 43.468475341796875, "dx": 0.2609002888202667, "dy": -0.23708222806453705, "refTime": "2025-02-19 05:00:00", "forecastTime": 0, "parameterNumber": 2, "parameterNumberName": "eastward_wind"}, "data":
[rows 171 to 189 of 198, columns 86 to 128 of 256]
21.24397087097168,21.14356803894043,19.121562957763672,15.614914894104004,12.050564765930176,10.229816436767578,11.035244941711426,13.483558654785156,16.009904861450195,18.095922470092773,19.5567626953125,20.16399383544922,20.217653274536133,20.05419158935547,19.868520736694336,19.179506301879883,17.169734954833984,14.765106201171875,14.10604190826416,15.407245635986328,17.187633514404297,17.198331832885742,15.711445808410645,14.829472541809082,14.427231788635254,13.443924903869629,12.335583686828613,11.14415168762207,10.053801536560059,10.676700592041016,12.553330421447754,12.432585716247559,10.249990463256836,9.641135215759277,11.531054496765137,13.394749641418457,13.905893325805664,14.241283416748047,14.856298446655273,15.277886390686035,15.730615615844727,16.819061279296875,18.177974700927734
21.127897262573242,21.58534812927246,19.77648162841797,16.395164489746094,13.190650939941406,11.774686813354492,12.351455688476562,13.955418586730957,15.826749801635742,17.700119018554688,18.959457397460938,18.985454559326172,18.398365020751953,18.62189292907715,19.908761978149414,20.413040161132812,18.5148868560791,15.479376792907715,14.37263011932373,15.928303718566895,17.605792999267578,17.37090301513672,16.197837829589844,15.593902587890625,15.291290283203125,15.186582565307617,15.341235160827637,14.438157081604004,13.063920974731445,13.469226837158203,14.608181953430176,14.359471321105957,12.323634147644043,10.316764831542969,10.415092468261719,12.230114936828613,13.85086441040039,14.150533676147461,13.878012657165527,14.209358215332031,15.458831787109375,17.24437141418457,18.650680541992188
20.890413284301758,20.93406867980957,19.41254425048828,17.22031021118164,15.0938720703125,13.932470321655273,14.459061622619629,16.10311508178711,17.656295776367188,18.412311553955078,18.101856231689453,17.133949279785156,17.277896881103516,19.382980346679688,21.5900936126709,21.384416580200195,18.668842315673828,15.872204780578613,15.036324501037598,15.868850708007812,16.8608341217041,17.373779296875,17.14143180847168,15.841413497924805,15.115687370300293,16.653026580810547,18.733055114746094,18.76341438293457,16.857601165771484,15.13475513458252,14.872613906860352,15.297952651977539,14.512426376342773,12.577729225158691,11.659272193908691,12.320591926574707,13.107115745544434,13.132155418395996,13.21519947052002,14.10741138458252,15.8276948928833,17.8887882232666,19.21327018737793
19.44645118713379,19.30380630493164,18.77922248840332,17.793943405151367,16.06879997253418,14.879240036010742,15.7802734375,18.181594848632812,20.272401809692383,20.678926467895508,19.434406280517578,18.333288192749023,19.347078323364258,21.863628387451172,22.8333683013916,20.514177322387695,17.20220184326172,15.898164749145508,16.19808578491211,16.39676284790039,16.70722007751465,17.783639907836914,18.21110725402832,17.22140884399414,17.30019760131836,19.317142486572266,20.713071823120117,20.15618324279785,18.203536987304688,15.949981689453125,15.18103313446045,16.194496154785156,16.53665542602539,14.967138290405273,13.073808670043945,12.150250434875488,12.300957679748535,13.273648262023926,14.533863067626953,15.819868087768555,17.236562728881836,18.621047973632812,19.387535095214844
17.016122817993164,17.398393630981445,17.81646728515625,17.509248733520508,16.45692253112793,16.121112823486328,17.32756996154785,19.420223236083984,21.715070724487305,23.21279525756836,22.752363204956055,21.671157836914062,22.165523529052734,23.20261573791504,21.91038703918457,18.197486877441406,15.588709831237793,15.925803184509277,17.173696517944336,17.97455406188965,19.284761428833008,21.119789123535156,21.704313278198242,21.28258514404297,21.555992126464844,21.274341583251953,19.698848724365234,18.91603660583496,18.47707176208496,16.989927291870117,16.06728172302246,16.98077964782715,17.6488037109375,16.289270401000977,14.067829132080078,12.92448616027832,13.467637062072754,15.067206382751465,16.71445083618164,18.033052444458008,18.907638549804688,19.133087158203125,19.066606521606445
15.24787425994873,15.569113731384277,16.293533325195312,17.320104598999023,18.23512077331543,19.046836853027344,19.843416213989258,20.85321044921875,22.641071319580078,24.479318618774414,24.4927978515625,23.352603912353516,22.725736618041992,21.58342933654785,18.996780395507812,16.56623077392578,16.1453914642334,17.089740753173828,18.168476104736328,19.969436645507812,22.894933700561523,25.373397827148438,25.88953399658203,25.245670318603516,24.602983474731445,22.827117919921875,20.207059860229492,18.931331634521484,18.292011260986328,16.822925567626953,16.01830291748047,17.30206871032715,18.6115779876709,17.673381805419922,15.613003730773926,15.003868103027344,15.910338401794434,17.182090759277344,18.387483596801758,19.32322883605957,19.693195343017578,19.456016540527344,19.254539489746094
14.134788513183594,13.614107131958008,14.868117332458496,18.02950668334961,21.033252716064453,22.251327514648438,22.18303108215332,22.30636215209961,23.209264755249023,24.027320861816406,23.845556259155273,23.008895874023438,21.50968360900879,18.87484359741211,16.529666900634766,16.486196517944336,17.84933090209961,18.39788818359375,19.15292739868164,22.28207778930664,26.3748779296875,28.826169967651367,28.748661041259766,27.46596336364746,26.358552932739258,24.893367767333984,22.42347526550293,19.866716384887695,17.82301139831543,16.05352210998535,15.647909164428711,17.73499870300293,20.150794982910156,20.065937042236328,18.221843719482422,17.400920867919922,18.075298309326172,18.92833709716797,19.431421279907227,19.636619567871094,19.718978881835938,19.818674087524414,20.081554412841797
12.118522644042969,11.67374324798584,14.98206901550293,19.988218307495117,23.03977394104004,23.178831100463867,22.47309684753418,22.437673568725586,22.847997665405273,23.07280158996582,23.134191513061523,22.702280044555664,20.874032974243164,18.12834358215332,16.411453247070312,16.748409271240234,17.798242568969727,18.63343620300293,20.89034080505371,24.97755241394043,28.620311737060547,30.217683792114258,30.041940689086914,29.13921546936035,28.161222457885742,26.53089714050293,23.599843978881836,20.489011764526367,18.17781639099121,16.47710418701172,16.561634063720703,19.595666885375977,22.809234619140625,22.93677520751953,20.800003051757812,19.386249542236328,19.545076370239258,19.976245880126953,19.768192291259766,19.264677047729492,19.24872589111328,19.948328018188477,21.00629425048828
9.894742012023926,12.00039005279541,17.242761611938477,21.45669174194336,22.193506240844727,21.25320816040039,20.870370864868164,21.295673370361328,21.960601806640625,22.606185913085938,23.1514835357666,22.991186141967773,21.38413429260254,18.890493392944336,17.00787925720215,16.44097328186035,16.990249633789062,18.84641456604004,22.1791934967041,26.000377655029297,28.815410614013672,30.23504066467285,30.78380584716797,30.688268661499023,29.638341903686523,27.055889129638672,23.447309494018555,20.40385627746582,18.562816619873047,18.032489776611328,19.862533569335938,23.451391220092773,25.713903427124023,24.953523635864258,22.653465270996094,21.145851135253906,20.86383628845215,20.658607482910156,19.953227996826172,19.258243560791016,19.30655860900879,20.375329971313477,21.809314727783203
10.602446556091309,14.481990814208984,18.689977645874023,20.206981658935547,19.63719367980957,19.282535552978516,19.76497459411621,20.6013240814209,21.649423599243164,22.80679702758789,23.66310691833496,23.566701889038086,22.049850463867188,19.682971954345703,17.92505645751953,17.469253540039062,17.767091751098633,18.939973831176758,21.436323165893555,24.776409149169922,27.956544876098633,30.22356605529785,31.4359130859375,31.7134952545166,30.615102767944336,27.48471450805664,23.17399787902832,19.620954513549805,18.216646194458008,19.814706802368164,23.656452178955078,26.902233123779297,27.467998504638672,25.948389053344727,24.187397003173828,23.218242645263672,22.687463760375977,21.881195068359375,20.76010513305664,19.962020874023438,20.278446197509766,21.547197341918945,22.714431762695312
12.876255989074707,15.924077033996582,17.811376571655273,18.29009437561035,18.93557357788086,19.88432502746582,20.216711044311523,20.2973690032959,21.147377014160156,22.653087615966797,23.88808822631836,23.976438522338867,22.5891170501709,20.506074905395508,19.31132698059082,19.408031463623047,19.494264602661133,19.19902229309082,20.1588077545166,23.08467674255371,26.86741828918457,29.843652725219727,31.42209815979004,32.08610916137695,31.50249671936035,28.504575729370117,23.394315719604492,18.963863372802734,18.321250915527344,21.662208557128906,25.8685245513916,27.93981170654297,27.632604598999023,26.489116668701172,25.829328536987305,25.671545028686523,25.079011917114258,23.63811683654785,22.045785903930664,21.44878387451172,22.180709838867188,23.4532413482666,24.307714462280273
14.349946022033691,16.371591567993164,17.533384323120117,18.401264190673828,19.883522033691406,20.970561981201172,20.46857261657715,19.582368850708008,20.114158630371094,21.93820571899414,23.743419647216797,24.421728134155273,23.420936584472656,21.36722183227539,20.17784881591797,20.576519012451172,20.997053146362305,20.269229888916016,20.05799674987793,22.061262130737305,25.609703063964844,28.830089569091797,30.873106002807617,32.20246887207031,32.28156661987305,29.490360260009766,24.07221221923828,19.541154861450195,19.411054611206055,22.724132537841797,25.947160720825195,27.237625122070312,27.189756393432617,27.018014907836914,27.296390533447266,27.661808013916016,27.16801643371582,25.595489501953125,24.079238891601562,23.794031143188477,24.550888061523438,25.497278213500977,26.153644561767578
15.739821434020996,18.170738220214844,19.484071731567383,19.741352081298828,20.37606430053711,20.946075439453125,20.322742462158203,19.40645408630371,19.770023345947266,21.6446533203125,23.975746154785156,25.35591697692871,24.80038833618164,22.573726654052734,20.569616317749023,20.390682220458984,21.057893753051758,20.863168716430664,20.59816551208496,21.943927764892578,24.837806701660156,27.947494506835938,30.40273666381836,32.264713287353516,32.646636962890625,29.93267059326172,24.909042358398438,21.037511825561523,20.661165237426758,22.728269577026367,24.9937744140625,26.253978729248047,26.762832641601562,27.280818939208984,28.0137939453125,28.472612380981445,28.075925827026367,27.080652236938477,26.45513343811035,26.46417236328125,26.652902603149414,26.848621368408203,27.17413330078125
17.507612228393555,20.424510955810547,21.584945678710938,20.761333465576172,20.313169479370117,20.736507415771484,20.920181274414062,20.608251571655273,20.721965789794922,22.158493041992188,24.55488395690918,26.500001907348633,26.382091522216797,23.93633270263672,20.993709564208984,19.748014450073242,20.215185165405273,20.868759155273438,21.259340286254883,22.366897583007812,24.715309143066406,27.48481559753418,29.934993743896484,31.888193130493164,32.298404693603516,29.879854202270508,25.70785903930664,22.536441802978516,21.745922088623047,22.735342025756836,24.321008682250977,25.552824020385742,26.310575485229492,27.11540412902832,28.04541015625,28.463912963867188,28.364151000976562,28.519948959350586,28.664121627807617,27.95937156677246,27.00048065185547,27.001672744750977,27.819963455200195
19.206092834472656,21.57014274597168,22.385988235473633,21.195281982421875,20.395212173461914,21.06899642944336,22.140178680419922,22.394044876098633,22.255701065063477,23.12164878845215,25.25092315673828,27.198219299316406,27.168399810791016,25.025127410888672,22.02122688293457,19.943939208984375,19.984394073486328,21.365772247314453,22.681427001953125,23.838823318481445,25.347686767578125,27.139198303222656,29.046585083007812,30.73192024230957,31.17533302307129,29.588359832763672,26.732561111450195,24.15531349182129,22.923377990722656,23.276866912841797,24.588407516479492,25.788394927978516,26.50653839111328,27.382461547851562,28.428890228271484,28.89706039428711,29.114286422729492,29.606781005859375,29.357074737548828,28.16752815246582,27.745906829833984,28.504213333129883,29.04594612121582
20.737306594848633,21.9793758392334,22.376707077026367,21.35940170288086,20.731292724609375,21.598020553588867,22.979755401611328,23.512203216552734,23.486360549926758,24.239803314208984,26.056291580200195,27.450468063354492,27.003673553466797,25.117483139038086,22.808191299438477,21.06344223022461,21.039093017578125,22.72694206237793,24.794126510620117,26.117164611816406,26.607833862304688,27.064350128173828,28.065629959106445,29.237773895263672,29.781028747558594,29.36057472229004,28.107402801513672,26.232961654663086,24.62482261657715,24.44405746459961,25.489660263061523,26.59154510498047,27.548728942871094,28.68291473388672,29.543437957763672,29.70632553100586,29.720659255981445,29.84800910949707,29.635801315307617,29.26239776611328,29.4704647064209,29.85041618347168,29.505184173583984
22.305089950561523,22.604501724243164,22.598421096801758,21.805908203125,21.356189727783203,22.132108688354492,23.3164005279541,23.95731544494629,24.406373977661133,25.413450241088867,26.871788024902344,27.512313842773438,26.385133743286133,24.34627914428711,22.61570930480957,21.858417510986328,22.764278411865234,25.080772399902344,27.203535079956055,27.818161010742188,27.259052276611328,26.97420883178711,27.537307739257812,28.38102149963379,29.094348907470703,29.711875915527344,29.73935317993164,28.451208114624023,26.445133209228516,25.28598403930664,25.53135871887207,26.785619735717773,28.65116310119629,30.0794734954834,30.145540237426758,29.62033462524414,29.567354202270508,29.845060348510742,29.936857223510742,29.97731590270996,30.26801300048828,30.001705169677734,28.62717056274414
23.910531997680664,23.503217697143555,23.167461395263672,22.488645553588867,22.054336547851562,22.682025909423828,23.861112594604492,24.759872436523438,25.55527687072754,26.553874969482422,27.424745559692383,27.361440658569336,25.9488582611084,23.840364456176758,22.1884708404541,22.455387115478516,24.935897827148438,27.6431827545166,28.49213218688965,27.61676788330078,26.751550674438477,26.948862075805664,27.732017517089844,28.46698570251465,29.407859802246094,30.63434600830078,31.104970932006836,29.783557891845703,27.030447006225586,24.741455078125,24.446392059326172,26.23851203918457,28.863231658935547,30.245405197143555,29.876312255859375,29.3282470703125,29.40177345275879,29.634977340698242,29.725831985473633,29.615047454833984,29.40654945373535,28.821300506591797,27.536836624145508
25.369335174560547,24.379592895507812,23.88946533203125,23.35784912109375,22.674774169921875,23.042551040649414,24.62323570251465,26.264978408813477,27.24018669128418,27.58766746520996,27.619691848754883,27.501495361328125,26.59537124633789,24.510337829589844,23.168060302734375,24.70992660522461,27.470645904541016,28.4258975982666,27.423826217651367,26.36768341064453,26.459800720214844,27.340469360351562,28.050838470458984,28.62704849243164,29.72415542602539,30.959943771362305,31.09145736694336,29.17871856689453,25.82097053527832,23.43722152709961,23.65822410583496,25.9914493560791,28.54485321044922,29.57665252685547,29.230064392089844,28.7607479095459,28.766786575317383,29.008729934692383,29.108858108520508,28.59670066833496,27.53318214416504,26.896839141845703,27.01119041442871
