data/wind_data/wind_52_4.json
{"header": {"parameterUnit": "KT", "parameterCategory": 2, "nx": 256, "ny": 198, "lo1": 44.73521041870117, "la1": -3.236724853515625, "lo2": 111.26478576660156, "la2": 43.468475341796875, "dx": 0.2609002888202667, "dy": -0.23708222806453705, "refTime": "2025-02-21 04:00:00", "forecastTime": 0, "parameterNumber": 2, "parameterNumberName": "eastward_wind"}, "data":
[rows 19 to 37 of 198, columns 176 to 219 of 256]
3.5639114379882812,5.378854751586914,5.9372687339782715,5.159400939941406,3.995615243911743,2.250462293624878,3.9638819694519043,5.162973880767822,5.467317581176758,5.371722221374512,6.590435981750488,6.928692817687988,6.501213550567627,5.577563762664795,4.825343608856201,4.721334457397461,4.9461469650268555,5.1374359130859375,5.518199920654297,5.815213203430176,5.8403801918029785,5.362431049346924,4.850571632385254,5.188520431518555,5.878453254699707,2.060595989227295,4.149562835693359,5.548408508300781,4.954509258270264,3.5004448890686035,2.587757110595703,2.8077754974365234,4.664515495300293,5.489682674407959,4.896398067474365,2.8781707286834717,2.2300379276275635,1.0346355438232422,-0.72489994764328,-2.1758134365081787,-2.2142493724823,-0.18171612918376923,1.2864223718643188,1.366222620010376
4.291565895080566,5.009692192077637,4.659834384918213,5.094660758972168,5.2901387214660645,4.915692329406738,5.755558490753174,6.020320415496826,5.41439962387085,5.804994106292725,6.853732585906982,7.18138313293457,6.5661821365356445,5.335561752319336,4.809097766876221,4.739548683166504,4.682136058807373,4.653616905212402,5.428264617919922,6.391576766967773,6.5686726570129395,5.553134441375732,4.827155590057373,5.294248580932617,6.088963508605957,6.815330505371094,7.603803634643555,5.643022060394287,2.222729444503784,0.9819592237472534,1.4942245483398438,3.184175968170166,4.995347499847412,6.086523532867432,5.140689373016357,1.2872693538665771,-1.1539798974990845,0.474004328250885,-2.206132411956787,-2.569364309310913,-1.6077687740325928,-0.6144602298736572,0.6751715540885925,0.42516788840293884
4.0610246658325195,4.432541847229004,4.730035781860352,4.916338920593262,4.65928840637207,5.2865424156188965,5.1802520751953125,5.6167073249816895,5.3762311935424805,5.943644046783447,6.8042683601379395,7.047938823699951,6.8604254722595215,5.451920509338379,4.876716613769531,4.615848064422607,4.21843957901001,4.054598331451416,4.960152626037598,6.278381824493408,6.953210830688477,5.346065044403076,3.455789804458618,3.237513303756714,3.4952433109283447,4.660867691040039,4.266626834869385,1.2084091901779175,-0.614202618598938,1.3005101680755615,3.000548839569092,3.4524500370025635,4.259335041046143,5.993866920471191,4.983248233795166,2.1014623641967773,0.30064448714256287,-0.07592154294252396,0.40819889307022095,-0.8083938360214233,-0.06385854631662369,0.27156931161880493,1.2850241661071777,0.8326607346534729
3.5423834323883057,4.165535926818848,5.120203018188477,5.985731601715088,5.934770107269287,5.847044467926025,4.614912986755371,4.622180938720703,5.152158737182617,6.170132637023926,6.525060176849365,6.335773944854736,6.31416654586792,5.377353668212891,5.289181232452393,4.790976047515869,4.130673885345459,3.5715830326080322,3.4992756843566895,4.909196853637695,5.248804569244385,3.594942808151245,0.9623863697052002,0.14392392337322235,1.388301968574524,2.740124225616455,2.4004993438720703,-0.06594644486904144,-0.045380380004644394,3.2496888637542725,3.7758092880249023,3.6489150524139404,4.981959342956543,5.6104536056518555,4.200933456420898,2.747324228286743,2.0105912685394287,2.3662562370300293,1.77449369430542,0.5907071828842163,1.6332825422286987,2.446322202682495,2.571655750274658,1.783434271812439
4.689632415771484,4.959388256072998,5.248718738555908,6.492997646331787,6.52988338470459,5.2948479652404785,5.331738471984863,5.053481101989746,5.338537216186523,6.16306734085083,6.412824630737305,5.908508777618408,5.5239434242248535,5.3862528800964355,5.345057964324951,5.041443824768066,4.641597270965576,3.431318998336792,2.0370121002197266,2.77406644821167,0.822134256362915,0.655368983745575,-0.6824746131896973,-0.5551106333732605,0.9495574235916138,1.5760464668273926,1.3205130100250244,1.2607022523880005,3.3017005920410156,5.435941219329834,4.536223411560059,5.315064907073975,6.28308629989624,5.182536602020264,3.1674115657806396,2.5683960914611816,1.7571324110031128,2.0159854888916016,0.3302258253097534,-0.06570788472890854,2.130859136581421,3.009133815765381,2.2191734313964844,1.5404402017593384
3.829336166381836,4.3197855949401855,4.807872772216797,5.927496433258057,6.0984015464782715,5.316185474395752,5.144924163818359,4.980894565582275,5.628962993621826,6.02022123336792,6.457986831665039,6.11566686630249,5.573449611663818,5.181055068969727,5.044739246368408,4.898078441619873,4.560943603515625,3.3669867515563965,2.1288115978240967,1.2989872694015503,-1.897300124168396,0.2220081239938736,0.9326501488685608,0.09999905526638031,0.6232876181602478,1.366971492767334,2.1807773113250732,3.406785488128662,5.128595352172852,5.635185718536377,4.720040321350098,5.476719379425049,5.015970706939697,2.972597122192383,0.617576003074646,-1.447489619255066,0.873498797416687,0.19709211587905884,0.9918500185012817,0.18509674072265625,1.0981742143630981,0.5891847014427185,0.257710337638855,0.7877315878868103
-1.7820581197738647,-0.6817139983177185,1.9496210813522339,2.829533338546753,3.0644404888153076,3.7591123580932617,4.489100456237793,4.288352966308594,5.2179646492004395,5.41216516494751,5.885531425476074,5.738771915435791,5.246713161468506,4.387653350830078,4.022472858428955,3.936677932739258,3.264753580093384,2.739985227584839,2.7570791244506836,1.4915993213653564,1.0949681997299194,2.1604580879211426,0.22940665483474731,-0.758901059627533,0.21828489005565643,2.5036182403564453,2.642920970916748,3.3127224445343018,5.380923748016357,5.350042819976807,4.232457637786865,3.283003330230713,1.6245794296264648,-0.651823103427887,-3.841275215148926,-7.413599967956543,2.5453243255615234,-0.5359944701194763,0.5999664664268494,-1.491482138633728,-1.935562014579773,-1.954725742340088,-0.5074661374092102,0.6358951330184937
-7.192846775054932,-6.049862861633301,-2.097754716873169,-2.152665138244629,-0.8631761074066162,0.7907056212425232,2.5666699409484863,3.5925822257995605,4.413220405578613,3.9680066108703613,4.1373610496521,4.039660453796387,3.7418293952941895,2.854219913482666,2.517892599105835,2.7699227333068848,1.8257006406784058,0.7448303699493408,0.998304545879364,0.7897112965583801,0.3050900399684906,-0.6910802721977234,-0.8250851631164551,-0.10729682445526123,0.6070579886436462,2.002357244491577,-0.09437932819128036,1.9343154430389404,4.039530277252197,3.494107246398926,2.034240961074829,0.7084348201751709,-0.51129549741745,-1.9017970561981201,-2.1108903884887695,-0.8424336314201355,0.5861185789108276,-0.3212911784648895,-2.2064216136932373,-3.9911067485809326,-3.190079927444458,-1.7857784032821655,-0.2126077264547348,-1.1007412672042847
-3.376077890396118,-2.618102788925171,-2.0094597339630127,-2.5628488063812256,-1.8170619010925293,-0.6492332816123962,0.9687060117721558,2.3145928382873535,2.2062461376190186,1.4419775009155273,1.779573917388916,1.7370535135269165,1.665253758430481,1.3341783285140991,1.4674967527389526,1.92596435546875,0.8778361678123474,-1.6310844421386719,-2.5180952548980713,-1.865760087966919,-1.2822681665420532,-0.5262090563774109,0.32204246520996094,0.7822383046150208,0.1664748191833496,-1.1402417421340942,-2.3519504070281982,-0.21723142266273499,1.8050096035003662,1.6105862855911255,0.10779064148664474,-0.5892030596733093,-1.0523000955581665,-2.102766513824463,-1.7725930213928223,0.40530911087989807,1.2167011499404907,-2.579803228378296,-5.1419291496276855,-4.964870929718018,-2.976436138153076,-1.0204746723175049,-1.4731276035308838,-3.4547905921936035
5.460205554962158,4.93304967880249,3.1378021240234375,2.844515085220337,0.7718528509140015,-0.6737807393074036,-0.7044070363044739,-0.09258627891540527,-0.8802199363708496,-0.46672534942626953,-0.12764424085617065,-0.14317430555820465,-0.1552773416042328,0.4575796127319336,0.5056619048118591,0.7256733775138855,-0.5749101042747498,-3.1195836067199707,-3.4582316875457764,-2.1963276863098145,-0.4806737005710602,0.9485898017883301,0.8817427754402161,-0.4976629316806793,-1.1199026107788086,-1.9512866735458374,-1.1701807975769043,-0.1670619398355484,0.3248681128025055,-0.27448439598083496,-1.5100923776626587,-1.8269859552383423,-1.8252021074295044,-2.9650702476501465,-4.384096145629883,-3.004729986190796,-2.0785722732543945,-4.9197211265563965,-6.346787452697754,-5.458601474761963,-3.2117273807525635,-1.7892872095108032,-3.8541767597198486,-5.377262592315674
1.95065176486969,3.0885915756225586,4.078211307525635,4.2380828857421875,1.7872016429901123,-0.2814284861087799,-1.3597917556762695,-1.7506344318389893,-2.1149847507476807,-1.8254534006118774,-1.2543290853500366,-1.097299337387085,-1.8387000560760498,-1.2869857549667358,-1.1400492191314697,-1.602138638496399,-2.3246476650238037,-2.5788443088531494,-1.3845330476760864,-0.07567525655031204,0.6814988255500793,0.5944695472717285,-0.7311009764671326,-0.6201584339141846,-0.5862486958503723,-1.0145760774612427,-1.0759621858596802,-1.1727862358093262,-0.9965912699699402,-2.2787630558013916,-3.444661855697632,-4.365377902984619,-4.576802730560303,-7.035232067108154,-8.150813102722168,-5.487493991851807,-4.474891662597656,-6.002472400665283,-7.605658054351807,-5.776254177093506,-3.975139617919922,-3.7386953830718994,-5.455631732940674,-5.871652603149414
1.2339891195297241,1.8714253902435303,0.14857077598571777,0.2224128246307373,-0.7274399399757385,0.26181328296661377,-0.5896779298782349,-1.458065390586853,-2.5615651607513428,-2.788665294647217,-2.336052656173706,-1.2262598276138306,-2.9809982776641846,-3.74428391456604,-2.5611162185668945,-2.965376853942871,-1.8231467008590698,-0.05346275493502617,-0.1349487155675888,-0.43084198236465454,-0.9512495398521423,-1.4990816116333008,-0.529263973236084,0.5535174012184143,-0.016832228749990463,-0.4714522361755371,-1.5522992610931396,-2.4085464477539062,-2.900575637817383,-4.690826892852783,-7.601547718048096,-11.83881664276123,-4.364793300628662,-9.052177429199219,-6.57284688949585,-5.0823822021484375,-5.75424861907959,-7.576022624969482,-7.567517280578613,-5.779186725616455,-4.928502559661865,-5.635208606719971,-6.720451831817627,-6.604422092437744
-1.0848455429077148,1.2722113132476807,-2.353578805923462,-0.9904031157493591,-2.177048921585083,1.1823872327804565,0.3464844822883606,-1.2167366743087769,-2.6412899494171143,-2.6468801498413086,-2.2629339694976807,-1.959952473640442,-3.5260565280914307,-2.4945921897888184,-0.1573231965303421,0.09570101648569107,0.7048028707504272,0.46858668327331543,-0.8379812836647034,-1.3798086643218994,-1.7462581396102905,-1.122385025024414,-0.3105030059814453,0.32380038499832153,-0.594970166683197,-1.8041855096817017,-2.9500789642333984,-4.658188343048096,-4.588906288146973,-5.280093669891357,-9.99516773223877,-6.437228679656982,-4.767457962036133,-4.721929550170898,-4.950343132019043,-5.567105770111084,-6.747659683227539,-7.156407833099365,-6.532041549682617,-6.062309741973877,-6.75590181350708,-7.985165596008301,-7.848119735717773,-7.177382946014404
-2.380769729614258,-1.6461615562438965,-2.557504415512085,-2.326139211654663,-1.0481674671173096,-0.2398086041212082,-0.6707524061203003,-2.024439573287964,-2.4503440856933594,-2.404952049255371,-2.021574020385742,-1.3485076427459717,-0.9746760129928589,0.1555671989917755,1.2020533084869385,1.243222951889038,0.4299507141113281,-0.42774879932403564,-0.6698033809661865,-0.97405606508255,-2.272231340408325,-2.1789300441741943,-2.577760934829712,-3.8345913887023926,-5.754214286804199,-6.849300384521484,-6.369671821594238,-6.3293304443359375,-5.522436141967773,-4.548077583312988,-5.430757522583008,-5.155947208404541,-5.608678817749023,-5.7281813621521,-6.836778163909912,-6.514906883239746,-5.854587554931641,-5.9560370445251465,-5.932840824127197,-6.798009395599365,-8.197454452514648,-8.661304473876953,-7.906160831451416,-7.106076717376709
-2.580590009689331,-2.1002156734466553,-3.0222275257110596,-2.4568991661071777,-2.427696466445923,-1.8059055805206299,-2.446030855178833,-3.140789747238159,-2.7438859939575195,-2.090097188949585,-1.2857348918914795,-0.8369331359863281,-0.5752702355384827,-0.6493577361106873,-0.9360210299491882,-1.0153827667236328,-1.044242024421692,-0.5465812683105469,-0.6727902889251709,-2.372208595275879,-4.153313159942627,-6.3107380867004395,-9.707847595214844,-10.997339248657227,-11.275603294372559,-11.679224014282227,-8.125961303710938,-4.804003715515137,-2.196471929550171,-3.054184675216675,-4.441615581512451,-5.80885124206543,-6.924767017364502,-7.19501256942749,-6.778341770172119,-5.928374767303467,-5.64348840713501,-5.373459339141846,-5.974806308746338,-7.701016902923584,-8.934951782226562,-8.610482215881348,-7.3916754722595215,-6.61117696762085
-3.110088348388672,-3.531770706176758,-3.30364727973938,-3.091196060180664,-2.6565868854522705,-2.7981839179992676,-3.2457334995269775,-3.7570295333862305,-3.82987904548645,-1.3914448022842407,-0.8735023736953735,-0.47487661242485046,-0.39628157019615173,-0.9140766263008118,-0.9407309889793396,-0.9898040890693665,-0.6231341361999512,-1.1713831424713135,-3.593545913696289,-5.426121234893799,-6.549079895019531,-10.712976455688477,-14.898202896118164,-10.30050277709961,-7.149359703063965,-5.529775619506836,-3.001589059829712,-2.516524076461792,-1.3785107135772705,-1.9495371580123901,-4.1633172035217285,-6.4704155921936035,-7.824557781219482,-7.727389812469482,-6.619375228881836,-5.838050842285156,-5.393818378448486,-5.466134548187256,-6.800999641418457,-8.66744327545166,-9.615045547485352,-8.994441032409668,-7.320346832275391,-6.374319553375244
-3.804539918899536,-4.264436721801758,-4.573253631591797,-4.501164436340332,-3.869603395462036,-5.845694541931152,-6.6373982429504395,-5.267425537109375,-5.567262649536133,-1.576581358909607,-1.2337180376052856,-0.06818611174821854,0.4563222825527191,-0.36404162645339966,-0.23003137111663818,-0.30405861139297485,-1.0643562078475952,-4.935719013214111,-8.154004096984863,-6.045372486114502,-4.824998378753662,-2.3441426753997803,-3.694810152053833,-3.1182734966278076,-3.9730782508850098,-2.6280760765075684,-3.2822489738464355,-4.063709259033203,-4.541958808898926,-4.7523980140686035,-6.0837883949279785,-7.447299480438232,-8.25174331665039,-7.828478813171387,-6.935072898864746,-6.245034694671631,-5.564155101776123,-5.767452239990234,-7.774892330169678,-9.88956069946289,-10.601879119873047,-9.429215431213379,-7.450325965881348,-6.738647937774658
-3.9383983612060547,-4.828951835632324,-5.6501688957214355,-5.323278427124023,-7.015508651733398,-9.658283233642578,-9.513070106506348,-6.922965049743652,-5.957394123077393,-2.2467775344848633,0.07563682645559311,-0.03096036985516548,0.6953756213188171,0.31892332434654236,-0.33038800954818726,-1.506571888923645,-3.2444615364074707,-3.4268698692321777,-5.189894199371338,-6.5543670654296875,-5.777652263641357,-5.002579212188721,-4.627163887023926,-5.026675224304199,-5.842981815338135,-6.005290508270264,-6.217457294464111,-6.33311653137207,-6.519021987915039,-6.622317790985107,-7.0538649559021,-7.786749839782715,-8.248679161071777,-7.975302696228027,-7.4336748123168945,-6.632180213928223,-5.978379249572754,-6.71458101272583,-8.859275817871094,-10.608081817626953,-10.344952583312988,-8.625920295715332,-6.982677936553955,-6.604089736938477
-4.53233003616333,-5.103522777557373,-5.483338356018066,-5.589504241943359,-3.9007723331451416,-2.263532876968384,-4.3242363929748535,-6.9352216720581055,-5.765905380249023,-3.0518620014190674,-1.7860009670257568,-2.19638991355896,-2.499176025390625,-3.2529282569885254,-7.808595657348633,-11.027953147888184,-9.081942558288574,-5.734282493591309,-6.589554309844971,-6.86041784286499,-4.888643741607666,-3.5752861499786377,-4.3029961585998535,-6.060815334320068,-6.4944963455200195,-6.842513084411621,-7.604227066040039,-8.264619827270508,-8.247773170471191,-7.552450656890869,-7.22454833984375,-7.641143798828125,-8.2186918258667,-8.426203727722168,-8.259627342224121,-7.839216709136963,-7.714634895324707,-8.121235847473145,-8.896240234375,-9.269301414489746,-8.430705070495605,-6.899045944213867,-6.085361003875732,-6.176117897033691
