data/wind_data/wind_47_1.json
{"header": {"parameterUnit": "KT", "parameterCategory": 2, "nx": 256, "ny": 198, "lo1": 44.73521041870117, "la1": -3.236724853515625, "lo2": 111.26478576660156, "la2": 43.468475341796875, "dx": 0.2609002888202667, "dy": -0.23708222806453705, "refTime": "2025-02-20 23:00:00", "forecastTime": 0, "parameterNumber": 2, "parameterNumberName": "eastward_wind"}, "data":
[rows 57 to 75 of 198, columns 172 to 214 of 256]
-11.70105266571045,-12.504317283630371,-12.69674015045166,-12.844531059265137,-11.572328567504883,-11.132246971130371,-11.244634628295898,-11.457056999206543,-10.079322814941406,-8.799651145935059,-8.127140998840332,-7.684144020080566,-6.872604846954346,-7.31402587890625,-5.845486164093018,-6.609875679016113,-5.503130912780762,-5.579782009124756,-4.782260894775391,-4.4238386154174805,-3.7284255027770996,-3.8656163215637207,-4.64573860168457,-5.4370856285095215,-6.204641819000244,-6.810802459716797,-7.106843948364258,-7.692518711090088,-7.346779823303223,-6.230006694793701,-5.668971538543701,-5.120569705963135,-3.1735599040985107,-0.5694128274917603,-1.1614385843276978,-0.4297468364238739,-0.7969037294387817,1.6467359066009521,6.425327301025391,4.086426734924316,1.9802157878875732,2.309609889984131,2.7456305027008057
-10.916403770446777,-11.896873474121094,-12.274008750915527,-11.955504417419434,-11.206707000732422,-10.621813774108887,-10.395302772521973,-10.143148422241211,-8.98455810546875,-7.900596618652344,-7.009834289550781,-4.347286224365234,-4.436161518096924,-6.962543487548828,-5.413578510284424,-6.339885234832764,-5.341640472412109,-4.9105963706970215,-4.404330253601074,-3.979381561279297,-3.7040090560913086,-3.7457401752471924,-4.433420658111572,-5.299578666687012,-6.214507579803467,-6.8236985206604,-7.263455867767334,-7.3921589851379395,-7.034503936767578,-6.061961650848389,-5.063746929168701,-4.695509433746338,-2.9611740112304688,-1.1838178634643555,-1.2589002847671509,-0.5924246907234192,-2.076516628265381,-1.3022352457046509,3.7084364891052246,3.5751895904541016,-0.4018043577671051,-0.5357574224472046,0.6857583522796631
-10.593798637390137,-11.32890796661377,-11.204062461853027,-10.805150032043457,-10.103228569030762,-9.70417308807373,-9.563746452331543,-9.228311538696289,-8.408555030822754,-7.506462574005127,-6.728331089019775,-4.002328872680664,-1.9371654987335205,-5.24086332321167,-5.312353134155273,-4.883926868438721,-5.145097732543945,-4.087557792663574,-4.050360202789307,-3.248169422149658,-3.151296615600586,-2.8560335636138916,-3.337714672088623,-4.4908671379089355,-6.0663228034973145,-6.645519733428955,-6.630934715270996,-6.5212860107421875,-6.256134986877441,-5.692049980163574,-4.6851911544799805,-4.23703145980835,-2.881279230117798,-1.3763116598129272,-1.6212971210479736,-1.225326418876648,-3.8071982860565186,-3.0350451469421387,2.2161366939544678,0.2621958553791046,-2.251737594604492,-2.011315107345581,-1.8904156684875488
-9.41650104522705,-10.329254150390625,-10.694668769836426,-10.262653350830078,-9.202174186706543,-8.855523109436035,-8.688186645507812,-7.927090167999268,-7.276815891265869,-6.597201824188232,-6.354659557342529,-3.732215404510498,0.42347317934036255,-2.681166410446167,-4.9449567794799805,-3.426287889480591,-4.6584858894348145,-3.6935195922851562,-3.7659595012664795,-2.7126102447509766,-2.4664528369903564,-2.1898958683013916,-2.7536025047302246,-3.6928699016571045,-5.199116230010986,-6.221518516540527,-6.283707618713379,-5.749501705169678,-5.287878513336182,-5.0341033935546875,-4.362840175628662,-3.6894147396087646,-2.841813564300537,-2.830559253692627,-2.4431822299957275,-2.700070381164551,-5.269665241241455,-3.115675687789917,3.144108295440674,-0.6644189953804016,-1.9209057092666626,-2.6998584270477295,-3.317075729370117
-8.733009338378906,-9.066585540771484,-9.261123657226562,-8.882469177246094,-8.311039924621582,-7.628063678741455,-7.289243221282959,-7.127960681915283,-6.762176990509033,-6.185642242431641,-5.676608085632324,-4.191821575164795,-1.1108241081237793,-1.4591176509857178,-4.082788467407227,-2.1903538703918457,-3.7549777030944824,-2.850184440612793,-3.2877144813537598,-2.386502504348755,-2.0604746341705322,-1.7278127670288086,-2.3643147945404053,-3.27742600440979,-4.371236801147461,-5.343594074249268,-5.2081074714660645,-4.532179832458496,-4.360070705413818,-4.340655326843262,-3.59030818939209,-3.18916916847229,-3.7130002975463867,-5.003985404968262,-3.3307719230651855,-4.241305828094482,-5.905569553375244,-1.2051193714141846,4.220908164978027,-0.13948017358779907,-0.9820643067359924,-3.242020606994629,-3.8299546241760254
-8.10601806640625,-8.252382278442383,-8.566621780395508,-8.29886245727539,-7.701322555541992,-7.250187873840332,-6.855631351470947,-6.5735554695129395,-6.1631011962890625,-5.716255187988281,-4.952991008758545,-4.261852741241455,-2.439081907272339,-1.304856300354004,-3.67496395111084,-1.277287244796753,-2.7183010578155518,-1.7788047790527344,-2.325486421585083,-1.471482276916504,-1.2640533447265625,-1.1556107997894287,-1.8154592514038086,-2.6866209506988525,-3.5929489135742188,-4.209414482116699,-4.0967607498168945,-3.7855331897735596,-3.849844455718994,-3.3672432899475098,-2.2501327991485596,-2.3437047004699707,-4.509609699249268,-6.896188259124756,-4.88447904586792,-6.053552150726318,-6.215425491333008,0.1283995360136032,4.330908298492432,0.6565983891487122,-0.6451882123947144,-3.1322500705718994,-3.301265001296997
-7.397705554962158,-7.450667858123779,-7.674213409423828,-7.605929374694824,-7.152604579925537,-6.369375228881836,-5.716744422912598,-5.430325031280518,-4.962023735046387,-4.7209320068359375,-4.660778999328613,-4.269643306732178,-3.217393159866333,-0.16241812705993652,-3.2945363521575928,-0.9103418588638306,-1.675862193107605,-1.0705792903900146,-1.2396901845932007,-0.5302243828773499,-0.16896401345729828,-0.2235977053642273,-1.0041348934173584,-1.9243130683898926,-2.6119415760040283,-3.0981180667877197,-3.3987913131713867,-3.5575013160705566,-3.7993626594543457,-3.0209739208221436,-1.605649471282959,-1.5190256834030151,-4.572593688964844,-6.511038780212402,-6.10341215133667,-6.646026134490967,-5.375288963317871,0.6069143414497375,4.057650566101074,1.6641520261764526,-1.2703642845153809,-3.146254301071167,-2.5110459327697754
-7.173253536224365,-6.955075740814209,-6.863603591918945,-6.756890296936035,-6.423266410827637,-6.014479160308838,-5.357529640197754,-4.797560214996338,-4.170325756072998,-3.680767297744751,-3.7811379432678223,-3.982283115386963,-3.0010647773742676,-0.37972691655158997,-1.9934132099151611,-1.4539788961410522,-1.112563133239746,-0.7562683820724487,-0.3927803933620453,0.12921452522277832,0.5892144441604614,0.6372438073158264,0.15170782804489136,-0.5632951855659485,-1.4960626363754272,-2.216049909591675,-2.928004264831543,-3.613619804382324,-4.196272373199463,-3.178868055343628,-1.5213254690170288,-1.3544819355010986,-4.120393753051758,-6.245969772338867,-7.210186004638672,-5.410682201385498,-3.571465015411377,1.7683287858963013,4.543393611907959,0.8675423264503479,-2.503469228744507,-3.0956032276153564,-2.517961025238037
-6.658140182495117,-6.699620723724365,-6.409050464630127,-6.089028358459473,-5.7379679679870605,-5.499802589416504,-5.087752342224121,-4.24660587310791,-3.5419890880584717,-3.2221386432647705,-3.0975632667541504,-3.2432422637939453,-2.9124953746795654,-2.008413791656494,-1.55418062210083,-1.2876652479171753,-1.0510369539260864,-0.8394239544868469,-0.5437722206115723,0.15197838842868805,0.5941463112831116,0.805404543876648,0.7227045893669128,0.4382421374320984,-0.5811972618103027,-1.6111464500427246,-2.605875253677368,-3.8193840980529785,-4.359165668487549,-3.72861647605896,-2.619389295578003,-2.877758264541626,-4.616649150848389,-6.901978492736816,-6.763449668884277,-3.3979365825653076,0.5317851901054382,3.077562093734741,0.944227397441864,-2.802241563796997,-3.166867733001709,-2.2899999618530273,-1.6206064224243164
-6.227383136749268,-6.068057537078857,-5.754934787750244,-5.549623489379883,-5.272012233734131,-5.036048412322998,-4.678256511688232,-3.670768976211548,-2.8906211853027344,-2.5307393074035645,-2.3509528636932373,-2.4932901859283447,-2.277329921722412,-1.865997076034546,-1.1814196109771729,-0.7190852761268616,-0.5672070384025574,-0.6209728121757507,-0.5694831609725952,-0.22890059649944305,0.17203889787197113,0.4772508442401886,0.714789092540741,0.6971626281738281,0.09742633253335953,-0.8921902179718018,-2.169099807739258,-3.7456486225128174,-4.601278305053711,-4.999110221862793,-4.610734939575195,-5.241294860839844,-3.7632477283477783,-7.6131110191345215,-7.249195098876953,-1.367384433746338,1.3482331037521362,0.26684343814849854,-3.320770502090454,-4.5270233154296875,-3.4324722290039062,-2.059415340423584,-1.6075019836425781
-5.479497909545898,-5.393701076507568,-5.190413951873779,-5.003833293914795,-4.763314247131348,-4.613556385040283,-4.252591133117676,-3.4051945209503174,-2.3942275047302246,-1.797499656677246,-1.529470682144165,-1.6352827548980713,-1.8093101978302002,-1.4359776973724365,-0.6641809344291687,-0.09970176964998245,0.25059282779693604,0.19751179218292236,0.17283600568771362,0.06067320331931114,0.1497635692358017,0.4553431272506714,0.7466526031494141,0.6577407121658325,0.09019307047128677,-0.5187779068946838,-1.602508783340454,-3.5445926189422607,-5.1927714347839355,-5.997539520263672,-5.653059482574463,-5.289055347442627,-4.9804911613464355,-7.254637718200684,-4.912810802459717,-2.2365522384643555,-1.7784247398376465,-2.0776309967041016,-4.0411152839660645,-5.097174167633057,-3.611182689666748,-1.9314525127410889,-1.2958904504776
-4.780514240264893,-4.666306972503662,-4.591835975646973,-4.36930513381958,-4.160459041595459,-4.0382161140441895,-3.8574962615966797,-3.1191649436950684,-1.9454991817474365,-1.2567156553268433,-0.7836375832557678,-0.8172445297241211,-1.0819945335388184,-1.0164581537246704,-0.31912654638290405,0.24416159093379974,1.03477942943573,0.8343523144721985,0.6649302840232849,0.4252427816390991,0.4649558961391449,0.8417256474494934,1.097116470336914,0.9022549390792847,0.21376708149909973,-0.7889659404754639,-1.5621345043182373,-3.1383464336395264,-5.127753257751465,-6.993770599365234,-6.730388641357422,-4.692428112030029,-6.6642632484436035,-7.95038366317749,-3.5183513164520264,-3.384884834289551,-4.536473274230957,-2.7388503551483154,-2.7828619480133057,-5.272589206695557,-6.261674404144287,-5.817613124847412,-3.5157787799835205
-4.095166206359863,-4.069632053375244,-4.113893985748291,-3.875755548477173,-3.5251080989837646,-3.1775052547454834,-3.1108052730560303,-2.5886287689208984,-1.579691767692566,-0.7425001263618469,-0.12110583484172821,-0.07326485961675644,-0.46936842799186707,-0.5461573600769043,0.17178836464881897,0.39022088050842285,1.3600375652313232,0.9440569281578064,0.8196818828582764,0.4596638083457947,0.3756681978702545,0.8486365675926208,0.9860481023788452,0.888032078742981,0.6745455861091614,-0.7444727420806885,-1.7365546226501465,-2.6801934242248535,-4.282436847686768,-6.837094306945801,-7.573649883270264,-2.9725639820098877,-3.785543203353882,-7.6889848709106445,-4.878813743591309,-6.131059169769287,-6.824916362762451,-3.9081175327301025,-2.3287649154663086,-6.501010417938232,-9.576738357543945,-9.935903549194336,-9.795615196228027
-3.533400774002075,-3.580218553543091,-3.8073437213897705,-3.557363271713257,-3.1789662837982178,-2.492827892303467,-2.1655101776123047,-1.7342302799224854,-0.9792884588241577,-0.12687167525291443,0.43095365166664124,0.4808554947376251,0.17098811268806458,-0.03196822106838226,0.726367175579071,0.7767144441604614,1.6998878717422485,0.9329652190208435,0.925067126750946,0.579134464263916,0.5461344718933105,0.7968407869338989,0.5448062419891357,0.21258853375911713,0.5352334976196289,-0.14969323575496674,-1.6870037317276,-2.522825241088867,-2.8397631645202637,-5.044881343841553,-5.670113563537598,-3.9527535438537598,-5.168725967407227,-4.845823287963867,-6.078110218048096,-7.457930088043213,-7.312565326690674,-5.030948162078857,-3.6321187019348145,-7.334975719451904,-9.974896430969238,-11.262798309326172,-12.451645851135254
-3.3022708892822266,-3.395622730255127,-3.4758546352386475,-3.2274725437164307,-2.906912326812744,-2.1321253776550293,-1.3610918521881104,-0.634423017501831,0.051173243671655655,0.6147239804267883,1.1617417335510254,1.155905842781067,0.7027643322944641,0.275794118642807,1.1883190870285034,1.2898346185684204,2.1390111446380615,1.271088719367981,1.5074255466461182,1.2386571168899536,1.1097354888916016,1.1865906715393066,0.5307359099388123,-0.25782904028892517,-0.0012896291445940733,0.26401644945144653,-1.3320295810699463,-2.431555986404419,-2.052349090576172,-2.4156157970428467,-1.632908582687378,-4.336833953857422,-5.739807605743408,-4.465207099914551,-8.676755905151367,-9.043402671813965,-5.124277591705322,-2.2329254150390625,-4.112766742706299,-7.921200752258301,-10.063835144042969,-11.392610549926758,-12.171780586242676
-3.4191460609436035,-3.546874523162842,-3.3817903995513916,-3.0418753623962402,-2.509544849395752,-1.7338207960128784,-0.7485193610191345,0.06596733629703522,0.7771187424659729,1.3157570362091064,1.9398103952407837,2.036884307861328,1.3968923091888428,0.4005219042301178,1.204419493675232,1.3498954772949219,2.6053266525268555,1.6909003257751465,2.397975206375122,1.5970464944839478,1.4808729887008667,1.5164737701416016,0.6178067922592163,0.22103360295295715,0.36286747455596924,0.6617738604545593,-1.0973331928253174,-2.731466054916382,-2.1408417224884033,-1.8325949907302856,-0.1530745029449463,-3.0877561569213867,-6.211630821228027,-5.091583251953125,-6.965366363525391,-9.418681144714355,-6.22843599319458,-0.24234066903591156,-3.391951560974121,-8.624345779418945,-9.70395278930664,-10.114789962768555,-10.692753791809082
-3.2977209091186523,-3.5139987468719482,-3.266230344772339,-2.8282134532928467,-2.196319341659546,-1.4042761325836182,-0.42687785625457764,0.39059001207351685,1.3438445329666138,2.0691378116607666,2.668919563293457,2.8657493591308594,2.163390874862671,0.5357667803764343,0.5963943600654602,0.8325197696685791,2.3915107250213623,1.9503085613250732,3.106519937515259,1.4084575176239014,1.561869502067566,1.9067522287368774,0.8836216926574707,1.240891933441162,1.664284348487854,1.5807225704193115,-0.33703628182411194,-3.108717441558838,-2.664790391921997,-2.585153579711914,-1.3468254804611206,-3.7493579387664795,-5.790646553039551,-4.638803958892822,-6.42167329788208,-10.466480255126953,-6.64985466003418,-0.2865368723869324,-2.057177782058716,-10.724958419799805,-8.167536735534668,-8.33021068572998,-10.333382606506348
-2.769162654876709,-2.840064287185669,-2.701603651046753,-2.4763331413269043,-1.8725591897964478,-1.1350494623184204,-0.1964484006166458,0.6052930355072021,1.624821662902832,2.4486944675445557,3.1544675827026367,3.5389294624328613,2.954632520675659,1.1035206317901611,-0.20168809592723846,0.3369849622249603,1.6007004976272583,2.1688578128814697,2.7179763317108154,1.3494462966918945,1.0734139680862427,1.6345564126968384,1.0451096296310425,1.2398877143859863,2.3279809951782227,2.744433641433716,0.530158519744873,-2.537048578262329,-3.1889760494232178,-5.093733310699463,-4.559438228607178,-4.081231117248535,-6.188035011291504,-4.692848205566406,-7.434388160705566,-11.84656047821045,-5.0981855392456055,-1.976671576499939,-5.296759605407715,-11.932331085205078,-7.725403308868408,-6.883552551269531,-9.117477416992188
-1.8221994638442993,-1.8096885681152344,-1.681186318397522,-1.697523593902588,-1.2056193351745605,-0.8247872591018677,0.09131202846765518,0.8233703970909119,1.6167043447494507,2.3205275535583496,2.9380314350128174,3.4170854091644287,3.0074193477630615,1.8088891506195068,-0.2454555332660675,0.5928089618682861,0.7575252056121826,1.8609092235565186,1.447572946548462,3.385937213897705,2.751626491546631,1.998893141746521,1.4850647449493408,0.42091578245162964,2.6406352519989014,3.6039645671844482,0.8351672887802124,-1.2347568273544312,-3.0181846618652344,-7.114224910736084,-6.248688697814941,0.9133467078208923,-0.5867406725883484,-8.513162612915039,-9.942091941833496,-10.631604194641113,-5.717728137969971,-3.948439836502075,-8.51313304901123,-11.253334045410156,-5.666748046875,-3.6274192333221436,-8.689813613891602
