data/wind_data/wind_71_5.json
{"header": {"parameterUnit": "KT", "parameterCategory": 2, "nx": 256, "ny": 198, "lo1": 44.73521041870117, "la1": -3.236724853515625, "lo2": 111.26478576660156, "la2": 43.468475341796875, "dx": 0.2609002888202667, "dy": -0.23708222806453705, "refTime": "2025-02-21 23:00:00", "forecastTime": 0, "parameterNumber": 2, "parameterNumberName": "eastward_wind"}, "data":
[rows 76 to 94 of 198, columns 176 to 219 of 256]
16.014698028564453,16.795276641845703,17.4658260345459,18.03121566772461,18.485275268554688,19.036746978759766,19.637144088745117,19.817302703857422,19.499191284179688,19.479623794555664,19.67710304260254,19.48145866394043,19.200740814208984,19.211179733276367,19.44427490234375,19.665613174438477,19.92770767211914,19.794574737548828,18.969449996948242,18.129518508911133,18.59922981262207,19.55357551574707,20.946861267089844,22.825607299804688,23.921646118164062,24.13279151916504,23.51788902282715,17.98895263671875,16.469879150390625,16.863611221313477,17.8437557220459,18.497709274291992,17.966552734375,17.179157257080078,17.768287658691406,18.744403839111328,18.882417678833008,18.64540672302246,18.8854923248291,19.21259880065918,19.413740158081055,20.060300827026367,20.206342697143555,19.76558494567871
16.281938552856445,17.148542404174805,17.87067985534668,18.5032901763916,19.06240463256836,19.66893196105957,20.378164291381836,20.703683853149414,20.301462173461914,20.218557357788086,20.45258903503418,20.513500213623047,20.419126510620117,20.279443740844727,20.171241760253906,20.15837287902832,20.49452018737793,20.60527801513672,19.524127960205078,18.10983657836914,18.08391571044922,19.352313995361328,21.33355140686035,23.1884765625,24.58892250061035,25.185901641845703,25.995540618896484,20.90522003173828,17.214130401611328,16.631473541259766,17.721662521362305,18.96137046813965,18.601533889770508,17.557893753051758,17.93541145324707,18.667299270629883,18.800586700439453,18.905433654785156,19.65309715270996,20.661495208740234,20.667743682861328,20.882585525512695,20.65662956237793,19.902271270751953
16.287202835083008,17.23030662536621,18.07984161376953,18.816919326782227,19.4808349609375,20.069337844848633,20.72593879699707,21.167217254638672,20.770721435546875,20.73586654663086,21.060510635375977,21.272172927856445,21.53435707092285,21.572463989257812,21.359882354736328,21.14081573486328,21.13414192199707,20.866378784179688,19.894699096679688,19.228744506835938,19.23367691040039,19.735565185546875,21.565250396728516,22.917835235595703,24.819551467895508,26.485387802124023,27.188486099243164,23.8986873626709,19.44542694091797,17.54994010925293,17.604551315307617,18.607322692871094,18.750728607177734,17.99740982055664,18.19540786743164,18.774667739868164,19.13129234313965,19.341129302978516,20.044858932495117,21.33377456665039,21.633520126342773,21.76622772216797,21.35424041748047,20.423599243164062
16.009937286376953,16.973567962646484,17.912540435791016,18.793872833251953,19.58597183227539,20.296634674072266,20.861541748046875,21.204904556274414,20.82304573059082,20.78474235534668,21.44045639038086,21.856103897094727,22.27387809753418,22.527719497680664,22.491411209106445,22.39188575744629,22.31222915649414,21.748083114624023,21.040180206298828,20.810091018676758,20.782989501953125,20.490745544433594,21.618270874023438,22.75041961669922,24.850841522216797,26.72542953491211,28.140377044677734,26.080360412597656,22.4693546295166,19.60126495361328,18.642850875854492,18.949390411376953,19.091976165771484,18.65986442565918,18.407894134521484,18.590694427490234,19.379749298095703,20.1638126373291,20.862638473510742,21.779132843017578,22.482818603515625,22.82645606994629,22.051977157592773,21.085336685180664
15.477082252502441,16.54888153076172,17.531848907470703,18.4766788482666,19.35424041748047,20.2143497467041,20.996084213256836,21.260986328125,20.900833129882812,20.656213760375977,21.386093139648438,22.112194061279297,22.712080001831055,23.13640594482422,23.296674728393555,23.519285202026367,23.787355422973633,23.141080856323242,22.462738037109375,22.309051513671875,22.235977172851562,21.886478424072266,22.068578720092773,23.347217559814453,24.790945053100586,26.38639259338379,28.058292388916016,27.523679733276367,24.17479705810547,21.41325569152832,20.462543487548828,20.022607803344727,19.335250854492188,18.699756622314453,18.43787384033203,18.50778579711914,19.357433319091797,20.62900161743164,21.708080291748047,22.544937133789062,23.007614135742188,22.940616607666016,22.346193313598633,21.73290252685547
14.826099395751953,15.939384460449219,16.991863250732422,17.956186294555664,18.8443546295166,19.757741928100586,20.793407440185547,21.459888458251953,21.296064376831055,20.98469352722168,21.303319931030273,21.968185424804688,22.67414093017578,23.407381057739258,23.804241180419922,24.204261779785156,24.917177200317383,24.686349868774414,23.965030670166016,23.544761657714844,23.291181564331055,22.991004943847656,22.756134033203125,23.843883514404297,25.360342025756836,26.36647605895996,28.532075881958008,29.28280258178711,26.05267906188965,22.813486099243164,21.633726119995117,20.7159366607666,19.477039337158203,18.69940757751465,18.43798065185547,18.820749282836914,19.930294036865234,20.881120681762695,21.497509002685547,22.535676956176758,22.962480545043945,22.675357818603516,22.528736114501953,22.483190536499023
14.180014610290527,15.234054565429688,16.265859603881836,17.237781524658203,18.055944442749023,18.876258850097656,19.91961669921875,21.06514549255371,21.570470809936523,21.45728302001953,21.51085090637207,21.927560806274414,22.43819236755371,23.2109375,24.112443923950195,25.013023376464844,25.265417098999023,25.232532501220703,25.046947479248047,24.794416427612305,24.16169548034668,23.653318405151367,23.224529266357422,24.018959045410156,26.101102828979492,28.131227493286133,29.13104248046875,30.431577682495117,29.060287475585938,23.797388076782227,21.779674530029297,20.714828491210938,19.890695571899414,19.544031143188477,19.419910430908203,20.125120162963867,21.321853637695312,21.686555862426758,21.430191040039062,21.905624389648438,22.582199096679688,22.695592880249023,22.784555435180664,22.995710372924805
13.226908683776855,14.341476440429688,15.322158813476562,16.230104446411133,16.924123764038086,17.467355728149414,18.34230613708496,19.704282760620117,21.000629425048828,21.450336456298828,21.646961212158203,22.09209442138672,22.60834503173828,23.323190689086914,24.357017517089844,25.453535079956055,24.794017791748047,24.557947158813477,25.222719192504883,25.458904266357422,25.044677734375,24.652297973632812,24.050033569335938,24.565385818481445,26.331317901611328,29.393495559692383,29.566282272338867,30.593748092651367,32.41154479980469,27.31419563293457,22.30269432067871,20.174457550048828,21.259174346923828,21.471033096313477,20.696334838867188,21.00285530090332,21.730195999145508,22.062576293945312,21.96164894104004,22.088319778442383,22.675321578979492,23.133562088012695,23.22038459777832,23.136302947998047
11.642268180847168,12.696877479553223,13.597068786621094,14.360272407531738,14.892230033874512,15.198810577392578,15.889471054077148,17.324630737304688,19.03036880493164,20.223459243774414,21.004867553710938,21.84899139404297,22.714387893676758,23.891759872436523,25.109973907470703,25.222259521484375,23.38583755493164,23.625465393066406,24.9279727935791,25.534006118774414,25.485824584960938,25.334882736206055,24.82096290588379,25.147401809692383,26.875747680664062,29.506393432617188,31.36026382446289,31.513408660888672,32.31447982788086,29.7728271484375,25.282665252685547,22.407020568847656,23.20255470275879,24.179039001464844,23.598907470703125,22.8231201171875,22.27130889892578,21.62162208557129,21.354228973388672,22.072391510009766,23.58100128173828,24.341039657592773,24.081161499023438,23.68122100830078
9.869611740112305,10.717011451721191,11.464301109313965,12.023517608642578,12.364709854125977,12.702817916870117,13.446098327636719,14.73382568359375,16.252803802490234,17.75975799560547,19.183635711669922,20.559432983398438,21.80841827392578,23.587480545043945,24.85384750366211,24.393260955810547,23.114036560058594,23.995590209960938,24.913766860961914,25.13155174255371,25.195354461669922,25.13279914855957,25.645177841186523,26.734512329101562,28.437389373779297,29.22079086303711,31.1460018157959,31.8575496673584,31.942909240722656,31.335607528686523,28.545351028442383,25.124958038330078,24.246591567993164,25.233184814453125,25.79353141784668,24.82164764404297,23.118091583251953,22.233285903930664,21.995182037353516,22.79757308959961,24.648649215698242,25.381113052368164,25.092533111572266,24.903560638427734
8.379817008972168,9.189156532287598,9.918688774108887,10.36577033996582,10.570634841918945,10.916555404663086,11.69344425201416,12.661401748657227,13.5712308883667,14.80300521850586,16.438955307006836,18.157289505004883,19.84009552001953,21.787879943847656,22.67253875732422,22.416688919067383,22.422161102294922,23.970911026000977,24.93169593811035,24.888721466064453,24.771251678466797,24.77105140686035,25.799022674560547,27.812442779541016,30.042800903320312,29.574365615844727,30.126235961914062,31.11338996887207,31.721355438232422,31.9233341217041,30.317873001098633,27.48446273803711,25.65789794921875,25.860124588012695,26.363082885742188,25.554054260253906,23.753843307495117,22.986217498779297,23.925722122192383,25.014148712158203,26.02437973022461,26.1163272857666,26.238008499145508,26.82782745361328
7.072658061981201,7.823466777801514,8.546320915222168,8.944343566894531,8.943458557128906,8.934191703796387,9.310762405395508,9.96243667602539,10.506682395935059,11.29889965057373,12.707496643066406,14.538453102111816,16.640396118164062,18.5699520111084,19.514293670654297,19.48788070678711,20.0654296875,22.21029281616211,24.12455177307129,24.637231826782227,24.242834091186523,24.699560165405273,26.316959381103516,29.008743286132812,30.64400291442871,30.223417282104492,29.92417335510254,30.323984146118164,31.09897804260254,31.718059539794922,30.976028442382812,29.10873794555664,27.57594108581543,26.59882164001465,25.93627166748047,24.968955993652344,24.122880935668945,24.00836181640625,25.613685607910156,27.098918914794922,27.714618682861328,27.3880558013916,27.280075073242188,28.39826202392578
6.545108318328857,7.152372360229492,7.6831231117248535,8.031336784362793,8.051037788391113,7.832844257354736,7.796092987060547,8.217059135437012,8.820286750793457,9.436378479003906,10.355473518371582,11.736833572387695,13.78600788116455,15.651792526245117,17.017221450805664,17.233154296875,17.770557403564453,19.783472061157227,22.110809326171875,23.25431251525879,23.334508895874023,24.346603393554688,26.53858184814453,29.295124053955078,30.360898971557617,30.803070068359375,30.476367950439453,30.510501861572266,30.788362503051758,30.868724822998047,30.733598709106445,29.733261108398438,29.197359085083008,28.44602394104004,26.946083068847656,25.587705612182617,24.952911376953125,25.05521011352539,27.388248443603516,29.55976104736328,30.04325294494629,29.26986312866211,28.86347770690918,29.887065887451172
7.131292343139648,7.534125804901123,7.981013298034668,8.287453651428223,8.339361190795898,8.032090187072754,7.707244396209717,7.950013160705566,8.617854118347168,9.194317817687988,10.006197929382324,11.235013008117676,13.219563484191895,15.052809715270996,16.695112228393555,17.158464431762695,17.271352767944336,18.243799209594727,19.977439880371094,21.24348258972168,21.9454288482666,23.701433181762695,25.955184936523438,28.53392219543457,30.5123291015625,30.27924156188965,29.691038131713867,30.148550033569336,31.107027053833008,30.76505470275879,30.723299026489258,30.184396743774414,29.010723114013672,28.320659637451172,27.126911163330078,25.962343215942383,25.751270294189453,26.49705696105957,28.91659164428711,31.615081787109375,32.75405502319336,31.88161849975586,30.34349250793457,30.08222770690918
8.525991439819336,8.599853515625,8.759607315063477,8.967915534973145,9.096366882324219,8.985915184020996,8.813018798828125,8.952193260192871,9.293572425842285,9.451828002929688,10.084368705749512,11.511968612670898,13.684115409851074,15.818439483642578,17.362672805786133,17.560091018676758,17.225196838378906,17.490262985229492,18.549474716186523,19.578847885131836,20.490394592285156,22.74793243408203,25.99308204650879,28.6187686920166,29.792503356933594,29.82951545715332,29.239667892456055,29.48244285583496,30.688302993774414,31.0158748626709,30.280601501464844,29.37605857849121,28.45520782470703,27.506765365600586,27.663284301757812,26.979021072387695,26.225690841674805,27.00579261779785,29.473777770996094,32.27012634277344,33.10108184814453,32.442718505859375,30.86415672302246,29.346147537231445
10.398472785949707,10.381648063659668,10.080288887023926,9.796650886535645,9.69292163848877,9.714431762695312,9.979776382446289,10.422330856323242,10.774778366088867,10.74434757232666,11.098737716674805,12.580082893371582,14.763853073120117,17.01435089111328,17.80100440979004,17.436365127563477,17.249635696411133,17.646133422851562,18.258922576904297,18.66385269165039,19.267091751098633,21.814571380615234,25.883941650390625,29.17096710205078,29.862407684326172,29.64434051513672,29.3651180267334,29.121063232421875,29.662431716918945,30.18804359436035,30.054523468017578,29.22590446472168,28.123289108276367,28.208494186401367,29.105669021606445,28.593259811401367,27.63854217529297,27.807273864746094,29.14792823791504,31.348194122314453,32.768638610839844,32.757843017578125,32.28921127319336,31.161996841430664
12.203802108764648,12.320058822631836,11.870247840881348,11.232037544250488,10.72282600402832,10.528681755065918,10.77197551727295,11.248723983764648,11.845824241638184,12.238630294799805,12.8959321975708,14.776520729064941,16.96339225769043,18.06497573852539,17.91619873046875,17.26580810546875,17.63994789123535,18.72024917602539,19.666282653808594,19.6184024810791,19.517160415649414,21.583507537841797,25.408592224121094,28.350692749023438,29.13554573059082,29.044084548950195,28.570911407470703,28.388002395629883,28.423311233520508,28.627655029296875,28.964000701904297,28.305002212524414,27.74886131286621,28.751989364624023,29.852237701416016,29.388446807861328,28.717525482177734,29.21424674987793,30.352020263671875,31.54193115234375,32.35057830810547,33.01755142211914,34.14616394042969,34.36933517456055
13.000262260437012,13.32837963104248,13.060962677001953,12.57742977142334,12.100014686584473,11.888588905334473,12.054969787597656,12.390266418457031,12.824560165405273,13.330585479736328,14.430459976196289,16.80624771118164,18.398433685302734,18.741466522216797,18.604890823364258,17.96674919128418,18.171924591064453,19.333141326904297,20.85434913635254,21.537212371826172,21.732275009155273,22.956544876098633,25.37688446044922,26.961660385131836,27.211082458496094,27.271421432495117,27.080177307128906,27.284902572631836,27.03872299194336,26.69643211364746,26.82530975341797,26.352420806884766,26.59821128845215,28.118257522583008,29.04026985168457,28.758075714111328,28.889978408813477,29.57159423828125,31.845659255981445,32.638206481933594,32.926918029785156,33.55916213989258,35.258453369140625,36.33338165283203
12.572369575500488,12.911235809326172,12.854819297790527,12.841118812561035,12.812979698181152,12.910099029541016,13.369491577148438,13.862265586853027,14.18692684173584,14.603903770446777,15.897273063659668,18.509098052978516,19.934471130371094,20.70759391784668,20.533077239990234,19.51309585571289,19.39933204650879,20.200414657592773,21.29737663269043,22.2340145111084,23.185489654541016,24.751375198364258,26.873401641845703,27.11474609375,26.07715606689453,25.864286422729492,25.86067008972168,26.23173713684082,26.44326400756836,25.97724151611328,25.258258819580078,24.95919418334961,26.638948440551758,28.031360626220703,28.460063934326172,29.07958984375,29.223623275756836,29.413116455078125,30.961936950683594,33.03169631958008,33.39228057861328,33.85430145263672,35.23486328125,36.0183219909668
