data/wind_data/wind_64_4.json
{"header": {"parameterUnit": "KT", "parameterCategory": 2, "nx": 256, "ny": 198, "lo1": 44.73521041870117, "la1": -3.236724853515625, "lo2": 111.26478576660156, "la2": 43.468475341796875, "dx": 0.2609002888202667, "dy": -0.23708222806453705, "refTime": "2025-02-21 16:00:00", "forecastTime": 0, "parameterNumber": 2, "parameterNumberName": "eastward_wind"}, "data":
[rows 171 to 189 of 198, columns 132 to 175 of 256]
15.886680603027344,15.06521224975586,14.727535247802734,14.493552207946777,13.64441967010498,11.981378555297852,10.282668113708496,9.016793251037598,9.351444244384766,9.529380798339844,9.394669532775879,10.200793266296387,10.743352890014648,10.056902885437012,9.110087394714355,7.949649810791016,6.6168622970581055,6.065216064453125,6.76193904876709,8.069507598876953,9.4727201461792,10.561997413635254,11.194231986999512,11.269343376159668,10.644993782043457,9.753938674926758,9.834935188293457,10.255642890930176,9.178380966186523,7.378176689147949,5.343334197998047,5.712831974029541,6.001459121704102,4.338554859161377,2.9620048999786377,2.6011123657226562,2.9210267066955566,3.0960681438446045,1.7713462114334106,-1.3598119020462036,-4.544698715209961,-6.157777309417725,-6.758335590362549,-9.046309471130371
12.402422904968262,11.5979585647583,11.42739486694336,11.332528114318848,10.872210502624512,9.574963569641113,8.27013111114502,7.600093841552734,7.3309197425842285,7.54880952835083,8.741803169250488,10.256290435791016,10.000247955322266,8.23840618133545,7.19184684753418,6.589097023010254,5.721400260925293,5.421028137207031,6.058218479156494,7.102147102355957,7.988311290740967,8.492975234985352,8.867443084716797,9.57925796508789,9.305374145507812,7.971804618835449,7.806056976318359,7.246589660644531,5.058696746826172,3.6102519035339355,3.6072168350219727,5.314471244812012,6.156497001647949,4.606805324554443,4.030270099639893,2.5570762157440186,0.48632410168647766,0.25072285532951355,1.1455800533294678,-0.15667757391929626,-4.3003740310668945,-6.863431453704834,-7.354021072387695,-7.3235297203063965
10.787532806396484,9.454089164733887,8.905448913574219,8.855814933776855,8.879857063293457,8.141648292541504,7.24877405166626,6.25955057144165,6.435713291168213,7.099832534790039,8.495551109313965,9.54012680053711,8.97439956665039,7.203584671020508,6.280023097991943,5.846713066101074,5.555572509765625,5.978361129760742,6.466363906860352,6.897823333740234,7.400113582611084,7.9604339599609375,8.932110786437988,9.828438758850098,8.495168685913086,6.121194839477539,5.9741950035095215,4.080573081970215,1.3693904876708984,1.8571070432662964,4.273379325866699,6.121614456176758,7.106351375579834,6.802191734313965,5.640589714050293,3.479076623916626,1.105597734451294,0.19570821523666382,0.32925882935523987,-0.7860935926437378,-3.6582276821136475,-6.188291072845459,-6.74603271484375,-5.622461318969727
8.906432151794434,7.334904193878174,6.508823871612549,6.253167629241943,6.307700157165527,6.282613754272461,5.889268398284912,5.683713912963867,6.2908616065979,6.943202972412109,8.057159423828125,8.460620880126953,7.575508117675781,6.408060073852539,5.606151103973389,4.981407165527344,5.06259298324585,6.15093469619751,6.728105068206787,6.939838409423828,8.338214874267578,10.400035858154297,11.490242958068848,10.278290748596191,6.878125190734863,4.633232116699219,4.359897136688232,2.7072510719299316,1.1511515378952026,2.8924319744110107,5.253328800201416,5.941469192504883,6.815670490264893,6.995107650756836,6.6407623291015625,6.067275047302246,3.8674726486206055,1.5198025703430176,-0.17372234165668488,-1.9832115173339844,-3.56528377532959,-4.47521448135376,-4.658570766448975,-3.942946195602417
6.885796070098877,5.789541244506836,5.0292768478393555,4.280646800994873,4.030092716217041,4.2138190269470215,4.607996940612793,5.358837127685547,5.9953999519348145,6.9629716873168945,7.568918704986572,7.144826889038086,6.357483863830566,6.1550188064575195,5.256237506866455,4.6022162437438965,4.912294864654541,5.943129062652588,6.631584167480469,7.318933963775635,10.047657012939453,13.130729675292969,13.279733657836914,9.603011131286621,6.1998796463012695,4.7824482917785645,3.956031084060669,2.9307432174682617,2.5337533950805664,5.231695652008057,5.643526077270508,5.154751777648926,4.918064117431641,5.106056213378906,5.00684928894043,5.379483699798584,4.445840835571289,1.7695581912994385,-0.15130195021629333,-1.0623334646224976,-2.0350356101989746,-2.7221436500549316,-2.5117175579071045,-2.063058376312256
5.448876857757568,4.880263805389404,4.36336612701416,3.6184020042419434,2.7566769123077393,2.5278522968292236,3.254390239715576,4.3209028244018555,5.265891075134277,6.361601829528809,6.496397018432617,5.589785099029541,5.404576301574707,6.06298303604126,6.022840976715088,5.035844802856445,5.177337646484375,6.261546611785889,6.615854263305664,7.500732898712158,9.591082572937012,10.338183403015137,9.22667407989502,7.58163595199585,6.674870491027832,5.737884998321533,5.559579372406006,5.19763708114624,4.952530384063721,6.828380107879639,4.819872856140137,3.4430344104766846,3.209130048751831,3.3508358001708984,3.758915662765503,3.385867118835449,2.22770619392395,0.5115528106689453,-0.5598176717758179,-0.8885052800178528,-0.9305224418640137,-0.9966509938240051,-0.7893224358558655,-0.5670416951179504
4.165285587310791,4.078464508056641,3.6487202644348145,2.8538639545440674,1.88616943359375,1.6288249492645264,2.5656237602233887,4.077914237976074,5.270267963409424,5.832940101623535,5.796229839324951,4.830747127532959,4.395508766174316,6.04101037979126,7.598746299743652,6.869143486022949,6.179332733154297,6.311804294586182,6.708012104034424,7.24838924407959,7.450969219207764,7.024538516998291,6.175478935241699,6.422664642333984,6.621359348297119,5.822969436645508,5.877577304840088,6.263589382171631,5.9538254737854,5.875741481781006,3.8872368335723877,2.7078847885131836,2.2451956272125244,2.299823760986328,3.2578952312469482,2.363246202468872,0.6967629194259644,-1.207414984703064,-1.7970118522644043,-1.3491111993789673,-0.7293546199798584,-0.5155302882194519,-0.353420227766037,0.02395925112068653
2.825955629348755,2.996157646179199,2.729191303253174,2.3583505153656006,2.276357650756836,2.827216625213623,3.5328333377838135,4.993922233581543,6.091751575469971,6.3796892166137695,6.087671279907227,4.719059467315674,3.9885377883911133,5.935864448547363,8.460415840148926,9.684986114501953,8.735136985778809,7.594346523284912,7.614480972290039,7.1352033615112305,6.223769664764404,5.6200947761535645,5.68676233291626,6.579411506652832,6.920437335968018,5.476396560668945,4.7255730628967285,4.938269138336182,5.113014221191406,4.65764856338501,2.8744938373565674,1.7671592235565186,1.5215057134628296,2.5843331813812256,3.6293492317199707,1.9939963817596436,-0.2979623079299927,-1.6956915855407715,-1.267806887626648,-0.08998091518878937,0.5566114187240601,0.24803726375102997,-0.21855729818344116,0.11493900418281555
1.9004549980163574,2.262918710708618,2.3992741107940674,2.4921624660491943,3.1356637477874756,4.121357440948486,4.866476535797119,5.788010597229004,6.601142883300781,6.5025811195373535,6.28538179397583,5.2405686378479,4.67700719833374,6.21349573135376,8.7294340133667,10.50184440612793,10.634652137756348,9.371678352355957,7.919672966003418,6.491829872131348,5.43206787109375,4.892472267150879,5.3391571044921875,6.318526268005371,6.422985076904297,4.523354530334473,4.08516263961792,4.459043502807617,4.361622333526611,3.4494235515594482,2.0564377307891846,1.7290329933166504,2.649200201034546,3.756873369216919,3.0548999309539795,1.412416934967041,-0.2885308563709259,-0.526110053062439,0.18677744269371033,1.1417579650878906,1.6494694948196411,1.5503361225128174,1.2892624139785767,1.874680757522583
2.0569145679473877,2.279686212539673,3.029587984085083,3.2981114387512207,4.120419025421143,5.41610860824585,6.501479625701904,7.026251792907715,6.745443344116211,6.026151180267334,5.38984489440918,5.064897060394287,5.106105804443359,6.902447700500488,9.255019187927246,10.433208465576172,10.261711120605469,8.91343879699707,6.995903015136719,5.579131603240967,5.017429351806641,4.458643436431885,4.227618217468262,4.249336242675781,3.938206434249878,3.6552469730377197,3.845689296722412,3.8363192081451416,3.132835865020752,2.6060147285461426,2.3962182998657227,3.1342520713806152,3.845376491546631,3.499162197113037,2.511720657348633,1.5613362789154053,0.8004198670387268,0.8294909000396729,1.3444782495498657,2.0258302688598633,2.838475227355957,3.1483137607574463,2.9015207290649414,3.259167194366455
2.3855459690093994,2.6997246742248535,4.058740615844727,4.876534938812256,5.423092365264893,6.468496799468994,7.150577545166016,7.128190994262695,6.180453777313232,5.255986213684082,4.2392706871032715,3.7069902420043945,4.1030073165893555,6.243775367736816,8.856453895568848,10.505462646484375,10.538289070129395,8.997283935546875,6.677021503448486,5.488513469696045,5.142309188842773,4.1797776222229,2.6680262088775635,1.4998186826705933,1.446526050567627,2.2779035568237305,2.7993030548095703,2.2912397384643555,1.9959222078323364,2.6431221961975098,3.5491275787353516,4.546669960021973,4.4676642417907715,3.722261428833008,2.5677621364593506,1.813668966293335,1.68065345287323,1.9411249160766602,2.328557252883911,3.054598569869995,4.00144624710083,4.516188144683838,4.410330772399902,4.809558868408203
1.6019837856292725,2.770055055618286,4.471927165985107,5.8435211181640625,6.460975646972656,6.989019393920898,6.599363327026367,5.9690752029418945,5.048603534698486,4.626200199127197,3.0834882259368896,2.259413003921509,2.76846981048584,4.544008255004883,7.11381721496582,9.217121124267578,10.099647521972656,9.258682250976562,7.383856773376465,6.05549955368042,4.914656162261963,3.346876382827759,1.542284607887268,0.5522350668907166,0.5540964007377625,1.2864447832107544,1.5187737941741943,1.5447262525558472,2.4320411682128906,3.9298672676086426,5.213944435119629,5.252115249633789,4.447287082672119,3.9931249618530273,3.4499447345733643,2.974336862564087,2.9587974548339844,3.4836666584014893,4.026631832122803,4.4864726066589355,4.899238109588623,5.230779647827148,5.47695779800415,6.210009574890137
1.1139472723007202,3.1016716957092285,4.024204254150391,4.602936744689941,5.468008041381836,6.014023780822754,4.898199558258057,4.113735198974609,3.969092607498169,3.7237093448638916,1.8289979696273804,1.0341796875,1.1846387386322021,2.3787782192230225,4.025049686431885,5.78872013092041,7.159278392791748,6.744462966918945,5.6405110359191895,4.394080638885498,3.306699752807617,2.337015390396118,1.2538115978240967,0.7090705037117004,0.9827650189399719,1.459196925163269,1.9163085222244263,2.5946786403656006,3.5656466484069824,4.5457353591918945,5.103302478790283,4.691612243652344,3.7003672122955322,3.6739535331726074,4.43411111831665,4.717136859893799,4.653378009796143,4.438031196594238,4.493946075439453,5.163258075714111,5.795609474182129,6.400943279266357,7.127987384796143,8.050783157348633
-0.6331238150596619,2.166081190109253,3.0956716537475586,2.8778624534606934,3.141618251800537,3.5538477897644043,3.20249605178833,3.058577299118042,3.2076303958892822,2.999521017074585,0.5099521279335022,-0.49830162525177,-0.8608533143997192,-1.1931544542312622,-0.7190812230110168,0.9617853760719299,2.157926559448242,2.1070597171783447,1.7266396284103394,1.2316054105758667,0.9245302677154541,0.8710198402404785,0.7927544116973877,1.1280072927474976,1.8664549589157104,2.350045919418335,3.0601766109466553,3.697936773300171,3.831350088119507,3.6645565032958984,3.758577585220337,3.893951416015625,4.018546104431152,4.841888904571533,5.567579746246338,5.464438438415527,5.279362201690674,4.974525451660156,4.815197944641113,5.581942558288574,6.7283406257629395,7.863466262817383,8.673357963562012,9.545873641967773
0.9343297481536865,1.52839195728302,2.5437064170837402,2.3413398265838623,1.6351851224899292,1.71504807472229,2.4280824661254883,2.7149977684020996,2.63314151763916,3.2798097133636475,1.4331531524658203,-1.0397908687591553,-1.9297990798950195,-1.733484148979187,-1.0684466361999512,0.20685487985610962,0.5523009896278381,-0.1971167027950287,-0.6770415902137756,-0.6063689589500427,-0.2575695216655731,0.23966820538043976,1.016184687614441,2.145195484161377,2.960998773574829,3.3582868576049805,3.5473883152008057,3.4753899574279785,3.2326815128326416,3.1423938274383545,3.3689792156219482,4.004532814025879,5.423137664794922,6.566380500793457,6.39066743850708,5.576651096343994,5.993869781494141,6.48942756652832,6.506111145019531,7.11842679977417,8.237622261047363,9.053919792175293,9.416483879089355,10.03028678894043
4.518229961395264,3.1802315711975098,2.834625720977783,2.2337260246276855,1.7715568542480469,1.4986168146133423,1.8675715923309326,1.9505361318588257,2.2291951179504395,3.3550140857696533,3.537842273712158,1.125573992729187,-0.938508152961731,-1.2432653903961182,-0.8412788510322571,-0.1006193682551384,-0.32284805178642273,-1.2344648838043213,-2.091972589492798,-2.2252197265625,-1.6445858478546143,-0.3620884120464325,0.9952332973480225,1.861617088317871,2.626298189163208,3.3915088176727295,3.3421242237091064,3.0149648189544678,3.3467249870300293,4.140113830566406,4.846261024475098,5.725955009460449,6.956594467163086,7.425741195678711,7.405924320220947,6.815678596496582,7.006667613983154,7.1627349853515625,7.835395336151123,9.31251049041748,10.397101402282715,10.46399211883545,9.95605754852295,10.369562149047852
3.574113130569458,2.403533697128296,3.0252602100372314,2.084864616394043,2.646235466003418,2.5055887699127197,2.125709295272827,1.5202209949493408,1.4732204675674438,2.4790585041046143,2.746514081954956,2.1821985244750977,1.2774955034255981,0.6203379034996033,0.22821712493896484,0.016398154199123383,-0.3285069763660431,-0.9513445496559143,-1.5320680141448975,-1.7042162418365479,-1.4500465393066406,-0.35540488362312317,1.0250308513641357,1.7606797218322754,2.344416379928589,2.633929967880249,2.4836463928222656,2.68272066116333,3.5029327869415283,4.354254722595215,4.857424736022949,5.3959197998046875,6.261000633239746,7.053321361541748,7.71437931060791,7.686145305633545,7.8958740234375,8.379090309143066,10.003495216369629,11.992002487182617,12.430074691772461,11.285857200622559,10.515496253967285,11.601130485534668
5.126049041748047,2.101701021194458,3.458591938018799,3.4602162837982178,3.734330415725708,1.7438715696334839,1.2666149139404297,1.2741823196411133,1.232857346534729,1.471714973449707,1.4329513311386108,1.962363600730896,2.3349881172180176,2.638629913330078,2.782155752182007,2.0421884059906006,1.449292778968811,1.0624772310256958,0.241830974817276,0.0870097354054451,0.5085462331771851,1.4124373197555542,2.1666958332061768,2.3407468795776367,2.282611608505249,2.4064583778381348,2.5736706256866455,2.7960901260375977,3.4064159393310547,4.191081523895264,4.687824249267578,5.139153957366943,5.840292930603027,6.5320000648498535,7.50469970703125,8.461058616638184,9.727622985839844,10.728866577148438,12.236431121826172,13.48581314086914,12.498564720153809,11.277870178222656,11.978729248046875,13.864951133728027
4.539791107177734,4.96085262298584,6.041728973388672,8.943702697753906,8.049115180969238,2.63987398147583,0.8508102893829346,1.4419246912002563,1.984411597251892,1.6898183822631836,1.0508499145507812,1.1074327230453491,1.8772084712982178,2.9543497562408447,3.8019144535064697,4.104858875274658,3.9494669437408447,4.062873363494873,3.756542205810547,3.22834849357605,3.2561872005462646,3.907388687133789,4.481626510620117,5.09326696395874,5.213658809661865,5.092747211456299,4.663038730621338,4.473088264465332,4.434764862060547,4.687848091125488,4.917482852935791,5.334972381591797,6.155539512634277,7.9214324951171875,9.579917907714844,10.600897789001465,11.75852108001709,12.87548828125,13.933473587036133,12.605070114135742,11.028716087341309,12.214726448059082,14.481314659118652,15.668404579162598
