data/wind_data/wind_33_8.json
{"header": {"parameterUnit": "KT", "parameterCategory": 2, "nx": 256, "ny": 198, "lo1": 44.73521041870117, "la1": -3.236724853515625, "lo2": 111.26478576660156, "la2": 43.468475341796875, "dx": 0.2609002888202667, "dy": -0.23708222806453705, "refTime": "2025-02-20 09:00:00", "forecastTime": 0, "parameterNumber": 2, "parameterNumberName": "eastward_wind"}, "data":
[rows 114 to 132 of 198, columns 176 to 219 of 256]
50.60260772705078,50.610328674316406,50.17326736450195,50.17766189575195,50.2193603515625,50.08900451660156,50.34314727783203,50.23827362060547,48.29970169067383,45.278690338134766,43.44794464111328,43.81990051269531,45.39028549194336,46.32192611694336,46.097747802734375,47.40182113647461,50.60997772216797,50.46825408935547,47.31852722167969,46.098243713378906,47.35857391357422,46.950469970703125,43.48063659667969,40.24148178100586,40.398563385009766,41.396121978759766,39.17542266845703,36.22919464111328,36.56353759765625,39.29389572143555,41.46042251586914,42.10946273803711,42.72710037231445,43.91831588745117,44.76888656616211,45.80556869506836,47.762020111083984,46.937049865722656,42.70707321166992,40.11467361450195,41.48262023925781,41.029502868652344,36.166465759277344,33.11970901489258
49.02891159057617,49.62965774536133,49.52427673339844,49.78721237182617,50.41825485229492,51.15650939941406,52.10991287231445,52.2161865234375,50.59156036376953,48.153106689453125,46.238651275634766,45.284637451171875,45.44831085205078,46.45865249633789,47.492591857910156,48.382850646972656,49.82965087890625,51.85516357421875,52.034969329833984,48.0545539855957,45.20465850830078,45.97255325317383,45.53662872314453,42.04052734375,39.92280578613281,40.03982162475586,38.14289855957031,34.627235412597656,33.98570251464844,37.08540725708008,40.92428970336914,42.37864685058594,42.321163177490234,43.37665939331055,45.14716339111328,47.22349166870117,48.50762176513672,46.06847381591797,41.89285659790039,40.949745178222656,43.00042724609375,40.2835693359375,34.09758758544922,32.365753173828125
46.0239372253418,47.45477294921875,48.40445327758789,49.3779411315918,50.64643096923828,52.11268997192383,53.5978889465332,54.04203414916992,52.697792053222656,50.42620849609375,48.4775276184082,47.03684997558594,45.944610595703125,46.20372009277344,48.34354782104492,50.13487243652344,49.68602752685547,51.34975051879883,55.34132385253906,51.53725051879883,43.666751861572266,43.0578727722168,46.3831901550293,45.026458740234375,41.43955993652344,39.959625244140625,37.89253234863281,33.72066116333008,31.48390769958496,34.52833557128906,40.20938491821289,42.644710540771484,42.19704055786133,43.44760513305664,46.48734664916992,49.20262145996094,48.324275970458984,43.68043899536133,40.88218307495117,42.989776611328125,45.56007385253906,39.725704193115234,32.239471435546875,31.902070999145508
42.6960563659668,44.38865661621094,46.72792434692383,48.89822006225586,50.66533660888672,52.343414306640625,54.1242561340332,55.29019546508789,54.56856918334961,52.12802505493164,49.52587127685547,47.64154052734375,46.120262145996094,45.64307403564453,47.71788787841797,50.37322235107422,50.1737174987793,50.77468490600586,56.10289001464844,55.596351623535156,46.8150634765625,41.856876373291016,44.31678771972656,45.791725158691406,44.39572525024414,42.879547119140625,39.56883239746094,34.22893524169922,30.771129608154297,32.922428131103516,38.496734619140625,41.994964599609375,43.03153610229492,44.56479263305664,47.603736877441406,50.38383483886719,47.99848175048828,42.69599151611328,41.462100982666016,45.530147552490234,47.266868591308594,39.59372329711914,31.481534957885742,32.00691223144531
41.67007827758789,43.413002014160156,46.306793212890625,48.845096588134766,50.2615852355957,51.524330139160156,53.42731857299805,55.07683563232422,54.89107894897461,52.58599853515625,49.675899505615234,47.48739242553711,45.77726364135742,44.763126373291016,45.89474105834961,48.6004638671875,49.779781341552734,50.728580474853516,55.03651809692383,57.96120834350586,53.1515007019043,45.316890716552734,42.35268020629883,43.332401275634766,45.098167419433594,46.7615966796875,44.271060943603516,37.208961486816406,32.11322021484375,33.3641242980957,38.482582092285156,42.91685104370117,44.338809967041016,44.768211364746094,46.98208999633789,49.72776794433594,48.15731430053711,44.310089111328125,43.235755920410156,46.732173919677734,47.21632385253906,39.69192886352539,32.229156494140625,33.300899505615234
43.03388214111328,45.20068359375,47.391719818115234,48.49017333984375,48.8587532043457,49.91328430175781,52.06254959106445,53.76390838623047,53.40032196044922,51.347068786621094,49.2913703918457,48.09212112426758,46.95173645019531,45.671775817871094,45.45842361450195,47.00053024291992,48.668575286865234,50.151920318603516,53.75395965576172,58.278053283691406,57.6900749206543,51.50373077392578,44.839622497558594,42.30443572998047,44.50503158569336,49.21800231933594,48.77320098876953,41.437538146972656,35.83448791503906,36.65439987182617,40.91750717163086,44.838287353515625,45.08297348022461,43.80586624145508,45.32829666137695,48.39454650878906,49.38812255859375,46.962364196777344,44.7510986328125,46.44054412841797,46.15791320800781,40.04644012451172,35.23886489868164,36.27232360839844
43.75146484375,45.26546096801758,47.39982986450195,48.551692962646484,48.63064956665039,49.280296325683594,51.028953552246094,52.26849365234375,51.79534149169922,50.71210861206055,50.459075927734375,50.64948654174805,49.56001281738281,46.99045944213867,44.84218978881836,44.81566619873047,46.36200714111328,48.72834777832031,52.57768630981445,57.4187126159668,59.545997619628906,56.20369338989258,49.59039306640625,45.02334976196289,45.93574905395508,49.97524642944336,49.429222106933594,44.49345397949219,41.16301345825195,41.14748001098633,43.14875411987305,45.67576599121094,45.73278045654297,44.38935089111328,45.3670539855957,48.42760467529297,50.7385368347168,48.348384857177734,45.25254821777344,46.074073791503906,45.336856842041016,40.90370559692383,39.3620491027832,39.6386833190918
43.65510177612305,45.96712875366211,47.72692108154297,48.039222717285156,48.43603515625,49.89674377441406,51.803558349609375,52.54765701293945,51.38312530517578,50.322914123535156,51.15285110473633,52.66896438598633,50.56898880004883,45.3782844543457,42.08299255371094,42.53441619873047,45.31964874267578,48.598934173583984,52.11903762817383,56.03822326660156,58.58853530883789,57.443267822265625,52.93963623046875,48.696205139160156,48.71146011352539,50.43025588989258,49.02212142944336,46.33285903930664,44.63185501098633,43.66558074951172,44.01328659057617,45.69752883911133,46.725608825683594,46.672122955322266,47.5648078918457,50.2996940612793,52.03737258911133,48.57679748535156,45.37124252319336,46.42523956298828,45.17757034301758,41.7400016784668,42.94293212890625,43.166385650634766
43.75032043457031,46.65147399902344,49.2752571105957,49.55624008178711,49.099449157714844,50.25901412963867,52.14654541015625,51.814945220947266,50.42817306518555,50.652801513671875,52.20174026489258,51.88485336303711,48.614036560058594,45.66101837158203,45.08970642089844,46.05733871459961,47.50871658325195,49.146453857421875,51.20663833618164,53.89601135253906,56.370243072509766,56.733489990234375,54.4510383605957,51.86076354980469,51.44438934326172,51.475990295410156,50.15388107299805,48.25141525268555,46.00353240966797,44.342254638671875,44.45767593383789,46.022132873535156,48.008384704589844,49.3730354309082,50.41864776611328,52.62687683105469,53.60663604736328,49.76049041748047,46.4356803894043,46.97315216064453,45.33710861206055,42.13749313354492,44.663822174072266,46.61357498168945
46.76816177368164,48.72271728515625,49.75214767456055,49.64694595336914,49.06493377685547,49.00838088989258,50.314510345458984,51.55885696411133,50.933815002441406,49.98773193359375,51.22258377075195,52.515411376953125,51.09080505371094,48.68020248413086,48.13176727294922,49.34837341308594,50.12583541870117,50.039546966552734,50.41904830932617,52.14461898803711,54.52430725097656,55.958839416503906,55.94489669799805,55.20568084716797,54.56916427612305,53.91573715209961,52.570579528808594,49.527225494384766,46.172340393066406,45.45320510864258,46.9849853515625,48.873870849609375,50.421207427978516,50.95997619628906,51.02296829223633,52.782875061035156,54.443172454833984,51.73109817504883,48.21931076049805,48.25137710571289,46.33539581298828,42.09124755859375,43.43570327758789,47.916343688964844
49.01524353027344,50.26881408691406,49.94795608520508,48.489036560058594,47.18793487548828,47.562313079833984,49.51422119140625,51.248809814453125,52.150455474853516,51.6159553527832,50.337249755859375,50.562618255615234,51.84755325317383,52.78212356567383,53.054840087890625,53.1013298034668,52.437583923339844,50.966915130615234,50.13568115234375,51.160545349121094,53.28815841674805,55.18581771850586,56.49405288696289,57.11909866333008,57.57861328125,57.246829986572266,53.35927963256836,48.23344421386719,47.10207748413086,50.466758728027344,52.589744567871094,51.366172790527344,49.736087799072266,49.19386291503906,49.7596549987793,52.031593322753906,54.322635650634766,53.158260345458984,49.59984588623047,50.080326080322266,49.309688568115234,42.036495208740234,39.512489318847656,46.83191680908203
50.0985221862793,50.118560791015625,49.55110549926758,46.7660026550293,45.201934814453125,47.8153190612793,51.001983642578125,51.223873138427734,50.8831901550293,51.64450454711914,50.796268463134766,49.56665802001953,51.17880630493164,55.19288635253906,58.271671295166016,57.40056610107422,53.49310302734375,49.75236892700195,48.47261047363281,49.422340393066406,51.302406311035156,53.433006286621094,55.725914001464844,57.86726379394531,59.86714172363281,59.26103591918945,54.83275604248047,51.17414093017578,52.476959228515625,55.19255065917969,53.87114334106445,50.74895095825195,49.097740173339844,48.77649688720703,49.44871139526367,51.28406524658203,53.724552154541016,54.55173110961914,51.722007751464844,52.001766204833984,51.547447204589844,42.813533782958984,37.91996765136719,45.17517852783203
49.773475646972656,48.909934997558594,47.66071701049805,46.902774810791016,46.41777038574219,47.218196868896484,49.649559020996094,49.86859130859375,48.55384826660156,50.5119514465332,52.19456481933594,51.36224365234375,52.882633209228516,57.1533088684082,59.62742233276367,57.55712890625,52.93790054321289,49.11357879638672,48.178375244140625,49.2738037109375,50.88749313354492,52.98176574707031,55.509002685546875,57.85032653808594,59.98543930053711,60.25917434692383,57.68248748779297,55.8869743347168,57.8082389831543,57.5491943359375,53.053993225097656,50.513126373291016,50.80961990356445,50.901180267333984,50.685298919677734,51.279273986816406,53.736289978027344,55.94363021850586,53.739253997802734,53.06665802001953,51.60373306274414,43.134254455566406,37.45161437988281,42.452850341796875
48.39738464355469,47.97887420654297,46.54795837402344,46.63196563720703,46.873085021972656,46.47361755371094,47.761112213134766,49.09498596191406,48.62558364868164,49.271690368652344,50.53873062133789,51.96931457519531,55.012325286865234,57.83013153076172,58.08371353149414,55.894901275634766,52.950416564941406,50.86371994018555,51.41777801513672,52.987266540527344,53.141258239746094,53.43451690673828,55.01013946533203,56.62028121948242,58.40947723388672,60.08689498901367,59.83916473388672,59.68730926513672,60.214881896972656,57.630516052246094,54.12049102783203,53.551513671875,53.38797378540039,51.99806213378906,51.302650451660156,52.14958953857422,54.90321731567383,56.66269302368164,54.5535774230957,53.06060791015625,50.154109954833984,42.105587005615234,36.01694869995117,39.482933044433594
47.44734191894531,47.4209098815918,46.46342849731445,45.562835693359375,45.56325912475586,45.83970260620117,46.64930725097656,48.022926330566406,48.21718215942383,47.673397064208984,48.3004150390625,50.752681732177734,54.672935485839844,57.66291427612305,57.88743591308594,55.69221496582031,53.21894836425781,52.46077346801758,54.54348373413086,56.749595642089844,55.72612762451172,54.23373031616211,54.06401824951172,54.449668884277344,57.09830093383789,60.803096771240234,61.810302734375,61.24162673950195,59.801544189453125,57.685028076171875,57.201534271240234,57.528812408447266,55.49665451049805,52.20923614501953,50.730499267578125,51.804439544677734,54.904090881347656,57.582115173339844,56.31805419921875,54.185420989990234,50.52003860473633,41.31679153442383,34.330345153808594,38.68666076660156
47.453468322753906,47.17330551147461,46.49773406982422,46.2475700378418,46.35693359375,46.319610595703125,46.56837844848633,47.7309455871582,47.523414611816406,45.649139404296875,46.19269943237305,49.70002365112305,53.50313949584961,56.37125015258789,57.718650817871094,57.33842086791992,55.63335418701172,54.23178482055664,55.098167419433594,56.876548767089844,56.892791748046875,55.63865661621094,53.75761795043945,53.65398025512695,58.0592041015625,62.27949523925781,62.43295669555664,60.961997985839844,59.65140151977539,59.21962356567383,59.77069854736328,59.11968994140625,56.271610260009766,52.99201583862305,51.370018005371094,52.40599822998047,55.184661865234375,58.41533660888672,58.684974670410156,55.89824295043945,51.98631286621094,44.2493896484375,35.89704895019531,36.67034149169922
47.508819580078125,47.374549865722656,46.96963882446289,47.56480407714844,48.23888397216797,48.066890716552734,47.53990936279297,47.1822395324707,45.844337463378906,43.529972076416016,43.394309997558594,47.043949127197266,52.46139907836914,56.475791931152344,57.99742126464844,58.541717529296875,57.85942840576172,55.19713592529297,53.44865417480469,54.60035705566406,56.41009521484375,55.94691467285156,53.592742919921875,54.38020324707031,59.682579040527344,62.85421371459961,61.38643264770508,59.40055847167969,59.193790435791016,60.274288177490234,60.653194427490234,59.55001449584961,57.206905364990234,54.65898513793945,53.34455108642578,53.999290466308594,56.03512954711914,58.69910430908203,59.88106918334961,57.24190139770508,52.47710418701172,46.93584060668945,40.24567413330078,35.84306716918945
48.07587814331055,47.16839599609375,46.822635650634766,48.8609504699707,51.15479278564453,49.985618591308594,46.5059928894043,44.01370620727539,43.944435119628906,44.21412658691406,43.73661422729492,45.306270599365234,50.283348083496094,56.437564849853516,59.32157897949219,58.395286560058594,57.337684631347656,55.56117248535156,53.10752487182617,52.99917221069336,54.7653694152832,55.06801223754883,53.9776496887207,55.87661361694336,60.0713005065918,60.58510971069336,58.406246185302734,57.74000549316406,59.64369201660156,61.48240280151367,60.696258544921875,58.969139099121094,57.099246978759766,54.76264572143555,53.92085266113281,55.5279541015625,57.418190002441406,58.17234802246094,58.6950569152832,58.12645721435547,54.17280578613281,49.17112731933594,45.54734420776367,40.58557891845703
46.966033935546875,46.66936492919922,49.4154052734375,52.817626953125,52.5869140625,48.670108795166016,44.45626449584961,42.249027252197266,43.13379669189453,45.864349365234375,46.846099853515625,46.42867660522461,48.4976806640625,53.31731414794922,57.047271728515625,58.18244171142578,57.88344192504883,55.77226257324219,53.11249542236328,52.70381164550781,54.12464904785156,54.93297576904297,55.21072006225586,56.62427520751953,58.260921478271484,58.229331970214844,58.15778350830078,59.48029708862305,61.313961029052734,61.84966278076172,59.86534881591797,56.715843200683594,54.29124069213867,52.84046936035156,53.06489181518555,55.88789749145508,58.89875411987305,59.29562759399414,58.80299758911133,59.27607727050781,57.300968170166016,53.277732849121094,51.212955474853516,47.7230110168457
