data/wind_data/wind_31_6.json
{"header": {"parameterUnit": "KT", "parameterCategory": 2, "nx": 256, "ny": 198, "lo1": 44.73521041870117, "la1": -3.236724853515625, "lo2": 111.26478576660156, "la2": 43.468475341796875, "dx": 0.2609002888202667, "dy": -0.23708222806453705, "refTime": "2025-02-20 07:00:00", "forecastTime": 0, "parameterNumber": 2, "parameterNumberName": "eastward_wind"}, "data":
[rows 100 to 119 of 198, columns 180 to 224 of 256]
94.42073822021484,94.32135009765625,94.14176177978516,93.93135070800781,94.0112075805664,94.50558471679688,94.08203887939453,92.50489807128906,91.20569610595703,91.22081756591797,90.99591827392578,90.3936538696289,89.93962860107422,89.77601623535156,89.88041687011719,89.9761962890625,89.95661163330078,90.06794738769531,90.19219970703125,90.17323303222656,90.16087341308594,90.31687927246094,90.42810821533203,90.1484375,89.66658020019531,89.20054626464844,89.22261047363281,89.57743835449219,89.70098876953125,89.5665512084961,89.30750274658203,88.88066864013672,88.01885223388672,87.00293731689453,86.773681640625,87.1124267578125,87.18377685546875,87.22367858886719,87.40872192382812,87.39346313476562,87.09569549560547,86.6510009765625,86.1620101928711,85.76461029052734,85.49427795410156
95.38748168945312,95.3010025024414,95.16519165039062,95.1270751953125,95.23770904541016,95.7318344116211,95.367919921875,93.47115325927734,91.90933227539062,92.06120300292969,91.94039154052734,91.48168182373047,91.1988754272461,91.15848541259766,91.3391342163086,91.39712524414062,91.36308288574219,91.55972290039062,91.84204864501953,91.84965515136719,91.71269226074219,91.81710052490234,92.00267028808594,91.9248275756836,91.46182250976562,90.92192077636719,90.88024139404297,91.22086334228516,91.33482360839844,91.11771392822266,90.82540893554688,90.35420227050781,89.41439819335938,88.56758880615234,88.52877807617188,88.66682434082031,88.1663818359375,87.73649597167969,87.9801025390625,88.21385955810547,88.19611358642578,88.09480285644531,87.91934204101562,87.63938903808594,87.18343353271484
96.14071655273438,96.03907775878906,95.91588592529297,96.0130386352539,96.23066711425781,96.6257095336914,96.39280700683594,94.52961730957031,92.6319351196289,92.56587219238281,92.62557220458984,92.21540832519531,91.95144653320312,92.02801513671875,92.32392883300781,92.44306182861328,92.49543762207031,92.71931457519531,92.91529846191406,93.07443237304688,93.05224609375,92.89649963378906,92.9897689819336,93.12877655029297,92.84976959228516,92.29734802246094,92.09496307373047,92.28518676757812,92.34024047851562,92.01313781738281,91.63511657714844,91.15435028076172,90.38059997558594,90.0036849975586,90.22631072998047,90.2950439453125,89.38884735107422,88.48951721191406,88.49286651611328,88.86991882324219,89.12472534179688,89.17718505859375,89.16754913330078,88.89439392089844,88.34038543701172
96.123046875,96.1180648803711,96.12409210205078,96.3714599609375,96.69961547851562,97.13334655761719,97.0997314453125,95.35221862792969,92.9566421508789,92.52782440185547,92.82633972167969,92.6326904296875,92.44378662109375,92.58650207519531,92.97169494628906,93.1262435913086,93.14557647705078,93.26353454589844,93.38785552978516,93.64391326904297,93.73031616210938,93.3508071899414,93.3291015625,93.78582000732422,93.82011413574219,93.25287628173828,92.7642822265625,92.79800415039062,92.87952423095703,92.51683807373047,92.0674819946289,91.78752136230469,91.4506607055664,91.26441192626953,91.52714538574219,91.51944732666016,90.53224182128906,89.63702392578125,89.75847625732422,90.12504577636719,90.01734924316406,89.74806213378906,89.52864074707031,89.1157455444336,88.69589233398438
94.93329620361328,95.21441650390625,95.55765533447266,96.10697174072266,96.67098999023438,97.35723876953125,97.65408325195312,96.11772918701172,93.31004333496094,92.29939270019531,92.63188171386719,92.78977966308594,92.7081298828125,92.74007415771484,92.95606994628906,92.9561996459961,92.83023071289062,92.86475372314453,93.08463287353516,93.46044158935547,93.61334228515625,93.35586547851562,93.46098327636719,93.9949951171875,94.23745727539062,93.84062194824219,93.24169158935547,93.08997344970703,93.0802001953125,92.7426986694336,92.29727172851562,92.09160614013672,92.03974151611328,91.99605560302734,92.18158721923828,92.18315887451172,91.35330200195312,90.54725646972656,90.7963638305664,91.17168426513672,90.51736450195312,89.41474151611328,88.83492279052734,88.57072448730469,88.44219970703125
93.13518524169922,93.57176208496094,94.11686706542969,94.87010955810547,95.68073272705078,96.6340103149414,97.38912963867188,96.33621978759766,93.51825714111328,91.87985229492188,91.85449981689453,92.23124694824219,92.46328735351562,92.52387237548828,92.40380859375,92.03736114501953,91.72391510009766,91.84102630615234,92.27812194824219,92.69033813476562,92.93516540527344,93.10335540771484,93.34737396240234,93.77397155761719,94.12555694580078,94.0113296508789,93.56581115722656,93.18156433105469,92.91642761230469,92.5656967163086,92.15382385253906,91.90946197509766,91.98125457763672,92.0753402709961,92.15837860107422,92.047607421875,91.29827880859375,90.67698669433594,91.17166137695312,91.52727508544922,90.5863265991211,88.89335632324219,88.04596710205078,87.8460693359375,87.56090545654297
91.15074920654297,91.47108459472656,91.952392578125,92.67730712890625,93.58284759521484,94.61894226074219,95.6095199584961,95.27570343017578,92.9108657836914,90.92264556884766,90.61647033691406,90.99446105957031,91.29452514648438,91.52704620361328,91.54759216308594,91.19927978515625,90.80087280273438,90.82227325439453,91.18915557861328,91.45857238769531,91.78851318359375,92.30657958984375,92.5781021118164,92.93353271484375,93.50914001464844,93.70121002197266,93.4401626586914,93.08782958984375,92.65328216552734,91.89627075195312,91.27957153320312,91.23269653320312,91.69384765625,92.10488891601562,92.01886749267578,91.52468872070312,90.90131378173828,90.46245574951172,90.63690948486328,91.09615325927734,90.54297637939453,88.83379364013672,87.6641845703125,87.32939147949219,86.9992446899414
88.55305480957031,88.86089324951172,89.34271240234375,90.01051330566406,90.90364837646484,91.9144287109375,92.923095703125,93.16242980957031,91.60557556152344,89.4599838256836,88.80703735351562,89.25531768798828,89.69475555419922,90.01765441894531,90.23487091064453,90.17840576171875,89.98015594482422,89.84043884277344,89.79154205322266,89.91915893554688,90.31546020507812,90.97492218017578,91.37338256835938,91.57588195800781,92.05027770996094,92.55685424804688,92.7858657836914,92.71158599853516,92.27448272705078,91.47079467773438,90.75313568115234,90.5212631225586,90.99784851074219,91.80037689208984,91.68115234375,90.66962432861328,90.1929931640625,90.50819396972656,90.3853988647461,90.14443969726562,90.08609771728516,89.2750015258789,87.93013763427734,87.15098571777344,86.88648223876953
86.16865539550781,86.40819549560547,86.95166015625,87.64610290527344,88.43162536621094,89.32847595214844,90.30911254882812,90.92244720458984,90.1363754272461,88.31295776367188,87.23985290527344,87.38536834716797,88.03428649902344,88.56501007080078,88.75846862792969,88.63382720947266,88.4928970336914,88.46315002441406,88.40522003173828,88.45565795898438,88.74427032470703,89.47634887695312,90.2134780883789,90.3109130859375,90.40843200683594,90.98894500732422,91.56997680664062,91.73987579345703,91.51665496826172,91.18424224853516,90.82637786865234,90.33916473388672,90.45209503173828,91.31311798095703,91.1058578491211,89.59111022949219,89.13289642333984,90.12579345703125,90.1814956665039,89.36717224121094,89.08432006835938,88.9249038696289,88.33747863769531,87.77117919921875,87.27298736572266
84.740478515625,84.84856414794922,85.39100646972656,86.17375183105469,86.95285034179688,87.66912078857422,88.39244842529297,88.84896850585938,88.53933715820312,87.37129211425781,86.15367126464844,85.9590072631836,86.55328369140625,87.1065902709961,87.38492584228516,87.3086929321289,87.08442687988281,87.07088470458984,87.1977767944336,87.2622299194336,87.34274291992188,88.11659240722656,89.2717056274414,89.61746215820312,89.49494934082031,89.59638977050781,89.84642028808594,90.26106262207031,90.5709457397461,90.55152130126953,90.50727844238281,90.2682113647461,90.16458892822266,90.51289367675781,90.04520416259766,88.80783081054688,88.73777770996094,89.69986724853516,89.59809112548828,88.5986328125,87.99207305908203,87.88819122314453,88.11682891845703,88.26802062988281,87.81147766113281
84.40599822998047,84.42914581298828,84.72799682617188,85.35987854003906,86.10380554199219,86.66411590576172,87.10873413085938,87.37027740478516,87.45397186279297,86.9774398803711,85.90389251708984,85.36016845703125,85.57225799560547,86.0204849243164,86.44252014160156,86.5217514038086,86.27984619140625,86.15318298339844,86.2545166015625,86.24352264404297,86.18584442138672,86.92174530029297,88.38893127441406,89.26348114013672,89.35945892333984,89.13290405273438,88.65573120117188,88.65767669677734,89.31913757324219,89.76669311523438,89.90794372558594,89.7455062866211,89.40107727050781,89.16693878173828,88.56932830810547,87.98978424072266,88.71479034423828,89.9939193725586,89.64633178710938,88.27592468261719,87.28697967529297,87.16722106933594,87.75222778320312,88.23221588134766,88.0601806640625
84.62165832519531,84.69364166259766,84.84422302246094,85.07804870605469,85.60086822509766,86.33199310302734,86.87692260742188,87.06218719482422,87.21479034423828,87.55239868164062,87.05122375488281,85.63754272460938,85.01792907714844,85.36531829833984,85.8675765991211,86.25862121582031,86.26396942138672,86.02758026123047,85.81542205810547,85.56924438476562,85.45941162109375,86.17335510253906,87.86500549316406,89.31330871582031,89.60151672363281,89.19542694091797,88.3542709350586,87.8835678100586,88.28570556640625,88.82624816894531,89.25482177734375,89.25239562988281,88.68142700195312,87.89886474609375,87.33818054199219,87.0166244506836,87.69127655029297,89.48736572265625,89.99423217773438,88.69026184082031,87.25679016113281,86.84066772460938,87.56414031982422,88.4603500366211,88.5162353515625
85.43302154541016,85.48811340332031,85.46060180664062,85.23387908935547,85.60967254638672,86.75737762451172,87.69258880615234,87.90324401855469,87.86922454833984,88.19857025146484,88.54815673828125,86.9026870727539,84.57096099853516,85.04888153076172,86.38186645507812,86.67431640625,86.41215515136719,86.06886291503906,85.69771575927734,85.3763198852539,85.21537780761719,85.62635803222656,87.10374450683594,88.88542175292969,89.55709838867188,89.38056182861328,89.03894805908203,88.75594329833984,88.5304183959961,88.3554916381836,88.75576782226562,89.21449279785156,88.72563171386719,87.59200286865234,86.82343292236328,86.51461029052734,86.64334106445312,88.41011047363281,90.2149658203125,89.55359649658203,87.64779663085938,86.79035186767578,87.52074432373047,88.6578369140625,89.0373764038086
86.5542221069336,86.58631896972656,86.3412094116211,86.0441665649414,86.38990020751953,87.37418365478516,88.23583984375,88.7816390991211,89.1534423828125,89.18074798583984,89.60100555419922,89.00074768066406,86.18563842773438,85.09163665771484,86.28494262695312,86.93910217285156,86.67156982421875,86.07115173339844,85.75221252441406,85.87631225585938,85.66323852539062,85.49374389648438,86.34495544433594,88.11628723144531,89.38448333740234,89.5616683959961,89.4993667602539,89.32462310791016,88.87001037597656,88.59915161132812,89.24559020996094,89.84758758544922,89.33708953857422,88.3812026977539,87.74574279785156,87.23313903808594,86.79866027832031,88.01385498046875,90.38441467285156,90.6407470703125,88.566650390625,87.12464141845703,87.38319396972656,88.41876983642578,89.53018951416016
87.5312728881836,87.6503677368164,86.99822998046875,86.56818389892578,87.3418197631836,88.17822265625,88.60321044921875,89.28389739990234,90.18375396728516,90.57903289794922,90.75714874267578,90.86324310302734,89.48516845703125,86.75990295410156,85.89230346679688,86.79901885986328,86.96565246582031,86.12776184082031,85.9854965209961,86.7369613647461,86.57423400878906,85.80188751220703,86.17668151855469,87.7367172241211,89.24409484863281,89.81869506835938,89.5689697265625,89.3232650756836,89.10076141357422,88.88054656982422,89.30512237548828,89.73722839355469,89.64036560058594,89.64716339111328,89.36801147460938,88.27743530273438,87.53573608398438,88.69595336914062,90.86096954345703,91.42045593261719,89.7959213256836,88.1128921508789,87.51714324951172,87.69815063476562,89.14679718017578
87.68326568603516,87.97176361083984,87.6678237915039,87.19072723388672,87.69200134277344,88.69032287597656,89.25555419921875,89.68404388427734,90.6005859375,91.5719985961914,91.85140991210938,92.11677551269531,92.30220794677734,89.87450408935547,86.39696502685547,86.56986236572266,87.44847106933594,86.57359313964844,86.06143951416016,86.66437530517578,86.7569351196289,86.23480224609375,86.5798568725586,87.81705474853516,89.265869140625,90.33016967773438,90.24394989013672,89.9256820678711,89.49758911132812,88.76739501953125,88.53340148925781,88.58583068847656,89.46253967285156,90.80540466308594,90.54544067382812,88.72344207763672,88.18582916259766,90.14563751220703,91.812255859375,91.73422241210938,90.48531341552734,88.96270751953125,87.99229431152344,88.03861236572266,89.27088165283203
87.4693374633789,87.71331024169922,87.71153259277344,87.48248291015625,87.63459777832031,88.40855407714844,89.23384094238281,89.70052337646484,90.3626937866211,91.35078430175781,91.93685913085938,92.35482025146484,93.25426483154297,92.04825592041016,88.43888092041016,87.50383758544922,88.02114868164062,87.15518188476562,86.20297241210938,86.48767852783203,86.89747619628906,86.5209732055664,86.70531463623047,87.86793518066406,89.42015075683594,90.65570068359375,90.72897338867188,90.33131408691406,89.67134857177734,88.6996078491211,87.75138854980469,87.20948028564453,89.20148468017578,91.646484375,91.4377212524414,89.18407440185547,88.80337524414062,91.72305297851562,93.16439819335938,91.89019012451172,90.34759521484375,89.36177062988281,88.93113708496094,89.64749145507812,90.66317749023438
86.87166595458984,87.08344268798828,87.19186401367188,87.17796325683594,87.33537292480469,87.86862182617188,88.44388580322266,88.79125213623047,89.3629150390625,90.20964813232422,90.74746704101562,91.11152648925781,91.87376403808594,91.74067687988281,89.9605712890625,88.77177429199219,88.42739868164062,87.69293975830078,86.88801574707031,86.938720703125,87.07128143310547,86.32316589355469,86.40156555175781,87.77978515625,89.24163055419922,90.14369201660156,90.31986236572266,89.97911071777344,89.35257720947266,88.7386245727539,87.82462310791016,86.95743560791016,88.9071044921875,91.74249267578125,91.68623352050781,89.58518981933594,89.7718734741211,92.78893280029297,94.1146469116211,92.62411499023438,90.5831069946289,89.66866302490234,90.19288635253906,91.58678436279297,92.22830963134766
85.62264251708984,85.9185791015625,86.06893920898438,86.3620834350586,86.88251495361328,87.39440155029297,87.62461853027344,87.65316772460938,88.0125961303711,88.66851043701172,89.04888153076172,89.13011169433594,89.45237731933594,89.67471313476562,89.22669982910156,88.74586486816406,88.4348373413086,87.96224212646484,87.35824584960938,87.11129760742188,87.16397857666016,86.89395904541016,87.18482971191406,88.17237854003906,88.78266143798828,88.99937438964844,89.47120666503906,89.4329833984375,89.15507507324219,89.16561126708984,88.4329833984375,87.59648132324219,88.8533935546875,90.90945434570312,90.97422790527344,89.9826889038086,91.29690551757812,93.54041290283203,94.1682357788086,93.47854614257812,92.1048812866211,91.08442687988281,91.61292266845703,92.68304443359375,92.62361907958984
84.04080200195312,84.2003402709961,84.02761840820312,84.35900115966797,85.35476684570312,86.23616027832031,86.37529754638672,86.13715362548828,86.21356964111328,86.48783111572266,86.62581634521484,86.54641723632812,86.54374694824219,86.72801208496094,86.87190246582031,86.85404968261719,86.5709457397461,86.70158386230469,86.89244079589844,87.28563690185547,87.77068328857422,87.49398803710938,87.55718231201172,88.14797973632812,88.28465270996094,88.205322265625,88.77698516845703,89.06974029541016,89.27021026611328,89.6957015991211,89.03954315185547,88.16289520263672,88.6594009399414,89.96674346923828,90.3333740234375,90.22904205322266,92.28068542480469,94.36744689941406,94.52168273925781,93.9448471069336,93.47652435302734,93.21263885498047,93.24004364013672,93.1348876953125,92.2539291381836
