data/wind_data/wind_2_1.json
{"header": {"parameterUnit": "KT", "parameterCategory": 2, "nx": 256, "ny": 198, "lo1": 44.73521041870117, "la1": -3.236724853515625, "lo2": 111.26478576660156, "la2": 43.468475341796875, "dx": 0.2609002888202667, "dy": -0.23708222806453705, "refTime": "2025-02-19 02:00:00", "forecastTime": 0, "parameterNumber": 2, "parameterNumberName": "eastward_wind"}, "data":
[rows 76 to 94 of 198, columns 0 to 42 of 256]
-2.782635450363159,-0.5135800242424011,0.6255921721458435,2.0695457458496094,4.161111354827881,5.383878231048584,2.474083423614502,2.307567834854126,2.8169808387756348,-1.6152957677841187,-4.0176167488098145,-0.984006404876709,1.138206124305725,-1.4598755836486816,-2.1331570148468018,-2.532738447189331,-1.6180734634399414,-2.515108585357666,-2.9659934043884277,-3.9820547103881836,-7.079258918762207,-8.28735637664795,-5.557551383972168,-3.6544744968414307,-1.8995829820632935,-1.0485527515411377,-1.2231618165969849,0.8662921786308289,2.437741279602051,-1.2123355865478516,-2.2729506492614746,-0.4654768109321594,1.5212790966033936,2.7711596488952637,2.356482744216919,1.5403430461883545,0.9147326350212097,1.780013084411621,2.754121780395508,3.244462013244629,3.311175584793091,2.7370340824127197,1.6632720232009888
-3.098695755004883,-0.4368799030780792,1.3086671829223633,2.9009201526641846,5.9413323402404785,4.389894485473633,1.6874735355377197,1.7196578979492188,2.8553154468536377,0.24231120944023132,-2.178405523300171,0.5985687375068665,2.596083641052246,-1.0799825191497803,-1.6914480924606323,-0.8889355659484863,-1.5557527542114258,-2.060407876968384,-1.6585980653762817,-4.609634876251221,-9.283873558044434,-7.644754886627197,-4.6668500900268555,-4.535066604614258,-3.3559043407440186,-2.8930907249450684,-3.0358622074127197,-1.3919169902801514,-0.44292178750038147,-3.019052505493164,-3.80641508102417,-0.45019567012786865,4.094908237457275,5.289304256439209,4.381816387176514,3.5572688579559326,0.9571611285209656,2.0187222957611084,3.8095662593841553,4.869999885559082,4.981688976287842,3.865607738494873,2.4001595973968506
-1.5322589874267578,0.8109233975410461,1.3263856172561646,2.3534345626831055,5.510885715484619,3.750180721282959,2.306628704071045,1.8384599685668945,2.0702297687530518,-0.09276721626520157,-2.63167142868042,-0.5584582686424255,1.7267979383468628,-0.13214462995529175,-2.838495969772339,-2.7890143394470215,-2.431450843811035,-1.6684082746505737,0.2586337924003601,1.3316991329193115,-0.8121576905250549,-4.599480152130127,-5.3454766273498535,-6.760919094085693,-5.875958442687988,-3.1270251274108887,-1.8651223182678223,-0.8609497547149658,-0.07592803984880447,-0.5125896334648132,-1.0507721900939941,0.5505392551422119,1.6049903631210327,0.6747613549232483,4.170774459838867,7.986017227172852,4.7991533279418945,-0.3326031267642975,1.1306334733963013,4.314174175262451,5.439242362976074,4.395749568939209,2.612285852432251
-0.9326562881469727,0.40667349100112915,0.49843207001686096,1.9917206764221191,2.8852956295013428,3.259669303894043,2.6772303581237793,2.0393950939178467,1.9054324626922607,0.5870398283004761,-2.7262721061706543,-2.866403818130493,-0.7333341836929321,-0.5912498235702515,-5.019558429718018,-5.866603851318359,-3.019437074661255,-2.1962578296661377,-0.7766367793083191,0.9483698606491089,1.5603604316711426,0.2727906405925751,-3.186062812805176,-5.386270046234131,-6.350725173950195,-3.859386920928955,-0.17169439792633057,1.0012494325637817,2.2005248069763184,2.5796117782592773,2.1729283332824707,2.147982120513916,0.9622151255607605,-2.3253695964813232,-0.5123434662818909,4.161014080047607,4.139034748077393,-6.081908702850342,-4.804254531860352,3.8033130168914795,9.895536422729492,5.38025426864624,1.6943926811218262
-1.2260843515396118,-1.0133131742477417,-0.4318532943725586,1.5202906131744385,3.4561336040496826,3.2634737491607666,2.0193111896514893,0.5734901428222656,-0.2268313616514206,-1.2654099464416504,-4.131432056427002,-5.376665115356445,-3.8697922229766846,-2.8606295585632324,-3.720911741256714,-4.272841453552246,-3.420046329498291,-1.86978280544281,-1.4650311470031738,-3.0552408695220947,-6.397813320159912,-4.144397735595703,-2.247516393661499,-2.4813075065612793,-1.9526976346969604,0.9251191020011902,2.786128282546997,2.4504024982452393,2.5339114665985107,3.010388135910034,3.28798508644104,3.461367607116699,3.232865571975708,1.4962176084518433,-1.1952893733978271,-0.18124179542064667,-0.23799526691436768,-4.367401599884033,-4.573988914489746,2.035388469696045,10.644179344177246,7.52327299118042,-0.27046144008636475
-1.5263850688934326,-1.1032391786575317,0.5652404427528381,-0.00020835752366110682,3.3544583320617676,1.7182304859161377,0.2139519602060318,-1.7159242630004883,-2.437734842300415,-3.4049887657165527,-4.925304889678955,-6.264293193817139,-6.406988143920898,-5.243224620819092,-5.263939380645752,-4.598877906799316,-3.1264655590057373,-3.2525477409362793,-3.653104543685913,-3.2406492233276367,-3.5719594955444336,-4.3834123611450195,-2.4977221488952637,-2.206540822982788,-0.368083119392395,4.082077980041504,5.477096080780029,4.656275272369385,3.901902437210083,3.8455007076263428,4.118371486663818,4.075315475463867,4.056143760681152,4.380416393280029,2.3405752182006836,0.8724694848060608,0.5226559638977051,-2.3714587688446045,-3.523489475250244,0.760400652885437,5.800130844116211,2.3716418743133545,-2.936288356781006
-1.9538676738739014,-0.6260083317756653,0.2513047456741333,-1.4409295320510864,0.8012179136276245,-1.119612693786621,-1.8788872957229614,-3.303541660308838,-4.384939193725586,-4.829925060272217,-5.36440372467041,-5.887064456939697,-6.2761077880859375,-6.321296215057373,-5.807343006134033,-5.229427814483643,-4.490856170654297,-4.436710357666016,-4.438300132751465,-3.119021415710449,-1.935777187347412,-1.0688339471817017,0.12021347880363464,-0.6693183779716492,1.7608054876327515,3.384012222290039,3.1593825817108154,3.0392961502075195,4.162312984466553,5.855718612670898,6.380888938903809,5.852836608886719,4.787056922912598,4.824159145355225,4.148120403289795,1.8170353174209595,1.572130799293518,0.438277006149292,-1.5400334596633911,0.4435085356235504,0.5703778862953186,-2.164489269256592,-3.1020078659057617
-2.789653778076172,-0.7633727788925171,-1.694506287574768,-2.99733304977417,0.13703130185604095,-2.176950216293335,-3.4094886779785156,-4.565701961517334,-5.354798793792725,-5.297123432159424,-5.410465240478516,-5.715439796447754,-5.460688591003418,-5.37428617477417,-5.127303600311279,-5.397376537322998,-5.973450660705566,-6.327746868133545,-6.521299362182617,-5.169454574584961,-2.888911247253418,-2.1984713077545166,-3.203303813934326,-2.5513689517974854,-0.8810713291168213,-1.8434946537017822,-0.8080404996871948,1.7248165607452393,4.317531108856201,6.895871639251709,8.057319641113281,7.246891021728516,5.452925205230713,4.781790256500244,4.81051778793335,2.099987030029297,0.7211490869522095,1.8852953910827637,3.2944650650024414,0.32598674297332764,-0.4776477515697479,-1.027376413345337,-3.517652988433838
-3.2369179725646973,-1.0069947242736816,-3.0707290172576904,-4.043104648590088,-1.3983914852142334,-2.790013074874878,-4.419817924499512,-5.656774520874023,-5.220405578613281,-5.27639102935791,-5.794726371765137,-5.578806400299072,-5.103113651275635,-5.021519184112549,-5.071882247924805,-4.996342658996582,-5.337996959686279,-6.219725131988525,-6.762753963470459,-5.774415016174316,-3.166437864303589,-1.750091552734375,-3.032278060913086,-3.5425355434417725,-2.760728597640991,-2.9206857681274414,-2.1722638607025146,-0.1789371371269226,2.3710103034973145,5.346567630767822,7.948971271514893,9.024076461791992,6.921974182128906,5.067290782928467,4.836245536804199,2.9560577869415283,0.7333534955978394,1.2490028142929077,2.627737522125244,-0.7522071003913879,-1.139208436012268,0.9336248636245728,-1.7808125019073486
-3.293041944503784,-1.5248808860778809,-4.169074535369873,-4.881382465362549,-2.4484636783599854,-4.357673645019531,-5.863224983215332,-6.291000843048096,-5.561313152313232,-5.649871826171875,-5.947967052459717,-5.28790283203125,-4.4797563552856445,-4.545333385467529,-4.874562740325928,-4.654565334320068,-4.635740280151367,-5.311619281768799,-6.097405910491943,-4.992819786071777,-2.3286142349243164,-1.2086855173110962,-2.0199921131134033,-3.1956660747528076,-2.486457586288452,-1.5092452764511108,-0.7107735872268677,0.8814476728439331,2.850607395172119,4.92399787902832,7.21368408203125,9.514569282531738,8.637688636779785,6.433614253997803,4.535523414611816,3.114811897277832,1.4419804811477661,0.08382789045572281,-0.1319080889225006,-1.636431336402893,-2.076538562774658,-0.7759981751441956,-0.7074078321456909
-3.5623645782470703,-2.1710917949676514,-5.225193023681641,-5.473780155181885,-3.2066776752471924,-5.900463581085205,-6.948782444000244,-6.792104721069336,-6.215739727020264,-6.597641468048096,-6.3013596534729,-5.288107872009277,-4.0043625831604,-4.018613815307617,-4.729180812835693,-4.652035713195801,-4.494408130645752,-4.522122859954834,-4.883720874786377,-4.0252885818481445,-2.452770471572876,-1.590199589729309,-1.6852973699569702,-2.1986868381500244,-1.606916069984436,-0.20533567667007446,0.8662999868392944,2.2853503227233887,3.8442506790161133,5.3517985343933105,7.074102878570557,8.415462493896484,9.09363079071045,6.130853652954102,2.9698679447174072,2.192396402359009,2.02469539642334,-0.019822366535663605,-1.6112595796585083,-2.298154592514038,-2.6598458290100098,-2.255746841430664,-1.1934622526168823
-4.316359996795654,-4.120126724243164,-6.1140055656433105,-5.930466651916504,-4.135382175445557,-6.705341339111328,-7.302670478820801,-7.290534973144531,-7.072783946990967,-7.144016265869141,-6.655541896820068,-5.590460777282715,-3.8968822956085205,-3.149254560470581,-3.422297954559326,-3.629647970199585,-4.222975254058838,-3.6766092777252197,-3.2582762241363525,-3.124871253967285,-2.4614553451538086,-1.4836852550506592,-0.9106057286262512,-0.5732436180114746,-0.18364205956459045,0.9534940719604492,1.8999830484390259,2.64841890335083,3.3266849517822266,4.477358341217041,6.006838321685791,6.236125469207764,5.668886184692383,3.5818161964416504,0.9274117350578308,1.6438674926757812,1.9817101955413818,0.06779266893863678,-2.035412073135376,-2.477811813354492,-2.6832923889160156,-2.543314218521118,-1.5635292530059814
-4.883239269256592,-5.462405204772949,-7.074466228485107,-6.09149169921875,-3.8489675521850586,-6.77968692779541,-7.839217662811279,-7.618484020233154,-7.376526355743408,-7.284597396850586,-6.8867011070251465,-5.920664310455322,-4.741612434387207,-3.3407223224639893,-2.456841230392456,-2.2838118076324463,-2.1361067295074463,-2.4756150245666504,-2.8326408863067627,-2.5875179767608643,-2.1060235500335693,-1.1544749736785889,-0.3399779796600342,0.14435958862304688,0.5787367820739746,1.154158353805542,1.3543896675109863,0.9730801582336426,1.0698127746582031,1.8150404691696167,2.5523502826690674,2.5155751705169678,0.585675835609436,1.1755075454711914,1.9857513904571533,1.698705792427063,0.611229419708252,-0.5692489147186279,-2.00942325592041,-2.3906590938568115,-2.7617297172546387,-2.6361093521118164,-1.5675410032272339
-6.074636936187744,-6.366374492645264,-7.491015434265137,-6.196566581726074,-4.1802825927734375,-7.030646324157715,-7.441439151763916,-7.302703857421875,-7.010876178741455,-6.804773807525635,-6.70162296295166,-6.472325801849365,-4.929110050201416,-4.324514389038086,-3.171048164367676,-1.4277325868606567,-1.5393062829971313,-1.6481349468231201,-1.8431645631790161,-1.7974591255187988,-1.2685906887054443,-0.468763142824173,0.054324883967638016,0.07701528817415237,-0.04347030818462372,0.021160176023840904,0.5434974431991577,0.4539649784564972,0.01420215331017971,-0.06186480447649956,-0.3427079916000366,0.08289126306772232,-0.36896854639053345,-1.2364147901535034,2.07917857170105,1.2951215505599976,-0.21229979395866394,-0.22696010768413544,-1.7493876218795776,-2.53572416305542,-2.5081048011779785,-2.1751081943511963,-1.0782055854797363
-7.459268569946289,-7.4274091720581055,-9.063820838928223,-8.04900074005127,-5.520864963531494,-7.338867664337158,-7.8504228591918945,-7.160579204559326,-7.164461135864258,-6.708284378051758,-6.065074920654297,-5.257296562194824,-5.149966239929199,-5.062840461730957,-3.4990859031677246,-1.5047459602355957,-0.5191729664802551,-0.8319123387336731,-1.0356183052062988,-1.2796111106872559,-0.8137043118476868,0.030486034229397774,0.18490205705165863,-0.4207116663455963,-0.6902241110801697,-0.10713783651590347,0.04035727679729462,0.3042779862880707,-0.17883875966072083,-1.1038260459899902,-1.7402652502059937,-1.2508866786956787,-1.9172945022583008,-3.617931365966797,-2.8029816150665283,-1.2961698770523071,-0.15581104159355164,0.4566425383090973,-0.5548482537269592,-1.649066686630249,-2.0517730712890625,-1.0860594511032104,0.2625952661037445
-8.07742691040039,-8.546714782714844,-10.17104434967041,-9.447881698608398,-6.612011432647705,-8.050625801086426,-8.222356796264648,-7.526414394378662,-7.192028522491455,-6.435353755950928,-5.588725566864014,-4.996175765991211,-5.041843891143799,-5.317107200622559,-4.0734543800354,-2.5785181522369385,-2.0321590900421143,-0.8768070340156555,-0.5260179042816162,-0.8740636706352234,-0.6186763644218445,-0.3073306977748871,-0.39905351400375366,-0.7675742506980896,-0.8277561664581299,-0.8273476362228394,-0.7558907866477966,-0.29992803931236267,-0.4673263728618622,-1.6970369815826416,-1.9838775396347046,-1.1299437284469604,-1.1319490671157837,-3.966135263442993,-6.562572956085205,-5.288915634155273,-2.686683177947998,-0.5330076217651367,0.29501351714134216,0.19184242188930511,-0.411034494638443,0.6240456104278564,1.9993760585784912
-9.388011932373047,-8.376484870910645,-9.488092422485352,-9.81822395324707,-7.333362102508545,-7.814266681671143,-8.428722381591797,-7.532909393310547,-7.189918041229248,-5.9856672286987305,-5.4563140869140625,-4.994633197784424,-5.6649699211120605,-5.837875843048096,-4.2872633934021,-3.680619239807129,-2.4213085174560547,-1.3566138744354248,-0.9033414125442505,-0.9148022532463074,-0.9697613716125488,-0.7385926842689514,-0.7530865669250488,-0.9546309113502502,-0.8115407824516296,-0.6795392632484436,-0.798762321472168,-0.5170680284500122,-0.9122747778892517,-1.920665979385376,-1.9095715284347534,-0.9016407132148743,-0.08953455835580826,-1.4464911222457886,-4.7601213455200195,-5.632659912109375,-4.469821929931641,-2.8157718181610107,-0.6160724759101868,0.7600415349006653,0.8539344668388367,2.1790781021118164,3.3243978023529053
-9.570281028747559,-7.39619255065918,-7.727806091308594,-10.644643783569336,-10.39897346496582,-8.64898681640625,-7.560082912445068,-8.208003044128418,-6.788336277008057,-6.494818687438965,-5.809648036956787,-5.176626682281494,-5.66385555267334,-6.201371669769287,-5.152647972106934,-3.638638496398926,-3.2115869522094727,-2.4359607696533203,-1.5469602346420288,-1.28052818775177,-1.4122633934020996,-1.5298547744750977,-1.4448593854904175,-1.0282456874847412,-0.8395329117774963,-0.9333462715148926,-0.705798864364624,-0.3720579147338867,-0.7192679047584534,-1.3794180154800415,-1.657412052154541,-1.503704309463501,-0.5590954422950745,-0.4127034842967987,-2.36641263961792,-3.197052478790283,-2.4076480865478516,-2.433286190032959,-3.8341503143310547,-2.3791544437408447,-0.732832670211792,1.1988232135772705,2.9248828887939453
-9.310173034667969,-7.043612003326416,-7.2368011474609375,-11.191221237182617,-12.243741035461426,-10.170649528503418,-7.859640121459961,-7.1040472984313965,-6.71085786819458,-6.431918144226074,-5.4313530921936035,-4.684454917907715,-4.960719108581543,-5.639710903167725,-5.192994594573975,-4.164069652557373,-3.3737902641296387,-3.22025465965271,-2.4452474117279053,-1.6424428224563599,-1.789102554321289,-2.0249080657958984,-1.772662878036499,-1.28122079372406,-0.9098989963531494,-0.8746927380561829,-0.7036481499671936,-0.798259973526001,-0.998054027557373,-0.9013229608535767,-0.8818152546882629,-1.2738616466522217,-1.0255078077316284,-1.4829936027526855,-3.0601539611816406,-2.715257167816162,-1.3610827922821045,-1.2084242105484009,-4.845691204071045,-4.968967914581299,-2.333458185195923,0.4155627489089966,2.96755313873291
