data/wind_data/wind_4_2.json
{"header": {"parameterUnit": "KT", "parameterCategory": 2, "nx": 256, "ny": 198, "lo1": 44.73521041870117, "la1": -3.236724853515625, "lo2": 111.26478576660156, "la2": 43.468475341796875, "dx": 0.2609002888202667, "dy": -0.23708222806453705, "refTime": "2025-02-19 04:00:00", "forecastTime": 0, "parameterNumber": 2, "parameterNumberName": "eastward_wind"}, "data":
[rows 76 to 94 of 198, columns 86 to 128 of 256]
-11.226563453674316,-11.129921913146973,-11.068212509155273,-11.204054832458496,-11.68982219696045,-12.028732299804688,-11.767918586730957,-11.121170043945312,-10.34145736694336,-9.530304908752441,-8.852849006652832,-8.482860565185547,-8.488247871398926,-8.7337007522583,-9.001091957092285,-9.111287117004395,-8.699131965637207,-7.475900173187256,-5.847581386566162,-4.29524040222168,-2.5364654064178467,-0.38390201330184937,1.448448896408081,1.511022686958313,-0.21491195261478424,-1.0662529468536377,-1.0774660110473633,-0.9580076336860657,-1.2933032512664795,-1.687876582145691,-0.543554425239563,0.9195556640625,1.2979580163955688,0.1142377108335495,0.1548357903957367,0.3828869163990021,-0.14840194582939148,-1.0736782550811768,-1.3370641469955444,-0.40999922156333923,0.9298652410507202,1.9790434837341309,1.6441532373428345
-11.283903121948242,-11.203288078308105,-11.125916481018066,-11.219779968261719,-11.62547492980957,-11.91619873046875,-11.699732780456543,-11.105613708496094,-10.24627685546875,-9.184946060180664,-8.1914701461792,-7.596386909484863,-7.553726673126221,-7.887610912322998,-8.375085830688477,-8.911931991577148,-9.172439575195312,-8.374521255493164,-6.717212677001953,-5.253167629241943,-3.9030089378356934,-1.6923307180404663,0.5042316317558289,0.2775297164916992,-1.3529987335205078,-2.4181506633758545,-2.4609529972076416,-1.427894115447998,-0.22761200368404388,-0.09214786440134048,-0.7166029810905457,-0.14760036766529083,0.39316725730895996,1.3288509845733643,1.8966822624206543,2.5130438804626465,2.3629422187805176,1.1061912775039673,0.446368545293808,0.8742849826812744,1.9038963317871094,2.8373732566833496,2.9339377880096436
-11.224555015563965,-11.142997741699219,-11.1482572555542,-11.260737419128418,-11.435953140258789,-11.535078048706055,-11.471253395080566,-11.128912925720215,-10.346318244934082,-9.186317443847656,-8.031574249267578,-7.3231401443481445,-7.25535774230957,-7.572831630706787,-8.018753051757812,-8.549276351928711,-9.085843086242676,-8.843151092529297,-7.29419469833374,-5.433259010314941,-4.307242393493652,-3.0081746578216553,-1.1999613046646118,-1.437469720840454,-2.8518505096435547,-4.155510425567627,-3.461944580078125,-2.8793716430664062,-2.006760835647583,-0.10501103103160858,-0.3444230258464813,-0.3081962466239929,-0.8984234929084778,-0.5324174165725708,1.3620887994766235,1.8633813858032227,3.773169755935669,3.64925479888916,2.6130988597869873,2.8348705768585205,3.4009459018707275,4.187691688537598,4.410937309265137
-11.13933277130127,-11.052953720092773,-11.104654312133789,-11.229391098022461,-11.258321762084961,-11.192384719848633,-11.145072937011719,-10.959661483764648,-10.425700187683105,-9.593878746032715,-8.70324993133545,-7.984630584716797,-7.586136341094971,-7.5386223793029785,-7.836557388305664,-8.330859184265137,-8.893876075744629,-9.04292106628418,-8.06088924407959,-6.1190972328186035,-4.685235023498535,-4.016085147857666,-2.9861278533935547,-2.732311487197876,-3.6851000785827637,-4.20665168762207,-3.192207098007202,-4.168858528137207,-3.9739460945129395,-3.4084861278533936,-3.4241857528686523,-3.0889008045196533,-3.7422749996185303,-4.375450611114502,-2.552583932876587,-0.8190732002258301,1.2028826475143433,3.9391918182373047,4.349098205566406,4.415416240692139,5.208141326904297,6.133838176727295,5.7254180908203125
-10.894084930419922,-11.000327110290527,-11.037853240966797,-10.99875545501709,-10.921791076660156,-10.858906745910645,-10.824386596679688,-10.680628776550293,-10.35363483428955,-9.976180076599121,-9.587556838989258,-9.008198738098145,-8.302483558654785,-7.779995441436768,-7.760493755340576,-8.205976486206055,-8.674200057983398,-8.998952865600586,-8.818199157714844,-7.448946475982666,-5.5374040603637695,-4.607630729675293,-3.860882043838501,-3.0965633392333984,-3.3029329776763916,-3.3784539699554443,-3.2121100425720215,-3.945948362350464,-5.4723591804504395,-7.9390692710876465,-8.352742195129395,-6.690454959869385,-6.722930431365967,-8.449479103088379,-8.101335525512695,-5.118099212646484,-1.8784924745559692,1.8043434619903564,4.1622700691223145,5.520652770996094,6.695719242095947,6.83128023147583,6.330540657043457
-10.093579292297363,-10.405147552490234,-10.6281099319458,-10.601544380187988,-10.419264793395996,-10.31461238861084,-10.302936553955078,-10.154192924499512,-9.921699523925781,-9.824912071228027,-9.805862426757812,-9.489187240600586,-8.711660385131836,-7.853600978851318,-7.538196563720703,-7.919457912445068,-8.231271743774414,-8.445101737976074,-8.85026741027832,-8.422585487365723,-6.721128940582275,-5.174927711486816,-4.173827648162842,-3.56187105178833,-3.420100450515747,-3.658252000808716,-4.592005729675293,-6.717402935028076,-8.62035846710205,-9.62867546081543,-9.322834014892578,-7.84390115737915,-6.9178314208984375,-8.055997848510742,-9.735594749450684,-9.577933311462402,-7.16219425201416,-2.8261735439300537,1.655500888824463,4.254802227020264,5.71378231048584,6.3160295486450195,6.856410503387451
-8.938054084777832,-9.187983512878418,-9.521069526672363,-9.648547172546387,-9.531811714172363,-9.449801445007324,-9.50006103515625,-9.325567245483398,-9.002233505249023,-8.809917449951172,-8.795869827270508,-8.722573280334473,-8.243910789489746,-7.498884201049805,-7.102941989898682,-7.386722564697266,-7.519359588623047,-7.508713722229004,-8.243138313293457,-8.649930000305176,-7.698758602142334,-6.258845329284668,-4.821809768676758,-4.195227146148682,-4.3337507247924805,-4.344274044036865,-5.46316385269165,-8.837947845458984,-8.92434024810791,-8.158202171325684,-7.858753681182861,-7.610288143157959,-6.635112762451172,-5.4675164222717285,-4.87705135345459,-6.4561991691589355,-8.112739562988281,-6.401383399963379,-2.732168197631836,1.1249914169311523,3.5380630493164062,5.227036476135254,6.884891510009766
-7.69002628326416,-7.7219014167785645,-7.9206390380859375,-8.09282398223877,-8.20470142364502,-8.353044509887695,-8.531039237976074,-8.357161521911621,-7.894322395324707,-7.492450714111328,-7.311024188995361,-7.222902297973633,-6.950442790985107,-6.549582004547119,-6.34239387512207,-6.511366844177246,-6.476443767547607,-6.416294097900391,-7.31445837020874,-8.251087188720703,-8.015185356140137,-7.095815658569336,-5.867764472961426,-4.0727691650390625,-3.7292723655700684,-5.773155689239502,-7.052923202514648,-7.223955154418945,-5.694857120513916,-6.1896071434021,-7.25775671005249,-7.369536876678467,-6.188743591308594,-4.531284332275391,-4.122511386871338,-5.180555820465088,-5.901698112487793,-5.860480785369873,-4.354493141174316,-1.2853269577026367,1.9069571495056152,4.218869209289551,6.074099540710449
-6.524028778076172,-6.398853778839111,-6.488181114196777,-6.644184112548828,-6.898054122924805,-7.1852521896362305,-7.3888840675354,-7.244555473327637,-6.7984538078308105,-6.3843512535095215,-6.0903801918029785,-5.908941745758057,-5.779304027557373,-5.635349750518799,-5.537435054779053,-5.55242395401001,-5.362115383148193,-5.444810390472412,-6.440179347991943,-7.630601406097412,-7.894470691680908,-7.370539665222168,-6.383820056915283,-3.9557318687438965,-1.7577368021011353,-4.321841716766357,-5.5967535972595215,-4.35323429107666,-3.8064658641815186,-4.599961757659912,-5.560052394866943,-6.009063720703125,-5.627334117889404,-4.914205551147461,-4.72329044342041,-4.8834614753723145,-4.8568596839904785,-4.817461013793945,-4.690155506134033,-3.468320608139038,-0.6584421992301941,2.3204195499420166,4.558145523071289
-5.506163120269775,-5.428451061248779,-5.574769496917725,-5.707337856292725,-5.8532514572143555,-5.978241443634033,-6.035830974578857,-5.925358772277832,-5.680907726287842,-5.513150215148926,-5.312806606292725,-5.023560047149658,-4.924376964569092,-4.855387210845947,-4.790282726287842,-4.889735221862793,-4.771661758422852,-4.892359256744385,-5.671677589416504,-6.817363739013672,-7.5182952880859375,-7.254986763000488,-6.377195835113525,-4.202933311462402,-0.2058248668909073,-0.1586216241121292,-2.3499138355255127,-1.656093955039978,-1.7599172592163086,-2.170517683029175,-3.2669007778167725,-4.145553112030029,-4.957889556884766,-4.959227561950684,-4.584353446960449,-4.230925559997559,-3.693329095840454,-3.131052017211914,-2.994710922241211,-2.8656692504882812,-1.4281286001205444,1.3165756464004517,3.807082414627075
-4.654440402984619,-4.703383445739746,-4.922016620635986,-5.060704708099365,-5.015535354614258,-4.909029960632324,-4.848470687866211,-4.784616470336914,-4.713444232940674,-4.830341339111328,-4.93349027633667,-4.7014546394348145,-4.531099796295166,-4.256845951080322,-4.109555244445801,-4.608307838439941,-4.885718822479248,-4.955625534057617,-5.208454608917236,-5.837191104888916,-6.696746349334717,-6.881113052368164,-6.356681823730469,-5.320258140563965,-2.6016180515289307,1.343699336051941,1.2747364044189453,0.9466904401779175,-0.09878658503293991,-0.7659251093864441,-1.6000449657440186,-2.5187559127807617,-3.3881778717041016,-3.5459439754486084,-3.1544852256774902,-2.5605242252349854,-1.953351378440857,-1.494282603263855,-1.2450780868530273,-1.337064504623413,-1.6096514463424683,-0.27576887607574463,2.362103223800659
-3.9575536251068115,-4.044257164001465,-4.229249954223633,-4.388384819030762,-4.350439548492432,-4.2401604652404785,-4.12874174118042,-4.0313215255737305,-4.071108818054199,-4.401070594787598,-4.719912052154541,-4.574079513549805,-4.353348731994629,-3.9775564670562744,-3.884376049041748,-4.718531131744385,-5.275500774383545,-5.33056116104126,-5.0984296798706055,-5.086138725280762,-5.615384578704834,-6.143003940582275,-6.117575168609619,-5.580316543579102,-4.363653182983398,-1.7233206033706665,1.4527473449707031,0.9983432292938232,-0.5269603729248047,-0.9655308127403259,-1.2218126058578491,-1.6547733545303345,-1.82754647731781,-1.3670744895935059,-0.6020820140838623,-0.028607772663235664,-0.04849334806203842,-0.26998355984687805,-0.49254733324050903,-0.681821882724762,-1.172696828842163,-1.883501410484314,-0.7114672660827637
-3.5566608905792236,-3.5216426849365234,-3.578517436981201,-3.705282211303711,-3.7814037799835205,-3.743657112121582,-3.586052179336548,-3.4049673080444336,-3.474510908126831,-3.931502342224121,-4.360108375549316,-4.256372928619385,-3.961106300354004,-3.6823160648345947,-4.026028156280518,-5.0295562744140625,-5.486788272857666,-5.474136829376221,-5.034609317779541,-4.728554725646973,-4.724032878875732,-5.084796905517578,-5.482815265655518,-4.95236873626709,-3.3690712451934814,-1.309127926826477,0.36279451847076416,-1.4450910091400146,-2.4680962562561035,-1.7034662961959839,-1.4903308153152466,-1.3882352113723755,-1.3450697660446167,-0.9758104085922241,-0.13905178010463715,0.8186874389648438,1.3478798866271973,1.1849466562271118,0.7160135507583618,-0.07550618052482605,0.03101186640560627,-0.6474210023880005,-1.2422971725463867
-3.475158929824829,-3.3557777404785156,-3.291499376296997,-3.2854819297790527,-3.3120663166046143,-3.2231900691986084,-3.060971260070801,-2.8890011310577393,-2.861757516860962,-3.1248013973236084,-3.3379993438720703,-3.220787286758423,-2.9694862365722656,-2.9346814155578613,-3.6283514499664307,-4.821182727813721,-5.26202392578125,-5.179271221160889,-4.679111003875732,-4.429007530212402,-4.3196868896484375,-4.4105610847473145,-4.383859157562256,-3.280341386795044,-1.0379441976547241,-0.030452705919742584,-0.9750803709030151,-2.4706368446350098,-2.064981460571289,-1.7224674224853516,-1.498975157737732,-0.818505048751831,-0.537244439125061,-0.5654599070549011,-0.15569524466991425,1.2173163890838623,2.7269136905670166,3.1428279876708984,2.5073323249816895,1.043649435043335,0.628255307674408,0.6727558374404907,0.4241049885749817
-3.3189852237701416,-3.233008861541748,-3.116575241088867,-3.0109331607818604,-2.9397857189178467,-2.8035190105438232,-2.644686698913574,-2.4505810737609863,-2.2725119590759277,-2.245913505554199,-2.0886662006378174,-1.9148155450820923,-1.6333476305007935,-1.7613708972930908,-2.3902747631073,-3.5164287090301514,-4.220954895019531,-4.329340934753418,-3.914130449295044,-3.8371949195861816,-4.177300453186035,-4.462824821472168,-3.6894586086273193,-1.6451668739318848,0.2849118709564209,0.25486963987350464,-1.0994380712509155,-1.4603722095489502,-0.7428559064865112,-1.3954737186431885,-0.6536594033241272,0.7102289795875549,1.3563706874847412,0.955684244632721,0.613754153251648,1.3851391077041626,3.038031578063965,4.176983833312988,4.156517028808594,2.845024585723877,1.2191290855407715,0.3014657497406006,0.10553847253322601
-2.9768624305725098,-2.935393810272217,-2.7802319526672363,-2.682323694229126,-2.5902180671691895,-2.425615072250366,-2.1871724128723145,-1.8508610725402832,-1.5715017318725586,-1.4787485599517822,-1.2981462478637695,-1.1779828071594238,-0.8826819062232971,-1.0540688037872314,-1.4708833694458008,-1.9954954385757446,-2.718831777572632,-3.2688372135162354,-3.207144021987915,-3.1919896602630615,-3.939380407333374,-4.782480239868164,-4.3880391120910645,-3.130871295928955,-1.107728123664856,0.811302661895752,0.5997279286384583,-0.07848239690065384,-0.3083484470844269,-0.7565749883651733,0.1850118190050125,1.4188580513000488,2.5453433990478516,2.782787561416626,2.3628926277160645,2.425880193710327,3.2276265621185303,4.115982532501221,4.506103992462158,3.500004529953003,1.7878004312515259,0.4953751266002655,-0.9922702312469482
-2.421161413192749,-2.4895079135894775,-2.3687288761138916,-2.2212133407592773,-2.057760000228882,-1.8768975734710693,-1.6361415386199951,-1.259068250656128,-0.9322090148925781,-0.840967059135437,-0.8878568410873413,-0.8201678991317749,-0.8268658518791199,-1.3113123178482056,-1.6233652830123901,-1.6389282941818237,-1.9432584047317505,-2.696074962615967,-3.1397600173950195,-3.0481276512145996,-3.6733601093292236,-4.606493949890137,-4.64918851852417,-4.12586784362793,-2.4265894889831543,0.35139554738998413,1.7176766395568848,0.6616731286048889,-1.1083917617797852,-1.3497576713562012,-0.2247251719236374,1.0927963256835938,2.5121572017669678,3.265159845352173,3.4273412227630615,3.5203511714935303,3.4008255004882812,3.026013135910034,3.024775743484497,2.703185796737671,1.2656464576721191,0.9077510237693787,-0.6574578285217285
-1.6490364074707031,-1.8984928131103516,-1.9091330766677856,-1.6791799068450928,-1.419448733329773,-1.257080316543579,-1.1251028776168823,-0.8787631392478943,-0.5168112516403198,-0.3656132221221924,-0.6087520718574524,-0.3696839213371277,-0.3733961582183838,-1.124369502067566,-1.946466326713562,-2.5015125274658203,-2.5564136505126953,-2.8247251510620117,-3.415945291519165,-3.178537368774414,-3.2451822757720947,-3.7479662895202637,-3.825939178466797,-4.108613967895508,-3.827666997909546,-1.9000999927520752,0.39090439677238464,-0.06871093809604645,-1.1870959997177124,-0.1480555236339569,0.884955883026123,1.840549111366272,3.0084424018859863,3.6297905445098877,4.16462516784668,4.413380146026611,3.6206271648406982,2.1315274238586426,1.3492164611816406,1.5218349695205688,0.9258790016174316,0.7490917444229126,-0.5727241635322571
-0.7337735295295715,-1.1335728168487549,-1.2427706718444824,-0.9652984142303467,-0.6912944316864014,-0.6683119535446167,-0.5949282050132751,-0.41047805547714233,-0.04884399473667145,0.12196522206068039,-0.24788519740104675,0.0071858372539281845,0.48907333612442017,0.38011062145233154,-1.274925947189331,-3.368734836578369,-3.6034438610076904,-3.168367385864258,-3.3942179679870605,-2.944368600845337,-2.376160144805908,-2.408290386199951,-2.345536470413208,-2.6834874153137207,-3.3937952518463135,-3.7797603607177734,-1.6695245504379272,-0.6778876781463623,0.18963968753814697,0.9276134371757507,1.9515947103500366,3.153001070022583,4.049384593963623,4.178357124328613,5.015663146972656,5.032261848449707,3.876530170440674,2.356940984725952,1.6435121297836304,1.6376371383666992,1.7708990573883057,1.1379934549331665,-0.09186144173145294
