data/wind_data/wind_61_1.json
{"header": {"parameterUnit": "KT", "parameterCategory": 2, "nx": 256, "ny": 198, "lo1": 44.73521041870117, "la1": -3.236724853515625, "lo2": 111.26478576660156, "la2": 43.468475341796875, "dx": 0.2609002888202667, "dy": -0.23708222806453705, "refTime": "2025-02-21 13:00:00", "forecastTime": 0, "parameterNumber": 2, "parameterNumberName": "eastward_wind"}, "data":
[rows 38 to 56 of 198, columns 129 to 171 of 256]
-3.494532823562622,-1.9241706132888794,0.4446539580821991,2.2272191047668457,5.324289798736572,7.786619186401367,8.660552978515625,4.3921308517456055,4.660282135009766,-7.806107044219971,-5.455788612365723,-3.539350748062134,-4.6184492111206055,-5.185737609863281,-3.943373441696167,-7.065284729003906,-5.169233798980713,-12.362717628479004,-12.836222648620605,-12.376481056213379,-12.309022903442383,-10.652702331542969,-5.027912139892578,-7.054188251495361,-13.811206817626953,-10.488258361816406,-3.951707124710083,-0.3033377230167389,-8.071624755859375,-18.275907516479492,-16.011919021606445,-14.91184139251709,-10.690840721130371,-12.570497512817383,-15.300459861755371,-14.594826698303223,-11.96535587310791,-10.93402099609375,-12.207124710083008,-13.116534233093262,-12.76427173614502,-12.721704483032227,-12.344329833984375
-4.583086967468262,-2.548283815383911,-0.18845915794372559,2.465205669403076,6.583548069000244,11.367472648620605,8.805732727050781,4.361110210418701,0.7658321261405945,-10.959274291992188,-4.670956611633301,-4.216224670410156,-5.027328968048096,-3.4215712547302246,-3.8999900817871094,-7.982375621795654,-8.268519401550293,-7.815500259399414,-7.9061503410339355,-11.785550117492676,-13.596379280090332,-8.710153579711914,-7.8126020431518555,-12.873784065246582,-12.368574142456055,-9.356756210327148,-4.335961818695068,-5.962919235229492,-19.4276065826416,-20.982725143432617,-15.38580322265625,-13.016053199768066,-14.0667142868042,-15.300009727478027,-14.221176147460938,-13.061391830444336,-12.74697494506836,-13.031561851501465,-12.524870872497559,-12.372629165649414,-12.846675872802734,-12.69489574432373,-11.472064971923828
-5.501952171325684,-3.259925365447998,-0.5022940635681152,1.8934606313705444,7.799739360809326,8.591947555541992,2.038081407546997,-5.201554298400879,-12.446650505065918,-11.590967178344727,-6.606598854064941,-4.308333873748779,-5.541719913482666,-4.551634788513184,-8.070985794067383,-7.454404354095459,-6.395052909851074,-3.3780272006988525,-11.479549407958984,-14.205466270446777,-12.624957084655762,-9.164922714233398,-11.341032981872559,-13.407547950744629,-11.084487915039062,-8.426036834716797,-6.180706977844238,-11.906003952026367,-17.9357852935791,-16.941255569458008,-14.986687660217285,-14.914259910583496,-14.680540084838867,-13.577141761779785,-13.386029243469238,-14.676979064941406,-14.14113998413086,-13.166359901428223,-12.271169662475586,-12.17763614654541,-12.355681419372559,-12.241740226745605,-11.460954666137695
-6.419748783111572,-4.0789713859558105,-1.3762286901474,0.047216951847076416,4.151797771453857,-2.5491483211517334,-12.180060386657715,-9.640290260314941,-14.32497787475586,-10.458372116088867,-7.175236701965332,-5.378815650939941,-5.2906813621521,-4.829257488250732,-8.91694164276123,-5.985193252563477,-6.6880784034729,-7.285600185394287,-15.258272171020508,-13.12975025177002,-11.468650817871094,-9.243247985839844,-10.772241592407227,-12.52287769317627,-11.780749320983887,-8.06753921508789,-7.011375904083252,-12.62984561920166,-16.45816993713379,-15.007986068725586,-12.579983711242676,-11.990883827209473,-13.401042938232422,-14.958328247070312,-14.315491676330566,-13.587312698364258,-12.450240135192871,-11.967507362365723,-11.672935485839844,-11.780707359313965,-12.10300350189209,-11.649188995361328,-11.033251762390137
-7.049225330352783,-5.423142433166504,-3.3397974967956543,-2.485581159591675,-1.7063003778457642,-5.026381969451904,-13.484943389892578,-8.613088607788086,-11.615067481994629,-6.408330917358398,-8.901588439941406,-6.569556713104248,-5.873110294342041,-6.433061599731445,-7.447389125823975,-7.250863552093506,-8.854852676391602,-10.769625663757324,-13.996403694152832,-11.181279182434082,-6.836536884307861,-7.736133575439453,-12.783333778381348,-14.386003494262695,-10.538164138793945,-7.380842685699463,-10.456095695495605,-14.747100830078125,-16.464262008666992,-12.623242378234863,-8.774016380310059,-11.151935577392578,-15.646316528320312,-14.562113761901855,-12.871460914611816,-11.657158851623535,-10.37768268585205,-10.015409469604492,-10.796730995178223,-11.177821159362793,-10.938157081604004,-11.126094818115234,-11.837201118469238
-8.664389610290527,-8.195313453674316,-6.115220546722412,-4.752645015716553,-4.458645343780518,-6.207705020904541,-12.252937316894531,-8.683756828308105,-10.347362518310547,-7.804887294769287,-9.607903480529785,-4.035500526428223,-5.902532577514648,-6.874444961547852,-6.443082332611084,-10.96439266204834,-9.588906288146973,-9.431790351867676,-8.357410430908203,-6.382661819458008,-3.246919870376587,-11.142783164978027,-16.224666595458984,-13.18834114074707,-8.561412811279297,-10.424066543579102,-15.072046279907227,-14.797382354736328,-12.747435569763184,-10.92167854309082,-11.859720230102539,-14.898172378540039,-13.859901428222656,-12.418656349182129,-11.38687801361084,-9.712997436523438,-7.894386291503906,-8.19507122039795,-11.58028793334961,-11.484663009643555,-10.354992866516113,-9.681198120117188,-11.717178344726562
-10.412614822387695,-10.95888614654541,-8.344970703125,-6.8463006019592285,-5.43654203414917,-5.001874923706055,-8.562139511108398,-9.14332103729248,-10.007425308227539,-10.307235717773438,-6.712818145751953,-8.599430084228516,-9.484538078308105,-7.761467456817627,-11.400579452514648,-12.034584045410156,-10.59911060333252,-7.745486736297607,-4.6135358810424805,-4.769477367401123,-10.995611190795898,-18.277965545654297,-14.475116729736328,-10.962163925170898,-9.086202621459961,-12.511592864990234,-12.791561126708984,-9.677630424499512,-10.085898399353027,-14.423330307006836,-15.891096115112305,-13.860105514526367,-12.160055160522461,-12.253338813781738,-11.785751342773438,-10.717524528503418,-9.836530685424805,-11.802220344543457,-13.05772876739502,-11.9208402633667,-10.881874084472656,-10.096792221069336,-11.323376655578613
-13.198284149169922,-11.86385440826416,-9.94318675994873,-8.729601860046387,-8.981927871704102,-9.545867919921875,-9.412158966064453,-9.523208618164062,-8.774367332458496,-8.971967697143555,-5.01740026473999,-10.403054237365723,-9.863632202148438,-9.244539260864258,-12.89403247833252,-12.710817337036133,-9.751287460327148,-7.6780171394348145,-8.228726387023926,-10.989837646484375,-12.502614974975586,-14.745366096496582,-13.691570281982422,-11.539899826049805,-11.763164520263672,-11.669483184814453,-7.5903000831604,-8.09760570526123,-18.51638412475586,-17.619125366210938,-15.708847045898438,-12.430541038513184,-11.358414649963379,-12.475451469421387,-12.380948066711426,-11.573476791381836,-12.49455451965332,-13.801214218139648,-13.757020950317383,-12.11544418334961,-11.939502716064453,-12.29774284362793,-12.062361717224121
-14.80478572845459,-12.372871398925781,-11.3576021194458,-11.363670349121094,-12.9081449508667,-12.463260650634766,-9.78499698638916,-8.348448753356934,-8.998453140258789,-6.0257697105407715,-9.452173233032227,-12.037429809570312,-10.794958114624023,-10.961546897888184,-11.5692720413208,-10.831071853637695,-9.854334831237793,-10.592910766601562,-11.536195755004883,-12.039608001708984,-11.057616233825684,-10.198195457458496,-11.580696105957031,-10.603280067443848,-9.762404441833496,-9.298039436340332,-9.56975269317627,-14.203310012817383,-16.275171279907227,-16.503847122192383,-13.787310600280762,-11.882375717163086,-13.355813026428223,-13.137657165527344,-11.72268295288086,-11.70612621307373,-12.097088813781738,-12.070624351501465,-11.852514266967773,-12.098628997802734,-13.349431037902832,-13.543503761291504,-11.939659118652344
-14.63397216796875,-13.336976051330566,-12.10305404663086,-14.115107536315918,-15.666274070739746,-15.264261245727539,-11.540306091308594,-7.706714630126953,-8.327256202697754,-5.0743303298950195,-9.196956634521484,-11.290213584899902,-10.76910400390625,-9.666153907775879,-8.200431823730469,-9.24010181427002,-9.741623878479004,-11.931236267089844,-12.384230613708496,-11.255753517150879,-9.803603172302246,-9.20873737335205,-7.7286152839660645,-4.661076545715332,-4.82451868057251,-9.535287857055664,-14.323473930358887,-14.22192668914795,-11.942008972167969,-12.231006622314453,-11.801712036132812,-11.249335289001465,-12.920561790466309,-12.792192459106445,-11.25776195526123,-12.083050727844238,-12.683733940124512,-12.797745704650879,-12.435027122497559,-11.873557090759277,-12.412095069885254,-12.924193382263184,-11.33613395690918
-11.773512840270996,-10.25883674621582,-11.542293548583984,-14.767398834228516,-14.922235488891602,-15.839457511901855,-15.619712829589844,-10.485921859741211,-6.410430431365967,-10.750982284545898,-9.797773361206055,-10.347746849060059,-9.492996215820312,-6.847217559814453,-3.6138062477111816,-6.2021284103393555,-9.798735618591309,-14.202413558959961,-13.657339096069336,-12.163951873779297,-12.03421401977539,-8.973114967346191,-6.212559700012207,-4.948072910308838,-12.939261436462402,-17.860401153564453,-16.002004623413086,-12.557779312133789,-11.041560173034668,-12.057084083557129,-12.658148765563965,-12.417747497558594,-11.495266914367676,-8.974074363708496,-9.826624870300293,-13.83694839477539,-13.1388578414917,-12.587282180786133,-12.779064178466797,-12.667610168457031,-12.131351470947266,-12.06322193145752,-11.631526947021484
-11.721467018127441,-11.397705078125,-13.582331657409668,-14.900806427001953,-14.18228816986084,-15.170733451843262,-13.89343547821045,-13.013533592224121,-11.983381271362305,-11.934846878051758,-10.061125755310059,-10.596985816955566,-8.830549240112305,-6.576905250549316,-7.95766544342041,-11.805353164672852,-12.29757308959961,-14.151220321655273,-14.384922981262207,-13.371273040771484,-11.165484428405762,-8.65295124053955,-8.885467529296875,-11.037415504455566,-15.10204792022705,-16.981658935546875,-13.98157787322998,-11.739188194274902,-11.694830894470215,-12.232044219970703,-13.034012794494629,-11.845939636230469,-7.972110271453857,-6.5533294677734375,-12.791296005249023,-16.55236053466797,-13.357491493225098,-11.440898895263672,-11.967362403869629,-12.809513092041016,-12.358675003051758,-12.079924583435059,-11.169753074645996
-10.581282615661621,-11.264303207397461,-11.035981178283691,-13.845255851745605,-13.561117172241211,-13.787176132202148,-12.100642204284668,-12.535927772521973,-11.868356704711914,-11.627189636230469,-11.113798141479492,-10.392290115356445,-9.334412574768066,-8.282512664794922,-9.537013053894043,-11.096977233886719,-11.598941802978516,-13.203892707824707,-14.002862930297852,-10.990599632263184,-8.738893508911133,-8.590197563171387,-10.471250534057617,-10.739296913146973,-10.373749732971191,-10.611028671264648,-9.936247825622559,-10.701848983764648,-12.342881202697754,-12.020318984985352,-12.182762145996094,-9.597004890441895,-7.045917510986328,-10.994186401367188,-13.788599967956543,-13.898868560791016,-12.778090476989746,-12.341141700744629,-12.122753143310547,-11.035029411315918,-10.780179023742676,-10.903219223022461,-10.91596794128418
-10.371354103088379,-11.524286270141602,-11.049858093261719,-14.460029602050781,-14.531935691833496,-12.596394538879395,-14.757479667663574,-12.216691017150879,-11.539227485656738,-12.3074369430542,-11.740482330322266,-10.485597610473633,-9.264662742614746,-10.000140190124512,-10.615484237670898,-11.559685707092285,-11.46619987487793,-10.689053535461426,-10.977055549621582,-10.053120613098145,-8.397756576538086,-10.626575469970703,-11.66419792175293,-9.01840591430664,-8.977489471435547,-8.902310371398926,-7.934536933898926,-11.457725524902344,-13.97409439086914,-12.324725151062012,-11.59428882598877,-10.596628189086914,-10.652838706970215,-11.526835441589355,-11.73941707611084,-11.733264923095703,-11.525517463684082,-11.57613468170166,-11.139108657836914,-10.215254783630371,-10.08285140991211,-10.291197776794434,-9.911019325256348
-9.946940422058105,-10.583651542663574,-10.603938102722168,-11.583195686340332,-10.417755126953125,-11.486802101135254,-13.85178279876709,-11.84436321258545,-12.318437576293945,-11.335321426391602,-10.77829647064209,-9.861085891723633,-11.703180313110352,-11.35131549835205,-10.468666076660156,-10.254465103149414,-11.023280143737793,-10.687527656555176,-9.79123306274414,-9.95034122467041,-11.180551528930664,-12.591147422790527,-11.2774658203125,-8.915839195251465,-7.961720943450928,-9.172591209411621,-13.943936347961426,-15.446438789367676,-14.34974479675293,-11.713631629943848,-10.637748718261719,-11.23445987701416,-12.290962219238281,-12.223055839538574,-10.639486312866211,-10.790742874145508,-10.987569808959961,-10.581629753112793,-10.649566650390625,-10.393640518188477,-10.543394088745117,-9.57181453704834,-9.444937705993652
-9.95657730102539,-10.147043228149414,-11.43930435180664,-12.01384449005127,-10.692916870117188,-7.997371673583984,-9.828944206237793,-12.472777366638184,-11.631467819213867,-10.74069595336914,-11.110718727111816,-10.759584426879883,-11.660881042480469,-10.757425308227539,-9.358799934387207,-7.199800491333008,-8.97128963470459,-10.7236967086792,-9.442948341369629,-9.849040985107422,-10.52666187286377,-11.802963256835938,-9.364531517028809,-7.650449752807617,-8.841704368591309,-11.623608589172363,-13.413532257080078,-14.057029724121094,-13.294693946838379,-11.813053131103516,-10.259987831115723,-9.643516540527344,-11.65424633026123,-11.888727188110352,-10.997823715209961,-11.480106353759766,-10.438085556030273,-9.43494701385498,-10.18923282623291,-10.56171703338623,-10.227949142456055,-9.543994903564453,-8.673454284667969
-10.983359336853027,-10.711992263793945,-11.368054389953613,-11.157031059265137,-10.138821601867676,-7.794737815856934,-10.109306335449219,-12.961274147033691,-11.46735954284668,-10.615091323852539,-10.099088668823242,-9.968525886535645,-10.90320110321045,-10.113304138183594,-9.68103313446045,-8.450111389160156,-7.708737850189209,-9.398665428161621,-10.879283905029297,-9.317465782165527,-9.546672821044922,-10.794466972351074,-7.584932804107666,-8.480315208435059,-13.6404390335083,-12.371889114379883,-10.137046813964844,-10.553466796875,-12.15549373626709,-12.036840438842773,-10.96275520324707,-11.34252643585205,-11.610462188720703,-11.568975448608398,-11.623127937316895,-10.420845985412598,-9.758617401123047,-9.969095230102539,-10.305689811706543,-10.69081974029541,-10.164543151855469,-9.071681022644043,-7.853816032409668
-12.296764373779297,-12.60929012298584,-11.75343132019043,-11.166241645812988,-9.455305099487305,-6.553463459014893,-9.803129196166992,-12.25542163848877,-8.913973808288574,-10.512770652770996,-10.744523048400879,-10.216987609863281,-10.120012283325195,-9.347445487976074,-8.754904747009277,-9.252104759216309,-9.944579124450684,-9.97156047821045,-10.094342231750488,-10.19185733795166,-11.013134002685547,-10.259206771850586,-10.157140731811523,-13.539308547973633,-14.70853328704834,-11.039589881896973,-8.699712753295898,-9.519649505615234,-11.138252258300781,-11.963109970092773,-11.23835277557373,-10.953725814819336,-11.140253067016602,-10.691629409790039,-10.653148651123047,-10.583490371704102,-10.365216255187988,-10.559325218200684,-10.09164047241211,-10.263144493103027,-9.985328674316406,-9.501547813415527,-8.919010162353516
-12.021942138671875,-13.281189918518066,-13.086454391479492,-12.049944877624512,-9.599442481994629,-10.515356063842773,-11.466327667236328,-9.206045150756836,-8.516094207763672,-12.806096076965332,-9.958752632141113,-10.587949752807617,-9.557476997375488,-9.599617004394531,-9.031586647033691,-9.642452239990234,-9.334429740905762,-9.745552062988281,-9.908571243286133,-10.116065979003906,-10.763856887817383,-9.743258476257324,-9.773025512695312,-13.131478309631348,-12.922627449035645,-9.906490325927734,-10.65351676940918,-11.649633407592773,-11.581665992736816,-11.425634384155273,-11.719233512878418,-10.350125312805176,-10.881525993347168,-11.089725494384766,-10.865120887756348,-10.535820960998535,-10.199807167053223,-9.794045448303223,-9.567303657531738,-9.829047203063965,-9.99709701538086,-9.80098819732666,-9.089345932006836
