data/wind_data/wind_Surface_60.json
{"header": {"parameterUnit": "KT", "parameterCategory": 2, "nx": 255, "ny": 198, "lo1": 44.73521041870117, "la1": -3.236724853515625, "lo2": 111.26478576660156, "la2": 43.468475341796875, "dx": 0.26192745566368103, "dy": -0.23708222806453705, "refTime": "2025-02-21 12:00:00", "forecastTime": 0, "parameterNumber": 2, "parameterNumberName": "eastward_wind"}, "data":
[rows 133 to 151 of 198, columns 43 to 85 of 255]
16.919090270996094,15.708044052124023,14.922529220581055,15.681279182434082,16.661115646362305,19.55423355102539,9.729944229125977,-7.593916416168213,-6.590690612792969,-5.012425422668457,-6.4094743728637695,-4.368406295776367,-2.3817977905273438,0.7748233079910278,4.9473185539245605,10.933626174926758,15.389410972595215,16.464296340942383,14.734905242919922,9.11945915222168,2.859823703765869,2.2892396450042725,3.5743048191070557,3.535478353500366,4.891940593719482,7.786738872528076,10.202095985412598,11.330561637878418,11.858771324157715,12.777426719665527,12.008909225463867,11.928790092468262,7.5567851066589355,-2.799663782119751,-4.791539669036865,-3.171891927719116,-3.492506980895996,-1.6169174909591675,1.2174348831176758,3.528784990310669,5.16372537612915,6.844933986663818,8.924625396728516
14.123621940612793,15.081398963928223,16.863338470458984,16.808231353759766,17.97455406188965,17.630895614624023,1.3754373788833618,-8.458654403686523,-5.170711517333984,-5.710681438446045,-5.342658519744873,-4.317560195922852,-1.1965142488479614,1.6014139652252197,4.233298301696777,10.115463256835938,12.884849548339844,14.43012523651123,9.634673118591309,1.3621946573257446,-0.7888855934143066,-0.255295068025589,3.3732306957244873,5.238703727722168,6.414303779602051,8.03706169128418,9.775178909301758,11.218070983886719,11.92793083190918,12.569703102111816,11.039108276367188,10.969144821166992,5.136594772338867,-4.735902309417725,-4.637264251708984,-4.179900169372559,-4.6358561515808105,-1.3401274681091309,1.8820085525512695,4.311521053314209,6.402193546295166,8.00125503540039,9.474868774414062
12.834074020385742,13.71545124053955,16.9440860748291,18.18562889099121,20.067726135253906,13.118863105773926,-5.856076717376709,-7.351284027099609,-5.166869163513184,-6.53273868560791,-4.513611316680908,-3.847899913787842,-0.5203195214271545,2.401292324066162,4.756130695343018,8.721552848815918,10.940585136413574,11.344826698303223,2.4027445316314697,-4.445587158203125,-3.4600822925567627,-2.6748528480529785,1.4557194709777832,4.200770378112793,6.353774070739746,7.871306896209717,9.506388664245605,10.681952476501465,11.280630111694336,10.880154609680176,9.389266014099121,9.332297325134277,3.747321605682373,-4.607342720031738,-4.14357328414917,-3.7357685565948486,-3.759403944015503,-0.6277769804000854,2.213268756866455,4.847402572631836,7.31018590927124,8.859691619873047,10.567700386047363
12.721092224121094,14.98646068572998,18.07366371154785,20.132465362548828,19.256149291992188,6.888241767883301,-8.070687294006348,-6.183773517608643,-4.981054306030273,-5.228455066680908,-2.2272934913635254,-1.5667752027511597,0.7305602431297302,3.1228244304656982,6.181324005126953,8.927473068237305,10.431565284729004,10.21837043762207,0.29473593831062317,-5.047470569610596,-3.133363962173462,-2.327728748321533,0.6080396771430969,3.3632893562316895,6.04443883895874,8.128610610961914,9.636805534362793,10.420042991638184,10.72761344909668,10.22139835357666,9.423656463623047,8.45756721496582,3.386169195175171,-1.7997514009475708,-1.5256571769714355,-1.0458850860595703,-0.8315975666046143,0.835001528263092,2.7605724334716797,5.281384468078613,7.064427375793457,8.473631858825684,11.02214527130127
13.421225547790527,16.747201919555664,19.667781829833984,20.02957534790039,13.842801094055176,-1.6232727766036987,-8.680558204650879,-5.564967155456543,-3.5124893188476562,-2.257777690887451,-0.49135494232177734,1.790329933166504,3.815991163253784,5.044288158416748,7.6998724937438965,9.789834022521973,10.219454765319824,10.835644721984863,3.641789436340332,-3.3743906021118164,-2.550973653793335,-0.07908952236175537,1.9882665872573853,3.376685619354248,5.494235038757324,7.8441996574401855,9.479949951171875,10.173615455627441,10.091973304748535,9.171002388000488,8.458866119384766,6.828192234039307,4.099312782287598,3.157198667526245,4.170289993286133,3.62701678276062,2.694230079650879,2.5962469577789307,3.2802443504333496,5.514736652374268,7.5140700340271,9.085522651672363,10.52853012084961
15.298381805419922,19.557703018188477,19.7593936920166,16.088682174682617,6.413115501403809,-6.628377437591553,-6.305065631866455,-3.239591360092163,-2.372394561767578,-0.6196649670600891,0.12245527654886246,2.750875949859619,5.5141215324401855,6.870055675506592,9.083998680114746,10.673446655273438,10.141901969909668,11.057717323303223,7.133632659912109,-0.8642849326133728,-2.3493192195892334,-0.2237425297498703,1.4800325632095337,3.054776430130005,4.705204486846924,6.707192420959473,8.3749361038208,9.690471649169922,9.410255432128906,8.644537925720215,6.942439556121826,4.778622150421143,4.633545398712158,6.32341194152832,6.500576496124268,4.556943416595459,3.6473093032836914,3.360588788986206,3.4527881145477295,5.602999210357666,8.848610877990723,11.843228340148926,12.129186630249023
18.56328582763672,20.883432388305664,16.042940139770508,11.097103118896484,0.9984101057052612,-6.95219612121582,-3.827413558959961,-2.045586109161377,-2.1658248901367188,-1.3884222507476807,0.10512087494134903,2.625119924545288,6.148351669311523,8.185284614562988,10.233579635620117,11.166035652160645,10.615297317504883,11.141067504882812,10.160717964172363,1.143348217010498,-3.3997092247009277,0.009507904760539532,1.1330691576004028,2.3022570610046387,3.753702163696289,5.648796081542969,6.947139739990234,8.147181510925293,7.955834865570068,6.802106857299805,4.975194931030273,3.805110454559326,5.025205612182617,5.673736095428467,4.03300142288208,3.1544413566589355,3.5106184482574463,3.6361615657806396,3.9701528549194336,5.946091175079346,9.437803268432617,12.645337104797363,12.678214073181152
18.26134490966797,18.261117935180664,14.266059875488281,9.92273235321045,-0.06973793357610703,-5.135653495788574,-2.1125407218933105,-1.6592636108398438,-0.8241832256317139,-0.7674291133880615,1.0346879959106445,3.6351170539855957,6.873814582824707,9.48819637298584,11.570282936096191,12.338010787963867,11.483936309814453,10.878703117370605,10.506120681762695,2.4918951988220215,-2.4800682067871094,-0.08820371329784393,0.6674533486366272,1.5848928689956665,2.6779158115386963,4.4803643226623535,5.2476630210876465,6.283163070678711,6.8183112144470215,5.122922897338867,3.400758981704712,2.847527265548706,2.083507537841797,2.1891133785247803,2.9857585430145264,2.884695053100586,2.739880323410034,3.1928937435150146,4.392201900482178,6.298428535461426,8.582597732543945,10.51559829711914,11.392570495605469
19.037010192871094,16.550533294677734,12.85067081451416,9.693014144897461,1.7980751991271973,-2.285226821899414,-0.1625119298696518,0.6329691410064697,1.0077604055404663,0.7061480283737183,1.8183650970458984,4.340906143188477,7.590400218963623,10.77606201171875,12.936619758605957,13.552447319030762,12.21047306060791,11.620610237121582,9.813614845275879,0.673825204372406,-3.2379140853881836,-0.6718745827674866,-0.34571659564971924,0.5739296674728394,1.4048653841018677,2.731468677520752,3.019770860671997,2.715766429901123,2.8752894401550293,1.1078901290893555,-0.17767755687236786,-0.789270281791687,0.05871487781405449,2.5392537117004395,3.24528431892395,2.174421787261963,1.5263808965682983,2.2802224159240723,3.8992953300476074,5.940421104431152,7.296916484832764,8.812995910644531,10.686659812927246
16.124454498291016,14.435356140136719,12.0641450881958,10.72169017791748,8.278520584106445,3.109990119934082,-0.6069977283477783,0.2714018225669861,1.986812949180603,2.010058879852295,3.1844348907470703,5.47937536239624,8.869288444519043,12.216604232788086,13.909320831298828,13.825799942016602,11.840256690979004,11.851672172546387,5.1723809242248535,-3.7494373321533203,-2.774918794631958,-0.1914004385471344,-0.21754217147827148,-0.5156354308128357,-0.44708457589149475,0.09715477377176285,-0.705468475818634,-1.4687020778656006,-2.2276434898376465,-3.864574432373047,-4.885809898376465,-4.4666924476623535,-1.423872709274292,1.6629809141159058,2.868250608444214,2.581324577331543,1.6244438886642456,2.011800765991211,3.2175498008728027,5.653753757476807,7.581058502197266,8.418697357177734,9.19363021850586
11.807940483093262,10.897119522094727,10.21103572845459,10.679286003112793,11.194116592407227,10.196794509887695,4.290129661560059,0.3370532691478729,1.5392251014709473,2.1398510932922363,3.7230045795440674,5.926517963409424,9.187630653381348,12.49432373046875,14.283305168151855,14.060602188110352,12.814762115478516,12.278366088867188,2.874528646469116,-4.455422401428223,-1.7844603061676025,-0.2989152669906616,-0.5701820850372314,-1.7460519075393677,-1.3670101165771484,-1.7225550413131714,-3.6545634269714355,-4.40737771987915,-5.383078098297119,-7.453433513641357,-8.020218849182129,-6.16390323638916,-2.4060235023498535,-1.0001115798950195,0.5419746041297913,3.4395673274993896,3.163994550704956,2.0709228515625,2.511401891708374,4.662015914916992,6.677980422973633,6.562169075012207,4.156822681427002
8.097087860107422,8.693302154541016,9.31231689453125,9.425190925598145,9.461429595947266,10.349506378173828,7.039684295654297,2.3584065437316895,2.2664475440979004,2.982743978500366,4.181249618530273,6.122628688812256,9.351478576660156,12.203877449035645,13.454920768737793,12.221490859985352,11.77018928527832,8.80766487121582,-2.4425129890441895,-5.484252452850342,-1.8167264461517334,-1.728890299797058,-1.755896806716919,-2.375985860824585,-1.8869237899780273,-3.1341540813446045,-4.5718913078308105,-5.211568355560303,-6.11843729019165,-5.843321323394775,-5.1121907234191895,-4.370335102081299,-2.032382011413574,-1.6901531219482422,-0.4375832676887512,3.5703318119049072,4.1222147941589355,2.887843608856201,2.739372491836548,4.330753326416016,4.5580153465271,3.113542318344116,0.13931119441986084
6.916682720184326,8.185906410217285,8.586557388305664,7.606295585632324,7.053179740905762,7.6993608474731445,7.261879920959473,4.758198261260986,3.437119722366333,3.639496326446533,4.5019989013671875,6.635879039764404,9.637797355651855,12.125463485717773,12.749479293823242,11.498688697814941,10.230956077575684,2.4454636573791504,-7.036242485046387,-5.406705856323242,-2.217722177505493,-2.335083246231079,-2.6191978454589844,-3.342250347137451,-3.0138721466064453,-3.714501142501831,-4.519891262054443,-5.381598949432373,-6.11715841293335,-5.802398204803467,-4.174919605255127,-2.272684097290039,-1.5523697137832642,-0.6049695014953613,0.9967708587646484,3.563568115234375,5.118913650512695,5.229598522186279,5.513176918029785,7.08914852142334,6.430174350738525,4.303854465484619,1.133304476737976
6.540541172027588,7.370547771453857,7.294563293457031,5.932055950164795,5.146495819091797,6.301812171936035,7.619584083557129,6.307694435119629,4.734660625457764,4.954354286193848,5.781707763671875,7.720699787139893,9.573328018188477,11.399904251098633,12.431534767150879,10.964547157287598,7.373856544494629,-2.720095634460449,-7.538488388061523,-4.1505446434021,-2.0185706615448,-1.9532173871994019,-2.9565744400024414,-3.8688111305236816,-4.242830276489258,-4.306730270385742,-4.268468856811523,-4.900478839874268,-4.400778293609619,-3.710980176925659,-2.6005234718322754,-2.095245361328125,-2.1237921714782715,-0.521711528301239,2.1932590007781982,4.442594051361084,5.793946266174316,7.383053779602051,9.345834732055664,9.514877319335938,7.104541778564453,6.00802755355835,4.803025722503662
6.577854633331299,6.943192481994629,7.421314239501953,5.701381683349609,4.648378372192383,7.357132911682129,8.58859920501709,7.064576148986816,5.7822136878967285,6.3953070640563965,7.142397403717041,8.103939056396484,10.147927284240723,12.30168342590332,12.493165969848633,11.622785568237305,5.443317890167236,-5.714200973510742,-6.696676254272461,-3.233889102935791,-1.9252104759216309,-1.1780208349227905,-2.358410358428955,-3.3062903881073,-4.30755615234375,-4.379054069519043,-3.738229751586914,-3.369011640548706,-1.696977138519287,-0.45840713381767273,-1.1983833312988281,-3.6797096729278564,-4.382758617401123,-1.7818107604980469,0.637424886226654,4.229325294494629,7.501716613769531,8.858762741088867,11.598427772521973,9.64615535736084,4.021454334259033,4.153446674346924,5.841727256774902
6.848662853240967,8.522364616394043,7.692083358764648,4.455169677734375,5.823148727416992,8.92231559753418,9.818167686462402,8.064827919006348,6.974968910217285,7.12027645111084,7.832697868347168,9.032561302185059,11.600505828857422,12.648015975952148,12.687442779541016,8.629270553588867,-1.792881965637207,-8.049076080322266,-5.7743425369262695,-2.841641426086426,-1.332387924194336,-0.2663385272026062,-1.5621819496154785,-2.788980722427368,-3.8146302700042725,-3.400242328643799,-2.1116857528686523,-1.5713454484939575,-0.6644335389137268,0.5666376948356628,-0.4884926378726959,-2.8353114128112793,-3.7387588024139404,-2.5441229343414307,-0.37405213713645935,2.558488368988037,5.183238506317139,7.929912567138672,9.075531959533691,8.933460235595703,4.191271781921387,2.1125032901763916,4.003506660461426
6.115481853485107,8.235328674316406,7.186741352081299,5.043766498565674,7.518776893615723,10.142380714416504,10.073782920837402,8.019259452819824,7.1634907722473145,7.432557582855225,8.774759292602539,11.22829532623291,13.08242416381836,12.90104866027832,11.390562057495117,4.116970539093018,-5.411516189575195,-7.240106582641602,-4.497008323669434,-2.336265802383423,-0.7253022193908691,1.2380766868591309,0.2000086009502411,-1.8511581420898438,-3.532632827758789,-3.0471811294555664,-0.8289710879325867,-0.1245863065123558,-0.0403468981385231,0.31623342633247375,-0.7125270962715149,-1.4538904428482056,-1.7463021278381348,-1.9384346008300781,-1.1136507987976074,0.4797587990760803,2.601020574569702,4.872533798217773,5.872502326965332,2.2343592643737793,0.4089234471321106,2.766486883163452,4.989169120788574
4.256087779998779,6.110622882843018,7.539579391479492,7.397999286651611,8.716866493225098,9.087346076965332,8.504900932312012,8.13914680480957,7.953098773956299,9.00178050994873,10.95067024230957,12.628588676452637,12.608864784240723,11.661359786987305,8.204559326171875,-0.019968653097748756,-5.992191314697266,-5.919357776641846,-2.7008519172668457,-0.11499812453985214,0.9969714283943176,2.8348214626312256,3.1948623657226562,1.8137171268463135,-0.20813031494617462,-0.8354052305221558,0.8058492541313171,1.4289239645004272,0.4957645833492279,-0.2410445660352707,-1.0097556114196777,-0.8435625433921814,-0.942393958568573,-1.3107802867889404,-1.2673542499542236,-0.8740739822387695,1.008584976196289,2.624648332595825,2.0470573902130127,-0.8440384864807129,-0.5517433285713196,3.521735191345215,5.160624027252197
4.579168796539307,6.129058361053467,8.150924682617188,8.583800315856934,8.657340049743652,8.272271156311035,7.164280414581299,7.742557048797607,9.048787117004395,11.007316589355469,12.513971328735352,12.340656280517578,11.553126335144043,8.12853717803955,-0.5908573865890503,-6.363807678222656,-6.261599063873291,-5.583224773406982,-1.8235468864440918,2.396010160446167,4.170921802520752,5.123610973358154,5.479462146759033,5.542684555053711,4.961617469787598,3.488355875015259,2.6273727416992188,1.7409707307815552,0.3629751205444336,-0.24094250798225403,-0.44573885202407837,-0.5005554556846619,-0.6653128862380981,-0.6797356605529785,-0.382215678691864,-0.5359288454055786,-0.0010182516416534781,0.6828944087028503,0.03769659250974655,-0.646692156791687,1.1339563131332397,4.277181625366211,4.51216459274292
