data/wind_data/wind_Surface_15.json
{"header": {"parameterUnit": "KT", "parameterCategory": 2, "nx": 255, "ny": 198, "lo1": 44.73521041870117, "la1": -3.236724853515625, "lo2": 111.26478576660156, "la2": 43.468475341796875, "dx": 0.26192745566368103, "dy": -0.23708222806453705, "refTime": "2025-02-19 15:00:00", "forecastTime": 0, "parameterNumber": 3, "parameterNumberName": "northward_wind"}, "data":
[rows 133 to 151 of 198, columns 86 to 128 of 255]
-11.461145401000977,-11.008954048156738,-8.731057167053223,-2.967388391494751,2.6687276363372803,2.1433651447296143,0.36909785866737366,2.186460018157959,4.183557510375977,5.5426483154296875,4.826159954071045,1.7009902000427246,-2.3748385906219482,-4.495229721069336,-4.8966450691223145,-4.088669300079346,-1.2166681289672852,0.0007021793280728161,0.06001495197415352,-0.359348326921463,-0.6060242652893066,-0.06179966405034065,0.46033433079719543,0.7113240957260132,1.0189921855926514,0.7863950729370117,1.8591724634170532,4.837784767150879,5.23256254196167,1.6825823783874512,0.020793255418539047,1.3101304769515991,1.3964513540267944,1.5961931943893433,2.2733712196350098,2.893183469772339,2.5143706798553467,0.366015762090683,-1.3715981245040894,-2.1455132961273193,-4.044891834259033,-6.259426116943359,-6.679597854614258
-11.75389289855957,-12.137414932250977,-8.897669792175293,-1.9079604148864746,2.275442600250244,1.6285796165466309,0.7378470301628113,1.441868782043457,3.4208991527557373,5.048008441925049,5.683551788330078,2.9394938945770264,-1.4589102268218994,-6.304350852966309,-7.388528823852539,-5.406464099884033,-2.4220988750457764,0.09873892366886139,0.853623628616333,0.9114354848861694,0.17708247900009155,-0.0692957267165184,0.6128522157669067,1.4725686311721802,1.7315075397491455,2.6483516693115234,5.903541564941406,9.030243873596191,6.750011920928955,3.9869384765625,4.977902889251709,3.895263433456421,2.3082902431488037,2.346457004547119,2.752108335494995,2.411372661590576,0.07969672232866287,-2.356710195541382,-4.818046569824219,-6.3596720695495605,-7.107297420501709,-6.813675403594971,-6.977405071258545
-8.416415214538574,-8.655638694763184,-7.7224321365356445,-5.893941879272461,-2.1704201698303223,-0.7679003477096558,1.919148325920105,3.540038824081421,5.27584171295166,4.772429943084717,5.473653793334961,3.731517791748047,-0.7334287762641907,-6.448867321014404,-9.02309513092041,-7.845865249633789,-4.383021354675293,-0.09192324429750443,1.8075578212738037,2.439551830291748,2.2607462406158447,1.2083195447921753,1.7532310485839844,2.0735135078430176,2.0263233184814453,3.506464958190918,6.523850440979004,7.761882781982422,5.628324031829834,5.443504333496094,6.180612564086914,3.2754135131835938,2.518068313598633,1.8239411115646362,1.3027267456054688,0.2385290563106537,-1.9848319292068481,-4.4278059005737305,-6.246725559234619,-5.968412399291992,-6.742804050445557,-5.867889404296875,-6.494958877563477
-5.589730262756348,-4.273327827453613,-5.390747547149658,-6.732565879821777,-3.5766842365264893,-1.3333706855773926,0.21472030878067017,2.9675564765930176,5.9082465171813965,6.507865905761719,6.294684410095215,4.989549160003662,0.3548123836517334,-1.8145474195480347,-5.970883846282959,-9.625091552734375,-9.235761642456055,-3.903585195541382,0.7649545073509216,2.5144834518432617,3.462270975112915,3.756166696548462,3.200052261352539,3.5425214767456055,3.4344255924224854,4.8529253005981445,5.4994401931762695,5.106188774108887,4.756551742553711,4.743261814117432,3.8611843585968018,2.0262701511383057,0.708842396736145,-1.68000328540802,-2.238621950149536,-1.1627063751220703,-2.498141288757324,-3.585799217224121,-3.1095190048217773,-2.684882640838623,-5.68446159362793,-5.791077613830566,-6.326267719268799
-6.8553996086120605,-4.624043941497803,-3.766052007675171,-4.668833255767822,-3.130925416946411,-0.9071891903877258,-1.2120556831359863,0.018886499106884003,2.9267287254333496,5.859256744384766,6.310232162475586,4.858338832855225,-0.6959642171859741,-0.8236815929412842,0.43758144974708557,-5.801937103271484,-11.428305625915527,-10.469724655151367,-5.558907985687256,-1.4143184423446655,1.1181663274765015,2.2596848011016846,2.489316701889038,3.5279126167297363,4.347345352172852,4.893924236297607,4.198670864105225,3.9555366039276123,2.3667421340942383,1.018545150756836,0.26985350251197815,0.18993349373340607,-1.5180950164794922,-3.874143362045288,-4.5390777587890625,-3.5065155029296875,-3.0188143253326416,-1.7925704717636108,-0.5565700531005859,-1.888959288597107,-4.324080467224121,-3.610109329223633,-3.5185985565185547
-6.088132858276367,-6.495759963989258,-4.703824043273926,-1.5356377363204956,-1.297170639038086,-1.0097709894180298,-1.011762022972107,-1.6874021291732788,0.23896242678165436,1.7769755125045776,5.405030727386475,3.7489278316497803,-2.6990654468536377,-1.6347217559814453,2.295793056488037,1.7577365636825562,-4.932819843292236,-9.084163665771484,-9.00207233428955,-5.343144416809082,-2.2379579544067383,-0.2677641212940216,1.585363507270813,2.9549474716186523,3.8259150981903076,3.935051918029785,4.371576309204102,5.072903633117676,2.0141489505767822,-0.8234580755233765,-1.6114028692245483,-0.5009090900421143,-0.18095867335796356,-1.5136406421661377,-4.427590847015381,-4.382964134216309,-2.049340009689331,-0.8663486242294312,-1.140034556388855,-2.4730591773986816,-2.465318441390991,-0.671620786190033,0.2488068789243698
-1.9130308628082275,-3.685805082321167,-4.578373432159424,-1.7370579242706299,0.4420933723449707,-1.0019558668136597,-0.7835611701011658,-1.0906904935836792,-1.339891791343689,0.07204840332269669,1.4800875186920166,-0.2138083279132843,-3.6413767337799072,-0.5951692461967468,1.604792594909668,4.43237829208374,3.268054723739624,-1.1286418437957764,-2.523138999938965,-2.2546212673187256,-1.3872158527374268,0.10273784399032593,1.5685824155807495,2.6567509174346924,3.3659188747406006,3.9060122966766357,5.693213939666748,6.473606109619141,3.725355625152588,-0.3363054394721985,-1.4536027908325195,0.3994230329990387,0.5476828813552856,-1.5952929258346558,-2.7513043880462646,-1.4298934936523438,0.4017447829246521,-0.22187094390392303,-2.298532009124756,-3.870912790298462,-3.3478024005889893,-1.0603092908859253,0.49617907404899597
1.3848017454147339,0.5591992735862732,-1.811396837234497,-4.107770919799805,-3.30617094039917,-2.3453691005706787,0.509129524230957,-0.043653182685375214,-3.6883671283721924,-1.5358039140701294,-1.9503493309020996,-3.8411221504211426,-4.076330661773682,-1.380167841911316,1.7774709463119507,3.398998498916626,4.334616184234619,2.95815110206604,2.0951802730560303,0.598391056060791,-0.008006023243069649,0.572130024433136,0.9722299575805664,1.512414574623108,2.7046635150909424,4.3470845222473145,6.095909118652344,5.853077411651611,4.581232070922852,1.4601917266845703,-0.5613256096839905,0.4705401062965393,0.11614289879798889,-1.0338304042816162,-2.1024389266967773,-3.2891299724578857,-4.329681396484375,-4.6539835929870605,-3.5279221534729004,-2.298030376434326,-1.8815827369689941,-1.1877111196517944,-2.9235315322875977
3.1003928184509277,2.4431087970733643,0.47044581174850464,-2.017845392227173,-3.122316360473633,-1.5682674646377563,1.1937527656555176,0.12180278450250626,-2.298872709274292,-1.7949023246765137,-0.667085587978363,-1.9307060241699219,-3.655050277709961,-2.9544246196746826,-0.7753294110298157,-0.2183513641357422,-0.47937819361686707,-0.15578392148017883,0.405935674905777,0.7514223456382751,0.22467383742332458,-0.5425405502319336,-0.3985168933868408,1.0082595348358154,4.238626003265381,5.767056941986084,5.356595039367676,4.5882134437561035,4.201642036437988,3.9720473289489746,2.2795724868774414,0.620794951915741,0.47283926606178284,-1.528917908668518,-4.938471794128418,-7.600072383880615,-7.842410564422607,-6.911322593688965,-4.256483554840088,0.7727481722831726,4.011507987976074,4.246278285980225,-6.0974440574646
4.561444282531738,3.585221767425537,2.566187858581543,1.7764763832092285,0.9578427672386169,-0.22102251648902893,-1.7861119508743286,-2.1726245880126953,-1.2425764799118042,0.7097549438476562,0.4198519289493561,-0.7306485176086426,-4.0544610023498535,-6.597979545593262,-3.981602907180786,-1.4003715515136719,-2.973903179168701,-2.769590139389038,-2.874812364578247,-1.686789870262146,-1.101962685585022,-2.462099313735962,-0.5880979299545288,1.84183931350708,5.055551052093506,5.224620819091797,3.75592303276062,3.6096818447113037,3.76790714263916,3.37459135055542,0.8798389434814453,-1.042578101158142,-1.4937175512313843,-4.041286468505859,-4.338151931762695,-1.4751514196395874,1.430922508239746,1.1851414442062378,-1.1992781162261963,4.999577045440674,7.718233108520508,5.497852802276611,-8.045066833496094
5.19212532043457,5.412391185760498,5.72132682800293,5.368406295776367,2.7724010944366455,0.27854010462760925,-2.8159263134002686,-3.993722915649414,-1.3169341087341309,1.7286005020141602,1.3777949810028076,-1.8423162698745728,-4.440469264984131,-8.62210750579834,-7.11936616897583,-2.448698043823242,-1.5130510330200195,-2.9894909858703613,-4.803125858306885,-6.049856185913086,-7.272943496704102,-7.962884902954102,-2.6794841289520264,0.9689987897872925,2.983813762664795,3.0548300743103027,2.880722999572754,3.390604019165039,2.3438234329223633,0.5795146226882935,-2.0580220222473145,-5.411206245422363,-7.7795281410217285,-5.479598045349121,1.24241042137146,6.667303562164307,9.187573432922363,7.7990217208862305,5.8372297286987305,9.999926567077637,11.179046630859375,3.092968225479126,-4.29464864730835
4.161551475524902,6.476683616638184,6.690788269042969,6.892446041107178,5.882933139801025,3.1237168312072754,-0.4797299802303314,-0.525846004486084,2.358267068862915,4.486438274383545,3.3040378093719482,-3.3792755603790283,-4.601936340332031,-6.305122375488281,-8.4264554977417,-6.272730827331543,-2.4388701915740967,-1.26126229763031,-2.152373790740967,-5.09416389465332,-9.055004119873047,-10.479269981384277,-5.960214138031006,-2.827479124069214,-1.6076956987380981,0.8237339854240417,1.568892478942871,0.3197280168533325,-0.5154605507850647,-1.383033275604248,-2.9269027709960938,-5.143990516662598,-7.011167526245117,-6.211909770965576,0.7111302614212036,7.7173309326171875,10.845391273498535,9.327193260192871,9.697131156921387,12.79443073272705,13.13752555847168,7.344167709350586,8.559739112854004
0.8579649329185486,3.971545457839966,5.75217342376709,6.019786834716797,7.126065731048584,5.858963489532471,3.65185546875,4.036103248596191,5.616280555725098,5.53527307510376,2.2897603511810303,-5.727220058441162,-5.992281436920166,-6.285892486572266,-8.136733055114746,-6.262559413909912,-2.1676528453826904,0.7804827690124512,1.668002724647522,0.04470280930399895,-2.856003522872925,-5.869222164154053,-3.9594171047210693,-1.8860682249069214,-1.9517440795898438,-0.34469372034072876,-2.33113431930542,-4.062131404876709,-4.502272129058838,-4.402191162109375,-3.6110355854034424,-0.2887980341911316,0.47123727202415466,-2.852219820022583,-2.0932884216308594,3.589285373687744,9.425780296325684,10.48528003692627,14.251075744628906,19.976390838623047,17.774171829223633,13.75963020324707,12.633323669433594
-3.501690149307251,0.45984676480293274,6.00378942489624,6.479253768920898,7.331653594970703,7.257885932922363,6.580052852630615,5.45980167388916,6.129217624664307,4.263072967529297,-2.8600831031799316,-5.502479076385498,-6.678444862365723,-8.446602821350098,-9.267410278320312,-6.577620983123779,-2.1525468826293945,-1.0435928106307983,0.4794054627418518,1.824390172958374,2.055133819580078,-0.2996407747268677,0.5829786062240601,1.4355517625808716,-0.2923634648323059,-1.6762950420379639,-3.7828030586242676,-5.9145050048828125,-7.544406414031982,-6.249284744262695,-3.664891481399536,-0.614847719669342,1.6061580181121826,0.32309526205062866,-0.791694700717926,2.7472422122955322,11.743436813354492,17.839767456054688,20.41600227355957,18.70598602294922,12.50398063659668,12.016880989074707,10.614373207092285
-6.731260299682617,-3.6384294033050537,5.4275407791137695,9.003422737121582,8.072458267211914,7.727174758911133,9.741480827331543,8.54482650756836,5.5829386711120605,0.8188208937644958,-5.920541763305664,-7.31898832321167,-6.003603458404541,-7.021260738372803,-8.699687957763672,-6.215405464172363,-3.117644786834717,-3.7737367153167725,-1.7420610189437866,1.074587106704712,1.2019011974334717,0.2068287432193756,1.3883044719696045,1.7027549743652344,-0.8080989122390747,-1.9564247131347656,-1.7400989532470703,-1.767588496208191,-2.0545473098754883,-1.3598849773406982,-0.7301724553108215,-2.2280514240264893,-2.1990034580230713,-1.1260610818862915,1.2354727983474731,6.13930082321167,15.280878067016602,19.788206100463867,15.520830154418945,5.361634731292725,4.027834892272949,9.86939811706543,10.058760643005371
-3.088571786880493,-5.300240993499756,2.3070249557495117,6.15548849105835,3.2347705364227295,1.2839349508285522,9.281332015991211,13.013082504272461,7.39566707611084,-1.4013019800186157,-5.483680725097656,-5.584091663360596,-3.1530115604400635,-0.40592435002326965,0.6060949563980103,-0.3230958878993988,-0.7539132237434387,-2.849592924118042,-2.0059988498687744,-0.3616403043270111,-2.154365301132202,-4.413215637207031,-3.843015432357788,-1.7953487634658813,-2.204200029373169,-2.898353099822998,-0.31182950735092163,4.246873378753662,7.103867530822754,6.358454704284668,4.2966437339782715,-0.11569370329380035,-3.0305519104003906,-1.2221252918243408,5.069519519805908,11.998006820678711,14.729935646057129,11.084955215454102,7.365828514099121,4.08864164352417,8.384695053100586,10.22372817993164,6.364808559417725
-1.682020902633667,-2.1217517852783203,0.23487041890621185,-0.10274499654769897,-4.093252182006836,-6.4831438064575195,0.5385113954544067,10.438898086547852,7.161220073699951,-1.3567214012145996,-2.476853847503662,0.9099275469779968,4.6419878005981445,8.489583969116211,10.95710277557373,6.084231376647949,1.4332491159439087,0.12011102586984634,-0.40119102597236633,-2.1213250160217285,-5.921535015106201,-8.253328323364258,-6.469244956970215,-3.5625228881835938,-2.341891050338745,-2.5927891731262207,0.06957352161407471,6.375861644744873,8.072925567626953,7.647283554077148,4.416764259338379,2.3034915924072266,2.1312758922576904,5.862809658050537,12.397493362426758,14.512600898742676,9.951732635498047,7.125876426696777,10.16083812713623,12.80301284790039,12.05422592163086,6.846438884735107,6.304539680480957
-5.503622055053711,2.0605685710906982,1.4649287462234497,-2.7749557495117188,-6.371523857116699,-7.652798652648926,-6.446708679199219,4.103338241577148,9.139887809753418,1.9816631078720093,2.674893856048584,4.04410457611084,5.527072429656982,6.225574493408203,6.838449478149414,1.555379033088684,-1.3269721269607544,0.6648766398429871,1.4500666856765747,-3.5313518047332764,-9.13833236694336,-5.118372917175293,-1.5062617063522339,-1.2918474674224854,-0.10460473597049713,0.043770670890808105,2.2641308307647705,4.1053547859191895,3.5975258350372314,2.1541078090667725,0.10908053815364838,2.7275755405426025,6.911217212677002,15.908427238464355,20.160879135131836,17.043106079101562,10.19398307800293,6.492341995239258,11.368363380432129,14.083108901977539,12.94251537322998,10.349828720092773,9.791398048400879
-12.783163070678711,1.8568425178527832,2.773076057434082,-1.573796272277832,-5.063752174377441,-8.193574905395508,-9.699576377868652,-5.780632019042969,3.880352020263672,3.400472640991211,-0.3412710428237915,-0.28990617394447327,1.8600943088531494,1.3113093376159668,1.576075553894043,-0.10165899246931076,1.3207499980926514,2.7513256072998047,1.1719106435775757,-0.553949236869812,-0.16427285969257355,2.8542985916137695,3.4465904235839844,0.2193262279033661,0.42322683334350586,2.028853416442871,3.4394371509552,1.5049231052398682,2.02238130569458,0.5769451260566711,3.2415242195129395,6.481595039367676,9.15097427368164,17.379899978637695,18.811742782592773,16.87264060974121,11.166399955749512,2.1161060333251953,0.48624542355537415,4.979228496551514,9.113761901855469,8.515227317810059,4.213586330413818
