data/wind_data/wind_6_7.json
{"header": {"parameterUnit": "KT", "parameterCategory": 2, "nx": 256, "ny": 198, "lo1": 44.73521041870117, "la1": -3.236724853515625, "lo2": 111.26478576660156, "la2": 43.468475341796875, "dx": 0.2609002888202667, "dy": -0.23708222806453705, "refTime": "2025-02-19 06:00:00", "forecastTime": 0, "parameterNumber": 2, "parameterNumberName": "eastward_wind"}, "data":
[rows 40 to 59 of 198, columns 44 to 87 of 256]
-5.014863967895508,-4.726635456085205,-4.850653648376465,-5.4455342292785645,-6.23641300201416,-6.280155658721924,-5.666370868682861,-5.007349491119385,-4.7386794090271,-5.047138690948486,-5.483867645263672,-6.21018648147583,-6.937601566314697,-7.135815143585205,-6.632243633270264,-6.0230560302734375,-5.761104106903076,-5.816202163696289,-6.191175937652588,-6.831018447875977,-7.309872150421143,-7.505433082580566,-7.533066749572754,-7.301049709320068,-7.063268661499023,-7.395856857299805,-7.551117897033691,-6.751389980316162,-6.095236778259277,-5.9986114501953125,-5.31784725189209,-4.3276848793029785,-3.9516048431396484,-3.7925758361816406,-4.03663444519043,-5.072956562042236,-6.237062454223633,-6.671231269836426,-6.256365776062012,-6.1410017013549805,-6.865178108215332,-7.395959377288818,-6.774130821228027,-5.599523067474365
-4.371684551239014,-4.383687973022461,-4.758163928985596,-5.38704252243042,-6.288532733917236,-6.960113525390625,-7.322214126586914,-7.2003326416015625,-6.618961811065674,-6.200751304626465,-6.3732829093933105,-6.932319641113281,-7.646078586578369,-7.789063453674316,-6.92142391204834,-5.891637802124023,-5.327824592590332,-5.365871906280518,-6.207592487335205,-7.330443859100342,-8.224503517150879,-9.101722717285156,-9.867460250854492,-10.145597457885742,-9.814659118652344,-9.205591201782227,-8.522765159606934,-7.7138872146606445,-6.868519306182861,-6.351001739501953,-5.9688615798950195,-5.38957405090332,-4.761476993560791,-4.221423625946045,-4.245860576629639,-4.583533763885498,-4.760926246643066,-4.688774585723877,-5.00679349899292,-5.6332550048828125,-5.974606513977051,-6.489944934844971,-6.411595344543457,-5.025454521179199
-4.762800216674805,-4.4622697830200195,-4.247347831726074,-4.372054576873779,-5.19526481628418,-6.25331449508667,-7.028293132781982,-7.206909656524658,-6.990376949310303,-6.909167766571045,-6.890127658843994,-6.693358898162842,-6.691536903381348,-6.587684631347656,-5.948205471038818,-5.3584675788879395,-5.6728339195251465,-6.363849639892578,-6.850552082061768,-7.572112560272217,-8.748050689697266,-9.919069290161133,-10.445910453796387,-10.480645179748535,-10.142587661743164,-9.222136497497559,-8.141249656677246,-7.276893138885498,-6.524593830108643,-6.138561248779297,-6.026658535003662,-5.667049407958984,-5.139992713928223,-4.797977447509766,-4.652865886688232,-4.274635314941406,-3.5494534969329834,-3.2914185523986816,-4.065656661987305,-5.112528324127197,-5.044891834259033,-4.927445888519287,-5.550285339355469,-5.174322128295898
-5.371078968048096,-4.827634811401367,-4.146916389465332,-3.8884596824645996,-4.480480670928955,-5.457108974456787,-6.268832683563232,-6.683765888214111,-6.885128974914551,-7.135569095611572,-7.183917999267578,-6.634812831878662,-5.9492974281311035,-5.745093822479248,-5.999093055725098,-6.715102672576904,-8.217961311340332,-9.299985885620117,-8.686001777648926,-7.865907669067383,-7.9647722244262695,-8.461356163024902,-8.771463394165039,-8.802947044372559,-8.504728317260742,-7.779538631439209,-7.039995193481445,-6.371984958648682,-5.683638095855713,-5.422813415527344,-5.352757930755615,-4.996615409851074,-4.7979021072387695,-4.940780162811279,-4.9166364669799805,-4.171665668487549,-2.978046417236328,-2.6172986030578613,-3.219327688217163,-4.0320963859558105,-3.8699088096618652,-3.1680541038513184,-3.774672269821167,-4.596041202545166
-4.990407466888428,-4.8289289474487305,-4.152388095855713,-3.6137773990631104,-3.8594658374786377,-4.894659996032715,-5.920013427734375,-6.461933612823486,-6.675853729248047,-6.6544623374938965,-6.392190456390381,-5.8620123863220215,-5.37681770324707,-5.63877534866333,-6.660433292388916,-7.931994438171387,-9.10891342163086,-9.50799560546875,-8.361920356750488,-6.863602638244629,-6.203500747680664,-6.489814281463623,-7.1171956062316895,-7.297097206115723,-6.857393741607666,-6.353271007537842,-6.231046199798584,-5.925222396850586,-5.135056495666504,-4.531960964202881,-4.479612350463867,-4.320276260375977,-4.0473761558532715,-4.252490997314453,-4.610513210296631,-4.093165397644043,-2.9133613109588623,-2.2408406734466553,-2.225823163986206,-2.6892857551574707,-2.8846523761749268,-2.265472412109375,-1.8071633577346802,-2.7331840991973877
-4.247069835662842,-4.982204914093018,-4.509687900543213,-3.678953170776367,-3.3662641048431396,-3.6919913291931152,-4.2541680335998535,-4.889800548553467,-5.417893886566162,-5.411942005157471,-5.024990558624268,-4.686533451080322,-4.646952152252197,-5.097975730895996,-5.920530796051025,-6.521233081817627,-6.281878471374512,-5.718276500701904,-5.161075592041016,-4.60753059387207,-4.586241722106934,-5.082088947296143,-5.455190181732178,-5.4641876220703125,-5.214466571807861,-5.221712112426758,-5.506153106689453,-5.602921009063721,-5.048172473907471,-4.386613845825195,-4.33596134185791,-4.2963786125183105,-3.787031888961792,-3.5392768383026123,-3.6845152378082275,-3.413383722305298,-2.7278289794921875,-1.8945882320404053,-1.4027934074401855,-1.702760934829712,-2.178628921508789,-2.1267130374908447,-1.0737066268920898,-0.7100250124931335
-2.824293851852417,-3.9090662002563477,-4.484116554260254,-4.463470458984375,-3.9940662384033203,-3.3991024494171143,-2.910061836242676,-3.0587384700775146,-3.6076738834381104,-3.848032236099243,-3.9403188228607178,-4.151635646820068,-4.438309192657471,-4.564511299133301,-4.810420513153076,-5.125981330871582,-4.690152168273926,-3.607497453689575,-3.0291996002197266,-3.145400285720825,-3.362056016921997,-3.556882381439209,-3.4463107585906982,-3.297055721282959,-3.6750783920288086,-4.435176372528076,-4.728693008422852,-4.758319854736328,-4.686274528503418,-4.618130683898926,-4.776462554931641,-4.687283992767334,-3.9207661151885986,-3.1433675289154053,-2.7796199321746826,-2.4389896392822266,-1.8664838075637817,-1.2999722957611084,-1.0454646348953247,-1.3069356679916382,-1.6623064279556274,-1.8613747358322144,-1.398101806640625,-0.09122069925069809
-1.0821477174758911,-1.663826584815979,-2.8023743629455566,-3.868790626525879,-4.139564514160156,-3.70566725730896,-3.060262680053711,-2.764326810836792,-2.8996894359588623,-2.9610822200775146,-3.413896322250366,-4.284718990325928,-5.0583906173706055,-5.042966365814209,-4.438476085662842,-4.000584602355957,-3.5752365589141846,-2.7201151847839355,-2.031109094619751,-2.5896453857421875,-3.1809797286987305,-3.066636562347412,-2.8583180904388428,-2.7885539531707764,-3.2019827365875244,-3.9527554512023926,-4.192953109741211,-3.7868363857269287,-3.7487306594848633,-4.233346939086914,-4.823906898498535,-4.913019180297852,-4.09787654876709,-3.1278107166290283,-2.6047768592834473,-2.0346109867095947,-1.264726996421814,-0.8731622099876404,-0.9392075538635254,-0.9605070948600769,-1.0391724109649658,-1.148249626159668,-1.1985797882080078,-0.3814471960067749
0.06746836751699448,0.7868979573249817,0.46093878149986267,-0.8198575377464294,-1.8908398151397705,-2.369779586791992,-2.6561591625213623,-2.535991668701172,-2.3834798336029053,-2.3067474365234375,-2.7097184658050537,-3.79545521736145,-5.029176235198975,-5.479331970214844,-4.940566539764404,-4.022764682769775,-3.09274959564209,-1.997350811958313,-1.0436251163482666,-1.3695958852767944,-2.3225314617156982,-2.7825965881347656,-3.1346116065979004,-3.498983383178711,-3.7926888465881348,-3.7754690647125244,-3.572232723236084,-3.006516218185425,-2.8209848403930664,-3.368870735168457,-3.9756150245666504,-4.49038553237915,-4.121305465698242,-3.2172446250915527,-2.571866750717163,-2.0049073696136475,-1.4610581398010254,-1.1315248012542725,-0.9703348875045776,-0.40791693329811096,0.0753382220864296,0.07509049773216248,-0.15699242055416107,-0.03276354819536209
0.9167823195457458,1.771185278892517,2.1564106941223145,1.9952847957611084,1.2835291624069214,0.0898982435464859,-1.0146069526672363,-1.1751341819763184,-0.8885777592658997,-0.8549715876579285,-1.2176586389541626,-2.0559048652648926,-3.2482049465179443,-4.332160472869873,-4.6854095458984375,-4.391308784484863,-3.8662655353546143,-3.229599952697754,-2.4162533283233643,-1.4061825275421143,-1.0692462921142578,-1.5139204263687134,-2.270005226135254,-3.06130313873291,-3.635235071182251,-3.563534736633301,-3.2396886348724365,-2.818882465362549,-2.532487154006958,-2.8813703060150146,-3.059844970703125,-3.387831926345825,-3.4590725898742676,-2.83144474029541,-2.0290756225585938,-1.5332783460617065,-1.5214533805847168,-1.347019910812378,-0.8734732270240784,0.0748763158917427,1.1056931018829346,1.3930761814117432,1.164337158203125,0.908096432685852
0.17134778201580048,0.4006767272949219,0.8179162740707397,1.535262107849121,1.9256877899169922,1.5711475610733032,1.242159366607666,1.1559972763061523,1.2890920639038086,1.2917250394821167,1.0282011032104492,0.37049174308776855,-0.45583686232566833,-1.4962421655654907,-2.3682610988616943,-2.8134891986846924,-2.822648525238037,-2.633699655532837,-2.3809750080108643,-1.6742782592773438,-0.7675730586051941,-0.6481906175613403,-1.0482827425003052,-1.6703131198883057,-2.410677671432495,-3.102263927459717,-3.5015273094177246,-3.5468215942382812,-3.111788749694824,-2.8906893730163574,-2.689404249191284,-2.286999225616455,-2.19063401222229,-1.833693504333496,-1.2150884866714478,-0.734195351600647,-0.7031911611557007,-0.6499046087265015,-0.33678367733955383,0.5609906911849976,1.737034797668457,2.2938852310180664,2.2740774154663086,2.0804660320281982
-0.11923746019601822,-0.2648513615131378,0.010843944735825062,0.3305246829986572,0.8038910031318665,1.633775234222412,2.7338457107543945,3.2564141750335693,3.192539691925049,2.9571776390075684,2.825096368789673,2.351658582687378,1.523271918296814,0.8732888102531433,0.3515974283218384,-0.11996092647314072,-0.16150031983852386,0.03291040658950806,-0.3060598373413086,-0.8447427749633789,-0.5473182797431946,-0.06846613436937332,-0.1025628075003624,-0.4585515558719635,-1.2253113985061646,-2.3747475147247314,-3.150381326675415,-3.5246152877807617,-3.3779537677764893,-2.658953905105591,-2.0811402797698975,-1.436108112335205,-1.1882634162902832,-0.9711607694625854,-0.5442709922790527,-0.0797196552157402,0.3717126250267029,0.7086592316627502,0.955161988735199,1.4186762571334839,2.219829559326172,2.87448787689209,3.1303353309631348,3.2662649154663086
0.9308061599731445,1.2539703845977783,1.1157894134521484,0.786537230014801,0.8948855400085449,1.8725265264511108,2.8408401012420654,3.3235206604003906,3.483786106109619,3.3146376609802246,3.249983072280884,3.3227248191833496,2.8578882217407227,2.1908085346221924,1.9132901430130005,2.0247902870178223,2.2337446212768555,2.3952159881591797,2.139171838760376,1.2186729907989502,0.41157516837120056,0.5353591442108154,0.5766590237617493,0.30904677510261536,-0.30437207221984863,-1.0592703819274902,-1.2527360916137695,-1.2473615407943726,-1.5556880235671997,-1.5515908002853394,-1.210013508796692,-0.7665492296218872,-0.55207759141922,-0.7352582812309265,-0.43514859676361084,0.4107154905796051,1.2064285278320312,1.8607256412506104,2.391258478164673,2.71258807182312,3.072911262512207,3.5883612632751465,3.967644691467285,4.223452091217041
1.5752155780792236,2.2069177627563477,2.612445831298828,2.537479877471924,2.1533660888671875,2.487356185913086,3.1087799072265625,3.2102432250976562,3.0786890983581543,2.9768476486206055,2.900538682937622,3.097522020339966,3.4494426250457764,3.5805888175964355,3.695629119873047,4.063857555389404,4.170590877532959,3.8492801189422607,3.355025053024292,2.8430933952331543,1.9154547452926636,1.2597190141677856,0.8665748238563538,0.5589608550071716,0.36151811480522156,0.2793343961238861,0.5142513513565063,0.923184871673584,0.9956583976745605,0.42710721492767334,-0.06703448295593262,-0.1977998912334442,0.02368159405887127,-0.34657880663871765,-0.5218446254730225,0.36804553866386414,1.5745365619659424,2.4941465854644775,3.199383497238159,3.89022159576416,4.42827844619751,4.7607102394104,5.017910957336426,5.116020202636719
1.3978843688964844,2.230792284011841,3.1208579540252686,3.5148069858551025,3.8328022956848145,4.325647354125977,4.49200963973999,4.271553993225098,3.9683542251586914,3.8183650970458984,3.663285493850708,3.5484890937805176,3.7869491577148438,4.487222194671631,5.334959983825684,5.960742950439453,5.880392551422119,5.115987777709961,3.99833607673645,3.1885173320770264,2.6590662002563477,1.979365348815918,1.4137147665023804,0.9985018372535706,0.6846607327461243,0.6115832328796387,0.8787661194801331,1.1957734823226929,1.5741655826568604,1.7021732330322266,1.2500789165496826,0.6436343193054199,0.46697258949279785,0.268910676240921,-0.1837877780199051,0.0077068316750228405,1.2253285646438599,2.6572699546813965,3.7224199771881104,4.746090888977051,5.5875325202941895,5.783351421356201,5.643208980560303,5.606355667114258
2.3080859184265137,3.359140396118164,4.435679912567139,5.078056335449219,5.4984025955200195,5.455857753753662,4.7587890625,4.514961242675781,4.916772365570068,5.215747833251953,5.156590938568115,5.119164943695068,5.24949836730957,5.372037887573242,5.50154972076416,5.794032096862793,5.980125427246094,5.553772926330566,4.619492053985596,3.5529394149780273,2.924607753753662,2.489914894104004,2.30291485786438,2.187932014465332,1.6496986150741577,0.9682746529579163,0.8781935572624207,1.1424286365509033,1.3594640493392944,1.866496205329895,2.309051752090454,2.0493435859680176,1.402557611465454,1.1484878063201904,0.8910089731216431,0.5025563836097717,1.0233956575393677,2.392045021057129,3.7955071926116943,4.892415523529053,5.750407695770264,6.150603294372559,5.873280048370361,5.635452747344971
3.231008768081665,4.273824691772461,5.351109027862549,6.162562370300293,6.323981761932373,5.857677936553955,4.984232425689697,4.503152370452881,4.971161842346191,5.556562900543213,5.627598285675049,5.765324115753174,6.183145999908447,6.171860694885254,5.6142730712890625,5.1963300704956055,5.306793212890625,5.339765548706055,5.039117336273193,4.448215961456299,3.780381202697754,3.243981122970581,3.264491558074951,3.5740599632263184,3.433515787124634,2.7153100967407227,2.073169708251953,1.9117459058761597,2.0130717754364014,2.3979997634887695,3.1550230979919434,3.5494372844696045,3.179258108139038,2.8633406162261963,2.9360554218292236,2.7837681770324707,2.6803019046783447,3.0494580268859863,3.944713830947876,4.7375383377075195,5.204119682312012,5.669378280639648,5.869970321655273,5.721426486968994
3.136408567428589,4.179802417755127,5.163820266723633,5.912559509277344,6.316197395324707,6.363852024078369,6.06766939163208,5.679583549499512,5.660455703735352,5.866335391998291,5.879212856292725,5.813930511474609,5.956460475921631,5.96189022064209,5.641692161560059,5.3851847648620605,5.489772319793701,5.640675067901611,5.621618270874023,5.380258560180664,4.7732391357421875,4.162647724151611,4.219995498657227,4.7586517333984375,5.106199741363525,4.882974624633789,4.198433876037598,3.5487425327301025,3.5203421115875244,3.838102340698242,4.177032470703125,4.4954962730407715,4.74321985244751,4.921725273132324,5.2530107498168945,5.508326053619385,5.467903137207031,5.193256855010986,5.336974620819092,5.747907638549805,5.605476379394531,5.19885778427124,5.366274356842041,5.775821685791016
3.5928244590759277,4.308071613311768,5.236567497253418,6.090405464172363,6.780298709869385,7.338195323944092,7.680578708648682,7.720642566680908,7.507273197174072,7.224815368652344,6.996447563171387,6.71210241317749,6.322431564331055,5.903160572052002,5.59208869934082,5.461391448974609,5.490555763244629,5.7302398681640625,6.048916339874268,6.0959858894348145,5.722157955169678,5.245840072631836,5.365809440612793,6.024595260620117,6.4968743324279785,6.508818626403809,6.246499538421631,5.863377571105957,5.6400837898254395,5.6711015701293945,5.53276252746582,5.169131755828857,5.282155990600586,5.8958234786987305,6.672288417816162,7.331188201904297,7.5434393882751465,7.241040229797363,7.045130252838135,7.253879070281982,6.978519916534424,5.94747257232666,5.297985076904297,5.693536758422852
5.410485744476318,5.660035610198975,6.228036403656006,6.947932720184326,7.699150562286377,8.4771728515625,9.117362022399902,9.387544631958008,9.229204177856445,8.984796524047852,8.883821487426758,8.68311595916748,7.984037399291992,7.108748435974121,6.435935974121094,5.94680118560791,5.454918384552002,5.262475490570068,5.5950212478637695,6.036617279052734,6.447746753692627,6.64632511138916,6.818533420562744,7.32673454284668,7.776072978973389,7.870334625244141,7.829629898071289,7.842826843261719,7.737345218658447,7.5346550941467285,7.2378997802734375,6.673779487609863,6.273115634918213,6.491420269012451,7.1828718185424805,7.943722248077393,8.380253791809082,8.452261924743652,8.360093116760254,8.385988235473633,8.164257049560547,7.44735050201416,6.45975923538208,6.105350971221924
