data/wind_data/wind_70_0.json
{"header": {"parameterUnit": "KT", "parameterCategory": 2, "nx": 255, "ny": 198, "lo1": 44.73521041870117, "la1": -3.236724853515625, "lo2": 111.26478576660156, "la2": 43.468475341796875, "dx": 0.26192745566368103, "dy": -0.23708222806453705, "refTime": "2025-02-21 22:00:00", "forecastTime": 0, "parameterNumber": 2, "parameterNumberName": "eastward_wind"}, "data":
[rows 57 to 75 of 198, columns 43 to 85 of 255]
-10.286734580993652,-10.53196907043457,-11.058100700378418,-11.113856315612793,-10.598692893981934,-11.01259708404541,-11.837800025939941,-12.049668312072754,-11.59322738647461,-10.444354057312012,-9.572633743286133,-9.094779014587402,-8.85318660736084,-8.791337966918945,-8.8550386428833,-8.98411750793457,-9.096738815307617,-9.223834991455078,-9.139385223388672,-8.83123779296875,-8.758667945861816,-8.851211547851562,-8.576904296875,-7.863767147064209,-7.39022970199585,-7.2407941818237305,-7.318981647491455,-8.013970375061035,-8.575031280517578,-7.727701663970947,-6.623798847198486,-6.25838565826416,-5.327170372009277,-4.481032371520996,-4.003397464752197,-2.9216115474700928,-2.255716323852539,-2.0187947750091553,-1.7571415901184082,-1.8084447383880615,-1.5160419940948486,-1.2572760581970215,-0.42596253752708435
-10.078255653381348,-10.499367713928223,-10.256814002990723,-10.25506591796875,-10.81583309173584,-11.396607398986816,-11.432713508605957,-10.991475105285645,-10.05366039276123,-9.638700485229492,-9.699766159057617,-9.637917518615723,-9.546490669250488,-9.597646713256836,-9.640829086303711,-9.524842262268066,-9.267843246459961,-8.92558765411377,-8.829878807067871,-9.343280792236328,-9.522144317626953,-8.971043586730957,-8.28118896484375,-7.671479225158691,-7.197545528411865,-7.073208808898926,-7.190662860870361,-7.283596038818359,-7.176048278808594,-6.943559646606445,-6.245298862457275,-5.675545692443848,-5.267989158630371,-4.569305896759033,-3.925502061843872,-3.3150100708007812,-2.6755454540252686,-2.246375560760498,-1.9491798877716064,-1.4867205619812012,-0.9928885698318481,-1.0881099700927734,-0.3303152024745941
-9.779192924499512,-10.253875732421875,-10.431687355041504,-10.654145240783691,-10.50619888305664,-9.937448501586914,-9.620365142822266,-9.576539993286133,-9.879321098327637,-10.279227256774902,-10.461556434631348,-10.34382152557373,-10.076951026916504,-9.907054901123047,-9.801647186279297,-9.491914749145508,-9.026067733764648,-8.56739330291748,-8.92128849029541,-9.64997673034668,-9.357894897460938,-8.560917854309082,-8.031561851501465,-7.513281345367432,-7.1074981689453125,-6.8832478523254395,-6.511767387390137,-5.736941337585449,-5.083734512329102,-5.179231643676758,-5.255075454711914,-4.8029656410217285,-4.345681667327881,-4.044918537139893,-3.643470287322998,-3.022841691970825,-2.551262855529785,-2.2572431564331055,-1.844017744064331,-1.0053695440292358,0.47533297538757324,0.24796201288700104,-0.36534783244132996
-9.81951904296875,-9.76191520690918,-9.189038276672363,-8.917348861694336,-9.111392974853516,-9.492654800415039,-9.783769607543945,-9.962552070617676,-10.180848121643066,-10.578361511230469,-10.691359519958496,-10.573508262634277,-10.032930374145508,-9.396291732788086,-8.906681060791016,-8.519957542419434,-8.281881332397461,-8.58853530883789,-9.339056968688965,-9.482732772827148,-8.750885963439941,-8.083304405212402,-7.7928786277771,-7.465056896209717,-6.942418575286865,-6.398815155029297,-6.018176555633545,-5.716025352478027,-5.413419723510742,-5.071519374847412,-4.827929496765137,-4.566625595092773,-4.092271327972412,-3.8794138431549072,-3.546017646789551,-2.914113759994507,-2.5196774005889893,-2.388640880584717,-2.0701022148132324,-1.0384089946746826,0.6837068200111389,1.5713074207305908,0.1003762036561966
-8.583090782165527,-8.591043472290039,-8.604771614074707,-8.98840618133545,-9.468623161315918,-10.045239448547363,-10.233999252319336,-9.979348182678223,-9.576766014099121,-9.462605476379395,-9.746685981750488,-9.853621482849121,-9.416542053222656,-8.823426246643066,-8.49907398223877,-8.539375305175781,-8.886855125427246,-9.30102252960205,-9.48852252960205,-9.119208335876465,-8.450394630432129,-7.984842300415039,-7.603415489196777,-6.999793529510498,-6.331388473510742,-5.979877471923828,-6.007697105407715,-6.1323723793029785,-6.0544819831848145,-5.676901817321777,-5.044168949127197,-4.4654388427734375,-4.085539817810059,-3.6502537727355957,-3.1014277935028076,-2.6891210079193115,-2.380884885787964,-2.1253225803375244,-2.09049391746521,-1.3996691703796387,-0.2939964234828949,1.033948302268982,0.2844664454460144
-9.081235885620117,-9.394088745117188,-9.320693016052246,-9.392760276794434,-9.635167121887207,-10.103043556213379,-10.092477798461914,-9.537664413452148,-9.085966110229492,-9.255073547363281,-9.477465629577637,-9.253435134887695,-9.05837345123291,-9.153610229492188,-9.350050926208496,-9.694132804870605,-10.05415153503418,-10.07347583770752,-9.822129249572754,-9.371695518493652,-8.772335052490234,-8.13465404510498,-7.454921722412109,-6.785690784454346,-6.438394069671631,-6.560168743133545,-6.730950355529785,-6.6969313621521,-6.438551902770996,-6.000549793243408,-5.341838359832764,-4.554750919342041,-3.9025580883026123,-3.190222978591919,-2.6281769275665283,-2.2819907665252686,-2.0209665298461914,-1.7559850215911865,-1.883770227432251,-1.8013681173324585,-0.7334225177764893,0.2535783052444458,0.19827376306056976
-9.040236473083496,-9.061970710754395,-9.197382926940918,-9.306056022644043,-9.631094932556152,-10.024664878845215,-9.814288139343262,-9.234076499938965,-9.069070816040039,-9.453998565673828,-9.535754203796387,-9.286081314086914,-9.723536491394043,-10.471922874450684,-10.818717002868652,-10.835990905761719,-10.516178131103516,-10.052813529968262,-9.63426399230957,-9.158761978149414,-8.585095405578613,-7.877243518829346,-7.300841808319092,-7.133718967437744,-7.304479122161865,-7.499950408935547,-7.333446025848389,-6.930454254150391,-6.331521511077881,-5.642582893371582,-5.018091201782227,-4.321407318115234,-3.5969972610473633,-2.9750967025756836,-2.8914740085601807,-2.8463101387023926,-2.7888424396514893,-2.5291755199432373,-2.2580950260162354,-2.137662172317505,-1.168178915977478,-0.4746246039867401,0.2568294107913971
-9.027420043945312,-9.076546669006348,-9.346223831176758,-9.648512840270996,-10.055915832519531,-10.071497917175293,-9.67629623413086,-9.587851524353027,-9.829802513122559,-9.62260627746582,-9.089272499084473,-9.041583061218262,-9.780868530273438,-10.867046356201172,-11.12834644317627,-10.930060386657715,-10.4216947555542,-9.795963287353516,-9.022167205810547,-8.21181583404541,-7.622838020324707,-7.301220893859863,-7.386240482330322,-7.70032262802124,-7.802498817443848,-7.543829441070557,-6.996592998504639,-6.324983596801758,-5.538508892059326,-4.8266706466674805,-4.182466506958008,-3.6663167476654053,-3.4418106079101562,-3.184340000152588,-3.452538251876831,-3.6491942405700684,-3.7016544342041016,-3.357274055480957,-2.658957004547119,-2.616386890411377,-2.19445538520813,-1.4329646825790405,-0.5456273555755615
-9.545055389404297,-9.42462158203125,-9.424822807312012,-9.752368927001953,-10.080860137939453,-9.965185165405273,-10.037653923034668,-10.438728332519531,-10.342991828918457,-9.4403076171875,-8.644433975219727,-8.795055389404297,-9.813365936279297,-10.891561508178711,-11.04304313659668,-10.71631908416748,-10.223365783691406,-9.300375938415527,-8.238909721374512,-7.382543563842773,-7.131267070770264,-7.398641109466553,-7.7721638679504395,-7.819033622741699,-7.3924126625061035,-6.639805793762207,-5.786242961883545,-5.011780738830566,-4.401139259338379,-4.032793045043945,-3.771305561065674,-3.7983601093292236,-3.833704948425293,-3.7360873222351074,-3.869565725326538,-3.8463985919952393,-3.5572710037231445,-3.1677494049072266,-2.8918039798736572,-2.756645917892456,-2.4656858444213867,-1.84669828414917,-0.9838253855705261
-10.191909790039062,-9.593637466430664,-9.503227233886719,-9.642962455749512,-9.697260856628418,-9.886673927307129,-10.712708473205566,-11.105123519897461,-10.394567489624023,-9.48724365234375,-9.103765487670898,-9.373870849609375,-10.122797966003418,-10.60512638092041,-10.54778003692627,-10.237643241882324,-9.555505752563477,-8.591057777404785,-7.7414445877075195,-7.60173225402832,-8.032483100891113,-8.160917282104492,-7.886300086975098,-7.190438747406006,-6.10808801651001,-5.124144554138184,-4.425789833068848,-3.92838454246521,-3.739271402359009,-3.7720532417297363,-3.8923330307006836,-4.33699893951416,-4.4167046546936035,-4.242509365081787,-4.411349773406982,-4.341618537902832,-3.9004859924316406,-3.595611333847046,-3.4279685020446777,-2.940441370010376,-2.1718149185180664,-1.7462501525878906,-1.2572296857833862
-10.422654151916504,-9.847734451293945,-9.533378601074219,-9.370414733886719,-9.542784690856934,-10.423256874084473,-11.368581771850586,-11.099020004272461,-10.26114559173584,-9.939542770385742,-9.959315299987793,-9.991645812988281,-10.056619644165039,-9.971013069152832,-9.796086311340332,-9.420289039611816,-8.895474433898926,-8.579951286315918,-8.579497337341309,-8.855122566223145,-8.71264934539795,-8.063250541687012,-7.145657539367676,-5.709470748901367,-4.539247035980225,-4.141064167022705,-4.046648979187012,-4.028838634490967,-4.156461238861084,-4.12746000289917,-4.342092990875244,-4.792558193206787,-4.829177379608154,-4.8013763427734375,-4.799993991851807,-4.571935653686523,-4.24592399597168,-4.0040059089660645,-3.5524847507476807,-2.7646265029907227,-2.0288162231445312,-1.5681449174880981,-1.3359535932540894
-10.267046928405762,-10.211309432983398,-9.70671272277832,-9.190889358520508,-9.979781150817871,-11.209356307983398,-11.408206939697266,-10.687373161315918,-10.2813138961792,-10.385404586791992,-10.236733436584473,-9.744569778442383,-9.366249084472656,-9.02570629119873,-8.784648895263672,-8.672051429748535,-8.832758903503418,-9.215119361877441,-9.408754348754883,-9.153413772583008,-8.29560375213623,-7.0622406005859375,-5.631288528442383,-4.365725517272949,-4.09743070602417,-4.52469539642334,-4.604995250701904,-4.598851203918457,-4.695946216583252,-4.675991535186768,-5.000080108642578,-5.207095146179199,-5.163482189178467,-5.156729698181152,-4.890554428100586,-4.664705753326416,-4.432886123657227,-4.272114276885986,-3.9172534942626953,-3.0466384887695312,-2.2111129760742188,-1.527178406715393,-1.5935137271881104
-9.281977653503418,-9.666871070861816,-9.67510986328125,-9.471898078918457,-10.486250877380371,-11.34814453125,-10.922345161437988,-10.330636978149414,-10.33266544342041,-10.387100219726562,-9.741305351257324,-9.057592391967773,-8.833172798156738,-8.743009567260742,-8.72844409942627,-8.937581062316895,-9.26563549041748,-9.30116081237793,-8.966911315917969,-8.31804370880127,-7.2309112548828125,-5.865399360656738,-4.622708797454834,-4.132880210876465,-4.468314170837402,-4.57293176651001,-4.464849472045898,-4.860252380371094,-5.244978904724121,-5.426435947418213,-5.549915313720703,-5.463463306427002,-5.2744269371032715,-5.0603227615356445,-4.8333282470703125,-4.656721115112305,-4.622191429138184,-4.572594165802002,-4.132928848266602,-3.444344997406006,-2.8374133110046387,-2.206446886062622,-2.1156065464019775
-9.421121597290039,-9.34510326385498,-9.816171646118164,-9.923434257507324,-10.51955795288086,-10.978813171386719,-10.488837242126465,-9.87675666809082,-10.10730266571045,-10.017955780029297,-9.244912147521973,-9.004843711853027,-9.185541152954102,-9.218711853027344,-9.189528465270996,-9.415182113647461,-9.519346237182617,-8.998627662658691,-8.286680221557617,-7.456143856048584,-6.231265544891357,-5.137613773345947,-4.6255669593811035,-4.643431663513184,-4.731253623962402,-4.5037407875061035,-4.591706275939941,-5.029059886932373,-5.290590763092041,-5.573677062988281,-5.851170539855957,-5.8252973556518555,-5.485270977020264,-5.164416313171387,-4.948191165924072,-4.759436130523682,-4.729710578918457,-4.720509052276611,-4.452748775482178,-3.9989027976989746,-3.4611096382141113,-2.990018367767334,-2.710991859436035
-9.960444450378418,-9.458426475524902,-9.591944694519043,-9.429927825927734,-10.144430160522461,-10.294001579284668,-9.914399147033691,-9.800370216369629,-9.862907409667969,-9.629443168640137,-9.267149925231934,-9.768277168273926,-10.14440631866455,-9.874970436096191,-9.494354248046875,-9.632142066955566,-9.622546195983887,-8.878640174865723,-8.157591819763184,-7.291274070739746,-5.8225884437561035,-4.947344779968262,-5.0628275871276855,-5.274045944213867,-5.143584251403809,-4.9693217277526855,-4.847776412963867,-4.8036699295043945,-5.113081932067871,-5.405431747436523,-5.7186102867126465,-5.940195083618164,-5.793072700500488,-5.401179790496826,-4.996375560760498,-4.609429359436035,-4.489931583404541,-4.586259841918945,-4.494467258453369,-4.163702011108398,-3.6112849712371826,-2.931593656539917,-2.5986995697021484
-10.345481872558594,-9.704999923706055,-9.334908485412598,-9.197973251342773,-9.522086143493652,-9.804603576660156,-9.622163772583008,-9.568746566772461,-9.697429656982422,-9.509949684143066,-9.451013565063477,-10.054259300231934,-10.405211448669434,-10.29260540008545,-9.978625297546387,-9.843213081359863,-9.703633308410645,-9.065347671508789,-8.359596252441406,-7.5360636711120605,-6.129796028137207,-5.456531524658203,-5.7356109619140625,-5.627829074859619,-5.267271518707275,-4.996384620666504,-5.01253604888916,-5.315017223358154,-5.495645523071289,-5.665575981140137,-5.767943859100342,-5.8034539222717285,-5.889370441436768,-5.6841583251953125,-5.286354064941406,-4.785240650177002,-4.363970756530762,-4.174611568450928,-4.086876392364502,-4.0110673904418945,-3.513150453567505,-2.716228723526001,-2.1505720615386963
-9.722623825073242,-8.952231407165527,-9.425949096679688,-9.483663558959961,-9.079306602478027,-9.479723930358887,-9.4400634765625,-9.000194549560547,-9.163960456848145,-9.219372749328613,-9.046205520629883,-9.25881576538086,-9.625691413879395,-10.043739318847656,-10.287482261657715,-10.221970558166504,-10.016179084777832,-9.37019157409668,-8.363195419311523,-7.532304286956787,-6.813324451446533,-6.448915004730225,-6.181381702423096,-5.893285274505615,-5.471640110015869,-5.047096252441406,-5.070221424102783,-5.316805362701416,-5.548096656799316,-5.627804279327393,-5.7688889503479,-5.9300761222839355,-6.016653060913086,-5.93862771987915,-5.616553783416748,-5.1486077308654785,-4.6305952072143555,-4.049073696136475,-3.7044572830200195,-3.680788993835449,-3.356590986251831,-2.9119765758514404,-2.415929079055786
-9.299430847167969,-8.873296737670898,-8.657486915588379,-8.745648384094238,-8.8374605178833,-8.900177955627441,-8.83285903930664,-8.848169326782227,-8.844433784484863,-8.817622184753418,-8.564189910888672,-8.29397964477539,-8.447505950927734,-9.063770294189453,-9.434243202209473,-9.364669799804688,-9.851082801818848,-9.714855194091797,-8.196192741394043,-7.122220039367676,-7.077311992645264,-7.106945037841797,-6.859730243682861,-6.3155198097229,-5.682776927947998,-5.167321681976318,-5.079043865203857,-5.441534996032715,-5.784993648529053,-5.9657697677612305,-5.911548614501953,-5.887566089630127,-6.017064571380615,-6.010475158691406,-5.589402675628662,-5.0129523277282715,-4.448585033416748,-3.8238725662231445,-3.249246120452881,-3.00933837890625,-2.987457275390625,-2.9718289375305176,-2.66405987739563
-8.296360969543457,-7.351517677307129,-7.209061145782471,-8.01877212524414,-8.565560340881348,-8.6175537109375,-8.781769752502441,-9.106693267822266,-9.185628890991211,-9.032185554504395,-8.532065391540527,-8.145529747009277,-7.965142726898193,-8.03896427154541,-8.379044532775879,-8.29057502746582,-8.563865661621094,-9.146757125854492,-8.069805145263672,-6.8550920486450195,-6.9811930656433105,-7.4136247634887695,-7.455618858337402,-6.852161407470703,-5.995846748352051,-5.336215496063232,-5.085800647735596,-5.362507343292236,-5.790325164794922,-5.917103290557861,-5.9759931564331055,-6.000560283660889,-6.020365238189697,-5.888290882110596,-5.388642311096191,-4.795351505279541,-4.302264213562012,-3.729062795639038,-3.081900119781494,-2.7171902656555176,-2.722632884979248,-2.944453001022339,-2.9041430950164795
