data/wind_data/wind_11_9.json
{"header": {"parameterUnit": "KT", "parameterCategory": 2, "nx": 256, "ny": 198, "lo1": 44.73521041870117, "la1": -3.236724853515625, "lo2": 111.26478576660156, "la2": 43.468475341796875, "dx": 0.2609002888202667, "dy": -0.23708222806453705, "refTime": "2025-02-19 11:00:00", "forecastTime": 0, "parameterNumber": 2, "parameterNumberName": "eastward_wind"}, "data":
[rows 76 to 94 of 198, columns 86 to 128 of 256]
3.01179575920105,3.1509809494018555,2.6459054946899414,1.7138372659683228,0.7837514877319336,-0.022355977445840836,-0.5729819536209106,-0.3668726682662964,0.725052535533905,1.9096413850784302,2.104851722717285,1.4254580736160278,0.9805471897125244,1.4291847944259644,2.4871585369110107,3.3830173015594482,3.335726022720337,2.2116665840148926,0.558125913143158,-0.498466432094574,-0.3673554062843323,0.1923334300518036,0.4777560830116272,0.6672395467758179,1.0809494256973267,1.8463964462280273,2.7861430644989014,3.3002920150756836,3.0616631507873535,2.5880298614501953,2.7016632556915283,3.365948438644409,3.885401725769043,3.869659662246704,3.217301607131958,2.58862042427063,2.5762081146240234,2.492216110229492,1.9401315450668335,1.5346744060516357,1.2078187465667725,1.0399738550186157,0.6991252899169922
2.527954339981079,3.027446746826172,3.0547518730163574,2.5239241123199463,1.6245018243789673,0.6129163503646851,-0.2745974659919739,-0.6406195759773254,-0.1574997752904892,0.9154069423675537,1.6846293210983276,1.6188019514083862,1.3505314588546753,1.8022596836090088,2.8948278427124023,3.906667470932007,4.227464199066162,3.5795891284942627,2.1831226348876953,1.0522347688674927,0.9778585433959961,1.1289236545562744,0.8195480704307556,0.6644419431686401,1.1226856708526611,1.9336885213851929,2.7740492820739746,3.247001886367798,3.074775218963623,2.595137119293213,2.531999111175537,3.0194687843322754,3.4637291431427,3.4084813594818115,2.96517276763916,2.475928544998169,2.506396532058716,2.651066541671753,2.277106285095215,1.6400517225265503,0.9532813429832458,0.5535603165626526,0.22903196513652802
1.9931800365447998,2.573003053665161,2.9233109951019287,2.8162124156951904,2.2729387283325195,1.6462633609771729,1.117002248764038,0.594737708568573,0.17309032380580902,0.17090341448783875,0.5728441476821899,1.0101667642593384,1.419710397720337,2.1735382080078125,3.3266751766204834,4.207640171051025,4.336415767669678,3.816577672958374,3.0472559928894043,2.5904653072357178,2.7879459857940674,2.995898723602295,2.4631471633911133,1.7582978010177612,1.7185035943984985,2.268630027770996,2.7893226146698,3.0219175815582275,2.9716930389404297,2.6549150943756104,2.1718084812164307,1.9984267950057983,2.4509384632110596,2.8234970569610596,2.6763460636138916,2.2842512130737305,2.128688097000122,2.439115524291992,2.6294033527374268,2.141568422317505,1.2180694341659546,0.4122239649295807,-0.127332866191864
1.9589486122131348,2.366995334625244,2.5034990310668945,2.2885758876800537,1.9033209085464478,1.803084373474121,2.068833351135254,2.183086633682251,1.6712275743484497,0.7601221203804016,0.14110636711120605,0.2021159529685974,0.7942019701004028,1.665407419204712,2.682448387145996,3.4579336643218994,3.570345163345337,3.200801372528076,2.8469200134277344,3.0273220539093018,3.7252447605133057,4.261962890625,4.157505512237549,3.5478386878967285,2.9615249633789062,2.908111095428467,3.043304681777954,2.9117355346679688,2.64414119720459,2.2889158725738525,1.3417774438858032,0.294132798910141,0.39558976888656616,1.4209517240524292,2.2232742309570312,2.1678457260131836,1.6786620616912842,1.6154353618621826,1.92814302444458,1.7407711744308472,0.9328659176826477,0.05584334582090378,-0.5301966667175293
2.4623992443084717,2.4781575202941895,2.220506429672241,1.687599539756775,1.1720471382141113,1.166329264640808,1.8265690803527832,2.661390542984009,2.870936393737793,2.1417059898376465,1.0603358745574951,0.41376355290412903,0.41054025292396545,0.8615975975990295,1.5764689445495605,2.3748929500579834,2.8948941230773926,2.946965217590332,2.765707492828369,2.9061100482940674,3.6926465034484863,4.5040740966796875,4.711921215057373,4.466637134552002,3.891038179397583,3.4080848693847656,3.2279367446899414,2.885850429534912,2.1627676486968994,1.2175363302230835,-0.11696203798055649,-1.607631802558899,-2.11508846282959,-1.219817042350769,0.16338525712490082,0.8926827907562256,0.6316962838172913,0.16176307201385498,0.13446393609046936,0.13439591228961945,-0.25538870692253113,-0.8762885928153992,-1.4051427841186523
3.166050434112549,2.737609624862671,2.141037940979004,1.5054043531417847,0.9821954369544983,0.8301591277122498,1.2601193189620972,2.133791923522949,2.857259511947632,2.82779598236084,2.1752960681915283,1.539247751235962,1.2187778949737549,1.1690555810928345,1.459728717803955,1.9964561462402344,2.479037284851074,2.7084615230560303,2.7112929821014404,2.6467974185943604,2.9415414333343506,3.6560075283050537,4.162210941314697,4.102812767028809,3.615903615951538,3.1068062782287598,2.8072702884674072,2.3531742095947266,1.3150513172149658,-0.03794974088668823,-1.2396750450134277,-2.419471502304077,-3.3660404682159424,-3.3284573554992676,-2.3695201873779297,-1.342315673828125,-1.1038163900375366,-1.6063417196273804,-1.9550596475601196,-1.893219232559204,-1.8717787265777588,-2.1851303577423096,-2.6433520317077637
3.5416479110717773,2.903249502182007,2.1902568340301514,1.676367998123169,1.3601664304733276,1.1649482250213623,1.2420562505722046,1.7393039464950562,2.4098360538482666,2.8023874759674072,2.7523269653320312,2.495342969894409,2.2828056812286377,2.0865437984466553,2.00325083732605,2.0846729278564453,2.074253797531128,1.9198212623596191,1.8404477834701538,1.8635510206222534,1.9248547554016113,2.19620418548584,2.744831085205078,3.114586114883423,2.858266830444336,2.2996647357940674,1.811190128326416,1.3208730220794678,0.4211018681526184,-0.8932815790176392,-1.7145419120788574,-2.154113292694092,-2.977821111679077,-3.703000068664551,-3.6296327114105225,-3.1525700092315674,-2.840177297592163,-2.9379236698150635,-3.024566411972046,-2.9214231967926025,-2.983330011367798,-3.2503821849823,-3.469393014907837
3.7010302543640137,3.185626983642578,2.7037250995635986,2.4228739738464355,2.2335562705993652,1.977609395980835,1.826721429824829,2.0462098121643066,2.5184128284454346,2.9508585929870605,3.152486801147461,3.096987724304199,2.89672589302063,2.6583714485168457,2.414355516433716,2.173841953277588,1.8310314416885376,1.3541494607925415,0.9490416049957275,0.9048998355865479,1.1425564289093018,1.3953394889831543,1.7569125890731812,2.3032360076904297,2.400791645050049,1.6386916637420654,0.6049058437347412,-0.03667052835226059,-0.45432209968566895,-1.2114202976226807,-1.8200695514678955,-2.041718006134033,-2.4947829246520996,-3.170285701751709,-3.6207685470581055,-3.7610085010528564,-3.7971646785736084,-3.692939043045044,-3.3932242393493652,-3.129298210144043,-3.3176679611206055,-3.7216551303863525,-3.8317959308624268
3.716857433319092,3.673870086669922,3.7547264099121094,3.7950994968414307,3.6360340118408203,3.284358501434326,2.9759769439697266,2.9222753047943115,3.0994062423706055,3.3959970474243164,3.6423566341400146,3.611323833465576,3.339956760406494,3.0218071937561035,2.678372383117676,2.2662150859832764,1.7984697818756104,1.1639256477355957,0.4570450782775879,0.16024979948997498,0.5042085647583008,1.1015245914459229,1.634523868560791,2.1459012031555176,2.2689871788024902,1.4027944803237915,-0.08616706728935242,-1.2975648641586304,-1.7979931831359863,-1.9476417303085327,-2.105173110961914,-2.186432361602783,-2.164608955383301,-2.4337947368621826,-2.9740681648254395,-3.310378074645996,-3.44038724899292,-3.6099514961242676,-3.8279011249542236,-3.9746663570404053,-4.041598320007324,-4.16558313369751,-4.161416053771973
3.6616158485412598,4.022256374359131,4.599421501159668,5.059746742248535,5.158992767333984,4.918488025665283,4.544218063354492,4.184279441833496,3.9016456604003906,3.8593997955322266,4.034074306488037,4.019336700439453,3.7004477977752686,3.348568916320801,3.063894271850586,2.6937215328216553,2.1524438858032227,1.3172457218170166,0.3347419202327728,-0.21834923326969147,-0.0020454360637813807,0.6753478050231934,1.4079831838607788,1.9250361919403076,1.9393305778503418,1.2909044027328491,0.028669053688645363,-1.6372978687286377,-2.805105447769165,-2.961141347885132,-2.5983078479766846,-1.928390622138977,-1.2899540662765503,-1.3862357139587402,-2.1186306476593018,-2.76599383354187,-3.1551260948181152,-3.771904706954956,-4.663326263427734,-5.221025466918945,-5.068795204162598,-4.563877105712891,-4.019408226013184
4.14945125579834,4.452404975891113,4.988360404968262,5.581253528594971,6.008309364318848,6.1444878578186035,5.9218926429748535,5.359353065490723,4.63704252243042,4.210310935974121,4.365344524383545,4.5941290855407715,4.347904205322266,3.818547248840332,3.3847386837005615,3.065877676010132,2.5676605701446533,1.6427775621414185,0.6068876385688782,0.0005134769598953426,0.006387606728821993,0.385595440864563,0.833633303642273,1.2043747901916504,1.1943550109863281,0.8542141914367676,0.0960676446557045,-1.3924680948257446,-2.8963873386383057,-3.3787312507629395,-2.8595077991485596,-1.7565251588821411,-0.8156201839447021,-0.7167251110076904,-1.4593429565429688,-2.5167734622955322,-3.4559829235076904,-4.310729026794434,-5.109030246734619,-5.49859094619751,-5.268452167510986,-4.609588623046875,-3.8083465099334717
5.442224502563477,5.586273670196533,5.543532371520996,5.527538776397705,5.784672737121582,6.248476982116699,6.474182605743408,6.081880569458008,5.1464691162109375,4.325326919555664,4.444808483123779,5.23517370223999,5.566850662231445,4.99501895904541,4.01522970199585,3.149691343307495,2.375943183898926,1.5066274404525757,0.7394884824752808,0.3266540467739105,0.18114298582077026,0.13122975826263428,0.18462254106998444,0.4086959958076477,0.4832986891269684,0.1949019581079483,-0.3323436379432678,-1.4070827960968018,-2.8236887454986572,-3.4608187675476074,-3.021254777908325,-2.0296194553375244,-1.1705881357192993,-1.0208131074905396,-1.7037677764892578,-2.878507375717163,-4.037245273590088,-4.712073802947998,-4.783203601837158,-4.581732749938965,-4.384119033813477,-4.184203147888184,-3.932349920272827
6.211562156677246,6.474965572357178,6.169984817504883,5.5465922355651855,5.279186248779297,5.6702470779418945,6.2626142501831055,6.329315662384033,5.580179214477539,4.582207202911377,4.557966232299805,5.6785125732421875,6.598824977874756,6.284847259521484,4.968929767608643,3.437687635421753,2.154292106628418,1.1969987154006958,0.6352295875549316,0.4032624065876007,0.1720539629459381,-0.26277363300323486,-0.5981850624084473,-0.4639558792114258,-0.15265591442584991,-0.259358674287796,-0.8469304442405701,-1.8090565204620361,-2.9991235733032227,-3.509211540222168,-2.996821641921997,-2.2303550243377686,-1.7380337715148926,-1.8014119863510132,-2.506488800048828,-3.4626755714416504,-4.195004940032959,-4.330575466156006,-3.879580497741699,-3.3749022483825684,-3.2671656608581543,-3.5378246307373047,-3.951611280441284
5.754228591918945,6.029831886291504,5.916802883148193,5.447756290435791,5.139231204986572,5.430503845214844,6.120400905609131,6.515376567840576,6.079716682434082,5.108776092529297,4.924088478088379,6.020917892456055,7.066906452178955,6.780779838562012,5.3727593421936035,3.73628568649292,2.3829174041748047,1.4235870838165283,0.9450114965438843,0.8043302893638611,0.5004802942276001,-0.2754064202308655,-1.1458219289779663,-1.3954144716262817,-1.043865442276001,-0.7319083213806152,-1.0480802059173584,-1.9932961463928223,-3.058173179626465,-3.5162014961242676,-3.0984599590301514,-2.4046764373779297,-2.0619146823883057,-2.3163931369781494,-2.8858656883239746,-3.3510689735412598,-3.425306797027588,-3.071018934249878,-2.575701951980591,-2.4158854484558105,-2.7304139137268066,-3.231604814529419,-3.7191996574401855
5.314249038696289,5.364299774169922,5.329198360443115,5.17669677734375,5.164089679718018,5.607601165771484,6.389982223510742,6.9268293380737305,6.651638031005859,5.720844268798828,5.305779933929443,6.062007904052734,6.912062644958496,6.536578178405762,5.102033615112305,3.6201610565185547,2.5776565074920654,1.8732588291168213,1.501767635345459,1.4286623001098633,1.2322160005569458,0.4135712683200836,-0.8756864070892334,-1.8455133438110352,-1.9672821760177612,-1.5187427997589111,-1.217856764793396,-1.6231343746185303,-2.4476001262664795,-3.1153247356414795,-3.3481616973876953,-2.9823358058929443,-2.4120683670043945,-2.3248705863952637,-2.548466920852661,-2.4742279052734375,-1.9959938526153564,-1.450758934020996,-1.2819390296936035,-1.7476751804351807,-2.621199607849121,-3.296060562133789,-3.508512258529663
6.009657859802246,5.997694969177246,5.743530750274658,5.419273376464844,5.387691497802734,5.906275749206543,6.739665508270264,7.271317481994629,6.997170448303223,6.073215007781982,5.419429779052734,5.693182945251465,6.286113262176514,5.969895362854004,4.581302165985107,3.058488368988037,2.1473658084869385,1.7792478799819946,1.7005186080932617,1.7784273624420166,1.8038746118545532,1.320824146270752,0.14057068526744843,-1.2363295555114746,-2.0984809398651123,-2.2509186267852783,-1.8417463302612305,-1.3890396356582642,-1.3773338794708252,-2.000450372695923,-2.978743314743042,-3.2808637619018555,-2.7328741550445557,-2.1636791229248047,-1.9473884105682373,-1.634045124053955,-0.9704087972640991,-0.348818838596344,-0.34434011578559875,-1.1361982822418213,-2.2668237686157227,-3.084996461868286,-3.3648691177368164
7.34991979598999,7.6128411293029785,7.155378818511963,6.400325775146484,6.085153102874756,6.464843273162842,7.068120002746582,7.284310817718506,6.867424488067627,6.0210957527160645,5.313047885894775,5.254655361175537,5.675005912780762,5.64198637008667,4.476083755493164,2.677194595336914,1.4409942626953125,1.1907405853271484,1.479750633239746,1.9027612209320068,2.2328639030456543,2.0573952198028564,1.0812020301818848,-0.32098066806793213,-1.5565497875213623,-2.326780319213867,-2.331840753555298,-1.5946134328842163,-0.8629820346832275,-1.0163688659667969,-2.0857672691345215,-2.8849830627441406,-2.7219138145446777,-2.135746717453003,-1.6658215522766113,-1.2734200954437256,-0.7466973066329956,-0.2804068624973297,-0.2666630744934082,-0.7889489531517029,-1.5330116748809814,-2.2303466796875,-2.8899333477020264
8.021382331848145,8.805734634399414,8.534951210021973,7.649320602416992,7.127231597900391,7.310664176940918,7.634018898010254,7.463122367858887,6.762216567993164,5.93447732925415,5.364747047424316,5.230607509613037,5.4782938957214355,5.625397205352783,4.839719295501709,3.0048727989196777,1.3376567363739014,0.8602546453475952,1.235347032546997,1.8176007270812988,2.2450971603393555,2.102942705154419,1.2269905805587769,-0.030616555362939835,-1.2760292291641235,-2.136857271194458,-2.212900400161743,-1.5478907823562622,-0.7938433289527893,-0.7891808152198792,-1.6251683235168457,-2.4965081214904785,-2.540386915206909,-2.255047559738159,-1.9993782043457031,-1.5603082180023193,-0.9691482186317444,-0.6287244558334351,-0.729607105255127,-0.9706771373748779,-1.1343613862991333,-1.3826897144317627,-2.065093517303467
8.008692741394043,9.233592987060547,9.309871673583984,8.589200973510742,8.041296005249023,8.201248168945312,8.61253833770752,8.40347957611084,7.387721538543701,6.297767162322998,5.803702354431152,5.7528910636901855,5.801868915557861,5.783859729766846,5.140903949737549,3.554443597793579,1.8491941690444946,1.046138048171997,1.0450379848480225,1.2771481275558472,1.4825348854064941,1.3152302503585815,0.6161348223686218,-0.3954366445541382,-1.4653493165969849,-2.057053804397583,-1.8194636106491089,-1.1696282625198364,-0.7880674600601196,-0.948832094669342,-1.5561331510543823,-2.2916040420532227,-2.5468547344207764,-2.370800018310547,-2.274722099304199,-2.0039098262786865,-1.4767735004425049,-1.1246445178985596,-1.1708811521530151,-1.2289177179336548,-1.0726182460784912,-1.0109232664108276,-1.4660906791687012
