data/wind_data/wind_63_1.json
{"header": {"parameterUnit": "KT", "parameterCategory": 2, "nx": 256, "ny": 198, "lo1": 44.73521041870117, "la1": -3.236724853515625, "lo2": 111.26478576660156, "la2": 43.468475341796875, "dx": 0.2609002888202667, "dy": -0.23708222806453705, "refTime": "2025-02-21 15:00:00", "forecastTime": 0, "parameterNumber": 2, "parameterNumberName": "eastward_wind"}, "data":
[rows 133 to 151 of 198, columns 172 to 214 of 256]
18.85802459716797,16.51048469543457,14.376182556152344,13.093578338623047,10.9967679977417,10.665218353271484,6.222503185272217,-2.165329933166504,-5.118032932281494,0.35208430886268616,5.972794055938721,7.5334930419921875,9.69733715057373,9.0580415725708,4.662567615509033,3.0339760780334473,-1.1059980392456055,-1.9861335754394531,7.3604230880737305,5.406557559967041,-3.6603448390960693,-7.062777042388916,1.19523024559021,7.510641574859619,11.386856079101562,10.385444641113281,8.779410362243652,16.348913192749023,13.704537391662598,-2.0793468952178955,-1.7865577936172485,9.79124927520752,14.801166534423828,13.8629732131958,13.753683090209961,5.067963600158691,0.5414820909500122,6.086594581604004,12.08053207397461,14.432271003723145,14.972054481506348,18.362930297851562,21.70254135131836
12.650277137756348,13.670293807983398,12.344375610351562,13.877808570861816,17.84886932373047,10.898652076721191,5.442175388336182,1.3936681747436523,0.7859154939651489,4.171826362609863,7.213658809661865,9.83726978302002,13.238126754760742,10.605756759643555,4.688916206359863,6.279516220092773,4.710042953491211,1.076248049736023,1.3971041440963745,-1.3163257837295532,-6.258907794952393,-2.821094036102295,3.6222105026245117,9.800310134887695,12.517041206359863,13.897722244262695,10.516692161560059,10.322784423828125,14.950757026672363,12.598506927490234,8.700295448303223,11.74866008758545,12.839377403259277,11.64595890045166,14.76486587524414,6.174286365509033,0.2943572700023651,4.151432037353516,12.716718673706055,17.131454467773438,14.47817325592041,19.484516143798828,12.085674285888672
19.010967254638672,16.8558406829834,14.396682739257812,14.365398406982422,17.425331115722656,21.134248733520508,14.92594051361084,4.238770961761475,2.629377603530884,4.139044284820557,6.974602222442627,7.669586658477783,9.15088939666748,8.308304786682129,0.38679763674736023,6.15009069442749,3.904874801635742,-4.784099578857422,-5.571565628051758,-3.479564905166626,-1.7554270029067993,4.1750359535217285,7.530628681182861,10.119701385498047,12.858702659606934,15.01462173461914,7.843904972076416,6.782199382781982,17.353670120239258,20.8708438873291,13.224159240722656,9.833710670471191,12.898078918457031,11.48579216003418,16.070940017700195,7.856027603149414,-3.097893476486206,3.245171308517456,13.815863609313965,17.922624588012695,13.746373176574707,15.262838363647461,9.760869979858398
19.493345260620117,14.108909606933594,24.161706924438477,36.850162506103516,38.86404800415039,35.656219482421875,8.306937217712402,0.4794243574142456,4.789487838745117,7.429310321807861,11.200020790100098,10.470342636108398,6.403672218322754,4.200787544250488,-4.244403839111328,-1.262843370437622,4.178544998168945,-2.705387830734253,-1.3923019170761108,2.309037685394287,2.804215908050537,7.682466506958008,11.781826972961426,11.120904922485352,11.666807174682617,12.335601806640625,5.830483913421631,10.825751304626465,21.197755813598633,21.735013961791992,10.157931327819824,8.78369426727295,14.965283393859863,12.983181953430176,16.83620834350586,8.724227905273438,-6.213307857513428,3.818976402282715,13.90149211883545,16.239055633544922,11.944595336914062,13.149925231933594,11.105040550231934
19.46327018737793,16.335933685302734,16.26033592224121,19.121932983398438,13.89614200592041,16.194664001464844,23.377721786499023,12.329633712768555,7.495331764221191,9.80186653137207,13.054200172424316,11.8825101852417,7.5214409828186035,3.493196725845337,-1.3025647401809692,-0.5548892617225647,7.62509298324585,5.258790493011475,4.114274024963379,5.9315948486328125,5.81835412979126,8.903191566467285,11.926980972290039,8.831854820251465,8.191007614135742,10.337503433227539,10.083035469055176,15.300283432006836,22.644672393798828,17.60634994506836,7.133397579193115,8.90981674194336,14.958938598632812,14.023902893066406,16.067899703979492,8.786772727966309,-2.0589206218719482,5.844598770141602,9.772494316101074,13.180285453796387,11.886625289916992,13.763518333435059,15.227787971496582
14.926138877868652,15.689079284667969,15.300577163696289,18.875619888305664,16.208757400512695,14.862070083618164,16.31930923461914,9.153701782226562,7.339756965637207,8.958044052124023,9.283217430114746,9.03438663482666,6.680357933044434,3.2154018878936768,2.076713800430298,5.007706165313721,10.931376457214355,9.529203414916992,6.01356840133667,4.171671390533447,7.66915225982666,8.09239387512207,7.510846138000488,7.727463245391846,5.701802730560303,8.880404472351074,14.082243919372559,18.052467346191406,18.672821044921875,10.74756145477295,7.495652198791504,12.454076766967773,13.146963119506836,14.927900314331055,15.34574031829834,9.308836936950684,2.375105619430542,3.0779361724853516,4.935349464416504,12.016796112060547,11.770559310913086,12.683879852294922,9.995838165283203
16.205963134765625,15.54716968536377,14.128990173339844,13.153390884399414,12.547926902770996,11.774567604064941,11.428354263305664,7.758549213409424,3.834625005722046,3.648221254348755,3.757720947265625,4.7574872970581055,4.6824727058410645,4.388944625854492,4.978083610534668,7.873447895050049,9.7896728515625,10.626517295837402,2.3390069007873535,-1.0717657804489136,7.63092041015625,9.190768241882324,8.370031356811523,8.71943187713623,9.859875679016113,13.739880561828613,15.945528984069824,17.824317932128906,14.61614990234375,9.630218505859375,10.670086860656738,13.757373809814453,10.961319923400879,14.2493257522583,15.331457138061523,10.787293434143066,6.7747602462768555,2.0094778537750244,5.565186023712158,10.700271606445312,6.295067310333252,7.160376071929932,-1.7311898469924927
14.598397254943848,15.379165649414062,15.773462295532227,15.358942031860352,16.557262420654297,17.30657386779785,13.005453109741211,9.139554977416992,5.463972091674805,2.1392059326171875,3.123512029647827,5.050714015960693,6.606240272521973,6.7104926109313965,6.176679611206055,9.31165599822998,8.566247940063477,8.132796287536621,1.18531334400177,-1.3523615598678589,5.368673801422119,5.122063636779785,7.177432060241699,11.807504653930664,15.579854011535645,17.721942901611328,16.3837947845459,16.730899810791016,13.90135669708252,11.490320205688477,14.26731014251709,13.149815559387207,7.775294780731201,11.791513442993164,12.91221809387207,14.505535125732422,16.40142059326172,8.796374320983887,6.493612766265869,7.1730804443359375,-1.320478081703186,4.9552507400512695,-4.3423848152160645
14.432031631469727,16.143604278564453,17.67232894897461,16.692564010620117,13.929167747497559,12.444330215454102,11.310453414916992,9.72490119934082,8.93501091003418,5.4014363288879395,4.622514724731445,7.697145462036133,10.879280090332031,8.1331787109375,5.723678112030029,8.910004615783691,5.799256801605225,4.767382621765137,5.189260959625244,4.359797477722168,7.610354423522949,6.272374153137207,10.380892753601074,15.873169898986816,17.279451370239258,17.511005401611328,17.63852882385254,17.57366943359375,15.158591270446777,13.65923023223877,13.339003562927246,6.780636310577393,4.603476047515869,12.001751899719238,11.819418907165527,18.13239097595215,24.069244384765625,11.761565208435059,2.3182899951934814,4.58402156829834,-4.637386798858643,6.768453598022461,-3.523205041885376
17.047719955444336,14.605043411254883,12.625514030456543,11.215353965759277,9.989035606384277,8.850973129272461,8.669814109802246,10.31610107421875,11.815372467041016,8.448513984680176,4.875753879547119,9.720046997070312,10.296465873718262,4.281828880310059,3.715057849884033,4.626844882965088,1.362615704536438,2.088909149169922,5.587700366973877,8.399662971496582,9.551435470581055,9.89659309387207,12.327893257141113,14.270893096923828,14.3318510055542,14.665074348449707,17.54906463623047,14.203444480895996,11.386299133300781,9.077285766601562,8.831734657287598,7.400062561035156,8.968945503234863,10.881631851196289,11.42103099822998,19.347557067871094,19.90751075744629,6.355371952056885,3.2680253982543945,4.2313618659973145,-3.965998411178589,7.028069019317627,-2.2167060375213623
13.365389823913574,12.302218437194824,11.618237495422363,10.821958541870117,9.682613372802734,7.242515563964844,6.271012306213379,8.341785430908203,11.726696014404297,10.866385459899902,7.264558792114258,7.815617084503174,5.62241792678833,3.1944639682769775,3.6433539390563965,4.312990665435791,4.765588760375977,3.240912675857544,3.5800657272338867,5.848114013671875,7.548897743225098,10.776042938232422,10.560089111328125,10.273407936096191,11.8472261428833,13.878619194030762,14.268797874450684,7.983707427978516,6.190269947052002,8.07647705078125,12.837400436401367,14.944649696350098,11.41321086883545,9.873300552368164,13.479931831359863,18.668575286865234,10.110325813293457,0.04550386965274811,3.174582004547119,3.0725436210632324,0.28863802552223206,6.292250633239746,1.8492802381515503
14.619691848754883,14.257006645202637,12.4215087890625,11.954774856567383,11.1948881149292,8.956138610839844,7.901361465454102,8.34605598449707,9.233333587646484,13.210028648376465,13.287503242492676,8.426383018493652,5.244940280914307,5.9203782081604,6.839509963989258,9.993062019348145,6.499120712280273,0.6929346323013306,2.1603715419769287,3.8928165435791016,5.925626277923584,9.441268920898438,5.625061511993408,6.297786235809326,10.884879112243652,13.324557304382324,10.16099739074707,5.516398906707764,7.907932281494141,11.699959754943848,15.999825477600098,9.977606773376465,7.727972507476807,14.688372611999512,18.593774795532227,15.17696475982666,4.03526496887207,0.8046466112136841,3.754664659500122,4.339005470275879,5.496864318847656,6.215331554412842,4.945613861083984
15.00753116607666,15.090753555297852,15.06503677368164,13.462555885314941,10.68115234375,8.706730842590332,7.833474636077881,7.944416522979736,9.26025390625,12.347600936889648,14.9681396484375,14.426892280578613,12.005462646484375,8.579059600830078,5.978631496429443,4.095620632171631,-0.012495117262005806,-0.4405228793621063,1.8115665912628174,4.153203010559082,5.698974609375,3.8219432830810547,-1.0507582426071167,3.9211511611938477,9.023087501525879,9.496572494506836,7.849158763885498,5.641766548156738,10.474042892456055,13.17481803894043,12.151459693908691,8.167186737060547,11.145330429077148,19.77602767944336,14.321954727172852,4.889765739440918,4.781517028808594,4.7873640060424805,3.9161951541900635,5.746607303619385,5.453773021697998,6.338866710662842,6.225285053253174
17.108232498168945,19.797775268554688,19.238679885864258,15.481446266174316,16.94727897644043,18.875883102416992,14.331494331359863,10.783452987670898,10.841182708740234,12.97630500793457,15.36451244354248,13.296127319335938,7.814179420471191,5.232219219207764,3.188190221786499,-0.48872047662734985,-0.10072663426399231,1.8376976251602173,4.154837608337402,4.843921661376953,4.350298881530762,2.7441952228546143,2.848557233810425,7.613328456878662,12.487370491027832,10.367950439453125,8.216290473937988,9.459895133972168,11.88878345489502,9.298914909362793,9.206511497497559,13.510600090026855,15.44129753112793,10.15225887298584,2.6522207260131836,2.9402213096618652,7.157693862915039,7.273630142211914,3.649660110473633,5.594650745391846,3.4052364826202393,9.218072891235352,1.2865763902664185
22.52509307861328,18.533470153808594,15.023581504821777,15.9132661819458,24.520654678344727,34.81252670288086,34.28557205200195,22.86223602294922,15.480897903442383,13.84389877319336,11.168143272399902,5.909295082092285,3.890432357788086,3.6342508792877197,1.7483186721801758,2.1985111236572266,5.5258965492248535,7.982161521911621,8.04519271850586,4.470816135406494,0.9083808064460754,0.6626356244087219,3.8473668098449707,9.117680549621582,11.66978645324707,11.478885650634766,10.699968338012695,12.659574508666992,12.3190279006958,10.177332878112793,11.528742790222168,15.678672790527344,10.683382034301758,0.5240359306335449,0.8643811345100403,6.639702796936035,9.486145973205566,7.622140884399414,3.238083600997925,3.144721269607544,4.540255546569824,10.339876174926758,-2.2830111980438232
23.332218170166016,19.157028198242188,13.6931734085083,10.315658569335938,16.516727447509766,20.725746154785156,15.753334045410156,6.103638648986816,4.783242702484131,7.633421897888184,5.9078497886657715,3.846050977706909,3.762605905532837,4.875650882720947,2.9016926288604736,2.912545680999756,4.842064380645752,6.93089485168457,4.001721382141113,0.6756920218467712,2.6750295162200928,7.379023551940918,9.275407791137695,11.194945335388184,11.621768951416016,11.786029815673828,11.6898832321167,12.815994262695312,12.398724555969238,12.676748275756836,14.022551536560059,14.415384292602539,6.675394058227539,0.7138956785202026,4.640897274017334,9.679718971252441,10.54550838470459,9.117040634155273,5.120533466339111,3.2190678119659424,6.504791259765625,6.4472527503967285,0.33893510699272156
23.294628143310547,19.715492248535156,17.30927848815918,16.46806526184082,14.756782531738281,7.815775394439697,3.722583055496216,0.5751554369926453,2.2347309589385986,3.2075929641723633,1.945927381515503,2.1994497776031494,4.353489875793457,5.871771335601807,6.435296535491943,4.8453216552734375,0.009586582891643047,-1.0842711925506592,0.5158312320709229,1.7691158056259155,7.54768705368042,12.200139999389648,10.34925365447998,9.7011079788208,9.221256256103516,9.064836502075195,8.570332527160645,9.92303466796875,10.489657402038574,8.259293556213379,8.718271255493164,8.755149841308594,10.604170799255371,5.852101802825928,6.575327396392822,10.901165962219238,12.156478881835938,11.254447937011719,7.424997806549072,3.5695905685424805,4.4440531730651855,2.6673583984375,5.358709812164307
23.287952423095703,21.160015106201172,19.616050720214844,22.217105865478516,15.511645317077637,7.135202884674072,6.700125694274902,6.450675010681152,-0.41590702533721924,-2.425706386566162,-0.06669563800096512,2.694023847579956,4.61604642868042,3.6264703273773193,4.049227714538574,1.2921934127807617,-4.775394439697266,-5.037811756134033,-2.2738044261932373,1.4512410163879395,6.37148904800415,9.078943252563477,10.382259368896484,9.813252449035645,6.001860618591309,6.870789051055908,8.709599494934082,8.804533958435059,9.10703182220459,9.645947456359863,10.133493423461914,8.111908912658691,6.83834171295166,6.832972049713135,10.2683744430542,13.115784645080566,12.061304092407227,9.511302947998047,5.089819431304932,-0.10382173955440521,0.37592554092407227,4.776057720184326,9.484243392944336
21.022703170776367,18.149032592773438,17.04490089416504,19.97637176513672,19.425291061401367,12.91424560546875,7.419637203216553,2.2368969917297363,0.602299690246582,-0.5145410895347595,0.35652124881744385,1.6484962701797485,4.143805027008057,3.859762191772461,2.46441912651062,1.4154351949691772,1.8866546154022217,4.791494369506836,5.0165934562683105,4.39681339263916,5.007504463195801,7.62851619720459,12.496746063232422,11.238163948059082,4.541897773742676,7.364518642425537,8.589241981506348,8.450531005859375,8.759669303894043,8.8851900100708,9.366500854492188,15.449170112609863,12.636167526245117,7.147871017456055,9.502326011657715,12.817232131958008,10.381567001342773,6.93155574798584,5.516849517822266,4.710388660430908,6.18548059463501,7.811638832092285,10.468852043151855
