data/wind_data/wind_2025-02-21_23.json
{"header": {"parameterUnit": "KT", "parameterCategory": 2, "nx": 255, "ny": 198, "lo1": 44.73521041870117, "la1": -3.236724853515625, "lo2": 111.26478576660156, "la2": 43.468475341796875, "dx": 0.26192745566368103, "dy": -0.23708222806453705, "refTime": "2025-02-21 23:00:00", "forecastTime": 0, "parameterNumber": 3, "parameterNumberName": "northward_wind"}, "data":
[rows 171 to 189 of 198, columns 43 to 85 of 255]
1.8023022413253784,3.803663969039917,4.5161309242248535,5.602701663970947,5.330976486206055,2.7423040866851807,-3.263594388961792,-5.129234790802002,-7.082729339599609,-7.351395130157471,-6.301186561584473,-5.7152557373046875,-5.775426387786865,-5.632493019104004,-5.157193660736084,-4.29571533203125,-4.524697780609131,-5.450316429138184,-6.079537868499756,-6.065994739532471,-5.406015396118164,-5.064070701599121,-3.34965181350708,0.5041038393974304,4.557939052581787,5.621065139770508,5.654973030090332,5.164252281188965,4.979875087738037,5.7007246017456055,7.076587677001953,8.569021224975586,9.872941017150879,9.477511405944824,8.03453540802002,7.121819496154785,6.52755880355835,6.210183143615723,6.5942158699035645,8.234200477600098,8.81857967376709,4.855355739593506,-2.0701587200164795
-1.8133643865585327,0.45478010177612305,2.982304811477661,4.03509521484375,-0.3469901382923126,-5.405525207519531,-8.595966339111328,-9.09469223022461,-8.018143653869629,-7.003119945526123,-6.395229816436768,-5.844393730163574,-5.732796669006348,-5.649554252624512,-4.855588912963867,-4.274958610534668,-4.86552095413208,-5.8274688720703125,-6.195465564727783,-5.553624153137207,-4.366069793701172,-4.22432279586792,-2.8177316188812256,1.0216797590255737,4.803613662719727,5.982363700866699,6.125652313232422,5.802380084991455,5.711796760559082,6.57213020324707,7.819039344787598,8.91291332244873,9.883575439453125,9.164872169494629,8.214099884033203,7.456791400909424,7.76214075088501,7.634958267211914,8.359957695007324,9.604325294494629,7.271764755249023,3.4589414596557617,1.86316978931427
-1.783150315284729,-1.2921247482299805,0.6766417622566223,-0.1153155267238617,-4.070882797241211,-6.633784770965576,-7.464028835296631,-6.858206272125244,-6.196709632873535,-5.882523536682129,-5.790167808532715,-5.5339436531066895,-5.675130844116211,-5.523331165313721,-4.703163146972656,-4.337464809417725,-4.706528663635254,-5.453029155731201,-5.508702754974365,-4.552657604217529,-3.797808885574341,-4.031600475311279,-2.750156879425049,1.2294597625732422,4.360132694244385,5.632399082183838,6.284780979156494,6.393064498901367,6.474558353424072,6.921933174133301,8.063862800598145,9.227906227111816,9.708718299865723,9.629298210144043,8.114957809448242,5.86381196975708,6.018863201141357,7.193655490875244,7.579770088195801,7.83626651763916,8.614752769470215,9.202960014343262,9.837797164916992
-0.1158423125743866,-0.05633513629436493,-0.14537598192691803,-1.3103762865066528,-2.6962833404541016,-3.0345871448516846,-3.181407928466797,-3.444117307662964,-4.231705188751221,-4.7984113693237305,-5.289218902587891,-5.202671527862549,-5.065609931945801,-4.456855297088623,-4.240216255187988,-4.280023574829102,-4.808048248291016,-5.026175022125244,-4.57861852645874,-3.5157742500305176,-3.521200656890869,-3.835815668106079,-2.8258283138275146,1.1705584526062012,3.704711437225342,5.218062400817871,6.5307135581970215,7.0413665771484375,7.10450553894043,6.872159481048584,7.797146797180176,9.315982818603516,9.878301620483398,9.802410125732422,7.600775241851807,5.131409645080566,4.472770690917969,5.251997947692871,4.577183246612549,2.8601481914520264,5.1097412109375,10.755731582641602,11.919917106628418
-0.37951552867889404,0.23434840142726898,-0.8946860432624817,-1.4349558353424072,-1.2669306993484497,-1.075248122215271,-1.6531001329421997,-2.617767572402954,-3.6891579627990723,-4.332959175109863,-4.478034496307373,-4.456794738769531,-4.105775833129883,-3.895960569381714,-4.147859573364258,-4.485029220581055,-4.648493766784668,-4.576343059539795,-3.9081645011901855,-3.074885129928589,-2.968388319015503,-2.843230724334717,-2.332426071166992,0.5535888075828552,3.0862157344818115,4.92780876159668,6.387308597564697,7.110642910003662,7.229561805725098,7.198808670043945,7.884357452392578,9.266801834106445,10.10771656036377,9.166170120239258,6.911196708679199,4.943112373352051,4.423330307006836,4.011894226074219,2.827316999435425,0.2121480405330658,-1.6459823846817017,-0.21244634687900543,4.526763439178467
-1.2390624284744263,0.2391088455915451,-0.36078354716300964,-0.6842344999313354,-0.6311331987380981,-0.879264235496521,-1.2819886207580566,-2.1398777961730957,-3.1810197830200195,-3.9484403133392334,-4.514407634735107,-4.481635093688965,-3.6430206298828125,-3.8310599327087402,-4.249991416931152,-4.5148210525512695,-4.203370094299316,-3.8671343326568604,-3.582882881164551,-3.0481314659118652,-2.573148488998413,-1.815089225769043,-1.5029453039169312,-0.11446987092494965,2.214782238006592,4.110371112823486,5.7137675285339355,6.239267826080322,7.23311710357666,7.877385139465332,8.025236129760742,9.023351669311523,9.512398719787598,7.9422125816345215,5.694469928741455,4.0583086013793945,2.8742027282714844,1.066354751586914,0.9970353841781616,2.371720790863037,1.948063850402832,0.938197672367096,4.385106086730957
-2.9689061641693115,-0.6021546125411987,0.24424782395362854,-0.06843806803226471,-0.49174216389656067,-0.7780919671058655,-0.9308657646179199,-1.600145697593689,-2.7678728103637695,-3.7036752700805664,-4.545181751251221,-4.6252827644348145,-3.68082857131958,-3.7010467052459717,-4.1110968589782715,-4.340487957000732,-3.813530206680298,-3.1972596645355225,-2.804015636444092,-2.305793285369873,-1.4070340394973755,-0.13851284980773926,0.39322343468666077,0.7861294150352478,2.0850348472595215,3.406385660171509,4.709421157836914,5.700366497039795,6.583519458770752,7.930774688720703,8.152678489685059,8.097551345825195,7.322817325592041,6.2615532875061035,4.391645908355713,2.5244808197021484,1.145440936088562,-0.38828086853027344,-0.581122100353241,3.329838514328003,7.284103870391846,8.533232688903809,9.909229278564453
-5.398585796356201,-2.097597599029541,0.14908002316951752,0.2303924560546875,-0.7914063930511475,-1.2524988651275635,-1.4613710641860962,-1.8036842346191406,-2.7085511684417725,-3.8991892337799072,-4.715828895568848,-4.64260196685791,-3.9072256088256836,-3.441211223602295,-3.4889347553253174,-3.643376111984253,-3.190849781036377,-2.1855480670928955,-1.2203558683395386,-0.3254091441631317,0.5655483603477478,1.8690649271011353,2.735321521759033,2.764583110809326,2.981210947036743,3.4619438648223877,4.302121639251709,5.2576375007629395,6.175441741943359,7.591348171234131,7.724413871765137,6.431819915771484,4.873937606811523,4.172689437866211,3.4427549839019775,1.9416418075561523,1.8860944509506226,2.7063772678375244,1.9115710258483887,2.23356294631958,6.393940448760986,7.929001331329346,7.800847053527832
-7.1856489181518555,-4.686642169952393,-2.2003977298736572,-1.7608898878097534,-2.510751485824585,-3.06069016456604,-2.956728458404541,-3.123267889022827,-3.383326768875122,-3.9038076400756836,-4.564283847808838,-4.387998104095459,-3.6160991191864014,-2.464872360229492,-2.0111138820648193,-1.9812785387039185,-1.9729729890823364,-1.2289526462554932,0.3610740900039673,1.8513689041137695,2.518599033355713,3.5624616146087646,4.372905731201172,4.292364597320557,3.8256051540374756,3.615180730819702,4.219073295593262,5.070998191833496,5.969167232513428,7.137063503265381,7.2425737380981445,5.847234725952148,4.30163049697876,3.304427146911621,3.3571605682373047,3.072648048400879,2.516663074493408,2.044158458709717,0.050608254969120026,-1.695354700088501,-1.034049153327942,1.1158686876296997,1.7999505996704102
-7.704952239990234,-6.96230936050415,-6.091495990753174,-6.009145736694336,-4.999176979064941,-5.159917831420898,-4.805262088775635,-4.646071910858154,-4.315598964691162,-3.9801828861236572,-4.436546325683594,-4.2718186378479,-3.2306718826293945,-1.9197041988372803,-0.907112181186676,-0.5059212446212769,-0.7997998595237732,-0.668264627456665,1.3394228219985962,3.7841176986694336,4.433888912200928,5.022464275360107,5.4841413497924805,5.10333251953125,4.172738552093506,3.5629794597625732,3.6960363388061523,4.508203983306885,5.159839630126953,5.744938850402832,6.0989179611206055,6.1529974937438965,5.309697151184082,4.499897003173828,4.653705596923828,4.396547317504883,2.5234262943267822,0.5697336196899414,-0.8487167954444885,-1.9653595685958862,-3.0544886589050293,-1.9904195070266724,1.4386858940124512
-6.832273006439209,-6.924579620361328,-7.180370330810547,-7.706062316894531,-6.04719877243042,-5.639991283416748,-5.107090950012207,-4.839462757110596,-4.5956220626831055,-3.9268887042999268,-4.3530473709106445,-4.280397891998291,-3.2625951766967773,-2.1358156204223633,-0.8785346150398254,-0.15228722989559174,-0.2468399703502655,-0.3437351882457733,1.6784100532531738,5.0079569816589355,5.782958030700684,5.731553554534912,5.931403160095215,5.343422889709473,4.319571018218994,3.417874574661255,3.3549387454986572,3.5476438999176025,3.368220090866089,3.05881404876709,3.0277819633483887,4.127493381500244,5.346800804138184,5.855045318603516,5.981078147888184,6.037260055541992,5.261509418487549,5.233725547790527,4.888355731964111,3.5800094604492188,3.558842182159424,3.351663112640381,5.346993923187256
-5.011117458343506,-5.263881206512451,-5.616704940795898,-6.1953959465026855,-4.961146354675293,-4.254873275756836,-3.9331581592559814,-4.025906085968018,-4.095653057098389,-4.128721714019775,-4.321276664733887,-4.251125812530518,-3.690932273864746,-2.830214262008667,-1.649980902671814,-0.5927315950393677,-0.16343091428279877,0.13073912262916565,2.127108573913574,5.485846996307373,6.138991832733154,5.874367713928223,5.683158874511719,4.555446624755859,3.8369462490081787,3.7956464290618896,3.690984010696411,3.674090623855591,2.7005598545074463,1.695928931236267,0.9613577127456665,1.7320737838745117,4.603755950927734,6.485283851623535,8.070442199707031,8.611966133117676,8.900062561035156,10.08302116394043,9.98078727722168,9.530624389648438,9.621874809265137,9.237308502197266,9.722797393798828
-3.408975601196289,-3.530046224594116,-3.7278430461883545,-3.927809953689575,-2.935490846633911,-2.3668854236602783,-2.5297086238861084,-2.834031105041504,-3.243197441101074,-3.719482660293579,-3.985821485519409,-4.045901298522949,-3.925281047821045,-3.4202287197113037,-2.3878133296966553,-0.9272568225860596,0.0984792485833168,1.272371530532837,3.3718349933624268,5.5023345947265625,5.961330890655518,5.780203342437744,4.640313625335693,4.490316390991211,4.648825645446777,4.531326770782471,4.012599945068359,3.8457372188568115,4.0263824462890625,3.4175617694854736,3.27984356880188,0.6227264404296875,1.4615767002105713,5.770238399505615,8.181648254394531,9.701685905456543,9.130134582519531,8.465084075927734,9.556936264038086,11.215010643005371,12.166461944580078,10.63900089263916,6.6769232749938965
-2.1910266876220703,-2.0870442390441895,-2.210188865661621,-1.9135137796401978,-1.174795389175415,-1.1914539337158203,-1.4323335886001587,-1.4017987251281738,-2.1742873191833496,-2.88932204246521,-3.431899070739746,-3.5458123683929443,-3.8058793544769287,-3.73083233833313,-2.544243335723877,-0.5831185579299927,1.2159912586212158,3.044924736022949,4.894381999969482,5.595510005950928,5.600917816162109,4.963670253753662,4.26061487197876,4.820409774780273,5.574498176574707,5.5475873947143555,4.618682384490967,4.6146039962768555,5.525905132293701,5.1189727783203125,3.39683198928833,-1.3191291093826294,-1.646843671798706,0.37298911809921265,3.3061740398406982,6.0131988525390625,5.886445045471191,5.738446235656738,6.168043613433838,6.714991092681885,6.4759840965271,4.862523078918457,2.261277437210083
-1.1703237295150757,-1.474224328994751,-1.6270675659179688,-0.9417791366577148,-0.689271092414856,-0.8464011549949646,-0.8413198590278625,-0.5909394025802612,-1.3916302919387817,-2.198451519012451,-3.115241765975952,-3.2340118885040283,-3.4067912101745605,-3.4467058181762695,-2.1333258152008057,0.3996228575706482,2.9055886268615723,4.929138660430908,5.833558559417725,5.590161323547363,5.152966022491455,4.704235553741455,3.8573484420776367,4.51734733581543,5.654957294464111,6.219192028045654,5.718079090118408,6.173946380615234,7.186622142791748,6.39595890045166,3.7470715045928955,-1.1891582012176514,-2.806546926498413,-2.1336724758148193,-0.27958565950393677,3.621434211730957,5.055539131164551,4.373696327209473,3.3388893604278564,3.0514976978302,2.887479782104492,2.6644814014434814,2.9455721378326416
-1.8542845249176025,-2.2866175174713135,-2.0476481914520264,-1.6519449949264526,-1.816169023513794,-1.5310145616531372,-1.2616658210754395,-1.314692735671997,-1.9620461463928223,-2.6877894401550293,-3.1357405185699463,-3.2063915729522705,-2.916419267654419,-2.6775190830230713,-1.1544345617294312,1.987838625907898,4.745901107788086,5.704954624176025,5.447018146514893,5.1863322257995605,5.131904125213623,4.603638648986816,4.118644714355469,4.139976978302002,5.179002285003662,6.688336372375488,6.9536027908325195,8.569937705993652,9.650117874145508,8.806591033935547,6.175423622131348,3.5109760761260986,1.0326975584030151,1.2046931982040405,4.231649398803711,6.807700157165527,7.276671409606934,5.605602741241455,4.672257423400879,4.2483439445495605,4.677454471588135,5.544658184051514,5.450927257537842
-3.221579074859619,-2.648076295852661,-2.4718756675720215,-2.8761377334594727,-3.2126212120056152,-2.712744951248169,-1.8553786277770996,-1.782735824584961,-2.441539764404297,-2.9612643718719482,-3.1201224327087402,-3.0102264881134033,-2.604478120803833,-1.9863228797912598,0.25822025537490845,3.666146993637085,5.498863697052002,5.112883567810059,4.454764366149902,4.67708683013916,5.144716262817383,4.278687477111816,4.167327404022217,3.9585907459259033,3.857938289642334,4.929080963134766,5.105847358703613,7.387530326843262,9.994575500488281,10.571200370788574,10.207597732543945,9.455324172973633,9.139368057250977,8.480639457702637,6.95416784286499,6.678918361663818,7.591658115386963,7.311486721038818,7.049079418182373,6.761526584625244,6.076289176940918,6.909810543060303,7.5037689208984375
-2.6074254512786865,-2.049001693725586,-2.4610607624053955,-2.9000532627105713,-3.575211763381958,-2.6956260204315186,-2.780963659286499,-2.3832218647003174,-2.54059100151062,-2.670978546142578,-2.6644740104675293,-2.642451047897339,-2.2118396759033203,-0.6779600381851196,2.4061965942382812,5.386795997619629,4.929419994354248,3.606647491455078,3.098039388656616,3.6018829345703125,4.374872207641602,3.9322831630706787,3.969571590423584,3.2871410846710205,2.058300018310547,0.9055325388908386,0.6602522134780884,1.7112598419189453,3.9941771030426025,6.234098434448242,8.75993537902832,11.909173965454102,12.087949752807617,9.57198429107666,3.3956799507141113,1.8333170413970947,5.10584831237793,6.826025485992432,7.498623371124268,7.306833744049072,7.2431159019470215,7.916723728179932,8.941259384155273
-1.793257713317871,-1.7677725553512573,-2.251793146133423,-2.8145182132720947,-3.727414846420288,-2.801185131072998,-4.547359466552734,-3.34074068069458,-2.4348161220550537,-1.9899674654006958,-1.806218147277832,-1.7739812135696411,-1.2426252365112305,1.686659336090088,5.3075103759765625,5.71504020690918,4.464826583862305,3.344728469848633,2.516791820526123,2.2651381492614746,2.840810775756836,3.2365522384643555,3.464304208755493,3.1737091541290283,1.4017518758773804,-0.20281317830085754,-0.1693124771118164,-0.3101820945739746,-1.514536738395691,-1.781720757484436,0.05970912426710129,3.5297985076904297,5.622608661651611,4.173756122589111,0.4885387420654297,0.7198593616485596,2.728872537612915,5.593257427215576,7.089266777038574,7.7691473960876465,8.052474975585938,8.352713584899902,8.71759033203125
