data/wind_data/wind_Surface_25.json
{"header": {"parameterUnit": "KT", "parameterCategory": 2, "nx": 255, "ny": 198, "lo1": 44.73521041870117, "la1": -3.236724853515625, "lo2": 111.26478576660156, "la2": 43.468475341796875, "dx": 0.26192745566368103, "dy": -0.23708222806453705, "refTime": "2025-02-20 01:00:00", "forecastTime": 0, "parameterNumber": 3, "parameterNumberName": "northward_wind"}, "data":
[rows 0 to 18 of 198, columns 86 to 128 of 255]
-3.2662651538848877,-3.217432975769043,-3.03202748298645,-2.8823444843292236,-2.781341791152954,-2.735333204269409,-2.8390729427337646,-2.8942463397979736,-2.8171322345733643,-2.757702350616455,-2.6866326332092285,-2.4685585498809814,-2.160444736480713,-1.853458046913147,-1.5866323709487915,-1.4604651927947998,-1.4209773540496826,-1.4273383617401123,-1.4236164093017578,-1.3115088939666748,-1.156235933303833,-1.0062052011489868,-0.8422225713729858,-0.6459147930145264,-0.5453456044197083,-0.6524486541748047,-0.7363720536231995,-0.7671255469322205,-0.646693766117096,-0.30179792642593384,0.09957944601774216,0.5542453527450562,0.7758198380470276,0.713540256023407,0.34690722823143005,-0.2997848391532898,-0.8454347252845764,-1.4164458513259888,-2.313704013824463,-3.1670801639556885,-3.349825620651245,-3.1687021255493164,-2.8105010986328125
-3.3267128467559814,-3.1395137310028076,-2.9804344177246094,-2.8387105464935303,-2.6949737071990967,-2.6027698516845703,-2.633408308029175,-2.6205074787139893,-2.5007598400115967,-2.4083213806152344,-2.3229384422302246,-2.132905960083008,-1.8733378648757935,-1.5746017694473267,-1.3051928281784058,-1.2356879711151123,-1.2677093744277954,-1.3140474557876587,-1.323527216911316,-1.1889888048171997,-0.9842734336853027,-0.808501660823822,-0.6433596611022949,-0.4773463308811188,-0.36520227789878845,-0.3726545572280884,-0.35543158650398254,-0.27405503392219543,-0.0840076431632042,0.2610248625278473,0.585265576839447,0.9454995393753052,1.0957928895950317,0.9664595723152161,0.4940621256828308,-0.3087664246559143,-1.1471798419952393,-1.94994056224823,-2.306473970413208,-2.331688165664673,-2.193408489227295,-1.9591501951217651,-1.7136427164077759
-3.1643292903900146,-3.0340402126312256,-2.88199520111084,-2.6580073833465576,-2.440366268157959,-2.29154109954834,-2.2984726428985596,-2.3163414001464844,-2.3427281379699707,-2.291140079498291,-2.1109063625335693,-1.9286333322525024,-1.7177656888961792,-1.555820345878601,-1.4166971445083618,-1.3707504272460938,-1.3249456882476807,-1.2459847927093506,-1.2242653369903564,-1.1017546653747559,-0.9127576947212219,-0.6938510537147522,-0.5994669198989868,-0.6874698996543884,-0.6606864333152771,-0.4445718824863434,-0.1180371418595314,0.306789368391037,0.5474818348884583,0.4670916795730591,0.32445028424263,0.29150840640068054,0.2151040881872177,0.09747003763914108,-0.1567762792110443,-0.5684711337089539,-0.9161103963851929,-1.2719125747680664,-1.3345930576324463,-1.2133444547653198,-1.204980492591858,-1.277260422706604,-1.3080071210861206
-2.828253746032715,-2.5455362796783447,-2.3959856033325195,-2.23673152923584,-2.031646490097046,-1.8324145078659058,-1.9532686471939087,-2.196399211883545,-2.519993782043457,-2.2349369525909424,-1.754801630973816,-1.5038208961486816,-1.7565349340438843,-1.797968864440918,-1.505881428718567,-1.7438050508499146,-1.482569932937622,-1.2371888160705566,-1.564635157585144,-1.999023199081421,-1.72966730594635,-1.6360692977905273,-1.56554114818573,-1.2262662649154663,-1.5413784980773926,-1.504393458366394,-1.0170108079910278,-0.2573418915271759,-0.9067198634147644,-1.8042038679122925,-2.0448780059814453,-1.622253656387329,-1.6168769598007202,-1.8053110837936401,-1.719988226890564,-1.5300219058990479,-1.2976168394088745,-1.2901408672332764,-1.161693811416626,-1.1463158130645752,-1.4924792051315308,-1.922013521194458,-2.1668879985809326
-1.990805983543396,-1.8987475633621216,-1.9142906665802002,-1.6155569553375244,-1.6306360960006714,-1.2918187379837036,-1.9080607891082764,-1.938090205192566,-1.9350064992904663,-2.315877914428711,-1.765429973602295,-1.2886608839035034,-1.276834487915039,-1.5887538194656372,-1.3889282941818237,-1.4050822257995605,-1.2827435731887817,-0.7333842515945435,-0.8847782015800476,-0.9211885333061218,-0.9659605622291565,-0.2961483299732208,-0.38072454929351807,-1.2103227376937866,-0.46925708651542664,1.0198043584823608,1.4451590776443481,0.16104599833488464,-0.8300670385360718,-2.296860694885254,-2.854367733001709,-2.600558280944824,-2.4402124881744385,-2.27541446685791,-1.7368098497390747,-1.2201648950576782,-0.6125888228416443,-0.4427436590194702,-0.3923226594924927,-0.5130012631416321,-1.017535924911499,-1.6979780197143555,-2.027822256088257
-1.5556368827819824,-1.7950899600982666,-1.9604979753494263,-1.7186336517333984,-1.189772129058838,-0.7617578506469727,-0.7639163732528687,-0.7235019207000732,-0.33463647961616516,-0.7848304510116577,-0.20089244842529297,0.17988280951976776,0.17291535437107086,-1.0187197923660278,-1.252027988433838,0.261408269405365,1.6362706422805786,1.2229788303375244,1.0277713537216187,0.27809470891952515,-0.2305973619222641,0.1250167191028595,1.621277093887329,1.580883264541626,1.642999529838562,2.477618455886841,1.2836582660675049,1.752042531967163,1.1997143030166626,0.018128527328372,-0.6842160820960999,-1.1874545812606812,-1.2146151065826416,-1.0194367170333862,-0.35321876406669617,0.20155109465122223,0.5009403824806213,0.6140021681785583,0.490219384431839,0.2407965213060379,-0.20678584277629852,-0.7236326336860657,-1.0118099451065063
-1.7637016773223877,-0.4269063472747803,-0.2191666215658188,-1.1318573951721191,-0.8657862544059753,-0.4479427635669708,-0.2237526923418045,-0.18912363052368164,0.047969408333301544,0.5231873393058777,1.2867439985275269,0.277797669172287,0.3553067147731781,-1.2046304941177368,-1.7934746742248535,-0.16880404949188232,2.5053091049194336,1.3430036306381226,2.4126696586608887,0.8196017146110535,0.5441308617591858,1.085875391960144,2.2849180698394775,3.5307087898254395,2.896817445755005,2.6869945526123047,3.0273845195770264,2.884671449661255,1.758714199066162,2.0573971271514893,1.9719452857971191,1.130592703819275,0.6756719946861267,0.6515063643455505,0.9027542471885681,1.1696770191192627,1.2085274457931519,1.0688484907150269,0.9326607584953308,0.7121351957321167,0.4618821144104004,0.21294522285461426,0.10254716128110886
0.9174068570137024,-0.041933875530958176,0.6173851490020752,0.06884954124689102,1.3553529977798462,0.1907469630241394,-0.7423077821731567,-0.34229665994644165,0.5498648881912231,-0.0008629020885564387,0.21316204965114594,-1.5353792905807495,-1.152204155921936,-1.678260087966919,-3.2793962955474854,-0.8493185639381409,1.120483160018921,2.50178599357605,2.64971661567688,0.5872885584831238,0.7759107947349548,1.3987623453140259,2.427180051803589,3.6484756469726562,3.178999662399292,0.7257086038589478,2.563612222671509,1.4125150442123413,2.598907470703125,3.5443994998931885,2.962974786758423,2.5797464847564697,2.157289505004883,1.5209144353866577,1.291977047920227,1.405202031135559,1.5057708024978638,1.493756651878357,1.4635454416275024,1.4676693677902222,1.2299914360046387,1.1875548362731934,1.1557267904281616
1.305938959121704,-1.0039405822753906,0.23384802043437958,1.6253052949905396,2.8218512535095215,1.4363610744476318,-0.824428915977478,-0.6126816868782043,0.4898625910282135,1.595510721206665,0.6609482169151306,-0.9063671827316284,-1.447687029838562,-2.0319390296936035,-2.9246997833251953,-0.40625059604644775,0.9697631001472473,2.515594005584717,-1.0075595378875732,0.006754082161933184,0.5268242359161377,1.3305566310882568,0.8125590085983276,1.502683401107788,1.2062525749206543,0.050716862082481384,0.6722809076309204,-2.7789690494537354,-0.020262740552425385,1.8268672227859497,2.353395700454712,2.7360453605651855,2.265925407409668,1.261217713356018,0.9942046403884888,1.0997518301010132,1.0668177604675293,1.1901767253875732,1.3639349937438965,1.5006122589111328,1.279234766960144,1.666243553161621,1.617430329322815
-2.107194423675537,-1.0339280366897583,0.6776151657104492,1.9857977628707886,0.3630962371826172,1.280569076538086,-1.5850193500518799,-2.173827886581421,-1.746588945388794,2.0317559242248535,1.5269830226898193,0.6648508906364441,-0.9465907216072083,-2.1505250930786133,-3.221572160720825,-3.9272546768188477,-2.9222357273101807,-3.9592344760894775,-3.771177291870117,-0.09202399104833603,0.2610377371311188,0.7084929347038269,-0.707894504070282,-0.864876389503479,-1.1652096509933472,1.8066245317459106,0.7901148200035095,-4.202542781829834,-5.512131690979004,0.30846619606018066,2.224409818649292,2.1763956546783447,2.242431640625,0.8529634475708008,0.9219547510147095,0.6863017678260803,0.9687354564666748,1.042930006980896,1.077558994293213,1.0212852954864502,1.0661540031433105,2.103672981262207,1.5990411043167114
-0.8265944719314575,-2.174083948135376,-1.939290165901184,-3.070478677749634,-0.7017741203308105,-2.3960957527160645,-3.3268678188323975,-2.7861104011535645,-4.405974388122559,-3.7507851123809814,-2.275017499923706,-1.557332992553711,-0.38747942447662354,-1.6469650268554688,-3.1329946517944336,-3.901003360748291,-5.711886882781982,-6.681445121765137,-4.823475360870361,-1.667885661125183,-0.04651487246155739,-0.9548007845878601,-0.12330079078674316,0.8788832426071167,1.0295109748840332,-0.04878479242324829,-0.2262348234653473,1.4687501192092896,-0.03716231882572174,1.662044644355774,1.3239082098007202,1.8825207948684692,1.1093158721923828,1.201453685760498,0.44549742341041565,0.8722877502441406,0.33093738555908203,0.48762598633766174,0.4646039307117462,0.14401225745677948,0.6725513935089111,1.707563042640686,1.7594763040542603
-0.9127318263053894,-3.8569843769073486,-6.954245090484619,-7.191795349121094,-1.953060269355774,-4.668426036834717,-3.746016263961792,-2.8286547660827637,-4.924349308013916,-6.939849376678467,-3.825688600540161,-2.898606538772583,-1.2707557678222656,-1.5526325702667236,-2.4123499393463135,-2.8491742610931396,-4.5775227546691895,-4.181058406829834,-4.156818866729736,-2.4229753017425537,-0.01802992820739746,0.03282608091831207,-0.40378832817077637,-0.13904491066932678,2.9596798419952393,0.33288252353668213,0.9001688957214355,1.926702857017517,6.276705741882324,4.2011308670043945,2.069155693054199,0.9556632041931152,0.5522488951683044,0.2818221151828766,0.5711000561714172,0.9045735597610474,0.36329349875450134,-0.035803113132715225,-0.08532676100730896,-0.05252779275178909,0.5324610471725464,1.0451537370681763,1.0932263135910034
-5.843968391418457,-5.57472562789917,-7.509121417999268,-6.702814102172852,-6.431694030761719,-3.472634792327881,-1.5758565664291382,-3.2174136638641357,-4.590015888214111,-6.352635383605957,-5.551578044891357,-3.9973251819610596,-3.9221596717834473,-2.3445792198181152,-3.3623616695404053,-3.242189884185791,-2.7914888858795166,-0.8991417288780212,0.45533305406570435,-1.7758471965789795,-3.032668113708496,-2.4261038303375244,-2.0885043144226074,-1.8192651271820068,-0.20578384399414062,0.929667055606842,-0.44910165667533875,-0.4182789921760559,2.7331695556640625,1.4671329259872437,0.9039877653121948,-0.3200738728046417,0.6337667107582092,0.03217443451285362,1.1562845706939697,1.580247402191162,0.8214583992958069,0.003455783473327756,0.1283186376094818,0.6070899963378906,0.052573297172784805,0.29173457622528076,0.10373930633068085
-6.568822383880615,-5.748604774475098,-5.514219760894775,-6.021533012390137,-6.814363479614258,-3.67981219291687,-1.2472528219223022,-3.6415798664093018,-4.884130001068115,-6.236721515655518,-7.122745037078857,-6.469048023223877,-5.4476189613342285,-5.169146537780762,-2.213331699371338,-1.5846164226531982,-2.468244791030884,-0.758426308631897,0.2270568460226059,-1.0017881393432617,-0.9603096842765808,-2.5452141761779785,-3.6766371726989746,-2.419290542602539,-0.4782674312591553,-0.5145667791366577,-1.3646385669708252,-0.8053395748138428,-0.528259813785553,-0.9371212124824524,-1.0414683818817139,0.44965246319770813,1.749418020248413,2.578125476837158,1.337519884109497,1.3855105638504028,1.623632788658142,1.3815351724624634,1.1650967597961426,1.35885488986969,0.7046363949775696,0.6533300280570984,0.7231409549713135
-5.32078742980957,-6.325600624084473,-7.232350826263428,-6.39612340927124,-5.478464126586914,-6.076061725616455,-6.052716255187988,-5.032340049743652,-4.378930568695068,-5.867578983306885,-5.453920841217041,-5.660001754760742,-5.547194480895996,-4.71146821975708,-2.665614604949951,-4.311455726623535,-4.501210689544678,-4.354032516479492,-2.9642457962036133,-2.62797212600708,-1.5133389234542847,-2.737865686416626,-3.839846611022949,-2.9500045776367188,-1.3488210439682007,-2.4340012073516846,-2.8552966117858887,-2.830662727355957,0.6139068007469177,0.9789281487464905,0.5055326819419861,1.6798419952392578,3.227814197540283,4.232290267944336,4.45714807510376,3.603537082672119,2.401998281478882,2.698242425918579,1.9386264085769653,1.890458106994629,1.6661667823791504,1.5938470363616943,1.0358966588974
-6.780034065246582,-7.0558857917785645,-6.1984686851501465,-5.907352924346924,-5.444399833679199,-6.57476282119751,-7.291158199310303,-5.29189395904541,-5.1304426193237305,-5.804429054260254,-5.922849655151367,-6.0458502769470215,-5.047745227813721,-3.817902088165283,-6.114384651184082,-6.547264575958252,-4.82145357131958,-4.228254795074463,-4.334718704223633,-2.5815365314483643,-1.9956101179122925,-3.1165544986724854,-1.5632418394088745,-1.7708019018173218,-1.870633840560913,-1.6880273818969727,-0.9759295582771301,1.7183783054351807,3.0675370693206787,1.4535470008850098,1.053776741027832,1.4381455183029175,1.9483039379119873,3.122344493865967,3.564614772796631,5.15977668762207,2.7706921100616455,3.3926310539245605,2.867997646331787,2.4662790298461914,2.579251766204834,1.7691676616668701,0.9393031001091003
-5.1940412521362305,-5.095062255859375,-4.399440765380859,-4.911416053771973,-5.212291240692139,-5.263216495513916,-4.096273899078369,-3.5081589221954346,-4.799642562866211,-4.158219337463379,-4.792299270629883,-5.343012809753418,-3.2552077770233154,-5.328725337982178,-7.129477500915527,-5.3683180809021,-4.287829875946045,-3.1742072105407715,-3.4697110652923584,-1.4982813596725464,-2.0983924865722656,-4.29690408706665,-0.4185122847557068,-0.09791824966669083,0.5098071098327637,-0.8620670437812805,0.3700478971004486,2.5082523822784424,2.50290846824646,1.9904491901397705,1.032339334487915,1.120361089706421,2.2738606929779053,1.8981314897537231,0.9910284280776978,1.5774105787277222,2.3767518997192383,1.8719712495803833,2.5197317600250244,2.24167799949646,3.277552843093872,1.257621169090271,0.37879931926727295
-5.982285976409912,-6.006161212921143,-5.951436519622803,-5.154776573181152,-4.801235198974609,-5.122115612030029,-4.879203796386719,-3.379680633544922,-2.385972023010254,-3.0874218940734863,-3.264518976211548,-2.946798801422119,-3.243201732635498,-4.457604885101318,-3.9135663509368896,-4.077512264251709,-5.587828159332275,-4.816715240478516,-3.471284866333008,-2.336885690689087,-3.5809366703033447,-1.9655808210372925,-0.9312162399291992,-0.23120981454849243,-0.838014543056488,-1.3311606645584106,-1.8130648136138916,-1.126991868019104,0.2808549106121063,1.0407639741897583,0.394305944442749,-0.8193061351776123,-1.3759576082229614,-0.7695609331130981,0.1398743838071823,-1.1390175819396973,0.13699989020824432,0.5972642302513123,1.2635290622711182,1.256993293762207,1.504029631614685,0.12973469495773315,-0.5030418634414673
-9.353376388549805,-6.89841890335083,-4.882080078125,-4.0607123374938965,-3.4123170375823975,-5.7777252197265625,-6.323627948760986,-4.054361820220947,-1.0340790748596191,-3.254366636276245,-4.115655422210693,-4.077770233154297,-5.066650390625,-5.469724178314209,-6.072307109832764,-5.172399520874023,-5.271533489227295,-4.974956512451172,-6.302430629730225,-7.879985332489014,-3.91462779045105,0.09133797883987427,-2.4405674934387207,-2.6003379821777344,-3.492480754852295,-3.6873762607574463,-5.128781795501709,-4.4132537841796875,-3.135596513748169,-0.05656971409916878,-1.0089701414108276,-1.9424148797988892,-2.8973844051361084,-1.3813127279281616,-0.6743344664573669,0.14123846590518951,0.9506946206092834,-0.37738993763923645,0.06574953347444534,-0.3564068377017975,-1.3685665130615234,-1.4379701614379883,-1.2194955348968506
