data/wind_data/wind_61_3.json
{"header": {"parameterUnit": "KT", "parameterCategory": 2, "nx": 256, "ny": 198, "lo1": 44.73521041870117, "la1": -3.236724853515625, "lo2": 111.26478576660156, "la2": 43.468475341796875, "dx": 0.2609002888202667, "dy": -0.23708222806453705, "refTime": "2025-02-21 13:00:00", "forecastTime": 0, "parameterNumber": 2, "parameterNumberName": "eastward_wind"}, "data":
[rows 57 to 75 of 198, columns 176 to 219 of 256]
-14.848702430725098,-13.589733123779297,-13.65360164642334,-14.406885147094727,-14.4024076461792,-14.280275344848633,-14.202277183532715,-13.0260009765625,-11.774861335754395,-11.717595100402832,-12.092306137084961,-11.871528625488281,-11.82094955444336,-11.706379890441895,-12.240788459777832,-13.383757591247559,-14.66084098815918,-15.357024192810059,-15.385921478271484,-15.296916961669922,-15.452131271362305,-15.57485294342041,-15.348003387451172,-14.854227066040039,-14.902585983276367,-16.255043029785156,-18.25090980529785,-19.563159942626953,-20.361949920654297,-21.033180236816406,-20.206867218017578,-16.32402992248535,-12.735024452209473,-12.683266639709473,-14.889689445495605,-16.313322067260742,-17.59832191467285,-18.605731964111328,-18.054533004760742,-16.835155487060547,-15.772433280944824,-15.448392868041992,-16.174436569213867,-17.360631942749023
-15.011563301086426,-13.435111045837402,-12.540058135986328,-13.125239372253418,-14.124534606933594,-14.425201416015625,-14.255011558532715,-13.408475875854492,-12.150264739990234,-11.845643043518066,-12.338866233825684,-12.252751350402832,-11.82031536102295,-11.778115272521973,-12.48422908782959,-13.587636947631836,-14.458183288574219,-14.669981956481934,-14.578181266784668,-14.684309005737305,-14.99067211151123,-15.155465126037598,-14.989388465881348,-14.610782623291016,-14.582722663879395,-15.816872596740723,-18.11936378479004,-19.84939956665039,-20.57706642150879,-20.88876724243164,-20.0141544342041,-16.334253311157227,-13.340453147888184,-13.553882598876953,-14.58733081817627,-15.9553861618042,-17.185049057006836,-18.661392211914062,-18.83616828918457,-17.594743728637695,-16.33173370361328,-15.855253219604492,-16.522449493408203,-17.92196273803711
-14.32447338104248,-13.565237045288086,-12.528820037841797,-12.411680221557617,-13.279747009277344,-13.986407279968262,-14.316061973571777,-14.067011833190918,-12.71957015991211,-11.544279098510742,-12.024680137634277,-12.564504623413086,-11.984094619750977,-11.781310081481934,-12.51580810546875,-13.380847930908203,-14.001440048217773,-14.001937866210938,-14.014809608459473,-14.262712478637695,-14.489251136779785,-14.480707168579102,-14.139172554016113,-13.608020782470703,-13.263649940490723,-14.069153785705566,-16.570831298828125,-19.164794921875,-20.21321678161621,-19.974834442138672,-18.55817985534668,-15.510031700134277,-13.431109428405762,-14.030208587646484,-15.251436233520508,-16.480703353881836,-17.33834457397461,-18.90151023864746,-19.68453598022461,-19.03350830078125,-17.781967163085938,-16.95681381225586,-17.51954460144043,-19.006011962890625
-12.691180229187012,-13.28509521484375,-13.056619644165039,-12.42980670928955,-12.201988220214844,-12.720499992370605,-13.730745315551758,-14.268902778625488,-13.263686180114746,-11.471227645874023,-11.391987800598145,-12.351510047912598,-12.252907752990723,-11.889472007751465,-12.213171005249023,-12.627206802368164,-13.109384536743164,-13.457021713256836,-13.852352142333984,-14.215084075927734,-14.297347068786621,-14.26509952545166,-14.043867111206055,-13.398447036743164,-13.028729438781738,-14.088409423828125,-16.406267166137695,-18.142963409423828,-18.46476173400879,-18.139619827270508,-16.786548614501953,-14.126954078674316,-12.400253295898438,-14.082538604736328,-16.47797966003418,-17.600055694580078,-18.37040138244629,-19.934062957763672,-20.55307960510254,-20.056049346923828,-18.948373794555664,-17.638566970825195,-18.042613983154297,-19.734445571899414
-10.975297927856445,-12.259164810180664,-12.907329559326172,-12.554460525512695,-11.579306602478027,-11.078629493713379,-11.882311820983887,-13.178765296936035,-13.325305938720703,-11.83474349975586,-10.9096097946167,-11.491215705871582,-11.7525634765625,-11.476112365722656,-11.605554580688477,-11.861764907836914,-12.124640464782715,-12.565571784973145,-13.139606475830078,-13.616875648498535,-13.70059585571289,-13.664134979248047,-13.661493301391602,-13.482539176940918,-13.526712417602539,-14.82325553894043,-16.913713455200195,-17.63999366760254,-17.10000991821289,-16.607145309448242,-14.772086143493652,-12.189152717590332,-10.708930969238281,-13.754493713378906,-17.588829040527344,-18.728574752807617,-19.065629959106445,-20.227567672729492,-21.08536148071289,-20.844106674194336,-19.715896606445312,-18.08785629272461,-17.62759017944336,-18.03416633605957
-8.993508338928223,-10.194846153259277,-11.354921340942383,-11.896271705627441,-11.587422370910645,-10.688983917236328,-10.271291732788086,-10.974777221679688,-11.829998016357422,-11.561447143554688,-10.564711570739746,-10.564784049987793,-10.866814613342285,-10.624594688415527,-10.860810279846191,-11.318251609802246,-11.603930473327637,-11.84219741821289,-12.124863624572754,-12.346014976501465,-12.307318687438965,-12.19350528717041,-12.355483055114746,-12.972264289855957,-13.630271911621094,-14.038960456848145,-14.930273056030273,-16.143495559692383,-16.196044921875,-15.21126651763916,-13.071442604064941,-10.446741104125977,-9.815208435058594,-14.067190170288086,-18.716732025146484,-19.770748138427734,-19.40540885925293,-19.296358108520508,-19.952402114868164,-20.31878089904785,-19.2047119140625,-16.90666961669922,-16.454496383666992,-16.650070190429688
-7.377786159515381,-8.00031852722168,-9.039831161499023,-10.14643669128418,-10.852205276489258,-10.800078392028809,-10.164843559265137,-9.597429275512695,-9.716689109802246,-10.219677925109863,-10.170653343200684,-9.903148651123047,-9.948431968688965,-9.57939624786377,-9.779577255249023,-10.357892990112305,-10.815839767456055,-11.026891708374023,-11.29775333404541,-11.473983764648438,-11.203479766845703,-10.794672966003418,-10.821999549865723,-11.74244499206543,-13.194683074951172,-14.060997009277344,-14.222110748291016,-14.227072715759277,-13.929854393005371,-13.121658325195312,-10.826251983642578,-8.818487167358398,-11.077661514282227,-15.804598808288574,-19.70560073852539,-20.280996322631836,-19.519582748413086,-18.361499786376953,-18.763830184936523,-19.07847023010254,-17.628551483154297,-17.74401092529297,-16.842641830444336,-16.662471771240234
-6.338534355163574,-6.599460601806641,-7.210295677185059,-7.937798500061035,-8.761317253112793,-9.514354705810547,-9.771463394165039,-9.308070182800293,-8.695854187011719,-8.67345905303955,-8.913287162780762,-9.067721366882324,-8.860682487487793,-8.409174919128418,-8.44801139831543,-8.896466255187988,-9.489965438842773,-9.95263957977295,-10.357664108276367,-10.606318473815918,-10.321866989135742,-9.88581371307373,-9.75954818725586,-10.137190818786621,-11.176190376281738,-12.883687973022461,-14.6947660446167,-15.189998626708984,-13.238389015197754,-9.809896469116211,-6.4133172035217285,-5.73484992980957,-12.348347663879395,-17.028635025024414,-19.203147888183594,-19.54485511779785,-18.713438034057617,-17.42481231689453,-17.680845260620117,-17.8944149017334,-17.420391082763672,-18.553773880004883,-17.247392654418945,-17.250045776367188
-5.735402584075928,-5.76312780380249,-6.088128089904785,-6.507835388183594,-7.36650276184082,-8.628876686096191,-9.217290878295898,-8.535635948181152,-7.597218990325928,-7.255064487457275,-7.30073356628418,-7.288980960845947,-7.126916408538818,-6.762140274047852,-6.865503311157227,-7.4923481941223145,-8.015084266662598,-8.37537956237793,-8.795705795288086,-9.276883125305176,-9.408794403076172,-9.333292007446289,-9.312591552734375,-9.261545181274414,-9.449857711791992,-11.29627799987793,-14.411443710327148,-15.700838088989258,-13.524256706237793,-8.441023826599121,-4.60002326965332,-6.738015651702881,-13.77466106414795,-18.333576202392578,-18.62946891784668,-18.354982376098633,-16.969770431518555,-16.049009323120117,-16.438106536865234,-16.837207794189453,-17.873727798461914,-18.341032028198242,-18.071273803710938,-17.722381591796875
-5.424684524536133,-5.212082862854004,-5.389782428741455,-5.770755290985107,-6.283329010009766,-7.04530143737793,-7.621569633483887,-7.427186489105225,-6.803203105926514,-6.32482385635376,-6.17283296585083,-6.276455402374268,-6.366085052490234,-6.281928062438965,-6.294020652770996,-6.651067733764648,-7.0334577560424805,-7.113036155700684,-7.329087734222412,-8.076526641845703,-8.876588821411133,-9.220919609069824,-9.513524055480957,-10.025128364562988,-10.76337718963623,-12.785455703735352,-15.055715560913086,-15.005914688110352,-11.102666854858398,-4.820061683654785,-3.013505697250366,-9.10322380065918,-15.826329231262207,-19.74877166748047,-18.84012222290039,-17.388771057128906,-16.10726547241211,-15.190420150756836,-15.120633125305176,-15.03503704071045,-16.485050201416016,-18.033212661743164,-17.699617385864258,-17.04265022277832
-5.156862735748291,-4.70200777053833,-4.567551136016846,-4.867745399475098,-5.255683422088623,-5.516986846923828,-5.869284629821777,-6.25091028213501,-6.235820770263672,-5.917255401611328,-5.860054016113281,-6.199615478515625,-6.593717098236084,-6.703001022338867,-6.577302932739258,-6.499416351318359,-6.556080341339111,-6.394369125366211,-6.401455879211426,-7.269648551940918,-8.794803619384766,-9.779718399047852,-10.319092750549316,-11.579501152038574,-13.404986381530762,-14.964536666870117,-15.854222297668457,-14.687570571899414,-9.506265640258789,-4.100284099578857,-4.321685314178467,-9.572355270385742,-14.98758316040039,-19.125324249267578,-19.361291885375977,-17.623619079589844,-16.216588973999023,-14.706978797912598,-13.129526138305664,-12.315610885620117,-12.166715621948242,-13.971782684326172,-15.595815658569336,-15.137001037597656
-4.7142205238342285,-4.113173961639404,-3.606167793273926,-3.5170540809631348,-3.847308397293091,-4.184582233428955,-4.415780544281006,-4.867878437042236,-5.375807285308838,-5.438169479370117,-5.437293529510498,-5.831018447875977,-6.296690464019775,-6.388347148895264,-6.254106044769287,-6.247364044189453,-6.290558815002441,-6.013245582580566,-6.000720500946045,-6.972081661224365,-8.764838218688965,-10.129427909851074,-10.453954696655273,-10.853439331054688,-12.212127685546875,-13.941511154174805,-15.199446678161621,-14.786038398742676,-10.217469215393066,-5.932034492492676,-5.823230743408203,-8.487995147705078,-12.339115142822266,-16.572284698486328,-18.446250915527344,-16.58046531677246,-14.462352752685547,-12.66296672821045,-10.322158813476562,-7.8097662925720215,-5.161415100097656,-5.010847568511963,-9.998093605041504,-12.870040893554688
-3.9927380084991455,-3.4537575244903564,-2.809427499771118,-2.3430066108703613,-2.313082218170166,-2.648088216781616,-2.968344211578369,-3.2504501342773438,-3.8135385513305664,-4.350018501281738,-4.5633368492126465,-4.877413749694824,-5.4222588539123535,-5.723941802978516,-5.7822370529174805,-6.091670989990234,-6.522713661193848,-6.224102020263672,-5.923494815826416,-6.785170078277588,-8.24128532409668,-9.492449760437012,-10.020745277404785,-10.073492050170898,-10.885396957397461,-12.611884117126465,-14.011964797973633,-13.824000358581543,-10.337641716003418,-8.126708030700684,-6.260343551635742,-4.91769552230835,-6.5425286293029785,-12.230169296264648,-15.737098693847656,-14.863761901855469,-13.244696617126465,-12.785539627075195,-10.412758827209473,-7.8338212966918945,-6.689736843109131,-7.680606842041016,-10.710057258605957,-11.935639381408691
-3.0311615467071533,-2.7181456089019775,-2.2214279174804688,-1.7061541080474854,-1.3323544263839722,-1.3192427158355713,-1.5645744800567627,-1.7438247203826904,-1.9755539894104004,-2.51999568939209,-3.062105655670166,-3.4403750896453857,-3.906149387359619,-4.507126808166504,-5.240832805633545,-6.135860919952393,-7.1664042472839355,-7.200897693634033,-6.283017635345459,-6.4460062980651855,-7.421411991119385,-8.638032913208008,-9.6329345703125,-9.828176498413086,-10.161067962646484,-11.666708946228027,-13.256403923034668,-12.681252479553223,-10.012496948242188,-7.907495498657227,-5.451867580413818,-2.725506067276001,-3.985032320022583,-10.852675437927246,-15.049261093139648,-13.802680969238281,-11.863131523132324,-12.1303071975708,-11.043793678283691,-9.646312713623047,-8.127791404724121,-8.2581148147583,-9.94417953491211,-9.725146293640137
-1.6681451797485352,-1.6889399290084839,-1.5036578178405762,-1.2351677417755127,-0.9353510737419128,-0.668814480304718,-0.6034747362136841,-0.6997498869895935,-0.7438852190971375,-0.9133327007293701,-1.3727859258651733,-1.7592931985855103,-2.1009318828582764,-2.9883570671081543,-4.645031929016113,-5.956878662109375,-6.9914021492004395,-7.632656574249268,-6.696699142456055,-6.213299751281738,-6.474737644195557,-6.742061138153076,-7.332698822021484,-8.504429817199707,-9.901047706604004,-11.09954833984375,-12.167163848876953,-12.362653732299805,-9.283825874328613,-5.620516777038574,-5.656172275543213,-2.8322346210479736,-4.309423923492432,-11.676759719848633,-15.283702850341797,-13.138331413269043,-10.963661193847656,-10.091079711914062,-9.856161117553711,-9.577013969421387,-7.626346111297607,-6.681784152984619,-7.550084114074707,-7.9997477531433105
-0.1624915599822998,-0.17295138537883759,-0.25473806262016296,-0.3104983866214752,-0.3599393963813782,-0.2994610369205475,-0.1540737897157669,-0.08643913269042969,-0.09377296268939972,-0.08652209490537643,-0.21445730328559875,-0.45167815685272217,-0.6093685030937195,-1.6813677549362183,-4.482974529266357,-6.233026027679443,-6.379488945007324,-6.536503791809082,-6.247499942779541,-5.774202346801758,-5.387265682220459,-5.397494316101074,-5.4933624267578125,-7.025897026062012,-9.415382385253906,-10.410638809204102,-9.587958335876465,-8.475669860839844,-7.773786544799805,-5.236903667449951,-5.50251579284668,-3.238163709640503,-4.282197952270508,-12.527410507202148,-16.274503707885742,-12.238851547241211,-10.212017059326172,-7.765491008758545,-7.583048343658447,-8.266989707946777,-7.0430145263671875,-5.268399715423584,-5.534021377563477,-6.463723659515381
0.7540112733840942,1.2384932041168213,1.3080615997314453,1.1309831142425537,0.8520436882972717,0.613552987575531,0.5044490694999695,0.45667827129364014,0.42047935724258423,0.41357511281967163,0.46260711550712585,0.5026857256889343,0.7406616806983948,-0.05895089730620384,-3.6124110221862793,-6.588146209716797,-6.391970634460449,-5.663359642028809,-4.882765293121338,-4.783690929412842,-4.178112983703613,-4.083408832550049,-4.17896032333374,-4.921809196472168,-7.054908752441406,-8.867076873779297,-8.094128608703613,-6.495967388153076,-6.626467704772949,-6.068814277648926,-3.6896235942840576,-3.7273924350738525,-4.516926288604736,-12.937821388244629,-15.578048706054688,-10.861330032348633,-9.496345520019531,-6.466518402099609,-5.132918357849121,-5.225006103515625,-5.277047157287598,-4.354684352874756,-3.9883251190185547,-4.4070048332214355
0.8236181139945984,1.8852540254592896,2.4553494453430176,2.463685989379883,2.21264910697937,1.956783652305603,1.7704869508743286,1.5529536008834839,1.225082516670227,0.9360594153404236,0.848547637462616,1.0159733295440674,1.4633607864379883,0.8341982364654541,-2.282275438308716,-5.249554634094238,-7.069813251495361,-6.411667346954346,-4.33903169631958,-2.0563321113586426,-2.1619677543640137,-1.8253992795944214,-1.8218544721603394,-2.620100498199463,-3.991588592529297,-5.213672637939453,-5.605014324188232,-6.0178327560424805,-7.540079593658447,-7.33608341217041,-1.592543363571167,-3.582491636276245,-4.154095649719238,-11.889361381530762,-14.411467552185059,-10.234490394592285,-8.802891731262207,-5.478189945220947,-3.630269765853882,-3.4313549995422363,-3.186323404312134,-2.2477667331695557,-1.3344018459320068,-1.4573224782943726
0.41543135046958923,1.7544761896133423,2.8009591102600098,3.2438838481903076,3.199929714202881,3.0621330738067627,2.9861128330230713,2.918740749359131,2.597874641418457,1.8984472751617432,1.2505357265472412,1.0212339162826538,0.6762600541114807,-0.0035364809446036816,-2.4671154022216797,-4.83254861831665,-8.071048736572266,-4.570340633392334,-1.6943880319595337,1.1507540941238403,0.4084065854549408,0.45823797583580017,0.20108529925346375,-0.44361940026283264,-1.534899115562439,-3.308394193649292,-5.358259201049805,-6.411238193511963,-7.319077014923096,-9.493928909301758,0.11531594395637512,-2.932286500930786,-2.209934711456299,-9.509703636169434,-13.761374473571777,-10.76994514465332,-9.680068969726562,-4.448548793792725,-1.839482307434082,-1.7012605667114258,-1.7829718589782715,-0.1858598291873932,0.528191864490509,-1.4720851182937622
