data/wind_data/wind_55_9.json
{"header": {"parameterUnit": "KT", "parameterCategory": 2, "nx": 256, "ny": 198, "lo1": 44.73521041870117, "la1": -3.236724853515625, "lo2": 111.26478576660156, "la2": 43.468475341796875, "dx": 0.2609002888202667, "dy": -0.23708222806453705, "refTime": "2025-02-21 07:00:00", "forecastTime": 0, "parameterNumber": 2, "parameterNumberName": "eastward_wind"}, "data":
[rows 0 to 19 of 198, columns 43 to 85 of 256]
20.593093872070312,20.456228256225586,20.642873764038086,20.75343894958496,20.779781341552734,20.42996597290039,19.907455444335938,19.980363845825195,20.43549156188965,21.169538497924805,21.90486717224121,22.02659797668457,21.997949600219727,22.146272659301758,22.38628387451172,22.76764678955078,23.122005462646484,23.361988067626953,23.608837127685547,23.892715454101562,24.152164459228516,24.380584716796875,24.56276512145996,24.704524993896484,25.056659698486328,25.592365264892578,26.187448501586914,26.833972930908203,27.476531982421875,28.058439254760742,28.358829498291016,28.542600631713867,28.786787033081055,29.09678840637207,29.550079345703125,30.069190979003906,30.730350494384766,31.039281845092773,30.67160987854004,30.31545639038086,30.138277053833008,29.944408416748047,29.696483612060547
22.270084381103516,21.58388900756836,21.274517059326172,21.537315368652344,21.320964813232422,20.200490951538086,19.554054260253906,19.91847801208496,20.585208892822266,21.441198348999023,21.973051071166992,22.0173282623291,22.35647964477539,22.866804122924805,23.49135398864746,24.457292556762695,25.27817153930664,25.59510040283203,25.589523315429688,25.646533966064453,25.63479232788086,25.640077590942383,25.780019760131836,25.737150192260742,25.854873657226562,26.420185089111328,27.002450942993164,27.530187606811523,28.382478713989258,29.40736961364746,29.93903923034668,29.881820678710938,29.722177505493164,29.90909767150879,30.46465492248535,30.911806106567383,31.19124984741211,31.384347915649414,31.25215721130371,30.971126556396484,30.876148223876953,30.972454071044922,30.792272567749023
23.093795776367188,22.546260833740234,22.107561111450195,22.102861404418945,21.876630783081055,21.380889892578125,21.126502990722656,21.17462730407715,21.62969398498535,22.44152069091797,22.917505264282227,23.00496482849121,23.206104278564453,23.682926177978516,24.602035522460938,25.724388122558594,26.546810150146484,26.85431480407715,26.675880432128906,26.40749740600586,26.285470962524414,26.326051712036133,26.459733963012695,26.475208282470703,26.69429588317871,27.411104202270508,28.253719329833984,29.067434310913086,29.98201560974121,30.711091995239258,31.02985191345215,31.136829376220703,31.30816078186035,31.697158813476562,32.27392578125,32.6831169128418,32.639244079589844,32.359500885009766,32.033058166503906,31.74135398864746,31.647705078125,31.876873016357422,32.087154388427734
24.278223037719727,24.127498626708984,23.895992279052734,23.886167526245117,23.878576278686523,24.17083740234375,24.743785858154297,25.18608283996582,25.76289939880371,26.4783992767334,26.87423324584961,26.988475799560547,27.207605361938477,27.752653121948242,28.73569107055664,29.965579986572266,31.016572952270508,31.379335403442383,30.898250579833984,29.993505477905273,29.221221923828125,28.51150131225586,27.795312881469727,27.22411346435547,27.102354049682617,27.64515495300293,28.57308006286621,29.623947143554688,30.739479064941406,31.525972366333008,31.750282287597656,31.824203491210938,32.160030364990234,32.77361297607422,33.414764404296875,33.770362854003906,33.7617073059082,33.54787826538086,33.12496566772461,32.56882095336914,32.305789947509766,32.626399993896484,33.08332061767578
28.23101234436035,29.31238555908203,30.409038543701172,31.744979858398438,33.0401611328125,34.08980941772461,34.99134063720703,35.612266540527344,35.96588897705078,36.075626373291016,35.92681121826172,35.58414077758789,35.525917053222656,36.12949752807617,37.47746658325195,39.447837829589844,41.222896575927734,41.965816497802734,41.451560974121094,40.04290008544922,37.70878601074219,34.53470993041992,31.29580307006836,28.68369483947754,27.10788345336914,26.68247413635254,26.75623893737793,26.87738037109375,27.040498733520508,27.71072769165039,28.976436614990234,29.849929809570312,29.551271438598633,28.36944580078125,27.129440307617188,27.073087692260742,28.874406814575195,31.166574478149414,32.14387512207031,32.17745590209961,32.589595794677734,33.368534088134766,33.91203308105469
30.207313537597656,31.221384048461914,32.12527084350586,33.01058578491211,33.70351791381836,34.08397674560547,34.49673843383789,34.94367218017578,35.158416748046875,35.07892990112305,34.796730041503906,34.35063552856445,34.03301239013672,34.385276794433594,35.67707443237305,37.49543380737305,38.6595344543457,38.43021011352539,37.21062469482422,35.9861946105957,35.00506591796875,34.076053619384766,32.84795379638672,30.922231674194336,28.973546981811523,28.14423370361328,27.7081356048584,26.631736755371094,25.016376495361328,24.158126831054688,25.059097290039062,27.32021141052246,29.356271743774414,29.586109161376953,27.648666381835938,25.304744720458984,24.787050247192383,25.74477767944336,26.56376838684082,27.04584503173828,28.287343978881836,30.109697341918945,32.36491775512695
31.91046714782715,32.725460052490234,33.19295120239258,33.51303482055664,33.668495178222656,33.911956787109375,34.40690612792969,35.019412994384766,35.503509521484375,35.77478790283203,35.925601959228516,35.979331970214844,35.98630905151367,36.39668655395508,37.74837112426758,39.64224624633789,40.79452133178711,39.990638732910156,38.312442779541016,36.866371154785156,35.68641662597656,34.24900817871094,32.10029602050781,29.716516494750977,28.032516479492188,27.828819274902344,27.79736328125,26.20551300048828,23.8063907623291,23.02858543395996,24.430137634277344,26.523929595947266,27.832284927368164,27.47386360168457,25.809894561767578,24.078035354614258,23.24599838256836,22.915367126464844,22.485881805419922,21.713037490844727,22.31378746032715,24.875484466552734,28.16817283630371
32.765769958496094,33.11257553100586,33.06868362426758,32.768890380859375,32.433738708496094,32.31815719604492,32.53887176513672,33.01246643066406,33.55060958862305,33.97698974609375,34.43589782714844,34.94206619262695,35.3775749206543,36.05101776123047,37.53228759765625,39.397865295410156,40.52023696899414,39.819820404052734,38.001041412353516,36.172569274902344,34.850006103515625,33.35075759887695,31.447509765625,29.92008399963379,29.1865234375,29.265377044677734,28.98293685913086,26.645713806152344,23.255170822143555,21.8929386138916,23.39956283569336,25.582908630371094,26.394861221313477,25.85854148864746,24.791715621948242,23.833118438720703,23.10579490661621,22.309696197509766,21.09911346435547,19.318330764770508,18.836341857910156,20.970243453979492,23.4752197265625
32.299503326416016,32.314720153808594,31.977163314819336,31.386493682861328,30.705141067504883,30.223876953125,30.238252639770508,30.684192657470703,31.540084838867188,32.67605209350586,33.80210494995117,34.56671905517578,35.05018615722656,35.745662689208984,37.189361572265625,39.0698127746582,39.989112854003906,39.3675422668457,37.50241470336914,35.3619270324707,33.706600189208984,32.35858917236328,30.819835662841797,29.571901321411133,29.244239807128906,29.4025821685791,28.968242645263672,26.45342254638672,23.003755569458008,21.295589447021484,22.335058212280273,24.325014114379883,25.178264617919922,24.913978576660156,24.285385131835938,23.626243591308594,22.960176467895508,22.07712745666504,20.415557861328125,18.349185943603516,18.08814239501953,19.393787384033203,20.587316513061523
31.367841720581055,31.116945266723633,30.59705924987793,29.857288360595703,28.995370864868164,28.37407875061035,28.45277976989746,29.166452407836914,30.49687957763672,32.12526321411133,33.33992004394531,33.771488189697266,33.92892074584961,34.61538314819336,35.84778594970703,37.60572814941406,38.546348571777344,38.109737396240234,36.526885986328125,34.504180908203125,32.69132995605469,31.240177154541016,29.97926139831543,29.06351661682129,29.00065803527832,29.515443801879883,29.054855346679688,26.334123611450195,22.83077621459961,20.945833206176758,21.445697784423828,22.928653717041016,23.85427474975586,23.787113189697266,23.204608917236328,22.57859992980957,22.25326156616211,21.31200408935547,18.884441375732422,16.3040771484375,17.108509063720703,19.017305374145508,19.93998908996582
30.38530921936035,29.940078735351562,29.31195068359375,28.629016876220703,27.868730545043945,27.310131072998047,27.58898162841797,28.678030014038086,30.214706420898438,31.753122329711914,32.63871383666992,32.62082290649414,32.438480377197266,33.06409454345703,34.26930618286133,35.7308464050293,36.687259674072266,36.60126876831055,35.578731536865234,34.12509536743164,32.510738372802734,30.873340606689453,29.43622589111328,28.73918914794922,29.153593063354492,30.015972137451172,29.377830505371094,26.501937866210938,23.12163734436035,21.439355850219727,21.734180450439453,22.37556266784668,22.620798110961914,22.55112648010254,22.0437068939209,21.439016342163086,21.330589294433594,20.400264739990234,17.86924934387207,15.123342514038086,15.319440841674805,17.088855743408203,18.738697052001953
29.440994262695312,28.980304718017578,28.377910614013672,27.836688995361328,27.23419761657715,26.833425521850586,27.12090492248535,28.144155502319336,29.51035499572754,30.8698673248291,31.46350860595703,31.3238468170166,31.116445541381836,31.867284774780273,32.74198532104492,33.99477005004883,34.86267852783203,35.17156982421875,34.9598503112793,34.3206672668457,33.146881103515625,31.574813842773438,29.893606185913086,29.139476776123047,29.62921905517578,30.78936004638672,30.099933624267578,27.208385467529297,23.948869705200195,22.438629150390625,22.575550079345703,22.834461212158203,22.467514038085938,21.812660217285156,22.173480987548828,21.556428909301758,21.2371768951416,20.03113555908203,17.95008087158203,15.871853828430176,14.495837211608887,15.048125267028809,16.119216918945312
28.40689468383789,28.36031150817871,28.079364776611328,27.49199104309082,26.698909759521484,26.302457809448242,26.465591430664062,27.30154800415039,28.6686954498291,29.79688835144043,29.94917869567871,29.546205520629883,29.677724838256836,30.61107063293457,31.409685134887695,32.33113098144531,33.103736877441406,33.687618255615234,34.257938385009766,34.397926330566406,33.67228698730469,32.31407928466797,30.72332191467285,29.768545150756836,30.054561614990234,31.193172454833984,30.790803909301758,28.30656623840332,25.049135208129883,23.338069915771484,23.38882064819336,23.866172790527344,23.22661781311035,22.2397403717041,22.112102508544922,22.749677658081055,22.37217140197754,20.524999618530273,18.555086135864258,16.35335922241211,15.436309814453125,14.798483848571777,14.267107963562012
27.481292724609375,28.115617752075195,28.0411376953125,27.09868812561035,25.948686599731445,25.463531494140625,25.680652618408203,26.571197509765625,27.82034683227539,28.278732299804688,27.801279067993164,27.04895782470703,27.217754364013672,28.213848114013672,29.539121627807617,31.06962013244629,31.754764556884766,31.992671966552734,32.4976692199707,33.163028717041016,33.08053970336914,32.0184326171875,30.583295822143555,29.72181510925293,29.816421508789062,30.774051666259766,31.130441665649414,29.445253372192383,26.272022247314453,24.123920440673828,24.004779815673828,24.374399185180664,24.00956153869629,22.857337951660156,22.232728958129883,23.26521873474121,23.8241024017334,21.66737174987793,19.233665466308594,17.088153839111328,15.68701457977295,14.85154914855957,13.719353675842285
26.782611846923828,27.445327758789062,27.297914505004883,26.20163917541504,25.290775299072266,25.006288528442383,25.3601131439209,25.77874755859375,26.31344985961914,26.15997886657715,25.04640769958496,24.393152236938477,24.762258529663086,25.547800064086914,27.04002571105957,28.88715362548828,29.69912338256836,30.178625106811523,30.189647674560547,30.665258407592773,31.34784698486328,31.279815673828125,30.228532791137695,29.169097900390625,29.102460861206055,30.14700698852539,31.148303985595703,30.090343475341797,27.306615829467773,25.0716609954834,24.92627716064453,25.133800506591797,24.59095573425293,23.256187438964844,22.245704650878906,22.84389305114746,24.39004898071289,23.687551498413086,20.637592315673828,17.47580909729004,15.064460754394531,14.655547142028809,13.38764762878418
26.31818962097168,26.321821212768555,26.12946319580078,25.52834129333496,24.97110366821289,24.627016067504883,24.41444969177246,24.28654670715332,24.3564510345459,24.00696563720703,23.14341926574707,22.687423706054688,22.78492546081543,23.93892478942871,25.738807678222656,27.284709930419922,28.224245071411133,28.514570236206055,28.083948135375977,28.58501434326172,29.395034790039062,29.594392776489258,29.148195266723633,28.18948745727539,28.003875732421875,29.122365951538086,30.557449340820312,30.189800262451172,28.092958450317383,26.387144088745117,26.142696380615234,26.205322265625,25.763431549072266,24.5709171295166,23.276334762573242,22.846668243408203,23.723854064941406,24.19725227355957,22.65053939819336,19.049829483032227,15.24827766418457,14.832176208496094,13.659404754638672
25.81044578552246,25.525611877441406,25.383211135864258,25.069894790649414,24.47872543334961,23.720943450927734,23.101469039916992,22.722623825073242,22.602373123168945,22.335290908813477,22.0142822265625,21.955915451049805,22.358795166015625,23.886585235595703,25.783126831054688,27.129405975341797,27.402767181396484,26.610477447509766,26.126190185546875,26.426340103149414,27.0850772857666,27.380786895751953,27.293472290039062,26.69694709777832,26.538532257080078,27.577985763549805,29.49462127685547,30.12841033935547,29.100648880004883,27.743444442749023,27.040367126464844,26.787513732910156,26.683725357055664,26.294443130493164,25.59737777709961,24.553157806396484,23.93246078491211,23.861469268798828,23.213722229003906,20.831401824951172,17.46239471435547,15.594276428222656,14.376608848571777
25.118947982788086,24.77004623413086,24.728036880493164,24.6054630279541,23.82347297668457,22.66897964477539,21.84048843383789,21.400218963623047,21.38924217224121,21.245941162109375,20.94144058227539,21.264102935791016,22.238006591796875,23.857440948486328,25.839277267456055,26.992395401000977,26.73536491394043,25.642581939697266,25.0335636138916,24.850126266479492,25.300806045532227,25.6459903717041,25.525175094604492,25.097305297851562,25.13423728942871,25.91883087158203,27.83724021911621,29.695045471191406,29.7459659576416,28.802568435668945,27.658376693725586,27.193567276000977,27.12221336364746,27.20786476135254,27.091590881347656,26.472761154174805,25.3760986328125,24.2702693939209,23.260297775268555,21.543310165405273,19.172483444213867,17.15840721130371,16.19704246520996
24.304128646850586,23.81838607788086,23.5472412109375,23.363868713378906,22.738859176635742,22.007959365844727,21.368207931518555,20.70803451538086,20.38420295715332,20.359588623046875,20.257795333862305,20.436298370361328,21.306337356567383,23.35370635986328,25.374570846557617,26.34773063659668,26.108211517333984,25.53820037841797,25.177406311035156,24.65667724609375,24.664079666137695,24.67145347595215,24.61897850036621,24.309720993041992,24.235057830810547,24.64629554748535,26.006214141845703,28.256704330444336,29.48828887939453,29.446378707885742,28.587244033813477,27.49305534362793,26.924015045166016,27.152366638183594,27.518457412719727,27.360000610351562,26.64822006225586,25.432064056396484,24.07618522644043,22.485403060913086,20.395954132080078,18.975343704223633,18.324573516845703
23.76227378845215,22.886560440063477,22.255027770996094,21.927122116088867,21.255741119384766,21.000286102294922,21.012086868286133,20.584102630615234,19.94400978088379,19.628202438354492,19.381826400756836,19.886106491088867,20.98869514465332,22.860462188720703,24.682952880859375,25.275390625,25.346271514892578,25.206459045410156,24.919382095336914,24.713823318481445,24.64271354675293,24.91927146911621,24.86081886291504,24.06430435180664,23.475915908813477,23.52821159362793,24.4635009765625,26.282154083251953,27.999248504638672,29.074087142944336,28.91117286682129,27.629262924194336,26.856014251708984,26.749195098876953,27.046545028686523,27.18682289123535,26.83768653869629,26.129886627197266,24.97545623779297,23.495746612548828,21.78951644897461,20.74854278564453,20.527761459350586
