data/wind_data/wind_7_1.json
{"header": {"parameterUnit": "KT", "parameterCategory": 2, "nx": 256, "ny": 198, "lo1": 44.73521041870117, "la1": -3.236724853515625, "lo2": 111.26478576660156, "la2": 43.468475341796875, "dx": 0.2609002888202667, "dy": -0.23708222806453705, "refTime": "2025-02-19 07:00:00", "forecastTime": 0, "parameterNumber": 2, "parameterNumberName": "eastward_wind"}, "data":
[rows 38 to 56 of 198, columns 86 to 128 of 256]
-7.134965419769287,-6.987709045410156,-6.951748847961426,-6.836515426635742,-6.542400360107422,-6.079183101654053,-5.748499393463135,-5.6751227378845215,-5.748757839202881,-5.7120771408081055,-5.342907905578613,-4.964447021484375,-4.809011936187744,-4.87231969833374,-4.846338748931885,-4.867870807647705,-4.712320327758789,-4.524847984313965,-4.334131240844727,-4.498167514801025,-4.785734176635742,-5.274454593658447,-5.622633457183838,-5.694744110107422,-5.624196529388428,-5.539517402648926,-5.799627304077148,-6.56472635269165,-7.548995018005371,-8.821633338928223,-9.791327476501465,-10.107040405273438,-10.072921752929688,-10.479467391967773,-11.524895668029785,-11.917587280273438,-11.16629409790039,-9.696017265319824,-8.414202690124512,-7.556394577026367,-7.3089728355407715,-6.665901184082031,-5.627089500427246
-6.938426494598389,-6.85995626449585,-6.757718086242676,-6.575610637664795,-6.20453405380249,-5.839365482330322,-5.477822303771973,-5.265939235687256,-5.360667705535889,-5.440542697906494,-5.1355881690979,-4.771236896514893,-4.709557056427002,-4.627197265625,-4.58837366104126,-4.552271842956543,-4.471762657165527,-4.2921624183654785,-4.165164947509766,-4.080212593078613,-4.251229286193848,-4.5138773918151855,-4.714191913604736,-4.931763648986816,-4.903585910797119,-4.58650016784668,-4.423214912414551,-4.587618827819824,-4.732825756072998,-5.005189895629883,-5.58530855178833,-6.337320804595947,-7.190237522125244,-8.18295955657959,-9.590448379516602,-10.667838096618652,-10.667160987854004,-9.749441146850586,-8.519914627075195,-7.609994411468506,-7.23310661315918,-6.9063496589660645,-6.071144104003906
-6.610621929168701,-6.479060649871826,-6.186994552612305,-6.095615863800049,-5.941506862640381,-5.804386615753174,-5.337128639221191,-4.769710540771484,-4.599868297576904,-4.66719913482666,-4.55693244934082,-4.335391521453857,-4.1585164070129395,-4.0817484855651855,-4.147073268890381,-4.214942455291748,-4.1598405838012695,-3.972045660018921,-3.749037981033325,-3.5304408073425293,-3.537280559539795,-3.691892147064209,-3.8262269496917725,-3.8264100551605225,-3.961527109146118,-4.113354206085205,-4.275783061981201,-3.8354005813598633,-3.022273302078247,-1.8739656209945679,-1.0887140035629272,-1.3315263986587524,-2.7017335891723633,-3.7842423915863037,-4.652426242828369,-6.6381754875183105,-8.654425621032715,-9.104867935180664,-8.368152618408203,-8.072949409484863,-7.419272422790527,-7.161935329437256,-6.675281524658203
-6.133932113647461,-5.965199947357178,-5.669229507446289,-5.588842391967773,-5.487964153289795,-5.2433061599731445,-4.636946201324463,-3.9150326251983643,-3.7290706634521484,-3.87172794342041,-3.9630496501922607,-3.7406692504882812,-3.5472970008850098,-3.551433563232422,-3.662808895111084,-3.79303240776062,-3.620589017868042,-3.4135196208953857,-2.997445583343506,-2.6393799781799316,-2.38366961479187,-2.7235732078552246,-2.9903876781463623,-3.1728713512420654,-3.592437267303467,-3.93619966506958,-3.965651750564575,-3.345586061477661,-2.293002128601074,-1.0110851526260376,-0.004448468331247568,0.4313308000564575,0.20129689574241638,-0.2049848884344101,-0.45815789699554443,-1.4465781450271606,-4.206178665161133,-6.929919719696045,-7.9367828369140625,-9.221847534179688,-8.258008003234863,-7.697375297546387,-7.54585075378418
-5.437341213226318,-5.604686260223389,-5.297348499298096,-5.280447006225586,-5.131069183349609,-4.72572660446167,-4.0768818855285645,-3.4643754959106445,-3.1981027126312256,-3.1106245517730713,-3.0713887214660645,-2.658315896987915,-2.7681312561035156,-2.409482955932617,-2.8102753162384033,-2.9040212631225586,-2.8285770416259766,-2.6796228885650635,-2.219057083129883,-1.8651736974716187,-1.5009441375732422,-1.728817105293274,-1.905093789100647,-2.4334969520568848,-2.769437313079834,-3.1213159561157227,-2.872326135635376,-2.3450684547424316,-1.51124906539917,-0.8358252048492432,0.050747521221637726,0.6937016248703003,0.8859457969665527,0.749835193157196,0.5026819109916687,0.7615911960601807,-0.7476237416267395,-3.6471245288848877,-6.319086074829102,-10.395793914794922,-10.148374557495117,-8.973260879516602,-7.670989990234375
-4.925496578216553,-5.847619533538818,-5.058953762054443,-5.28868293762207,-4.916284084320068,-4.488811492919922,-3.8103480339050293,-3.1827447414398193,-2.9230544567108154,-2.7596921920776367,-2.4476819038391113,-1.2948094606399536,-2.2217695713043213,-0.8070955872535706,-1.5990427732467651,-1.529665470123291,-1.60750412940979,-1.54627525806427,-1.214312195777893,-0.9642413854598999,-0.6462851166725159,-0.6518306136131287,-0.7083775401115417,-1.1554985046386719,-1.3151631355285645,-1.6843138933181763,-1.254570722579956,-0.7044484615325928,-0.09009996056556702,0.18413317203521729,0.389261931180954,0.4912714660167694,0.47367557883262634,0.06269831955432892,0.23819419741630554,-0.22258013486862183,-0.46195337176322937,-0.24191471934318542,-1.905890703201294,-10.567612648010254,-12.144021034240723,-12.120870590209961,-7.68972110748291
-5.020186901092529,-5.208835124969482,-4.796769142150879,-5.077042579650879,-4.791073799133301,-4.595701217651367,-3.8020691871643066,-2.877490997314453,-2.678102731704712,-2.6410741806030273,-2.1717443466186523,-0.9540945887565613,-1.3489080667495728,-0.5278360843658447,-0.5147573351860046,-0.5742430686950684,-1.000496506690979,-1.1653693914413452,-1.0885955095291138,-0.6375907063484192,-0.44887131452560425,-0.3261913061141968,-0.23726610839366913,-0.5898695588111877,-0.5241825580596924,-0.6491485834121704,-0.026590067893266678,0.5601641535758972,0.79814213514328,0.9967832565307617,0.8893254399299622,0.9169914126396179,0.26929187774658203,0.023195691406726837,-1.6810945272445679,-1.8535207509994507,-0.2990672290325165,2.798227071762085,4.841351509094238,-10.907835006713867,-8.061929702758789,-12.94967269897461,-9.569557189941406
-4.991589546203613,-4.391934394836426,-4.277439594268799,-4.232322692871094,-4.396579742431641,-4.645740985870361,-3.9487781524658203,-2.9132354259490967,-2.9032788276672363,-2.5454185009002686,-1.9816471338272095,-1.4916815757751465,0.021127063781023026,-1.2149231433868408,-0.2841830849647522,-0.35575243830680847,-0.05508745089173317,-0.22777493298053741,-0.40277940034866333,-0.14634692668914795,-0.09314083307981491,0.27636662125587463,0.26573777198791504,-0.0975949689745903,-0.5527195930480957,-0.3820447623729706,0.20603907108306885,0.7895441055297852,1.051939845085144,1.1377079486846924,0.970066249370575,0.8928642868995667,0.3177216947078705,-0.8411691784858704,-4.332850933074951,-1.0962071418762207,1.5920250415802002,7.214337348937988,-11.625370979309082,-5.780137062072754,-9.274565696716309,-6.610955715179443,-12.828173637390137
-4.747811317443848,-4.534223556518555,-5.189067840576172,-5.272583484649658,-5.151122570037842,-4.711536884307861,-4.579580307006836,-3.2082676887512207,-2.650502920150757,-2.3832502365112305,-2.520277500152588,-0.47766321897506714,-2.2304482460021973,-0.20618057250976562,-1.3365195989608765,-0.7106420993804932,0.1317628175020218,0.22102685272693634,0.2399900257587433,0.45804059505462646,0.7892305850982666,0.9929824471473694,0.7767012119293213,0.3183799684047699,-0.10112489014863968,0.08623056858778,0.5687296986579895,0.7784652709960938,0.7429159879684448,0.7515438795089722,0.8737351298332214,0.6527963876724243,0.8259860873222351,-3.3303825855255127,-4.008353233337402,0.3100912868976593,5.503467082977295,-3.0164151191711426,-8.158734321594238,-8.750267028808594,-6.721078872680664,-6.336995601654053,-11.791074752807617
-4.710460662841797,-5.025250434875488,-5.506619930267334,-5.851128578186035,-5.1908698081970215,-4.357808589935303,-4.741868495941162,-4.699161529541016,-2.119396448135376,-2.761303186416626,-2.6452131271362305,-1.1493182182312012,-1.963905930519104,-1.8263294696807861,-1.1393331289291382,-0.6788586378097534,-0.33813613653182983,-0.1839926540851593,-0.09818104654550552,0.564189612865448,0.9570287466049194,0.964111864566803,0.41204264760017395,0.1826462298631668,-0.0356244221329689,0.28672823309898376,0.54837566614151,0.4137917160987854,0.2817654013633728,0.0013538143830373883,0.08322596549987793,0.23292630910873413,0.2579554319381714,-4.125019073486328,-3.862764358520508,0.9725772738456726,7.150705337524414,-5.907944679260254,-8.339033126831055,-10.693596839904785,-5.921864986419678,-5.224464416503906,-8.054909706115723
-4.221025466918945,-4.246096134185791,-4.445137977600098,-4.382410526275635,-3.88083815574646,-3.768052577972412,-3.8611788749694824,-3.8919155597686768,-3.2399532794952393,-2.2709133625030518,-1.038642406463623,-2.87487530708313,-1.9403070211410522,-2.138399124145508,-1.022744059562683,-1.3494020700454712,-1.3928337097167969,-0.38694384694099426,-0.5096350312232971,0.38017144799232483,-0.011858624406158924,0.27970999479293823,-0.038974713534116745,-0.08072563260793686,-0.36812347173690796,0.10745427012443542,0.14264117181301117,-0.27015945315361023,-0.8675716519355774,-1.3981437683105469,-1.194591999053955,-0.7123828530311584,-0.8655359148979187,-4.946289539337158,-1.8930509090423584,5.432172775268555,4.261716842651367,4.36866569519043,-5.0525360107421875,-11.496975898742676,-6.900203704833984,-4.333800315856934,-5.876743316650391
-3.844302177429199,-3.8893966674804688,-3.488269090652466,-3.645752429962158,-2.286670684814453,-2.434871196746826,-2.8906922340393066,-3.0357441902160645,-2.1723921298980713,-1.9655908346176147,-3.0923993587493896,-0.7741734385490417,-1.4541937112808228,-2.0002005100250244,-1.5529427528381348,-1.426966667175293,-1.176207184791565,-0.8293167352676392,-0.14785295724868774,0.19242429733276367,-0.2006862908601761,-0.3141326606273651,0.04233608394861221,-0.19016622006893158,-0.27719202637672424,-0.4269321858882904,-0.5887845158576965,-1.2584697008132935,-2.2021536827087402,-2.645220994949341,-2.4281654357910156,-2.0978002548217773,-4.074420928955078,-4.340914726257324,-0.8547096252441406,8.714645385742188,3.5871145725250244,5.69816780090332,-6.216723918914795,-8.991020202636719,-6.813316822052002,-4.624418258666992,-5.1988019943237305
-3.38944411277771,-3.159677743911743,-1.7465081214904785,-2.460675001144409,-1.8234091997146606,-2.4560627937316895,-1.8447349071502686,-1.8879482746124268,-1.226760745048523,-2.0450401306152344,-1.1750963926315308,-1.867978811264038,-1.528594732284546,-1.2859081029891968,-1.227148413658142,-0.2491360306739807,-0.6962535381317139,-0.5902564525604248,0.5441995859146118,0.08965152502059937,-0.45232048630714417,-0.10158342123031616,0.39361339807510376,0.464236319065094,-0.14548097550868988,-0.27359235286712646,-0.857239305973053,-1.30976402759552,-1.8766734600067139,-2.0785269737243652,-2.3835699558258057,-4.43624210357666,-4.100282669067383,-2.757946014404297,-0.04488390311598778,11.192083358764648,0.9379896521568298,6.888240814208984,-6.623695373535156,-11.359113693237305,-5.492748737335205,-5.994019985198975,-4.902350902557373
-1.395712971687317,-1.6060606241226196,-1.2961667776107788,-1.272626519203186,-1.578153133392334,-1.7916609048843384,-1.7866029739379883,-1.2977584600448608,-1.4367098808288574,-1.1010375022888184,-0.9813917279243469,-0.9813866019248962,-1.116790533065796,-1.1586805582046509,-0.7655555009841919,-0.5296236276626587,0.3780907988548279,1.1327345371246338,0.5655003786087036,-0.26295918226242065,0.28173938393592834,0.8077276349067688,1.1965482234954834,1.0834341049194336,1.0355005264282227,-0.1570577472448349,-0.21004897356033325,-0.8280516862869263,-0.9823535084724426,-1.031040906906128,-2.081973075866699,-5.5805535316467285,-4.069729328155518,-0.9304403066635132,1.5731842517852783,11.089396476745605,1.2407214641571045,6.241403579711914,-6.763299942016602,-10.373786926269531,-6.556247711181641,-5.408817291259766,-5.895839691162109
-2.0458996295928955,-2.16766095161438,-1.1645610332489014,-1.1621891260147095,-1.6706793308258057,-1.8315831422805786,-1.5261117219924927,-1.4539672136306763,-1.1202738285064697,-0.6559261083602905,-0.6592862606048584,-0.7282837629318237,-0.8038081526756287,-0.7935606241226196,-0.634842038154602,-0.30556976795196533,0.24621762335300446,0.9483555555343628,0.4473395347595215,0.5736365914344788,0.7686145901679993,0.7057843804359436,1.3730518817901611,1.2743206024169922,1.4302886724472046,0.38820385932922363,0.10283556580543518,-0.3417809307575226,-0.7795712351799011,-0.8428178429603577,-2.143104314804077,-5.771988868713379,-3.600001335144043,1.1320624351501465,6.728717803955078,0.9568636417388916,1.2130229473114014,-1.0726546049118042,-11.879921913146973,-6.1067962646484375,-7.561773777008057,-5.091440200805664,-6.344765663146973
-2.285412311553955,-2.3278634548187256,-1.651617169380188,-1.900577425956726,-1.984890341758728,-1.8658621311187744,-1.5206923484802246,-1.3566595315933228,-1.112066626548767,-0.809700071811676,-0.7057703137397766,-0.5836740732192993,-0.5298646688461304,-0.42070505023002625,-0.2663678824901581,-0.021911954507231712,0.3816569149494171,0.6554173827171326,0.820550262928009,0.7063932418823242,0.6864570379257202,0.7313917279243469,1.2109630107879639,1.2526837587356567,1.4691168069839478,0.6612712740898132,0.4156939685344696,0.07907415926456451,-0.13097427785396576,-0.6502277255058289,-2.2115426063537598,-4.775809288024902,-2.5762557983398438,2.505352735519409,6.146962642669678,-7.024296283721924,-6.0447282791137695,-11.853748321533203,-9.270872116088867,-7.39784049987793,-7.271724224090576,-5.7021050453186035,-5.927573204040527
-2.681908130645752,-2.5261757373809814,-2.4186432361602783,-2.4165704250335693,-2.351168394088745,-2.0101802349090576,-1.660346508026123,-1.2955811023712158,-1.1182831525802612,-1.0981781482696533,-1.048046350479126,-0.7168658971786499,-0.3373088240623474,-0.1329129934310913,-0.0979924127459526,0.025192806497216225,0.11113475263118744,0.383410781621933,0.43731239438056946,0.6640388369560242,0.5791609883308411,0.8529725670814514,1.1743282079696655,1.6669871807098389,1.5038197040557861,1.0228288173675537,0.5826213955879211,0.680968701839447,0.5520132780075073,-0.21231555938720703,-3.0854125022888184,-4.327370643615723,-1.52249014377594,2.193366527557373,9.438774108886719,-6.254944801330566,-7.732361793518066,-13.412029266357422,-7.22325325012207,-7.568493843078613,-5.2547526359558105,-5.229740619659424,-4.843544006347656
-3.2334372997283936,-3.059086799621582,-2.8158469200134277,-2.855018377304077,-2.7251765727996826,-2.412472724914551,-2.087341785430908,-1.7416813373565674,-1.524673342704773,-1.4475136995315552,-1.3139631748199463,-0.9473608136177063,-0.43236029148101807,-0.04273608326911926,-0.010686377063393593,-0.04090964049100876,-0.09480886161327362,0.09307330846786499,0.3254207372665405,0.622041642665863,0.7419789433479309,1.050311803817749,1.336798906326294,1.6660230159759521,1.8567270040512085,1.7468732595443726,1.0551412105560303,1.1662182807922363,1.0012038946151733,-0.2368737906217575,-3.8149960041046143,-3.039419651031494,0.31423479318618774,8.03133773803711,4.3575310707092285,6.180335521697998,-5.02280330657959,-12.181062698364258,-5.884733200073242,-4.90238618850708,-4.197943210601807,-2.72216534614563,-3.3939530849456787
-3.870237112045288,-3.7305431365966797,-3.5201220512390137,-3.4254050254821777,-3.20340633392334,-2.930579423904419,-2.768815040588379,-2.5416853427886963,-2.4291374683380127,-2.1177780628204346,-1.701050877571106,-1.2066066265106201,-0.7190521955490112,-0.2287609577178955,-0.27447906136512756,-0.220768004655838,-0.10876811295747757,0.1322285532951355,0.45194536447525024,0.7283033132553101,0.9540834426879883,1.086124300956726,1.1990143060684204,1.3924198150634766,1.7304272651672363,1.8228754997253418,1.7011454105377197,1.744310736656189,1.4902007579803467,-3.1322367191314697,-3.7391927242279053,-0.6010755896568298,1.0800204277038574,11.43471908569336,2.3460609912872314,9.36751651763916,-5.226868629455566,-10.653769493103027,-4.15816068649292,-2.853433132171631,-2.7437632083892822,-0.8400662541389465,-0.7046525478363037
