data/wind_data/wind_1_0.json
{"header": {"parameterUnit": "KT", "parameterCategory": 2, "nx": 255, "ny": 198, "lo1": 44.73521041870117, "la1": -3.236724853515625, "lo2": 111.26478576660156, "la2": 43.468475341796875, "dx": 0.26192745566368103, "dy": -0.23708222806453705, "refTime": "2025-02-19 01:00:00", "forecastTime": 0, "parameterNumber": 2, "parameterNumberName": "eastward_wind"}, "data":
[rows 19 to 37 of 198, columns 129 to 171 of 255]
-5.752653121948242,-5.41068172454834,-5.17412805557251,-5.17545747756958,-5.206114292144775,-5.304823875427246,-5.251467227935791,-5.074773788452148,-4.728519439697266,-4.430911064147949,-4.805577278137207,-5.164717197418213,-4.874004364013672,-4.4868268966674805,-4.178886413574219,-3.9940690994262695,-4.12523889541626,-4.262556552886963,-4.333927154541016,-4.253087043762207,-3.9451942443847656,-3.6076419353485107,-3.402212619781494,-3.5645813941955566,-3.423402786254883,-2.704726457595825,-2.4681971073150635,-2.3848586082458496,-1.7761164903640747,-1.5585582256317139,-2.0706160068511963,-2.3030385971069336,-1.849050521850586,-1.345557689666748,-0.6002430319786072,0.5830886363983154,0.8025738596916199,0.43100860714912415,0.9941476583480835,1.6322110891342163,1.5825799703598022,1.2919551134109497,1.3781081438064575
-5.613964080810547,-5.615528583526611,-5.3054070472717285,-5.437804698944092,-5.540469646453857,-5.392455577850342,-5.218559741973877,-5.055862903594971,-4.728350639343262,-4.4323625564575195,-4.5420660972595215,-4.64629602432251,-4.3541436195373535,-4.088718891143799,-4.010090351104736,-4.145906925201416,-4.510907173156738,-4.533813953399658,-4.39862585067749,-4.521700859069824,-4.428023338317871,-4.138176918029785,-3.7563116550445557,-3.7710483074188232,-3.9373388290405273,-3.514369249343872,-3.4575085639953613,-3.5428731441497803,-2.998868465423584,-2.75036358833313,-2.990696668624878,-2.8098816871643066,-2.2098581790924072,-1.9944262504577637,-1.4697468280792236,-0.25236350297927856,0.10373924672603607,-0.17591792345046997,0.2933347821235657,1.028039813041687,1.2792638540267944,1.153765082359314,1.1266319751739502
-5.014622688293457,-5.094333648681641,-4.942960739135742,-5.180902481079102,-5.512950420379639,-5.563453674316406,-5.3585028648376465,-4.811143398284912,-4.396631240844727,-4.471169948577881,-4.689648628234863,-4.647202014923096,-4.407257080078125,-4.26340913772583,-4.3452534675598145,-4.622435569763184,-4.974811553955078,-5.211793422698975,-5.05103063583374,-4.211458206176758,-3.939013719558716,-4.514344692230225,-4.783448696136475,-4.953385353088379,-4.81898832321167,-4.492857456207275,-4.701746463775635,-4.605403900146484,-3.816227912902832,-3.4808692932128906,-3.578824520111084,-3.5693137645721436,-3.358214855194092,-2.723586082458496,-1.763411521911621,-0.9713495969772339,-0.7778139114379883,-0.6284263134002686,-0.23061791062355042,0.2690196633338928,0.5441020727157593,0.5675302743911743,0.7556403279304504
-4.778531551361084,-4.628493785858154,-4.769927501678467,-5.136893272399902,-5.312935829162598,-5.388116359710693,-5.372827529907227,-5.04471492767334,-4.75576114654541,-4.957282543182373,-5.216299533843994,-5.080221652984619,-4.816354751586914,-4.742285251617432,-5.080068588256836,-5.542140483856201,-5.603063583374023,-5.3194661140441895,-4.89955472946167,-4.327621936798096,-4.459105014801025,-5.346621036529541,-5.6844401359558105,-5.604564189910889,-5.464188098907471,-5.293267250061035,-5.443919658660889,-5.3417277336120605,-4.68903923034668,-4.129985809326172,-4.0030694007873535,-4.101241111755371,-3.9382050037384033,-3.3948416709899902,-2.7051069736480713,-2.0811965465545654,-1.4589684009552002,-0.5231670141220093,-0.31387561559677124,-0.31344541907310486,-0.4468291699886322,-0.5332746505737305,0.2532923221588135
-5.233794212341309,-5.0315446853637695,-5.152407169342041,-5.483968734741211,-5.72672700881958,-5.923446178436279,-5.9314703941345215,-5.682002067565918,-5.46063756942749,-5.561427593231201,-5.753542423248291,-5.620212078094482,-5.39934778213501,-5.421106815338135,-5.799544811248779,-6.200361728668213,-6.21516752243042,-5.783263683319092,-5.148591041564941,-4.737110137939453,-4.9142913818359375,-5.589601993560791,-6.08314323425293,-6.2211103439331055,-6.056884288787842,-5.695772171020508,-5.758068084716797,-5.942936420440674,-5.5840067863464355,-5.014822483062744,-4.542321681976318,-4.335941314697266,-4.390954494476318,-4.2282609939575195,-3.605123519897461,-3.000101327896118,-2.251056671142578,-1.215358853340149,-1.0305496454238892,-1.0020902156829834,-1.1746618747711182,-1.0362740755081177,-0.5844941735267639
-6.169681549072266,-5.9212799072265625,-6.19362211227417,-6.491291522979736,-6.7231125831604,-6.7820844650268555,-6.615132808685303,-6.349869728088379,-6.029912948608398,-6.112734794616699,-6.43626594543457,-6.3055949211120605,-5.871170997619629,-5.690059185028076,-6.016525745391846,-6.5135369300842285,-6.746210098266602,-6.5582170486450195,-5.903257846832275,-5.188604354858398,-5.044227123260498,-5.727511405944824,-6.481529235839844,-6.660135746002197,-6.314464092254639,-5.931565284729004,-5.8375163078308105,-6.044724464416504,-6.314052581787109,-5.932852268218994,-5.226098537445068,-4.918941020965576,-5.017369747161865,-5.006990432739258,-4.485803127288818,-3.477238893508911,-2.5726635456085205,-2.276780843734741,-2.155444622039795,-1.999404788017273,-1.8279087543487549,-2.0094447135925293,-2.80761456489563
-7.231722354888916,-7.227039337158203,-7.450348377227783,-7.549842357635498,-7.555492401123047,-7.575246810913086,-7.628407955169678,-7.382044792175293,-6.834579944610596,-6.504022598266602,-6.529713153839111,-6.426822185516357,-6.049824237823486,-5.881779193878174,-6.30095911026001,-6.857868194580078,-7.012903690338135,-6.946156024932861,-6.517493724822998,-6.050270080566406,-5.902288436889648,-6.2000250816345215,-6.728446006774902,-6.824213027954102,-6.419792652130127,-5.9815287590026855,-5.916983127593994,-6.352975845336914,-6.961074352264404,-6.610487461090088,-6.014103412628174,-6.037181377410889,-5.874735355377197,-5.262487411499023,-4.6160054206848145,-3.93554949760437,-3.2726848125457764,-3.004112720489502,-3.0673398971557617,-3.202874183654785,-3.1565284729003906,-3.5628905296325684,-4.215724468231201
-8.31375789642334,-8.44975471496582,-8.175662994384766,-8.165831565856934,-8.280381202697754,-8.379273414611816,-8.511818885803223,-8.2877779006958,-7.753092288970947,-7.183549880981445,-6.74733829498291,-6.429523468017578,-6.149731159210205,-6.195581436157227,-6.658010005950928,-7.0339579582214355,-7.177631855010986,-7.192846775054932,-6.906673908233643,-6.9369354248046875,-7.060770511627197,-7.104563236236572,-7.087900638580322,-6.701873779296875,-6.263267517089844,-6.051257610321045,-6.185909748077393,-6.488330841064453,-7.108822345733643,-7.502264499664307,-7.26140832901001,-6.833794116973877,-6.313894748687744,-5.531031608581543,-4.909683704376221,-4.440676689147949,-3.913097858428955,-3.3888533115386963,-3.4783527851104736,-4.137099266052246,-4.335290908813477,-4.537069320678711,-4.781283855438232
-8.996479988098145,-8.87647533416748,-8.73777961730957,-8.751482963562012,-8.601805686950684,-8.826590538024902,-8.93616771697998,-8.519525527954102,-8.007157325744629,-7.714837074279785,-7.468796253204346,-7.1390604972839355,-6.7765936851501465,-6.6746416091918945,-7.047265529632568,-7.187270641326904,-7.007411956787109,-7.154555320739746,-7.320178985595703,-7.311479568481445,-7.520016670227051,-7.5273003578186035,-6.94188928604126,-6.345236301422119,-6.080234527587891,-6.057001113891602,-6.324825763702393,-6.592329502105713,-7.397297382354736,-8.300942420959473,-8.049257278442383,-7.4272871017456055,-6.521535873413086,-5.421442031860352,-5.0190653800964355,-4.768445014953613,-4.434756755828857,-4.081392765045166,-3.9843528270721436,-4.293636322021484,-4.582775115966797,-5.162789344787598,-5.349188804626465
-9.29081916809082,-9.266700744628906,-8.929088592529297,-9.342226028442383,-9.29582405090332,-9.190221786499023,-8.955377578735352,-8.184304237365723,-7.349520206451416,-6.948975563049316,-7.230881690979004,-7.685766220092773,-7.486084938049316,-7.202159404754639,-7.565618991851807,-7.563314437866211,-7.180978298187256,-7.242682456970215,-7.285254001617432,-7.231947422027588,-7.454385757446289,-7.273330211639404,-6.48563289642334,-5.757390022277832,-5.475508689880371,-5.883902072906494,-7.0986504554748535,-8.045451164245605,-8.500855445861816,-8.599655151367188,-7.992103576660156,-7.444986820220947,-6.465595245361328,-5.262847423553467,-5.080189228057861,-5.098608016967773,-4.972097396850586,-4.78584623336792,-4.528756141662598,-4.378355979919434,-4.503157138824463,-5.282034397125244,-5.662598133087158
-8.956988334655762,-8.91563606262207,-8.733593940734863,-9.386089324951172,-9.75344467163086,-9.677523612976074,-9.152592658996582,-8.353609085083008,-7.602964401245117,-7.018080234527588,-7.026905536651611,-7.524649620056152,-7.838490962982178,-8.152544021606445,-8.585399627685547,-8.393352508544922,-7.67128849029541,-7.360069751739502,-7.343649864196777,-7.490156650543213,-7.638747692108154,-7.495543956756592,-7.037492752075195,-6.178686618804932,-5.640812397003174,-6.27754020690918,-7.831272125244141,-8.796353340148926,-8.786569595336914,-8.442585945129395,-7.789920806884766,-7.337942600250244,-6.589995384216309,-5.598006248474121,-5.347159385681152,-5.453435897827148,-5.20822286605835,-4.991308689117432,-4.884893894195557,-4.490363121032715,-4.455872535705566,-5.363656044006348,-5.723178863525391
-8.525588035583496,-8.660021781921387,-8.911116600036621,-9.539654731750488,-10.10504150390625,-9.992790222167969,-9.622936248779297,-8.920698165893555,-8.186376571655273,-7.6862473487854,-7.419449329376221,-7.765571594238281,-8.535246849060059,-9.226951599121094,-9.3057861328125,-8.906920433044434,-8.32319450378418,-7.777450084686279,-7.750973224639893,-8.203627586364746,-8.233470916748047,-7.971811771392822,-7.959825038909912,-7.683110237121582,-7.314540386199951,-7.637816429138184,-8.300156593322754,-8.40998363494873,-8.227346420288086,-8.135781288146973,-7.827027320861816,-7.345712184906006,-6.753838062286377,-6.0729522705078125,-5.689302921295166,-5.855030059814453,-5.545945644378662,-5.185698986053467,-5.214043140411377,-4.885647773742676,-4.687629699707031,-5.229923725128174,-5.58527946472168
-8.113343238830566,-8.90921401977539,-9.588029861450195,-9.96324348449707,-10.557242393493652,-10.831193923950195,-10.605299949645996,-9.89185619354248,-9.14029598236084,-8.657275199890137,-8.414774894714355,-8.565862655639648,-9.072178840637207,-9.577908515930176,-9.539978981018066,-9.1693696975708,-8.98705768585205,-8.652815818786621,-8.307598114013672,-8.663827896118164,-8.64995002746582,-8.289139747619629,-8.674187660217285,-9.017317771911621,-8.902311325073242,-8.914776802062988,-8.82343864440918,-8.091323852539062,-7.555388450622559,-7.650828838348389,-7.496007919311523,-7.057328701019287,-6.656534671783447,-6.248901844024658,-5.825440883636475,-5.976666450500488,-6.034786224365234,-5.731734275817871,-5.49755859375,-5.1483612060546875,-4.919811725616455,-5.084723949432373,-5.386754035949707
-7.260461807250977,-8.469810485839844,-9.918041229248047,-11.08688735961914,-11.719944953918457,-11.990931510925293,-11.677987098693848,-10.949728965759277,-9.978205680847168,-9.235725402832031,-8.93649673461914,-8.954261779785156,-9.173022270202637,-9.628284454345703,-9.894180297851562,-9.72765827178955,-9.610905647277832,-9.43764877319336,-8.840816497802734,-8.584619522094727,-8.573179244995117,-8.3490629196167,-8.704745292663574,-9.541202545166016,-9.786336898803711,-9.422399520874023,-8.862458229064941,-7.960099697113037,-7.431318759918213,-7.325265407562256,-6.891471862792969,-6.423459053039551,-6.296883583068848,-6.199761390686035,-5.848382472991943,-6.0025553703308105,-6.401503086090088,-6.219479560852051,-5.825033664703369,-5.478893756866455,-5.202996730804443,-5.175694465637207,-5.246140003204346
-5.780022621154785,-7.133306980133057,-9.578235626220703,-11.570260047912598,-12.361835479736328,-12.492508888244629,-11.9325532913208,-11.35033893585205,-10.715655326843262,-9.635910987854004,-8.467103004455566,-7.77536678314209,-8.40634822845459,-9.666340827941895,-10.497505187988281,-10.377197265625,-9.945711135864258,-9.57382869720459,-9.138511657714844,-8.712109565734863,-8.471417427062988,-8.252983093261719,-8.56666374206543,-9.540105819702148,-9.794225692749023,-9.15787410736084,-8.46088981628418,-7.8840532302856445,-7.510699272155762,-7.012274265289307,-6.5306525230407715,-6.199053764343262,-6.085999011993408,-6.216091632843018,-6.014253616333008,-5.934463977813721,-6.228318214416504,-6.353257656097412,-6.2506890296936035,-6.001472473144531,-5.706491470336914,-5.555125713348389,-5.293437480926514
-4.759476184844971,-5.129175186157227,-6.595673084259033,-8.380101203918457,-9.59144401550293,-9.895752906799316,-9.141704559326172,-8.709630012512207,-8.959648132324219,-8.836161613464355,-7.967700958251953,-6.688008785247803,-6.693025588989258,-8.699851989746094,-10.328288078308105,-10.814597129821777,-10.412302017211914,-9.929570198059082,-9.6714506149292,-9.2119779586792,-8.745645523071289,-8.61218547821045,-8.645892143249512,-8.741792678833008,-8.92819595336914,-8.794029235839844,-8.424503326416016,-7.829440593719482,-7.250189781188965,-6.634106636047363,-6.491950511932373,-6.544425964355469,-6.453137397766113,-6.430210113525391,-6.117269039154053,-5.851171970367432,-5.9571533203125,-6.201296329498291,-6.460879802703857,-6.407737731933594,-6.104968547821045,-5.847508907318115,-5.318175315856934
-3.337268829345703,-2.9699230194091797,-2.3648242950439453,-1.8775479793548584,-2.162067413330078,-3.4275429248809814,-3.869783639907837,-3.5462050437927246,-4.282613277435303,-5.37575101852417,-5.365220069885254,-4.793684959411621,-4.620170593261719,-6.826017379760742,-9.387027740478516,-10.298449516296387,-10.166441917419434,-9.814183235168457,-9.812939643859863,-9.364518165588379,-8.579072952270508,-8.563397407531738,-8.651371002197266,-8.403383255004883,-8.37064266204834,-8.632308006286621,-8.419301986694336,-7.6873626708984375,-6.9543304443359375,-6.68481969833374,-7.002065181732178,-7.1569647789001465,-6.80924129486084,-6.500133037567139,-6.171751499176025,-5.9849653244018555,-6.1466145515441895,-6.161114692687988,-6.216723918914795,-6.421863555908203,-6.334386348724365,-5.904204368591309,-5.213894844055176
-2.7882678508758545,-1.4138669967651367,0.1917141228914261,2.1235575675964355,3.7180256843566895,2.6002347469329834,-0.5706771612167358,-1.227648138999939,-0.19141878187656403,-0.1944572776556015,-1.1920723915100098,-2.20304799079895,-1.625974178314209,-3.635152578353882,-7.773199081420898,-9.848915100097656,-9.716103553771973,-9.248251914978027,-9.39848518371582,-9.270730972290039,-8.772778511047363,-8.583842277526855,-8.404596328735352,-8.126362800598145,-7.95034122467041,-8.303650856018066,-8.42139720916748,-7.642332077026367,-6.864058017730713,-6.971978664398193,-7.541801452636719,-7.714186668395996,-7.164053440093994,-6.58126974105835,-6.4089674949646,-6.3077073097229,-6.277104377746582,-6.1850128173828125,-6.015935897827148,-6.082962512969971,-6.290349960327148,-6.032093048095703,-5.302180290222168
-4.589917182922363,-1.7307699918746948,0.8409818410873413,2.6535418033599854,3.54601788520813,1.1846911907196045,-2.316429853439331,-2.980416774749756,-0.6467052698135376,0.5766257643699646,0.12826044857501984,0.2238476425409317,1.538187861442566,0.1320226639509201,-4.938278675079346,-9.467377662658691,-9.709331512451172,-8.33288288116455,-8.335723876953125,-8.937944412231445,-9.38481330871582,-9.234517097473145,-8.543824195861816,-7.693690776824951,-7.572922706604004,-8.228450775146484,-8.344123840332031,-7.697329521179199,-7.136768341064453,-7.175623416900635,-7.6848673820495605,-7.806772708892822,-7.319727420806885,-6.827141761779785,-6.744001865386963,-6.719996929168701,-6.468404769897461,-6.268566608428955,-5.9506001472473145,-5.743166446685791,-5.976290702819824,-5.991699695587158,-5.527871131896973
