data/wind_data/wind_Surface_21.json
{"header": {"parameterUnit": "KT", "parameterCategory": 2, "nx": 255, "ny": 198, "lo1": 44.73521041870117, "la1": -3.236724853515625, "lo2": 111.26478576660156, "la2": 43.468475341796875, "dx": 0.26192745566368103, "dy": -0.23708222806453705, "refTime": "2025-02-19 21:00:00", "forecastTime": 0, "parameterNumber": 3, "parameterNumberName": "northward_wind"}, "data":
[rows 171 to 189 of 198, columns 129 to 171 of 255]
-1.1909186840057373,-1.1955175399780273,-1.3743432760238647,-1.5497753620147705,-1.4450658559799194,-1.2237218618392944,-1.3050813674926758,-1.5554944276809692,-1.7893925905227661,-0.7281715869903564,0.6639905571937561,0.37757372856140137,-0.10687264055013657,-1.0690563917160034,-1.3519437313079834,-1.3486003875732422,-1.1032264232635498,-1.1071527004241943,-1.2059555053710938,-1.2601659297943115,-1.5162302255630493,-2.044123888015747,-2.6747350692749023,-3.5383574962615967,-4.601747989654541,-5.462667942047119,-5.7536492347717285,-6.290609359741211,-7.428002834320068,-8.63922119140625,-6.870237827301025,-3.5819308757781982,0.4475562572479248,4.187682151794434,7.221190452575684,11.422532081604004,13.723625183105469,13.597918510437012,13.273499488830566,13.138392448425293,10.762019157409668,3.962069034576416,-2.1918041706085205
-1.2460651397705078,-1.4290711879730225,-1.5461806058883667,-1.5520371198654175,-1.2762125730514526,-0.9076762199401855,-1.0685012340545654,-1.439054250717163,-1.2119760513305664,-0.4995350241661072,0.5248224139213562,0.2953719198703766,-0.22338257730007172,-0.977788507938385,-1.4807969331741333,-1.327000617980957,-0.9721316695213318,-0.8863716125488281,-1.124473214149475,-1.4874311685562134,-1.911785364151001,-2.3773927688598633,-2.6860837936401367,-2.9341237545013428,-3.39281964302063,-3.9609835147857666,-4.668098449707031,-5.255774021148682,-5.387720108032227,-6.642735481262207,-8.274076461791992,-8.20322322845459,-7.122554779052734,-6.272940635681152,-2.846498966217041,4.699597358703613,9.151471138000488,11.50783634185791,12.093442916870117,13.184782981872559,12.80293083190918,10.954973220825195,7.414087295532227
-1.2390782833099365,-1.478713870048523,-1.335977554321289,-0.9482090473175049,-0.5841354131698608,-0.3758603036403656,-0.5019293427467346,-0.7291337251663208,-0.6881759762763977,-0.4416232109069824,0.1341029703617096,0.10146956145763397,-0.45505985617637634,-0.9601840376853943,-1.3125758171081543,-1.1330770254135132,-0.8768709897994995,-0.9766407012939453,-1.467400312423706,-2.0733392238616943,-2.600308656692505,-2.957770347595215,-3.172445297241211,-3.1777706146240234,-3.364100933074951,-3.796400308609009,-4.170780658721924,-4.683841228485107,-5.152801513671875,-5.488681316375732,-5.845334053039551,-6.5776519775390625,-7.344272613525391,-7.461599349975586,-7.108248233795166,-2.6486330032348633,4.717586040496826,8.254598617553711,10.226720809936523,10.874404907226562,11.399131774902344,10.769195556640625,6.704980373382568
-0.7416074872016907,-0.6578630805015564,-0.2489699423313141,0.247781902551651,0.4508945047855377,0.389117032289505,0.24784362316131592,-0.034047454595565796,-0.5292854309082031,-0.8184601664543152,-0.4116325378417969,-0.18296696245670319,-0.46061450242996216,-0.7799568176269531,-0.7935530543327332,-0.7323163151741028,-0.5934097766876221,-1.0343899726867676,-1.7385774850845337,-2.594285488128662,-3.2476367950439453,-3.6404645442962646,-3.8822262287139893,-4.075214862823486,-4.124476909637451,-4.289167881011963,-4.553768157958984,-4.716170787811279,-4.861667633056641,-5.112479209899902,-5.724191188812256,-6.282928943634033,-6.578134059906006,-7.386422634124756,-7.973734378814697,-6.902713298797607,-3.017146110534668,4.422309875488281,8.449007987976074,9.866568565368652,9.972163200378418,9.544598579406738,7.846719741821289
-0.24823002517223358,0.19800865650177002,0.5212105512619019,0.9424881339073181,1.1698187589645386,1.0776498317718506,0.6986320614814758,0.0790262445807457,-0.5247344374656677,-0.8555528521537781,-0.5392232537269592,-0.06144432723522186,-0.05444014444947243,-0.10622911900281906,-0.1007547602057457,-0.21151237189769745,-0.4596092700958252,-1.0217409133911133,-1.836348295211792,-2.5811235904693604,-3.3707027435302734,-3.9943244457244873,-4.5033040046691895,-4.808298587799072,-4.794463157653809,-4.640539169311523,-4.820306777954102,-5.083364009857178,-5.066295146942139,-5.128350734710693,-5.285643577575684,-5.96007776260376,-6.972105979919434,-7.692780017852783,-8.625382423400879,-9.012189865112305,-8.562920570373535,-5.679303169250488,0.13927523791790009,3.8254802227020264,5.605328559875488,6.394360542297363,7.313187599182129
-0.26350268721580505,-0.5097943544387817,-0.6077502965927124,0.16898015141487122,1.1208122968673706,1.2984110116958618,1.015903353691101,0.560691237449646,0.17527249455451965,0.010543606244027615,0.07855196297168732,0.5927790403366089,0.6650395393371582,0.6818936467170715,0.42364418506622314,0.07802406698465347,-0.48562055826187134,-1.024543046951294,-1.6114284992218018,-1.9499350786209106,-2.7139124870300293,-3.5493998527526855,-4.248722076416016,-4.504029273986816,-4.5130414962768555,-4.5944108963012695,-4.9562506675720215,-5.290126800537109,-5.300024509429932,-5.380423545837402,-5.426483631134033,-5.723629474639893,-6.422706604003906,-7.43753719329834,-7.823070049285889,-8.048848152160645,-8.435261726379395,-8.806941986083984,-7.396786212921143,-5.761544227600098,-4.605484485626221,-1.956944227218628,3.1066079139709473
-0.24483650922775269,-1.066943645477295,-1.5835447311401367,-1.3276426792144775,0.2052881270647049,0.9559571146965027,1.1000993251800537,1.240136981010437,1.1921930313110352,1.1814886331558228,0.9003391265869141,1.1931706666946411,1.2390730381011963,1.1499922275543213,0.7540939450263977,0.17051051557064056,-0.24933934211730957,-0.6493873000144958,-0.8764207363128662,-1.198140025138855,-1.7404472827911377,-2.511842727661133,-3.225261688232422,-3.60258150100708,-3.9077796936035156,-4.307515621185303,-4.7723774909973145,-5.031275272369385,-5.163769721984863,-5.428804874420166,-5.822295188903809,-6.294159412384033,-6.631695747375488,-7.09238338470459,-7.421648979187012,-7.56674337387085,-7.001905918121338,-6.57834529876709,-7.285210132598877,-7.49545955657959,-7.530649662017822,-6.641279220581055,-4.097605228424072
-1.738545536994934,-1.612246036529541,-1.2455384731292725,-1.630153775215149,-0.9588949680328369,-0.2538011074066162,0.4989015460014343,1.308640718460083,1.9348849058151245,1.9640576839447021,1.733263611793518,1.7154791355133057,1.5310428142547607,1.2421342134475708,0.7852611541748047,0.2642282545566559,0.07222965359687805,-0.019339939579367638,-0.2008235603570938,-0.5966860055923462,-0.961700439453125,-1.6333577632904053,-2.5454070568084717,-3.1490042209625244,-3.5232009887695312,-3.8910326957702637,-4.301695346832275,-4.556795597076416,-4.53687858581543,-4.907893180847168,-5.805790424346924,-6.637231349945068,-7.176436424255371,-7.388332843780518,-7.509572505950928,-7.435641765594482,-7.051950454711914,-6.177157878875732,-6.535821437835693,-5.907244682312012,-5.827769756317139,-5.837930202484131,-6.348788738250732
-3.8942980766296387,-3.686070203781128,-1.8715381622314453,-0.8878836035728455,-1.2342545986175537,-1.7414617538452148,-0.7394986152648926,0.8167526125907898,1.9233907461166382,2.2895517349243164,2.2599194049835205,2.0476489067077637,1.6422030925750732,1.2371920347213745,0.8127657175064087,0.5494714379310608,0.5496569275856018,0.5510372519493103,0.19958950579166412,-0.20323961973190308,-0.5414857268333435,-1.2364662885665894,-2.2432594299316406,-2.9402480125427246,-3.159616470336914,-3.0678279399871826,-2.9674384593963623,-3.1937670707702637,-3.574613094329834,-4.306984901428223,-5.243838787078857,-6.362831115722656,-7.212503433227539,-7.443459510803223,-7.207672119140625,-6.68304967880249,-6.317419052124023,-5.90000057220459,-5.774839401245117,-5.245561599731445,-4.993937015533447,-4.357787609100342,-4.027682304382324
-4.694249153137207,-4.692807197570801,-3.7573235034942627,-1.3383744955062866,-1.6464449167251587,-2.633683681488037,-2.005510091781616,-0.05448925122618675,1.4962035417556763,1.835180401802063,2.147712469100952,2.1902644634246826,1.9705955982208252,1.702744722366333,1.455749273300171,1.2097609043121338,1.0812751054763794,0.8870700001716614,0.48797282576560974,0.04501616954803467,-0.34052279591560364,-0.9246843457221985,-1.8514617681503296,-2.6475741863250732,-2.935117483139038,-2.820341110229492,-2.6989705562591553,-2.959251880645752,-3.4315288066864014,-3.8452706336975098,-4.358100891113281,-5.192358016967773,-5.953588962554932,-6.158143043518066,-6.064986705780029,-5.746927738189697,-5.444438934326172,-5.113813400268555,-4.77233362197876,-3.8818085193634033,-4.022445201873779,-4.219468116760254,-3.7898342609405518
-6.727989196777344,-5.6896138191223145,-6.131314277648926,-5.225047588348389,-5.489141941070557,-4.688821315765381,-2.9390907287597656,-1.0100924968719482,0.23743683099746704,0.8558228611946106,1.6714797019958496,2.1453208923339844,2.2917518615722656,2.170936346054077,2.035809278488159,1.7051912546157837,1.2454485893249512,0.8968312740325928,0.646189272403717,0.2807745635509491,-0.08696948736906052,-0.5428227186203003,-1.3326314687728882,-2.4339077472686768,-3.2248778343200684,-3.6500754356384277,-3.8215746879577637,-3.977240800857544,-3.91449236869812,-3.8129312992095947,-3.93285870552063,-4.26224422454834,-4.656576633453369,-4.968695163726807,-4.670124530792236,-4.936084270477295,-4.628627300262451,-4.569668292999268,-4.5832343101501465,-4.160141944885254,-4.339122772216797,-4.179859638214111,-3.815286874771118
-7.745944499969482,-6.930296421051025,-6.868404865264893,-7.04336404800415,-8.294960975646973,-7.427138805389404,-4.845669746398926,-1.6165014505386353,-1.2454230785369873,-1.3527390956878662,-1.1249077320098877,0.06866871565580368,0.8271695971488953,0.9510558247566223,1.0981439352035522,1.0812358856201172,0.7347475290298462,0.4361349940299988,0.12526117265224457,-0.3445982038974762,-0.7486760020256042,-1.0422080755233765,-1.8220356702804565,-2.989347457885742,-3.9101462364196777,-3.9864449501037598,-4.068778991699219,-4.20816707611084,-3.9329612255096436,-3.6486995220184326,-3.463258981704712,-3.342766523361206,-3.2820539474487305,-2.975937843322754,-2.870849847793579,-3.341611623764038,-3.9727561473846436,-4.839974403381348,-5.686830043792725,-6.150771141052246,-5.897229194641113,-5.989587306976318,-5.765313625335693
-4.069952011108398,-5.0275068283081055,-7.206050395965576,-6.648587703704834,-7.046941757202148,-6.75956916809082,-4.668230056762695,-1.1677634716033936,-1.3817874193191528,-2.4009108543395996,-2.6741995811462402,-2.254751682281494,-1.6314609050750732,-1.395452857017517,-1.072896122932434,-0.7508291006088257,-0.7498682737350464,-1.12822425365448,-1.4275829792022705,-1.93283212184906,-2.6117043495178223,-2.8749003410339355,-3.0353198051452637,-3.4754364490509033,-3.6146576404571533,-3.3190722465515137,-3.0552408695220947,-3.4086787700653076,-3.592327833175659,-3.720902442932129,-3.169961929321289,-2.266249179840088,-0.8463837504386902,0.08700382709503174,-1.1556581258773804,-3.551701068878174,-5.235568523406982,-7.4165263175964355,-8.342419624328613,-8.051295280456543,-6.4954729080200195,-6.558682441711426,-7.837075710296631
-4.896186351776123,-1.5059905052185059,-1.5434249639511108,-2.1267199516296387,-2.360898494720459,-2.9734296798706055,-2.291764736175537,-0.8157564997673035,-0.951272189617157,-1.4898855686187744,-1.777696967124939,-1.5798810720443726,-1.3231850862503052,-1.448600172996521,-1.5257940292358398,-1.7126411199569702,-2.287368059158325,-2.8808908462524414,-3.120835542678833,-3.44315505027771,-4.167450904846191,-4.320065975189209,-3.491384744644165,-2.6488165855407715,-1.9447307586669922,-1.4815679788589478,-1.8860012292861938,-3.4377968311309814,-4.410006046295166,-3.817558765411377,-2.979933261871338,-1.2909796237945557,-0.38501662015914917,-0.16139361262321472,-2.8446455001831055,-5.879858493804932,-8.287282943725586,-9.804091453552246,-9.868935585021973,-8.488032341003418,-6.372676372528076,-6.428607940673828,-8.226785659790039
-7.784085750579834,-3.787957191467285,1.533509612083435,1.6152602434158325,1.0323807001113892,0.4527813792228699,-0.314262330532074,-1.4564237594604492,-1.9136337041854858,-2.306508779525757,-2.429875612258911,-2.0771827697753906,-2.1080446243286133,-2.052830934524536,-1.4448986053466797,-0.9632445573806763,-1.5445970296859741,-1.985798716545105,-1.9040813446044922,-2.067420244216919,-2.602032423019409,-2.686258554458618,-1.9843013286590576,-1.185210943222046,-0.5216370820999146,-0.32150641083717346,-1.4748388528823853,-3.30169677734375,-4.945570945739746,-3.7077927589416504,-3.975663661956787,-3.519160032272339,-4.069046974182129,-3.8271589279174805,-4.206484317779541,-5.688969612121582,-7.282313346862793,-8.398133277893066,-9.29162883758545,-8.939489364624023,-7.540690898895264,-6.622619152069092,-6.503083229064941
-5.851221084594727,-6.281525611877441,-2.715359926223755,-0.022718288004398346,2.746474266052246,3.4523565769195557,1.9174463748931885,-0.30217668414115906,-2.0225398540496826,-2.8445794582366943,-3.1566977500915527,-3.5859317779541016,-4.142665863037109,-4.137735366821289,-3.3202319145202637,-1.4949517250061035,-1.2194137573242188,-0.7380377054214478,-0.2831941843032837,-0.060400184243917465,0.22012822329998016,0.2460278421640396,-0.1663481593132019,-0.23195809125900269,0.12689438462257385,0.04766206815838814,-0.7137181162834167,-2.1334738731384277,-3.282599925994873,-5.239209175109863,-6.008047103881836,-5.960418701171875,-5.790336608886719,-4.185727596282959,-2.1623566150665283,-1.63082754611969,-2.2493417263031006,-4.242447853088379,-6.221396446228027,-7.601735591888428,-6.760410308837891,-4.621413230895996,-3.588963270187378
0.20790503919124603,-2.3264479637145996,-4.4514055252075195,-6.010977745056152,-1.4800461530685425,-0.8319637179374695,-2.4524898529052734,0.33829745650291443,1.219839334487915,1.392877221107483,2.2361106872558594,1.322167992591858,-1.6429026126861572,-3.974785566329956,-5.329136848449707,-4.2825775146484375,-3.4478323459625244,-3.0694611072540283,-2.6103456020355225,-1.6854065656661987,-0.48150599002838135,0.22942550480365753,0.31439292430877686,0.4519641399383545,0.8744386434555054,0.5879644155502319,-0.9825736284255981,-3.19157075881958,-4.370088577270508,-8.089900016784668,-8.883063316345215,-5.954705715179443,-2.935579776763916,-0.13659626245498657,2.3247172832489014,3.3903515338897705,3.0996243953704834,0.5969670414924622,-2.278057813644409,-4.1912689208984375,-3.3436942100524902,0.04387880861759186,2.175424337387085
-0.31126704812049866,2.0204570293426514,1.541834831237793,-8.418700218200684,-9.606200218200684,-10.350921630859375,-13.535923957824707,-8.728824615478516,-6.751781940460205,-4.5531086921691895,-0.8002951145172119,2.2570247650146484,2.6408638954162598,-1.376081109046936,-5.241359233856201,-5.202850818634033,-5.14421272277832,-5.421118259429932,-5.52905797958374,-4.240418910980225,-2.838017702102661,-2.1231791973114014,-0.8570762276649475,-0.3004343807697296,-0.6694136261940002,-1.5458303689956665,-4.777565002441406,-7.0881667137146,-8.122673988342285,-8.605461120605469,-7.506471633911133,-3.3013792037963867,0.08326981961727142,2.6429929733276367,4.8602070808410645,5.263891696929932,3.4984660148620605,2.277921676635742,2.437991142272949,2.3483893871307373,2.2271578311920166,2.0191409587860107,2.341689109802246
0.5779657959938049,-0.43237996101379395,1.276271939277649,-5.194424152374268,-7.687455654144287,-9.446961402893066,-11.713452339172363,-11.097956657409668,-10.813541412353516,-10.272956848144531,-10.050663948059082,-7.524125576019287,-2.6438064575195312,-1.6722664833068848,-1.0121850967407227,-0.9290929436683655,-3.606200695037842,-5.126084327697754,-5.992959022521973,-5.795552730560303,-3.378262519836426,-1.366950273513794,-1.412315845489502,-2.7347607612609863,-4.738376617431641,-5.2843918800354,-6.6785149574279785,-7.803959369659424,-7.963886737823486,-6.24661111831665,-2.9439427852630615,0.32807251811027527,0.8990480303764343,-1.1592282056808472,-2.0132434368133545,-1.6743301153182983,-1.3937917947769165,-0.7989809513092041,0.4128517806529999,0.40767356753349304,-1.3262287378311157,-4.019566535949707,-3.7883427143096924
