data/wind_data/wind_10_2.json
{"header": {"parameterUnit": "KT", "parameterCategory": 2, "nx": 256, "ny": 198, "lo1": 44.73521041870117, "la1": -3.236724853515625, "lo2": 111.26478576660156, "la2": 43.468475341796875, "dx": 0.2609002888202667, "dy": -0.23708222806453705, "refTime": "2025-02-19 10:00:00", "forecastTime": 0, "parameterNumber": 2, "parameterNumberName": "eastward_wind"}, "data":
[rows 38 to 56 of 198, columns 43 to 85 of 256]
-14.512255668640137,-14.141674995422363,-13.808999061584473,-13.612567901611328,-13.329819679260254,-13.063431739807129,-13.029406547546387,-13.048612594604492,-12.794990539550781,-12.11613941192627,-11.451568603515625,-11.48537540435791,-12.202132225036621,-12.746171951293945,-12.382445335388184,-11.486112594604492,-11.043335914611816,-10.892720222473145,-10.001849174499512,-9.284090995788574,-8.550993919372559,-7.258383750915527,-6.713399410247803,-5.8961262702941895,-4.6913933753967285,-4.220636367797852,-3.185478687286377,-4.6630706787109375,-9.925858497619629,-11.025102615356445,-8.953470230102539,-8.550344467163086,-8.798515319824219,-8.349138259887695,-7.909302711486816,-7.051957130432129,-6.575773239135742,-5.918192386627197,-5.845532417297363,-5.850744724273682,-6.045711040496826,-6.527745723724365,-7.217569828033447
-14.537004470825195,-14.342673301696777,-13.973496437072754,-13.602679252624512,-13.27939510345459,-13.033549308776855,-13.029980659484863,-13.139141082763672,-12.945181846618652,-12.406731605529785,-11.912772178649902,-11.736664772033691,-11.920759201049805,-12.080936431884766,-11.788981437683105,-11.28885555267334,-10.84240436553955,-10.440678596496582,-9.842557907104492,-9.038435935974121,-8.290705680847168,-7.555544376373291,-7.013650894165039,-6.683887481689453,-5.943922519683838,-4.529273986816406,-4.468786716461182,-6.946013450622559,-9.821413040161133,-10.809223175048828,-11.237860679626465,-9.48818588256836,-9.838812828063965,-8.4984769821167,-7.141078472137451,-7.5041022300720215,-7.096110820770264,-5.894195556640625,-5.630088806152344,-5.569414138793945,-5.665467739105225,-5.930749416351318,-6.380255699157715
-14.162572860717773,-14.130570411682129,-13.889313697814941,-13.528252601623535,-13.181498527526855,-12.980152130126953,-12.99579906463623,-13.077521324157715,-12.872594833374023,-12.407093048095703,-12.001733779907227,-11.67772102355957,-11.250021934509277,-10.987151145935059,-11.036931991577148,-11.204381942749023,-11.095574378967285,-10.4358549118042,-9.480335235595703,-8.606279373168945,-7.884956359863281,-7.174930572509766,-7.038443565368652,-6.7340006828308105,-6.1602373123168945,-5.809561729431152,-6.574340343475342,-7.167484760284424,-8.737462997436523,-10.046581268310547,-9.033181190490723,-8.284112930297852,-10.003227233886719,-9.074941635131836,-8.42949390411377,-6.538358211517334,-8.569343566894531,-6.698315620422363,-5.463510990142822,-5.355360507965088,-5.219961166381836,-5.721714496612549,-5.664384365081787
-13.520743370056152,-13.392862319946289,-13.27117919921875,-13.14181900024414,-13.013256072998047,-12.967975616455078,-12.936326026916504,-12.733785629272461,-12.443316459655762,-12.204386711120605,-12.013983726501465,-11.594407081604004,-10.853036880493164,-10.19793701171875,-10.152021408081055,-10.834450721740723,-11.361556053161621,-10.85233211517334,-9.557366371154785,-8.193791389465332,-7.407827377319336,-7.170983791351318,-6.947500228881836,-6.540490627288818,-6.2270660400390625,-6.486711502075195,-6.709255695343018,-7.274863243103027,-7.638668537139893,-8.991629600524902,-9.996397972106934,-9.174736976623535,-8.18698501586914,-8.787985801696777,-7.669907093048096,-6.566519260406494,-7.311189651489258,-7.952823638916016,-6.165647029876709,-5.2516374588012695,-5.140259265899658,-5.307147979736328,-5.350587844848633
-13.204666137695312,-12.683849334716797,-12.366642951965332,-12.36017894744873,-12.51787281036377,-12.664785385131836,-12.6202392578125,-12.300196647644043,-12.056600570678711,-12.046198844909668,-11.967497825622559,-11.554668426513672,-10.752036094665527,-9.998019218444824,-9.8172607421875,-10.4111909866333,-10.973467826843262,-10.594057083129883,-9.438958168029785,-8.098939895629883,-7.262242794036865,-7.028754234313965,-6.856500625610352,-6.239226818084717,-5.893359184265137,-6.618617057800293,-7.090425491333008,-6.467203140258789,-6.272111892700195,-8.326089859008789,-9.948375701904297,-8.461421012878418,-7.026219367980957,-6.757955551147461,-5.308750629425049,-5.229322910308838,-10.493949890136719,-7.405002593994141,-6.04694938659668,-5.744581699371338,-5.07200288772583,-4.4460577964782715,-5.22878360748291
-12.98763370513916,-12.417524337768555,-11.757728576660156,-11.428277015686035,-11.612875938415527,-11.926634788513184,-12.039311408996582,-11.928858757019043,-11.779561042785645,-11.736319541931152,-11.670700073242188,-11.413817405700684,-10.858338356018066,-10.283124923706055,-10.145992279052734,-10.270691871643066,-10.11453628540039,-9.71316909790039,-9.251907348632812,-8.524505615234375,-7.659725666046143,-6.8624587059021,-6.314195156097412,-6.039773941040039,-6.032064437866211,-6.41854190826416,-6.859738826751709,-6.702478885650635,-6.2792863845825195,-6.7829508781433105,-8.49778938293457,-8.372005462646484,-7.217804908752441,-5.694774150848389,-6.209375381469727,-8.473030090332031,-9.840189933776855,-7.282914638519287,-5.151656627655029,-6.598268985748291,-4.827291011810303,-2.9349420070648193,-5.1393914222717285
-12.142780303955078,-11.979446411132812,-11.587696075439453,-10.946175575256348,-10.758421897888184,-11.128386497497559,-11.53693675994873,-11.736106872558594,-11.562784194946289,-11.249927520751953,-11.183969497680664,-11.227306365966797,-10.884232521057129,-10.120829582214355,-9.564498901367188,-9.298566818237305,-8.935059547424316,-8.54824447631836,-8.418431282043457,-8.353811264038086,-7.920182704925537,-7.069023132324219,-5.916473388671875,-5.17476749420166,-5.238012790679932,-6.75877571105957,-6.951498031616211,-6.05960750579834,-6.067131042480469,-6.98205041885376,-7.4119791984558105,-7.642397403717041,-7.348095893859863,-7.113984107971191,-6.604140758514404,-8.317834854125977,-10.292691230773926,-8.883996963500977,-6.483364582061768,-6.561398029327393,-4.427762508392334,-3.7409722805023193,-5.509455680847168
-11.420193672180176,-11.406482696533203,-11.268872261047363,-10.54669189453125,-10.034200668334961,-10.342758178710938,-10.949519157409668,-11.368118286132812,-11.326383590698242,-11.110811233520508,-11.009650230407715,-10.939925193786621,-10.340625762939453,-9.133424758911133,-8.134521484375,-7.894110202789307,-7.845648288726807,-7.767965316772461,-8.056041717529297,-8.38294506072998,-7.971104621887207,-6.69906759262085,-5.607410430908203,-5.25468635559082,-5.399284362792969,-7.15305233001709,-6.834157943725586,-6.236409664154053,-6.619905948638916,-6.47980260848999,-6.014111042022705,-6.731369972229004,-6.29740571975708,-6.203150272369385,-6.961925506591797,-7.474968910217285,-7.7934393882751465,-7.741203784942627,-7.522252559661865,-6.724071502685547,-5.376611232757568,-7.002597332000732,-6.235067844390869
-11.289631843566895,-10.785646438598633,-10.079474449157715,-9.442965507507324,-8.617899894714355,-8.694486618041992,-9.475906372070312,-10.017348289489746,-10.565757751464844,-10.878561973571777,-10.840070724487305,-10.464686393737793,-9.349080085754395,-8.085850715637207,-7.385711669921875,-7.340916156768799,-7.722734451293945,-7.895999908447266,-8.017319679260254,-8.101377487182617,-7.267642021179199,-6.170241832733154,-6.1625871658325195,-6.539553165435791,-6.080722332000732,-7.026472091674805,-6.955163955688477,-6.671098709106445,-6.2889604568481445,-6.236237049102783,-5.748193740844727,-5.937957763671875,-6.693509578704834,-6.711138725280762,-6.562343597412109,-6.543949127197266,-6.540632724761963,-6.111073970794678,-5.408413887023926,-5.065083026885986,-5.35447359085083,-5.970409393310547,-5.988632678985596
-10.576991081237793,-9.716191291809082,-8.644186973571777,-8.400330543518066,-7.636176586151123,-7.669929504394531,-8.648234367370605,-9.187857627868652,-10.20142650604248,-10.764403343200684,-10.501038551330566,-9.956398010253906,-9.207773208618164,-8.31149673461914,-7.796063423156738,-7.998898506164551,-8.71135139465332,-8.931951522827148,-8.58781623840332,-7.858567714691162,-7.237173080444336,-7.224754333496094,-7.484977722167969,-7.418549060821533,-6.46669864654541,-6.506215572357178,-7.183162689208984,-7.016833782196045,-6.665545463562012,-6.202877044677734,-5.84663200378418,-5.7502055168151855,-5.679858207702637,-5.477872371673584,-5.483334064483643,-5.499013423919678,-5.6251139640808105,-5.621147155761719,-5.371628761291504,-5.030846118927002,-4.850922584533691,-4.503368854522705,-3.4241371154785156
-8.478571891784668,-8.84593391418457,-9.092411994934082,-8.57470989227295,-7.923177719116211,-8.603710174560547,-9.393624305725098,-9.874239921569824,-10.655467987060547,-10.823087692260742,-10.337691307067871,-9.642457008361816,-9.109404563903809,-8.363104820251465,-8.078203201293945,-8.401276588439941,-8.245759010314941,-7.83418083190918,-7.773692607879639,-7.248556137084961,-7.408642768859863,-7.979150772094727,-7.995324611663818,-7.725916385650635,-6.775321960449219,-5.858800411224365,-6.745771408081055,-6.779935359954834,-6.639042377471924,-6.1017985343933105,-5.637584209442139,-5.307312965393066,-4.884814739227295,-5.004642009735107,-5.110540390014648,-5.103492736816406,-5.188016891479492,-5.1591410636901855,-4.983937740325928,-4.780287265777588,-4.506589412689209,-3.872615337371826,-3.502558708190918
-7.6471123695373535,-9.110862731933594,-10.597907066345215,-10.75076961517334,-10.412635803222656,-10.45557689666748,-10.397516250610352,-10.576610565185547,-10.53063678741455,-9.826419830322266,-8.906265258789062,-8.27682113647461,-7.997894763946533,-8.01145076751709,-7.932717323303223,-7.571390151977539,-6.739694595336914,-5.932371616363525,-6.057931423187256,-7.131783962249756,-7.056756019592285,-7.056399822235107,-7.134146690368652,-6.517484664916992,-5.92886209487915,-5.493967533111572,-5.0681891441345215,-5.7075018882751465,-6.881317615509033,-6.787799835205078,-6.139325141906738,-5.481044292449951,-5.267749309539795,-5.220496654510498,-5.225589275360107,-5.529468536376953,-5.725728511810303,-5.563709735870361,-5.256495475769043,-4.93963623046875,-4.659061431884766,-4.135765075683594,-4.208770275115967
-8.577542304992676,-10.15445613861084,-11.304614067077637,-11.68614387512207,-11.523979187011719,-10.877254486083984,-10.384904861450195,-10.322370529174805,-9.800872802734375,-8.258834838867188,-7.057712554931641,-7.53188419342041,-8.89913272857666,-8.947128295898438,-7.9797210693359375,-7.068691253662109,-7.288783073425293,-7.1228413581848145,-6.770814895629883,-8.088251113891602,-7.47778844833374,-7.009860992431641,-6.894643306732178,-6.327500820159912,-5.499721050262451,-4.927234172821045,-5.1846489906311035,-5.769412994384766,-6.392061710357666,-7.304477691650391,-6.751681327819824,-6.1192145347595215,-5.554991722106934,-5.391450881958008,-5.529759883880615,-5.967756748199463,-6.161908149719238,-5.879593849182129,-5.421479225158691,-5.01161003112793,-4.4570441246032715,-3.870816469192505,-4.148223876953125
-9.014010429382324,-10.17888069152832,-10.680349349975586,-10.895813941955566,-10.840127944946289,-9.984341621398926,-9.067420959472656,-8.774396896362305,-8.344130516052246,-7.410670280456543,-7.401664733886719,-8.621695518493652,-10.247701644897461,-9.935416221618652,-8.047430992126465,-6.359228134155273,-8.002362251281738,-8.687434196472168,-7.930618762969971,-7.646719455718994,-6.49098539352417,-6.438796043395996,-6.629072189331055,-6.679642677307129,-5.982104778289795,-5.865844249725342,-6.9842987060546875,-6.611057758331299,-5.785618782043457,-6.673814296722412,-6.624166965484619,-6.1230268478393555,-5.583047389984131,-5.470805644989014,-5.533304691314697,-5.702775478363037,-5.680619239807129,-5.269725322723389,-4.848376750946045,-4.691504001617432,-4.130105972290039,-3.247589349746704,-2.9025888442993164
-9.189552307128906,-9.758604049682617,-10.189659118652344,-10.091771125793457,-9.392187118530273,-8.228294372558594,-7.394723892211914,-7.3942766189575195,-7.288341045379639,-7.106800079345703,-7.574498176574707,-7.865772247314453,-8.079092979431152,-7.982728004455566,-7.047945022583008,-6.374781608581543,-8.304402351379395,-8.510393142700195,-8.051819801330566,-7.990720272064209,-6.606746673583984,-6.044429302215576,-6.0191802978515625,-6.385706901550293,-6.445196151733398,-6.672529697418213,-6.91314697265625,-6.052315711975098,-6.0089521408081055,-5.9602437019348145,-5.726545810699463,-5.525771617889404,-5.442182540893555,-5.4517621994018555,-5.2303242683410645,-4.835160732269287,-4.735677242279053,-4.345125675201416,-4.153095245361328,-3.9927098751068115,-3.6712687015533447,-3.292072296142578,-2.915382146835327
-9.436006546020508,-9.078722953796387,-9.397204399108887,-9.918212890625,-9.377450942993164,-9.22209644317627,-9.065814971923828,-8.553365707397461,-7.347044467926025,-7.164023399353027,-7.493982315063477,-7.132041931152344,-7.273576259613037,-7.873235702514648,-8.27267074584961,-8.598437309265137,-7.6755475997924805,-6.728036403656006,-7.0859761238098145,-7.451761722564697,-6.982606410980225,-6.505516052246094,-6.019958019256592,-6.223036289215088,-6.532697677612305,-6.275097370147705,-5.693383693695068,-5.586767673492432,-6.150597095489502,-6.355701446533203,-5.996488094329834,-6.024333477020264,-5.950730323791504,-5.594376087188721,-5.538593292236328,-5.28663444519043,-5.267477035522461,-4.9109625816345215,-5.032466888427734,-4.68784236907959,-4.0859270095825195,-3.8144471645355225,-3.30839467048645
-9.102019309997559,-9.253288269042969,-9.374765396118164,-10.570618629455566,-10.531822204589844,-10.500211715698242,-9.928361892700195,-9.457415580749512,-9.116974830627441,-8.836684226989746,-8.229924201965332,-7.984246253967285,-8.403690338134766,-9.41878890991211,-9.863530158996582,-9.032771110534668,-8.176578521728516,-7.741810321807861,-7.334711074829102,-6.890227317810059,-7.437387943267822,-7.4352126121521,-7.134659290313721,-6.940765380859375,-6.999068260192871,-6.613972187042236,-6.291568756103516,-6.429173946380615,-6.14286994934082,-6.157487392425537,-6.018857955932617,-6.409459590911865,-6.295750617980957,-6.289371490478516,-6.1920485496521,-5.567601680755615,-5.548282146453857,-5.403219223022461,-5.276493549346924,-4.717421531677246,-4.358445167541504,-3.94671630859375,-3.3603885173797607
-9.627382278442383,-10.0199556350708,-9.610987663269043,-10.201281547546387,-10.3464937210083,-9.902406692504883,-9.172956466674805,-9.531667709350586,-9.207158088684082,-8.7298583984375,-8.642770767211914,-8.810376167297363,-9.197694778442383,-9.876175880432129,-10.209039688110352,-10.145288467407227,-10.085339546203613,-10.015851974487305,-10.060601234436035,-9.939998626708984,-9.396430015563965,-8.901050567626953,-8.220467567443848,-7.781583309173584,-7.790248870849609,-7.209891319274902,-6.8325514793396,-6.494653224945068,-6.178165435791016,-6.0526041984558105,-6.019530296325684,-5.93366003036499,-5.805069446563721,-6.312278747558594,-6.376819610595703,-6.047388553619385,-6.113063812255859,-5.9099836349487305,-5.224644660949707,-4.911623477935791,-4.573554992675781,-4.265728950500488,-3.9106500148773193
-8.923898696899414,-9.078933715820312,-10.135835647583008,-9.684009552001953,-9.966817855834961,-10.42539119720459,-10.4700345993042,-10.437422752380371,-9.974382400512695,-9.715115547180176,-9.534690856933594,-9.772960662841797,-10.14100170135498,-10.485986709594727,-10.913543701171875,-10.937637329101562,-10.668397903442383,-10.428901672363281,-10.414958000183105,-10.172094345092773,-9.98587417602539,-9.770018577575684,-9.777587890625,-9.481139183044434,-8.451861381530762,-7.544937610626221,-7.454933166503906,-7.095630168914795,-6.58154296875,-6.089362621307373,-5.765738010406494,-5.64042854309082,-6.56840705871582,-7.357717514038086,-7.43810510635376,-6.779625415802002,-5.922643661499023,-5.6476731300354,-5.329493999481201,-5.039500713348389,-4.8944196701049805,-4.675220966339111,-4.22876501083374
