data/wind_data/wind_45_4.json
{"header": {"parameterUnit": "KT", "parameterCategory": 2, "nx": 256, "ny": 198, "lo1": 44.73521041870117, "la1": -3.236724853515625, "lo2": 111.26478576660156, "la2": 43.468475341796875, "dx": 0.2609002888202667, "dy": -0.23708222806453705, "refTime": "2025-02-20 21:00:00", "forecastTime": 0, "parameterNumber": 2, "parameterNumberName": "eastward_wind"}, "data":
[rows 95 to 113 of 198, columns 44 to 87 of 256]
24.36974334716797,23.85264778137207,23.168071746826172,22.05641746520996,21.05387306213379,20.24650001525879,19.58678436279297,19.2103214263916,18.992136001586914,18.69279670715332,18.27379035949707,17.984779357910156,17.922611236572266,17.624446868896484,16.720361709594727,15.649250984191895,15.132689476013184,15.2468843460083,15.458471298217773,15.276848793029785,14.70508861541748,14.187132835388184,14.085161209106445,14.259042739868164,14.292804718017578,14.053634643554688,13.752767562866211,13.640531539916992,13.783610343933105,14.076169967651367,14.36747932434082,14.57243824005127,14.714913368225098,14.889243125915527,15.174468040466309,15.59193229675293,16.087989807128906,16.522924423217773,16.7756404876709,16.853315353393555,16.849096298217773,16.856918334960938,16.888587951660156,16.929452896118164
24.98575210571289,24.56637191772461,24.18889808654785,23.351118087768555,22.533357620239258,22.010684967041016,21.688541412353516,21.41272735595703,21.027482986450195,20.511886596679688,20.028799057006836,19.705171585083008,19.415145874023438,18.842243194580078,17.835590362548828,16.897186279296875,16.602813720703125,16.791397094726562,16.904129028320312,16.641637802124023,16.17824363708496,15.899008750915527,15.956896781921387,16.03057861328125,15.832184791564941,15.46690559387207,15.200675010681152,15.169737815856934,15.322792053222656,15.54892635345459,15.768267631530762,15.947060585021973,16.11129379272461,16.321365356445312,16.644485473632812,17.125228881835938,17.686649322509766,18.133907318115234,18.300275802612305,18.197669982910156,17.987632751464844,17.84235954284668,17.834373474121094,17.949838638305664
25.65090560913086,25.380170822143555,25.326583862304688,24.78986930847168,24.182693481445312,24.091007232666016,24.241138458251953,24.086811065673828,23.415292739868164,22.509593963623047,21.878265380859375,21.555233001708984,21.08416175842285,20.2086124420166,19.173978805541992,18.41600799560547,18.131532669067383,18.08580780029297,17.98230743408203,17.775541305541992,17.582271575927734,17.551279067993164,17.599868774414062,17.410396575927734,16.965885162353516,16.54588508605957,16.388141632080078,16.504621505737305,16.74594497680664,17.000192642211914,17.251508712768555,17.501232147216797,17.746797561645508,18.014965057373047,18.373111724853516,18.85124969482422,19.3576717376709,19.699604034423828,19.73618507385254,19.504669189453125,19.176639556884766,18.939424514770508,18.909255981445312,19.068315505981445
26.679428100585938,26.43309211730957,26.607669830322266,26.460643768310547,26.01686668395996,26.041122436523438,26.3802547454834,26.36503028869629,25.629789352416992,24.529083251953125,23.75957489013672,23.374469757080078,22.812557220458984,21.722322463989258,20.512821197509766,19.656503677368164,19.16441535949707,18.8712158203125,18.74742889404297,18.806468963623047,18.927242279052734,19.0256290435791,18.923715591430664,18.51951026916504,18.012401580810547,17.691280364990234,17.68421173095703,17.913898468017578,18.243661880493164,18.611804962158203,18.982032775878906,19.29863166809082,19.55594253540039,19.815994262695312,20.162199020385742,20.59246253967285,20.98860740661621,21.174985885620117,21.056854248046875,20.701520919799805,20.293869018554688,20.023027420043945,20.006649017333984,20.183265686035156
28.21428108215332,27.862178802490234,28.001941680908203,28.121706008911133,27.88368034362793,27.798643112182617,27.965017318725586,28.04766845703125,27.540300369262695,26.654138565063477,25.85102081298828,25.087209701538086,24.231801986694336,23.015052795410156,21.63129425048828,20.558914184570312,19.890348434448242,19.576351165771484,19.693775177001953,20.049846649169922,20.295249938964844,20.303775787353516,20.060462951660156,19.644474029541016,19.248294830322266,19.07951545715332,19.21169662475586,19.548187255859375,19.982208251953125,20.443992614746094,20.850969314575195,21.14539909362793,21.36260414123535,21.597003936767578,21.916358947753906,22.286710739135742,22.56536865234375,22.580272674560547,22.265275955200195,21.73162841796875,21.235942840576172,20.98985481262207,21.040143966674805,21.227516174316406
29.924644470214844,29.68588638305664,29.85971450805664,30.156818389892578,30.135074615478516,29.986799240112305,30.082836151123047,30.235078811645508,29.914020538330078,29.012746810913086,27.848133087158203,26.837919235229492,25.35032081604004,23.50865364074707,21.852821350097656,20.702159881591797,20.155725479125977,20.336761474609375,21.025779724121094,21.61163902282715,21.757963180541992,21.590852737426758,21.29459571838379,20.966398239135742,20.698060989379883,20.650402069091797,20.891382217407227,21.31477928161621,21.7996826171875,22.25609016418457,22.619937896728516,22.87699317932129,23.07224464416504,23.292051315307617,23.585731506347656,23.88629150390625,24.04384422302246,23.912118911743164,23.436452865600586,22.7603816986084,22.207477569580078,22.00457000732422,22.109397888183594,22.28999137878418
31.646743774414062,31.87237548828125,32.55116653442383,33.12717819213867,33.09931945800781,32.768310546875,32.8300895690918,32.918739318847656,32.419246673583984,30.89307403564453,29.621042251586914,28.28803825378418,26.01415252685547,23.52567481994629,21.48974609375,20.701297760009766,20.965633392333984,21.928251266479492,22.89572525024414,23.324295043945312,23.276329040527344,23.057353973388672,22.80561637878418,22.523513793945312,22.291597366333008,22.29887580871582,22.587154388427734,23.02943229675293,23.499326705932617,23.91213035583496,24.224605560302734,24.434823989868164,24.5998592376709,24.80527687072754,25.069072723388672,25.310949325561523,25.387968063354492,25.178585052490234,24.6437931060791,23.95194435119629,23.414024353027344,23.21718406677246,23.268539428710938,23.372709274291992
33.89531326293945,34.405479431152344,35.48935317993164,36.53199768066406,36.95964050292969,36.89382553100586,36.31246566772461,35.262481689453125,33.98417663574219,32.246280670166016,29.8980655670166,27.403667449951172,26.29847526550293,24.3131160736084,22.47324562072754,22.10744857788086,22.73047637939453,23.7570858001709,24.544145584106445,24.84004020690918,24.829395294189453,24.695425033569336,24.456424713134766,24.132349014282227,23.88443374633789,23.899137496948242,24.167102813720703,24.552703857421875,24.951065063476562,25.303688049316406,25.577457427978516,25.795488357543945,26.032442092895508,26.30405044555664,26.54136085510254,26.671659469604492,26.632802963256836,26.343814849853516,25.827049255371094,25.299949645996094,24.935001373291016,24.710290908813477,24.535640716552734,24.408187866210938
36.5015869140625,37.26679229736328,38.58607482910156,40.2204704284668,40.51799011230469,39.26974868774414,37.61561965942383,35.160850524902344,33.36827087402344,31.608352661132812,28.68765640258789,27.764822006225586,27.013032913208008,25.486553192138672,24.247650146484375,23.871192932128906,24.321762084960938,25.135276794433594,25.76920509338379,26.0543270111084,26.136594772338867,26.120128631591797,25.97488021850586,25.70803451538086,25.492868423461914,25.50897789001465,25.740867614746094,26.0719051361084,26.397445678710938,26.683975219726562,26.933664321899414,27.227352142333984,27.635801315307617,28.050260543823242,28.258438110351562,28.16453742980957,27.838655471801758,27.33231544494629,26.800994873046875,26.58802032470703,26.630229949951172,26.443944931030273,25.91560173034668,25.422847747802734
38.810028076171875,40.69879150390625,42.511695861816406,42.734622955322266,40.77899932861328,36.98142623901367,32.311988830566406,31.23683738708496,31.76784896850586,31.782785415649414,30.7945556640625,29.83372688293457,28.532384872436523,26.979158401489258,25.765893936157227,25.402376174926758,25.839794158935547,26.543628692626953,27.058273315429688,27.283674240112305,27.354616165161133,27.347963333129883,27.248117446899414,27.10161781311035,27.057857513427734,27.202394485473633,27.474838256835938,27.73503303527832,27.91555404663086,28.080821990966797,28.333877563476562,28.75890350341797,29.34745216369629,29.891775131225586,30.07793617248535,29.750608444213867,29.070411682128906,28.2906551361084,27.69617462158203,27.690351486206055,28.09795379638672,28.074691772460938,27.306488037109375,26.42823600769043
41.42234802246094,44.83701705932617,44.933074951171875,42.06599426269531,35.883724212646484,31.12738609313965,30.57337188720703,31.61456298828125,31.57270050048828,30.951372146606445,30.761945724487305,30.233882904052734,29.06398582458496,27.946128845214844,27.27787971496582,27.251468658447266,27.690385818481445,28.168428421020508,28.439542770385742,28.528644561767578,28.55215835571289,28.53350830078125,28.47844886779785,28.46223258972168,28.57378387451172,28.79182243347168,29.012083053588867,29.14371681213379,29.21666145324707,29.35677146911621,29.670936584472656,30.202726364135742,30.88363265991211,31.47408103942871,31.646076202392578,31.272178649902344,30.55714225769043,29.749103546142578,29.040424346923828,28.739303588867188,28.85224723815918,28.907819747924805,28.40346336364746,27.42327117919922
44.05890655517578,46.26539611816406,43.63581848144531,38.01646041870117,34.04789733886719,32.850120544433594,32.9779052734375,32.59074020385742,31.302061080932617,29.972387313842773,29.367759704589844,29.027162551879883,28.694923400878906,28.39698028564453,28.291475296020508,28.50135612487793,28.85541343688965,29.13311767578125,29.30539894104004,29.435747146606445,29.516721725463867,29.49422264099121,29.428651809692383,29.444089889526367,29.578853607177734,29.762144088745117,29.907590866088867,29.963144302368164,29.994836807250977,30.15535545349121,30.557571411132812,31.185361862182617,31.900182723999023,32.5128288269043,32.815155029296875,32.685691833496094,32.27360916137695,31.64655876159668,30.673625946044922,29.61187744140625,28.75253677368164,28.49969482421875,28.713037490844727,28.42368507385254
43.65276336669922,43.353633880615234,39.957454681396484,37.03981018066406,35.8213996887207,35.21488952636719,34.36034393310547,33.14753341674805,31.851224899291992,30.701862335205078,29.789630889892578,29.121021270751953,28.77381706237793,28.70301055908203,28.79930305480957,29.01222038269043,29.25217628479004,29.447628021240234,29.67268943786621,29.956056594848633,30.156204223632812,30.077661514282227,29.854564666748047,29.71830940246582,29.76796531677246,29.962177276611328,30.175474166870117,30.35321617126465,30.531709671020508,30.801273345947266,31.24764060974121,31.85985565185547,32.5703125,33.22975158691406,33.65074157714844,33.61095428466797,33.02543258666992,32.20089340209961,31.18146514892578,29.758594512939453,28.250513076782227,27.75208282470703,28.601829528808594,29.31146240234375
42.161460876464844,40.513214111328125,38.54306411743164,37.64440155029297,37.18313217163086,36.18790054321289,34.92318344116211,33.86918258666992,33.158687591552734,32.675716400146484,32.09284591674805,31.13557243347168,30.092021942138672,29.43262481689453,29.320453643798828,29.573183059692383,29.810157775878906,29.901460647583008,30.033369064331055,30.283626556396484,30.422771453857422,30.292438507080078,30.088945388793945,30.01734733581543,30.05113983154297,30.14506721496582,30.337419509887695,30.602128982543945,30.8678035736084,31.185110092163086,31.693988800048828,32.44629669189453,33.3765869140625,34.21889114379883,34.84630584716797,34.81029510498047,33.34104537963867,31.547292709350586,30.372671127319336,28.993999481201172,27.898839950561523,27.976306915283203,29.084733963012695,29.882295608520508
41.94699478149414,41.06443786621094,39.5073356628418,38.923622131347656,38.52295684814453,37.57908248901367,36.422088623046875,35.49180603027344,34.87135696411133,34.46018981933594,34.01826858520508,33.19435119628906,31.95952606201172,30.839675903320312,30.357746124267578,30.50077247619629,30.796791076660156,30.97165870666504,31.07699203491211,31.109359741210938,30.972909927368164,30.78232765197754,30.685155868530273,30.652097702026367,30.64386749267578,30.68621253967285,30.767929077148438,30.891075134277344,31.182287216186523,31.86256217956543,32.919586181640625,34.03216552734375,34.8077392578125,35.175018310546875,35.578147888183594,35.35658264160156,33.21088790893555,31.6466064453125,31.519567489624023,30.560344696044922,28.86907386779785,28.656253814697266,29.986909866333008,30.230012893676758
40.43622970581055,40.69583511352539,40.21614074707031,40.44160461425781,40.50364685058594,39.87818908691406,38.75556182861328,37.4788818359375,36.327693939208984,35.48002624511719,34.92466735839844,34.33784866333008,33.42112350463867,32.413780212402344,31.8491153717041,31.910049438476562,32.27159118652344,32.547977447509766,32.588157653808594,32.38631057739258,32.068031311035156,31.783201217651367,31.581754684448242,31.536239624023438,31.74410057067871,32.23749542236328,32.716007232666016,32.770774841308594,32.61233901977539,32.58032989501953,32.89466857910156,33.4464225769043,33.95094299316406,34.36753845214844,35.50430679321289,35.94354248046875,34.61577224731445,33.6616096496582,33.93822479248047,33.95780563354492,30.79123306274414,29.44388771057129,31.41793441772461,31.260610580444336
37.65899658203125,39.278987884521484,39.90018081665039,40.76323699951172,41.24414825439453,41.11737060546875,40.32292938232422,38.92330551147461,37.32360076904297,36.105098724365234,35.53480529785156,35.36933135986328,35.07228088378906,34.385902404785156,33.64012145996094,33.326515197753906,33.49738693237305,33.794227600097656,33.990570068359375,33.88222885131836,33.509456634521484,33.1745491027832,33.08495330810547,33.30561447143555,33.93962860107422,34.66765594482422,34.827171325683594,34.37592315673828,33.97012710571289,34.03643035888672,34.50070571899414,35.023780822753906,35.16307830810547,35.433650970458984,35.818931579589844,35.275142669677734,33.28960418701172,31.84843635559082,33.03122329711914,34.81553649902344,34.62257385253906,33.739288330078125,33.434303283691406,32.153594970703125
35.96302795410156,37.854984283447266,38.764495849609375,40.02416229248047,41.097537994384766,41.449684143066406,40.81696701049805,39.56707000732422,38.412635803222656,37.70952224731445,37.40336227416992,37.310855865478516,37.08259963989258,36.43149948120117,35.43894958496094,34.59794616699219,34.1519660949707,34.12666702270508,34.40467834472656,34.46544647216797,34.25153732299805,34.050559997558594,34.12676239013672,34.97721862792969,36.26731491088867,36.66171646118164,35.97035217285156,35.120994567871094,35.06291961669922,35.815731048583984,36.473140716552734,36.48051834106445,36.22463607788086,36.40504455566406,36.50764846801758,35.16083526611328,33.30144119262695,33.731422424316406,36.431602478027344,38.18230438232422,37.340728759765625,34.755149841308594,32.153343200683594,31.01327133178711
35.87516403198242,37.1946907043457,38.17469787597656,39.689971923828125,41.0921630859375,41.65666580200195,41.38127136230469,40.69728088378906,39.93156814575195,39.13145065307617,38.53154373168945,38.37492752075195,38.42107009887695,38.26496887207031,37.625614166259766,36.62726593017578,35.72159957885742,35.29084777832031,35.291114807128906,35.65541458129883,35.726470947265625,35.324310302734375,35.62346267700195,36.81758499145508,37.71498489379883,37.7471809387207,37.20112228393555,36.756473541259766,37.51291275024414,39.46489715576172,40.464813232421875,39.503936767578125,37.727455139160156,36.358219146728516,36.02386474609375,36.47270584106445,37.24897384643555,38.01163864135742,38.67047119140625,38.807674407958984,37.99747085571289,36.095787048339844,33.743370056152344,32.17823791503906
