data/wind_data/wind_71_1.json
{"header": {"parameterUnit": "KT", "parameterCategory": 2, "nx": 256, "ny": 198, "lo1": 44.73521041870117, "la1": -3.236724853515625, "lo2": 111.26478576660156, "la2": 43.468475341796875, "dx": 0.2609002888202667, "dy": -0.23708222806453705, "refTime": "2025-02-21 23:00:00", "forecastTime": 0, "parameterNumber": 2, "parameterNumberName": "eastward_wind"}, "data":
[rows 95 to 113 of 198, columns 86 to 128 of 256]
-0.6237050890922546,-2.006873369216919,-2.4291231632232666,-2.120274066925049,-1.1781935691833496,-0.6618175506591797,-0.04242956265807152,-0.5012910962104797,-1.23566734790802,-2.205730676651001,-3.220015525817871,-3.5210468769073486,-2.835329532623291,-3.3228843212127686,-1.7963488101959229,1.9771528244018555,3.779008388519287,2.9576451778411865,1.5121958255767822,-1.1681214570999146,-2.9877266883850098,-2.5597922801971436,-1.3734196424484253,-3.74181866645813,-5.528485298156738,-9.567095756530762,-9.433104515075684,-4.736996173858643,0.3408487141132355,3.190826892852783,3.214759588241577,-0.8097785115242004,-3.7886672019958496,-4.031270980834961,-2.4889557361602783,-3.3894028663635254,-5.026164531707764,-5.470983028411865,-5.055092811584473,-3.6265482902526855,-2.651115894317627,-1.9031908512115479,-2.908592462539673
-0.3625272214412689,-1.51499605178833,-1.937321424484253,-1.5448981523513794,-0.31211379170417786,-0.31234270334243774,-0.35164955258369446,-0.9011080265045166,-1.3487645387649536,-1.6100516319274902,-3.16548228263855,-4.233356952667236,-4.541004180908203,-3.772639513015747,-1.8235059976577759,2.2004024982452393,3.6142704486846924,2.8292477130889893,2.240323781967163,1.9975568056106567,-0.08452226966619492,-1.729394793510437,0.4415566325187683,-3.5382931232452393,-5.8757734298706055,-5.55097770690918,-5.698356628417969,-2.0669405460357666,1.8030506372451782,0.7507776021957397,-4.02103853225708,-10.603961944580078,-9.482376098632812,-6.7032294273376465,-3.3508613109588623,-1.920558214187622,-4.979013919830322,-9.067054748535156,-9.032809257507324,-6.47606897354126,-3.288817882537842,-1.5598561763763428,-1.598664402961731
0.25652649998664856,-0.7802825570106506,-1.0921334028244019,-0.843705415725708,0.041384875774383545,-0.5604242086410522,-0.7514872550964355,-1.254149079322815,-1.4607610702514648,-2.301013231277466,-2.0890612602233887,-2.4517860412597656,-4.158005714416504,-3.3375155925750732,-1.3624188899993896,0.6616220474243164,1.0888745784759521,2.1655726432800293,3.430673122406006,3.7701148986816406,3.0769028663635254,0.0780363604426384,0.40843823552131653,-0.12971246242523193,-2.005455732345581,-3.376821279525757,-4.3806843757629395,-1.4715124368667603,-3.070225715637207,-9.393747329711914,-10.70053768157959,-9.532536506652832,-7.736708164215088,-5.579221725463867,-3.063566207885742,-0.9890673160552979,-2.8626911640167236,-8.468460083007812,-10.842276573181152,-10.032318115234375,-6.583226680755615,-4.114450454711914,-2.0399231910705566
1.8985542058944702,0.5026409029960632,-0.3143405020236969,-0.6451235413551331,-0.4537603259086609,-0.9111069440841675,-1.054606318473816,-1.7215720415115356,-2.001842975616455,-3.1907241344451904,-2.635761022567749,-1.1564289331436157,-0.9225248098373413,-1.5556946992874146,-2.172991991043091,-2.4551303386688232,-0.025777367874979973,3.35614275932312,5.177802562713623,5.606047630310059,4.937103271484375,2.4367120265960693,0.6494612097740173,-0.14920109510421753,-0.001979935448616743,-3.9840781688690186,-4.6107892990112305,-5.81642484664917,-6.517350673675537,-5.244109153747559,-5.880509853363037,-5.2776594161987305,-3.289656162261963,-3.925098419189453,-4.722248077392578,-3.480219602584839,-3.3425047397613525,-6.965664386749268,-10.042559623718262,-10.328742980957031,-8.696722984313965,-7.0916643142700195,-4.162586688995361
3.9882142543792725,2.650277853012085,1.2201120853424072,-0.0045481338165700436,-0.9824010133743286,-1.8391914367675781,-2.113131523132324,-2.5935873985290527,-1.3279616832733154,-2.7159273624420166,-2.8183772563934326,-1.8931858539581299,-0.11439391225576401,-0.36914196610450745,-3.5759849548339844,-3.005838394165039,1.2705316543579102,4.506252288818359,5.36379337310791,4.2082037925720215,3.913428783416748,3.260941982269287,2.1426050662994385,-2.3520987033843994,-2.632577419281006,-0.6385680437088013,-2.668069362640381,-7.220284461975098,-4.003390789031982,-0.6870701909065247,-1.703795075416565,-3.699777364730835,-2.7501444816589355,-1.4014583826065063,-1.9017177820205688,-2.450496196746826,-2.919243097305298,-5.809639930725098,-9.424186706542969,-10.001799583435059,-7.069260120391846,-5.539996147155762,-7.319765567779541
5.150617599487305,4.720022678375244,3.8713390827178955,2.052947521209717,-0.1882534921169281,-1.6812647581100464,-2.9031097888946533,-2.7654571533203125,-0.9560257196426392,-2.259129285812378,-1.6693670749664307,-2.0230977535247803,-1.3582121133804321,-0.9655390977859497,-3.4614479541778564,-2.719208240509033,1.7951829433441162,4.153167247772217,4.544459819793701,3.8120648860931396,1.9659093618392944,1.399393916130066,0.7830272316932678,-4.612234115600586,-3.2471742630004883,1.2888662815093994,-1.9469376802444458,-6.478609085083008,-4.084439277648926,-3.756803512573242,-5.090178966522217,-5.488353729248047,-4.611413955688477,-1.2181682586669922,0.6273376941680908,-0.7313887476921082,-2.6348979473114014,-4.30812406539917,-7.097268104553223,-9.271830558776855,-5.523448944091797,-3.877598762512207,-8.8956298828125
4.85079288482666,5.354947090148926,4.880509376525879,3.9773433208465576,2.6161417961120605,0.11619395762681961,-2.726855993270874,-3.0212411880493164,-3.340334415435791,-1.7989774942398071,-0.5805734395980835,-2.61609148979187,-4.631467819213867,-2.688659429550171,-2.7879858016967773,-2.494960069656372,0.4527580142021179,2.896934747695923,4.0762739181518555,2.4290993213653564,-1.1937949657440186,-2.7351295948028564,-3.693150520324707,-6.361212253570557,-4.553981304168701,0.16491593420505524,-3.2792553901672363,-6.968838214874268,-5.091231822967529,-8.286859512329102,-8.605411529541016,-7.412528991699219,-6.059566497802734,-3.907017946243286,-2.474729299545288,-1.411473035812378,0.4117446839809418,-0.23572814464569092,-3.5245375633239746,-6.748256206512451,-5.877996444702148,-5.071499347686768,-7.315013885498047
4.461023330688477,5.117626667022705,5.27358865737915,4.832085132598877,3.9250755310058594,1.9534618854522705,-1.6733510494232178,-4.258756160736084,-5.295376300811768,-2.425776720046997,0.010100752115249634,-1.4272875785827637,-3.864046096801758,-2.941920042037964,-2.4687483310699463,-2.48689341545105,-0.5274785161018372,2.050337553024292,2.3635244369506836,0.10947384685277939,-2.848264455795288,-4.7177324295043945,-5.735260486602783,-6.051422119140625,-4.905933380126953,-5.302091121673584,-8.353585243225098,-7.5610222816467285,-6.40534782409668,-9.799534797668457,-8.746230125427246,-6.086259365081787,-5.29843807220459,-4.929627895355225,-3.815643787384033,-2.3945953845977783,-1.424190878868103,-0.5024372935295105,-1.249459981918335,-2.7640955448150635,-1.8275572061538696,-1.7848981618881226,-4.585225582122803
3.9998602867126465,4.778835296630859,5.9864182472229,6.828683853149414,5.045909881591797,2.4807920455932617,-0.6090483069419861,-4.338232517242432,-4.380152702331543,-1.6901462078094482,0.6081224679946899,0.7991828918457031,-0.9795923829078674,-2.7611405849456787,-2.3503782749176025,-1.626468300819397,-0.5493190884590149,0.4710674285888672,-0.7904373407363892,-2.390044927597046,-3.584628105163574,-3.9177405834198,-5.158761978149414,-7.197894096374512,-5.955467700958252,-5.6060028076171875,-6.375107765197754,-7.394333362579346,-7.762049198150635,-9.252388954162598,-7.955939769744873,-5.3149285316467285,-2.9712138175964355,-2.566934108734131,-2.39963436126709,-2.320448398590088,-2.855062246322632,-3.1132683753967285,-3.593985080718994,-3.2956414222717285,-0.6691926717758179,2.182866334915161,0.7840900421142578
2.9558017253875732,4.255298137664795,5.5254011154174805,6.4676127433776855,5.951923847198486,2.1590287685394287,0.25877466797828674,-2.202625036239624,-2.1175894737243652,0.5270870923995972,2.2671875953674316,1.6299704313278198,-1.971176028251648,-5.0363664627075195,-3.213683843612671,-1.8198597431182861,-2.548015832901001,-3.0341360569000244,-3.476663589477539,-4.382516860961914,-4.687146186828613,-3.6020054817199707,-5.358644485473633,-8.65351390838623,-6.222911834716797,-4.010619163513184,-3.2325005531311035,-2.5917036533355713,-9.010880470275879,-9.981795310974121,-6.955804824829102,-4.0373334884643555,-2.2539234161376953,-2.3282504081726074,-1.3563446998596191,-0.5525009036064148,-1.4178961515426636,-3.695345640182495,-4.259618282318115,-2.3614726066589355,0.5068353414535522,0.5125624537467957,-0.5737459659576416
3.2921512126922607,3.3375627994537354,3.79109263420105,2.665632486343384,3.2979931831359863,2.2465693950653076,-0.04557967558503151,-1.0708645582199097,0.5531263947486877,1.741811752319336,1.6461633443832397,-0.3956432342529297,-4.501267433166504,-6.1484375,-3.4156365394592285,-2.2463181018829346,-3.1899263858795166,-3.7671711444854736,-3.967775821685791,-4.954530715942383,-5.883681297302246,-4.920094013214111,-6.533329963684082,-9.819071769714355,-6.664723873138428,-1.4098237752914429,-1.4606773853302002,0.2552579939365387,-6.936909198760986,-11.809185028076172,-5.382416725158691,-1.8635116815567017,-0.9680206179618835,-2.24459171295166,-1.266720175743103,-0.34755393862724304,-1.4591777324676514,-3.030987024307251,-2.833556890487671,-1.2585805654525757,1.2291184663772583,-0.500773549079895,-3.710771083831787
2.1924307346343994,1.0445154905319214,2.176851749420166,0.7964197397232056,0.37104472517967224,0.33136463165283203,-0.1366286426782608,0.36301666498184204,0.5660309195518494,-0.9269735217094421,-3.8564836978912354,-5.753406047821045,-6.815880298614502,-6.068243503570557,-4.013265132904053,-2.9280664920806885,-2.217862367630005,-2.329906463623047,-3.26882266998291,-5.30192756652832,-6.8209638595581055,-5.298508167266846,-5.71187162399292,-10.04572868347168,-6.7610673904418945,0.5559045076370239,0.8736943006515503,-1.325561761856079,-7.863405704498291,-10.053759574890137,-4.23427677154541,0.1273767352104187,-0.3252354860305786,-2.4469635486602783,-0.6096847653388977,0.46205541491508484,-1.136755347251892,-2.4557056427001953,-2.4909329414367676,-1.208760380744934,1.4398674964904785,1.112959861755371,-2.7429120540618896
-0.2614353895187378,-0.7675772309303284,1.978515863418579,0.2601798474788666,0.49241068959236145,1.1052923202514648,-0.25300949811935425,-2.0264620780944824,-4.098983287811279,-5.778914451599121,-5.7277140617370605,-4.862062931060791,-5.04906702041626,-5.7819929122924805,-5.361299514770508,-4.29898738861084,-2.9221301078796387,-2.7098584175109863,-3.2323734760284424,-4.9404144287109375,-7.1863322257995605,-5.601571559906006,-5.071893692016602,-9.80475902557373,-6.62434196472168,0.9291789531707764,1.0887774229049683,-3.1214163303375244,-7.200411319732666,-6.626702308654785,-2.0316696166992188,1.358738660812378,0.4111345112323761,-0.018198391422629356,1.7605395317077637,2.0317070484161377,-0.02669646590948105,-2.321790933609009,-3.1981287002563477,-2.1700680255889893,0.6288959980010986,3.1642961502075195,-0.5840395092964172
-2.169938564300537,-1.648622751235962,-0.3770239055156708,-1.8142178058624268,-0.21506278216838837,-0.5140549540519714,-2.145099401473999,-2.7446577548980713,-3.370262861251831,-4.6549835205078125,-3.9543075561523438,-2.53875732421875,-3.313586950302124,-5.486856460571289,-5.954740047454834,-4.997001647949219,-3.71340274810791,-3.509431838989258,-4.524072170257568,-4.981963157653809,-7.539860248565674,-6.992956638336182,-5.308529853820801,-9.772418022155762,-7.893398284912109,-0.06584855169057846,1.0830283164978027,-4.175289154052734,-5.3513641357421875,-3.6333327293395996,-0.5829108953475952,0.6819555759429932,0.39414525032043457,1.8332388401031494,2.7435638904571533,2.4648311138153076,0.4189611077308655,-2.7193198204040527,-4.027292728424072,-3.1782259941101074,0.058948077261447906,3.6573994159698486,1.6668131351470947
-2.2767059803009033,-2.82464861869812,-3.2044966220855713,-2.691572904586792,-1.1121928691864014,-1.2714225053787231,-2.7088818550109863,-2.548644781112671,-2.3673598766326904,-3.6051576137542725,-3.709214448928833,-3.585225820541382,-4.909875869750977,-6.547597885131836,-5.974218845367432,-5.018319606781006,-4.40842342376709,-3.589353322982788,-5.326951026916504,-7.753041744232178,-9.732653617858887,-8.707023620605469,-7.468891143798828,-11.032734870910645,-8.93783950805664,-1.6270188093185425,1.3521757125854492,-1.4120161533355713,-2.5898044109344482,-2.6475517749786377,-1.9218499660491943,-0.5605053901672363,0.3131130039691925,1.9596325159072876,2.7035579681396484,1.2004354000091553,-0.46088212728500366,-3.182415723800659,-5.229200839996338,-4.072169780731201,-0.729243814945221,2.4404594898223877,2.8883209228515625
-2.8027822971343994,-5.2170796394348145,-5.89657735824585,-3.4005520343780518,-1.4566117525100708,-0.5897397994995117,-2.6204004287719727,-2.8176844120025635,-2.5577292442321777,-3.5695600509643555,-4.65280294418335,-5.505521774291992,-6.800444602966309,-7.382774829864502,-6.738803386688232,-5.563933849334717,-4.771387100219727,-4.314772129058838,-6.285895824432373,-10.069133758544922,-9.854449272155762,-7.319483280181885,-8.220742225646973,-13.664630889892578,-10.552542686462402,-3.002530336380005,0.9044705629348755,0.8991228342056274,-0.6217586994171143,-3.2638351917266846,-2.1197097301483154,-0.009185669012367725,0.11847061663866043,1.5633764266967773,3.7935380935668945,2.1264963150024414,-0.7277477979660034,-4.055208683013916,-6.380827903747559,-4.1777424812316895,-1.6974661350250244,1.573961853981018,4.640705108642578
-8.120219230651855,-8.370575904846191,-4.603312969207764,-1.0786128044128418,-0.6819177269935608,0.7275170683860779,-1.437234878540039,-3.0192675590515137,-2.2594199180603027,-3.0214970111846924,-5.331985950469971,-7.324228286743164,-8.957504272460938,-9.21591567993164,-7.8152174949646,-6.183243274688721,-5.411001205444336,-5.666818618774414,-6.633292198181152,-8.447348594665527,-7.798318386077881,-4.806460857391357,-6.018311500549316,-12.557636260986328,-11.523974418640137,-5.6790971755981445,-0.6311601996421814,0.267647922039032,-0.16845408082008362,-1.4157404899597168,0.46648868918418884,1.1198316812515259,1.1144535541534424,3.1738803386688232,4.651634216308594,3.824141263961792,-0.10018431395292282,-5.44658899307251,-6.104243755340576,-3.5315940380096436,-1.9744551181793213,1.7960208654403687,6.419543743133545
-11.804489135742188,-6.236021995544434,-2.578338146209717,1.2877743244171143,0.9315961003303528,1.8986536264419556,0.9334526062011719,-2.6915669441223145,-2.5770461559295654,-2.6486599445343018,-4.751782417297363,-8.014156341552734,-10.200420379638672,-10.592204093933105,-9.582406997680664,-7.870057106018066,-6.183218479156494,-5.115170955657959,-5.832087516784668,-7.670433521270752,-6.899925231933594,-5.571023464202881,-4.391160011291504,-7.614504337310791,-11.1160888671875,-9.311798095703125,-4.664504051208496,-0.9279471635818481,0.4225447177886963,1.2066450119018555,2.7446701526641846,2.95127534866333,4.2408857345581055,5.724103927612305,4.902350902557373,3.930828332901001,-0.2714901268482208,-6.3026323318481445,-4.722007751464844,-2.825352191925049,-0.5959222316741943,3.2973759174346924,6.473716735839844
-7.436408042907715,-5.143088340759277,-0.7544070482254028,3.0527093410491943,2.808875560760498,2.9226465225219727,3.3448588848114014,-1.408894658088684,-2.7512223720550537,-3.46713924407959,-4.7687482833862305,-6.9508490562438965,-9.853752136230469,-11.5108642578125,-11.435304641723633,-9.463178634643555,-6.540706634521484,-4.784562587738037,-5.946274280548096,-9.163702011108398,-7.764863014221191,-5.243724822998047,-5.464964389801025,-3.701709747314453,-7.9373250007629395,-11.794498443603516,-8.642537117004395,-2.363213300704956,0.6015591621398926,1.7694355249404907,2.729410171508789,4.097901344299316,5.525068283081055,5.519367694854736,3.2751808166503906,2.8847646713256836,-1.4327768087387085,-6.5772905349731445,-3.5252857208251953,-1.7624465227127075,1.625599980354309,5.78074312210083,5.922319412231445
