data/wind_data/wind_Surface_31.json
{"header": {"parameterUnit": "KT", "parameterCategory": 2, "nx": 255, "ny": 198, "lo1": 44.73521041870117, "la1": -3.236724853515625, "lo2": 111.26478576660156, "la2": 43.468475341796875, "dx": 0.26192745566368103, "dy": -0.23708222806453705, "refTime": "2025-02-20 07:00:00", "forecastTime": 0, "parameterNumber": 2, "parameterNumberName": "eastward_wind"}, "data":
[rows 76 to 94 of 198, columns 86 to 128 of 255]
-2.6294476985931396,-2.2339043617248535,-2.3580739498138428,-2.8309004306793213,-3.153137445449829,-3.4856374263763428,-3.796815872192383,-3.9695827960968018,-3.995305061340332,-3.8958442211151123,-3.710808515548706,-3.6256163120269775,-3.5465753078460693,-3.457024097442627,-2.9941580295562744,-2.1852424144744873,-1.5271718502044678,-1.2408638000488281,-1.0779469013214111,-0.542350172996521,0.7879340648651123,3.9160327911376953,6.303858280181885,8.727228164672852,0.6668209433555603,-7.602309226989746,-9.417265892028809,-11.551314353942871,-11.010364532470703,-10.37943172454834,-9.24009895324707,-8.526568412780762,-8.240840911865234,-7.359225749969482,-6.141627311706543,-5.268702507019043,-4.476310729980469,-3.9398434162139893,-3.0888283252716064,-2.2141292095184326,-1.2817245721817017,-0.6329432129859924,0.12849971652030945
-2.097313165664673,-1.8281821012496948,-1.9612772464752197,-2.343380928039551,-2.7077927589416504,-3.1409506797790527,-3.5662128925323486,-3.836700677871704,-3.924970865249634,-3.835505247116089,-3.6266660690307617,-3.61763858795166,-3.6259984970092773,-3.5383951663970947,-3.103808641433716,-2.4507107734680176,-1.7957065105438232,-1.2263540029525757,-0.7523884177207947,-0.12120594084262848,1.3282222747802734,4.388321399688721,7.245856761932373,9.686034202575684,0.4114232063293457,-7.8531174659729,-9.403641700744629,-12.061186790466309,-11.451153755187988,-11.742295265197754,-11.717971801757812,-10.7028226852417,-10.112377166748047,-8.93356704711914,-7.440792083740234,-5.928819179534912,-4.751922130584717,-4.061962127685547,-3.1408932209014893,-2.4446473121643066,-0.9079171419143677,0.0719117671251297,0.09084530174732208
-1.5356570482254028,-1.2910730838775635,-1.3921737670898438,-1.829237461090088,-2.2020020484924316,-2.6692492961883545,-3.219993829727173,-3.590639352798462,-3.8444879055023193,-3.8587820529937744,-3.6490535736083984,-3.665154218673706,-3.6697850227355957,-3.60471773147583,-3.3728482723236084,-2.9668943881988525,-2.2881405353546143,-1.4258439540863037,-0.6838475465774536,0.29511579871177673,2.248887538909912,4.977015972137451,8.049650192260742,10.490513801574707,0.6428303122520447,-8.44382381439209,-9.940518379211426,-11.462712287902832,-12.066502571105957,-12.933560371398926,-12.656027793884277,-11.962085723876953,-10.935715675354004,-9.63967227935791,-8.27484130859375,-6.703508377075195,-5.547084331512451,-4.818192481994629,-3.8016786575317383,-2.9513421058654785,-1.4424118995666504,-0.20841845870018005,0.5641162991523743
-1.1410999298095703,-1.028859257698059,-1.1443777084350586,-1.4987516403198242,-1.9473246335983276,-2.4364168643951416,-2.957273006439209,-3.4321587085723877,-3.777981758117676,-3.851088285446167,-3.743448257446289,-3.816652774810791,-3.793149471282959,-3.7467238903045654,-3.759023427963257,-3.5981898307800293,-2.977116823196411,-2.0398921966552734,-0.9387301802635193,0.6398289203643799,3.0303330421447754,5.4583740234375,8.406359672546387,7.307920932769775,-0.8509851694107056,-8.036376953125,-9.391935348510742,-9.618247032165527,-11.036711692810059,-11.428078651428223,-11.334149360656738,-10.872227668762207,-10.161738395690918,-9.105676651000977,-7.92361307144165,-7.2530717849731445,-6.506344795227051,-5.896611213684082,-5.2299628257751465,-4.328665256500244,-3.1735899448394775,-1.7608935832977295,0.013324572704732418
-0.8640960454940796,-0.872130274772644,-1.0306628942489624,-1.4150060415267944,-1.8185627460479736,-2.2373275756835938,-2.7862160205841064,-3.3313546180725098,-3.6643011569976807,-3.801513671875,-3.8764071464538574,-3.9820032119750977,-3.934706926345825,-3.9404351711273193,-4.175631046295166,-4.173291206359863,-3.578645944595337,-2.6203134059906006,-1.206996202468872,0.7105267643928528,3.3384666442871094,6.117241859436035,9.035609245300293,5.653008460998535,-2.162033796310425,-8.124070167541504,-9.799077987670898,-9.923802375793457,-10.17888069152832,-9.255818367004395,-8.869281768798828,-9.103565216064453,-9.071413040161133,-8.578659057617188,-8.312248229980469,-7.522683143615723,-6.701416015625,-5.85316276550293,-5.321725368499756,-4.984917163848877,-4.678891181945801,-3.9767537117004395,-2.9894421100616455
-0.7792820930480957,-0.8821987509727478,-1.0672111511230469,-1.417117714881897,-1.6800974607467651,-2.063223123550415,-2.6632254123687744,-3.1429216861724854,-3.445462465286255,-3.723944902420044,-3.971726179122925,-4.0174384117126465,-4.026908874511719,-4.013696670532227,-4.384928226470947,-4.643031597137451,-4.223110198974609,-3.200857639312744,-1.6462708711624146,0.5273361802101135,3.4234354496002197,7.019021034240723,10.203516006469727,4.995468616485596,-2.1781585216522217,-7.459064483642578,-9.467595100402832,-9.039436340332031,-8.910475730895996,-7.432882785797119,-6.453524589538574,-6.81858491897583,-7.8836669921875,-8.387548446655273,-8.423248291015625,-7.368518829345703,-6.581630229949951,-5.8647050857543945,-5.42507266998291,-5.035870552062988,-4.546429634094238,-4.585277557373047,-3.717047929763794
-0.8620284199714661,-1.2378005981445312,-1.5181095600128174,-1.631913185119629,-1.67165207862854,-1.9563030004501343,-2.4091224670410156,-2.75781512260437,-3.1351616382598877,-3.601986885070801,-4.015488624572754,-4.115542411804199,-4.073455810546875,-4.198812007904053,-4.657721042633057,-5.006804943084717,-4.736855983734131,-3.8980658054351807,-2.201029062271118,0.25872331857681274,3.09787917137146,7.364181041717529,8.824562072753906,2.402336597442627,-3.5067389011383057,-7.2957868576049805,-9.098296165466309,-8.095973014831543,-7.400845527648926,-6.491089344024658,-5.848161697387695,-5.52177619934082,-5.413309574127197,-6.678232669830322,-8.080497741699219,-7.7355146408081055,-6.801844596862793,-5.856479167938232,-5.224761009216309,-4.808338165283203,-4.30591344833374,-3.4714128971099854,-2.997483730316162
-0.9984003901481628,-1.5292202234268188,-1.7924456596374512,-1.6559386253356934,-1.5365159511566162,-1.675304651260376,-1.9077045917510986,-2.1784708499908447,-2.7121641635894775,-3.44238543510437,-3.9893596172332764,-4.056529998779297,-3.9537394046783447,-4.227428913116455,-4.747524738311768,-5.1664299964904785,-5.100059509277344,-4.491445541381836,-2.9075570106506348,-0.32859212160110474,2.8668594360351562,6.119999408721924,2.3134500980377197,-1.0907245874404907,-3.6976022720336914,-7.111797332763672,-7.246237754821777,-7.103425025939941,-6.6884989738464355,-6.8357157707214355,-6.455631732940674,-5.7228899002075195,-5.03619384765625,-5.783908367156982,-6.652801990509033,-6.893239498138428,-6.665766716003418,-5.965244770050049,-4.836292266845703,-4.225344181060791,-3.5884511470794678,-2.5265626907348633,-2.5524330139160156
-1.5087521076202393,-1.8605358600616455,-1.8279776573181152,-1.5780302286148071,-1.379475474357605,-1.2695965766906738,-1.3175158500671387,-1.5770444869995117,-2.2501020431518555,-3.225013494491577,-3.952347755432129,-4.1224589347839355,-4.069065093994141,-4.3037190437316895,-4.83574104309082,-5.4046406745910645,-5.533560752868652,-5.025811672210693,-3.4924392700195312,-0.8767051696777344,2.50380277633667,5.061588287353516,1.8887174129486084,-2.3324739933013916,-5.481368064880371,-6.788909912109375,-6.354058742523193,-5.8063225746154785,-5.490952968597412,-6.011178493499756,-5.67767333984375,-5.647193908691406,-5.92250394821167,-6.348299026489258,-6.115987777709961,-5.685617923736572,-5.545990467071533,-5.879978656768799,-5.586482048034668,-3.9314444065093994,-3.1191091537475586,-2.216219663619995,-1.4920318126678467
-1.9530705213546753,-2.0989487171173096,-1.8659018278121948,-1.5236486196517944,-1.1457810401916504,-0.9308382272720337,-0.9925603270530701,-1.2641929388046265,-1.9433844089508057,-2.9829463958740234,-3.8077268600463867,-4.057070732116699,-4.106618881225586,-4.238901138305664,-4.799755573272705,-5.530337810516357,-5.724696636199951,-5.232320308685303,-3.703930139541626,-1.1206450462341309,2.3134570121765137,5.2029900550842285,1.2646554708480835,-1.286177158355713,-4.254562854766846,-7.254580020904541,-6.166845321655273,-5.897581577301025,-5.488619327545166,-6.068012237548828,-5.986458778381348,-6.178891181945801,-6.199599742889404,-5.933344841003418,-5.475275993347168,-4.7967209815979,-4.229466438293457,-4.335648059844971,-4.744266510009766,-4.311913013458252,-3.002938747406006,-1.733961820602417,-1.013534665107727
-2.3964991569519043,-2.4632582664489746,-2.206940174102783,-1.7360467910766602,-1.083199143409729,-0.6754202842712402,-0.7406107783317566,-1.1361538171768188,-1.8210417032241821,-2.76814603805542,-3.5247199535369873,-3.7813477516174316,-3.7214746475219727,-3.880039691925049,-4.623085975646973,-5.472531318664551,-5.560061931610107,-4.910426139831543,-3.4882404804229736,-1.0355150699615479,2.2866244316101074,5.711867809295654,1.5372600555419922,0.2582869529724121,-1.9880735874176025,-6.943510055541992,-6.6951446533203125,-7.095985412597656,-6.384138107299805,-5.738377094268799,-5.369085311889648,-5.926318645477295,-5.932018756866455,-5.1923017501831055,-4.780555248260498,-4.30936861038208,-3.6199519634246826,-3.3221890926361084,-2.9838600158691406,-2.948204278945923,-2.7680020332336426,-1.816372275352478,-1.0816211700439453
-2.296185255050659,-2.5037074089050293,-2.292929172515869,-1.7808172702789307,-0.995617151260376,-0.4371079206466675,-0.510807454586029,-1.0821415185928345,-1.793062448501587,-2.529521942138672,-3.1192586421966553,-3.2492949962615967,-3.1763083934783936,-3.4349606037139893,-4.406830310821533,-5.3847503662109375,-5.470033168792725,-4.825549125671387,-3.4651920795440674,-0.7500253319740295,3.10404634475708,6.518266201019287,1.491126298904419,0.4562346935272217,-0.8086385726928711,-6.344065189361572,-7.287213325500488,-7.459686756134033,-5.864328861236572,-4.794556617736816,-4.225016117095947,-4.416162014007568,-4.427364826202393,-4.003190517425537,-3.6945128440856934,-3.7700743675231934,-3.483302354812622,-2.7902965545654297,-2.2273430824279785,-2.0546176433563232,-1.970202088356018,-1.6258556842803955,-1.3162785768508911
-2.105050563812256,-2.196524143218994,-1.9359041452407837,-1.4488848447799683,-0.7970902919769287,-0.3742471933364868,-0.49697813391685486,-1.0768616199493408,-1.727555751800537,-2.106135368347168,-2.4218533039093018,-2.6503853797912598,-2.5643184185028076,-2.857412815093994,-4.076210021972656,-5.471451759338379,-5.952991485595703,-5.572633743286133,-4.1502203941345215,-0.7865816354751587,4.8542304039001465,5.146626949310303,0.5693637132644653,-0.13347969949245453,-1.7310515642166138,-5.932291507720947,-7.171167850494385,-6.685118675231934,-4.7492241859436035,-3.6875193119049072,-3.1839184761047363,-3.589784622192383,-3.7166736125946045,-3.208660364151001,-2.870530605316162,-3.026564121246338,-3.3005661964416504,-2.8236165046691895,-2.5146470069885254,-2.2260191440582275,-1.8571743965148926,-1.3720459938049316,-1.071032166481018
-1.7252516746520996,-1.5706017017364502,-1.1038156747817993,-0.6346051096916199,-0.2503063678741455,-0.15880034863948822,-0.42089924216270447,-0.9657576084136963,-1.5288491249084473,-1.6729111671447754,-1.385953664779663,-1.161212682723999,-1.4437768459320068,-2.1302053928375244,-3.4785382747650146,-5.351835250854492,-6.481205463409424,-6.482094764709473,-5.242836952209473,-1.6318377256393433,2.9236202239990234,-0.6882990598678589,-1.588428020477295,0.510026216506958,-2.0904486179351807,-4.4019904136657715,-6.1190290451049805,-5.776631832122803,-4.660277843475342,-3.2788000106811523,-2.849346399307251,-3.235743284225464,-3.180910348892212,-2.595949411392212,-2.217041015625,-2.4018099308013916,-2.7185158729553223,-2.6279373168945312,-2.4145398139953613,-2.263181447982788,-1.928555965423584,-0.9209321737289429,-0.789104163646698
-1.2058392763137817,-0.830064594745636,-0.30434057116508484,0.06882505863904953,0.1722564548254013,-0.0422329306602478,-0.443742036819458,-0.9499220848083496,-1.402860164642334,-1.1821426153182983,-0.14574167132377625,0.782306432723999,0.23222731053829193,-1.3425278663635254,-3.0380897521972656,-5.037884712219238,-6.588560104370117,-7.045901775360107,-6.430996417999268,-3.461012601852417,-0.46811750531196594,-1.5442448854446411,-2.0957601070404053,-0.5737992525100708,-0.9630624055862427,-2.8207902908325195,-4.580440521240234,-5.249212741851807,-4.80234432220459,-3.5088272094726562,-2.6154744625091553,-2.463602304458618,-2.2263379096984863,-1.882249116897583,-1.537127137184143,-1.604363203048706,-1.6252132654190063,-1.3105812072753906,-1.5196952819824219,-1.5479917526245117,-1.3923771381378174,-0.6264318227767944,-0.6738134622573853
-0.5680151581764221,-0.10251042991876602,0.3629639744758606,0.6029090285301208,0.5422775745391846,0.13889634609222412,-0.4255429208278656,-1.027164340019226,-1.3592363595962524,-0.6459357142448425,0.9459251165390015,2.7820475101470947,2.7595555782318115,0.286916583776474,-2.5597169399261475,-5.358075141906738,-7.586704254150391,-8.206425666809082,-7.454172134399414,-5.093273162841797,-2.2053675651550293,-1.1044687032699585,-2.6518821716308594,-1.8164958953857422,-0.3924063742160797,-1.4295519590377808,-3.2406351566314697,-4.8443498611450195,-4.688227653503418,-3.432628870010376,-1.779430866241455,-1.3229178190231323,-0.8985583186149597,-0.7774978876113892,-0.7845560908317566,-0.8055115938186646,-0.49587327241897583,0.1735028326511383,0.03812394291162491,-0.49128687381744385,-0.6467202305793762,-0.4494052529335022,-1.0505683422088623
0.07341790199279785,0.6056272983551025,0.9913401007652283,1.0239112377166748,0.7450529932975769,0.1663922816514969,-0.48891720175743103,-1.1107004880905151,-1.185638427734375,-0.0603732131421566,1.785050392150879,4.795017242431641,5.886017799377441,2.436201810836792,-2.064534902572632,-5.598928928375244,-8.337681770324707,-9.281177520751953,-8.232534408569336,-6.097801685333252,-1.6316819190979004,2.544459819793701,-2.208482027053833,-3.3061821460723877,-0.9485965967178345,-1.522936224937439,-2.3146164417266846,-4.065628528594971,-3.7081053256988525,-3.0274505615234375,-1.301316499710083,-0.4000568687915802,0.47993770241737366,0.5653956532478333,0.24633055925369263,0.32784584164619446,0.880118727684021,1.5661519765853882,1.2482566833496094,0.32878929376602173,-0.054356131702661514,-0.38225167989730835,-1.379319667816162
0.5857962369918823,1.1083115339279175,1.531803846359253,1.5244437456130981,1.0740463733673096,0.19825339317321777,-0.6544805765151978,-1.2572028636932373,-0.968817949295044,0.5321264266967773,3.04521107673645,7.00650691986084,6.840152740478516,3.9827072620391846,-1.804715871810913,-6.707490921020508,-10.181279182434082,-9.978958129882812,-8.388875961303711,-5.872567653656006,-0.9603265523910522,1.4773578643798828,-2.1277990341186523,-3.222200632095337,-1.9258860349655151,-1.3501290082931519,-1.3905839920043945,-2.559823513031006,-2.341230630874634,-1.9714443683624268,-0.5177278518676758,0.5236908793449402,1.3816249370574951,1.2556350231170654,0.8840433359146118,1.4661988019943237,1.979449987411499,2.4527485370635986,2.0434513092041016,0.4768434464931488,-0.07249470055103302,-0.26760348677635193,-1.2191694974899292
1.1865884065628052,1.6999273300170898,2.1483941078186035,2.191368341445923,1.6164368391036987,0.4987410306930542,-0.4865488111972809,-0.982239842414856,-0.395284503698349,1.5334583520889282,5.276394367218018,6.169775009155273,3.7061898708343506,2.573814868927002,1.9526958465576172,-0.08225928992033005,-5.615663051605225,-10.562455177307129,-9.199159622192383,-6.269820213317871,-0.2898729145526886,0.8662999868392944,-1.6293151378631592,-1.7827508449554443,-1.740405797958374,-1.4358729124069214,-1.1135514974594116,-1.2893387079238892,-1.3043084144592285,-0.5933027863502502,0.6141007542610168,1.4993610382080078,2.057159185409546,1.1335946321487427,0.6671559810638428,1.5061668157577515,2.062751293182373,2.707392930984497,2.0257885456085205,0.07947812974452972,-0.797014057636261,-0.5016685128211975,-0.9208329319953918
