data/wind_data/wind_2_7.json
{"header": {"parameterUnit": "KT", "parameterCategory": 2, "nx": 256, "ny": 198, "lo1": 44.73521041870117, "la1": -3.236724853515625, "lo2": 111.26478576660156, "la2": 43.468475341796875, "dx": 0.2609002888202667, "dy": -0.23708222806453705, "refTime": "2025-02-19 02:00:00", "forecastTime": 0, "parameterNumber": 2, "parameterNumberName": "eastward_wind"}, "data":
[rows 160 to 179 of 198, columns 88 to 131 of 256]
58.10057067871094,58.08368682861328,58.58912658691406,59.37145233154297,59.453121185302734,59.276397705078125,59.75370788574219,60.36260986328125,60.29916000366211,59.91355895996094,59.719539642333984,59.918601989746094,60.15293502807617,59.7346076965332,59.84768295288086,61.09773254394531,61.96689224243164,62.092594146728516,61.93732452392578,61.707950592041016,60.96074676513672,59.73987579345703,58.980873107910156,58.8095817565918,59.114356994628906,60.03684997558594,60.94697189331055,61.179931640625,60.815826416015625,60.15552520751953,59.732704162597656,59.97901153564453,60.31235885620117,59.99309158325195,59.32600402832031,59.189964294433594,59.9926872253418,61.16181182861328,61.95157241821289,61.68285369873047,59.601322174072266,56.48221969604492,54.01808547973633,52.967262268066406
56.518341064453125,56.7889404296875,57.18109130859375,57.78163146972656,57.83860778808594,57.6541748046875,58.076900482177734,58.56196975708008,58.32917022705078,57.74723815917969,57.34671401977539,57.97294616699219,58.854225158691406,58.522525787353516,58.37446212768555,58.962646484375,59.68649673461914,60.15257263183594,59.89336013793945,59.34040451049805,58.368133544921875,57.22654342651367,56.50083923339844,55.928497314453125,55.826908111572266,56.74233627319336,57.894691467285156,58.3936653137207,58.351261138916016,58.07785415649414,57.95509338378906,58.21100616455078,58.159507751464844,57.40407180786133,57.0134162902832,57.63447570800781,58.61069107055664,59.381832122802734,59.59549331665039,58.63930892944336,56.262386322021484,53.34770202636719,51.39655303955078,50.783451080322266
55.272132873535156,55.71097946166992,56.028194427490234,56.36453628540039,56.29298400878906,56.029117584228516,56.183929443359375,56.28642272949219,56.10130310058594,56.06181716918945,56.02126693725586,56.410606384277344,57.063323974609375,57.102012634277344,56.934326171875,56.859649658203125,57.013851165771484,57.404788970947266,57.7309684753418,57.437747955322266,56.11345672607422,54.71536636352539,53.81631088256836,53.264339447021484,53.41383743286133,54.399967193603516,55.482398986816406,56.176815032958984,56.25605392456055,56.06509017944336,56.230552673339844,56.43256378173828,55.96225357055664,55.21935272216797,55.357784271240234,56.313079833984375,57.11762237548828,57.48074722290039,57.054466247558594,55.48194122314453,52.976078033447266,50.48819351196289,49.015357971191406,48.42890930175781
53.97270965576172,54.52349090576172,54.83219528198242,55.01131820678711,54.835960388183594,54.5395622253418,54.5377197265625,54.390296936035156,54.24406051635742,54.58341979980469,54.73213195800781,54.74506759643555,55.24141311645508,55.606048583984375,55.33732986450195,55.044410705566406,54.84756088256836,54.74143600463867,55.305702209472656,55.46309280395508,54.20329284667969,52.601341247558594,51.41606903076172,50.843055725097656,51.216064453125,52.29150390625,53.011077880859375,53.240760803222656,53.25997543334961,53.54954528808594,54.78290557861328,55.44624328613281,54.58949279785156,53.815696716308594,54.046504974365234,54.756439208984375,55.331268310546875,55.330020904541016,54.32416534423828,52.504066467285156,50.161590576171875,47.76992416381836,46.352474212646484,46.06888961791992
52.079708099365234,52.93256759643555,53.3047981262207,53.336181640625,53.19943618774414,53.09906005859375,53.2357063293457,53.12898635864258,52.76594161987305,52.938907623291016,53.08218765258789,53.02983093261719,53.460880279541016,53.904178619384766,53.846309661865234,53.93014907836914,53.827857971191406,53.02100372314453,52.7923469543457,53.098697662353516,52.38194274902344,50.81894302368164,49.22386169433594,48.14253616333008,48.159873962402344,49.31559371948242,50.09678649902344,50.25712966918945,50.68331527709961,51.887245178222656,53.37703323364258,53.777122497558594,53.018829345703125,52.571746826171875,52.979129791259766,53.364925384521484,53.22421646118164,52.45829772949219,51.15272903442383,49.55714416503906,47.53879928588867,45.559627532958984,44.367759704589844,44.36226272583008
49.95772933959961,50.94965362548828,51.437461853027344,51.54719543457031,51.625736236572266,51.65768051147461,51.75327682495117,51.68499755859375,51.18358612060547,51.214500427246094,51.335201263427734,51.180908203125,51.626155853271484,52.374542236328125,52.755653381347656,52.92222213745117,52.687965393066406,52.177547454833984,52.04065704345703,51.590030670166016,50.20546340942383,48.37290573120117,46.452362060546875,45.075740814208984,44.76676940917969,45.730194091796875,47.06215286254883,48.12546920776367,49.44511413574219,51.20566177368164,52.06540298461914,51.875492095947266,51.65071105957031,51.629302978515625,51.745418548583984,51.67146682739258,50.67741394042969,49.088619232177734,47.774227142333984,46.77116012573242,45.596160888671875,44.296993255615234,43.48244094848633,43.63167953491211
48.09156799316406,49.058921813964844,49.69613265991211,50.018829345703125,50.28057098388672,50.259033203125,50.21637725830078,50.01780700683594,49.45517349243164,49.576019287109375,49.771183013916016,49.82514572143555,50.7217903137207,51.57205581665039,51.65206527709961,51.353492736816406,51.17617416381836,51.37868118286133,51.36944580078125,50.18575668334961,47.962406158447266,45.5157585144043,43.46688461303711,42.555240631103516,42.70222091674805,43.54884338378906,45.056236267089844,46.830589294433594,49.00634002685547,50.794578552246094,51.01764678955078,50.57307052612305,50.57171630859375,50.470394134521484,49.86659240722656,48.953521728515625,47.7146110534668,46.38066101074219,45.493743896484375,44.95857238769531,44.44242477416992,43.821205139160156,43.314693450927734,43.421382904052734
46.92704391479492,47.84201431274414,48.21524429321289,48.51729965209961,48.841163635253906,48.88058090209961,48.95097351074219,48.814910888671875,48.02054977416992,47.90251922607422,48.589073181152344,49.55905532836914,50.43614959716797,50.513126373291016,50.42011260986328,49.99177551269531,49.660499572753906,49.92628860473633,49.43000030517578,47.69148254394531,45.29940414428711,42.88800048828125,41.394676208496094,41.337562561035156,42.14147186279297,43.19477462768555,44.80061340332031,46.76229476928711,48.623870849609375,49.75154495239258,50.05101013183594,50.084957122802734,49.78812789916992,48.810001373291016,47.6663932800293,46.4584846496582,45.158966064453125,44.27195358276367,44.11590576171875,44.12810516357422,43.924224853515625,43.4299430847168,42.99520492553711,43.317718505859375
46.36888885498047,47.092594146728516,47.008384704589844,47.02227783203125,47.35430908203125,47.732261657714844,48.07767868041992,48.148014068603516,47.53275680541992,47.252376556396484,48.047386169433594,49.61842346191406,50.38289260864258,49.51718521118164,49.072288513183594,49.035221099853516,48.58538818359375,48.0638427734375,46.76381301879883,44.84836959838867,43.05859375,41.68206787109375,41.22072982788086,41.42104721069336,41.730133056640625,42.760982513427734,45.033721923828125,47.4970703125,48.54429244995117,48.319149017333984,48.44681167602539,48.68593978881836,47.58845901489258,46.090152740478516,45.49125671386719,44.54342269897461,43.055442810058594,42.28059387207031,42.70866775512695,43.299598693847656,43.43259811401367,43.11502456665039,42.83818435668945,43.22187042236328
45.93330764770508,46.33039474487305,46.16068649291992,46.275550842285156,46.66714859008789,47.032772064208984,47.54000473022461,48.08061599731445,47.91951370239258,47.596031188964844,48.15412521362305,49.521568298339844,50.05744171142578,49.009552001953125,48.08163070678711,47.975276947021484,47.62336349487305,46.469669342041016,44.6888427734375,42.74155044555664,41.445037841796875,41.18186569213867,41.56278991699219,41.856048583984375,42.129112243652344,43.53786849975586,45.91123580932617,47.82929992675781,47.800392150878906,46.572689056396484,46.43144989013672,46.4296875,44.74917984008789,43.251625061035156,42.93690872192383,42.386131286621094,41.41035461425781,40.97517776489258,41.555198669433594,42.551902770996094,43.26915740966797,43.3409538269043,43.03257369995117,43.021732330322266
45.387229919433594,45.957550048828125,46.11886978149414,46.28122329711914,46.538230895996094,46.71243667602539,47.13599395751953,47.77943801879883,48.0323371887207,48.0728759765625,48.56272506713867,49.3299560546875,49.2973518371582,48.346649169921875,47.68803405761719,47.441890716552734,46.812068939208984,45.2597770690918,42.764564514160156,40.855133056640625,40.58836364746094,41.243980407714844,41.85493469238281,42.363258361816406,43.30015563964844,44.940773010253906,46.56310272216797,47.15762710571289,45.94864273071289,44.3687744140625,44.50492858886719,44.11341094970703,42.40076446533203,41.70463943481445,41.66050338745117,41.28065872192383,40.873966217041016,40.770652770996094,41.222877502441406,42.20655822753906,43.163719177246094,43.471153259277344,43.1279411315918,42.811309814453125
45.05160140991211,45.992549896240234,46.28843307495117,46.38291931152344,46.61491394042969,46.722999572753906,46.914955139160156,47.45619583129883,47.88795471191406,48.009429931640625,48.23069381713867,48.495948791503906,48.28224182128906,47.814598083496094,47.868812561035156,47.459495544433594,46.0366325378418,44.01160430908203,41.92471694946289,41.07244873046875,40.966033935546875,40.7801628112793,41.302589416503906,42.5323371887207,43.95063018798828,45.24277877807617,46.09312438964844,45.8714599609375,43.96296691894531,42.80609130859375,43.71552276611328,43.478736877441406,41.949039459228516,41.31531524658203,41.21043395996094,41.18142318725586,41.217716217041016,41.26813507080078,41.52292251586914,42.19265365600586,42.950775146484375,43.22154235839844,42.9005012512207,42.542720794677734
44.72782897949219,45.563262939453125,45.87058639526367,46.116668701171875,46.466487884521484,46.616580963134766,46.737571716308594,47.18080139160156,47.319358825683594,46.99092102050781,47.06513977050781,47.79560470581055,48.059696197509766,47.67876434326172,47.74660873413086,47.21326446533203,45.05833435058594,42.61314010620117,41.54203796386719,41.45770263671875,40.866966247558594,40.43556213378906,41.43107986450195,42.74293518066406,43.57040786743164,44.25873947143555,44.79205322265625,44.340614318847656,43.00395584106445,42.81010055541992,43.377750396728516,42.63206100463867,41.672359466552734,41.461856842041016,41.48720932006836,41.508304595947266,41.70173263549805,41.940216064453125,42.02048873901367,42.11070251464844,42.341651916503906,42.375091552734375,42.085594177246094,41.663719177246094
44.679100036621094,45.41559982299805,45.554344177246094,45.72736740112305,46.07998275756836,46.13648223876953,46.182098388671875,46.3434944152832,45.96697235107422,45.34690475463867,45.41144561767578,46.28883361816406,47.10503005981445,47.345481872558594,47.1483039855957,46.107059478759766,44.187007904052734,42.4393310546875,41.621131896972656,41.140594482421875,40.62460708618164,40.87779235839844,41.83724594116211,42.36019515991211,42.65522384643555,43.32202911376953,43.628116607666016,43.998783111572266,44.21074295043945,43.47657775878906,42.46628189086914,41.70754623413086,41.3558464050293,41.434722900390625,41.56783676147461,41.68018341064453,42.05513381958008,42.372013092041016,42.110904693603516,41.49711990356445,41.03823471069336,40.72486877441406,40.48744583129883,40.16884231567383
45.37169647216797,45.603271484375,45.35311508178711,45.417335510253906,45.3504753112793,45.01612854003906,44.93877410888672,44.6800537109375,44.12839126586914,43.903709411621094,43.885009765625,44.17097854614258,45.159305572509766,46.18240737915039,46.031803131103516,44.90143966674805,44.03861999511719,43.41658020019531,41.7978515625,40.16105651855469,40.192081451416016,41.27732467651367,41.75822448730469,41.64387512207031,41.849239349365234,42.25013732910156,43.184242248535156,45.53999710083008,45.66108703613281,42.964508056640625,41.79819869995117,41.99580383300781,41.932987213134766,41.989646911621094,42.05512619018555,42.05268859863281,42.152679443359375,42.035057067871094,41.30605697631836,40.28520584106445,39.59823226928711,39.28646469116211,39.06780242919922,38.686363220214844
45.358680725097656,45.2064208984375,44.858707427978516,44.650367736816406,44.10006332397461,43.658206939697266,43.55318069458008,43.0334587097168,42.65640640258789,42.69757080078125,42.56865310668945,42.67348098754883,43.481910705566406,44.327659606933594,44.6590690612793,44.58670425415039,44.1988525390625,43.187110900878906,41.38261413574219,40.05474090576172,39.9769287109375,40.13963317871094,39.58686828613281,39.548927307128906,40.48828125,41.537078857421875,43.56325912475586,45.13515090942383,44.751529693603516,43.427616119384766,42.213016510009766,41.63260269165039,41.49943542480469,41.6761474609375,41.76198196411133,41.649261474609375,41.62653732299805,41.23197555541992,40.23162078857422,39.14878463745117,38.62018585205078,38.568336486816406,38.3681526184082,37.68238067626953
44.300567626953125,44.165897369384766,43.56517028808594,43.113929748535156,42.87638854980469,42.99697494506836,42.93716049194336,42.135215759277344,41.65776443481445,41.868228912353516,42.11823654174805,42.23362350463867,42.49424362182617,42.84527587890625,43.228485107421875,43.50294876098633,43.21519470214844,42.262229919433594,40.82201385498047,39.75808334350586,38.76474380493164,37.411006927490234,36.834632873535156,37.74650573730469,39.705780029296875,41.67377853393555,42.92608642578125,43.92129135131836,44.29561996459961,43.015621185302734,41.277252197265625,40.373905181884766,40.1246337890625,40.242427825927734,40.46909713745117,40.6247444152832,40.782005310058594,40.39582443237305,39.44150924682617,38.44320297241211,37.89521789550781,37.73833084106445,37.47785949707031,36.806488037109375
43.55860137939453,43.325050354003906,42.52162170410156,42.21756362915039,42.490989685058594,42.71658706665039,42.318111419677734,41.3300666809082,40.758487701416016,40.896785736083984,41.169673919677734,41.3325080871582,41.26988220214844,40.8454704284668,40.9175910949707,42.00553512573242,42.623802185058594,41.867950439453125,40.40606689453125,39.008453369140625,37.43286895751953,35.421470642089844,34.830936431884766,36.601715087890625,39.296627044677734,41.00234603881836,42.101985931396484,42.960025787353516,42.60957336425781,41.09218978881836,39.758201599121094,39.189029693603516,38.66688537597656,38.20706558227539,38.413734436035156,39.23063659667969,39.920135498046875,39.81613540649414,38.74726867675781,37.52194595336914,36.9851188659668,36.977447509765625,36.92156219482422,36.572200775146484
43.1208381652832,42.62406921386719,41.778404235839844,41.51150131225586,41.62056350708008,41.45508575439453,40.893463134765625,40.14356994628906,39.528507232666016,39.288578033447266,39.5815544128418,40.11028289794922,40.19898223876953,39.75168228149414,39.915470123291016,41.47303009033203,42.50297927856445,41.47919464111328,39.487178802490234,37.79768371582031,36.13078689575195,34.32223892211914,34.129520416259766,35.91326141357422,38.072547912597656,39.513824462890625,40.60084915161133,41.285499572753906,40.691864013671875,39.19706344604492,38.16642761230469,37.77027130126953,37.03771209716797,36.43361282348633,36.9862174987793,38.21916198730469,39.02025604248047,38.629817962646484,37.21894073486328,36.12019729614258,36.054107666015625,36.49118423461914,36.550785064697266,35.88504409790039
42.017276763916016,41.251556396484375,40.29062271118164,39.598114013671875,39.365116119384766,39.218223571777344,39.060115814208984,38.8823127746582,38.41169738769531,37.908817291259766,38.13149642944336,39.1710090637207,40.105995178222656,40.03116989135742,39.59014129638672,40.42695999145508,41.35393142700195,40.32853698730469,38.31940460205078,36.74367141723633,34.94441223144531,33.43867874145508,33.30259323120117,34.273555755615234,35.77244567871094,37.611820220947266,39.21305465698242,39.40380859375,38.06358337402344,36.532779693603516,35.75321960449219,35.409461975097656,34.93303298950195,35.063629150390625,36.21874237060547,37.54354476928711,37.98680877685547,37.0084114074707,35.602760314941406,35.020938873291016,35.43669891357422,36.03800964355469,35.83663558959961,34.76286315917969
