data/wind_data/wind_22_8.json
{"header": {"parameterUnit": "KT", "parameterCategory": 2, "nx": 256, "ny": 198, "lo1": 44.73521041870117, "la1": -3.236724853515625, "lo2": 111.26478576660156, "la2": 43.468475341796875, "dx": 0.2609002888202667, "dy": -0.23708222806453705, "refTime": "2025-02-19 22:00:00", "forecastTime": 0, "parameterNumber": 2, "parameterNumberName": "eastward_wind"}, "data":
[rows 95 to 113 of 198, columns 44 to 87 of 256]
37.60373306274414,38.22416687011719,38.402503967285156,37.590484619140625,36.10698699951172,34.90605163574219,34.58938980102539,35.1395378112793,36.74296951293945,38.889347076416016,40.26641845703125,40.71074676513672,40.53529357910156,39.48811340332031,38.26458740234375,37.853981018066406,38.07541275024414,38.50371170043945,39.33815383911133,40.901187896728516,43.03818893432617,45.14874267578125,46.72456359863281,47.41708755493164,47.03537368774414,45.6561164855957,44.02211380004883,43.1373405456543,43.36713790893555,44.3595085144043,45.670921325683594,46.99237823486328,47.95277404785156,48.23549270629883,47.848575592041016,47.12423324584961,46.419288635253906,45.94780731201172,45.754634857177734,45.82542419433594,45.97431182861328,45.85635757446289,45.27750778198242,44.42564392089844
40.67600631713867,41.16563415527344,41.183570861816406,40.25664520263672,38.7321662902832,37.336265563964844,36.29446792602539,35.8880729675293,36.44392776489258,37.71946716308594,39.4039306640625,40.91649627685547,41.434146881103516,40.96733856201172,40.45672607421875,40.341041564941406,40.27406692504883,40.29063034057617,41.0213623046875,42.65826416015625,44.692745208740234,46.46931838989258,47.57377243041992,47.7293815612793,46.82386016845703,45.22157669067383,43.78612518310547,43.34950256347656,44.12459182739258,45.66770935058594,47.39926528930664,48.89244842529297,49.8410530090332,50.06580352783203,49.6227912902832,48.80377960205078,47.966007232666016,47.33189010620117,46.993526458740234,46.99189376831055,47.24685287475586,47.45207595825195,47.29627990722656,46.77135467529297
42.75847244262695,43.30315399169922,43.655609130859375,43.225704193115234,42.061397552490234,40.64155960083008,38.981998443603516,37.362762451171875,36.66421890258789,37.1148681640625,38.46752166748047,40.2713508605957,41.66722869873047,42.30073547363281,42.608280181884766,42.87990951538086,42.983734130859375,43.01189041137695,43.590274810791016,45.02117919921875,46.809349060058594,48.21478271484375,48.74705123901367,48.11942672729492,46.42353820800781,44.415855407714844,43.184513092041016,43.43667984008789,45.03369140625,47.23094177246094,49.285888671875,50.77320098876953,51.5958366394043,51.800315856933594,51.435211181640625,50.64801025390625,49.787696838378906,49.16316604614258,48.864871978759766,48.83554458618164,48.93416213989258,48.97761917114258,48.81862258911133,48.496707916259766
44.304386138916016,44.834228515625,45.26274108886719,45.39592742919922,44.986385345458984,43.946250915527344,42.05881118774414,39.77059555053711,38.338314056396484,38.26303482055664,39.145835876464844,40.64997863769531,42.577911376953125,44.30362319946289,45.2335205078125,45.47222137451172,45.32585906982422,45.16769790649414,45.638816833496094,46.95654296875,48.55701446533203,49.6104621887207,49.644996643066406,48.52322006225586,46.45939254760742,44.27763748168945,43.14496994018555,43.746482849121094,45.69554901123047,48.148677825927734,50.400299072265625,52.06320571899414,53.053977966308594,53.42551803588867,53.23206329345703,52.63921356201172,51.97817611694336,51.52314758300781,51.34431838989258,51.32684326171875,51.25,50.93449020385742,50.4102897644043,49.92495346069336
45.375205993652344,46.4293098449707,46.70563507080078,47.0113525390625,47.28593444824219,46.7820930480957,44.937530517578125,42.469017028808594,40.99364471435547,41.09279251098633,42.01777267456055,43.20435333251953,44.83319091796875,46.680763244628906,47.8922119140625,48.213104248046875,47.880165100097656,47.44364929199219,47.5625114440918,48.49802780151367,49.7911376953125,50.63158416748047,50.41945266723633,48.88944625854492,46.44815444946289,44.29043960571289,43.49471664428711,44.25663375854492,46.06587600708008,48.39543914794922,50.78644561767578,52.8119010925293,54.23597717285156,55.024742126464844,55.19133758544922,54.85622787475586,54.31755447387695,53.875736236572266,53.65494155883789,53.5206298828125,53.273460388183594,52.77644348144531,52.10661315917969,51.571319580078125
45.884002685546875,47.60558319091797,48.415042877197266,48.62138748168945,48.825748443603516,48.66012191772461,47.30464553833008,45.21109390258789,44.22489547729492,44.84105682373047,46.056766510009766,47.18765640258789,48.31904220581055,49.40299606323242,50.28432846069336,50.93680191040039,51.0864372253418,50.70902633666992,50.33746337890625,50.59516906738281,51.379791259765625,51.95888137817383,51.414276123046875,49.315032958984375,46.4981803894043,44.46712112426758,44.01158905029297,44.9976806640625,46.8624382019043,49.18048095703125,51.58720779418945,53.689430236816406,55.29899978637695,56.46409225463867,57.16358947753906,57.25729751586914,56.79490661621094,56.1190071105957,55.523372650146484,55.051841735839844,54.64124298095703,54.227699279785156,53.770973205566406,53.3687858581543
46.31999969482422,48.08391571044922,49.691368103027344,50.60481262207031,50.70073699951172,49.8775634765625,48.488128662109375,47.44218826293945,47.52406311035156,48.45589065551758,49.6062126159668,50.84695816040039,52.08686065673828,52.991119384765625,53.638118743896484,54.15049362182617,54.12472152709961,53.42481231689453,52.673885345458984,52.680179595947266,53.389286041259766,53.77266311645508,52.6240348815918,49.77552795410156,46.697017669677734,44.94451904296875,45.02862548828125,46.45273208618164,48.52906799316406,50.77988815307617,52.9112663269043,54.73651885986328,56.25407028198242,57.608097076416016,58.75600051879883,59.379066467285156,59.21562576293945,58.40955352783203,57.330257415771484,56.301048278808594,55.53800582885742,55.10005569458008,54.82285690307617,54.516571044921875
46.574588775634766,48.117923736572266,50.11560821533203,51.89154052734375,52.428192138671875,51.53046798706055,50.398616790771484,49.96538162231445,50.123531341552734,50.653663635253906,51.762020111083984,53.34010314941406,54.85468673706055,56.131736755371094,57.05617904663086,57.21241760253906,56.472129821777344,55.028690338134766,53.58557891845703,53.30872344970703,54.520755767822266,55.60179901123047,54.598751068115234,51.48465347290039,48.25929641723633,46.776695251464844,47.25136947631836,48.80929183959961,50.672672271728516,52.57731246948242,54.479190826416016,56.23369216918945,57.696529388427734,58.92346954345703,59.88499069213867,60.42247772216797,60.4197998046875,59.85618591308594,58.8531494140625,57.72528076171875,56.76993179321289,56.03543472290039,55.38282775878906,54.79649353027344
46.50942611694336,47.73029327392578,49.79603958129883,52.020450592041016,53.05256271362305,52.60145568847656,52.020938873291016,52.0720329284668,52.41355895996094,52.870330810546875,53.798309326171875,55.19391632080078,56.32891845703125,57.32300567626953,58.45478439331055,58.87761688232422,58.05360412597656,56.28435516357422,54.17820739746094,53.07001495361328,53.89580535888672,55.60860824584961,55.928077697753906,54.040916442871094,51.42117691040039,50.07279586791992,50.45348358154297,51.7701530456543,53.425559997558594,55.292633056640625,57.1703987121582,58.6750373840332,59.63716125488281,60.19767761230469,60.342071533203125,60.193233489990234,60.035648345947266,59.93204116821289,59.685848236083984,59.195953369140625,58.465309143066406,57.47657012939453,56.38871383666992,55.67977523803711
45.691680908203125,46.87723159790039,49.01808547973633,51.324913024902344,52.73197937011719,52.87308883666992,52.791770935058594,53.31504821777344,54.09981155395508,54.8065299987793,55.72639083862305,56.6528434753418,57.04436492919922,57.409088134765625,58.336669921875,58.973899841308594,58.24951934814453,56.57350540161133,54.91238784790039,53.7989501953125,53.600372314453125,54.3430290222168,55.17647171020508,55.21278381347656,54.39056396484375,53.503700256347656,53.4459114074707,54.55088424682617,56.64586639404297,59.10735321044922,61.023441314697266,61.86917495727539,61.745540618896484,60.929378509521484,59.91132736206055,59.25325393676758,59.19747543334961,59.60488510131836,60.09729766845703,60.344058990478516,60.13995361328125,59.35273361206055,58.26194763183594,57.529170989990234
43.6334228515625,45.26771545410156,47.741493225097656,49.88249588012695,51.42221450805664,52.410316467285156,53.28193283081055,54.39353942871094,55.483154296875,56.19441604614258,56.84054946899414,57.4643669128418,57.74766540527344,58.030670166015625,58.79765319824219,59.32981872558594,58.69648361206055,57.38336181640625,56.15914535522461,55.14036178588867,54.23763656616211,53.81541442871094,54.227176666259766,55.132991790771484,55.87234115600586,56.138824462890625,56.402549743652344,57.632537841796875,59.95269012451172,62.234092712402344,63.43735122680664,63.36039352416992,62.319061279296875,60.96083068847656,59.93227767944336,59.52299118041992,59.704288482666016,60.303627014160156,61.06281661987305,61.755958557128906,62.02192306518555,61.45400619506836,60.244384765625,59.03782272338867
42.13539505004883,44.09679412841797,46.39278030395508,47.91079330444336,49.20465087890625,51.08022689819336,53.320438385009766,55.016258239746094,55.94770050048828,56.67661666870117,57.53266143798828,58.06975173950195,58.41313171386719,59.14479446411133,59.88716125488281,60.19882583618164,59.948028564453125,59.329261779785156,58.411766052246094,56.89031219482422,55.0287971496582,54.08417510986328,54.667396545410156,55.89364242553711,56.885990142822266,57.71169662475586,58.9659423828125,60.893245697021484,62.77366256713867,63.62616729736328,63.299781799316406,62.22618103027344,61.11480712890625,60.55775833129883,60.69843673706055,61.33563995361328,62.240631103515625,63.08320999145508,63.59740447998047,63.74431610107422,63.4077033996582,62.473628997802734,61.005821228027344,59.693424224853516
42.80440139770508,44.40578079223633,45.740760803222656,46.393798828125,47.533809661865234,50.244468688964844,53.43135070800781,55.30925750732422,55.80632019042969,56.33932876586914,57.11356735229492,57.70879364013672,58.47023391723633,59.64995193481445,60.64534378051758,61.2655143737793,61.542598724365234,61.25714111328125,60.11863708496094,58.01303482055664,55.91632080078125,55.478084564208984,56.50788116455078,57.40583419799805,57.809181213378906,58.61016845703125,60.31403350830078,62.168087005615234,62.935211181640625,62.329872131347656,61.182640075683594,60.47920227050781,60.58707046508789,61.352149963378906,62.51962661743164,63.80592727661133,64.88211822509766,65.36141967773438,65.0762939453125,64.28960418701172,63.38823699951172,62.44831466674805,61.337467193603516,60.63138198852539
44.49702835083008,45.58379364013672,46.009788513183594,46.25309753417969,47.91767501831055,51.435455322265625,54.59480285644531,55.578861236572266,55.33818054199219,55.26628112792969,55.693511962890625,56.62478256225586,58.04976272583008,59.66986083984375,60.95217514038086,61.65304946899414,62.003997802734375,61.863399505615234,60.42802810668945,58.067867279052734,56.83734130859375,57.8629150390625,59.34008026123047,59.58708572387695,59.2427864074707,59.53384017944336,60.37944793701172,60.776607513427734,60.29082489013672,59.60869598388672,59.60951232910156,60.31825256347656,61.26590347290039,62.315391540527344,63.50088119506836,64.66920471191406,65.46743774414062,65.4793472290039,64.6747055053711,63.62748336791992,62.99729537963867,62.701290130615234,62.254661560058594,62.12949752807617
45.89593505859375,46.66173553466797,46.572811126708984,47.071533203125,49.789512634277344,53.5826301574707,55.594058990478516,55.230865478515625,54.40786361694336,54.135231018066406,54.43803024291992,55.50790023803711,57.32650375366211,59.38041305541992,60.907997131347656,61.52541732788086,61.61005783081055,61.10921859741211,59.466514587402344,57.8206672668457,58.370853424072266,60.41704177856445,61.32678985595703,60.69286346435547,59.91257095336914,59.528324127197266,59.106422424316406,58.512725830078125,58.27688980102539,58.850154876708984,59.86249542236328,60.606998443603516,61.054832458496094,61.659420013427734,62.622291564941406,63.73940658569336,64.46729278564453,64.3219223022461,63.5550651550293,62.97407913208008,63.03885269165039,63.18230438232422,62.959388732910156,62.801490783691406
46.53099060058594,46.778011322021484,46.575992584228516,47.712310791015625,50.68963623046875,53.50455856323242,54.455810546875,54.12946319580078,53.664817810058594,53.49933624267578,53.8846321105957,54.9128303527832,56.57823181152344,58.593101501464844,60.22567367553711,61.08726501464844,61.211185455322266,60.22920227050781,58.49204635620117,58.23141860961914,60.34764862060547,62.131839752197266,61.79566192626953,60.55966567993164,59.52979278564453,58.615718841552734,57.829505920410156,57.56717300415039,57.9760627746582,58.512596130371094,58.79066467285156,59.00770950317383,59.52537536621094,60.44715881347656,61.594730377197266,62.586029052734375,62.88272476196289,62.3895149230957,61.84895706176758,62.052547454833984,62.77181625366211,62.99853515625,62.51518630981445,62.024593353271484
46.312950134277344,45.941219329833984,46.20115661621094,47.6507568359375,49.393516540527344,50.770477294921875,51.834983825683594,52.52244186401367,52.87138748168945,53.211490631103516,53.83274459838867,54.79790496826172,56.08330535888672,57.64293670654297,59.157039642333984,60.213966369628906,60.2496223449707,58.804588317871094,57.33637237548828,58.326019287109375,60.980018615722656,62.11897277832031,61.32370376586914,59.998008728027344,58.89291000366211,58.07584762573242,57.561767578125,57.46636199951172,57.535377502441406,57.70872116088867,58.08411407470703,58.74995422363281,59.6022834777832,60.34292221069336,60.73062515258789,60.71113586425781,60.274288177490234,59.7445182800293,59.86447525024414,60.9858283996582,62.287696838378906,62.517120361328125,61.85309600830078,61.27600860595703
46.06903839111328,45.66581344604492,46.26321792602539,47.1243896484375,47.72859573364258,48.256046295166016,49.08146286010742,50.25294494628906,51.46367645263672,52.444007873535156,53.284332275390625,54.18762969970703,55.217803955078125,56.41596603393555,57.70447540283203,58.75965881347656,58.65516662597656,56.963260650634766,55.70267868041992,57.308876037597656,60.26369857788086,61.358978271484375,60.50065994262695,59.12653732299805,58.00593948364258,57.28265380859375,57.11001968383789,57.370548248291016,57.810462951660156,58.29269027709961,58.812923431396484,59.3286247253418,59.601802825927734,59.536373138427734,59.295623779296875,59.077789306640625,58.91218185424805,58.922245025634766,59.464698791503906,60.66244888305664,61.80302810668945,61.90500259399414,61.18474197387695,60.94609069824219
46.794097900390625,46.690826416015625,46.91101837158203,46.97761154174805,47.006019592285156,46.774757385253906,46.73248291015625,47.781124114990234,49.596214294433594,51.172874450683594,52.073097229003906,52.612464904785156,53.29546356201172,54.391109466552734,55.706214904785156,56.79877471923828,56.6817626953125,54.86443328857422,53.790836334228516,56.110836029052734,59.113224029541016,59.635223388671875,58.5213508605957,57.274803161621094,56.37844467163086,56.081241607666016,56.43937683105469,57.131370544433594,57.93342971801758,58.6534309387207,59.174373626708984,59.25979995727539,58.99099349975586,58.61891174316406,58.31367874145508,58.41139221191406,58.9107666015625,59.359840393066406,59.661468505859375,60.084136962890625,60.564056396484375,60.659332275390625,60.424224853515625,61.49399948120117
