data/wind_data/wind_15_3.json
{"header": {"parameterUnit": "KT", "parameterCategory": 2, "nx": 256, "ny": 198, "lo1": 44.73521041870117, "la1": -3.236724853515625, "lo2": 111.26478576660156, "la2": 43.468475341796875, "dx": 0.2609002888202667, "dy": -0.23708222806453705, "refTime": "2025-02-19 15:00:00", "forecastTime": 0, "parameterNumber": 2, "parameterNumberName": "eastward_wind"}, "data":
[rows 171 to 189 of 198, columns 0 to 43 of 256]
20.901241302490234,21.27459716796875,17.621246337890625,18.13109588623047,18.564939498901367,18.321231842041016,17.900304794311523,15.911638259887695,15.433110237121582,15.540364265441895,13.65425968170166,11.906303405761719,8.187972068786621,1.7242803573608398,4.151060104370117,5.250313758850098,3.251807928085327,6.692614555358887,7.197741985321045,5.709657669067383,5.0831403732299805,5.595942497253418,6.920947551727295,8.533080101013184,9.777623176574707,10.376081466674805,10.399894714355469,10.281914710998535,10.532905578613281,11.051182746887207,11.23306941986084,10.728669166564941,9.892864227294922,9.720077514648438,10.236661911010742,9.992545127868652,9.355127334594727,8.919648170471191,9.156161308288574,9.305325508117676,9.128742218017578,9.076456069946289,9.318647384643555,10.149983406066895
23.905012130737305,25.062925338745117,20.0127010345459,18.95612907409668,22.01735496520996,24.04558753967285,22.71031379699707,19.138282775878906,17.854557037353516,15.258374214172363,9.843926429748535,5.698496341705322,5.7087225914001465,4.651655673980713,4.205052852630615,6.850739002227783,2.2593259811401367,0.14610305428504944,1.8210350275039673,3.145831823348999,4.279954433441162,5.863857269287109,7.551227569580078,8.422271728515625,8.106037139892578,7.841009140014648,8.235201835632324,8.872074127197266,9.259757041931152,9.374677658081055,9.259380340576172,9.007817268371582,8.828649520874023,9.218666076660156,10.30094051361084,10.954977989196777,10.914073944091797,10.538701057434082,10.449052810668945,10.486037254333496,10.953109741210938,11.9704008102417,12.34988021850586,11.35840129852295
26.944602966308594,24.34479522705078,17.710336685180664,17.96337127685547,23.021507263183594,24.640880584716797,22.51947593688965,21.322336196899414,21.305017471313477,17.322978973388672,7.75192928314209,3.465087652206421,6.929501056671143,8.394243240356445,4.921402931213379,7.317361354827881,3.7325689792633057,-0.012915818952023983,0.15953177213668823,1.454384207725525,3.614995002746582,6.455192565917969,8.602646827697754,8.897342681884766,7.761991500854492,6.641197204589844,6.815158843994141,7.724130153656006,8.109002113342285,7.870675563812256,7.595515727996826,7.657760143280029,8.058002471923828,8.963629722595215,10.407194137573242,11.655869483947754,12.170162200927734,12.036245346069336,11.798081398010254,11.94029426574707,12.95126724243164,14.621076583862305,14.13034725189209,11.723834991455078
27.974578857421875,21.145463943481445,12.89117431640625,14.68134593963623,19.057607650756836,23.484289169311523,25.57881736755371,21.215444564819336,19.269750595092773,17.149188995361328,13.118805885314941,9.033662796020508,9.550360679626465,9.835987091064453,7.788452625274658,10.701410293579102,8.844429969787598,6.030605316162109,4.138605117797852,3.639893054962158,5.400390148162842,8.338981628417969,10.635894775390625,10.84504222869873,9.718716621398926,8.217157363891602,6.863903522491455,6.601405620574951,6.906136512756348,6.9998602867126465,7.052177429199219,7.3552470207214355,7.9303879737854,8.96034049987793,10.482985496520996,12.062237739562988,13.071490287780762,13.442198753356934,13.426420211791992,13.595213890075684,14.866848945617676,15.647361755371094,14.259003639221191,12.029616355895996
27.351871490478516,18.292282104492188,9.621979713439941,12.308891296386719,20.18496322631836,30.329334259033203,31.863332748413086,23.736080169677734,20.243850708007812,17.810087203979492,15.224150657653809,13.544374465942383,14.074570655822754,13.967164039611816,13.608863830566406,13.572489738464355,12.428433418273926,10.591941833496094,8.824746131896973,8.333025932312012,9.63204288482666,11.629339218139648,13.105229377746582,13.341992378234863,12.379411697387695,10.835952758789062,8.725689888000488,6.801876068115234,6.173182964324951,6.411223888397217,6.92655611038208,7.5807204246521,8.358077049255371,9.370416641235352,10.80412483215332,12.453096389770508,13.89515209197998,14.844200134277344,15.145315170288086,15.520520210266113,16.206539154052734,15.959660530090332,14.389966011047363,12.906380653381348
26.642995834350586,18.73365592956543,13.79214859008789,17.89870834350586,27.749195098876953,34.41345977783203,32.8923225402832,27.124380111694336,23.433307647705078,19.790021896362305,16.33753776550293,15.14296817779541,16.11078453063965,17.293821334838867,16.965133666992188,15.466171264648438,14.144250869750977,12.730380058288574,11.89510726928711,12.467795372009277,13.766165733337402,14.831655502319336,15.060057640075684,14.779702186584473,13.814741134643555,12.401762962341309,10.712569236755371,8.38725757598877,6.51877498626709,6.021900177001953,6.48524808883667,7.4601731300354,8.637280464172363,9.961175918579102,11.473878860473633,13.196916580200195,14.871319770812988,16.40190887451172,17.43863296508789,17.583633422851562,16.922956466674805,15.690601348876953,14.212967872619629,13.434977531433105
25.408828735351562,19.584083557128906,21.948102951049805,27.30830192565918,33.437477111816406,36.16337585449219,34.38129425048828,30.997560501098633,28.43115234375,23.253450393676758,17.235130310058594,14.938470840454102,16.440622329711914,18.416784286499023,18.334787368774414,16.861122131347656,15.495426177978516,14.57463550567627,14.26889419555664,14.775467872619629,15.848557472229004,16.31892967224121,15.850955963134766,14.90156078338623,13.677236557006836,12.338882446289062,11.235770225524902,9.655570983886719,7.608181476593018,6.380763053894043,6.420339107513428,7.327391147613525,8.624945640563965,10.129837036132812,11.791266441345215,13.579696655273438,15.418805122375488,16.729602813720703,17.166793823242188,17.143930435180664,16.177106857299805,14.730799674987793,13.826769828796387,13.663500785827637
21.898794174194336,21.719385147094727,26.32659149169922,32.18156051635742,35.907928466796875,35.275081634521484,30.75516700744629,28.373004913330078,26.687137603759766,22.682096481323242,16.97785186767578,14.68008804321289,17.238157272338867,19.553373336791992,19.360666275024414,18.29187774658203,17.150854110717773,16.24528694152832,16.02077293395996,16.40438461303711,17.25882911682129,17.62663459777832,16.669273376464844,14.765686988830566,13.009464263916016,11.724261283874512,10.70527458190918,9.763568878173828,8.638442993164062,7.8347859382629395,7.7331132888793945,8.145783424377441,8.913579940795898,9.971902847290039,11.353778839111328,13.066414833068848,14.804229736328125,15.832807540893555,15.96003532409668,15.778020858764648,14.570021629333496,13.468581199645996,13.327802658081055,13.733116149902344
21.136890411376953,23.7297420501709,27.532886505126953,34.41220474243164,37.739036560058594,34.95608901977539,31.676645278930664,27.970726013183594,22.879222869873047,18.44705581665039,14.782962799072266,14.528691291809082,18.045427322387695,20.60807991027832,19.970596313476562,18.671754837036133,18.259254455566406,18.23999786376953,18.23228645324707,18.59627342224121,19.39212417602539,19.715213775634766,18.235448837280273,15.451394081115723,12.989058494567871,11.35172176361084,10.061871528625488,9.144919395446777,8.874227523803711,8.988700866699219,9.145959854125977,9.268268585205078,9.651586532592773,10.399373054504395,11.539877891540527,13.09046459197998,14.723291397094727,15.173608779907227,14.884321212768555,13.895955085754395,12.964630126953125,12.904781341552734,13.469391822814941,14.031926155090332
27.640323638916016,28.99198341369629,30.01056671142578,34.25056076049805,36.91413497924805,35.63386154174805,34.07150650024414,30.3194637298584,21.94739532470703,14.136876106262207,11.997652053833008,13.707493782043457,17.67691421508789,20.077966690063477,19.582382202148438,18.366378784179688,18.586597442626953,19.02461814880371,19.136354446411133,19.728988647460938,20.90782356262207,21.005952835083008,19.389965057373047,16.51263427734375,14.045806884765625,11.711539268493652,9.59084701538086,8.580038070678711,8.63208293914795,9.02193832397461,9.223037719726562,9.506346702575684,9.968086242675781,10.789039611816406,11.960503578186035,13.590015411376953,15.091114044189453,14.449199676513672,13.366767883300781,12.710466384887695,12.8172025680542,13.60228443145752,14.210384368896484,14.385930061340332
34.264793395996094,34.2403678894043,33.18400192260742,32.857574462890625,33.59553527832031,34.47962188720703,35.17286682128906,34.433509826660156,21.01508140563965,10.359283447265625,9.42073917388916,12.228446960449219,16.000503540039062,17.75636863708496,16.873733520507812,15.946287155151367,16.022640228271484,15.06135082244873,14.757792472839355,17.191801071166992,20.086458206176758,20.678436279296875,19.374616622924805,17.680490493774414,15.522906303405762,12.64246654510498,10.304938316345215,9.148740768432617,9.0160551071167,9.096429824829102,9.268621444702148,9.612582206726074,10.018853187561035,10.902616500854492,11.985962867736816,13.615865707397461,14.776849746704102,13.420232772827148,12.328849792480469,12.559090614318848,13.483481407165527,14.411904335021973,14.922199249267578,15.010993003845215
35.47547149658203,36.01188278198242,34.84394836425781,32.21464538574219,33.9755973815918,36.153053283691406,31.76909828186035,21.225465774536133,10.824031829833984,6.005446910858154,7.428332805633545,10.635729789733887,14.611228942871094,17.15451431274414,17.571603775024414,18.612972259521484,17.27733039855957,12.200021743774414,11.021732330322266,14.637521743774414,17.942461013793945,19.134374618530273,18.800363540649414,18.154226303100586,16.651512145996094,13.999611854553223,11.919574737548828,11.16150188446045,10.524805068969727,10.016034126281738,10.09516716003418,10.4386625289917,10.567208290100098,11.353506088256836,11.964766502380371,13.53353214263916,14.256345748901367,12.905440330505371,12.548138618469238,13.38863754272461,14.542635917663574,15.403916358947754,15.916749000549316,16.245750427246094
30.745080947875977,33.42290496826172,31.603286743164062,26.990875244140625,27.875154495239258,25.01978874206543,15.984457015991211,7.255167007446289,3.4356191158294678,3.6905038356781006,6.91508150100708,11.053933143615723,15.779085159301758,21.13155174255371,26.073871612548828,27.73392677307129,22.328229904174805,12.526514053344727,9.96845531463623,12.369227409362793,14.848872184753418,16.361753463745117,17.35087776184082,17.858482360839844,17.25025749206543,15.70194149017334,14.250795364379883,13.313429832458496,12.611106872558594,11.986974716186523,11.66556453704834,11.507255554199219,11.428605079650879,12.031462669372559,12.46215534210205,13.491430282592773,14.346770286560059,13.323902130126953,13.120758056640625,14.178994178771973,15.409635543823242,16.1584529876709,16.642915725708008,16.44583511352539
18.715600967407227,21.97663116455078,19.062585830688477,14.091537475585938,15.57854175567627,11.518257141113281,5.082777500152588,2.4568793773651123,2.86446475982666,4.928585529327393,8.725996017456055,13.31064224243164,19.41999053955078,25.57499122619629,28.596487045288086,30.35903549194336,21.925256729125977,13.384415626525879,10.995583534240723,12.386966705322266,13.762760162353516,14.328862190246582,15.129374504089355,16.26940155029297,16.909133911132812,16.66148567199707,15.889320373535156,14.975465774536133,14.281054496765137,13.772621154785156,12.994894027709961,12.35608196258545,12.610685348510742,12.974336624145508,13.276871681213379,13.967864036560059,15.11388874053955,14.387066841125488,13.743770599365234,14.349666595458984,15.47914981842041,16.339035034179688,16.56756591796875,15.735814094543457
7.6361188888549805,10.655766487121582,8.382922172546387,7.1973042488098145,8.08826732635498,7.306509971618652,3.123823404312134,2.750720500946045,3.3441128730773926,7.160557746887207,15.290825843811035,23.07341766357422,26.57223892211914,27.241317749023438,29.57066535949707,29.790328979492188,19.48147964477539,13.756357192993164,13.842134475708008,15.44607162475586,15.901957511901855,15.100872039794922,14.428354263305664,14.550832748413086,15.238235473632812,15.805596351623535,15.932165145874023,15.67437744140625,15.013420104980469,14.423216819763184,13.84354019165039,13.398972511291504,13.621614456176758,14.191872596740723,14.09679889678955,14.210256576538086,15.341421127319336,15.450019836425781,14.777786254882812,14.900774955749512,15.809694290161133,16.788349151611328,16.849014282226562,15.3540678024292
2.892204999923706,6.416394233703613,5.240621089935303,5.8939433097839355,7.240792274475098,10.773141860961914,8.163541793823242,3.5487399101257324,4.690571308135986,14.672514915466309,27.108917236328125,31.58393096923828,28.18343162536621,30.264144897460938,32.354148864746094,24.44737434387207,15.889958381652832,13.936856269836426,15.640785217285156,17.496315002441406,18.23978042602539,17.744632720947266,16.52164077758789,15.129317283630371,14.290356636047363,14.363333702087402,15.001402854919434,15.568058967590332,15.117629051208496,14.25454044342041,14.12916088104248,14.206341743469238,13.809043884277344,14.321988105773926,14.575746536254883,14.374906539916992,14.782621383666992,15.597782135009766,16.196706771850586,16.391204833984375,16.886022567749023,17.785470962524414,17.673004150390625,16.10791778564453
2.850435256958008,4.593491077423096,4.180566787719727,6.045596122741699,9.033223152160645,8.286787986755371,0.9982170462608337,-1.0825185775756836,11.248726844787598,27.19895362854004,36.53227233886719,36.121700286865234,32.08478927612305,30.987470626831055,26.064340591430664,17.410839080810547,13.08049488067627,13.117704391479492,15.075271606445312,17.475900650024414,19.21535873413086,19.677080154418945,19.062448501586914,17.3825740814209,15.371537208557129,14.513446807861328,14.737346649169922,15.303993225097656,15.169646263122559,14.127882957458496,13.903578758239746,14.418224334716797,13.717174530029297,13.146452903747559,13.574082374572754,14.28541088104248,15.056724548339844,16.9492244720459,18.253419876098633,18.363414764404297,18.704559326171875,19.08199119567871,18.62983512878418,17.53986358642578
4.849100112915039,4.686379909515381,5.2757487297058105,5.870875358581543,4.526477813720703,2.083796262741089,3.1551952362060547,14.798297882080078,29.922527313232422,40.00798034667969,42.166019439697266,35.53767013549805,36.83824157714844,32.117767333984375,20.376752853393555,12.175446510314941,10.318020820617676,11.530449867248535,13.91329574584961,16.558015823364258,18.64619255065918,19.80878448486328,20.05082130432129,19.1497802734375,17.52338409423828,16.147212982177734,15.479959487915039,15.415132522583008,15.12484073638916,14.101140022277832,13.622416496276855,13.648022651672363,13.294687271118164,12.598597526550293,12.351325988769531,13.303173065185547,15.457281112670898,18.313095092773438,19.65169906616211,19.358924865722656,20.180042266845703,20.286823272705078,19.233068466186523,18.22782325744629
6.443305015563965,4.881168365478516,6.137176990509033,4.012197017669678,3.971844434738159,9.080552101135254,21.563657760620117,35.018280029296875,42.98237609863281,43.20732116699219,38.76384735107422,43.17904281616211,41.46817398071289,27.292150497436523,13.318986892700195,7.627608776092529,7.586590766906738,10.161002159118652,13.767992973327637,16.933006286621094,18.9596004486084,19.874217987060547,20.10344696044922,19.819814682006836,19.23931312561035,18.499771118164062,17.759878158569336,17.280420303344727,16.562854766845703,15.626856803894043,14.810338020324707,14.471556663513184,14.2572603225708,13.950105667114258,13.928773880004883,14.48649787902832,16.362899780273438,18.467395782470703,20.078702926635742,20.055681228637695,20.675365447998047,21.209627151489258,20.155550003051758,18.515357971191406
