data/wind_data/wind_5_2.json
{"header": {"parameterUnit": "KT", "parameterCategory": 2, "nx": 256, "ny": 198, "lo1": 44.73521041870117, "la1": -3.236724853515625, "lo2": 111.26478576660156, "la2": 43.468475341796875, "dx": 0.2609002888202667, "dy": -0.23708222806453705, "refTime": "2025-02-19 05:00:00", "forecastTime": 0, "parameterNumber": 2, "parameterNumberName": "eastward_wind"}, "data":
[rows 152 to 170 of 198, columns 129 to 171 of 256]
22.644392013549805,26.14025115966797,27.658655166625977,29.05183982849121,31.052391052246094,32.70625686645508,33.489410400390625,30.81612777709961,19.37468910217285,15.319825172424316,19.68110466003418,22.279041290283203,22.96623420715332,21.41350555419922,19.763729095458984,18.921789169311523,18.632137298583984,19.325990676879883,20.974123001098633,21.35384178161621,18.19826316833496,13.52781867980957,12.539517402648926,15.271245002746582,15.613402366638184,16.16387176513672,10.127784729003906,12.153778076171875,18.430191040039062,20.332408905029297,21.15944480895996,21.63190460205078,21.25474739074707,21.660717010498047,21.78173828125,21.62540626525879,21.800941467285156,23.4025821685791,24.22011947631836,23.951725006103516,23.965444564819336,24.7065372467041,25.02271270751953
24.21236801147461,26.47932243347168,28.79057502746582,30.74620246887207,31.6512451171875,33.538177490234375,31.19744110107422,19.11167335510254,17.287260055541992,22.615076065063477,27.240764617919922,27.668363571166992,24.55758285522461,23.20454216003418,19.595006942749023,18.48286247253418,18.3658504486084,19.17987632751465,20.202594757080078,18.426118850708008,14.765036582946777,12.369462966918945,12.549458503723145,13.860837936401367,16.06524085998535,16.79060173034668,16.605819702148438,15.436875343322754,17.43482780456543,20.161739349365234,22.052814483642578,22.508544921875,22.233692169189453,22.2495059967041,22.628747940063477,23.380504608154297,23.763458251953125,24.07758331298828,24.688358306884766,25.788015365600586,26.52935028076172,26.098339080810547,24.5607852935791
23.752952575683594,27.12753677368164,31.069076538085938,32.64554214477539,27.809890747070312,22.90131187438965,18.450529098510742,16.082359313964844,15.079856872558594,15.69547176361084,18.342037200927734,21.02907943725586,21.549179077148438,20.696683883666992,19.77474021911621,19.952634811401367,19.52269172668457,19.330991744995117,18.504623413085938,16.082260131835938,13.209955215454102,12.487765312194824,12.08154010772705,14.43065357208252,17.0268611907959,17.548797607421875,18.362279891967773,19.961206436157227,21.05314064025879,21.686248779296875,22.33009147644043,22.95746421813965,23.294353485107422,23.33660316467285,23.718154907226562,25.262935638427734,26.187833786010742,26.93361473083496,27.247194290161133,27.221811294555664,25.459623336791992,24.304903030395508,24.108308792114258
25.666053771972656,30.472021102905273,33.72422409057617,33.07796096801758,21.171829223632812,14.551714897155762,13.482951164245605,10.846359252929688,10.36226749420166,11.640366554260254,13.812591552734375,15.791132926940918,16.316986083984375,16.006589889526367,16.713342666625977,18.749910354614258,20.243993759155273,18.118457794189453,16.264202117919922,15.560111045837402,16.11951446533203,15.551493644714355,14.334233283996582,15.125834465026855,17.22861671447754,18.998245239257812,20.3568115234375,20.91741371154785,21.216569900512695,21.979230880737305,23.081201553344727,24.110933303833008,24.655574798583984,24.6978759765625,25.142663955688477,26.30999183654785,27.476831436157227,28.286108016967773,29.38175392150879,31.47011947631836,31.240856170654297,28.54936981201172,26.131614685058594
28.99616050720215,33.773155212402344,35.184635162353516,31.12315559387207,18.317331314086914,8.167634010314941,7.973323822021484,7.12824821472168,8.045732498168945,15.075130462646484,19.065011978149414,19.770774841308594,20.656648635864258,19.22028350830078,17.30843162536621,19.6467227935791,21.073776245117188,18.728679656982422,17.30280113220215,17.481826782226562,17.93344497680664,16.63932991027832,14.839423179626465,14.320619583129883,16.135229110717773,17.969947814941406,19.251976013183594,19.862442016601562,20.49650764465332,21.877344131469727,23.646934509277344,25.221040725708008,26.04765510559082,26.473665237426758,27.07895851135254,28.31583023071289,29.101306915283203,29.825439453125,30.76156997680664,32.558170318603516,33.61322784423828,33.08902359008789,30.665531158447266
31.724899291992188,33.882450103759766,35.508872985839844,24.06828498840332,9.386295318603516,6.887888431549072,8.219488143920898,10.784928321838379,16.953651428222656,23.36233901977539,26.24289321899414,26.391990661621094,27.74791145324707,24.500503540039062,21.342784881591797,22.190994262695312,18.87579345703125,16.1811580657959,14.170449256896973,12.398554801940918,12.490349769592285,13.304601669311523,14.743305206298828,15.288568496704102,15.600887298583984,16.518596649169922,17.76519775390625,19.47595977783203,21.425037384033203,23.39124870300293,25.146066665649414,26.500335693359375,27.568336486816406,28.57539176940918,29.855077743530273,31.331424713134766,32.2199821472168,32.18611145019531,32.022193908691406,32.31032180786133,31.84771728515625,30.95650863647461,31.040260314941406
32.162689208984375,32.66281509399414,31.255456924438477,14.994619369506836,7.473501682281494,11.880733489990234,16.968551635742188,19.843000411987305,23.831966400146484,25.84402847290039,25.956737518310547,26.34871482849121,26.73733139038086,20.925703048706055,14.901834487915039,14.296416282653809,12.518959045410156,9.736584663391113,9.11009693145752,9.318593978881836,11.267600059509277,13.480900764465332,14.35287094116211,14.477315902709961,15.795513153076172,17.280235290527344,18.20319175720215,20.29834747314453,23.615140914916992,26.076629638671875,27.538267135620117,28.628358840942383,30.059370040893555,31.673954010009766,32.99870300292969,33.755916595458984,34.28786087036133,34.18429946899414,33.56950378417969,33.32307434082031,32.61674499511719,30.683734893798828,29.813344955444336
30.632755279541016,32.967037200927734,28.10890769958496,17.317554473876953,18.493511199951172,22.22945785522461,22.93071174621582,23.613611221313477,23.535404205322266,23.01388931274414,23.906845092773438,24.49958038330078,20.44013214111328,12.374080657958984,5.718959808349609,1.535617709159851,4.869998931884766,8.305584907531738,10.3948392868042,12.781065940856934,14.508171081542969,14.971766471862793,14.970410346984863,15.579118728637695,16.910215377807617,18.02811622619629,19.08820915222168,21.564943313598633,25.261728286743164,27.96990203857422,29.209203720092773,30.5240421295166,32.25484848022461,33.98888397216797,35.19027328491211,35.575775146484375,35.5417594909668,35.16396713256836,34.821353912353516,34.567726135253906,34.036258697509766,32.61023712158203,31.4162540435791
30.67667579650879,32.49970626831055,31.59401512145996,27.90729331970215,28.757614135742188,26.912887573242188,22.15945816040039,21.51998519897461,19.658166885375977,19.38004493713379,21.419103622436523,22.593463897705078,12.55307674407959,2.425879955291748,1.9493972063064575,4.415436744689941,7.063052177429199,9.671509742736816,11.05636978149414,12.8577241897583,14.417563438415527,14.437140464782715,14.902992248535156,15.892325401306152,17.56404685974121,19.353118896484375,21.377452850341797,23.744306564331055,26.77169418334961,29.077653884887695,30.041353225708008,31.32811164855957,33.580238342285156,34.83995056152344,35.47739791870117,35.691829681396484,35.42000961303711,34.42234420776367,34.07748794555664,33.34109115600586,31.799570083618164,31.416048049926758,31.76432228088379
32.29167938232422,33.13407897949219,32.69996643066406,30.28820037841797,30.633991241455078,21.724327087402344,13.444512367248535,14.160053253173828,10.68978500366211,6.378537178039551,5.358794212341309,8.43360424041748,10.2650728225708,9.422187805175781,7.982174396514893,10.024744033813477,9.60644817352295,9.401326179504395,10.612430572509766,12.662979125976562,14.014918327331543,15.083609580993652,16.84800910949707,18.37118148803711,19.923288345336914,21.299659729003906,23.296655654907227,25.579410552978516,28.1130428314209,29.959585189819336,30.876977920532227,32.08924102783203,34.3194580078125,35.756591796875,37.446956634521484,38.14296340942383,37.06453323364258,35.856964111328125,35.34124755859375,34.13743591308594,30.84653091430664,27.840320587158203,26.798694610595703
31.383543014526367,34.46527099609375,31.182809829711914,29.033126831054688,19.11173439025879,7.4352335929870605,7.145787715911865,13.367810249328613,9.686868667602539,-2.402367115020752,-2.9196629524230957,-1.8855078220367432,-0.03132614865899086,3.3212156295776367,5.704605579376221,9.027444839477539,10.862043380737305,10.30996322631836,10.869685173034668,12.039624214172363,13.811322212219238,16.335824966430664,18.610179901123047,20.358131408691406,22.697359085083008,23.954391479492188,25.13871192932129,27.14338493347168,29.35790252685547,30.880651473999023,31.986995697021484,33.06787872314453,34.1362419128418,35.764949798583984,38.469051361083984,42.105533599853516,41.62888717651367,38.169891357421875,36.838157653808594,37.391910552978516,35.99281692504883,34.253929138183594,33.52036666870117
27.849590301513672,32.08604049682617,24.24723243713379,9.08813190460205,7.047927379608154,4.486263751983643,4.524526596069336,6.065682888031006,0.7216506600379944,-3.0432677268981934,-1.795023798942566,-3.2380940914154053,-4.797224521636963,-4.636972427368164,-2.629601240158081,0.4118465483188629,1.856207251548767,1.1261484622955322,2.1877634525299072,4.521994113922119,6.259685039520264,11.173142433166504,17.966217041015625,22.656747817993164,26.222793579101562,28.898122787475586,28.67789649963379,29.43425750732422,31.113126754760742,32.67353439331055,34.582088470458984,35.37324523925781,34.69008255004883,34.64985656738281,36.3748893737793,38.442665100097656,37.54741287231445,35.28337860107422,34.660884857177734,34.57858657836914,33.631996154785156,32.80930709838867,33.11921310424805
20.216943740844727,15.312418937683105,12.6220121383667,6.304400444030762,-0.7333744764328003,-4.438779830932617,-5.036749362945557,-3.667778491973877,-3.3498141765594482,-1.9516021013259888,-1.682411551475525,-2.4633235931396484,-3.4573326110839844,-4.416024684906006,-5.389016628265381,-5.673732757568359,-5.665099143981934,-5.113948822021484,-3.8748106956481934,-1.7940802574157715,-0.18014134466648102,2.154252052307129,8.64788818359375,16.117815017700195,22.328147888183594,28.256128311157227,32.266387939453125,32.88154220581055,31.836631774902344,33.830318450927734,36.63319396972656,36.752044677734375,34.84022521972656,34.01372528076172,34.552955627441406,34.84977722167969,33.590545654296875,32.20043182373047,31.483142852783203,28.542287826538086,25.66008186340332,27.091703414916992,27.566495895385742
7.482052803039551,5.246074676513672,0.8522199988365173,-4.78303337097168,-7.172730445861816,-5.569284439086914,-4.210973262786865,-3.7849206924438477,-2.6407978534698486,-1.5489554405212402,-1.471355676651001,-1.8159857988357544,-2.4176204204559326,-2.5660836696624756,-2.746852159500122,-3.681222677230835,-4.601287841796875,-4.910733222961426,-4.848994255065918,-4.099412441253662,-2.7023768424987793,-0.3515453338623047,3.257991313934326,7.112807273864746,13.354166984558105,21.642547607421875,26.7941951751709,29.124897003173828,34.160194396972656,40.498924255371094,41.91847229003906,37.66461944580078,35.143341064453125,33.6126708984375,33.606807708740234,33.09510803222656,30.69127655029297,30.273174285888672,27.616661071777344,26.015419006347656,26.961023330688477,26.869403839111328,22.425537109375
-5.473532676696777,-7.173170566558838,-6.797418594360352,-4.946996688842773,-4.928127765655518,-4.130589962005615,-3.586524486541748,-3.319845199584961,-2.620295286178589,-1.4768834114074707,-0.7738932967185974,-0.7976638674736023,-1.1355724334716797,-1.5195324420928955,-2.1807401180267334,-2.926363706588745,-3.618774890899658,-4.120608329772949,-4.0433268547058105,-3.381734609603882,-2.2053866386413574,-0.8498354554176331,1.1875351667404175,3.53505277633667,6.818626880645752,12.445499420166016,16.8947811126709,22.100507736206055,30.604066848754883,38.506717681884766,41.001991271972656,37.80714416503906,34.35651779174805,32.16035461425781,31.354639053344727,31.797502517700195,31.034996032714844,30.563650131225586,29.045303344726562,23.796518325805664,20.012317657470703,18.632160186767578,17.35027503967285
-5.515617847442627,-4.318366527557373,-4.4704060554504395,-3.893620491027832,-2.9996285438537598,-2.5905802249908447,-2.792937994003296,-2.65799880027771,-1.8607090711593628,-0.77004075050354,0.16499356925487518,0.13698679208755493,-0.31446731090545654,-0.7203567028045654,-1.4584851264953613,-2.144913911819458,-2.5896310806274414,-3.0701746940612793,-3.5483062267303467,-3.392298936843872,-2.3910484313964844,-1.0628573894500732,0.8665016293525696,2.506272792816162,3.7441840171813965,6.05427885055542,8.767058372497559,12.395429611206055,19.011690139770508,26.938905715942383,34.350826263427734,37.220218658447266,33.63495635986328,30.225181579589844,29.36741065979004,28.513776779174805,31.242895126342773,35.346656799316406,35.32561111450195,34.08442306518555,29.074153900146484,24.13951301574707,19.188486099243164
-4.572266101837158,-4.222661018371582,-3.9826529026031494,-3.079988956451416,-1.7079907655715942,-1.2780154943466187,-1.8330634832382202,-1.9864380359649658,-1.0712201595306396,0.05144018307328224,0.7826380133628845,0.846061110496521,0.4059998393058777,-0.001900963019579649,-0.5979865789413452,-1.0241941213607788,-1.3986996412277222,-1.9540101289749146,-2.4817819595336914,-2.6103219985961914,-2.2766671180725098,-1.7156829833984375,-0.7132700681686401,0.1944275200366974,0.8839783668518066,1.8889434337615967,3.1071929931640625,5.575432300567627,8.82346248626709,12.878662109375,21.619274139404297,31.080066680908203,33.387908935546875,29.40049934387207,28.123722076416016,28.861122131347656,30.748374938964844,33.871421813964844,35.94748306274414,35.10055160522461,32.161800384521484,30.734416961669922,29.432825088500977
-3.60969877243042,-3.5102415084838867,-3.4699838161468506,-2.5914340019226074,-1.565658450126648,-1.0369622707366943,-1.1013401746749878,-0.9258808493614197,-0.15601468086242676,0.36922767758369446,0.6538213491439819,0.864341676235199,0.8655434250831604,0.6574863195419312,-0.027970395982265472,-0.6304324269294739,-1.1718961000442505,-1.9140857458114624,-2.4586052894592285,-2.7091071605682373,-2.5952067375183105,-2.5132126808166504,-2.446463108062744,-2.222984790802002,-1.8806109428405762,-1.2952271699905396,0.08191610127687454,1.7763397693634033,2.661266565322876,5.191891670227051,11.857430458068848,21.804948806762695,28.88982582092285,29.153749465942383,29.216821670532227,30.364240646362305,28.78921127319336,28.821712493896484,29.24309730529785,27.85235595703125,27.398691177368164,28.965219497680664,28.089990615844727
-3.330565929412842,-3.4123690128326416,-3.270228624343872,-2.3582401275634766,-1.3485500812530518,-0.5878027081489563,-0.2013537585735321,0.07689347863197327,0.3218965530395508,0.4286232590675354,0.522305965423584,1.027251124382019,1.391224980354309,0.9520533084869385,-0.06058436259627342,-1.0484743118286133,-1.795034646987915,-2.473409414291382,-3.0368540287017822,-3.328786611557007,-3.4228265285491943,-3.5451552867889404,-3.6779119968414307,-3.721388578414917,-3.9269816875457764,-3.9672558307647705,-3.6967875957489014,-3.226830005645752,-2.483745574951172,-0.49918168783187866,3.5374929904937744,10.37845516204834,18.62510108947754,24.44834327697754,24.903583526611328,22.593103408813477,20.76836395263672,20.5191593170166,21.615251541137695,21.743350982666016,23.461536407470703,29.9764461517334,30.84224510192871
