data/wind_data/wind_2025-02-19_07.json
{"header": {"parameterUnit": "KT", "parameterCategory": 2, "nx": 255, "ny": 198, "lo1": 44.73521041870117, "la1": -3.236724853515625, "lo2": 111.26478576660156, "la2": 43.468475341796875, "dx": 0.26192745566368103, "dy": -0.23708222806453705, "refTime": "2025-02-19 07:00:00", "forecastTime": 0, "parameterNumber": 2, "parameterNumberName": "eastward_wind"}, "data":
[rows 76 to 94 of 198, columns 129 to 171 of 255]
1.7820698022842407,-0.501681387424469,-1.7232292890548706,-1.9937115907669067,-0.9702470302581787,-0.8934230208396912,-0.5692156553268433,-0.22826732695102692,-0.7553395628929138,-0.6028470993041992,-2.152097463607788,-1.8775652647018433,1.6595609188079834,-0.3954680263996124,-1.3683853149414062,1.4436107873916626,1.009205937385559,1.0972248315811157,1.0671491622924805,1.0948327779769897,0.9214107394218445,0.6836162805557251,0.23750245571136475,-0.19785642623901367,-0.5287539958953857,-0.675567090511322,-0.6654369831085205,-0.5641931295394897,-0.5228395462036133,-0.584281861782074,-0.5893641710281372,-0.4647383391857147,-0.3597583770751953,-0.5451269149780273,-1.0636956691741943,-1.6146340370178223,-1.9847300052642822,-2.240569591522217,-2.4636762142181396,-2.8027377128601074,-3.245778799057007,-3.673445463180542,-3.836905002593994
1.919342279434204,0.09644076228141785,-0.9879814982414246,-1.059156894683838,-0.3461166322231293,-0.329795777797699,-0.7613800168037415,0.5509092807769775,-0.6808841824531555,-0.22339175641536713,-0.2684394121170044,0.20999760925769806,0.9967082142829895,-0.7008395791053772,-0.8673409223556519,-1.0014431476593018,1.0389939546585083,1.5836931467056274,1.8034374713897705,1.8689416646957397,1.8354121446609497,1.6187207698822021,1.2055668830871582,0.7494106292724609,0.4098217785358429,0.16317260265350342,0.026517346501350403,-0.0013087935512885451,-0.015347111970186234,-0.1443980485200882,-0.2652699649333954,-0.288056343793869,-0.14350545406341553,-0.06123537942767143,-0.3573060929775238,-0.8356300592422485,-1.2142285108566284,-1.5007046461105347,-1.890797734260559,-2.3099560737609863,-2.672664165496826,-3.0794575214385986,-3.370340585708618
2.7536635398864746,0.7245948314666748,-0.21431773900985718,-0.05734635144472122,0.3416293263435364,-0.021682703867554665,0.4727973937988281,0.5261545181274414,0.38032060861587524,0.792272686958313,0.19411787390708923,1.128455400466919,0.5756744146347046,1.1860829591751099,-1.2284762859344482,-2.2883293628692627,1.9146207571029663,2.122687816619873,2.5036351680755615,2.637545585632324,2.521146059036255,2.2932887077331543,1.9952418804168701,1.700716495513916,1.49452543258667,1.238368034362793,0.9456827640533447,0.6911109685897827,0.459011971950531,0.20401515066623688,-0.009916639886796474,-0.09116454422473907,0.05372123420238495,0.2898898422718048,0.2370750904083252,-0.16552181541919708,-0.6013803482055664,-0.8890036940574646,-1.1913477182388306,-1.6599757671356201,-2.124474287033081,-2.4700586795806885,-2.764697551727295
3.42903208732605,1.113295078277588,0.3022060692310333,1.1528701782226562,1.2948312759399414,0.4982486069202423,0.7658812403678894,1.050120234489441,1.413947343826294,0.8713579773902893,1.210715651512146,1.1868406534194946,2.016526937484741,2.53909969329834,1.5997916460037231,-0.06621085852384567,-0.7244271039962769,2.51755428314209,3.129655599594116,3.1219966411590576,3.138504981994629,2.8401143550872803,2.6161813735961914,2.4805498123168945,2.380711317062378,2.1643998622894287,1.7802852392196655,1.3975414037704468,1.0083116292953491,0.609064519405365,0.30119335651397705,0.22244331240653992,0.36091694235801697,0.5732472538948059,0.6070429086685181,0.31317728757858276,-0.10821466147899628,-0.4040473997592926,-0.5650441646575928,-0.9178124070167542,-1.4444199800491333,-1.85246741771698,-2.1880691051483154
4.299864292144775,2.586695671081543,1.154148817062378,2.378255605697632,2.338580846786499,0.8200880885124207,0.8534646034240723,1.1391832828521729,1.9104095697402954,1.753624439239502,1.4826470613479614,1.8516548871994019,3.499542474746704,3.428159475326538,3.6174840927124023,2.56933856010437,-1.045459270477295,-0.16877801716327667,2.5699472427368164,4.218245983123779,3.766396999359131,3.448822021484375,3.238483190536499,3.1447527408599854,3.039289712905884,2.7947001457214355,2.3629462718963623,1.9305304288864136,1.5354152917861938,1.1555943489074707,0.7772045731544495,0.5935629606246948,0.6454045176506042,0.8097667694091797,0.7923397421836853,0.6310945153236389,0.346743643283844,0.06196284666657448,-0.017591077834367752,-0.2200443148612976,-0.7091261148452759,-1.1992427110671997,-1.5577009916305542
4.8922953605651855,3.7903146743774414,2.162946939468384,2.836453437805176,2.7547502517700195,1.2143738269805908,1.155869483947754,1.3450144529342651,1.3096122741699219,1.8488242626190186,1.8403313159942627,2.67472243309021,3.9389336109161377,5.298432350158691,3.5608603954315186,2.0775272846221924,0.9478129744529724,1.0813467502593994,1.1618683338165283,1.4689292907714844,3.81957745552063,3.911458730697632,3.864442825317383,3.6310596466064453,3.5158982276916504,3.374058485031128,2.98771333694458,2.531270742416382,2.141991138458252,1.7773691415786743,1.3542499542236328,0.9915511608123779,0.8959423899650574,0.9451925754547119,0.9291887283325195,0.8229615688323975,0.6384226679801941,0.4748179614543915,0.4126763641834259,0.24453066289424896,-0.10713768750429153,-0.536431074142456,-0.97994065284729
5.530108451843262,4.7539544105529785,3.142451763153076,2.827117919921875,2.893702745437622,1.9421672821044922,1.9172604084014893,1.2284438610076904,0.7556454539299011,1.6270277500152588,1.8630484342575073,3.009096622467041,4.80843448638916,5.681824684143066,4.960846900939941,3.7993786334991455,2.016455888748169,-0.04817820340394974,0.1975654661655426,-0.5602642297744751,0.33632156252861023,3.3597230911254883,3.877227306365967,3.991008996963501,3.814446210861206,3.670936346054077,3.5499889850616455,3.2138712406158447,2.7332284450531006,2.2989025115966797,1.8788758516311646,1.4735774993896484,1.1934486627578735,1.0592504739761353,0.9835115075111389,0.9251315593719482,0.8709889054298401,0.9136063456535339,0.9261848330497742,0.7242504954338074,0.35714179277420044,-0.03874938562512398,-0.40631237626075745
5.524597644805908,5.001465320587158,3.675833225250244,2.854461193084717,2.6295154094696045,2.3305211067199707,2.038609266281128,1.1365151405334473,1.0519622564315796,1.2023552656173706,1.9091943502426147,3.4820761680603027,4.297743320465088,4.687962055206299,5.1326704025268555,6.522580146789551,3.056201457977295,-1.68795907497406,-2.296992063522339,-0.9912130832672119,-1.153894066810608,-0.8186326622962952,2.8793585300445557,3.978640079498291,4.328887939453125,4.20311164855957,3.8895552158355713,3.6096115112304688,3.3092076778411865,2.9516868591308594,2.5582170486450195,2.1428885459899902,1.748162865638733,1.4412941932678223,1.2661949396133423,1.1894882917404175,1.16917884349823,1.2602218389511108,1.372383713722229,1.1780496835708618,0.782890796661377,0.33715197443962097,-0.08097755908966064
5.333602428436279,4.7951483726501465,3.920569896697998,2.8482401371002197,2.709899663925171,2.774592399597168,1.7262239456176758,1.520723581314087,2.006803274154663,1.9411742687225342,3.1890783309936523,4.22407341003418,3.563554286956787,3.8168649673461914,5.41815710067749,5.724648475646973,6.056814193725586,-0.42516544461250305,-5.260269641876221,-2.130631923675537,0.3858223855495453,-1.074881672859192,-1.3828561305999756,2.763526201248169,4.328425407409668,4.736362934112549,4.618835926055908,4.257048606872559,3.8789353370666504,3.465939521789551,3.1685521602630615,2.9170989990234375,2.533268451690674,2.1584441661834717,1.8962193727493286,1.7225583791732788,1.5693857669830322,1.4788953065872192,1.4104363918304443,1.18729829788208,0.8992116451263428,0.5741493105888367,0.33358004689216614
5.094146728515625,4.691253662109375,4.075768947601318,3.12296199798584,2.8235256671905518,2.989032030105591,2.566558837890625,2.960862398147583,3.100510835647583,2.898252010345459,3.868908643722534,4.55325984954834,3.663726329803467,3.635509967803955,5.280538558959961,5.597197532653809,6.588965892791748,1.3083844184875488,-4.9446868896484375,-2.2081570625305176,0.5690841674804688,0.7958101630210876,-0.6629399061203003,0.40492215752601624,3.5384883880615234,4.415248394012451,4.521251201629639,4.648038387298584,4.541464328765869,4.237359046936035,3.9118969440460205,3.5640695095062256,3.2534239292144775,2.9694652557373047,2.691190481185913,2.3936641216278076,2.096625804901123,1.7919009923934937,1.468859076499939,1.1277493238449097,0.8812046647071838,0.7369509339332581,0.760761559009552
4.415283203125,4.636712074279785,4.316952705383301,3.7695577144622803,3.4937427043914795,2.8451120853424072,2.871281862258911,3.2894675731658936,3.5533173084259033,4.057295799255371,5.322764873504639,5.24105978012085,4.664510726928711,4.673266410827637,4.499722003936768,5.078460216522217,5.086068630218506,3.731099843978882,-1.2482998371124268,-2.9526069164276123,0.21205732226371765,1.7928746938705444,1.918241024017334,0.6854695677757263,1.1137210130691528,3.4022092819213867,4.52928352355957,4.904767990112305,5.083003997802734,4.908463001251221,4.443892002105713,4.096866130828857,3.852617025375366,3.6258132457733154,3.3802967071533203,3.0418081283569336,2.6332497596740723,2.156888008117676,1.7070046663284302,1.242908239364624,0.9020009636878967,0.8387805819511414,0.9975898861885071
3.014307737350464,3.7741081714630127,4.705111503601074,4.2995476722717285,3.9441325664520264,3.7091455459594727,3.4832093715667725,3.0220277309417725,3.969374179840088,4.993011474609375,5.023872375488281,5.475850582122803,5.457273483276367,4.728163242340088,4.64214563369751,4.260966777801514,4.1178879737854,5.158651828765869,0.9186260104179382,-2.8236961364746094,0.3207056224346161,2.073178291320801,-0.1950940489768982,-1.510465383529663,-1.5168538093566895,0.09627887606620789,3.4704980850219727,5.430466651916504,5.951984882354736,5.721495628356934,5.421937465667725,4.952822685241699,4.5738043785095215,4.250604152679443,3.906313419342041,3.5106136798858643,3.082132577896118,2.520618438720703,1.9493499994277954,1.4453537464141846,1.1566028594970703,1.2031314373016357,1.3223235607147217
3.2530550956726074,4.054110527038574,5.0232391357421875,4.673571586608887,4.123034477233887,3.906205892562866,3.3829259872436523,3.2129859924316406,4.286984443664551,5.81511116027832,5.470048904418945,5.2777581214904785,4.686516284942627,4.47399377822876,4.209840774536133,3.064079523086548,3.023768186569214,4.060190200805664,1.5151017904281616,-1.8602956533432007,-0.13803480565547943,1.0552817583084106,-1.8040721416473389,-3.658673048019409,-1.4237960577011108,-0.2845952808856964,0.9683341979980469,4.2908430099487305,5.869441032409668,5.688857078552246,4.832197189331055,4.857390403747559,5.026827812194824,4.7721734046936035,4.236032962799072,3.7404630184173584,3.2764158248901367,2.6347265243530273,2.04333758354187,1.651509165763855,1.5692261457443237,1.7805637121200562,1.8186663389205933
2.745356321334839,3.7196474075317383,4.706698894500732,4.384594917297363,3.73758602142334,4.1476263999938965,4.0422258377075195,3.7825732231140137,4.8481268882751465,6.348191738128662,5.968955993652344,5.266852855682373,4.7539567947387695,3.967543601989746,4.307337760925293,1.4941155910491943,0.7266426682472229,3.167154550552368,2.1629245281219482,0.7193557024002075,1.7467093467712402,1.0691707134246826,-1.755942702293396,-3.68503737449646,-0.3129826784133911,-0.8499130010604858,-3.877551555633545,1.687087059020996,4.731019973754883,5.910295009613037,6.017162322998047,4.677992343902588,4.34984827041626,4.377102851867676,4.055902481079102,3.6447696685791016,3.3928189277648926,3.0484259128570557,2.424319267272949,1.8148771524429321,1.7740743160247803,2.13103985786438,2.2511353492736816
1.6664162874221802,2.550729274749756,2.8683559894561768,3.764463186264038,4.060225009918213,4.577207088470459,4.869508743286133,4.357676029205322,5.590606689453125,6.107152462005615,5.564946174621582,5.759521007537842,4.923336982727051,4.722675800323486,3.0650293827056885,-0.9775782227516174,-0.2746554911136627,2.2268736362457275,2.6377487182617188,2.708834648132324,3.4747116565704346,1.3644746541976929,-2.356628179550171,-2.921562910079956,0.2904970049858093,0.5057175159454346,-0.4109809994697571,2.108781099319458,4.715163230895996,4.497778415679932,3.334515333175659,4.500983715057373,4.0746355056762695,3.995147943496704,4.098561763763428,3.743635654449463,3.2770776748657227,2.7860448360443115,2.4238617420196533,2.2050154209136963,2.2141270637512207,2.4599337577819824,2.5044639110565186
0.3521992564201355,0.5780038237571716,1.467810034751892,3.211423635482788,3.9253199100494385,4.405268669128418,5.347261428833008,4.762767314910889,6.065033912658691,6.525494575500488,5.9527201652526855,6.069030284881592,4.678897380828857,2.4076454639434814,2.5988218784332275,1.2415469884872437,-0.8334505558013916,0.991222620010376,1.2437740564346313,2.5525574684143066,2.9586617946624756,2.237030029296875,-0.4928226172924042,-2.8006174564361572,-0.5761800408363342,-0.7921613454818726,-0.1760229766368866,1.5136902332305908,3.0532209873199463,4.4911675453186035,1.942602515220642,0.6808889508247375,2.5865838527679443,3.0329501628875732,2.8243825435638428,2.756747007369995,2.8742258548736572,3.1143622398376465,3.1310315132141113,2.912621259689331,2.815434217453003,2.9030163288116455,2.8262650966644287
0.1625216007232666,0.2906060814857483,0.8634641170501709,2.057058334350586,2.5508527755737305,2.9822452068328857,4.436178207397461,5.2741875648498535,5.476648807525635,5.484767913818359,5.407920837402344,5.573950290679932,4.713878631591797,2.8274099826812744,4.492167949676514,1.9588596820831299,-1.1663541793823242,0.4308204650878906,0.24959948658943176,0.8641265630722046,2.7999982833862305,1.6104097366333008,-0.4899221360683441,-1.1113423109054565,-1.6411504745483398,-0.7729666233062744,0.3534846901893616,1.242736577987671,1.9681037664413452,3.298607110977173,2.2343921661376953,-0.8120009303092957,-1.0255696773529053,1.2076606750488281,2.2113633155822754,2.209538459777832,2.5882911682128906,3.3429019451141357,3.812375783920288,3.6675777435302734,3.337341547012329,3.1192760467529297,2.868129253387451
1.065556526184082,-0.049079202115535736,-0.4124758541584015,-0.16577774286270142,0.29903870820999146,1.8817485570907593,3.448986768722534,3.976696252822876,4.927180767059326,4.606441020965576,4.753937721252441,4.533682346343994,4.59595251083374,3.9827077388763428,4.727618217468262,1.9866774082183838,-1.6273232698440552,-0.7434824705123901,-0.40912237763404846,0.570604681968689,0.805424690246582,0.32450634241104126,-0.4597852826118469,0.42822593450546265,0.6886194944381714,-0.6119205355644226,-0.32598522305488586,0.49627646803855896,1.388883113861084,1.6878217458724976,2.1770455837249756,0.7197074890136719,-0.9262193441390991,-0.7898692488670349,-0.05183699354529381,1.3487416505813599,2.218790054321289,3.370570421218872,4.072767734527588,4.069564342498779,3.73296856880188,3.399221420288086,3.107860565185547
1.7707998752593994,-0.5357210636138916,-1.408469796180725,-1.2941844463348389,-0.70660799741745,1.0673489570617676,2.170689821243286,3.5318033695220947,4.484269618988037,3.4737048149108887,3.1120388507843018,3.276918411254883,3.657707691192627,3.7817132472991943,2.996150016784668,-0.09351672232151031,-0.9957437515258789,-0.5598962306976318,-2.165660858154297,-0.801677405834198,-0.20267553627490997,0.2112412303686142,-0.20342926681041718,0.20775699615478516,0.8040701150894165,0.09016472846269608,-0.2256937325000763,-0.34511834383010864,-0.007172693032771349,0.9990253448486328,0.6809703707695007,1.9623563289642334,-1.4881529808044434,-6.635959625244141,-2.9930973052978516,-0.35253992676734924,1.671431541442871,3.170067548751831,3.6909587383270264,3.647681713104248,3.548602342605591,3.6137535572052,3.620296001434326
