data/wind_data/wind_48_1.json
{"header": {"parameterUnit": "KT", "parameterCategory": 2, "nx": 256, "ny": 198, "lo1": 44.73521041870117, "la1": -3.236724853515625, "lo2": 111.26478576660156, "la2": 43.468475341796875, "dx": 0.2609002888202667, "dy": -0.23708222806453705, "refTime": "2025-02-21 00:00:00", "forecastTime": 0, "parameterNumber": 2, "parameterNumberName": "eastward_wind"}, "data":
[rows 76 to 94 of 198, columns 86 to 128 of 256]
-2.4321603775024414,-2.265932321548462,-2.1198513507843018,-2.010340929031372,-1.913861870765686,-2.0101840496063232,-1.9520155191421509,-1.7505192756652832,-1.741349458694458,-2.2550394535064697,-2.94091534614563,-3.0951788425445557,-2.794292688369751,-2.11108136177063,-1.7097924947738647,-1.4000450372695923,-1.2992868423461914,-0.9876894950866699,-0.42306962609291077,0.2124602496623993,1.2673616409301758,0.8888546824455261,-0.4588857591152191,-3.620342969894409,-8.71389102935791,-12.954903602600098,-12.176546096801758,-6.765917778015137,-3.2661993503570557,-3.7536044120788574,-5.348583221435547,-7.269932746887207,-8.359147071838379,-8.307564735412598,-5.0946550369262695,-4.320794105529785,-4.080519676208496,-4.837413787841797,-5.704826831817627,-6.155487537384033,-6.12550687789917,-6.366973400115967,-5.44374942779541
-1.9740244150161743,-1.8876383304595947,-1.6172412633895874,-1.6584703922271729,-1.587792158126831,-1.7132536172866821,-1.9334897994995117,-1.7361876964569092,-1.4848592281341553,-1.8227185010910034,-2.651421070098877,-2.8812050819396973,-2.682624101638794,-2.1480398178100586,-1.984692931175232,-1.8351130485534668,-1.5084750652313232,-0.9733520746231079,-0.5084046721458435,0.19189193844795227,1.0125917196273804,0.05266265198588371,-1.740317463874817,-5.1375041007995605,-9.221321105957031,-15.052133560180664,-12.914033889770508,-5.925203323364258,-3.274651288986206,-5.163702964782715,-4.300591945648193,-4.69650411605835,-7.828155040740967,-6.013481140136719,-4.415431976318359,-4.725543975830078,-4.975982666015625,-5.4480061531066895,-7.040448188781738,-7.229029655456543,-6.243682861328125,-5.845613956451416,-4.992866516113281
-1.2712045907974243,-1.178123950958252,-0.9746845960617065,-1.0955042839050293,-1.2280566692352295,-1.5098581314086914,-1.7304130792617798,-1.7453800439834595,-1.6472386121749878,-1.850541591644287,-2.414025068283081,-2.7431325912475586,-2.6759843826293945,-2.2169289588928223,-2.1045000553131104,-2.1045029163360596,-1.8056291341781616,-1.3807697296142578,-0.961451530456543,-0.3662140369415283,-0.053295645862817764,-1.283119797706604,-3.6903603076934814,-5.054042816162109,-8.89987564086914,-15.915136337280273,-12.017574310302734,-6.990098476409912,-6.115541458129883,-7.536013126373291,-5.167847156524658,-4.017057418823242,-3.1896653175354004,-1.7833569049835205,-1.980871319770813,-4.886465072631836,-5.892422199249268,-4.954195976257324,-5.842254161834717,-6.625726699829102,-5.95212459564209,-5.326375484466553,-3.9280717372894287
-0.5143885612487793,-0.41908425092697144,-0.21591123938560486,-0.33563461899757385,-0.5350220203399658,-0.886931836605072,-1.3963903188705444,-1.7813811302185059,-1.903997540473938,-2.070852756500244,-2.3852694034576416,-2.5993263721466064,-2.5864152908325195,-2.102404832839966,-1.9477083683013916,-2.1270570755004883,-2.3530728816986084,-2.2087185382843018,-1.7475841045379639,-1.2495912313461304,-0.9611199498176575,-2.2913713455200195,-4.564556121826172,-3.9466209411621094,-11.807122230529785,-17.663209915161133,-9.4180908203125,-4.615921974182129,-9.706168174743652,-8.067037582397461,-2.5684471130371094,-1.311739444732666,-2.69681453704834,-3.488084316253662,-5.372457981109619,-6.579668045043945,-6.006826400756836,-4.419589996337891,-3.4334073066711426,-3.5182945728302,-4.990271091461182,-4.725597381591797,-2.152552843093872
-0.02233067713677883,0.16442014276981354,0.4186665415763855,0.3891392946243286,0.13713353872299194,-0.2831609845161438,-0.9359320998191833,-1.547837734222412,-2.0355262756347656,-2.4471421241760254,-2.5840790271759033,-2.5842630863189697,-2.4061532020568848,-1.8516960144042969,-1.6061376333236694,-1.8158053159713745,-2.654160261154175,-3.0432777404785156,-2.6559011936187744,-1.9342608451843262,-1.657379150390625,-3.037592649459839,-3.7553391456604004,-4.186305522918701,-14.371122360229492,-17.752758026123047,-10.500452995300293,-7.120080947875977,-9.892752647399902,-5.078843593597412,-0.44060155749320984,-0.20368783175945282,-4.154744625091553,-6.905033588409424,-8.702841758728027,-9.054220199584961,-7.08314847946167,-5.4785380363464355,-3.975360155105591,-2.383661985397339,-2.105475664138794,-1.6471538543701172,-1.3852723836898804
0.31331029534339905,0.5654106736183167,0.833240270614624,0.8731085062026978,0.7088703513145447,0.28718456625938416,-0.43424543738365173,-1.332826018333435,-2.1985023021698,-2.741337299346924,-2.810245990753174,-2.5631062984466553,-2.1581077575683594,-1.589793086051941,-1.275633454322815,-1.3717321157455444,-2.512014627456665,-3.4249885082244873,-3.536783218383789,-2.377922534942627,-2.093743324279785,-3.3323755264282227,-3.2214717864990234,-6.6496901512146,-17.20268440246582,-16.63922882080078,-9.726288795471191,-4.562507152557373,-4.590234279632568,-1.150402307510376,-0.33286646008491516,-1.6421514749526978,-3.5135581493377686,-6.92312479019165,-10.2826509475708,-8.88428783416748,-6.108773231506348,-4.74338960647583,-2.5019986629486084,0.06424172967672348,2.3787453174591064,2.362698554992676,-1.1391122341156006
0.5880544781684875,0.8421574234962463,1.080325722694397,1.1869475841522217,1.0194605588912964,0.5836480259895325,-0.16734439134597778,-1.3731653690338135,-2.4065492153167725,-2.8959834575653076,-2.871521234512329,-2.40895414352417,-1.884322166442871,-1.3069604635238647,-0.9212332963943481,-0.7430869936943054,-1.944437861442566,-3.3395206928253174,-4.235630989074707,-2.8924012184143066,-2.087740898132324,-3.498687744140625,-2.9275355339050293,-8.474737167358398,-18.634105682373047,-16.797945022583008,-8.548453330993652,-0.9589594602584839,0.5406107902526855,2.967677354812622,1.6498233079910278,-3.5309176445007324,-4.074828624725342,-6.718101978302002,-10.69250774383545,-8.326554298400879,-5.0748162269592285,-3.5518410205841064,-1.0058568716049194,2.0143861770629883,4.907724857330322,1.9638882875442505,-1.4903115034103394
0.8806803226470947,1.1100308895111084,1.3158020973205566,1.4126768112182617,1.1361873149871826,0.6070127487182617,-0.22138439118862152,-1.4821555614471436,-2.4574058055877686,-2.7526862621307373,-2.6900217533111572,-2.29742431640625,-1.7636399269104004,-0.9892911911010742,-0.4643288552761078,-0.11673643440008163,-0.9838982820510864,-2.762667179107666,-4.676389217376709,-3.5895743370056152,-2.037480115890503,-2.886760950088501,-1.4351484775543213,-8.56489086151123,-17.88227081298828,-14.463760375976562,-6.985976219177246,0.6332617998123169,2.10563325881958,1.6353243589401245,-2.025301933288574,-4.690487861633301,-4.849748134613037,-7.92985200881958,-8.66915225982666,-6.696796417236328,-5.235513687133789,-3.194779872894287,-0.21191896498203278,2.931988000869751,5.325469017028809,-0.5565117001533508,-2.8736467361450195
1.0574151277542114,1.28559148311615,1.5811762809753418,1.6942479610443115,1.2875163555145264,0.5125364065170288,-0.6033942103385925,-1.7897140979766846,-2.2671308517456055,-2.3240139484405518,-2.4113099575042725,-2.3072612285614014,-1.7503886222839355,-0.7536236643791199,0.05488447844982147,0.30596745014190674,0.07964517176151276,-1.8674805164337158,-4.610775470733643,-4.267691135406494,-2.7473552227020264,-2.0831499099731445,-2.2464962005615234,-10.012579917907715,-17.65311050415039,-12.638589859008789,-4.585075855255127,-0.99555504322052,1.136976718902588,-2.3062219619750977,-5.571341037750244,-6.036433219909668,-7.489222526550293,-6.764675140380859,-4.025601387023926,-1.280094861984253,-2.939692258834839,-5.607510566711426,-3.032728910446167,2.6157236099243164,4.136879920959473,-2.988919258117676,-2.5548362731933594
1.2589277029037476,1.5504295825958252,1.9146006107330322,1.941243052482605,1.414320707321167,0.399827778339386,-0.9470030069351196,-2.020002841949463,-2.0130858421325684,-1.8702577352523804,-2.250399351119995,-2.3996732234954834,-1.7816402912139893,-0.7456948757171631,0.1519859880208969,0.47057369351387024,0.8466860055923462,-0.9553545117378235,-4.008421421051025,-4.807260513305664,-3.5728347301483154,-1.984447956085205,-3.5730226039886475,-11.38136100769043,-15.707470893859863,-11.378202438354492,-4.019728183746338,-2.4092319011688232,-3.6104328632354736,-4.790642261505127,-5.158467769622803,-7.432269096374512,-7.250934600830078,-5.142142295837402,-1.931623935699463,0.9679616093635559,2.1523501873016357,0.7057600617408752,-2.1270484924316406,0.2636697590351105,2.999379873275757,-1.4859802722930908,-1.548810362815857
1.3354988098144531,1.3984553813934326,1.7885870933532715,1.8317114114761353,1.3129881620407104,0.34245485067367554,-1.0296293497085571,-1.8947107791900635,-1.6107819080352783,-1.720299243927002,-2.353386163711548,-2.525108814239502,-1.998357892036438,-1.1853687763214111,-0.32960984110832214,0.4792599678039551,0.9191404581069946,-0.25367793440818787,-3.0760035514831543,-4.657360076904297,-4.264533042907715,-2.605496406555176,-3.0179684162139893,-10.658953666687012,-15.010842323303223,-12.952659606933594,-7.247215270996094,-4.778362274169922,-5.2697930335998535,-3.629349708557129,-4.112250328063965,-6.098336696624756,-3.5367178916931152,-0.9484090805053711,1.1821873188018799,4.209010124206543,5.091694355010986,3.79575252532959,1.1040414571762085,-2.5360610485076904,-1.498152732849121,-0.6053957343101501,0.021859323605895042
1.4709792137145996,1.453431487083435,1.6275908946990967,1.5759214162826538,1.14761221408844,0.32805153727531433,-0.9177690148353577,-1.538260817527771,-1.3171615600585938,-1.8354012966156006,-2.8486807346343994,-2.983444929122925,-2.4364171028137207,-1.856087565422058,-1.070740818977356,0.09476590156555176,0.4116678237915039,-0.2601143717765808,-2.3498988151550293,-4.07781457901001,-4.3757429122924805,-1.8577454090118408,-2.008000135421753,-6.5607523918151855,-14.127747535705566,-15.151220321655273,-8.908940315246582,-1.934094786643982,-0.2305346131324768,-0.314337819814682,0.5021951794624329,-0.42521438002586365,-0.6294130682945251,0.4402380585670471,1.8975169658660889,3.9255292415618896,4.174610614776611,2.9314985275268555,-0.1817585676908493,-3.6069014072418213,-4.215732097625732,-2.5182411670684814,-2.681060552597046
1.5182703733444214,1.4033093452453613,1.4879602193832397,1.3576030731201172,1.0722323656082153,0.40840861201286316,-0.6878392100334167,-1.1572200059890747,-1.154416799545288,-2.1799514293670654,-3.4697818756103516,-3.5007095336914062,-2.9295055866241455,-2.2138288021087646,-2.3521780967712402,-1.3579329252243042,-0.7875683307647705,-0.8990721702575684,-1.7926896810531616,-3.497708797454834,-4.664191246032715,-1.3038409948349,-0.9660958647727966,-3.6471571922302246,-12.542323112487793,-15.726139068603516,-8.351371765136719,1.1182968616485596,3.441680431365967,3.5474019050598145,3.5645668506622314,3.6692280769348145,2.040651798248291,1.2410862445831299,0.8438535928726196,0.3660489320755005,-0.31551623344421387,-2.0721116065979004,-3.9605062007904053,-3.2497143745422363,-1.0712571144104004,-0.8877257704734802,-2.0508265495300293
1.5768749713897705,1.500900387763977,1.459399700164795,1.316326379776001,1.1568751335144043,0.6728876829147339,-0.37656840682029724,-0.85182785987854,-1.1857460737228394,-2.5841469764709473,-3.5106637477874756,-3.3610551357269287,-2.7169814109802246,-2.4703426361083984,-3.5130364894866943,-3.737844705581665,-2.402745246887207,-1.4214808940887451,-1.9453035593032837,-3.5418763160705566,-4.966936111450195,-1.187741994857788,-0.8160249590873718,-8.453936576843262,-12.221187591552734,-12.76020622253418,-5.775424480438232,1.9369646310806274,3.5379717350006104,3.7190937995910645,1.0549743175506592,-2.0179033279418945,-2.096717596054077,-0.9362035989761353,-2.090104818344116,-3.0016441345214844,-2.7270307540893555,-2.5181403160095215,-2.4768171310424805,-0.4574747681617737,2.252854585647583,-0.2937021553516388,-2.964378595352173
1.5411953926086426,1.4926738739013672,1.4564727544784546,1.4212892055511475,1.4290469884872437,1.075376272201538,0.11437805742025375,-0.3211660385131836,-0.9664497375488281,-2.2628910541534424,-2.8660812377929688,-2.791872262954712,-2.0891458988189697,-2.5333521366119385,-4.544058799743652,-5.465979099273682,-4.176908016204834,-2.3151676654815674,-1.8539304733276367,-3.685817003250122,-4.66245174407959,-2.0811524391174316,-4.977444171905518,-12.43585205078125,-11.880939483642578,-8.40894889831543,-2.077529191970825,0.15165038406848907,-0.1550084948539734,-1.7236764430999756,-5.988214015960693,-5.112635135650635,-1.7942910194396973,-0.3163105249404907,-2.0990777015686035,-2.600360155105591,-1.480366587638855,-0.8910983800888062,-0.44010335206985474,1.5970531702041626,4.020622253417969,4.507879734039307,-1.7499750852584839
1.4319398403167725,1.397924780845642,1.5230369567871094,1.6233189105987549,1.7194898128509521,1.5162326097488403,0.6773353815078735,0.01245044730603695,-0.7568327188491821,-1.7183884382247925,-2.425635814666748,-2.2483954429626465,-1.4883564710617065,-2.061793327331543,-4.486556053161621,-6.147426605224609,-5.2031121253967285,-3.22485089302063,-2.41507887840271,-3.9056549072265625,-4.2656354904174805,-2.142038345336914,-4.808199882507324,-12.269654273986816,-11.833911895751953,-7.560271739959717,-1.972688913345337,-0.8754655122756958,-2.440115213394165,-1.288794755935669,-4.814153671264648,-4.176374912261963,-1.608022689819336,-1.3052277565002441,-3.1171436309814453,-2.06462025642395,0.8487446308135986,1.623917818069458,1.341537594795227,3.272986650466919,4.868192195892334,4.724569797515869,2.134380340576172
1.2931938171386719,1.3183013200759888,1.644334077835083,1.8448541164398193,1.9628024101257324,1.7706471681594849,0.9234133958816528,0.3760133981704712,-0.2726965844631195,-1.2729203701019287,-2.3539483547210693,-1.966866135597229,-1.026889681816101,-1.1307777166366577,-3.1882197856903076,-4.738440990447998,-4.649728775024414,-3.5461084842681885,-2.972076416015625,-4.026987552642822,-4.622175216674805,-2.338021993637085,-2.634627103805542,-10.586932182312012,-12.22946548461914,-9.588808059692383,-4.009947299957275,1.1203593015670776,1.4875507354736328,3.6181130409240723,-1.869916558265686,-3.0286028385162354,-1.8819748163223267,-1.5380150079727173,-1.938833236694336,0.49244385957717896,4.282253742218018,5.293855667114258,3.2329471111297607,3.11260724067688,4.208794116973877,2.5691726207733154,4.3884596824646
1.1847412586212158,1.3556238412857056,1.7930493354797363,2.0217854976654053,2.147024154663086,1.984897494316101,1.349458932876587,0.8389570116996765,0.13935264945030212,-0.9104152321815491,-2.399503469467163,-1.8019580841064453,-1.127001404762268,-1.4544862508773804,-2.045562982559204,-2.307173013687134,-2.387948513031006,-2.2250640392303467,-2.858436107635498,-4.188081741333008,-5.768240928649902,-4.065568447113037,-2.4867117404937744,-8.250472068786621,-12.260824203491211,-11.345330238342285,-5.9111247062683105,1.8962982892990112,4.022590160369873,4.470513343811035,3.9850406646728516,1.3793764114379883,-0.122712142765522,0.12969554960727692,0.8906170129776001,2.7616610527038574,4.505561828613281,5.482143878936768,3.8982081413269043,1.658328652381897,1.3829526901245117,1.3218246698379517,2.8837099075317383
1.3347729444503784,1.670701503753662,2.0664737224578857,2.297790050506592,2.434744119644165,2.3429009914398193,1.796674370765686,1.2594863176345825,0.34868258237838745,-0.6619518399238586,-1.7600640058517456,-2.2306747436523438,-3.0745792388916016,-3.4791417121887207,-1.9401648044586182,0.4926396310329437,1.381575345993042,0.7018440961837769,-1.2295117378234863,-3.1938352584838867,-5.128820419311523,-4.170730113983154,-2.953991413116455,-4.636931419372559,-9.47642993927002,-11.34328556060791,-7.712573051452637,-0.1960439383983612,4.475156307220459,4.808043003082275,6.719914436340332,5.671426773071289,2.5643868446350098,1.5764626264572144,1.2434815168380737,0.813671886920929,0.028444040566682816,0.8601933121681213,0.7618188858032227,-0.4154026210308075,-0.9986386895179749,-0.8645957112312317,-0.5719321370124817
