data/wind_data/wind_21_3.json
{"header": {"parameterUnit": "KT", "parameterCategory": 2, "nx": 256, "ny": 198, "lo1": 44.73521041870117, "la1": -3.236724853515625, "lo2": 111.26478576660156, "la2": 43.468475341796875, "dx": 0.2609002888202667, "dy": -0.23708222806453705, "refTime": "2025-02-19 21:00:00", "forecastTime": 0, "parameterNumber": 2, "parameterNumberName": "eastward_wind"}, "data":
[rows 76 to 94 of 198, columns 0 to 43 of 256]
8.283793449401855,8.451359748840332,7.909845352172852,7.083745002746582,5.394023418426514,5.856060981750488,6.753260612487793,6.842629909515381,5.783237457275391,5.9705352783203125,7.674992084503174,8.59169864654541,7.120076656341553,4.8076605796813965,3.824923038482666,2.5159621238708496,0.826781690120697,-0.5685417652130127,-0.5972904562950134,-0.06818726658821106,0.36553481221199036,0.17301835119724274,-0.34594225883483887,-1.2826752662658691,-2.050461769104004,-2.487952709197998,-2.6967790126800537,-2.8479526042938232,-3.2224717140197754,-3.147296905517578,-2.8477368354797363,-2.729686975479126,-2.5511891841888428,-1.9698785543441772,-1.1433935165405273,-0.6905561685562134,-0.7957038879394531,-0.9038650989532471,-0.9705501794815063,-0.9410462975502014,-0.8682534098625183,-0.9592909216880798,-1.2331631183624268,-1.3933318853378296
9.811675071716309,9.795000076293945,8.79782485961914,7.936502456665039,4.982016086578369,5.565080642700195,7.048335075378418,7.589453220367432,7.514541149139404,8.495038986206055,9.998846054077148,10.596155166625977,9.054333686828613,7.450530529022217,6.07748556137085,4.316097736358643,1.8469231128692627,0.49506959319114685,1.0824774503707886,1.4153468608856201,0.725999116897583,0.16235099732875824,0.04794267937541008,0.39742717146873474,0.09300260245800018,-0.7638047933578491,-1.3727188110351562,-1.4519656896591187,-1.8160090446472168,-1.9470670223236084,-1.300954818725586,-0.7878053188323975,-0.8477759957313538,-1.0854383707046509,-1.2834950685501099,-1.3686972856521606,-0.6991651654243469,-0.5194903016090393,-0.41657736897468567,-0.07790614664554596,0.1299842745065689,-0.1415156126022339,-0.4138546586036682,-0.5594729781150818
11.303587913513184,11.161273956298828,10.253518104553223,9.978082656860352,6.654180526733398,6.821743011474609,7.81947660446167,8.893747329711914,10.357819557189941,11.75113582611084,12.55244255065918,12.392560958862305,11.166824340820312,10.32298469543457,9.334665298461914,6.134205341339111,3.3958592414855957,2.083414077758789,2.3177077770233154,2.4855449199676514,1.2362333536148071,0.6689745187759399,1.4599292278289795,2.3298354148864746,2.269351005554199,1.4283168315887451,0.8168856501579285,0.7083083987236023,0.5810767412185669,0.7133392691612244,1.1903579235076904,1.4361857175827026,1.1744085550308228,0.7478564977645874,0.20551666617393494,0.011146844364702702,-0.14256305992603302,-0.017399493604898453,0.04308363422751427,-0.18307746946811676,-0.24434980750083923,0.3791491389274597,0.36562928557395935,0.3008849620819092
10.39773178100586,12.863221168518066,12.644342422485352,12.314175605773926,9.736712455749512,9.558528900146484,10.436233520507812,11.551899909973145,12.753680229187012,13.428277969360352,13.873373985290527,13.646210670471191,12.775999069213867,11.832254409790039,11.496682167053223,9.040023803710938,5.125353813171387,4.029006004333496,4.264252662658691,4.424583911895752,3.033919095993042,2.149033308029175,2.4851884841918945,3.486786127090454,3.727083683013916,3.618349075317383,3.4589715003967285,3.3438332080841064,3.135502338409424,2.982074499130249,2.8018555641174316,2.6072564125061035,2.278972864151001,2.0984253883361816,1.7464630603790283,1.1223413944244385,0.805450439453125,0.6643710136413574,0.7081690430641174,1.0814753770828247,1.4131925106048584,0.537862241268158,0.4597334563732147,0.8596518039703369
9.722346305847168,13.079912185668945,14.375679016113281,14.253615379333496,13.381919860839844,13.136527061462402,13.652899742126465,14.016849517822266,13.976261138916016,13.743644714355469,14.027729988098145,14.166433334350586,13.578866004943848,12.314613342285156,11.598750114440918,10.549308776855469,7.889143943786621,5.866638660430908,6.002140522003174,6.227445602416992,4.932393550872803,3.678501605987549,3.6788041591644287,4.6615214347839355,5.27431058883667,5.6729230880737305,5.482106685638428,5.137058258056641,4.755026340484619,4.611144542694092,4.306737422943115,3.706202983856201,3.282813549041748,3.3101112842559814,3.04068922996521,2.3391149044036865,1.3122824430465698,1.2693599462509155,1.7649365663528442,3.032855749130249,2.6662464141845703,1.0376554727554321,0.39020901918411255,0.7973058819770813
11.448884963989258,12.686576843261719,13.977498054504395,14.809744834899902,15.80451488494873,15.965418815612793,15.735150337219238,15.014312744140625,14.231368064880371,13.894928932189941,14.041833877563477,13.980301856994629,13.502717018127441,12.546777725219727,11.678288459777832,11.283190727233887,10.080930709838867,8.275802612304688,7.7049078941345215,7.401712417602539,6.095364093780518,4.9411540031433105,5.117628574371338,6.314208984375,7.418457508087158,7.791122913360596,7.243083477020264,6.543994426727295,6.126202583312988,5.884122848510742,5.410369396209717,4.645874977111816,4.204781532287598,4.5064849853515625,4.345041275024414,3.6632068157196045,2.1596426963806152,1.5226130485534668,1.6486363410949707,2.8186755180358887,2.8264780044555664,2.0359067916870117,1.416115641593933,1.226589322090149
13.93867015838623,12.521432876586914,12.744429588317871,14.725261688232422,16.85181427001953,17.30178451538086,16.358999252319336,15.250954627990723,14.529853820800781,14.155989646911621,13.986421585083008,13.761006355285645,13.260834693908691,12.932449340820312,12.644923210144043,12.608003616333008,11.792868614196777,10.056110382080078,9.03416919708252,8.711502075195312,7.707988739013672,6.809774875640869,6.626492500305176,7.500547885894775,8.313135147094727,7.8187479972839355,7.343211650848389,7.317616939544678,7.518675804138184,7.414618492126465,6.797746658325195,5.969653606414795,4.936188697814941,4.572457790374756,4.126517295837402,3.934417247772217,3.3183658123016357,2.535741090774536,2.800366163253784,2.999336004257202,3.110912799835205,2.9644744396209717,2.714740514755249,2.5671021938323975
14.296032905578613,13.62978744506836,13.644636154174805,15.026763916015625,16.88802146911621,17.329627990722656,16.46128273010254,15.579912185668945,15.317593574523926,14.812738418579102,14.017563819885254,13.548399925231934,13.285539627075195,13.472661972045898,13.80780029296875,13.833396911621094,13.021894454956055,11.323846817016602,9.791611671447754,9.37841796875,9.15355110168457,8.456510543823242,7.932941436767578,7.621188640594482,6.7475128173828125,5.907770156860352,6.271060943603516,7.085197448730469,7.4724225997924805,7.421832084655762,7.847823143005371,7.675725936889648,6.0540947914123535,4.4156494140625,3.0778534412384033,2.666872978210449,2.314028263092041,2.302995443344116,3.423701047897339,4.20782995223999,4.544269561767578,3.994521379470825,3.830883741378784,4.058282852172852
13.348188400268555,14.991081237792969,15.423623085021973,15.440754890441895,16.137283325195312,16.90096664428711,16.77326774597168,16.204376220703125,16.103927612304688,15.629105567932129,14.227073669433594,13.147196769714355,13.076802253723145,13.505188941955566,14.10145092010498,14.35731029510498,13.711840629577637,12.31171703338623,10.924273490905762,10.35302448272705,10.336121559143066,10.122679710388184,9.757758140563965,8.928654670715332,7.315094470977783,5.9029107093811035,5.8751983642578125,7.091699123382568,8.226958274841309,8.222458839416504,7.542980194091797,6.693580627441406,5.551352024078369,4.504703998565674,3.5838804244995117,2.9818029403686523,2.3094048500061035,1.9295849800109863,2.599973678588867,3.9763829708099365,4.609385967254639,4.134325981140137,3.843985080718994,4.104454040527344
12.545293807983398,15.24777889251709,16.300432205200195,16.2636775970459,16.342164993286133,16.822389602661133,17.13052749633789,16.905290603637695,16.713571548461914,16.31255340576172,14.64750862121582,12.840306282043457,12.37153148651123,12.71066951751709,13.432870864868164,14.112911224365234,14.05929946899414,13.322616577148438,12.439888954162598,12.03636646270752,12.002951622009277,11.94757080078125,11.775829315185547,11.250555038452148,9.967668533325195,8.17918872833252,7.413940906524658,8.022727012634277,8.766963005065918,8.861784934997559,7.56155252456665,5.94974946975708,5.514665603637695,5.509583950042725,5.287380695343018,4.708397388458252,4.248713970184326,3.3598461151123047,2.6354479789733887,3.3235011100769043,3.7840464115142822,3.4263641834259033,3.152453660964966,3.503037214279175
12.107513427734375,14.997171401977539,16.631031036376953,17.23958396911621,17.831924438476562,18.069433212280273,17.809110641479492,17.5347843170166,17.401344299316406,17.06793212890625,15.529092788696289,13.093816757202148,11.788725852966309,11.60799789428711,12.196273803710938,13.257726669311523,14.010331153869629,14.12319564819336,13.781244277954102,13.55124568939209,13.50760269165039,13.171954154968262,12.710294723510742,12.466390609741211,11.647845268249512,9.260750770568848,7.841501712799072,8.362585067749023,9.09508991241455,9.2693452835083,8.711841583251953,7.3564653396606445,6.6151323318481445,7.013933181762695,7.31572151184082,6.6908183097839355,5.921218395233154,4.768373966217041,3.4294023513793945,3.5211973190307617,3.3369266986846924,2.644254684448242,2.586351156234741,3.467862367630005
12.23965072631836,14.968153953552246,16.916271209716797,17.746328353881836,18.635120391845703,19.503028869628906,19.184263229370117,18.27376365661621,17.953859329223633,17.76151466369629,16.956832885742188,14.480894088745117,12.260351181030273,11.257569313049316,11.419163703918457,12.427160263061523,13.631678581237793,14.439910888671875,14.566168785095215,14.31586742401123,14.15092945098877,13.723817825317383,13.113053321838379,12.91169261932373,12.725523948669434,10.883112907409668,8.573250770568848,8.147311210632324,8.758402824401855,9.426368713378906,9.730786323547363,9.550192832946777,8.755849838256836,8.798046112060547,9.362175941467285,9.355693817138672,8.457412719726562,6.719024658203125,4.896603107452393,4.532869815826416,3.843106985092163,3.0083258152008057,2.8942511081695557,3.9500041007995605
12.846579551696777,15.770512580871582,17.71163558959961,18.368587493896484,18.620655059814453,19.572267532348633,20.028297424316406,19.12511444091797,18.36272621154785,18.142990112304688,18.14179039001465,16.702619552612305,14.041232109069824,12.13818359375,11.774201393127441,12.592206001281738,13.741823196411133,14.64127254486084,14.8233060836792,14.311515808105469,13.830944061279297,13.462689399719238,13.078252792358398,12.827278137207031,12.866926193237305,11.93699836730957,9.768553733825684,8.532769203186035,8.567597389221191,9.391997337341309,10.115277290344238,10.679824829101562,10.669793128967285,10.67181396484375,11.34799575805664,11.685877799987793,11.092111587524414,9.477595329284668,7.385354518890381,6.340912342071533,5.683146953582764,5.071710586547852,5.0094499588012695,5.337200164794922
13.464388847351074,16.679542541503906,18.74945831298828,19.21951675415039,18.74988555908203,19.033584594726562,19.589841842651367,19.064470291137695,18.24233627319336,18.135034561157227,18.600772857666016,18.47814178466797,16.35838508605957,13.832792282104492,12.706276893615723,13.109203338623047,14.12792682647705,14.90054988861084,14.918396949768066,14.24380111694336,13.47828483581543,12.989015579223633,12.80686092376709,12.640095710754395,12.582362174987793,12.157929420471191,10.760332107543945,9.60361385345459,9.323155403137207,9.751014709472656,10.29849624633789,10.836520195007324,11.671952247619629,12.401848793029785,13.10637092590332,13.002487182617188,12.028219223022461,10.576801300048828,8.697092056274414,7.436608791351318,6.90514612197876,6.421258449554443,6.1295623779296875,5.995172500610352
14.137887001037598,17.6125545501709,19.62041473388672,19.876508712768555,18.851613998413086,18.35570526123047,18.690200805664062,18.460533142089844,17.744464874267578,17.82313346862793,18.711612701416016,19.3114070892334,18.31399154663086,16.021190643310547,14.07832145690918,13.50195598602295,14.027981758117676,14.671339988708496,14.721795082092285,14.378463745117188,13.798768997192383,13.064957618713379,12.655540466308594,12.536938667297363,12.39251708984375,12.189360618591309,11.716536521911621,11.210827827453613,10.963096618652344,10.883508682250977,10.901927947998047,11.283624649047852,12.363473892211914,13.629334449768066,14.153179168701172,13.417797088623047,11.63022518157959,9.963393211364746,8.54426097869873,7.656406402587891,7.283245086669922,6.727883338928223,6.238184452056885,6.203592777252197
15.298985481262207,18.4322452545166,20.4863338470459,20.878677368164062,19.330657958984375,18.145801544189453,18.172910690307617,18.196443557739258,17.627811431884766,17.46510887145996,18.485754013061523,19.702369689941406,19.752248764038086,18.407962799072266,16.54345703125,15.16334342956543,14.62159252166748,14.45470142364502,14.249963760375977,14.16810417175293,14.024378776550293,13.296180725097656,12.495490074157715,12.390963554382324,12.560718536376953,12.656510353088379,12.774230003356934,12.594083786010742,12.211090087890625,11.876523971557617,11.889225006103516,12.179600715637207,12.418941497802734,12.93288516998291,13.056978225708008,11.897581100463867,9.939261436462402,8.52635669708252,7.927785396575928,7.674214839935303,7.455406188964844,7.134773254394531,6.686540126800537,6.371808052062988
16.927366256713867,19.666980743408203,21.70977783203125,22.301708221435547,20.81503677368164,19.452529907226562,19.102460861206055,18.941505432128906,18.514827728271484,17.855974197387695,18.16313362121582,19.583341598510742,20.50067901611328,20.12104606628418,19.160131454467773,18.026010513305664,16.851177215576172,15.646954536437988,14.690078735351562,14.162557601928711,13.920636177062988,13.199137687683105,12.15696907043457,12.028383255004883,12.618884086608887,13.078323364257812,13.354140281677246,13.110614776611328,12.322619438171387,11.837668418884277,12.305731773376465,12.27698802947998,11.359001159667969,10.622984886169434,10.293115615844727,9.542041778564453,8.107501029968262,6.955305099487305,6.966180324554443,7.474793434143066,7.914925575256348,8.040596961975098,8.055726051330566,7.4744133949279785
19.67390251159668,21.432374954223633,22.96050453186035,23.900318145751953,23.21059799194336,22.089582443237305,21.503082275390625,20.876487731933594,20.244340896606445,19.520204544067383,18.978471755981445,19.462488174438477,20.49079132080078,20.89259910583496,20.70143699645996,20.134286880493164,19.171985626220703,17.890287399291992,16.66301727294922,15.516432762145996,14.532331466674805,13.44725227355957,12.106036186218262,11.512139320373535,11.919866561889648,12.644994735717773,13.041521072387695,12.758411407470703,11.805095672607422,11.510114669799805,11.852119445800781,11.432356834411621,10.712481498718262,9.61687183380127,9.042356491088867,8.702400207519531,7.662081241607666,6.168954849243164,5.566869258880615,5.710323333740234,6.792471408843994,8.22355842590332,9.0791654586792,9.020212173461914
23.403295516967773,23.568527221679688,24.309297561645508,25.817903518676758,26.206378936767578,25.443321228027344,24.491336822509766,23.33521842956543,22.17613410949707,21.214397430419922,20.333513259887695,19.88913345336914,20.29861831665039,20.941415786743164,21.174510955810547,20.88858985900879,20.252185821533203,19.386510848999023,18.435142517089844,17.223052978515625,15.75744915008545,14.351783752441406,12.82335376739502,11.40979290008545,11.0297269821167,11.695212364196777,12.125978469848633,11.909708976745605,11.279559135437012,11.612605094909668,11.489447593688965,10.818000793457031,11.246367454528809,10.900339126586914,10.695497512817383,10.818991661071777,10.00109577178955,7.91959810256958,6.21940803527832,5.5951151847839355,5.697425842285156,7.02675724029541,9.214929580688477,10.116856575012207
