data/wind_data/wind_50_3.json
{"header": {"parameterUnit": "KT", "parameterCategory": 2, "nx": 256, "ny": 198, "lo1": 44.73521041870117, "la1": -3.236724853515625, "lo2": 111.26478576660156, "la2": 43.468475341796875, "dx": 0.2609002888202667, "dy": -0.23708222806453705, "refTime": "2025-02-21 02:00:00", "forecastTime": 0, "parameterNumber": 2, "parameterNumberName": "eastward_wind"}, "data":
[rows 171 to 189 of 198, columns 88 to 131 of 256]
0.7588575482368469,-4.388032913208008,-3.217705488204956,-1.5889203548431396,-1.5589385032653809,-0.9060018658638,-0.299534410238266,-0.15537230670452118,0.29611849784851074,1.3800435066223145,4.056350231170654,6.85258150100708,8.069157600402832,8.606249809265137,9.512737274169922,10.526412963867188,11.760913848876953,12.649765968322754,11.922294616699219,11.523740768432617,12.061349868774414,13.451393127441406,12.220580101013184,9.488680839538574,9.121634483337402,9.0721435546875,9.442657470703125,11.026788711547852,13.382094383239746,13.371089935302734,11.050980567932129,11.701384544372559,9.223231315612793,6.298875331878662,4.738359451293945,1.056734323501587,-0.5521484017372131,-0.3331298232078552,-0.3151479661464691,-1.2328077554702759,-0.8692436814308167,-0.5363246202468872,-2.119903326034546,-2.235966444015503
6.741171360015869,-0.1592434197664261,-0.9974372982978821,-0.9402067065238953,-1.4331163167953491,-0.9630557894706726,-0.3109472990036011,0.027722017839550972,0.6858521699905396,2.2080318927764893,4.386312961578369,6.355244159698486,6.954619884490967,8.580570220947266,11.159332275390625,11.592207908630371,11.045283317565918,12.544135093688965,12.13256549835205,11.354012489318848,10.038168907165527,11.087093353271484,11.50296688079834,9.180305480957031,7.521510124206543,8.268489837646484,9.767913818359375,10.509138107299805,12.668975830078125,11.622060775756836,10.285690307617188,8.456998825073242,5.76711368560791,3.950453042984009,2.6818082332611084,0.08638572692871094,-1.0151902437210083,-1.2825813293457031,-1.3686164617538452,-1.4481195211410522,-1.74293053150177,-1.602851152420044,-2.1924386024475098,-1.7619282007217407
10.439933776855469,8.360694885253906,7.069977283477783,6.075773239135742,4.222892761230469,2.604222059249878,1.737801432609558,0.8938423991203308,0.6938874125480652,1.655463457107544,3.840297222137451,5.467097759246826,7.127639293670654,9.51476764678955,11.522477149963379,12.530386924743652,12.048748970031738,12.15166187286377,10.640210151672363,9.157533645629883,9.628860473632812,10.110879898071289,11.011009216308594,10.492088317871094,7.764110565185547,7.904263496398926,9.353883743286133,10.624862670898438,11.499882698059082,9.5037202835083,7.822239875793457,5.148381233215332,4.755752086639404,2.196491003036499,-0.5570161938667297,-0.6094087362289429,-1.18242347240448,-1.3622816801071167,-1.617611050605774,-1.547035813331604,-1.629922866821289,-1.8406546115875244,-2.1796066761016846,-2.208630084991455
11.316452026367188,10.988168716430664,10.902572631835938,9.685606956481934,8.016755104064941,6.42252254486084,5.125647068023682,3.435544013977051,2.3474044799804688,1.3214775323867798,3.276815176010132,5.214034557342529,6.816850185394287,8.489359855651855,9.563478469848633,10.597114562988281,11.670588493347168,11.250293731689453,9.60451889038086,8.732884407043457,7.469935894012451,8.946228981018066,9.740534782409668,10.389503479003906,7.685357570648193,6.952788829803467,8.011775970458984,13.437323570251465,10.259154319763184,6.602865695953369,7.568397045135498,5.679654598236084,3.6801137924194336,0.1370444893836975,-1.099603295326233,-1.3013700246810913,-1.4688578844070435,-1.2615966796875,-1.5554763078689575,-1.6617002487182617,-1.5718178749084473,-1.7138539552688599,-1.9801865816116333,-2.2580716609954834
9.213375091552734,8.877257347106934,8.213674545288086,7.384893417358398,7.025557041168213,7.5126051902771,7.2409749031066895,5.4752092361450195,4.042150974273682,2.759007453918457,4.147040843963623,6.130979537963867,6.96143913269043,6.873936176300049,6.229934215545654,6.885396957397461,8.992613792419434,9.897979736328125,9.082015991210938,8.502758026123047,8.443938255310059,7.30000114440918,7.683408260345459,8.658308029174805,6.885256767272949,6.043653964996338,7.243655204772949,11.877001762390137,7.154014587402344,8.333325386047363,8.680022239685059,5.1439409255981445,2.211801290512085,-1.741734266281128,-1.361257791519165,-1.5917032957077026,-1.6399215459823608,-1.4014108180999756,-1.6126455068588257,-1.9848146438598633,-2.065668821334839,-2.0984230041503906,-2.314918041229248,-2.5203261375427246
4.00534725189209,4.119844913482666,4.509990692138672,4.748185634613037,5.1594133377075195,5.852390766143799,5.731457710266113,5.405618190765381,4.239726543426514,4.005993366241455,4.541187286376953,5.4927825927734375,6.928955554962158,7.453503608703613,6.563724517822266,5.0035080909729,5.4893269538879395,6.270935535430908,6.6438212394714355,6.817063331604004,7.7726826667785645,6.196028232574463,6.668282985687256,8.213722229003906,7.9422688484191895,5.992987632751465,6.611898422241211,8.122886657714844,7.411032676696777,7.333214282989502,6.758370399475098,4.240956783294678,1.8293235301971436,-1.2202072143554688,-2.554018259048462,-2.196218967437744,-2.1532480716705322,-1.9506090879440308,-1.793479323387146,-2.3005714416503906,-2.573233127593994,-2.673743486404419,-2.7366321086883545,-2.7115230560302734
-0.7256519794464111,-0.37579160928726196,0.7010219693183899,2.338235855102539,3.791776657104492,4.173063278198242,3.787816286087036,3.589076280593872,3.849954605102539,4.539623737335205,4.8146071434021,3.617102861404419,5.240407943725586,7.117742538452148,8.389104843139648,7.254311561584473,4.462228298187256,3.212987184524536,3.943192720413208,3.743267774581909,5.002090930938721,5.370791435241699,5.99304723739624,6.022601127624512,7.385613441467285,6.181990146636963,7.017094612121582,7.861656665802002,5.6401214599609375,4.421069145202637,4.831550598144531,4.3554840087890625,2.590245485305786,0.7958289980888367,-1.8474514484405518,-3.026113510131836,-1.9537687301635742,-2.1918952465057373,-1.7230433225631714,-2.075847625732422,-2.9245972633361816,-3.201470136642456,-3.039584159851074,-2.7254786491394043
-0.9096232652664185,-0.9942595958709717,-0.5925267934799194,0.029911275953054428,0.35554569959640503,0.32659289240837097,0.3916908800601959,0.3289651870727539,1.0267709493637085,2.102090358734131,2.583376884460449,2.825092077255249,4.397792816162109,5.116635322570801,5.2956132888793945,6.775920867919922,5.002859115600586,3.383455276489258,3.632908582687378,3.5000879764556885,6.539946556091309,7.4540696144104,6.682626724243164,5.446071147918701,4.709710121154785,5.002894878387451,5.037227153778076,5.813600063323975,4.634843349456787,2.7714412212371826,2.276901960372925,2.838423728942871,2.116048812866211,0.9895663857460022,-0.2845055162906647,-3.0237340927124023,-3.216038465499878,-1.3291321992874146,-1.978101372718811,-2.0698211193084717,-2.5820627212524414,-3.3812859058380127,-3.6147677898406982,-3.175482749938965
-1.5938594341278076,-1.0085772275924683,-1.006252408027649,-1.8571128845214844,-2.1792068481445312,-1.61809504032135,-0.5766011476516724,0.6295652985572815,1.9599668979644775,3.036367177963257,2.3652827739715576,-0.6115789413452148,-2.529163360595703,-1.1902716159820557,0.071065753698349,1.5067518949508667,2.615628957748413,3.7015645503997803,3.5531513690948486,3.58251690864563,5.822965621948242,8.089258193969727,8.062372207641602,6.299325466156006,3.403275728225708,2.2173941135406494,3.2145495414733887,4.748783111572266,5.8271636962890625,3.221817970275879,0.3833363652229309,-0.8527495861053467,-0.7772946357727051,-1.8118730783462524,-1.3319281339645386,-1.6001861095428467,-3.8722221851348877,-4.616673469543457,-2.2905452251434326,-2.3369600772857666,-2.339005947113037,-2.414994239807129,-2.7941765785217285,-3.4702513217926025
-1.563727617263794,-1.4123766422271729,-2.519411563873291,-3.5060923099517822,-3.935957431793213,-3.7126307487487793,-2.9930973052978516,-2.6445655822753906,-3.3167059421539307,-3.2911148071289062,-4.23541259765625,-6.139210224151611,-6.245528697967529,-3.681856155395508,-1.0453155040740967,0.9579463601112366,2.588289976119995,4.698572158813477,6.307661533355713,7.061424255371094,7.523172855377197,7.0879011154174805,5.298079013824463,3.220592498779297,1.1209275722503662,1.1404752731323242,2.6751859188079834,5.665615558624268,7.608036518096924,4.696418285369873,0.9796580672264099,-3.0278732776641846,-5.777625560760498,-5.419069290161133,-3.7453813552856445,-2.268497943878174,-1.300399661064148,-1.960252285003662,-2.4922244548797607,-2.4201900959014893,-2.044090747833252,-0.8275371789932251,-0.5823784470558167,-2.6818246841430664
-1.4973530769348145,-2.5136940479278564,-4.254836559295654,-5.352664470672607,-5.89210844039917,-6.498524188995361,-5.596637725830078,-3.308758497238159,-3.6642255783081055,-6.216823577880859,-8.794528007507324,-8.671507835388184,-6.5919880867004395,-4.277638912200928,-1.7911242246627808,0.35538023710250854,1.69248628616333,3.1303086280822754,5.033881664276123,6.231525897979736,5.791281700134277,3.6418659687042236,0.5305408835411072,-0.9345311522483826,-1.1049185991287231,-1.1197298765182495,0.0991172268986702,3.2148916721343994,6.04547119140625,6.555245876312256,6.0199456214904785,6.180018901824951,2.0231823921203613,-0.7393083572387695,-3.891899347305298,-6.77890157699585,-4.897494316101074,-3.1780126094818115,-2.547606945037842,-1.5812569856643677,0.01125119999051094,1.9029192924499512,0.6070621609687805,-2.3798835277557373
-2.306893825531006,-3.771571159362793,-5.73046350479126,-6.659008026123047,-6.495097637176514,-7.31770658493042,-7.301403999328613,-4.219040870666504,-1.6818984746932983,-2.9229960441589355,-6.000962734222412,-8.483150482177734,-8.11943244934082,-6.194458484649658,-4.362222671508789,-2.4640567302703857,-0.8758617639541626,0.651838481426239,1.9865094423294067,2.569244384765625,1.493970274925232,-0.6816284656524658,-3.42130708694458,-2.744851589202881,-3.336305618286133,-5.038206577301025,-4.644870281219482,-0.4265536963939667,2.075265407562256,3.8267195224761963,5.663168907165527,6.761613368988037,6.899101257324219,7.816959381103516,3.7230801582336426,-1.0321787595748901,-3.433028221130371,-6.1425323486328125,-5.458956241607666,-3.4091272354125977,-0.8684430718421936,2.2532906532287598,4.000578880310059,0.7828845977783203
-3.1322052478790283,-4.526790142059326,-6.248189926147461,-7.280969142913818,-7.250779628753662,-7.530509948730469,-7.166070461273193,-5.185271739959717,-2.697751522064209,-1.8145912885665894,-3.3962295055389404,-6.286924362182617,-8.24298095703125,-7.8892645835876465,-6.144040584564209,-4.70408296585083,-3.353358030319214,-1.9853646755218506,-0.8689276576042175,-0.571234405040741,-1.8842380046844482,-4.198841094970703,-5.161004066467285,-3.229048252105713,-4.700534820556641,-7.537459850311279,-7.417893886566162,-6.079500675201416,-4.088072299957275,-1.4586946964263916,0.8312047719955444,2.892476797103882,0.5668883919715881,0.36992403864860535,1.6467534303665161,0.6911740303039551,-3.719144105911255,-5.802158355712891,-5.389632701873779,-4.2878007888793945,-2.3616390228271484,0.44402357935905457,2.9875307083129883,4.768054008483887
-3.5417442321777344,-4.440096378326416,-5.737787246704102,-6.792441368103027,-7.099886894226074,-7.049378871917725,-6.269571304321289,-4.633222579956055,-3.442199945449829,-3.4918904304504395,-3.572648286819458,-4.650933742523193,-6.235795974731445,-6.957127571105957,-6.308305740356445,-6.194199085235596,-6.544126510620117,-6.388528347015381,-6.0217604637146,-6.271803379058838,-6.966867446899414,-7.442497730255127,-5.894503116607666,-3.920457363128662,-6.299036979675293,-8.415510177612305,-7.429219722747803,-6.062624931335449,-4.841799259185791,-4.376705169677734,-5.035891532897949,-4.117729663848877,-3.6507019996643066,-4.245757579803467,-4.3534345626831055,-4.491568565368652,-4.17036247253418,-2.3540260791778564,-2.067864418029785,-4.611528396606445,-3.954073190689087,-0.8894674777984619,2.393613815307617,3.6470208168029785
-3.6009557247161865,-3.9396181106567383,-4.691302299499512,-5.451175689697266,-5.904170989990234,-6.077935218811035,-5.649705410003662,-4.754205703735352,-4.67040491104126,-5.287150859832764,-4.455073356628418,-3.7008960247039795,-5.482586860656738,-7.809823989868164,-7.354698181152344,-7.271374702453613,-8.83864974975586,-10.330148696899414,-10.088213920593262,-9.315088272094727,-8.84866714477539,-6.77648401260376,-4.172684669494629,-5.333346366882324,-7.726853370666504,-7.631303310394287,-6.550047874450684,-5.33095645904541,-4.565969944000244,-4.066994667053223,-4.574951648712158,-5.819333553314209,-5.892634868621826,-7.5359697341918945,-7.367105960845947,-6.8967485427856445,-6.209352016448975,-5.120777130126953,-4.0020432472229,-4.373950004577637,-3.153059720993042,-1.4130467176437378,1.4320690631866455,3.146559000015259
-3.541138172149658,-3.5506551265716553,-3.6977078914642334,-4.038695335388184,-4.600390911102295,-5.1502203941345215,-5.369232654571533,-4.927906513214111,-5.335547924041748,-6.34136438369751,-5.958021640777588,-4.14469051361084,-4.8773193359375,-10.101005554199219,-11.46777057647705,-9.675963401794434,-9.962479591369629,-11.79535961151123,-11.33364486694336,-8.23194694519043,-6.3372883796691895,-4.928316116333008,-4.53552770614624,-8.219654083251953,-9.596359252929688,-8.82230281829834,-8.231538772583008,-7.731444358825684,-8.186101913452148,-6.321664333343506,-4.002655029296875,-4.0081892013549805,-4.630660057067871,-4.631947994232178,-4.862424850463867,-4.788717269897461,-4.814749717712402,-4.326122760772705,-3.989349365234375,-3.668391227722168,-2.826700448989868,-1.7935400009155273,0.23460783064365387,2.0245819091796875
-3.424798011779785,-3.353137731552124,-3.168657064437866,-3.205127716064453,-3.696639060974121,-4.419416427612305,-4.916853904724121,-5.104218482971191,-5.828986167907715,-7.2059712409973145,-7.163476943969727,-4.811988353729248,-8.35792064666748,-12.726460456848145,-14.785545349121094,-13.967766761779785,-12.113903045654297,-12.116087913513184,-11.481681823730469,-8.87199878692627,-9.429402351379395,-10.625329971313477,-10.222776412963867,-12.221376419067383,-16.10283660888672,-16.4863338470459,-15.281813621520996,-14.906970977783203,-15.087156295776367,-12.88192081451416,-9.063363075256348,-5.447951316833496,-3.3517439365386963,-2.3103280067443848,-1.0473512411117554,-1.3475985527038574,-3.8656938076019287,-3.8056187629699707,-3.5293288230895996,-2.747844934463501,-1.6020472049713135,-0.7377367615699768,-0.47709962725639343,0.085246242582798
-3.4266695976257324,-3.302474021911621,-3.0021369457244873,-2.9854109287261963,-3.494309186935425,-4.150816440582275,-4.549163341522217,-5.225209712982178,-6.548094272613525,-7.442206859588623,-6.448444843292236,-6.294398307800293,-10.444368362426758,-12.602642059326172,-13.381911277770996,-15.027881622314453,-15.809844970703125,-16.022480010986328,-16.145044326782227,-15.335351943969727,-16.921199798583984,-19.4749755859375,-19.737308502197266,-18.711061477661133,-20.896156311035156,-23.059316635131836,-20.50210189819336,-18.32806968688965,-17.780988693237305,-17.86409568786621,-15.20852279663086,-10.719808578491211,-6.939868927001953,-5.280993461608887,-3.9543752670288086,-2.9193129539489746,-2.0743825435638428,-1.8520786762237549,-2.3824424743652344,-2.416102647781372,-1.3415786027908325,0.3866584300994873,0.7701619267463684,0.689829409122467
-3.662472724914551,-3.328486442565918,-2.8886783123016357,-3.0190770626068115,-3.5751798152923584,-3.922335624694824,-3.8828577995300293,-4.179103374481201,-5.320782661437988,-6.341714859008789,-5.128973007202148,-3.7694642543792725,-4.820459842681885,-7.355380535125732,-9.36008071899414,-11.25875186920166,-13.552412033081055,-15.114920616149902,-17.019920349121094,-19.71143913269043,-21.96001625061035,-22.05439567565918,-19.049970626831055,-17.07317352294922,-19.11701011657715,-20.626171112060547,-20.617542266845703,-17.810373306274414,-17.41595458984375,-20.755298614501953,-19.22714614868164,-16.256189346313477,-14.471842765808105,-13.73957633972168,-11.948432922363281,-9.184128761291504,-6.847715854644775,-5.391377925872803,-4.056439399719238,-2.571950674057007,-0.336612343788147,1.6685304641723633,1.8546878099441528,0.6706507802009583
