data/wind_data/wind_42_2.json
{"header": {"parameterUnit": "KT", "parameterCategory": 2, "nx": 256, "ny": 198, "lo1": 44.73521041870117, "la1": -3.236724853515625, "lo2": 111.26478576660156, "la2": 43.468475341796875, "dx": 0.2609002888202667, "dy": -0.23708222806453705, "refTime": "2025-02-20 18:00:00", "forecastTime": 0, "parameterNumber": 2, "parameterNumberName": "eastward_wind"}, "data":
[rows 95 to 113 of 198, columns 0 to 42 of 256]
9.612009048461914,8.512554168701172,8.090925216674805,8.374604225158691,9.941756248474121,10.936666488647461,9.719579696655273,6.671199798583984,4.436558246612549,3.974031448364258,3.15651798248291,0.7058759331703186,-0.04768676683306694,1.1778013706207275,3.2820053100585938,4.457577705383301,4.757497787475586,3.8527472019195557,4.069543838500977,5.511223793029785,7.483102321624756,7.991181373596191,5.773190021514893,3.338942050933838,1.366033911705017,0.4097291827201843,0.4516502320766449,2.171851873397827,2.5917649269104004,1.5403352975845337,-1.1989107131958008,-4.506002902984619,-6.087035179138184,-5.542886257171631,-3.8171684741973877,-4.086392879486084,-4.892419338226318,-4.465095043182373,-4.721052169799805,-4.155821323394775,-0.8657069802284241,1.495917797088623,1.7057957649230957
12.754225730895996,10.55111026763916,9.514229774475098,9.070520401000977,10.848402976989746,12.833171844482422,11.51590347290039,9.854399681091309,6.626070022583008,5.618891716003418,5.17125940322876,2.5125856399536133,0.2377978414297104,0.7981792092323303,3.7033119201660156,5.135878086090088,5.595123291015625,4.890877723693848,4.536830425262451,3.9850151538848877,5.222018241882324,7.210914611816406,4.74847936630249,1.7857564687728882,0.33000093698501587,-0.11666066944599152,0.035624437034130096,0.42189517617225647,1.3355740308761597,2.1877622604370117,2.181635856628418,-0.046102870255708694,-2.5155651569366455,-3.407546281814575,-3.9046566486358643,-2.8929176330566406,-2.2644734382629395,-2.3410677909851074,-3.0481598377227783,-3.1562399864196777,-0.5556854605674744,1.6303162574768066,1.6743954420089722
11.249330520629883,8.82593059539795,7.672264575958252,7.44162130355835,9.694782257080078,13.040460586547852,12.657118797302246,11.567036628723145,9.164300918579102,5.729889392852783,5.144418716430664,2.793100357055664,0.11432907730340958,0.10781628638505936,2.5013787746429443,4.329982280731201,4.957550048828125,4.943845748901367,4.674846172332764,2.0524399280548096,0.3447720408439636,0.8263959288597107,-0.5435501933097839,-1.309951901435852,-1.563010573387146,-1.2861379384994507,-0.8090618848800659,-0.7752370834350586,-0.2327205389738083,1.0375890731811523,2.243927001953125,3.178741931915283,1.0412089824676514,0.16386160254478455,-1.8661552667617798,-2.5554373264312744,-1.2494101524353027,-0.6383251547813416,-1.094506859779358,-1.4156516790390015,-0.3920605778694153,0.5702754259109497,0.2947045862674713
5.877844333648682,5.023351669311523,4.498879432678223,4.93162727355957,7.93567419052124,12.28067684173584,14.253368377685547,12.70279598236084,11.552729606628418,8.15339183807373,5.53143835067749,4.742981910705566,2.2189066410064697,0.3858066201210022,1.4621622562408447,3.377532482147217,4.360103130340576,4.639190196990967,4.8078227043151855,1.7640057802200317,-1.6489192247390747,-4.056972026824951,-5.045871257781982,-4.561569690704346,-3.692089080810547,-2.828749656677246,-1.9451957941055298,-1.2177623510360718,-0.7082794904708862,0.39835599064826965,0.7482993006706238,3.361096143722534,3.5728256702423096,3.118208646774292,2.126215696334839,-0.5965285301208496,-0.47468867897987366,0.6772327423095703,0.8177902698516846,0.2188018411397934,0.2837132513523102,-0.006495859008282423,-0.766014039516449
4.451417446136475,5.030453681945801,4.920384883880615,5.51446008682251,7.744006633758545,11.07689094543457,14.368063926696777,14.04146671295166,13.088970184326172,10.9702787399292,7.3760247230529785,4.814087390899658,3.110175609588623,0.20150303840637207,0.7343867421150208,2.2911152839660645,3.7983877658843994,4.080389976501465,4.563166618347168,3.3497538566589355,0.4850723445415497,-2.769775629043579,-5.059790134429932,-5.19504976272583,-4.26825475692749,-3.1503217220306396,-2.1856675148010254,-1.1358853578567505,-0.6196548342704773,0.36237651109695435,0.9549035429954529,2.1536521911621094,4.414277076721191,5.152346134185791,5.362846851348877,2.5710666179656982,0.8486260175704956,2.1096999645233154,2.3348402976989746,1.437756896018982,1.1696940660476685,0.2610449194908142,-0.44549545645713806
6.804813861846924,7.689248085021973,7.566073417663574,7.660420894622803,8.621883392333984,10.387469291687012,13.447737693786621,14.680944442749023,13.915430068969727,13.01341438293457,11.662984848022461,8.679499626159668,6.436304569244385,2.315809965133667,0.8382851481437683,1.5897833108901978,3.358808994293213,3.6493539810180664,3.443716049194336,3.9705564975738525,2.536508321762085,0.24474970996379852,-2.6467976570129395,-4.246713161468506,-3.9185733795166016,-2.6727561950683594,-1.8271958827972412,-0.8135653734207153,-0.4934372007846832,0.027230173349380493,1.0171616077423096,1.353332281112671,4.009926795959473,6.250363826751709,6.844622611999512,5.512367248535156,3.1956496238708496,3.5914525985717773,3.5714776515960693,2.4498045444488525,1.921800971031189,0.9388370513916016,0.4402652084827423
8.732612609863281,9.238372802734375,9.119370460510254,9.029425621032715,9.414823532104492,10.440977096557617,12.848523139953613,14.618309020996094,14.002826690673828,14.256329536437988,13.74869155883789,12.275557518005371,9.11785888671875,5.436552047729492,2.1882994174957275,2.4921493530273438,4.033687591552734,4.533956527709961,3.0685126781463623,2.9251604080200195,3.0373764038085938,0.8938907384872437,-1.4552679061889648,-2.7358360290527344,-2.3858206272125244,-1.3626679182052612,-0.3161190450191498,-0.07425661385059357,0.469428688287735,0.287387877702713,1.6024885177612305,2.4590704441070557,3.5956649780273438,6.388952255249023,7.336178302764893,7.304405689239502,5.366890907287598,4.897803783416748,4.254913806915283,3.2917613983154297,2.60441255569458,1.8794246912002563,1.4748529195785522
9.457052230834961,9.672439575195312,9.918192863464355,9.907872200012207,10.244845390319824,11.06653881072998,12.807729721069336,14.347546577453613,14.250173568725586,13.917288780212402,15.297103881835938,14.85445499420166,10.958992958068848,7.884734630584717,4.278680324554443,2.5179760456085205,3.6866369247436523,4.641648769378662,3.349207639694214,2.698788642883301,1.9877058267593384,0.4505201578140259,-1.485159993171692,-1.6110090017318726,-0.7992512583732605,0.15895730257034302,0.8632277250289917,0.7378844022750854,1.0701946020126343,1.053849697113037,2.464750051498413,3.979138135910034,4.360828876495361,5.354338645935059,7.188217639923096,9.040339469909668,10.416213035583496,7.693030834197998,5.326603412628174,4.220282554626465,3.305158853530884,3.006211757659912,2.5485165119171143
10.650278091430664,10.835880279541016,10.86297607421875,10.611783981323242,10.811508178710938,11.378865242004395,12.647666931152344,13.888812065124512,13.741991996765137,13.499617576599121,14.885405540466309,15.925762176513672,12.831589698791504,8.836669921875,6.5640082359313965,4.325918197631836,4.099835395812988,4.832333087921143,3.810985565185547,2.7331466674804688,0.40599170327186584,-0.9775039553642273,-0.5482813119888306,-0.05433164909482002,0.22365985810756683,0.41975638270378113,0.5546415448188782,0.6259203553199768,1.204420566558838,2.014784336090088,3.687514066696167,4.993306636810303,4.967696666717529,4.7202324867248535,6.43864631652832,9.333139419555664,9.517487525939941,9.940264701843262,6.790008068084717,5.005745887756348,4.48843240737915,4.206967830657959,3.227555751800537
12.402880668640137,12.484798431396484,11.983724594116211,11.14943790435791,11.05204963684082,11.371767044067383,12.558978080749512,13.657951354980469,12.358053207397461,11.530705451965332,12.621356964111328,15.06218433380127,14.450989723205566,10.77649974822998,8.516375541687012,7.049327850341797,5.292842388153076,4.7460126876831055,4.039317607879639,2.7292661666870117,0.9492486119270325,-0.5069458484649658,-0.1555635780096054,0.19064006209373474,0.5500892400741577,0.3724517822265625,0.04595285281538963,0.11289402097463608,0.9527031183242798,2.613666296005249,4.433001518249512,5.237483501434326,5.7711310386657715,5.7621870040893555,6.563072204589844,8.226014137268066,8.122419357299805,5.737425804138184,8.132723808288574,5.702325820922852,4.419273853302002,4.644981384277344,3.584242343902588
12.714008331298828,12.723992347717285,12.219289779663086,11.51025676727295,11.114476203918457,11.481145858764648,13.213118553161621,14.723461151123047,12.924246788024902,10.881597518920898,11.442499160766602,13.484691619873047,14.668622970581055,13.12377643585205,10.584321022033691,9.930480003356934,8.437231063842773,5.614891529083252,3.7057526111602783,3.432685613632202,2.174394369125366,0.9735509753227234,0.6582164168357849,0.24050790071487427,0.20657846331596375,-0.03314303606748581,-0.030589241534471512,0.27840083837509155,1.419467806816101,3.0822064876556396,3.9561984539031982,4.5094475746154785,5.641485691070557,5.792965888977051,5.557313442230225,5.261645317077637,4.432404518127441,2.608870267868042,4.214327335357666,7.707221031188965,6.548228740692139,5.8350372314453125,3.081150770187378
10.606208801269531,10.976582527160645,11.205745697021484,11.504981994628906,11.589019775390625,12.275598526000977,14.040932655334473,15.803180694580078,14.932372093200684,12.848380088806152,12.355256080627441,12.89869499206543,14.163930892944336,14.321069717407227,12.565938949584961,11.534737586975098,11.339513778686523,7.442328929901123,3.896113872528076,3.9519383907318115,3.508404016494751,2.3256494998931885,1.7889941930770874,0.9884076118469238,0.24735787510871887,0.055676210671663284,0.6570614576339722,1.2882903814315796,1.720740556716919,2.797823190689087,3.3074254989624023,3.583864688873291,3.883316993713379,3.6130173206329346,3.1087045669555664,1.7312742471694946,-0.18904264271259308,-1.381063461303711,-2.3445353507995605,3.2554240226745605,7.346968650817871,4.766969203948975,-0.1836608201265335
9.447807312011719,10.413654327392578,10.822051048278809,11.831915855407715,12.73328971862793,13.774750709533691,15.355597496032715,16.834917068481445,16.33156394958496,14.461256980895996,13.29224967956543,13.351890563964844,14.078268051147461,14.357797622680664,13.680336952209473,12.439208030700684,12.839335441589355,9.846571922302246,5.743039608001709,4.720608711242676,4.14927864074707,3.089961051940918,2.4907150268554688,1.7035260200500488,0.969957172870636,1.3343641757965088,2.5697200298309326,3.2597756385803223,2.998145580291748,2.952899217605591,2.98317289352417,2.034780979156494,0.43393921852111816,-0.6765530705451965,-1.2841602563858032,-2.586597442626953,-3.776747703552246,-4.532405376434326,-6.403721332550049,-5.251529216766357,-0.3909756541252136,-1.4714539051055908,-2.7970597743988037
10.744071006774902,11.988470077514648,12.312213897705078,12.936436653137207,13.485888481140137,14.365528106689453,15.998480796813965,17.647424697875977,16.91556167602539,14.62299633026123,13.572600364685059,13.494418144226074,14.169968605041504,14.207926750183105,14.320907592773438,13.62360668182373,13.714343070983887,11.087782859802246,7.957858562469482,6.14028263092041,5.892446041107178,5.183388710021973,3.930346965789795,2.838852882385254,2.1207501888275146,2.713634967803955,4.178389072418213,5.206422328948975,5.721312046051025,5.194887638092041,4.6062912940979,2.758026361465454,0.39667659997940063,-1.5131065845489502,-2.4279768466949463,-3.559049129486084,-5.041886329650879,-6.372393608093262,-7.701376438140869,-9.216574668884277,-8.190319061279297,-5.145557880401611,-4.031555652618408
11.808185577392578,13.239731788635254,13.75,13.623578071594238,13.431241035461426,14.092338562011719,15.824361801147461,17.826629638671875,17.279638290405273,14.900792121887207,13.70905876159668,13.727079391479492,14.340394973754883,14.51578426361084,15.106817245483398,15.431058883666992,15.096515655517578,11.163172721862793,8.642984390258789,7.290597438812256,7.376534938812256,8.031954765319824,7.4337544441223145,5.249842643737793,3.698239803314209,4.369044780731201,5.8281121253967285,7.04305362701416,8.176877975463867,8.713561058044434,8.638216018676758,6.952109336853027,3.922149419784546,0.4175278842449188,-2.4381484985351562,-4.249517440795898,-5.204643726348877,-6.749670028686523,-7.452028751373291,-8.411690711975098,-9.62814998626709,-5.987242221832275,-1.8692352771759033
11.617923736572266,13.290464401245117,13.868745803833008,13.593660354614258,13.185575485229492,13.666687965393066,15.226237297058105,16.533597946166992,16.215970993041992,15.109955787658691,14.425190925598145,14.418854713439941,15.452569007873535,15.82544994354248,16.302858352661133,17.4984130859375,16.915889739990234,11.164886474609375,8.664076805114746,8.078810691833496,8.821112632751465,9.924867630004883,10.732329368591309,9.250604629516602,7.314154148101807,7.56536865234375,8.144439697265625,8.66944408416748,9.59449577331543,10.863986015319824,11.955474853515625,9.87252426147461,5.424954891204834,1.0398225784301758,-2.8326597213745117,-4.563029766082764,-4.911849498748779,-5.744071960449219,-6.427011966705322,-6.885925769805908,-6.857913494110107,-5.479713439941406,-0.8189070224761963
11.054168701171875,12.420686721801758,12.718467712402344,12.44491958618164,12.121746063232422,12.454007148742676,13.364008903503418,13.9970064163208,14.68582820892334,15.205492973327637,15.368596076965332,15.566354751586914,16.81142807006836,17.32330322265625,17.446840286254883,18.127084732055664,18.474407196044922,13.00966739654541,9.978608131408691,9.466805458068848,10.376914978027344,11.524237632751465,12.268638610839844,12.168540954589844,11.308645248413086,11.231776237487793,10.890009880065918,10.424203872680664,10.64180850982666,11.472610473632812,12.952657699584961,10.583968162536621,4.986453533172607,-0.05456320568919182,-3.843413829803467,-6.977034568786621,-9.67267894744873,-9.878782272338867,-9.11469841003418,-8.203715324401855,-5.979079723358154,-2.785334825515747,-2.766761064529419
8.384966850280762,9.681364059448242,9.792951583862305,9.751133918762207,10.013012886047363,10.569339752197266,11.207998275756836,12.162145614624023,13.779207229614258,14.880655288696289,15.248360633850098,15.823787689208984,17.109819412231445,18.034982681274414,18.683332443237305,18.75448989868164,19.94827651977539,16.470815658569336,12.642383575439453,11.619458198547363,11.930276870727539,12.974836349487305,13.379009246826172,13.696324348449707,13.819366455078125,13.317095756530762,12.303686141967773,11.374164581298828,10.962273597717285,11.582459449768066,12.818209648132324,9.729246139526367,4.129485607147217,-0.5914601683616638,-5.670865535736084,-12.688021659851074,-17.925334930419922,-18.41521644592285,-16.047542572021484,-12.387495994567871,-8.004762649536133,-6.217741966247559,-5.420196056365967
5.761431694030762,7.317042827606201,7.811436653137207,8.384264945983887,9.334795951843262,10.069660186767578,10.757221221923828,12.024959564208984,13.381974220275879,13.926259994506836,14.328268051147461,15.31218433380127,17.143970489501953,19.107881546020508,20.781234741210938,21.432781219482422,21.243066787719727,20.582029342651367,17.59441566467285,14.59575366973877,13.052921295166016,13.314698219299316,14.263264656066895,14.638643264770508,14.291054725646973,13.207372665405273,11.961967468261719,11.238563537597656,10.75913143157959,11.193962097167969,11.057204246520996,7.375576496124268,2.7248685359954834,-1.79446280002594,-7.829749584197998,-14.799765586853027,-19.88783836364746,-22.188993453979492,-22.561555862426758,-21.147724151611328,-17.490909576416016,-12.667101860046387,-10.506380081176758
