data/wind_data/wind_Surface_30.json
{"header": {"parameterUnit": "KT", "parameterCategory": 2, "nx": 255, "ny": 198, "lo1": 44.73521041870117, "la1": -3.236724853515625, "lo2": 111.26478576660156, "la2": 43.468475341796875, "dx": 0.26192745566368103, "dy": -0.23708222806453705, "refTime": "2025-02-20 06:00:00", "forecastTime": 0, "parameterNumber": 3, "parameterNumberName": "northward_wind"}, "data":
[rows 95 to 113 of 198, columns 172 to 214 of 255]
-3.456423282623291,-3.4672389030456543,-3.9032278060913086,-4.237585544586182,-5.172867774963379,-6.328432559967041,-7.4966139793396,-8.627138137817383,-8.768254280090332,-4.391618251800537,-5.902496814727783,-4.442296981811523,-3.835116386413574,-1.3207567930221558,1.5157968997955322,-0.7801355123519897,-5.053995609283447,-7.1699066162109375,-8.96186637878418,-9.782498359680176,-8.325313568115234,-7.5308356285095215,-7.562156677246094,-7.2321696281433105,-5.253173351287842,-1.9100831747055054,1.260237216949463,0.4345192015171051,0.027493633329868317,1.0902862548828125,0.5087600946426392,0.11569179594516754,-0.8746895790100098,0.0491795688867569,0.394956111907959,0.5788950324058533,1.3365637063980103,1.4267228841781616,1.690773367881775,2.2980716228485107,3.2167978286743164,4.058328151702881,3.932009220123291
-2.90140700340271,-3.3159172534942627,-3.756878137588501,-3.889244556427002,-4.540224552154541,-5.459250450134277,-6.5659074783325195,-7.340211391448975,-7.172494411468506,-4.923502445220947,-4.826109886169434,-5.463840007781982,-4.021003246307373,-1.1940572261810303,1.5432339906692505,-1.6443841457366943,-4.752779483795166,-5.314387321472168,-7.90142822265625,-9.8091459274292,-7.772694110870361,-6.4853315353393555,-6.574810981750488,-7.061076641082764,-6.369928359985352,-5.303066253662109,-1.6677354574203491,-1.1392414569854736,-0.5788179636001587,0.16597481071949005,-0.40220531821250916,-0.8803877830505371,-1.1913273334503174,-1.458341121673584,-0.5620765089988708,-0.4769391715526581,1.232553482055664,0.6570327281951904,0.029395874589681625,1.4302576780319214,3.0394136905670166,4.737063884735107,4.34614372253418
-1.1427522897720337,-1.4951690435409546,-2.5691351890563965,-2.867183208465576,-3.3470194339752197,-4.52439546585083,-5.696958065032959,-5.7415771484375,-4.473004341125488,-4.579484462738037,-4.751347064971924,-4.750047206878662,-4.552308559417725,-1.6306442022323608,-0.3274975121021271,-2.3954644203186035,-3.335092067718506,-3.6743831634521484,-6.521098613739014,-9.220489501953125,-7.591494560241699,-6.1635589599609375,-5.8595290184021,-6.239570140838623,-4.596242904663086,-3.261683225631714,-2.4428670406341553,-2.2456140518188477,-1.8591065406799316,0.011792168021202087,-0.019008027389645576,-0.6700466871261597,-1.2304962873458862,-1.7604478597640991,-1.9456597566604614,-1.4665031433105469,-0.9700631499290466,-0.06947726011276245,0.6170751452445984,1.0254472494125366,2.6245779991149902,4.884979248046875,4.731388092041016
4.171164035797119,3.231856107711792,-0.21734097599983215,-1.224758505821228,-1.7545654773712158,-3.9458982944488525,-5.03664493560791,-4.940975189208984,-1.6815544366836548,-5.342466831207275,-4.2243218421936035,-4.388952732086182,-3.434209108352661,-1.4750802516937256,-0.5446295738220215,-1.0847314596176147,-1.7702692747116089,-2.9502248764038086,-5.649940490722656,-8.133490562438965,-7.623565673828125,-6.280926704406738,-5.791576862335205,-5.395025730133057,-4.003373146057129,-1.9818265438079834,-1.2862540483474731,-1.6380243301391602,-2.3285751342773438,-1.7424396276474,-0.897235095500946,-1.1455696821212769,-1.093936562538147,-1.2792927026748657,-1.9535443782806396,-1.807143211364746,-1.6602513790130615,-1.1475181579589844,-0.6617065072059631,0.5817641615867615,1.265220284461975,2.237856388092041,3.378108024597168
0.008716938085854053,-0.27657219767570496,-1.2403429746627808,2.139991283416748,0.7093140482902527,-3.449795961380005,-3.9927477836608887,-4.2766523361206055,-4.157047748565674,-5.115578651428223,-4.4864182472229,-3.7223541736602783,-2.326286792755127,-0.6518627405166626,0.5850316882133484,0.5872752666473389,-1.066981554031372,-2.8376855850219727,-4.288518905639648,-6.951127052307129,-7.401875972747803,-7.028895854949951,-5.846146583557129,-4.49672269821167,-3.6659765243530273,-1.8210879564285278,-0.3313366770744324,-0.9248420000076294,-1.8269742727279663,-2.6977381706237793,-1.5439741611480713,-1.2129102945327759,-0.5281160473823547,-1.31348717212677,-1.7475184202194214,-1.6170625686645508,-1.3922299146652222,-1.3481967449188232,-1.2032983303070068,0.05661970004439354,0.7794375419616699,0.036047808825969696,0.867078959941864
-3.6589183807373047,-2.9196078777313232,-2.3360257148742676,-1.0337677001953125,-1.0098079442977905,-1.0162937641143799,-1.6770356893539429,-0.6079412698745728,-5.075959205627441,-4.032107830047607,-4.188390254974365,-3.4229061603546143,-1.7415324449539185,-0.5115090608596802,1.184602975845337,1.4335628747940063,-0.9166452288627625,-3.0105276107788086,-4.28635311126709,-5.627249240875244,-6.597489356994629,-7.3034443855285645,-6.505752086639404,-4.886978626251221,-2.004956007003784,-1.1136128902435303,0.05844034627079964,0.641211211681366,-0.23932212591171265,-1.4588403701782227,-1.9033329486846924,-1.2380220890045166,-1.2414981126785278,-1.6746225357055664,-2.3395512104034424,-1.7771472930908203,-1.5947502851486206,-0.9659503698348999,-0.6725769639015198,0.03711455315351486,1.0446664094924927,1.2343075275421143,1.3276631832122803
-0.9853116869926453,-0.7633348107337952,-1.2772276401519775,-1.9685213565826416,-0.9032212495803833,3.629579544067383,2.5362038612365723,-0.9064555168151855,-2.7777984142303467,-3.3628416061401367,-3.4872419834136963,-2.9942867755889893,-2.149799346923828,-0.7471610903739929,0.6266373991966248,0.3897702395915985,-1.0961589813232422,-3.0404279232025146,-4.067800521850586,-4.40887975692749,-5.171291828155518,-6.461564540863037,-6.415653228759766,-6.184823036193848,-3.478083610534668,-2.4790844917297363,-1.787642002105713,-0.3070623278617859,0.6532981395721436,0.00992824137210846,-1.3095937967300415,-1.409263253211975,-1.224685549736023,-1.65530526638031,-2.542595386505127,-2.918745994567871,-2.1723453998565674,-1.4436627626419067,0.13636711239814758,1.3977351188659668,0.6887626647949219,0.554516613483429,2.1482746601104736
-0.5800938606262207,-0.8428815603256226,-0.36906754970550537,-1.4611899852752686,0.3768935799598694,1.7442461252212524,0.8643646836280823,-1.578992486000061,-2.094085216522217,-2.0583114624023438,-2.4210968017578125,-2.6380152702331543,-2.075995445251465,-1.4508082866668701,0.23381508886814117,0.015589842572808266,-1.4482626914978027,-3.1565608978271484,-3.308131694793701,-3.1716904640197754,-4.875471115112305,-5.956664085388184,-5.784364223480225,-6.120421409606934,-5.7017083168029785,-4.808614730834961,-4.846400260925293,-3.9640533924102783,-0.8747082352638245,0.4365662932395935,-0.5955269932746887,-0.696081280708313,-0.8717121481895447,-1.3152916431427002,-2.257396697998047,-2.720877170562744,-1.9793211221694946,-0.6396997570991516,0.14351090788841248,0.09401862323284149,0.7629280090332031,0.24731120467185974,1.2825642824172974
2.33505916595459,1.654616117477417,0.8470672369003296,-1.1032289266586304,-0.22896930575370789,0.5066617727279663,-0.22530607879161835,-0.2661871314048767,-0.3757220208644867,-1.4779081344604492,-2.3620004653930664,-2.637498617172241,-2.249080181121826,-2.023000717163086,-0.4706714451313019,0.5405758619308472,-0.3691290616989136,-2.084848165512085,-3.146277666091919,-3.3441407680511475,-4.00232458114624,-5.978895664215088,-4.886242389678955,-4.341150760650635,-4.913715839385986,-5.452499866485596,-5.793933391571045,-4.984960079193115,-3.729247570037842,-2.1304075717926025,-1.4191783666610718,-0.9351274371147156,-0.6809269189834595,-0.48510679602622986,-1.0925424098968506,-1.4780850410461426,-1.36968195438385,-1.0736377239227295,-1.3467062711715698,-0.8795623779296875,0.32666289806365967,0.2288101762533188,0.5823838114738464
2.9140868186950684,2.3652122020721436,2.774721384048462,5.27074670791626,2.151726722717285,2.293973684310913,1.6247867345809937,0.29819703102111816,0.3792523145675659,-0.6945552825927734,-1.8878005743026733,-2.727241277694702,-3.4280014038085938,-2.436739921569824,-1.7095434665679932,0.22418129444122314,0.43129703402519226,-0.999049186706543,-2.987752914428711,-3.7553021907806396,-3.693207263946533,-5.6045684814453125,-4.138208866119385,-3.6912543773651123,-4.094132900238037,-4.062199592590332,-4.319998264312744,-4.422753810882568,-4.344789981842041,-4.3380608558654785,-2.8465516567230225,-1.5568212270736694,-0.9139530658721924,-0.38433510065078735,-0.3562036156654358,-0.6686357855796814,-0.9536859393119812,-2.0017406940460205,-1.5922905206680298,-0.26576852798461914,0.8674027919769287,0.6529828906059265,0.2988824248313904
3.4009740352630615,3.0934720039367676,3.201228380203247,3.9985687732696533,2.523648738861084,2.0269651412963867,1.1103787422180176,0.9603773951530457,1.0659451484680176,0.6975579261779785,-0.760596752166748,-2.198946714401245,-3.0945723056793213,-2.809821367263794,-2.654320240020752,-0.3593250513076782,1.6768090724945068,-0.8825580477714539,-2.3801772594451904,-3.3395302295684814,-4.159728527069092,-4.515168190002441,-3.225191116333008,-2.9184367656707764,-3.6167290210723877,-4.370755195617676,-3.617332935333252,-3.982342004776001,-4.0698323249816895,-3.831031084060669,-2.926971912384033,-1.9268677234649658,-1.2655060291290283,-1.2770910263061523,-1.4602361917495728,-1.3710007667541504,-0.3659319281578064,-0.24972902238368988,-0.46136102080345154,-0.11425711959600449,1.2741533517837524,1.1475404500961304,0.4800895154476166
3.552243709564209,3.6497626304626465,3.303086519241333,2.9902091026306152,2.776603937149048,2.7893285751342773,2.5727128982543945,2.001725673675537,1.977961540222168,1.6793711185455322,0.24347317218780518,-0.9779644012451172,-2.841930389404297,-2.997117042541504,-3.043341636657715,-2.2384297847747803,1.0192936658859253,0.08112319558858871,-1.0897191762924194,-2.8243582248687744,-3.677942991256714,-4.01946496963501,-3.193786382675171,-3.41829776763916,-3.241483211517334,-3.741583824157715,-3.033611536026001,-3.4713797569274902,-3.646329879760742,-2.9021546840667725,-2.0925915241241455,-1.9390228986740112,-1.934690237045288,-2.0033626556396484,-1.8593783378601074,-0.9846853017807007,0.25292181968688965,0.19317381083965302,-0.5080164670944214,-1.0625081062316895,-0.3841477036476135,0.9289153218269348,1.180270791053772
2.876213788986206,2.879387140274048,3.4917891025543213,4.153980731964111,3.236788749694824,2.7956161499023438,2.952782392501831,2.189408540725708,1.300581455230713,1.0271459817886353,0.5164016485214233,-0.6241779327392578,-1.5021438598632812,-2.3435590267181396,-2.5403130054473877,-2.939143657684326,-0.9108971953392029,1.4580951929092407,0.040616992861032486,-1.646939992904663,-2.8847436904907227,-3.622438669204712,-3.6273000240325928,-3.4109954833984375,-2.567345380783081,-1.9588749408721924,-2.2435057163238525,-2.5062437057495117,-2.4547204971313477,-2.068363904953003,-1.7904292345046997,-0.677140474319458,-0.57973712682724,-1.081907868385315,-0.6272266507148743,0.30761945247650146,-0.0953584611415863,-0.9018454551696777,-0.9887154698371887,-1.0351436138153076,-0.6883879899978638,0.7853463888168335,1.4525638818740845
2.1910130977630615,2.6192126274108887,2.9404454231262207,2.8505656719207764,2.8554563522338867,2.566563606262207,2.0936901569366455,2.092607021331787,2.106020450592041,0.3497661054134369,-0.5877656936645508,-1.846561312675476,-1.7930881977081299,-1.9131675958633423,-2.049247980117798,-2.014758586883545,-0.9893131852149963,2.699416160583496,0.5429937839508057,-0.5721168518066406,-1.5860137939453125,-2.1243929862976074,-3.0525643825531006,-2.8415486812591553,-1.9988842010498047,-1.235052466392517,-1.5703030824661255,-0.640477180480957,-0.6268104314804077,-1.1419053077697754,-0.9742980599403381,-0.36381274461746216,0.4541865885257721,0.48175549507141113,0.6909127235412598,1.3588188886642456,1.7506760358810425,0.9200476408004761,0.34759384393692017,0.14601978659629822,0.4631253182888031,-0.1817765086889267,0.16554398834705353
1.5481629371643066,2.2219252586364746,2.9783051013946533,3.603142499923706,3.483468770980835,3.0729668140411377,2.6111738681793213,2.4400699138641357,2.315100908279419,0.7874633073806763,-0.032867323607206345,-0.09529143571853638,0.3794621527194977,-0.7553907632827759,-1.433255910873413,-1.8036713600158691,-2.231147050857544,2.4627065658569336,1.5731523036956787,0.013783895410597324,-1.0954961776733398,-1.4812039136886597,-1.7026817798614502,-1.3368264436721802,-1.8654512166976929,-1.136671543121338,-0.5484530329704285,-0.33259063959121704,0.46997129917144775,-0.4991707503795624,-0.5960067510604858,-0.7365607619285583,0.5866456031799316,1.6213678121566772,1.3104740381240845,1.2648452520370483,2.112945079803467,2.564068078994751,2.096212387084961,1.0426081418991089,0.8290733098983765,0.539354681968689,1.3009424209594727
1.7247912883758545,2.5449161529541016,3.372844696044922,4.106274604797363,4.352493762969971,3.9088220596313477,3.6704049110412598,3.400151252746582,3.350719690322876,3.3819124698638916,2.846923828125,2.922477960586548,2.390580654144287,0.7788054347038269,-0.569892942905426,-1.1296653747558594,-1.0635852813720703,0.6512572765350342,4.115630626678467,1.1944390535354614,-0.12234785407781601,-0.43963420391082764,-0.9194923639297485,-0.7755560874938965,-1.7931931018829346,-1.7023600339889526,-1.5260452032089233,-0.5310967564582825,0.20963767170906067,-0.5352471470832825,-0.7337335348129272,-0.5236106514930725,0.9939454793930054,2.0838043689727783,2.597463607788086,2.8742518424987793,1.9327468872070312,2.2937917709350586,3.7537410259246826,2.795870780944824,2.2843575477600098,2.3555550575256348,2.5148000717163086
3.1778523921966553,4.222140789031982,4.985411167144775,5.998852729797363,6.1813483238220215,5.598268032073975,5.421753406524658,5.322567939758301,5.3192877769470215,5.579055309295654,4.289101600646973,4.484386920928955,4.0913496017456055,3.6251821517944336,2.1656739711761475,0.6608196496963501,0.09977982938289642,-0.22702163457870483,3.255188226699829,3.468733310699463,-0.4364068806171417,-0.8100375533103943,-0.8572553992271423,-1.7378487586975098,-1.3254128694534302,-0.8759737014770508,0.11963961273431778,0.14833444356918335,0.7572125196456909,-0.7199205756187439,-0.5649476051330566,-0.15584780275821686,1.1834298372268677,2.496458053588867,3.053558826446533,3.353555202484131,2.272490978240967,2.043562412261963,1.9185484647750854,1.9195085763931274,1.92613685131073,3.489255428314209,3.070307731628418
3.875800132751465,5.490262985229492,5.801779747009277,6.035780429840088,5.97731351852417,5.62529182434082,5.432737350463867,6.112754821777344,6.421309471130371,6.309881687164307,6.820473670959473,6.3313798904418945,3.4478559494018555,2.4775609970092773,1.2274166345596313,-0.19871090352535248,-0.9771515130996704,-0.4235706329345703,-1.5076584815979004,2.773426055908203,1.1176557540893555,-1.329861044883728,-0.007699677255004644,-0.4281415641307831,-0.7991253733634949,-0.7153582572937012,0.013179756700992584,1.55525541305542,1.9176198244094849,0.7020205855369568,-0.20773231983184814,-0.8958821296691895,-0.16119010746479034,0.9514901638031006,2.508774518966675,3.6706230640411377,3.054042339324951,2.261827230453491,2.08917498588562,2.37031626701355,2.855762481689453,4.500759124755859,4.6239800453186035
2.736138343811035,3.3537607192993164,3.9473752975463867,4.2884440422058105,4.6266889572143555,5.474778652191162,6.6436357498168945,6.339796543121338,7.384396076202393,6.767477035522461,5.7394185066223145,2.915783166885376,-2.0461909770965576,-2.166609764099121,-3.1572611331939697,-2.1781864166259766,-1.5598530769348145,-2.92771577835083,-3.6500024795532227,-2.6429941654205322,2.8105547428131104,1.117074728012085,0.9452308416366577,1.5441621541976929,1.3577388525009155,0.5911546945571899,0.050574544817209244,2.1396453380584717,2.240673780441284,1.2251969575881958,-0.8327316641807556,-1.937375545501709,-1.1472150087356567,0.05942230299115181,2.1623342037200928,3.4738285541534424,2.4408318996429443,1.3512322902679443,1.4617670774459839,3.2488269805908203,4.838899612426758,4.498774528503418,5.292591571807861
