data/wind_data/wind_22_7.json
{"header": {"parameterUnit": "KT", "parameterCategory": 2, "nx": 256, "ny": 198, "lo1": 44.73521041870117, "la1": -3.236724853515625, "lo2": 111.26478576660156, "la2": 43.468475341796875, "dx": 0.2609002888202667, "dy": -0.23708222806453705, "refTime": "2025-02-19 22:00:00", "forecastTime": 0, "parameterNumber": 2, "parameterNumberName": "eastward_wind"}, "data":
[rows 80 to 99 of 198, columns 44 to 87 of 256]
48.307716369628906,47.416656494140625,46.50681686401367,45.71933364868164,45.16670608520508,44.91575241088867,44.94600296020508,45.19270706176758,45.561378479003906,45.940330505371094,46.23228073120117,46.41289520263672,46.51483917236328,46.565101623535156,46.595394134521484,46.68204116821289,46.92001724243164,47.35891342163086,47.97645568847656,48.69348907470703,49.39946365356445,49.97954177856445,50.37004470825195,50.557247161865234,50.590641021728516,50.55514144897461,50.524131774902344,50.53424835205078,50.6065559387207,50.7428092956543,50.91710662841797,51.06364440917969,51.07897186279297,50.884559631347656,50.491233825683594,49.99047088623047,49.51254653930664,49.19431686401367,49.099639892578125,49.19682693481445,49.431854248046875,49.77116394042969,50.183372497558594,50.62417221069336
50.40777587890625,49.62041473388672,48.807960510253906,48.086238861083984,47.48738098144531,47.06187057495117,46.95265579223633,47.194976806640625,47.60609817504883,47.93656539916992,48.07615661621094,48.09190368652344,48.08510208129883,48.09354782104492,48.10194778442383,48.11875915527344,48.2217903137207,48.52592468261719,49.06813430786133,49.753292083740234,50.407039642333984,50.90890121459961,51.26446533203125,51.54429626464844,51.78996658325195,51.978267669677734,52.0757942199707,52.11483383178711,52.19404602050781,52.397193908691406,52.71721267700195,53.03742218017578,53.19842529296875,53.10150909423828,52.76091384887695,52.2850227355957,51.827579498291016,51.51765060424805,51.39191818237305,51.42024230957031,51.59099197387695,51.91285705566406,52.35923767089844,52.860172271728516
52.62046432495117,51.88526916503906,51.19411849975586,50.53263473510742,49.9205207824707,49.426692962646484,49.18785858154297,49.290077209472656,49.619171142578125,49.93798065185547,50.09855270385742,50.08246612548828,49.97236251831055,49.88020324707031,49.85951232910156,49.92010498046875,50.088504791259766,50.4134635925293,50.900718688964844,51.459102630615234,51.92951202392578,52.2152099609375,52.363861083984375,52.50081253051758,52.6888542175293,52.90045166015625,53.095794677734375,53.285858154296875,53.52809143066406,53.87406539916992,54.30792999267578,54.72647476196289,54.98674011230469,55.011592864990234,54.834293365478516,54.562496185302734,54.30347442626953,54.11722183227539,54.02454376220703,54.03533935546875,54.17112350463867,54.43152618408203,54.777523040771484,55.1693000793457
54.98613357543945,54.4390869140625,53.855377197265625,53.2287483215332,52.60127258300781,52.05677795410156,51.74359893798828,51.72380828857422,51.880950927734375,51.960914611816406,51.88467788696289,51.839717864990234,51.86638641357422,51.907135009765625,51.952117919921875,52.073387145996094,52.33877182006836,52.75326919555664,53.23299026489258,53.65251922607422,53.92741394042969,54.073543548583984,54.16204071044922,54.22740936279297,54.23750305175781,54.169761657714844,54.09077453613281,54.13344955444336,54.39536666870117,54.870235443115234,55.45060348510742,55.97780227661133,56.316070556640625,56.43238830566406,56.40488052368164,56.36194610595703,56.37785720825195,56.44626235961914,56.53670120239258,56.65192794799805,56.81989669799805,57.04754638671875,57.31466293334961,57.62966537475586
57.58494567871094,57.388004302978516,57.06690216064453,56.431121826171875,55.61637878417969,54.949405670166016,54.636817932128906,54.58634567260742,54.508121490478516,54.23664093017578,53.87893295288086,53.57630920410156,53.37080383300781,53.38982009887695,53.72781753540039,54.33965301513672,55.072532653808594,55.73005676269531,56.171878814697266,56.3695182800293,56.382205963134766,56.359615325927734,56.4200325012207,56.51681900024414,56.494041442871094,56.272579193115234,55.955413818359375,55.750694274902344,55.807960510253906,56.136260986328125,56.62181854248047,57.105445861816406,57.45765686035156,57.650306701660156,57.759681701660156,57.899803161621094,58.13618850708008,58.449283599853516,58.78752517700195,59.110843658447266,59.39629364013672,59.63486862182617,59.83738327026367,60.05844497680664
60.46390914916992,60.42532730102539,60.173866271972656,59.526023864746094,58.63283157348633,57.92758560180664,57.675819396972656,57.71338653564453,57.61430740356445,57.1245231628418,56.406776428222656,55.76951217651367,55.40087890625,55.370723724365234,55.784305572509766,56.686614990234375,57.73115921020508,58.604393005371094,59.19074249267578,59.462066650390625,59.504669189453125,59.452354431152344,59.376617431640625,59.28376770019531,59.14044189453125,58.910892486572266,58.65102767944336,58.48713302612305,58.515464782714844,58.7297477722168,59.02373123168945,59.288909912109375,59.48829650878906,59.640140533447266,59.797462463378906,60.03373336791992,60.40625762939453,60.89848327636719,61.42985153198242,61.91437911987305,62.29197311401367,62.53563690185547,62.66193771362305,62.73806381225586
63.56317901611328,63.606014251708984,63.27863693237305,62.54883575439453,61.650291442871094,61.018062591552734,60.87484359741211,60.9958381652832,60.88849639892578,60.290836334228516,59.4007453918457,58.59346389770508,58.08293533325195,57.96208953857422,58.376190185546875,59.29004669189453,60.48969268798828,61.67878341674805,62.512203216552734,62.87717056274414,62.895381927490234,62.690582275390625,62.4124870300293,62.19703674316406,62.01642990112305,61.78010559082031,61.57660675048828,61.57193374633789,61.81470489501953,62.208248138427734,62.57122039794922,62.78129959106445,62.85674285888672,62.86948013305664,62.90350341796875,63.057098388671875,63.39495086669922,63.893775939941406,64.44152069091797,64.92383575439453,65.28146362304688,65.49881744384766,65.58094787597656,65.56817626953125
66.68034362792969,66.67375183105469,66.26799011230469,65.49840545654297,64.6717300415039,64.18660736083984,64.1789779663086,64.34795379638672,64.22474670410156,63.615875244140625,62.73503875732422,61.921302795410156,61.34999084472656,61.12446212768555,61.45153045654297,62.366851806640625,63.619197845458984,64.69343566894531,65.30577850341797,65.57398223876953,65.642578125,65.53746032714844,65.2732925415039,64.95603942871094,64.7008285522461,64.53426361083984,64.48413848876953,64.59829711914062,64.91978454589844,65.3826675415039,65.7928695678711,66.02738952636719,66.12930297851562,66.19701385498047,66.30585479736328,66.52034759521484,66.88167572021484,67.33081817626953,67.740234375,68.03474426269531,68.2326889038086,68.37705993652344,68.4562759399414,68.4467544555664
69.99486541748047,69.72207641601562,69.13472747802734,68.32587432861328,67.630126953125,67.404052734375,67.6581039428711,67.94905853271484,67.82494354248047,67.19994354248047,66.3169937133789,65.48746490478516,64.8746566772461,64.64082336425781,64.99015045166016,65.83927917480469,66.78892517089844,67.4397964477539,67.72876739501953,67.82656860351562,67.82913208007812,67.7174072265625,67.47288513183594,67.14602661132812,66.8248291015625,66.59978485107422,66.54521179199219,66.75767517089844,67.23997497558594,67.84142303466797,68.32142639160156,68.5578842163086,68.65558624267578,68.7483901977539,68.95857238769531,69.3573989868164,69.91175842285156,70.45853424072266,70.83901977539062,71.02336120605469,71.12714385986328,71.25980377197266,71.40122985839844,71.46441650390625
73.10832214355469,72.59052276611328,71.9629135131836,71.29266357421875,70.8475112915039,70.89906311035156,71.33500671386719,71.63801574707031,71.42938232421875,70.75887298583984,69.85698699951172,68.95570373535156,68.25883483886719,68.05180358886719,68.50749206542969,69.37995910644531,70.1440200805664,70.41761779785156,70.26322174072266,69.97516632080078,69.74078369140625,69.50645446777344,69.20201873779297,68.85124206542969,68.51752471923828,68.28143310546875,68.23193359375,68.48297882080078,68.97496032714844,69.52753448486328,69.96537017822266,70.17723846435547,70.2691421508789,70.46226501464844,70.84634399414062,71.42149353027344,72.09703063964844,72.71304321289062,73.138671875,73.38188171386719,73.56804656982422,73.8097152709961,74.07438659667969,74.25541687011719
76.01216125488281,75.38601684570312,75.00804901123047,74.7435302734375,74.61967468261719,74.75003814697266,75.04776000976562,75.1693344116211,74.8567123413086,74.18231964111328,73.32357788085938,72.43448638916016,71.77090454101562,71.67727661132812,72.24686431884766,73.12029266357422,73.71479034423828,73.6970443725586,73.22787475585938,72.66254425048828,72.1956787109375,71.83621215820312,71.55587005615234,71.35250854492188,71.22444152832031,71.15569305419922,71.19254302978516,71.4049072265625,71.7373275756836,72.01469421386719,72.11778259277344,72.10102844238281,72.0888442993164,72.2005844116211,72.43702697753906,72.84439086914062,73.42214965820312,74.03384399414062,74.57362365722656,75.0546646118164,75.53661346435547,76.02072143554688,76.42786407470703,76.69107818603516
79.0087890625,78.24838256835938,78.05477905273438,78.22935485839844,78.47423553466797,78.6408462524414,78.68978118896484,78.56041717529297,78.13743591308594,77.43289184570312,76.61540222167969,75.89404296875,75.54068756103516,75.75807189941406,76.47348022460938,77.25479888916016,77.52963256835938,77.1632080078125,76.50150299072266,75.87408447265625,75.38462829589844,75.04524993896484,74.87899017333984,74.85356903076172,74.89788055419922,74.96385955810547,75.05029296875,75.19329071044922,75.37361907958984,75.47918701171875,75.40347290039062,75.14752960205078,74.84002685546875,74.63455200195312,74.62081909179688,74.83018493652344,75.20392608642578,75.61540985107422,76.04126739501953,76.49507904052734,77.01518249511719,77.61823272705078,78.24921417236328,78.80181884765625
82.3565673828125,81.5988998413086,81.3995590209961,81.69950866699219,82.04902648925781,82.11251068115234,81.9307632446289,81.65847778320312,81.20850372314453,80.46868896484375,79.68360900878906,79.26466369628906,79.3934097290039,79.96766662597656,80.74897003173828,81.27366638183594,81.17339324951172,80.58667755126953,79.91680908203125,79.39859008789062,79.04254150390625,78.83995056152344,78.75176239013672,78.70707702636719,78.66981506347656,78.6614990234375,78.71073913574219,78.83975982666016,79.00674438476562,79.05545806884766,78.86090087890625,78.4305419921875,77.92191314697266,77.52947998046875,77.37065124511719,77.4577407836914,77.7387924194336,78.09840393066406,78.44082641601562,78.77020263671875,79.11790466308594,79.61197662353516,80.2611312866211,80.94678497314453
85.87357330322266,85.19361114501953,85.0344009399414,85.42772674560547,85.77196502685547,85.58911895751953,85.06140899658203,84.5723648071289,84.01765441894531,83.22653198242188,82.6126708984375,82.60647583007812,83.06202697753906,83.68164825439453,84.26795196533203,84.52877807617188,84.33064270019531,83.8807601928711,83.44503021240234,83.0992660522461,82.85263061523438,82.69062805175781,82.55734252929688,82.3924560546875,82.2181625366211,82.11939239501953,82.13182830810547,82.2433853149414,82.35197448730469,82.3061752319336,81.98653411865234,81.40323638916016,80.73138427734375,80.23330688476562,80.09818267822266,80.32372283935547,80.764404296875,81.21873474121094,81.52705383300781,81.67605590820312,81.79891967773438,82.07186126708984,82.59422302246094,83.28450012207031
89.18444061279297,88.52619171142578,88.35443115234375,88.70977020263672,89.05645751953125,88.90579986572266,88.28871154785156,87.49427795410156,86.5825424194336,85.75729370117188,85.55562591552734,85.9611587524414,86.37462615966797,86.62767791748047,86.8738021850586,87.05244445800781,87.05780792236328,86.93607330322266,86.75057220458984,86.54065704345703,86.33199310302734,86.12277221679688,85.90113067626953,85.70902252197266,85.61747741699219,85.65296173095703,85.72649383544922,85.71560668945312,85.57207489013672,85.30865478515625,84.9037094116211,84.35838317871094,83.76282501220703,83.28148651123047,83.05838012695312,83.13997650146484,83.47433471679688,83.9432373046875,84.37760925292969,84.64885711669922,84.77481079101562,84.90444946289062,85.20365905761719,85.71419525146484
92.17257690429688,91.3609619140625,91.03368377685547,91.21003723144531,91.4243392944336,91.4244155883789,91.18904113769531,90.5328140258789,89.46099853515625,88.77828979492188,88.9603500366211,89.31964874267578,89.37850952148438,89.40009307861328,89.5564956665039,89.75965881347656,89.94011688232422,90.02188110351562,89.95433807373047,89.77449035644531,89.51032257080078,89.16925048828125,88.84384155273438,88.70283508300781,88.85221862792969,89.14629364013672,89.29212951660156,89.10247802734375,88.64833068847656,88.16223907470703,87.74929809570312,87.37223052978516,86.98744201660156,86.64247131347656,86.4166259765625,86.35392761230469,86.43000030517578,86.60292053222656,86.81478881835938,87.00926208496094,87.1662826538086,87.33645629882812,87.6111068725586,88.04232025146484
94.5156478881836,93.95352935791016,93.50809478759766,93.50650787353516,93.63743591308594,93.71160125732422,93.75555419921875,93.46964263916016,92.98104858398438,92.71713256835938,92.6410140991211,92.68689727783203,92.74896240234375,92.64195251464844,92.54308319091797,92.68841552734375,92.98380279541016,93.17854309082031,93.17060089111328,92.9749755859375,92.60050964355469,92.10750579833984,91.74127197265625,91.74790954589844,92.1444091796875,92.5738525390625,92.69380950927734,92.39935302734375,91.850341796875,91.3183364868164,90.93289947509766,90.62850189208984,90.2669448852539,89.79264068603516,89.31482696533203,89.02000427246094,88.98890686035156,89.15525817871094,89.39328002929688,89.60751342773438,89.77340698242188,89.93164825439453,90.15581512451172,90.49644470214844
96.47710418701172,96.56981658935547,96.30264282226562,96.18303680419922,96.23988342285156,96.30716705322266,96.34676361083984,96.35670471191406,96.29769134521484,96.24524688720703,96.1799545288086,96.10160064697266,95.98094940185547,95.70159912109375,95.47102355957031,95.58055877685547,95.92143249511719,96.2506103515625,96.40180969238281,96.2665023803711,95.8089370727539,95.23490905761719,94.91031646728516,95.12836456298828,95.65151977539062,96.07579040527344,96.1391372680664,95.83282470703125,95.28987884521484,94.700439453125,94.19185638427734,93.74748992919922,93.24284362792969,92.5904312133789,91.87588500976562,91.33292388916016,91.14838409423828,91.30528259277344,91.63981628417969,91.98492431640625,92.26627349853516,92.50293731689453,92.74955749511719,93.06458282470703
98.4343032836914,99.02526092529297,99.14820098876953,98.99982452392578,98.8957748413086,98.91043090820312,98.86831665039062,98.76344299316406,98.83595275878906,99.0450210571289,99.17298889160156,99.12301635742188,98.8084945678711,98.30228424072266,97.96089172363281,98.01519012451172,98.42141723632812,98.98204040527344,99.42567443847656,99.47346496582031,99.0753173828125,98.55403900146484,98.37454986572266,98.64449310302734,99.0934829711914,99.41351318359375,99.45179748535156,99.17485046386719,98.570068359375,97.76873779296875,96.93196105957031,96.14559173583984,95.42134857177734,94.69096374511719,93.95948791503906,93.37181091308594,93.10850524902344,93.23480987548828,93.65752410888672,94.17361450195312,94.64543151855469,95.02816772460938,95.31788635253906,95.56402587890625
100.34921264648438,100.89244079589844,101.44068145751953,101.42816925048828,101.12065887451172,100.94989013671875,100.8323745727539,100.64335632324219,100.68344116210938,100.9714584350586,101.16094207763672,101.1534652709961,100.87743377685547,100.41195678710938,100.07255554199219,100.09786987304688,100.56047058105469,101.31517791748047,102.07846069335938,102.40618896484375,102.16546630859375,101.71733856201172,101.57066345214844,101.74646759033203,101.99047088623047,102.08950805664062,101.94197845458984,101.5145492553711,100.76925659179688,99.7887954711914,98.70890808105469,97.66497802734375,96.76214599609375,96.01322937011719,95.39759063720703,94.94343566894531,94.75618743896484,94.93109130859375,95.45002746582031,96.13017272949219,96.77882385253906,97.2756118774414,97.60380554199219,97.8287124633789
