data/wind_data/wind_40_2.json
{"header": {"parameterUnit": "KT", "parameterCategory": 2, "nx": 256, "ny": 198, "lo1": 44.73521041870117, "la1": -3.236724853515625, "lo2": 111.26478576660156, "la2": 43.468475341796875, "dx": 0.2609002888202667, "dy": -0.23708222806453705, "refTime": "2025-02-20 16:00:00", "forecastTime": 0, "parameterNumber": 2, "parameterNumberName": "eastward_wind"}, "data":
[rows 152 to 170 of 198, columns 43 to 85 of 256]
-6.307595252990723,-2.7160775661468506,-3.5588974952697754,-6.475245952606201,-3.259577751159668,-4.285938262939453,-8.582630157470703,-8.107261657714844,-2.683377742767334,3.8316707611083984,4.557311534881592,0.6019101142883301,-1.3994735479354858,-4.3814005851745605,-6.855224609375,-8.35078239440918,-6.764603137969971,-4.820511341094971,-2.915224075317383,-2.591488838195801,-3.5456783771514893,-3.598482370376587,-2.9700334072113037,-0.8753982782363892,1.3414894342422485,1.5086877346038818,1.8292955160140991,2.2308712005615234,2.1992509365081787,1.413550615310669,1.037513256072998,0.08313677459955215,-1.7119503021240234,-2.578622341156006,-1.0714282989501953,0.46333038806915283,1.2439134120941162,1.831282615661621,1.7781237363815308,1.7545785903930664,2.0595462322235107,2.601329803466797,4.623647689819336
-9.309571266174316,-9.298571586608887,-10.456437110900879,-9.684273719787598,-6.748236179351807,-9.964568138122559,-10.652924537658691,-4.8500895500183105,-0.0056007918901741505,0.7567539215087891,-2.7248694896698,-6.308950901031494,-8.00108528137207,-8.940201759338379,-8.697749137878418,-8.386009216308594,-5.403726577758789,-2.3612210750579834,-1.3236722946166992,-1.8178173303604126,-3.1051065921783447,-4.3569793701171875,-4.163798809051514,-2.0477631092071533,-0.6648277044296265,0.4822358787059784,1.6725307703018188,2.342287063598633,1.9427858591079712,0.8517090678215027,-1.664595365524292,-2.8640334606170654,-3.28261399269104,-1.5094038248062134,0.8195200562477112,1.3112149238586426,2.1831772327423096,2.2301485538482666,2.222339153289795,2.355107307434082,3.0654702186584473,4.3388872146606445,6.139703750610352
-11.957305908203125,-12.719347953796387,-12.531705856323242,-11.214097023010254,-11.687880516052246,-13.403876304626465,-10.042947769165039,-5.465627193450928,-6.170894622802734,-8.861942291259766,-10.433566093444824,-10.653729438781738,-10.569544792175293,-9.610852241516113,-7.897471904754639,-5.14199686050415,-1.128749132156372,-0.19886651635169983,-0.6409943103790283,-1.0333750247955322,-3.9644241333007812,-7.3628458976745605,-6.87808895111084,-2.5358760356903076,0.4686369299888611,4.380022048950195,7.843142032623291,7.966304302215576,6.346254825592041,6.260916709899902,5.534797668457031,4.300319671630859,3.132197618484497,1.3675196170806885,0.750971794128418,0.6030107140541077,2.9010510444641113,2.745434522628784,2.5088741779327393,2.4466612339019775,3.806326150894165,6.014078140258789,7.0376505851745605
-12.917973518371582,-14.526817321777344,-15.623246192932129,-15.789410591125488,-15.763435363769531,-14.976972579956055,-13.769007682800293,-15.287355422973633,-17.8375244140625,-17.982595443725586,-16.53309440612793,-14.055335998535156,-11.587315559387207,-8.629329681396484,-4.786397457122803,-0.041004154831171036,2.374577283859253,1.0924293994903564,-0.9668405055999756,-0.21787108480930328,-3.129115343093872,-7.079314708709717,-7.134067535400391,-4.837718486785889,-3.378160238265991,-1.1923432350158691,0.6214486360549927,1.3439271450042725,1.2496106624603271,1.154571771621704,2.4933841228485107,4.081295013427734,5.079474925994873,5.1517815589904785,2.572019338607788,0.8176926374435425,2.2254035472869873,1.9990646839141846,2.2853598594665527,2.4495627880096436,4.150241374969482,7.1340532302856445,8.674395561218262
-18.17543601989746,-18.514116287231445,-19.005447387695312,-18.530616760253906,-17.17242431640625,-16.241235733032227,-17.043563842773438,-18.190366744995117,-17.948711395263672,-15.742767333984375,-12.954668045043945,-9.32717514038086,-5.8462395668029785,-2.7173972129821777,0.4642302393913269,2.8644516468048096,4.027029514312744,0.18244971334934235,-0.5587510466575623,-0.6361915469169617,-2.366079092025757,-6.049381732940674,-5.973474025726318,-4.216454982757568,-4.656845569610596,-4.450499534606934,-3.918292999267578,-2.7215240001678467,-1.7511639595031738,0.12190756946802139,2.8204901218414307,4.591192722320557,7.083981513977051,8.287310600280762,5.512411117553711,1.7394145727157593,1.6932204961776733,2.122645616531372,2.9897162914276123,3.227656841278076,4.494452476501465,6.744661808013916,9.159310340881348
-19.794130325317383,-18.731998443603516,-16.864948272705078,-14.736557960510254,-13.125091552734375,-12.073091506958008,-11.524246215820312,-9.93726921081543,-7.320200443267822,-4.432328701019287,-2.1524033546447754,-0.346401184797287,0.48043346405029297,1.7678827047348022,3.1328063011169434,3.069854974746704,3.11731219291687,1.10524320602417,1.198286771774292,-0.0370040163397789,-1.3655215501785278,-5.415323734283447,-5.685128211975098,-5.9346923828125,-6.861842155456543,-6.437186241149902,-4.269824504852295,-1.5089459419250488,1.4510844945907593,5.966266632080078,8.869453430175781,8.490581512451172,6.4137115478515625,3.663142204284668,1.8665893077850342,1.5465030670166016,2.495738983154297,3.430591583251953,3.9119322299957275,4.44097375869751,5.545862674713135,6.569941997528076,7.570835113525391
-14.387574195861816,-12.55217170715332,-10.723769187927246,-8.967586517333984,-7.2982072830200195,-5.854506492614746,-4.425924777984619,-2.2311577796936035,-0.9032161235809326,0.25224223732948303,1.7801475524902344,1.5572038888931274,1.0206818580627441,2.046288251876831,2.008260726928711,2.192326068878174,1.31723952293396,2.29382061958313,-0.03168754652142525,-1.1891218423843384,-1.7908111810684204,-4.528136253356934,-3.37031626701355,-3.7079007625579834,-5.453304767608643,-6.969223499298096,-6.389967918395996,-4.7559638023376465,-2.8401029109954834,3.248812198638916,9.289567947387695,11.9536771774292,11.699939727783203,9.48177719116211,7.223611831665039,6.3702545166015625,6.175441265106201,6.4031219482421875,5.839159965515137,6.374608993530273,7.019101619720459,7.097024917602539,6.280073165893555
-12.158623695373535,-8.555084228515625,-5.78361701965332,-4.554175853729248,-3.7452054023742676,-2.1772589683532715,-1.0803711414337158,-0.276909738779068,-0.6783238053321838,-1.370840311050415,-1.4526423215866089,-0.48073428869247437,0.7283939123153687,2.3232333660125732,0.8476911783218384,-0.4880160391330719,-1.1519949436187744,3.1717772483825684,1.301946759223938,-1.6714303493499756,-2.8375580310821533,-3.458674669265747,-2.098081588745117,-2.749708890914917,-6.682351112365723,-9.387116432189941,-7.887060165405273,-7.531398296356201,-8.557197570800781,-9.145604133605957,-8.261980056762695,-6.7110772132873535,-4.541069507598877,-1.1491787433624268,2.3350183963775635,3.451815366744995,5.734515190124512,7.04940128326416,11.16759204864502,10.306717872619629,7.629485130310059,6.236889362335205,2.1220951080322266
-12.74685287475586,-9.869872093200684,-8.183069229125977,-6.504844665527344,-5.343717098236084,-3.245906114578247,-1.728993535041809,-2.71490740776062,-4.345913887023926,-6.321294784545898,-7.639206409454346,-6.7810139656066895,-1.8915354013442993,-1.003322958946228,-2.008481979370117,-1.064517855644226,0.4217068552970886,4.044355869293213,3.984498977661133,0.1302030384540558,-3.1740639209747314,-4.333746433258057,-3.883012294769287,-5.381672382354736,-9.594493865966797,-9.737866401672363,-6.058286190032959,-5.269914150238037,-6.013546943664551,-8.804221153259277,-11.014269828796387,-13.522896766662598,-15.976170539855957,-15.702829360961914,-12.820158958435059,-8.3497953414917,-1.9627512693405151,3.6213433742523193,4.693098068237305,-1.7016685009002686,-3.5820271968841553,-2.605867385864258,-4.083747386932373
-12.360075950622559,-9.872904777526855,-8.318777084350586,-7.709907054901123,-8.017356872558594,-7.760188102722168,-5.463934421539307,-3.32745361328125,-3.9610610008239746,-5.106720447540283,-2.7879631519317627,-3.384467840194702,-2.781059980392456,-3.9258675575256348,-1.3197053670883179,1.493481993675232,2.7464873790740967,4.154194355010986,2.012524127960205,-1.4994562864303589,-4.384779453277588,-5.624332427978516,-5.418657302856445,-7.539760112762451,-10.749955177307129,-8.566044807434082,-6.835443019866943,-5.431622505187988,-3.8492257595062256,-4.510183334350586,-8.730098724365234,-14.95363712310791,-19.12908935546875,-19.304210662841797,-18.64145851135254,-16.221595764160156,-13.712738990783691,-11.476174354553223,-9.889466285705566,-8.202054977416992,-5.703129768371582,-5.243197917938232,-3.8032748699188232
-11.261600494384766,-9.355844497680664,-7.850089073181152,-8.93327808380127,-9.821702003479004,-8.186273574829102,-5.68804931640625,-4.960373401641846,-5.29779052734375,-4.020711898803711,-2.078942060470581,-1.2280164957046509,-2.6657681465148926,-1.2668325901031494,0.8125291466712952,3.2834105491638184,3.625906229019165,3.529803991317749,-2.0687320232391357,-4.338514804840088,-5.866296768188477,-6.555076599121094,-6.8786540031433105,-9.479893684387207,-10.269834518432617,-6.930840969085693,-6.668715476989746,-6.027121543884277,-6.088236331939697,-5.5390543937683105,-7.349862098693848,-12.016166687011719,-16.19491195678711,-18.60700225830078,-19.55963706970215,-19.542858123779297,-18.39351463317871,-15.995238304138184,-12.674455642700195,-9.948029518127441,-9.489745140075684,-9.384777069091797,-2.271036148071289
-9.19118881225586,-7.821681499481201,-7.255552291870117,-7.164190292358398,-6.1165971755981445,-6.430850982666016,-5.648523807525635,-4.715834617614746,-3.885380744934082,-1.2940672636032104,-0.29205605387687683,0.7430405616760254,0.7167590260505676,2.0891835689544678,2.3541412353515625,3.6210830211639404,5.220344543457031,-1.7710356712341309,-6.905853748321533,-7.167304515838623,-7.807214736938477,-8.647809028625488,-10.014336585998535,-11.619362831115723,-9.696256637573242,-8.299598693847656,-10.06689167022705,-11.178993225097656,-11.524425506591797,-10.321025848388672,-9.523636817932129,-10.582574844360352,-13.161408424377441,-15.871783256530762,-16.599388122558594,-16.58040428161621,-15.351949691772461,-13.525097846984863,-12.666224479675293,-13.791271209716797,-15.780508995056152,-16.22517967224121,-13.80364990234375
-7.187723636627197,-7.022250175476074,-4.278631687164307,-5.747580528259277,-7.9502763748168945,-5.698997497558594,-3.4351799488067627,-1.6875879764556885,-0.31462958455085754,0.7818084359169006,1.3569040298461914,1.7163982391357422,2.0889952182769775,2.3857266902923584,1.2037992477416992,5.6964006423950195,-1.1107831001281738,-9.31254768371582,-10.262115478515625,-9.494097709655762,-9.953365325927734,-11.50352954864502,-12.99397087097168,-12.471879959106445,-10.826905250549316,-11.970067977905273,-14.419300079345703,-15.077606201171875,-14.621402740478516,-13.60770034790039,-13.467758178710938,-14.221587181091309,-15.098075866699219,-14.925834655761719,-13.802735328674316,-13.159777641296387,-12.498675346374512,-11.782094955444336,-12.05639362335205,-13.035490989685059,-14.110997200012207,-15.738986015319824,-17.78770637512207
-6.332233428955078,-6.43782377243042,-5.870330810546875,-3.27225399017334,-3.558314323425293,-2.130188465118408,-0.758172333240509,0.4037979245185852,1.3962817192077637,2.5557801723480225,4.03263521194458,4.814644813537598,3.0043435096740723,3.0443274974823,1.349001169204712,-2.328918933868408,-10.153288841247559,-12.75313663482666,-11.381160736083984,-11.13249397277832,-12.210752487182617,-14.039992332458496,-14.3333101272583,-12.931894302368164,-12.116579055786133,-13.713747024536133,-15.56482219696045,-15.887301445007324,-16.090913772583008,-16.292707443237305,-16.611251831054688,-16.611156463623047,-15.87760066986084,-14.752647399902344,-14.231040954589844,-14.836006164550781,-15.747188568115234,-16.371232986450195,-17.00926399230957,-17.631031036376953,-17.182729721069336,-15.019976615905762,-12.885459899902344
-5.637467861175537,-2.993602752685547,-1.9392929077148438,-1.0361340045928955,-0.49791648983955383,0.5086361169815063,1.5509192943572998,1.9390465021133423,0.38243648409843445,4.3089799880981445,5.509744644165039,6.118985176086426,3.911766290664673,-1.8639315366744995,-5.807739734649658,-10.920207023620605,-13.82853889465332,-12.634735107421875,-11.777179718017578,-12.902155876159668,-14.669218063354492,-15.842399597167969,-15.083208084106445,-14.018692016601562,-13.89504337310791,-15.222356796264648,-16.362119674682617,-16.9071044921875,-17.590290069580078,-17.790082931518555,-17.25872230529785,-16.074291229248047,-14.93781566619873,-15.1586275100708,-16.897043228149414,-18.763439178466797,-19.67831039428711,-20.38953971862793,-21.43280601501465,-22.16876792907715,-21.691251754760742,-18.860313415527344,-13.986881256103516
-2.108468770980835,-2.231663227081299,0.5728213787078857,2.6545231342315674,2.741262912750244,2.47517466545105,1.6216624975204468,0.41960954666137695,3.5483970642089844,3.6335372924804688,4.160307884216309,0.9633530378341675,-3.9172513484954834,-7.018636226654053,-11.468534469604492,-13.17320728302002,-12.911402702331543,-12.000927925109863,-12.736189842224121,-15.042527198791504,-16.832542419433594,-16.884262084960938,-15.959444046020508,-15.339929580688477,-15.226178169250488,-16.002544403076172,-16.850662231445312,-17.9927921295166,-19.042396545410156,-18.769302368164062,-17.375856399536133,-16.10409164428711,-15.821246147155762,-16.478071212768555,-17.84943199157715,-19.268756866455078,-20.208221435546875,-21.349573135375977,-22.0439453125,-21.297250747680664,-21.23459815979004,-21.153566360473633,-16.9303035736084
-1.4119622707366943,-3.461254119873047,-2.847893476486206,-0.0445471853017807,3.0916104316711426,2.6653895378112793,3.287694215774536,2.988396167755127,0.0442567802965641,-2.299980878829956,-5.369339942932129,-8.69722843170166,-7.522006988525391,-9.963239669799805,-12.073229789733887,-11.665224075317383,-11.739030838012695,-12.162604331970215,-14.082060813903809,-16.799612045288086,-18.02373695373535,-17.440183639526367,-16.881746292114258,-16.64536476135254,-16.82151985168457,-18.114084243774414,-19.423198699951172,-20.09857749938965,-19.504676818847656,-17.70768928527832,-15.727455139160156,-14.592585563659668,-14.363639831542969,-14.602712631225586,-15.346770286560059,-16.266128540039062,-17.177547454833984,-18.45224380493164,-16.89828872680664,-12.612319946289062,-13.208374977111816,-16.92190170288086,-17.759479522705078
0.33475834131240845,0.3467373251914978,-2.3685970306396484,-3.207737445831299,-0.40409305691719055,3.4910192489624023,4.982816219329834,3.9091858863830566,1.967862606048584,-5.261075496673584,-8.845758438110352,-8.627974510192871,-9.437346458435059,-10.725404739379883,-10.943463325500488,-10.927337646484375,-12.1292724609375,-13.511210441589355,-15.956250190734863,-18.33981704711914,-18.68754768371582,-17.986957550048828,-17.821779251098633,-17.92649269104004,-18.540529251098633,-20.129966735839844,-20.815290451049805,-19.948471069335938,-18.22370147705078,-16.13109588623047,-14.712538719177246,-14.249544143676758,-14.117833137512207,-13.749431610107422,-13.413736343383789,-13.163620948791504,-12.998625755310059,-13.10319709777832,-11.483290672302246,-5.982179641723633,-5.062927722930908,-10.462661743164062,-14.744985580444336
-0.7518844604492188,1.1466840505599976,0.9525960087776184,-1.2866417169570923,-0.31520119309425354,4.059471607208252,6.342798233032227,4.406191825866699,-2.463685989379883,-7.498487949371338,-8.518178939819336,-8.341974258422852,-9.344764709472656,-10.479775428771973,-10.840964317321777,-11.772298812866211,-13.604737281799316,-15.414376258850098,-17.94991683959961,-19.417715072631836,-18.74060821533203,-18.285184860229492,-18.612281799316406,-18.985549926757812,-19.69717025756836,-20.303125381469727,-19.589771270751953,-18.167701721191406,-16.586933135986328,-15.264456748962402,-14.712822914123535,-14.238558769226074,-13.120210647583008,-11.928879737854004,-11.1472749710083,-10.283520698547363,-8.988947868347168,-8.354707717895508,-8.624161720275879,-4.223822593688965,2.2706570625305176,-7.815284252166748,-13.99605655670166
