data/wind_data/wind_68_6.json
{"header": {"parameterUnit": "KT", "parameterCategory": 2, "nx": 256, "ny": 198, "lo1": 44.73521041870117, "la1": -3.236724853515625, "lo2": 111.26478576660156, "la2": 43.468475341796875, "dx": 0.2609002888202667, "dy": -0.23708222806453705, "refTime": "2025-02-21 20:00:00", "forecastTime": 0, "parameterNumber": 2, "parameterNumberName": "eastward_wind"}, "data":
[rows 140 to 159 of 198, columns 176 to 219 of 256]
52.594947814941406,51.75020980834961,51.5101432800293,50.84519958496094,49.0842170715332,47.58179473876953,47.456790924072266,47.71437072753906,48.127525329589844,50.07606506347656,51.94569778442383,52.06840133666992,51.76241683959961,51.404747009277344,51.37159729003906,52.321231842041016,54.11481857299805,56.220428466796875,57.01934814453125,56.06930160522461,52.515621185302734,49.267784118652344,47.280494689941406,43.54826354980469,41.97476577758789,41.9078254699707,39.31831359863281,38.43368911743164,40.400081634521484,42.070369720458984,43.5973014831543,43.675636291503906,42.332733154296875,42.31255340576172,42.08665084838867,40.8975715637207,39.78587341308594,38.543148040771484,38.106285095214844,39.72673416137695,40.7260627746582,38.2806396484375,35.385738372802734,36.709808349609375
52.562957763671875,51.37457275390625,50.3974609375,50.43399429321289,51.08255386352539,50.777565002441406,49.319854736328125,47.71438217163086,47.37723922729492,49.12155532836914,50.3522834777832,49.85279846191406,49.97690200805664,50.684043884277344,51.00925827026367,51.38273620605469,52.48772430419922,55.07350540161133,56.84188461303711,55.63439178466797,51.354549407958984,48.82831954956055,47.71433639526367,44.80147171020508,44.19700622558594,44.29999542236328,42.62914276123047,41.80696105957031,42.42143630981445,43.69233703613281,46.19041442871094,46.25273132324219,42.527549743652344,41.20925521850586,42.575904846191406,42.82653045654297,42.444095611572266,41.237064361572266,38.77956008911133,37.406211853027344,36.36003112792969,34.342254638671875,33.193565368652344,35.85668182373047
51.88077163696289,51.760643005371094,51.40290451049805,51.1838264465332,51.675086975097656,51.90486526489258,50.64456558227539,48.47319412231445,47.344970703125,47.92140197753906,48.36260223388672,48.11507797241211,48.44084930419922,49.25467300415039,49.8029899597168,49.855857849121094,49.95759963989258,51.2140007019043,52.41456604003906,50.84721374511719,48.683067321777344,48.80250930786133,47.08563232421875,44.74108123779297,45.46465301513672,46.12474060058594,45.5213623046875,44.90843200683594,45.1657600402832,46.77522659301758,48.647830963134766,47.199928283691406,44.04197692871094,43.69658279418945,45.13491439819336,44.88274002075195,44.158966064453125,43.657527923583984,40.529361724853516,35.86052703857422,32.827293395996094,31.320209503173828,31.817893981933594,35.079017639160156
50.96908187866211,51.23938751220703,52.09172439575195,52.43549728393555,52.199851989746094,51.897071838378906,51.2258415222168,49.671024322509766,47.96086883544922,47.30127716064453,47.42323684692383,47.361541748046875,47.42375946044922,48.04290771484375,48.19423294067383,47.00892639160156,46.3506965637207,46.42372131347656,45.91584777832031,45.62377166748047,47.23884201049805,47.48013687133789,45.43592834472656,45.25836181640625,47.23363494873047,48.16641616821289,46.970523834228516,46.506019592285156,47.93507385253906,49.5467643737793,49.89398956298828,48.543880462646484,47.765960693359375,48.394588470458984,48.476356506347656,46.310218811035156,44.66755676269531,44.08686828613281,41.59766387939453,37.04170608520508,32.95991897583008,30.580358505249023,30.882020950317383,33.28025436401367
50.915687561035156,51.038272857666016,52.05438995361328,52.896663665771484,52.92623519897461,52.3974723815918,51.377952575683594,49.644264221191406,47.592185974121094,46.5728874206543,46.8896598815918,46.878719329833984,46.142948150634766,45.721588134765625,45.30662155151367,44.71746826171875,43.4514274597168,41.04786682128906,40.56803894042969,43.010189056396484,44.582122802734375,44.23874282836914,44.069889068603516,45.91618347167969,48.539764404296875,48.64286804199219,47.42032241821289,49.18498229980469,50.7508659362793,50.00592041015625,49.912330627441406,51.79057693481445,52.89594650268555,52.0333366394043,49.56446838378906,45.83656692504883,43.146812438964844,41.912593841552734,41.13591384887695,39.32962417602539,34.57705307006836,29.93286895751953,29.20309066772461,30.78248405456543
50.80058288574219,51.214027404785156,52.052364349365234,52.81583023071289,52.85026931762695,51.95791244506836,50.19896697998047,47.82232666015625,45.718013763427734,44.528438568115234,44.38449478149414,44.56848907470703,43.797393798828125,42.77579116821289,42.7818603515625,41.011268615722656,37.583168029785156,37.25587844848633,39.35323715209961,39.553245544433594,38.36847686767578,38.815284729003906,41.71830749511719,45.2287483215332,47.23358917236328,47.79929733276367,48.96039962768555,50.387908935546875,50.179195404052734,49.93278503417969,52.283992767333984,55.43688201904297,55.870262145996094,53.43750762939453,49.43878173828125,44.60929870605469,40.70096969604492,39.084800720214844,40.500614166259766,41.07851028442383,35.428733825683594,28.256155014038086,26.942182540893555,28.757080078125
50.49979782104492,51.71947479248047,51.9842643737793,51.325496673583984,50.70000457763672,50.13668441772461,48.341796875,45.47206115722656,43.52201843261719,42.715858459472656,42.22652816772461,42.111812591552734,41.477752685546875,40.256988525390625,39.381492614746094,38.71445083618164,37.940433502197266,35.354583740234375,33.87335968017578,34.7127685546875,35.41946792602539,36.33879470825195,39.44389724731445,42.320655822753906,44.15367889404297,47.12272644042969,48.6964225769043,47.61225509643555,47.85871124267578,50.834110260009766,53.99528503417969,55.473388671875,54.35721206665039,51.10115432739258,46.66012191772461,41.574588775634766,37.9806022644043,37.28835678100586,40.36323165893555,41.060916900634766,34.69315719604492,26.502099990844727,24.679716110229492,26.285812377929688
50.94916534423828,52.244258880615234,51.06929016113281,48.84343719482422,47.866424560546875,47.93035125732422,46.42529296875,43.90756607055664,42.14019775390625,41.37103271484375,40.579830169677734,39.65255355834961,39.08736801147461,36.735530853271484,36.07136154174805,39.945838928222656,33.494850158691406,26.74746322631836,31.635461807250977,37.0872917175293,38.66570281982422,38.43051528930664,39.621341705322266,42.48662185668945,46.114990234375,49.01637268066406,48.527320861816406,46.93431854248047,48.06596755981445,50.783409118652344,52.54315948486328,51.947349548339844,48.96852111816406,45.27855682373047,42.094032287597656,38.78996658325195,36.722164154052734,37.5704345703125,40.58220672607422,39.62571716308594,32.34843063354492,24.784229278564453,23.291168212890625,24.324769973754883
50.98276901245117,51.73249053955078,49.81685256958008,47.17143630981445,45.73339080810547,45.29834747314453,44.82366943359375,44.149234771728516,43.37881851196289,41.976463317871094,39.87196731567383,36.74526596069336,34.01624298095703,30.469545364379883,33.00518035888672,38.41633987426758,27.21381378173828,22.93740463256836,32.00579071044922,38.22630310058594,40.018192291259766,41.25106430053711,43.70429992675781,47.14539337158203,49.94197082519531,50.92465591430664,49.80622863769531,48.45028305053711,48.76731872558594,50.26183319091797,50.4815673828125,47.60289764404297,43.03460693359375,39.44404602050781,38.35322189331055,38.092796325683594,37.50540542602539,38.17372512817383,39.4064826965332,37.383583068847656,30.683181762695312,24.332683563232422,22.952909469604492,23.48224639892578
48.30879211425781,49.242218017578125,48.38257598876953,45.7151985168457,43.35265350341797,42.65217971801758,42.82880783081055,43.106449127197266,42.62275314331055,40.029762268066406,35.47737121582031,31.15098762512207,29.648902893066406,28.35942840576172,32.91465759277344,37.309844970703125,26.483234405517578,21.274978637695312,29.629379272460938,36.50020980834961,39.25864791870117,41.756019592285156,45.502620697021484,47.82638931274414,48.200950622558594,47.8299674987793,47.196533203125,47.06297302246094,48.102787017822266,49.290828704833984,48.84249496459961,46.500022888183594,43.09715270996094,39.80976486206055,38.78295135498047,39.52206802368164,39.72527313232422,39.03621292114258,37.10892105102539,34.29718017578125,30.032556533813477,25.10139274597168,23.772695541381836,25.82692527770996
43.517662048339844,43.970096588134766,43.94147491455078,42.17142105102539,40.60024642944336,40.245155334472656,39.90882110595703,39.58767318725586,39.024436950683594,35.94514465332031,31.104829788208008,28.058286666870117,26.894807815551758,27.085756301879883,31.282886505126953,35.606956481933594,29.97161865234375,22.886947631835938,27.810672760009766,35.28492736816406,39.338165283203125,41.72012710571289,44.518558502197266,45.926063537597656,45.4444580078125,44.58258056640625,44.23529052734375,44.51832580566406,46.10493469238281,48.083988189697266,48.84441375732422,48.5952262878418,47.56711196899414,45.213191986083984,42.70073318481445,41.93238830566406,42.143272399902344,40.80918502807617,36.21921157836914,31.72483253479004,28.17665672302246,24.479997634887695,24.285560607910156,27.694639205932617
39.40082550048828,39.34934997558594,39.376583099365234,37.99757766723633,37.373966217041016,37.71797180175781,37.26138687133789,36.208126068115234,35.186317443847656,31.407917022705078,28.328073501586914,26.76598358154297,23.934839248657227,26.03757095336914,27.940216064453125,30.83401107788086,32.005985260009766,29.105857849121094,30.187597274780273,35.947078704833984,40.41181564331055,42.815032958984375,44.76154708862305,45.71367263793945,44.8878059387207,43.803714752197266,43.28231430053711,43.76764678955078,46.29623031616211,49.604896545410156,51.69884490966797,52.44757843017578,52.76487350463867,52.217376708984375,49.5722541809082,45.95471954345703,44.44440841674805,43.206581115722656,38.048343658447266,32.10396957397461,28.28983497619629,26.165843963623047,26.381561279296875,28.125953674316406
36.646583557128906,37.13573455810547,36.916297912597656,35.13548278808594,34.06435012817383,34.688167572021484,34.67216110229492,34.03649139404297,32.37668991088867,27.77707862854004,25.626110076904297,25.861541748046875,20.42972183227539,17.33763313293457,23.386802673339844,28.573911666870117,32.32341766357422,34.37726974487305,37.182003021240234,40.99932098388672,43.41549301147461,45.1351318359375,46.87588882446289,47.105770111083984,45.659080505371094,43.78953170776367,44.24828338623047,47.13496398925781,50.02531433105469,52.77750015258789,54.65327835083008,54.93574142456055,54.36650085449219,53.758766174316406,52.30351638793945,49.089107513427734,46.4630012512207,44.63307571411133,40.67982482910156,34.8349494934082,31.04630470275879,29.014623641967773,27.819011688232422,27.75777244567871
34.13923645019531,34.93069076538086,34.5096321105957,32.75937271118164,31.345502853393555,31.755891799926758,32.18513107299805,32.68817901611328,30.816082000732422,25.951515197753906,23.90595817565918,23.30290412902832,19.53819465637207,13.018511772155762,15.77840805053711,23.986318588256836,31.25396728515625,37.49515914916992,42.696678161621094,45.76785659790039,47.420501708984375,49.296592712402344,51.28380584716797,51.03415298461914,48.181365966796875,46.097408294677734,48.29972839355469,51.522491455078125,54.04988479614258,56.18313217163086,57.258949279785156,56.38241195678711,53.9734992980957,51.38692092895508,50.0302619934082,48.55064392089844,45.65591812133789,43.7170295715332,42.395511627197266,38.94619369506836,35.32727813720703,33.43083190917969,31.9333553314209,29.877832412719727
31.26338768005371,30.99473762512207,30.33378791809082,30.14805030822754,30.048826217651367,30.14028549194336,30.54378318786621,31.090435028076172,29.17397689819336,26.350187301635742,25.055143356323242,21.319950103759766,18.460847854614258,16.57493019104004,18.341209411621094,24.238893508911133,31.39412498474121,38.173213958740234,43.260780334472656,46.525753021240234,49.37260055541992,52.432369232177734,54.581787109375,54.030357360839844,51.3178596496582,50.68003463745117,53.193504333496094,55.82365798950195,57.862709045410156,59.11643600463867,58.515560150146484,55.86773681640625,52.60682678222656,49.34532165527344,47.24574279785156,46.503814697265625,44.905914306640625,43.19340896606445,42.7214241027832,40.915016174316406,37.932098388671875,36.81073760986328,36.426292419433594,32.67558670043945
28.189899444580078,27.657880783081055,26.811511993408203,27.892778396606445,29.359384536743164,29.49578094482422,29.473047256469727,30.057785034179688,29.043582916259766,26.668643951416016,26.299293518066406,20.383808135986328,17.964481353759766,20.546838760375977,22.553138732910156,25.954404830932617,31.307811737060547,36.86894989013672,41.27473831176758,45.0107307434082,48.59589767456055,51.341827392578125,52.819332122802734,52.98665237426758,53.106082916259766,54.40657424926758,56.73251724243164,58.59614181518555,59.62259292602539,59.59390640258789,58.016319274902344,54.86861038208008,51.36016082763672,48.237632751464844,45.027347564697266,43.51216506958008,44.01253128051758,43.64882278442383,42.999820709228516,41.98920822143555,38.84502410888672,37.636722564697266,39.085750579833984,34.81895446777344
26.77737045288086,26.37456512451172,25.140884399414062,26.051815032958984,27.870197296142578,28.441530227661133,28.98530387878418,30.413240432739258,28.795103073120117,26.029495239257812,27.359254837036133,22.44040298461914,20.279726028442383,22.62904167175293,24.847440719604492,27.363346099853516,31.075708389282227,35.21626281738281,39.070518493652344,42.8947868347168,46.30770492553711,48.53767013549805,49.956504821777344,51.72977066040039,54.12063980102539,56.19820785522461,57.81370162963867,58.69805145263672,59.03239440917969,58.6187744140625,56.579368591308594,52.26411819458008,48.161895751953125,45.59452819824219,42.93335723876953,41.23689651489258,42.32623291015625,42.8833122253418,41.658958435058594,41.09674072265625,39.09623336791992,37.55788040161133,39.392799377441406,37.26072311401367
25.56025505065918,25.980649948120117,24.882600784301758,24.69095230102539,25.39038848876953,26.193391799926758,28.054763793945312,30.29237937927246,28.61015510559082,26.706899642944336,27.795164108276367,24.46782875061035,22.36859893798828,23.276750564575195,25.272676467895508,27.700300216674805,30.621681213378906,33.964656829833984,37.6143684387207,41.5189323425293,44.93363952636719,47.613277435302734,49.97575378417969,52.63332748413086,54.85420227050781,56.051368713378906,56.73693084716797,57.636600494384766,58.807315826416016,57.462867736816406,52.95981216430664,48.2368049621582,44.576637268066406,42.04515075683594,40.407413482666016,39.72856521606445,40.940147399902344,41.728431701660156,40.6035041809082,40.48163604736328,39.84586715698242,38.570316314697266,39.45136260986328,38.89133071899414
24.891807556152344,24.790504455566406,23.59468650817871,22.81522560119629,22.85605812072754,23.636152267456055,26.386030197143555,28.726898193359375,28.197927474975586,28.31368064880371,27.864316940307617,25.153188705444336,23.534339904785156,24.1187686920166,25.984039306640625,28.38336753845215,31.40496063232422,34.733707427978516,38.237892150878906,42.059120178222656,45.965702056884766,49.31271743774414,51.718379974365234,53.04237365722656,53.65829849243164,54.795196533203125,56.744537353515625,58.25050354003906,57.8019905090332,54.02803421020508,48.655616760253906,44.486488342285156,41.41748046875,38.76076126098633,37.68186950683594,38.08244705200195,39.93699645996094,41.60736083984375,41.09993362426758,41.00163269042969,40.81096267700195,39.686988830566406,40.05721664428711,41.76686096191406
21.36026382446289,19.301475524902344,18.052417755126953,17.947099685668945,19.38858985900879,21.49199867248535,24.889501571655273,27.90821075439453,29.135862350463867,30.30249786376953,29.005264282226562,25.45131492614746,23.770143508911133,25.02024269104004,27.586257934570312,30.84695816040039,34.3255729675293,37.35620880126953,40.35650634765625,43.91454315185547,47.58675003051758,49.79613494873047,50.699031829833984,51.87357711791992,53.62725830078125,55.47171401977539,55.86179733276367,54.11945724487305,51.51634216308594,48.731021881103516,45.29914093017578,41.849029541015625,38.957359313964844,36.776092529296875,36.193016052246094,37.10697937011719,39.72263717651367,41.99061584472656,40.33695983886719,37.758018493652344,38.16505813598633,39.28062057495117,41.80537414550781,44.582244873046875
