data/wind_data/wind_1_2.json
{"header": {"parameterUnit": "KT", "parameterCategory": 2, "nx": 256, "ny": 198, "lo1": 44.73521041870117, "la1": -3.236724853515625, "lo2": 111.26478576660156, "la2": 43.468475341796875, "dx": 0.2609002888202667, "dy": -0.23708222806453705, "refTime": "2025-02-19 01:00:00", "forecastTime": 0, "parameterNumber": 2, "parameterNumberName": "eastward_wind"}, "data":
[rows 114 to 132 of 198, columns 129 to 171 of 256]
-4.818241596221924,-3.632401704788208,-2.619379758834839,-1.7246018648147583,-0.6650177836418152,0.6152592897415161,1.436850666999817,1.2840310335159302,0.32136619091033936,-0.5210214257240295,-0.5001785755157471,-0.05056550353765488,0.5979254245758057,1.3722811937332153,2.082751512527466,2.7275543212890625,3.377368927001953,3.835235595703125,3.8703861236572266,3.680929660797119,3.28946590423584,2.698786735534668,2.0894055366516113,1.8845802545547485,1.9305758476257324,2.124905824661255,2.162609100341797,2.0640809535980225,1.9963643550872803,2.0150091648101807,2.173515796661377,2.572296142578125,2.4995362758636475,1.8445751667022705,1.6856188774108887,1.7763291597366333,1.459565281867981,0.46265166997909546,-1.016270399093628,-2.3728060722351074,-2.8278114795684814,-3.274599313735962,-3.7470483779907227
-2.897352457046509,-1.6780610084533691,-0.6558701395988464,0.03878024220466614,0.4757915735244751,1.0350463390350342,1.6322424411773682,1.9103550910949707,1.6451481580734253,1.045859932899475,0.9167154431343079,1.4384419918060303,2.1164088249206543,2.465331554412842,2.8912553787231445,3.6026864051818848,4.397452354431152,4.966949462890625,5.179205417633057,5.355880260467529,5.167322158813477,4.432910919189453,3.5127170085906982,2.899904489517212,2.629197120666504,2.704664707183838,2.936857223510742,3.2064781188964844,3.6301968097686768,4.111454486846924,4.125707626342773,3.6126136779785156,2.61814022064209,1.5146777629852295,1.0706229209899902,1.041688084602356,0.47040650248527527,-0.6602115631103516,-1.6354364156723022,-2.630293846130371,-3.108038902282715,-3.262058734893799,-3.8098180294036865
-0.7593449354171753,0.23927314579486847,1.2539546489715576,1.673071026802063,1.6056923866271973,1.6422394514083862,2.1597912311553955,2.958475112915039,3.4610583782196045,3.2109885215759277,2.9636216163635254,3.866698741912842,5.091496467590332,5.346414089202881,5.426324844360352,5.9268341064453125,6.484946250915527,6.944550037384033,7.261088848114014,7.380768775939941,7.020671844482422,6.1327128410339355,4.9543914794921875,3.647486925125122,2.6846065521240234,2.802058696746826,3.3737049102783203,4.07311487197876,4.764380931854248,5.153026103973389,4.331089973449707,2.379040241241455,0.2861711084842682,-1.1717309951782227,-1.7556947469711304,-2.1186249256134033,-3.214839220046997,-4.0139479637146,-3.88915753364563,-3.82814621925354,-4.0956130027771,-4.655445098876953,-6.001989841461182
1.0852094888687134,1.7311229705810547,2.3327274322509766,2.5862927436828613,2.51804256439209,2.6437695026397705,3.5314228534698486,4.938546180725098,5.83730936050415,5.724642753601074,5.246243953704834,5.668081283569336,6.788686752319336,7.405055522918701,7.6761369705200195,7.777372360229492,8.063899040222168,8.595806121826172,8.90929889678955,8.749680519104004,8.25039291381836,7.61403751373291,6.442560195922852,4.6041579246521,3.475019693374634,3.7486181259155273,4.396443843841553,4.883321285247803,4.687352180480957,3.445549726486206,1.2038977146148682,-2.2674033641815186,-5.732540130615234,-7.267973899841309,-7.920555591583252,-8.15810775756836,-8.374208450317383,-8.28730297088623,-7.107852458953857,-5.772738456726074,-6.26688289642334,-8.421504974365234,-10.939278602600098
2.429771900177002,2.743096351623535,2.9844765663146973,3.3578152656555176,3.7329351902008057,4.186824798583984,5.257279396057129,6.500533580780029,7.173061847686768,7.247541904449463,7.118839263916016,7.366837024688721,8.074347496032715,8.966822624206543,9.630419731140137,9.560444831848145,9.642707824707031,10.193770408630371,10.441670417785645,10.020491600036621,9.257650375366211,8.476812362670898,7.323548316955566,5.7235188484191895,4.8707780838012695,4.896704196929932,4.487581729888916,3.6163547039031982,2.143035650253296,-0.3283536732196808,-2.776460886001587,-4.651978015899658,-6.773250102996826,-6.407832622528076,-5.009442329406738,-5.736340045928955,-5.322606086730957,-5.966639041900635,-6.282063007354736,-5.0736613273620605,-4.286523818969727,-4.851067066192627,-4.878165245056152
3.520116090774536,3.9498043060302734,4.290432453155518,4.739622116088867,5.060649871826172,5.367868900299072,6.187372207641602,6.89810037612915,7.366217613220215,8.032386779785156,8.555756568908691,8.846212387084961,9.427331924438477,10.501750946044922,11.289374351501465,11.307013511657715,11.462053298950195,11.936245918273926,11.893518447875977,11.097992897033691,9.49531364440918,7.811962127685547,6.6998677253723145,5.543996810913086,4.282394886016846,3.0654609203338623,1.7314398288726807,0.5241525769233704,-0.10621483623981476,-0.899415135383606,-0.9101651310920715,-0.22897152602672577,-0.9575514197349548,-3.692547082901001,-3.0902295112609863,-0.9946858286857605,-0.8663886189460754,-2.5778050422668457,-1.2571734189987183,-0.19706588983535767,-2.7330892086029053,-1.73649263381958,1.0251199007034302
4.425961971282959,5.29684591293335,5.787198066711426,5.902701377868652,5.892200469970703,6.291821479797363,7.3119635581970215,8.09194278717041,8.704455375671387,9.625870704650879,10.101341247558594,10.077868461608887,10.624878883361816,11.769577026367188,12.34034252166748,12.35793685913086,12.480453491210938,12.127845764160156,10.471362113952637,7.773379325866699,4.554307460784912,2.496488571166992,2.8757176399230957,2.825603723526001,2.1197397708892822,0.7446121573448181,-0.4419628083705902,-0.2601672410964966,0.6955925822257996,1.8794242143630981,0.16856959462165833,-1.3949717283248901,-1.959549069404602,-3.7574870586395264,-1.2020723819732666,0.9295601844787598,1.676216721534729,-2.1002495288848877,-3.0320067405700684,1.4147757291793823,2.2927091121673584,2.024005651473999,2.4536900520324707
5.688558578491211,6.39331579208374,6.819461822509766,6.90561056137085,7.23089599609375,8.19017219543457,9.461939811706543,10.40421199798584,11.207769393920898,11.98173713684082,11.940383911132812,11.584871292114258,12.049206733703613,12.730463027954102,12.540613174438477,11.797626495361328,10.151200294494629,7.10238790512085,2.4364726543426514,-2.4355974197387695,-4.7936224937438965,-4.259390354156494,-2.870168924331665,-1.3424321413040161,0.5141012668609619,2.436802864074707,3.08064603805542,2.5675323009490967,3.2144875526428223,1.5980788469314575,1.541267991065979,0.04874788597226143,1.787257432937622,-0.1374208629131317,-0.3147408962249756,1.5243281126022339,2.7037250995635986,2.356351375579834,0.16555267572402954,0.14641624689102173,1.1968728303909302,1.3001785278320312,1.6813751459121704
6.849343299865723,7.056741714477539,7.429788589477539,7.929439544677734,8.546781539916992,9.581122398376465,10.864399909973145,12.160418510437012,13.245924949645996,13.6647367477417,13.208789825439453,12.90925407409668,13.006814956665039,12.526122093200684,11.197025299072266,8.804771423339844,4.285046577453613,-0.5025714635848999,-3.492642641067505,-4.354098796844482,-4.5825276374816895,-5.675910472869873,-6.318601608276367,-5.1984453201293945,-1.9185131788253784,1.2237117290496826,1.1489827632904053,0.6579623818397522,0.0008019371889531612,0.7939189076423645,5.4335737228393555,6.806859493255615,5.900620937347412,3.0155041217803955,-0.37532857060432434,1.093779444694519,2.190208673477173,1.7162368297576904,-0.6349434852600098,-2.538954734802246,-0.5711154937744141,3.5837082862854004,3.7937979698181152
6.456616401672363,6.94655704498291,7.402207851409912,7.793760776519775,8.411581993103027,9.413000106811523,10.808874130249023,12.406954765319824,13.364411354064941,13.252205848693848,12.676244735717773,12.237210273742676,11.503896713256836,9.92806625366211,8.384788513183594,5.868198871612549,2.94577693939209,-0.24403336644172668,-3.0279476642608643,-4.8110246658325195,-4.664997577667236,-5.401947975158691,-4.664520263671875,-4.865720272064209,-4.330800533294678,-3.2969956398010254,-1.0066699981689453,-0.659376323223114,0.3989807367324829,0.31262606382369995,2.7534351348876953,4.8290228843688965,9.038463592529297,3.7216744422912598,0.11558446288108826,2.7194983959198,7.301210880279541,5.810363292694092,1.9523885250091553,1.654237151145935,1.6584264039993286,4.453707695007324,5.635753154754639
5.97684907913208,7.010502815246582,7.656066417694092,8.152463912963867,8.927651405334473,9.84791088104248,10.886519432067871,11.550517082214355,11.281819343566895,10.428976058959961,9.32601261138916,7.958433151245117,7.153602123260498,7.084928035736084,8.093352317810059,7.2773003578186035,2.153627634048462,-3.325007200241089,-3.549717664718628,-3.677466869354248,-3.717268943786621,-4.627767086029053,-3.1937832832336426,-4.373967170715332,-4.229153633117676,-1.81771981716156,-1.383461594581604,-1.6298153400421143,-3.309358596801758,-1.563198208808899,2.7268121242523193,8.11081314086914,15.49999713897705,13.445954322814941,4.781364917755127,4.434046268463135,8.198812484741211,8.481924057006836,7.94207239151001,9.581979751586914,7.906271934509277,4.930611610412598,5.008242130279541
6.561493873596191,8.00715446472168,9.101232528686523,9.9843168258667,10.567756652832031,10.75009822845459,10.559572219848633,9.184001922607422,7.012302875518799,4.6867241859436035,2.6321654319763184,2.1717472076416016,3.38321852684021,6.170073986053467,5.594651699066162,4.0487165451049805,-0.020732630044221878,0.1255454421043396,-1.2908340692520142,-2.7468528747558594,-1.8870457410812378,-2.728069305419922,-3.4009649753570557,-2.031834125518799,-2.534311532974243,-3.515474796295166,-1.0128896236419678,1.259128451347351,7.433384418487549,8.43639850616455,7.991912364959717,9.67047119140625,10.693642616271973,9.229767799377441,8.124146461486816,8.672569274902344,10.961685180664062,11.537392616271973,9.337928771972656,11.420796394348145,11.966987609863281,6.948051452636719,5.433268070220947
7.872401237487793,9.568483352661133,11.09821605682373,12.139470100402832,11.94292163848877,10.304365158081055,8.027640342712402,4.921430587768555,0.9984190464019775,-2.6453909873962402,-3.4428372383117676,-0.09227603673934937,3.0658607482910156,1.943808913230896,-1.9818297624588013,0.4969395399093628,2.9882302284240723,8.275324821472168,8.266847610473633,2.1154801845550537,0.6532522439956665,1.6902167797088623,1.048401117324829,2.378955125808716,2.6615149974823,2.288064479827881,3.391139030456543,5.91851806640625,10.104190826416016,13.098681449890137,13.814888000488281,11.722153663635254,10.481003761291504,10.748497009277344,11.896580696105957,13.380866050720215,13.997058868408203,13.13300895690918,13.381235122680664,13.274712562561035,12.78801155090332,11.425141334533691,9.414066314697266
10.461507797241211,11.801324844360352,12.687051773071289,12.652213096618652,9.920894622802734,5.252524375915527,1.3296587467193604,0.5322691798210144,-0.6001036763191223,-2.297753095626831,-2.887216567993164,-0.8247796297073364,3.478360652923584,2.4810380935668945,-2.3313982486724854,-1.9653834104537964,2.5254101753234863,6.734307765960693,10.856040954589844,9.135802268981934,1.8749793767929077,2.7060134410858154,7.6967058181762695,8.631856918334961,7.362462043762207,9.064323425292969,8.435202598571777,7.917178630828857,8.558040618896484,10.291074752807617,11.119709014892578,10.77055835723877,11.122932434082031,11.121744155883789,11.84112548828125,12.55756664276123,10.828518867492676,11.499250411987305,13.010993003845215,11.78270435333252,12.448867797851562,9.893004417419434,8.341510772705078
12.996740341186523,12.440272331237793,11.00613021850586,8.959635734558105,5.141427993774414,2.1731960773468018,-0.2673407793045044,1.2630234956741333,2.642746686935425,1.58085298538208,-1.6724854707717896,-0.8929979205131531,2.202991485595703,6.282121658325195,4.673798084259033,0.8129454851150513,0.9244734048843384,3.7898354530334473,9.502161026000977,13.590424537658691,7.603187084197998,3.4471752643585205,5.046926021575928,9.612882614135742,12.52775764465332,14.699069023132324,12.9640531539917,10.33273696899414,10.971566200256348,11.897297859191895,8.889822959899902,9.59302806854248,14.142362594604492,16.292695999145508,14.137565612792969,12.629006385803223,12.835285186767578,15.509502410888672,15.564099311828613,13.24874496459961,11.504515647888184,8.730514526367188,6.987008571624756
11.749911308288574,7.87295389175415,4.820927143096924,5.136037826538086,7.15883207321167,4.765434265136719,-0.6439931988716125,-0.7930067777633667,1.5245858430862427,0.07766751945018768,-1.5739744901657104,-3.292186737060547,-5.734095096588135,-3.5043230056762695,2.1745052337646484,6.479318141937256,8.235235214233398,6.080539226531982,7.000515460968018,8.261343002319336,10.116318702697754,3.400269031524658,3.699882745742798,6.72105073928833,8.935273170471191,8.994356155395508,9.38811206817627,11.539336204528809,13.133477210998535,14.281501770019531,15.239459991455078,14.454937934875488,13.37135124206543,12.072815895080566,12.022801399230957,11.929343223571777,14.379109382629395,17.117279052734375,16.699626922607422,14.303718566894531,13.91002368927002,10.030607223510742,8.542311668395996
5.065493106842041,0.4964805543422699,0.9649860262870789,2.6185386180877686,3.9951562881469727,0.16773121058940887,-4.0719451904296875,-3.7416088581085205,-1.4056247472763062,1.2265247106552124,1.1003214120864868,-4.5616374015808105,-11.465115547180176,-11.754103660583496,-3.5274925231933594,5.247646808624268,8.651914596557617,4.947694301605225,4.991969585418701,4.847612380981445,7.551681041717529,4.68687105178833,3.556656837463379,5.2646989822387695,7.98301887512207,8.454673767089844,10.226214408874512,12.975481986999512,13.712199211120605,12.907520294189453,14.241024017333984,14.436458587646484,11.915390968322754,12.33980941772461,16.29734230041504,17.222782135009766,16.653743743896484,15.130915641784668,14.255849838256836,12.54381275177002,11.01261043548584,8.626399040222168,5.7523956298828125
2.6695566177368164,1.2731621265411377,1.2300279140472412,-1.7884730100631714,-0.9751319289207458,-4.323110580444336,-6.528721809387207,-7.811254024505615,-6.275042533874512,0.44178494811058044,3.7410967350006104,0.8799214363098145,-4.910007476806641,-7.066778659820557,-9.067680358886719,2.778797149658203,7.775477886199951,6.350944995880127,4.2075886726379395,3.3248915672302246,4.392463684082031,5.7820587158203125,6.047238349914551,10.392925262451172,13.039870262145996,11.86505126953125,13.427994728088379,16.397235870361328,18.47800064086914,17.547670364379883,16.88283920288086,16.533620834350586,16.5108642578125,19.961029052734375,23.756532669067383,19.205137252807617,13.537473678588867,14.277538299560547,15.992525100708008,16.745466232299805,14.716654777526855,10.109272003173828,6.640191078186035
-0.04924670234322548,-0.6675097942352295,0.5333278775215149,-1.6586805582046509,-2.6007587909698486,-4.53962516784668,-4.22186279296875,-4.288240432739258,-4.494040489196777,-2.3588547706604004,4.556088924407959,4.5367655754089355,-0.13016557693481445,-0.262567937374115,0.5544726848602295,1.4042950868606567,5.783120155334473,3.853294610977173,2.121587038040161,3.520437479019165,3.288896322250366,4.5927019119262695,8.917101860046387,15.818700790405273,19.016420364379883,18.077404022216797,19.151517868041992,20.79595375061035,22.034992218017578,22.310346603393555,21.952882766723633,22.250717163085938,22.605510711669922,24.444555282592773,25.882213592529297,20.498939514160156,14.763519287109375,16.642337799072266,20.631542205810547,20.627763748168945,15.589234352111816,12.278706550598145,11.305215835571289
