data/wind_data/wind_71_3.json
{"header": {"parameterUnit": "KT", "parameterCategory": 2, "nx": 256, "ny": 198, "lo1": 44.73521041870117, "la1": -3.236724853515625, "lo2": 111.26478576660156, "la2": 43.468475341796875, "dx": 0.2609002888202667, "dy": -0.23708222806453705, "refTime": "2025-02-21 23:00:00", "forecastTime": 0, "parameterNumber": 2, "parameterNumberName": "eastward_wind"}, "data":
[rows 38 to 56 of 198, columns 88 to 131 of 256]
-27.610363006591797,-27.37392234802246,-27.457530975341797,-27.539487838745117,-27.2465877532959,-26.732219696044922,-25.632068634033203,-24.64133071899414,-25.846872329711914,-28.232158660888672,-26.891923904418945,-26.23550796508789,-26.369022369384766,-27.641315460205078,-27.804155349731445,-27.5405216217041,-27.64621353149414,-28.0499324798584,-27.663330078125,-26.89825439453125,-26.076873779296875,-25.31023406982422,-25.291879653930664,-25.632736206054688,-25.6332950592041,-25.02289581298828,-24.252872467041016,-23.53388214111328,-22.86410903930664,-22.197790145874023,-21.615697860717773,-21.119245529174805,-20.828258514404297,-20.67609977722168,-20.741596221923828,-20.782102584838867,-20.70061492919922,-20.110689163208008,-19.00979232788086,-18.36627960205078,-17.75409698486328,-17.936498641967773,-17.21711540222168,-16.365095138549805
-27.83208656311035,-27.328369140625,-27.177091598510742,-27.784915924072266,-27.96413230895996,-27.557254791259766,-26.47160530090332,-25.38776969909668,-25.451501846313477,-26.56062889099121,-26.76314353942871,-26.161117553710938,-26.468774795532227,-27.505451202392578,-27.771236419677734,-28.135974884033203,-28.433673858642578,-28.750776290893555,-28.562421798706055,-27.891578674316406,-26.563610076904297,-25.687488555908203,-25.54206657409668,-25.746124267578125,-25.77322769165039,-25.35924530029297,-24.67037010192871,-23.849363327026367,-23.11772918701172,-22.61789321899414,-22.26235580444336,-22.002206802368164,-21.751766204833984,-21.500228881835938,-21.23741340637207,-21.237964630126953,-21.180646896362305,-20.360198974609375,-19.99523162841797,-19.130722045898438,-18.636571884155273,-18.782926559448242,-18.162994384765625,-17.38018798828125
-27.9166316986084,-27.467491149902344,-27.43381690979004,-27.6380558013916,-27.5142879486084,-27.274141311645508,-27.250465393066406,-27.460338592529297,-27.189104080200195,-25.752708435058594,-24.965044021606445,-25.030139923095703,-26.01273536682129,-27.227066040039062,-27.605321884155273,-27.81328010559082,-28.709009170532227,-29.412595748901367,-29.37588882446289,-28.846355438232422,-27.818960189819336,-26.908056259155273,-26.332780838012695,-25.959148406982422,-25.77420997619629,-25.508989334106445,-24.970712661743164,-24.248756408691406,-23.51807403564453,-22.93000602722168,-22.625587463378906,-22.500484466552734,-22.31127166748047,-21.98805046081543,-21.580690383911133,-21.27816390991211,-21.13180160522461,-20.985401153564453,-20.438642501831055,-19.99452781677246,-19.456830978393555,-19.467836380004883,-18.91067886352539,-18.18891716003418
-28.42294692993164,-27.811851501464844,-27.805438995361328,-27.890541076660156,-27.92884635925293,-27.613239288330078,-27.108646392822266,-27.460405349731445,-27.845827102661133,-26.035860061645508,-23.956388473510742,-23.969863891601562,-24.820598602294922,-26.1148681640625,-26.938095092773438,-27.857654571533203,-29.113466262817383,-29.701438903808594,-29.943450927734375,-29.67781639099121,-28.972497940063477,-28.060766220092773,-27.232418060302734,-26.5903377532959,-26.277572631835938,-26.009517669677734,-25.577871322631836,-24.911420822143555,-24.100862503051758,-23.38347625732422,-22.95244789123535,-22.76336097717285,-22.601701736450195,-22.33270263671875,-22.033164978027344,-21.698713302612305,-21.29694175720215,-21.151281356811523,-21.219778060913086,-21.0587158203125,-20.404640197753906,-20.01511573791504,-19.331880569458008,-18.65448760986328
-28.898014068603516,-28.6580753326416,-28.341154098510742,-28.218786239624023,-27.934757232666016,-27.782699584960938,-27.66024398803711,-27.98414421081543,-28.166667938232422,-27.07865333557129,-25.545183181762695,-24.92609405517578,-24.79584312438965,-24.693195343017578,-26.03091812133789,-27.790252685546875,-29.195072174072266,-29.86139488220215,-30.354598999023438,-30.292757034301758,-29.739213943481445,-28.895761489868164,-28.1392765045166,-27.601654052734375,-27.257692337036133,-26.937013626098633,-26.458349227905273,-25.724876403808594,-24.845043182373047,-24.050254821777344,-23.429359436035156,-22.95402717590332,-22.596261978149414,-22.3210391998291,-22.128807067871094,-21.907108306884766,-21.57493782043457,-21.600322723388672,-21.904159545898438,-21.832246780395508,-21.266868591308594,-20.6746883392334,-19.915258407592773,-19.05801773071289
-29.36600685119629,-29.537872314453125,-29.25397491455078,-28.484521865844727,-27.9046630859375,-28.272912979125977,-28.796113967895508,-28.6412353515625,-28.89764976501465,-28.80246353149414,-27.730998992919922,-26.98986053466797,-26.488622665405273,-25.017587661743164,-25.74164390563965,-27.656639099121094,-29.300111770629883,-30.33224105834961,-30.699594497680664,-30.805370330810547,-30.49053382873535,-29.830524444580078,-29.1645450592041,-28.684049606323242,-28.286109924316406,-27.928300857543945,-27.37586784362793,-26.621490478515625,-25.757925033569336,-24.939023971557617,-24.186229705810547,-23.423776626586914,-22.660484313964844,-22.132293701171875,-22.040769577026367,-22.08953857421875,-21.85713768005371,-21.837820053100586,-22.562782287597656,-22.738759994506836,-22.089317321777344,-21.081039428710938,-20.007951736450195,-18.78891944885254
-29.51756477355957,-29.482196807861328,-29.368730545043945,-29.172657012939453,-28.709897994995117,-28.43295669555664,-28.95944595336914,-29.28575325012207,-29.34166717529297,-29.867456436157227,-29.664222717285156,-29.216245651245117,-28.912904739379883,-28.632951736450195,-27.350095748901367,-27.751222610473633,-29.898073196411133,-30.62990951538086,-30.835206985473633,-31.130826950073242,-31.050031661987305,-30.632993698120117,-30.02134895324707,-29.504837036132812,-29.099218368530273,-28.771472930908203,-28.318424224853516,-27.64133071899414,-26.743135452270508,-25.83807373046875,-25.08054542541504,-24.251609802246094,-23.179943084716797,-22.25893783569336,-21.989959716796875,-21.87781524658203,-21.052024841308594,-21.20992088317871,-23.22457504272461,-23.680009841918945,-22.527929306030273,-21.332956314086914,-19.99182891845703,-18.65751838684082
-28.750234603881836,-28.92599868774414,-28.71415138244629,-28.958759307861328,-28.936717987060547,-28.640077590942383,-28.73191261291504,-28.636709213256836,-29.659717559814453,-30.17646598815918,-29.008499145507812,-29.832204818725586,-30.257062911987305,-29.692325592041016,-29.251619338989258,-29.169015884399414,-29.7220516204834,-29.850622177124023,-30.317081451416016,-30.653839111328125,-30.805355072021484,-30.758344650268555,-30.390974044799805,-29.79241943359375,-29.376327514648438,-29.171913146972656,-28.96922492980957,-28.43018341064453,-27.505544662475586,-26.530868530273438,-25.7905216217041,-25.146129608154297,-24.00830841064453,-22.610864639282227,-21.674114227294922,-20.449085235595703,-18.661720275878906,-19.917211532592773,-24.150318145751953,-24.470870971679688,-22.77020835876465,-21.76783561706543,-20.815244674682617,-19.596996307373047
-27.844947814941406,-28.06831169128418,-28.30807876586914,-28.553184509277344,-28.495155334472656,-28.202329635620117,-28.306293487548828,-28.465476989746094,-28.974340438842773,-29.090314865112305,-28.62908935546875,-28.684789657592773,-29.102067947387695,-29.07117462158203,-28.48528289794922,-27.926122665405273,-27.593496322631836,-27.73969078063965,-28.53070640563965,-29.086496353149414,-29.404542922973633,-29.757320404052734,-29.954397201538086,-29.534107208251953,-29.161840438842773,-29.032686233520508,-28.786396026611328,-28.419858932495117,-27.636568069458008,-26.89414405822754,-26.296276092529297,-25.821632385253906,-24.779966354370117,-22.873210906982422,-20.64544677734375,-18.028614044189453,-16.441791534423828,-20.87285804748535,-25.545337677001953,-25.090301513671875,-23.31805992126465,-22.220754623413086,-21.80915641784668,-20.947669982910156
-27.493919372558594,-27.455917358398438,-27.82726287841797,-28.190929412841797,-28.124866485595703,-27.788747787475586,-27.52531623840332,-27.74393653869629,-28.273591995239258,-28.52923583984375,-28.305402755737305,-27.925045013427734,-27.59194564819336,-27.183242797851562,-26.514904022216797,-25.77302360534668,-25.173198699951172,-25.053693771362305,-25.910615921020508,-27.155263900756836,-27.579023361206055,-28.03313636779785,-28.835918426513672,-28.911605834960938,-28.995874404907227,-28.731809616088867,-27.9185848236084,-27.53711700439453,-27.011171340942383,-26.668628692626953,-26.710908889770508,-26.34196662902832,-25.428926467895508,-23.414180755615234,-20.389360427856445,-16.855382919311523,-16.18246078491211,-21.775243759155273,-26.030664443969727,-25.62504768371582,-24.210674285888672,-22.902748107910156,-22.421855926513672,-21.897964477539062
-27.382234573364258,-27.483535766601562,-27.658447265625,-27.792709350585938,-27.727075576782227,-27.343149185180664,-26.953174591064453,-27.008928298950195,-27.461702346801758,-27.808685302734375,-27.721755981445312,-27.077558517456055,-26.463212966918945,-25.759946823120117,-24.785533905029297,-24.345169067382812,-24.19847869873047,-23.851587295532227,-24.229677200317383,-26.271657943725586,-26.08645248413086,-26.6689510345459,-27.530580520629883,-27.828914642333984,-28.41853141784668,-27.910842895507812,-27.379013061523438,-26.8487606048584,-25.901708602905273,-25.764881134033203,-26.300460815429688,-26.347797393798828,-25.756729125976562,-24.261249542236328,-20.8958797454834,-15.29875373840332,-12.199055671691895,-18.352558135986328,-24.87007713317871,-25.637866973876953,-24.967132568359375,-23.552337646484375,-22.745500564575195,-22.465761184692383
-27.299819946289062,-27.697914123535156,-27.804656982421875,-27.716861724853516,-27.44175148010254,-27.046260833740234,-26.523826599121094,-26.463438034057617,-26.82520866394043,-27.121166229248047,-26.931930541992188,-25.879287719726562,-25.093063354492188,-24.395061492919922,-23.450057983398438,-22.82935333251953,-23.10751724243164,-24.238426208496094,-24.82184600830078,-24.42551612854004,-24.868976593017578,-26.27754783630371,-26.934309005737305,-26.399898529052734,-27.16557502746582,-27.48841667175293,-26.994138717651367,-25.921096801757812,-25.32754135131836,-25.35161781311035,-25.345434188842773,-25.405841827392578,-25.234500885009766,-24.120935440063477,-20.077159881591797,-12.46973991394043,-9.221320152282715,-16.76250648498535,-23.169023513793945,-24.312557220458984,-24.66178321838379,-23.845224380493164,-23.097217559814453,-22.559627532958984
-26.988636016845703,-27.6197566986084,-27.619375228881836,-27.61439323425293,-27.3090763092041,-26.940298080444336,-26.618581771850586,-26.46979522705078,-26.84667205810547,-27.019624710083008,-26.40577507019043,-25.195234298706055,-23.935993194580078,-23.11713218688965,-22.788068771362305,-22.290393829345703,-22.06920623779297,-23.275026321411133,-23.696022033691406,-24.254968643188477,-24.673370361328125,-24.88294219970703,-25.81600570678711,-26.27976417541504,-26.306623458862305,-26.335647583007812,-26.06131935119629,-25.646358489990234,-25.474597930908203,-25.22109031677246,-24.927734375,-24.656070709228516,-24.457435607910156,-23.828981399536133,-19.574460983276367,-11.277442932128906,-10.905384063720703,-18.550024032592773,-22.780780792236328,-22.30864143371582,-23.150678634643555,-23.070117950439453,-22.835241317749023,-22.182405471801758
-26.5129451751709,-27.398578643798828,-27.262130737304688,-27.075300216674805,-27.113449096679688,-26.794279098510742,-26.59858512878418,-26.46139907836914,-26.65888214111328,-26.94217300415039,-26.387086868286133,-25.02134895324707,-23.867191314697266,-22.849889755249023,-21.836700439453125,-21.137065887451172,-21.33639907836914,-21.977672576904297,-22.374736785888672,-22.578845977783203,-23.10355567932129,-23.853025436401367,-24.528011322021484,-25.19894027709961,-25.41571617126465,-25.64798355102539,-25.616559982299805,-24.92782211303711,-24.893320083618164,-25.20868492126465,-25.21038246154785,-24.67367172241211,-23.727075576782227,-22.516069412231445,-16.884767532348633,-7.2253031730651855,-7.496226787567139,-16.225988388061523,-21.113082885742188,-20.435733795166016,-21.10063934326172,-21.31238555908203,-21.588958740234375,-21.49014663696289
-26.198074340820312,-26.944196701049805,-26.925148010253906,-26.632150650024414,-26.428146362304688,-26.45097541809082,-26.41095542907715,-26.16292381286621,-25.8170223236084,-25.971805572509766,-25.930891036987305,-24.893287658691406,-23.26263427734375,-22.128747940063477,-21.32891273498535,-20.65401268005371,-20.3315486907959,-20.64333152770996,-20.865766525268555,-20.588102340698242,-20.792877197265625,-22.704137802124023,-22.837871551513672,-23.171615600585938,-23.929035186767578,-24.78575325012207,-25.541837692260742,-24.262718200683594,-23.856645584106445,-24.45608901977539,-24.80098533630371,-24.60675811767578,-22.883394241333008,-19.079137802124023,-12.233970642089844,-7.4504923820495605,-11.270407676696777,-16.93788719177246,-19.487144470214844,-19.787734985351562,-19.844554901123047,-20.086240768432617,-20.5831241607666,-20.67154884338379
-26.015783309936523,-26.733428955078125,-26.6763973236084,-26.391895294189453,-25.917062759399414,-25.670448303222656,-25.728797912597656,-25.69521141052246,-25.30621910095215,-24.73986053466797,-24.364734649658203,-24.08562660217285,-22.787809371948242,-21.186447143554688,-20.38079833984375,-19.95093536376953,-19.883413314819336,-19.762027740478516,-19.622276306152344,-19.52775764465332,-19.945085525512695,-20.26494789123535,-20.956884384155273,-21.880741119384766,-22.383867263793945,-24.073223114013672,-24.658193588256836,-23.7379150390625,-23.30597686767578,-23.56409454345703,-23.599319458007812,-22.793004989624023,-19.722326278686523,-15.416586875915527,-13.11398696899414,-16.85085678100586,-20.25514793395996,-20.94649887084961,-20.486146926879883,-20.58311653137207,-20.2982120513916,-20.09212875366211,-20.391300201416016,-20.367660522460938
-25.308460235595703,-26.287662506103516,-26.54298210144043,-26.225011825561523,-25.6815185546875,-25.21135139465332,-24.946571350097656,-24.781356811523438,-24.529129028320312,-24.05404281616211,-23.429912567138672,-22.507577896118164,-21.501951217651367,-20.30133628845215,-19.206579208374023,-19.0888614654541,-19.430871963500977,-19.63170623779297,-19.55515480041504,-19.528785705566406,-19.44008445739746,-19.01319694519043,-19.19122314453125,-20.338354110717773,-21.99866485595703,-23.275957107543945,-23.50956153869629,-23.209320068359375,-23.17023277282715,-22.85725212097168,-22.48056411743164,-21.35161018371582,-18.266653060913086,-13.969501495361328,-13.855380058288574,-18.59311294555664,-20.868738174438477,-21.353992462158203,-21.369892120361328,-20.87613296508789,-20.72112274169922,-20.513107299804688,-20.500463485717773,-20.37529754638672
-24.67462158203125,-25.845457077026367,-26.541601181030273,-26.380020141601562,-25.797014236450195,-25.192312240600586,-24.595396041870117,-24.16689682006836,-23.75442123413086,-23.111417770385742,-22.471664428710938,-21.5788516998291,-20.240936279296875,-18.854496002197266,-17.859683990478516,-17.60978889465332,-18.040435791015625,-18.864877700805664,-19.486927032470703,-19.643657684326172,-19.122068405151367,-18.331478118896484,-18.327911376953125,-19.11701774597168,-20.468942642211914,-21.742721557617188,-22.427488327026367,-22.845306396484375,-22.729976654052734,-22.010910034179688,-21.199031829833984,-20.55675506591797,-18.204158782958984,-10.28215503692627,-8.508405685424805,-15.05195426940918,-18.935733795166016,-20.35443687438965,-20.73240852355957,-19.867473602294922,-19.096267700195312,-18.930274963378906,-19.692890167236328,-20.01110076904297
-24.437593460083008,-25.39701271057129,-26.434946060180664,-26.600082397460938,-26.085966110229492,-25.346576690673828,-24.403976440429688,-23.483598709106445,-22.776844024658203,-21.930801391601562,-21.16527557373047,-20.51555633544922,-19.360305786132812,-17.882463455200195,-16.692604064941406,-15.831750869750977,-15.51092529296875,-16.166900634765625,-17.3237247467041,-18.520923614501953,-18.656368255615234,-17.996910095214844,-17.4110107421875,-17.557025909423828,-19.000015258789062,-20.57085418701172,-21.29814910888672,-21.427186965942383,-21.179344177246094,-20.855098724365234,-20.456768035888672,-19.464731216430664,-15.743677139282227,-6.8449530601501465,-9.592967987060547,-13.295031547546387,-16.001506805419922,-19.09218406677246,-20.278776168823242,-19.054492950439453,-16.6625919342041,-15.835175514221191,-17.77328109741211,-19.138525009155273
