data/wind_data/wind_52_3.json
{"header": {"parameterUnit": "KT", "parameterCategory": 2, "nx": 256, "ny": 198, "lo1": 44.73521041870117, "la1": -3.236724853515625, "lo2": 111.26478576660156, "la2": 43.468475341796875, "dx": 0.2609002888202667, "dy": -0.23708222806453705, "refTime": "2025-02-21 04:00:00", "forecastTime": 0, "parameterNumber": 2, "parameterNumberName": "eastward_wind"}, "data":
[rows 76 to 94 of 198, columns 176 to 219 of 256]
-0.17488247156143188,0.367679238319397,0.5978204011917114,0.7609582543373108,1.1390310525894165,1.6889058351516724,1.9983259439468384,1.6755142211914062,0.7610069513320923,-0.5567750334739685,-2.064084053039551,-3.016575574874878,-2.407567024230957,-0.7421632409095764,0.1893632560968399,0.05257715284824371,-0.5089827179908752,-1.7527055740356445,-3.4935507774353027,-5.194733619689941,-5.541746616363525,-4.182349681854248,-3.3828864097595215,-3.349766492843628,-3.870699405670166,-3.7493367195129395,-3.533214807510376,-4.67742395401001,-7.170153617858887,-8.303384780883789,-4.617556095123291,-2.7102789878845215,-0.7134953737258911,-5.5411224365234375,-9.44106674194336,-8.654948234558105,-7.531679630279541,-8.216863632202148,-5.61384391784668,-0.8702738285064697,-1.859807014465332,-3.2395124435424805,-1.341851830482483,-5.403317928314209
-0.6172333359718323,0.06570587307214737,0.42378517985343933,0.6539912223815918,0.9529318809509277,1.5180697441101074,2.259721279144287,2.7152953147888184,2.3897879123687744,1.336974859237671,-0.17465290427207947,-1.854766607284546,-2.2608795166015625,-0.8717255592346191,0.13000403344631195,0.3101044297218323,0.13472110033035278,-0.8359809517860413,-2.798461675643921,-4.666203022003174,-5.268111705780029,-3.7954177856445312,-2.256281852722168,-2.1899445056915283,-3.330861806869507,-4.03771448135376,-3.7754018306732178,-3.9776227474212646,-5.088858604431152,-6.418124198913574,-4.464971542358398,-2.5070765018463135,-2.6273646354675293,-7.098575115203857,-8.882644653320312,-7.5887298583984375,-6.653933525085449,-6.479918956756592,-3.884679079055786,-3.1357576847076416,-1.5797446966171265,-2.4220550060272217,-1.7991803884506226,-4.746370315551758
-1.311743974685669,-0.5148689150810242,-0.04061101749539375,0.13365866243839264,0.37109851837158203,0.891459047794342,1.7078824043273926,2.645493984222412,3.267650842666626,2.995095729827881,1.7972787618637085,0.19265204668045044,-1.1068131923675537,-0.7299083471298218,0.4444252550601959,0.7867968082427979,0.6790858507156372,-0.0073795258067548275,-1.7451752424240112,-3.634091854095459,-4.169696807861328,-2.8602864742279053,-0.9966707825660706,-0.7325232625007629,-1.7302016019821167,-2.272556781768799,-2.6093802452087402,-3.8493688106536865,-3.4920601844787598,-3.24381685256958,-2.8072872161865234,-1.9217618703842163,-2.5984532833099365,-5.023022651672363,-6.339936256408691,-6.593542098999023,-6.795557022094727,-5.933016777038574,-2.0115954875946045,-1.826535940170288,-0.8123731017112732,-0.747938334941864,-0.5363956093788147,-2.368685483932495
-2.0995330810546875,-1.2873060703277588,-0.5855437517166138,-0.3675687909126282,-0.4396946132183075,-0.1764528602361679,0.6371915936470032,1.765997052192688,2.9188013076782227,3.63861346244812,3.323179244995117,2.209787130355835,0.9769202470779419,0.5568074584007263,1.2517434358596802,1.6558040380477905,1.4698832035064697,0.5958967804908752,-0.6620819568634033,-2.342181444168091,-2.9329755306243896,-2.0064852237701416,-0.5068120360374451,0.14473296701908112,-0.1531551629304886,-0.5290086269378662,-1.7565304040908813,-3.399862766265869,-1.3883458375930786,0.32904401421546936,0.09299008548259735,-0.02380884811282158,-0.5890592932701111,-3.055955171585083,-4.5528717041015625,-4.770105838775635,-5.5941290855407715,-4.791090965270996,-0.9926392436027527,-0.09948567301034927,0.5989539623260498,0.46743881702423096,1.3939765691757202,0.5067169666290283
-2.5104424953460693,-1.9889334440231323,-1.4510170221328735,-1.0496808290481567,-0.8958665728569031,-0.7655796408653259,-0.34984949231147766,0.5083996653556824,1.705426812171936,2.8741517066955566,3.5788674354553223,3.5052528381347656,2.825523853302002,2.237732410430908,2.1914398670196533,2.2163331508636475,2.296560764312744,1.0752556324005127,0.03720533102750778,-0.8683981895446777,-1.3368592262268066,-0.7387914657592773,0.20886924862861633,1.3338121175765991,2.036475896835327,1.7511028051376343,-0.407559335231781,-2.1843528747558594,1.0678311586380005,3.424830436706543,2.1872305870056152,1.3134236335754395,1.9765955209732056,0.1676095724105835,-2.1774468421936035,-3.64860463142395,-3.680584192276001,-2.533327102661133,-0.15865951776504517,1.2513623237609863,1.4752224683761597,1.8877286911010742,2.698657512664795,2.7695767879486084
-2.2656772136688232,-1.9821752309799194,-1.8232322931289673,-1.7090970277786255,-1.3828222751617432,-0.8260247707366943,-0.2790285050868988,0.15297658741474152,0.686418890953064,1.5188281536102295,2.536442995071411,3.437837600708008,3.754779577255249,3.5254857540130615,2.962900161743164,3.182586431503296,3.651803970336914,1.707177996635437,0.017917271703481674,-0.1848573535680771,-0.12305393815040588,0.5403181910514832,0.8662117123603821,2.2142293453216553,4.558261871337891,5.163601875305176,2.6287262439727783,0.7550550103187561,3.770581007003784,5.640967845916748,4.1577467918396,3.7810580730438232,4.672124862670898,3.6214702129364014,2.089940309524536,0.5356908440589905,-0.33404406905174255,0.10779628902673721,1.8382750749588013,3.200446605682373,4.388122081756592,4.422158241271973,3.5848348140716553,3.407076597213745
-1.5550209283828735,-1.2886898517608643,-1.3874622583389282,-1.7502129077911377,-1.7085589170455933,-1.0005043745040894,-0.13047371804714203,0.44917571544647217,0.6416015028953552,0.7417066097259521,1.2410192489624023,2.271428108215332,3.6271088123321533,4.103787422180176,3.3580520153045654,4.008183002471924,5.203912258148193,2.609287977218628,0.019726930186152458,-0.06175849586725235,0.45062732696533203,1.5219190120697021,1.0427179336547852,2.1398372650146484,6.071520805358887,7.785548686981201,6.899004936218262,4.674011707305908,5.550355434417725,6.7299041748046875,5.423638343811035,4.766545295715332,5.204257488250732,4.205987453460693,3.9855144023895264,3.5127804279327393,2.634557008743286,2.3382368087768555,2.86738920211792,2.4777650833129883,2.7420496940612793,2.499370813369751,1.5817948579788208,1.8178671598434448
-0.8585656881332397,-0.41485828161239624,-0.6539863348007202,-1.3413654565811157,-1.6138393878936768,-1.2209417819976807,-0.5081279873847961,0.195315420627594,0.5404422879219055,0.48594704270362854,0.4405803978443146,1.0993884801864624,2.6388237476348877,3.6413633823394775,3.309842348098755,4.375513553619385,5.827917575836182,3.3952226638793945,0.4650214612483978,0.284277081489563,0.7571997046470642,2.1131107807159424,1.250930666923523,1.397338628768921,6.725355625152588,9.289139747619629,7.797979831695557,5.740562438964844,6.481961250305176,7.0129170417785645,5.5786848068237305,3.766824960708618,3.514310598373413,3.638519763946533,3.9672420024871826,3.2727372646331787,1.2956583499908447,0.6634390354156494,-0.3847215473651886,-1.5215604305267334,-1.0703858137130737,-0.5719212293624878,-1.548749566078186,-0.8152875900268555
-0.41024282574653625,0.29402512311935425,0.11410445719957352,-0.6446357369422913,-1.067549467086792,-1.152727484703064,-0.9791092276573181,-0.5315261483192444,-0.0856168270111084,0.21753734350204468,0.3402203917503357,0.45332983136177063,1.3639953136444092,2.4870357513427734,2.6593191623687744,3.979729652404785,5.032922744750977,3.33740234375,1.1141434907913208,1.6011278629302979,1.965073823928833,3.346324920654297,1.5757228136062622,1.6783661842346191,7.07600736618042,9.17512321472168,7.2768473625183105,5.714989185333252,6.742732524871826,8.445196151733398,7.455722808837891,4.868424892425537,3.4134440422058105,3.233891248703003,3.9391324520111084,2.2695398330688477,-0.8617340922355652,-2.0148422718048096,-3.200639486312866,-2.1600234508514404,-0.7192254066467285,-0.25320443511009216,-1.9181468486785889,-1.3360860347747803
-0.05903540924191475,0.6964688301086426,0.7630554437637329,0.3308289051055908,-0.169998437166214,-0.8320606350898743,-1.2182480096817017,-1.1899514198303223,-1.0256036520004272,-0.5584858655929565,0.009479289874434471,0.12518846988677979,0.4170571267604828,0.9961367845535278,2.10654878616333,3.6882991790771484,4.491203308105469,2.5390586853027344,1.5220489501953125,2.8122785091400146,3.2846500873565674,5.102684497833252,2.7846639156341553,2.427980899810791,8.14057731628418,8.506003379821777,6.661957740783691,6.578032493591309,7.470181941986084,8.923775672912598,8.680912971496582,6.634747505187988,4.072821140289307,2.1562623977661133,1.349164605140686,0.9919013381004333,-0.503097653388977,-2.0169970989227295,-0.591509997844696,0.0009259606595151126,-0.4190809726715088,0.5407293438911438,0.6902755498886108,1.0050915479660034
0.39931491017341614,0.9180299639701843,1.210052728652954,1.1438626050949097,0.545657217502594,-0.4313739836215973,-1.0612516403198242,-1.4935306310653687,-1.8703868389129639,-1.758786916732788,-1.0592070817947388,-0.6864748001098633,-0.6456028819084167,-0.4587678909301758,2.14571213722229,4.080004692077637,4.1898956298828125,1.9544603824615479,1.3919532299041748,3.2530267238616943,3.7060444355010986,5.454502582550049,4.086921691894531,2.5421087741851807,8.396417617797852,9.487013816833496,7.457115173339844,7.338963508605957,7.950680255889893,9.757791519165039,8.827234268188477,6.7438154220581055,5.405968189239502,3.4616546630859375,2.1812872886657715,1.8086702823638916,1.0704255104064941,-0.6926166415214539,0.6384532451629639,1.2722229957580566,1.7388577461242676,3.3974194526672363,3.4764416217803955,3.0199341773986816
0.795935869216919,1.108095407485962,1.6851495504379272,1.8334888219833374,1.0103025436401367,-0.08648014813661575,-0.7668076753616333,-1.4851387739181519,-2.3978402614593506,-2.8105883598327637,-2.113882064819336,-1.7208081483840942,-2.2599618434906006,-2.031527042388916,2.168534994125366,3.5932297706604004,3.237351894378662,2.304588794708252,0.8859765529632568,2.5579025745391846,3.8627371788024902,5.00658655166626,4.176212310791016,5.618621826171875,8.833380699157715,10.752045631408691,8.087069511413574,6.812780857086182,8.069178581237793,9.77073860168457,9.547733306884766,7.8215556144714355,6.546108722686768,4.554316520690918,3.0603060722351074,3.3918094635009766,2.422433614730835,0.5484798550605774,0.5899115800857544,2.1268723011016846,3.910231828689575,4.375810146331787,2.640594005584717,2.771514415740967
0.9342556595802307,1.323229432106018,2.264662027359009,2.5203561782836914,1.5947710275650024,0.4996398091316223,-0.2815870940685272,-0.8001974821090698,-1.7559528350830078,-2.540759801864624,-2.1656394004821777,-1.735186219215393,-2.632310390472412,-2.067033290863037,1.7803974151611328,2.778073787689209,3.007629632949829,3.5794546604156494,2.570770740509033,2.6828811168670654,4.452511310577393,4.299278736114502,3.1449811458587646,6.651040077209473,10.00452995300293,10.621466636657715,8.591329574584961,6.951173305511475,7.721783638000488,9.097835540771484,10.166627883911133,9.395076751708984,8.617934226989746,6.417724132537842,3.6305220127105713,4.6862006187438965,4.465311050415039,2.4415149688720703,2.0547542572021484,4.929603576660156,4.618686676025391,3.0455942153930664,1.5799497365951538,2.202651262283325
1.0375605821609497,1.735479712486267,2.992414951324463,3.1841673851013184,2.2890663146972656,1.3010209798812866,0.3240666091442108,-0.06452996283769608,-0.6988430619239807,-1.738633632659912,-1.5888949632644653,-1.2861815690994263,-1.9987858533859253,-0.6473860144615173,1.6825282573699951,2.5803592205047607,2.7812182903289795,3.770498514175415,4.4849958419799805,4.288572788238525,5.519790172576904,3.9521896839141846,2.6083407402038574,5.338641166687012,10.487926483154297,10.79778003692627,8.723187446594238,8.572278022766113,8.749251365661621,8.469027519226074,9.608118057250977,10.2752046585083,10.25037670135498,8.232879638671875,5.660743236541748,6.592739105224609,6.571542739868164,4.553918361663818,3.456695795059204,6.287693023681641,4.638346195220947,3.093139410018921,2.2822861671447754,2.418452262878418
1.2740095853805542,2.2194736003875732,3.3702614307403564,3.3178319931030273,2.6358439922332764,1.7544119358062744,0.57436203956604,0.1308429092168808,0.20593255758285522,-0.4267522990703583,-0.43026798963546753,-0.6438364386558533,-0.5495219230651855,0.7179729342460632,2.2348005771636963,2.279707431793213,1.2953197956085205,2.1783840656280518,3.8146121501922607,4.736983299255371,5.726722717285156,4.399689197540283,3.506688117980957,6.046953201293945,10.503959655761719,11.739787101745605,9.58878231048584,8.753751754760742,9.762405395507812,8.279211044311523,7.740427017211914,9.483428001403809,10.302454948425293,8.782257080078125,7.374846458435059,8.672574043273926,7.892136096954346,6.6732869148254395,6.08301305770874,6.729214668273926,6.084852695465088,3.7685134410858154,1.884413719177246,2.530170440673828
1.3906751871109009,2.4574055671691895,3.282529354095459,3.0746331214904785,2.483703374862671,1.4083064794540405,-0.007431853096932173,-0.680718719959259,-0.40889057517051697,0.2573811113834381,1.012690782546997,1.7319025993347168,2.1115570068359375,2.8310959339141846,2.5725510120391846,1.6652778387069702,1.4157315492630005,2.194378137588501,3.5282633304595947,4.812582492828369,6.0568318367004395,4.95664119720459,4.518819808959961,6.930932521820068,10.81849479675293,12.96137809753418,11.836562156677246,10.201282501220703,9.656949043273926,9.979303359985352,8.982327461242676,9.02449893951416,9.711132049560547,9.354269027709961,8.457910537719727,8.235466957092285,9.932640075683594,8.800041198730469,7.206356048583984,7.11945915222168,7.26173210144043,4.417985916137695,1.7474091053009033,2.6242547035217285
1.2332888841629028,2.3416757583618164,3.0014777183532715,2.654334306716919,1.8896996974945068,0.9085677862167358,-0.1054021343588829,-0.9676806330680847,-1.2379313707351685,-0.9632570743560791,0.2382989227771759,2.2730531692504883,3.1985366344451904,4.572077751159668,3.1785922050476074,1.5791711807250977,2.6149234771728516,2.4394590854644775,3.1138105392456055,3.92177677154541,4.7203545570373535,4.085205554962158,4.481475353240967,8.494549751281738,10.98448371887207,11.148025512695312,14.158719062805176,13.17436408996582,11.231225967407227,11.129171371459961,10.562278747558594,10.848451614379883,10.813254356384277,11.403594970703125,10.103145599365234,9.539281845092773,9.866195678710938,9.184937477111816,8.53204345703125,7.498470783233643,7.400219917297363,4.153344631195068,2.990776300430298,3.6647160053253174
1.144425392150879,2.2593328952789307,2.8866939544677734,2.4697225093841553,1.7593966722488403,1.1849602460861206,0.5475990176200867,-0.3987061679363251,-0.673405110836029,-1.3896061182022095,-0.7451226711273193,2.8172457218170166,3.6370503902435303,4.573421478271484,1.4136464595794678,-0.33040040731430054,0.7725493907928467,0.6628418564796448,2.1423540115356445,3.068662643432617,3.6207869052886963,3.184919595718384,4.713299751281738,9.066854476928711,10.503843307495117,10.752354621887207,14.757268905639648,15.259387969970703,12.910958290100098,11.707206726074219,11.187861442565918,11.942242622375488,12.593621253967285,12.186634063720703,10.683865547180176,10.246994018554688,10.700666427612305,10.789371490478516,10.33194637298584,8.280706405639648,8.256397247314453,4.796230792999268,2.6300106048583984,3.8937392234802246
1.8688760995864868,2.7857704162597656,3.3571677207946777,3.014204740524292,2.551067590713501,2.2712514400482178,1.6849112510681152,0.716222882270813,-0.27336037158966064,-0.6972739100456238,0.39744603633880615,3.663806200027466,4.374891757965088,4.682872772216797,1.3923940658569336,-0.35135066509246826,0.24676889181137085,0.4758545756340027,1.759791612625122,2.5455856323242188,3.2119171619415283,2.5137760639190674,5.209420680999756,9.704852104187012,10.313711166381836,12.473456382751465,15.46728229522705,14.907474517822266,12.078989028930664,9.826651573181152,9.786846160888672,11.416096687316895,13.189867973327637,13.271377563476562,11.944619178771973,11.97706413269043,12.42187213897705,11.577128410339355,11.726116180419922,9.175185203552246,9.162226676940918,7.687839508056641,6.265083312988281,5.992475986480713
