data/wind_data/wind_47_6.json
{"header": {"parameterUnit": "KT", "parameterCategory": 2, "nx": 256, "ny": 198, "lo1": 44.73521041870117, "la1": -3.236724853515625, "lo2": 111.26478576660156, "la2": 43.468475341796875, "dx": 0.2609002888202667, "dy": -0.23708222806453705, "refTime": "2025-02-20 23:00:00", "forecastTime": 0, "parameterNumber": 2, "parameterNumberName": "eastward_wind"}, "data":
[rows 20 to 39 of 198, columns 0 to 43 of 256]
-18.358642578125,-19.04005241394043,-18.363035202026367,-16.443832397460938,-13.870615005493164,-14.444336891174316,-14.20406436920166,-14.219319343566895,-14.342421531677246,-14.367339134216309,-14.360725402832031,-14.525546073913574,-14.814532279968262,-15.221805572509766,-15.754322052001953,-16.127159118652344,-16.21607208251953,-16.281982421875,-16.451946258544922,-16.680423736572266,-16.999895095825195,-17.361373901367188,-17.62366485595703,-17.895092010498047,-18.220111846923828,-18.35736846923828,-18.357524871826172,-18.305429458618164,-18.122148513793945,-17.780513763427734,-17.46908950805664,-17.060821533203125,-16.505250930786133,-16.299924850463867,-14.571310043334961,-14.230369567871094,-12.729700088500977,-13.045120239257812,-13.25472640991211,-13.223339080810547,-13.159317970275879,-12.763503074645996,-11.957315444946289,-11.015987396240234
-16.567127227783203,-16.86063003540039,-16.17551612854004,-14.214818954467773,-10.774347305297852,-11.929154396057129,-11.965633392333984,-12.081835746765137,-12.124480247497559,-12.17883586883545,-12.456266403198242,-13.062149047851562,-13.555719375610352,-13.938217163085938,-14.64810562133789,-15.590353965759277,-16.119464874267578,-16.14655113220215,-16.09735679626465,-16.294912338256836,-16.6472225189209,-16.880165100097656,-17.110620498657227,-17.575611114501953,-18.079023361206055,-18.209190368652344,-18.215709686279297,-18.45124626159668,-18.747291564941406,-18.624862670898438,-18.264856338500977,-17.920595169067383,-17.28876304626465,-16.35320281982422,-15.785205841064453,-14.853747367858887,-13.306740760803223,-13.376187324523926,-13.40021800994873,-13.576309204101562,-13.867032051086426,-13.40146541595459,-12.504813194274902,-11.243952751159668
-14.702885627746582,-14.47170639038086,-13.847990989685059,-11.69023609161377,-7.15926456451416,-8.72363567352295,-8.9155855178833,-9.242303848266602,-9.259126663208008,-9.11396312713623,-9.511442184448242,-10.665306091308594,-11.986810684204102,-12.856698036193848,-13.500558853149414,-14.397128105163574,-15.30251693725586,-15.652257919311523,-15.59677791595459,-15.74714183807373,-16.25335121154785,-16.593358993530273,-16.609771728515625,-16.76148796081543,-17.450931549072266,-18.26476287841797,-18.486621856689453,-18.232608795166016,-18.085540771484375,-18.331729888916016,-18.520275115966797,-18.413583755493164,-17.88714599609375,-17.41084861755371,-16.627357482910156,-15.147330284118652,-13.99111270904541,-13.857009887695312,-13.423385620117188,-13.690553665161133,-14.005964279174805,-13.654500961303711,-12.672273635864258,-11.90507698059082
-13.49698257446289,-13.11555004119873,-12.242902755737305,-9.45988941192627,-3.9511895179748535,-5.439569473266602,-6.161945819854736,-6.821172714233398,-6.8751983642578125,-6.366911888122559,-6.5730767250061035,-7.748056411743164,-9.553573608398438,-11.24767017364502,-12.41365909576416,-13.262702941894531,-14.22100830078125,-14.924949645996094,-15.023904800415039,-15.036190032958984,-15.477407455444336,-16.105539321899414,-16.37076187133789,-16.32584571838379,-16.634336471557617,-17.57042694091797,-18.555587768554688,-18.780794143676758,-18.336856842041016,-17.857393264770508,-17.846668243408203,-18.123109817504883,-18.246896743774414,-17.857101440429688,-16.6888370513916,-15.176772117614746,-13.947699546813965,-13.373360633850098,-13.051420211791992,-13.536907196044922,-13.436263084411621,-12.922532081604004,-12.57783031463623,-12.216240882873535
-12.171043395996094,-11.859354972839355,-10.70887565612793,-7.595936298370361,-1.470909833908081,-1.979453444480896,-3.017655849456787,-4.023306369781494,-4.428470611572266,-4.236210823059082,-4.765881061553955,-6.013144493103027,-7.749961853027344,-9.630577087402344,-11.172871589660645,-12.135294914245605,-12.954421997070312,-13.948168754577637,-14.682458877563477,-14.92523193359375,-15.082672119140625,-15.400912284851074,-15.70324993133545,-15.688827514648438,-15.453797340393066,-15.51675796508789,-16.082246780395508,-16.873088836669922,-17.561216354370117,-17.676734924316406,-17.3872013092041,-17.36564064025879,-17.686901092529297,-17.698604583740234,-16.955913543701172,-15.721504211425781,-14.582170486450195,-13.766702651977539,-13.479534149169922,-13.371909141540527,-12.854657173156738,-12.2500581741333,-11.93118667602539,-11.989689826965332
-10.630046844482422,-9.63761043548584,-8.192938804626465,-5.646751880645752,0.05469396337866783,0.9290806651115417,0.18812720477581024,-0.9291479587554932,-1.5767757892608643,-1.9931468963623047,-3.2172980308532715,-4.885130882263184,-6.795742511749268,-8.722203254699707,-10.277342796325684,-11.160194396972656,-11.767340660095215,-12.793176651000977,-13.901812553405762,-14.50346851348877,-14.681502342224121,-14.759162902832031,-14.967126846313477,-15.047953605651855,-14.72220516204834,-14.259452819824219,-14.291340827941895,-14.928844451904297,-15.897080421447754,-16.839792251586914,-17.380971908569336,-17.502277374267578,-17.581340789794922,-17.499650955200195,-17.016551971435547,-16.10750389099121,-15.092203140258789,-14.437850952148438,-13.983000755310059,-13.416162490844727,-12.783061981201172,-12.031332015991211,-11.143054008483887,-10.594420433044434
-7.686294078826904,-6.883391380310059,-5.692073822021484,-3.953056812286377,1.0143322944641113,3.1556248664855957,2.9140682220458984,1.9236606359481812,1.1636431217193604,0.10266084969043732,-1.7812464237213135,-3.91168475151062,-5.926674842834473,-7.872385501861572,-9.5050687789917,-10.448531150817871,-11.000199317932129,-11.869388580322266,-12.93881893157959,-13.679713249206543,-13.848831176757812,-13.8184814453125,-13.961113929748535,-14.116501808166504,-14.010477066040039,-13.776474952697754,-13.743415832519531,-14.120165824890137,-14.809409141540527,-15.85933780670166,-17.281415939331055,-18.23480987548828,-18.125125885009766,-17.41683006286621,-16.60984992980957,-15.874919891357422,-15.22235107421875,-14.712438583374023,-14.300834655761719,-13.785581588745117,-12.974968910217285,-11.854830741882324,-11.789502143859863,-12.584104537963867
-2.323657989501953,-3.4154012203216553,-3.654256582260132,-2.9001212120056152,2.0785181522369385,4.0989484786987305,4.111814498901367,3.640719175338745,3.2035136222839355,1.8281434774398804,-0.3103615939617157,-2.4420456886291504,-4.338131427764893,-6.205417156219482,-7.984950542449951,-9.428217887878418,-10.368338584899902,-11.18366813659668,-12.046354293823242,-12.724761009216309,-12.972021102905273,-12.884289741516113,-13.017593383789062,-13.32480525970459,-13.373852729797363,-13.219446182250977,-13.2125244140625,-13.520906448364258,-14.031157493591309,-14.699250221252441,-15.86255931854248,-17.342273712158203,-17.90690803527832,-17.09205436706543,-15.744795799255371,-14.686310768127441,-13.958907127380371,-13.522798538208008,-13.26601791381836,-12.966507911682129,-12.390292167663574,-11.668706893920898,-11.245245933532715,-11.313892364501953
1.3444205522537231,-0.6410234570503235,-1.5250552892684937,-1.232746958732605,3.2712161540985107,4.173593044281006,4.265604019165039,4.62531042098999,4.838207244873047,3.7587287425994873,1.9399430751800537,0.09013082087039948,-1.6185452938079834,-3.388941764831543,-5.269745826721191,-7.3156633377075195,-9.067122459411621,-10.237321853637695,-11.181540489196777,-11.885589599609375,-12.207743644714355,-12.111804008483887,-12.049904823303223,-12.289386749267578,-12.623711585998535,-12.729701042175293,-12.789591789245605,-12.959880828857422,-13.25678825378418,-13.645332336425781,-14.154391288757324,-14.847713470458984,-15.507161140441895,-15.380615234375,-14.42090129852295,-13.335078239440918,-12.494939804077148,-11.87607479095459,-11.499100685119629,-11.313959121704102,-11.274650573730469,-11.309660911560059,-11.38027572631836,-11.395387649536133
2.343672275543213,0.9331089854240417,0.8997085690498352,1.8408132791519165,5.248743534088135,5.900846004486084,5.343930721282959,5.695045471191406,6.398581504821777,6.092982292175293,4.991405963897705,3.4716641902923584,1.8273344039916992,-0.010324462316930294,-1.7318534851074219,-3.8658292293548584,-6.584220886230469,-8.651718139648438,-9.981406211853027,-10.91425895690918,-11.454137802124023,-11.542620658874512,-11.376933097839355,-11.348097801208496,-11.638631820678711,-11.964077949523926,-12.223361015319824,-12.378925323486328,-12.493814468383789,-12.695375442504883,-13.009913444519043,-13.177326202392578,-13.174649238586426,-13.005434036254883,-12.57659912109375,-11.979406356811523,-11.310336112976074,-10.711771965026855,-10.312588691711426,-10.20262622833252,-10.374698638916016,-10.79680061340332,-11.243326187133789,-11.336941719055176
3.2044718265533447,2.5603585243225098,2.9923481941223145,4.041689395904541,6.825578212738037,7.927041053771973,7.471946716308594,7.377113342285156,7.747178554534912,7.584485054016113,7.006708145141602,6.090102672576904,4.787664890289307,2.973033905029297,1.289786696434021,-0.47742578387260437,-3.490365743637085,-6.469095706939697,-8.35287094116211,-9.738892555236816,-10.694332122802734,-10.95765495300293,-10.706998825073242,-10.533990859985352,-10.68423843383789,-11.055337905883789,-11.458386421203613,-11.736326217651367,-11.86142635345459,-11.850435256958008,-11.91146469116211,-12.00047779083252,-11.925206184387207,-11.629938125610352,-11.194215774536133,-10.693533897399902,-10.167611122131348,-9.831269264221191,-9.806836128234863,-9.898235321044922,-9.920540809631348,-9.945385932922363,-10.098712921142578,-10.268061637878418
4.118796348571777,4.182897090911865,4.519541263580322,4.717156410217285,7.3960771560668945,9.097481727600098,9.542623519897461,9.87509536743164,9.758631706237793,8.763391494750977,7.914834499359131,7.255905628204346,6.337542533874512,4.882856845855713,3.2263872623443604,1.7110909223556519,-0.7273898124694824,-4.176449775695801,-6.850675106048584,-8.566662788391113,-9.74134349822998,-10.228693008422852,-10.075584411621094,-9.792308807373047,-9.90285873413086,-10.349346160888672,-10.737455368041992,-10.93671989440918,-11.152692794799805,-11.257721900939941,-11.196825981140137,-11.122354507446289,-11.085368156433105,-10.854608535766602,-10.402128219604492,-9.903070449829102,-9.431336402893066,-9.12587833404541,-9.266342163085938,-9.640665054321289,-9.754972457885742,-9.45194149017334,-9.074264526367188,-9.05518913269043
4.055880546569824,4.338951110839844,4.820817470550537,5.067656517028809,6.887380599975586,8.867731094360352,9.964753150939941,10.650287628173828,10.224098205566406,8.562737464904785,7.1444268226623535,6.742221355438232,6.709441661834717,6.131627559661865,4.707245349884033,3.055549383163452,1.2317986488342285,-1.7435038089752197,-5.0334367752075195,-7.3984198570251465,-8.836304664611816,-9.496347427368164,-9.439863204956055,-9.031493186950684,-8.942466735839844,-9.454562187194824,-9.92628002166748,-9.979145050048828,-9.991902351379395,-10.298720359802246,-10.628506660461426,-10.697219848632812,-10.60392951965332,-10.405379295349121,-9.963597297668457,-9.463729858398438,-9.111705780029297,-8.795943260192871,-8.6701021194458,-8.92455005645752,-9.177837371826172,-9.002239227294922,-8.405855178833008,-7.940535545349121
3.10459566116333,3.206272840499878,3.982449531555176,5.159064292907715,5.607500076293945,7.060265064239502,7.79595947265625,8.31790542602539,7.840126037597656,6.546939849853516,5.54188871383667,5.490329742431641,6.162708282470703,6.809261798858643,6.288076400756836,4.5507121086120605,2.556774616241455,0.4092006981372833,-2.475989818572998,-5.405463218688965,-7.5214409828186035,-8.635541915893555,-8.768860816955566,-8.309499740600586,-7.931182384490967,-8.152718544006348,-8.73694133758545,-9.000921249389648,-8.898401260375977,-8.949540138244629,-9.299171447753906,-9.720048904418945,-9.948561668395996,-9.986258506774902,-9.708016395568848,-9.14073371887207,-8.682735443115234,-8.425847053527832,-8.249227523803711,-8.175680160522461,-8.250657081604004,-8.265900611877441,-8.016105651855469,-7.493565559387207
2.9967424869537354,3.084003210067749,3.705212116241455,5.0589823722839355,4.67417049407959,5.943912029266357,6.353967189788818,6.490730285644531,5.715097904205322,4.724947452545166,4.301555633544922,4.7138848304748535,5.684901237487793,6.631861209869385,6.810544967651367,5.81593132019043,3.986187696456909,2.101156711578369,0.085831418633461,-2.533529758453369,-5.024936676025391,-6.941607475280762,-7.872559070587158,-7.704448223114014,-7.0651140213012695,-6.7725019454956055,-7.233094215393066,-7.860977649688721,-7.972692489624023,-7.839446544647217,-7.784209251403809,-7.936646461486816,-8.42245864868164,-9.06063175201416,-9.317405700683594,-8.96296215057373,-8.356538772583008,-8.031559944152832,-7.896250247955322,-7.711965084075928,-7.518857955932617,-7.467233657836914,-7.487618446350098,-7.315968990325928
3.510983467102051,3.530792236328125,3.847571611404419,4.8947672843933105,4.754583835601807,6.1999006271362305,6.375089168548584,5.913283348083496,4.724391460418701,3.730903387069702,3.376366138458252,3.9923224449157715,5.088721752166748,5.917054176330566,6.224435806274414,6.022296905517578,5.058609962463379,3.487255334854126,1.8478367328643799,0.02398441918194294,-2.1369056701660156,-4.383365631103516,-6.263788223266602,-6.917257785797119,-6.476940631866455,-5.935416221618652,-5.922064304351807,-6.44217586517334,-6.818116188049316,-6.714361190795898,-6.489074230194092,-6.44594144821167,-6.8748979568481445,-7.7439470291137695,-8.514074325561523,-8.626312255859375,-8.187762260437012,-7.758316516876221,-7.566504955291748,-7.365360260009766,-7.072744846343994,-6.839639663696289,-6.758812427520752,-6.753314018249512
3.713794469833374,3.750582456588745,4.045942306518555,4.957213401794434,5.449010372161865,6.476595878601074,6.082751750946045,5.34497594833374,4.3292460441589355,3.535165548324585,2.935991048812866,3.245309591293335,4.3228983879089355,5.3058342933654785,5.786982536315918,5.865537166595459,5.330416679382324,4.256743907928467,3.038724422454834,1.8584389686584473,0.4933355450630188,-1.3921631574630737,-3.63488507270813,-5.329721450805664,-5.652856349945068,-5.217508316040039,-4.788917064666748,-4.826483726501465,-5.257976055145264,-5.391995429992676,-5.121488571166992,-5.088800430297852,-5.688369274139404,-6.649387836456299,-7.465512752532959,-7.770133018493652,-7.651647567749023,-7.479856491088867,-7.404516696929932,-7.170924186706543,-6.794549942016602,-6.341544151306152,-5.968560218811035,-5.885549545288086
3.791304111480713,3.74196720123291,4.400862216949463,5.403084754943848,6.481779098510742,6.740418434143066,5.264707088470459,4.422778129577637,4.1934075355529785,4.189154148101807,3.6876413822174072,3.4402546882629395,4.039242744445801,5.018064975738525,5.709775924682617,5.940036773681641,5.6606364250183105,4.839118957519531,3.73490047454834,2.6817779541015625,1.8926103115081787,1.1334730386734009,-0.5310911536216736,-2.7892863750457764,-4.226104259490967,-4.124874591827393,-3.537884473800659,-3.224039077758789,-3.545412063598633,-4.067760467529297,-4.172558307647705,-4.139061450958252,-4.604658126831055,-5.595900535583496,-6.514898300170898,-7.035836696624756,-7.171748638153076,-7.055727481842041,-6.978459358215332,-6.8644914627075195,-6.543646335601807,-6.0007004737854,-5.381059169769287,-5.028256416320801
4.247034072875977,4.311202526092529,5.309904098510742,6.62379264831543,7.646805286407471,6.587299823760986,4.669311046600342,3.973071575164795,4.42241907119751,5.13474178314209,5.201990604400635,4.801863670349121,4.693367004394531,5.178448677062988,5.7980122566223145,6.165866374969482,6.29694128036499,6.000380516052246,4.880677223205566,3.450334310531616,2.3454105854034424,2.0205392837524414,1.7192784547805786,0.18403418362140656,-1.7846598625183105,-2.688811779022217,-2.357773542404175,-1.8939779996871948,-1.8824982643127441,-2.3604774475097656,-2.904040813446045,-3.2189202308654785,-3.572528839111328,-4.422488689422607,-5.448154926300049,-6.2433366775512695,-6.6893415451049805,-6.623231887817383,-6.415591239929199,-6.3093180656433105,-6.151681423187256,-5.735922336578369,-5.083774566650391,-4.449957370758057
4.703568935394287,4.779045104980469,5.839207649230957,7.07273006439209,6.743147373199463,5.651489734649658,5.146066665649414,4.650726795196533,4.845743656158447,5.519778251647949,5.986228942871094,6.082319259643555,5.925136089324951,5.856760025024414,6.105652332305908,6.411453723907471,6.671724319458008,6.699888706207275,5.983015537261963,4.681943416595459,3.5117266178131104,2.9774703979492188,2.923043727874756,2.30360746383667,0.7042640447616577,-0.6340412497520447,-1.0025031566619873,-1.0175907611846924,-0.8521063923835754,-0.8360523581504822,-1.3447628021240234,-2.125141143798828,-2.820277690887451,-3.597780704498291,-4.5563836097717285,-5.318699836730957,-5.865675926208496,-6.057653427124023,-5.890101909637451,-5.655653476715088,-5.4530768394470215,-5.257209777832031,-4.8322319984436035,-4.208578586578369
