data/wind_data/wind_23_4.json
{"header": {"parameterUnit": "KT", "parameterCategory": 2, "nx": 256, "ny": 198, "lo1": 44.73521041870117, "la1": -3.236724853515625, "lo2": 111.26478576660156, "la2": 43.468475341796875, "dx": 0.2609002888202667, "dy": -0.23708222806453705, "refTime": "2025-02-19 23:00:00", "forecastTime": 0, "parameterNumber": 2, "parameterNumberName": "eastward_wind"}, "data":
[rows 19 to 37 of 198, columns 44 to 87 of 256]
-7.208855152130127,-7.292905807495117,-7.485006332397461,-7.359287738800049,-6.9895758628845215,-6.734631538391113,-6.645687580108643,-6.795122146606445,-7.131674289703369,-7.46470308303833,-7.70366907119751,-7.883658409118652,-8.183111190795898,-8.404963493347168,-8.243407249450684,-7.77976655960083,-7.421114444732666,-7.5759782791137695,-7.9416823387146,-8.207918167114258,-8.352826118469238,-8.187687873840332,-7.777082443237305,-7.484003067016602,-7.457728385925293,-7.448424339294434,-6.707897663116455,-7.70261287689209,-7.645617485046387,-7.584639549255371,-6.929508209228516,-6.341049671173096,-6.242656707763672,-6.09185791015625,-6.351659297943115,-6.7818121910095215,-7.164404392242432,-7.471951961517334,-7.268006801605225,-6.642946720123291,-5.829524040222168,-5.331229209899902,-5.388593673706055,-5.687179088592529
-8.39543342590332,-8.498932838439941,-8.87452220916748,-9.180288314819336,-8.907964706420898,-8.457212448120117,-7.960540771484375,-7.951249599456787,-8.416108131408691,-8.882568359375,-9.171052932739258,-9.335567474365234,-9.538847923278809,-9.690502166748047,-9.462601661682129,-8.923396110534668,-8.51219654083252,-8.606337547302246,-9.004138946533203,-9.30357551574707,-9.485240936279297,-9.494221687316895,-9.347366333007812,-9.12449836730957,-9.08967113494873,-9.08268928527832,-8.74743366241455,-9.14816951751709,-8.914426803588867,-8.551102638244629,-8.437711715698242,-7.811954975128174,-7.388608932495117,-7.389915943145752,-7.744206428527832,-8.112774848937988,-8.248269081115723,-8.2511625289917,-7.876434326171875,-7.165729522705078,-6.526061534881592,-6.095620155334473,-6.130239963531494,-6.315942287445068
-9.560545921325684,-9.572184562683105,-9.927760124206543,-10.5823392868042,-10.872953414916992,-10.69764518737793,-10.17526912689209,-9.992130279541016,-10.122321128845215,-10.372932434082031,-10.625091552734375,-10.78662109375,-10.834606170654297,-10.830756187438965,-10.645994186401367,-10.237336158752441,-9.909680366516113,-10.004267692565918,-10.312214851379395,-10.605307579040527,-10.85755443572998,-10.979665756225586,-11.030813217163086,-10.798041343688965,-10.453938484191895,-10.279352188110352,-10.0880708694458,-9.998595237731934,-10.213730812072754,-9.817119598388672,-9.494296073913574,-8.92597484588623,-8.5806884765625,-8.654142379760742,-9.032415390014648,-9.55730152130127,-9.591386795043945,-9.295068740844727,-8.892400741577148,-8.145218849182129,-7.456151008605957,-6.884027481079102,-6.782817840576172,-7.150991439819336
-11.17691707611084,-11.351250648498535,-11.952134132385254,-12.515915870666504,-12.762197494506836,-12.732254028320312,-12.421212196350098,-12.098631858825684,-12.056035041809082,-12.17729663848877,-12.395201683044434,-12.39513111114502,-12.100435256958008,-11.839613914489746,-11.611337661743164,-11.388775825500488,-11.212146759033203,-11.284314155578613,-11.658079147338867,-12.175475120544434,-12.609637260437012,-12.720406532287598,-12.6549072265625,-12.4544095993042,-12.048325538635254,-11.759023666381836,-11.631625175476074,-11.530661582946777,-11.363823890686035,-10.883874893188477,-10.282572746276855,-9.883564949035645,-9.73093032836914,-9.984305381774902,-10.395406723022461,-10.879517555236816,-11.019801139831543,-10.901469230651855,-10.453104972839355,-9.60089111328125,-8.946539878845215,-8.556456565856934,-8.584327697753906,-8.978704452514648
-13.06779956817627,-13.551584243774414,-14.227655410766602,-14.450556755065918,-14.829093933105469,-15.05222225189209,-15.14852523803711,-14.188783645629883,-13.896036148071289,-13.804790496826172,-13.914820671081543,-13.627408027648926,-13.046028137207031,-12.700100898742676,-12.594229698181152,-12.631342887878418,-12.645721435546875,-12.704353332519531,-13.040251731872559,-13.746414184570312,-14.348138809204102,-14.410472869873047,-14.266721725463867,-13.933893203735352,-13.590174674987793,-13.284073829650879,-13.174125671386719,-13.083806037902832,-12.821725845336914,-12.181509017944336,-11.593729972839355,-11.397130966186523,-11.321825981140137,-11.67957878112793,-12.072052955627441,-12.401263236999512,-12.558359146118164,-12.392364501953125,-11.978957176208496,-11.30250358581543,-10.97135066986084,-11.133750915527344,-11.46097469329834,-11.74376392364502
-14.823939323425293,-15.385778427124023,-15.50625228881836,-15.875778198242188,-17.514080047607422,-16.79056167602539,-17.05205726623535,-15.706616401672363,-15.169464111328125,-14.849940299987793,-14.797754287719727,-14.353763580322266,-13.824064254760742,-13.613319396972656,-13.674056053161621,-13.8721342086792,-14.14549732208252,-14.218247413635254,-14.500672340393066,-15.194169998168945,-15.910503387451172,-16.109140396118164,-15.919023513793945,-15.55777359008789,-15.16879653930664,-14.811992645263672,-14.683725357055664,-14.652045249938965,-14.521540641784668,-14.144264221191406,-13.646203994750977,-13.424153327941895,-13.469005584716797,-13.755943298339844,-14.011456489562988,-14.200180053710938,-14.211297035217285,-13.95519733428955,-13.587076187133789,-13.339383125305176,-13.569610595703125,-14.061578750610352,-14.40083122253418,-14.432852745056152
-16.550800323486328,-16.155025482177734,-16.334871292114258,-17.4298152923584,-19.380786895751953,-16.953725814819336,-17.622802734375,-16.63875961303711,-16.093826293945312,-15.387038230895996,-15.11348819732666,-14.845290184020996,-14.606066703796387,-14.581612586975098,-14.650409698486328,-14.691741943359375,-15.049749374389648,-15.215255737304688,-15.625587463378906,-16.234699249267578,-17.07503318786621,-17.460424423217773,-17.40483283996582,-16.977230072021484,-16.664831161499023,-16.58028793334961,-16.634260177612305,-16.680614471435547,-16.590919494628906,-16.1949520111084,-15.647783279418945,-15.301044464111328,-15.358128547668457,-15.684306144714355,-15.82436752319336,-15.624061584472656,-15.367679595947266,-15.312620162963867,-15.39409065246582,-15.605192184448242,-15.966126441955566,-16.342453002929688,-16.47096061706543,-16.399274826049805
-17.78662109375,-16.697031021118164,-17.273468017578125,-18.078523635864258,-19.430551528930664,-18.861631393432617,-17.92380142211914,-17.704809188842773,-16.796768188476562,-15.736166000366211,-15.271557807922363,-15.482677459716797,-15.329209327697754,-15.585721969604492,-15.344728469848633,-15.00970458984375,-15.273808479309082,-15.713622093200684,-16.363712310791016,-16.950193405151367,-17.96530532836914,-18.46685028076172,-18.614362716674805,-18.32779884338379,-18.015396118164062,-18.01905632019043,-18.304241180419922,-18.498680114746094,-18.46173858642578,-18.15842628479004,-17.707275390625,-17.331588745117188,-17.130319595336914,-17.077165603637695,-16.93514633178711,-16.532880783081055,-16.141172409057617,-16.217763900756836,-16.748594284057617,-17.276527404785156,-17.553436279296875,-17.57413673400879,-17.403423309326172,-17.167259216308594
-17.29591178894043,-17.619234085083008,-18.193166732788086,-18.122196197509766,-18.33087158203125,-18.5981388092041,-17.852705001831055,-17.132946014404297,-15.659270286560059,-15.259729385375977,-15.857696533203125,-16.316659927368164,-15.810096740722656,-16.302160263061523,-15.621859550476074,-15.849026679992676,-15.577481269836426,-16.527305603027344,-16.929420471191406,-18.051176071166992,-18.955068588256836,-19.760549545288086,-20.037866592407227,-19.765705108642578,-19.424772262573242,-19.15617561340332,-19.360971450805664,-19.677343368530273,-19.831493377685547,-19.61386489868164,-19.23284339904785,-18.771141052246094,-18.260168075561523,-17.808725357055664,-17.478822708129883,-17.177156448364258,-16.976299285888672,-17.162351608276367,-17.746112823486328,-18.261350631713867,-18.411418914794922,-18.233802795410156,-17.882917404174805,-17.396764755249023
-18.596336364746094,-18.829330444335938,-18.830678939819336,-18.488183975219727,-17.72781753540039,-16.61418914794922,-15.717535018920898,-14.640387535095215,-11.60830020904541,-14.627514839172363,-17.11851692199707,-16.31873893737793,-16.595630645751953,-16.897550582885742,-16.111125946044922,-16.0352725982666,-16.735973358154297,-17.494659423828125,-17.090974807739258,-19.01532745361328,-19.781278610229492,-21.081819534301758,-21.494159698486328,-21.21135139465332,-20.708934783935547,-20.23699951171875,-20.18939781188965,-20.27582359313965,-20.450237274169922,-20.226547241210938,-19.802074432373047,-19.50956153869629,-19.240259170532227,-18.65135955810547,-18.0538330078125,-17.849695205688477,-17.841459274291992,-18.009109497070312,-18.39070701599121,-18.686004638671875,-18.7441463470459,-18.573585510253906,-18.140127182006836,-17.430774688720703
-19.111669540405273,-19.279006958007812,-19.424341201782227,-19.06375503540039,-18.093379974365234,-17.079261779785156,-17.006540298461914,-17.61041259765625,-17.71794319152832,-17.73210334777832,-16.5347843170166,-16.72272300720215,-16.905431747436523,-16.81627082824707,-17.199546813964844,-18.733549118041992,-18.60416030883789,-17.688661575317383,-18.026927947998047,-18.789329528808594,-20.454139709472656,-21.87163543701172,-22.416488647460938,-22.369104385375977,-21.782039642333984,-21.265731811523438,-20.90913200378418,-20.778003692626953,-20.78303337097168,-20.591474533081055,-20.34004020690918,-20.167726516723633,-19.98996353149414,-19.559762954711914,-18.85090446472168,-18.271461486816406,-18.06633949279785,-18.131492614746094,-18.37464141845703,-18.60207748413086,-18.676673889160156,-18.523420333862305,-18.003705978393555,-17.329044342041016
-19.847944259643555,-19.826274871826172,-19.807321548461914,-19.808456420898438,-19.80674934387207,-19.73912811279297,-19.385183334350586,-18.676860809326172,-17.636281967163086,-16.384973526000977,-16.10047721862793,-17.34762954711914,-17.63208770751953,-18.079204559326172,-18.30967903137207,-18.388595581054688,-18.326425552368164,-18.628707885742188,-19.346174240112305,-18.11672019958496,-20.33754539489746,-22.37835121154785,-22.224464416503906,-23.122304916381836,-22.417570114135742,-22.169374465942383,-21.639530181884766,-21.281251907348633,-21.051898956298828,-20.937753677368164,-20.84091567993164,-20.665468215942383,-20.425676345825195,-20.063146591186523,-19.44234848022461,-18.681541442871094,-18.17494010925293,-18.049148559570312,-18.16480255126953,-18.415626525878906,-18.512561798095703,-18.315595626831055,-17.96582794189453,-17.515419006347656
-19.884323120117188,-19.925874710083008,-19.884037017822266,-19.621618270874023,-19.150609970092773,-18.89900016784668,-19.096534729003906,-19.06011199951172,-18.41440200805664,-17.829364776611328,-17.708906173706055,-17.98737144470215,-18.43531036376953,-18.982736587524414,-19.06439781188965,-18.905282974243164,-19.165925979614258,-19.49615478515625,-18.983369827270508,-18.581493377685547,-20.720623016357422,-21.722614288330078,-21.900440216064453,-23.409988403320312,-22.767353057861328,-23.03266716003418,-22.349271774291992,-22.02322769165039,-21.51682472229004,-21.22463035583496,-21.171741485595703,-21.095937728881836,-20.901338577270508,-20.598108291625977,-20.155031204223633,-19.471145629882812,-18.78233528137207,-18.356555938720703,-18.2952938079834,-18.397342681884766,-18.385377883911133,-18.196008682250977,-18.02164077758789,-17.862014770507812
-19.454574584960938,-19.542129516601562,-19.54269027709961,-19.46316909790039,-19.31825828552246,-19.16469383239746,-18.987974166870117,-18.89381217956543,-18.782514572143555,-18.49297332763672,-18.20682144165039,-18.433271408081055,-19.012876510620117,-19.526901245117188,-19.78369140625,-19.555992126464844,-19.185129165649414,-19.418970108032227,-20.172882080078125,-20.752534866333008,-21.062870025634766,-21.533838272094727,-22.11924171447754,-23.331867218017578,-23.04564094543457,-23.294130325317383,-22.911399841308594,-22.62754249572754,-22.024118423461914,-21.703527450561523,-21.548385620117188,-21.491918563842773,-21.360301971435547,-21.16245460510254,-20.884227752685547,-20.410354614257812,-19.74092674255371,-19.132949829101562,-18.730396270751953,-18.490018844604492,-18.267913818359375,-18.124513626098633,-18.08818244934082,-18.03282356262207
-19.423410415649414,-19.2243709564209,-18.96752166748047,-18.91801643371582,-19.139387130737305,-19.414836883544922,-19.46266746520996,-19.228382110595703,-18.912717819213867,-18.661235809326172,-18.526687622070312,-18.6064510345459,-18.83374786376953,-19.205989837646484,-19.632036209106445,-19.744096755981445,-19.588754653930664,-19.667678833007812,-20.404937744140625,-21.300928115844727,-21.541242599487305,-21.753612518310547,-22.786479949951172,-22.634206771850586,-23.23613166809082,-23.087778091430664,-23.19480323791504,-22.955114364624023,-22.432153701782227,-22.211135864257812,-22.213165283203125,-22.208650588989258,-21.994226455688477,-21.695058822631836,-21.380714416503906,-21.09140968322754,-20.54859161376953,-19.79151153564453,-19.273475646972656,-18.945009231567383,-18.58870506286621,-18.402456283569336,-18.45892333984375,-18.56704330444336
-19.077856063842773,-18.97492790222168,-18.86779022216797,-18.90735626220703,-19.131242752075195,-19.214481353759766,-19.253068923950195,-19.245742797851562,-19.166046142578125,-18.99102210998535,-18.746706008911133,-18.577058792114258,-18.74578094482422,-19.289321899414062,-19.84766960144043,-20.18041229248047,-20.476057052612305,-20.73448371887207,-21.02745246887207,-21.942720413208008,-22.29739761352539,-23.460596084594727,-22.782609939575195,-22.9370174407959,-23.027767181396484,-23.05365753173828,-23.26572608947754,-23.42391014099121,-23.074308395385742,-22.57024574279785,-22.740741729736328,-22.749696731567383,-22.58482551574707,-22.271892547607422,-21.872323989868164,-21.583370208740234,-21.215068817138672,-20.65313148498535,-20.039249420166016,-19.64957046508789,-19.44489860534668,-19.351388931274414,-19.34695053100586,-19.300968170166016
-18.875402450561523,-18.801233291625977,-18.8819580078125,-19.085792541503906,-19.30642318725586,-19.32038116455078,-19.221303939819336,-19.154705047607422,-19.20636749267578,-19.169639587402344,-19.0106258392334,-18.81707191467285,-18.87188148498535,-19.41462516784668,-20.246814727783203,-20.89733123779297,-21.321765899658203,-21.74298858642578,-22.31503677368164,-22.90996742248535,-22.824684143066406,-24.432279586791992,-24.019508361816406,-23.62135124206543,-22.874622344970703,-22.939611434936523,-23.340547561645508,-23.891075134277344,-24.142818450927734,-23.19474220275879,-23.007125854492188,-23.060638427734375,-23.05569076538086,-22.820777893066406,-22.539846420288086,-22.160825729370117,-21.680952072143555,-21.32484245300293,-21.130260467529297,-20.896102905273438,-20.544231414794922,-20.32891082763672,-20.13673210144043,-19.773149490356445
-18.821813583374023,-18.788494110107422,-18.952640533447266,-19.300556182861328,-19.62930679321289,-19.68987464904785,-19.429279327392578,-19.187177658081055,-19.013757705688477,-18.81183433532715,-18.540176391601562,-18.505769729614258,-18.944910049438477,-19.79022216796875,-20.763357162475586,-21.404756546020508,-21.674592971801758,-21.76683807373047,-21.92864227294922,-22.680856704711914,-23.483905792236328,-24.406028747558594,-23.802841186523438,-24.074636459350586,-23.469709396362305,-23.311403274536133,-23.101499557495117,-22.687965393066406,-24.560611724853516,-24.12806510925293,-22.728496551513672,-23.243181228637695,-23.134809494018555,-23.012706756591797,-22.908823013305664,-22.551494598388672,-22.129436492919922,-21.729642868041992,-21.449302673339844,-21.194360733032227,-20.923187255859375,-20.637243270874023,-20.27036476135254,-19.829437255859375
-18.95421600341797,-19.1198673248291,-19.349533081054688,-19.53750228881836,-19.766420364379883,-19.78374481201172,-19.5288143157959,-19.232532501220703,-19.10041618347168,-18.878835678100586,-18.537370681762695,-18.57369613647461,-19.197845458984375,-20.291418075561523,-21.047555923461914,-21.176776885986328,-21.390548706054688,-22.4974365234375,-23.925371170043945,-24.484827041625977,-24.068111419677734,-23.75236701965332,-23.492080688476562,-23.449831008911133,-23.442913055419922,-23.80567741394043,-23.365379333496094,-23.143733978271484,-23.52324676513672,-23.342378616333008,-22.637182235717773,-23.074846267700195,-22.772647857666016,-22.878273010253906,-22.684789657592773,-22.453845977783203,-22.121171951293945,-21.665008544921875,-21.2658634185791,-20.93745231628418,-20.655073165893555,-20.317176818847656,-19.947113037109375,-19.488853454589844
