data/wind_data/wind_54_1.json
{"header": {"parameterUnit": "KT", "parameterCategory": 2, "nx": 256, "ny": 198, "lo1": 44.73521041870117, "la1": -3.236724853515625, "lo2": 111.26478576660156, "la2": 43.468475341796875, "dx": 0.2609002888202667, "dy": -0.23708222806453705, "refTime": "2025-02-21 06:00:00", "forecastTime": 0, "parameterNumber": 2, "parameterNumberName": "eastward_wind"}, "data":
[rows 114 to 132 of 198, columns 129 to 171 of 256]
0.7432738542556763,1.3141412734985352,0.7597045302391052,1.1310847997665405,1.6733982563018799,0.6979400515556335,-0.22896918654441833,-0.37980929017066956,-2.4660298824310303,-4.014498233795166,-4.95609188079834,-5.834191799163818,-6.701262950897217,-4.916606426239014,-4.4261016845703125,-3.506849527359009,-2.9069626331329346,-3.4312503337860107,-4.342040061950684,-4.7570672035217285,-5.016768455505371,-4.819170951843262,-4.850299835205078,-4.931603908538818,-4.790328502655029,-4.289194583892822,-3.8992671966552734,-3.4532580375671387,-4.304471492767334,-4.718400478363037,-5.377760887145996,-5.550090312957764,-5.997939109802246,-6.662588596343994,-7.220590591430664,-7.189011096954346,-7.595336437225342,-7.834405899047852,-8.332315444946289,-8.167479515075684,-7.480575084686279,-6.554629802703857,-5.224880218505859
-0.25383108854293823,0.7234191298484802,0.19558796286582947,0.23416107892990112,0.8275075554847717,0.07585909962654114,-0.411100834608078,-0.9560585021972656,-3.4072422981262207,-5.70266580581665,-7.069177627563477,-7.516805648803711,-7.130217552185059,-6.80562686920166,-6.588158130645752,-6.342224597930908,-6.287928104400635,-6.601840496063232,-6.984916687011719,-6.940396308898926,-6.798919200897217,-6.46415901184082,-5.50120210647583,-5.141803741455078,-4.841465473175049,-4.825430393218994,-4.64499568939209,-5.532208442687988,-6.160503387451172,-5.932163715362549,-5.707154273986816,-5.462148666381836,-6.084996700286865,-6.585630893707275,-7.314671039581299,-7.967477798461914,-8.747370719909668,-9.46435546875,-9.77224063873291,-9.913511276245117,-9.298611640930176,-8.824719429016113,-8.003768920898438
0.03283271566033363,0.0846877321600914,-0.37086620926856995,0.1753121018409729,0.5434706211090088,-0.06982213258743286,-0.7353383898735046,-2.363689422607422,-5.403618335723877,-7.1580634117126465,-7.919710159301758,-8.637887954711914,-8.829257011413574,-8.833911895751953,-8.843005180358887,-8.789108276367188,-8.93941879272461,-9.197721481323242,-9.287243843078613,-8.845675468444824,-8.427266120910645,-8.056318283081055,-7.151679992675781,-6.613369941711426,-6.18041467666626,-6.019716262817383,-5.771024703979492,-6.001588821411133,-5.848884105682373,-5.527919769287109,-5.2010416984558105,-5.320341110229492,-5.6238884925842285,-6.276386260986328,-6.438400745391846,-6.846190452575684,-7.743924617767334,-8.807552337646484,-10.284826278686523,-10.69823932647705,-10.464325904846191,-10.386438369750977,-9.661785125732422
0.11126112937927246,-0.802249014377594,-0.6869584918022156,-0.6858609914779663,0.5745915770530701,-0.9984857439994812,-2.1571428775787354,-3.900624990463257,-6.517282009124756,-8.739603996276855,-9.69484806060791,-10.419853210449219,-10.359148025512695,-10.780231475830078,-11.000836372375488,-11.09620475769043,-11.006085395812988,-10.7529296875,-10.43810749053955,-9.895419120788574,-9.520719528198242,-8.6776704788208,-7.565039157867432,-7.028359889984131,-6.213717460632324,-5.733549118041992,-5.115971565246582,-5.222364902496338,-4.999391078948975,-4.727436542510986,-4.825789928436279,-4.189457893371582,-4.483462810516357,-4.709845542907715,-5.749699592590332,-5.685490131378174,-6.733714580535889,-7.841892719268799,-8.415453910827637,-9.052233695983887,-9.459160804748535,-8.991325378417969,-9.206530570983887
-1.2230589389801025,-1.7638355493545532,-1.516879916191101,-1.5078665018081665,-0.7798871994018555,-2.1285338401794434,-3.7666947841644287,-5.256869792938232,-8.330759048461914,-10.567636489868164,-11.553235054016113,-11.634913444519043,-11.907536506652832,-12.17654800415039,-12.240056991577148,-11.978155136108398,-11.756000518798828,-11.28248119354248,-10.905996322631836,-10.327457427978516,-9.655909538269043,-8.115554809570312,-6.4089035987854,-5.6697998046875,-5.2936930656433105,-5.318315505981445,-4.1238694190979,-3.226081132888794,-2.5427968502044678,-2.0546717643737793,-2.0313782691955566,-1.8732043504714966,-1.994932770729065,-2.139512538909912,-2.9481201171875,-2.567730188369751,-2.2781190872192383,-3.574465274810791,-5.670521259307861,-4.92241907119751,-3.9036879539489746,-1.8460708856582642,-1.7637323141098022
-2.5006637573242188,-3.339315176010132,-3.246055841445923,-3.468270778656006,-3.0408551692962646,-3.92732572555542,-5.552338600158691,-7.2172698974609375,-10.26050853729248,-12.514572143554688,-13.054195404052734,-12.791940689086914,-12.78760051727295,-12.573615074157715,-12.493596076965332,-12.09827709197998,-11.392182350158691,-10.885660171508789,-10.899569511413574,-10.698071479797363,-9.825653076171875,-7.698850631713867,-5.6349263191223145,-3.8324286937713623,-3.7564001083374023,-4.387350559234619,-2.9421868324279785,-0.48522159457206726,-0.0316164530813694,1.0564186573028564,1.9944171905517578,3.440377712249756,3.014086961746216,1.6718064546585083,1.9879484176635742,2.5695762634277344,2.6416141986846924,1.4762001037597656,-3.4628734588623047,-2.2015957832336426,1.0159766674041748,3.1543655395507812,6.916813850402832
-5.753684043884277,-3.819169282913208,-5.363907337188721,-4.578526020050049,-5.375234127044678,-6.323988437652588,-8.259638786315918,-9.664651870727539,-11.80299186706543,-13.733650207519531,-13.683205604553223,-13.107190132141113,-12.50965690612793,-11.654160499572754,-10.986716270446777,-9.685280799865723,-8.032607078552246,-6.962681293487549,-6.996503829956055,-7.855007171630859,-7.666286945343018,-5.655806541442871,-3.9117941856384277,-2.736450672149658,-2.0348381996154785,-0.6649410724639893,-0.6187735795974731,2.6698482036590576,2.5944793224334717,5.665526390075684,6.695712566375732,10.73495101928711,12.684808731079102,7.999440670013428,5.747889995574951,5.569362640380859,11.166913986206055,5.343783378601074,-1.6197177171707153,3.103323221206665,6.650171756744385,7.128177165985107,8.546121597290039
-7.777812480926514,-4.7778449058532715,-6.446447849273682,-5.34232234954834,-7.018403053283691,-8.40599250793457,-10.317508697509766,-11.002326965332031,-11.809216499328613,-13.223753929138184,-13.451904296875,-12.4906587600708,-10.34414291381836,-9.313689231872559,-7.358351230621338,-5.296699523925781,-3.245102643966675,-2.557194709777832,-2.337059259414673,-2.6729519367218018,-3.5779106616973877,-1.758349895477295,-1.0189452171325684,-0.1986015886068344,0.2345583736896515,3.282064914703369,4.766270637512207,9.75933837890625,10.070343971252441,12.2913236618042,13.058512687683105,18.36237335205078,22.019853591918945,11.088945388793945,10.370023727416992,6.6969428062438965,15.582855224609375,10.596724510192871,-1.3376834392547607,6.368237495422363,10.115046501159668,12.517253875732422,15.23178768157959
-7.69913387298584,-7.342186450958252,-7.1665496826171875,-6.829449653625488,-7.66007661819458,-10.044154167175293,-11.438544273376465,-11.502593994140625,-12.311800003051758,-12.65900993347168,-10.485374450683594,-6.911677360534668,-6.311099052429199,-4.948823928833008,-4.874186038970947,-0.8319969773292542,0.2862817645072937,2.7580392360687256,2.502291202545166,1.8380032777786255,1.533547043800354,3.0746684074401855,-0.12812495231628418,2.7604429721832275,3.6020991802215576,7.190415859222412,12.336868286132812,16.855716705322266,19.147790908813477,16.367938995361328,18.090938568115234,20.264663696289062,26.201831817626953,13.800108909606934,6.204008102416992,7.937122821807861,10.39018440246582,12.722315788269043,4.579565525054932,2.516887903213501,6.492100238800049,17.92404556274414,5.631837844848633
-9.755617141723633,-9.078703880310059,-9.341891288757324,-8.372401237487793,-9.311198234558105,-11.33565616607666,-12.261767387390137,-11.465020179748535,-11.000472068786621,-9.494161605834961,-7.774511814117432,-6.1349873542785645,-4.879203796386719,-2.3827342987060547,0.030204983428120613,2.5673086643218994,3.9962379932403564,7.726333141326904,12.372512817382812,15.615875244140625,12.201497077941895,9.603527069091797,6.569234848022461,3.2275595664978027,4.180020809173584,8.264140129089355,12.403671264648438,16.50457763671875,18.191909790039062,17.053937911987305,18.95392608642578,18.563013076782227,23.818628311157227,12.336536407470703,-0.5647550821304321,5.816622257232666,4.009764671325684,14.702369689941406,6.921767711639404,1.9890708923339844,4.60996675491333,18.515783309936523,2.165165424346924
-10.798296928405762,-10.866249084472656,-10.269392013549805,-9.955381393432617,-10.486288070678711,-11.939406394958496,-12.01343822479248,-10.988957405090332,-9.190580368041992,-7.101640224456787,-5.517007350921631,-4.292151927947998,-3.3618335723876953,-1.563333511352539,6.0662455558776855,7.134340763092041,6.249800682067871,10.623591423034668,18.41937255859375,22.35759162902832,21.43208885192871,19.886611938476562,12.063985824584961,6.936603546142578,7.793191909790039,11.187140464782715,11.644661903381348,16.158187866210938,19.817079544067383,15.394307136535645,16.728334426879883,19.24086570739746,23.606548309326172,15.084319114685059,-1.9680830240249634,6.5204548835754395,12.681218147277832,14.908145904541016,16.831737518310547,14.306392669677734,14.94565486907959,15.317924499511719,14.02275276184082
-10.250072479248047,-10.91927433013916,-9.902459144592285,-9.908608436584473,-10.715376853942871,-11.417929649353027,-11.542576789855957,-10.606876373291016,-9.212947845458984,-6.859278202056885,-6.979456901550293,-5.479691982269287,-5.838674545288086,-2.2545084953308105,3.992543935775757,6.196506500244141,11.190291404724121,15.836812019348145,18.577865600585938,19.548288345336914,22.35041618347168,19.589885711669922,13.409071922302246,9.450645446777344,9.420781135559082,12.569066047668457,13.224906921386719,16.676273345947266,26.199357986450195,26.147369384765625,20.902376174926758,19.241140365600586,17.191326141357422,8.588883399963379,5.3536553382873535,10.932489395141602,16.32550048828125,17.145322799682617,14.812811851501465,14.068655014038086,15.374717712402344,15.999878883361816,15.031161308288574
-9.432719230651855,-9.957724571228027,-9.550078392028809,-9.037371635437012,-9.816182136535645,-10.835920333862305,-11.755078315734863,-10.351672172546387,-8.123435020446777,-7.504502773284912,-3.4940402507781982,-3.8231234550476074,-2.088672161102295,-0.2578677535057068,5.370440483093262,12.446613311767578,12.29792308807373,12.298528671264648,15.29682731628418,14.768577575683594,14.028202056884766,19.78647804260254,16.53333854675293,9.852337837219238,8.939383506774902,11.842546463012695,12.790472030639648,18.025354385375977,26.900421142578125,29.56959342956543,31.936824798583984,20.25444984436035,5.0990891456604,3.6044294834136963,6.7297587394714355,12.215860366821289,17.836044311523438,18.550905227661133,15.629899024963379,16.01146697998047,17.622955322265625,16.99901008605957,14.067859649658203
-7.288243770599365,-8.614137649536133,-9.103065490722656,-9.421283721923828,-9.740837097167969,-9.184807777404785,-6.380784034729004,-4.615878105163574,-5.883171558380127,-5.867565631866455,-3.676954984664917,0.9720298647880554,7.137546539306641,11.849066734313965,12.63388442993164,10.457389831542969,9.080801010131836,9.064019203186035,11.841171264648438,16.316579818725586,14.356931686401367,16.009796142578125,23.56776237487793,22.050451278686523,17.821931838989258,16.128992080688477,18.31073760986328,20.984304428100586,22.146522521972656,16.349597930908203,10.91634464263916,4.8567585945129395,4.8994669914245605,6.699317455291748,10.625656127929688,13.800496101379395,15.991537094116211,19.18952178955078,18.303407669067383,14.642287254333496,13.900308609008789,11.903690338134766,10.669693946838379
-5.5787739753723145,-8.106355667114258,-8.085065841674805,-8.42803955078125,-9.085878372192383,-8.629703521728516,-5.070497512817383,-0.3693699240684509,0.09412334859371185,-3.628514289855957,-5.724727630615234,-0.03634462133049965,4.756505012512207,9.26598834991455,9.218533515930176,9.061942100524902,8.683770179748535,7.772639274597168,10.829992294311523,15.978035926818848,20.21257972717285,19.100488662719727,24.17972755432129,28.153532028198242,29.40949058532715,27.215608596801758,26.23714256286621,26.66018295288086,22.515705108642578,21.178451538085938,16.784772872924805,14.16516399383545,14.20846939086914,15.200847625732422,17.77823257446289,15.657815933227539,16.737594604492188,18.003801345825195,16.365007400512695,12.332876205444336,11.25207805633545,11.701191902160645,11.29959774017334
-4.394802093505859,-5.578484058380127,-7.246920585632324,-6.761430263519287,-4.7571587562561035,-6.41602087020874,-6.0044660568237305,-2.0823721885681152,-1.3796935081481934,-1.0910613536834717,-1.7962311506271362,3.732365846633911,2.4847350120544434,7.706212520599365,7.819097518920898,8.823137283325195,8.46528148651123,10.978293418884277,12.93441104888916,18.483583450317383,23.471242904663086,23.314559936523438,25.7401065826416,30.03848648071289,28.498241424560547,24.903223037719727,24.01785659790039,23.654220581054688,22.970977783203125,22.04358673095703,22.115177154541016,21.976938247680664,21.890684127807617,22.97693634033203,22.106353759765625,20.596946716308594,20.441022872924805,19.851585388183594,16.07856559753418,12.953636169433594,13.90529727935791,13.788945198059082,12.580142974853516
-3.5925416946411133,-6.25282621383667,-2.9262399673461914,-2.906649351119995,-6.2789106369018555,-9.268791198730469,-10.102425575256348,-7.894315242767334,-3.4940030574798584,0.0017760390182957053,4.883040428161621,6.9092512130737305,0.4005376696586609,2.74540114402771,6.912726879119873,7.789840221405029,9.854063987731934,15.122913360595703,17.764217376708984,21.366073608398438,26.740924835205078,26.265213012695312,23.061330795288086,25.03651237487793,24.726346969604492,23.91770362854004,23.691347122192383,23.176528930664062,23.197118759155273,23.96927833557129,25.478797912597656,24.71042251586914,23.29086685180664,23.35125732421875,23.4537410736084,22.78490447998047,21.998424530029297,19.131275177001953,13.839740753173828,13.572281837463379,13.149117469787598,10.500718116760254,8.532613754272461
-5.2910943031311035,-4.010959625244141,-1.6388214826583862,-3.734612464904785,-7.784337043762207,-9.23096752166748,-7.103590488433838,-5.477958679199219,-5.691349506378174,2.1428844928741455,6.493594169616699,9.72057056427002,-4.66892147064209,-5.085702419281006,0.10233816504478455,1.2648344039916992,10.168447494506836,17.263784408569336,21.61528205871582,22.383708953857422,25.345706939697266,23.64434814453125,23.349960327148438,25.511337280273438,24.136079788208008,23.668241500854492,26.323890686035156,26.523317337036133,25.08405876159668,27.250110626220703,26.409164428710938,30.36026954650879,27.515872955322266,25.719608306884766,27.649843215942383,23.214786529541016,22.419790267944336,19.710311889648438,13.06277084350586,13.013542175292969,11.851126670837402,7.63962984085083,5.557198524475098
-3.196026086807251,-1.2609957456588745,-2.7919886112213135,-4.986654281616211,-5.410092830657959,-2.523177146911621,-1.4079499244689941,2.1516802310943604,-3.3032357692718506,3.5624682903289795,5.728776454925537,17.908803939819336,1.7696952819824219,-11.20270824432373,-5.831365585327148,4.421086311340332,18.011837005615234,20.984098434448242,21.90711212158203,24.002946853637695,24.08135986328125,23.1033878326416,22.096235275268555,23.612932205200195,23.61199378967285,25.82933235168457,29.65401840209961,31.27466583251953,28.892189025878906,27.771982192993164,30.46024513244629,31.39586639404297,28.859182357788086,27.0435848236084,28.154672622680664,22.9497013092041,22.062496185302734,20.15581512451172,14.16364860534668,13.488707542419434,13.075321197509766,12.258645057678223,12.350833892822266
