data/wind_data/wind_30_1.json
{"header": {"parameterUnit": "KT", "parameterCategory": 2, "nx": 256, "ny": 198, "lo1": 44.73521041870117, "la1": -3.236724853515625, "lo2": 111.26478576660156, "la2": 43.468475341796875, "dx": 0.2609002888202667, "dy": -0.23708222806453705, "refTime": "2025-02-20 06:00:00", "forecastTime": 0, "parameterNumber": 2, "parameterNumberName": "eastward_wind"}, "data":
[rows 19 to 37 of 198, columns 129 to 171 of 256]
-1.5574073791503906,-0.16864968836307526,-1.130487322807312,-1.5397768020629883,-0.02789287082850933,1.154849886894226,-2.5146102905273438,-1.0188637971878052,-7.930662155151367,-7.750105381011963,-4.23565149307251,-1.846960425376892,-2.6118452548980713,0.22650793194770813,1.4171756505966187,1.73552405834198,-4.173843860626221,-9.937366485595703,-10.947037696838379,-4.286767482757568,-4.234862804412842,-6.0308356285095215,-2.727980136871338,-2.4481594562530518,-8.677894592285156,-5.917641639709473,-7.6275248527526855,-6.799870491027832,-3.8059613704681396,-3.1458323001861572,-5.098957061767578,-5.497329235076904,-4.270900249481201,-3.758885622024536,-1.2155400514602661,-1.6386245489120483,2.704968214035034,0.9846440553665161,-2.7037973403930664,0.6414137482643127,-2.2328665256500244,-7.303374290466309,-5.235966682434082
-3.7304389476776123,-1.2666397094726562,-1.945918083190918,-5.428279876708984,-3.2122802734375,1.5000098943710327,-1.863333821296692,-3.104768753051758,-7.572194576263428,-5.475314140319824,-4.793839454650879,-4.869441986083984,-3.199131727218628,-2.164091110229492,-1.8406457901000977,1.4904464483261108,-0.8065106272697449,-8.218311309814453,-8.220481872558594,-8.191261291503906,-6.459432125091553,-7.267292022705078,-7.203239917755127,-5.4200944900512695,-5.708157539367676,-8.684442520141602,-9.21874713897705,-7.859034538269043,-3.9539618492126465,-2.1485650539398193,-5.789438724517822,-5.582489490509033,-2.4713175296783447,-0.16469630599021912,1.2689285278320312,0.22643187642097473,4.385589122772217,-2.686551094055176,-1.8405438661575317,-1.0915592908859253,-3.805854558944702,-7.596951484680176,-5.370649814605713
-3.9013800621032715,-3.84285569190979,-4.822399139404297,-10.502992630004883,-3.8098912239074707,-0.08878599852323532,-3.454583168029785,-8.054649353027344,-5.720397472381592,-2.4367549419403076,-0.20405663549900055,-3.934701442718506,-6.497550010681152,-4.48959493637085,-7.526970386505127,-4.533535957336426,-2.478079080581665,-6.68556022644043,-9.60082721710205,-7.31202507019043,-4.646208763122559,-7.144373893737793,-8.121434211730957,-4.975188732147217,-5.9896392822265625,-8.645843505859375,-9.789260864257812,-8.825392723083496,-3.9393248558044434,-4.019996643066406,-5.055226802825928,-2.7990193367004395,-1.5849111080169678,0.7273048758506775,4.0267767906188965,2.9197046756744385,3.972215175628662,-5.364837169647217,-0.603928804397583,-3.1929574012756348,-7.772516250610352,-6.617948532104492,-7.682875156402588
-5.8551506996154785,-4.422715663909912,-4.8417158126831055,-5.085463047027588,-5.6676926612854,-3.7300751209259033,-5.807040214538574,-9.480785369873047,-7.6168107986450195,-2.7311673164367676,-0.8236534595489502,-3.687070608139038,-4.968882083892822,-7.465946674346924,-12.072011947631836,-11.299623489379883,-2.6318066120147705,-6.845912933349609,-9.125322341918945,-7.3030242919921875,-1.7239477634429932,-7.022201061248779,-7.026477336883545,-6.469809055328369,-9.75330638885498,-8.3045072555542,-7.647862911224365,-8.47000789642334,-4.243450164794922,-5.341409206390381,-5.027348041534424,-3.537369728088379,-2.9788753986358643,-0.6100671291351318,3.1517791748046875,4.164148330688477,-5.125243186950684,-0.7995544075965881,-0.23484493792057037,-7.701172828674316,-10.12509536743164,-5.995569705963135,-8.63812255859375
-7.675517559051514,-5.006926536560059,-5.433215618133545,-7.1984100341796875,-4.75727653503418,-6.040542125701904,-5.039532661437988,-9.945205688476562,-3.7859272956848145,-4.216358184814453,-4.019048690795898,-3.6216907501220703,-8.290063858032227,-9.160181045532227,-10.426545143127441,-7.562015533447266,-6.616148471832275,-5.94864559173584,-6.605663299560547,-7.579392910003662,-4.154129505157471,-5.5688862800598145,-6.7229132652282715,-8.64934253692627,-10.691584587097168,-7.646304607391357,-7.596809387207031,-7.914178371429443,-4.489663124084473,-5.261807441711426,-6.0726752281188965,-6.513250350952148,-3.2171409130096436,-2.1269261837005615,0.9523813128471375,-0.167226180434227,-3.871023416519165,-1.5065999031066895,-5.420636177062988,-12.581648826599121,-8.45358943939209,-7.904023170471191,-6.774950981140137
-2.932572364807129,-5.863996505737305,-5.290589809417725,-8.695261001586914,-6.081266403198242,-8.475431442260742,-4.878702640533447,-4.124139785766602,-5.1480937004089355,-6.293229579925537,-6.491995334625244,-6.632533550262451,-6.077922344207764,-10.491695404052734,-8.561205863952637,-6.866466999053955,-7.746712684631348,-9.217697143554688,-6.417806148529053,-5.708183765411377,-4.679098606109619,-5.73054838180542,-7.85447359085083,-8.141438484191895,-8.68503475189209,-8.266324996948242,-6.898541450500488,-8.117918014526367,-4.413504123687744,-4.53445291519165,-6.064790725708008,-5.192159175872803,-2.6813244819641113,-2.2969577312469482,-0.7192121744155884,-0.8463104963302612,-3.6430065631866455,-6.238648891448975,-8.479513168334961,-11.434625625610352,-8.665544509887695,-7.731950759887695,-6.972023963928223
-0.9371495246887207,-4.206820487976074,-6.214611530303955,-8.500499725341797,-8.965446472167969,-7.962001800537109,-5.053318977355957,-3.4708547592163086,-4.1073784828186035,-6.997779846191406,-7.538075923919678,-6.494858741760254,-6.6068243980407715,-7.980809211730957,-9.215231895446777,-8.916693687438965,-8.160569190979004,-8.370826721191406,-7.512088298797607,-6.205080509185791,-6.348823547363281,-6.961674690246582,-8.474174499511719,-9.162625312805176,-7.61521577835083,-7.6672139167785645,-6.33861780166626,-6.364492893218994,-4.147566318511963,-3.4380083084106445,-4.022341251373291,-1.70684814453125,-3.125915765762329,-2.314922332763672,-0.35893383622169495,-2.880058765411377,-7.977635383605957,-7.405949592590332,-10.0745210647583,-10.0379638671875,-7.19105339050293,-7.512604236602783,-6.680690765380859
-2.230534076690674,-3.2809951305389404,-5.545870780944824,-9.421273231506348,-8.021583557128906,-8.047382354736328,-5.716232776641846,-3.412696123123169,-3.705740451812744,-6.230474948883057,-8.853103637695312,-8.498351097106934,-7.594379425048828,-7.771595478057861,-8.094229698181152,-8.009279251098633,-8.397045135498047,-8.036714553833008,-8.105829238891602,-7.52855920791626,-8.318900108337402,-8.429104804992676,-8.261408805847168,-8.651701927185059,-8.522937774658203,-7.72299861907959,-6.1080803871154785,-4.75374698638916,-4.417703628540039,-3.3252103328704834,-1.4047813415527344,0.45244863629341125,-4.060886859893799,-2.9589176177978516,-1.5469025373458862,-8.324292182922363,-8.021855354309082,-10.129056930541992,-9.493607521057129,-8.98377799987793,-6.2896833419799805,-6.343567371368408,-5.285837173461914
-0.9242945313453674,-3.742910861968994,-4.444722652435303,-7.931947708129883,-9.061776161193848,-8.11926555633545,-6.8031535148620605,-5.268681526184082,-3.9860355854034424,-5.028562545776367,-11.29612922668457,-10.462023735046387,-8.524614334106445,-7.330197334289551,-7.495472431182861,-8.082293510437012,-9.203832626342773,-9.263949394226074,-7.97285270690918,-7.434951305389404,-9.139119148254395,-10.0250883102417,-9.732248306274414,-9.204036712646484,-8.610507011413574,-7.881436824798584,-6.759737491607666,-5.279489994049072,-4.403285026550293,-3.2711803913116455,-2.3521883487701416,-3.8012499809265137,-5.270256042480469,-4.2181620597839355,-6.422403812408447,-8.286826133728027,-9.160537719726562,-10.205204010009766,-8.910404205322266,-7.244781017303467,-6.667176723480225,-5.465888023376465,-3.0796074867248535
3.2038559913635254,-0.8739597797393799,-5.48902702331543,-5.886568069458008,-8.148006439208984,-7.699203968048096,-7.2223100662231445,-6.696711540222168,-5.042491436004639,-3.0464391708374023,-14.993148803710938,-11.767212867736816,-9.0511474609375,-7.432277679443359,-7.467443466186523,-8.448317527770996,-8.885028839111328,-9.76803970336914,-8.872260093688965,-8.223908424377441,-9.618965148925781,-10.04131031036377,-10.112333297729492,-8.75146484375,-8.000486373901367,-8.927023887634277,-8.607935905456543,-5.721710681915283,-3.5368189811706543,-4.460257530212402,-5.520815372467041,-5.8308281898498535,-6.765031337738037,-6.237409591674805,-6.299041271209717,-8.165811538696289,-8.104964256286621,-6.4692583084106445,-5.624709129333496,-7.905694484710693,-6.8323235511779785,-5.305371284484863,-3.5468084812164307
2.2818551063537598,1.1302106380462646,-1.913879632949829,-4.8524651527404785,-6.713688373565674,-6.8878092765808105,-7.07203483581543,-7.897753715515137,-6.710723876953125,-6.094411849975586,-9.909022331237793,-9.423242568969727,-9.509112358093262,-8.04645824432373,-7.131105422973633,-8.640275955200195,-9.0760498046875,-10.91502571105957,-10.444174766540527,-9.161615371704102,-9.285353660583496,-9.919755935668945,-9.993145942687988,-8.14803695678711,-6.81224250793457,-10.16950798034668,-9.989990234375,-6.174045562744141,-4.562039852142334,-7.058341979980469,-6.180997848510742,-5.761970520019531,-6.160468578338623,-4.932147979736328,-3.5203537940979004,-8.857820510864258,-9.123482704162598,-6.15340518951416,-3.52066707611084,-9.695069313049316,-6.502388000488281,-6.079280376434326,-7.2344255447387695
0.7465307116508484,-1.4540318250656128,2.5002715587615967,-7.153857231140137,-5.72957181930542,-6.979553699493408,-7.634400367736816,-8.017849922180176,-7.524973392486572,-6.631869792938232,-6.1926493644714355,-6.7358856201171875,-8.625558853149414,-8.569565773010254,-6.341794967651367,-7.892126560211182,-11.498283386230469,-12.213556289672852,-10.95300579071045,-10.453214645385742,-10.136850357055664,-10.019868850708008,-9.676186561584473,-8.459379196166992,-8.233099937438965,-9.932762145996094,-9.595388412475586,-7.443148136138916,-6.588225364685059,-7.086921691894531,-5.250250816345215,-5.598383903503418,-6.770971298217773,-4.889185905456543,-6.088329315185547,-11.241488456726074,-9.548482894897461,-7.4548821449279785,-7.00978946685791,-6.462675094604492,-4.494599342346191,-8.686563491821289,-10.377166748046875
-0.5162768959999084,0.718885600566864,1.0646306276321411,-5.142756462097168,-8.740158081054688,-7.77528190612793,-8.2937650680542,-8.677706718444824,-8.312799453735352,-7.512011528015137,-6.510416030883789,-5.449975967407227,-5.399022102355957,-7.305679798126221,-5.932516098022461,-7.1816511154174805,-12.933300018310547,-13.048938751220703,-11.543868064880371,-11.098248481750488,-10.108059883117676,-10.005154609680176,-10.40291976928711,-9.646747589111328,-8.72569465637207,-9.087968826293945,-8.864465713500977,-7.898501873016357,-7.099463939666748,-5.902101516723633,-4.739333152770996,-8.042197227478027,-8.941457748413086,-6.870584964752197,-9.55420970916748,-10.925056457519531,-7.43364143371582,-6.0048604011535645,-6.564515590667725,-5.801689147949219,-4.576015949249268,-9.621514320373535,-10.389007568359375
-1.520814061164856,1.691197156906128,3.9129347801208496,-5.589090824127197,-9.754204750061035,-9.484740257263184,-8.576471328735352,-9.365082740783691,-8.813665390014648,-7.968491554260254,-6.990684509277344,-5.935122489929199,-4.479866027832031,-5.267793655395508,-6.497623443603516,-7.487735748291016,-10.778340339660645,-12.851351737976074,-12.084427833557129,-10.445867538452148,-10.139671325683594,-9.519594192504883,-10.857975006103516,-10.828161239624023,-8.90221881866455,-8.755359649658203,-8.640093803405762,-8.113980293273926,-7.000592231750488,-5.807485103607178,-6.897757053375244,-10.42603588104248,-9.334203720092773,-6.933648586273193,-9.001543045043945,-10.647022247314453,-8.03425121307373,-6.260143280029297,-6.846397876739502,-8.127947807312012,-7.078240394592285,-6.995340824127197,-7.730353832244873
0.3923465609550476,1.3021777868270874,5.6721038818359375,-1.9844970703125,-8.588916778564453,-9.477380752563477,-8.518463134765625,-9.367326736450195,-9.246352195739746,-8.4194917678833,-7.562867641448975,-6.414762020111084,-4.7205281257629395,-5.766942024230957,-6.451066970825195,-8.833230018615723,-8.612508773803711,-11.288171768188477,-11.5477294921875,-9.86481761932373,-10.019487380981445,-10.315974235534668,-9.897725105285645,-9.77180004119873,-9.30575942993164,-9.634654998779297,-9.018716812133789,-7.900550365447998,-7.285882949829102,-7.850399494171143,-9.076423645019531,-9.491209983825684,-7.832065582275391,-6.260716915130615,-8.23340892791748,-11.66568660736084,-9.921934127807617,-8.395816802978516,-9.045794486999512,-9.620457649230957,-7.265292644500732,-4.745662689208984,-4.7184834480285645
-0.40487441420555115,0.10206913948059082,3.589416027069092,2.3654372692108154,-1.7509368658065796,-5.909097671508789,-7.017228603363037,-8.132871627807617,-9.4069185256958,-9.140860557556152,-8.378157615661621,-7.286374568939209,-4.645511627197266,-6.054502487182617,-4.373521327972412,-7.3195648193359375,-9.113236427307129,-10.175963401794434,-10.0692777633667,-9.806028366088867,-9.023599624633789,-10.015752792358398,-8.714351654052734,-6.988201141357422,-8.721693992614746,-11.344605445861816,-9.4813871383667,-8.167155265808105,-8.075328826904297,-9.62752628326416,-10.121224403381348,-8.78378677368164,-7.511969089508057,-7.601993083953857,-10.573119163513184,-12.478143692016602,-10.80806827545166,-8.958333969116211,-9.02159309387207,-8.244359970092773,-7.223049163818359,-6.727965354919434,-6.639195919036865
-3.2655580043792725,0.5351454615592957,1.874021053314209,3.349458932876587,4.538071155548096,-0.5751937627792358,-0.6653684973716736,-3.155275821685791,-6.733287334442139,-8.689537048339844,-8.844866752624512,-8.240663528442383,-4.333837032318115,-5.766997814178467,-3.6064462661743164,-4.005052089691162,-9.678187370300293,-9.864921569824219,-8.291946411132812,-8.716883659362793,-8.824377059936523,-9.171043395996094,-8.707594871520996,-7.599743366241455,-7.772047519683838,-10.810638427734375,-10.122632026672363,-8.028342247009277,-8.032922744750977,-10.181883811950684,-10.67602252960205,-9.295016288757324,-8.973913192749023,-10.33934211730957,-11.691133499145508,-12.747201919555664,-11.400064468383789,-9.319897651672363,-7.730865955352783,-6.8476104736328125,-8.882266998291016,-8.801226615905762,-6.336521148681641
-3.4241602420806885,0.006998920813202858,1.8091566562652588,2.635133981704712,5.566016674041748,0.5676634311676025,7.186426639556885,3.743062973022461,0.7138717174530029,-4.458736896514893,-7.047362804412842,-8.526415824890137,-5.2075300216674805,-4.417363166809082,-5.8184943199157715,-1.6053749322891235,-8.755118370056152,-8.211877822875977,-8.539432525634766,-7.103706359863281,-9.098611831665039,-8.419398307800293,-9.558506965637207,-9.178659439086914,-6.8971171379089355,-7.860307216644287,-10.616106033325195,-8.808126449584961,-8.41833782196045,-10.736647605895996,-10.770140647888184,-9.741629600524902,-10.588568687438965,-11.068171501159668,-11.110579490661621,-12.402665138244629,-11.7360258102417,-9.591546058654785,-7.851333141326904,-7.488437652587891,-9.546083450317383,-8.432356834411621,-6.6206817626953125
-2.138589382171631,-0.5546392798423767,0.44149354100227356,2.254589319229126,3.9203507900238037,1.1434208154678345,7.3248291015625,1.6800631284713745,5.045899391174316,-3.748155117034912,-8.451982498168945,-7.189778804779053,-5.8191022872924805,-3.32878041267395,-6.374866962432861,-4.369091987609863,-6.377138137817383,-5.815835952758789,-8.61704158782959,-6.211439609527588,-9.060096740722656,-8.594208717346191,-9.253497123718262,-7.635457992553711,-5.934835433959961,-5.615889072418213,-8.93165397644043,-10.250839233398438,-9.91638469696045,-10.389338493347168,-9.813827514648438,-9.630922317504883,-10.073741912841797,-9.271036148071289,-10.161967277526855,-11.935271263122559,-11.184704780578613,-10.105894088745117,-10.306203842163086,-10.183097839355469,-8.614521980285645,-8.071657180786133,-8.647768020629883
