data/wind_data/wind_61_6.json
{"header": {"parameterUnit": "KT", "parameterCategory": 2, "nx": 256, "ny": 198, "lo1": 44.73521041870117, "la1": -3.236724853515625, "lo2": 111.26478576660156, "la2": 43.468475341796875, "dx": 0.2609002888202667, "dy": -0.23708222806453705, "refTime": "2025-02-21 13:00:00", "forecastTime": 0, "parameterNumber": 2, "parameterNumberName": "eastward_wind"}, "data":
[rows 20 to 39 of 198, columns 45 to 89 of 256]
-5.11847448348999,-5.63642692565918,-5.793970108032227,-5.82685661315918,-6.359918117523193,-7.4224853515625,-8.599489212036133,-9.465202331542969,-9.818548202514648,-9.71379566192627,-9.58803939819336,-9.485041618347168,-9.459198951721191,-9.273823738098145,-8.662700653076172,-7.8089823722839355,-6.942610740661621,-6.030950546264648,-5.57633113861084,-5.970545291900635,-6.9112420082092285,-7.67519474029541,-7.5599799156188965,-7.039158821105957,-6.516029357910156,-6.069574356079102,-5.724111557006836,-5.550685882568359,-5.501101970672607,-5.32696008682251,-4.824890613555908,-4.728424549102783,-5.373559474945068,-5.986158847808838,-5.956505298614502,-5.548566818237305,-5.12801456451416,-4.752315521240234,-4.19708251953125,-3.426412343978882,-2.781555414199829,-2.7277190685272217,-3.072829246520996,-3.3694863319396973,-3.269357204437256
-5.028710842132568,-5.68203592300415,-5.894744873046875,-6.05484676361084,-6.624344825744629,-7.69167947769165,-8.865126609802246,-9.657442092895508,-9.963493347167969,-9.765032768249512,-9.385639190673828,-9.498055458068848,-9.501354217529297,-9.256710052490234,-8.980169296264648,-8.463900566101074,-7.976356506347656,-7.301353454589844,-7.021286487579346,-7.135272979736328,-7.496615886688232,-7.734229564666748,-7.748343467712402,-7.414829254150391,-6.884245872497559,-6.374706745147705,-5.841135501861572,-5.565314769744873,-5.3821563720703125,-5.124790668487549,-4.848021507263184,-4.906378746032715,-5.298299312591553,-5.73703670501709,-5.947795391082764,-5.793829917907715,-5.374996662139893,-4.725205421447754,-3.9690980911254883,-3.0358662605285645,-2.2169015407562256,-2.0800864696502686,-2.4195597171783447,-2.6207504272460938,-2.5716331005096436
-5.296698570251465,-5.886712074279785,-6.455699443817139,-6.97792387008667,-7.54597806930542,-8.316162109375,-9.1295804977417,-9.62713623046875,-9.717476844787598,-9.635087966918945,-9.470224380493164,-9.638938903808594,-9.701172828674316,-9.491537094116211,-9.087738990783691,-8.865143775939941,-8.67693042755127,-8.418192863464355,-8.203064918518066,-8.051706314086914,-7.98987340927124,-7.952391624450684,-7.860922813415527,-7.529468059539795,-7.146655559539795,-6.760511875152588,-6.143589496612549,-5.678620338439941,-5.283442497253418,-4.978600025177002,-4.895749568939209,-5.009354114532471,-5.172999382019043,-5.302993297576904,-5.458773612976074,-5.697876930236816,-5.728899002075195,-5.1428422927856445,-4.254940509796143,-3.2284538745880127,-2.245375633239746,-1.8281422853469849,-1.9588860273361206,-2.066316843032837,-1.8198610544204712
-5.9891886711120605,-6.265326023101807,-6.8123087882995605,-7.592935562133789,-8.243263244628906,-8.789597511291504,-9.264772415161133,-9.573643684387207,-9.652965545654297,-9.579025268554688,-9.609209060668945,-9.815978050231934,-9.769935607910156,-9.348301887512207,-8.952938079833984,-8.871654510498047,-8.873394012451172,-8.713815689086914,-8.422825813293457,-8.316807746887207,-8.297185897827148,-8.142823219299316,-7.749887943267822,-7.389260292053223,-7.17341423034668,-6.613009929656982,-5.9573798179626465,-5.529975414276123,-5.101258277893066,-4.747275352478027,-4.523523807525635,-4.630770683288574,-4.85719633102417,-4.906192302703857,-4.888418674468994,-5.190890789031982,-5.531466007232666,-5.350325107574463,-4.634270668029785,-3.5600595474243164,-2.307762861251831,-1.5963584184646606,-1.642744541168213,-1.8314645290374756,-1.5888326168060303
-6.4777703285217285,-6.690903663635254,-7.043555736541748,-7.809683799743652,-8.614824295043945,-9.127939224243164,-9.357283592224121,-9.554561614990234,-9.701170921325684,-9.635151863098145,-9.566142082214355,-9.608858108520508,-9.441652297973633,-9.073946952819824,-8.678165435791016,-8.543092727661133,-8.532496452331543,-8.371678352355957,-8.100378036499023,-7.905219078063965,-7.687262535095215,-7.3501505851745605,-7.098679065704346,-6.920845985412598,-6.600296974182129,-6.081997871398926,-5.666126728057861,-5.257974147796631,-4.776651859283447,-4.2711687088012695,-3.900860071182251,-3.9169745445251465,-4.164153575897217,-4.288552761077881,-4.262261390686035,-4.370337963104248,-4.74743127822876,-5.062264919281006,-4.825015068054199,-3.847419500350952,-2.5019025802612305,-1.4852147102355957,-1.3056113719940186,-1.6657365560531616,-1.8042277097702026
-6.892940044403076,-7.243399143218994,-7.452654838562012,-8.040789604187012,-8.79599380493164,-9.41463851928711,-9.6690092086792,-9.69161605834961,-9.629156112670898,-9.4874267578125,-9.356232643127441,-9.203252792358398,-8.949081420898438,-8.58745288848877,-8.199196815490723,-7.992591857910156,-7.892705917358398,-7.654272556304932,-7.233232498168945,-6.837637901306152,-6.494410991668701,-6.253585338592529,-6.097744464874268,-5.893904209136963,-5.561491012573242,-5.109935283660889,-4.788477420806885,-4.4537739753723145,-4.083408355712891,-3.717379570007324,-3.3243579864501953,-3.0714643001556396,-3.1559925079345703,-3.4617698192596436,-3.640413999557495,-3.668837070465088,-3.908757209777832,-4.418428421020508,-4.741276741027832,-4.317623615264893,-3.2979485988616943,-2.300295829772949,-1.8418253660202026,-1.9617685079574585,-2.030538320541382
-7.6438164710998535,-8.12153434753418,-8.242330551147461,-8.548784255981445,-8.994861602783203,-9.49990463256836,-9.830525398254395,-9.732084274291992,-9.433503150939941,-9.208373069763184,-9.018641471862793,-8.732784271240234,-8.363870620727539,-8.016343116760254,-7.6705217361450195,-7.377828121185303,-7.144010066986084,-6.789322853088379,-6.240870952606201,-5.728593349456787,-5.412350177764893,-5.287956237792969,-5.18386697769165,-5.138794422149658,-5.000604152679443,-4.646234035491943,-4.135002136230469,-3.6267967224121094,-3.265205144882202,-3.0920827388763428,-2.8630268573760986,-2.5899994373321533,-2.5592212677001953,-2.863023519515991,-3.0725786685943604,-2.973961353302002,-3.0301499366760254,-3.6052663326263428,-4.3611369132995605,-4.580703258514404,-4.146179676055908,-3.479781150817871,-2.894343852996826,-2.480822801589966,-2.123154401779175
-8.272018432617188,-8.702159881591797,-8.79798698425293,-8.814498901367188,-9.04781436920166,-9.26476764678955,-9.611452102661133,-9.565707206726074,-9.223596572875977,-8.898467063903809,-8.674656867980957,-8.296452522277832,-7.858345985412598,-7.512470722198486,-7.256813049316406,-6.983985900878906,-6.679263114929199,-6.268158912658691,-5.731223106384277,-5.215360164642334,-4.912388801574707,-4.653946399688721,-4.6376633644104,-4.82929801940918,-4.875635623931885,-4.578559875488281,-3.9455461502075195,-3.2399346828460693,-2.64974045753479,-2.3873023986816406,-2.4165985584259033,-2.5080323219299316,-2.6059000492095947,-2.654254913330078,-2.5311670303344727,-2.281308889389038,-2.212109088897705,-2.698500871658325,-3.6131834983825684,-4.3815484046936035,-4.494708061218262,-4.054939270019531,-3.38462495803833,-2.8074607849121094,-2.358461380004883
-8.378087043762207,-8.535017967224121,-8.65304946899414,-8.58446979522705,-8.807812690734863,-9.024677276611328,-9.339373588562012,-9.352757453918457,-9.034311294555664,-8.63787841796875,-8.32556438446045,-7.968894958496094,-7.5517401695251465,-7.138887405395508,-6.877636432647705,-6.725527286529541,-6.508449554443359,-6.101471900939941,-5.597865581512451,-5.229844093322754,-5.022693157196045,-4.743020057678223,-4.603456974029541,-4.630488872528076,-4.615991115570068,-4.4130330085754395,-3.8994710445404053,-3.2076501846313477,-2.463114023208618,-2.0262484550476074,-2.084986448287964,-2.3147687911987305,-2.4600236415863037,-2.310134172439575,-1.959224820137024,-1.666488766670227,-1.5871689319610596,-1.9370182752609253,-2.8169727325439453,-3.8948450088500977,-4.417613983154297,-4.090380668640137,-3.3812496662139893,-3.0857462882995605,-3.1717987060546875
-7.9677863121032715,-7.757680416107178,-7.759580612182617,-8.014541625976562,-8.2748384475708,-8.533926010131836,-8.82044792175293,-8.95563793182373,-8.695796012878418,-8.362232208251953,-7.904004096984863,-7.470399856567383,-7.201732158660889,-6.911501884460449,-6.756242275238037,-6.627383708953857,-6.460809230804443,-6.113383769989014,-5.72405481338501,-5.530796527862549,-5.367469787597656,-5.154890537261963,-4.941798210144043,-4.750341892242432,-4.628594875335693,-4.495944976806641,-4.2354207038879395,-3.74701189994812,-3.0159027576446533,-2.4313600063323975,-2.3224542140960693,-2.3852717876434326,-2.4358201026916504,-2.1114773750305176,-1.5589499473571777,-1.2415894269943237,-1.3030203580856323,-1.600691795349121,-2.2610924243927,-3.3246586322784424,-4.136936664581299,-4.128332614898682,-3.7183730602264404,-3.8493359088897705,-4.284622669219971
-7.17679500579834,-6.8078413009643555,-6.800270080566406,-7.119627952575684,-7.455350875854492,-7.611494541168213,-7.79514741897583,-8.045246124267578,-8.059592247009277,-7.7044677734375,-7.298373222351074,-6.752791881561279,-6.68110466003418,-6.687274932861328,-6.80821418762207,-6.903020858764648,-6.818038463592529,-6.5738935470581055,-6.192811489105225,-5.8357415199279785,-5.5583367347717285,-5.377946376800537,-5.303017616271973,-5.11289644241333,-4.9516215324401855,-4.972718238830566,-4.949129581451416,-4.664311408996582,-4.0960693359375,-3.4895448684692383,-3.17598819732666,-3.1030802726745605,-3.003734827041626,-2.5500309467315674,-1.8337225914001465,-1.3831596374511719,-1.435941457748413,-1.6916770935058594,-2.053835868835449,-2.7347702980041504,-3.5964574813842773,-4.010567665100098,-3.9508326053619385,-4.0121283531188965,-4.351016521453857
-6.5840044021606445,-6.200143337249756,-5.969627380371094,-6.002803802490234,-6.310835361480713,-6.601963996887207,-6.535344123840332,-6.7266974449157715,-7.250365734100342,-7.065123558044434,-6.78090763092041,-6.2714524269104,-6.104161739349365,-6.305357456207275,-6.664318084716797,-7.040365695953369,-7.1722283363342285,-7.034944534301758,-6.655221939086914,-6.065211772918701,-5.4824981689453125,-5.259969234466553,-5.383141040802002,-5.459193229675293,-5.3946990966796875,-5.430408000946045,-5.515624523162842,-5.409093379974365,-5.05495023727417,-4.480624675750732,-4.000123977661133,-3.724618911743164,-3.521522045135498,-3.0991387367248535,-2.4655935764312744,-2.012092351913452,-1.8251667022705078,-1.854236364364624,-2.019348621368408,-2.5236780643463135,-3.3018856048583984,-3.705338954925537,-3.656071186065674,-3.5878746509552,-3.9569520950317383
-6.177098751068115,-5.822583198547363,-5.328698635101318,-5.019149303436279,-5.207217216491699,-5.665136814117432,-5.528809070587158,-5.766276836395264,-6.483476638793945,-6.296165466308594,-6.614064693450928,-5.988089561462402,-5.801337242126465,-5.890256881713867,-6.228027820587158,-6.666855812072754,-6.936047554016113,-7.038425922393799,-6.907451629638672,-6.432331085205078,-5.73160982131958,-5.240541934967041,-5.262515544891357,-5.604146957397461,-5.719598770141602,-5.647510528564453,-5.781907558441162,-5.846682071685791,-5.648784637451172,-5.072168350219727,-4.427735805511475,-3.9989802837371826,-3.7177112102508545,-3.4203715324401855,-3.0366218090057373,-2.6550889015197754,-2.243617534637451,-1.9846173524856567,-2.2808141708374023,-2.9686760902404785,-3.516216993331909,-3.4909634590148926,-3.2102253437042236,-3.333937644958496,-4.009885311126709
-5.6466498374938965,-5.211551666259766,-4.7826972007751465,-4.303512096405029,-4.198867321014404,-4.645369529724121,-5.2688775062561035,-5.824237823486328,-5.913114070892334,-6.039535045623779,-5.974549770355225,-5.739824295043945,-5.630519866943359,-5.586211681365967,-5.865108489990234,-6.24259090423584,-6.571691989898682,-6.7411723136901855,-6.777976036071777,-6.592409133911133,-6.081627368927002,-5.539712429046631,-5.399141788482666,-5.643485069274902,-5.834319591522217,-5.848123073577881,-5.938348770141602,-6.086855411529541,-6.1267290115356445,-5.597560405731201,-4.810313701629639,-4.243646621704102,-4.016845703125,-3.9165334701538086,-3.660294532775879,-3.2982325553894043,-2.847865104675293,-2.633458375930786,-3.0381312370300293,-3.7044479846954346,-4.0966973304748535,-3.7720487117767334,-3.2159435749053955,-3.326566219329834,-4.215316295623779
-5.465940475463867,-4.72891902923584,-4.3596086502075195,-4.246280193328857,-4.280699253082275,-4.671680927276611,-5.428911209106445,-5.905972957611084,-5.955101490020752,-5.956568717956543,-5.748789310455322,-5.533518314361572,-5.429737567901611,-5.389338493347168,-5.5929388999938965,-6.004548072814941,-6.3568220138549805,-6.465499401092529,-6.427225589752197,-6.319938659667969,-6.061631202697754,-5.712452411651611,-5.49262809753418,-5.588083744049072,-5.900880336761475,-6.0578742027282715,-6.068343639373779,-6.304373741149902,-6.475380897521973,-6.062259197235107,-5.30172061920166,-4.602405071258545,-4.257945537567139,-4.269376277923584,-4.414729595184326,-4.309102535247803,-3.8190290927886963,-3.5736148357391357,-3.8798539638519287,-4.4549407958984375,-4.696695327758789,-4.251514911651611,-3.7059710025787354,-3.70350980758667,-4.616632461547852
-5.516679286956787,-4.731132507324219,-4.145486831665039,-4.22450590133667,-4.81708288192749,-5.300249099731445,-5.548768520355225,-5.780149459838867,-6.031222820281982,-6.149691104888916,-5.90694522857666,-5.650214195251465,-5.526169300079346,-5.4090189933776855,-5.427079677581787,-5.761049747467041,-6.119350433349609,-6.201516151428223,-6.11422061920166,-5.986821174621582,-5.793496131896973,-5.614067554473877,-5.556394577026367,-5.643111228942871,-5.888742923736572,-6.115190505981445,-6.22114372253418,-6.3651041984558105,-6.41661262512207,-6.187982559204102,-5.633735179901123,-4.982694625854492,-4.6591901779174805,-4.789300918579102,-5.079675674438477,-5.184378623962402,-4.9208478927612305,-4.589814186096191,-4.710521221160889,-5.16910457611084,-5.1824727058410645,-4.538118839263916,-3.981121778488159,-4.139187335968018,-5.140612602233887
-5.218860626220703,-4.78339147567749,-4.191454887390137,-4.034829616546631,-4.497594356536865,-5.151239395141602,-5.459146976470947,-5.565178871154785,-5.779530048370361,-5.954909324645996,-5.914834976196289,-5.859283447265625,-5.89781379699707,-5.753018379211426,-5.550502300262451,-5.59113073348999,-5.7557220458984375,-5.805459022521973,-5.745203495025635,-5.6404643058776855,-5.56243896484375,-5.567574501037598,-5.634417533874512,-5.71722412109375,-5.859700679779053,-6.033199787139893,-6.18894624710083,-6.258451461791992,-6.130837917327881,-5.877461910247803,-5.643342971801758,-5.47662878036499,-5.440436363220215,-5.557738780975342,-5.674681186676025,-5.8359832763671875,-5.843150615692139,-5.57056999206543,-5.397988796234131,-5.458144187927246,-5.092417240142822,-4.2830095291137695,-3.9998950958251953,-4.6626410484313965,-5.719167232513428
-4.152839660644531,-3.989966630935669,-3.822941541671753,-3.814301013946533,-4.033751487731934,-4.423884391784668,-4.7820658683776855,-5.033600807189941,-5.269342422485352,-5.436456203460693,-5.490096569061279,-5.6206512451171875,-5.942333698272705,-6.1301164627075195,-6.000518321990967,-5.743339538574219,-5.545689105987549,-5.459949016571045,-5.413760185241699,-5.325838565826416,-5.289411544799805,-5.332667350769043,-5.45564603805542,-5.636146545410156,-5.816420078277588,-5.9659271240234375,-6.091724872589111,-6.128859043121338,-5.894102096557617,-5.519519805908203,-5.48439359664917,-5.87080192565918,-6.237644672393799,-6.214282512664795,-6.00213623046875,-6.011638641357422,-6.18588924407959,-6.109946250915527,-5.787040710449219,-5.408383846282959,-4.753067970275879,-3.961310386657715,-3.8131186962127686,-4.83561372756958,-6.0906524658203125
-2.969127893447876,-2.9286301136016846,-3.096323013305664,-3.2972214221954346,-3.3510208129882812,-3.492166519165039,-3.9872567653656006,-4.5818328857421875,-4.832333087921143,-4.849367618560791,-4.949894428253174,-5.190978527069092,-5.603707790374756,-6.062999725341797,-6.246993064880371,-6.038079738616943,-5.645400524139404,-5.4171857833862305,-5.318171977996826,-5.156735420227051,-5.011115550994873,-4.984705448150635,-5.158088684082031,-5.485363006591797,-5.739022254943848,-5.886409759521484,-5.960448265075684,-5.947060585021973,-5.699890613555908,-5.297416687011719,-5.312568187713623,-5.791195392608643,-6.205301761627197,-6.172451496124268,-6.052112579345703,-6.047336578369141,-6.1012444496154785,-5.908807277679443,-5.653323173522949,-5.3609299659729,-4.705141067504883,-3.9033801555633545,-3.7013790607452393,-4.800198554992676,-6.338537693023682
-2.0234556198120117,-1.9985954761505127,-2.2195775508880615,-2.516357183456421,-2.70538067817688,-2.8849823474884033,-3.354304075241089,-3.9346227645874023,-4.2585039138793945,-4.385085582733154,-4.5635986328125,-4.8274030685424805,-5.171991348266602,-5.542944431304932,-5.859553337097168,-6.002870082855225,-5.8784074783325195,-5.584293842315674,-5.202358722686768,-4.794450759887695,-4.599124431610107,-4.748267650604248,-5.064604759216309,-5.371181011199951,-5.590106010437012,-5.740455627441406,-5.812667369842529,-5.703758239746094,-5.407186031341553,-5.024020671844482,-4.891833305358887,-5.168015480041504,-5.465285301208496,-5.614426612854004,-5.758493900299072,-5.8010687828063965,-5.646478176116943,-5.48134183883667,-5.439940929412842,-5.284449577331543,-4.6247758865356445,-3.833587884902954,-3.7724056243896484,-4.9102349281311035,-6.330182075500488
