data/wind_data/wind_43_7.json
{"header": {"parameterUnit": "KT", "parameterCategory": 2, "nx": 256, "ny": 198, "lo1": 44.73521041870117, "la1": -3.236724853515625, "lo2": 111.26478576660156, "la2": 43.468475341796875, "dx": 0.2609002888202667, "dy": -0.23708222806453705, "refTime": "2025-02-20 19:00:00", "forecastTime": 0, "parameterNumber": 2, "parameterNumberName": "eastward_wind"}, "data":
[rows 100 to 119 of 198, columns 0 to 43 of 256]
95.1849136352539,94.51173400878906,95.21821594238281,96.17745208740234,96.99893951416016,97.6313705444336,98.0998764038086,98.8254623413086,99.76444244384766,100.21765899658203,100.09815216064453,100.21512603759766,100.99739074707031,101.93820190429688,102.22797393798828,101.4443588256836,99.8415756225586,98.052978515625,96.28556823730469,94.42472076416016,92.66283416748047,91.2501220703125,90.32744598388672,90.33789825439453,91.5136947631836,93.03103637695312,93.69506072998047,93.09849548339844,91.79744720458984,90.44640350341797,89.27680206298828,88.60091400146484,88.61967468261719,88.68668365478516,88.00605010986328,86.88610076904297,86.27690124511719,86.28106689453125,86.46696472167969,86.53251647949219,86.24884796142578,85.65272521972656,85.33927917480469,85.9694595336914
96.63423919677734,96.15357208251953,96.91609954833984,97.85549926757812,98.63080596923828,99.04256439208984,99.0772933959961,99.49201202392578,100.46619415283203,101.04777526855469,100.8694076538086,100.71604919433594,101.38460540771484,102.53459167480469,103.22636413574219,102.8102035522461,101.4084243774414,99.7663345336914,98.30319213867188,96.79650115966797,94.99336242675781,93.0555419921875,91.72969818115234,91.90142822265625,93.48291015625,95.29080963134766,95.9090576171875,94.95773315429688,93.44120788574219,92.24956512451172,91.37468719482422,90.60169219970703,90.07787322998047,89.69349670410156,88.81808471679688,87.4587631225586,86.59782409667969,86.67414855957031,87.13935089111328,87.27134704589844,86.79422760009766,85.73988342285156,84.6375961303711,84.85323333740234
98.76978302001953,98.73570251464844,99.57071685791016,100.02498626708984,100.54450225830078,100.71211242675781,100.52997589111328,100.89559936523438,101.88986206054688,102.49679565429688,102.32801818847656,101.94036102294922,102.10713958740234,102.93511962890625,103.72102355957031,103.78258514404297,102.94617462158203,101.63849639892578,100.40686798095703,99.2001724243164,97.39058685302734,95.29344940185547,94.20675659179688,94.55906677246094,95.73981475830078,96.9446029663086,97.3172607421875,96.62464141845703,95.43109893798828,94.27971649169922,93.26069641113281,92.22681427001953,91.17973327636719,90.22107696533203,89.32815551757812,88.37041473388672,87.48429107666016,87.2313461303711,87.65286254882812,87.81295013427734,87.164794921875,86.01029205322266,84.69928741455078,84.45586395263672
100.20425415039062,99.8616714477539,100.5687255859375,100.85847473144531,101.2390365600586,101.26920318603516,101.08247375488281,101.67926025390625,103.06747436523438,103.83405303955078,103.51866912841797,102.89861297607422,102.6053237915039,102.8392562866211,103.4924545288086,104.05223846435547,104.07427215576172,103.3807144165039,102.22190856933594,100.73802947998047,98.94682312011719,97.50437927246094,96.96479797363281,97.11249542236328,97.55081939697266,98.13960266113281,98.54943084716797,98.26541137695312,97.18630981445312,95.75480651855469,94.45374298095703,93.3539810180664,92.3099594116211,91.37830352783203,90.66262817382812,89.90147399902344,88.8760986328125,88.11688995361328,88.16949462890625,88.3990478515625,87.92532348632812,86.8987045288086,85.71199035644531,85.1231689453125
100.71016693115234,99.35801696777344,99.56597137451172,99.870361328125,100.21041107177734,100.165771484375,99.87435150146484,100.49700927734375,102.35307312011719,103.6735610961914,103.38805389404297,102.356201171875,101.4959945678711,101.26842498779297,101.90018463134766,102.99847412109375,103.91356658935547,104.06353759765625,102.98283386230469,101.0246353149414,99.46939849853516,98.97683715820312,99.0248031616211,98.95995330810547,98.91067504882812,99.28881072998047,99.80037689208984,99.50082397460938,98.17566680908203,96.51832580566406,95.22665405273438,94.40679168701172,93.79705047607422,93.263671875,92.63496398925781,91.66010284423828,90.34895324707031,89.18098449707031,88.72622680664062,88.87715148925781,88.79563903808594,88.09539794921875,87.0973892211914,86.38690948486328
101.05663299560547,99.27021789550781,99.18902587890625,99.32797241210938,99.47425079345703,99.23946380615234,98.80413055419922,99.3707046508789,101.35195922851562,103.04647064208984,103.05023193359375,101.83634185791016,100.36515808105469,99.531494140625,100.02962493896484,101.44261169433594,102.920166015625,103.82789611816406,103.19353485107422,101.2185287475586,99.8160629272461,99.91608428955078,100.43177032470703,100.4266357421875,100.26494598388672,100.5617446899414,100.85602569580078,100.23988342285156,98.73517608642578,97.1540298461914,96.12706756591797,95.63507843017578,95.31185150146484,94.92700958251953,94.34027862548828,93.3671875,91.96477508544922,90.3572006225586,89.1452407836914,88.8070297241211,88.95787048339844,88.79288482666016,88.2768325805664,87.8450927734375
101.37130737304688,99.86341857910156,99.88208770751953,99.9776382446289,99.95510864257812,99.38044738769531,98.8692398071289,99.61762237548828,101.57427215576172,103.0970230102539,103.21501922607422,102.30198669433594,100.70818328857422,99.19924926757812,98.96344757080078,100.05091094970703,101.59590148925781,102.90335845947266,103.15727233886719,101.92988586425781,100.59136962890625,100.60575866699219,101.28130340576172,101.59100341796875,101.63375854492188,101.69442749023438,101.43964385986328,100.53633880615234,99.18665313720703,97.93820190429688,97.15193176269531,96.7701416015625,96.47972869873047,96.1033935546875,95.61324310302734,94.87873840332031,93.64712524414062,91.79781341552734,89.7645263671875,88.6046371459961,88.57366943359375,88.953857421875,89.2623519897461,89.10059356689453
101.56375885009766,100.66571807861328,100.84478759765625,101.1751708984375,101.09027099609375,100.10111236572266,99.53202056884766,100.52589416503906,102.4319076538086,103.53571319580078,103.44168853759766,102.92561340332031,101.8886489868164,100.25520324707031,99.10987091064453,99.12212371826172,100.01568603515625,101.38206481933594,102.60286712646484,102.82174682617188,102.08895111083984,101.58885955810547,101.78366088867188,102.26410675048828,102.61829376220703,102.46814727783203,101.71946716308594,100.70767211914062,99.7110366821289,98.8585433959961,98.21853637695312,97.72000122070312,97.27400970458984,96.94662475585938,96.66963958740234,96.0829849243164,94.91046905517578,92.98701477050781,90.62383270263672,88.85111999511719,88.36463928222656,88.8036117553711,89.39031219482422,89.29899597167969
101.51615142822266,101.2233657836914,101.6043930053711,102.15773010253906,102.05066680908203,100.84248352050781,100.24221801757812,101.26162719726562,102.93704986572266,103.69390106201172,103.3962631225586,103.06352996826172,102.7191390991211,101.69266510009766,100.19568634033203,98.94561004638672,98.54674530029297,99.5136947631836,101.49971008300781,103.23222351074219,103.71280670166016,103.07789611816406,102.47447967529297,102.68370056152344,103.15734100341797,102.879150390625,101.87260437011719,100.89807891845703,100.25153350830078,99.75519561767578,99.24127960205078,98.67874145507812,98.10607147216797,97.61090850830078,97.34076690673828,96.96465301513672,95.89714813232422,93.96751403808594,91.57549285888672,89.68718719482422,89.10002899169922,89.33379364013672,89.47438049316406,89.09453582763672
101.70559692382812,101.58799743652344,102.06069946289062,102.60293579101562,102.59872436523438,101.48728942871094,100.84141540527344,101.6187515258789,102.85363006591797,103.2421646118164,102.80252838134766,102.4292221069336,102.44268798828125,102.23155975341797,101.15474700927734,99.1844711303711,97.427001953125,97.43112182617188,99.57247161865234,102.42932891845703,104.21729278564453,104.26432037353516,103.47222900390625,103.20223236083984,103.22531127929688,102.73387145996094,101.88401794433594,101.2168960571289,100.8080825805664,100.46461486816406,100.0508804321289,99.52105712890625,98.87251281738281,98.19641876220703,97.72537231445312,97.41808319091797,96.82455444335938,95.34532928466797,93.0840835571289,91.20922088623047,90.62936401367188,90.62871551513672,90.3314208984375,89.66657257080078
102.48011016845703,102.21669006347656,102.53500366210938,102.95735931396484,103.13166809082031,102.28822326660156,101.68004608154297,102.23249053955078,103.02085876464844,102.89642333984375,102.11682891845703,101.54004669189453,101.50048065185547,101.73914337158203,101.34814453125,99.40418243408203,96.67790985107422,95.5386734008789,97.09907531738281,100.32950592041016,103.1747055053711,104.47895050048828,104.5108871459961,103.92889404296875,102.97431945800781,101.97123718261719,101.4581298828125,101.33341217041016,101.165771484375,100.83211517333984,100.43257141113281,99.92236328125,99.27804565429688,98.56611633300781,97.94131469726562,97.59898376464844,97.47015380859375,96.81507110595703,94.91378021240234,92.77177429199219,91.94938659667969,91.81016540527344,91.40553283691406,90.74295806884766
103.3919448852539,102.90151977539062,102.99008178710938,103.37662506103516,103.66629028320312,102.99861907958984,102.50259399414062,102.98617553710938,103.58078002929688,103.20755004882812,102.2219467163086,101.49771118164062,101.23138427734375,101.3475341796875,101.24352264404297,99.66200256347656,96.54027557373047,94.29739379882812,94.77200317382812,97.57611846923828,101.02302551269531,103.77737426757812,105.25038146972656,104.80903625488281,102.88200378417969,101.17094421386719,100.65019989013672,100.83273315429688,100.9100112915039,100.67388153076172,100.31590270996094,99.92406463623047,99.38943481445312,98.66545867919922,98.04464721679688,97.7712631225586,98.02057647705078,98.03424072265625,96.37350463867188,94.12310791015625,93.13934326171875,92.75753021240234,92.30455017089844,91.89714813232422
104.25634765625,103.4812240600586,103.3497543334961,103.76436614990234,104.16220092773438,103.56769561767578,103.10491943359375,103.47423553466797,103.98636627197266,103.77782440185547,103.03874969482422,102.39413452148438,101.97855377197266,101.76344299316406,101.6140365600586,100.42965698242188,97.42691802978516,94.48355102539062,93.8616714477539,95.63685607910156,98.9996109008789,102.92884826660156,105.84136962890625,106.12604522705078,103.9542465209961,101.50323486328125,100.317626953125,100.18669128417969,100.26010131835938,100.26236724853516,100.23352813720703,100.01573944091797,99.57460021972656,98.84662628173828,98.15931701660156,98.0052490234375,98.43802642822266,98.63177490234375,97.44239044189453,95.58741760253906,94.5017318725586,93.92752838134766,93.53031921386719,93.33277130126953
104.97110748291016,103.92908477783203,103.65164184570312,104.0650634765625,104.52278137207031,103.95833587646484,103.42475128173828,103.56358337402344,103.98387145996094,104.04005432128906,103.64058685302734,103.1718521118164,102.77667236328125,102.40090942382812,102.20506286621094,101.42389678955078,98.95545959472656,95.99087524414062,94.72264862060547,95.42755126953125,97.92285919189453,102.05904388427734,105.99852752685547,107.48200988769531,105.94149780273438,103.10172271728516,100.9688949584961,100.0443115234375,99.82154083251953,100.0165023803711,100.22929382324219,100.18804168701172,100.02778625488281,99.40687561035156,98.52642059326172,98.17908477783203,98.52904510498047,98.88372039794922,98.31555938720703,97.0770034790039,96.00012969970703,95.416259765625,95.27564239501953,95.28736877441406
105.22443389892578,104.1396255493164,103.75065612792969,104.01097106933594,104.41349792480469,103.81343841552734,103.0700454711914,102.87799835205078,103.14289093017578,103.36885070800781,103.2816390991211,103.0943603515625,102.91114807128906,102.62336730957031,102.46874237060547,102.04978942871094,100.24639892578125,97.67658996582031,96.24140167236328,96.4125747680664,97.93045806884766,101.21932220458984,105.33387756347656,108.00154876708984,107.91748046875,105.55274200439453,102.6899185180664,100.67558288574219,99.7952651977539,99.77994537353516,100.13115692138672,100.52678680419922,100.69295501708984,100.11656188964844,98.97557067871094,98.3253402709961,98.59049987792969,99.166015625,99.30311584472656,98.60035705566406,97.36782836914062,96.5353012084961,96.70692443847656,97.10525512695312
105.24706268310547,104.16435241699219,103.65648651123047,103.74745178222656,104.08494567871094,103.41399383544922,102.39157104492188,101.77447509765625,101.7386474609375,101.9632797241211,102.17483520507812,102.36051177978516,102.44957733154297,102.29159545898438,102.2227554321289,102.14034271240234,100.85913848876953,98.65398406982422,97.37920379638672,97.62913513183594,98.66680908203125,100.87263488769531,104.29277801513672,107.44062805175781,108.95720672607422,107.95062255859375,105.01788330078125,102.08314514160156,100.33118438720703,99.81707000732422,100.17584228515625,100.86898040771484,101.23970794677734,100.76153564453125,99.90070343017578,99.09547424316406,98.74458312988281,99.21202850341797,99.7468490600586,99.42119598388672,98.61467742919922,97.95771789550781,98.02564239501953,98.34591674804688
105.44984436035156,103.98263549804688,103.35465240478516,103.52674865722656,103.81624603271484,103.10742950439453,101.9627456665039,101.07013702392578,100.68070220947266,100.71025848388672,101.00977325439453,101.44258880615234,101.67105102539062,101.5355453491211,101.5896224975586,101.73546600341797,100.73566436767578,98.79705047607422,97.89849090576172,98.54429626464844,99.56707000732422,101.03961944580078,103.51362609863281,106.3909912109375,108.71192169189453,109.1482925415039,107.07914733886719,103.94664764404297,101.54297637939453,100.3775863647461,100.23065185546875,101.0508041381836,101.63959503173828,101.30828857421875,100.68964385986328,99.88432312011719,99.1449966430664,99.18277740478516,99.7499008178711,99.7866439819336,99.25806427001953,98.99639892578125,99.50550842285156,99.84449768066406
105.5640869140625,103.646728515625,102.9520492553711,103.31368255615234,103.5201416015625,102.81879425048828,101.752685546875,100.84590911865234,100.26398468017578,100.06497192382812,100.27659606933594,100.74940490722656,100.93190002441406,100.74526977539062,100.96595001220703,101.29094696044922,100.3959732055664,98.67202758789062,98.1409683227539,99.14778137207031,100.2707748413086,101.40946960449219,103.20025634765625,105.50741577148438,107.82817840576172,109.14433288574219,108.28795623779297,105.7215576171875,103.08250427246094,101.32626342773438,100.59892272949219,100.92788696289062,101.63436126708984,101.6122055053711,100.95037078857422,100.32646179199219,99.7420425415039,99.41011810302734,99.58451843261719,99.93071746826172,99.93621063232422,99.87064361572266,100.54093170166016,101.1562271118164
104.79671478271484,103.19149017333984,102.69029998779297,103.00430297851562,103.12461853027344,102.44896697998047,101.48124694824219,100.67404174804688,100.08304595947266,99.82408905029297,100.01144409179688,100.38746643066406,100.36975860595703,100.13690948486328,100.52501678466797,100.95999145507812,100.24166870117188,98.86637878417969,98.5393295288086,99.5811996459961,100.75791931152344,101.72293853759766,103.1869125366211,105.21837615966797,107.31788635253906,108.7048568725586,108.44659423828125,106.66539764404297,104.33900451660156,102.40288543701172,101.24970245361328,100.96094512939453,101.3638687133789,101.67961120605469,101.49044036865234,101.109130859375,100.59597778320312,99.94691467285156,99.82318115234375,100.230712890625,100.53585052490234,100.77436065673828,101.33834075927734,101.82395935058594
103.36027526855469,102.47484588623047,102.39283752441406,102.62603759765625,102.7286148071289,102.12847137451172,101.23690032958984,100.5167236328125,100.03351593017578,99.86483764648438,100.05354309082031,100.22262573242188,100.00101470947266,99.84577941894531,100.29071807861328,100.60002899169922,100.07574462890625,99.30438232421875,99.1360855102539,99.88610076904297,100.9471206665039,102.04747009277344,103.64110565185547,105.62332916259766,107.28060913085938,108.06089782714844,107.68321990966797,106.45337677001953,104.91446685791016,103.38902282714844,102.09134674072266,101.3118667602539,101.37886047363281,101.83357238769531,101.9678726196289,101.84119415283203,101.44015502929688,100.76360321044922,100.29302215576172,100.47779846191406,101.04661560058594,101.46053314208984,101.95977020263672,102.74533081054688
