data/wind_data/wind_58_5.json
{"header": {"parameterUnit": "KT", "parameterCategory": 2, "nx": 256, "ny": 198, "lo1": 44.73521041870117, "la1": -3.236724853515625, "lo2": 111.26478576660156, "la2": 43.468475341796875, "dx": 0.2609002888202667, "dy": -0.23708222806453705, "refTime": "2025-02-21 10:00:00", "forecastTime": 0, "parameterNumber": 2, "parameterNumberName": "eastward_wind"}, "data":
[rows 133 to 151 of 198, columns 132 to 175 of 256]
37.82175827026367,38.92277145385742,38.17404556274414,36.414859771728516,37.49139404296875,41.19483947753906,46.58198928833008,51.971248626708984,52.64396286010742,50.9903450012207,50.76050567626953,52.47883987426758,54.5725212097168,54.04655456542969,50.80601119995117,47.162506103515625,45.37944793701172,45.25192642211914,45.62089920043945,46.817237854003906,47.72184753417969,47.9354362487793,47.798465728759766,46.28373718261719,43.3525505065918,41.914817810058594,42.43252182006836,41.52210998535156,40.49135208129883,40.37274169921875,40.759178161621094,40.86309051513672,39.58409118652344,38.06291580200195,37.65164566040039,37.66368865966797,36.727745056152344,36.039161682128906,35.0903205871582,33.756465911865234,34.752525329589844,30.459518432617188,26.07539939880371,24.633604049682617
31.704978942871094,34.25646209716797,40.39813232421875,45.982295989990234,49.76532745361328,53.43384552001953,55.06621551513672,53.64891815185547,51.45243453979492,49.06953811645508,48.375160217285156,49.61464309692383,49.506263732910156,47.71071243286133,46.846588134765625,47.42778396606445,48.60094451904297,49.779747009277344,51.40721130371094,51.82328414916992,51.246429443359375,51.290977478027344,50.81407165527344,47.92369079589844,44.06308364868164,42.78813171386719,43.09513854980469,43.07715606689453,41.98347473144531,41.264732360839844,41.32931137084961,41.19963073730469,40.0453987121582,38.49608612060547,37.164310455322266,35.44352340698242,33.88251495361328,33.154170989990234,32.99266815185547,32.87006759643555,33.545936584472656,36.06846237182617,39.89663314819336,37.76686477661133
35.497493743896484,38.440792083740234,44.35108947753906,51.3728141784668,55.38666534423828,55.32817077636719,52.599098205566406,49.71114730834961,47.9235725402832,46.1965217590332,46.009727478027344,47.5500602722168,48.28433609008789,47.942726135253906,48.40968322753906,49.222496032714844,49.73369216918945,50.650550842285156,51.47319793701172,50.2161750793457,48.43457794189453,47.24309539794922,45.546058654785156,43.59371566772461,42.43846130371094,41.920955657958984,42.19248962402344,42.920570373535156,42.04188919067383,40.94457244873047,40.943359375,40.587955474853516,40.01076889038086,38.71498107910156,37.509857177734375,36.54508972167969,35.57425308227539,33.427879333496094,30.80508041381836,32.05595397949219,33.12327194213867,35.04895782470703,31.48686981201172,25.534923553466797
49.07558822631836,52.5335807800293,53.60178756713867,54.209877014160156,53.18552780151367,50.77765655517578,47.31906509399414,43.835330963134766,42.41892623901367,42.86334228515625,45.1900749206543,48.671512603759766,51.296504974365234,52.7529182434082,52.90556716918945,52.157470703125,51.31594467163086,51.55183410644531,50.24886703491211,45.59733200073242,42.403594970703125,42.43562698364258,43.16104507446289,43.25741195678711,42.88154220581055,42.20669174194336,42.09046173095703,42.23094177246094,41.41757583618164,40.400333404541016,39.6271858215332,38.66450500488281,38.01158905029297,36.88490295410156,35.725311279296875,34.94733810424805,34.98670196533203,34.85700988769531,33.475650787353516,33.849430084228516,35.356754302978516,34.93064880371094,24.66550636291504,15.726734161376953
51.928714752197266,55.94868469238281,54.19296646118164,50.47063446044922,47.011356353759766,43.70800018310547,41.79241943359375,42.374229431152344,44.529701232910156,46.437557220458984,48.20840835571289,50.19524002075195,52.049625396728516,52.55086135864258,51.238346099853516,49.49380874633789,49.488243103027344,49.69356155395508,46.75846481323242,43.36492919921875,42.78196334838867,44.08939743041992,45.44833755493164,45.33954620361328,43.89212417602539,42.615814208984375,42.3537712097168,42.29401779174805,41.6396369934082,40.58038330078125,38.99045181274414,38.90510940551758,39.88732147216797,39.73723602294922,38.79243087768555,37.82302474975586,35.34254837036133,36.24839782714844,34.16830825805664,28.010597229003906,23.07253646850586,20.731616973876953,18.37853240966797,18.719663619995117
53.004180908203125,53.37987518310547,48.296142578125,42.178497314453125,40.124267578125,40.875850677490234,42.54277801513672,45.15021514892578,47.501617431640625,48.70001983642578,49.40901184082031,50.715110778808594,52.05452346801758,51.2386474609375,48.35527038574219,45.95907211303711,46.675411224365234,47.64097213745117,45.456642150878906,42.88297653198242,43.48493194580078,45.59323501586914,46.83150100708008,47.183040618896484,45.833770751953125,44.51050567626953,44.56941604614258,45.027793884277344,43.68956756591797,42.39507293701172,40.729522705078125,39.05905532836914,38.93278121948242,38.38108444213867,37.39073181152344,37.06336975097656,34.901939392089844,33.86765670776367,35.390480041503906,33.83229446411133,30.08561134338379,26.55123519897461,27.87518310546875,22.41108512878418
49.792789459228516,43.91939163208008,38.72821044921875,38.574127197265625,40.87873458862305,42.373443603515625,41.98588943481445,41.239131927490234,40.66379928588867,40.711116790771484,42.01223373413086,44.04176712036133,44.87931442260742,43.91653060913086,42.5518913269043,43.24396514892578,46.50226974487305,47.54368591308594,44.658695220947266,42.44876480102539,43.19140625,45.67568588256836,47.95610046386719,48.824859619140625,47.718292236328125,45.8621826171875,45.190128326416016,44.95759963989258,43.363059997558594,41.20807647705078,39.63163375854492,38.53478240966797,37.783077239990234,36.172203063964844,35.2302131652832,36.8398323059082,37.71193313598633,35.60980224609375,33.1354866027832,30.91678810119629,27.517873764038086,26.748441696166992,30.55925178527832,30.703472137451172
43.269744873046875,39.45127487182617,39.20482635498047,42.57725524902344,45.5253791809082,47.3218994140625,49.150482177734375,49.246707916259766,49.53485870361328,48.5972785949707,45.2049446105957,44.071956634521484,45.41315841674805,46.0084342956543,44.64146041870117,44.35319900512695,46.466678619384766,46.57697296142578,43.244476318359375,40.97062301635742,41.42041778564453,43.55839920043945,45.68436050415039,46.64155578613281,45.92256164550781,44.2742805480957,42.110965728759766,40.35859298706055,39.27547073364258,37.23016357421875,35.359867095947266,36.02457809448242,35.11960983276367,33.92350387573242,36.806610107421875,40.83240509033203,39.20808792114258,32.569766998291016,28.78964614868164,32.97052001953125,36.12364196777344,37.279693603515625,39.0293083190918,40.88313293457031
42.01493835449219,39.84143829345703,42.62580108642578,45.503929138183594,47.396278381347656,50.13923263549805,51.1859016418457,50.99016189575195,52.33170700073242,53.99333190917969,51.78220748901367,47.418601989746094,47.75380325317383,49.10444259643555,48.41858673095703,48.5209846496582,50.057823181152344,50.48760223388672,48.35200500488281,46.16600036621094,44.701839447021484,42.974639892578125,43.05744934082031,44.46353530883789,45.159759521484375,45.017940521240234,43.79070281982422,42.04817199707031,40.73624038696289,39.61239242553711,37.92002487182617,37.865482330322266,37.496700286865234,37.466915130615234,39.70391082763672,41.70783615112305,36.07896041870117,27.064563751220703,28.957263946533203,36.93368148803711,42.59550857543945,44.592308044433594,44.04399490356445,41.12279510498047
45.124603271484375,44.844600677490234,47.54669189453125,48.69725799560547,50.30029296875,53.30043411254883,54.01578903198242,54.12812042236328,56.42978286743164,58.47814178466797,58.636592864990234,58.37825012207031,57.99352264404297,56.643157958984375,54.5659294128418,52.235416412353516,49.91961669921875,48.71954345703125,46.94059753417969,45.32390213012695,45.643089294433594,45.76948928833008,44.53525161743164,43.1848030090332,43.590721130371094,43.295589447021484,41.116214752197266,39.2681770324707,38.038543701171875,37.57452392578125,38.16611099243164,38.341068267822266,41.44751739501953,46.42991638183594,44.10772705078125,40.57558822631836,38.68471145629883,31.63674545288086,28.439006805419922,31.142866134643555,34.57877731323242,35.07609558105469,30.924772262573242,28.288869857788086
48.86600875854492,50.070648193359375,50.570045471191406,50.788978576660156,52.69062423706055,55.61666488647461,57.3072624206543,58.306705474853516,60.48972702026367,62.10221862792969,61.547420501708984,60.78560256958008,59.46652603149414,55.72665786743164,50.593711853027344,47.37335205078125,46.602935791015625,45.54832458496094,43.678077697753906,41.512760162353516,41.02374267578125,41.74223709106445,41.423988342285156,40.74484634399414,41.14413833618164,40.90633010864258,39.270084381103516,37.889163970947266,36.6461181640625,36.476863861083984,37.38506317138672,42.1414680480957,46.70277786254883,46.18920135498047,44.02620315551758,44.381126403808594,38.58725357055664,33.15774154663086,27.11637306213379,22.14971923828125,23.742305755615234,31.24123191833496,35.349769592285156,37.211814880371094
50.6180534362793,51.4506950378418,50.489070892333984,50.889060974121094,53.31035232543945,55.907711029052734,58.58260726928711,61.01165771484375,61.80976867675781,61.10592269897461,59.250823974609375,56.667205810546875,53.51205062866211,49.895328521728516,46.283077239990234,43.744834899902344,43.22231674194336,42.778411865234375,41.40962219238281,39.98794937133789,39.77420425415039,40.33710479736328,41.10759735107422,41.254478454589844,40.94245529174805,41.352298736572266,40.5925407409668,38.116329193115234,37.71257019042969,35.82481384277344,36.6821174621582,44.48020935058594,39.77339172363281,31.94489288330078,37.845211029052734,35.579444885253906,28.156530380249023,24.89670753479004,28.474529266357422,32.634090423583984,36.38935852050781,38.61449432373047,39.6772346496582,40.21552276611328
50.335693359375,50.430057525634766,49.35795593261719,48.86674499511719,50.208351135253906,51.49659729003906,54.02262496948242,57.46901321411133,57.1401481628418,52.82492446899414,48.28886413574219,45.365020751953125,43.61713790893555,41.52147674560547,39.894351959228516,39.39468765258789,39.12919616699219,38.50886917114258,36.81745529174805,36.096832275390625,36.96101760864258,38.17638397216797,38.529754638671875,38.54633331298828,38.64207077026367,39.391204833984375,39.33143997192383,36.07075881958008,34.88786315917969,35.673892974853516,34.521995544433594,37.20501708984375,38.46583938598633,33.22541427612305,29.093263626098633,21.228656768798828,17.67047119140625,23.106943130493164,33.134864807128906,39.64613723754883,37.39790344238281,29.784149169921875,27.79766273498535,31.813743591308594
52.430294036865234,54.068580627441406,54.50623321533203,55.43754196166992,56.2317008972168,56.0646858215332,55.97768020629883,55.96874237060547,53.34010696411133,47.910133361816406,43.82081604003906,41.77586364746094,41.259647369384766,40.08712387084961,37.48186111450195,36.39653015136719,36.640594482421875,35.380001068115234,33.02674865722656,32.17654800415039,33.44724655151367,35.315975189208984,35.93558883666992,35.762027740478516,37.234188079833984,38.484092712402344,38.10232925415039,36.10121536254883,35.13574981689453,34.79494857788086,32.23363494873047,34.31911849975586,36.97490692138672,30.934507369995117,29.540908813476562,31.38484001159668,24.045475006103516,23.085947036743164,29.624202728271484,35.24148178100586,31.51897621154785,23.121612548828125,21.781749725341797,21.799345016479492
54.586647033691406,56.125022888183594,55.11341857910156,54.845149993896484,55.46783447265625,55.54352569580078,56.249507904052734,58.197021484375,59.20363235473633,57.92449188232422,54.76683807373047,51.726680755615234,49.3117561340332,46.797828674316406,41.1600227355957,36.61484909057617,37.29861068725586,36.518104553222656,34.066707611083984,32.8935546875,33.51238250732422,33.74105453491211,34.066287994384766,35.83565139770508,37.5177001953125,38.374202728271484,38.57768249511719,37.270957946777344,36.03660583496094,33.36289978027344,32.150089263916016,35.753684997558594,38.94959259033203,37.160953521728516,33.73571014404297,35.239261627197266,33.581077575683594,26.865982055664062,28.477479934692383,27.794797897338867,23.995223999023438,23.626388549804688,26.871170043945312,29.101306915283203
54.20429992675781,54.550437927246094,54.267425537109375,54.773406982421875,55.187870025634766,55.20445251464844,55.64369201660156,56.35494613647461,55.63411331176758,53.13544464111328,49.6166877746582,45.73821258544922,44.43204879760742,40.05703353881836,33.761680603027344,33.62483215332031,36.24419403076172,35.70152282714844,32.73923110961914,31.24000358581543,31.304546356201172,32.62393569946289,34.13062286376953,34.82307052612305,35.669124603271484,35.222007751464844,33.36592102050781,32.30937576293945,34.57474899291992,34.66209030151367,33.018550872802734,34.29362487792969,36.978965759277344,39.12092971801758,36.050228118896484,34.27189636230469,35.6715202331543,33.65935516357422,34.716346740722656,29.869516372680664,24.854639053344727,25.56580924987793,27.43538475036621,29.87458038330078
54.29459762573242,54.47175216674805,55.24645233154297,55.5617790222168,54.27050018310547,52.85493850708008,52.327938079833984,52.38920211791992,52.20058822631836,51.12238311767578,49.11286163330078,45.441192626953125,42.52544021606445,39.7255859375,34.12205505371094,33.31053161621094,35.504032135009766,34.62240219116211,31.48017692565918,28.469234466552734,27.230220794677734,28.224687576293945,30.880971908569336,33.49130630493164,35.26005554199219,34.47560501098633,31.85585594177246,30.352842330932617,32.50876998901367,33.962825775146484,33.23427200317383,34.36749267578125,37.00886535644531,38.267208099365234,36.44358825683594,33.543914794921875,31.601173400878906,33.33084487915039,37.948448181152344,37.031124114990234,30.2875919342041,28.28888702392578,33.16954040527344,37.947330474853516
54.961334228515625,54.694862365722656,55.42161178588867,55.00968933105469,52.192745208740234,49.49565887451172,48.36545944213867,48.04484939575195,46.89533233642578,44.777984619140625,42.382266998291016,41.25851058959961,40.45524978637695,37.09856033325195,33.299434661865234,32.304141998291016,32.503143310546875,31.586050033569336,29.8114070892334,28.96050453186035,27.779037475585938,27.277606964111328,29.4688663482666,32.26430130004883,32.243980407714844,31.49176788330078,31.791521072387695,31.112815856933594,30.958446502685547,31.75773811340332,32.41657638549805,33.288291931152344,34.55603790283203,34.062686920166016,33.21643829345703,31.755983352661133,31.16707992553711,34.4057502746582,40.127681732177734,43.215938568115234,44.41136169433594,48.47111129760742,48.955326080322266,42.66483688354492
54.69370651245117,54.13241958618164,53.829830169677734,52.77852249145508,49.63321304321289,45.95726013183594,43.600074768066406,42.64289093017578,40.24320602416992,36.12623596191406,32.66195297241211,32.27867126464844,32.6158561706543,31.63663673400879,31.234169006347656,31.713743209838867,32.674285888671875,32.019779205322266,32.21489715576172,31.821861267089844,30.609437942504883,29.21134376525879,27.78129005432129,29.374555587768555,31.72905921936035,31.247455596923828,29.894006729125977,29.045988082885742,29.096559524536133,30.872716903686523,33.350914001464844,36.67105484008789,36.45876693725586,31.758190155029297,31.423002243041992,34.61684036254883,37.224151611328125,39.11280822753906,39.029117584228516,32.9013671875,30.776994705200195,28.233890533447266,26.451480865478516,23.4700870513916
