data/wind_data/wind_36_9.json
{"header": {"parameterUnit": "KT", "parameterCategory": 2, "nx": 256, "ny": 198, "lo1": 44.73521041870117, "la1": -3.236724853515625, "lo2": 111.26478576660156, "la2": 43.468475341796875, "dx": 0.2609002888202667, "dy": -0.23708222806453705, "refTime": "2025-02-20 12:00:00", "forecastTime": 0, "parameterNumber": 2, "parameterNumberName": "eastward_wind"}, "data":
[rows 0 to 18 of 198, columns 129 to 171 of 256]
32.95613479614258,32.485008239746094,31.839303970336914,31.548688888549805,31.464435577392578,31.1752872467041,30.856075286865234,30.844682693481445,30.890228271484375,30.64556884765625,30.36956214904785,30.325054168701172,30.14776039123535,29.598012924194336,28.91927719116211,28.17094612121582,27.373004913330078,26.472532272338867,26.07830238342285,26.297748565673828,26.456005096435547,26.52958869934082,26.30236053466797,25.895280838012695,26.32377815246582,27.1640567779541,27.055099487304688,26.463706970214844,25.95111083984375,25.457534790039062,25.044015884399414,24.82534408569336,24.99950408935547,25.3260498046875,25.709680557250977,26.066646575927734,26.367645263671875,26.48066520690918,26.320205688476562,26.354854583740234,26.666357040405273,26.59461784362793,26.13969612121582
32.12654495239258,31.960115432739258,32.11499786376953,32.25185775756836,31.526296615600586,30.37694549560547,29.747350692749023,30.019580841064453,30.593217849731445,30.42918586730957,29.857179641723633,29.556188583374023,29.40999984741211,29.217117309570312,29.131492614746094,28.756372451782227,27.886972427368164,26.93524742126465,26.60924530029297,26.651288986206055,26.504289627075195,26.25460433959961,25.823505401611328,25.6097354888916,26.33460807800293,27.378271102905273,27.520780563354492,26.960573196411133,26.37456512451172,25.729961395263672,24.955673217773438,24.680286407470703,24.835342407226562,25.012479782104492,25.713586807250977,26.686302185058594,27.208377838134766,27.050987243652344,26.551908493041992,26.110645294189453,26.18861198425293,26.59037208557129,26.680994033813477
32.185279846191406,32.01040267944336,32.41239547729492,32.5505485534668,31.606149673461914,30.620059967041016,30.23889923095703,30.1359920501709,30.199472427368164,29.990602493286133,29.29244613647461,28.791311264038086,28.87659454345703,28.902658462524414,29.114057540893555,28.91111183166504,28.104934692382812,27.262617111206055,26.776622772216797,26.520130157470703,26.127534866333008,25.364177703857422,24.76268768310547,24.94446563720703,25.825889587402344,26.864269256591797,27.2270565032959,26.767333984375,26.27933120727539,26.07107162475586,25.74633026123047,25.484159469604492,25.369234085083008,25.447477340698242,25.929540634155273,26.459945678710938,27.005826950073242,27.092655181884766,26.74372673034668,26.679515838623047,26.68641471862793,26.474262237548828,26.389928817749023
32.52934646606445,32.054344177246094,32.38563919067383,32.64503860473633,31.907747268676758,31.061195373535156,30.700876235961914,30.3916015625,30.018760681152344,29.329145431518555,28.215822219848633,27.893789291381836,28.447526931762695,28.343198776245117,28.793058395385742,28.860645294189453,28.038211822509766,27.037691116333008,26.403316497802734,25.899539947509766,25.117008209228516,24.031452178955078,23.54128074645996,23.991756439208984,24.843244552612305,25.9337215423584,26.61250114440918,26.399097442626953,26.107168197631836,26.22658920288086,26.211729049682617,26.058805465698242,25.965579986572266,25.950403213500977,26.03397560119629,26.175291061401367,26.582612991333008,26.819122314453125,26.886632919311523,27.22074317932129,27.160390853881836,26.49553108215332,26.210378646850586
33.92189407348633,32.84820556640625,32.73313903808594,33.444862365722656,33.59714126586914,32.89897537231445,31.72374725341797,30.672107696533203,29.557979583740234,28.057783126831055,26.76849937438965,26.88707733154297,27.12120246887207,27.669002532958984,28.418779373168945,28.505634307861328,27.443960189819336,25.60231590270996,24.49095916748047,23.829715728759766,23.014820098876953,22.365135192871094,21.929262161254883,21.71543312072754,21.88394546508789,22.73710823059082,23.525161743164062,23.68633270263672,23.63026237487793,23.988327026367188,24.29331398010254,24.33307647705078,24.611797332763672,25.039823532104492,25.5086727142334,26.305683135986328,26.922086715698242,27.13407325744629,27.249717712402344,27.090173721313477,26.952810287475586,26.972503662109375,26.784936904907227
35.20164108276367,34.3106689453125,33.79432678222656,33.92179870605469,33.995872497558594,33.665531158447266,32.4112548828125,30.7265567779541,28.91785430908203,27.408300399780273,25.885366439819336,25.630916595458984,27.349342346191406,26.83535385131836,27.624248504638672,27.806835174560547,26.718128204345703,24.38446044921875,22.61089324951172,21.690221786499023,21.182662963867188,21.3170108795166,21.66541290283203,21.284223556518555,20.920137405395508,21.189855575561523,21.412689208984375,21.1740779876709,20.528188705444336,20.118480682373047,20.203929901123047,20.87085723876953,22.155691146850586,23.512853622436523,24.60072898864746,25.70316505432129,26.627851486206055,26.931852340698242,26.940492630004883,26.819278717041016,26.91466522216797,26.94338035583496,26.544710159301758
36.016883850097656,35.701473236083984,35.25929260253906,34.32966995239258,33.638607025146484,33.436195373535156,32.445377349853516,30.493989944458008,28.797161102294922,27.744211196899414,27.27470588684082,25.66835594177246,26.77130889892578,27.196683883666992,28.09526824951172,27.729019165039062,26.527870178222656,24.12456703186035,21.812702178955078,20.4024600982666,19.95125961303711,20.497196197509766,21.362136840820312,21.501689910888672,21.54180145263672,21.540725708007812,21.393020629882812,20.889421463012695,19.76353645324707,18.583263397216797,18.329729080200195,19.348526000976562,21.268693923950195,23.310047149658203,24.609722137451172,24.915647506713867,25.127634048461914,25.656644821166992,26.384708404541016,26.446508407592773,25.801557540893555,25.26219940185547,25.510313034057617
36.51774978637695,36.86679458618164,36.742210388183594,35.24026870727539,34.030906677246094,33.78990936279297,33.141700744628906,31.622407913208008,29.80140495300293,28.508560180664062,28.973304748535156,27.92021369934082,27.509063720703125,28.28153419494629,28.941234588623047,28.486825942993164,27.02347755432129,24.660409927368164,22.649925231933594,21.28026008605957,20.753313064575195,21.225414276123047,22.005481719970703,22.781145095825195,23.430356979370117,23.53965187072754,22.99896240234375,21.91053009033203,21.044649124145508,20.488677978515625,20.199533462524414,20.797094345092773,22.506916046142578,24.4554386138916,25.55613899230957,25.294048309326172,24.75553321838379,24.79575538635254,25.64789581298828,25.722612380981445,24.61078453063965,23.834781646728516,23.537582397460938
35.67546844482422,37.144134521484375,37.106929779052734,35.29513931274414,34.026859283447266,33.991455078125,34.03532791137695,32.87029266357422,31.230241775512695,29.68134307861328,29.986364364624023,30.352710723876953,29.530038833618164,29.328439712524414,29.817554473876953,30.107303619384766,28.964841842651367,26.783641815185547,24.986835479736328,23.697237014770508,23.23477554321289,23.66384506225586,24.447301864624023,25.51413917541504,26.35182762145996,26.372241973876953,25.04867935180664,23.03954315185547,22.42200469970703,23.021400451660156,23.420814514160156,24.057289123535156,24.893798828125,25.485740661621094,25.942575454711914,26.1444034576416,25.854904174804688,25.59116554260254,25.24590492248535,25.517704010009766,24.1461181640625,22.916410446166992,22.28812599182129
33.179595947265625,35.034969329833984,34.74784469604492,33.37141799926758,32.550697326660156,32.73223114013672,33.43732452392578,32.89738082885742,31.44194793701172,30.344566345214844,30.750104904174805,31.845911026000977,30.969722747802734,29.976985931396484,30.535470962524414,31.916555404663086,31.567468643188477,29.859773635864258,27.81275177001953,26.30548095703125,26.108436584472656,26.741077423095703,27.49953269958496,28.49940299987793,29.370685577392578,29.00862693786621,26.737667083740234,23.856538772583008,22.950685501098633,24.192399978637695,25.5540771484375,26.656822204589844,27.025585174560547,26.102020263671875,25.450014114379883,26.209320068359375,27.037147521972656,27.0211181640625,25.738292694091797,24.973840713500977,23.950620651245117,22.98870277404785,22.146169662475586
30.149457931518555,30.877614974975586,30.579580307006836,29.950149536132812,29.503450393676758,30.127431869506836,31.308353424072266,31.86812400817871,30.732664108276367,30.012569427490234,30.720552444458008,31.54692840576172,30.93445587158203,29.98345184326172,30.50107765197754,32.3165397644043,32.83626937866211,32.091529846191406,30.227556228637695,28.530351638793945,28.115169525146484,28.84502410888672,29.66434669494629,30.310298919677734,30.953418731689453,30.477087020874023,27.815404891967773,24.591716766357422,22.953563690185547,23.762025833129883,25.973892211914062,27.672189712524414,27.69489288330078,26.186874389648438,25.0784912109375,26.27751922607422,27.830198287963867,27.35326385498047,25.813486099243164,24.63075065612793,24.303361892700195,23.97711181640625,22.846723556518555
28.997493743896484,28.494626998901367,27.4791202545166,26.56715202331543,26.79624366760254,28.337053298950195,29.432106018066406,29.933794021606445,29.740568161010742,29.38849639892578,29.408294677734375,29.22213363647461,29.6054744720459,29.401113510131836,29.566879272460938,30.5723819732666,31.873729705810547,32.37546920776367,31.30088996887207,29.596879959106445,28.142532348632812,28.690034866333008,30.34619903564453,31.074670791625977,31.10731315612793,30.275897979736328,27.785648345947266,24.843297958374023,23.059804916381836,23.17765998840332,25.021982192993164,26.439002990722656,26.320425033569336,25.485862731933594,25.12973976135254,26.072010040283203,27.386802673339844,27.18483543395996,26.205524444580078,24.916452407836914,24.50983428955078,24.813241958618164,24.11403465270996
30.205339431762695,28.787498474121094,26.19837760925293,25.416051864624023,26.65643882751465,28.077877044677734,27.653093338012695,27.40903663635254,28.29737091064453,28.62404441833496,27.886751174926758,27.162843704223633,27.92108726501465,28.278898239135742,28.36136245727539,28.112178802490234,29.617036819458008,30.878210067749023,31.020782470703125,29.23183822631836,26.389862060546875,26.41794204711914,28.980026245117188,30.784170150756836,30.77012825012207,29.114328384399414,26.924297332763672,24.34580421447754,23.146270751953125,23.013107299804688,23.574522018432617,23.769447326660156,23.88193130493164,24.319488525390625,25.12192726135254,25.689119338989258,26.486881256103516,26.565275192260742,25.98790168762207,24.93885612487793,24.58681869506836,25.401704788208008,25.566547393798828
30.641170501708984,28.53594207763672,26.113296508789062,26.690204620361328,27.847305297851562,27.713027954101562,26.058992385864258,26.12685203552246,27.914274215698242,28.362642288208008,27.41983413696289,26.85750961303711,27.396366119384766,27.064985275268555,26.51428985595703,26.383455276489258,27.513713836669922,28.6181583404541,29.421581268310547,27.832786560058594,24.298828125,23.46480369567871,26.000381469726562,29.173274993896484,30.22221565246582,28.27000617980957,25.723398208618164,23.515588760375977,23.044233322143555,23.202863693237305,22.717233657836914,21.542829513549805,21.724172592163086,23.120206832885742,24.36367416381836,25.66373062133789,26.4556884765625,26.334606170654297,24.8665714263916,24.31410789489746,23.695051193237305,24.222902297973633,25.579843521118164
29.89810562133789,26.85239028930664,25.428085327148438,27.583358764648438,29.123502731323242,27.535253524780273,25.167152404785156,25.666404724121094,28.373565673828125,29.250469207763672,28.081239700317383,27.703746795654297,27.39246368408203,25.66474151611328,25.286779403686523,26.016712188720703,26.06162452697754,26.507972717285156,26.36537742614746,25.24555015563965,23.031429290771484,21.262109756469727,22.766191482543945,26.94727897644043,28.917768478393555,27.991416931152344,25.106884002685547,23.300249099731445,22.93848419189453,23.01643180847168,22.89112663269043,20.834339141845703,20.44305419921875,22.25689697265625,24.016530990600586,25.52326202392578,27.155418395996094,26.84548568725586,24.932918548583984,23.84760093688965,22.511186599731445,22.1534423828125,23.679006576538086
29.726858139038086,26.290313720703125,25.03990936279297,26.93523597717285,28.328454971313477,27.269256591796875,25.479103088378906,26.433313369750977,28.834453582763672,30.02341651916504,28.950763702392578,28.371736526489258,27.651203155517578,25.28310203552246,25.276365280151367,26.23177719116211,25.314970016479492,24.822282791137695,23.88665008544922,22.57492446899414,22.290788650512695,20.47499656677246,21.21136474609375,25.25014305114746,26.5236873626709,27.095821380615234,25.423938751220703,24.145971298217773,23.561548233032227,23.64015007019043,22.965961456298828,20.937610626220703,19.61329460144043,21.916259765625,24.07107162475586,25.552579879760742,26.3570613861084,26.70933723449707,25.810684204101562,24.295536041259766,23.185993194580078,21.593923568725586,21.78023910522461
29.979568481445312,28.018728256225586,26.21578025817871,26.432138442993164,27.407304763793945,27.287059783935547,25.945646286010742,27.554622650146484,29.007076263427734,29.597776412963867,29.207189559936523,28.558313369750977,27.8558349609375,25.708232879638672,25.740093231201172,25.606708526611328,25.893239974975586,24.029203414916992,23.012636184692383,21.40852928161621,22.026079177856445,21.687070846557617,22.524921417236328,23.674121856689453,24.84560775756836,25.736495971679688,25.527889251708984,25.557514190673828,25.10126495361328,24.464082717895508,23.015243530273438,20.764392852783203,20.122312545776367,22.020036697387695,23.88327407836914,24.61387825012207,25.049348831176758,25.712339401245117,26.383222579956055,25.732580184936523,24.512943267822266,22.178783416748047,20.724931716918945
29.79581642150879,29.255023956298828,28.23038673400879,27.959566116333008,27.94709014892578,27.146209716796875,25.855865478515625,27.598268508911133,29.513906478881836,30.11525535583496,28.840957641601562,27.898460388183594,27.64196014404297,26.76676368713379,26.70377540588379,27.11615562438965,27.015565872192383,24.294055938720703,22.553396224975586,21.933055877685547,22.711551666259766,23.568756103515625,23.536909103393555,22.03061294555664,24.60049057006836,25.728240966796875,25.74860382080078,26.168048858642578,26.672006607055664,25.734346389770508,24.32801628112793,21.674253463745117,20.169841766357422,21.866392135620117,24.017839431762695,24.215444564819336,23.68230628967285,24.216413497924805,25.824478149414062,26.802213668823242,25.757909774780273,23.284868240356445,21.192407608032227
30.057889938354492,29.753847122192383,29.918838500976562,30.36481475830078,28.51696014404297,27.233665466308594,27.163131713867188,27.451824188232422,30.25569725036621,31.073898315429688,28.485370635986328,27.134817123413086,27.013229370117188,27.373186111450195,28.109725952148438,28.793521881103516,28.163198471069336,25.299678802490234,23.523773193359375,23.134395599365234,23.87511444091797,24.99809455871582,25.091053009033203,24.270313262939453,24.17174530029297,24.73489761352539,25.75514793395996,26.77668571472168,27.51259422302246,27.21466064453125,26.104490280151367,22.414663314819336,19.77703285217285,21.20808982849121,23.531959533691406,24.341304779052734,23.80516815185547,23.663002014160156,25.135570526123047,26.52275276184082,26.480504989624023,24.103271484375,22.226417541503906
