data/wind_data/wind_70_4.json
{"header": {"parameterUnit": "KT", "parameterCategory": 2, "nx": 256, "ny": 198, "lo1": 44.73521041870117, "la1": -3.236724853515625, "lo2": 111.26478576660156, "la2": 43.468475341796875, "dx": 0.2609002888202667, "dy": -0.23708222806453705, "refTime": "2025-02-21 22:00:00", "forecastTime": 0, "parameterNumber": 2, "parameterNumberName": "eastward_wind"}, "data":
[rows 0 to 19 of 198, columns 43 to 85 of 256]
-1.528647541999817,-2.1835267543792725,-2.6606695652008057,-3.0488815307617188,-3.351123571395874,-3.611032247543335,-3.8293213844299316,-4.022982120513916,-4.206776142120361,-4.462332248687744,-4.683460235595703,-4.700034141540527,-4.615836143493652,-4.476873874664307,-4.322220325469971,-4.168991565704346,-4.1054582595825195,-4.2067179679870605,-4.28203010559082,-4.275659084320068,-4.293461799621582,-4.349257946014404,-4.3564133644104,-4.313950061798096,-4.3024210929870605,-4.304200172424316,-4.172293663024902,-3.9527456760406494,-3.7672107219696045,-3.6171929836273193,-3.579861879348755,-3.5831706523895264,-3.501922607421875,-3.4674713611602783,-3.6645290851593018,-3.7853171825408936,-3.5771448612213135,-3.4137930870056152,-3.447697639465332,-3.5159096717834473,-3.6019656658172607,-3.6176559925079346,-3.5456387996673584
-1.7617145776748657,-2.3713014125823975,-2.7975854873657227,-3.14723539352417,-3.4560163021087646,-3.76955509185791,-3.9355063438415527,-3.8979074954986572,-3.985208034515381,-4.423243522644043,-4.85262393951416,-5.01119327545166,-4.970853328704834,-4.604303359985352,-4.234803199768066,-4.293307781219482,-4.481308937072754,-4.571727752685547,-4.56088399887085,-4.45556116104126,-4.401325702667236,-4.393637657165527,-4.472301483154297,-4.59282922744751,-4.518423080444336,-4.394108772277832,-4.255468368530273,-4.031587600708008,-3.953908681869507,-3.9697511196136475,-3.937808036804199,-3.9035701751708984,-3.829655885696411,-3.7880921363830566,-3.933051109313965,-3.970614433288574,-3.694797992706299,-3.473574638366699,-3.502732515335083,-3.6941463947296143,-3.8637754917144775,-3.9368653297424316,-3.9641501903533936
-1.831960916519165,-2.4222779273986816,-2.8459041118621826,-3.2656335830688477,-3.6817479133605957,-3.988830804824829,-4.090641498565674,-3.9928340911865234,-4.012326717376709,-4.44334602355957,-4.941164970397949,-5.174258232116699,-5.194394111633301,-4.902437686920166,-4.566709518432617,-4.583829402923584,-4.689091205596924,-4.654163837432861,-4.644332408905029,-4.7299394607543945,-4.7862443923950195,-4.713768482208252,-4.646982669830322,-4.609726905822754,-4.483382701873779,-4.403556823730469,-4.368269920349121,-4.266690254211426,-4.225438594818115,-4.205176830291748,-4.224423408508301,-4.3313798904418945,-4.26227331161499,-4.137759208679199,-4.1839141845703125,-4.179241180419922,-3.907367706298828,-3.6455490589141846,-3.62385892868042,-3.820270299911499,-3.963252544403076,-4.071648120880127,-4.198815822601318
-2.032062530517578,-2.5710132122039795,-3.033479690551758,-3.483903646469116,-3.844648599624634,-4.169490337371826,-4.226216793060303,-4.2617621421813965,-4.303351402282715,-4.621035099029541,-5.024552345275879,-5.285442352294922,-5.396615982055664,-5.283559799194336,-5.225578308105469,-5.233974456787109,-5.17997932434082,-5.016484260559082,-4.980778217315674,-5.206793308258057,-5.3907060623168945,-5.305726528167725,-5.071475505828857,-4.85772180557251,-4.716358184814453,-4.743026256561279,-4.806877136230469,-4.788031101226807,-4.689382076263428,-4.46756649017334,-4.4353203773498535,-4.607909679412842,-4.505252361297607,-4.444956302642822,-4.082790851593018,-4.022669792175293,-3.7668511867523193,-3.3921151161193848,-3.4446921348571777,-3.8346855640411377,-3.9687681198120117,-4.004035472869873,-4.223383903503418
-3.3734076023101807,-3.9704577922821045,-4.527293682098389,-4.559401035308838,-4.0165886878967285,-4.664743423461914,-4.118180751800537,-4.711697101593018,-4.955492973327637,-4.782500743865967,-4.855703353881836,-5.3628106117248535,-5.856815338134766,-6.313581943511963,-7.1552557945251465,-6.987426280975342,-6.8569488525390625,-7.063789367675781,-7.0827717781066895,-7.004708766937256,-7.085263252258301,-7.05509614944458,-6.645203113555908,-6.473438739776611,-6.39189338684082,-6.393641948699951,-6.392580509185791,-6.380665302276611,-6.0932841300964355,-5.303998947143555,-4.766544342041016,-4.384516716003418,-4.091754913330078,-5.3492045402526855,-2.9667232036590576,-2.523526191711426,-2.7635061740875244,-1.870862603187561,-2.2781805992126465,-3.374173879623413,-3.46502685546875,-2.790071964263916,-2.37107515335083
-4.457472324371338,-4.7203593254089355,-5.544910430908203,-5.341047763824463,-4.253851413726807,-5.557320594787598,-4.330097675323486,-5.349483489990234,-5.507986068725586,-5.486993312835693,-5.042872905731201,-5.566182613372803,-6.419459342956543,-6.4131855964660645,-7.245035171508789,-8.32192325592041,-8.106667518615723,-7.718691349029541,-7.65859317779541,-7.7618536949157715,-7.605484962463379,-7.268540382385254,-6.694811820983887,-6.256428241729736,-6.037020683288574,-5.898807525634766,-6.270158290863037,-7.322746753692627,-7.377769470214844,-6.781071662902832,-5.679527282714844,-3.781301736831665,-0.9439373016357422,-7.345348834991455,-3.6928439140319824,-3.6466104984283447,-3.865340232849121,-3.3032429218292236,-3.144824266433716,-2.5088155269622803,-2.5696604251861572,-4.318428039550781,-1.6574431657791138
-4.946440696716309,-4.797095775604248,-5.155646800994873,-5.579594612121582,-5.993281364440918,-6.050060272216797,-5.004360675811768,-5.9955668449401855,-5.844680309295654,-6.057340621948242,-5.88274621963501,-6.309379577636719,-7.020369529724121,-7.491227626800537,-8.176252365112305,-9.073988914489746,-9.214208602905273,-8.658391952514648,-8.495145797729492,-8.550172805786133,-8.293954849243164,-7.784539222717285,-7.470798015594482,-7.075162887573242,-6.527624607086182,-5.909095764160156,-6.418525218963623,-7.54795503616333,-5.5805768966674805,-7.756690979003906,-6.021657943725586,-6.227231502532959,-5.0545172691345215,-5.744620323181152,-4.5252299308776855,-5.127353668212891,-4.54810905456543,-3.9907610416412354,-3.497488498687744,-3.0409586429595947,-2.5413992404937744,-1.894648790359497,-2.216871738433838
-4.865339756011963,-5.690305233001709,-6.31367301940918,-5.860560894012451,-6.051103591918945,-6.151587963104248,-6.081577301025391,-6.289861679077148,-6.186859130859375,-5.990644454956055,-6.359387397766113,-7.27208137512207,-8.478017807006836,-9.060943603515625,-9.00456428527832,-8.87346076965332,-8.885330200195312,-8.828685760498047,-8.828258514404297,-8.926717758178711,-8.685728073120117,-8.288247108459473,-8.09737777709961,-7.837565898895264,-6.9058332443237305,-5.034308433532715,-3.7571098804473877,-7.216630458831787,-1.8775969743728638,-7.731901168823242,-5.981410980224609,-6.6165595054626465,-5.736538410186768,-5.353905200958252,-5.158393383026123,-4.290500164031982,-5.00707483291626,-3.9726271629333496,-3.792961835861206,-3.0863559246063232,-3.194059371948242,-4.5374860763549805,-4.952197074890137
-5.002646446228027,-5.981808662414551,-7.001153945922852,-6.857430458068848,-7.207850933074951,-6.490243911743164,-7.213127136230469,-7.123096466064453,-6.767458438873291,-6.584011554718018,-7.014605522155762,-7.821296215057373,-8.56269359588623,-9.113762855529785,-9.222102165222168,-8.816929817199707,-8.35511302947998,-8.424235343933105,-8.76841926574707,-9.168990135192871,-9.295625686645508,-9.150390625,-8.95116901397705,-8.435762405395508,-7.590450763702393,-6.950444221496582,-8.0217866897583,-8.978564262390137,-6.874292373657227,-6.7793073654174805,-6.735971450805664,-6.657692909240723,-6.802974224090576,-5.128054618835449,-3.531134605407715,-4.342443466186523,-5.6984171867370605,-4.535800933837891,-4.9020185470581055,-4.8842597007751465,-6.435111045837402,-8.508703231811523,-8.171982765197754
-6.087788105010986,-6.521934509277344,-7.207479000091553,-7.576486587524414,-8.020122528076172,-7.887565612792969,-7.690496444702148,-7.701757907867432,-7.666510105133057,-7.762401103973389,-7.7734479904174805,-8.140167236328125,-8.600687980651855,-9.139384269714355,-9.049617767333984,-8.328398704528809,-8.162210464477539,-8.628336906433105,-8.816920280456543,-9.751349449157715,-10.165471076965332,-9.89562702178955,-9.631566047668457,-8.811471939086914,-8.55556869506836,-7.829928398132324,-7.0927863121032715,-7.5262675285339355,-7.6372175216674805,-7.046896934509277,-7.229867935180664,-7.94538688659668,-8.231206893920898,-6.637639999389648,-4.314330101013184,-5.563735485076904,-6.777345657348633,-6.105715751647949,-7.170107364654541,-8.111055374145508,-8.778595924377441,-8.864285469055176,-7.4149932861328125
-6.6902337074279785,-6.851758003234863,-7.329289436340332,-7.968814373016357,-8.45729923248291,-8.565281867980957,-8.144542694091797,-8.296192169189453,-8.820158958435059,-9.130025863647461,-9.17894172668457,-9.313819885253906,-9.561842918395996,-9.618426322937012,-8.853950500488281,-8.208473205566406,-8.81783390045166,-9.556426048278809,-9.004114151000977,-10.477045059204102,-10.265615463256836,-10.251250267028809,-11.094266891479492,-9.771946907043457,-9.770322799682617,-9.183731079101562,-8.84020709991455,-8.334253311157227,-7.923917293548584,-7.937228679656982,-8.091887474060059,-8.97139835357666,-9.757631301879883,-10.300982475280762,-9.659626960754395,-8.799673080444336,-8.559170722961426,-8.097597122192383,-8.80897045135498,-9.593218803405762,-11.239444732666016,-12.469676971435547,-12.066217422485352
-6.958693504333496,-7.374660491943359,-7.772156715393066,-8.40601921081543,-9.079882621765137,-9.166370391845703,-8.875784873962402,-9.184342384338379,-10.083799362182617,-10.852106094360352,-10.775408744812012,-10.348730087280273,-10.398651123046875,-10.012945175170898,-9.261576652526855,-9.252154350280762,-10.444193840026855,-11.612434387207031,-11.090821266174316,-10.77486515045166,-9.729001998901367,-11.128681182861328,-12.51241397857666,-11.042941093444824,-10.96696949005127,-9.79438304901123,-10.041007995605469,-9.34079647064209,-8.67905330657959,-8.296746253967285,-7.963626384735107,-8.126383781433105,-5.823712348937988,-8.680744171142578,-10.425701141357422,-9.833341598510742,-9.59378719329834,-9.903915405273438,-8.98874282836914,-9.402688026428223,-11.064372062683105,-12.283196449279785,-12.072347640991211
-7.559248924255371,-8.4934663772583,-8.571797370910645,-9.206498146057129,-9.486113548278809,-9.82259464263916,-9.722421646118164,-10.181148529052734,-11.15638542175293,-11.794715881347656,-11.44340705871582,-11.761201858520508,-11.609746932983398,-10.657312393188477,-10.913816452026367,-11.288928985595703,-11.846906661987305,-11.708124160766602,-11.17824649810791,-11.884990692138672,-12.717945098876953,-13.009564399719238,-12.321937561035156,-11.868492126464844,-11.957277297973633,-11.177630424499512,-11.331555366516113,-10.096627235412598,-9.306636810302734,-8.725851058959961,-7.478091716766357,-5.992130756378174,-5.495511531829834,-7.341721534729004,-10.82204532623291,-9.82215404510498,-10.491082191467285,-10.663222312927246,-9.218561172485352,-9.343486785888672,-9.52547550201416,-9.983192443847656,-10.509777069091797
-8.930776596069336,-9.841680526733398,-9.83950424194336,-9.755963325500488,-9.73039722442627,-10.23868465423584,-10.670653343200684,-11.264042854309082,-11.651951789855957,-11.587522506713867,-11.996649742126465,-12.169807434082031,-12.146185874938965,-11.248074531555176,-12.18674373626709,-11.928888320922852,-12.75545597076416,-12.778319358825684,-12.992349624633789,-13.020391464233398,-12.748441696166992,-12.732421875,-12.565848350524902,-12.388486862182617,-12.712389945983887,-12.181378364562988,-11.73154354095459,-10.789698600769043,-10.14289379119873,-9.512910842895508,-9.312458992004395,-10.299827575683594,-11.652657508850098,-11.837029457092285,-10.425108909606934,-11.379341125488281,-11.20355224609375,-10.696459770202637,-10.055304527282715,-10.4081392288208,-10.990548133850098,-11.33812141418457,-11.254648208618164
-10.666065216064453,-11.196141242980957,-11.024476051330566,-10.284873008728027,-9.971506118774414,-10.726795196533203,-11.533260345458984,-11.85106372833252,-11.711098670959473,-11.650106430053711,-12.346820831298828,-11.995699882507324,-10.951759338378906,-11.839441299438477,-13.957558631896973,-11.901834487915039,-13.404986381530762,-13.048821449279785,-13.792644500732422,-14.135002136230469,-13.905604362487793,-13.661284446716309,-13.301963806152344,-13.116561889648438,-13.24080753326416,-12.979829788208008,-12.349092483520508,-11.947689056396484,-11.532676696777344,-11.568305969238281,-12.308753967285156,-13.053095817565918,-12.06165885925293,-10.960488319396973,-11.485555648803711,-11.578246116638184,-11.278343200683594,-10.9558744430542,-10.918288230895996,-10.908596992492676,-10.973548889160156,-10.847236633300781,-11.21554946899414
-12.093950271606445,-12.244318008422852,-11.896647453308105,-10.97342586517334,-10.476134300231934,-11.153242111206055,-12.008899688720703,-12.219058990478516,-12.006227493286133,-11.810023307800293,-12.236905097961426,-13.261613845825195,-14.108966827392578,-14.454324722290039,-14.386051177978516,-13.699716567993164,-13.960957527160645,-13.899670600891113,-13.841268539428711,-13.950778007507324,-13.579364776611328,-13.449172973632812,-13.690896987915039,-13.983566284179688,-13.761356353759766,-13.457316398620605,-13.20037841796875,-13.290070533752441,-13.289734840393066,-12.712703704833984,-12.473438262939453,-12.683720588684082,-12.755608558654785,-12.103253364562988,-11.761618614196777,-11.796205520629883,-11.740769386291504,-11.697372436523438,-11.742642402648926,-11.6318998336792,-11.515806198120117,-11.525124549865723,-11.812348365783691
-13.161467552185059,-13.276510238647461,-12.713740348815918,-11.862945556640625,-11.382246971130371,-11.78345012664795,-12.294782638549805,-12.320206642150879,-12.282946586608887,-12.479991912841797,-12.852876663208008,-13.150365829467773,-13.296943664550781,-13.76865005493164,-14.219868659973145,-14.241227149963379,-14.3656005859375,-14.320036888122559,-13.893918991088867,-13.70656681060791,-13.59068775177002,-13.675739288330078,-14.088799476623535,-14.380304336547852,-14.434568405151367,-14.210158348083496,-13.908946990966797,-13.809592247009277,-13.605924606323242,-13.086919784545898,-12.607733726501465,-12.437370300292969,-12.30278491973877,-12.322961807250977,-12.260562896728516,-12.180160522460938,-12.41046142578125,-12.691179275512695,-12.699281692504883,-12.379487991333008,-12.021651268005371,-11.986495971679688,-12.1126070022583
-14.285908699035645,-14.300081253051758,-13.68873119354248,-12.910400390625,-12.859331130981445,-12.615193367004395,-12.67099666595459,-12.580262184143066,-12.743512153625488,-12.846309661865234,-12.968050956726074,-13.071060180664062,-13.235321998596191,-13.782352447509766,-14.426582336425781,-14.457649230957031,-14.18397045135498,-13.860539436340332,-13.512784957885742,-13.490281105041504,-13.860892295837402,-14.252535820007324,-14.841714859008789,-15.194276809692383,-15.103466033935547,-14.76197624206543,-14.352601051330566,-14.13607120513916,-13.858282089233398,-13.478226661682129,-13.078145027160645,-12.92841625213623,-12.790519714355469,-12.824610710144043,-12.887282371520996,-13.210967063903809,-13.585892677307129,-13.624857902526855,-13.282546997070312,-12.877429008483887,-12.65629768371582,-12.536771774291992,-12.424636840820312
-15.305381774902344,-14.885932922363281,-14.84427547454834,-14.264566421508789,-14.016733169555664,-13.590476989746094,-13.051154136657715,-12.707329750061035,-12.956815719604492,-13.133041381835938,-13.071203231811523,-13.12014389038086,-13.430851936340332,-14.067328453063965,-14.583630561828613,-14.420005798339844,-13.849332809448242,-13.509991645812988,-13.610359191894531,-13.969306945800781,-14.597929954528809,-15.022233009338379,-15.311758041381836,-15.448969841003418,-15.340861320495605,-14.956331253051758,-14.77463150024414,-14.634984016418457,-14.421784400939941,-14.136641502380371,-13.75744342803955,-13.513872146606445,-13.328300476074219,-13.445575714111328,-13.879844665527344,-14.274397850036621,-14.409930229187012,-14.226951599121094,-13.888561248779297,-13.575214385986328,-13.288569450378418,-13.070359230041504,-12.974434852600098
-16.221113204956055,-15.634084701538086,-15.723313331604004,-15.148961067199707,-15.031301498413086,-14.561070442199707,-14.104973793029785,-13.773106575012207,-13.716464042663574,-13.703869819641113,-13.500465393066406,-13.403865814208984,-13.643834114074707,-14.099822998046875,-14.300682067871094,-14.074431419372559,-13.77456283569336,-13.740622520446777,-14.042022705078125,-14.491334915161133,-15.051218032836914,-15.378597259521484,-15.562816619873047,-15.305864334106445,-14.871541023254395,-14.610886573791504,-14.647858619689941,-14.752530097961426,-14.80770206451416,-14.538875579833984,-14.363154411315918,-14.164229393005371,-14.273642539978027,-14.524360656738281,-14.807519912719727,-14.933171272277832,-14.901471138000488,-14.822924613952637,-14.66011905670166,-14.386407852172852,-14.119385719299316,-13.927071571350098,-13.748957633972168
