data/wind_data/wind_20_7.json
{"header": {"parameterUnit": "KT", "parameterCategory": 2, "nx": 256, "ny": 198, "lo1": 44.73521041870117, "la1": -3.236724853515625, "lo2": 111.26478576660156, "la2": 43.468475341796875, "dx": 0.2609002888202667, "dy": -0.23708222806453705, "refTime": "2025-02-19 20:00:00", "forecastTime": 0, "parameterNumber": 2, "parameterNumberName": "eastward_wind"}, "data":
[rows 40 to 59 of 198, columns 88 to 131 of 256]
0.7057501673698425,-0.17807501554489136,-0.9463091492652893,-1.098940134048462,-0.8006908893585205,-0.2302531749010086,0.3834482729434967,0.5922896265983582,0.19659563899040222,-0.17587687075138092,-0.30572059750556946,-0.6790931820869446,-1.2607202529907227,-1.8528467416763306,-2.542079448699951,-3.250004768371582,-3.9635798931121826,-4.732998847961426,-5.36693000793457,-5.744548320770264,-6.038402080535889,-6.37925910949707,-6.588346481323242,-6.6857452392578125,-6.892043590545654,-7.276721477508545,-7.897687911987305,-8.673212051391602,-9.398200988769531,-9.899656295776367,-10.383350372314453,-10.993386268615723,-11.473749160766602,-11.776871681213379,-12.186779022216797,-12.758929252624512,-13.217966079711914,-13.127666473388672,-12.185880661010742,-11.032896041870117,-10.872169494628906,-11.971895217895508,-13.047528266906738,-13.350518226623535
2.2867116928100586,1.8779289722442627,0.855479896068573,0.09532059729099274,-0.16431203484535217,-0.16397695243358612,0.18635854125022888,0.8055298924446106,0.9839358329772949,0.5259469151496887,0.060463789850473404,-0.27137812972068787,-0.8358573913574219,-1.5806834697723389,-2.303628444671631,-2.8371658325195312,-3.3235585689544678,-4.008238792419434,-4.782997131347656,-5.394711017608643,-5.853154182434082,-6.215345859527588,-6.366613864898682,-6.362939834594727,-6.529128074645996,-6.940804958343506,-7.498895168304443,-8.077449798583984,-8.588687896728516,-8.92524242401123,-9.307507514953613,-9.993077278137207,-10.69674301147461,-11.041720390319824,-11.3485107421875,-12.133172035217285,-13.139195442199707,-13.367836952209473,-12.165719032287598,-10.62210750579834,-10.428525924682617,-11.761800765991211,-13.237363815307617,-13.644998550415039
2.1474051475524902,2.5241918563842773,2.055816888809204,1.1668604612350464,0.3477523624897003,-0.3276369869709015,-0.5499715805053711,-0.2601522207260132,0.042791105806827545,-0.16219739615917206,-0.5677626729011536,-0.6473655104637146,-0.8237841725349426,-1.448594093322754,-2.0831899642944336,-2.4704575538635254,-2.94226336479187,-3.5460901260375977,-4.221518039703369,-4.785267353057861,-5.218605041503906,-5.635336875915527,-5.987808704376221,-6.239012718200684,-6.549304008483887,-6.884649753570557,-7.134347915649414,-7.370401382446289,-7.609604358673096,-7.7893147468566895,-8.112309455871582,-8.830795288085938,-9.66877555847168,-9.970185279846191,-9.937817573547363,-10.699019432067871,-12.47745418548584,-13.595382690429688,-12.366484642028809,-10.163409233093262,-9.63076114654541,-11.085027694702148,-12.97591495513916,-13.728605270385742
0.9608380794525146,1.5382386445999146,1.5137518644332886,0.9154776334762573,0.12315908074378967,-0.734799861907959,-1.449627161026001,-1.7889436483383179,-1.8851441144943237,-2.037238121032715,-2.1369667053222656,-1.9165459871292114,-1.5243829488754272,-1.55740225315094,-1.9603639841079712,-2.2489006519317627,-2.5232067108154297,-2.9948177337646484,-3.5608646869659424,-3.885378122329712,-4.120942115783691,-4.549516677856445,-5.194847106933594,-5.923616409301758,-6.552642822265625,-6.830843448638916,-6.832693099975586,-6.812710285186768,-6.859442710876465,-6.940494060516357,-7.160684108734131,-7.783135890960693,-8.645036697387695,-8.882769584655762,-8.298876762390137,-8.500588417053223,-10.74350357055664,-13.159807205200195,-12.628005027770996,-9.943852424621582,-8.800786018371582,-10.153144836425781,-12.125768661499023,-13.026211738586426
0.09441938251256943,0.5560479164123535,0.39002788066864014,-0.26694396138191223,-0.794751763343811,-1.3515124320983887,-2.0839741230010986,-2.889552116394043,-3.4000840187072754,-3.6512575149536133,-3.577115774154663,-3.1681864261627197,-2.56247615814209,-2.0812735557556152,-1.9628045558929443,-2.072519063949585,-2.0773940086364746,-2.15779709815979,-2.5591530799865723,-2.825106382369995,-2.958378791809082,-3.407055377960205,-4.260649681091309,-5.249258041381836,-6.028475284576416,-6.372033596038818,-6.448713779449463,-6.440295219421387,-6.393502235412598,-6.4094343185424805,-6.5854878425598145,-7.052585601806641,-7.829395294189453,-8.1001615524292,-7.217226982116699,-6.605205059051514,-8.525651931762695,-11.790083885192871,-12.463213920593262,-9.7619047164917,-8.1066255569458,-9.340901374816895,-11.195597648620605,-11.914087295532227
-0.336249440908432,-0.17319418489933014,-0.2449023574590683,-0.8183121085166931,-1.2626219987869263,-1.5140173435211182,-1.9848034381866455,-2.8021934032440186,-3.522878885269165,-3.8591067790985107,-3.800715208053589,-3.4983508586883545,-3.0338611602783203,-2.3628835678100586,-1.8827590942382812,-1.8134065866470337,-1.7710973024368286,-1.6552833318710327,-1.6264044046401978,-1.742529273033142,-2.003040313720703,-2.539294719696045,-3.445770025253296,-4.3793625831604,-5.005843639373779,-5.375803470611572,-5.727666854858398,-5.995371341705322,-5.955723762512207,-5.8111066818237305,-6.050631046295166,-6.671635150909424,-7.332726001739502,-7.465417861938477,-6.622634410858154,-5.743222713470459,-7.005965232849121,-10.208441734313965,-11.70494270324707,-9.21833610534668,-7.1625871658325195,-8.375168800354004,-10.567384719848633,-11.308185577392578
-0.6793774366378784,-0.8686098456382751,-0.6182159781455994,-0.7386263012886047,-1.0955142974853516,-1.1876300573349,-1.226448893547058,-1.6826107501983643,-2.2011663913726807,-2.6219494342803955,-2.8935701847076416,-2.840503692626953,-2.661875009536743,-2.18654727935791,-1.60806143283844,-1.427364468574524,-1.5110431909561157,-1.4933545589447021,-1.3306748867034912,-1.119733452796936,-1.2232568264007568,-1.7349212169647217,-2.5809314250946045,-3.4084787368774414,-3.8440723419189453,-4.136495113372803,-4.669467449188232,-5.321567535400391,-5.55863618850708,-5.281652927398682,-5.339290142059326,-6.283359050750732,-7.19357967376709,-7.095686435699463,-6.218164443969727,-5.661411285400391,-6.573840618133545,-9.16552448272705,-10.663823127746582,-8.363118171691895,-5.98823881149292,-7.146441459655762,-9.856060028076172,-11.064838409423828
-0.8494625687599182,-1.2796497344970703,-1.034440040588379,-0.6108035445213318,-0.6389719247817993,-0.6705468893051147,-0.6245114207267761,-0.7426121830940247,-0.8703255653381348,-1.07744562625885,-1.3447928428649902,-1.5133291482925415,-1.6656978130340576,-1.555539846420288,-1.1618984937667847,-1.053431510925293,-1.0968395471572876,-1.1558890342712402,-1.1081968545913696,-0.8350735902786255,-0.7765805721282959,-1.073283314704895,-1.5911095142364502,-2.136404275894165,-2.5596296787261963,-2.8323192596435547,-3.297013521194458,-4.133944034576416,-4.884500026702881,-5.017873287200928,-4.971737384796143,-5.59251594543457,-6.572713375091553,-6.818718433380127,-6.240687847137451,-5.897090911865234,-6.576149940490723,-8.423715591430664,-9.647507667541504,-7.557701110839844,-4.993607044219971,-6.039313316345215,-8.95086669921875,-10.481280326843262
-1.0666712522506714,-1.2205424308776855,-1.1210966110229492,-0.5943697690963745,-0.23847495019435883,-0.1907912790775299,-0.3681040406227112,-0.4302159249782562,-0.2740955948829651,-0.14325104653835297,-0.1139451414346695,-0.011249949224293232,-0.11267469823360443,-0.2268114686012268,-0.2267979383468628,-0.4130413830280304,-0.5242082476615906,-0.505856990814209,-0.3644654452800751,-0.10675811767578125,-0.06724794954061508,-0.3220868408679962,-0.6637288928031921,-0.8830462694168091,-1.1772146224975586,-1.4395004510879517,-1.7954444885253906,-2.582460641860962,-3.5182371139526367,-4.201731204986572,-4.601834297180176,-4.8216376304626465,-5.236247539520264,-5.887553691864014,-6.287649154663086,-6.214000701904297,-6.321725845336914,-7.585573673248291,-8.67672348022461,-6.729563236236572,-4.266105651855469,-5.208561897277832,-8.028960227966309,-9.641328811645508
-1.2616509199142456,-1.1349514722824097,-0.9239972233772278,-0.4471845030784607,0.1307770013809204,0.4073033928871155,0.2305065393447876,0.004106457810848951,0.04573732987046242,0.26355236768722534,0.4777304232120514,0.7026299834251404,0.9974967837333679,1.3285592794418335,1.3653231859207153,0.977138340473175,0.6560945510864258,0.5985020995140076,0.79432612657547,1.200058102607727,1.3648701906204224,1.0878384113311768,0.6645082831382751,0.33524462580680847,0.043293923139572144,-0.14644074440002441,-0.4801153242588043,-1.212172269821167,-2.0088229179382324,-2.7161755561828613,-3.4088165760040283,-3.8383045196533203,-3.984421491622925,-4.446977615356445,-5.638031959533691,-6.1369428634643555,-5.581625938415527,-6.393126964569092,-7.663366794586182,-5.898522853851318,-3.6085100173950195,-4.417090892791748,-6.951058864593506,-8.5922269821167
-1.1548279523849487,-0.8721474409103394,-0.42143625020980835,0.02951999194920063,0.5039838552474976,0.8794577121734619,1.053176999092102,0.9549660682678223,0.7199323773384094,0.6699854731559753,0.8457579612731934,1.2331924438476562,1.6742807626724243,2.09647798538208,2.4955215454101562,2.6815671920776367,2.6091976165771484,2.444270610809326,2.495269536972046,2.903191566467285,3.074268341064453,2.8645565509796143,2.5008044242858887,2.0294320583343506,1.557940125465393,1.1303527355194092,0.6113561391830444,-0.16276922821998596,-0.9377831816673279,-1.3499547243118286,-1.6338402032852173,-2.1700265407562256,-2.6461682319641113,-3.0825250148773193,-4.259646415710449,-5.181992530822754,-4.621710300445557,-4.968600273132324,-6.336355686187744,-5.095254421234131,-2.936335325241089,-3.4133083820343018,-5.582581520080566,-7.129180431365967
-0.4520002007484436,-0.48968520760536194,-0.09249349683523178,0.4520784020423889,0.9664748311042786,1.397172451019287,1.6503312587738037,1.630242943763733,1.5400032997131348,1.4377262592315674,1.5305143594741821,1.9587702751159668,2.452725648880005,2.8254525661468506,3.2033841609954834,3.655405044555664,4.093195915222168,4.317466735839844,4.480308532714844,4.706320762634277,4.722240924835205,4.598258972167969,4.371196746826172,3.9464142322540283,3.447664499282837,2.8099725246429443,1.9030221700668335,0.9244180917739868,0.21463146805763245,-0.18266737461090088,-0.3568875193595886,-0.41738978028297424,-0.7975034117698669,-1.6097558736801147,-2.7093992233276367,-3.549527406692505,-3.127368927001953,-3.3517346382141113,-4.954065322875977,-4.310882091522217,-2.1589319705963135,-2.304494619369507,-3.9866561889648438,-5.4545817375183105
0.9593411684036255,0.5649408102035522,0.5344296097755432,0.9113518595695496,1.3128914833068848,1.659717082977295,1.9388720989227295,2.0859599113464355,2.182544708251953,2.160275459289551,2.3677618503570557,2.808481454849243,3.186302661895752,3.6017346382141113,4.076498985290527,4.393405914306641,4.765729904174805,5.1666259765625,5.520094394683838,5.77968692779541,5.854969501495361,5.880748271942139,5.7322845458984375,5.3205413818359375,4.8503828048706055,4.249604225158691,3.2730515003204346,2.2251510620117188,1.6818296909332275,1.3258099555969238,0.8807336688041687,0.703579843044281,0.8269380331039429,0.16829507052898407,-1.0637598037719727,-1.7722121477127075,-1.1168701648712158,-1.2628588676452637,-3.603026866912842,-3.6638455390930176,-1.355269193649292,-1.2497987747192383,-2.538719415664673,-3.819333553314209
2.31231951713562,2.0993850231170654,1.9024697542190552,1.9146634340286255,1.9361934661865234,2.017362117767334,2.2181015014648438,2.360262632369995,2.3973162174224854,2.4610595703125,2.871797561645508,3.4731647968292236,3.819794178009033,4.099021911621094,4.554083824157715,4.9438042640686035,5.24810791015625,5.549670696258545,5.770788669586182,5.898018836975098,6.056788921356201,6.3011555671691895,6.296308994293213,5.831754207611084,5.215155601501465,4.643181324005127,3.9535837173461914,3.268782138824463,3.015475034713745,2.871720552444458,2.6443111896514893,2.2008450031280518,2.1362385749816895,2.005216598510742,1.0777803659439087,0.1678037941455841,0.7891212105751038,0.9388253092765808,-1.743494987487793,-2.754628896713257,-0.6569554805755615,-0.27193963527679443,-1.3175243139266968,-2.369455575942993
3.255664110183716,3.228769540786743,3.2605366706848145,3.3311100006103516,3.3566548824310303,3.248037815093994,3.035398244857788,2.8031580448150635,2.6027095317840576,2.6560370922088623,3.1240599155426025,3.6412062644958496,3.940354585647583,4.139211177825928,4.484732627868652,4.936467170715332,5.421306610107422,5.85014533996582,6.029901027679443,6.043152332305908,6.212570667266846,6.457327365875244,6.375455379486084,5.844096660614014,5.203162670135498,4.694401264190674,4.228230953216553,3.8814613819122314,3.9534218311309814,4.191781997680664,4.229583263397217,3.931485176086426,3.8561668395996094,3.718256711959839,3.382392644882202,2.411994218826294,2.3955819606781006,2.6119320392608643,0.22128553688526154,-1.1378408670425415,0.21653114259243011,0.4825078248977661,-0.23586012423038483,-1.0238308906555176
4.499347686767578,4.281608581542969,4.281032085418701,4.507879734039307,4.869143009185791,4.96376895904541,4.6852216720581055,4.149993896484375,3.649284839630127,3.502195358276367,3.6786022186279297,3.8448073863983154,3.93696665763855,4.024757385253906,4.214004039764404,4.522844314575195,4.982200622558594,5.5423736572265625,5.961577892303467,6.2871294021606445,6.656505584716797,6.776364803314209,6.451067924499512,5.956050395965576,5.589136123657227,5.327964782714844,5.0088582038879395,4.7359232902526855,4.75361442565918,4.805314540863037,5.08079719543457,5.238526344299316,5.134110927581787,5.107086181640625,5.115056037902832,4.0783491134643555,3.821072816848755,3.8700814247131348,1.953505516052246,0.9056798815727234,1.5884853601455688,1.3718289136886597,0.7049074769020081,0.16596662998199463
6.041093349456787,5.807340145111084,5.66349458694458,5.696559906005859,5.945515155792236,6.141532897949219,6.090052127838135,5.764466762542725,5.363059997558594,5.133842945098877,5.057331085205078,4.9662251472473145,4.776634216308594,4.553021430969238,4.415290355682373,4.413503170013428,4.617695331573486,5.093209266662598,5.717429161071777,6.402524948120117,6.953887939453125,6.992933750152588,6.616686820983887,6.383367538452148,6.451251029968262,6.501034259796143,6.217834949493408,5.897991180419922,5.815781593322754,5.429449558258057,5.236353397369385,5.6350531578063965,5.628525257110596,5.897119522094727,5.969700336456299,4.649116039276123,4.716169357299805,5.229682445526123,3.818718671798706,2.9198734760284424,2.9518065452575684,2.529397487640381,1.839678168296814,1.2483292818069458
7.473053455352783,7.3172125816345215,7.140257358551025,7.07010555267334,7.129026412963867,7.130910873413086,7.062618255615234,6.930696487426758,6.756473064422607,6.591285228729248,6.510932445526123,6.494656085968018,6.320398807525635,5.940544605255127,5.597275257110596,5.403158187866211,5.362768650054932,5.593175888061523,6.118325710296631,6.791318416595459,7.303863525390625,7.3157148361206055,7.058868408203125,7.086610794067383,7.400115489959717,7.613595008850098,7.399411201477051,7.061037540435791,6.851863384246826,6.271278381347656,6.047266006469727,5.937001705169678,5.5795207023620605,6.262624740600586,6.435348033905029,4.959753513336182,5.1693501472473145,5.957406044006348,5.297488212585449,4.744122505187988,4.263203144073486,3.727318048477173,3.172088146209717,2.624406337738037
8.854182243347168,8.685659408569336,8.401525497436523,8.239313125610352,8.28857421875,8.325185775756836,8.208148956298828,7.985389709472656,7.777855396270752,7.610366344451904,7.505045413970947,7.482622146606445,7.428378105163574,7.244282245635986,7.062801361083984,6.9682745933532715,6.982004642486572,7.133877754211426,7.462924957275391,7.905520439147949,8.231304168701172,8.194366455078125,8.00503921508789,8.015853881835938,8.159150123596191,8.238143920898438,8.080160140991211,7.8891987800598145,7.850019454956055,7.447085857391357,7.4635772705078125,7.042969703674316,6.010338306427002,6.55763053894043,6.857265472412109,5.753033638000488,5.882659912109375,6.143152713775635,5.877068996429443,5.985217094421387,5.7833356857299805,5.21833610534668,4.692653179168701,4.222091197967529
10.270623207092285,10.08029842376709,9.753738403320312,9.422403335571289,9.312235832214355,9.3903169631958,9.366238594055176,9.088408470153809,8.704778671264648,8.41808795928955,8.25186824798584,8.134151458740234,8.061456680297852,8.069716453552246,8.15589714050293,8.308515548706055,8.55098819732666,8.845518112182617,9.150897026062012,9.427340507507324,9.600069046020508,9.54942798614502,9.385610580444336,9.228994369506836,8.966103553771973,8.691673278808594,8.421439170837402,8.4694242477417,8.692172050476074,8.67018985748291,8.88769245147705,8.735816955566406,7.52671480178833,7.408628463745117,7.461330890655518,7.0958991050720215,7.232437610626221,6.731228351593018,6.227539539337158,6.509861469268799,6.890155792236328,6.721981048583984,6.377074241638184,5.963158130645752
