data/wind_data/wind_67_3.json
{"header": {"parameterUnit": "KT", "parameterCategory": 2, "nx": 256, "ny": 198, "lo1": 44.73521041870117, "la1": -3.236724853515625, "lo2": 111.26478576660156, "la2": 43.468475341796875, "dx": 0.2609002888202667, "dy": -0.23708222806453705, "refTime": "2025-02-21 19:00:00", "forecastTime": 0, "parameterNumber": 2, "parameterNumberName": "eastward_wind"}, "data":
[rows 152 to 170 of 198, columns 132 to 175 of 256]
36.00525665283203,37.803226470947266,38.67911911010742,38.208335876464844,35.06950378417969,30.60487937927246,29.992233276367188,32.03205871582031,33.027835845947266,32.86892318725586,33.57722854614258,34.996246337890625,35.30873107910156,35.29514694213867,36.17081832885742,35.38569259643555,31.218774795532227,26.741296768188477,25.205703735351562,24.984647750854492,21.241981506347656,18.26547622680664,18.264057159423828,19.682022094726562,21.4294490814209,21.32329559326172,19.914892196655273,12.756942749023438,7.129526138305664,4.639588356018066,4.360549449920654,10.145591735839844,17.28098487854004,19.665205001831055,18.15880584716797,18.304243087768555,21.492340087890625,25.632665634155273,28.80340576171875,32.204010009765625,35.18619918823242,35.82649230957031,35.52010726928711,34.67461013793945
38.65928268432617,39.50889205932617,38.87948226928711,35.73375701904297,31.66931915283203,29.872268676757812,30.72243881225586,32.916622161865234,36.836971282958984,39.58552551269531,39.59170913696289,39.39333724975586,39.85552215576172,40.43555450439453,40.343421936035156,37.884849548339844,30.96723175048828,24.195096969604492,21.02454376220703,19.123979568481445,16.00179100036621,20.019412994384766,21.122915267944336,18.696189880371094,17.22147560119629,15.183385848999023,12.717367172241211,9.155888557434082,5.996856212615967,4.557603359222412,6.0039567947387695,8.973174095153809,12.860175132751465,12.324934959411621,11.346548080444336,14.233059883117676,18.979427337646484,22.963266372680664,25.21099090576172,27.424959182739258,30.822690963745117,33.27532958984375,33.343353271484375,31.92146873474121
39.2822380065918,37.773067474365234,34.988258361816406,31.163867950439453,29.730735778808594,30.879167556762695,32.44760513305664,33.82115936279297,34.95453643798828,35.37002182006836,34.65105056762695,35.927284240722656,39.267303466796875,39.31477355957031,36.55475997924805,32.70820999145508,23.604278564453125,17.863554000854492,17.56624412536621,20.332237243652344,20.932809829711914,19.685890197753906,19.429855346679688,20.027254104614258,19.050338745117188,17.7467041015625,14.291923522949219,12.828469276428223,11.815835952758789,8.317885398864746,5.111386775970459,6.773453235626221,9.186671257019043,9.909247398376465,11.351139068603516,13.400445938110352,18.273235321044922,23.345972061157227,26.89415168762207,30.60645294189453,34.27848434448242,34.927711486816406,33.09248352050781,30.4350528717041
36.80842971801758,32.9160041809082,29.588430404663086,29.061124801635742,30.828628540039062,32.41690444946289,33.54355239868164,35.22109603881836,35.77254867553711,35.22434997558594,34.20195007324219,34.577415466308594,36.20323944091797,35.24987030029297,30.83574676513672,26.003376007080078,22.689586639404297,22.522083282470703,21.623088836669922,24.264602661132812,28.371231079101562,21.533201217651367,17.322446823120117,19.069997787475586,21.24233627319336,21.658830642700195,23.1447811126709,26.006704330444336,23.18705177307129,15.559844970703125,10.149689674377441,11.266752243041992,13.15532398223877,9.986591339111328,7.995747089385986,7.135465145111084,16.318273544311523,24.692668914794922,28.756946563720703,32.34169006347656,34.625553131103516,33.389854431152344,31.275938034057617,28.942800521850586
33.52410125732422,28.63197898864746,28.814762115478516,31.436294555664062,32.46485137939453,33.280799865722656,37.93016815185547,42.390743255615234,42.46145248413086,39.219520568847656,35.46022033691406,33.467350006103516,32.310943603515625,29.024280548095703,24.408618927001953,22.14017105102539,21.525344848632812,20.120933532714844,19.59592628479004,20.499059677124023,19.153932571411133,19.450366973876953,21.143489837646484,23.124019622802734,23.887117385864258,24.53434181213379,25.612037658691406,26.446813583374023,25.412525177001953,19.773338317871094,15.558576583862305,16.553668975830078,16.864595413208008,11.85129451751709,8.43933391571045,5.191647052764893,11.424532890319824,16.76657485961914,21.001564025878906,24.33358383178711,24.978408813476562,24.253149032592773,24.375024795532227,25.039018630981445
31.59170913696289,29.3210506439209,30.06907081604004,31.417226791381836,32.8874626159668,38.18227767944336,44.16046905517578,45.108924865722656,40.9356689453125,34.728336334228516,29.92885971069336,27.206525802612305,24.4197940826416,22.78844451904297,19.408920288085938,17.914600372314453,17.589014053344727,17.56023406982422,18.80558204650879,20.451162338256836,20.769657135009766,20.58662223815918,21.965686798095703,24.075550079345703,25.933963775634766,26.987316131591797,27.353290557861328,26.44626235961914,26.5555362701416,25.717676162719727,22.570072174072266,21.765501022338867,19.215322494506836,10.881634712219238,6.165923595428467,3.774050235748291,2.2893333435058594,2.2649712562561035,7.648699760437012,13.083659172058105,15.346940040588379,17.78489875793457,19.800439834594727,21.709897994995117
32.186073303222656,30.90682029724121,33.31673812866211,36.21662902832031,37.25411605834961,38.105350494384766,37.411808013916016,34.50821304321289,30.16425132751465,25.388540267944336,22.346954345703125,21.60470962524414,21.573368072509766,20.282442092895508,20.545578002929688,21.497337341308594,21.491867065429688,21.914525985717773,22.975187301635742,24.111488342285156,24.12837028503418,23.03608512878418,21.971498489379883,23.682050704956055,27.521366119384766,29.362300872802734,28.935108184814453,29.269874572753906,28.878610610961914,29.044235229492188,27.276769638061523,25.27991485595703,20.457378387451172,12.357601165771484,10.392455101013184,4.374700546264648,0.6593058705329895,-3.782172918319702,-4.620171070098877,2.7997002601623535,7.703836917877197,12.199166297912598,14.884092330932617,17.339113235473633
33.192039489746094,34.73480987548828,38.0690803527832,32.830684661865234,29.77926254272461,29.78920555114746,28.100139617919922,26.74211883544922,25.972179412841797,23.656421661376953,22.090452194213867,20.064176559448242,18.306798934936523,19.472000122070312,22.65239143371582,26.33391761779785,27.876741409301758,27.14333724975586,26.56981086730957,26.982799530029297,27.52984619140625,27.514789581298828,26.51253890991211,26.496044158935547,28.907154083251953,30.560665130615234,30.55478858947754,30.207338333129883,29.333335876464844,29.218284606933594,29.109859466552734,28.17256736755371,23.665388107299805,16.46807861328125,14.993268966674805,13.244362831115723,8.001898765563965,-0.17560404539108276,-7.988899230957031,-4.818623065948486,-1.066306471824646,0.6164977550506592,2.9631593227386475,6.595292568206787
36.4518928527832,37.59808349609375,32.72362518310547,28.61427879333496,28.151119232177734,27.23706817626953,23.887834548950195,22.06623649597168,21.501617431640625,21.662307739257812,19.234193801879883,17.93922996520996,20.28609275817871,21.043399810791016,23.093124389648438,26.368391036987305,29.643136978149414,31.26105499267578,30.971174240112305,30.30708885192871,30.362062454223633,30.71438217163086,31.178821563720703,31.55550765991211,31.918766021728516,32.37338638305664,33.06289291381836,33.75675964355469,32.65677261352539,31.187429428100586,31.214473724365234,31.27971649169922,27.315683364868164,20.71342658996582,18.058818817138672,16.574874877929688,8.448551177978516,2.7966980934143066,-4.441928386688232,-6.147867679595947,-5.700535774230957,-9.053709983825684,-7.363961696624756,-2.8499536514282227
33.53383255004883,32.8907585144043,27.642004013061523,23.929996490478516,22.35574722290039,18.791385650634766,12.34118938446045,8.522865295410156,9.412165641784668,12.968636512756348,18.103506088256836,21.756027221679688,25.76903533935547,27.487459182739258,26.904991149902344,26.576580047607422,27.413524627685547,29.3509521484375,31.3613338470459,32.36280059814453,32.43882751464844,32.51962661743164,33.04847717285156,33.689273834228516,34.04900360107422,33.599388122558594,32.921016693115234,33.03453826904297,33.31273651123047,32.64802169799805,32.27091979980469,33.32058334350586,28.32483673095703,21.423303604125977,18.96331787109375,17.155017852783203,7.5574212074279785,0.8919771313667297,-2.988393783569336,-3.9071531295776367,-3.6856000423431396,-6.660467624664307,-11.165694236755371,-6.375901222229004
28.521310806274414,26.270824432373047,20.567363739013672,18.63021469116211,17.431108474731445,12.958133697509766,7.868382453918457,7.587834358215332,9.678967475891113,12.95235538482666,16.993507385253906,22.419187545776367,26.76810646057129,27.936128616333008,27.517457962036133,27.723127365112305,28.237611770629883,29.26342010498047,31.402021408081055,33.79902648925781,34.96240234375,34.305912017822266,33.37893295288086,33.71028518676758,34.5264778137207,34.471824645996094,32.86048889160156,31.40286636352539,31.403318405151367,30.890220642089844,30.91370391845703,33.23622512817383,30.392107009887695,24.193246841430664,21.28898811340332,19.38945770263672,10.995856285095215,3.9064548015594482,-1.1995714902877808,-2.175732135772705,-1.5939617156982422,-2.782085657119751,-6.274419784545898,-4.853947162628174
23.1571044921875,18.223983764648438,14.365714073181152,13.824566841125488,13.960886001586914,14.253114700317383,13.403585433959961,12.572602272033691,12.914368629455566,13.552464485168457,15.051563262939453,20.43438148498535,26.041488647460938,28.711021423339844,28.94847869873047,28.37307357788086,28.145505905151367,28.548250198364258,30.58542251586914,33.506046295166016,34.66653823852539,34.77446746826172,35.19815444946289,35.81804275512695,36.255496978759766,35.769371032714844,34.44054412841797,32.72386932373047,30.875749588012695,29.239770889282227,28.24163818359375,28.998350143432617,29.522098541259766,25.675891876220703,22.773387908935547,22.932899475097656,18.038002014160156,9.704645156860352,3.1304819583892822,-0.5367022156715393,-2.7663533687591553,-5.4241766929626465,-4.5747528076171875,-2.272434711456299
19.568939208984375,13.94427490234375,12.192831993103027,13.517441749572754,15.7127046585083,17.91214942932129,19.168251037597656,18.793556213378906,17.562450408935547,16.57465934753418,16.004615783691406,16.530698776245117,18.19396209716797,20.388782501220703,21.949859619140625,23.156064987182617,24.483016967773438,25.832792282104492,26.7985897064209,29.609397888183594,32.399208068847656,36.206748962402344,38.336822509765625,36.86420440673828,35.76551055908203,35.56490707397461,35.289180755615234,33.725467681884766,29.7287654876709,27.019651412963867,24.349607467651367,23.04369354248047,22.405616760253906,21.749828338623047,21.97386932373047,24.0357666015625,22.270286560058594,14.887247085571289,7.619689464569092,2.536492347717285,-0.5140551328659058,-1.6753365993499756,-2.360257148742676,-1.219797968864441
16.13282012939453,13.365655899047852,13.907186508178711,15.936686515808105,18.14069175720215,20.083168029785156,21.551082611083984,21.84033203125,21.09549331665039,20.49274444580078,20.428632736206055,20.418344497680664,20.324386596679688,20.570770263671875,21.259754180908203,22.5295467376709,23.960786819458008,25.235307693481445,25.8297119140625,25.93119239807129,27.37257194519043,30.1282901763916,33.58287048339844,34.91976547241211,34.63666534423828,35.19071578979492,37.15694808959961,33.60185241699219,28.56572151184082,26.773290634155273,23.329980850219727,22.790870666503906,22.47477149963379,22.397878646850586,21.414152145385742,20.980215072631836,20.92568016052246,17.500715255737305,12.648728370666504,7.068124771118164,2.534917116165161,-1.128513216972351,-1.981425166130066,-1.316760540008545
13.27757453918457,14.301497459411621,15.605755805969238,17.191757202148438,18.781442642211914,19.919469833374023,20.562639236450195,20.667394638061523,20.173599243164062,19.67853355407715,20.022430419921875,20.762025833129883,21.22313117980957,21.58017921447754,22.232646942138672,23.251558303833008,24.444435119628906,25.55497169494629,26.305896759033203,26.330846786499023,26.39508056640625,26.31438446044922,26.506122589111328,27.429834365844727,28.941713333129883,32.79682159423828,35.62838363647461,34.90813446044922,32.64564514160156,29.456497192382812,26.28725242614746,25.183212280273438,23.623775482177734,21.392000198364258,20.839195251464844,19.80420684814453,17.805278778076172,19.323801040649414,14.350728988647461,7.561674118041992,2.8995702266693115,0.804526686668396,1.200593113899231,2.760011672973633
13.271519660949707,14.375408172607422,15.600563049316406,16.425500869750977,16.518138885498047,16.021087646484375,15.49951171875,15.166376113891602,14.990806579589844,15.199145317077637,15.90317440032959,16.57462501525879,16.962749481201172,17.2770938873291,17.73542594909668,18.387100219726562,19.468490600585938,20.78056526184082,21.951879501342773,22.926105499267578,23.571224212646484,24.00551414489746,24.885486602783203,25.214134216308594,24.999555587768555,26.053115844726562,29.653196334838867,32.5124397277832,32.14617919921875,28.93724250793457,25.013351440429688,23.612842559814453,22.323993682861328,21.28608512878418,21.81032371520996,18.018653869628906,16.4873104095459,18.379955291748047,14.512657165527344,8.278802871704102,4.402328014373779,3.4043993949890137,4.313499450683594,4.3808183670043945
12.862834930419922,13.723639488220215,14.145788192749023,13.555747032165527,12.249384880065918,11.188065528869629,11.027240753173828,11.361907005310059,11.421204566955566,11.325063705444336,11.388209342956543,11.470688819885254,11.525019645690918,11.429250717163086,11.1600980758667,11.06412410736084,11.446434020996094,12.068552017211914,12.765538215637207,13.485520362854004,14.222357749938965,15.9165620803833,18.505931854248047,20.681772232055664,22.14223861694336,22.884004592895508,25.00956916809082,29.10679054260254,30.09382438659668,27.030223846435547,23.017332077026367,22.27619743347168,21.675613403320312,20.98996925354004,21.019174575805664,17.169971466064453,15.13907527923584,15.394292831420898,13.203705787658691,8.839171409606934,4.972952842712402,2.754408597946167,3.045839548110962,2.246429204940796
12.874119758605957,12.967808723449707,12.587148666381836,11.424341201782227,10.153548240661621,9.524967193603516,9.250310897827148,8.875937461853027,8.13314151763916,7.544794082641602,7.672904014587402,8.20159912109375,8.69632339477539,8.781411170959473,8.265668869018555,7.552206993103027,6.809408664703369,5.895545482635498,5.198958396911621,4.952301025390625,5.2795796394348145,6.513829231262207,8.730576515197754,11.701227188110352,14.967233657836914,17.748926162719727,20.314367294311523,24.043262481689453,26.40902328491211,24.79427719116211,21.362918853759766,19.75656509399414,18.13138198852539,16.587106704711914,16.089284896850586,15.324666976928711,13.694135665893555,13.181438446044922,12.057746887207031,8.733732223510742,4.502996444702148,1.6634297370910645,0.6758465766906738,-2.0380539894104004
10.635446548461914,10.258630752563477,9.784383773803711,8.941158294677734,8.211766242980957,8.241541862487793,8.531805992126465,8.38756275177002,7.980631351470947,7.658688068389893,7.635052680969238,7.922850608825684,7.965075969696045,7.67664098739624,7.207050800323486,6.399978160858154,5.11231803894043,3.4444971084594727,2.241973400115967,1.994711995124817,2.332138776779175,3.1082255840301514,4.647017002105713,7.01617431640625,9.772401809692383,12.403670310974121,14.58254623413086,17.45175552368164,20.980331420898438,22.64263343811035,22.351659774780273,21.37582015991211,20.562475204467773,19.805442810058594,18.907434463500977,16.5703067779541,15.312291145324707,12.367396354675293,9.922652244567871,7.7131195068359375,4.611746311187744,2.896770715713501,1.9792062044143677,-0.16560152173042297
