data/wind_data/wind_55_4.json
{"header": {"parameterUnit": "KT", "parameterCategory": 2, "nx": 256, "ny": 198, "lo1": 44.73521041870117, "la1": -3.236724853515625, "lo2": 111.26478576660156, "la2": 43.468475341796875, "dx": 0.2609002888202667, "dy": -0.23708222806453705, "refTime": "2025-02-21 07:00:00", "forecastTime": 0, "parameterNumber": 2, "parameterNumberName": "eastward_wind"}, "data":
[rows 152 to 170 of 198, columns 0 to 43 of 256]
31.694778442382812,32.76335906982422,32.224449157714844,32.36235809326172,36.615543365478516,42.12484359741211,45.84379577636719,46.56227111816406,44.79018783569336,42.71023178100586,42.102054595947266,41.96017837524414,41.750953674316406,39.9130859375,35.79175567626953,32.637657165527344,33.09223556518555,33.754268646240234,35.098426818847656,37.549137115478516,36.854061126708984,34.14155197143555,31.234609603881836,28.714704513549805,26.33631134033203,21.536434173583984,20.298629760742188,22.27842140197754,23.37685203552246,22.68332290649414,20.964492797851562,18.92628288269043,17.3480224609375,16.38152503967285,15.904497146606445,16.257436752319336,15.695977210998535,13.14082145690918,10.542235374450684,11.457842826843262,14.95763874053955,13.371801376342773,9.548602104187012,7.957806587219238
30.04908561706543,31.18398666381836,30.598392486572266,29.984678268432617,34.49431610107422,40.8062744140625,44.86714172363281,44.848514556884766,43.037723541259766,42.289588928222656,43.632240295410156,42.20301818847656,41.44381332397461,37.02256393432617,26.178258895874023,23.895946502685547,25.42735481262207,24.726652145385742,28.92770004272461,36.21072769165039,38.244140625,33.46095657348633,27.22870635986328,24.431612014770508,22.986783981323242,21.742856979370117,21.844375610351562,23.756322860717773,24.373483657836914,22.641136169433594,20.473459243774414,19.192245483398438,18.416549682617188,17.671781539916992,16.608928680419922,15.903055191040039,14.771706581115723,13.001410484313965,9.454751968383789,9.823162078857422,13.638616561889648,12.892024993896484,9.91730785369873,9.061028480529785
28.413742065429688,29.882755279541016,30.068857192993164,29.7775821685791,33.584354400634766,38.568050384521484,42.572296142578125,43.982330322265625,44.211299896240234,43.82986831665039,44.66497802734375,43.41570281982422,43.335906982421875,41.5787353515625,29.33742904663086,22.383195877075195,24.52620506286621,23.999523162841797,29.0893497467041,35.920684814453125,37.19963836669922,30.780799865722656,25.752105712890625,23.75991439819336,22.9698543548584,23.0963191986084,24.063783645629883,25.59221076965332,26.038808822631836,23.85700798034668,21.031583786010742,19.226924896240234,18.579126358032227,18.424335479736328,17.693645477294922,16.665775299072266,15.425867080688477,13.335330963134766,10.120378494262695,10.610371589660645,11.898781776428223,12.32298755645752,11.918519973754883,11.596920013427734
27.198810577392578,29.2241268157959,30.876482009887695,31.751293182373047,33.88886642456055,36.59178161621094,40.54520797729492,43.86677551269531,45.27555847167969,44.377227783203125,44.352081298828125,44.55280685424805,44.70703125,44.53160858154297,35.42595672607422,26.07775115966797,25.383153915405273,26.04461097717285,29.824369430541992,33.722354888916016,34.72705078125,29.30927085876465,24.215084075927734,23.63280487060547,24.484235763549805,25.341039657592773,26.420639038085938,27.292171478271484,27.147930145263672,25.59963607788086,23.730693817138672,22.13401985168457,20.88611602783203,20.047639846801758,19.076929092407227,17.86376190185547,16.3790225982666,13.82286548614502,11.26180362701416,12.376789093017578,13.06772232055664,13.540596961975098,14.089141845703125,13.929963111877441
26.889497756958008,28.861820220947266,30.886674880981445,31.983814239501953,33.1429557800293,34.99864196777344,38.87434387207031,42.217796325683594,43.66495132446289,44.079254150390625,44.30813217163086,44.31268310546875,43.203243255615234,42.329017639160156,37.68421936035156,31.016094207763672,27.84020233154297,28.838172912597656,31.609638214111328,35.03874206542969,37.32168960571289,34.42185592651367,28.937400817871094,27.624513626098633,28.487001419067383,28.888744354248047,28.966218948364258,28.925426483154297,28.230863571166992,27.035486221313477,25.69778823852539,24.682523727416992,24.169328689575195,23.431394577026367,21.716135025024414,19.383363723754883,16.310171127319336,14.09985065460205,13.49970531463623,14.721558570861816,15.740761756896973,15.692370414733887,15.634893417358398,15.55955696105957
27.802248001098633,28.532793045043945,29.107934951782227,29.562326431274414,31.857690811157227,34.61946105957031,38.106727600097656,40.734580993652344,42.74398422241211,43.86125183105469,44.11725616455078,43.1574821472168,40.15517044067383,38.672203063964844,36.955928802490234,33.498416900634766,31.85113525390625,33.12601852416992,35.47100067138672,37.72844696044922,40.625247955322266,39.746849060058594,35.420772552490234,32.80598449707031,31.86100196838379,31.68880271911621,31.60151481628418,31.3271427154541,30.311105728149414,29.196903228759766,28.824003219604492,27.12728500366211,24.610002517700195,23.979032516479492,23.0965576171875,21.375732421875,17.1416015625,14.31354808807373,15.324063301086426,17.706512451171875,17.572294235229492,16.591978073120117,16.549083709716797,17.094036102294922
26.6973876953125,26.576005935668945,26.90473747253418,28.38881492614746,32.41573715209961,35.964271545410156,38.98337936401367,42.01693344116211,44.25017547607422,44.34385299682617,43.71472930908203,42.43186569213867,39.953704833984375,36.95805740356445,34.07325744628906,33.434120178222656,34.954105377197266,36.724456787109375,38.85455322265625,41.40484619140625,43.407936096191406,42.02578353881836,38.66534423828125,35.60751724243164,34.32146072387695,34.29108428955078,34.1633186340332,33.867088317871094,33.256351470947266,33.098880767822266,33.026790618896484,30.64132308959961,26.30982780456543,24.04185676574707,23.590755462646484,22.79286766052246,18.75287628173828,18.110013961791992,18.666763305664062,17.600055694580078,16.45961570739746,15.980664253234863,16.651870727539062,17.319576263427734
22.539094924926758,21.819604873657227,23.879281997680664,28.235759735107422,33.23454666137695,37.46476364135742,40.92047882080078,43.63808059692383,44.24467468261719,43.03773880004883,41.90888214111328,41.01719665527344,39.38754653930664,35.421058654785156,31.96453857421875,31.64930534362793,33.69326400756836,36.297889709472656,38.65330123901367,41.08629608154297,41.9921989440918,40.789546966552734,38.80329895019531,36.911712646484375,36.26278305053711,36.85961151123047,37.70783996582031,38.58037185668945,39.134761810302734,38.93764114379883,35.34227752685547,28.234243392944336,23.768552780151367,23.479087829589844,24.189435958862305,23.07368278503418,21.51765251159668,23.174468994140625,21.952051162719727,16.760074615478516,14.188319206237793,15.270353317260742,16.76053237915039,16.950515747070312
19.40380096435547,17.8660831451416,20.360328674316406,27.0500545501709,33.28126525878906,38.347137451171875,40.59553527832031,40.690975189208984,40.74077606201172,40.78008270263672,39.603755950927734,38.146121978759766,36.016502380371094,33.27892303466797,30.835609436035156,30.231714248657227,30.340389251708984,30.342708587646484,31.318092346191406,33.13466262817383,34.75563049316406,35.927879333496094,36.28357696533203,36.473628997802734,38.037269592285156,40.40446090698242,42.3484001159668,43.87562942504883,42.56325912475586,35.64710235595703,30.371047973632812,27.466262817382812,25.471162796020508,24.484134674072266,23.847036361694336,22.614694595336914,23.457252502441406,25.801795959472656,23.544675827026367,16.584457397460938,13.30383014678955,14.659358978271484,16.262432098388672,16.992074966430664
19.853965759277344,21.97420310974121,23.10750961303711,28.875247955322266,34.27304458618164,37.023475646972656,36.14775466918945,35.073951721191406,36.370635986328125,37.9860954284668,38.499351501464844,37.371063232421875,33.37176513671875,30.68292808532715,28.685991287231445,25.00631332397461,24.794754028320312,27.89105987548828,30.193782806396484,29.810686111450195,30.285871505737305,31.74888038635254,33.4785041809082,37.004051208496094,40.98798370361328,39.8900146484375,37.985652923583984,36.73179244995117,35.853023529052734,33.72395706176758,28.662639617919922,25.773738861083984,25.704919815063477,26.244478225708008,25.576732635498047,23.63917350769043,24.293272018432617,26.59176254272461,25.241214752197266,18.478168487548828,14.640584945678711,14.916298866271973,16.492746353149414,17.57703399658203
23.662206649780273,26.54568862915039,29.03860855102539,33.26458740234375,35.91935729980469,34.676658630371094,31.66124725341797,31.542665481567383,33.72730255126953,35.929683685302734,37.420265197753906,36.98773956298828,33.28478240966797,30.100502014160156,25.977338790893555,19.77002716064453,22.911544799804688,29.518699645996094,31.78670883178711,31.004058837890625,31.220876693725586,31.91632652282715,32.61739730834961,36.16641616821289,35.00279235839844,34.25555419921875,33.645843505859375,32.298824310302734,30.240800857543945,28.065156936645508,24.975467681884766,22.82810401916504,23.275487899780273,25.111703872680664,26.44271469116211,26.389671325683594,26.127744674682617,26.846540451049805,26.408634185791016,21.839767456054688,17.354236602783203,16.146039962768555,17.14374542236328,17.673128128051758
24.94009017944336,29.184329986572266,32.16481018066406,33.836143493652344,34.77251434326172,32.64072799682617,29.595325469970703,30.137718200683594,33.08222198486328,36.591094970703125,36.145240783691406,33.44077682495117,30.704050064086914,27.680315017700195,21.82400131225586,19.168895721435547,23.082204818725586,27.387361526489258,30.82557487487793,32.079620361328125,33.80045700073242,35.105186462402344,34.25476837158203,31.845966339111328,31.193151473999023,28.982059478759766,27.87302589416504,27.114858627319336,25.049610137939453,23.154197692871094,21.894790649414062,21.211305618286133,21.263633728027344,21.862524032592773,22.66155242919922,23.620159149169922,24.285696029663086,24.067136764526367,23.481849670410156,21.18927574157715,18.676130294799805,17.308591842651367,17.780406951904297,17.893535614013672
24.929609298706055,31.116445541381836,32.04056930541992,30.42621421813965,30.129377365112305,29.5079402923584,28.66977310180664,29.720455169677734,33.68629837036133,35.22104263305664,32.630062103271484,29.313701629638672,26.73508071899414,24.184959411621094,20.65808868408203,22.549182891845703,23.970239639282227,24.71988296508789,28.21807861328125,30.922637939453125,32.1963005065918,30.722206115722656,30.444658279418945,28.953893661499023,26.324769973754883,24.61827278137207,24.418270111083984,24.3167781829834,23.649852752685547,22.66058349609375,21.023815155029297,19.68184471130371,18.847379684448242,18.197031021118164,17.924192428588867,18.424816131591797,19.308923721313477,19.0226993560791,18.7454776763916,18.744251251220703,18.39583969116211,17.728818893432617,17.706878662109375,17.943416595458984
28.08039093017578,32.57575607299805,31.05042266845703,27.889310836791992,26.737340927124023,27.085187911987305,28.010799407958984,29.950435638427734,31.918594360351562,31.087167739868164,30.613168716430664,27.322595596313477,24.449037551879883,22.355581283569336,21.788938522338867,24.373260498046875,23.986297607421875,24.361223220825195,29.929201126098633,28.20969581604004,25.64607810974121,25.057859420776367,26.50575828552246,25.882598876953125,24.122549057006836,22.4656925201416,22.353450775146484,22.577171325683594,22.590290069580078,22.708887100219727,22.01009178161621,20.326387405395508,18.48941421508789,17.066919326782227,16.50061798095703,16.898347854614258,17.629323959350586,17.398853302001953,16.790483474731445,16.450223922729492,16.381441116333008,17.448368072509766,17.62556266784668,17.35287094116211
31.89865493774414,32.151123046875,28.9675235748291,26.502370834350586,25.901031494140625,26.372604370117188,27.784936904907227,29.498647689819336,28.504505157470703,28.895694732666016,28.886882781982422,26.225698471069336,23.439170837402344,21.732446670532227,21.623779296875,25.490825653076172,19.92937660217285,30.253992080688477,31.278852462768555,23.352846145629883,20.73049545288086,22.289356231689453,23.838546752929688,23.87628936767578,22.175378799438477,21.112998962402344,21.670013427734375,22.15321159362793,22.220165252685547,22.52161979675293,22.773303985595703,22.177871704101562,21.038118362426758,19.686098098754883,18.350725173950195,17.954343795776367,18.06958770751953,17.224576950073242,16.190414428710938,16.04019546508789,15.896166801452637,16.39439582824707,17.787269592285156,17.550451278686523
33.67026138305664,30.041860580444336,26.758472442626953,25.441967010498047,25.93625259399414,26.764135360717773,28.862638473510742,30.2701358795166,29.207345962524414,28.80434799194336,27.399892807006836,25.20673370361328,22.56521987915039,19.662492752075195,21.085046768188477,20.93303680419922,25.051631927490234,34.846927642822266,29.543176651000977,20.197471618652344,18.3052978515625,20.36709213256836,21.71368980407715,21.47568130493164,20.582645416259766,20.83236312866211,21.687297821044922,22.343894958496094,22.489215850830078,22.3537540435791,22.54437255859375,22.870168685913086,23.1608943939209,22.631717681884766,20.867834091186523,19.5349063873291,18.806411743164062,17.20931053161621,15.431232452392578,15.358545303344727,15.995233535766602,16.49188804626465,17.449485778808594,17.387250900268555
33.364830017089844,29.59148597717285,26.22552490234375,24.777841567993164,25.323501586914062,26.8023681640625,29.910694122314453,31.78468894958496,31.151493072509766,28.89573860168457,26.023679733276367,24.291990280151367,21.780725479125977,17.870738983154297,22.029457092285156,18.700469970703125,29.955991744995117,31.391769409179688,23.586097717285156,16.853267669677734,17.636402130126953,20.36039161682129,21.125473022460938,20.619169235229492,20.270877838134766,20.711593627929688,21.239850997924805,21.87676429748535,22.18520164489746,21.94034194946289,21.808244705200195,22.178972244262695,22.842966079711914,22.64446449279785,21.18380355834961,19.938373565673828,18.98727035522461,17.310550689697266,15.253181457519531,14.903362274169922,15.373612403869629,15.80334186553955,16.29015350341797,17.324390411376953
32.22417449951172,29.50516128540039,26.287572860717773,23.92706871032715,23.28242301940918,24.392446517944336,27.01123809814453,28.34050178527832,30.376874923706055,30.01942253112793,26.82197380065918,24.179046630859375,20.864709854125977,17.597427368164062,22.390966415405273,23.149572372436523,32.23672103881836,28.56885528564453,21.47675132751465,18.911684036254883,20.80506706237793,22.262712478637695,22.107101440429688,20.97197151184082,20.1594181060791,19.885040283203125,19.975627899169922,20.368928909301758,20.64911651611328,20.569561004638672,20.459630966186523,20.54149055480957,20.518606185913086,20.090438842773438,19.4675235748291,19.2185115814209,18.727415084838867,17.285606384277344,15.45090103149414,14.598627090454102,14.073526382446289,14.615290641784668,16.339946746826172,17.566272735595703
29.834613800048828,29.263988494873047,27.035802841186523,24.722129821777344,22.414091110229492,20.83013343811035,21.981388092041016,23.779281616210938,27.031673431396484,28.954914093017578,27.997201919555664,26.399757385253906,23.5101318359375,17.737573623657227,21.42423439025879,25.956453323364258,32.64038848876953,29.85274887084961,26.568740844726562,25.19593048095703,24.296512603759766,23.3330020904541,22.26959228515625,20.836973190307617,19.604354858398438,18.810216903686523,18.391582489013672,18.156930923461914,17.946533203125,17.95030975341797,18.192270278930664,18.258275985717773,17.707138061523438,17.45952606201172,17.891559600830078,18.301237106323242,17.960691452026367,16.880220413208008,15.449922561645508,14.27860164642334,13.213591575622559,13.817212104797363,15.889431953430176,16.968286514282227
