data/wind_data/wind_20_1.json
{"header": {"parameterUnit": "KT", "parameterCategory": 2, "nx": 256, "ny": 198, "lo1": 44.73521041870117, "la1": -3.236724853515625, "lo2": 111.26478576660156, "la2": 43.468475341796875, "dx": 0.2609002888202667, "dy": -0.23708222806453705, "refTime": "2025-02-19 20:00:00", "forecastTime": 0, "parameterNumber": 2, "parameterNumberName": "eastward_wind"}, "data":
[rows 19 to 37 of 198, columns 43 to 85 of 256]
-11.418327331542969,-11.300310134887695,-10.67398452758789,-10.609697341918945,-11.274070739746094,-11.487156867980957,-11.79643726348877,-11.530972480773926,-11.365124702453613,-11.144529342651367,-10.630281448364258,-10.0530424118042,-9.601311683654785,-9.661067962646484,-9.936103820800781,-9.707535743713379,-9.632124900817871,-9.434725761413574,-9.175949096679688,-8.93067455291748,-8.806117057800293,-8.277307510375977,-7.859724044799805,-7.752632141113281,-7.134530067443848,-5.989867210388184,-5.443136215209961,-6.376041889190674,-7.551418781280518,-7.90458869934082,-6.517032623291016,-4.393892765045166,-5.80029821395874,-6.524174213409424,-5.591996669769287,-4.346545219421387,-4.5923171043396,-6.047133445739746,-6.766295909881592,-6.0197014808654785,-6.397371768951416,-5.792098522186279,-5.7579569816589355
-12.109569549560547,-11.936016082763672,-11.886981010437012,-10.860150337219238,-11.277149200439453,-11.667522430419922,-11.992466926574707,-12.013031005859375,-12.04660701751709,-11.653792381286621,-11.159431457519531,-10.43114948272705,-10.165154457092285,-10.092588424682617,-9.963661193847656,-9.822663307189941,-9.835251808166504,-9.997885704040527,-9.74228572845459,-9.209352493286133,-8.86081600189209,-8.409456253051758,-8.569841384887695,-9.020259857177734,-8.175143241882324,-5.88814115524292,-6.370946407318115,-8.362024307250977,-6.57280969619751,-5.373048305511475,-6.065547943115234,-5.816555500030518,-4.7589263916015625,-6.679874420166016,-6.730770111083984,-5.531459808349609,-5.7577223777771,-6.117806911468506,-6.393558025360107,-5.8065690994262695,-6.400420188903809,-6.175502300262451,-5.722976207733154
-13.111343383789062,-11.865798950195312,-11.913885116577148,-11.119772911071777,-11.018084526062012,-11.75525188446045,-11.710515022277832,-12.001546859741211,-12.050034523010254,-12.275132179260254,-12.057934761047363,-11.171900749206543,-10.427329063415527,-10.308328628540039,-10.167826652526855,-10.004925727844238,-9.821722984313965,-9.869308471679688,-10.037557601928711,-9.760293960571289,-9.21288776397705,-8.95084285736084,-9.141266822814941,-9.335258483886719,-8.963574409484863,-6.403944492340088,-6.8834333419799805,-7.226591110229492,-6.5902509689331055,-6.753373622894287,-6.661146640777588,-7.387862205505371,-6.411822319030762,-5.8971405029296875,-6.5012922286987305,-6.644737243652344,-6.611958026885986,-6.508848667144775,-6.794404029846191,-7.0115766525268555,-7.015808582305908,-6.635428428649902,-6.127712726593018
-14.116007804870605,-12.319501876831055,-11.648956298828125,-11.87210750579834,-10.657526016235352,-11.763774871826172,-11.389488220214844,-11.666059494018555,-12.148648262023926,-12.650772094726562,-12.572969436645508,-12.522350311279297,-11.629460334777832,-10.658777236938477,-10.196053504943848,-10.020703315734863,-9.834256172180176,-9.594910621643066,-9.806967735290527,-9.832828521728516,-9.738565444946289,-9.511406898498535,-8.872686386108398,-8.772122383117676,-9.347687721252441,-8.341764450073242,-7.595299243927002,-6.332263469696045,-7.558800220489502,-8.88111400604248,-7.131539344787598,-7.035730838775635,-6.837053298950195,-6.12920618057251,-5.672726154327393,-6.497042179107666,-6.7677764892578125,-6.6356329917907715,-7.345097064971924,-7.553304672241211,-7.3272786140441895,-6.875330448150635,-6.348445892333984
-15.074444770812988,-12.2889404296875,-12.410445213317871,-12.141548156738281,-10.822868347167969,-11.125657081604004,-11.353652954101562,-11.273737907409668,-12.05196762084961,-12.945366859436035,-13.358014106750488,-13.64238166809082,-12.963983535766602,-11.481590270996094,-10.155841827392578,-9.870819091796875,-9.653865814208984,-9.53581428527832,-9.976460456848145,-10.110212326049805,-9.695975303649902,-10.008343696594238,-9.91728687286377,-9.147337913513184,-9.148480415344238,-9.690438270568848,-9.052446365356445,-7.715390682220459,-7.332131862640381,-8.134018898010254,-7.684406757354736,-7.110043048858643,-6.247691631317139,-6.09260892868042,-6.012448310852051,-6.6920166015625,-6.310020923614502,-6.154833793640137,-7.506768226623535,-7.2935638427734375,-7.323031425476074,-7.274693965911865,-6.705235958099365
-7.694957733154297,-10.587777137756348,-13.437721252441406,-14.257593154907227,-10.560466766357422,-9.136199951171875,-10.791812896728516,-11.958250999450684,-11.632597923278809,-13.064894676208496,-13.679144859313965,-14.012029647827148,-14.02264404296875,-12.669373512268066,-11.031668663024902,-10.11207103729248,-9.392303466796875,-9.472679138183594,-10.252735137939453,-10.542466163635254,-10.41891098022461,-10.361977577209473,-10.407041549682617,-10.406610488891602,-9.620213508605957,-9.455171585083008,-9.904417991638184,-8.631439208984375,-7.503697872161865,-8.035428047180176,-8.175125122070312,-7.709872245788574,-6.51632833480835,-6.662955284118652,-6.759157180786133,-7.340375900268555,-6.483166694641113,-6.002123832702637,-6.9173760414123535,-7.380115509033203,-7.013740062713623,-7.079184532165527,-7.015894889831543
-3.170929431915283,-5.858733654022217,-12.670165061950684,-16.385082244873047,-10.836020469665527,-6.177037715911865,-9.02510929107666,-11.454938888549805,-11.957536697387695,-13.097463607788086,-14.123937606811523,-13.992232322692871,-14.220189094543457,-13.64850902557373,-12.24343490600586,-10.878620147705078,-9.711203575134277,-9.786423683166504,-10.258208274841309,-10.854215621948242,-10.98541259765625,-10.352197647094727,-10.582799911499023,-10.678125381469727,-10.250139236450195,-10.459261894226074,-9.695025444030762,-8.791961669921875,-7.937615871429443,-7.271891117095947,-7.519667148590088,-7.932732105255127,-7.451824188232422,-7.510071754455566,-7.503512382507324,-7.220060348510742,-7.147369384765625,-6.952910423278809,-6.761341571807861,-7.054967880249023,-6.898348808288574,-6.606739521026611,-6.628660202026367
-6.044187545776367,-9.400067329406738,-13.311714172363281,-15.336102485656738,-13.51944637298584,-8.028820037841797,-6.937033653259277,-7.320850849151611,-10.61382007598877,-12.505584716796875,-14.236166954040527,-14.290390014648438,-14.116104125976562,-14.002852439880371,-12.791898727416992,-10.676887512207031,-9.389982223510742,-10.175390243530273,-10.922632217407227,-11.328462600708008,-10.973554611206055,-9.686285972595215,-10.15038776397705,-10.53892993927002,-10.94254207611084,-11.047813415527344,-10.000693321228027,-9.231632232666016,-8.75100326538086,-8.172268867492676,-7.8345842361450195,-8.092065811157227,-7.992661476135254,-7.8338942527771,-7.885169506072998,-7.770819664001465,-7.600122928619385,-7.65262508392334,-7.405284881591797,-7.235703945159912,-6.9725470542907715,-6.322556495666504,-6.038562774658203
-8.472926139831543,-11.165913581848145,-14.316398620605469,-13.744683265686035,-13.724137306213379,-10.255521774291992,-7.677095413208008,-7.679261207580566,-8.785335540771484,-10.48371410369873,-11.597196578979492,-14.763946533203125,-14.864237785339355,-14.368407249450684,-12.51674747467041,-9.981592178344727,-7.392719268798828,-8.533413887023926,-11.614053726196289,-12.326666831970215,-11.140839576721191,-9.147639274597168,-9.579206466674805,-10.734445571899414,-10.06788444519043,-10.997855186462402,-10.553168296813965,-9.81908130645752,-9.032792091369629,-8.65863037109375,-8.431756019592285,-7.84990930557251,-8.015266418457031,-8.043529510498047,-7.882713794708252,-7.884275913238525,-7.727305889129639,-7.476709365844727,-7.607872009277344,-7.360233306884766,-7.0126872062683105,-6.163284778594971,-5.822403430938721
-9.554518699645996,-10.601524353027344,-11.486309051513672,-12.221197128295898,-11.935717582702637,-10.040730476379395,-9.51997184753418,-9.712969779968262,-10.508381843566895,-8.639216423034668,-7.340289115905762,-13.090936660766602,-17.19333267211914,-14.92953872680664,-12.437285423278809,-9.15447998046875,-6.014166831970215,-4.468140125274658,-10.635942459106445,-12.063994407653809,-11.203062057495117,-9.606612205505371,-10.541522979736328,-11.115659713745117,-9.883218765258789,-10.149847030639648,-10.417588233947754,-10.168522834777832,-9.83055305480957,-8.743566513061523,-8.471842765808105,-8.188870429992676,-8.201559066772461,-8.162252426147461,-7.975876331329346,-7.79667329788208,-7.476715087890625,-7.020697116851807,-7.133004665374756,-6.985039234161377,-6.846523284912109,-6.3389811515808105,-6.084089279174805
-9.095687866210938,-10.053975105285645,-10.440382957458496,-10.258152961730957,-10.949653625488281,-10.867277145385742,-10.600712776184082,-9.927153587341309,-10.316072463989258,-10.873987197875977,-8.93264389038086,-12.938100814819336,-17.252473831176758,-15.349846839904785,-12.085066795349121,-9.498371124267578,-7.248144626617432,-4.241683483123779,-8.534558296203613,-9.753108024597168,-10.202144622802734,-9.55261516571045,-11.568548202514648,-11.999332427978516,-10.436594009399414,-9.490674018859863,-9.790974617004395,-9.840031623840332,-9.862089157104492,-9.2412748336792,-8.37536907196045,-8.348773002624512,-8.14504623413086,-8.369345664978027,-7.906060695648193,-7.5977559089660645,-7.121646881103516,-6.887491703033447,-6.371287822723389,-6.019354820251465,-6.251824378967285,-6.380295276641846,-6.323251724243164
-9.474193572998047,-10.592056274414062,-11.673521995544434,-11.542802810668945,-11.22089672088623,-11.422987937927246,-11.408158302307129,-10.716614723205566,-10.586030960083008,-10.1908597946167,-10.941142082214355,-15.057721138000488,-16.301504135131836,-14.431845664978027,-11.481876373291016,-9.993949890136719,-8.372486114501953,-8.108566284179688,-10.402924537658691,-8.241705894470215,-6.265488147735596,-6.488224506378174,-11.13570785522461,-13.018416404724121,-11.127792358398438,-9.695180892944336,-9.546278953552246,-9.993193626403809,-9.700889587402344,-8.972417831420898,-8.490384101867676,-8.484222412109375,-8.137568473815918,-8.614275932312012,-8.101351737976074,-7.387327194213867,-6.625097274780273,-5.987007141113281,-5.66460657119751,-5.383338928222656,-5.666916370391846,-6.353463172912598,-6.479523658752441
-9.578821182250977,-11.226125717163086,-13.121307373046875,-12.352763175964355,-11.197933197021484,-11.67421817779541,-12.016698837280273,-11.3506441116333,-11.338881492614746,-11.823209762573242,-11.841287612915039,-13.048432350158691,-14.232685089111328,-13.306116104125977,-11.186995506286621,-9.710847854614258,-8.572835922241211,-9.966302871704102,-10.039121627807617,-6.911742687225342,-2.6431570053100586,-3.407526969909668,-10.466997146606445,-13.247790336608887,-12.449872970581055,-10.332823753356934,-9.906928062438965,-10.119979858398438,-9.587512969970703,-9.399410247802734,-9.253028869628906,-8.886564254760742,-8.335054397583008,-8.361872673034668,-8.456975936889648,-7.278744220733643,-6.67557430267334,-6.303382396697998,-5.999602317810059,-5.562397480010986,-5.472610950469971,-6.185953140258789,-6.572729587554932
-10.085441589355469,-11.213714599609375,-12.923408508300781,-12.690855026245117,-11.749274253845215,-12.297657012939453,-12.826323509216309,-11.779204368591309,-11.696660041809082,-12.141828536987305,-12.631966590881348,-13.493230819702148,-12.639052391052246,-12.257534980773926,-10.9110746383667,-9.316834449768066,-9.655776977539062,-10.280194282531738,-8.339774131774902,-6.0470476150512695,-5.369719982147217,-6.739702224731445,-7.693654537200928,-12.349708557128906,-14.092859268188477,-11.196105003356934,-11.025047302246094,-9.990800857543945,-9.279913902282715,-9.817544937133789,-9.959700584411621,-9.33737564086914,-9.308748245239258,-8.967673301696777,-8.486659049987793,-7.67844820022583,-6.716939449310303,-6.563418388366699,-6.443559169769287,-5.831631183624268,-5.394479274749756,-6.058874130249023,-6.263296127319336
-10.533965110778809,-10.950353622436523,-11.942351341247559,-12.682018280029297,-11.91038703918457,-12.376025199890137,-13.53749942779541,-12.556844711303711,-12.433362007141113,-12.1433744430542,-12.396021842956543,-13.472636222839355,-13.043725967407227,-11.822834968566895,-10.791752815246582,-10.29879379272461,-10.055886268615723,-10.101241111755371,-8.462596893310547,-6.908052921295166,-7.596999168395996,-8.198074340820312,-7.726242542266846,-10.208200454711914,-16.20888900756836,-12.801905632019043,-11.4379243850708,-10.785612106323242,-9.025492668151855,-9.733970642089844,-10.279199600219727,-9.589820861816406,-9.629433631896973,-9.245100021362305,-8.63409423828125,-8.084052085876465,-7.029728412628174,-6.252537727355957,-6.520063877105713,-6.700383186340332,-5.740571975708008,-6.361793518066406,-6.427954196929932
-10.800910949707031,-11.069876670837402,-12.211941719055176,-12.412762641906738,-10.49995231628418,-12.08927059173584,-13.418221473693848,-13.116581916809082,-13.018446922302246,-12.40211009979248,-12.245185852050781,-11.993264198303223,-12.3380708694458,-12.012638092041016,-11.434382438659668,-10.596179008483887,-9.480525016784668,-8.79455280303955,-7.8978352546691895,-6.361212253570557,-6.5210137367248535,-6.949746608734131,-7.949163913726807,-13.703202247619629,-15.358470916748047,-13.832188606262207,-12.299708366394043,-10.65233039855957,-9.185975074768066,-10.203371047973633,-10.664250373840332,-10.124775886535645,-10.084569931030273,-9.399431228637695,-8.556377410888672,-8.59984016418457,-7.718079566955566,-6.603362083435059,-6.065457344055176,-6.992688179016113,-6.8053297996521,-6.509209632873535,-6.268775463104248
-10.843268394470215,-11.202194213867188,-11.895052909851074,-11.054876327514648,-11.851266860961914,-12.363245964050293,-12.711666107177734,-12.96511459350586,-12.896442413330078,-12.587261199951172,-12.123504638671875,-10.811391830444336,-10.727497100830078,-11.578849792480469,-11.627009391784668,-10.783742904663086,-9.35655689239502,-7.990121841430664,-6.586124897003174,-4.685730934143066,-3.648432731628418,-8.523981094360352,-13.06894302368164,-12.771096229553223,-13.093180656433105,-13.196234703063965,-11.553418159484863,-9.546842575073242,-9.354534149169922,-10.321401596069336,-10.701005935668945,-10.051684379577637,-10.885579109191895,-9.452028274536133,-8.502896308898926,-8.76951789855957,-8.28844165802002,-7.618159294128418,-6.5627241134643555,-6.257405757904053,-6.600790500640869,-6.99517297744751,-6.607483386993408
-10.12691593170166,-10.608383178710938,-11.070708274841309,-11.866899490356445,-12.08676528930664,-11.977437973022461,-12.499735832214355,-12.868989944458008,-12.927239418029785,-12.809802055358887,-12.379013061523438,-11.516044616699219,-10.833974838256836,-11.249673843383789,-11.346482276916504,-10.655630111694336,-9.490970611572266,-8.07720947265625,-6.994647979736328,-5.5664448738098145,-4.301639556884766,-6.9428205490112305,-15.2243070602417,-13.804356575012207,-12.128843307495117,-10.855874061584473,-9.266469955444336,-7.5176682472229,-6.129661560058594,-7.952089309692383,-10.173883438110352,-10.07282543182373,-10.107437133789062,-9.743158340454102,-8.574256896972656,-8.336331367492676,-8.233543395996094,-7.901153564453125,-7.8753981590271,-7.076090335845947,-6.372477054595947,-6.491074562072754,-6.95224142074585
-10.381976127624512,-11.109283447265625,-11.36306095123291,-11.29997444152832,-11.68869686126709,-12.221343994140625,-12.571904182434082,-12.868072509765625,-12.801902770996094,-13.094348907470703,-12.700763702392578,-12.471643447875977,-12.036542892456055,-11.31727123260498,-10.522658348083496,-9.64427375793457,-8.596399307250977,-8.276238441467285,-8.236665725708008,-6.707412242889404,-5.2331719398498535,-6.580067157745361,-13.821271896362305,-14.153709411621094,-10.72629451751709,-7.352602481842041,-8.096537590026855,-7.083163738250732,-3.6169047355651855,-4.364535331726074,-10.245105743408203,-10.670058250427246,-8.908027648925781,-8.508835792541504,-8.147177696228027,-8.263861656188965,-8.210047721862793,-8.163985252380371,-7.694369316101074,-7.218767166137695,-6.8353729248046875,-6.655258655548096,-6.677576065063477
