data/wind_data/wind_2_2.json
{"header": {"parameterUnit": "KT", "parameterCategory": 2, "nx": 256, "ny": 198, "lo1": 44.73521041870117, "la1": -3.236724853515625, "lo2": 111.26478576660156, "la2": 43.468475341796875, "dx": 0.2609002888202667, "dy": -0.23708222806453705, "refTime": "2025-02-19 02:00:00", "forecastTime": 0, "parameterNumber": 2, "parameterNumberName": "eastward_wind"}, "data":
[rows 114 to 132 of 198, columns 86 to 128 of 256]
18.079151153564453,17.07758903503418,16.30409049987793,14.428932189941406,10.782659530639648,9.203575134277344,10.711162567138672,13.31892204284668,11.565173149108887,7.679830551147461,7.144235134124756,8.28963565826416,8.771270751953125,8.111225128173828,6.037564754486084,3.239755868911743,1.1167562007904053,-0.2619418203830719,-0.9606310129165649,-0.7324759364128113,-0.6497122645378113,-1.9205615520477295,-2.204720973968506,-1.3001714944839478,0.33510351181030273,1.755408525466919,3.2974486351013184,0.6374965906143188,-4.207631587982178,-5.544012546539307,-6.799304485321045,-7.394608497619629,-7.421381950378418,-6.935385704040527,-6.186233043670654,-6.207641124725342,-6.644599914550781,-6.19686222076416,-6.385303974151611,-6.419505596160889,-6.367432594299316,-6.7861127853393555,-6.69025993347168
18.243507385253906,15.277105331420898,13.204806327819824,11.369046211242676,9.262272834777832,7.910049915313721,8.609283447265625,11.830986022949219,11.927282333374023,8.304418563842773,6.210903167724609,6.1581315994262695,6.270602703094482,5.976522922515869,4.816396236419678,3.1533429622650146,0.771642804145813,-1.354840874671936,-2.1033475399017334,-2.0313515663146973,-2.1422674655914307,-3.0551857948303223,-3.371335983276367,-2.568772315979004,-1.0448482036590576,0.4153457581996918,1.671091914176941,-0.11506262421607971,-4.471977710723877,-6.272810935974121,-7.087995529174805,-7.3552117347717285,-6.998473644256592,-6.678022861480713,-6.529551029205322,-6.670765399932861,-7.059991836547852,-6.806758880615234,-6.431028366088867,-5.880823135375977,-5.311703681945801,-5.175879001617432,-5.038576602935791
16.36773681640625,8.541293144226074,6.897127151489258,8.259187698364258,7.9457502365112305,6.009169101715088,6.099668502807617,9.418993949890137,11.423662185668945,8.416298866271973,4.516127586364746,3.3300833702087402,3.081592321395874,2.7957355976104736,3.1046957969665527,2.9238786697387695,0.610488772392273,-1.516416311264038,-2.434727907180786,-2.7942826747894287,-3.257452964782715,-4.086620807647705,-4.415351390838623,-3.4145116806030273,-1.8199560642242432,-0.7650249600410461,-0.6404696702957153,-1.5862078666687012,-4.622049331665039,-6.400930881500244,-6.6275177001953125,-6.787566184997559,-6.349931240081787,-5.638125896453857,-5.4416985511779785,-5.746471405029297,-5.802569389343262,-5.557013988494873,-5.288512229919434,-4.572721004486084,-3.5730645656585693,-2.9954564571380615,-2.8560352325439453
11.469701766967773,2.3447773456573486,3.59354305267334,6.8954057693481445,5.808060169219971,2.000916004180908,1.0025941133499146,2.9993600845336914,3.9617233276367188,3.0078587532043457,1.3486454486846924,0.6340963840484619,0.2763449549674988,0.8123146891593933,2.1337504386901855,2.0468716621398926,0.6142709255218506,-0.9512196183204651,-2.154527425765991,-2.511164426803589,-2.819798231124878,-3.534245014190674,-4.033076763153076,-3.9905149936676025,-3.405747413635254,-3.0863304138183594,-3.880544424057007,-3.3733997344970703,-3.654430389404297,-4.695108413696289,-5.5221123695373535,-5.8844990730285645,-5.697244167327881,-5.081306457519531,-4.485026836395264,-4.369930744171143,-4.408139228820801,-3.850379467010498,-3.107585906982422,-2.3774380683898926,-1.5855880975723267,-1.179491639137268,-1.0487110614776611
5.7924485206604,0.020869528874754906,2.8449559211730957,3.6648447513580322,-0.2932765483856201,-4.660536766052246,-5.455578804016113,-3.7852303981781006,-2.6696102619171143,-1.4515219926834106,-0.8517557978630066,-1.2481414079666138,-1.2148200273513794,-0.13377857208251953,0.6036335825920105,0.11905302107334137,-0.03225776180624962,-0.5351387858390808,-1.1673320531845093,-0.9546297192573547,-1.0598435401916504,-2.539708137512207,-4.512918949127197,-5.301315784454346,-5.367636203765869,-5.692630767822266,-6.189207077026367,-4.006901741027832,-2.2606992721557617,-2.549161195755005,-3.937056303024292,-4.663405418395996,-4.471256732940674,-4.010689735412598,-3.1669654846191406,-2.5410547256469727,-2.484327554702759,-2.1004631519317627,-1.095717191696167,-0.32582271099090576,-0.06698386371135712,0.07168608158826828,0.3432556986808777
1.4310981035232544,-1.823632836341858,-1.827860951423645,-2.8146345615386963,-5.317479610443115,-8.07807731628418,-7.535719394683838,-5.574575424194336,-4.087419509887695,-2.752599000930786,-2.5234413146972656,-2.9343366622924805,-2.4494118690490723,-1.8969212770462036,-2.3217391967773438,-2.900303840637207,-2.207242727279663,-1.798259973526001,-1.7627911567687988,-2.009809970855713,-2.5678513050079346,-3.724250078201294,-5.55475378036499,-7.022355556488037,-7.767882823944092,-7.502521991729736,-6.652495384216309,-4.1022210121154785,-1.7290960550308228,-1.359682321548462,-2.457944869995117,-3.6989150047302246,-3.49552845954895,-2.5665056705474854,-1.5994588136672974,-1.3499562740325928,-2.155315399169922,-2.476922035217285,-1.612258791923523,-0.6793960928916931,0.10493995994329453,0.7545696496963501,1.4539381265640259
2.3436219692230225,-2.978926658630371,-3.814735174179077,-4.57703161239624,-5.724695205688477,-6.7465386390686035,-5.996160507202148,-4.678560733795166,-4.3569865226745605,-4.865751266479492,-4.9182353019714355,-4.58624792098999,-4.167409896850586,-4.597445964813232,-5.5366950035095215,-5.745706081390381,-4.926694869995117,-4.320418357849121,-4.048503875732422,-4.897171497344971,-5.766645908355713,-5.9495673179626465,-6.981624603271484,-8.236583709716797,-8.610462188720703,-7.734084606170654,-6.440334320068359,-4.737410068511963,-3.0661041736602783,-1.9832687377929688,-1.832324743270874,-2.532158136367798,-2.4246504306793213,-1.218024730682373,-0.5945441126823425,-0.8480720520019531,-1.9108178615570068,-2.404392719268799,-2.081519603729248,-1.2265554666519165,-0.0412338487803936,1.2548781633377075,2.2909927368164062
5.96499490737915,-3.501038074493408,-3.959719657897949,-3.4942574501037598,-5.2288994789123535,-6.4529218673706055,-5.345458507537842,-4.511051654815674,-5.438912868499756,-7.00521183013916,-6.512639045715332,-6.1051716804504395,-6.569237232208252,-7.436458110809326,-8.009493827819824,-8.17487621307373,-8.017434120178223,-7.334524631500244,-6.806514739990234,-7.556563377380371,-8.397234916687012,-8.439019203186035,-8.794114112854004,-9.17487621307373,-9.204093933105469,-8.523902893066406,-7.501894474029541,-6.365217208862305,-5.167219161987305,-3.7725586891174316,-2.402090549468994,-1.6352869272232056,-1.2324641942977905,-0.4965330958366394,0.023143891245126724,-0.11719067394733429,-0.4440436065196991,-0.6235384345054626,-0.4708338975906372,0.22536945343017578,1.4436049461364746,2.7462189197540283,3.7018985748291016
5.963241100311279,-4.087461948394775,-4.725240707397461,-4.184781074523926,-6.6996002197265625,-8.121567726135254,-7.953436851501465,-8.431352615356445,-8.121519088745117,-7.9682841300964355,-8.281698226928711,-9.002788543701172,-9.634042739868164,-9.932656288146973,-10.005728721618652,-10.315888404846191,-10.404038429260254,-9.832138061523438,-9.070693016052246,-8.847532272338867,-8.85854721069336,-8.989920616149902,-9.410407066345215,-9.58187484741211,-9.18250560760498,-8.359724998474121,-7.628817081451416,-6.839445114135742,-6.114672660827637,-5.010108947753906,-3.329310417175293,-1.7373175621032715,-0.6121417284011841,0.11447186022996902,0.6031743884086609,0.566047728061676,0.6593613624572754,0.667198896408081,0.7441319227218628,1.3924723863601685,2.500333070755005,3.6708602905273438,4.465138912200928
2.6797568798065186,-4.115755558013916,-4.255122184753418,-4.8975510597229,-8.94747543334961,-11.475329399108887,-11.310579299926758,-11.083335876464844,-9.56400203704834,-8.56390380859375,-9.961382865905762,-11.595226287841797,-12.122915267944336,-11.738143920898438,-11.367162704467773,-11.170711517333984,-10.451038360595703,-10.042269706726074,-10.405118942260742,-10.71117115020752,-10.269139289855957,-9.741787910461426,-9.765307426452637,-9.616125106811523,-8.872210502624512,-8.070292472839355,-7.308644771575928,-6.481691360473633,-5.606769561767578,-4.603821754455566,-3.3000943660736084,-1.6392170190811157,-0.2977670133113861,0.2879464328289032,0.7531916499137878,1.2254455089569092,1.4873720407485962,1.0446319580078125,0.635498046875,0.9529402852058411,1.7920372486114502,2.811476945877075,3.532649278640747
1.5264254808425903,-4.198427677154541,-3.4194886684417725,-4.655562400817871,-10.481843948364258,-14.023853302001953,-11.478821754455566,-10.453276634216309,-9.591069221496582,-10.061714172363281,-12.04252815246582,-13.43464183807373,-13.836851119995117,-13.393211364746094,-12.881083488464355,-12.049327850341797,-10.553861618041992,-9.484716415405273,-9.419443130493164,-9.788824081420898,-9.942002296447754,-9.831751823425293,-9.674918174743652,-9.144094467163086,-8.327317237854004,-7.712874889373779,-7.017359733581543,-6.012766361236572,-4.595380783081055,-3.2099452018737793,-2.118922710418701,-1.1274068355560303,0.035463809967041016,0.9396678805351257,1.6702970266342163,1.7742784023284912,1.247941017150879,0.5424520373344421,0.1416492611169815,0.31526583433151245,0.9863302111625671,1.9221376180648804,2.821352958679199
2.5553882122039795,-5.074930667877197,-2.0912938117980957,-4.283795356750488,-10.261747360229492,-13.616715431213379,-8.395466804504395,-3.9583816528320312,-7.457028865814209,-9.8773832321167,-12.164134979248047,-13.580986022949219,-13.975495338439941,-13.436538696289062,-12.737672805786133,-11.426260948181152,-9.994842529296875,-9.071508407592773,-8.626821517944336,-8.355683326721191,-8.180342674255371,-8.057168006896973,-7.904600620269775,-7.526219844818115,-6.857647895812988,-6.1386871337890625,-5.481119632720947,-4.662342548370361,-3.6947667598724365,-2.9064011573791504,-2.095428705215454,-0.9765773415565491,0.06361893564462662,0.786597490310669,0.9753344655036926,0.461901992559433,-0.1683862954378128,-0.038280509412288666,0.426427960395813,0.9618162512779236,1.6861763000488281,2.5735831260681152,3.525181293487549
4.059138774871826,-3.628178119659424,-3.0639002323150635,-6.577102184295654,-12.494573593139648,-13.93644905090332,-7.454596996307373,-4.558887481689453,-7.5884222984313965,-10.341185569763184,-12.187975883483887,-13.093496322631836,-13.337289810180664,-12.88979434967041,-11.700285911560059,-9.902974128723145,-8.512457847595215,-7.677375316619873,-7.22576379776001,-7.013437271118164,-6.8965678215026855,-6.677435874938965,-6.307115077972412,-5.751615524291992,-5.040675640106201,-4.249366283416748,-3.8275277614593506,-3.822144031524658,-3.852851629257202,-3.7298800945281982,-3.334228992462158,-2.144925355911255,-0.8734505772590637,-0.10699114203453064,0.11160369217395782,0.18947723507881165,0.5743024945259094,1.3555445671081543,2.15838360786438,2.9834022521972656,3.856677293777466,4.813981056213379,5.867858409881592
4.393380165100098,-3.6601786613464355,-7.399977684020996,-10.749568939208984,-13.8283109664917,-11.668899536132812,-7.451854705810547,-6.796228885650635,-7.97199821472168,-11.003597259521484,-13.28020191192627,-13.71410083770752,-13.581499099731445,-13.14228343963623,-11.56309986114502,-9.54534912109375,-8.180987358093262,-7.295752048492432,-6.474208354949951,-5.977321624755859,-5.73700475692749,-5.509994983673096,-5.295479774475098,-4.99875020980835,-4.33164119720459,-3.5600459575653076,-3.202943801879883,-3.390885353088379,-3.5624966621398926,-3.4108269214630127,-3.171750783920288,-2.890815258026123,-1.9938652515411377,-0.8458080291748047,0.1649944931268692,0.8275418877601624,1.3889546394348145,2.0102455615997314,3.097043037414551,4.588311195373535,6.0315399169921875,7.340250015258789,8.75377368927002
3.9391677379608154,-6.788339138031006,-10.290790557861328,-7.15356969833374,-5.97657585144043,-4.98184061050415,-4.184975624084473,-4.593454837799072,-6.587832927703857,-10.608064651489258,-13.824417114257812,-13.506318092346191,-12.33564567565918,-11.935323715209961,-10.965034484863281,-9.526379585266113,-8.028716087341309,-7.0494771003723145,-6.248386859893799,-5.720386028289795,-5.5719428062438965,-5.300787448883057,-4.662720203399658,-3.9404728412628174,-3.050530195236206,-2.448539972305298,-2.315762758255005,-2.237156391143799,-1.7511918544769287,-1.2081882953643799,-1.1192681789398193,-1.4472181797027588,-1.3560421466827393,-0.5164188742637634,0.3478103280067444,0.9814586043357849,1.3386168479919434,1.9847768545150757,3.508667469024658,5.515242099761963,7.639841079711914,9.439075469970703,10.6682767868042
5.899271011352539,-8.593944549560547,-10.163532257080078,-6.487677097320557,-1.136407494544983,2.884587049484253,3.267488479614258,-0.3044622540473938,-3.546546697616577,-6.448581695556641,-10.40396785736084,-11.896430969238281,-10.477237701416016,-9.773399353027344,-9.480820655822754,-8.491101264953613,-7.039589881896973,-5.900965213775635,-5.140531063079834,-4.734312534332275,-4.668139457702637,-4.430077075958252,-3.647808074951172,-2.506215810775757,-1.3651472330093384,-0.7299957871437073,-0.5257272124290466,-0.280136376619339,0.31765681505203247,0.942681074142456,0.955817461013794,0.806036114692688,0.5632122159004211,0.2714122235774994,0.5185001492500305,1.2737548351287842,1.8513133525848389,2.696169376373291,4.275384426116943,6.417430400848389,8.99377727508545,9.914630889892578,9.03152847290039
6.958353519439697,-8.336648941040039,-8.196869850158691,-3.5956614017486572,2.936173439025879,7.882917881011963,7.427670478820801,0.9152752757072449,-2.858891725540161,-2.858212471008301,-5.104355812072754,-8.423721313476562,-9.280204772949219,-8.626665115356445,-8.10140323638916,-6.949448108673096,-5.487633228302002,-4.437005043029785,-3.6480050086975098,-2.9793827533721924,-2.4931674003601074,-2.1427228450775146,-1.5684459209442139,-0.6108457446098328,0.4291183054447174,0.847436249256134,0.8581492900848389,1.2335147857666016,1.7881510257720947,2.2118189334869385,2.2173001766204834,1.9240140914916992,1.4434677362442017,0.9641796350479126,1.1299138069152832,1.644708514213562,2.2423338890075684,3.272115707397461,4.910852432250977,7.7387614250183105,9.08845043182373,6.636749267578125,3.889882802963257
1.6931676864624023,-8.673335075378418,-7.819105625152588,-1.1727839708328247,5.687457084655762,9.988515853881836,7.296933174133301,2.7032649517059326,0.4989279508590698,0.5793274641036987,0.23176316916942596,-3.9894721508026123,-7.725918292999268,-8.0504150390625,-7.1439433097839355,-5.771510124206543,-4.426084995269775,-3.3518855571746826,-2.310734272003174,-1.6139439344406128,-1.1119396686553955,-0.3859836757183075,0.4253324270248413,1.2765371799468994,1.8799017667770386,1.9428963661193848,1.8337644338607788,2.1891865730285645,2.8606433868408203,3.058454990386963,2.6881210803985596,2.065495729446411,1.5627802610397339,1.3300338983535767,1.462717890739441,1.974582314491272,2.776279926300049,3.7594480514526367,5.958572864532471,7.870232582092285,4.804375171661377,-0.425849974155426,-1.773102045059204
-4.277433395385742,-9.216334342956543,-7.96068000793457,-1.0166571140289307,9.787894248962402,10.51799201965332,5.229745388031006,3.860887289047241,4.4598798751831055,4.336239814758301,4.040853500366211,0.4808381497859955,-5.679978847503662,-7.8615641593933105,-6.875459671020508,-5.408346176147461,-4.486940860748291,-3.4896161556243896,-2.243978261947632,-1.5793739557266235,-1.2355657815933228,-0.3911958932876587,0.9018616080284119,2.003418445587158,2.516585111618042,2.374556303024292,2.1589620113372803,2.269777536392212,2.657966136932373,2.980191946029663,2.6014347076416016,1.8396832942962646,1.4484894275665283,1.4846642017364502,1.8263349533081055,2.513570785522461,3.4462451934814453,4.522257328033447,6.803988933563232,3.5168120861053467,-2.4562509059906006,-5.1720781326293945,-3.2307722568511963
