data/wind_data/wind_25_8.json
{"header": {"parameterUnit": "KT", "parameterCategory": 2, "nx": 256, "ny": 198, "lo1": 44.73521041870117, "la1": -3.236724853515625, "lo2": 111.26478576660156, "la2": 43.468475341796875, "dx": 0.2609002888202667, "dy": -0.23708222806453705, "refTime": "2025-02-20 01:00:00", "forecastTime": 0, "parameterNumber": 2, "parameterNumberName": "eastward_wind"}, "data":
[rows 171 to 189 of 198, columns 88 to 131 of 256]
41.010780334472656,39.815818786621094,39.11290740966797,39.417606353759766,39.77320098876953,38.559967041015625,36.944644927978516,37.310096740722656,38.753875732421875,38.25824737548828,35.899993896484375,34.3838005065918,34.72819137573242,35.3131103515625,34.7203254699707,33.90999221801758,33.74877166748047,33.37995147705078,31.713306427001953,29.78033447265625,29.88750457763672,32.054725646972656,34.055206298828125,33.72983932495117,31.53230857849121,28.686796188354492,26.19611930847168,25.370742797851562,26.6956787109375,29.651214599609375,33.4040412902832,36.636234283447266,37.49383544921875,35.93354797363281,33.50023651123047,31.367158889770508,30.681682586669922,31.327966690063477,31.403337478637695,29.937498092651367,29.463851928710938,31.594890594482422,34.57836151123047,35.7939338684082
41.58199691772461,39.93263626098633,38.810062408447266,38.752479553222656,39.01880645751953,38.11561965942383,36.51158142089844,36.46394729614258,38.087646484375,38.68817138671875,37.09451675415039,35.44324493408203,35.44586944580078,35.914756774902344,35.00110626220703,33.29598617553711,32.616416931152344,32.54730224609375,31.510360717773438,30.391090393066406,30.825237274169922,32.11423873901367,33.019344329833984,32.962764739990234,32.0274658203125,29.95638656616211,27.368804931640625,25.628185272216797,26.140737533569336,29.35463523864746,33.625244140625,35.81549835205078,35.01691818237305,32.889808654785156,30.793914794921875,29.503332138061523,29.377525329589844,29.739158630371094,29.280162811279297,28.704639434814453,29.83550262451172,32.54796600341797,35.246299743652344,36.04017639160156
42.11112976074219,40.21711349487305,38.8593635559082,38.6548957824707,38.87561798095703,38.13392639160156,36.47336196899414,35.82987594604492,37.21017074584961,38.84210968017578,38.346126556396484,36.53751754760742,36.08811950683594,36.620643615722656,35.694496154785156,33.389854431152344,31.57463836669922,30.765573501586914,30.677471160888672,31.37847900390625,32.078033447265625,32.173709869384766,32.32638931274414,32.533836364746094,31.816110610961914,30.432270050048828,29.365009307861328,27.85439682006836,27.115222930908203,29.450334548950195,32.87444305419922,33.702266693115234,31.743515014648438,29.359695434570312,28.013736724853516,27.869728088378906,28.01616096496582,27.493255615234375,27.011411666870117,27.913488388061523,30.1588134765625,32.89567184448242,34.809391021728516,35.036231994628906
42.56757354736328,40.87477111816406,39.30986785888672,38.82889175415039,39.057350158691406,38.59016418457031,36.88212966918945,35.46403121948242,36.06982421875,38.099483489990234,38.898582458496094,37.561317443847656,36.408756256103516,36.48561477661133,36.04438781738281,33.905643463134766,30.999189376831055,29.15264892578125,29.58586883544922,31.30997657775879,32.4161262512207,32.81443405151367,33.08345031738281,32.59098434448242,31.388277053833008,31.170724868774414,31.336633682250977,29.756929397583008,28.570615768432617,29.899600982666016,31.529621124267578,30.876331329345703,28.407390594482422,26.101497650146484,25.46915626525879,25.99550437927246,25.788469314575195,24.885034561157227,25.123939514160156,26.96195411682129,29.623836517333984,31.942798614501953,33.04494857788086,33.00379943847656
43.12336349487305,41.97386932373047,40.38321304321289,39.33001708984375,39.2950553894043,39.23625183105469,37.772090911865234,35.491092681884766,34.738128662109375,36.422340393066406,38.538814544677734,38.584232330322266,36.93262481689453,35.8665657043457,35.53501510620117,34.04641342163086,31.110149383544922,28.74203872680664,28.6030330657959,29.987022399902344,31.77964973449707,33.44821548461914,33.67707824707031,32.41776657104492,31.757125854492188,32.659934997558594,32.69287872314453,30.900619506835938,29.848670959472656,30.3470458984375,30.428133010864258,29.27684783935547,27.774404525756836,26.66239356994629,26.186655044555664,25.86635971069336,24.97064971923828,24.116687774658203,24.28182029724121,25.722408294677734,27.966073989868164,29.791006088256836,30.600330352783203,30.802143096923828
43.79972839355469,43.229427337646484,41.90355682373047,40.39918518066406,39.80964279174805,39.849853515625,38.76079559326172,35.921390533447266,33.77982711791992,34.6491584777832,37.46906280517578,39.22835159301758,38.08431625366211,35.77674865722656,34.45862579345703,33.50774383544922,31.74776840209961,29.704269409179688,28.447370529174805,28.54973602294922,30.364147186279297,32.79986572265625,33.519798278808594,32.7423210144043,32.54777145385742,33.3350830078125,33.18338394165039,31.764671325683594,30.608713150024414,30.240585327148438,29.89282989501953,29.374692916870117,28.977548599243164,28.475664138793945,27.660274505615234,26.705446243286133,25.750587463378906,24.73906707763672,23.959516525268555,24.251140594482422,25.652860641479492,27.163043975830078,28.225690841674805,28.671396255493164
44.43632507324219,44.174644470214844,43.25259780883789,41.7041015625,40.57768249511719,40.221580505371094,39.29775619506836,36.5538330078125,33.50210189819336,33.26374053955078,35.95746612548828,38.85236740112305,39.09744644165039,36.44810485839844,33.68967056274414,32.50814437866211,31.969091415405273,31.021841049194336,29.301137924194336,28.058874130249023,28.97568702697754,31.384458541870117,33.09220886230469,33.35765075683594,33.062931060791016,33.02532958984375,32.87405014038086,32.326534271240234,31.612163543701172,30.977693557739258,30.354219436645508,29.668842315673828,28.975568771362305,28.236848831176758,27.52084732055664,26.986034393310547,26.238645553588867,24.797147750854492,23.096771240234375,22.29220199584961,22.739253997802734,23.871335983276367,25.040660858154297,25.78715705871582
45.09638214111328,44.71501541137695,43.92756652832031,42.495635986328125,41.02695846557617,40.14186096191406,39.207061767578125,36.879634857177734,33.56029510498047,32.249717712402344,34.257957458496094,37.431400299072266,39.031288146972656,37.409019470214844,33.99238204956055,31.811067581176758,31.598278045654297,31.76018524169922,30.475109100341797,28.45170021057129,28.140886306762695,30.010913848876953,32.44749450683594,33.791507720947266,33.604148864746094,32.84103012084961,32.43110656738281,32.37440872192383,32.38114929199219,32.118160247802734,31.173093795776367,29.501447677612305,27.57172393798828,26.201034545898438,25.86570930480957,26.04960060119629,25.648204803466797,24.09075355529785,22.09449577331543,20.85621452331543,21.06264305114746,22.395349502563477,24.1170654296875,25.453598022460938
45.71672821044922,44.970001220703125,43.917476654052734,42.43839645385742,40.762943267822266,39.4747314453125,38.49361801147461,36.68770217895508,33.68351364135742,31.562028884887695,32.59989929199219,35.567893981933594,37.849395751953125,37.67300796508789,35.02760696411133,32.19718933105469,31.36184310913086,31.999589920043945,31.51935577392578,29.44122314453125,27.923032760620117,28.888574600219727,31.592130661010742,33.861297607421875,34.256351470947266,33.34067153930664,32.417640686035156,32.14919662475586,32.34159469604492,32.252376556396484,31.32293128967285,29.542865753173828,27.36306381225586,25.476547241210938,24.62520980834961,24.627323150634766,24.328542709350586,23.087379455566406,21.591951370239258,20.991247177124023,21.725284576416016,23.355314254760742,25.073774337768555,26.116744995117188
45.88508224487305,44.866233825683594,43.41184616088867,41.70414352416992,39.8755989074707,38.363468170166016,37.355133056640625,36.10103225708008,33.82884216308594,31.565277099609375,31.53059196472168,33.79204559326172,36.13775634765625,36.94549560546875,35.7307014465332,33.30079650878906,31.745410919189453,31.98251724243164,32.09339904785156,30.554594039916992,28.48388671875,28.382579803466797,30.57674789428711,33.16209030151367,34.44822311401367,34.14282989501953,32.98865509033203,32.12268829345703,31.9715576171875,31.77326202392578,30.908939361572266,29.562665939331055,28.02883529663086,26.379545211791992,24.99540901184082,24.26317024230957,23.74422264099121,22.995641708374023,22.341346740722656,22.33990478515625,23.0889949798584,24.355287551879883,25.658777236938477,26.297208786010742
45.09650421142578,44.132877349853516,42.56938552856445,40.72194290161133,38.7634162902832,37.09051513671875,36.046268463134766,35.217376708984375,33.80914306640625,32.017791748046875,31.313457489013672,32.49420166015625,34.37238693237305,35.61408615112305,35.61515426635742,34.2938117980957,32.678260803222656,32.08454895019531,32.12969970703125,31.306135177612305,29.600786209106445,28.71220588684082,29.699125289916992,31.829341888427734,33.87432098388672,34.54402542114258,33.615692138671875,32.51814270019531,32.178810119628906,31.929616928100586,31.035625457763672,29.81648826599121,28.674968719482422,27.264738082885742,25.527620315551758,24.218944549560547,23.735225677490234,23.787757873535156,23.916767120361328,23.9719181060791,24.2384090423584,24.951444625854492,25.82893180847168,26.197233200073242
43.36538314819336,42.78171920776367,41.44523620605469,39.67625427246094,37.6679801940918,35.83933639526367,34.66850662231445,34.14639663696289,33.57837677001953,32.38503646850586,31.334444046020508,31.554807662963867,32.82616424560547,34.16905212402344,34.89046859741211,34.62467956542969,33.63468933105469,32.65141296386719,32.050052642822266,31.407163619995117,30.449922561645508,29.618852615356445,29.634225845336914,30.808429718017578,32.7388916015625,34.10406494140625,34.00625228881836,33.26770782470703,32.767295837402344,32.36298370361328,31.72256851196289,30.835739135742188,29.774377822875977,28.180130004882812,26.095304489135742,24.510971069335938,24.121545791625977,24.543386459350586,25.04536247253418,25.247713088989258,25.281639099121094,25.41724395751953,25.68058967590332,25.920000076293945
41.12350845336914,40.985450744628906,40.00601577758789,38.48075866699219,36.66152572631836,34.814186096191406,33.561180114746094,33.182823181152344,33.07734298706055,32.30975341796875,31.173519134521484,30.796817779541016,31.57595443725586,32.8970947265625,34.00639343261719,34.441463470458984,34.15372848510742,33.35468292236328,32.28113555908203,31.276960372924805,30.664533615112305,30.35968780517578,30.31302261352539,30.74664306640625,31.87982177734375,33.17748260498047,33.84654235839844,33.84343719482422,33.51079559326172,33.01105499267578,32.368709564208984,31.6944637298584,30.92756462097168,29.55852699279785,27.53887367248535,25.733558654785156,24.86342430114746,24.915973663330078,25.54268455505371,26.159027099609375,26.063581466674805,25.405357360839844,25.01667022705078,25.100929260253906
38.999122619628906,39.13025665283203,38.53700637817383,37.38074493408203,35.96770095825195,34.358131408691406,32.99846267700195,32.406742095947266,32.30592346191406,31.84025764465332,30.86545753479004,30.202869415283203,30.525205612182617,31.711681365966797,33.12461853027344,34.13241195678711,34.39804458618164,33.923946380615234,32.87702560424805,31.569499969482422,30.687637329101562,30.622446060180664,31.026723861694336,31.437503814697266,31.872732162475586,32.559200286865234,33.28465270996094,33.75336837768555,33.880638122558594,33.49541473388672,32.680171966552734,32.102760314941406,31.94061851501465,31.31966781616211,29.694255828857422,27.676908493041992,26.152172088623047,25.753217697143555,26.356210708618164,26.963001251220703,26.538257598876953,25.39738655090332,24.264562606811523,23.57187843322754
37.59437561035156,37.72845458984375,37.569610595703125,36.90340805053711,35.88716506958008,34.554874420166016,33.018760681152344,31.883028030395508,31.465980529785156,31.204410552978516,30.451875686645508,29.671974182128906,29.730276107788086,30.85789680480957,32.55378723144531,33.938621520996094,34.44248580932617,34.25000762939453,33.59208297729492,32.44625473022461,31.236963272094727,30.758567810058594,31.144508361816406,31.849674224853516,32.44380187988281,32.748069763183594,32.90646743774414,33.219425201416016,33.615787506103516,33.468753814697266,32.777408599853516,32.54059600830078,32.961151123046875,32.92221450805664,31.618661880493164,29.504152297973633,27.7603759765625,27.204166412353516,27.475460052490234,27.683917999267578,27.178701400756836,25.557912826538086,23.381866455078125,22.123945236206055
37.3618278503418,37.21706771850586,37.30058670043945,37.10562515258789,36.37465286254883,35.10697555541992,33.383941650390625,31.724477767944336,30.84816551208496,30.579376220703125,30.05104637145996,29.374828338623047,29.431175231933594,30.62818717956543,32.40556716918945,33.76199722290039,34.367103576660156,34.64752197265625,34.55898666381836,33.670475006103516,32.097801208496094,30.70484733581543,30.3481502532959,31.135011672973633,32.405006408691406,33.07907485961914,32.9192008972168,32.683292388916016,32.8502311706543,32.992958068847656,32.89867401123047,33.21683120727539,34.01396179199219,34.267601013183594,33.247501373291016,31.31795883178711,29.61089324951172,28.689208984375,28.25320053100586,27.901920318603516,27.038833618164062,24.991897583007812,22.76773452758789,21.813961029052734
38.42745590209961,37.86533737182617,37.70530700683594,37.614959716796875,37.09170913696289,35.894073486328125,34.063499450683594,32.09107971191406,30.775209426879883,30.33262825012207,30.12824821472168,29.882164001464844,30.02147102355957,30.933748245239258,32.35987854003906,33.642425537109375,34.538700103759766,35.10276412963867,35.06991195678711,34.20087432861328,32.49748992919922,30.454727172851562,29.245817184448242,29.748336791992188,31.50565528869629,32.96247863769531,33.201271057128906,32.72885513305664,32.533966064453125,32.757450103759766,33.128170013427734,33.82297897338867,34.79442596435547,35.31998825073242,34.814613342285156,33.31123733520508,31.447580337524414,29.546123504638672,27.84760093688965,26.710474014282227,25.61966323852539,24.12898063659668,22.95502281188965,22.398372650146484
40.15411376953125,39.26638412475586,38.53350067138672,38.05180740356445,37.508544921875,36.54922103881836,34.94812774658203,32.89780044555664,31.164539337158203,30.473674774169922,30.68387222290039,31.037565231323242,31.24917984008789,31.67725372314453,32.64206314086914,33.824520111083984,34.66869354248047,34.792728424072266,34.36077880859375,33.79548645019531,32.76324462890625,30.863574981689453,29.016389846801758,28.90715789794922,30.763975143432617,32.95978927612305,33.86442947387695,33.47575378417969,32.84275436401367,32.70297622680664,33.26023864746094,34.33469772338867,35.436241149902344,36.08002471923828,35.815128326416016,34.27460479736328,31.762109756469727,28.993398666381836,26.723604202270508,25.42218780517578,24.77779769897461,24.216487884521484,23.70109748840332,23.11815643310547
42.322872161865234,41.29668045043945,39.963783264160156,38.799617767333984,37.91294860839844,37.1211051940918,36.020259857177734,34.26958465576172,32.2923583984375,31.239057540893555,31.602602005004883,32.45922088623047,32.885894775390625,32.986724853515625,33.362823486328125,34.18455505371094,34.7929801940918,34.56386947631836,33.94038009643555,33.58573532104492,33.181129455566406,32.010013580322266,30.441017150878906,29.882291793823242,31.114238739013672,33.25579833984375,34.677879333496094,34.60404968261719,33.68037796020508,33.148643493652344,33.67749786376953,34.93142318725586,36.05359649658203,36.38674545288086,35.550411224365234,33.41857147216797,30.621023178100586,28.145713806152344,26.533306121826172,25.642518997192383,25.02533721923828,24.522125244140625,24.076393127441406,23.17365837097168
