data/wind_data/wind_53_0.json
{"header": {"parameterUnit": "KT", "parameterCategory": 2, "nx": 255, "ny": 198, "lo1": 44.73521041870117, "la1": -3.236724853515625, "lo2": 111.26478576660156, "la2": 43.468475341796875, "dx": 0.26192745566368103, "dy": -0.23708222806453705, "refTime": "2025-02-21 05:00:00", "forecastTime": 0, "parameterNumber": 2, "parameterNumberName": "eastward_wind"}, "data":
[rows 114 to 132 of 198, columns 86 to 128 of 255]
-4.518034934997559,-1.610985279083252,0.7221028208732605,1.671138882637024,1.742865800857544,-0.49888330698013306,-3.4209396839141846,-4.277547359466553,-4.212689399719238,-5.085522651672363,-7.31899356842041,-11.237992286682129,-14.806855201721191,-16.301734924316406,-15.98770523071289,-14.287346839904785,-12.761631965637207,-12.26052188873291,-12.670543670654297,-13.010066986083984,-12.061187744140625,-10.688865661621094,-10.304186820983887,-10.30866527557373,-10.979578971862793,-11.282912254333496,-10.562166213989258,-9.11608600616455,-7.262538433074951,-5.462866306304932,-3.8650505542755127,-2.698901653289795,-2.3153064250946045,-2.187215566635132,-2.02079701423645,-1.7429370880126953,-1.7035402059555054,-1.956156611442566,-1.2825230360031128,-0.27368369698524475,0.4829678535461426,1.0544166564941406,1.3042069673538208
-5.192980766296387,-1.6433961391448975,1.8590195178985596,2.8905155658721924,1.714653730392456,-1.5012540817260742,-4.502297401428223,-4.9395751953125,-4.718545436859131,-5.117512226104736,-6.5442891120910645,-10.394912719726562,-13.925769805908203,-14.255903244018555,-14.50354290008545,-13.246734619140625,-12.444911003112793,-12.323065757751465,-11.794320106506348,-11.300045013427734,-11.18918228149414,-11.428849220275879,-11.043863296508789,-10.936187744140625,-11.0441255569458,-10.980290412902832,-10.220032691955566,-9.06361198425293,-7.564961910247803,-5.837182521820068,-4.199385643005371,-2.9422409534454346,-2.1938257217407227,-2.204688310623169,-2.4510574340820312,-2.267230749130249,-1.8522990942001343,-1.5567940473556519,-0.8475421071052551,0.021405432373285294,0.7938726544380188,1.5166354179382324,1.1298471689224243
-4.812594890594482,-0.6373476982116699,2.8625056743621826,3.006743907928467,0.8389261364936829,-2.284294605255127,-4.510298252105713,-5.923737049102783,-5.950506210327148,-4.939053058624268,-5.603815078735352,-8.681724548339844,-11.632824897766113,-11.982134819030762,-11.733721733093262,-11.1597900390625,-11.492403030395508,-11.76392650604248,-11.769376754760742,-11.220115661621094,-10.85704231262207,-10.35705852508545,-9.508153915405273,-9.34567928314209,-9.324326515197754,-9.229328155517578,-9.150237083435059,-8.915168762207031,-7.773054122924805,-5.8873066902160645,-3.9079113006591797,-2.5940115451812744,-1.9677796363830566,-1.7989500761032104,-2.135101556777954,-2.485504627227783,-2.3384106159210205,-1.5076180696487427,-0.5497937798500061,-0.1582900881767273,0.5033284425735474,1.3684604167938232,0.9215208888053894
-4.421645164489746,-0.5200067162513733,2.1280605792999268,2.2924015522003174,-0.2612704336643219,-2.858067274093628,-3.9918370246887207,-4.763711929321289,-4.524266719818115,-4.293674468994141,-5.363404273986816,-7.968724250793457,-9.83885669708252,-9.845136642456055,-9.790366172790527,-9.391839981079102,-9.2571382522583,-10.016624450683594,-11.189956665039062,-12.032832145690918,-11.550082206726074,-10.141132354736328,-8.784451484680176,-8.792549133300781,-8.818448066711426,-8.422425270080566,-8.429682731628418,-8.495033264160156,-7.391788005828857,-5.224273204803467,-2.851351737976074,-1.4831092357635498,-1.5075942277908325,-2.0236639976501465,-2.563772439956665,-3.116309404373169,-2.4601056575775146,-1.2214570045471191,-0.2705659568309784,0.05311734974384308,0.09388576447963715,0.683129608631134,0.4237864017486572
-4.535178184509277,-1.7768434286117554,0.04007603973150253,0.06892760843038559,-2.0491249561309814,-3.7110021114349365,-3.616713047027588,-3.896136522293091,-4.003643035888672,-4.467991828918457,-6.236784934997559,-8.484559059143066,-9.763086318969727,-9.117875099182129,-8.71364688873291,-8.551017761230469,-8.459345817565918,-8.82595157623291,-10.79509449005127,-12.254661560058594,-11.786345481872559,-10.522957801818848,-9.88110637664795,-9.298251152038574,-8.880685806274414,-8.114596366882324,-7.900432586669922,-7.785618782043457,-6.425712585449219,-4.221614360809326,-2.2898902893066406,-1.252639651298523,-1.292907476425171,-2.096501111984253,-3.060054302215576,-3.280118227005005,-2.2516121864318848,-0.7725663781166077,0.40330424904823303,0.7353987097740173,0.2852141857147217,-0.19438296556472778,-1.02422034740448
-5.00572395324707,-2.8406927585601807,-1.3450642824172974,-0.7417225241661072,-2.0989696979522705,-4.535475730895996,-4.598902702331543,-3.7442708015441895,-3.588517189025879,-4.0226359367370605,-6.408218860626221,-9.80104923248291,-10.712088584899902,-10.09058666229248,-8.698053359985352,-8.186023712158203,-8.391321182250977,-8.741751670837402,-9.837358474731445,-12.149563789367676,-12.622976303100586,-11.75547981262207,-10.849825859069824,-9.478605270385742,-8.570183753967285,-7.786877632141113,-7.366270065307617,-7.009334087371826,-5.7066426277160645,-3.811306953430176,-2.3732354640960693,-1.5085850954055786,-1.2606322765350342,-1.5824110507965088,-2.397322416305542,-2.7319324016571045,-1.70235013961792,-0.3609178066253662,0.6334380507469177,0.9391544461250305,0.14451245963573456,-1.1037667989730835,-2.5899040699005127
-5.474623203277588,-3.332599639892578,-2.250437021255493,-2.0655953884124756,-2.7702059745788574,-4.877650737762451,-6.144294738769531,-5.735568523406982,-5.453175067901611,-5.603050231933594,-7.347383975982666,-10.364171028137207,-11.354784965515137,-9.919562339782715,-8.374231338500977,-7.7006001472473145,-9.055228233337402,-10.020336151123047,-10.002376556396484,-11.009153366088867,-11.88978099822998,-12.036665916442871,-11.484408378601074,-10.299627304077148,-8.751776695251465,-7.30924654006958,-6.822788238525391,-6.638504505157471,-5.3977580070495605,-3.7918524742126465,-2.589859962463379,-1.772536039352417,-1.3613877296447754,-1.2494218349456787,-1.4815245866775513,-2.055074691772461,-1.2592144012451172,0.22591310739517212,0.7342078685760498,0.3937949538230896,-1.0851054191589355,-1.8703199625015259,-3.7905657291412354
-5.898075103759766,-3.4889185428619385,-2.5814437866210938,-3.358586072921753,-4.6927289962768555,-6.711939334869385,-8.275410652160645,-8.917658805847168,-9.207576751708984,-9.530864715576172,-10.106718063354492,-11.138259887695312,-11.159703254699707,-9.864970207214355,-8.533150672912598,-7.926616191864014,-8.212912559509277,-9.216791152954102,-9.357894897460938,-8.734553337097168,-9.642101287841797,-11.450122833251953,-11.403346061706543,-9.886608123779297,-8.260536193847656,-7.004725933074951,-6.271834373474121,-5.674400329589844,-4.919123649597168,-3.4342217445373535,-2.364427089691162,-1.7092221975326538,-1.383285403251648,-1.246544361114502,-1.127063274383545,-1.0845342874526978,-0.38998904824256897,0.4729192554950714,0.48295342922210693,-0.3526582419872284,-2.0238547325134277,-3.457731246948242,-5.795131206512451
-6.091018199920654,-3.7446413040161133,-3.070629119873047,-4.727221965789795,-7.231718063354492,-8.995660781860352,-8.933732986450195,-9.314614295959473,-11.165393829345703,-11.611449241638184,-11.230557441711426,-10.896249771118164,-10.15294075012207,-8.732721328735352,-7.478935241699219,-6.5605854988098145,-6.412211894989014,-7.349940299987793,-8.005502700805664,-8.092645645141602,-9.063861846923828,-10.281566619873047,-10.816140174865723,-9.773761749267578,-8.293505668640137,-7.306008338928223,-6.745066165924072,-6.022638320922852,-5.119420051574707,-3.9948856830596924,-2.583772897720337,-1.6010682582855225,-1.0917840003967285,-0.9676011204719543,-0.9599024653434753,-0.270250529050827,0.7455804944038391,0.44822898507118225,-0.5834977626800537,-1.483254313468933,-2.9075098037719727,-5.467375755310059,-7.495081424713135
-5.745418548583984,-3.86985182762146,-3.5456583499908447,-5.279907703399658,-7.7158732414245605,-10.207592964172363,-11.007227897644043,-10.439034461975098,-10.06082820892334,-9.899625778198242,-10.169041633605957,-9.848005294799805,-9.378278732299805,-8.655938148498535,-7.279670715332031,-6.072167873382568,-5.7948150634765625,-6.312248706817627,-7.308305263519287,-8.413132667541504,-9.187904357910156,-9.662817001342773,-9.70702075958252,-8.64462947845459,-7.601964473724365,-7.038139343261719,-6.6380486488342285,-6.072048187255859,-5.064023494720459,-3.7281594276428223,-2.50496244430542,-1.371300220489502,-0.7460943460464478,-0.3790541887283325,-0.4494326114654541,0.5629526972770691,1.9093753099441528,0.8467354774475098,-1.2287168502807617,-2.9670326709747314,-4.4692888259887695,-6.312915802001953,-8.600737571716309
-5.90787935256958,-4.1918792724609375,-3.6682944297790527,-5.083245754241943,-7.2322916984558105,-10.028926849365234,-11.343636512756348,-11.015541076660156,-10.016961097717285,-8.665441513061523,-7.860962390899658,-8.293638229370117,-8.220622062683105,-7.630699634552002,-6.8408284187316895,-6.240025520324707,-5.947828769683838,-6.399654865264893,-7.090272903442383,-7.661590576171875,-8.519095420837402,-9.092850685119629,-8.00942611694336,-6.986838340759277,-6.54215669631958,-6.524620532989502,-6.399926662445068,-6.136136054992676,-5.359118461608887,-3.918165683746338,-2.2367568016052246,-0.891198992729187,-0.1938244253396988,0.3330147862434387,0.2794918715953827,1.0779485702514648,2.4517147541046143,1.424412727355957,-1.0674320459365845,-3.2440810203552246,-4.8357062339782715,-7.463554382324219,-9.616271018981934
-5.941958904266357,-4.550764083862305,-3.963252067565918,-5.051502704620361,-6.6405181884765625,-9.619012832641602,-11.80733871459961,-11.891142845153809,-11.06991958618164,-9.391135215759277,-7.6018476486206055,-6.170644283294678,-5.436835289001465,-5.885794162750244,-5.79062032699585,-5.569259166717529,-5.606231212615967,-6.0118794441223145,-6.631026268005371,-7.4934983253479,-7.99820613861084,-7.773576259613037,-6.568041801452637,-5.5691752433776855,-5.5209126472473145,-5.8709588050842285,-5.959311485290527,-5.759999752044678,-4.844524383544922,-3.3113741874694824,-1.5523600578308105,-0.022657986730337143,0.77800452709198,1.2323439121246338,1.0909544229507446,1.7018455266952515,2.913531541824341,2.4422144889831543,0.5693998336791992,-1.917645812034607,-4.180033206939697,-6.8805437088012695,-9.021966934204102
-5.8762288093566895,-2.498368501663208,-0.5938258171081543,-2.7659027576446533,-5.563586711883545,-10.124224662780762,-15.490680694580078,-16.178577423095703,-14.822942733764648,-11.963282585144043,-8.140442848205566,-6.2739129066467285,-4.862415313720703,-4.27258825302124,-4.828030586242676,-5.0123748779296875,-5.541749954223633,-6.049606800079346,-6.252297878265381,-6.493093013763428,-6.399131774902344,-6.098016262054443,-6.089853286743164,-5.793420314788818,-5.3470072746276855,-5.384494304656982,-5.4320068359375,-5.052701473236084,-4.003267288208008,-2.3060338497161865,-0.6083926558494568,0.7263618111610413,1.399012565612793,1.5759023427963257,1.3805924654006958,2.0892422199249268,2.705632209777832,2.5019524097442627,2.6342222690582275,1.625749111175537,-1.9151114225387573,-5.312183380126953,-6.8310627937316895
-5.553874492645264,-2.0066800117492676,1.8271530866622925,2.6352717876434326,-0.3867347240447998,-9.446121215820312,-14.957035064697266,-14.956055641174316,-14.582001686096191,-12.508763313293457,-9.101622581481934,-5.821815490722656,-4.656662464141846,-4.023633003234863,-3.9368486404418945,-4.191500186920166,-4.682276248931885,-5.050720691680908,-5.0344109535217285,-5.432905673980713,-5.381857872009277,-5.069562911987305,-5.306584358215332,-5.524468898773193,-5.187561988830566,-4.789697170257568,-4.381554126739502,-3.8318064212799072,-2.670783042907715,-1.208418607711792,0.2575460374355316,1.2374730110168457,1.7351628541946411,1.6562273502349854,1.652724027633667,2.0982344150543213,2.552050828933716,2.482255697250366,2.7243523597717285,1.9174607992172241,-0.4320399761199951,-2.531172275543213,-4.374932765960693
-4.6198248863220215,-2.4244985580444336,1.9958735704421997,3.2232837677001953,-0.11898737400770187,-7.529219627380371,-11.205986022949219,-11.79960823059082,-12.579510688781738,-11.094725608825684,-8.69973087310791,-5.9598870277404785,-4.17317008972168,-3.6246964931488037,-3.220263957977295,-3.088921308517456,-3.5208966732025146,-4.54545783996582,-4.470210552215576,-4.552332878112793,-4.459963321685791,-4.28369140625,-3.8820741176605225,-4.234918594360352,-4.45844030380249,-4.390940189361572,-3.8932065963745117,-2.9462733268737793,-1.573582649230957,-0.20941999554634094,0.9151331782341003,1.3604897260665894,1.185512661933899,1.1231539249420166,1.5432900190353394,2.122962713241577,2.3520286083221436,2.332176446914673,2.473172426223755,1.504082202911377,1.1773574352264404,0.5723265409469604,-2.017078161239624
-3.547520637512207,-3.3596408367156982,0.201787531375885,0.320617139339447,-3.694758176803589,-8.1740083694458,-9.292993545532227,-9.21546459197998,-9.704328536987305,-9.763362884521484,-8.132461547851562,-5.4386444091796875,-3.4159064292907715,-2.937650442123413,-2.3540029525756836,-2.2955312728881836,-2.42236065864563,-2.851677656173706,-3.2929530143737793,-3.101513147354126,-3.1920053958892822,-3.2651681900024414,-2.9314768314361572,-3.002654552459717,-3.374821186065674,-3.2235774993896484,-2.885822057723999,-2.1357944011688232,-0.9582738280296326,0.1936011165380478,1.1286226511001587,1.198262095451355,0.7895349860191345,0.8318123817443848,1.4904613494873047,2.187871217727661,2.353616952896118,2.1471564769744873,1.6107083559036255,0.6597132086753845,0.20626655220985413,-0.38471922278404236,-1.8531248569488525
-1.808043122291565,-5.160384654998779,-1.8958134651184082,-1.426880955696106,-5.6443562507629395,-8.43802547454834,-8.30163860321045,-6.983240127563477,-7.19590950012207,-8.219714164733887,-7.596324920654297,-5.823914051055908,-3.485593795776367,-2.5178122520446777,-1.923477053642273,-1.506029486656189,-1.6687946319580078,-1.7930017709732056,-2.113513469696045,-2.1628644466400146,-1.811257004737854,-1.866213083267212,-1.9816159009933472,-2.084775686264038,-1.978800892829895,-1.9522345066070557,-1.853743076324463,-1.218553900718689,-0.5905923247337341,0.25778597593307495,1.0392543077468872,0.9150757789611816,0.6465204954147339,0.9409844279289246,1.7141573429107666,2.299485206604004,2.3430283069610596,1.8784693479537964,0.33354902267456055,-0.946271538734436,-0.5295451283454895,-0.2412799596786499,-1.4057828187942505
0.6717699766159058,-4.677365779876709,-2.8797571659088135,-1.1004325151443481,-4.313889026641846,-7.19207239151001,-6.803600788116455,-5.284100532531738,-5.9472880363464355,-7.519227027893066,-7.211906909942627,-6.356804370880127,-4.227590560913086,-2.106675148010254,-1.0500800609588623,-0.7632025480270386,-1.0774118900299072,-1.140414834022522,-0.9406266808509827,-0.7823672890663147,-1.1177748441696167,-0.4943069815635681,-0.10078468173742294,-0.47311487793922424,-0.46721258759498596,-1.1668375730514526,-1.0959120988845825,-0.6575096845626831,-0.3710553050041199,0.6299183964729309,0.9638603925704956,0.6811486482620239,0.8967438340187073,1.4305368661880493,2.0191032886505127,2.4275643825531006,2.1898980140686035,1.7078917026519775,0.47329816222190857,-0.3515951931476593,0.1091860681772232,-0.0006820984417572618,-2.7542245388031006
-0.0033655327279120684,-5.662949085235596,-3.832801342010498,-0.7580323815345764,-2.3615331649780273,-5.1508564949035645,-5.473265647888184,-3.5801470279693604,-3.329529285430908,-5.02905797958374,-5.270879745483398,-5.604970455169678,-4.8530354499816895,-1.8367794752120972,-0.12335459887981415,-0.051938846707344055,-0.26492464542388916,-0.3595130741596222,-0.12046559154987335,0.06501702964305878,0.10995456576347351,0.7630277276039124,0.9547609686851501,0.42630618810653687,-0.2650575041770935,-0.8026560544967651,-0.44745492935180664,-0.40497010946273804,-0.17143525183200836,0.5745688676834106,0.643718957901001,0.7187759876251221,1.2086787223815918,1.6636908054351807,1.8928818702697754,1.7976490259170532,0.8198882341384888,0.0029191060457378626,-0.8556130528450012,-1.152151346206665,-0.16639754176139832,-1.5810399055480957,-4.114020347595215
