data/wind_data/wind_Surface_67.json
{"header": {"parameterUnit": "KT", "parameterCategory": 2, "nx": 255, "ny": 198, "lo1": 44.73521041870117, "la1": -3.236724853515625, "lo2": 111.26478576660156, "la2": 43.468475341796875, "dx": 0.26192745566368103, "dy": -0.23708222806453705, "refTime": "2025-02-21 19:00:00", "forecastTime": 0, "parameterNumber": 2, "parameterNumberName": "eastward_wind"}, "data":
[rows 152 to 170 of 198, columns 172 to 214 of 255]
17.238872528076172,17.189573287963867,17.630340576171875,17.58768653869629,14.4642333984375,11.071009635925293,9.254376411437988,8.669954299926758,8.270041465759277,9.829545021057129,10.643162727355957,9.634307861328125,9.88473129272461,10.522418022155762,9.361685752868652,6.671504974365234,3.64072322845459,1.9633963108062744,1.851812481880188,1.6864683628082275,1.6110535860061646,2.5530824661254883,-0.021952785551548004,-2.215688467025757,1.7379868030548096,5.322957992553711,5.454807758331299,4.338249206542969,3.2496209144592285,2.4386556148529053,4.1106767654418945,5.063667297363281,3.298182249069214,1.4912288188934326,2.027543544769287,3.8934171199798584,6.631986141204834,9.809276580810547,12.8326997756958,12.09953784942627,8.976140022277832,7.965120792388916,9.002080917358398
17.79703712463379,18.640968322753906,16.235210418701172,14.450248718261719,12.099577903747559,10.113696098327637,9.790486335754395,9.118943214416504,8.682432174682617,9.014492988586426,8.958086967468262,8.338615417480469,10.444445610046387,12.034013748168945,8.576566696166992,3.6730618476867676,0.9168336391448975,-0.41257092356681824,-1.220300555229187,-1.3407918214797974,-0.859270453453064,-0.687527596950531,-1.0469311475753784,-0.6468886137008667,0.7993194460868835,1.2620890140533447,0.6348859071731567,0.7979108691215515,1.119319200515747,1.5704861879348755,0.1911541372537613,-2.112121343612671,-3.285703182220459,-2.423097848892212,-0.7586824297904968,0.5284496545791626,3.144937753677368,4.9863152503967285,5.6685943603515625,4.024181842803955,3.9499549865722656,6.855739593505859,8.056925773620605
18.705860137939453,19.506807327270508,18.187950134277344,15.387798309326172,12.416184425354004,11.382784843444824,11.994101524353027,11.440998077392578,10.273051261901855,9.389080047607422,8.9920015335083,8.387216567993164,8.816649436950684,6.464944839477539,0.5367098450660706,-4.654896259307861,-6.209603309631348,-4.934873580932617,-2.678182363510132,-1.7402513027191162,-3.339176654815674,-3.90942645072937,-2.3135530948638916,-1.1923712491989136,-1.1375974416732788,-0.8156982064247131,-0.2110152691602707,0.16690105199813843,-0.9934679865837097,-2.347395658493042,-5.321711540222168,-6.536087989807129,-4.023963451385498,-2.0116844177246094,0.5496373176574707,1.6182996034622192,2.8723790645599365,5.484287738800049,4.2852349281311035,2.123072862625122,4.474155426025391,8.473090171813965,9.252241134643555
17.695396423339844,18.181116104125977,17.086238861083984,15.008710861206055,13.1935453414917,12.989057540893555,12.664372444152832,11.228360176086426,9.940812110900879,10.535120964050293,9.151843070983887,4.06823205947876,0.5994566679000854,-2.472412586212158,-4.364537715911865,-5.570605754852295,-6.710538387298584,-5.827042102813721,-4.647220134735107,-5.212905406951904,-5.982429504394531,-4.749320983886719,-3.006467819213867,-1.6907517910003662,-1.5217528343200684,-0.5093681812286377,0.6394701600074768,0.5787398815155029,-1.0118985176086426,-2.0233118534088135,-3.6986842155456543,-3.600553035736084,-2.64422869682312,-2.0807290077209473,0.6850140690803528,5.255947113037109,6.2817816734313965,8.00460433959961,5.410153388977051,2.8398630619049072,4.486083984375,8.273913383483887,10.434906005859375
15.801244735717773,16.25322723388672,14.233848571777344,11.067503929138184,10.941997528076172,11.817439079284668,10.689476013183594,9.075884819030762,7.3849196434021,4.54615592956543,2.066638469696045,-2.2436623573303223,-5.464566707611084,-5.395332336425781,-4.613425254821777,-3.3706464767456055,-3.4580726623535156,-4.182398796081543,-4.184638023376465,-4.271560192108154,-4.23829460144043,-3.1638152599334717,-2.5784740447998047,-1.647463083267212,-0.18381664156913757,0.8212673664093018,1.1536353826522827,0.8326086401939392,-0.2988740801811218,-1.3326365947723389,-1.586232304573059,-1.9769021272659302,-0.6744592189788818,1.5573375225067139,2.9009571075439453,4.876436233520508,7.6880035400390625,6.38417387008667,1.2874270677566528,0.9137967824935913,4.098550319671631,7.91648006439209,10.633889198303223
11.733118057250977,13.235997200012207,10.743014335632324,7.491676330566406,7.983454704284668,9.168912887573242,7.613009929656982,7.047677993774414,5.936570167541504,2.426358461380005,-1.3940837383270264,-5.391595840454102,-7.935547828674316,-7.326693058013916,-4.9755048751831055,-3.3345108032226562,-4.888123512268066,-4.869461536407471,-4.038412094116211,-3.9972116947174072,-4.452037334442139,-3.666682004928589,-1.8333982229232788,-0.00484807463362813,1.7527648210525513,2.796386957168579,3.1887335777282715,3.047720432281494,0.22218987345695496,-0.9833840727806091,0.38458701968193054,0.0764891728758812,0.9834405183792114,4.177475929260254,6.67058801651001,7.451517105102539,8.834942817687988,5.501716136932373,0.14443358778953552,-0.019909115508198738,3.1298580169677734,6.726097106933594,8.27888011932373
5.8332133293151855,8.338910102844238,8.296235084533691,8.104494094848633,7.24325704574585,6.350448131561279,6.32759952545166,5.879472255706787,3.66935658454895,-0.639304518699646,-4.016301155090332,-6.518945693969727,-7.309490203857422,-6.058920860290527,-5.224802494049072,-5.404489517211914,-5.689808368682861,-4.851985454559326,-3.8949201107025146,-2.8800442218780518,-2.3755884170532227,-0.2915911376476288,1.8340929746627808,2.6705987453460693,3.4399428367614746,3.9517781734466553,4.122774124145508,3.104513645172119,1.2293543815612793,1.8810076713562012,3.931699752807617,4.247554779052734,3.385756015777588,4.594432830810547,7.808852672576904,9.936073303222656,11.801533699035645,5.809691429138184,-0.7182605266571045,-0.7950078248977661,0.7975632548332214,0.9885291457176208,-2.1075551509857178
1.8875629901885986,2.9213597774505615,5.371068000793457,7.123394012451172,9.805362701416016,10.272137641906738,7.572880268096924,-0.6566521525382996,-5.54063081741333,-4.967885971069336,-3.982863426208496,-5.284384250640869,-7.300891876220703,-7.78134298324585,-7.001994609832764,-4.5267534255981445,-1.7770178318023682,0.41351959109306335,2.117060899734497,0.4668436646461487,-1.1809269189834595,1.8633702993392944,4.247235298156738,4.214604377746582,5.051263809204102,5.142943382263184,3.5967328548431396,3.894496440887451,3.550144672393799,3.219653844833374,4.000385284423828,4.886460781097412,5.532718181610107,5.661230564117432,8.223906517028809,11.18769645690918,10.940125465393066,3.545341968536377,-2.784128427505493,-1.5932633876800537,-1.110235571861267,-5.18721866607666,-11.812601089477539
3.007211208343506,1.0812699794769287,-0.47869595885276794,1.132684350013733,3.5260989665985107,0.8791186213493347,-5.333934783935547,-9.485200881958008,-8.508727073669434,-6.136590480804443,-4.980808734893799,-5.496301174163818,-6.926320552825928,-6.638463020324707,-4.199154376983643,-0.24434088170528412,2.9205472469329834,5.182129383087158,6.334892749786377,3.9771788120269775,1.587486743927002,3.7366178035736084,6.085573196411133,6.050821304321289,6.599847316741943,6.654550075531006,6.2185444831848145,7.2616682052612305,6.9097700119018555,4.86179780960083,2.706350803375244,3.4481546878814697,4.355727195739746,5.152596950531006,7.631580352783203,9.850131034851074,7.544755935668945,0.4598175585269928,-3.467197895050049,-0.5864877700805664,-1.762904167175293,-7.908009052276611,-13.953943252563477
2.6815085411071777,1.9106762409210205,-1.6043834686279297,-7.652191162109375,-10.216893196105957,-11.046961784362793,-11.372584342956543,-11.338059425354004,-9.14508056640625,-5.8347883224487305,-3.675262451171875,-3.199903726577759,-2.9070515632629395,-1.020799994468689,2.0774848461151123,4.6751389503479,6.188166618347168,7.924947261810303,8.54440975189209,7.0685272216796875,5.921393871307373,7.545405864715576,8.867325782775879,8.658292770385742,9.166722297668457,9.52059555053711,8.882309913635254,8.14913272857666,6.639432907104492,3.861344814300537,3.1910576820373535,3.5720438957214355,3.285557270050049,4.024429798126221,8.051698684692383,7.4350481033325195,0.14753791689872742,-4.790893077850342,-4.26438045501709,-1.0305373668670654,-0.9464779496192932,-4.338245868682861,-10.092537879943848
3.72383713722229,3.7101218700408936,1.3664283752441406,-5.256993293762207,-9.872445106506348,-9.542917251586914,-8.601974487304688,-7.993505954742432,-6.432303428649902,-3.352180004119873,-1.1261862516403198,0.05076458677649498,2.5741114616394043,5.647519111633301,7.168941497802734,8.518625259399414,9.042322158813477,9.68004322052002,11.266404151916504,10.33560848236084,9.736527442932129,11.302490234375,11.893016815185547,11.198446273803711,9.906538009643555,7.811351299285889,6.5024824142456055,5.87550687789917,5.318781852722168,3.9813756942749023,4.131200313568115,2.880246162414551,1.436835765838623,1.293326497077942,0.7438879609107971,-2.462862253189087,-6.05341100692749,-8.542789459228516,-9.110836029052734,-4.491582870483398,-2.986845016479492,-6.301499366760254,-12.569344520568848
5.218611240386963,5.218563079833984,1.4739516973495483,-5.421293258666992,-8.7012300491333,-7.50479793548584,-6.746700286865234,-5.947145462036133,-3.709848403930664,-0.6538129448890686,1.4372096061706543,2.6366043090820312,4.999175071716309,8.62391185760498,11.581306457519531,12.721957206726074,13.405496597290039,13.82119369506836,14.804268836975098,15.943517684936523,15.673982620239258,15.060881614685059,14.760388374328613,13.061766624450684,9.59818172454834,8.520703315734863,10.138936996459961,10.930350303649902,7.936524868011475,1.2690831422805786,-5.5246381759643555,-7.782744884490967,-6.741288661956787,-6.74087381362915,-7.582116603851318,-8.265594482421875,-9.448881149291992,-9.930076599121094,-7.42710542678833,-4.164891719818115,-4.4413838386535645,-7.758169174194336,-11.26175308227539
4.959230422973633,5.2264227867126465,0.9794832468032837,-5.149487495422363,-8.299111366271973,-7.133811950683594,-4.855933666229248,-4.307798862457275,-2.3263792991638184,1.9130946397781372,4.709625720977783,5.228010177612305,5.935549736022949,8.616118431091309,12.208979606628418,14.810282707214355,15.65487003326416,15.766677856445312,15.901288986206055,15.936629295349121,15.643680572509766,15.09363079071045,13.671431541442871,10.432981491088867,7.8073835372924805,8.666787147521973,9.5482759475708,7.384305477142334,2.211317777633667,-7.786421775817871,-17.196321487426758,-16.413448333740234,-13.69184398651123,-13.029030799865723,-11.04890251159668,-10.526496887207031,-10.3864164352417,-7.212510108947754,-2.8555474281311035,-1.9459264278411865,-4.874051570892334,-8.118988037109375,-9.543667793273926
3.308936834335327,2.562830924987793,-0.14804746210575104,-2.902998208999634,-4.392709732055664,-5.132267475128174,-3.81815505027771,-2.587655782699585,0.3449385166168213,4.655242443084717,6.923826694488525,7.076396942138672,6.964386940002441,8.37863826751709,11.628914833068848,14.110525131225586,15.304740905761719,15.75846004486084,15.413514137268066,13.718533515930176,11.222371101379395,8.961819648742676,6.494949817657471,4.419191360473633,2.18388295173645,1.4490776062011719,1.1663991212844849,-1.4704538583755493,-6.6081647872924805,-11.761679649353027,-15.963643074035645,-16.46502113342285,-14.870402336120605,-13.083287239074707,-11.616659164428711,-9.407474517822266,-6.884068489074707,-2.8238751888275146,0.3877795338630676,1.1747984886169434,-0.8341759443283081,-4.2981977462768555,-7.182978630065918
0.7612677216529846,-0.6474535465240479,-2.866485834121704,-3.4295618534088135,-3.507139205932617,-3.234531879425049,-1.710688829421997,-1.3833876848220825,1.2571041584014893,5.204985618591309,7.059900283813477,7.904673099517822,9.158557891845703,11.301397323608398,13.167559623718262,14.136890411376953,14.327642440795898,14.030769348144531,12.960572242736816,8.72347640991211,2.7793946266174316,-2.5744194984436035,-4.597434997558594,-4.394931793212891,-5.9295268058776855,-8.858152389526367,-9.135725975036621,-7.9926252365112305,-7.6569318771362305,-9.550675392150879,-12.48488998413086,-13.30457592010498,-12.638667106628418,-11.127908706665039,-8.73964786529541,-5.679534435272217,-3.0597333908081055,-1.946912407875061,-0.6946136355400085,-0.020779253914952278,-1.009268879890442,-4.252231121063232,-6.912355422973633
-1.5018367767333984,-3.313133478164673,-5.214043617248535,-4.867734432220459,-2.669881582260132,-0.2718430161476135,-0.22168903052806854,-1.5398237705230713,1.7533317804336548,5.67788028717041,7.5048723220825195,8.114020347595215,8.943906784057617,10.6568021774292,11.901511192321777,12.902599334716797,13.330689430236816,11.9288330078125,9.062018394470215,4.49821138381958,-1.3552371263504028,-4.583725452423096,-5.990880966186523,-5.64647912979126,-6.263922214508057,-7.641885757446289,-8.304819107055664,-7.34722375869751,-7.17763614654541,-7.853220462799072,-9.652972221374512,-11.183439254760742,-9.441045761108398,-6.987011909484863,-6.342692852020264,-3.9812653064727783,-1.8983051776885986,-2.1557047367095947,-1.3342036008834839,-0.397769957780838,-1.625746726989746,-4.658305644989014,-5.381040096282959
-0.8947689533233643,-1.174730896949768,-0.21174152195453644,1.5318788290023804,2.4592268466949463,3.987835168838501,3.47463059425354,1.0386404991149902,2.2131567001342773,4.851446151733398,6.414778709411621,7.686302185058594,8.422952651977539,9.061712265014648,9.891127586364746,11.319253921508789,10.650055885314941,8.326863288879395,5.297306537628174,0.32081326842308044,-5.418935298919678,-6.586086273193359,-5.9791765213012695,-4.339319705963135,-5.26649808883667,-7.848495960235596,-9.070239067077637,-8.44406795501709,-6.794020175933838,-7.987615585327148,-7.427641868591309,-8.725576400756836,-6.7225847244262695,-3.840595006942749,-3.808459758758545,-2.5769543647766113,-0.6119397282600403,-0.9883193373680115,-0.600759744644165,0.4445030987262726,-0.7351325154304504,-1.4902578592300415,0.334389865398407
-1.3738789558410645,-0.3609403967857361,3.829258441925049,7.247257709503174,5.917808532714844,4.560795307159424,5.682612419128418,5.276403903961182,4.32186222076416,4.017370223999023,4.27205228805542,6.5262579917907715,7.898215293884277,7.393889427185059,8.484458923339844,8.737524032592773,4.892282009124756,1.6033765077590942,-1.9542337656021118,-6.781243801116943,-9.926005363464355,-9.63184642791748,-8.252100944519043,-4.813423156738281,-5.183902740478516,-6.490541458129883,-7.111041069030762,-7.629979610443115,-7.151582717895508,-6.384268283843994,-5.069180011749268,-3.9648241996765137,-3.2833750247955322,-2.056349515914917,-0.5639305114746094,1.4356982707977295,2.8899879455566406,2.3923604488372803,2.18780779838562,3.0775959491729736,1.9526960849761963,-0.29748475551605225,1.5723106861114502
1.1196647882461548,0.48619672656059265,3.884629487991333,5.573591232299805,4.496913433074951,4.078122138977051,5.9803242683410645,7.371934413909912,4.883482933044434,2.5453782081604004,2.5378499031066895,5.283395767211914,6.188878059387207,6.819759368896484,7.931886672973633,2.133978843688965,-3.726816415786743,-4.00238037109375,-5.282602787017822,-9.445115089416504,-12.175528526306152,-9.724051475524902,-7.6410675048828125,-4.8725996017456055,-4.72662353515625,-4.217192649841309,-3.717754602432251,-4.5659260749816895,-3.2022223472595215,-1.6829111576080322,-1.295320749282837,-0.38884463906288147,0.9936575293540955,1.2387017011642456,1.619705080986023,2.8747398853302,3.89827823638916,3.2843217849731445,2.537961483001709,2.591022253036499,1.8004592657089233,2.434326410293579,5.632618427276611
