data/wind_data/wind_28_8.json
{"header": {"parameterUnit": "KT", "parameterCategory": 2, "nx": 256, "ny": 198, "lo1": 44.73521041870117, "la1": -3.236724853515625, "lo2": 111.26478576660156, "la2": 43.468475341796875, "dx": 0.2609002888202667, "dy": -0.23708222806453705, "refTime": "2025-02-20 04:00:00", "forecastTime": 0, "parameterNumber": 2, "parameterNumberName": "eastward_wind"}, "data":
[rows 38 to 56 of 198, columns 0 to 43 of 256]
-1.6776061058044434,-3.8905858993530273,-6.127438068389893,-9.617493629455566,-12.689090728759766,-10.373764038085938,-8.982162475585938,-8.116411209106445,-7.8173041343688965,-7.943477630615234,-8.061504364013672,-7.577532768249512,-6.885244846343994,-6.334687232971191,-6.019667625427246,-5.816071510314941,-5.451418876647949,-4.76668119430542,-3.7107596397399902,-2.3481521606445312,-1.0531611442565918,-0.1382344514131546,0.24319946765899658,0.14974689483642578,0.017724601551890373,0.036824554204940796,0.18165411055088043,0.29268157482147217,0.6951047778129578,1.3848474025726318,1.8701059818267822,2.137566328048706,2.3175294399261475,2.670522689819336,3.4601857662200928,4.486210823059082,5.441222667694092,6.152905464172363,6.7910966873168945,7.342403888702393,7.877727508544922,8.56077766418457,9.042777061462402,9.21269416809082
-2.1390433311462402,-4.016696929931641,-5.638684272766113,-8.861699104309082,-11.218987464904785,-9.371139526367188,-7.792281627655029,-6.666905879974365,-6.375535488128662,-6.602027893066406,-6.806011199951172,-6.384189128875732,-5.58998966217041,-4.900354862213135,-4.624162197113037,-4.57924747467041,-4.338387489318848,-3.599726438522339,-2.437181234359741,-1.114803433418274,0.19890259206295013,1.059486746788025,1.3873051404953003,1.0593397617340088,0.596980631351471,0.7546981573104858,1.2760757207870483,1.532027006149292,1.6837756633758545,2.1921095848083496,2.7925851345062256,3.2648916244506836,3.5640907287597656,3.998943567276001,4.8558478355407715,5.905213356018066,6.742495059967041,7.353176116943359,7.887415409088135,8.426013946533203,8.999637603759766,9.586462020874023,10.083091735839844,10.446728706359863
-2.0409328937530518,-4.377809047698975,-5.515830039978027,-8.481912612915039,-11.115989685058594,-9.151861190795898,-7.785811901092529,-6.482080936431885,-5.8638105392456055,-5.701969146728516,-5.563592433929443,-5.282438278198242,-4.870112419128418,-4.295546054840088,-3.6150963306427,-3.096212387084961,-2.757363796234131,-2.108333110809326,-1.0396292209625244,0.1530219316482544,1.237641453742981,1.9771194458007812,2.117978572845459,1.5847415924072266,1.0810843706130981,1.3112155199050903,2.0428261756896973,2.467613935470581,2.188913345336914,2.0359134674072266,2.2929985523223877,2.818856716156006,3.249422311782837,3.5599966049194336,4.31718635559082,5.304319858551025,6.141908168792725,6.870348930358887,7.717457294464111,8.706787109375,9.642034530639648,10.272048950195312,10.569514274597168,10.90519905090332
-1.7310256958007812,-4.1875224113464355,-5.128845691680908,-8.197858810424805,-11.671920776367188,-9.432195663452148,-8.4056978225708,-7.413252830505371,-6.823709964752197,-6.119902610778809,-5.150967121124268,-4.465700149536133,-4.333409786224365,-4.401033878326416,-3.8822693824768066,-2.807917833328247,-1.7988499402999878,-1.0025006532669067,-0.14109662175178528,0.6607236862182617,1.2845993041992188,1.754116415977478,1.7139772176742554,1.153074026107788,0.5966197848320007,0.5844374895095825,1.2362804412841797,1.8640449047088623,1.7853790521621704,1.3608191013336182,1.3414270877838135,1.8027323484420776,2.1965460777282715,2.2302215099334717,2.5794870853424072,3.337291955947876,4.236900329589844,5.0184431076049805,5.882932186126709,6.8992228507995605,8.009668350219727,8.99172592163086,9.716484069824219,10.32396125793457
-1.7166460752487183,-3.049365520477295,-4.178860664367676,-7.36972713470459,-10.869175910949707,-9.099154472351074,-8.450963973999023,-8.034671783447266,-7.883759498596191,-7.193727016448975,-5.911377429962158,-4.684487819671631,-4.085409164428711,-4.282126426696777,-4.360723495483398,-3.5249598026275635,-2.0225331783294678,-0.8226789832115173,-0.20900887250900269,0.2445705533027649,0.6814684867858887,0.8669611811637878,0.5752533674240112,-0.07799262553453445,-0.8660648465156555,-1.182600736618042,-0.8237725496292114,-0.2618238627910614,0.14496664702892303,-0.03681473061442375,-0.17123284935951233,0.2022913098335266,0.6045437455177307,0.743312418460846,0.8484290242195129,1.3713934421539307,2.2118961811065674,2.836817502975464,3.4712672233581543,4.1925835609436035,5.125503063201904,6.246664524078369,7.353278636932373,8.421191215515137
-1.7229357957839966,-1.9483871459960938,-3.6865592002868652,-6.783666610717773,-9.870743751525879,-8.527154922485352,-8.35903263092041,-8.304367065429688,-8.291369438171387,-7.855557918548584,-6.863186359405518,-5.613465309143066,-4.429945468902588,-4.02432918548584,-4.3283162117004395,-4.114873886108398,-2.8462588787078857,-1.4745327234268188,-0.8357027173042297,-0.5904529094696045,-0.45068109035491943,-0.5045608282089233,-0.9234148263931274,-1.6789164543151855,-2.326756715774536,-2.62109112739563,-2.6068153381347656,-2.3607208728790283,-2.015920877456665,-2.2075459957122803,-2.5144600868225098,-2.280116558074951,-1.6940011978149414,-1.0747771263122559,-0.7106217741966248,-0.32965490221977234,0.15368084609508514,0.7124778628349304,1.1703630685806274,1.745689868927002,2.710019111633301,3.9345197677612305,5.348723411560059,6.790602684020996
-1.4840593338012695,-2.4424352645874023,-4.496306896209717,-7.170025825500488,-9.766741752624512,-8.303377151489258,-8.506754875183105,-8.829586029052734,-8.942737579345703,-8.440004348754883,-7.659919261932373,-6.74528169631958,-5.361103057861328,-4.198973178863525,-4.137962341308594,-4.312541961669922,-3.6611132621765137,-2.651113271713257,-2.1743738651275635,-2.174941301345825,-2.28165340423584,-2.4166476726531982,-2.746978759765625,-3.1611812114715576,-3.3766183853149414,-3.7632646560668945,-4.1032209396362305,-4.264569282531738,-4.522653579711914,-4.853969097137451,-5.022143840789795,-4.854914665222168,-3.9890105724334717,-3.0399765968322754,-2.4670212268829346,-2.0719335079193115,-1.590350866317749,-0.9941172003746033,-0.3486541211605072,0.3163597583770752,1.2061458826065063,2.3582160472869873,3.656196117401123,4.964348793029785
-1.3079091310501099,-3.5264408588409424,-4.482821464538574,-6.443343162536621,-8.936558723449707,-7.858788013458252,-8.391570091247559,-9.197922706604004,-9.664819717407227,-9.286429405212402,-8.420374870300293,-7.770917892456055,-6.760796070098877,-5.226393699645996,-4.442794322967529,-4.523466110229492,-4.363237380981445,-3.995595693588257,-4.04397439956665,-4.266912937164307,-4.2286810874938965,-4.067945957183838,-4.108773708343506,-4.493419647216797,-4.93589448928833,-5.323096752166748,-5.821545124053955,-6.406586647033691,-7.319642543792725,-7.270873546600342,-7.001434326171875,-6.735933780670166,-5.998846530914307,-5.053374767303467,-4.29939603805542,-3.6887154579162598,-3.0703659057617188,-2.2057037353515625,-1.3183773756027222,-0.6096587181091309,0.12673859298229218,0.9290842413902283,1.7699651718139648,2.595308780670166
-1.598973274230957,-2.0239646434783936,-2.162964105606079,-3.734666347503662,-6.59619665145874,-7.0991058349609375,-7.885767936706543,-8.948445320129395,-9.920549392700195,-9.977829933166504,-9.047922134399414,-8.383353233337402,-7.900698661804199,-6.693519592285156,-5.564291000366211,-5.325315952301025,-5.30568265914917,-5.274068355560303,-5.622279167175293,-5.9727654457092285,-5.888516426086426,-5.579189300537109,-5.403367519378662,-5.643492221832275,-6.271244525909424,-6.930235385894775,-7.705211639404297,-8.643144607543945,-9.294797897338867,-9.084970474243164,-8.780027389526367,-8.26465129852295,-7.667623996734619,-6.867366790771484,-6.095111846923828,-5.355146408081055,-4.5177836418151855,-3.4982895851135254,-2.5273079872131348,-1.7910584211349487,-1.1978334188461304,-0.6801759600639343,-0.06053635850548744,0.4892614781856537
-1.606900691986084,-0.5486851334571838,-0.77541583776474,-2.3481574058532715,-5.010753631591797,-6.479721546173096,-7.46563196182251,-8.549376487731934,-9.73067855834961,-10.22302532196045,-9.629591941833496,-8.95334243774414,-8.547301292419434,-7.821649074554443,-6.906557083129883,-6.4836931228637695,-6.419704914093018,-6.399169445037842,-6.745258331298828,-7.184940814971924,-7.239131450653076,-7.014454364776611,-6.759858131408691,-6.699207305908203,-6.98484992980957,-7.545795917510986,-8.489941596984863,-9.38090991973877,-9.959906578063965,-10.079195022583008,-9.732451438903809,-9.157443046569824,-8.636629104614258,-8.03294563293457,-7.391031265258789,-6.721384525299072,-5.863453388214111,-4.847286224365234,-3.9641470909118652,-3.3171262741088867,-2.8358535766601562,-2.348712682723999,-1.7581632137298584,-1.2035647630691528
-0.8181236982345581,-0.7630661129951477,-1.4096227884292603,-3.259817600250244,-5.3549370765686035,-6.209884166717529,-7.414341926574707,-8.580497741699219,-9.64765453338623,-10.220943450927734,-10.137419700622559,-9.708176612854004,-9.281351089477539,-8.773574829101562,-8.07167911529541,-7.554957866668701,-7.438753604888916,-7.4146904945373535,-7.565821170806885,-7.858095645904541,-8.044293403625488,-8.008607864379883,-7.754527568817139,-7.379153251647949,-7.091313362121582,-7.219884395599365,-7.801059246063232,-8.519503593444824,-9.118093490600586,-9.394123077392578,-9.176945686340332,-8.875629425048828,-8.453304290771484,-7.835029125213623,-7.442356586456299,-6.999370574951172,-6.409257411956787,-5.652966499328613,-4.88540506362915,-4.3377461433410645,-4.016546249389648,-3.7294483184814453,-3.305661916732788,-2.677420139312744
0.25142553448677063,-1.567199945449829,-2.126828908920288,-4.1709513664245605,-6.43226957321167,-6.085154056549072,-7.328612327575684,-8.618288040161133,-9.52828598022461,-10.031256675720215,-10.371084213256836,-10.427566528320312,-10.198699951171875,-9.831595420837402,-9.356084823608398,-8.911134719848633,-8.6696138381958,-8.464518547058105,-8.234076499938965,-8.118228912353516,-8.132976531982422,-8.175249099731445,-8.125844955444336,-7.7803802490234375,-7.171224594116211,-6.7225117683410645,-6.7213921546936035,-7.044629096984863,-7.354786396026611,-7.623831272125244,-7.694035053253174,-7.593758583068848,-7.165777683258057,-6.712061882019043,-6.425222396850586,-6.0697760581970215,-5.709334373474121,-5.266205787658691,-4.721147060394287,-4.29774808883667,-4.09734582901001,-4.071267127990723,-4.039529800415039,-3.70479679107666
1.5612514019012451,-1.374130368232727,-2.0061862468719482,-4.0968804359436035,-6.646788597106934,-6.092151641845703,-6.66986083984375,-7.7907633781433105,-8.680984497070312,-9.13754653930664,-9.740312576293945,-10.365005493164062,-10.598636627197266,-10.500456809997559,-10.353849411010742,-10.207934379577637,-9.908895492553711,-9.390387535095215,-8.725600242614746,-8.131294250488281,-7.764669895172119,-7.659506320953369,-7.726160049438477,-7.614274024963379,-7.137022018432617,-6.52097225189209,-6.099695205688477,-5.870676040649414,-5.725417137145996,-5.930576324462891,-6.168986797332764,-6.137690544128418,-5.91093111038208,-5.596170425415039,-5.197706699371338,-4.86604642868042,-4.618731498718262,-4.298403739929199,-3.975762367248535,-3.6268470287323,-3.3844997882843018,-3.4329235553741455,-3.678640604019165,-3.7989275455474854
2.551750659942627,2.7516520023345947,-0.08266013860702515,-3.0253348350524902,-5.28809928894043,-5.644529342651367,-5.756643295288086,-6.417373180389404,-7.254354476928711,-7.791012763977051,-8.371257781982422,-9.250517845153809,-10.005468368530273,-10.308059692382812,-10.456979751586914,-10.628174781799316,-10.508074760437012,-9.903578758239746,-8.957987785339355,-7.995007514953613,-7.281320571899414,-6.927992820739746,-6.864429473876953,-6.772724628448486,-6.5380988121032715,-6.227487564086914,-5.852202892303467,-5.3508620262146,-4.940802097320557,-4.779768466949463,-4.855510234832764,-4.729138374328613,-4.533201217651367,-4.2543110847473145,-3.9509499073028564,-3.747415781021118,-3.515692949295044,-3.335171937942505,-3.1489241123199463,-2.850491523742676,-2.5860595703125,-2.5233325958251953,-2.707319498062134,-2.8919711112976074
2.9511501789093018,4.903402805328369,1.606461524963379,-1.6824373006820679,-3.446305990219116,-4.173155784606934,-4.714566230773926,-5.0629963874816895,-5.686617851257324,-6.459030628204346,-7.0733747482299805,-7.876467704772949,-8.829769134521484,-9.463534355163574,-9.786904335021973,-10.059761047363281,-10.145964622497559,-9.759208679199219,-8.899418830871582,-7.893337249755859,-7.071264266967773,-6.567931652069092,-6.34194803237915,-6.165799617767334,-5.933082103729248,-5.692522048950195,-5.43070125579834,-5.0564188957214355,-4.569178104400635,-4.255044937133789,-3.922837257385254,-3.529592275619507,-3.1449244022369385,-2.7691497802734375,-2.4663453102111816,-2.267976999282837,-2.178567409515381,-2.123137950897217,-2.076845407485962,-1.9796147346496582,-1.7884387969970703,-1.662132740020752,-1.5931732654571533,-1.5996813774108887
3.215677499771118,1.7436103820800781,1.2546077966690063,-1.027358889579773,-2.535529375076294,-2.539571762084961,-3.258046865463257,-3.7570748329162598,-4.129829406738281,-4.87347936630249,-5.814276695251465,-6.679478645324707,-7.424725532531738,-8.03249454498291,-8.505379676818848,-8.86971664428711,-9.10415267944336,-9.04880142211914,-8.568556785583496,-7.819530487060547,-7.122585296630859,-6.646260738372803,-6.424498081207275,-6.23503303527832,-5.812611103057861,-5.292174339294434,-4.853027820587158,-4.440418243408203,-4.045532703399658,-3.61249041557312,-3.1499216556549072,-2.6759326457977295,-2.0858750343322754,-1.4844037294387817,-1.0017673969268799,-0.7391952872276306,-0.6796238422393799,-0.6879614591598511,-0.6599234938621521,-0.6688501238822937,-0.6205106973648071,-0.5288055539131165,-0.37516748905181885,-0.2879384160041809
3.2950780391693115,2.7881696224212646,2.351835012435913,-0.01977974735200405,-2.143509864807129,-1.465185284614563,-1.639106273651123,-2.218355655670166,-2.6594784259796143,-3.335108995437622,-4.334804058074951,-5.215854167938232,-5.871999740600586,-6.4055070877075195,-6.871065616607666,-7.197854995727539,-7.422709941864014,-7.552764415740967,-7.479163646697998,-7.087917327880859,-6.472987174987793,-5.886314392089844,-5.550856113433838,-5.379367828369141,-4.992525100708008,-4.4103684425354,-3.8904101848602295,-3.3966097831726074,-2.985673427581787,-2.594059467315674,-2.220841884613037,-1.7019562721252441,-1.143528938293457,-0.6537777185440063,-0.04354654997587204,0.4843715727329254,0.7269371151924133,0.7627757787704468,0.7840287089347839,0.8247472047805786,0.9216409921646118,1.055001974105835,1.1876871585845947,1.240595817565918
4.333427906036377,4.785667896270752,3.9802207946777344,1.1561728715896606,-1.8959770202636719,-0.44400298595428467,-0.026610013097524643,-0.4142231345176697,-0.9443639516830444,-1.6213196516036987,-2.45267653465271,-3.21726131439209,-3.820666551589966,-4.324654579162598,-4.770680904388428,-5.078065872192383,-5.177707672119141,-5.193185806274414,-5.172370910644531,-4.979799747467041,-4.5595784187316895,-3.9641785621643066,-3.42561936378479,-3.0549771785736084,-2.6876790523529053,-2.1866559982299805,-1.727551817893982,-1.3985567092895508,-1.0976017713546753,-0.8201505541801453,-0.5856253504753113,-0.28437837958335876,0.036312270909547806,0.33023685216903687,0.6999209523200989,1.2869399785995483,1.7670458555221558,2.0455710887908936,2.094536542892456,2.2094385623931885,2.4707295894622803,2.7604925632476807,2.943664789199829,3.002122163772583
6.671295642852783,7.285637855529785,6.099496364593506,3.1583988666534424,-0.10595035552978516,1.2227487564086914,2.109351634979248,1.829393744468689,1.2106438875198364,0.5837845206260681,0.07285109907388687,-0.3896655738353729,-0.7701317667961121,-1.116732120513916,-1.4703727960586548,-1.8434786796569824,-2.175532102584839,-2.506791830062866,-2.8355352878570557,-2.9754717350006104,-2.73747181892395,-2.2227377891540527,-1.5669331550598145,-0.8598814010620117,-0.2539903521537781,0.3013293147087097,0.8825716972351074,1.317420482635498,1.6099374294281006,1.7800068855285645,1.8927525281906128,1.9400148391723633,1.9487196207046509,1.9466241598129272,1.9748409986495972,2.168649196624756,2.5691335201263428,2.971729278564453,3.220107316970825,3.3963658809661865,3.7147350311279297,4.204800128936768,4.642928600311279,4.8341546058654785
