data/wind_data/wind_22_3.json
{"header": {"parameterUnit": "KT", "parameterCategory": 2, "nx": 256, "ny": 198, "lo1": 44.73521041870117, "la1": -3.236724853515625, "lo2": 111.26478576660156, "la2": 43.468475341796875, "dx": 0.2609002888202667, "dy": -0.23708222806453705, "refTime": "2025-02-19 22:00:00", "forecastTime": 0, "parameterNumber": 2, "parameterNumberName": "eastward_wind"}, "data":
[rows 19 to 37 of 198, columns 44 to 87 of 256]
-0.41869020462036133,0.7343423366546631,1.1159425973892212,0.1389760822057724,-0.9207738637924194,-0.9229027628898621,-0.04543633386492729,0.5096659660339355,0.34043219685554504,-0.12509921193122864,-0.32872313261032104,-0.25432759523391724,-0.22430741786956787,-0.32798293232917786,-0.5834738612174988,-1.1610294580459595,-1.8606457710266113,-2.091805934906006,-1.7650864124298096,-1.6095004081726074,-1.78285813331604,-2.0817511081695557,-2.4728660583496094,-2.7663159370422363,-2.9772210121154785,-2.214343547821045,-3.0505945682525635,-2.8866448402404785,-4.31104850769043,-4.697138786315918,-5.6934943199157715,-6.040555000305176,-6.325724124908447,-6.345518112182617,-6.698173999786377,-6.953930854797363,-6.84730339050293,-6.457305431365967,-6.0839385986328125,-5.8492112159729,-5.822535037994385,-5.84729528427124,-6.054758548736572,-6.298476219177246
-1.0214354991912842,0.21436528861522675,0.8329898715019226,0.48902398347854614,-0.38018175959587097,-0.6040859222412109,0.15751439332962036,0.7862884998321533,0.6751410365104675,0.13863368332386017,-0.3507936894893646,-0.6296003460884094,-0.769903302192688,-0.832617461681366,-1.0817646980285645,-1.6814241409301758,-2.3268892765045166,-2.4971210956573486,-2.1742467880249023,-1.9662764072418213,-2.1291329860687256,-2.4782094955444336,-3.0473101139068604,-3.649362802505493,-3.9058730602264404,-3.494938611984253,-3.531778335571289,-4.822895050048828,-5.272382736206055,-5.931746482849121,-6.698753833770752,-7.385518550872803,-7.610854148864746,-7.1536455154418945,-7.364834308624268,-7.4320783615112305,-7.418951034545898,-7.225430488586426,-6.708707332611084,-6.457845211029053,-6.520692825317383,-6.813691139221191,-7.159267425537109,-7.27539587020874
-2.3118832111358643,-0.5735618472099304,0.05473105236887932,0.11363628506660461,-0.2144853174686432,-0.1902499496936798,0.3047708570957184,0.7813556790351868,0.5152803659439087,-0.06434328854084015,-0.47116518020629883,-0.8390119671821594,-1.1074529886245728,-1.1648011207580566,-1.5058178901672363,-2.2171802520751953,-2.797353744506836,-2.9276111125946045,-2.7026519775390625,-2.560314178466797,-2.8273134231567383,-3.210271120071411,-3.614579439163208,-4.014647006988525,-4.18685245513916,-4.268796443939209,-4.752681732177734,-5.671034812927246,-6.459683895111084,-7.131453514099121,-7.859340667724609,-7.939580917358398,-7.989884376525879,-8.192532539367676,-8.154776573181152,-8.14036750793457,-8.072649002075195,-7.881733417510986,-7.596746444702148,-7.339781761169434,-7.281906604766846,-7.603645324707031,-8.080945014953613,-8.057966232299805
-3.6462268829345703,-1.5897247791290283,-1.018773078918457,-0.8298084735870361,-0.7127154469490051,-0.3998792767524719,0.045716315507888794,0.41434210538864136,0.0749712884426117,-0.5454172492027283,-0.7767041325569153,-0.9103861451148987,-1.2470941543579102,-1.4826685190200806,-1.9288243055343628,-2.62982439994812,-3.126955270767212,-3.328474998474121,-3.4089765548706055,-3.5908164978027344,-3.85359787940979,-4.177075386047363,-4.2371697425842285,-4.31847620010376,-4.399234294891357,-4.651652812957764,-5.225083827972412,-6.196146488189697,-7.149500846862793,-8.179187774658203,-8.491750717163086,-8.484275817871094,-8.62976360321045,-8.581066131591797,-8.530693054199219,-8.4406099319458,-8.306394577026367,-8.115274429321289,-7.975602626800537,-8.095287322998047,-8.04430866241455,-8.172839164733887,-8.517892837524414,-8.523923873901367
-4.249711036682129,-3.6411664485931396,-1.9059369564056396,-1.6037241220474243,-1.4367265701293945,-1.674598217010498,-1.0889959335327148,-0.16113902628421783,-0.3256842792034149,-1.0608758926391602,-1.2409698963165283,-1.222854495048523,-1.5361305475234985,-1.9994913339614868,-2.4994118213653564,-3.114532232284546,-3.5018296241760254,-3.702427625656128,-4.082945823669434,-4.5863871574401855,-4.965653896331787,-5.095870018005371,-4.911666393280029,-4.668342590332031,-4.670679569244385,-5.180539131164551,-5.899155616760254,-6.863879203796387,-7.670979022979736,-8.541560173034668,-8.969854354858398,-8.797134399414062,-9.063427925109863,-8.767317771911621,-8.857623100280762,-8.514497756958008,-8.336820602416992,-8.304215431213379,-8.242691040039062,-8.325100898742676,-8.498307228088379,-8.588184356689453,-8.677262306213379,-8.641968727111816
-3.5355629920959473,-7.1312031745910645,-2.9055898189544678,-2.766336679458618,-2.6896684169769287,-3.2542123794555664,-1.888750672340393,-1.0250961780548096,-0.469847708940506,-1.436557650566101,-1.7233740091323853,-1.8202183246612549,-2.1809074878692627,-2.682522773742676,-3.1948986053466797,-3.7836952209472656,-4.217748165130615,-4.45130729675293,-4.830978870391846,-5.294060707092285,-5.6205010414123535,-5.653331756591797,-5.397464752197266,-5.071354389190674,-5.275733947753906,-5.906854629516602,-6.605812072753906,-7.4508957862854,-8.101122856140137,-8.67542839050293,-9.031391143798828,-8.95605754852295,-8.88753890991211,-9.180697441101074,-9.2814302444458,-9.137088775634766,-8.813767433166504,-8.795190811157227,-8.640302658081055,-8.70722770690918,-8.83957576751709,-8.833634376525879,-8.710304260253906,-8.510417938232422
-5.364384651184082,-8.885169982910156,-4.176240921020508,-4.190908432006836,-6.888159275054932,-3.2160117626190186,-0.5079982280731201,-2.3915674686431885,-0.9397042393684387,-1.72257661819458,-2.278024196624756,-2.5999794006347656,-2.8132338523864746,-3.2512764930725098,-4.016159534454346,-4.740001201629639,-5.13566780090332,-5.490944862365723,-5.795053958892822,-5.9261698722839355,-5.830732822418213,-5.648046493530273,-5.53363037109375,-5.753597736358643,-6.37839412689209,-6.838623046875,-7.2862162590026855,-7.89039421081543,-8.273292541503906,-8.63231086730957,-8.956259727478027,-9.151325225830078,-9.195579528808594,-9.20914077758789,-9.314170837402344,-9.542245864868164,-9.50809097290039,-9.213220596313477,-9.039838790893555,-9.014137268066406,-8.882006645202637,-8.57419490814209,-8.359556198120117,-8.4107666015625
-3.731733798980713,-5.606794834136963,-4.613945960998535,-3.964916467666626,-4.462372779846191,-4.329002857208252,-1.88548743724823,-1.1639496088027954,-2.4168810844421387,-2.152506113052368,-3.0258748531341553,-3.382836103439331,-3.4105117321014404,-3.631861686706543,-4.429720878601074,-5.401388645172119,-6.125715255737305,-6.572798728942871,-6.419018268585205,-6.632333278656006,-6.129739761352539,-5.864521503448486,-5.825575828552246,-6.063586711883545,-6.865602970123291,-7.515791416168213,-7.7587738037109375,-7.914981842041016,-8.183622360229492,-8.557223320007324,-9.016863822937012,-9.375275611877441,-9.484256744384766,-9.508578300476074,-9.518263816833496,-9.636679649353027,-9.719671249389648,-9.579689025878906,-9.328027725219727,-9.074788093566895,-8.703157424926758,-8.259488105773926,-8.080636978149414,-8.29841136932373
-4.070038795471191,-3.5568318367004395,-3.322230339050293,-3.9024274349212646,-4.222440719604492,-3.383671998977661,-1.559774398803711,-0.9926396012306213,-2.3057100772857666,-3.98966908454895,-4.6990251541137695,-3.862455368041992,-4.204789161682129,-3.982100486755371,-4.527979373931885,-4.846925258636475,-6.883927822113037,-8.1083345413208,-6.518118381500244,-7.704809665679932,-6.6037278175354,-6.4043192863464355,-6.076920986175537,-6.1971001625061035,-6.799582481384277,-7.731594562530518,-8.140823364257812,-8.088668823242188,-8.162495613098145,-8.505533218383789,-9.056984901428223,-9.469573020935059,-9.650689125061035,-9.778888702392578,-9.815603256225586,-9.785473823547363,-9.79438591003418,-9.808005332946777,-9.591349601745605,-9.169988632202148,-8.652523040771484,-8.141097068786621,-7.9258599281311035,-8.008672714233398
-2.994960308074951,-3.3145241737365723,-3.438394784927368,-3.310638666152954,-3.43327260017395,-3.292865037918091,-2.4096949100494385,-3.86258602142334,-15.424907684326172,-7.699525833129883,-8.358514785766602,-4.273120403289795,-5.486824989318848,-4.53028678894043,-3.8175015449523926,-6.013277530670166,-6.716423034667969,-9.094653129577637,-6.858801364898682,-8.732393264770508,-6.933172225952148,-6.948026180267334,-6.528954029083252,-6.734086513519287,-6.992251873016357,-7.712172031402588,-8.44515323638916,-8.851551055908203,-8.705854415893555,-8.513147354125977,-8.900684356689453,-9.261561393737793,-9.503458023071289,-9.80050277709961,-9.96221923828125,-9.838601112365723,-9.682844161987305,-9.739121437072754,-9.643173217773438,-9.310959815979004,-8.824904441833496,-8.38862133026123,-8.036459922790527,-7.824653148651123
-4.120086193084717,-3.847276210784912,-3.4224767684936523,-3.407121181488037,-3.8234355449676514,-3.683048725128174,-2.850701093673706,-3.671598434448242,-6.5182647705078125,-8.823466300964355,-9.330979347229004,-5.4020586013793945,-5.742557048797607,-5.806661605834961,-5.057938098907471,-6.174115180969238,-7.095652103424072,-7.390254974365234,-8.069602966308594,-8.754488945007324,-7.554509162902832,-7.368826866149902,-7.117846965789795,-7.298157691955566,-7.378093242645264,-8.007222175598145,-8.685981750488281,-9.229029655456543,-9.23530101776123,-8.984808921813965,-8.878700256347656,-9.175585746765137,-9.312067985534668,-9.30278491973877,-9.498967170715332,-9.706804275512695,-9.700936317443848,-9.754172325134277,-9.660040855407715,-9.3883638381958,-8.980090141296387,-8.598161697387695,-8.224448204040527,-7.716066360473633
-4.2496795654296875,-4.505677223205566,-4.914139747619629,-4.739140033721924,-4.319479942321777,-4.124378204345703,-3.735081672668457,-2.5949416160583496,-1.4951304197311401,-3.2000691890716553,-6.472647666931152,-6.747407913208008,-5.78790807723999,-6.355210304260254,-6.2984395027160645,-6.482933044433594,-6.5312018394470215,-6.743618488311768,-9.302719116210938,-9.815608024597168,-6.1176228523254395,-8.334943771362305,-7.7390217781066895,-8.29334831237793,-7.626224994659424,-8.464505195617676,-8.77044677734375,-9.45953369140625,-9.634870529174805,-9.502737998962402,-9.230467796325684,-9.124958038330078,-9.111865997314453,-9.050480842590332,-9.044792175292969,-9.335820198059082,-9.603565216064453,-9.656167030334473,-9.65440845489502,-9.415512084960938,-9.136606216430664,-8.714811325073242,-8.21495532989502,-7.645290851593018
-5.078466892242432,-5.334044933319092,-5.4846906661987305,-5.358755588531494,-4.846045017242432,-4.141536235809326,-3.7369067668914795,-3.7546145915985107,-4.676051616668701,-6.581786632537842,-7.566128253936768,-7.086164474487305,-6.211581707000732,-6.2362871170043945,-6.568532943725586,-6.628552436828613,-6.839237213134766,-6.601442337036133,-7.455202579498291,-9.298463821411133,-8.422201156616211,-9.194869995117188,-8.507469177246094,-9.445562362670898,-8.219216346740723,-8.64312744140625,-8.788504600524902,-9.43258285522461,-9.753128051757812,-9.914566993713379,-9.797139167785645,-9.547906875610352,-9.324589729309082,-9.084940910339355,-8.979512214660645,-9.013198852539062,-9.242846488952637,-9.294130325317383,-9.313162803649902,-9.166817665100098,-8.988391876220703,-8.719995498657227,-8.292701721191406,-7.702360153198242
-5.631962776184082,-5.964494228363037,-6.039474010467529,-5.761329650878906,-5.315874099731445,-4.839792251586914,-4.709349155426025,-4.874563217163086,-5.248076438903809,-5.948812484741211,-6.611727714538574,-6.7192792892456055,-6.656652450561523,-6.6502838134765625,-6.549381256103516,-6.843179702758789,-7.298964500427246,-7.458640098571777,-7.920706748962402,-8.576554298400879,-8.268293380737305,-8.167238235473633,-9.9216947555542,-9.442378997802734,-9.421334266662598,-8.893789291381836,-9.030466079711914,-9.313143730163574,-9.778287887573242,-10.11866569519043,-10.264037132263184,-10.168903350830078,-10.040027618408203,-9.815851211547852,-9.3580904006958,-8.821927070617676,-8.697469711303711,-8.849339485168457,-8.79772663116455,-8.637175559997559,-8.544607162475586,-8.445049285888672,-8.243090629577637,-7.917951583862305
-6.411245346069336,-6.609688758850098,-6.77150821685791,-6.545985698699951,-6.222005367279053,-5.943005084991455,-5.744182109832764,-5.737481117248535,-5.969642162322998,-6.2777509689331055,-6.704987049102783,-7.122433185577393,-7.2159647941589355,-6.9393486976623535,-6.923916816711426,-7.352327823638916,-7.561710357666016,-6.902613639831543,-5.961859226226807,-6.840773582458496,-9.496566772460938,-8.18160629272461,-12.8130521774292,-8.304770469665527,-10.444576263427734,-9.4451265335083,-9.759765625,-9.613893508911133,-9.836668968200684,-10.243901252746582,-10.504236221313477,-10.471800804138184,-10.338408470153809,-10.220890998840332,-9.808907508850098,-9.04465103149414,-8.54060173034668,-8.638242721557617,-8.593794822692871,-8.255180358886719,-8.13681411743164,-8.235919952392578,-8.290708541870117,-8.309422492980957
-7.4966840744018555,-7.624405384063721,-7.801856517791748,-7.727353572845459,-7.397010803222656,-7.093052864074707,-6.724006175994873,-6.451262950897217,-6.409368991851807,-6.742827415466309,-7.22694730758667,-7.432446479797363,-7.374623775482178,-7.329919338226318,-7.461526393890381,-7.550816059112549,-7.598535060882568,-7.4702301025390625,-7.33343505859375,-6.839279651641846,-9.121233940124512,-12.04912281036377,-11.86565113067627,-8.871517181396484,-10.491813659667969,-10.462307929992676,-10.440802574157715,-9.97459888458252,-9.691120147705078,-10.287741661071777,-10.536296844482422,-10.514098167419434,-10.286492347717285,-10.143318176269531,-9.954109191894531,-9.433917045593262,-8.78602409362793,-8.604608535766602,-8.720785140991211,-8.569911003112793,-8.395808219909668,-8.548028945922852,-8.723746299743652,-8.919413566589355
-8.45269775390625,-8.410417556762695,-8.484328269958496,-8.729209899902344,-8.343917846679688,-7.74036169052124,-7.273074150085449,-7.0155158042907715,-6.965101718902588,-7.059228420257568,-7.162679672241211,-7.203378677368164,-7.278985023498535,-7.475758075714111,-7.855372428894043,-8.092844009399414,-7.531099319458008,-6.955864429473877,-8.014890670776367,-8.08430290222168,-10.360161781311035,-11.113115310668945,-10.184775352478027,-9.261940002441406,-10.418137550354004,-11.355439186096191,-11.384576797485352,-10.552051544189453,-9.348353385925293,-10.206862449645996,-10.382221221923828,-10.53374195098877,-10.20298957824707,-9.857495307922363,-9.877389907836914,-9.769423484802246,-9.685545921325684,-9.508903503417969,-9.081009864807129,-8.984341621398926,-9.155454635620117,-9.227099418640137,-9.574426651000977,-9.921476364135742
-8.868431091308594,-8.832782745361328,-8.980411529541016,-9.254791259765625,-9.073461532592773,-8.51131820678711,-7.876351833343506,-7.54733943939209,-7.378633499145508,-7.381309509277344,-7.324695110321045,-7.3364152908325195,-7.5762763023376465,-7.866441249847412,-8.194653511047363,-8.335801124572754,-7.808864593505859,-7.029883861541748,-7.754537582397461,-9.301414489746094,-11.046476364135742,-10.8734769821167,-11.14078140258789,-10.896757125854492,-10.512161254882812,-11.386300086975098,-13.066059112548828,-11.210813522338867,-7.841933250427246,-10.272722244262695,-10.244683265686035,-10.769620895385742,-10.329842567443848,-10.179426193237305,-10.213380813598633,-10.132072448730469,-10.224394798278809,-10.418916702270508,-10.452824592590332,-10.164024353027344,-9.888202667236328,-10.21069622039795,-10.773329734802246,-11.203999519348145
-9.281576156616211,-9.341523170471191,-9.47523021697998,-9.681960105895996,-9.760586738586426,-9.252561569213867,-8.690858840942383,-8.2319974899292,-8.004984855651855,-7.885354518890381,-7.905840873718262,-8.235176086425781,-8.611827850341797,-8.652305603027344,-8.735899925231934,-8.968087196350098,-9.002418518066406,-8.243522644042969,-7.599832057952881,-9.087345123291016,-10.500082969665527,-11.230530738830566,-11.612295150756836,-11.885782241821289,-11.07777214050293,-10.864206314086914,-10.06530475616455,-12.751800537109375,-14.475726127624512,-11.077840805053711,-10.095871925354004,-11.575081825256348,-10.321062088012695,-10.88502311706543,-10.689849853515625,-10.704638481140137,-10.763062477111816,-10.945539474487305,-11.324313163757324,-11.46727180480957,-11.32052993774414,-11.377030372619629,-11.738977432250977,-12.204058647155762
