data/wind_data/wind_Surface_24.json
{"header": {"parameterUnit": "KT", "parameterCategory": 2, "nx": 255, "ny": 198, "lo1": 44.73521041870117, "la1": -3.236724853515625, "lo2": 111.26478576660156, "la2": 43.468475341796875, "dx": 0.26192745566368103, "dy": -0.23708222806453705, "refTime": "2025-02-20 00:00:00", "forecastTime": 0, "parameterNumber": 3, "parameterNumberName": "northward_wind"}, "data":
[rows 171 to 189 of 198, columns 86 to 128 of 255]
-10.974883079528809,-9.615472793579102,-7.659458160400391,-4.992773532867432,-1.211112141609192,-2.437908411026001,-2.5273706912994385,1.382494330406189,3.2834577560424805,4.345839977264404,2.378257989883423,1.3229087591171265,0.9583116173744202,-0.2513502538204193,-1.6533178091049194,-3.0004591941833496,2.0263619422912598,8.787674903869629,5.852422714233398,4.729668140411377,5.482819080352783,7.38806676864624,9.185558319091797,5.79107141494751,1.9005866050720215,0.31996750831604004,0.8844218254089355,3.0957629680633545,6.2513427734375,5.789733409881592,10.38761043548584,8.48107624053955,6.099503993988037,4.351428985595703,4.532496929168701,3.3371846675872803,2.5890727043151855,-1.3012332916259766,-3.2789251804351807,-3.2213711738586426,-1.6200556755065918,0.34695833921432495,0.5342097282409668
-8.461737632751465,-9.461161613464355,-9.765679359436035,-11.933053970336914,-9.217438697814941,-7.778066635131836,-7.349067687988281,-4.098493576049805,-2.4428000450134277,-1.6139912605285645,-1.2881778478622437,0.21359041333198547,-0.05110303312540054,-0.8054166436195374,-1.8749215602874756,-1.4607957601547241,2.6895856857299805,5.672520160675049,8.323576927185059,8.317024230957031,5.2207136154174805,1.4470134973526,5.003246307373047,9.618525505065918,8.727492332458496,4.3607707023620605,3.9496967792510986,5.260441780090332,7.647561550140381,7.5238471031188965,15.779132843017578,13.93327808380127,9.060333251953125,1.6456468105316162,0.3771073818206787,0.11125795543193817,0.058375291526317596,-1.8580349683761597,-2.2347583770751953,-1.7353652715682983,-0.8856402039527893,-0.03779187053442001,0.14225424826145172
-2.3156468868255615,-8.608665466308594,-9.68832015991211,-9.49704360961914,-9.736063003540039,-9.749606132507324,-10.076976776123047,-8.73451042175293,-7.670233726501465,-8.130475997924805,-4.779366493225098,0.7138126492500305,3.769652843475342,0.6750596165657043,-2.5588924884796143,-4.372631549835205,0.6559638381004333,6.568291187286377,10.661762237548828,12.580401420593262,8.280932426452637,1.1745128631591797,1.199259877204895,7.489441871643066,10.152921676635742,7.103658199310303,6.2764482498168945,6.584916114807129,4.253825664520264,4.555645942687988,8.968181610107422,7.7672119140625,-0.9925227165222168,-3.0616283416748047,-2.7646842002868652,-2.4622092247009277,-2.194035053253174,-2.055210590362549,-1.4428954124450684,-0.6466840505599976,-0.6548427939414978,-0.4666554927825928,0.039705175906419754
3.323654890060425,-0.26842406392097473,-3.173677921295166,-1.989735722541809,-0.5242197513580322,-1.73001229763031,-6.441710472106934,-6.1758317947387695,-8.378327369689941,-7.785353660583496,-6.7799248695373535,-5.269896984100342,0.7021191120147705,-1.280480980873108,-0.15529747307300568,-1.5548964738845825,-1.3718395233154297,5.251396656036377,11.485520362854004,11.26046085357666,8.864445686340332,5.368892669677734,2.5916881561279297,2.963897943496704,7.9287333488464355,8.799421310424805,10.310850143432617,7.411956787109375,4.46241569519043,4.733486175537109,2.6977813243865967,-3.4690613746643066,-5.176973342895508,-3.450608015060425,-3.1147847175598145,-2.87856388092041,-2.3167152404785156,-2.0946080684661865,-1.4208087921142578,-0.8750627636909485,-0.965524435043335,-0.6646888852119446,-0.2735235095024109
4.629919052124023,6.279017448425293,8.5197172164917,8.073380470275879,8.894835472106934,7.918791770935059,2.2358739376068115,-0.739923894405365,-4.569996356964111,-5.788887023925781,-6.8472466468811035,-9.348750114440918,-7.999547481536865,-9.295652389526367,-5.164181232452393,-3.063494920730591,-1.7771413326263428,0.2570685148239136,4.0507731437683105,5.46366548538208,9.414410591125488,11.723978996276855,9.165342330932617,4.838273525238037,7.145397186279297,8.595852851867676,10.752527236938477,7.736512660980225,8.672856330871582,5.149199485778809,-1.2454952001571655,-4.11503267288208,-2.6958892345428467,-3.0882439613342285,-3.4224796295166016,-2.646111249923706,-3.6106534004211426,-3.255221128463745,-2.189746379852295,-1.6917659044265747,-1.3948215246200562,-1.1527596712112427,-0.9172318577766418
5.099987983703613,6.3675947189331055,8.035895347595215,8.74434757232666,8.122566223144531,10.276869773864746,7.255412578582764,5.5275959968566895,2.4048264026641846,-0.32750222086906433,-3.561767101287842,-5.529077053070068,-6.220150470733643,-7.858470916748047,-8.400505065917969,-9.57416820526123,-7.237443923950195,-4.214625358581543,-3.3394618034362793,1.364370346069336,6.672070503234863,10.18652629852295,8.217302322387695,5.066224098205566,5.913801193237305,6.234395980834961,7.59678840637207,8.784553527832031,5.418688774108887,0.4664856791496277,-4.060783386230469,-2.258767604827881,-4.0709662437438965,-4.469974040985107,-3.7802412509918213,-3.931955099105835,-4.1306562423706055,-3.7571892738342285,-3.020648241043091,-2.92958664894104,-3.2325599193573,-2.9428534507751465,-2.108593225479126
5.765104293823242,4.3003411293029785,4.429973125457764,5.756089687347412,7.408016681671143,10.589699745178223,9.533278465270996,7.642242908477783,8.526165008544922,6.942847728729248,5.306270122528076,4.397947788238525,3.356630563735962,0.037677932530641556,-2.742750883102417,-6.284104347229004,-7.1134724617004395,-6.534302711486816,-5.2523298263549805,-0.20822857320308685,2.3845460414886475,4.7121710777282715,6.148808479309082,6.595052242279053,5.125011920928955,2.888559103012085,4.383296012878418,6.011216163635254,2.9970526695251465,-0.13357964158058167,0.2258661687374115,-1.5866315364837646,-3.6474907398223877,-4.574652671813965,-4.7017292976379395,-5.330540180206299,-5.292645454406738,-5.4028472900390625,-5.610880374908447,-6.357601642608643,-7.067745685577393,-5.633697032928467,-4.324872970581055
3.5323245525360107,2.583138942718506,2.9979982376098633,4.585121154785156,6.754312515258789,8.781888008117676,7.170604228973389,6.537397384643555,6.205377578735352,5.608131408691406,5.182878494262695,4.924205780029297,4.085211753845215,2.609346628189087,1.3173247575759888,-0.6056450605392456,-0.39016228914260864,-1.97847318649292,-3.3529622554779053,-0.5480890274047852,-0.665928065776825,0.6945311427116394,4.339571475982666,7.057357311248779,6.688731670379639,4.339377403259277,1.8958474397659302,3.2060117721557617,2.4095921516418457,-0.2654872536659241,-0.40069687366485596,-1.144774079322815,-1.3693130016326904,-3.314480781555176,-4.2967305183410645,-5.399655342102051,-5.984563827514648,-5.729989528656006,-5.289711952209473,-6.499185562133789,-7.62481689453125,-7.433084011077881,-7.07945442199707
-1.3356915712356567,1.1862329244613647,3.2635998725891113,4.160439491271973,4.461247444152832,4.988673210144043,5.122923374176025,5.626174449920654,4.756490230560303,4.071582317352295,3.474074363708496,2.161494016647339,1.1460093259811401,1.0267927646636963,1.3800678253173828,0.9003748297691345,0.7474422454833984,0.7244422435760498,0.524289071559906,1.7195205688476562,1.373816967010498,1.2951347827911377,2.425997734069824,7.14533805847168,8.503193855285645,5.499320983886719,2.928307294845581,5.193152904510498,3.65313982963562,0.200537770986557,-0.4684475064277649,-0.3559620678424835,0.09693029522895813,-0.31402280926704407,-0.4016111493110657,-0.9956603646278381,-2.132620334625244,-1.6766788959503174,0.49181461334228516,-0.593601644039154,-5.1116042137146,-6.421484470367432,-6.639429092407227
-2.8908817768096924,0.10031784325838089,3.033067226409912,3.763247013092041,4.083719253540039,5.099257946014404,6.057629108428955,6.3989715576171875,6.343792915344238,6.217000961303711,5.210127830505371,4.679928779602051,5.089382171630859,5.151069164276123,5.040285110473633,4.646130561828613,3.3081092834472656,2.864029884338379,2.498537302017212,3.3252506256103516,5.348870277404785,6.3162078857421875,6.540670394897461,12.646496772766113,11.630783081054688,9.650676727294922,10.888702392578125,11.203458786010742,10.891934394836426,6.298775672912598,5.362545490264893,1.0236780643463135,0.021223463118076324,-1.5756683349609375,-1.3180867433547974,0.01832963339984417,1.2132169008255005,1.9399160146713257,3.2876663208007812,1.8418498039245605,-1.7330328226089478,-3.0211219787597656,-3.9457690715789795
-0.12363821268081665,0.3896891474723816,0.44479942321777344,0.2813864052295685,2.0669498443603516,4.4842848777771,5.640566349029541,6.062261581420898,3.764537811279297,-1.123953938484192,-2.8645355701446533,-1.4297963380813599,1.314158320426941,4.367933750152588,6.005986213684082,6.141698360443115,5.898452281951904,5.957523822784424,5.817215442657471,5.192456245422363,5.487636089324951,5.938872814178467,7.3480987548828125,10.454791069030762,10.06576156616211,16.108171463012695,15.052517890930176,12.590352058410645,12.069376945495605,9.317791938781738,7.461696624755859,2.2038042545318604,4.381399631500244,2.2127151489257812,-0.28716719150543213,-1.97861647605896,-0.5398810505867004,1.5203182697296143,2.0122745037078857,0.8768262267112732,-0.15865156054496765,-0.7761944532394409,-1.8614133596420288
1.2777122259140015,0.3319632112979889,-1.0332943201065063,-1.4334405660629272,-0.8599730730056763,1.5904946327209473,5.206794738769531,5.869711875915527,1.9985750913619995,-5.087258815765381,-7.182511329650879,-7.609810829162598,-7.474172592163086,-4.471580505371094,0.14312803745269775,2.5520124435424805,2.84907603263855,4.115100383758545,5.854855537414551,6.623859882354736,6.660271167755127,7.120260238647461,7.262235164642334,7.82625675201416,7.611351490020752,11.081851959228516,8.22486400604248,8.567243576049805,10.065317153930664,10.845325469970703,9.600831031799316,9.56216812133789,13.126408576965332,13.038604736328125,11.514677047729492,4.6889777183532715,2.157480239868164,0.9875789880752563,0.7797775268554688,0.7778027653694153,1.140858769416809,1.318794846534729,0.16536150872707367
-1.4040796756744385,-2.2145047187805176,-2.0415713787078857,-2.4892501831054688,-2.954681158065796,-2.4495902061462402,1.3891955614089966,5.763570785522461,5.380746364593506,1.3600802421569824,-2.1669065952301025,-4.8323540687561035,-7.946040630340576,-8.042868614196777,-7.56174373626709,-6.273733615875244,-4.566039085388184,-2.4716391563415527,2.2394561767578125,5.297478199005127,5.623759746551514,5.949626445770264,6.188618183135986,6.530303478240967,6.300426959991455,6.887350559234619,9.21540641784668,10.837754249572754,10.04312801361084,12.896373748779297,14.075063705444336,18.270301818847656,15.817159652709961,14.45781421661377,17.45463752746582,11.28797721862793,9.863874435424805,1.7786169052124023,-2.0933589935302734,-3.6539764404296875,-2.918781042098999,-1.2857991456985474,0.21152468025684357
-3.2495455741882324,-3.5900180339813232,-3.540820837020874,-4.154759883880615,-4.095150947570801,-3.8986990451812744,-2.1100027561187744,3.733027696609497,4.437984943389893,0.9487107396125793,-1.922853708267212,-4.408889293670654,-6.501619815826416,-7.617604732513428,-9.838603973388672,-9.787583351135254,-8.424393653869629,-7.268698215484619,-4.517716884613037,-1.3891440629959106,-0.7353905439376831,-0.6260008215904236,-0.08033139258623123,0.6244017481803894,2.4752824306488037,7.0335588455200195,9.621478080749512,13.028040885925293,13.779105186462402,13.15837287902832,13.182140350341797,16.48151397705078,14.177168846130371,12.225654602050781,15.491842269897461,8.939277648925781,9.062334060668945,0.7031115293502808,-2.3917160034179688,-5.385641098022461,-7.290969371795654,-7.137025356292725,-5.473895072937012
-3.842681407928467,-4.513988494873047,-4.666323661804199,-5.230190277099609,-4.651221752166748,-3.344214916229248,-2.5639822483062744,1.176214337348938,0.8838696479797363,-2.3615810871124268,-4.03131628036499,-5.798894882202148,-7.506223678588867,-7.6185994148254395,-8.603838920593262,-10.637129783630371,-10.507340431213379,-9.663562774658203,-8.349228858947754,-5.213986873626709,-5.3073039054870605,-7.976126670837402,-7.74728536605835,-7.836559295654297,-6.027667999267578,3.1160550117492676,8.346083641052246,11.361364364624023,11.5270357131958,14.94322395324707,13.998211860656738,13.318253517150879,14.667457580566406,15.506573677062988,12.453500747680664,5.0774946212768555,3.133213758468628,1.747158408164978,2.7714650630950928,1.2894892692565918,-3.3051061630249023,-6.628015995025635,-8.457086563110352
-4.462546348571777,-4.613028526306152,-4.624621391296387,-3.8142077922821045,-3.6053638458251953,-3.3266971111297607,-2.7519094944000244,-0.6276578903198242,-0.36994385719299316,-0.38164418935775757,-0.8818278312683105,-2.1651077270507812,-2.5040698051452637,-1.3367927074432373,-5.419839859008789,-8.899404525756836,-11.514175415039062,-10.54879379272461,-8.195599555969238,-5.026010513305664,-5.685850620269775,-7.776401996612549,-7.61532735824585,-6.7647600173950195,-5.747971057891846,-3.4556198120117188,2.2756540775299072,-0.04918190836906433,-3.624786376953125,2.629908323287964,6.736473083496094,4.280752182006836,4.245495796203613,7.091126441955566,9.16877269744873,8.139069557189941,6.441798210144043,6.67872428894043,7.090784072875977,9.980380058288574,5.760890007019043,0.49738991260528564,-5.681419372558594
-3.8986873626708984,-4.150242328643799,-4.364545822143555,-4.260442733764648,-3.5609922409057617,-3.1289892196655273,-2.7959182262420654,-1.9675467014312744,-2.0975534915924072,-0.41544443368911743,1.9715720415115356,4.745949745178223,6.149886608123779,5.921774864196777,-0.909538984298706,-8.163737297058105,-11.174520492553711,-12.097079277038574,-10.781586647033691,-10.249171257019043,-6.103772163391113,1.2461440563201904,6.0558671951293945,9.655802726745605,6.190733909606934,-3.815910577774048,-3.9474971294403076,-0.639864444732666,-4.672059059143066,-6.796801567077637,-7.642298221588135,-9.421720504760742,-9.907246589660645,-6.8233256340026855,-1.8142329454421997,1.2216277122497559,6.203247547149658,8.455724716186523,10.854513168334961,10.392740249633789,7.132001876831055,0.4670349657535553,-4.977243423461914
-4.011246204376221,-4.553859710693359,-4.197999000549316,-4.430612564086914,-3.8935036659240723,-2.787362813949585,-1.465355396270752,-1.3441972732543945,-1.5069102048873901,-1.0054841041564941,0.28549864888191223,1.973166584968567,1.9284403324127197,-2.4233896732330322,-6.124561786651611,-8.060402870178223,-8.822722434997559,-12.608269691467285,-13.295099258422852,-12.991382598876953,-9.723559379577637,-1.0847691297531128,3.1698813438415527,5.656888961791992,2.5001235008239746,-3.3834288120269775,-5.889460563659668,4.283531188964844,6.832396030426025,2.348278760910034,-4.967469692230225,-6.146808624267578,-5.973903656005859,-4.929112911224365,-3.0440175533294678,-3.4199273586273193,0.37545180320739746,4.568739414215088,8.519939422607422,5.639871597290039,3.3180556297302246,-1.6247254610061646,-4.99256706237793
-4.03938102722168,-4.600131511688232,-5.022082328796387,-4.926867485046387,-3.6853322982788086,-2.017700433731079,0.8339121341705322,1.6389943361282349,2.1974008083343506,2.684882879257202,1.625421404838562,0.4185328185558319,-2.3262946605682373,-5.569998264312744,-7.891578674316406,-7.899569511413574,-6.014378547668457,-6.607692718505859,-8.96230411529541,-6.7860188484191895,-10.943883895874023,-10.325729370117188,-11.160100936889648,-11.45836067199707,-11.0639009475708,-5.322636604309082,-5.990108966827393,-5.337368011474609,2.0924265384674072,2.939209461212158,4.489030361175537,7.449322700500488,6.112962245941162,3.9902396202087402,6.411022663116455,7.165042877197266,5.5646138191223145,7.5795745849609375,12.500321388244629,7.876796722412109,10.174100875854492,7.468245983123779,4.842377662658691
