data/wind_data/wind_52_9.json
{"header": {"parameterUnit": "KT", "parameterCategory": 2, "nx": 256, "ny": 198, "lo1": 44.73521041870117, "la1": -3.236724853515625, "lo2": 111.26478576660156, "la2": 43.468475341796875, "dx": 0.2609002888202667, "dy": -0.23708222806453705, "refTime": "2025-02-21 04:00:00", "forecastTime": 0, "parameterNumber": 2, "parameterNumberName": "eastward_wind"}, "data":
[rows 114 to 132 of 198, columns 0 to 43 of 256]
17.297046661376953,17.535024642944336,18.40188217163086,18.896997451782227,18.181982040405273,16.994827270507812,17.22787857055664,18.230308532714844,18.973087310791016,18.567148208618164,16.725540161132812,14.269523620605469,12.79239273071289,12.557157516479492,12.250269889831543,12.453054428100586,13.693194389343262,15.088996887207031,16.2763671875,17.720895767211914,19.616167068481445,21.14670181274414,22.01089859008789,22.613122940063477,22.99388313293457,23.108980178833008,22.897071838378906,22.187963485717773,19.327720642089844,15.173093795776367,12.42690372467041,10.269933700561523,8.6638822555542,9.291180610656738,12.555411338806152,16.89886474609375,20.58582878112793,22.73318862915039,22.1429386138916,17.917644500732422,11.807934761047363,6.144423007965088,2.046323776245117,-0.2709663510322571
17.866107940673828,17.163040161132812,18.403911590576172,19.043930053710938,18.8262939453125,17.986042022705078,17.703235626220703,17.813600540161133,17.899187088012695,17.093059539794922,14.870219230651855,12.178014755249023,10.877113342285156,11.225652694702148,11.641913414001465,12.31219482421875,14.12957763671875,15.887226104736328,16.98585319519043,18.516948699951172,21.137563705444336,23.144445419311523,23.00623893737793,22.914810180664062,23.93437385559082,24.79604721069336,24.474281311035156,23.179357528686523,20.498157501220703,16.062082290649414,13.568709373474121,12.595402717590332,10.929551124572754,10.31430721282959,12.159987449645996,15.466259002685547,18.472145080566406,20.362972259521484,20.857769012451172,19.817380905151367,16.96024513244629,13.007577896118164,8.24892807006836,3.7841506004333496
18.65423011779785,16.974821090698242,18.419652938842773,19.388608932495117,19.4409236907959,18.271377563476562,17.43027114868164,16.90259552001953,15.992055892944336,13.995407104492188,11.268348693847656,9.21329116821289,8.808897018432617,9.525208473205566,10.37958812713623,11.497739791870117,13.456475257873535,15.746734619140625,17.824859619140625,20.19041633605957,23.125171661376953,25.33107566833496,24.175512313842773,22.221996307373047,22.8621826171875,24.384265899658203,23.933923721313477,21.85826873779297,19.841150283813477,16.736431121826172,13.450272560119629,12.994709968566895,12.789730072021484,12.02812385559082,12.727179527282715,14.974227905273438,17.112205505371094,18.3453311920166,18.25566864013672,17.37038803100586,16.716350555419922,15.87812328338623,12.62528133392334,7.809663772583008
19.49112892150879,17.222862243652344,18.642192840576172,19.841449737548828,20.137771606445312,18.324466705322266,16.875080108642578,15.775069236755371,13.749811172485352,10.592063903808594,8.048538208007812,7.533723831176758,8.709066390991211,10.381556510925293,11.577574729919434,12.413541793823242,13.61913776397705,15.591675758361816,17.948266983032227,20.52410316467285,23.024316787719727,24.978893280029297,23.48592758178711,20.92337417602539,21.397052764892578,22.570505142211914,21.444866180419922,18.918846130371094,17.38486099243164,16.341814041137695,13.723179817199707,12.075187683105469,12.746955871582031,12.992535591125488,13.40425968170166,14.85318374633789,16.296098709106445,16.57590103149414,15.437602043151855,13.8246488571167,13.26735782623291,13.984687805175781,13.609642028808594,10.812524795532227
19.55367660522461,17.913387298583984,19.15529441833496,20.057676315307617,20.243165969848633,18.20391845703125,16.4415283203125,14.836321830749512,12.139752388000488,8.781667709350586,7.2256293296813965,8.09941577911377,10.519441604614258,13.468904495239258,15.902853012084961,17.250621795654297,17.705644607543945,18.021484375,18.743467330932617,20.028915405273438,21.75278663635254,23.344684600830078,23.144412994384766,22.048158645629883,21.343429565429688,20.48723602294922,18.67467498779297,16.08464241027832,14.73250675201416,15.020978927612305,14.243241310119629,11.984942436218262,11.52914810180664,12.457035064697266,13.377167701721191,14.38351058959961,15.149458885192871,14.770806312561035,13.12039852142334,10.957916259765625,9.814316749572754,10.902495384216309,12.527888298034668,12.151217460632324
19.06967544555664,19.01470947265625,19.866870880126953,19.967050552368164,19.408138275146484,17.521455764770508,16.002317428588867,14.380640983581543,11.96799087524414,9.278615951538086,8.448877334594727,10.088308334350586,13.312211036682129,16.802656173706055,19.82656478881836,22.063058853149414,22.966293334960938,22.51764488220215,21.571746826171875,21.183284759521484,21.922134399414062,23.081581115722656,24.263267517089844,24.36312484741211,22.701709747314453,20.196643829345703,17.600475311279297,14.727352142333984,13.231681823730469,14.001174926757812,14.644318580627441,12.975651741027832,11.185844421386719,11.296684265136719,12.331796646118164,13.323174476623535,13.779590606689453,13.138168334960938,11.309988021850586,8.999617576599121,8.157232284545898,8.966283798217773,10.365579605102539,11.237753868103027
19.025962829589844,19.624818801879883,20.29051971435547,19.801488876342773,18.327634811401367,16.614049911499023,15.682807922363281,14.832412719726562,13.408129692077637,11.565303802490234,10.633816719055176,12.341976165771484,16.4750919342041,20.03791046142578,22.09981918334961,23.700889587402344,24.931148529052734,25.157146453857422,24.496871948242188,23.816730499267578,23.877084732055664,24.405616760253906,25.807886123657227,26.31035614013672,24.37616539001465,21.480419158935547,18.662181854248047,15.646373748779297,13.712310791015625,14.1427001953125,15.223617553710938,14.220416069030762,11.625438690185547,10.326918601989746,10.686015129089355,11.614089965820312,12.319352149963379,11.967439651489258,10.495011329650879,8.831067085266113,8.075922012329102,8.171109199523926,8.474517822265625,9.40410041809082
19.362537384033203,19.394620895385742,20.05581283569336,19.447324752807617,17.627307891845703,16.41524887084961,15.978729248046875,16.174592971801758,16.098373413085938,14.944755554199219,13.664655685424805,14.996662139892578,19.76607322692871,23.4311466217041,23.872852325439453,23.47272300720215,23.717077255249023,24.4796085357666,25.399799346923828,26.10961151123047,26.371273040771484,26.333820343017578,26.975791931152344,27.43670082092285,25.499052047729492,22.401832580566406,19.95030975341797,17.841135025024414,16.000865936279297,15.522388458251953,16.027372360229492,14.969879150390625,11.714704513549805,9.12801742553711,8.27480411529541,8.927802085876465,10.84402084350586,12.236459732055664,11.589773178100586,10.174969673156738,8.992855072021484,7.817706108093262,6.971946716308594,8.950434684753418
20.25286865234375,19.335582733154297,19.646224975585938,19.216236114501953,17.958616256713867,17.336191177368164,17.02117156982422,17.50350570678711,18.96555519104004,19.235090255737305,18.175107955932617,18.932437896728516,23.37147331237793,26.987550735473633,26.05742073059082,23.708036422729492,22.594364166259766,23.312170028686523,25.54452133178711,27.84512710571289,28.68523406982422,28.259929656982422,28.096012115478516,28.18562889099121,25.95301055908203,21.941213607788086,19.454591751098633,18.84271240234375,18.2056884765625,17.402225494384766,17.036663055419922,15.515036582946777,11.37159538269043,6.858097553253174,4.796787738800049,5.865621089935303,10.07933521270752,14.394329071044922,14.62381649017334,12.34083080291748,9.892175674438477,7.843859672546387,7.668585777282715,11.272330284118652
21.874143600463867,19.523759841918945,19.558237075805664,19.715057373046875,19.59239959716797,18.927949905395508,18.304367065429688,18.321603775024414,20.670429229736328,23.389795303344727,24.002811431884766,24.379039764404297,27.411584854125977,30.19582176208496,28.46527671813965,25.094873428344727,23.48707389831543,24.160781860351562,26.73855972290039,29.638233184814453,30.783214569091797,30.19420623779297,29.58209228515625,29.1235294342041,26.27841567993164,21.12210464477539,17.815330505371094,17.86566734313965,18.59317970275879,18.65148162841797,18.202213287353516,15.939840316772461,10.017535209655762,3.4685466289520264,1.384860873222351,3.815546751022339,10.514628410339355,17.30393409729004,18.313081741333008,14.61497688293457,10.688941955566406,9.331430435180664,11.164995193481445,15.327374458312988
23.17251968383789,20.0216064453125,20.187095642089844,20.81759262084961,21.640178680419922,20.699129104614258,19.549306869506836,19.16973876953125,21.368616104125977,25.8487606048584,29.093008041381836,30.152633666992188,31.490331649780273,32.5911979675293,30.593896865844727,27.327899932861328,25.959152221679688,26.68464469909668,28.954450607299805,31.64318084716797,32.837181091308594,32.27401351928711,31.37497901916504,30.187761306762695,26.700088500976562,20.914453506469727,16.5587215423584,15.999728202819824,17.296037673950195,18.551586151123047,18.8309326171875,15.86716365814209,7.856570243835449,0.8642547726631165,0.0870334729552269,4.349940776824951,12.650665283203125,19.626710891723633,20.648271560668945,16.231719970703125,12.355031967163086,13.049031257629395,16.713899612426758,19.956924438476562
23.79547691345215,21.33870506286621,21.736236572265625,22.408222198486328,23.501323699951172,22.532623291015625,21.15570068359375,20.754335403442383,22.379589080810547,26.7171630859375,31.517719268798828,33.978397369384766,34.492210388183594,34.0331916809082,32.180870056152344,29.858983993530273,28.87105369567871,29.427087783813477,31.162389755249023,33.42800521850586,34.663028717041016,34.22216796875,33.0108757019043,31.01768684387207,26.998504638671875,21.275880813598633,16.269493103027344,14.422494888305664,15.355029106140137,17.555519104003906,18.028078079223633,15.067437171936035,6.311914920806885,0.6457856893539429,1.817067265510559,7.8399176597595215,15.515800476074219,20.125036239624023,20.252939224243164,17.30478858947754,16.296316146850586,19.037012100219727,22.103233337402344,22.783641815185547
24.137510299682617,22.58780288696289,23.356918334960938,24.150691986083984,24.991697311401367,24.12188148498535,23.250070571899414,23.15681266784668,24.009685516357422,26.762577056884766,31.01560401916504,34.22628402709961,34.9395751953125,34.07773208618164,32.96620559692383,31.9721736907959,31.28124237060547,31.289443969726562,32.42508316040039,34.279380798339844,35.63544845581055,35.6793327331543,34.6395149230957,32.166099548339844,27.53091049194336,21.752843856811523,16.437517166137695,13.52070426940918,13.95954418182373,16.507951736450195,16.109722137451172,11.856518745422363,5.972005367279053,3.8009932041168213,6.05803918838501,11.954747200012207,16.647796630859375,18.0979061126709,18.46706771850586,19.804834365844727,21.994062423706055,24.253528594970703,23.947444915771484,21.652101516723633
24.264232635498047,23.0385684967041,24.23820686340332,25.26729965209961,25.659130096435547,24.858659744262695,24.839977264404297,25.542442321777344,25.679960250854492,26.13616943359375,28.258764266967773,30.90656089782715,32.14621353149414,32.37575912475586,33.033695220947266,33.39743423461914,32.60799789428711,31.716571807861328,32.226593017578125,33.9018669128418,35.502685546875,36.30025100708008,36.09634780883789,33.79673767089844,28.680784225463867,22.56247901916504,17.33794593811035,13.923835754394531,13.792533874511719,15.223160743713379,14.065454483032227,8.603705406188965,6.162529468536377,8.074756622314453,10.74806022644043,14.281593322753906,15.391935348510742,15.716167449951172,19.764558792114258,23.80521011352539,25.657272338867188,25.614728927612305,22.56328582763672,19.379079818725586
24.282562255859375,23.1381778717041,24.35236167907715,25.349645614624023,25.40699577331543,24.525102615356445,25.04144859313965,26.750934600830078,26.962812423706055,25.358963012695312,24.811174392700195,26.231365203857422,28.274566650390625,30.626821517944336,33.26627731323242,34.35879898071289,32.89009094238281,30.97112464904785,31.02658462524414,32.88914489746094,34.89680480957031,36.142616271972656,36.45766067504883,34.530128479003906,29.70810317993164,23.757062911987305,18.751150131225586,15.492303848266602,14.254378318786621,13.53996467590332,12.103192329406738,9.445576667785645,8.714683532714844,10.934383392333984,13.235570907592773,14.911826133728027,13.754302978515625,17.302295684814453,24.540937423706055,26.4411563873291,26.75533103942871,25.146282196044922,20.74714469909668,16.094200134277344
24.347692489624023,23.015405654907227,23.788923263549805,24.557628631591797,24.7347354888916,23.811899185180664,24.4860897064209,26.83767318725586,27.799535751342773,25.60675811767578,23.07170867919922,23.368711471557617,26.154090881347656,29.982635498046875,33.469974517822266,34.59267807006836,32.554752349853516,30.028051376342773,29.876266479492188,31.948974609375,34.27192687988281,35.55514907836914,35.803409576416016,34.32118606567383,30.49502944946289,25.103172302246094,19.93425750732422,16.454662322998047,14.217926979064941,12.047613143920898,10.636086463928223,11.296257972717285,12.210138320922852,12.62911605834961,13.72874641418457,13.661871910095215,13.4490327835083,23.237232208251953,29.37212562561035,28.534215927124023,27.11318016052246,23.208940505981445,17.339962005615234,13.208382606506348
24.46563148498535,22.510908126831055,22.98015594482422,23.654203414916992,24.37732696533203,23.638837814331055,24.230892181396484,26.72215461730957,28.460283279418945,27.25191307067871,24.38469123840332,23.42043685913086,25.540496826171875,29.253625869750977,32.576290130615234,33.63045883178711,31.849170684814453,29.7105770111084,29.717435836791992,31.737056732177734,34.03295135498047,35.19203186035156,35.175533294677734,33.94017028808594,30.886474609375,26.104812622070312,20.887540817260742,17.074560165405273,14.42645263671875,11.130769729614258,10.333146095275879,12.623368263244629,13.694185256958008,13.258708953857422,13.934305191040039,12.307756423950195,16.54778480529785,30.029449462890625,32.51680374145508,30.660743713378906,25.553415298461914,18.166996002197266,14.058512687683105,12.883275032043457
24.872983932495117,22.559555053710938,23.124330520629883,23.996017456054688,25.426389694213867,24.750484466552734,24.89451789855957,27.091989517211914,29.23567771911621,29.285215377807617,27.358516693115234,25.700984954833984,26.28473663330078,28.71953773498535,31.117982864379883,31.917627334594727,31.074121475219727,30.314573287963867,31.014001846313477,32.96666717529297,35.01961135864258,35.963470458984375,35.428741455078125,33.7078857421875,30.64470100402832,26.22418975830078,21.372634887695312,17.79198455810547,13.714049339294434,9.453634262084961,10.270678520202637,13.130535125732422,12.910470962524414,12.995593070983887,13.96752643585205,12.391026496887207,24.303895950317383,34.2021598815918,35.11750030517578,30.026479721069336,18.988706588745117,12.372681617736816,16.07809829711914,21.133380889892578
25.47594451904297,23.226158142089844,24.338302612304688,25.890905380249023,28.295516967773438,27.58089256286621,27.039901733398438,28.53911018371582,30.482223510742188,31.063173294067383,29.960851669311523,28.511741638183594,28.317554473876953,29.42257308959961,30.506498336791992,30.78074836730957,30.81842803955078,31.52066421508789,33.12100601196289,35.19834899902344,37.01511764526367,37.49220275878906,36.05754089355469,33.20746994018555,29.470258712768555,24.94021987915039,20.446392059326172,15.48986530303955,8.776493072509766,5.738725185394287,9.32865047454834,11.517271041870117,10.638680458068848,11.88309383392334,12.040590286254883,17.599956512451172,31.439504623413086,37.19643783569336,34.651710510253906,20.805002212524414,8.754220962524414,16.14811897277832,26.213253021240234,26.939971923828125
