data/wind_data/wind_Surface_26.json
{"header": {"parameterUnit": "KT", "parameterCategory": 2, "nx": 255, "ny": 198, "lo1": 44.73521041870117, "la1": -3.236724853515625, "lo2": 111.26478576660156, "la2": 43.468475341796875, "dx": 0.26192745566368103, "dy": -0.23708222806453705, "refTime": "2025-02-20 02:00:00", "forecastTime": 0, "parameterNumber": 3, "parameterNumberName": "northward_wind"}, "data":
[rows 38 to 56 of 198, columns 129 to 171 of 255]
-5.91484260559082,-3.8653125762939453,-0.9442754983901978,0.21719180047512054,0.6772893071174622,-0.16913369297981262,-1.4893757104873657,-3.326106071472168,-5.431581974029541,-7.269472122192383,-7.16178035736084,-5.530897617340088,-3.0985310077667236,-6.012866973876953,-5.12017822265625,-5.292098522186279,-5.8997673988342285,-6.1357550621032715,-6.073183059692383,-5.259803771972656,-5.2412943840026855,-4.882151126861572,-5.553744792938232,-6.400912761688232,-6.39571475982666,-5.651103973388672,-5.467012882232666,-5.969266891479492,-5.257107257843018,-4.566378116607666,-5.8682966232299805,-7.324344158172607,-7.162947654724121,-7.1813249588012695,-7.643959045410156,-8.522205352783203,-10.189252853393555,-9.515289306640625,-7.738792896270752,-8.545367240905762,-10.496912956237793,-10.629436492919922,-10.02550220489502
-6.1559648513793945,-3.889988899230957,-1.509009599685669,0.11919430643320084,0.6770729422569275,0.8154665231704712,0.47180813550949097,0.7203814387321472,0.27248501777648926,-1.2319591045379639,-2.5595474243164062,-2.26141357421875,-0.9038237929344177,-6.656251907348633,-6.200291633605957,-5.041011333465576,-5.587848663330078,-5.929727077484131,-6.082012176513672,-5.523431301116943,-5.136997222900391,-4.609137058258057,-4.389715194702148,-4.607847690582275,-4.547601699829102,-5.019831657409668,-5.580101490020752,-5.9579291343688965,-6.464768409729004,-6.565038681030273,-5.764763355255127,-4.983063697814941,-5.979491233825684,-6.523283004760742,-6.11720085144043,-7.803776741027832,-9.871935844421387,-9.372625350952148,-8.490748405456543,-8.538951873779297,-10.268558502197266,-11.723875999450684,-10.555063247680664
-6.487548828125,-5.017908096313477,-3.6938323974609375,-2.8543548583984375,-2.1172432899475098,-1.0090787410736084,0.9242174625396729,2.9351449012756348,4.762068748474121,4.900426864624023,3.7165493965148926,1.9956609010696411,-0.71171635389328,-5.351044654846191,-6.874423027038574,-6.672770977020264,-5.633562088012695,-5.789760589599609,-5.803344249725342,-5.5388970375061035,-5.174769878387451,-4.889753818511963,-4.123353481292725,-3.4688880443573,-3.3562653064727783,-4.466595649719238,-4.776386260986328,-4.684628963470459,-5.026299476623535,-5.8117570877075195,-5.349236965179443,-3.7458229064941406,-4.107357501983643,-5.6827311515808105,-6.461427211761475,-7.608644008636475,-7.550853252410889,-7.4155073165893555,-8.6055269241333,-9.428380966186523,-9.673943519592285,-10.386609077453613,-11.198885917663574
-6.196107864379883,-5.438775539398193,-4.596498966217041,-4.235854625701904,-4.167914867401123,-1.8894706964492798,-0.4332486093044281,1.7759677171707153,4.07735538482666,4.436497688293457,3.1938905715942383,1.711320161819458,-1.3041329383850098,-2.713609457015991,-3.916699171066284,-5.833011627197266,-5.3438720703125,-4.7597503662109375,-4.932209014892578,-5.199070930480957,-5.207803249359131,-5.198442459106445,-4.598767280578613,-3.8221137523651123,-3.692952871322632,-3.6725847721099854,-3.8909213542938232,-3.444673776626587,-2.5034358501434326,-2.4251108169555664,-3.5099382400512695,-4.209311008453369,-2.9089443683624268,-3.4235880374908447,-5.2068867683410645,-5.525510311126709,-5.070186614990234,-5.704272270202637,-7.661383152008057,-9.691840171813965,-10.1220064163208,-8.98940658569336,-9.077923774719238
-5.69226598739624,-4.994730472564697,-3.8875010013580322,-2.8939552307128906,-2.428133249282837,-0.8109750747680664,-0.2127741277217865,0.8514925837516785,2.303972005844116,2.609069347381592,1.330668568611145,0.04008259251713753,-0.8160785436630249,-1.5399552583694458,-1.9695203304290771,-2.6081769466400146,-3.959542751312256,-4.180844306945801,-4.824553966522217,-4.578766345977783,-5.181933879852295,-5.731857776641846,-5.2135467529296875,-5.1368536949157715,-4.647217273712158,-3.153998613357544,-3.539527654647827,-2.990837574005127,-1.896280288696289,-1.7302205562591553,-2.5239105224609375,-4.066985130310059,-3.5089876651763916,-1.653649926185608,-2.52079176902771,-3.52497935295105,-4.457853317260742,-5.915483474731445,-7.260469913482666,-8.123272895812988,-8.417789459228516,-8.35088062286377,-7.272174835205078
-4.789891719818115,-4.048722743988037,-3.23185396194458,-1.8061295747756958,-0.5853280425071716,0.08534114807844162,1.155816674232483,2.0643866062164307,3.0695865154266357,3.462392568588257,2.797891855239868,0.21660961210727692,-1.0317540168762207,-1.4671357870101929,-2.192769765853882,-2.0724854469299316,-4.281670570373535,-6.481817245483398,-6.459502696990967,-5.2405171394348145,-5.3493971824646,-5.596344947814941,-5.586565017700195,-4.843075275421143,-3.403331756591797,-3.1778223514556885,-3.3232905864715576,-3.4682791233062744,-3.4689390659332275,-2.8080828189849854,-1.7932381629943848,-2.6499509811401367,-3.55592942237854,-1.487779140472412,-0.8792654275894165,-2.4664745330810547,-4.57285213470459,-6.023787975311279,-6.614860534667969,-6.509626388549805,-6.6068339347839355,-7.935966968536377,-7.793605327606201
-3.7410244941711426,-3.155550718307495,-2.038034200668335,-1.5074925422668457,-0.889124870300293,-0.31999197602272034,0.20122899115085602,0.6721848845481873,1.4810261726379395,1.283298373222351,0.6508590579032898,0.6017488837242126,-1.6169297695159912,-2.9792888164520264,-4.317286968231201,-2.992039442062378,-2.355992317199707,-3.397942066192627,-3.069071054458618,-4.865564346313477,-5.577127456665039,-4.844831943511963,-5.202126979827881,-4.93746280670166,-3.4164211750030518,-3.109877347946167,-2.948054552078247,-3.046593189239502,-3.398210287094116,-2.268651247024536,-1.0826122760772705,-1.5219942331314087,-1.9131832122802734,-1.8083196878433228,-1.5593618154525757,-1.856970191001892,-3.375375747680664,-4.161703586578369,-4.117276191711426,-5.027356147766113,-5.916422367095947,-6.803899765014648,-7.591974258422852
-3.5500106811523438,-3.0160908699035645,-1.6087321043014526,-1.0767796039581299,-0.5931804776191711,0.257541298866272,0.1832909733057022,0.3440886437892914,0.8927209973335266,1.2174715995788574,1.8143311738967896,2.6467018127441406,1.5182631015777588,-0.047618430107831955,-1.8800127506256104,-1.3093173503875732,-0.563450813293457,-0.6418468356132507,-0.553537905216217,-2.804548740386963,-3.7875194549560547,-3.93170428276062,-4.689072132110596,-5.233747482299805,-5.309935569763184,-3.3818066120147705,-2.459324359893799,-2.8525893688201904,-3.0443952083587646,-3.14432692527771,-2.827906370162964,-2.0277960300445557,-1.544455885887146,-1.9121999740600586,-2.142490863800049,-2.195714235305786,-2.225576877593994,-2.023048162460327,-2.2760114669799805,-3.7325525283813477,-4.878673553466797,-5.362696647644043,-6.082359790802002
-4.158849716186523,-1.728615164756775,-1.6375060081481934,-0.3056405782699585,0.18832279741764069,0.5768265724182129,0.7900383472442627,1.3205264806747437,1.9825093746185303,1.928227186203003,5.420122146606445,4.946823596954346,1.3218812942504883,0.8278525471687317,-0.08008980751037598,-1.7318336963653564,-1.916830062866211,-1.6462184190750122,-2.8050544261932373,-2.5285420417785645,-2.1952755451202393,-2.9227395057678223,-3.5948781967163086,-3.584594249725342,-5.083176612854004,-4.915642261505127,-3.3343985080718994,-2.7763049602508545,-2.742218494415283,-3.6674320697784424,-4.459094047546387,-3.8080477714538574,-3.157714366912842,-2.391944646835327,-2.6391096115112305,-3.041658401489258,-3.170670509338379,-2.6473395824432373,-2.893346071243286,-3.479762554168701,-3.725125551223755,-4.026328086853027,-4.390941619873047
-5.376796722412109,-1.0848989486694336,-0.40790095925331116,0.014817053452134132,-0.07539466768503189,-0.4131413996219635,0.04547487944364548,0.35599616169929504,0.7678816914558411,-0.9293186068534851,1.3278518915176392,3.732793092727661,0.38385072350502014,-1.698395848274231,-2.5674643516540527,-1.3419333696365356,2.0519802570343018,1.347221851348877,-1.2411925792694092,-1.621418833732605,-1.9069592952728271,-2.276738405227661,-1.9399977922439575,-2.181151866912842,-3.055067539215088,-4.485122203826904,-5.335395336151123,-3.8229756355285645,-1.9702537059783936,-2.1646106243133545,-3.4537241458892822,-4.225261688232422,-4.0377349853515625,-3.8131814002990723,-3.6809051036834717,-4.2305779457092285,-3.9845080375671387,-3.51060152053833,-3.657210350036621,-3.742875099182129,-3.5674455165863037,-3.915376663208008,-4.155982494354248
-4.703566074371338,-1.6919503211975098,-0.6850517392158508,-0.5622114539146423,0.6596239805221558,0.45754459500312805,-0.37704524397850037,-0.8048391938209534,-1.9928525686264038,-5.45974588394165,-3.259309768676758,-0.404612272977829,-0.34324273467063904,-0.5923243761062622,-0.728658139705658,-0.7747873067855835,-0.296346515417099,-0.5362589359283447,-1.492034912109375,-1.1552120447158813,-1.1867328882217407,-1.2968430519104004,-1.118989109992981,-1.9372143745422363,-1.2736260890960693,-1.579548954963684,-3.906651735305786,-5.320935249328613,-3.9641191959381104,-2.323563575744629,-2.4152615070343018,-3.316941499710083,-3.6713054180145264,-4.332705020904541,-4.099603176116943,-4.503713130950928,-4.747594356536865,-4.2097883224487305,-4.012508869171143,-3.968952178955078,-4.002172946929932,-4.519954204559326,-4.93712854385376
-4.169209003448486,-2.0008034706115723,-1.451257586479187,-0.9385755658149719,0.11634212732315063,0.47310537099838257,-0.3678581714630127,-1.5603119134902954,-3.7444984912872314,-4.363361835479736,-3.4425840377807617,-2.5176877975463867,-2.2118780612945557,-2.17984676361084,-2.247856855392456,-2.328463554382324,-2.371659994125366,-1.9118818044662476,-1.5490713119506836,0.04671251028776169,0.7787611484527588,0.2076132446527481,-0.7049397826194763,-0.8082578778266907,-0.9568862318992615,-0.9715334177017212,-1.094097375869751,-2.8838372230529785,-3.9486382007598877,-3.6267178058624268,-3.274212121963501,-3.59857439994812,-4.295730113983154,-3.856541872024536,-3.528264045715332,-3.8157379627227783,-5.39388370513916,-5.566452980041504,-4.735261917114258,-4.224094390869141,-4.1526103019714355,-4.591360092163086,-5.48002290725708
-3.883488893508911,-3.1667487621307373,-0.832805335521698,1.133450984954834,0.6667520403862,0.8794562220573425,-0.15742629766464233,-0.9598222374916077,-1.0069903135299683,-1.5051649808883667,-1.7902995347976685,-1.1514308452606201,-1.2556681632995605,-0.9800264239311218,-0.5082858800888062,-0.7249933481216431,-2.233285665512085,-0.9881632924079895,0.10621114075183868,-0.5862990617752075,-0.26239505410194397,0.03909171000123024,-0.6447789669036865,-0.4734130799770355,-1.5079103708267212,-1.8656407594680786,-0.8788766264915466,-1.15457284450531,-2.2839834690093994,-3.720313787460327,-4.606666564941406,-4.388978958129883,-4.564457416534424,-4.1131792068481445,-4.23779821395874,-3.88905930519104,-4.18057107925415,-4.661537170410156,-4.578356742858887,-4.662508010864258,-4.552751541137695,-4.8187642097473145,-5.746860980987549
-3.4445695877075195,-4.732940196990967,-2.5826499462127686,-0.5721110701560974,0.16411329805850983,0.8432857990264893,0.5623281002044678,0.3207874298095703,0.3487256169319153,0.12542672455310822,-0.03400421515107155,0.15479789674282074,0.05517995357513428,0.645176112651825,2.32454776763916,2.0673677921295166,-0.9357606768608093,-1.1117937564849854,-0.6374382972717285,-2.428443431854248,-3.5032386779785156,-2.0375046730041504,0.2885875701904297,-0.37626633048057556,-1.933382511138916,-2.182899236679077,-1.4589359760284424,-0.6647937893867493,-0.6895566582679749,-1.3303663730621338,-2.2196717262268066,-3.185418128967285,-3.368204116821289,-3.6510984897613525,-4.242537021636963,-3.821053981781006,-3.687908887863159,-4.082239627838135,-4.292703151702881,-4.153000831604004,-4.52773380279541,-5.245731830596924,-5.819108963012695
-3.2877302169799805,-4.2456865310668945,-3.087895154953003,-3.1319897174835205,-2.2240800857543945,0.09992914646863937,0.4296509325504303,1.3562740087509155,1.4908664226531982,1.6595240831375122,1.328199028968811,1.545297384262085,2.299910068511963,1.9768961668014526,-0.4914886951446533,0.09227550029754639,3.073294162750244,1.4958422183990479,-0.008782186545431614,-0.658338725566864,-1.9635722637176514,-3.2230656147003174,-2.370774507522583,-1.7678043842315674,-1.2294065952301025,-1.5438419580459595,-1.8723766803741455,-1.0048556327819824,-0.17067302763462067,-0.02064569853246212,-0.5489853024482727,-1.6325172185897827,-2.219958782196045,-2.4597485065460205,-2.9099931716918945,-3.8259520530700684,-3.893604278564453,-4.070175647735596,-3.960510015487671,-3.7811508178710938,-4.340744495391846,-5.2433390617370605,-5.873955249786377
-2.2279551029205322,-2.3097426891326904,-1.7946124076843262,-2.2763538360595703,-2.1008782386779785,1.2711644172668457,2.972949504852295,2.376742362976074,2.4819929599761963,2.865004539489746,3.3591725826263428,2.446713447570801,1.5825258493423462,1.5896039009094238,2.18865966796875,1.205557107925415,0.45017579197883606,0.20979495346546173,0.8185509443283081,-0.12305635213851929,-0.5015757083892822,-1.5772559642791748,-3.0320866107940674,-2.7529475688934326,-1.3189259767532349,-1.5190736055374146,-1.7332144975662231,-1.7039101123809814,-1.2566546201705933,-0.9143587946891785,-0.8018194437026978,-0.11407850682735443,-0.6042520999908447,-1.9579986333847046,-3.091165542602539,-3.280073881149292,-2.9962315559387207,-3.6108007431030273,-4.011579990386963,-4.127736568450928,-3.947512149810791,-4.442430019378662,-5.265761375427246
-1.818556547164917,-1.554564356803894,-1.4655745029449463,-1.1653635501861572,-1.1946085691452026,0.32900235056877136,4.115802764892578,2.699568033218384,2.3081283569335938,2.516258955001831,3.3596889972686768,3.240260124206543,1.3138620853424072,0.04488234221935272,2.711045503616333,3.185743570327759,0.875191867351532,0.830403745174408,3.431669235229492,2.277954339981079,0.2113078534603119,0.10928028076887131,0.0661408081650734,-0.2840845584869385,-0.4598301947116852,-1.6095914840698242,-2.1102941036224365,-1.673721194267273,-1.9636476039886475,-1.9596811532974243,-1.0521289110183716,-0.32598474621772766,-0.34395819902420044,-1.1568288803100586,-1.9579538106918335,-2.2987372875213623,-2.603659152984619,-2.8428139686584473,-3.417106866836548,-3.6972217559814453,-3.6760950088500977,-3.8996222019195557,-4.360445022583008
-3.047044038772583,-2.2523677349090576,-1.4663183689117432,0.10658855736255646,-0.1279468536376953,0.20219343900680542,2.1451497077941895,3.297793388366699,3.040229082107544,1.6135631799697876,1.3259855508804321,1.980299949645996,2.3413407802581787,1.6207051277160645,0.4658745527267456,1.0503522157669067,2.36614727973938,2.233687162399292,2.1876978874206543,1.367112636566162,0.6230212450027466,0.16695812344551086,-0.5104070901870728,-1.4544669389724731,-1.5151011943817139,-1.6886674165725708,-2.573751211166382,-2.8747856616973877,-2.5430045127868652,-2.62125301361084,-2.6690099239349365,-2.434720754623413,-1.9144864082336426,-1.1032683849334717,-0.5685376524925232,-0.8967811465263367,-1.8202098608016968,-1.7484935522079468,-1.736953616142273,-2.5836312770843506,-3.15804123878479,-3.5857231616973877,-4.16389799118042
-3.286140203475952,-2.3357863426208496,-2.064711093902588,-1.084012746810913,-0.37151384353637695,3.0552027225494385,1.9094362258911133,3.144322156906128,3.210160970687866,2.2911629676818848,2.6849358081817627,3.5783276557922363,3.4704151153564453,2.451557159423828,2.2338242530822754,2.2738327980041504,2.23301100730896,1.8031688928604126,0.6762130260467529,0.20426452159881592,1.3547865152359009,0.9067072868347168,-0.34897878766059875,-1.8682031631469727,-2.708890438079834,-2.005937099456787,-2.387742519378662,-3.1860604286193848,-2.9036896228790283,-3.048823356628418,-3.0208683013916016,-3.1456689834594727,-2.8551430702209473,-2.079085111618042,-1.3341509103775024,-1.3075751066207886,-1.7519474029541016,-1.828169822692871,-1.523466944694519,-2.148038864135742,-2.575937509536743,-2.883948802947998,-3.5329177379608154
