data/wind_data/wind_7_4.json
{"header": {"parameterUnit": "KT", "parameterCategory": 2, "nx": 256, "ny": 198, "lo1": 44.73521041870117, "la1": -3.236724853515625, "lo2": 111.26478576660156, "la2": 43.468475341796875, "dx": 0.2609002888202667, "dy": -0.23708222806453705, "refTime": "2025-02-19 07:00:00", "forecastTime": 0, "parameterNumber": 2, "parameterNumberName": "eastward_wind"}, "data":
[rows 57 to 75 of 198, columns 88 to 131 of 256]
-15.47600269317627,-15.452515602111816,-15.521753311157227,-15.542583465576172,-15.462695121765137,-15.372613906860352,-15.267708778381348,-15.122303009033203,-15.011774063110352,-14.917723655700684,-14.69997501373291,-14.29201602935791,-13.708984375,-13.067513465881348,-12.479263305664062,-11.98271656036377,-11.507723808288574,-10.927233695983887,-10.265795707702637,-9.672794342041016,-9.344902038574219,-9.359055519104004,-9.56369686126709,-9.709641456604004,-9.667712211608887,-9.510285377502441,-9.202351570129395,-8.836130142211914,-8.653118133544922,-9.0158052444458,-9.257338523864746,-6.912378311157227,-5.835951805114746,-7.069879531860352,-7.193525791168213,-5.892971515655518,-5.248511791229248,-5.6541242599487305,-7.120710849761963,-7.615120887756348,-6.43537712097168,-6.274813652038574,-7.134328842163086,-7.664870262145996
-15.018038749694824,-14.911005020141602,-14.890469551086426,-14.914820671081543,-14.918180465698242,-14.869227409362793,-14.723712921142578,-14.4989595413208,-14.295857429504395,-14.168198585510254,-14.061332702636719,-13.915848731994629,-13.715804100036621,-13.433073043823242,-13.016011238098145,-12.515106201171875,-11.969331741333008,-11.275374412536621,-10.48988151550293,-9.77472972869873,-9.183053016662598,-8.756897926330566,-8.652144432067871,-9.005637168884277,-9.510936737060547,-9.645733833312988,-9.262653350830078,-8.739631652832031,-8.447613716125488,-8.414655685424805,-7.525690078735352,-5.953930854797363,-6.015854835510254,-6.2289557456970215,-5.578189373016357,-4.7818403244018555,-4.183271408081055,-4.646471977233887,-6.176304817199707,-6.490945339202881,-5.988950252532959,-6.292665004730225,-6.757864475250244,-7.088006019592285
-14.633954048156738,-14.573083877563477,-14.453269004821777,-14.333276748657227,-14.262988090515137,-14.191790580749512,-14.015678405761719,-13.719379425048828,-13.366710662841797,-13.042222023010254,-12.808862686157227,-12.713125228881836,-12.774829864501953,-12.874405860900879,-12.746346473693848,-12.386114120483398,-12.042768478393555,-11.69780445098877,-11.182723045349121,-10.47773265838623,-9.700014114379883,-9.007522583007812,-8.582391738891602,-8.632391929626465,-8.986080169677734,-9.184102058410645,-9.059303283691406,-8.75069808959961,-8.701518058776855,-7.779193878173828,-5.625732898712158,-5.0584516525268555,-5.309551239013672,-4.561195373535156,-3.8818442821502686,-3.395707368850708,-3.236494779586792,-3.958468437194824,-5.044410705566406,-5.3430094718933105,-5.869453430175781,-6.269690036773682,-6.193821907043457,-6.158854961395264
-13.9684476852417,-13.945050239562988,-13.830683708190918,-13.659062385559082,-13.43389892578125,-13.17579174041748,-12.892922401428223,-12.58819580078125,-12.279068946838379,-11.931156158447266,-11.513955116271973,-11.189447402954102,-11.195740699768066,-11.524325370788574,-11.806451797485352,-11.742918014526367,-11.462855339050293,-11.188310623168945,-10.85579776763916,-10.336709022521973,-9.692079544067383,-9.078495979309082,-8.654828071594238,-8.526839256286621,-8.529991149902344,-8.547032356262207,-8.576398849487305,-8.727866172790527,-8.572904586791992,-6.772027492523193,-4.623100280761719,-4.2894158363342285,-4.247277736663818,-3.128812789916992,-2.46382474899292,-2.3133485317230225,-2.3530449867248535,-2.7275607585906982,-2.9642937183380127,-3.9603967666625977,-5.42096471786499,-5.674204349517822,-5.009204864501953,-4.650418758392334
-12.99077320098877,-12.949384689331055,-12.91467571258545,-12.753802299499512,-12.401573181152344,-12.002817153930664,-11.6207857131958,-11.319418907165527,-11.163811683654785,-11.03669261932373,-10.738676071166992,-10.35052490234375,-10.153857231140137,-10.243108749389648,-10.476222038269043,-10.658295631408691,-10.647085189819336,-10.458219528198242,-10.14267635345459,-9.717774391174316,-9.273005485534668,-8.844544410705566,-8.473766326904297,-8.233094215393066,-8.11148738861084,-8.195183753967285,-8.476058959960938,-8.547562599182129,-8.009284019470215,-6.250009536743164,-4.369715213775635,-3.9797401428222656,-3.463308811187744,-2.0898725986480713,-1.2864645719528198,-1.174014925956726,-0.9757173657417297,-0.5834521651268005,-0.653723418712616,-2.0600974559783936,-3.338347911834717,-3.758162021636963,-3.612264633178711,-3.577132225036621
-11.81782054901123,-11.897332191467285,-11.969433784484863,-11.807148933410645,-11.348990440368652,-10.841573715209961,-10.434024810791016,-10.15746021270752,-10.053866386413574,-10.01772689819336,-9.847675323486328,-9.594498634338379,-9.44520378112793,-9.385876655578613,-9.31196403503418,-9.273407936096191,-9.31769847869873,-9.344209671020508,-9.183480262756348,-8.820113182067871,-8.49279499053955,-8.343400955200195,-8.263790130615234,-8.050602912902832,-7.754786968231201,-7.824052810668945,-8.408926010131836,-8.712066650390625,-8.213335990905762,-5.956608295440674,-4.295942306518555,-4.041247844696045,-2.6011312007904053,-1.1003645658493042,-0.4515455365180969,-0.32980984449386597,0.26041561365127563,0.8928738832473755,0.5957349538803101,-0.1599348783493042,-0.6353495717048645,-1.3856964111328125,-2.323662757873535,-2.9035401344299316
-10.626202583312988,-10.922078132629395,-11.101943969726562,-10.937813758850098,-10.468209266662598,-9.920744895935059,-9.459449768066406,-9.170605659484863,-9.027910232543945,-8.939422607421875,-8.790802955627441,-8.607985496520996,-8.532031059265137,-8.535201072692871,-8.4390287399292,-8.264894485473633,-8.192818641662598,-8.28834342956543,-8.327653884887695,-8.072549819946289,-7.6453537940979,-7.417743682861328,-7.489029407501221,-7.565470218658447,-7.424794673919678,-7.32848596572876,-7.673437595367432,-8.304770469665527,-7.34391975402832,-4.363424301147461,-4.097004413604736,-3.736910343170166,-1.7702172994613647,-0.31566089391708374,0.34572264552116394,0.3914935886859894,0.6375347375869751,0.9043260216712952,0.9620245695114136,0.962276041507721,0.8432395458221436,0.20394018292427063,-0.7671471834182739,-1.7014631032943726
-9.523660659790039,-9.881129264831543,-10.169657707214355,-10.111571311950684,-9.756525993347168,-9.265049934387207,-8.739714622497559,-8.342949867248535,-8.136698722839355,-8.018396377563477,-7.882752895355225,-7.730267524719238,-7.615185260772705,-7.576709747314453,-7.52147102355957,-7.3987250328063965,-7.312396049499512,-7.419497013092041,-7.659752368927002,-7.662275314331055,-7.238415718078613,-6.715219974517822,-6.4178147315979,-6.308167934417725,-6.303514003753662,-6.3581037521362305,-6.7320780754089355,-6.960770606994629,-4.692753314971924,-3.260061025619507,-3.6341054439544678,-2.575840711593628,-1.1681731939315796,-0.17306764423847198,0.7566903233528137,1.0286729335784912,0.47290366888046265,0.0162940826267004,0.5833399295806885,1.1132160425186157,0.9740856885910034,0.4132534861564636,-0.19610120356082916,-0.7045489549636841
-8.65807819366455,-8.889220237731934,-9.086847305297852,-9.141292572021484,-9.039697647094727,-8.744657516479492,-8.221030235290527,-7.656382083892822,-7.267409324645996,-7.122203826904297,-7.088264465332031,-7.0163140296936035,-6.854439735412598,-6.712520599365234,-6.6643805503845215,-6.605932712554932,-6.483835697174072,-6.46168851852417,-6.672341823577881,-6.781704425811768,-6.447975158691406,-5.834743022918701,-5.298378944396973,-4.942453861236572,-4.783175945281982,-4.937244415283203,-5.538417816162109,-4.976351737976074,-3.057664155960083,-3.008157968521118,-3.131657123565674,-1.7066999673843384,-0.6050665378570557,0.01298396848142147,0.567646861076355,0.8304997086524963,0.09778060764074326,-0.7911599278450012,-0.2830713093280792,0.35421639680862427,0.22530661523342133,-0.3895535171031952,-0.8237686157226562,-0.49969109892845154
-7.684708595275879,-7.859273910522461,-7.933394908905029,-7.9596028327941895,-8.00040054321289,-7.9156670570373535,-7.534780979156494,-6.929108619689941,-6.375670433044434,-6.106591701507568,-6.12355375289917,-6.201993942260742,-6.174075126647949,-6.109894275665283,-6.122611045837402,-6.065932273864746,-5.794615268707275,-5.475515365600586,-5.3637003898620605,-5.336959362030029,-5.0746564865112305,-4.55436372756958,-3.98059344291687,-3.522916078567505,-3.273446798324585,-3.575594186782837,-3.8796868324279785,-2.778045177459717,-1.9258536100387573,-2.6143059730529785,-2.537076950073242,-1.201992154121399,0.030080942437052727,0.7357393503189087,0.7932803630828857,0.6311143636703491,0.19277337193489075,-0.7592156529426575,-0.8631664514541626,-0.6064594984054565,-0.7592259049415588,-1.1591659784317017,-1.3771778345108032,-0.7130856513977051
-6.7753448486328125,-6.832181453704834,-6.796412944793701,-6.717282295227051,-6.698024272918701,-6.682585716247559,-6.446046352386475,-5.932400226593018,-5.418076515197754,-5.146364688873291,-5.097132682800293,-5.1513824462890625,-5.300043106079102,-5.487125873565674,-5.572320938110352,-5.417862892150879,-5.008843898773193,-4.5503106117248535,-4.2201080322265625,-3.9164934158325195,-3.489335536956787,-2.9782257080078125,-2.4614694118499756,-1.9415547847747803,-1.6115162372589111,-2.182705879211426,-2.399017095565796,-1.3109371662139893,-1.109625220298767,-1.70573890209198,-1.553337812423706,-0.8178164958953857,0.3710600733757019,1.395216703414917,1.4667733907699585,1.1578999757766724,0.927053689956665,0.014161213301122189,-0.6833502650260925,-0.8549982905387878,-1.1138794422149658,-1.2771919965744019,-1.1342202425003052,-0.6949721574783325
-5.957064151763916,-5.9790191650390625,-5.798234939575195,-5.553941249847412,-5.3670573234558105,-5.28516149520874,-5.095126152038574,-4.663477897644043,-4.202291011810303,-4.017472743988037,-4.0603203773498535,-4.118409156799316,-4.268173694610596,-4.510866641998291,-4.638726711273193,-4.467613220214844,-4.052242755889893,-3.619262218475342,-3.296605110168457,-2.8789474964141846,-2.1663968563079834,-1.4488874673843384,-0.9404715299606323,-0.4905284345149994,-0.10565309971570969,-0.6417363286018372,-0.7402270436286926,-0.26785749197006226,-0.40582025051116943,-0.49256935715675354,-0.3467349410057068,-0.16127824783325195,0.7282413840293884,1.752215027809143,1.998045802116394,1.7360471487045288,1.5104824304580688,0.7918696999549866,0.1605643928050995,-0.10792483389377594,-0.46531063318252563,-0.5818053483963013,-0.2983989119529724,0.04030699282884598
-4.837817668914795,-4.989455699920654,-4.825544357299805,-4.448606014251709,-4.114360332489014,-3.948698043823242,-3.7644712924957275,-3.368823528289795,-2.885500192642212,-2.613217830657959,-2.705427408218384,-2.9621849060058594,-3.1920535564422607,-3.33186674118042,-3.363938570022583,-3.198060989379883,-2.8793156147003174,-2.587324857711792,-2.398594856262207,-2.045349597930908,-1.23122239112854,-0.27935144305229187,0.3209848999977112,0.6126775741577148,0.8263195753097534,0.70001620054245,0.6805420517921448,0.49802204966545105,0.52760910987854,0.6735828518867493,0.9762904644012451,1.0787978172302246,1.4373421669006348,2.2302024364471436,2.766838312149048,2.4289960861206055,1.9589920043945312,1.5502541065216064,1.301102638244629,1.2491906881332397,1.0439337491989136,0.8513761758804321,1.068589448928833,1.436599612236023
-3.4210987091064453,-3.7187790870666504,-3.7371346950531006,-3.4470198154449463,-3.077009677886963,-2.792344093322754,-2.4882946014404297,-2.057865858078003,-1.5531489849090576,-1.2036006450653076,-1.2555432319641113,-1.6115466356277466,-1.9447449445724487,-2.078212022781372,-2.05560040473938,-1.8448530435562134,-1.475143313407898,-1.2358428239822388,-1.2554339170455933,-1.1333024501800537,-0.4260168969631195,0.6355985403060913,1.2801566123962402,1.381531834602356,1.4380371570587158,1.652651071548462,1.5293322801589966,1.3210320472717285,1.686378836631775,1.7788232564926147,2.014146566390991,2.2197093963623047,2.403846502304077,3.1375279426574707,3.9430735111236572,3.374922752380371,2.525068759918213,2.3260393142700195,2.3256583213806152,2.5033135414123535,2.472043991088867,2.334120988845825,2.8806753158569336,3.4487478733062744
-2.028074264526367,-2.2966341972351074,-2.4662013053894043,-2.3771886825561523,-2.0211572647094727,-1.5779075622558594,-1.1523300409317017,-0.7614826560020447,-0.3951302170753479,-0.15507249534130096,-0.1928829401731491,-0.433341383934021,-0.6196443438529968,-0.6927224397659302,-0.7600810527801514,-0.6988996267318726,-0.2954440116882324,0.16112756729125977,0.2638718783855438,0.2928045094013214,0.7643556594848633,1.6038209199905396,2.1511878967285156,2.066584348678589,1.7426742315292358,1.9894402027130127,2.040987968444824,2.4126534461975098,2.941258192062378,2.92116117477417,2.9128880500793457,3.2040977478027344,3.4745635986328125,4.040801525115967,4.94482946395874,4.606018543243408,3.721930742263794,3.5450496673583984,3.62772274017334,3.6827383041381836,3.3603909015655518,3.317270040512085,4.5006327629089355,5.507497310638428
-0.828299880027771,-0.8558193445205688,-0.9913638234138489,-1.016679286956787,-0.7228691577911377,-0.19372323155403137,0.2720351815223694,0.518996000289917,0.6443288326263428,0.7070618867874146,0.6633213758468628,0.5894442796707153,0.6239422559738159,0.717394232749939,0.6892892718315125,0.5788260102272034,0.78424471616745,1.315897822380066,1.703589916229248,1.9013352394104004,2.3146347999572754,2.902585983276367,3.3715524673461914,3.144505500793457,2.4634618759155273,2.4997289180755615,2.657505512237549,3.4135446548461914,3.9890739917755127,3.8904504776000977,3.8413338661193848,4.122806072235107,4.631507396697998,5.119142055511475,5.639718055725098,5.714667797088623,5.388126850128174,5.19347620010376,5.067440032958984,4.8007707595825195,4.179381847381592,4.073984146118164,5.676352024078369,7.062849044799805
0.4215242862701416,0.5365736484527588,0.5632416009902954,0.6568179726600647,0.9721326231956482,1.4174764156341553,1.7494356632232666,1.8233981132507324,1.7586886882781982,1.6805381774902344,1.6227118968963623,1.6393576860427856,1.7823814153671265,1.9712622165679932,2.033048152923584,1.9390349388122559,1.9776904582977295,2.3478331565856934,2.8481013774871826,3.257188558578491,3.655776023864746,4.085775375366211,4.505026817321777,4.324705600738525,3.9922566413879395,3.945927143096924,4.081518650054932,4.4887237548828125,4.9237895011901855,4.739191055297852,4.708937168121338,5.244844913482666,5.791876316070557,6.235960006713867,6.538569927215576,6.746387958526611,6.687362194061279,6.3817877769470215,6.003330230712891,5.468453407287598,4.817730903625488,4.8053083419799805,6.4885382652282715,8.080828666687012
1.7821792364120483,1.7937923669815063,1.9030694961547852,2.1674394607543945,2.56002140045166,2.9567198753356934,3.1927225589752197,3.181309938430786,3.0191876888275146,2.8243911266326904,2.7218167781829834,2.7942028045654297,3.0019772052764893,3.23646879196167,3.3544135093688965,3.2693488597869873,3.128582000732422,3.212108612060547,3.597327947616577,4.15222692489624,4.5959625244140625,4.901750564575195,5.011555194854736,5.078306198120117,5.634239673614502,5.929079532623291,5.8457231521606445,5.983265399932861,5.979809761047363,5.661276340484619,5.647555351257324,6.458451747894287,7.243505477905273,7.493074417114258,7.728372097015381,7.903658866882324,7.736698150634766,7.2039642333984375,6.621755123138428,5.884695529937744,5.286432266235352,5.704254150390625,7.267098426818848,8.72502326965332
3.3536317348480225,3.1721713542938232,3.246917724609375,3.551168203353882,3.912734031677246,4.183512210845947,4.280360698699951,4.223379135131836,4.073537349700928,3.921617031097412,3.863311529159546,3.9753787517547607,4.217472553253174,4.4107208251953125,4.484448432922363,4.507535457611084,4.445925712585449,4.302028179168701,4.307809352874756,4.710666179656982,5.123149871826172,5.341065883636475,5.278061866760254,5.7263665199279785,6.7753801345825195,7.329283237457275,7.513847351074219,7.644991397857666,7.320291042327881,6.746383190155029,6.696779727935791,7.569299697875977,8.494688034057617,9.145434379577637,9.395828247070312,9.424148559570312,9.077864646911621,8.321118354797363,7.474014759063721,6.652245044708252,6.181752681732178,6.681697845458984,7.985055446624756,9.309086799621582
