data/wind_data/wind_35_3.json
{"header": {"parameterUnit": "KT", "parameterCategory": 2, "nx": 256, "ny": 198, "lo1": 44.73521041870117, "la1": -3.236724853515625, "lo2": 111.26478576660156, "la2": 43.468475341796875, "dx": 0.2609002888202667, "dy": -0.23708222806453705, "refTime": "2025-02-20 11:00:00", "forecastTime": 0, "parameterNumber": 2, "parameterNumberName": "eastward_wind"}, "data":
[rows 57 to 75 of 198, columns 132 to 175 of 256]
-15.15069580078125,-14.465712547302246,-14.270090103149414,-14.679157257080078,-15.457073211669922,-16.559314727783203,-17.38467788696289,-17.880985260009766,-17.87249755859375,-17.449628829956055,-16.944652557373047,-16.539945602416992,-16.088481903076172,-15.609546661376953,-15.115779876708984,-14.422314643859863,-13.976770401000977,-14.04139232635498,-14.443607330322266,-14.505295753479004,-14.432878494262695,-14.238228797912598,-13.940094947814941,-13.582199096679688,-13.186972618103027,-12.842215538024902,-12.702108383178711,-12.608997344970703,-12.144875526428223,-11.27896785736084,-10.242600440979004,-9.419660568237305,-8.7555513381958,-8.161748886108398,-7.805874347686768,-7.838373184204102,-8.13638973236084,-9.138856887817383,-10.469345092773438,-11.349584579467773,-11.67711067199707,-12.060011863708496,-12.69571590423584,-13.666753768920898
-14.852460861206055,-13.725525856018066,-13.17198371887207,-13.32308578491211,-13.858952522277832,-14.862037658691406,-15.69625186920166,-16.366708755493164,-16.667383193969727,-16.536663055419922,-16.183374404907227,-15.759071350097656,-15.451211929321289,-15.131649017333984,-14.462388038635254,-13.7578763961792,-13.480157852172852,-13.656588554382324,-13.826199531555176,-14.010632514953613,-14.145689964294434,-14.342022895812988,-14.351243019104004,-14.173107147216797,-13.747476577758789,-13.27183723449707,-12.803821563720703,-12.533642768859863,-12.267084121704102,-11.755714416503906,-11.01652717590332,-10.153901100158691,-9.273811340332031,-8.5540132522583,-8.201803207397461,-8.200006484985352,-8.293457984924316,-8.466546058654785,-9.32544994354248,-10.578274726867676,-11.29939079284668,-11.635615348815918,-12.181783676147461,-13.208555221557617
-15.026622772216797,-13.714176177978516,-12.817435264587402,-12.372713088989258,-12.566329956054688,-13.246824264526367,-14.02957820892334,-14.73332405090332,-15.005559921264648,-15.1885986328125,-15.183774948120117,-14.906438827514648,-14.689971923828125,-14.393536567687988,-13.801201820373535,-13.27757740020752,-13.181517601013184,-13.281658172607422,-13.185264587402344,-13.192360877990723,-13.376940727233887,-13.897675514221191,-14.32335376739502,-14.54056167602539,-14.203655242919922,-13.823694229125977,-13.267897605895996,-12.711524963378906,-12.277437210083008,-11.889730453491211,-11.444995880126953,-10.832165718078613,-9.985219955444336,-9.074007034301758,-8.532522201538086,-8.449634552001953,-8.567154884338379,-8.52035903930664,-8.594655990600586,-9.396035194396973,-10.52431869506836,-11.181414604187012,-11.711103439331055,-12.457151412963867
-14.845634460449219,-13.992313385009766,-13.102168083190918,-12.207442283630371,-11.975281715393066,-12.29127025604248,-12.957889556884766,-13.405965805053711,-13.698713302612305,-14.029343605041504,-14.0972261428833,-13.850449562072754,-13.66170883178711,-13.693266868591309,-13.503172874450684,-13.096955299377441,-12.971373558044434,-12.917078971862793,-12.726264953613281,-12.578329086303711,-12.775869369506836,-13.16396713256836,-13.742411613464355,-14.327166557312012,-14.4192476272583,-14.288564682006836,-13.793655395507812,-13.182122230529785,-12.541364669799805,-12.005480766296387,-11.536860466003418,-11.097611427307129,-10.565498352050781,-9.77138614654541,-8.967573165893555,-8.52535629272461,-8.564457893371582,-8.644181251525879,-8.434306144714355,-8.449407577514648,-9.250945091247559,-10.326570510864258,-11.14938735961914,-11.862848281860352
-13.638941764831543,-13.505878448486328,-13.090824127197266,-12.355191230773926,-11.564756393432617,-11.476489067077637,-12.17274284362793,-12.700385093688965,-12.978167533874512,-13.223089218139648,-13.175846099853516,-13.00153923034668,-13.025958061218262,-13.308065414428711,-13.399630546569824,-13.274759292602539,-13.1677885055542,-12.974571228027344,-12.566761016845703,-12.20014476776123,-12.2531156539917,-12.471735000610352,-13.103471755981445,-13.67492389678955,-14.356980323791504,-14.47006893157959,-14.198480606079102,-13.595324516296387,-13.012920379638672,-12.29874324798584,-11.655407905578613,-11.134330749511719,-10.709053993225098,-10.236600875854492,-9.528843879699707,-8.771321296691895,-8.424034118652344,-8.527541160583496,-8.52638053894043,-8.24193286895752,-8.340448379516602,-9.178289413452148,-10.145587921142578,-10.974603652954102
-12.060693740844727,-12.284026145935059,-12.349003791809082,-12.081515312194824,-11.47486400604248,-11.10643196105957,-11.425799369812012,-12.100085258483887,-12.269100189208984,-12.542977333068848,-12.79983901977539,-13.005385398864746,-13.045562744140625,-12.98822021484375,-12.871318817138672,-13.18879508972168,-13.413890838623047,-13.30191421508789,-12.715799331665039,-12.115557670593262,-11.984835624694824,-12.053248405456543,-12.468643188476562,-13.069665908813477,-13.833669662475586,-14.38248062133789,-14.445832252502441,-13.990378379821777,-13.395406723022461,-12.712987899780273,-11.998955726623535,-11.348273277282715,-10.785712242126465,-10.327174186706543,-9.83370590209961,-9.140674591064453,-8.452701568603516,-8.230558395385742,-8.382842063903809,-8.31238842010498,-8.09154987335205,-8.375426292419434,-9.038335800170898,-9.727213859558105
-10.830748558044434,-11.125502586364746,-11.195347785949707,-11.249411582946777,-11.210390090942383,-10.909509658813477,-10.84797477722168,-11.476512908935547,-11.892107963562012,-12.543805122375488,-13.394429206848145,-13.71995735168457,-13.273721694946289,-12.454092979431152,-12.574991226196289,-13.045914649963379,-13.126317024230957,-12.730551719665527,-12.598934173583984,-12.400278091430664,-12.27023696899414,-11.850631713867188,-11.871833801269531,-12.43364429473877,-13.270427703857422,-13.977494239807129,-14.405106544494629,-14.281717300415039,-13.739124298095703,-13.060882568359375,-12.399539947509766,-11.774856567382812,-11.103392601013184,-10.451848983764648,-9.873665809631348,-9.309572219848633,-8.613409042358398,-7.997815132141113,-7.909436225891113,-8.100159645080566,-8.006128311157227,-7.961623191833496,-8.295927047729492,-8.653169631958008
-9.245356559753418,-10.22230339050293,-10.288697242736816,-10.363094329833984,-10.500761985778809,-10.434603691101074,-10.477068901062012,-11.137800216674805,-12.066585540771484,-13.46435546875,-14.286639213562012,-14.043929100036621,-13.354418754577637,-12.82784652709961,-13.105565071105957,-12.858579635620117,-12.18927001953125,-11.936768531799316,-12.065794944763184,-12.132302284240723,-12.168095588684082,-11.760716438293457,-11.639892578125,-11.924036026000977,-12.77265739440918,-13.45553970336914,-13.98355770111084,-14.162812232971191,-13.882362365722656,-13.293448448181152,-12.682575225830078,-12.149843215942383,-11.52320384979248,-10.763154983520508,-10.010019302368164,-9.331982612609863,-8.680952072143555,-7.959280967712402,-7.43087100982666,-7.459909915924072,-7.612311840057373,-7.5212082862854,-7.688994407653809,-7.996466159820557
-7.502040386199951,-9.19106674194336,-9.694734573364258,-9.649801254272461,-9.517260551452637,-9.428754806518555,-9.967496871948242,-10.906118392944336,-12.198773384094238,-13.533656120300293,-14.184966087341309,-14.236685752868652,-13.699884414672852,-13.474162101745605,-13.217373847961426,-12.315424919128418,-11.589943885803223,-11.608933448791504,-11.560575485229492,-11.384269714355469,-11.402127265930176,-11.761526107788086,-11.700154304504395,-11.627776145935059,-12.026111602783203,-12.71069622039795,-13.325142860412598,-13.774444580078125,-13.76414966583252,-13.360315322875977,-12.805876731872559,-12.323409080505371,-11.804254531860352,-11.102018356323242,-10.27684497833252,-9.461023330688477,-8.710431098937988,-7.992149829864502,-7.2391037940979,-6.767452716827393,-6.799769878387451,-6.842988014221191,-6.85560417175293,-7.297482967376709
-6.779057502746582,-8.167508125305176,-8.973248481750488,-9.135767936706543,-8.612419128417969,-8.425504684448242,-9.39122486114502,-10.336345672607422,-11.620830535888672,-12.76209831237793,-13.470830917358398,-13.711579322814941,-13.860864639282227,-13.845063209533691,-12.998879432678223,-11.991589546203613,-11.563962936401367,-11.406292915344238,-11.201797485351562,-10.905906677246094,-10.779047012329102,-11.207921028137207,-11.47072696685791,-11.365397453308105,-11.374062538146973,-11.768318176269531,-12.494555473327637,-13.230307579040527,-13.506813049316406,-13.297932624816895,-12.86517333984375,-12.368661880493164,-11.915700912475586,-11.32607650756836,-10.547730445861816,-9.649810791015625,-8.790183067321777,-8.007573127746582,-7.193116664886475,-6.395956516265869,-5.956766128540039,-5.967041492462158,-5.918247699737549,-6.153299808502197
-6.698699951171875,-7.4772186279296875,-8.166155815124512,-8.64003849029541,-7.884381294250488,-7.572022438049316,-8.86685848236084,-9.764981269836426,-10.497488975524902,-11.338617324829102,-12.218123435974121,-12.840863227844238,-13.623488426208496,-13.792730331420898,-12.942835807800293,-12.218149185180664,-11.703377723693848,-11.143235206604004,-10.741674423217773,-10.508031845092773,-10.395368576049805,-10.62446403503418,-10.856300354003906,-10.75440788269043,-10.760128021240234,-10.973726272583008,-11.63129997253418,-12.476070404052734,-13.037689208984375,-13.113936424255371,-12.99290657043457,-12.51246452331543,-12.022941589355469,-11.405742645263672,-10.68171501159668,-9.840936660766602,-8.912639617919922,-8.007294654846191,-7.104460716247559,-6.175454616546631,-5.37990140914917,-5.048579216003418,-5.0505547523498535,-4.988759994506836
-6.73433780670166,-6.904556751251221,-7.584665775299072,-8.357318878173828,-7.522257328033447,-6.709502696990967,-8.027275085449219,-9.095205307006836,-9.256649017333984,-9.680410385131836,-10.91541862487793,-12.067049026489258,-12.814299583435059,-12.972702980041504,-12.858553886413574,-12.59679126739502,-11.889663696289062,-11.068267822265625,-10.568142890930176,-10.386565208435059,-10.211485862731934,-10.149192810058594,-9.963212966918945,-9.916226387023926,-10.09552001953125,-10.357621192932129,-10.820101737976074,-11.443017959594727,-12.172298431396484,-12.75548267364502,-12.961384773254395,-12.800092697143555,-12.282164573669434,-11.56968879699707,-10.733887672424316,-9.887690544128418,-9.012948989868164,-8.063614845275879,-7.046664237976074,-6.00802755355835,-5.042477607727051,-4.324425220489502,-4.103376865386963,-4.115161895751953
-6.556052207946777,-6.180121898651123,-7.149706840515137,-7.963465213775635,-7.377374172210693,-6.3981170654296875,-6.751792907714844,-7.689516067504883,-8.414094924926758,-8.76982307434082,-9.73665714263916,-10.913837432861328,-11.500819206237793,-11.990836143493652,-12.297066688537598,-12.51190185546875,-11.942743301391602,-11.242265701293945,-10.89162826538086,-10.529397010803223,-9.744503021240234,-9.447344779968262,-9.229297637939453,-9.419234275817871,-9.643020629882812,-9.741374015808105,-9.997217178344727,-10.49456787109375,-11.111015319824219,-11.72480297088623,-12.421199798583984,-12.856236457824707,-12.626032829284668,-11.933239936828613,-10.93493366241455,-9.863348007202148,-8.913426399230957,-8.050446510314941,-7.092901706695557,-6.001459121704102,-4.9148077964782715,-3.9750256538391113,-3.334268093109131,-3.166567087173462
-4.97896671295166,-5.786370277404785,-6.389289379119873,-7.2408037185668945,-7.351321220397949,-6.3958516120910645,-5.569508075714111,-6.063688278198242,-7.23857307434082,-7.871699810028076,-8.246999740600586,-8.979472160339355,-9.947808265686035,-10.601094245910645,-11.172849655151367,-11.820460319519043,-11.755927085876465,-11.4417085647583,-10.944387435913086,-10.145172119140625,-9.24713134765625,-8.906890869140625,-8.66998291015625,-9.075562477111816,-9.151165008544922,-9.076415061950684,-9.325979232788086,-9.574238777160645,-9.961813926696777,-10.312506675720215,-11.14571762084961,-12.141676902770996,-12.54492473602295,-12.160688400268555,-11.239982604980469,-10.019977569580078,-8.841012954711914,-7.885387420654297,-7.036472320556641,-6.091617107391357,-5.003074645996094,-3.9125866889953613,-3.010680913925171,-2.4256529808044434
-3.2223663330078125,-5.296479225158691,-5.279498100280762,-6.1653642654418945,-6.666632652282715,-6.169600486755371,-5.35444974899292,-5.226490497589111,-5.798506259918213,-6.294531345367432,-6.807362079620361,-7.176187992095947,-7.836679935455322,-8.643800735473633,-9.772711753845215,-10.612204551696777,-11.009761810302734,-10.964770317077637,-10.389909744262695,-9.476095199584961,-8.929726600646973,-8.499831199645996,-8.0985689163208,-8.31035041809082,-8.449316024780273,-8.517866134643555,-8.728581428527832,-8.680709838867188,-8.780952453613281,-8.848106384277344,-9.552310943603516,-10.557527542114258,-11.4437837600708,-11.672659873962402,-11.250855445861816,-10.211782455444336,-8.940605163574219,-7.812162399291992,-6.891843795776367,-6.050227642059326,-5.107262134552002,-4.034160137176514,-2.9522364139556885,-2.07450008392334
-1.7854849100112915,-4.099486827850342,-4.420177936553955,-4.675793170928955,-5.4484944343566895,-5.417698860168457,-5.4446797370910645,-5.032832622528076,-4.653562545776367,-4.65438175201416,-5.181375980377197,-5.779580593109131,-5.964313507080078,-6.648596286773682,-7.920498847961426,-9.015716552734375,-9.723544120788574,-9.921745300292969,-9.661293983459473,-8.930449485778809,-8.230359077453613,-7.865512847900391,-7.505026817321777,-7.445005416870117,-7.734227180480957,-7.853914260864258,-7.626338958740234,-7.556750297546387,-7.627289772033691,-7.599294185638428,-7.8099470138549805,-8.412551879882812,-9.394448280334473,-10.091778755187988,-10.312912940979004,-9.935166358947754,-9.016493797302246,-7.866011142730713,-6.8047404289245605,-5.913628578186035,-5.0675177574157715,-4.09717321395874,-3.005662441253662,-1.9592593908309937
0.16784727573394775,-2.182225465774536,-3.6731739044189453,-3.425720453262329,-3.799298048019409,-4.435281276702881,-4.8724470138549805,-4.535965442657471,-4.4168219566345215,-3.5550003051757812,-3.481489658355713,-4.370625972747803,-4.729514122009277,-5.019469261169434,-5.925792694091797,-7.103699207305908,-8.010909080505371,-8.53663158416748,-8.526137351989746,-8.215816497802734,-7.5481181144714355,-7.005379676818848,-6.7445268630981445,-6.5427961349487305,-6.730050563812256,-6.830221652984619,-6.59155797958374,-6.510470390319824,-6.571359157562256,-6.389705181121826,-6.183299541473389,-6.292169094085693,-6.9862470626831055,-7.7379350662231445,-8.348505020141602,-8.623762130737305,-8.481738090515137,-7.771484851837158,-6.7273454666137695,-5.708444118499756,-4.876030445098877,-4.09152364730835,-3.171624183654785,-2.1104626655578613
2.379401206970215,-0.14409738779067993,-1.7430821657180786,-2.7491555213928223,-2.446214199066162,-3.3879733085632324,-3.4679601192474365,-3.754551649093628,-3.7788801193237305,-3.0137174129486084,-2.386047601699829,-2.716308355331421,-3.53373646736145,-3.8470423221588135,-4.376257419586182,-5.330770969390869,-6.241213321685791,-6.988420009613037,-7.262396335601807,-7.11045503616333,-6.795523166656494,-6.340695381164551,-5.917946815490723,-5.692916393280029,-5.545899868011475,-5.674320697784424,-5.551533222198486,-5.430639743804932,-5.42295503616333,-5.126089096069336,-4.706005096435547,-4.579771995544434,-4.873263835906982,-5.445387840270996,-6.079746723175049,-6.54652738571167,-6.86783504486084,-6.93174934387207,-6.410622596740723,-5.442394733428955,-4.514313220977783,-3.8475799560546875,-3.269378185272217,-2.486419677734375
4.330620765686035,1.4309877157211304,0.26383867859840393,-1.276307463645935,-1.4229159355163574,-2.0267887115478516,-2.235690116882324,-2.9338369369506836,-2.9715707302093506,-2.0754475593566895,-1.5328271389007568,-1.2014693021774292,-1.9390376806259155,-2.7268686294555664,-3.1194968223571777,-3.8613386154174805,-4.767087936401367,-5.513767719268799,-5.908210754394531,-6.038710117340088,-5.880356311798096,-5.632177829742432,-5.255228042602539,-4.917479515075684,-4.569515705108643,-4.414096355438232,-4.469101905822754,-4.3750200271606445,-4.329277515411377,-4.024709701538086,-3.6077880859375,-3.3312368392944336,-3.287609577178955,-3.560757875442505,-4.08803653717041,-4.515820026397705,-4.769087791442871,-5.1493449211120605,-5.433510780334473,-5.061139106750488,-4.163614749908447,-3.347209930419922,-2.867171287536621,-2.496903419494629
