data/wind_data/wind_5_1.json
{"header": {"parameterUnit": "KT", "parameterCategory": 2, "nx": 256, "ny": 198, "lo1": 44.73521041870117, "la1": -3.236724853515625, "lo2": 111.26478576660156, "la2": 43.468475341796875, "dx": 0.2609002888202667, "dy": -0.23708222806453705, "refTime": "2025-02-19 05:00:00", "forecastTime": 0, "parameterNumber": 2, "parameterNumberName": "eastward_wind"}, "data":
[rows 76 to 94 of 198, columns 43 to 85 of 256]
-1.7033213376998901,-2.1034178733825684,-2.3305728435516357,-2.44680118560791,-2.743607521057129,-2.990175724029541,-3.1986680030822754,-3.547293186187744,-3.945812225341797,-4.397415637969971,-4.5312724113464355,-4.446781158447266,-4.629708290100098,-4.969481945037842,-5.296873092651367,-5.409464359283447,-5.370840072631836,-5.334728717803955,-5.438699245452881,-5.450728416442871,-5.221045970916748,-5.348840713500977,-5.462274551391602,-5.574057102203369,-5.814629077911377,-6.023627758026123,-6.282739162445068,-6.464750289916992,-6.619204044342041,-6.513928413391113,-6.374937534332275,-6.04676628112793,-5.875408172607422,-5.924299240112305,-5.914870262145996,-5.479449272155762,-4.832427024841309,-4.760617256164551,-4.963104724884033,-5.230462074279785,-5.498930931091309,-5.205411911010742,-4.912160873413086
-0.2904230058193207,-1.2237759828567505,-1.9017319679260254,-2.271564483642578,-2.7855639457702637,-3.190199851989746,-3.310096025466919,-3.484933614730835,-3.747886896133423,-4.194851398468018,-4.647668838500977,-4.7280731201171875,-4.555715084075928,-4.475985527038574,-4.423762798309326,-4.597329616546631,-4.9893717765808105,-5.0916008949279785,-5.053135871887207,-5.0040669441223145,-4.968174457550049,-4.909488201141357,-5.069934844970703,-5.5855889320373535,-6.0815958976745605,-6.264359474182129,-6.188113212585449,-6.37775993347168,-6.545530319213867,-6.559274673461914,-6.53305196762085,-6.228951454162598,-6.201751232147217,-6.032732963562012,-5.825366497039795,-5.510757923126221,-4.940826416015625,-4.453639984130859,-4.146493434906006,-4.343455791473389,-4.903098106384277,-4.8763628005981445,-4.643670082092285
1.3091405630111694,0.06994562596082687,-0.9555824995040894,-1.8516637086868286,-2.485814094543457,-2.9175865650177,-3.1573002338409424,-3.4149982929229736,-3.789503574371338,-4.217400074005127,-4.404455661773682,-4.422852039337158,-4.362110137939453,-4.148510932922363,-3.8639400005340576,-3.7583227157592773,-3.9276468753814697,-4.264048099517822,-4.419663429260254,-4.476774215698242,-4.679978370666504,-4.7932538986206055,-4.918285846710205,-5.150130271911621,-5.546566486358643,-5.951200008392334,-5.9911417961120605,-6.21579647064209,-6.241158962249756,-6.257946014404297,-6.335554599761963,-6.226992130279541,-6.107536792755127,-5.7796807289123535,-5.756956577301025,-5.626007556915283,-5.102013111114502,-4.508735656738281,-4.139052867889404,-4.16875696182251,-4.575016975402832,-4.575682163238525,-4.250064849853516
2.0230391025543213,0.94685298204422,-0.30069103837013245,-0.9321316480636597,-1.7902538776397705,-2.2608885765075684,-2.7540442943573,-3.1944003105163574,-3.6635522842407227,-4.092409133911133,-4.307862758636475,-4.236112594604492,-4.030070781707764,-3.9041783809661865,-3.756772041320801,-3.5037567615509033,-3.549565315246582,-3.8973188400268555,-4.179527282714844,-4.328891754150391,-4.450259685516357,-4.767630100250244,-4.957412242889404,-5.15470552444458,-5.330960750579834,-5.61495304107666,-6.053078651428223,-6.30770206451416,-5.954565525054932,-5.910569190979004,-5.9902167320251465,-5.841726779937744,-5.724711894989014,-5.561185836791992,-5.489818096160889,-5.227702617645264,-4.908206462860107,-4.731750011444092,-4.597025394439697,-4.3440656661987305,-4.333774566650391,-4.08978271484375,-3.8122851848602295
1.7164331674575806,1.1619985103607178,0.6250905990600586,-0.46628761291503906,-0.9521533250808716,-1.6273367404937744,-2.23490571975708,-2.877283811569214,-3.3747901916503906,-3.6619884967803955,-3.691045045852661,-3.7307260036468506,-3.7247636318206787,-3.586951971054077,-3.3363425731658936,-3.0694189071655273,-2.9007813930511475,-2.9857914447784424,-3.5385653972625732,-4.085846424102783,-4.225681781768799,-4.356653690338135,-4.797290325164795,-5.309357166290283,-5.409906387329102,-5.310919284820557,-5.705114841461182,-6.043183326721191,-6.0866379737854,-5.605596542358398,-5.2321343421936035,-5.339009761810303,-5.31395959854126,-5.293810844421387,-5.094313621520996,-4.759448528289795,-4.560146331787109,-4.360470771789551,-4.11521577835083,-3.938307523727417,-3.890350341796875,-3.5015361309051514,-3.219904661178589
1.0474644899368286,1.0510361194610596,0.9461783170700073,0.29252761602401733,-0.4852469563484192,-1.1369926929473877,-1.8705635070800781,-2.4296367168426514,-2.77340030670166,-3.096470594406128,-3.052412271499634,-3.036261558532715,-2.821235418319702,-2.5387065410614014,-2.4769556522369385,-2.273940324783325,-2.319183111190796,-2.737600564956665,-3.3555023670196533,-3.8408055305480957,-3.9396018981933594,-4.086539268493652,-4.660902500152588,-5.055835247039795,-5.242303371429443,-5.131481170654297,-5.384252071380615,-5.657605171203613,-5.583298683166504,-5.280855655670166,-4.949376583099365,-4.794338226318359,-4.784877300262451,-4.718583583831787,-4.473480701446533,-4.09691858291626,-3.665132522583008,-3.4274823665618896,-3.058645725250244,-2.8058183193206787,-2.9339582920074463,-2.727430582046509,-2.540661096572876
1.0238456726074219,0.8245818018913269,1.629939317703247,1.1965004205703735,0.08523204922676086,-0.6741421222686768,-1.3094085454940796,-1.9095951318740845,-2.1777541637420654,-2.4690563678741455,-2.4847617149353027,-2.3213140964508057,-1.9770731925964355,-1.7323895692825317,-1.7345823049545288,-1.8695212602615356,-2.1323788166046143,-2.484900951385498,-2.9140284061431885,-3.3845386505126953,-3.673896551132202,-3.796370506286621,-4.1630353927612305,-4.819397926330566,-5.096057891845703,-5.146425724029541,-5.348189830780029,-5.320296764373779,-5.166538238525391,-4.7269062995910645,-4.456356048583984,-4.32374382019043,-4.199127197265625,-4.07501745223999,-3.9234418869018555,-3.415896415710449,-2.86507248878479,-2.442946672439575,-2.230632781982422,-2.014399766921997,-1.8869223594665527,-1.8178257942199707,-1.9432157278060913
0.35124051570892334,0.5538060069084167,1.9170993566513062,0.8299850225448608,0.6985419988632202,-0.1547919660806656,-0.6840506196022034,-0.9482924342155457,-1.3672058582305908,-1.5852352380752563,-1.6703121662139893,-1.7168430089950562,-1.5384494066238403,-1.4495537281036377,-1.504998803138733,-1.7065349817276,-2.0030698776245117,-2.0711793899536133,-2.3244810104370117,-2.875364303588867,-3.22419810295105,-3.401322364807129,-3.923154592514038,-4.201680660247803,-4.4884419441223145,-4.594773769378662,-4.599364280700684,-4.694847106933594,-4.500192165374756,-4.182445049285889,-3.947478771209717,-3.563654899597168,-3.4006950855255127,-3.398965358734131,-3.1234970092773438,-2.575558662414551,-2.0633537769317627,-1.5759398937225342,-1.4715793132781982,-1.305931806564331,-1.5391547679901123,-1.6648298501968384,-1.8052785396575928
-0.5180298089981079,0.16994401812553406,1.0768986940383911,2.60935115814209,1.3355824947357178,0.5307246446609497,0.2665489912033081,-0.020648809149861336,-0.2252478003501892,-0.5242906212806702,-0.7385498881340027,-1.0115629434585571,-1.1811144351959229,-1.4110370874404907,-1.6922199726104736,-1.7530320882797241,-1.5035643577575684,-1.2753190994262695,-1.457600712776184,-1.932590365409851,-2.8444740772247314,-3.356078624725342,-3.4765071868896484,-3.556192398071289,-3.4879071712493896,-3.5036633014678955,-3.680013656616211,-3.7264106273651123,-3.5502195358276367,-3.3555195331573486,-3.195953607559204,-2.8714687824249268,-2.530799150466919,-2.448439598083496,-2.204810619354248,-1.7364211082458496,-1.3546087741851807,-0.8418168425559998,-0.8184931874275208,-0.766324520111084,-1.1198819875717163,-1.3871688842773438,-1.5691488981246948
-0.39808642864227295,0.04367685690522194,0.6214301586151123,3.2281301021575928,2.239655017852783,1.3452786207199097,0.7061412930488586,0.9073625206947327,0.7072274684906006,0.36869388818740845,-0.008773896843194962,-0.3129977285861969,-0.6888746023178101,-1.342987060546875,-1.7328592538833618,-1.5935641527175903,-1.0218887329101562,-0.6646324396133423,-0.6893783807754517,-1.1988192796707153,-1.935083270072937,-2.475174903869629,-2.9103403091430664,-2.8258023262023926,-2.6488194465637207,-2.6848158836364746,-2.587246894836426,-2.6868481636047363,-2.657134532928467,-2.428617000579834,-2.4015355110168457,-2.324779748916626,-2.0514650344848633,-1.7710492610931396,-1.590137004852295,-1.170306921005249,-0.5630626678466797,-0.23513440787792206,-0.24894391000270844,-0.21972309052944183,-0.6478949189186096,-0.9241812229156494,-1.147852897644043
0.017415447160601616,0.21550704538822174,0.758011519908905,2.215902328491211,1.5056689977645874,1.3539490699768066,2.312082529067993,2.1389572620391846,1.3947135210037231,0.992276132106781,0.5090395212173462,0.013684104196727276,-0.6189873218536377,-1.1452113389968872,-1.139630913734436,-0.7920952439308167,-0.42906078696250916,-0.3043699562549591,-0.25116145610809326,-0.275194376707077,-0.4213229715824127,-0.8820469975471497,-1.3853520154953003,-1.884293794631958,-1.9993313550949097,-1.931038737297058,-1.7167925834655762,-1.4880423545837402,-1.3952175378799438,-1.334875226020813,-1.4239418506622314,-1.4619996547698975,-1.4526164531707764,-1.2148973941802979,-1.0367499589920044,-0.8119486570358276,-0.34214839339256287,0.11837591230869293,0.22559888660907745,0.1876385509967804,-0.18610666692256927,-0.44957637786865234,-0.5718051791191101
-0.031309980899095535,0.6540149450302124,1.3049057722091675,1.8892780542373657,1.7178219556808472,1.689494013786316,2.7577898502349854,2.923936605453491,2.4833333492279053,1.565385103225708,0.7664767503738403,-0.273861289024353,-0.8674954771995544,-0.8721365928649902,-0.2974792420864105,0.25441494584083557,0.5138746500015259,0.4268341064453125,0.48905235528945923,0.6492144465446472,0.5901176333427429,0.2914125621318817,-0.3038055896759033,-0.9054207801818848,-1.1835805177688599,-1.2551807165145874,-1.0599687099456787,-0.6071357131004333,-0.3010740280151367,-0.2670850455760956,-0.3596058189868927,-0.42148739099502563,-0.43013322353363037,-0.31031128764152527,-0.17871515452861786,-0.27354511618614197,-0.3654429614543915,0.006422630976885557,0.38477784395217896,0.6199225783348083,0.33793556690216064,0.08771536499261856,-0.2956655025482178
-0.16814543306827545,1.0745024681091309,1.8234602212905884,2.209054470062256,2.203950881958008,2.6359975337982178,3.7667157649993896,3.616238594055176,2.724360942840576,1.7524539232254028,0.4558427333831787,-0.4095788300037384,-0.6214077472686768,-0.3150983154773712,0.33963578939437866,1.0058386325836182,1.5096114873886108,1.7475107908248901,1.8353627920150757,1.723583698272705,1.258439064025879,0.6849889755249023,0.1522924304008484,-0.1673959344625473,-0.45032092928886414,-0.4694790840148926,-0.17912432551383972,0.34391841292381287,0.8160518407821655,0.87054842710495,0.7295904755592346,0.5305085778236389,0.4486563205718994,0.5393242239952087,0.5832072496414185,0.24825380742549896,0.013398995622992516,0.18445049226284027,0.39918747544288635,0.7407588362693787,0.45998984575271606,0.17398326098918915,-0.28664630651474
0.10114205628633499,1.6817456483840942,2.408820152282715,2.7324202060699463,3.031696319580078,3.692563772201538,4.38668155670166,3.6187527179718018,2.0119268894195557,1.6762666702270508,0.4084283411502838,-0.06468391418457031,-0.01308220811188221,0.41103196144104004,0.9245805144309998,1.613136649131775,2.3045010566711426,2.7228031158447266,2.7345027923583984,2.4613840579986572,1.830113410949707,1.1724051237106323,0.8170064687728882,0.6687296628952026,0.5018613338470459,0.6065348386764526,0.9962781071662903,1.5170103311538696,1.9733558893203735,2.1471669673919678,1.868330478668213,1.3579522371292114,1.0441648960113525,1.1613950729370117,1.1750980615615845,0.7972492575645447,0.6343276500701904,0.6352676749229431,0.48528721928596497,0.46645304560661316,0.08199705928564072,-0.13766466081142426,-0.25233373045921326
1.0208828449249268,2.1829185485839844,2.9234061241149902,3.2911689281463623,3.745072841644287,4.325475215911865,4.519006729125977,2.111870527267456,1.2492694854736328,1.7848562002182007,1.2691901922225952,1.2670339345932007,1.168907880783081,1.3597344160079956,1.834791898727417,2.3052682876586914,2.6042838096618652,2.8271119594573975,3.0096724033355713,2.7335896492004395,2.2655506134033203,1.813753366470337,1.8002686500549316,1.8989239931106567,1.9517621994018555,2.1000301837921143,2.3763198852539062,2.752265214920044,2.9434762001037598,2.931654691696167,2.653985023498535,2.1311116218566895,1.6118651628494263,1.5342559814453125,1.5881056785583496,1.5369843244552612,1.4226685762405396,1.2675522565841675,0.8746830821037292,0.6872515082359314,0.1182749941945076,-0.1610846221446991,-0.2763268053531647
0.4851802885532379,1.5572683811187744,3.153024196624756,4.577582836151123,4.646327495574951,4.8514204025268555,1.8282631635665894,-0.8349891901016235,0.6411573886871338,2.3780858516693115,1.9639997482299805,0.6698822379112244,1.5185576677322388,2.1330220699310303,2.3967833518981934,2.561397075653076,2.7682137489318848,3.1541497707366943,3.280003547668457,3.1650149822235107,2.7875471115112305,2.4817678928375244,2.6320998668670654,2.9657750129699707,3.345280408859253,3.6810197830200195,3.9148237705230713,4.002799034118652,3.7015368938446045,3.2820305824279785,2.909569025039673,2.552292585372925,2.1823582649230957,1.9761513471603394,1.9480745792388916,2.025299072265625,2.009773015975952,1.8143757581710815,1.5608173608779907,1.5467684268951416,0.8170855045318604,0.2805703580379486,-0.10960917919874191
0.07338511943817139,0.9900680184364319,2.6404573917388916,4.515261650085449,5.569501876831055,3.226757287979126,-0.7411553263664246,0.02564322017133236,2.3898136615753174,1.7067146301269531,1.9555197954177856,0.8280097246170044,2.24607253074646,3.27779483795166,3.3022096157073975,3.427765130996704,3.4939353466033936,3.633617639541626,3.7704198360443115,3.7475390434265137,3.7081968784332275,3.446481466293335,3.4663379192352295,3.7456119060516357,4.165031909942627,4.762048244476318,5.120624542236328,5.075746536254883,4.409292697906494,3.505016565322876,2.8412530422210693,2.628682851791382,2.57987904548645,2.6404123306274414,2.485276699066162,2.34549880027771,2.1346700191497803,2.2215042114257812,2.282679557800293,2.396864414215088,1.4961585998535156,0.7818050980567932,0.252615362405777
1.220872402191162,1.6968756914138794,2.6479403972625732,4.056408405303955,3.9270567893981934,1.095376968383789,0.5599732398986816,1.60489022731781,2.600991725921631,1.7781120538711548,1.492411494255066,1.8592485189437866,2.895003318786621,3.4856531620025635,3.765636682510376,3.988447904586792,4.391100883483887,4.797734260559082,4.775824546813965,4.76206636428833,4.6381378173828125,4.480963230133057,4.365015506744385,4.406179904937744,4.7391862869262695,5.350764751434326,5.588004112243652,5.289262294769287,4.65641450881958,3.782118558883667,3.161043643951416,2.922828435897827,2.930614709854126,2.966252565383911,2.8912432193756104,2.603317975997925,2.2238240242004395,2.5233659744262695,2.799076795578003,2.905876874923706,2.0874998569488525,1.289698600769043,0.6147027015686035
3.396752119064331,3.292635917663574,3.5528054237365723,3.6662304401397705,1.4302456378936768,-0.21572230756282806,0.4511224329471588,1.412805438041687,1.3160724639892578,0.9762168526649475,1.526862382888794,2.6707210540771484,3.5954465866088867,3.9180445671081543,4.138369560241699,4.760298728942871,5.498837471008301,5.705093860626221,5.754979610443115,5.814499855041504,5.933391571044922,5.712189674377441,5.142487525939941,4.7628889083862305,4.913987159729004,5.443737030029297,5.661859512329102,5.310826301574707,4.614943504333496,4.125338554382324,4.060326099395752,3.943760871887207,3.605994939804077,3.38489031791687,3.288848876953125,3.0620224475860596,2.5413968563079834,2.826653242111206,3.2119719982147217,3.4358205795288086,2.7432103157043457,1.8342012166976929,0.9935668110847473
