data/wind_data/wind_43_4.json
{"header": {"parameterUnit": "KT", "parameterCategory": 2, "nx": 256, "ny": 198, "lo1": 44.73521041870117, "la1": -3.236724853515625, "lo2": 111.26478576660156, "la2": 43.468475341796875, "dx": 0.2609002888202667, "dy": -0.23708222806453705, "refTime": "2025-02-20 19:00:00", "forecastTime": 0, "parameterNumber": 2, "parameterNumberName": "eastward_wind"}, "data":
[rows 171 to 189 of 198, columns 44 to 87 of 256]
5.474386215209961,5.466281890869141,5.353782653808594,5.62015962600708,6.103875160217285,5.328745365142822,5.439445972442627,6.090431213378906,6.583068370819092,6.974761486053467,7.639336109161377,8.40265941619873,8.670141220092773,7.890193939208984,6.787421703338623,5.8512678146362305,5.060487747192383,4.623197555541992,4.657001495361328,4.882996082305908,4.887564659118652,4.329707622528076,3.511502265930176,2.9266042709350586,2.5880446434020996,2.6140072345733643,2.701958179473877,2.775596857070923,2.9814646244049072,3.500361442565918,4.22654914855957,5.028619289398193,5.730127334594727,6.387532711029053,7.311689376831055,8.2233304977417,9.043124198913574,9.769131660461426,9.939324378967285,9.958284378051758,10.37155818939209,10.916853904724121,10.852884292602539,10.880276679992676
6.503979206085205,6.384525299072266,6.2891106605529785,6.651540756225586,5.9823317527771,5.468410015106201,5.633724212646484,5.81103515625,6.02463960647583,6.595480442047119,7.520413875579834,8.21436882019043,8.27147102355957,7.529671669006348,6.462791442871094,5.548341751098633,4.978208541870117,4.677104473114014,4.55098819732666,4.7102460861206055,4.6231369972229,3.8404173851013184,2.894325017929077,2.36991024017334,2.441009283065796,2.949126720428467,3.229874849319458,3.2062559127807617,3.3130619525909424,3.8813328742980957,4.7061638832092285,5.433231353759766,5.991865634918213,6.709033489227295,7.3853535652160645,7.931941509246826,8.583789825439453,9.056256294250488,8.978882789611816,8.879451751708984,9.471446990966797,10.45378589630127,11.276403427124023,11.119111061096191
7.185089588165283,7.374934673309326,7.091257095336914,6.400084972381592,5.8733134269714355,5.5869975090026855,5.49353551864624,5.805206298828125,6.354388236999512,6.758852958679199,7.174365520477295,7.704098701477051,8.004558563232422,7.269955158233643,5.838984966278076,4.9699387550354,4.8899712562561035,4.912832736968994,4.8295979499816895,4.7856340408325195,4.278322696685791,3.115086793899536,2.1485183238983154,1.9271435737609863,2.479276418685913,3.211376428604126,3.481919765472412,3.4137697219848633,3.6052615642547607,4.216779708862305,5.072566509246826,5.669668674468994,6.199024200439453,6.915136337280273,7.308679580688477,7.592818260192871,7.879643440246582,8.346603393554688,8.053380966186523,7.753781318664551,8.577177047729492,9.542750358581543,10.882186889648438,11.505843162536621
7.559584140777588,7.469751358032227,6.893850326538086,6.392020225524902,6.0675859451293945,5.598864555358887,5.45344877243042,6.029253959655762,6.793215751647949,6.929512023925781,6.839960098266602,7.160137176513672,7.422069072723389,6.5584917068481445,5.03384256362915,4.545065879821777,4.985113143920898,5.3527445793151855,5.268929481506348,4.8084540367126465,3.6027214527130127,2.184408187866211,1.7076534032821655,1.982642412185669,2.713364839553833,3.3588459491729736,3.470623254776001,3.472929000854492,3.8329594135284424,4.505074501037598,5.250614166259766,5.718074321746826,6.259221076965332,6.8818793296813965,7.168358325958252,7.150538921356201,7.1265058517456055,7.441718578338623,7.28960657119751,7.122537136077881,7.5999298095703125,8.131022453308105,9.631743431091309,11.360958099365234
7.227946758270264,7.143253803253174,7.110976219177246,7.0552496910095215,6.413406848907471,5.558089256286621,5.306361198425293,6.189676761627197,7.119987964630127,7.159338474273682,6.987945079803467,7.104222297668457,6.813644886016846,5.790614604949951,4.664084434509277,4.559661388397217,5.255693435668945,5.712688446044922,5.534902572631836,4.446990489959717,2.586448907852173,1.51678466796875,1.8508416414260864,2.540113687515259,3.087409019470215,3.344404458999634,3.349809408187866,3.461236000061035,3.9232988357543945,4.649778842926025,5.172354221343994,5.516189098358154,6.1089701652526855,6.641687393188477,6.865882873535156,6.651907444000244,6.485111236572266,6.496656894683838,6.785181999206543,7.0072760581970215,7.180511951446533,7.24656867980957,8.367175102233887,10.098250389099121
7.19449520111084,7.290272235870361,7.328543186187744,7.207436561584473,6.3946685791015625,5.716610908508301,6.470391273498535,8.38985538482666,9.229806900024414,8.650696754455566,7.881506443023682,7.242991924285889,6.34394645690918,5.458383083343506,4.868694305419922,4.893787384033203,5.370471000671387,5.642764568328857,5.179614067077637,3.623194932937622,2.0155625343322754,1.7910407781600952,2.5197460651397705,3.117992639541626,3.2519707679748535,3.1681020259857178,3.2398955821990967,3.530498743057251,4.101086616516113,4.601125240325928,4.785231590270996,5.117633819580078,5.811845302581787,6.336474418640137,6.49088716506958,6.214200496673584,5.689171314239502,5.436905860900879,6.32602596282959,6.681782245635986,6.479803562164307,6.581543445587158,7.239556789398193,7.660298824310303
7.781051158905029,7.6588945388793945,7.568453311920166,7.741702079772949,7.493467807769775,7.014270305633545,8.0136137008667,9.785102844238281,10.562335968017578,9.794736862182617,8.497076034545898,7.190447807312012,6.108101844787598,5.569395542144775,5.188384532928467,4.957240581512451,5.082714557647705,5.096011638641357,4.502346038818359,3.1863842010498047,2.4970405101776123,2.7687697410583496,3.254697561264038,3.420356512069702,3.321279525756836,3.1591856479644775,3.2860560417175293,3.7937545776367188,4.282705783843994,4.296371936798096,4.16978645324707,4.574319362640381,5.38796854019165,6.020544528961182,6.077520847320557,5.541013240814209,4.848789691925049,5.1033711433410645,5.679620742797852,5.259321689605713,5.078099727630615,5.570860862731934,5.372807025909424,4.562222003936768
8.647069931030273,8.601640701293945,8.691130638122559,8.967580795288086,8.763269424438477,8.302234649658203,8.485675811767578,9.548978805541992,10.121490478515625,9.552577018737793,8.418683052062988,7.156350135803223,6.2207865715026855,5.720582008361816,5.13499641418457,4.699641704559326,4.666440010070801,4.4930100440979,3.8293912410736084,3.0873234272003174,3.218276023864746,3.592921257019043,3.7390551567077637,3.5697009563446045,3.477475166320801,3.2697482109069824,3.473445177078247,4.071608543395996,4.242197036743164,3.767869472503662,3.5162723064422607,3.9673259258270264,4.8343987464904785,5.5440192222595215,5.538818836212158,4.676827430725098,4.223211288452148,4.774324893951416,4.598779678344727,3.7187435626983643,3.48252010345459,3.8533999919891357,3.2193524837493896,1.670945167541504
10.307114601135254,10.384414672851562,10.161476135253906,9.841176986694336,9.22581958770752,8.58205795288086,8.221245765686035,8.793929100036621,8.931190490722656,8.392341613769531,7.802587509155273,7.170045852661133,6.5067338943481445,5.756485939025879,4.844715595245361,4.491546630859375,4.238831996917725,3.8912904262542725,3.486938714981079,3.2660484313964844,3.7232182025909424,4.098905086517334,3.99501633644104,3.7379367351531982,3.659498929977417,3.4053752422332764,3.6499736309051514,4.194902420043945,3.9206955432891846,3.0895934104919434,2.8595175743103027,3.329848051071167,4.245784282684326,4.946732997894287,4.735148906707764,3.6270017623901367,3.2641968727111816,3.492952585220337,2.993612051010132,2.1787993907928467,2.4160573482513428,2.4011850357055664,1.3758538961410522,-0.2597545385360718
12.131543159484863,12.128933906555176,11.590879440307617,10.606892585754395,9.47994613647461,8.47083854675293,7.887850761413574,8.075514793395996,7.670081615447998,6.960312366485596,6.76750373840332,7.070677280426025,6.93613862991333,5.903290271759033,4.686723709106445,4.132871150970459,3.9150733947753906,3.8522844314575195,3.6115314960479736,3.558497905731201,4.069207191467285,4.343687057495117,3.994704484939575,3.8831913471221924,3.8820786476135254,3.6585915088653564,3.8280982971191406,4.049160957336426,3.3311374187469482,2.3712403774261475,2.2510950565338135,2.856966257095337,3.7896227836608887,4.167260646820068,3.199782133102417,2.027308225631714,1.9656544923782349,2.169762134552002,1.6083215475082397,1.344468116760254,1.3637179136276245,0.5155265927314758,-0.5173943042755127,-2.0145044326782227
13.368080139160156,13.28280258178711,12.59199047088623,11.354409217834473,9.849783897399902,8.592264175415039,8.034797668457031,7.874399662017822,7.191373825073242,6.343721389770508,6.406386375427246,7.2215399742126465,7.351822853088379,6.221949577331543,4.740493297576904,4.051425933837891,4.295848369598389,4.548834323883057,4.013635635375977,3.7118899822235107,4.186905860900879,4.2346930503845215,3.858128309249878,4.099023342132568,4.318993091583252,4.070613861083984,3.901297092437744,3.6098990440368652,2.6267523765563965,1.7935031652450562,1.8756734132766724,2.631619453430176,3.070297956466675,2.3613672256469727,1.0930243730545044,0.5418016910552979,0.6312510371208191,0.7741861939430237,0.3225920498371124,0.1817878931760788,-0.2950516939163208,-1.4350236654281616,-2.577897310256958,-3.959890842437744
13.767362594604492,13.707673072814941,12.942743301391602,11.806584358215332,10.323222160339355,9.240236282348633,8.894659042358398,8.431046485900879,7.486700057983398,6.773590087890625,7.102437973022461,7.836358070373535,7.77337121963501,6.548860549926758,5.090453147888184,4.5442423820495605,5.069566249847412,5.22718620300293,4.3270583152771,3.773298978805542,4.054294586181641,3.9983744621276855,3.90181565284729,4.50807523727417,4.846498489379883,4.380755424499512,3.73490309715271,3.0625898838043213,2.1094753742218018,1.603489637374878,1.8484396934509277,2.128638505935669,1.3806910514831543,0.1835411936044693,-0.4008319079875946,-1.0126436948776245,-1.5893570184707642,-1.8670746088027954,-2.3353512287139893,-2.6444716453552246,-3.0481269359588623,-4.241635322570801,-5.218830108642578,-5.762257099151611
13.491415977478027,13.647522926330566,13.118558883666992,12.099519729614258,11.058494567871094,10.420173645019531,9.946452140808105,9.198564529418945,8.452221870422363,7.855461597442627,8.341614723205566,9.179858207702637,8.592835426330566,6.963028907775879,5.606351852416992,5.2308454513549805,5.565946578979492,5.384089946746826,4.472473621368408,3.857114315032959,3.913985252380371,4.048556327819824,4.267703533172607,5.003257751464844,5.167568206787109,4.362776756286621,3.432816743850708,2.6268813610076904,1.8432282209396362,1.632565975189209,1.6644405126571655,0.8183882236480713,-0.5800069570541382,-1.3538600206375122,-2.2153496742248535,-3.58303165435791,-4.810624599456787,-5.777201175689697,-6.453411102294922,-6.9620585441589355,-7.142182350158691,-7.166280746459961,-7.1650166511535645,-7.224789619445801
13.661392211914062,14.055119514465332,13.419295310974121,12.482619285583496,11.861871719360352,11.144920349121094,10.544129371643066,9.770796775817871,8.992365837097168,8.564533233642578,9.415060997009277,10.267727851867676,9.220870971679688,7.285889148712158,5.962578296661377,5.685368537902832,5.827333927154541,5.397492408752441,4.61879825592041,3.997342348098755,4.017579078674316,4.410882949829102,4.784289360046387,5.366227626800537,5.2041015625,4.140559196472168,3.166278839111328,2.365875005722046,1.685571312904358,1.3849565982818604,0.73255854845047,-0.9667893052101135,-2.2329483032226562,-3.110827922821045,-4.670224666595459,-6.404899597167969,-8.049673080444336,-9.385865211486816,-9.832685470581055,-9.777466773986816,-9.552151679992676,-9.422098159790039,-9.18254566192627,-8.903548240661621
14.530511856079102,14.513750076293945,13.127933502197266,12.489618301391602,12.065408706665039,11.108305931091309,10.411901473999023,9.78913688659668,9.532785415649414,9.687714576721191,10.233942031860352,10.413135528564453,9.206317901611328,7.37069034576416,6.236558437347412,6.298489093780518,6.447073459625244,6.007639408111572,5.216945648193359,4.415077209472656,4.423451900482178,4.931552886962891,5.266295909881592,5.617411136627197,5.141604900360107,3.8984458446502686,2.9162802696228027,2.1272213459014893,1.3812226057052612,0.7639211416244507,-0.6621821522712708,-2.622485399246216,-3.7565596103668213,-5.210929870605469,-7.2856245040893555,-9.202939987182617,-10.914756774902344,-11.914419174194336,-12.05465030670166,-12.100573539733887,-12.077872276306152,-11.842633247375488,-11.462077140808105,-11.024778366088867
14.88420581817627,13.721783638000488,12.157697677612305,11.849569320678711,11.801416397094727,10.835025787353516,9.928260803222656,9.434565544128418,10.476802825927734,10.902778625488281,10.670097351074219,10.353507041931152,9.246376991271973,7.690441131591797,6.9339776039123535,7.171511650085449,7.286621570587158,7.0905961990356445,6.339136600494385,5.0532307624816895,4.89597225189209,5.3621015548706055,5.681472301483154,5.8294830322265625,5.017547607421875,3.663382053375244,2.6555798053741455,1.760779857635498,0.8031444549560547,-0.20792925357818604,-2.2534046173095703,-4.163030624389648,-5.508268356323242,-7.442883014678955,-9.601690292358398,-11.450087547302246,-12.95922565460205,-13.719815254211426,-14.09103775024414,-14.309966087341309,-14.35554027557373,-14.253839492797852,-14.099331855773926,-13.725849151611328
13.639103889465332,11.942610740661621,10.759706497192383,10.697669982910156,10.740666389465332,10.050497055053711,9.126777648925781,8.929369926452637,10.697729110717773,11.069035530090332,10.67645263671875,10.473875045776367,9.727239608764648,8.691367149353027,8.327221870422363,8.195043563842773,8.026226043701172,8.152751922607422,7.436276912689209,5.874094009399414,5.532011985778809,5.770639896392822,6.025476455688477,5.949431419372559,4.899965286254883,3.4731392860412598,2.394174337387085,1.3576123714447021,0.20625713467597961,-1.303004264831543,-3.6653378009796143,-5.459334373474121,-7.088582992553711,-9.134468078613281,-11.021713256835938,-12.619489669799805,-13.82485580444336,-14.548068046569824,-15.129695892333984,-15.71517562866211,-16.248790740966797,-16.554828643798828,-16.557222366333008,-16.090505599975586
12.462360382080078,10.839179039001465,9.775468826293945,9.913100242614746,9.865991592407227,9.38516902923584,8.561488151550293,8.601619720458984,10.042375564575195,10.620258331298828,10.735394477844238,10.698258399963379,10.090688705444336,9.67612361907959,9.55923843383789,8.989660263061523,8.704231262207031,8.629303932189941,7.549870014190674,6.307305812835693,5.964202404022217,6.039183139801025,6.227834701538086,5.966057300567627,4.811437606811523,3.354310989379883,2.1508634090423584,1.0637224912643433,-0.23698389530181885,-2.2138845920562744,-4.496092796325684,-5.9728264808654785,-7.724472999572754,-9.71566390991211,-11.240676879882812,-12.60084056854248,-13.664529800415039,-14.460636138916016,-15.323888778686523,-16.343795776367188,-17.33187484741211,-18.053386688232422,-18.32272720336914,-17.975997924804688
11.058099746704102,9.668336868286133,8.695727348327637,8.79452896118164,8.897954940795898,8.73925495147705,7.908132076263428,7.858403205871582,8.362095832824707,8.77358627319336,9.146949768066406,9.402081489562988,9.497305870056152,9.997475624084473,10.301657676696777,9.97472095489502,9.698983192443848,8.990921020507812,7.780398845672607,6.928569316864014,6.516133785247803,6.360019683837891,6.43210506439209,6.113455772399902,4.847645282745361,3.2146120071411133,1.9303902387619019,0.9559937119483948,-0.4020543694496155,-2.6102135181427,-4.682685852050781,-5.715883255004883,-7.247201919555664,-9.265353202819824,-10.750487327575684,-12.010494232177734,-12.945514678955078,-13.705461502075195,-14.729022979736328,-16.06669807434082,-17.4768123626709,-18.59853744506836,-19.14455223083496,-19.07883644104004
