data/wind_data/wind_Surface_65.json
{"header": {"parameterUnit": "KT", "parameterCategory": 2, "nx": 255, "ny": 198, "lo1": 44.73521041870117, "la1": -3.236724853515625, "lo2": 111.26478576660156, "la2": 43.468475341796875, "dx": 0.26192745566368103, "dy": -0.23708222806453705, "refTime": "2025-02-21 17:00:00", "forecastTime": 0, "parameterNumber": 3, "parameterNumberName": "northward_wind"}, "data":
[rows 0 to 18 of 198, columns 86 to 128 of 255]
-1.6273493766784668,-1.3689357042312622,-1.149705171585083,-0.9557237029075623,-0.8315929174423218,-0.7005839347839355,-0.4994805157184601,-0.2541499137878418,0.10438495129346848,0.3317037522792816,0.3988519608974457,0.4626314043998718,0.6178064346313477,0.710777759552002,0.8049477338790894,0.92722487449646,1.0356391668319702,1.1208577156066895,1.2000041007995605,1.2704647779464722,1.3571436405181885,1.420198917388916,1.473008155822754,1.4639689922332764,1.4611458778381348,1.4567584991455078,1.4188868999481201,1.357594609260559,1.2734969854354858,1.1935151815414429,1.095515489578247,0.9943094849586487,0.920964777469635,0.8791634440422058,0.908397912979126,0.9572483897209167,1.0393528938293457,1.0441584587097168,0.7620372176170349,0.38958531618118286,0.3400125801563263,0.3070399761199951,0.14981287717819214
-1.822740912437439,-1.6647648811340332,-1.4423171281814575,-1.2232340574264526,-1.0147312879562378,-0.9171125888824463,-0.7898705005645752,-0.6478301882743835,-0.3615662753582001,-0.11841197311878204,0.06402251869440079,0.1263190060853958,0.23119261860847473,0.28714847564697266,0.41929295659065247,0.590645432472229,0.7217164039611816,0.8172488808631897,0.9032149910926819,1.0055538415908813,1.0984859466552734,1.1763925552368164,1.2342313528060913,1.1610466241836548,1.0966498851776123,1.1006444692611694,1.1176366806030273,1.1482477188110352,1.107483983039856,1.0250511169433594,0.947516918182373,0.8823009133338928,0.8159155249595642,0.7295018434524536,0.7184464931488037,0.7176489233970642,0.5923457741737366,0.30288997292518616,-0.3024648129940033,-0.9965631365776062,-1.1466656923294067,-1.0651518106460571,-0.8574088215827942
-1.6949024200439453,-1.586288332939148,-1.418607473373413,-1.3991000652313232,-1.1898193359375,-1.3560566902160645,-1.304126262664795,-1.1264523267745972,-0.6356552839279175,-0.253334105014801,-0.23830530047416687,-0.17002162337303162,-0.058264173567295074,-0.13806098699569702,0.02696123719215393,0.4009741246700287,0.6429693102836609,0.8288748264312744,0.9825087189674377,1.1173388957977295,1.2202298641204834,1.370481252670288,1.5028355121612549,1.4114024639129639,1.296091914176941,1.2861882448196411,1.3765515089035034,1.3453824520111084,1.2567811012268066,1.159142017364502,1.1175756454467773,1.0966415405273438,0.898507833480835,0.40533167123794556,0.2675153315067291,0.4588470458984375,0.32104402780532837,-0.05944855511188507,-0.6265575885772705,-1.3402869701385498,-1.6580049991607666,-1.6883286237716675,-1.5528699159622192
-1.6396305561065674,-1.4415634870529175,-1.561568260192871,-2.5879249572753906,-1.269342303276062,-2.581094264984131,-3.0755674839019775,-2.630537986755371,-1.130225658416748,-0.030583379790186882,-1.6288400888442993,-1.643690586090088,-0.8683710098266602,-1.8027827739715576,-1.2286561727523804,-0.10116031020879745,0.4475899636745453,0.6162500381469727,0.8623054623603821,1.9951156377792358,1.546573519706726,1.490538477897644,0.8943688869476318,0.2287912368774414,-0.01916046254336834,0.14621753990650177,-0.01613740250468254,-0.1739216446876526,-0.5200295448303223,-0.7911452651023865,-0.8233870267868042,-0.9844298362731934,-1.1615231037139893,-1.7162326574325562,-2.016832113265991,-1.912279486656189,-1.9485968351364136,-2.458568572998047,-2.64031720161438,-2.950561761856079,-3.094589948654175,-3.15753173828125,-2.969839096069336
-1.0219534635543823,-1.5677748918533325,-3.1377315521240234,-3.3880295753479004,-3.1661226749420166,-3.7197232246398926,-3.9473721981048584,-3.5411500930786133,-3.6350862979888916,-2.581547737121582,-3.447007417678833,-3.4469778537750244,-2.9351840019226074,-2.969646453857422,-2.5615310668945312,-2.371108293533325,-1.0628347396850586,0.4057900607585907,2.01497745513916,2.748782157897949,1.7911200523376465,0.622998058795929,0.06038188934326172,-0.442191481590271,-0.6539897322654724,-0.14608794450759888,0.11140170693397522,-0.8179744482040405,-1.225301742553711,-1.2642552852630615,-2.162863254547119,-2.8483893871307373,-2.7780089378356934,-2.973116397857666,-3.2484841346740723,-3.3359861373901367,-3.3854706287384033,-3.7763004302978516,-3.8753111362457275,-4.075512409210205,-4.333990573883057,-4.151681423187256,-3.3269107341766357
-0.6073432564735413,-1.8105173110961914,-3.4866278171539307,-4.295801639556885,-4.887154579162598,-3.882239580154419,-3.317660331726074,-3.146535634994507,-5.141936779022217,-5.225113868713379,-1.919770359992981,-1.0706045627593994,-2.946627616882324,-2.0618135929107666,-1.7995613813400269,-3.133453607559204,-1.7618203163146973,-0.42115750908851624,0.29850223660469055,0.5729135274887085,0.4398220479488373,-0.9184934496879578,-0.008573870174586773,0.030182819813489914,0.1339140236377716,1.1790194511413574,1.0595440864562988,0.6824981570243835,-0.42241594195365906,-1.4864325523376465,-1.8116508722305298,-2.6285531520843506,-2.511373281478882,-2.816617488861084,-3.093580484390259,-3.2134318351745605,-3.4023385047912598,-3.4864165782928467,-3.721498966217041,-3.9681174755096436,-4.227019309997559,-3.4600369930267334,-1.7945213317871094
-1.149670958518982,-2.0149760246276855,-2.8295421600341797,-4.192322254180908,-2.7365152835845947,-1.247915267944336,-3.6145057678222656,-3.36914324760437,-4.82653284072876,-4.8727827072143555,-2.5578131675720215,-0.5326938629150391,-1.5880684852600098,-2.3891983032226562,-2.590953826904297,-3.0046489238739014,-1.2496122121810913,-0.9610090255737305,-3.1836888790130615,-1.7495619058609009,-0.8709582090377808,-0.5041130185127258,0.7489391565322876,0.685726523399353,0.5850614309310913,0.3802404999732971,1.2099071741104126,1.0268994569778442,0.6834216117858887,-1.0241339206695557,-0.5245830416679382,-1.066340684890747,-1.5456234216690063,-1.991729497909546,-2.48297119140625,-2.8855795860290527,-3.353151321411133,-3.476966381072998,-3.602980852127075,-3.488121271133423,-3.1236791610717773,-2.379356622695923,-1.3089210987091064
-2.130262851715088,-2.4839093685150146,-3.4138052463531494,-2.9378693103790283,-2.425570249557495,-2.741626501083374,-4.257657051086426,-5.299089431762695,-4.938404560089111,-3.4208121299743652,-1.7029885053634644,-0.37230899930000305,-0.5469942688941956,-1.6352790594100952,-2.2925913333892822,-3.742246150970459,-2.2832696437835693,-1.3625688552856445,-1.8463667631149292,-2.720947504043579,-2.6574292182922363,-1.1037870645523071,-0.5116811394691467,0.6798020601272583,0.9876683354377747,0.3853430151939392,0.34061217308044434,0.5485756993293762,1.158854603767395,0.5307726263999939,0.26208752393722534,-0.0037128732074052095,-0.18738991022109985,-0.7008044719696045,-1.4087055921554565,-2.0502240657806396,-2.4630725383758545,-2.498746156692505,-2.3783555030822754,-2.0852036476135254,-1.697460651397705,-1.3267245292663574,-0.9937834143638611
-3.8208441734313965,-3.417771100997925,-3.4167449474334717,-3.119016408920288,-4.311306476593018,-4.591762065887451,-4.07893180847168,-6.056972503662109,-5.0535664558410645,-2.152374505996704,1.8754442930221558,2.178730010986328,-0.2912321984767914,-2.243643283843994,-1.889411449432373,-2.9117300510406494,-3.536007881164551,-2.0646140575408936,-0.6206939220428467,0.67600417137146,0.2087334841489792,0.16293750703334808,0.011106043122708797,0.622069239616394,0.9136635065078735,-0.35709571838378906,-0.4457719326019287,0.9005443453788757,0.6561818718910217,0.716377317905426,0.7406727075576782,0.510802686214447,0.6123515963554382,0.10305697470903397,-0.6074850559234619,-1.2544591426849365,-1.4659045934677124,-1.4526280164718628,-1.2576229572296143,-0.7363383769989014,-0.7156578898429871,-0.8407124280929565,-0.9687631130218506
-5.0405449867248535,-3.253028154373169,-3.0453925132751465,-3.571532964706421,-4.637631416320801,-3.56885027885437,-4.266271114349365,-4.746525287628174,-4.890655517578125,-4.300850868225098,-2.784759521484375,-0.6346948146820068,-0.1723911315202713,-2.025634765625,-2.270787239074707,-3.70652437210083,-4.889925479888916,-3.815091609954834,-3.3824007511138916,0.8956584334373474,3.3422915935516357,3.307758092880249,1.7660757303237915,0.9579717516899109,1.331882357597351,1.0024739503860474,1.1710017919540405,1.8951715230941772,1.4875357151031494,1.4602824449539185,2.0685462951660156,1.9536384344100952,1.5454297065734863,1.0958855152130127,0.569402277469635,0.14059720933437347,-0.06507545709609985,-0.29897546768188477,-0.18434463441371918,0.3958284258842468,0.40485596656799316,-0.37555333971977234,-0.9532649517059326
-7.33907413482666,-5.427801609039307,-4.709403038024902,-4.994316101074219,-5.942933082580566,-6.811483860015869,-6.40858793258667,-6.024577617645264,-5.9923176765441895,-6.497461795806885,-5.264074802398682,-1.7087419033050537,0.5372776985168457,-1.9168912172317505,-4.434763431549072,-7.064306259155273,-6.927255630493164,-6.674056529998779,-7.0543718338012695,-6.091048717498779,-3.2197458744049072,0.31652113795280457,0.6921639442443848,2.1503078937530518,3.1921546459198,4.436676502227783,2.467409610748291,2.9668920040130615,3.1308915615081787,2.599231719970703,2.6274173259735107,2.4187047481536865,2.0461530685424805,1.8758167028427124,1.581799864768982,1.3510268926620483,1.298406958580017,0.4759719967842102,-0.3256583511829376,0.08379001915454865,0.5335561633110046,-0.04363507032394409,-0.22521497309207916
-10.041991233825684,-9.985663414001465,-8.073427200317383,-7.131912708282471,-7.374344348907471,-9.038694381713867,-9.244248390197754,-9.197150230407715,-9.260788917541504,-9.384366035461426,-8.128069877624512,-4.007842063903809,-2.789883852005005,-4.916683673858643,-6.858425140380859,-8.246201515197754,-7.976001262664795,-6.635778903961182,-6.581961631774902,-5.979246616363525,-4.315010070800781,-3.594367265701294,-2.432586193084717,-0.2593308389186859,1.9897205829620361,3.1558969020843506,3.4182138442993164,3.115241289138794,3.776712656021118,3.0962350368499756,2.225738525390625,1.7106446027755737,1.5000826120376587,2.1550228595733643,3.07346510887146,3.153870105743408,2.4007036685943604,1.525673747062683,1.176160216331482,1.1693179607391357,1.1054273843765259,1.298258900642395,1.600507378578186
-10.536149024963379,-11.051836013793945,-9.54459285736084,-8.477529525756836,-7.787158489227295,-8.108227729797363,-9.097918510437012,-10.063395500183105,-11.275850296020508,-12.167762756347656,-12.835111618041992,-10.120160102844238,-7.419798374176025,-6.9165849685668945,-7.062206745147705,-7.048844814300537,-6.797883987426758,-5.997417449951172,-5.5830159187316895,-5.236978054046631,-3.6108224391937256,-3.8590404987335205,-3.6908626556396484,-3.8224387168884277,-0.7175227403640747,2.301262617111206,3.5091707706451416,2.4732587337493896,2.61753511428833,1.890820860862732,0.8594082593917847,0.6658433079719543,1.4090244770050049,3.3751001358032227,3.745389938354492,3.2739171981811523,2.536985158920288,1.6932440996170044,1.1053805351257324,0.5282084941864014,0.8016443848609924,1.2996629476547241,1.2062307596206665
-9.015796661376953,-9.218005180358887,-9.184123039245605,-9.094245910644531,-8.384024620056152,-8.094346046447754,-8.33509349822998,-9.552631378173828,-10.673916816711426,-10.707672119140625,-10.850598335266113,-10.59676456451416,-9.003034591674805,-8.446636199951172,-7.631401062011719,-6.831517696380615,-6.811544895172119,-7.185423851013184,-7.377932548522949,-8.522960662841797,-7.051217079162598,-3.4039833545684814,-1.4265100955963135,0.38543248176574707,2.6219513416290283,3.786177635192871,3.4919230937957764,3.3811795711517334,1.2805464267730713,0.42831891775131226,-0.2392510622739792,0.1465529054403305,1.5679420232772827,4.531300067901611,1.9148262739181519,1.3997348546981812,0.6318081021308899,-0.7039174437522888,-2.7851316928863525,-1.4801698923110962,0.9610681533813477,1.0497796535491943,-1.3933175802230835
-8.340665817260742,-8.532504081726074,-9.068610191345215,-9.313946723937988,-9.414896011352539,-9.740660667419434,-9.78765869140625,-10.304091453552246,-9.911150932312012,-8.408285140991211,-8.446240425109863,-9.049456596374512,-9.249222755432129,-8.492619514465332,-7.719374656677246,-8.073918342590332,-8.554561614990234,-8.7105712890625,-8.40101146697998,-7.019299030303955,-6.711560249328613,-5.739346027374268,-4.3686933517456055,-1.6740286350250244,1.4130892753601074,3.873859167098999,3.934846878051758,4.033313274383545,0.48309263586997986,-2.4061779975891113,-5.070218086242676,-2.03684139251709,-0.5051795244216919,-0.19741657376289368,-0.7472057938575745,-1.8865959644317627,-1.66999351978302,-2.509857654571533,-4.543125629425049,-4.093179702758789,-2.384810209274292,-0.294771671295166,-1.2447106838226318
-8.937433242797852,-9.142641067504883,-9.305193901062012,-9.639174461364746,-10.190155982971191,-10.675527572631836,-10.524252891540527,-10.351216316223145,-9.348847389221191,-7.918943405151367,-8.406696319580078,-9.040818214416504,-8.698128700256348,-8.061482429504395,-8.40600872039795,-9.135783195495605,-9.143012046813965,-9.083890914916992,-8.532203674316406,-6.471898555755615,-7.1818084716796875,-8.027427673339844,-8.420273780822754,-9.200231552124023,-8.402424812316895,-2.9405627250671387,1.1855127811431885,1.981050729751587,0.8042944073677063,-2.117520570755005,-4.680178165435791,-3.4265222549438477,-3.2491393089294434,-5.995368480682373,-4.366820335388184,-5.362567901611328,-5.7972540855407715,-6.156827926635742,-7.018826007843018,-8.537546157836914,-5.544273376464844,1.852450966835022,0.4289241135120392
-9.186125755310059,-9.064811706542969,-8.917963981628418,-9.343714714050293,-9.680788040161133,-9.997201919555664,-9.551680564880371,-9.020195007324219,-8.224088668823242,-7.721570014953613,-8.268401145935059,-8.114192962646484,-7.41372537612915,-7.574575424194336,-8.43865966796875,-8.828036308288574,-8.880208015441895,-9.126213073730469,-10.256909370422363,-10.021272659301758,-8.632213592529297,-8.386492729187012,-8.290525436401367,-9.247976303100586,-11.120545387268066,-9.90239429473877,-6.096926212310791,-4.248414516448975,-2.2536966800689697,1.3216936588287354,3.994816541671753,-0.011314976029098034,-4.2869720458984375,-6.449876308441162,-5.10013484954834,-5.849752426147461,-7.682187080383301,-9.113200187683105,-10.449175834655762,-11.598322868347168,-8.817270278930664,-2.2534494400024414,-1.9569813013076782
-9.496024131774902,-8.662298202514648,-8.06464672088623,-8.393165588378906,-8.383905410766602,-8.436920166015625,-8.38662052154541,-8.41354751586914,-8.03758716583252,-7.711032867431641,-7.956670761108398,-8.018427848815918,-7.753692150115967,-7.79611873626709,-8.317253112792969,-8.605134963989258,-9.028448104858398,-9.925923347473145,-10.779379844665527,-10.271251678466797,-8.494454383850098,-8.576380729675293,-8.934127807617188,-9.071015357971191,-9.699036598205566,-10.576497077941895,-10.021472930908203,-9.764549255371094,-6.301620006561279,-1.2551956176757812,0.3268238604068756,-0.7378153800964355,-5.177520275115967,-6.977339267730713,-6.526899814605713,-6.491446495056152,-7.157702922821045,-9.53709888458252,-11.701126098632812,-13.132895469665527,-13.581644058227539,-12.444524765014648,-9.3270263671875
-9.392632484436035,-8.776104927062988,-7.407591819763184,-7.306411266326904,-7.663519382476807,-8.046457290649414,-8.549869537353516,-8.623069763183594,-8.284078598022461,-8.078843116760254,-8.403495788574219,-8.831121444702148,-9.005757331848145,-8.717093467712402,-8.65952205657959,-8.87498950958252,-9.432499885559082,-9.930545806884766,-10.065906524658203,-9.865564346313477,-9.190651893615723,-8.70753288269043,-9.29134750366211,-9.544719696044922,-9.830492973327637,-9.46524429321289,-9.325431823730469,-9.270471572875977,-6.100179672241211,-1.5247633457183838,-1.5849955081939697,-2.744664430618286,-6.297370910644531,-8.844346046447754,-9.759635925292969,-8.504677772521973,-8.359737396240234,-9.808497428894043,-11.015083312988281,-12.040258407592773,-12.948908805847168,-12.430207252502441,-10.771056175231934
