data/wind_data/wind_Surface_17.json
{"header": {"parameterUnit": "KT", "parameterCategory": 2, "nx": 255, "ny": 198, "lo1": 44.73521041870117, "la1": -3.236724853515625, "lo2": 111.26478576660156, "la2": 43.468475341796875, "dx": 0.26192745566368103, "dy": -0.23708222806453705, "refTime": "2025-02-19 17:00:00", "forecastTime": 0, "parameterNumber": 2, "parameterNumberName": "eastward_wind"}, "data":
[rows 57 to 75 of 198, columns 0 to 42 of 255]
-11.632999420166016,-12.087311744689941,-12.367803573608398,-12.942509651184082,-13.201066017150879,-13.978043556213379,-14.563379287719727,-14.732841491699219,-14.73189926147461,-14.455737113952637,-13.48253059387207,-12.505732536315918,-12.06070327758789,-11.434823989868164,-10.16999340057373,-9.226991653442383,-9.367753982543945,-10.204350471496582,-10.502950668334961,-8.12745189666748,-4.088751792907715,-3.1039698123931885,-4.829906940460205,-5.849791526794434,-4.732203006744385,-3.286872625350952,-4.135164260864258,-5.115938663482666,-5.257964611053467,-5.414281368255615,-5.353737831115723,-5.626736640930176,-6.159450054168701,-7.511689186096191,-9.388031959533691,-10.377583503723145,-9.916979789733887,-9.27326488494873,-9.127787590026855,-9.006733894348145,-9.03477668762207,-9.467041015625,-9.59001350402832
-11.897834777832031,-11.731029510498047,-11.414347648620605,-11.623208999633789,-12.099800109863281,-13.129528999328613,-13.940777778625488,-14.345934867858887,-14.43923568725586,-14.337300300598145,-13.880455017089844,-12.708539962768555,-12.30875015258789,-11.86030387878418,-10.752331733703613,-9.906393051147461,-9.355402946472168,-9.705047607421875,-10.7454195022583,-11.264888763427734,-11.906654357910156,-12.61055850982666,-10.879855155944824,-6.402853012084961,-6.015807628631592,-5.200587272644043,-4.890398979187012,-4.947266578674316,-4.636413097381592,-4.4540910720825195,-4.454391002655029,-4.476947784423828,-4.068880558013916,-5.116664409637451,-8.201159477233887,-10.58496379852295,-10.328086853027344,-9.263602256774902,-9.070212364196777,-9.04434871673584,-8.942327499389648,-9.207839012145996,-9.20119571685791
-12.224687576293945,-11.935677528381348,-11.298445701599121,-11.092354774475098,-11.148579597473145,-11.730125427246094,-12.189815521240234,-12.620559692382812,-13.336691856384277,-13.570039749145508,-13.096052169799805,-11.943568229675293,-11.391796112060547,-11.596474647521973,-11.751425743103027,-11.466647148132324,-11.121844291687012,-11.199698448181152,-11.187336921691895,-10.879118919372559,-11.062885284423828,-12.219717025756836,-12.615599632263184,-11.320589065551758,-9.203243255615234,-7.226837635040283,-6.062247276306152,-5.430774211883545,-4.9503397941589355,-4.25012731552124,-4.386960983276367,-4.571981906890869,-3.4371583461761475,-3.203575372695923,-6.131795883178711,-9.63418197631836,-10.057474136352539,-9.021879196166992,-8.563183784484863,-8.687463760375977,-8.827496528625488,-8.912848472595215,-8.898242950439453
-12.202423095703125,-11.546514511108398,-10.858723640441895,-10.811017036437988,-10.72634220123291,-10.769136428833008,-10.938282012939453,-11.186792373657227,-11.729252815246582,-12.046320915222168,-12.003877639770508,-11.5747652053833,-11.295374870300293,-11.275189399719238,-11.354194641113281,-11.419955253601074,-11.503610610961914,-11.947815895080566,-12.093094825744629,-11.419276237487793,-11.126310348510742,-11.470998764038086,-11.366443634033203,-10.431035041809082,-9.030435562133789,-7.60102653503418,-7.18382453918457,-6.314411163330078,-5.266874313354492,-5.187830924987793,-5.407836437225342,-5.249602317810059,-5.3732500076293945,-4.8671793937683105,-3.4862029552459717,-4.855930328369141,-9.132647514343262,-8.272493362426758,-7.408257484436035,-7.996983528137207,-8.277216911315918,-8.184213638305664,-8.463369369506836
-9.996121406555176,-10.151848793029785,-10.273688316345215,-10.392927169799805,-10.182412147521973,-9.849946022033691,-9.70421028137207,-9.863692283630371,-10.402362823486328,-10.81580924987793,-11.09216022491455,-11.041922569274902,-10.847496032714844,-10.745192527770996,-10.883990287780762,-11.160736083984375,-11.672568321228027,-12.262264251708984,-12.52048110961914,-11.913125038146973,-11.265359878540039,-11.13788890838623,-10.446297645568848,-9.3100004196167,-8.170219421386719,-7.199832439422607,-7.079741954803467,-6.652568340301514,-5.651014804840088,-5.469653606414795,-5.788666248321533,-6.347906112670898,-7.968207836151123,-8.775081634521484,-7.486901760101318,-8.847991943359375,-5.440093040466309,-7.050864219665527,-7.590270519256592,-7.607078552246094,-7.767817497253418,-7.7427659034729,-8.169351577758789
-6.536701679229736,-6.61566686630249,-9.362603187561035,-10.188676834106445,-9.681397438049316,-9.024616241455078,-8.601310729980469,-8.782583236694336,-9.570777893066406,-9.979498863220215,-10.176005363464355,-10.186460494995117,-10.21566390991211,-10.287585258483887,-10.363937377929688,-10.484841346740723,-10.82017707824707,-11.344736099243164,-11.528115272521973,-10.907495498657227,-10.422412872314453,-10.592644691467285,-10.01327133178711,-8.823469161987305,-7.90089225769043,-7.0945916175842285,-6.903839588165283,-7.086103439331055,-6.290263652801514,-5.439169883728027,-5.147887706756592,-5.806894302368164,-6.7325119972229,-7.704869270324707,-9.193039894104004,-9.597553253173828,-8.622233390808105,-7.390336036682129,-7.527315139770508,-7.855386257171631,-7.637364864349365,-7.866429328918457,-7.877115726470947
-5.399520397186279,-4.758081912994385,-6.298557758331299,-8.52418041229248,-8.958823204040527,-8.575268745422363,-7.691606521606445,-7.670525550842285,-8.842486381530762,-9.32302474975586,-9.362234115600586,-9.325658798217773,-9.491828918457031,-9.683466911315918,-9.767621040344238,-9.822237968444824,-10.008522033691406,-10.209434509277344,-10.157913208007812,-9.758305549621582,-9.425198554992676,-9.455796241760254,-9.475287437438965,-8.718926429748535,-7.768955707550049,-7.273523807525635,-6.808726787567139,-6.641948223114014,-6.946296691894531,-6.322274684906006,-5.326862812042236,-5.94967794418335,-6.535521984100342,-7.244544982910156,-8.122442245483398,-8.118836402893066,-7.752253532409668,-7.269160270690918,-7.192694664001465,-7.442230701446533,-7.760184288024902,-7.7827982902526855,-7.657065391540527
-1.602133870124817,-0.8764505982398987,-2.479583978652954,-3.9904792308807373,-5.544118881225586,-8.315226554870605,-6.498857021331787,-6.0543084144592285,-7.434267997741699,-7.964262962341309,-7.772195816040039,-8.076200485229492,-8.67214584350586,-8.974407196044922,-9.001459121704102,-8.868888854980469,-8.878571510314941,-8.871636390686035,-8.795520782470703,-8.635048866271973,-8.416797637939453,-8.440078735351562,-8.489530563354492,-7.698791980743408,-6.967833518981934,-7.1188154220581055,-6.900606155395508,-6.783187389373779,-6.610361576080322,-5.933750152587891,-5.556075572967529,-6.160511493682861,-6.600611209869385,-6.8446831703186035,-7.537646770477295,-7.49486780166626,-7.022487163543701,-6.83318567276001,-6.906413555145264,-7.0743889808654785,-7.238937854766846,-7.290266513824463,-7.286290645599365
0.9670957922935486,2.136791706085205,-0.0866703987121582,-1.3279058933258057,-2.18636417388916,-2.9121406078338623,-1.684321403503418,-0.8843764066696167,-2.665868043899536,-3.2953073978424072,-2.9299209117889404,-4.437678337097168,-6.213089466094971,-7.692370891571045,-8.455262184143066,-8.067599296569824,-7.5633978843688965,-7.440062999725342,-7.412091255187988,-7.38914680480957,-7.4181437492370605,-7.820207118988037,-8.063553810119629,-7.048125743865967,-6.296226501464844,-6.138553619384766,-6.053647994995117,-6.148471355438232,-5.737980365753174,-5.513481140136719,-5.622282981872559,-6.040327072143555,-6.214372634887695,-6.384780406951904,-6.559416770935059,-6.427226543426514,-6.393343448638916,-6.463282585144043,-6.55924129486084,-6.587903022766113,-6.51713228225708,-6.354595184326172,-6.386329650878906
1.2606536149978638,2.484037399291992,0.650079071521759,1.076772928237915,1.6659212112426758,0.3184037208557129,-0.19412364065647125,-0.23223106563091278,-1.754360556602478,-2.708393096923828,-1.4763849973678589,-0.23208270967006683,-1.3911925554275513,-4.703832149505615,-7.153756618499756,-7.008537769317627,-6.267845630645752,-5.913629055023193,-5.780919075012207,-5.921056270599365,-6.180723667144775,-6.6696953773498535,-7.169341087341309,-6.396117687225342,-5.317893028259277,-4.9855427742004395,-5.071218967437744,-5.384359836578369,-5.484932899475098,-5.5532941818237305,-5.947023391723633,-6.157174587249756,-6.20695686340332,-6.203381061553955,-5.985028266906738,-5.846803665161133,-5.870073318481445,-6.02081823348999,-6.084000587463379,-5.94211483001709,-5.6277570724487305,-5.487332344055176,-5.598256587982178
2.3512825965881348,2.0430774688720703,0.8366871476173401,0.2961212992668152,1.2232697010040283,1.8876392841339111,1.4259953498840332,0.8827244639396667,-0.8425848484039307,-1.8196779489517212,-0.3130626976490021,0.4896070957183838,-0.6799787878990173,-2.3796334266662598,-3.3278260231018066,-3.142364501953125,-3.9827470779418945,-4.313388824462891,-4.225508213043213,-4.572819709777832,-4.827816963195801,-5.127338409423828,-5.804541110992432,-6.019343852996826,-5.331453800201416,-4.259530067443848,-4.337839603424072,-4.679702281951904,-4.9306416511535645,-5.358797073364258,-5.640079975128174,-5.81627082824707,-5.856552600860596,-5.7586846351623535,-5.505862712860107,-5.306657314300537,-5.280588626861572,-5.34597110748291,-5.367795467376709,-5.318040370941162,-5.248884677886963,-5.12489128112793,-5.083432197570801
3.273439884185791,1.569236397743225,1.11015784740448,0.8904783129692078,1.0867421627044678,1.5046027898788452,0.351718008518219,-1.6592471599578857,-3.071240186691284,-3.108138084411621,-0.9986520409584045,-0.5482050180435181,-1.5237149000167847,-2.529540538787842,-3.292829990386963,-0.9534806609153748,0.5452197194099426,-1.2632311582565308,-2.6201255321502686,-3.1389572620391846,-3.5666234493255615,-4.091861248016357,-4.317951679229736,-4.55852746963501,-4.293119430541992,-4.119018077850342,-4.210297107696533,-4.305082321166992,-4.562406539916992,-4.833897113800049,-5.028144836425781,-5.165150165557861,-5.245811462402344,-5.226273536682129,-5.0675249099731445,-4.95355749130249,-4.942334175109863,-4.916821002960205,-4.80178689956665,-4.76780366897583,-4.750614166259766,-4.621700286865234,-4.5269598960876465
1.5861032009124756,0.41292238235473633,0.8180784583091736,2.2788565158843994,2.5554635524749756,1.1178297996520996,-0.8644271492958069,-4.227898597717285,-7.600014686584473,-6.729006290435791,-3.4837305545806885,-1.518357753753662,-2.0412650108337402,-3.511601686477661,-4.207890033721924,0.4312219023704529,4.7924275398254395,2.4772956371307373,-0.4310479760169983,-0.7465333938598633,-1.5274442434310913,-2.7886645793914795,-3.659632682800293,-3.7680110931396484,-3.4253809452056885,-3.3680663108825684,-3.421663284301758,-3.644296407699585,-3.914865016937256,-4.336628437042236,-4.582836151123047,-4.697098731994629,-4.64300537109375,-4.570680141448975,-4.547769546508789,-4.520526885986328,-4.427020072937012,-4.355079174041748,-4.257801055908203,-4.13623571395874,-3.957435369491577,-3.782285213470459,-3.680576801300049
-0.7605204582214355,-0.8128502368927002,0.07521572709083557,1.3737248182296753,0.16884028911590576,-1.9600945711135864,-2.9663822650909424,-4.72320556640625,-8.728264808654785,-9.793742179870605,-5.503733158111572,-2.2411816120147705,-1.838058590888977,-1.7403478622436523,-1.534713864326477,0.6704124212265015,3.7860376834869385,2.3925247192382812,0.21480411291122437,-0.24859383702278137,0.02168303355574608,-0.4575512111186981,-1.6320911645889282,-2.2661681175231934,-2.1389708518981934,-2.5739548206329346,-2.809580087661743,-2.3927688598632812,-2.795431137084961,-3.518893003463745,-4.118026256561279,-4.389279842376709,-4.299991607666016,-4.093321323394775,-3.950709819793701,-3.8732566833496094,-3.7945125102996826,-3.7412519454956055,-3.6384384632110596,-3.404444932937622,-3.0389418601989746,-2.683298349380493,-2.6165733337402344
-1.9793206453323364,-0.5319444537162781,-1.352204442024231,-3.7679386138916016,-4.884930610656738,-5.069699287414551,-4.482903957366943,-4.097626686096191,-7.0611162185668945,-10.249035835266113,-7.269364833831787,-2.5685882568359375,-0.2802930176258087,1.3479464054107666,1.3372145891189575,0.21717394888401031,-1.5906463861465454,-3.7763583660125732,-4.33969783782959,-1.1657569408416748,2.252946376800537,3.4865806102752686,2.391450881958008,0.2672457993030548,-0.8026300072669983,-0.7007434368133545,-0.5848206877708435,-1.1978528499603271,-2.0100951194763184,-2.418633460998535,-3.3104963302612305,-3.8191123008728027,-3.953575372695923,-3.7721140384674072,-3.3757877349853516,-3.050302028656006,-2.8137238025665283,-2.730694532394409,-2.6047515869140625,-2.392075777053833,-2.2022013664245605,-1.9124953746795654,-1.7500656843185425
-2.2226779460906982,0.08371154218912125,-1.8170307874679565,-6.082634925842285,-7.5380988121032715,-6.674585819244385,-5.124526023864746,-3.7817773818969727,-4.467941761016846,-7.047366142272949,-6.01570987701416,-1.838961124420166,0.9783845543861389,1.610213279724121,0.9041898250579834,-0.6933602690696716,-2.6116881370544434,-3.8899574279785156,-3.7044920921325684,-1.6332298517227173,1.2420899868011475,1.8963861465454102,-0.3262154459953308,-2.02032470703125,-0.5124995708465576,1.9552229642868042,1.137163519859314,-0.43761587142944336,-0.42961886525154114,-1.4049402475357056,-2.478142261505127,-3.0646722316741943,-3.3325259685516357,-3.173799753189087,-2.7291224002838135,-2.209083080291748,-1.8479117155075073,-1.6360236406326294,-1.5511997938156128,-1.4091287851333618,-1.328217625617981,-1.2138341665267944,-1.1557068824768066
-2.4231555461883545,-1.746721625328064,-3.678096294403076,-5.6961565017700195,-7.168540954589844,-6.851893901824951,-4.7651166915893555,-3.8399465084075928,-2.6488094329833984,-2.31721830368042,-2.183260202407837,-1.2402771711349487,-0.1846785843372345,-0.14851261675357819,-0.3537180721759796,-1.0758172273635864,-1.687633752822876,-1.2390724420547485,-1.0350117683410645,-0.7513406872749329,-0.46022534370422363,-2.5073962211608887,-5.2248382568359375,-4.232580661773682,-1.4352461099624634,1.7088351249694824,1.9996094703674316,1.8675873279571533,1.6928274631500244,-0.5659475922584534,-2.228070020675659,-2.5003747940063477,-2.723817825317383,-2.4388444423675537,-1.922969102859497,-1.4074838161468506,-1.0095038414001465,-0.722639799118042,-0.5051328539848328,-0.4085221588611603,-0.3600592017173767,-0.4669951796531677,-0.6108359694480896
-3.4025604724884033,-4.777463436126709,-5.206910133361816,-4.762157917022705,-5.961134433746338,-6.54929780960083,-4.620885848999023,-3.4110705852508545,-2.0401461124420166,-1.9445598125457764,-2.8560361862182617,-2.276951789855957,-0.6534119844436646,-0.7104198336601257,-2.0785930156707764,-2.2920000553131104,-1.174351453781128,-0.08464282006025314,-0.4183383882045746,-2.1241965293884277,-4.00466775894165,-6.216207027435303,-6.190426349639893,-3.5942397117614746,-0.5861433744430542,0.2779456377029419,0.5732338428497314,1.2236621379852295,-0.3776075839996338,-2.119554042816162,-2.3853511810302734,-2.3229143619537354,-1.9264755249023438,-1.5547322034835815,-1.0057041645050049,-0.645026445388794,-0.2543222904205322,0.08467686921358109,0.42281201481819153,0.5716118812561035,0.5909435153007507,0.4408769905567169,0.0867898017168045
-2.1291229724884033,-4.329166412353516,-4.959495544433594,-4.13917875289917,-4.99045467376709,-5.312039852142334,-4.553899765014648,-4.077329158782959,-3.259546995162964,-3.1056997776031494,-3.5049610137939453,-2.008911609649658,-1.351630449295044,-2.763139009475708,-3.5388522148132324,-2.8752477169036865,-1.241195797920227,-1.7263542413711548,-4.621083736419678,-6.13211727142334,-7.149067401885986,-5.526256561279297,-3.421802520751953,-2.3632423877716064,-2.7866592407226562,-4.337596893310547,-4.883881092071533,-4.798145294189453,-4.01194953918457,-2.904097318649292,-2.7094781398773193,-1.9490660429000854,-0.902897834777832,-0.5007898211479187,0.08871518820524216,0.516532301902771,0.9243159890174866,1.0555810928344727,1.3792146444320679,1.5974892377853394,1.5780352354049683,1.3889433145523071,0.9414005875587463
