data/wind_data/wind_Surface_55.json
{"header": {"parameterUnit": "KT", "parameterCategory": 2, "nx": 255, "ny": 198, "lo1": 44.73521041870117, "la1": -3.236724853515625, "lo2": 111.26478576660156, "la2": 43.468475341796875, "dx": 0.26192745566368103, "dy": -0.23708222806453705, "refTime": "2025-02-21 07:00:00", "forecastTime": 0, "parameterNumber": 2, "parameterNumberName": "eastward_wind"}, "data":
[rows 38 to 56 of 198, columns 129 to 171 of 255]
-5.254201412200928,-3.148879051208496,-0.07341304421424866,2.3303558826446533,4.6819891929626465,7.6608052253723145,6.340425968170166,1.928534746170044,-6.107980251312256,-10.088522911071777,-7.516794204711914,-5.854325294494629,-6.628403186798096,-8.329981803894043,-7.423255443572998,-6.823317527770996,-6.388248443603516,-8.75946044921875,-9.431360244750977,-7.599674701690674,-4.962957382202148,-3.9493300914764404,-8.12798023223877,-11.595793724060059,-10.701929092407227,-8.420597076416016,-10.25628662109375,-14.259574890136719,-13.389631271362305,-10.19560432434082,-8.316152572631836,-8.644330024719238,-10.1126708984375,-10.448253631591797,-9.630775451660156,-9.185564994812012,-10.672883987426758,-12.644546508789062,-12.901511192321777,-11.658892631530762,-12.448114395141602,-14.604209899902344,-13.843955993652344
-8.195130348205566,-4.971914768218994,-2.3017356395721436,0.5960555672645569,4.18317985534668,7.690266132354736,7.438708782196045,4.187437057495117,-4.814184188842773,-9.132916450500488,-5.873837947845459,-5.205440998077393,-5.5655837059021,-6.877190113067627,-5.743053436279297,-5.921165943145752,-8.531354904174805,-10.197320938110352,-9.914019584655762,-7.015379905700684,-5.68931770324707,-10.500813484191895,-14.87607479095459,-13.71674633026123,-11.226471900939941,-10.598913192749023,-12.686203002929688,-14.880844116210938,-13.383523941040039,-10.256521224975586,-9.00502872467041,-9.224844932556152,-8.86487102508545,-7.164231777191162,-6.977006912231445,-8.977996826171875,-11.761857986450195,-13.558314323425293,-12.190814971923828,-10.98381233215332,-12.579009056091309,-13.66822338104248,-12.276296615600586
-9.409936904907227,-7.044310092926025,-4.339075565338135,-0.7752504348754883,3.5644750595092773,4.897948741912842,-0.9107321500778198,-7.2693986892700195,-10.235838890075684,-8.54511547088623,-3.892540693283081,-4.285913944244385,-7.380562782287598,-7.103112697601318,-6.416457653045654,-7.86071252822876,-9.395111083984375,-9.473843574523926,-7.785908222198486,-6.1887993812561035,-8.633736610412598,-12.567357063293457,-13.415088653564453,-13.068865776062012,-13.007307052612305,-12.044096946716309,-10.303532600402832,-10.213924407958984,-11.536608695983887,-10.925920486450195,-8.798626899719238,-7.3426618576049805,-6.256841659545898,-6.4457478523254395,-11.04527473449707,-15.176238059997559,-14.516191482543945,-13.022184371948242,-11.482768058776855,-11.190309524536133,-12.237197875976562,-12.853777885437012,-12.187170028686523
-9.525607109069824,-7.479554176330566,-4.460038661956787,-0.6680371761322021,1.1721009016036987,-5.337782382965088,-9.869436264038086,-10.805580139160156,-11.209918975830078,-6.671000957489014,-3.9218027591705322,-5.014495372772217,-7.141763210296631,-7.983458042144775,-8.579845428466797,-8.330141067504883,-7.654368877410889,-8.262563705444336,-7.367491245269775,-8.136428833007812,-11.430663108825684,-11.690030097961426,-10.374711990356445,-12.198509216308594,-13.696846961975098,-12.175885200500488,-10.27338695526123,-10.37103271484375,-11.26549243927002,-10.755330085754395,-9.12905502319336,-6.98627233505249,-5.681187152862549,-8.533209800720215,-13.655000686645508,-16.015132904052734,-14.628986358642578,-12.416444778442383,-12.038705825805664,-12.733497619628906,-12.817421913146973,-12.643548965454102,-12.857455253601074
-10.11612319946289,-8.328507423400879,-6.0260796546936035,-3.9225428104400635,-3.420125961303711,-6.760695457458496,-8.852960586547852,-9.583954811096191,-9.758238792419434,-7.044892311096191,-5.3655009269714355,-5.8158674240112305,-7.051956653594971,-8.502752304077148,-9.563316345214844,-7.726095199584961,-8.515976905822754,-9.19119644165039,-9.326406478881836,-10.336114883422852,-10.478391647338867,-9.84978199005127,-11.511185646057129,-13.719551086425781,-13.494893074035645,-11.886629104614258,-11.121542930603027,-11.23421859741211,-11.28260326385498,-11.031729698181152,-10.345044136047363,-8.873122215270996,-8.007803916931152,-10.239303588867188,-13.366894721984863,-14.283370018005371,-14.109053611755371,-12.744487762451172,-11.68819522857666,-11.802774429321289,-12.128814697265625,-12.201411247253418,-12.401505470275879
-10.35788345336914,-9.430237770080566,-7.98303747177124,-6.519869327545166,-5.761758327484131,-6.924345970153809,-8.146167755126953,-8.756430625915527,-8.800257682800293,-6.058074951171875,-4.238332748413086,-5.633100509643555,-8.723462104797363,-7.834290981292725,-8.055073738098145,-11.002747535705566,-10.904860496520996,-9.347087860107422,-9.991771697998047,-9.802175521850586,-7.725419998168945,-7.658297538757324,-11.87314510345459,-14.206340789794922,-12.620899200439453,-11.206522941589355,-10.88539981842041,-10.915386199951172,-11.133056640625,-11.216377258300781,-10.797844886779785,-10.021341323852539,-10.829385757446289,-13.597006797790527,-15.156408309936523,-14.521738052368164,-13.376017570495605,-12.30788803100586,-10.910714149475098,-9.973172187805176,-11.118230819702148,-12.67451000213623,-12.454221725463867
-11.043877601623535,-10.80168628692627,-9.414689064025879,-7.138326168060303,-5.12846565246582,-4.531156063079834,-6.16858434677124,-7.983493328094482,-8.08115005493164,-6.672283172607422,-7.174509525299072,-8.738003730773926,-7.098391056060791,-5.4368133544921875,-8.617347717285156,-11.718195915222168,-9.427767753601074,-8.175484657287598,-9.429380416870117,-9.958304405212402,-8.699163436889648,-9.894034385681152,-13.215662002563477,-13.190522193908691,-10.284185409545898,-9.010397911071777,-9.905900001525879,-11.515005111694336,-12.052669525146484,-10.965387344360352,-9.606460571289062,-9.446237564086914,-11.590936660766602,-14.936982154846191,-15.635942459106445,-13.436907768249512,-11.557770729064941,-11.554730415344238,-11.925844192504883,-11.740734100341797,-11.89840030670166,-11.907094955444336,-10.90366268157959
-12.0931978225708,-11.724630355834961,-9.619693756103516,-6.365950107574463,-4.430284023284912,-4.868764400482178,-6.299447059631348,-7.586029052734375,-7.508608341217041,-6.916445255279541,-7.405805587768555,-6.904519081115723,-5.002125263214111,-7.974008560180664,-10.923105239868164,-10.01235294342041,-7.906156063079834,-7.659522533416748,-9.595365524291992,-11.31979751586914,-10.224074363708496,-10.560166358947754,-12.843132972717285,-11.53072738647461,-8.214797019958496,-8.496377944946289,-11.88720703125,-13.286603927612305,-12.546331405639648,-10.732596397399902,-9.6361665725708,-9.61803913116455,-10.567193031311035,-12.46871566772461,-13.449935913085938,-12.600899696350098,-11.577444076538086,-11.436491966247559,-11.401914596557617,-10.995899200439453,-9.971732139587402,-8.702740669250488,-8.757792472839355
-12.14025592803955,-11.896641731262207,-9.66126537322998,-6.812613010406494,-4.0791192054748535,-3.5347769260406494,-6.63730001449585,-7.898528575897217,-6.595494747161865,-7.515336036682129,-9.159432411193848,-7.087897777557373,-7.2867913246154785,-10.62270450592041,-10.685647964477539,-8.578370094299316,-8.68791389465332,-9.99647331237793,-11.54775619506836,-11.824241638183594,-9.952482223510742,-8.993141174316406,-9.57135009765625,-9.497896194458008,-9.345917701721191,-11.747485160827637,-13.692415237426758,-13.10867977142334,-11.773262023925781,-11.077899932861328,-11.035447120666504,-10.563913345336914,-9.859431266784668,-9.96828842163086,-11.675682067871094,-12.756097793579102,-11.8993501663208,-10.64167308807373,-10.343742370605469,-10.150169372558594,-8.694695472717285,-7.752289772033691,-9.760601043701172
-10.836008071899414,-12.800315856933594,-11.153443336486816,-8.573390007019043,-6.411844253540039,-5.385633945465088,-5.742663383483887,-7.596790790557861,-8.1290283203125,-6.687196254730225,-8.524552345275879,-9.429533958435059,-9.129589080810547,-9.827722549438477,-10.19008731842041,-10.193122863769531,-10.284749031066895,-11.214375495910645,-12.240350723266602,-11.375059127807617,-9.786011695861816,-9.568580627441406,-9.500030517578125,-9.033980369567871,-10.378923416137695,-12.484997749328613,-12.900623321533203,-11.95061206817627,-11.01781177520752,-10.678601264953613,-10.630207061767578,-10.792227745056152,-11.236542701721191,-12.514610290527344,-14.30674934387207,-13.822514533996582,-11.909271240234375,-11.179466247558594,-11.81212043762207,-11.479108810424805,-9.916335105895996,-9.4688720703125,-10.116276741027832
-7.8628339767456055,-9.041057586669922,-10.842106819152832,-9.475147247314453,-8.2365140914917,-8.923877716064453,-9.38031005859375,-7.734887599945068,-7.938424110412598,-6.6337738037109375,-8.466727256774902,-11.86631965637207,-9.71451473236084,-9.029434204101562,-10.437722206115723,-11.331687927246094,-10.753711700439453,-10.649454116821289,-10.823264122009277,-10.398641586303711,-10.37000846862793,-11.277799606323242,-11.443694114685059,-10.217571258544922,-10.119513511657715,-11.196629524230957,-11.430139541625977,-10.918867111206055,-10.35180377960205,-10.067535400390625,-10.890046119689941,-12.410942077636719,-13.082712173461914,-13.839975357055664,-14.519709587097168,-13.284957885742188,-11.516357421875,-11.486692428588867,-12.319768905639648,-11.709078788757324,-10.091141700744629,-9.796394348144531,-10.571020126342773
-5.457590579986572,-6.990593433380127,-9.710318565368652,-10.17370891571045,-10.503053665161133,-11.329889297485352,-11.486790657043457,-10.383971214294434,-9.91594123840332,-9.581459999084473,-10.939352035522461,-11.364309310913086,-9.016522407531738,-7.6491780281066895,-8.891603469848633,-10.340585708618164,-9.690983772277832,-8.272531509399414,-8.508732795715332,-8.661738395690918,-9.292404174804688,-11.876188278198242,-12.014383316040039,-9.916365623474121,-9.245173454284668,-9.816615104675293,-10.295181274414062,-10.349550247192383,-9.826207160949707,-9.48162841796875,-11.879801750183105,-14.35830307006836,-13.896417617797852,-13.280777931213379,-13.469477653503418,-12.50598430633545,-10.842525482177734,-10.599392890930176,-11.327024459838867,-11.019354820251465,-10.056341171264648,-10.32767391204834,-11.166873931884766
-5.321765422821045,-3.856947422027588,-7.129920482635498,-10.0326566696167,-10.52529525756836,-10.74350643157959,-10.354055404663086,-10.35935115814209,-9.866787910461426,-9.34055233001709,-8.989848136901855,-8.618017196655273,-9.048504829406738,-9.523009300231934,-9.381551742553711,-8.527498245239258,-7.439767360687256,-7.65618896484375,-9.050562858581543,-10.493264198303223,-11.005178451538086,-11.401713371276855,-11.945253372192383,-11.280858993530273,-10.52374267578125,-9.628902435302734,-8.691089630126953,-9.849919319152832,-11.069450378417969,-11.099915504455566,-13.462641716003418,-15.09253978729248,-13.485555648803711,-12.040271759033203,-11.850574493408203,-11.870492935180664,-11.34600830078125,-10.941802978515625,-10.92371940612793,-10.558504104614258,-10.072600364685059,-10.807235717773438,-11.998283386230469
-5.732433795928955,-5.2055888175964355,-6.171211242675781,-8.443793296813965,-10.617810249328613,-11.570819854736328,-10.31153392791748,-8.349425315856934,-8.557576179504395,-9.578437805175781,-8.185690879821777,-7.042311191558838,-8.956273078918457,-9.973240852355957,-9.51953125,-9.046419143676758,-8.92333698272705,-10.226478576660156,-11.652798652648926,-11.787050247192383,-11.171012878417969,-10.309660911560059,-10.538139343261719,-11.625116348266602,-11.733335494995117,-10.834272384643555,-10.55244255065918,-11.161846160888672,-11.543377876281738,-11.888117790222168,-13.34411907196045,-13.974331855773926,-13.145505905151367,-11.695874214172363,-11.168764114379883,-11.849512100219727,-11.95808219909668,-11.25318431854248,-10.713225364685059,-11.260618209838867,-12.565394401550293,-12.878185272216797,-11.758581161499023
-5.594440937042236,-5.346298694610596,-6.098459720611572,-5.533670425415039,-7.494436740875244,-11.389843940734863,-10.207354545593262,-8.3645601272583,-8.297740936279297,-9.396666526794434,-10.561420440673828,-9.384429931640625,-8.141127586364746,-8.614960670471191,-9.984179496765137,-9.779378890991211,-9.275421142578125,-10.828727722167969,-11.498770713806152,-11.042159080505371,-10.763667106628418,-10.595808982849121,-11.018173217773438,-11.178071975708008,-10.583484649658203,-10.126415252685547,-10.973827362060547,-12.126348495483398,-10.36918830871582,-9.166794776916504,-10.83474349975586,-12.449729919433594,-12.543270111083984,-12.217926979064941,-11.732569694519043,-10.817483901977539,-10.015604972839355,-10.505276679992676,-11.90511703491211,-12.581542015075684,-12.121855735778809,-11.218188285827637,-10.635778427124023
-6.580183029174805,-5.120151519775391,-4.373655319213867,-5.89422082901001,-8.402979850769043,-10.031253814697266,-9.914387702941895,-9.359246253967285,-9.554740905761719,-8.866914749145508,-9.299430847167969,-8.953886032104492,-8.112387657165527,-7.891171932220459,-8.077852249145508,-9.583091735839844,-11.376429557800293,-10.719489097595215,-9.963605880737305,-11.080818176269531,-11.332781791687012,-11.325157165527344,-11.854070663452148,-10.685141563415527,-8.623775482177734,-8.968385696411133,-11.84268569946289,-12.864080429077148,-10.441917419433594,-7.789900302886963,-8.787422180175781,-11.448296546936035,-12.31649112701416,-12.403429985046387,-12.273757934570312,-11.08090877532959,-10.5598783493042,-11.365315437316895,-12.015541076660156,-11.770575523376465,-10.893499374389648,-10.193168640136719,-10.54537296295166
-7.6835246086120605,-6.462759494781494,-4.4486799240112305,-4.370050430297852,-6.613190174102783,-8.271998405456543,-9.338433265686035,-9.766946792602539,-9.448648452758789,-7.658313751220703,-7.802421569824219,-9.115302085876465,-9.453537940979004,-8.443403244018555,-8.338709831237793,-9.519537925720215,-10.271346092224121,-10.028980255126953,-10.023990631103516,-10.399863243103027,-10.629342079162598,-11.077184677124023,-10.944384574890137,-9.89186954498291,-9.6709566116333,-10.95626449584961,-11.95248794555664,-11.515141487121582,-10.483126640319824,-10.05516529083252,-9.779457092285156,-10.325048446655273,-11.892319679260254,-12.891373634338379,-11.965076446533203,-11.218546867370605,-11.7985258102417,-11.953062057495117,-11.340791702270508,-11.134021759033203,-10.982637405395508,-10.40854263305664,-9.982720375061035
-8.579666137695312,-6.836152076721191,-2.5937914848327637,-1.0825695991516113,-3.9681711196899414,-5.93834114074707,-7.386375427246094,-8.681970596313477,-9.416505813598633,-8.699613571166992,-8.873603820800781,-8.665831565856934,-8.173120498657227,-8.83402156829834,-9.63884162902832,-9.526707649230957,-9.173213005065918,-8.974822044372559,-8.950726509094238,-8.532291412353516,-8.89930534362793,-10.677750587463379,-10.524839401245117,-9.139580726623535,-10.080367088317871,-10.973618507385254,-9.276956558227539,-8.163726806640625,-10.865859031677246,-13.110577583312988,-12.119275093078613,-11.245474815368652,-12.26446533203125,-12.195963859558105,-10.85764217376709,-11.016474723815918,-11.835532188415527,-11.381718635559082,-10.885542869567871,-10.572369575500488,-10.425055503845215,-10.240001678466797,-9.794161796569824
-8.133772850036621,-7.431650161743164,-4.853028297424316,-4.801687717437744,-7.537168979644775,-5.807388782501221,-4.001190185546875,-7.855475425720215,-10.175189018249512,-9.252108573913574,-7.926920413970947,-7.235753059387207,-8.135903358459473,-9.383894920349121,-9.223450660705566,-8.623517036437988,-8.116193771362305,-8.620321273803711,-9.666057586669922,-9.843421936035156,-10.3751859664917,-11.03010082244873,-10.438908576965332,-10.402020454406738,-11.759200096130371,-11.262068748474121,-8.895750045776367,-9.265920639038086,-12.242300987243652,-13.165050506591797,-11.371065139770508,-10.530765533447266,-11.202584266662598,-10.988982200622559,-10.614147186279297,-11.290400505065918,-11.459661483764648,-11.082630157470703,-10.829672813415527,-10.643250465393066,-10.054182052612305,-9.524624824523926,-9.343270301818848
