data/wind_data/wind_46_6.json
{"header": {"parameterUnit": "KT", "parameterCategory": 2, "nx": 256, "ny": 198, "lo1": 44.73521041870117, "la1": -3.236724853515625, "lo2": 111.26478576660156, "la2": 43.468475341796875, "dx": 0.2609002888202667, "dy": -0.23708222806453705, "refTime": "2025-02-20 22:00:00", "forecastTime": 0, "parameterNumber": 2, "parameterNumberName": "eastward_wind"}, "data":
[rows 160 to 179 of 198, columns 0 to 43 of 256]
71.77791595458984,71.05321502685547,70.15779113769531,67.54106903076172,64.39129638671875,62.204795837402344,61.16571044921875,61.24332809448242,60.98581314086914,59.6056022644043,57.509239196777344,55.49785614013672,54.02040481567383,52.78647232055664,51.434906005859375,50.33348083496094,49.47757339477539,48.8137092590332,48.5543098449707,48.342803955078125,47.943946838378906,47.180362701416016,45.97768020629883,44.42607116699219,42.88127899169922,42.186622619628906,42.302093505859375,41.17155838012695,38.6860466003418,35.163150787353516,33.89669418334961,35.327213287353516,36.00359344482422,35.53623580932617,35.00729751586914,35.48675537109375,36.49110794067383,36.78550720214844,36.512020111083984,36.493038177490234,36.90096664428711,37.1105842590332,36.91609573364258,36.8482666015625
68.07994079589844,71.10822296142578,70.4319839477539,66.97744750976562,63.43733596801758,61.98677444458008,62.31379699707031,62.65585708618164,61.70741653442383,59.572994232177734,57.08784103393555,55.27670669555664,54.17689895629883,53.09844207763672,51.9517707824707,51.10062026977539,50.266231536865234,49.4186897277832,48.90754699707031,48.121788024902344,47.11773681640625,45.977806091308594,44.49671173095703,42.179962158203125,39.48429489135742,38.5552864074707,37.928985595703125,35.624229431152344,36.13257598876953,36.31745147705078,35.42477798461914,35.89763641357422,35.71508026123047,34.981056213378906,35.201236724853516,36.00716781616211,36.4930305480957,36.255699157714844,35.85520935058594,35.65510177612305,35.717445373535156,35.65119552612305,35.70314407348633,35.89970779418945
63.86940002441406,67.05179595947266,67.12200927734375,64.23548126220703,62.16010284423828,62.45512390136719,63.5280647277832,63.36328125,61.588863372802734,58.6412353515625,55.88401794433594,54.557586669921875,53.86305236816406,52.99853515625,52.1119384765625,51.380943298339844,50.42067337036133,49.47754669189453,48.5883903503418,47.18376159667969,45.46148681640625,43.96408462524414,41.49523162841797,38.73326110839844,36.37254333496094,36.760215759277344,37.2723388671875,35.9492301940918,36.02292251586914,34.932979583740234,34.21522903442383,34.70886993408203,34.359153747558594,33.58456802368164,34.11479568481445,34.478511810302734,35.14491271972656,35.445858001708984,34.68232345581055,33.78384017944336,33.60688018798828,33.500328063964844,33.980812072753906,34.286598205566406
60.118465423583984,61.66377639770508,61.374778747558594,59.54679489135742,59.31256103515625,61.145355224609375,62.815364837646484,62.81212615966797,60.693084716796875,57.214820861816406,55.05686950683594,54.27666473388672,53.40217208862305,52.53841018676758,51.70437240600586,50.82594299316406,49.79435729980469,48.9250602722168,47.674072265625,45.53649139404297,43.45259094238281,41.50315475463867,38.95631790161133,37.481040954589844,37.69171142578125,37.66496658325195,36.26151657104492,35.469791412353516,34.31928634643555,33.43368148803711,32.741825103759766,32.882545471191406,32.816490173339844,32.41754913330078,32.2054328918457,29.673805236816406,29.018884658813477,32.31340026855469,33.70590591430664,33.506229400634766,32.41630172729492,31.49909782409668,31.70320701599121,31.902555465698242
56.388694763183594,56.1097297668457,54.99449157714844,54.33249282836914,55.48568344116211,58.22298812866211,60.37437438964844,60.35074996948242,58.144859313964844,55.42747116088867,54.26110076904297,53.59429168701172,52.56132507324219,51.50920104980469,50.56792068481445,49.66741180419922,48.794734954833984,47.95345687866211,46.33186721801758,43.87443923950195,41.64896774291992,39.408714294433594,38.76242446899414,37.842124938964844,36.915733337402344,36.01342010498047,34.37601089477539,34.38072204589844,32.99209976196289,32.33143997192383,32.145233154296875,31.468202590942383,31.427692413330078,31.235050201416016,28.630258560180664,23.86423110961914,25.138708114624023,30.90586280822754,33.96235275268555,33.86844253540039,32.32310104370117,31.213075637817383,30.523273468017578,29.77998924255371
52.163475036621094,50.34743118286133,48.82795715332031,49.44149398803711,51.61797332763672,54.810203552246094,56.76690673828125,56.50440216064453,54.63138961791992,53.112430572509766,52.395362854003906,51.79878234863281,50.84781265258789,49.86766815185547,49.039005279541016,48.3117561340332,47.667903900146484,46.7210807800293,44.77152633666992,42.35594177246094,39.978904724121094,38.313655853271484,38.14337158203125,36.657936096191406,34.52378463745117,33.53731918334961,32.656639099121094,33.023353576660156,32.921119689941406,32.379302978515625,31.97015953063965,30.489219665527344,29.887248992919922,29.49717140197754,25.129653930664062,22.1652774810791,25.88667106628418,31.57246208190918,34.39952087402344,33.999637603759766,32.32234191894531,31.093524932861328,30.04127311706543,28.812551498413086
46.97209930419922,43.93598937988281,42.688236236572266,44.62301254272461,47.39502716064453,50.544456481933594,52.339271545410156,52.504329681396484,51.297733306884766,50.33273696899414,49.72159194946289,49.05546951293945,48.27009582519531,47.653961181640625,47.24983215332031,46.86219024658203,46.43806838989258,45.14047622680664,43.06081771850586,40.891326904296875,38.202552795410156,36.96868896484375,36.50506591796875,34.36387634277344,32.76042938232422,32.65242385864258,31.827985763549805,31.553691864013672,32.10756301879883,31.87445640563965,30.81105613708496,28.756637573242188,27.581422805786133,28.18290138244629,24.199127197265625,22.271076202392578,26.68388557434082,32.5019416809082,34.923526763916016,34.120574951171875,32.288211822509766,30.922889709472656,29.61691665649414,28.483858108520508
41.42578887939453,37.590087890625,36.943912506103516,39.60773468017578,42.28554916381836,45.15288543701172,47.128807067871094,47.852718353271484,47.355247497558594,46.7559814453125,46.23039627075195,45.51115798950195,44.88019943237305,44.69043731689453,44.94363021850586,45.061527252197266,44.575836181640625,42.769325256347656,40.7128791809082,38.96303939819336,36.417911529541016,35.72498321533203,35.436649322509766,33.79008102416992,33.11941909790039,32.827423095703125,31.38726234436035,30.38950538635254,30.110660552978516,29.29833984375,28.135334014892578,26.290756225585938,26.131433486938477,25.598987579345703,21.64570426940918,22.200767517089844,27.448081970214844,32.86386489868164,34.55134582519531,33.73859405517578,32.37263870239258,30.994239807128906,29.57373046875,28.425546646118164
35.39973831176758,32.490142822265625,32.34925079345703,34.618804931640625,36.652469635009766,39.025508880615234,40.879878997802734,41.89702224731445,42.31129455566406,42.15239715576172,41.58916091918945,41.074440002441406,40.90535354614258,41.226341247558594,41.9682502746582,42.13356018066406,41.39091110229492,39.61951446533203,37.79380416870117,36.405582427978516,34.99396514892578,35.096343994140625,35.41790771484375,34.4619140625,33.34163284301758,32.14714813232422,31.347387313842773,30.86149024963379,29.09864044189453,26.303049087524414,24.9350528717041,25.494224548339844,24.096651077270508,19.994552612304688,19.345123291015625,23.290971755981445,28.53325080871582,32.275997161865234,33.39454650878906,33.1130256652832,32.27141571044922,31.000011444091797,29.541027069091797,28.33469009399414
29.71970558166504,28.20958709716797,28.55876922607422,30.03655242919922,31.705869674682617,33.525760650634766,35.12010955810547,36.94256591796875,38.2838020324707,38.25300598144531,37.441524505615234,36.835086822509766,36.77705001831055,37.64256286621094,38.588951110839844,38.49753189086914,37.791358947753906,36.6604118347168,35.19623947143555,34.066192626953125,33.50288391113281,34.18352127075195,35.323089599609375,34.805423736572266,32.453590393066406,30.767683029174805,31.557758331298828,31.376916885375977,28.182472229003906,24.144359588623047,23.258235931396484,25.90409278869629,23.41086196899414,19.421070098876953,21.3634033203125,25.573265075683594,29.179441452026367,31.494848251342773,32.650482177734375,32.76858901977539,31.914194107055664,30.582412719726562,29.165422439575195,28.020353317260742
26.393484115600586,26.205036163330078,26.310081481933594,27.016977310180664,28.543901443481445,30.421171188354492,32.29071807861328,34.162960052490234,34.8361701965332,34.93871307373047,34.584835052490234,33.453521728515625,32.717124938964844,33.504093170166016,34.107643127441406,34.203277587890625,34.05339813232422,33.92799758911133,33.202232360839844,32.31298065185547,31.846912384033203,32.56175994873047,34.22581100463867,34.34687423706055,31.272890090942383,29.761642456054688,31.293140411376953,30.338825225830078,26.660818099975586,23.509763717651367,23.598167419433594,26.45276641845703,26.314815521240234,24.155929565429688,24.893054962158203,27.473129272460938,29.963342666625977,31.728866577148438,32.35971450805664,32.029109954833984,31.13034439086914,29.987695693969727,28.62113380432129,27.268892288208008
25.113887786865234,26.357223510742188,25.803842544555664,25.526399612426758,26.69012451171875,28.391244888305664,29.80873680114746,30.720252990722656,30.86590576171875,31.265155792236328,31.16189193725586,29.926361083984375,29.463714599609375,29.850217819213867,29.51529884338379,29.815994262695312,30.402175903320312,31.20078468322754,31.431102752685547,31.056190490722656,30.50822639465332,30.924510955810547,32.113834381103516,32.9952392578125,30.617923736572266,29.35555648803711,30.49760627746582,29.377273559570312,26.92422866821289,24.777359008789062,24.911346435546875,27.44434928894043,28.875402450561523,28.503623962402344,28.555753707885742,29.88483428955078,31.67693519592285,32.751609802246094,32.531044006347656,31.659101486206055,30.581501007080078,29.54313087463379,27.991981506347656,26.129518508911133
24.216840744018555,27.745136260986328,26.56285858154297,25.245203018188477,25.425697326660156,26.079050064086914,26.96695327758789,27.666763305664062,27.447559356689453,26.985164642333984,26.87838363647461,26.766061782836914,27.816213607788086,28.137466430664062,27.095815658569336,27.068584442138672,27.70680046081543,29.024093627929688,29.937942504882812,29.699913024902344,28.740570068359375,28.589277267456055,29.146493911743164,30.438678741455078,30.57867431640625,29.814008712768555,30.145414352416992,29.64617347717285,27.969100952148438,26.351638793945312,26.68196678161621,27.99764060974121,28.687000274658203,29.753355026245117,31.308856964111328,32.98329544067383,34.1544189453125,34.198089599609375,33.731292724609375,32.696434020996094,31.189910888671875,29.584880828857422,27.132442474365234,24.775876998901367
23.181766510009766,26.029640197753906,25.93504524230957,25.175443649291992,24.61058235168457,24.72235107421875,25.442548751831055,25.98790168762207,25.166982650756836,23.76409339904785,23.419418334960938,23.660459518432617,25.065263748168945,25.9979248046875,25.819812774658203,25.822277069091797,26.35019302368164,27.776214599609375,28.635793685913086,27.95355987548828,26.423494338989258,25.563188552856445,25.663660049438477,26.909765243530273,29.250478744506836,30.58209228515625,30.631017684936523,30.682018280029297,28.34938621520996,26.469833374023438,26.986244201660156,27.16302490234375,27.51127815246582,29.336223602294922,31.878305435180664,34.21933364868164,35.33265686035156,35.29710388183594,35.15170669555664,34.0560302734375,32.262245178222656,29.736032485961914,26.23081398010254,23.37832260131836
22.593427658081055,24.401992797851562,25.068769454956055,25.346059799194336,25.21978187561035,25.541128158569336,25.559846878051758,25.278709411621094,23.698101043701172,22.087417602539062,21.047195434570312,20.9986572265625,22.23656463623047,23.11377716064453,24.459741592407227,25.39032554626465,26.14190673828125,27.335205078125,27.656784057617188,26.42135238647461,24.694360733032227,23.456199645996094,22.359636306762695,22.507213592529297,25.81662368774414,29.914697647094727,31.18577766418457,31.671463012695312,29.803462982177734,27.34869384765625,26.755502700805664,26.725570678710938,27.21129608154297,28.556081771850586,30.613845825195312,32.7156867980957,33.999481201171875,34.61673355102539,34.82225036621094,34.25474548339844,32.10755157470703,28.80303192138672,24.704938888549805,21.824190139770508
22.852935791015625,24.689958572387695,25.376562118530273,26.42889976501465,26.8907413482666,26.586864471435547,25.776660919189453,24.817089080810547,22.760927200317383,21.15843391418457,19.78752899169922,19.534521102905273,20.669757843017578,20.596832275390625,22.831575393676758,25.43217658996582,26.908796310424805,27.830360412597656,27.437240600585938,25.926103591918945,24.46603775024414,23.279266357421875,21.122835159301758,20.254850387573242,23.654890060424805,28.697309494018555,30.96923828125,31.912155151367188,31.83566665649414,30.515634536743164,29.15827751159668,28.35674285888672,28.100101470947266,28.21222686767578,28.969619750976562,30.253767013549805,31.43025779724121,32.484474182128906,32.81280517578125,32.504966735839844,30.782506942749023,27.424375534057617,23.728893280029297,21.38218116760254
23.82781219482422,25.552114486694336,26.449087142944336,27.9833927154541,27.987686157226562,26.80378532409668,26.01448631286621,24.82914924621582,22.748607635498047,20.874725341796875,19.18520736694336,18.37649154663086,19.629823684692383,19.232555389404297,21.586606979370117,25.67051887512207,28.43022346496582,29.216827392578125,27.91756248474121,26.48252296447754,25.562734603881836,24.76297378540039,22.57694435119629,21.53069305419922,24.452482223510742,28.637659072875977,30.5773983001709,31.512666702270508,32.79530334472656,33.66310501098633,33.19615936279297,31.860767364501953,30.45515251159668,29.12932014465332,28.531539916992188,28.912729263305664,29.612089157104492,30.432125091552734,30.52569580078125,29.735200881958008,28.729045867919922,26.776615142822266,24.36601448059082,22.55681610107422
25.094926834106445,25.73208999633789,26.99557113647461,28.85123062133789,28.56435203552246,27.343284606933594,26.097152709960938,24.55714225769043,22.38440704345703,20.742042541503906,19.199586868286133,17.581602096557617,18.74909019470215,18.85959243774414,20.8579158782959,25.797840118408203,30.034574508666992,30.741167068481445,28.884424209594727,27.772459030151367,27.40067481994629,27.048904418945312,25.72794532775879,24.946304321289062,26.59687614440918,29.76651954650879,31.49139976501465,32.07471466064453,33.330806732177734,35.18308639526367,36.06472396850586,35.448036193847656,33.74969482421875,31.59764862060547,29.93068504333496,29.133861541748047,28.963716506958008,29.079864501953125,28.608747482299805,27.585309982299805,27.06529426574707,26.50200653076172,25.33995819091797,24.024276733398438
26.746959686279297,30.20181655883789,30.154712677001953,30.682708740234375,29.109638214111328,26.885637283325195,25.12567138671875,23.91630744934082,22.18577003479004,21.24635124206543,20.186567306518555,18.08432960510254,18.11557960510254,18.699010848999023,20.452423095703125,25.90323829650879,31.254697799682617,31.90896987915039,30.01713752746582,29.32859230041504,29.562904357910156,29.838430404663086,29.598812103271484,29.343862533569336,29.951416015625,31.79769515991211,33.82085418701172,34.629817962646484,35.13865280151367,36.18364334106445,37.135440826416016,37.11751937866211,36.003475189208984,34.094390869140625,31.907886505126953,29.930767059326172,28.629661560058594,28.034465789794922,26.949134826660156,25.88542938232422,26.257423400878906,26.56331443786621,25.65142250061035,24.546667098999023
28.381731033325195,35.38972473144531,34.82041931152344,33.59712600708008,29.059001922607422,25.867738723754883,24.861040115356445,23.835330963134766,22.74308204650879,22.286592483520508,21.09686851501465,19.55167579650879,18.29198455810547,18.343917846679688,19.820863723754883,25.68151092529297,32.28447723388672,33.2094841003418,31.385181427001953,30.8603515625,31.6185359954834,32.53807067871094,33.10302734375,33.4381217956543,34.10083770751953,35.082496643066406,36.71538543701172,38.186710357666016,38.495426177978516,38.145633697509766,37.502376556396484,36.8432502746582,36.21119689941406,34.94807434082031,32.769981384277344,30.161724090576172,28.17383575439453,27.23345184326172,25.542245864868164,24.2880859375,24.98161506652832,26.016799926757812,25.193496704101562,24.348867416381836
