data/wind_data/wind_15_6.json
{"header": {"parameterUnit": "KT", "parameterCategory": 2, "nx": 256, "ny": 198, "lo1": 44.73521041870117, "la1": -3.236724853515625, "lo2": 111.26478576660156, "la2": 43.468475341796875, "dx": 0.2609002888202667, "dy": -0.23708222806453705, "refTime": "2025-02-19 15:00:00", "forecastTime": 0, "parameterNumber": 2, "parameterNumberName": "eastward_wind"}, "data":
[rows 40 to 59 of 198, columns 0 to 43 of 256]
0.06502851843833923,0.49906307458877563,-0.3783964216709137,-1.6072251796722412,-0.5992841720581055,-4.2825798988342285,-5.5890679359436035,-6.954641342163086,-7.7111101150512695,-8.247748374938965,-8.604229927062988,-8.779046058654785,-8.728271484375,-8.546388626098633,-8.373346328735352,-8.247540473937988,-8.000149726867676,-7.608451843261719,-7.325050354003906,-7.346339702606201,-7.594900608062744,-7.888041973114014,-7.970358371734619,-7.656971454620361,-7.141500949859619,-6.92570161819458,-7.076968193054199,-7.169282913208008,-7.031367778778076,-6.789062023162842,-6.642246246337891,-6.80699348449707,-7.169473648071289,-7.536224365234375,-7.85740327835083,-8.182888984680176,-8.419198036193848,-8.537314414978027,-8.487643241882324,-8.117971420288086,-7.61710262298584,-7.2727885246276855,-7.113310813903809,-6.996743679046631
2.0294058322906494,1.644411325454712,0.296558678150177,-0.8882201313972473,-0.3319684863090515,-3.0906827449798584,-4.399699687957764,-5.697408199310303,-6.717445373535156,-7.3892364501953125,-7.813661098480225,-7.95945930480957,-8.12733268737793,-8.312359809875488,-8.327054977416992,-8.137858390808105,-7.8332977294921875,-7.5427117347717285,-7.288562297821045,-7.1403985023498535,-7.100464344024658,-7.14261531829834,-7.223310947418213,-7.190253257751465,-6.889340877532959,-6.605005264282227,-6.60150146484375,-6.854535102844238,-7.11051082611084,-7.082964897155762,-6.913543224334717,-6.945782661437988,-7.132052421569824,-7.313255310058594,-7.467259883880615,-7.742208003997803,-8.007423400878906,-8.040216445922852,-7.75303840637207,-7.142484664916992,-6.532773971557617,-6.23771333694458,-6.1679840087890625,-6.039943695068359
1.5814497470855713,0.27073296904563904,-0.9574066400527954,-1.4389655590057373,-0.5235802531242371,-2.856666326522827,-4.004251480102539,-5.060095310211182,-6.0328264236450195,-6.757201194763184,-7.330930709838867,-7.600106716156006,-7.855536460876465,-8.140118598937988,-8.237265586853027,-8.043731689453125,-7.755901336669922,-7.53554105758667,-7.2781219482421875,-6.8935866355896,-6.538116931915283,-6.346638202667236,-6.40194034576416,-6.611166954040527,-6.606865882873535,-6.4130682945251465,-6.422275543212891,-6.736820220947266,-7.147947788238525,-7.338445663452148,-7.272055149078369,-7.147364139556885,-7.086843013763428,-7.100526332855225,-7.167072772979736,-7.320018768310547,-7.391488075256348,-7.158114910125732,-6.688570499420166,-6.109466552734375,-5.665243148803711,-5.545962810516357,-5.490802764892578,-5.297992706298828
-0.02691214345395565,-1.9340204000473022,-2.781764030456543,-2.311335802078247,-0.7069939970970154,-3.3122949600219727,-4.1196980476379395,-4.946794509887695,-5.868406772613525,-6.591626167297363,-7.120910167694092,-7.449945449829102,-7.683006286621094,-7.843774318695068,-7.922696590423584,-7.808144569396973,-7.514532089233398,-7.202816486358643,-6.8821916580200195,-6.4158148765563965,-5.94913387298584,-5.720878601074219,-5.853137493133545,-6.248547554016113,-6.424081802368164,-6.275925636291504,-6.311906337738037,-6.705488681793213,-7.159355640411377,-7.446521282196045,-7.457686901092529,-7.24514627456665,-6.972622871398926,-6.814990520477295,-6.72104024887085,-6.657172203063965,-6.51223611831665,-6.098291873931885,-5.541316986083984,-5.090702056884766,-4.974910259246826,-5.129144668579102,-5.211890697479248,-5.01678991317749
-2.293785572052002,-3.8125038146972656,-3.7886292934417725,-2.5512583255767822,-0.3230903148651123,-3.202021837234497,-3.7925362586975098,-4.666079998016357,-5.603208541870117,-6.402319431304932,-6.872130870819092,-7.157436847686768,-7.385431289672852,-7.538080215454102,-7.660882472991943,-7.582380771636963,-7.203202247619629,-6.677089691162109,-6.18995475769043,-5.673929214477539,-5.2377495765686035,-5.200181484222412,-5.629491806030273,-6.298550128936768,-6.714057922363281,-6.636871814727783,-6.595155715942383,-6.889223098754883,-7.20121955871582,-7.371248245239258,-7.404757022857666,-7.172329902648926,-6.7781877517700195,-6.448657035827637,-6.144478797912598,-5.850769996643066,-5.5411834716796875,-5.072368144989014,-4.537754058837891,-4.245166301727295,-4.363131046295166,-4.670024871826172,-4.899931907653809,-4.804445743560791
-3.841038703918457,-4.614058017730713,-3.997915744781494,-2.317690134048462,0.42090940475463867,-2.0630247592926025,-2.6897177696228027,-3.783921241760254,-4.97624397277832,-5.990649223327637,-6.557175159454346,-6.845571517944336,-7.020523548126221,-7.166720390319824,-7.2552642822265625,-7.044731616973877,-6.537937641143799,-5.982805252075195,-5.5425705909729,-5.105058193206787,-4.731271266937256,-4.866396903991699,-5.638658046722412,-6.553887844085693,-7.145928859710693,-7.215603828430176,-7.098071098327637,-7.238353729248047,-7.479063510894775,-7.505400657653809,-7.348971366882324,-7.029994010925293,-6.635308742523193,-6.225146770477295,-5.758996486663818,-5.252369403839111,-4.793249607086182,-4.354646682739258,-4.011512279510498,-3.882650375366211,-3.9399333000183105,-4.0805583000183105,-4.201784133911133,-4.169688701629639
-2.5630011558532715,-3.220196485519409,-2.840765953063965,-1.7587904930114746,0.9101424217224121,-0.5383561849594116,-1.6876330375671387,-3.20292067527771,-4.604962348937988,-5.622161388397217,-6.217286586761475,-6.436509609222412,-6.505014419555664,-6.5320234298706055,-6.441455364227295,-6.088173866271973,-5.645090579986572,-5.352535724639893,-5.241245746612549,-5.141055583953857,-4.933396339416504,-4.978553295135498,-5.660907745361328,-6.5433454513549805,-7.12937068939209,-7.326147556304932,-7.249697208404541,-7.364957332611084,-7.664237022399902,-7.606233596801758,-7.171507835388184,-6.706599235534668,-6.327008247375488,-6.0111613273620605,-5.563894748687744,-4.946272373199463,-4.328291416168213,-3.855757236480713,-3.6526951789855957,-3.6480865478515625,-3.651829242706299,-3.6282989978790283,-3.4969918727874756,-3.285743474960327
-1.2305079698562622,-1.7792322635650635,-1.6870263814926147,-1.2522974014282227,0.9939371347427368,-0.17774824798107147,-1.777866244316101,-3.3878915309906006,-4.573775291442871,-5.288471698760986,-5.7726263999938965,-5.91157341003418,-5.795168399810791,-5.6614909172058105,-5.591952800750732,-5.38865852355957,-5.190913677215576,-5.2089152336120605,-5.397738933563232,-5.5821380615234375,-5.585446834564209,-5.473140716552734,-5.643373489379883,-6.126631259918213,-6.641859531402588,-6.980405807495117,-6.988150596618652,-7.015271186828613,-7.231775760650635,-7.176618576049805,-6.73282527923584,-6.2207865715026855,-5.829440593719482,-5.628624439239502,-5.354197978973389,-4.813349723815918,-4.155421257019043,-3.603079080581665,-3.344852924346924,-3.32904052734375,-3.415374279022217,-3.4290640354156494,-3.1026177406311035,-2.587008476257324
-1.5439090728759766,-1.9324023723602295,-1.8874379396438599,-1.2388169765472412,0.19438757002353668,-1.058517575263977,-2.3681628704071045,-3.320775270462036,-4.280117511749268,-5.046335697174072,-5.503473281860352,-5.549686431884766,-5.259279251098633,-4.99232292175293,-5.101130485534668,-5.377497673034668,-5.448205471038818,-5.4126763343811035,-5.57949686050415,-5.879248142242432,-6.0825090408325195,-5.960628032684326,-5.71303653717041,-5.651757717132568,-5.906283855438232,-6.303924560546875,-6.375641822814941,-6.187172889709473,-6.196394443511963,-6.243578910827637,-6.056241512298584,-5.726820468902588,-5.428468227386475,-5.311258316040039,-5.170825958251953,-4.758286952972412,-4.158308506011963,-3.5173680782318115,-3.0773980617523193,-2.889530658721924,-2.8921585083007812,-2.943128824234009,-2.706535816192627,-2.1688828468322754
-1.775393009185791,-2.581232786178589,-2.435041666030884,-1.7165759801864624,-1.3034706115722656,-1.7038764953613281,-2.3859333992004395,-2.8577075004577637,-3.7242648601531982,-4.823315620422363,-5.362376689910889,-5.242541313171387,-4.804154396057129,-4.64291524887085,-5.020685195922852,-5.470852375030518,-5.440594673156738,-5.2738037109375,-5.412893295288086,-5.6738762855529785,-5.934250354766846,-6.014233112335205,-5.850602626800537,-5.553368091583252,-5.403929710388184,-5.478097915649414,-5.496799945831299,-5.188443183898926,-4.847401142120361,-4.860284805297852,-5.075595855712891,-5.193735599517822,-5.202398300170898,-5.180535793304443,-4.958888530731201,-4.50265645980835,-3.935930013656616,-3.399744749069214,-2.9516894817352295,-2.5552730560302734,-2.2961974143981934,-2.112990379333496,-1.9396346807479858,-1.6616976261138916
-1.3613420724868774,-2.355632781982422,-2.5284643173217773,-2.535645008087158,-2.9176199436187744,-1.64700186252594,-1.4915941953659058,-2.4061334133148193,-3.288698434829712,-4.162646293640137,-4.7686848640441895,-4.8646721839904785,-4.599368095397949,-4.495987415313721,-4.647171497344971,-4.720025539398193,-4.540982723236084,-4.579579830169678,-4.911412715911865,-5.1700286865234375,-5.351284980773926,-5.50425910949707,-5.517190456390381,-5.318450927734375,-5.048602104187012,-4.866806507110596,-4.71763801574707,-4.37762451171875,-3.8394663333892822,-3.569291830062866,-3.8117117881774902,-4.289425373077393,-4.69198751449585,-4.831496238708496,-4.5567946434021,-3.9884562492370605,-3.356344699859619,-2.9583072662353516,-2.7055490016937256,-2.3441555500030518,-1.8549073934555054,-1.320893406867981,-0.9163495302200317,-0.641841471195221
-1.5417691469192505,-0.5329638123512268,-1.78395676612854,-2.7079145908355713,-3.2960703372955322,-1.4430903196334839,-1.082565426826477,-1.7279661893844604,-2.9823460578918457,-3.8239054679870605,-4.080451011657715,-4.318747043609619,-4.348578929901123,-4.0420002937316895,-3.581141233444214,-3.136975049972534,-2.9946515560150146,-3.5238430500030518,-4.192441463470459,-4.44912576675415,-4.553981781005859,-4.713922500610352,-4.8129987716674805,-4.689196586608887,-4.4712934494018555,-4.316399574279785,-4.161398887634277,-3.907184362411499,-3.3894169330596924,-2.7659335136413574,-2.587036371231079,-2.8818371295928955,-3.3616952896118164,-3.6920902729034424,-3.6845686435699463,-3.3270883560180664,-2.778449535369873,-2.272754430770874,-2.0167131423950195,-1.776928424835205,-1.3136777877807617,-0.6436614394187927,0.10179208219051361,0.6779242753982544
-2.8177506923675537,0.26551809906959534,-1.1675482988357544,-2.181797981262207,-3.142580270767212,-1.2673157453536987,-1.2261426448822021,-1.7803624868392944,-2.4979043006896973,-3.091249704360962,-3.3640823364257812,-3.4037153720855713,-3.360119581222534,-3.091984987258911,-2.477299213409424,-1.8039129972457886,-1.5838878154754639,-2.256211042404175,-3.15394926071167,-3.484593152999878,-3.4899380207061768,-3.651782512664795,-3.7946598529815674,-3.6910383701324463,-3.472320079803467,-3.3945586681365967,-3.4154837131500244,-3.3685779571533203,-3.033790349960327,-2.3182485103607178,-1.6710822582244873,-1.480087399482727,-1.6886898279190063,-2.045229196548462,-2.320059061050415,-2.3682565689086914,-2.0732765197753906,-1.6199791431427002,-1.2631263732910156,-0.8949711918830872,-0.37642908096313477,0.3487798571586609,1.1735032796859741,1.7736740112304688
-2.6093735694885254,-2.550248861312866,-1.739587664604187,-1.7470204830169678,-2.7983286380767822,-1.650064468383789,-1.5679682493209839,-1.8598194122314453,-1.970729947090149,-2.0310306549072266,-1.9646601676940918,-1.7985070943832397,-1.6908559799194336,-1.6452007293701172,-1.490754246711731,-1.2224088907241821,-1.1543134450912476,-1.442165493965149,-1.930968999862671,-2.10709547996521,-1.9146159887313843,-1.9939663410186768,-2.2025632858276367,-2.212366819381714,-2.09999418258667,-2.036118268966675,-2.0811827182769775,-2.151784658432007,-2.0052011013031006,-1.4917248487472534,-0.8579989075660706,-0.5040252208709717,-0.4875568151473999,-0.7283354997634888,-1.0038059949874878,-1.116850733757019,-1.0052410364151,-0.7436531782150269,-0.3868795335292816,0.1616896688938141,0.9971021413803101,1.942161202430725,2.699801206588745,2.982492685317993
-0.2587125301361084,-0.813133955001831,-0.6948392391204834,-1.1636494398117065,-1.9712958335876465,-1.4414900541305542,-1.5360863208770752,-1.7904338836669922,-1.657531976699829,-1.2851357460021973,-0.753520667552948,-0.23917394876480103,-0.10853181779384613,-0.337744802236557,-0.5191025733947754,-0.7008833289146423,-0.911338746547699,-0.9946216344833374,-0.9316357374191284,-0.6998701691627502,-0.2668517529964447,0.0863872617483139,0.1548321694135666,0.014318285509943962,-0.2059149146080017,-0.38592326641082764,-0.4377106726169586,-0.4373959004878998,-0.23852978646755219,0.10714639723300934,0.5343825221061707,0.7894104719161987,0.7010414600372314,0.5201284289360046,0.3552265465259552,0.28844818472862244,0.3619803488254547,0.4784412086009979,0.7431262731552124,1.3665978908538818,2.4979536533355713,3.7987558841705322,4.57803201675415,4.5175018310546875
2.10683012008667,1.6038329601287842,1.1662120819091797,0.2621149718761444,-0.5489848852157593,-0.3724869191646576,-0.7254753112792969,-1.1590418815612793,-1.1914316415786743,-0.8752588033676147,-0.19526900351047516,0.5431146621704102,0.7587373852729797,0.5390859246253967,0.24965611100196838,-0.018155230209231377,-0.10533416271209717,-0.13704735040664673,-0.10387608408927917,0.12823767960071564,0.5451112985610962,1.313883900642395,2.0377252101898193,2.304487466812134,2.2218689918518066,1.9263830184936523,1.6691384315490723,1.5850019454956055,1.7001041173934937,1.9390281438827515,2.276555299758911,2.4906411170959473,2.2502057552337646,1.9189225435256958,1.857155680656433,1.9088138341903687,1.9316339492797852,1.9112341403961182,2.0757203102111816,2.709470510482788,3.7933638095855713,4.931903839111328,5.555450439453125,5.501701354980469
4.288957118988037,3.4908127784729004,3.2281129360198975,2.9450900554656982,1.3596481084823608,0.8618712425231934,0.3900558650493622,-0.19720327854156494,-0.4104771018028259,-0.1074419841170311,0.5020386576652527,1.058996319770813,1.3102153539657593,1.2022103071212769,0.8747015595436096,0.6353445649147034,0.7678388357162476,0.9711155891418457,1.0063509941101074,0.8226363062858582,0.9727136492729187,1.792039394378662,2.668541193008423,3.296401023864746,3.7306604385375977,4.010443210601807,3.9371068477630615,3.6793212890625,3.4634642601013184,3.373319149017334,3.5567517280578613,3.8624086380004883,3.8195674419403076,3.4751596450805664,3.3388216495513916,3.3948867321014404,3.3604934215545654,3.2915902137756348,3.4858834743499756,4.089366912841797,4.8224310874938965,5.300034523010254,5.5689473152160645,5.7385125160217285
5.472573280334473,5.026819705963135,5.0060038566589355,5.076805114746094,2.7913472652435303,1.9504499435424805,1.587268352508545,1.0247254371643066,0.8270288705825806,1.1955139636993408,1.8348491191864014,2.2916576862335205,2.431342601776123,2.4120986461639404,2.261366844177246,2.0169692039489746,1.8363720178604126,1.6399644613265991,1.4350223541259766,1.53913152217865,2.075244903564453,2.597700834274292,2.9381635189056396,3.236992597579956,3.7391345500946045,4.464924335479736,4.942596912384033,4.930356979370117,4.542733669281006,4.196616172790527,4.280239582061768,4.737847328186035,5.087194442749023,5.100409507751465,5.016083240509033,5.07322883605957,5.103369235992432,5.105706691741943,5.427822589874268,6.091504096984863,6.536848068237305,6.33195686340332,5.933709621429443,5.924007892608643
5.475459575653076,6.161451816558838,6.455384254455566,5.967708110809326,3.2390286922454834,2.8298757076263428,2.8157806396484375,2.4831418991088867,2.4386098384857178,2.797973871231079,3.4248197078704834,4.052486419677734,4.505265712738037,4.6950883865356445,4.489711761474609,3.956042766571045,3.338358163833618,2.747110605239868,2.3522844314575195,2.4698433876037598,2.928508758544922,3.242635488510132,3.502462387084961,3.605787515640259,3.753469228744507,4.238705158233643,4.824571132659912,4.973957538604736,4.771141529083252,4.613360404968262,4.76757287979126,5.315288066864014,5.904401779174805,6.2508978843688965,6.441485404968262,6.755192756652832,7.131881237030029,7.31027889251709,7.584885120391846,8.195063591003418,8.552234649658203,8.099217414855957,7.222800254821777,6.698190689086914
7.030256271362305,7.728802680969238,8.236612319946289,7.462363243103027,4.807807445526123,4.2675395011901855,4.196714401245117,3.964912176132202,3.9863619804382324,4.394702434539795,5.021397590637207,5.64487886428833,6.301271438598633,7.0400590896606445,7.4741926193237305,7.127392768859863,5.980255603790283,4.834103584289551,4.175239562988281,3.964452028274536,4.044196128845215,4.096593856811523,4.201369285583496,4.359058380126953,4.523571491241455,4.939957618713379,5.441923141479492,5.591381072998047,5.461623668670654,5.303671360015869,5.452402114868164,5.9510297775268555,6.4737043380737305,6.803107738494873,7.120941162109375,7.580507278442383,8.213214874267578,8.694438934326172,8.827523231506348,8.953169822692871,9.123529434204102,9.096440315246582,8.637914657592773,7.943949222564697
