data/wind_data/wind_37_6.json
{"header": {"parameterUnit": "KT", "parameterCategory": 2, "nx": 256, "ny": 198, "lo1": 44.73521041870117, "la1": -3.236724853515625, "lo2": 111.26478576660156, "la2": 43.468475341796875, "dx": 0.2609002888202667, "dy": -0.23708222806453705, "refTime": "2025-02-20 13:00:00", "forecastTime": 0, "parameterNumber": 2, "parameterNumberName": "eastward_wind"}, "data":
[rows 20 to 39 of 198, columns 180 to 224 of 256]
-13.479689598083496,-14.141862869262695,-14.500253677368164,-15.203080177307129,-14.993492126464844,-15.34213638305664,-16.355297088623047,-17.441394805908203,-18.39365005493164,-18.923524856567383,-18.878759384155273,-19.028663635253906,-19.11056900024414,-18.228973388671875,-16.733022689819336,-15.650769233703613,-15.287372589111328,-15.449893951416016,-15.820380210876465,-15.928561210632324,-15.64936637878418,-15.682866096496582,-16.659286499023438,-18.284629821777344,-18.694211959838867,-16.716781616210938,-14.395769119262695,-13.78067398071289,-13.806099891662598,-13.826665878295898,-15.041607856750488,-16.63576316833496,-17.635332107543945,-18.347871780395508,-18.37366485595703,-17.912630081176758,-17.77867317199707,-18.342618942260742,-19.227947235107422,-19.52041244506836,-18.92523193359375,-17.13314437866211,-14.770936965942383,-12.897193908691406,-11.605700492858887
-14.894173622131348,-14.638958930969238,-14.515742301940918,-14.543035507202148,-14.458733558654785,-14.959839820861816,-16.16651725769043,-17.618574142456055,-18.79668617248535,-19.367374420166016,-19.494230270385742,-19.567428588867188,-19.39772605895996,-18.654529571533203,-17.798498153686523,-17.289358139038086,-16.67926025390625,-16.219478607177734,-16.361953735351562,-16.4487361907959,-16.00699234008789,-16.591379165649414,-19.213275909423828,-20.96129035949707,-17.68339729309082,-11.204192161560059,-10.898842811584473,-13.864990234375,-14.517748832702637,-14.480706214904785,-16.02581214904785,-17.776275634765625,-18.655418395996094,-18.951494216918945,-18.68245506286621,-17.808582305908203,-17.500404357910156,-17.865095138549805,-18.183679580688477,-17.561717987060547,-16.359445571899414,-15.225484848022461,-14.292859077453613,-13.37216567993164,-12.425973892211914
-15.225279808044434,-14.673107147216797,-14.448525428771973,-13.794695854187012,-14.12595272064209,-14.885994911193848,-16.110132217407227,-17.40688705444336,-18.312030792236328,-18.679035186767578,-18.777847290039062,-18.83121109008789,-18.860754013061523,-18.914600372314453,-19.015291213989258,-18.882909774780273,-17.996217727661133,-17.046077728271484,-17.054279327392578,-16.992786407470703,-15.916385650634766,-14.590248107910156,-11.989351272583008,-7.063326835632324,-5.762639999389648,-5.164226055145264,-10.475789070129395,-14.974223136901855,-15.225415229797363,-15.965731620788574,-16.88123893737793,-18.119773864746094,-19.043474197387695,-19.176361083984375,-18.429229736328125,-17.247541427612305,-16.85371971130371,-16.892366409301758,-16.711471557617188,-16.954059600830078,-17.724266052246094,-17.56182098388672,-16.626317977905273,-14.670223236083984,-13.348932266235352
-14.935615539550781,-14.320897102355957,-14.109231948852539,-13.915901184082031,-14.143143653869629,-14.573609352111816,-15.926466941833496,-17.091211318969727,-17.62026596069336,-17.71868896484375,-17.698822021484375,-17.83798599243164,-18.17400550842285,-18.64885902404785,-18.829967498779297,-18.30292510986328,-17.572296142578125,-17.887813568115234,-18.87590217590332,-18.02709197998047,-14.90864372253418,-11.070389747619629,-7.422811985015869,-8.379349708557129,-14.549806594848633,-16.784324645996094,-13.351807594299316,-16.63721466064453,-16.451894760131836,-17.171083450317383,-17.1909122467041,-17.95665740966797,-18.762996673583984,-18.681255340576172,-17.719308853149414,-16.90018653869629,-16.542953491210938,-15.665692329406738,-15.937112808227539,-17.355653762817383,-18.96432876586914,-20.24996566772461,-17.86155128479004,-14.74227237701416,-13.220072746276855
-14.541714668273926,-13.89652156829834,-13.530975341796875,-13.805988311767578,-13.978583335876465,-14.479448318481445,-15.842207908630371,-16.520267486572266,-16.835371017456055,-16.915971755981445,-16.822402954101562,-16.741130828857422,-17.039302825927734,-17.6657772064209,-17.842117309570312,-17.231101989746094,-17.441518783569336,-19.389629364013672,-20.386152267456055,-18.278812408447266,-14.29553508758545,-11.25759220123291,-10.585433959960938,-14.392852783203125,-18.099443435668945,-19.058019638061523,-16.636857986450195,-17.20085906982422,-17.386018753051758,-17.506275177001953,-17.249248504638672,-17.729248046875,-18.335575103759766,-18.257762908935547,-17.65121078491211,-16.91817283630371,-16.01778221130371,-15.784557342529297,-16.12895965576172,-15.120198249816895,-17.02429962158203,-19.133588790893555,-16.594078063964844,-14.06032943725586,-13.005448341369629
-13.95910358428955,-13.285199165344238,-13.093168258666992,-13.245430946350098,-13.83969497680664,-14.583985328674316,-15.167698860168457,-15.323728561401367,-15.62664794921875,-15.740514755249023,-15.373061180114746,-14.939691543579102,-15.33161735534668,-16.28316307067871,-16.45965003967285,-15.640938758850098,-16.14683723449707,-18.638704299926758,-20.27423095703125,-18.68979835510254,-15.635071754455566,-13.321767807006836,-12.960373878479004,-14.5441255569458,-16.724164962768555,-17.287694931030273,-16.998140335083008,-17.023300170898438,-17.311817169189453,-17.231929779052734,-17.04025650024414,-17.451263427734375,-18.009780883789062,-18.029088973999023,-17.446792602539062,-16.68222427368164,-14.907950401306152,-14.560368537902832,-15.365716934204102,-15.697392463684082,-17.21706771850586,-17.485116958618164,-15.56378173828125,-13.784013748168945,-13.18488883972168
-13.327454566955566,-12.895715713500977,-12.841877937316895,-13.06364631652832,-13.518007278442383,-14.210047721862793,-14.526116371154785,-14.790912628173828,-14.965408325195312,-14.682927131652832,-14.013097763061523,-13.266302108764648,-13.470422744750977,-14.225153923034668,-14.434859275817871,-15.280268669128418,-18.885847091674805,-23.209505081176758,-25.08908462524414,-22.050647735595703,-16.393651962280273,-8.190082550048828,-12.193619728088379,-13.953587532043457,-15.553849220275879,-15.818856239318848,-16.0894718170166,-16.413185119628906,-16.510652542114258,-16.448490142822266,-16.266149520874023,-16.554567337036133,-16.989347457885742,-17.164958953857422,-17.039905548095703,-16.63087272644043,-14.99942684173584,-14.252459526062012,-15.567893981933594,-17.227380752563477,-17.512245178222656,-16.667531967163086,-15.13207721710205,-13.697056770324707,-13.208552360534668
-12.743102073669434,-12.26716136932373,-12.419820785522461,-13.037007331848145,-13.424580574035645,-13.906209945678711,-14.562561988830566,-14.84242057800293,-14.773344993591309,-14.068710327148438,-12.987513542175293,-11.70742130279541,-11.381438255310059,-11.568394660949707,-11.441584587097168,-12.731693267822266,-16.596778869628906,-19.118196487426758,-15.806621551513672,-8.521528244018555,-10.406391143798828,-11.160152435302734,-9.147815704345703,-14.4811372756958,-15.127721786499023,-14.72270679473877,-15.551215171813965,-16.08594512939453,-15.527749061584473,-15.318036079406738,-15.264963150024414,-15.569921493530273,-15.58531379699707,-15.371541023254395,-15.90254020690918,-16.082962036132812,-14.963224411010742,-14.676337242126465,-16.535049438476562,-18.039100646972656,-17.52048683166504,-16.337467193603516,-14.908255577087402,-13.488105773925781,-12.970547676086426
-12.26821231842041,-11.632664680480957,-11.85361099243164,-12.746721267700195,-13.373912811279297,-13.873083114624023,-14.480263710021973,-14.697870254516602,-14.252242088317871,-13.260756492614746,-11.656129837036133,-10.039878845214844,-9.259803771972656,-8.95411491394043,-9.22347354888916,-10.633689880371094,-12.190866470336914,-12.3128080368042,-9.987674713134766,-5.722972393035889,-9.200560569763184,-13.048911094665527,-12.949471473693848,-14.657402038574219,-15.00390625,-14.2842378616333,-15.796916961669922,-15.875389099121094,-14.985888481140137,-14.79364013671875,-14.519145011901855,-14.218062400817871,-13.703522682189941,-13.11507511138916,-13.125631332397461,-13.125158309936523,-12.272149085998535,-13.66897201538086,-16.561525344848633,-18.08498764038086,-17.48774528503418,-16.247455596923828,-14.70877742767334,-13.18443489074707,-12.584562301635742
-11.73043155670166,-11.101096153259277,-11.421089172363281,-12.340620994567871,-13.11673355102539,-13.669571876525879,-14.008666038513184,-13.79228401184082,-12.88437557220459,-11.696635246276855,-10.182673454284668,-8.926957130432129,-8.037309646606445,-7.136622905731201,-7.064858913421631,-7.728226661682129,-6.222174644470215,-3.127986431121826,-1.3876885175704956,-8.102036476135254,-16.14266014099121,-16.5974178314209,-15.716137886047363,-14.572250366210938,-14.881263732910156,-14.864442825317383,-16.069839477539062,-15.648526191711426,-14.75091552734375,-14.24284553527832,-13.822630882263184,-13.456033706665039,-13.191601753234863,-12.42276668548584,-11.220549583435059,-10.719890594482422,-11.318048477172852,-13.517807006835938,-15.701085090637207,-17.417455673217773,-17.71820640563965,-16.3370304107666,-14.655674934387207,-13.15455150604248,-12.444844245910645
-11.22904109954834,-10.856913566589355,-11.332329750061035,-12.123734474182129,-12.879772186279297,-13.10462474822998,-12.891440391540527,-12.256046295166016,-11.217275619506836,-10.198325157165527,-9.07767105102539,-8.222114562988281,-7.304123878479004,-6.397359371185303,-6.081081867218018,-5.280933856964111,-1.4254230260849,0.9832310080528259,5.750646114349365,-8.745834350585938,-18.421585083007812,-16.695659637451172,-14.512164115905762,-13.876949310302734,-15.365768432617188,-15.886749267578125,-16.051128387451172,-15.267901420593262,-14.516763687133789,-14.155206680297852,-13.521768569946289,-12.981596946716309,-12.643508911132812,-12.225696563720703,-11.434423446655273,-10.301399230957031,-10.174174308776855,-11.116545677185059,-12.664093017578125,-15.306763648986816,-16.740184783935547,-16.060060501098633,-14.81718635559082,-13.392810821533203,-12.449737548828125
-10.3023681640625,-11.04415512084961,-11.400130271911621,-12.086382865905762,-12.615004539489746,-12.63204288482666,-12.014029502868652,-10.989785194396973,-9.528146743774414,-8.74067497253418,-7.713339805603027,-6.906805515289307,-6.511951923370361,-6.120502471923828,-5.457851886749268,-4.855509281158447,-6.375863075256348,-7.868889331817627,-8.760458946228027,-16.332048416137695,-16.26859474182129,-13.140079498291016,-12.337664604187012,-13.58175277709961,-15.282315254211426,-15.796525001525879,-15.792778968811035,-15.07284927368164,-14.28207778930664,-13.780767440795898,-12.870716094970703,-12.321842193603516,-12.013365745544434,-11.541275978088379,-11.520495414733887,-11.762063980102539,-10.356568336486816,-8.87175178527832,-9.037088394165039,-12.494306564331055,-14.520106315612793,-14.627638816833496,-14.720467567443848,-13.624441146850586,-12.5275297164917
-10.233506202697754,-10.89602279663086,-11.38020133972168,-11.946247100830078,-12.026865005493164,-11.984485626220703,-11.091325759887695,-9.693984985351562,-8.170221328735352,-7.3905744552612305,-6.653933048248291,-6.533604145050049,-6.741071701049805,-6.424801349639893,-6.394948482513428,-8.726873397827148,-14.168350219726562,-16.82029914855957,-17.637313842773438,-17.2231502532959,-14.021753311157227,-12.53149127960205,-12.950165748596191,-13.951048851013184,-15.22031307220459,-15.60464859008789,-15.67210865020752,-14.968655586242676,-13.833296775817871,-13.229107856750488,-12.249839782714844,-11.293486595153809,-11.474418640136719,-11.253827095031738,-11.181721687316895,-10.784012794494629,-9.638641357421875,-7.98042631149292,-9.68132209777832,-12.973310470581055,-13.574337005615234,-13.541993141174316,-14.173649787902832,-13.258609771728516,-12.316123962402344
-10.333901405334473,-10.916084289550781,-11.343175888061523,-11.379461288452148,-11.215628623962402,-10.989188194274902,-9.973587036132812,-8.618826866149902,-8.134723663330078,-7.494296073913574,-7.336905002593994,-7.834185600280762,-8.380576133728027,-8.717385292053223,-9.409295082092285,-11.427168846130371,-15.005267143249512,-17.683544158935547,-17.93258285522461,-16.4460506439209,-15.79613971710205,-16.144681930541992,-15.184925079345703,-15.075240135192871,-15.773324966430664,-15.883477210998535,-15.737369537353516,-14.832427024841309,-13.547520637512207,-12.406411170959473,-11.249201774597168,-10.872584342956543,-10.98413372039795,-9.832773208618164,-8.721077919006348,-7.036937713623047,-6.894974708557129,-8.468750953674316,-10.553204536437988,-11.925155639648438,-12.160818099975586,-12.7330904006958,-12.819994926452637,-12.480493545532227,-11.569507598876953
-10.772063255310059,-10.903214454650879,-11.14965534210205,-10.846717834472656,-10.122318267822266,-9.984667778015137,-9.020661354064941,-8.455304145812988,-8.704862594604492,-8.813835144042969,-8.999008178710938,-9.587562561035156,-10.601299285888672,-11.52479362487793,-11.77828598022461,-13.177261352539062,-14.862349510192871,-15.363544464111328,-15.296075820922852,-16.242219924926758,-17.410737991333008,-18.065654754638672,-16.95410919189453,-16.27324676513672,-16.375064849853516,-16.00216293334961,-15.425947189331055,-14.434988975524902,-13.029919624328613,-11.328530311584473,-10.153040885925293,-10.651382446289062,-11.202884674072266,-9.880176544189453,-7.528225898742676,-5.27994966506958,-6.130568981170654,-8.485574722290039,-8.926916122436523,-10.154596328735352,-11.29688549041748,-12.012678146362305,-11.68307113647461,-11.634699821472168,-10.726054191589355
-11.16665267944336,-10.617952346801758,-10.72359561920166,-10.423730850219727,-9.352347373962402,-9.110614776611328,-9.119665145874023,-8.74379825592041,-9.168235778808594,-10.288047790527344,-10.434768676757812,-11.183704376220703,-12.395573616027832,-13.043275833129883,-13.002433776855469,-13.593091011047363,-13.818556785583496,-13.46377944946289,-14.703813552856445,-16.27976417541504,-17.2235050201416,-18.23029136657715,-17.516033172607422,-16.697311401367188,-16.17875862121582,-15.457541465759277,-14.829076766967773,-13.928214073181152,-12.60591983795166,-10.962407112121582,-9.867473602294922,-10.528295516967773,-11.870837211608887,-10.56320858001709,-8.021821022033691,-5.780120849609375,-6.640595436096191,-7.083873271942139,-7.774947643280029,-8.887308120727539,-10.168654441833496,-11.301959037780762,-11.590188026428223,-11.721250534057617,-11.743993759155273
-11.090611457824707,-10.492072105407715,-10.364523887634277,-9.752032279968262,-9.268415451049805,-8.867300987243652,-8.633012771606445,-8.8619384765625,-9.908401489257812,-10.69831371307373,-10.840062141418457,-12.165430068969727,-13.299468040466309,-13.699137687683105,-13.781533241271973,-13.81237506866455,-13.104101181030273,-13.212249755859375,-15.246719360351562,-16.30045509338379,-16.84229278564453,-17.41815757751465,-16.973575592041016,-16.326196670532227,-15.71944808959961,-15.089144706726074,-14.516904830932617,-13.60914134979248,-12.636706352233887,-11.708043098449707,-10.764954566955566,-10.048490524291992,-10.055328369140625,-9.498573303222656,-8.299337387084961,-7.155018329620361,-7.544289588928223,-7.124731063842773,-6.901506423950195,-7.426723003387451,-8.60775375366211,-9.57455825805664,-9.396761894226074,-10.932059288024902,-12.944865226745605
-10.500097274780273,-9.885673522949219,-9.932551383972168,-9.364392280578613,-8.985912322998047,-8.781420707702637,-8.483154296875,-8.510159492492676,-9.647954940795898,-10.122331619262695,-11.403407096862793,-12.912055969238281,-13.708534240722656,-14.196954727172852,-14.151219367980957,-13.64125919342041,-12.117944717407227,-12.031485557556152,-14.736949920654297,-16.23610496520996,-16.3365478515625,-16.508548736572266,-16.270734786987305,-15.836128234863281,-15.479283332824707,-14.900277137756348,-14.074681282043457,-13.24032211303711,-12.661630630493164,-12.118979454040527,-10.955212593078613,-9.317375183105469,-7.8738508224487305,-7.297019004821777,-7.929793834686279,-8.058751106262207,-7.7821831703186035,-7.3040971755981445,-6.719676494598389,-6.61000394821167,-7.3136305809021,-7.66268253326416,-7.556686878204346,-9.503668785095215,-11.178836822509766
-9.964057922363281,-9.180212020874023,-9.056684494018555,-8.759401321411133,-8.257037162780762,-8.099669456481934,-8.376791954040527,-8.795425415039062,-9.35791015625,-10.164406776428223,-11.796700477600098,-12.797416687011719,-13.685602188110352,-14.13890552520752,-14.24699878692627,-12.594490051269531,-10.411903381347656,-10.82746410369873,-14.030118942260742,-15.680890083312988,-15.885611534118652,-16.026071548461914,-15.858970642089844,-15.362293243408203,-14.895020484924316,-13.951847076416016,-12.7498140335083,-12.05445384979248,-11.721187591552734,-11.225332260131836,-10.077216148376465,-8.87031078338623,-7.341017723083496,-6.348424434661865,-7.234571933746338,-8.004226684570312,-6.786950588226318,-6.687472343444824,-7.589705944061279,-7.087149620056152,-6.607565879821777,-6.852733135223389,-7.08504056930542,-7.581327438354492,-7.999689102172852
-9.89936351776123,-8.902915954589844,-8.03357982635498,-7.807203769683838,-7.789491653442383,-7.873611927032471,-8.33994197845459,-8.994864463806152,-9.327679634094238,-10.527189254760742,-11.565513610839844,-11.947412490844727,-12.719706535339355,-13.528905868530273,-13.550346374511719,-11.200472831726074,-9.044463157653809,-10.581463813781738,-13.562518119812012,-14.821054458618164,-15.157814025878906,-15.269707679748535,-15.09797191619873,-14.523905754089355,-13.77281379699707,-12.674837112426758,-11.512346267700195,-10.703224182128906,-10.28475570678711,-9.659993171691895,-9.0481595993042,-8.718785285949707,-8.10548210144043,-6.692183494567871,-6.709987163543701,-7.819650650024414,-7.7407612800598145,-8.26496696472168,-9.59127426147461,-7.96522331237793,-6.57514762878418,-6.733582496643066,-6.607916355133057,-5.846757411956787,-5.12009859085083
