data/wind_data/wind_Surface_32.json
{"header": {"parameterUnit": "KT", "parameterCategory": 2, "nx": 255, "ny": 198, "lo1": 44.73521041870117, "la1": -3.236724853515625, "lo2": 111.26478576660156, "la2": 43.468475341796875, "dx": 0.26192745566368103, "dy": -0.23708222806453705, "refTime": "2025-02-20 08:00:00", "forecastTime": 0, "parameterNumber": 2, "parameterNumberName": "eastward_wind"}, "data":
[rows 171 to 189 of 198, columns 86 to 128 of 255]
-11.299616813659668,-12.84152889251709,-11.455802917480469,-11.164634704589844,-10.365687370300293,-9.629693984985352,-9.399624824523926,-8.208909034729004,-7.244076728820801,-4.3236589431762695,0.41675618290901184,4.711045265197754,6.046864032745361,7.441122531890869,9.462496757507324,11.95753288269043,12.500701904296875,13.435802459716797,14.771773338317871,15.769638061523438,15.983217239379883,16.228532791137695,14.146211624145508,3.6302855014801025,-4.82763671875,-5.863090991973877,-8.540900230407715,-7.795257568359375,-7.368793487548828,-8.000462532043457,-6.725352764129639,-3.3667516708374023,-4.936080455780029,-7.18152379989624,-6.92052698135376,-3.815342426300049,0.7854792475700378,2.9245858192443848,-0.2411520779132843,-5.711425304412842,-6.709344387054443,-5.266496658325195,-4.936619281768799
-7.95530366897583,-8.454521179199219,-7.887520790100098,-10.270872116088867,-10.439973831176758,-9.349113464355469,-8.518593788146973,-6.915098667144775,-5.469454288482666,-3.6142055988311768,0.059700243175029755,3.9238076210021973,5.491980075836182,5.999363422393799,7.721948623657227,8.997281074523926,12.28244686126709,12.815430641174316,13.031938552856445,14.575678825378418,14.594809532165527,11.943904876708984,10.373384475708008,6.429786205291748,-1.3026491403579712,-4.316574573516846,-5.572890281677246,-5.277072429656982,-2.7050135135650635,-1.7000548839569092,-4.8083882331848145,-8.426461219787598,-8.577219009399414,-6.378441333770752,-2.732924461364746,1.23427152633667,4.16123628616333,3.625868797302246,-1.2218397855758667,-6.230989933013916,-7.00845193862915,-5.731841087341309,-5.153820991516113
-5.644840717315674,-7.3858160972595215,-4.218327045440674,-6.7497735023498535,-8.647762298583984,-7.153357028961182,-5.201216220855713,-4.179975986480713,-3.8641209602355957,-3.039696455001831,0.9428052306175232,4.633543491363525,6.573922634124756,6.590244770050049,7.349192142486572,9.555352210998535,9.063846588134766,8.803611755371094,8.093892097473145,11.189273834228516,11.931413650512695,6.482034206390381,4.818055152893066,5.996352195739746,-0.5469017028808594,-4.4258036613464355,-3.066863536834717,-1.8312500715255737,-3.538987874984741,-7.121494293212891,-8.734201431274414,-7.263758182525635,-3.4165637493133545,-0.21584734320640564,1.9446526765823364,2.9303336143493652,3.0367023944854736,0.500475287437439,-3.3773038387298584,-6.357955455780029,-6.836501598358154,-5.924635887145996,-5.580854415893555
1.556986689567566,-2.0100948810577393,-1.5658659934997559,-1.3929443359375,-1.1606637239456177,-1.4454783201217651,-2.1768951416015625,-2.0258445739746094,-1.2151650190353394,0.05681689456105232,1.6647546291351318,4.012876510620117,5.1975531578063965,6.445192337036133,6.8642683029174805,7.154129505157471,9.718481063842773,11.318363189697266,10.383467674255371,10.119200706481934,8.860651969909668,5.889503479003906,6.077392578125,4.719549179077148,0.20027123391628265,-0.8246347308158875,-0.5120084881782532,-4.376318454742432,-9.805909156799316,-8.716696739196777,-4.404531955718994,-2.7603914737701416,0.07536961883306503,2.7408559322357178,3.396731376647949,2.4372332096099854,0.4660169780254364,-1.9422012567520142,-3.9372758865356445,-5.98209810256958,-6.756197929382324,-6.118680000305176,-6.2614617347717285
2.3747718334198,2.960865020751953,3.680323839187622,4.62032413482666,3.74282169342041,0.5309635400772095,-0.958824098110199,-0.5788494944572449,0.19881102442741394,1.5095058679580688,0.6630562543869019,0.7494345307350159,4.154669284820557,9.448565483093262,11.780691146850586,8.977751731872559,9.030363082885742,12.721395492553711,11.425912857055664,6.267148971557617,5.114372253417969,6.497442722320557,5.2513747215271,2.6531732082366943,3.3630990982055664,1.820763111114502,-2.41188907623291,-7.079347133636475,-8.951690673828125,-5.475022792816162,-5.519009113311768,-2.252558708190918,1.5942392349243164,0.5505824089050293,0.3969014286994934,-0.34791719913482666,-1.9191999435424805,-2.9872641563415527,-4.041360378265381,-5.854437351226807,-7.149968147277832,-6.9570722579956055,-7.011409759521484
0.3512694239616394,2.212890863418579,3.3068714141845703,4.783642292022705,4.473612308502197,2.5796306133270264,2.3052704334259033,3.1199240684509277,3.0615406036376953,3.7013137340545654,1.8670177459716797,1.1207427978515625,3.1173007488250732,4.589546203613281,6.5082621574401855,8.382115364074707,9.364279747009277,8.90069580078125,6.471227169036865,2.456536054611206,-1.137144923210144,-1.702507495880127,-0.16568782925605774,1.0597394704818726,4.280113697052002,2.0566725730895996,-4.1307783126831055,-7.197003364562988,-7.587789535522461,-7.804896354675293,-2.80973219871521,0.5184049010276794,-1.6367419958114624,-2.6506175994873047,-1.472261667251587,-0.6524640321731567,-1.466732382774353,-2.567115306854248,-3.691495418548584,-4.968652725219727,-5.856219291687012,-6.606874465942383,-7.444396495819092
-1.2308878898620605,0.061588723212480545,-1.2504149675369263,-2.2258198261260986,-0.24278531968593597,1.576646089553833,2.296431541442871,2.6312687397003174,3.4229037761688232,3.6101362705230713,2.2044951915740967,1.6694737672805786,0.5200958251953125,-1.4836416244506836,0.42530491948127747,2.354975700378418,0.90781170129776,-0.2996545732021332,1.0140269994735718,0.8272191882133484,-4.692535877227783,-7.062492847442627,-2.7452712059020996,0.7972361445426941,-1.5727218389511108,-6.808384895324707,-11.592193603515625,-14.326187133789062,-13.919179916381836,-7.560140132904053,0.15288327634334564,-0.7376180291175842,-3.8349733352661133,-2.9597978591918945,-2.0612409114837646,-0.057204071432352066,-0.18256069719791412,-1.3447980880737305,-2.739588737487793,-4.341203212738037,-5.404423236846924,-5.694652557373047,-6.966886043548584
-3.851228713989258,-5.070511341094971,-5.923508167266846,-5.861835479736328,-4.354471206665039,-3.5847277641296387,-3.010542631149292,-2.095702648162842,-1.7571310997009277,-2.275669813156128,-2.568999767303467,-2.3583154678344727,-2.2644450664520264,-1.4292954206466675,-0.2390984296798706,-0.6678874492645264,-1.3618583679199219,0.2770572602748871,2.8069682121276855,1.8586736917495728,-1.35410737991333,-2.5229337215423584,-1.468968391418457,-3.7451059818267822,-10.737547874450684,-14.98460865020752,-15.56896686553955,-16.79959487915039,-14.463974952697754,-8.340493202209473,-3.7367262840270996,-4.0442986488342285,-4.0436835289001465,-1.6082102060317993,-0.8617679476737976,-0.7906250357627869,-0.176345095038414,0.3474770486354828,-1.5134835243225098,-3.090088129043579,-3.3135364055633545,-4.0497517585754395,-6.191216945648193
-5.449405670166016,-5.878927707672119,-4.842418670654297,-2.8728599548339844,-1.7380914688110352,-1.8906670808792114,-2.4300503730773926,-2.416684627532959,-1.8952586650848389,-1.440173625946045,-0.936029851436615,-0.4345991015434265,-0.02431631088256836,0.0864020511507988,0.386529803276062,0.7149609923362732,0.00510835787281394,0.3261798918247223,1.9427114725112915,1.4049293994903564,0.6794533729553223,1.4173663854599,1.1730048656463623,-0.6345487236976624,-6.156738758087158,-11.875640869140625,-14.232583045959473,-13.979559898376465,-13.7846097946167,-10.713388442993164,-6.793425559997559,-5.7065510749816895,-3.378918170928955,-0.007609786465764046,0.6361168026924133,0.17634151875972748,-0.37565115094184875,-1.2233296632766724,-0.9744540452957153,-0.36986133456230164,-1.002861738204956,-1.6036297082901,-3.6079249382019043
-5.156189918518066,-4.313158988952637,-2.7017886638641357,-0.4858377277851105,0.5078622102737427,0.7790443301200867,0.6401545405387878,0.3812718689441681,0.5952901244163513,2.376683473587036,3.6504483222961426,3.8203816413879395,4.529296875,4.384222507476807,3.0158867835998535,2.2682769298553467,1.7203971147537231,1.301221251487732,2.283918857574463,3.4250261783599854,3.7495415210723877,3.4442360401153564,3.6425938606262207,4.181357383728027,3.010460138320923,-2.8779141902923584,-6.938570499420166,-8.457809448242188,-10.765883445739746,-7.857076168060303,-7.343542575836182,-6.802862167358398,-4.318267822265625,-1.622384786605835,0.9550139307975769,1.4989906549453735,0.23223160207271576,-0.9989169836044312,-0.6322399973869324,1.8506830930709839,2.779933452606201,1.4828920364379883,0.12205110490322113
-4.887240409851074,-3.0741329193115234,-1.0881186723709106,-0.22427308559417725,-0.05318700894713402,0.6150923371315002,1.4091887474060059,2.6060473918914795,3.582259178161621,5.894186496734619,5.793136119842529,5.260923862457275,6.626129627227783,4.701952934265137,3.0317208766937256,3.1572866439819336,3.2478559017181396,4.013179302215576,4.622079849243164,4.244931697845459,4.0290093421936035,4.089328765869141,4.448241710662842,3.284992218017578,3.3025271892547607,3.9782567024230957,-0.6224197745323181,-4.656840801239014,-5.9280548095703125,-6.567422389984131,-7.094018459320068,-5.488265514373779,-3.951843500137329,-2.110787868499756,-0.7105632424354553,-0.5231094360351562,0.22177883982658386,0.7328693866729736,0.44609445333480835,2.199164390563965,4.020814418792725,2.957650661468506,1.4311628341674805
-3.6274912357330322,-1.0143674612045288,-0.10614585131406784,-0.81116783618927,-1.2146594524383545,-0.7751762866973877,0.6842305064201355,2.7018656730651855,4.716737747192383,4.09112024307251,0.316226989030838,-2.383951187133789,-2.158520221710205,-2.105592727661133,-1.4985922574996948,0.18910855054855347,1.4641785621643066,2.79144549369812,4.134776592254639,5.2683000564575195,5.450292587280273,4.697621822357178,3.2953720092773438,2.5998616218566895,2.570357084274292,3.9725239276885986,1.3065764904022217,-0.14380265772342682,-1.0402424335479736,-4.626826286315918,-4.708707809448242,-2.7932698726654053,-1.7517902851104736,-2.60188889503479,-3.3584465980529785,-2.5856478214263916,-0.47854316234588623,1.2616056203842163,1.705051064491272,2.255434274673462,3.5257184505462646,3.3373193740844727,2.160857915878296
-1.4101238250732422,-1.0426808595657349,-1.8759597539901733,-1.5480194091796875,-0.9613839983940125,-0.7717646360397339,0.24713793396949768,2.119786024093628,3.587886095046997,2.624631643295288,1.8203070163726807,-1.5077507495880127,-4.8206353187561035,-4.1777472496032715,-3.2633724212646484,-1.2932566404342651,0.1363953799009323,1.4091856479644775,2.0815000534057617,2.114692449569702,2.2823917865753174,0.984080970287323,-0.4435279071331024,-0.35591793060302734,2.4213926792144775,3.9581212997436523,2.2951903343200684,2.1845617294311523,0.052276283502578735,-2.7159411907196045,-2.2707290649414062,-2.3269166946411133,-1.3515013456344604,-0.424973726272583,-1.8554543256759644,-2.4189157485961914,-1.150646686553955,-1.3073818683624268,-0.5778025984764099,1.2505854368209839,0.8966431021690369,-0.7555774450302124,-0.8208645582199097
-2.923837900161743,-2.711055278778076,-2.6041338443756104,-1.5691405534744263,0.06633028388023376,0.019203323870897293,0.19481542706489563,1.7339038848876953,3.6516647338867188,4.145400047302246,3.6221446990966797,1.2954764366149902,-2.648129940032959,-4.231036186218262,-3.8240394592285156,-2.333831787109375,-1.4102959632873535,-0.6922490000724792,-1.0386912822723389,-2.691030740737915,-2.8378772735595703,-3.6911559104919434,-3.378570795059204,-1.2027416229248047,0.9057587385177612,2.5951433181762695,0.680107057094574,-0.7440457344055176,-2.252563714981079,-3.5974104404449463,-1.6200056076049805,-0.3184744119644165,-0.1529608815908432,1.0780465602874756,1.7559818029403687,1.4531896114349365,-0.36447224020957947,-2.786053419113159,-1.281773328781128,1.7850868701934814,1.910523533821106,-0.3306324779987335,-2.556790590286255
-2.600574016571045,-2.4982664585113525,-2.456545829772949,-1.492111086845398,1.8953514099121094,1.1281459331512451,0.4214467704296112,1.309539794921875,3.1932716369628906,3.7738912105560303,2.6328370571136475,1.6145899295806885,-1.8016700744628906,-1.9341185092926025,-1.0633572340011597,-1.8053627014160156,-1.6793855428695679,-1.7891353368759155,-2.468670606613159,-3.806762933731079,-5.6040120124816895,-5.542174339294434,-3.2454307079315186,-1.4228599071502686,-0.3378662168979645,0.8824700117111206,-0.7644427418708801,-4.868988513946533,-4.949822425842285,-2.8730292320251465,-1.795067548751831,-1.250644326210022,-0.7898830771446228,1.0603030920028687,3.2228591442108154,2.9281349182128906,-0.18299201130867004,-1.8974380493164062,0.12360236793756485,2.9262540340423584,3.6052088737487793,2.0342676639556885,-0.13761143386363983
-2.345700263977051,-2.2803170680999756,-1.4345792531967163,-0.5714295506477356,0.23586243391036987,0.3493502140045166,1.2452385425567627,1.3196938037872314,2.4158966541290283,3.1367785930633545,1.7908780574798584,1.0019550323486328,-0.6859185695648193,-2.0274124145507812,-2.2475616931915283,-1.6482278108596802,-1.0811984539031982,-0.7939565777778625,-0.15546353161334991,0.22778688371181488,-2.7606403827667236,-4.459089756011963,-3.420602321624756,-3.424499273300171,-3.233433961868286,-0.9346619844436646,-0.5053450465202332,-3.5547287464141846,-3.647850751876831,-1.7533739805221558,-3.2914345264434814,-4.1679768562316895,-2.7972476482391357,-1.7007567882537842,0.41761448979377747,2.1563193798065186,0.6405436992645264,-0.44458022713661194,1.598777413368225,4.24696683883667,4.819703102111816,3.5991714000701904,2.2208523750305176
-1.715750813484192,-1.4613958597183228,-1.083029866218567,-0.06775152683258057,0.45362353324890137,0.39490529894828796,1.6262202262878418,1.7488102912902832,2.218827486038208,2.3392562866210938,2.688293218612671,2.8833518028259277,-0.4056910574436188,-2.5845816135406494,-1.1948179006576538,-1.5244975090026855,-1.8567745685577393,0.17483751475811005,2.20131516456604,2.282017707824707,1.5463792085647583,0.16748057305812836,-2.093207359313965,-4.573149681091309,-4.937658786773682,-2.0719077587127686,-0.8668823838233948,-2.747870445251465,-3.3472561836242676,-3.3689146041870117,-4.513955116271973,-5.253961086273193,-4.644635200500488,-3.0433452129364014,-1.7096738815307617,0.019552545621991158,1.282690405845642,1.7940782308578491,3.598015785217285,4.083738803863525,4.422795295715332,4.691384792327881,4.587551593780518
-1.50705087184906,-0.7430943250656128,-0.026948772370815277,0.4129205644130707,0.47359153628349304,0.6179786324501038,1.3113410472869873,2.574321985244751,1.7947993278503418,1.3524409532546997,1.7174606323242188,-1.157056212425232,-3.261781930923462,-1.5791757106781006,0.5355126261711121,-1.8772621154785156,-3.684546947479248,-0.6829699277877808,1.3796706199645996,-0.9669154286384583,-0.1785026639699936,3.674914598464966,5.816421985626221,2.8014800548553467,-3.516878604888916,-6.052457332611084,-5.218753814697266,-2.248605251312256,-2.1844241619110107,-4.789746284484863,-6.544712066650391,-6.122178077697754,-5.243713855743408,-5.045666217803955,-4.944723606109619,-4.582428932189941,-1.922614574432373,0.8216964602470398,2.5163214206695557,1.3650453090667725,0.5610893368721008,1.8245115280151367,5.003249645233154
-1.2112990617752075,-0.5813126564025879,0.5165271759033203,0.8543080687522888,0.6441538333892822,0.9248951077461243,1.388385534286499,2.347078561782837,0.900270402431488,-0.20636174082756042,1.3373425006866455,-0.6922398805618286,-1.8944381475448608,0.4244562089443207,0.44992297887802124,-1.1495498418807983,-3.1630170345306396,-3.7035534381866455,-2.2274773120880127,-2.7093377113342285,-0.9936244487762451,3.0287528038024902,6.018683910369873,2.9901247024536133,-4.966107368469238,-6.657980918884277,-5.973093509674072,-5.14979362487793,-6.254506587982178,-8.361865043640137,-9.084802627563477,-7.162892818450928,-5.888372421264648,-7.013433456420898,-7.768928527832031,-6.320293426513672,-4.046009063720703,-3.2520530223846436,-2.8262717723846436,-1.1429911851882935,0.755031406879425,1.635515570640564,3.032055139541626
