data/wind_data/wind_18_5.json
{"header": {"parameterUnit": "KT", "parameterCategory": 2, "nx": 256, "ny": 198, "lo1": 44.73521041870117, "la1": -3.236724853515625, "lo2": 111.26478576660156, "la2": 43.468475341796875, "dx": 0.2609002888202667, "dy": -0.23708222806453705, "refTime": "2025-02-19 18:00:00", "forecastTime": 0, "parameterNumber": 2, "parameterNumberName": "eastward_wind"}, "data":
[rows 38 to 56 of 198, columns 88 to 131 of 256]
-22.41094207763672,-22.20425796508789,-21.897396087646484,-21.590482711791992,-21.346092224121094,-21.140867233276367,-20.924314498901367,-20.664690017700195,-20.35695457458496,-19.90528106689453,-19.31537628173828,-18.667150497436523,-18.020692825317383,-17.373361587524414,-16.72036361694336,-16.057546615600586,-15.367505073547363,-14.774242401123047,-14.392499923706055,-14.111598014831543,-13.673126220703125,-12.980450630187988,-12.115720748901367,-11.313812255859375,-10.710956573486328,-10.276113510131836,-9.98647403717041,-9.713969230651855,-9.361212730407715,-9.01467514038086,-8.733864784240723,-8.3695650100708,-7.856472492218018,-7.343447685241699,-6.956935405731201,-6.643886566162109,-6.241674423217773,-5.77062463760376,-5.604802131652832,-5.979259014129639,-6.390623092651367,-6.174314022064209,-5.478003025054932,-4.516780853271484
-23.233673095703125,-23.13150405883789,-22.935626983642578,-22.639057159423828,-22.308454513549805,-21.993860244750977,-21.758686065673828,-21.604148864746094,-21.53087043762207,-21.44817543029785,-21.103126525878906,-20.598705291748047,-20.10408592224121,-19.6072940826416,-19.097517013549805,-18.581851959228516,-17.93593978881836,-17.18448829650879,-16.51078987121582,-16.014263153076172,-15.49277400970459,-14.758737564086914,-13.88908863067627,-13.106978416442871,-12.500533103942871,-12.0233154296875,-11.614754676818848,-11.16401481628418,-10.716548919677734,-10.450423240661621,-10.402825355529785,-10.3760404586792,-10.198503494262695,-9.912933349609375,-9.631202697753906,-9.304180145263672,-8.773296356201172,-8.122812271118164,-7.920072555541992,-8.512625694274902,-9.212801933288574,-8.962235450744629,-7.944131851196289,-6.730778694152832
-24.047365188598633,-23.882566452026367,-23.71816635131836,-23.485000610351562,-23.166738510131836,-22.727720260620117,-22.331806182861328,-22.112985610961914,-22.09845733642578,-22.276527404785156,-22.24848747253418,-21.886137008666992,-21.549175262451172,-21.322948455810547,-21.087759017944336,-20.797603607177734,-20.26663589477539,-19.43537712097168,-18.542922973632812,-17.831750869750977,-17.325820922851562,-16.781970977783203,-16.223093032836914,-15.785604476928711,-15.415709495544434,-14.928529739379883,-14.3338623046875,-13.709919929504395,-13.241263389587402,-13.153017044067383,-13.378653526306152,-13.59283447265625,-13.567615509033203,-13.2329683303833,-12.644927978515625,-11.92329216003418,-11.045445442199707,-10.034677505493164,-9.623233795166016,-10.420254707336426,-11.593121528625488,-11.577099800109863,-10.372076988220215,-9.043846130371094
-24.774133682250977,-24.526466369628906,-24.27025032043457,-24.124130249023438,-23.921117782592773,-23.560129165649414,-23.230283737182617,-22.990745544433594,-22.875076293945312,-23.005268096923828,-23.20604133605957,-23.04365348815918,-22.720439910888672,-22.623695373535156,-22.579452514648438,-22.37795639038086,-21.886465072631836,-21.06845474243164,-20.093107223510742,-19.298898696899414,-18.89434242248535,-18.55775260925293,-18.242292404174805,-17.982152938842773,-17.66398811340332,-17.078248977661133,-16.408065795898438,-15.762853622436523,-15.232093811035156,-15.042086601257324,-15.173901557922363,-15.369339942932129,-15.409810066223145,-15.07019329071045,-14.233108520507812,-13.114238739013672,-11.91579818725586,-10.687647819519043,-10.183969497680664,-11.276101112365723,-13.113938331604004,-13.687682151794434,-12.750887870788574,-11.809205055236816
-25.136735916137695,-24.98363494873047,-24.63142204284668,-24.40154457092285,-24.285825729370117,-24.1938533782959,-24.05851173400879,-23.911399841308594,-23.82827377319336,-23.653291702270508,-23.66509246826172,-23.80704689025879,-23.578351974487305,-23.355815887451172,-23.43852996826172,-23.13679313659668,-22.49534034729004,-21.660430908203125,-20.75817108154297,-19.962730407714844,-19.49944496154785,-19.15835189819336,-18.87981414794922,-18.66520881652832,-18.312114715576172,-17.678367614746094,-16.955686569213867,-16.195655822753906,-15.407004356384277,-14.877891540527344,-14.812573432922363,-15.161653518676758,-15.61764907836914,-15.618661880493164,-14.738445281982422,-13.26494312286377,-11.789609909057617,-10.522542953491211,-10.08499526977539,-11.3451509475708,-13.605766296386719,-14.710868835449219,-14.284343719482422,-13.87308406829834
-24.8321475982666,-24.88665199279785,-24.69662857055664,-24.446048736572266,-24.368061065673828,-24.225492477416992,-24.198238372802734,-24.253093719482422,-24.340721130371094,-24.11939811706543,-23.680980682373047,-23.862327575683594,-24.071533203125,-23.761323928833008,-23.696147918701172,-23.402324676513672,-22.590604782104492,-21.723007202148438,-21.015052795410156,-20.495391845703125,-20.13698387145996,-19.73511505126953,-19.215429306030273,-18.75480079650879,-18.343002319335938,-17.8361873626709,-17.090129852294922,-16.060518264770508,-14.91072940826416,-14.077108383178711,-13.95708179473877,-14.495331764221191,-15.274482727050781,-15.612520217895508,-14.875838279724121,-13.174159049987793,-11.353326797485352,-9.974776268005371,-9.49474811553955,-10.77835750579834,-13.187312126159668,-14.53512954711914,-14.497331619262695,-14.48708438873291
-23.979164123535156,-24.006555557250977,-23.909372329711914,-23.98008918762207,-24.170730590820312,-23.995508193969727,-23.888893127441406,-24.070541381835938,-24.236051559448242,-24.11560821533203,-23.786388397216797,-23.679786682128906,-23.869998931884766,-23.93698501586914,-23.586719512939453,-23.118684768676758,-22.362058639526367,-21.5508975982666,-20.97315216064453,-20.759017944335938,-20.582670211791992,-20.144149780273438,-19.51902198791504,-19.011686325073242,-18.658918380737305,-18.349634170532227,-17.71588706970215,-16.568939208984375,-15.166044235229492,-14.037955284118652,-13.63804817199707,-14.000422477722168,-14.737029075622559,-15.144033432006836,-14.499160766601562,-12.790555000305176,-10.723533630371094,-8.906789779663086,-8.299924850463867,-9.966705322265625,-12.547639846801758,-13.765307426452637,-13.590800285339355,-13.447936058044434
-23.357547760009766,-23.3321590423584,-23.106529235839844,-23.215755462646484,-23.601909637451172,-23.592098236083984,-23.43329429626465,-23.53323745727539,-23.924118041992188,-24.041593551635742,-23.66716766357422,-23.291536331176758,-23.444982528686523,-23.65192413330078,-23.304128646850586,-22.54079818725586,-21.811817169189453,-21.16834259033203,-20.577247619628906,-20.270225524902344,-20.257863998413086,-20.047916412353516,-19.4591064453125,-18.786766052246094,-18.2200984954834,-17.82088851928711,-17.298917770385742,-16.36455535888672,-15.196578025817871,-14.202126502990723,-13.653371810913086,-13.733104705810547,-14.191535949707031,-14.360583305358887,-13.739616394042969,-12.407852172851562,-10.220922470092773,-7.469113349914551,-6.9164934158325195,-9.291805267333984,-12.04422378540039,-13.022994041442871,-12.540454864501953,-12.017044067382812
-22.860960006713867,-23.071809768676758,-23.002168655395508,-22.839746475219727,-23.13396644592285,-23.302017211914062,-23.092819213867188,-22.983917236328125,-23.19629669189453,-23.4257755279541,-23.248870849609375,-22.786746978759766,-22.647598266601562,-22.923303604125977,-22.67670440673828,-21.79157066345215,-21.054107666015625,-20.555971145629883,-20.059162139892578,-19.510963439941406,-19.42018699645996,-19.305334091186523,-18.876678466796875,-18.353496551513672,-17.748680114746094,-17.21866798400879,-16.6761474609375,-15.87540054321289,-15.000686645507812,-14.340049743652344,-13.85712718963623,-13.733246803283691,-13.891420364379883,-13.648062705993652,-12.809042930603027,-11.46859073638916,-9.00517463684082,-6.190672874450684,-6.281676292419434,-8.976051330566406,-11.731892585754395,-12.524526596069336,-12.003636360168457,-11.301280975341797
-22.534698486328125,-22.322526931762695,-22.59992790222168,-22.572433471679688,-22.544979095458984,-22.94696044921875,-22.755582809448242,-22.432876586914062,-22.498170852661133,-22.51844596862793,-22.481632232666016,-22.081724166870117,-21.578784942626953,-21.601511001586914,-21.470783233642578,-20.971359252929688,-20.190387725830078,-19.43487548828125,-19.058387756347656,-18.797937393188477,-18.489896774291992,-18.178617477416992,-17.91531753540039,-17.755016326904297,-17.56820297241211,-17.20177459716797,-16.436412811279297,-15.407428741455078,-14.614524841308594,-14.227937698364258,-13.99837589263916,-13.759106636047363,-13.358696937561035,-12.471414566040039,-11.206778526306152,-9.913925170898438,-7.623806476593018,-5.0644330978393555,-5.693760871887207,-8.657685279846191,-11.17536449432373,-11.524749755859375,-11.115368843078613,-10.438544273376465
-22.44109535217285,-22.032873153686523,-21.890369415283203,-22.138778686523438,-22.353199005126953,-22.430448532104492,-22.2355899810791,-21.990631103515625,-21.9320011138916,-21.798608779907227,-21.309864044189453,-20.77462387084961,-20.511018753051758,-20.26441192626953,-19.872371673583984,-19.802677154541016,-19.350378036499023,-18.313650131225586,-17.727771759033203,-17.740821838378906,-17.360427856445312,-16.846269607543945,-16.68541145324707,-16.637371063232422,-16.758764266967773,-16.708389282226562,-15.901128768920898,-14.749272346496582,-13.92778491973877,-13.550516128540039,-13.566725730895996,-13.436079978942871,-12.471383094787598,-10.772963523864746,-9.180719375610352,-8.133151054382324,-6.3056416511535645,-3.1942877769470215,-4.577329158782959,-8.15600299835205,-10.17668342590332,-10.028367042541504,-9.806028366088867,-9.219207763671875
-21.565275192260742,-21.62646484375,-21.44930648803711,-21.46702766418457,-21.829755783081055,-21.97272491455078,-21.589433670043945,-21.22161102294922,-21.215354919433594,-20.891992568969727,-20.149028778076172,-19.56192970275879,-19.281278610229492,-18.969940185546875,-18.524328231811523,-18.302751541137695,-17.939620971679688,-17.09041404724121,-16.725139617919922,-16.599409103393555,-16.107540130615234,-15.633630752563477,-15.37697696685791,-15.17611026763916,-15.114202499389648,-15.168296813964844,-14.831177711486816,-14.008523941040039,-13.091764450073242,-12.509390830993652,-12.470182418823242,-12.58427619934082,-11.816856384277344,-9.74239444732666,-7.783616065979004,-6.594421863555908,-4.304387092590332,-0.5521318316459656,-2.979340076446533,-7.112700939178467,-8.89059829711914,-8.665864944458008,-8.379100799560547,-7.794238090515137
-20.737407684326172,-20.87099266052246,-20.901676177978516,-20.948726654052734,-20.915307998657227,-20.847610473632812,-20.63666343688965,-20.50899314880371,-20.47163963317871,-19.979434967041016,-19.13066291809082,-18.59351348876953,-18.343212127685547,-17.81589126586914,-17.223857879638672,-16.872007369995117,-16.38473129272461,-15.821273803710938,-15.653214454650879,-15.447361946105957,-15.059483528137207,-14.547738075256348,-13.990674018859863,-13.612200736999512,-13.404706001281738,-13.44831371307373,-13.371917724609375,-12.839825630187988,-12.07267951965332,-11.485559463500977,-11.235621452331543,-11.26243782043457,-10.921748161315918,-9.386665344238281,-7.475407600402832,-5.915000915527344,-2.8439080715179443,1.471447229385376,-1.2283047437667847,-5.820302963256836,-7.67167329788208,-7.608441352844238,-7.060159206390381,-6.383717060089111
-19.623184204101562,-19.966991424560547,-20.007436752319336,-19.944141387939453,-20.008148193359375,-20.00775146484375,-19.824323654174805,-19.7311954498291,-19.54287338256836,-18.95865249633789,-18.20583724975586,-17.83472442626953,-17.66550064086914,-17.12944221496582,-16.39724349975586,-15.767660140991211,-15.214034080505371,-14.778214454650879,-14.455327033996582,-14.13973331451416,-13.900107383728027,-13.424420356750488,-12.664156913757324,-12.105941772460938,-11.974123001098633,-12.113747596740723,-11.994900703430176,-11.3410062789917,-10.61829662322998,-10.423073768615723,-10.521736145019531,-10.47187328338623,-9.843087196350098,-8.552799224853516,-7.255923748016357,-5.668619155883789,-2.454221487045288,2.290494680404663,0.2585258185863495,-4.755938529968262,-6.732235908508301,-6.648077487945557,-5.898983001708984,-5.087335109710693
-18.526447296142578,-18.940250396728516,-19.041458129882812,-18.903650283813477,-18.796171188354492,-18.7652530670166,-18.89607810974121,-18.989046096801758,-18.666431427001953,-18.025075912475586,-17.48072624206543,-17.103288650512695,-16.708913803100586,-16.246902465820312,-15.854869842529297,-15.404478073120117,-14.747821807861328,-14.051790237426758,-13.501933097839355,-13.110027313232422,-12.763530731201172,-12.277257919311523,-11.68802261352539,-11.155227661132812,-10.81673812866211,-10.821147918701172,-10.69599723815918,-9.934876441955566,-9.086174011230469,-9.15084457397461,-9.900632858276367,-10.234554290771484,-9.406109809875488,-7.963179588317871,-6.5678181648254395,-4.399869918823242,-1.1104007959365845,2.1457443237304688,0.6711277961730957,-4.3070526123046875,-6.011218547821045,-5.752633571624756,-4.914079189300537,-4.130246639251709
-17.3708438873291,-17.532739639282227,-17.701866149902344,-17.76862335205078,-17.71661949157715,-17.692461013793945,-17.71579360961914,-17.601825714111328,-17.362476348876953,-17.05765151977539,-16.587060928344727,-16.07863998413086,-15.831793785095215,-15.608951568603516,-15.140581130981445,-14.618002891540527,-14.10524845123291,-13.544106483459473,-13.030637741088867,-12.600109100341797,-12.101092338562012,-11.495747566223145,-10.920778274536133,-10.44493293762207,-9.949987411499023,-9.5372314453125,-9.316381454467773,-8.738149642944336,-7.898830890655518,-7.982556343078613,-8.730643272399902,-9.221033096313477,-8.76416301727295,-7.472768783569336,-5.4440741539001465,-2.5265166759490967,0.5078082084655762,2.2338249683380127,-0.3004181385040283,-4.759284973144531,-5.571556091308594,-4.953787803649902,-3.8894920349121094,-3.29374623298645
-16.445566177368164,-16.332456588745117,-16.31832504272461,-16.463634490966797,-16.47402572631836,-16.37940216064453,-16.314847946166992,-16.245718002319336,-16.118925094604492,-15.876384735107422,-15.472719192504883,-15.113288879394531,-14.98999309539795,-14.7648344039917,-14.185932159423828,-13.595793724060059,-13.150882720947266,-12.753421783447266,-12.421956062316895,-12.034957885742188,-11.453017234802246,-10.783205032348633,-10.209129333496094,-9.73012924194336,-9.198551177978516,-8.640122413635254,-8.243544578552246,-7.663459777832031,-6.911320209503174,-6.999300003051758,-7.413692474365234,-7.345720291137695,-7.139931678771973,-6.589704990386963,-4.805063247680664,-1.6601544618606567,0.300240695476532,1.2973577976226807,-1.3639886379241943,-4.9004926681518555,-5.011770248413086,-4.090096950531006,-2.673053741455078,-2.221728801727295
-15.566811561584473,-15.391305923461914,-15.177599906921387,-15.158048629760742,-15.138049125671387,-15.142658233642578,-15.15382194519043,-15.067392349243164,-14.871685981750488,-14.573461532592773,-14.316279411315918,-14.169598579406738,-14.049160957336426,-13.792612075805664,-13.287343978881836,-12.720661163330078,-12.232109069824219,-11.825297355651855,-11.459444046020508,-11.012896537780762,-10.413623809814453,-9.757152557373047,-9.190774917602539,-8.765132904052734,-8.366228103637695,-7.918021202087402,-7.403729438781738,-6.699368000030518,-6.148026943206787,-6.177858829498291,-6.142983913421631,-5.550114631652832,-5.573500156402588,-5.54900598526001,-4.995665073394775,-1.1307110786437988,1.0561836957931519,0.8190417289733887,-2.3258540630340576,-4.612094879150391,-3.8746516704559326,-2.894871234893799,-1.3517496585845947,-1.0311894416809082
-14.396707534790039,-14.341174125671387,-14.192627906799316,-14.130906105041504,-14.059234619140625,-14.134525299072266,-14.22119140625,-14.152170181274414,-13.851617813110352,-13.454588890075684,-13.154375076293945,-13.078241348266602,-13.119791030883789,-12.949295997619629,-12.45866870880127,-11.893439292907715,-11.404122352600098,-10.952696800231934,-10.519203186035156,-10.022087097167969,-9.311802864074707,-8.491771697998047,-7.795508861541748,-7.392645359039307,-7.2309417724609375,-6.926717281341553,-6.324243068695068,-5.728192329406738,-5.4933037757873535,-5.6058759689331055,-5.407717227935791,-4.660227298736572,-4.702007293701172,-4.869390487670898,-4.319231986999512,0.30350449681282043,2.76224684715271,0.5716748237609863,-3.1066946983337402,-4.136731147766113,-2.800036907196045,-1.7438592910766602,-0.6518858671188354,-0.2987317442893982
