data/wind_data/wind_49_8.json
{"header": {"parameterUnit": "KT", "parameterCategory": 2, "nx": 256, "ny": 198, "lo1": 44.73521041870117, "la1": -3.236724853515625, "lo2": 111.26478576660156, "la2": 43.468475341796875, "dx": 0.2609002888202667, "dy": -0.23708222806453705, "refTime": "2025-02-21 01:00:00", "forecastTime": 0, "parameterNumber": 2, "parameterNumberName": "eastward_wind"}, "data":
[rows 95 to 113 of 198, columns 132 to 175 of 256]
29.781230926513672,34.114070892333984,37.407779693603516,39.32682800292969,40.70069122314453,42.04755783081055,43.20126724243164,43.253265380859375,41.824581146240234,40.31031799316406,40.06162643432617,40.547630310058594,40.47941589355469,39.94889450073242,39.923439025878906,41.408138275146484,44.10628890991211,46.011802673339844,45.53475570678711,43.52183532714844,41.647056579589844,40.76884460449219,40.86882400512695,41.33952331542969,41.772361755371094,42.4146842956543,43.393497467041016,44.40436553955078,45.506866455078125,46.61842346191406,46.991432189941406,46.29604721069336,45.32822799682617,45.00307846069336,45.35568618774414,45.74930191040039,45.734615325927734,45.38970184326172,45.07894515991211,44.955265045166016,44.74042892456055,44.166690826416016,43.405242919921875,41.91802215576172
28.351289749145508,34.205657958984375,38.09616470336914,39.83369445800781,41.02470779418945,42.452266693115234,43.9156379699707,44.928470611572266,44.8998908996582,44.138092041015625,43.66321563720703,43.83021926879883,43.853981018066406,42.79580307006836,41.06013488769531,40.640708923339844,42.561851501464844,45.492122650146484,47.12386703491211,46.43439865112305,44.43765640258789,42.57665252685547,41.58212661743164,41.710941314697266,42.82349395751953,44.198543548583984,44.970069885253906,45.35783386230469,46.24911880493164,47.39845657348633,47.62399673461914,46.764244079589844,45.93019485473633,45.96418380737305,46.67874526977539,47.28251266479492,47.23331832885742,46.792110443115234,46.51217269897461,46.383602142333984,45.968353271484375,45.28578186035156,44.92841339111328,44.039302825927734
25.7647762298584,32.77549362182617,38.57756042480469,41.167842864990234,41.89958190917969,42.82194519042969,44.1895751953125,45.41788864135742,46.19398880004883,46.461238861083984,46.4592399597168,46.4864387512207,46.42976760864258,45.6640739440918,43.90834426879883,42.28357696533203,42.632808685302734,45.152671813964844,48.09613800048828,49.25197219848633,48.05414962768555,45.64740753173828,43.328433990478516,42.23016357421875,43.11140823364258,45.17777633666992,46.50138473510742,46.958919525146484,47.63728332519531,48.339962005615234,48.34709167480469,47.78012466430664,47.2326774597168,47.36803436279297,48.312320709228516,49.260581970214844,49.368736267089844,48.86077880859375,48.290916442871094,47.582725524902344,46.45708465576172,45.49003219604492,45.55672836303711,45.41097640991211
24.468994140625,30.61965560913086,37.34269332885742,41.812503814697266,43.36442565917969,43.93534469604492,44.8481330871582,45.757144927978516,46.64511489868164,47.59088897705078,48.24110794067383,48.49443054199219,48.39735412597656,47.82307052612305,46.57899856567383,44.742164611816406,43.816383361816406,45.21318435668945,48.41423797607422,50.9919319152832,51.31965255737305,49.71670150756836,47.19540023803711,45.00496292114258,44.382564544677734,45.30696105957031,46.80171203613281,48.20774841308594,49.312583923339844,49.82145309448242,49.95176315307617,49.774200439453125,49.15838623046875,48.90830612182617,49.76863098144531,51.12507629394531,51.817691802978516,51.61201858520508,50.804969787597656,49.427040100097656,47.595523834228516,46.22341537475586,46.26901626586914,46.39389419555664
25.46936798095703,29.679733276367188,35.690711975097656,41.00780487060547,44.101295471191406,45.406394958496094,46.30791473388672,46.97266387939453,47.32514190673828,48.11933517456055,49.284942626953125,50.15354537963867,50.21892547607422,49.64459991455078,48.76760482788086,47.481285095214844,46.23738479614258,46.32891082763672,48.313751220703125,50.86888122558594,52.43467330932617,52.65015411376953,51.54220199584961,49.67367935180664,48.06745910644531,47.082698822021484,46.94091796875,47.94366455078125,49.51567459106445,50.821632385253906,51.77617263793945,52.012901306152344,50.959449768066406,49.84623718261719,50.14625930786133,51.51731491088867,52.78300476074219,53.28118133544922,52.831485748291016,51.56311798095703,49.75821304321289,48.13470458984375,47.80961608886719,47.9344596862793
27.692047119140625,30.066370010375977,34.65118408203125,39.86042404174805,44.00666046142578,46.55132293701172,48.04473876953125,48.80166244506836,48.92288589477539,49.13121032714844,50.041629791259766,51.08021545410156,51.351985931396484,50.88453674316406,50.31700134277344,49.81702423095703,49.169673919677734,48.780113220214844,49.19797134399414,50.36833953857422,51.96242141723633,53.410823822021484,53.86466598510742,53.188785552978516,52.040348052978516,50.71614456176758,49.607730865478516,49.261940002441406,49.74209976196289,50.69538497924805,51.97300338745117,53.098663330078125,52.757362365722656,51.29682540893555,50.6107292175293,51.30388641357422,52.4609489440918,53.22641372680664,53.346065521240234,52.85483169555664,51.714107513427734,50.09190368652344,49.248085021972656,49.652923583984375
30.249568939208984,31.239173889160156,34.3209342956543,38.907291412353516,43.59175491333008,47.13438034057617,49.430397033691406,50.67097854614258,50.91367721557617,50.73015594482422,50.91798782348633,51.4190559387207,51.605621337890625,51.42885208129883,51.341392517089844,51.49577331542969,51.543827056884766,51.22148132324219,50.88554382324219,51.018497467041016,51.82796096801758,53.2359619140625,54.465850830078125,54.7144889831543,54.21910095214844,53.55973434448242,52.885398864746094,52.191864013671875,51.56070327758789,51.24477767944336,51.6512565612793,52.67642593383789,53.45553207397461,53.31969451904297,52.71160888671875,52.47371292114258,52.8128547668457,53.39265060424805,53.85153579711914,53.95254135131836,53.40334701538086,51.91594314575195,50.5787467956543,51.18557357788086
33.54853439331055,33.46077346801758,35.406707763671875,38.85602569580078,43.149295806884766,47.055931091308594,49.88246536254883,51.720462799072266,52.557640075683594,52.46177291870117,52.10932159423828,51.955387115478516,51.930763244628906,52.01243591308594,52.30876541137695,52.79969787597656,53.20905303955078,53.14138412475586,52.632144927978516,52.207618713378906,52.41548538208008,53.44364929199219,54.7147331237793,55.412471771240234,55.460506439208984,55.147396087646484,54.64718246459961,54.23133850097656,53.8560791015625,53.16615295410156,52.561222076416016,52.75270462036133,53.470149993896484,54.00244140625,54.17194747924805,54.222206115722656,54.409767150878906,54.78739547729492,55.17572784423828,55.3006477355957,54.965091705322266,53.727989196777344,52.22492218017578,52.60438537597656
36.993553161621094,36.568023681640625,37.915958404541016,40.30671691894531,43.386112213134766,46.692535400390625,49.46284103393555,51.55698776245117,52.964290618896484,53.523529052734375,53.442665100097656,53.2138786315918,53.14051818847656,53.44818878173828,53.98303985595703,54.26616287231445,54.127113342285156,53.81923294067383,53.48799133300781,53.21333694458008,53.2689323425293,53.909156799316406,55.01304626464844,56.154273986816406,56.80504608154297,56.57181930541992,55.60335159301758,54.75738525390625,54.520912170410156,54.408203125,54.104461669921875,53.96963882446289,54.13766860961914,54.36882781982422,54.59478759765625,54.97750473022461,55.662349700927734,56.548828125,57.178138732910156,57.16250228881836,56.6197395324707,55.61566162109375,54.473114013671875,54.51607131958008
39.04290771484375,38.713134765625,40.171146392822266,42.364341735839844,44.39231872558594,46.464115142822266,48.686988830566406,50.89772415161133,52.82435989379883,54.02004623413086,54.43595504760742,54.58055114746094,55.00450134277344,55.86528396606445,56.69925308227539,56.424869537353516,54.958839416503906,53.58503723144531,52.992916107177734,52.90715408325195,53.25627136230469,54.203643798828125,55.62749099731445,57.10155487060547,58.14521408081055,58.21188735961914,57.06760025024414,55.43477249145508,54.40175247192383,54.26165008544922,54.60398864746094,55.06904220581055,55.48223876953125,55.624752044677734,55.52548599243164,55.59593200683594,56.278785705566406,57.554046630859375,58.787235260009766,59.199241638183594,58.5975456237793,57.532142639160156,56.60325622558594,56.37301254272461
40.92180633544922,40.479984283447266,41.784767150878906,44.00265121459961,45.557979583740234,46.55338668823242,48.006492614746094,50.32537841796875,52.917381286621094,54.87221145629883,55.68690490722656,55.850257873535156,56.436119079589844,57.70648193359375,58.928646087646484,58.69414138793945,56.689762115478516,54.27387237548828,52.57879638671875,51.837093353271484,52.160057067871094,53.64119338989258,55.895565032958984,58.126739501953125,59.70390319824219,60.202632904052734,59.382598876953125,57.55148696899414,55.62985610961914,54.5013313293457,54.41074752807617,55.079498291015625,56.11375045776367,57.055213928222656,57.4939079284668,57.4779052734375,57.6014404296875,58.41899871826172,59.724369049072266,60.414939880371094,59.85192108154297,58.83667755126953,58.221256256103516,57.92818069458008
43.46851348876953,43.16797637939453,44.04556655883789,45.90292739868164,47.15293502807617,47.33380126953125,47.77460479736328,49.77296447753906,52.82838439941406,55.702354431152344,57.38774871826172,57.81067657470703,57.948158264160156,58.50559616088867,59.22066116333008,59.151824951171875,57.84663009643555,55.73177719116211,53.492942810058594,51.790592193603516,51.37933349609375,52.71758270263672,55.368675231933594,58.1497917175293,60.26872634887695,61.4758186340332,61.52622604370117,60.386024475097656,58.43196105957031,56.41168212890625,55.14887619018555,55.09342575073242,56.08782958984375,57.542152404785156,58.81453323364258,59.462623596191406,59.600425720214844,59.83968734741211,60.53022766113281,60.966941833496094,60.50925827026367,59.87099838256836,59.57398986816406,59.036014556884766
45.33805465698242,45.60821533203125,46.232666015625,47.58378982543945,48.91330337524414,49.215980529785156,49.01693344116211,49.92815017700195,52.44681930541992,55.67626190185547,58.40647888183594,59.88279724121094,60.00865936279297,59.42973709106445,58.71619415283203,57.895267486572266,56.97507095336914,55.84996032714844,54.39054489135742,52.83299255371094,52.00981903076172,52.71149444580078,54.8548583984375,57.41843032836914,59.39902877807617,60.70005416870117,61.461585998535156,61.503578186035156,60.6390266418457,59.08721160888672,57.575565338134766,56.84886169433594,57.13761520385742,58.1564826965332,59.40000534057617,60.36330032348633,60.79301834106445,60.92928695678711,61.20718002319336,61.446449279785156,61.309661865234375,61.244564056396484,61.20003128051758,60.45695495605469
46.18845748901367,46.74714279174805,47.35557174682617,48.256561279296875,49.62443161010742,51.03865432739258,51.806671142578125,52.224666595458984,53.38652038574219,55.71647262573242,58.59087371826172,60.92634201049805,61.579246520996094,60.559181213378906,58.79774856567383,57.19841384887695,56.15122985839844,55.30873107910156,54.22144317626953,53.15510940551758,52.648990631103516,53.103668212890625,54.5900764465332,56.60805130004883,58.310604095458984,59.315452575683594,59.94506072998047,60.47322082519531,60.69418716430664,60.386695861816406,59.788360595703125,59.51966094970703,59.826454162597656,60.383445739746094,60.834835052490234,61.06340789794922,61.075401306152344,61.03997802734375,61.19645309448242,61.475406646728516,61.74837875366211,62.27804946899414,62.726932525634766,62.515995025634766
46.766082763671875,47.3651123046875,48.069114685058594,48.6698112487793,49.53964614868164,51.35063552856445,53.773380279541016,55.44597244262695,56.27002716064453,57.41062927246094,59.261600494384766,60.968257904052734,61.42615509033203,60.589317321777344,59.226470947265625,57.98331832885742,56.99113845825195,55.95457077026367,54.5201301574707,53.15440368652344,52.611167907714844,52.912967681884766,53.853336334228516,55.41636657714844,57.14289855957031,58.34192657470703,58.90418243408203,59.298431396484375,59.7746467590332,60.240543365478516,60.72169494628906,61.5313606262207,62.587284088134766,63.2495002746582,63.20038986206055,62.67989730834961,61.96167755126953,61.27275848388672,60.84614944458008,60.80644989013672,61.23143005371094,62.24900436401367,63.45842361450195,64.25545501708984
46.766357421875,47.74033737182617,48.80839538574219,49.47397994995117,49.95789337158203,51.33418273925781,53.880062103271484,56.30386734008789,57.72761154174805,58.707252502441406,59.75051498413086,60.53089141845703,60.606056213378906,60.21072769165039,59.72181701660156,59.14506149291992,58.50408935546875,57.727821350097656,56.39173126220703,54.716251373291016,53.58473205566406,53.170413970947266,53.17841339111328,53.84971237182617,55.2935676574707,56.808284759521484,57.788761138916016,58.35612869262695,58.957054138183594,59.83766555786133,61.0418586730957,62.544578552246094,63.868896484375,64.51704406738281,64.46900939941406,64.0632553100586,63.48650360107422,62.71990203857422,61.71394348144531,60.6446647644043,60.13882064819336,60.780784606933594,62.3695068359375,64.23603820800781
45.94550704956055,47.50799560546875,49.30074691772461,50.42420959472656,51.096397399902344,52.192176818847656,53.826622009277344,55.46445846557617,56.74528884887695,57.86619186401367,58.978248596191406,59.84783172607422,60.488033294677734,60.9088249206543,60.675689697265625,59.725303649902344,58.85287094116211,58.51713562011719,58.07872772216797,57.03790283203125,55.95446014404297,55.20148468017578,54.411163330078125,53.68528366088867,53.74546813964844,54.74493408203125,55.96220779418945,56.91032791137695,57.82331085205078,59.15026092529297,60.913490295410156,62.6046028137207,63.71869659423828,64.23771667480469,64.52339172363281,64.763916015625,64.88597869873047,64.6104736328125,63.57413101196289,61.77330017089844,59.939178466796875,59.19838333129883,60.036373138427734,62.12608337402344
45.14150619506836,46.9533576965332,49.23051834106445,50.9102668762207,52.22179412841797,53.41501998901367,54.22175979614258,54.57927322387695,54.940589904785156,55.9195556640625,57.56977462768555,59.392696380615234,60.96135711669922,61.69011688232422,61.22136688232422,60.148799896240234,59.19358444213867,58.4825325012207,57.833675384521484,57.31379318237305,57.289268493652344,57.56404495239258,57.054874420166016,55.46475601196289,54.01131820678711,53.869876861572266,54.82634735107422,56.08205032348633,57.08860778808594,58.21808624267578,59.85822296142578,61.49729919433594,62.599422454833984,63.34602355957031,64.15637969970703,65.0256118774414,65.5682373046875,65.53333282470703,64.72760772705078,63.037532806396484,60.86758041381836,59.07529067993164,58.58345031738281,59.96415328979492
44.7984619140625,46.4657096862793,48.76287841796875,50.92970657348633,52.801822662353516,54.05078887939453,54.259342193603516,53.90871810913086,53.89924240112305,54.77456283569336,56.643951416015625,58.999881744384766,60.703765869140625,61.156246185302734,60.6461181640625,60.28055191040039,60.15301513671875,59.29587936401367,57.610992431640625,56.522987365722656,57.171878814697266,58.67218017578125,58.9111328125,57.356842041015625,55.525550842285156,55.02812576293945,55.7557487487793,56.622127532958984,57.23656463623047,57.87997817993164,58.8332405090332,60.08970642089844,61.453189849853516,62.705970764160156,63.67414474487305,64.35230255126953,64.67431640625,64.52535247802734,63.97843933105469,63.06580352783203,61.75042724609375,60.186065673828125,59.0107307434082,59.215904235839844
