data/wind_data/wind_44_3.json
{"header": {"parameterUnit": "KT", "parameterCategory": 2, "nx": 256, "ny": 198, "lo1": 44.73521041870117, "la1": -3.236724853515625, "lo2": 111.26478576660156, "la2": 43.468475341796875, "dx": 0.2609002888202667, "dy": -0.23708222806453705, "refTime": "2025-02-20 20:00:00", "forecastTime": 0, "parameterNumber": 2, "parameterNumberName": "eastward_wind"}, "data":
[rows 152 to 170 of 198, columns 0 to 43 of 256]
18.92539405822754,17.235246658325195,15.62517261505127,15.437782287597656,15.671820640563965,17.660045623779297,20.10061264038086,20.924020767211914,21.710926055908203,19.528900146484375,18.110137939453125,24.523653030395508,31.66319465637207,34.90928649902344,32.918827056884766,30.396766662597656,29.799415588378906,30.604095458984375,34.51655960083008,35.272491455078125,32.17985534667969,29.24429702758789,26.291296005249023,25.202762603759766,24.78214454650879,18.405790328979492,11.689227104187012,9.802694320678711,11.902263641357422,11.65904712677002,8.836624145507812,6.144581317901611,5.6590962409973145,7.226927757263184,9.941656112670898,11.628745079040527,11.287378311157227,10.939109802246094,6.937281131744385,3.599276542663574,4.387990474700928,3.491265296936035,0.4964558184146881,-0.5396869778633118
18.541276931762695,16.666309356689453,15.075953483581543,14.868400573730469,15.140233039855957,17.052967071533203,19.6195011138916,21.072513580322266,20.909133911132812,20.56404685974121,18.135034561157227,21.077795028686523,29.0041446685791,33.84930419921875,34.60902404785156,31.670068740844727,30.281335830688477,31.389867782592773,33.491477966308594,33.557777404785156,31.9937801361084,28.322906494140625,25.823625564575195,18.476852416992188,13.000969886779785,6.53863525390625,2.0985968112945557,3.621185064315796,5.583531379699707,8.008811950683594,9.727215766906738,9.062198638916016,5.079145908355713,5.148439407348633,10.213966369628906,13.236684799194336,13.527120590209961,12.421319007873535,6.893533706665039,1.311526894569397,2.113459825515747,2.456125020980835,0.07467524707317352,-0.5482540726661682
18.915760040283203,17.534259796142578,16.150665283203125,15.032915115356445,15.680841445922852,16.702524185180664,18.746002197265625,20.852447509765625,21.1841983795166,21.670095443725586,20.652835845947266,19.835676193237305,24.584413528442383,30.66120147705078,32.19772720336914,31.463367462158203,31.323257446289062,30.816160202026367,30.505006790161133,30.452985763549805,30.876483917236328,28.40774917602539,20.42719078063965,7.974645137786865,2.1516785621643066,-1.5028975009918213,-1.3480080366134644,0.8839279413223267,2.1460952758789062,4.830311298370361,8.150080680847168,7.387035846710205,3.734966516494751,7.147411823272705,10.301106452941895,10.49596118927002,10.545915603637695,8.867618560791016,5.004482269287109,2.5570216178894043,2.4502298831939697,1.2043157815933228,-1.260568380355835,-0.04320570454001427
19.235193252563477,18.0346736907959,16.975400924682617,16.013652801513672,16.99569320678711,17.386783599853516,18.356712341308594,21.018390655517578,23.293598175048828,23.0625,21.84197998046875,20.696136474609375,21.790708541870117,26.44451332092285,30.2722110748291,31.04571533203125,29.540340423583984,28.261594772338867,27.86581802368164,27.19709014892578,24.75196075439453,19.60508155822754,10.340497970581055,2.0448076725006104,-1.0614535808563232,-3.0895020961761475,-3.32293963432312,-2.2683537006378174,-1.8287785053253174,-0.6762689352035522,1.3210729360580444,1.8692892789840698,5.0551371574401855,6.842264175415039,6.447537899017334,6.229279041290283,6.338590145111084,5.377464294433594,1.9965614080429077,-1.401067852973938,-1.688583493232727,-2.4587435722351074,-1.357262372970581,1.876422643661499
18.726980209350586,17.104278564453125,16.535348892211914,16.383434295654297,17.405258178710938,16.343095779418945,16.92537498474121,19.533145904541016,21.110288619995117,21.6189022064209,21.47034454345703,21.82493019104004,22.93219566345215,25.308218002319336,28.684003829956055,28.829553604125977,25.732789993286133,23.516963958740234,23.306591033935547,23.355241775512695,21.96529769897461,17.491134643554688,10.182316780090332,4.174131870269775,1.1840327978134155,-1.8141735792160034,-3.322166919708252,-3.344761610031128,-3.894961357116699,-2.203555107116699,0.29352670907974243,1.3950990438461304,0.005626155529171228,3.0940473079681396,3.9570071697235107,3.732417583465576,4.331071376800537,5.668061256408691,4.9976487159729,-0.6667606830596924,-5.265586853027344,-4.346227169036865,-0.982620894908905,2.0248115062713623
17.999353408813477,15.668330192565918,15.376629829406738,15.500792503356934,16.60398292541504,15.039695739746094,14.858260154724121,14.701313972473145,16.575586318969727,19.41941261291504,20.573915481567383,19.98757553100586,19.52676773071289,20.817768096923828,23.07416534423828,22.814279556274414,20.764570236206055,19.721435546875,21.472457885742188,23.376502990722656,20.377206802368164,13.528382301330566,6.6287078857421875,1.743600845336914,-1.1109938621520996,-5.394747734069824,-3.9529237747192383,-3.6026411056518555,-3.923818826675415,-2.2557480335235596,-0.04305547475814819,3.367807149887085,5.4598822593688965,0.9621589183807373,0.6851858496665955,2.0553886890411377,2.9394664764404297,4.63499641418457,7.304723262786865,5.194136619567871,-0.1683765947818756,-0.9714605212211609,0.11620000004768372,1.2505934238433838
15.70328140258789,14.388754844665527,14.751727104187012,14.738493919372559,16.57046890258789,15.52774429321289,14.342588424682617,15.88174057006836,18.001873016357422,20.047042846679688,20.72447395324707,17.31127166748047,13.625528335571289,13.03823184967041,13.463395118713379,14.318102836608887,15.603525161743164,16.498632431030273,14.467467308044434,10.30544662475586,5.205637454986572,1.7754944562911987,1.445610761642456,-1.0037883520126343,-3.8107755184173584,-6.400252342224121,-5.586764812469482,-1.8954299688339233,3.879880905151367,9.791333198547363,12.212626457214355,11.257711410522461,10.489311218261719,4.888557434082031,0.6800045371055603,0.19447173178195953,2.113288164138794,4.171978950500488,7.3572258949279785,8.342190742492676,5.567238807678223,3.4741833209991455,2.055239200592041,0.989605724811554
10.95162582397461,12.438440322875977,14.75776195526123,15.53519344329834,16.661561965942383,17.304323196411133,17.878185272216797,17.84382438659668,17.59226417541504,19.856332778930664,18.956850051879883,11.876052856445312,5.205458641052246,4.533062934875488,4.45438289642334,5.714247226715088,7.967034816741943,7.54618501663208,2.685354232788086,0.7536081671714783,-2.4426937103271484,-4.675882339477539,-1.6300114393234253,-3.188188076019287,-2.156118869781494,3.737492799758911,9.294573783874512,13.388076782226562,18.31968879699707,21.995983123779297,17.20798110961914,10.789884567260742,8.673881530761719,6.330997943878174,5.138948917388916,4.120004653930664,2.9062225818634033,2.359023332595825,2.3888440132141113,4.236622333526611,6.039960861206055,5.2625532150268555,2.6545498371124268,-0.5750742554664612
7.197521209716797,9.54874038696289,13.810842514038086,16.82021141052246,17.5034122467041,18.96092414855957,19.214433670043945,18.534629821777344,19.079862594604492,20.957813262939453,18.921754837036133,8.818124771118164,2.608837842941284,2.8719122409820557,1.2606756687164307,0.6436499953269958,2.2434613704681396,0.8316640853881836,-2.1575005054473877,-2.193255662918091,-5.338710784912109,-6.88164758682251,-3.838109254837036,0.08807338774204254,10.083133697509766,18.327722549438477,22.416118621826172,24.778688430786133,24.030855178833008,19.13608741760254,9.422493934631348,4.618129730224609,5.346293926239014,10.788838386535645,11.618659019470215,7.060903549194336,1.2819267511367798,-1.8439223766326904,-2.9282333850860596,-0.04248763993382454,3.358798027038574,6.5085577964782715,3.8878376483917236,-2.4434330463409424
9.767685890197754,11.752918243408203,13.896888732910156,19.28632164001465,20.742876052856445,20.082744598388672,18.52088737487793,17.99707794189453,18.99332046508789,20.934011459350586,18.232622146606445,8.874317169189453,3.6987338066101074,2.777637481689453,1.8579704761505127,0.6759316325187683,-0.45133522152900696,-2.680513381958008,-3.4442052841186523,-1.786609411239624,-5.040663242340088,-5.7961649894714355,0.007621533703058958,11.198395729064941,20.49516487121582,23.349517822265625,19.68056297302246,11.455982208251953,4.352532863616943,0.17530754208564758,-0.8872169852256775,-0.48255422711372375,0.187443807721138,3.938880443572998,13.455498695373535,16.54440689086914,8.354215621948242,1.0806914567947388,-2.644498586654663,-4.079765319824219,0.7535539269447327,4.649238109588623,3.2398688793182373,-3.2245066165924072
14.48565673828125,14.049572944641113,17.32056427001953,22.519140243530273,22.891019821166992,20.010761260986328,17.422719955444336,17.8668155670166,18.592103958129883,20.6402587890625,20.415834426879883,15.402939796447754,9.844996452331543,6.989619731903076,4.443465709686279,2.363276481628418,-1.0582410097122192,-3.7781782150268555,0.2270406037569046,-2.266216993331909,-1.204800009727478,0.13112957775592804,3.793158769607544,8.697969436645508,10.670992851257324,2.7774271965026855,1.2380077838897705,1.7762824296951294,-0.203181192278862,-1.2484745979309082,-1.910061001777649,-2.980881929397583,-3.569021463394165,-3.0175817012786865,2.1574203968048096,13.043045043945312,20.103086471557617,17.741254806518555,11.898077964782715,3.945453405380249,-1.4972095489501953,1.704681634902954,-0.558476984500885,-3.6063897609710693
14.224072456359863,16.208850860595703,19.61839485168457,22.37782859802246,22.884084701538086,20.217716217041016,17.53221893310547,17.51103973388672,18.503009796142578,19.25713348388672,21.537750244140625,19.03325843811035,13.563858032226562,10.127172470092773,6.857303142547607,4.1271209716796875,0.4113272726535797,2.0716731548309326,2.840409755706787,-1.7029635906219482,0.7838934659957886,3.3908238410949707,3.3823182582855225,3.4862589836120605,0.5119413137435913,-0.49471917748451233,-0.052930571138858795,1.196337342262268,-0.517113447189331,-1.791939616203308,-3.1497132778167725,-4.16274356842041,-5.143771648406982,-6.22721529006958,-6.090719223022461,-3.6781833171844482,1.7409064769744873,5.9880523681640625,8.793729782104492,7.552640914916992,0.35287314653396606,0.18653781712055206,-0.4312590956687927,-1.4300808906555176
12.050460815429688,17.08821678161621,18.642738342285156,18.51474952697754,20.14215660095215,18.612838745117188,17.887615203857422,17.669675827026367,18.03609848022461,17.853939056396484,20.11761474609375,13.689804077148438,7.526394844055176,8.018854141235352,9.540267944335938,6.277464866638184,4.295793056488037,6.8020124435424805,5.6187262535095215,3.0820415019989014,3.1525540351867676,4.76421594619751,3.738797187805176,1.7302974462509155,-0.6014463901519775,0.3881639242172241,1.5519983768463135,1.9690601825714111,-0.6833487749099731,-3.0475614070892334,-4.309670448303223,-4.4003586769104,-5.325540065765381,-6.480696678161621,-7.3873138427734375,-7.274814605712891,-5.130342960357666,-4.191530227661133,-4.358829021453857,-2.879685163497925,-0.45734331011772156,2.9131150245666504,2.2227983474731445,1.0615530014038086
11.860960006713867,17.6011962890625,16.802915573120117,14.234735488891602,14.476600646972656,14.0259370803833,17.205354690551758,18.645034790039062,17.384571075439453,18.26418113708496,13.00582218170166,8.24516773223877,3.8741207122802734,7.243975639343262,11.07136344909668,9.025022506713867,7.28931188583374,7.051633834838867,7.812668800354004,6.515255928039551,6.163311958312988,5.208338260650635,3.94740629196167,2.429753065109253,1.730885624885559,1.8177531957626343,2.5959131717681885,1.845289707183838,-1.5206414461135864,-4.12670373916626,-4.847250938415527,-4.709621906280518,-4.996500492095947,-5.544605255126953,-6.237064361572266,-6.382483005523682,-5.76520299911499,-6.7742133140563965,-8.38970947265625,-6.653834819793701,-4.3148016929626465,-0.9359491467475891,5.48075532913208,4.139876365661621
12.586084365844727,15.861351013183594,13.832053184509277,11.403620719909668,10.573649406433105,10.369185447692871,13.599936485290527,16.983720779418945,16.567127227783203,15.750378608703613,8.819911003112793,7.463432788848877,6.869278907775879,9.329293251037598,12.376762390136719,12.819527626037598,8.433369636535645,7.716872692108154,5.816733360290527,5.901724338531494,6.978760719299316,7.284087657928467,6.630823135375977,4.28141450881958,3.1327192783355713,2.615208864212036,2.3844614028930664,1.2461161613464355,-1.548397183418274,-3.81135892868042,-4.723084449768066,-5.056267738342285,-4.839076519012451,-4.814309597015381,-4.972531795501709,-5.321742057800293,-6.107924461364746,-7.776402950286865,-8.443155288696289,-7.236762046813965,-6.213476181030273,-4.497803688049316,0.22792626917362213,4.075328350067139
12.552664756774902,12.308648109436035,10.043058395385742,9.317865371704102,9.669913291931152,10.837922096252441,13.140839576721191,15.244392395019531,15.231581687927246,14.30317497253418,7.407372951507568,9.627884864807129,10.636150360107422,10.820643424987793,11.828027725219727,11.181014060974121,8.319100379943848,5.913936614990234,1.0888351202011108,4.661398887634277,7.92263650894165,9.893319129943848,9.59411907196045,5.683355808258057,3.2495131492614746,2.5356521606445312,1.814164638519287,1.4094698429107666,-0.5623012185096741,-2.666445255279541,-4.0399346351623535,-4.844416618347168,-4.762577533721924,-4.7390241622924805,-4.764787197113037,-5.363868236541748,-6.721038818359375,-8.126230239868164,-8.141152381896973,-7.186933517456055,-6.648183822631836,-5.794297695159912,-3.6847150325775146,-0.2211947739124298
11.222283363342285,9.462197303771973,7.2344279289245605,7.855963706970215,10.348139762878418,13.960655212402344,16.934162139892578,17.412668228149414,16.68628692626953,15.421220779418945,8.966877937316895,11.351318359375,11.807966232299805,10.77686595916748,10.1717529296875,7.704864501953125,7.999135971069336,3.3221092224121094,-1.286791443824768,5.953225135803223,9.097505569458008,10.69510269165039,8.426107406616211,5.7870917320251465,3.1921253204345703,2.3164236545562744,1.564086675643921,1.7166415452957153,0.6542169451713562,-1.3484678268432617,-3.0677638053894043,-4.145962715148926,-4.365340709686279,-4.755910396575928,-5.085541248321533,-5.47922945022583,-6.499352931976318,-7.648983955383301,-7.411350727081299,-6.311975002288818,-5.524166584014893,-5.025074481964111,-4.21071195602417,-2.976611614227295
9.274462699890137,7.173773288726807,5.251718521118164,5.960940361022949,8.476846694946289,13.009079933166504,16.050302505493164,15.373712539672852,16.378578186035156,15.848832130432129,11.024703979492188,10.483872413635254,11.585796356201172,10.765607833862305,9.488399505615234,5.634391784667969,8.816657066345215,4.4252190589904785,0.9603241086006165,7.019176006317139,9.431857109069824,8.371228218078613,5.972249984741211,5.326854705810547,3.116379976272583,1.9999456405639648,1.4077847003936768,1.639222264289856,1.4602307081222534,0.05083155259490013,-1.66169273853302,-3.0160958766937256,-3.4297292232513428,-4.172078609466553,-5.103039741516113,-5.516118049621582,-5.79768705368042,-6.196592330932617,-5.892828941345215,-4.913814544677734,-3.914024829864502,-3.06691575050354,-2.1308722496032715,-1.7936208248138428
6.690717697143555,6.1927900314331055,4.59233283996582,5.070794105529785,6.321962833404541,6.264615058898926,8.697352409362793,15.071150779724121,18.419836044311523,17.721647262573242,16.05902671813965,16.308246612548828,16.559907913208008,13.052621841430664,9.157072067260742,9.639307022094727,10.535094261169434,5.476170063018799,4.833438873291016,8.567831039428711,8.816446304321289,5.705765724182129,4.979447364807129,4.806310176849365,2.7783493995666504,1.8940612077713013,1.4730788469314575,1.5705413818359375,1.7727673053741455,1.1263927221298218,-0.15665467083454132,-1.6404451131820679,-2.215524911880493,-3.0152411460876465,-4.189754486083984,-5.035374164581299,-4.984967231750488,-4.459578990936279,-3.858240842819214,-3.131197452545166,-2.3428850173950195,-1.3537499904632568,-0.06228652969002724,0.9395396113395691
