data/wind_data/wind_32_4.json
{"header": {"parameterUnit": "KT", "parameterCategory": 2, "nx": 256, "ny": 198, "lo1": 44.73521041870117, "la1": -3.236724853515625, "lo2": 111.26478576660156, "la2": 43.468475341796875, "dx": 0.2609002888202667, "dy": -0.23708222806453705, "refTime": "2025-02-20 08:00:00", "forecastTime": 0, "parameterNumber": 2, "parameterNumberName": "eastward_wind"}, "data":
[rows 19 to 37 of 198, columns 132 to 175 of 256]
-5.15253210067749,-3.948369026184082,-4.281061172485352,-6.391785144805908,-6.101696491241455,-2.931596517562866,-3.7839930057525635,-1.9775546789169312,-3.254674196243286,-4.757421493530273,-4.468571662902832,-2.597402572631836,-3.9963037967681885,-1.799177646636963,-3.9798078536987305,-0.7833157181739807,-4.978498935699463,-3.2726526260375977,-3.3688158988952637,-3.4644131660461426,-0.5875804424285889,-1.288780927658081,-2.388267755508423,-2.6368141174316406,-1.6341595649719238,-3.97351336479187,-3.9261934757232666,-4.757383346557617,-4.8854146003723145,-3.820375442504883,-1.59684419631958,1.0030478239059448,2.1757659912109375,1.4843370914459229,1.895513653755188,2.2510569095611572,3.4822990894317627,3.5679609775543213,-0.3748255968093872,-4.059582233428955,-1.9494887590408325,1.134157419204712,4.079732418060303,6.452983379364014
-4.004127025604248,-1.9170132875442505,-4.831768989562988,-7.007547855377197,-5.899716854095459,-3.376800775527954,-2.858157157897949,-1.8148752450942993,-4.2426438331604,-5.201535224914551,-6.025540828704834,-2.632505178451538,0.7754793167114258,-0.31545427441596985,0.6811060309410095,-3.6923224925994873,-6.0894365310668945,-5.455129623413086,-4.978573322296143,-3.5333592891693115,-1.9315283298492432,-4.071290016174316,-5.611480236053467,-1.5344451665878296,-0.7806034088134766,-2.305326223373413,-2.3968753814697266,-4.138976097106934,-5.230936527252197,-4.041823863983154,-0.9247485995292664,1.5822216272354126,2.898801565170288,1.5077967643737793,4.5375800132751465,2.6516406536102295,3.9635274410247803,7.0674262046813965,5.040399074554443,0.4275776743888855,-1.8522206544876099,1.204491376876831,3.7958357334136963,6.009137153625488
-4.866672039031982,-8.65833568572998,-7.864096641540527,-4.531679153442383,-4.748185634613037,-3.608278274536133,-2.0417797565460205,-5.302523612976074,-3.8599514961242676,-8.311197280883789,-6.418447971343994,-3.2031373977661133,-6.11375093460083,-6.728960990905762,-5.650190353393555,-3.7010154724121094,-7.299803733825684,-3.7105917930603027,-2.345150947570801,-2.5869181156158447,-5.138365745544434,-4.320434093475342,-3.0419368743896484,-2.569977283477783,-0.4390338659286499,0.13934747874736786,0.7996073365211487,0.10126519948244095,-1.9130120277404785,-2.4333972930908203,-0.9144150614738464,0.6752873659133911,-1.0182784795761108,0.09063654392957687,1.1285526752471924,3.4728856086730957,3.5525825023651123,6.241847991943359,5.735696315765381,4.473544597625732,1.8415448665618896,1.7002239227294922,3.3550617694854736,5.256091594696045
-4.270124435424805,-5.266298770904541,-4.654417514801025,-4.069887638092041,-4.436427593231201,-4.766906261444092,-3.4303996562957764,-2.159266710281372,-2.9388506412506104,-2.940866708755493,0.2849183678627014,1.834915280342102,-5.2740702629089355,-7.407211780548096,-6.882357597351074,-5.476320743560791,-4.937365531921387,-1.7909839153289795,-3.567014694213867,-4.768040657043457,-5.6260151863098145,-2.8781638145446777,-3.8263278007507324,-2.7466914653778076,-0.9869453310966492,0.9690424203872681,2.1680684089660645,2.0374627113342285,1.5096321105957031,1.181519627571106,1.040656328201294,0.6376861333847046,0.49844324588775635,1.5173866748809814,1.6766237020492554,2.8492722511291504,2.967665910720825,3.910482168197632,4.974239349365234,5.599682331085205,5.564458847045898,4.904026031494141,4.247325897216797,3.823737144470215
-3.039106845855713,-3.0967295169830322,-3.847749948501587,-6.282429218292236,-7.296470642089844,-6.521329879760742,-4.329756259918213,-1.445205569267273,-1.3120497465133667,-0.9288373589515686,-0.6475595831871033,1.1575405597686768,-1.2166943550109863,-3.827047348022461,-4.487861156463623,-3.7504959106445312,-3.854119062423706,-4.388187885284424,-4.077851295471191,-5.085642337799072,-5.577937602996826,-1.6785932779312134,-1.771515965461731,-2.1782875061035156,0.16366328299045563,0.5856246948242188,2.1105010509490967,1.7766873836517334,1.911582112312317,2.7609026432037354,3.3591525554656982,3.3226170539855957,4.725338459014893,2.174306631088257,3.536444664001465,2.372421979904175,3.494027853012085,4.632611274719238,4.305320739746094,3.495595932006836,4.749468803405762,6.709321022033691,6.811868190765381,6.528535842895508
-2.1927244663238525,-3.3179855346679688,-4.087127685546875,-6.2503156661987305,-5.542835235595703,-3.801532506942749,-4.887454509735107,-2.6008307933807373,0.5711886882781982,1.085540771484375,0.7116045355796814,-2.7948832511901855,-3.1675610542297363,-2.53399395942688,-1.175453782081604,-1.144895076751709,-2.1312642097473145,-1.228891134262085,-0.1315104365348816,-2.8026347160339355,-5.625869274139404,-1.734680414199829,-0.1788598895072937,0.6815670132637024,1.6384215354919434,1.322358250617981,1.8082275390625,1.8904496431350708,2.128732681274414,2.596254825592041,3.882575750350952,4.458878517150879,4.40804386138916,3.0412564277648926,5.063263416290283,3.875744342803955,4.315825462341309,5.631293773651123,6.031467437744141,4.518622875213623,4.835174560546875,6.286653995513916,7.797356128692627,7.483578205108643
-2.7115864753723145,-3.2358205318450928,-3.5724079608917236,-5.159781455993652,-4.097190856933594,-2.5664525032043457,-2.837404251098633,-2.465562582015991,0.4303738474845886,0.8728118538856506,0.06587079912424088,-0.8708174824714661,-0.5118654370307922,0.7496365308761597,1.4692432880401611,0.40687721967697144,-0.69322669506073,0.895514726638794,1.456608772277832,-0.7048475742340088,-1.8331115245819092,-0.5601195693016052,-0.014264044351875782,1.4205416440963745,2.0114948749542236,1.7271089553833008,2.087392807006836,2.284058094024658,2.6741323471069336,2.994985342025757,3.759967803955078,4.3049492835998535,3.066145181655884,2.9611783027648926,3.4560251235961914,3.8841841220855713,5.2423834800720215,5.4459547996521,5.379462242126465,6.152960777282715,7.36601448059082,6.256622791290283,7.204825401306152,6.898427963256836
-3.7764503955841064,-3.257622480392456,-3.0199813842773438,-3.5984203815460205,-3.4102611541748047,-2.9576969146728516,-3.2465646266937256,-2.3469460010528564,-0.5208766460418701,0.5362323522567749,0.13523097336292267,-1.2981165647506714,-0.16733859479427338,1.8276489973068237,2.0991039276123047,1.8363975286483765,1.3684250116348267,2.083937168121338,1.3910596370697021,0.36035555601119995,0.10983006656169891,0.3793414533138275,1.2941073179244995,1.6697168350219727,1.7570757865905762,1.9583262205123901,2.4138591289520264,2.7865428924560547,3.99180006980896,3.7774083614349365,4.186800956726074,5.579447269439697,4.899153232574463,5.029372692108154,3.527775287628174,2.7682974338531494,3.982847213745117,4.770026206970215,5.773821830749512,5.548800468444824,7.980039119720459,6.160010814666748,7.757253646850586,7.557861328125
-5.312894344329834,-4.205984592437744,-2.5339088439941406,-2.940260887145996,-2.7137653827667236,-3.035616397857666,-3.821085214614868,-2.0075371265411377,-1.3113634586334229,-0.8391320705413818,-1.0790623426437378,-1.2240551710128784,0.5240610837936401,2.612224578857422,2.714390993118286,2.8813750743865967,2.746344804763794,2.373206853866577,1.1872494220733643,0.7185030579566956,1.240424394607544,2.151430130004883,2.6494028568267822,2.1901473999023438,2.1762988567352295,2.076368808746338,2.176823854446411,3.023277997970581,4.5486602783203125,4.976446628570557,5.600760459899902,6.512251377105713,5.800739288330078,6.078705787658691,7.3437700271606445,7.232672214508057,5.8189520835876465,4.221599102020264,6.480144500732422,8.936052322387695,8.464090347290039,6.270269393920898,6.467631816864014,6.937740325927734
-5.3111443519592285,-4.622980117797852,-3.1095728874206543,-3.519233465194702,-3.353607416152954,-4.145709037780762,-4.148843765258789,1.2985215187072754,-2.6786184310913086,-1.9631409645080566,-1.3058022260665894,-0.740975022315979,1.040997862815857,2.5081145763397217,2.5747859477996826,2.9220752716064453,2.832369804382324,1.8156025409698486,1.3746211528778076,1.7269595861434937,2.4560365676879883,2.9516441822052,3.461198329925537,3.221240758895874,3.2166054248809814,2.772705316543579,2.9189188480377197,3.6770923137664795,4.911695957183838,6.1969804763793945,7.138306617736816,7.608401298522949,7.2311482429504395,6.412743091583252,7.557772636413574,8.850778579711914,9.731462478637695,6.638609409332275,5.212001323699951,6.235535621643066,8.11710262298584,7.882506370544434,9.076677322387695,7.747753620147705
-4.519720554351807,-3.4622225761413574,-4.195893287658691,-4.271468639373779,-4.139771461486816,-3.648171901702881,-2.842656135559082,-2.206969976425171,-3.6443357467651367,-1.963545799255371,-1.5593316555023193,-0.8212347626686096,0.7904489636421204,1.680793285369873,2.2540292739868164,2.1113839149475098,1.7321137189865112,1.4390004873275757,1.799851655960083,2.762606143951416,3.1987991333007812,3.101058006286621,3.6688461303710938,4.158990859985352,4.327112197875977,3.727609395980835,4.073387622833252,5.090178489685059,5.689846038818359,6.167250633239746,6.973732948303223,8.268547058105469,9.013087272644043,7.594228744506836,7.905955791473389,9.289339065551758,10.351819038391113,9.859152793884277,10.110678672790527,7.206215858459473,6.116142749786377,6.78889799118042,7.91706657409668,8.070123672485352
-4.336555480957031,-4.424752712249756,-4.77481746673584,-5.078449249267578,-4.4761481285095215,-4.051581859588623,-3.778427839279175,-3.2809908390045166,-3.6692144870758057,-2.8381905555725098,-2.5854742527008057,-2.4120659828186035,0.04532052204012871,0.5668798685073853,1.308588981628418,0.5260114669799805,-0.2604270875453949,0.3109493851661682,1.6431244611740112,2.6170196533203125,2.6999306678771973,2.755824089050293,3.4719481468200684,4.443041801452637,4.790914535522461,4.432437419891357,4.846191883087158,5.245367527008057,5.430782794952393,5.817456245422363,6.93745756149292,7.707976341247559,7.401690483093262,8.06923770904541,9.365555763244629,9.649806022644043,9.569226264953613,8.382258415222168,10.852348327636719,10.88260269165039,9.638282775878906,7.326447486877441,6.734309673309326,6.769668102264404
-5.293734073638916,-5.367847442626953,-6.358639240264893,-6.7926764488220215,-5.902064323425293,-5.216172695159912,-5.091716766357422,-4.942997455596924,-4.569596290588379,-4.235419273376465,-4.324274063110352,-5.2677836418151855,-0.934580385684967,-0.13720519840717316,-1.3059521913528442,-1.8494614362716675,-2.316178321838379,-1.5134073495864868,-0.26113399863243103,0.4468939006328583,0.6290818452835083,1.4676001071929932,2.518915891647339,3.4104087352752686,4.072261333465576,4.109828472137451,4.494143486022949,4.499554634094238,4.970209121704102,5.72656774520874,6.357825756072998,6.287361145019531,6.3010478019714355,6.907189846038818,8.220099449157715,8.559173583984375,8.704505920410156,9.224658966064453,9.884073257446289,9.372187614440918,9.230463027954102,8.36124038696289,7.962981224060059,6.369053363800049
-6.441781520843506,-6.749632835388184,-7.563286304473877,-8.112868309020996,-7.104140281677246,-6.483336925506592,-6.255227565765381,-6.2443342208862305,-6.3025922775268555,-6.133505821228027,-6.056576728820801,-6.478384971618652,-5.122228622436523,-3.522028923034668,-4.970190048217773,-3.785222291946411,-3.9553396701812744,-3.7175259590148926,-3.0688934326171875,-2.3036410808563232,-1.7957600355148315,-0.9465075731277466,-0.03839276358485222,1.0731754302978516,2.284411668777466,2.5232110023498535,2.804901361465454,3.127392053604126,3.820321798324585,4.951862335205078,5.417130947113037,5.6742072105407715,5.448554992675781,6.093102931976318,6.774625301361084,6.977607727050781,7.391686916351318,7.825074195861816,8.204455375671387,7.532646656036377,7.91913366317749,7.401712417602539,7.623906135559082,5.983356952667236
-6.9381794929504395,-6.813675880432129,-7.5613532066345215,-8.11474323272705,-7.63399600982666,-7.4643635749816895,-7.2399139404296875,-7.273721694946289,-7.339488983154297,-7.349879264831543,-7.338874340057373,-6.589279651641846,-5.754767417907715,-6.649957180023193,-6.336510181427002,-4.928333282470703,-5.170917510986328,-5.47641658782959,-4.652591705322266,-3.8126280307769775,-3.132150173187256,-2.7042717933654785,-2.382789373397827,-1.4354016780853271,-0.24263063073158264,0.5542978048324585,0.6941559910774231,1.6258811950683594,2.672016143798828,3.5849769115448,3.7392795085906982,4.299788951873779,4.827620506286621,5.387697696685791,4.958551406860352,5.326741695404053,5.812489032745361,6.1454362869262695,6.284975051879883,5.848611354827881,5.5153045654296875,5.085708141326904,5.576316833496094,4.836857795715332
-7.095064163208008,-7.336637020111084,-7.619162082672119,-7.836338520050049,-8.113304138183594,-7.881956577301025,-7.726164817810059,-8.04837417602539,-8.312962532043457,-8.20787239074707,-7.7503228187561035,-6.909627914428711,-6.3707427978515625,-6.2472920417785645,-5.650691509246826,-5.668617248535156,-5.890030860900879,-6.2385454177856445,-5.130455493927002,-4.424812316894531,-4.018214225769043,-3.819187641143799,-3.9623711109161377,-3.409726142883301,-2.596787214279175,-1.4456125497817993,-0.624065101146698,0.09174112230539322,1.035200834274292,1.617703914642334,2.151050090789795,2.677468776702881,3.9021761417388916,4.607622146606445,4.542088031768799,4.684102535247803,4.267189025878906,4.189016819000244,4.343675136566162,3.9137744903564453,4.060092449188232,3.7469215393066406,3.0814027786254883,3.6039416790008545
-7.7542524337768555,-7.249251365661621,-7.184366226196289,-7.831377029418945,-8.181586265563965,-7.640232563018799,-8.013534545898438,-8.643189430236816,-8.616989135742188,-8.168888092041016,-7.733468532562256,-7.133167743682861,-6.33646297454834,-5.880247592926025,-5.92354154586792,-5.97100305557251,-6.235805034637451,-6.0390167236328125,-5.4477105140686035,-4.937114238739014,-4.699692726135254,-4.686583042144775,-4.639271259307861,-4.4092888832092285,-3.8520801067352295,-3.0457541942596436,-1.9636058807373047,-1.2990915775299072,-0.6303156018257141,0.014415310695767403,0.724811315536499,1.540798306465149,2.82964825630188,3.622300148010254,3.923912286758423,3.966736316680908,3.766873598098755,3.3616034984588623,3.3300347328186035,3.352403163909912,3.057812213897705,2.786046028137207,2.181426525115967,2.257967710494995
-7.139580249786377,-7.112698554992676,-7.623856544494629,-8.395804405212402,-7.864464282989502,-7.148118495941162,-7.871273517608643,-8.875929832458496,-8.889610290527344,-8.483576774597168,-8.388684272766113,-8.059013366699219,-7.003829002380371,-6.704944133758545,-6.686544895172119,-6.143128871917725,-5.9095988273620605,-5.56266450881958,-5.268189430236816,-5.093011856079102,-5.135240077972412,-5.0201239585876465,-4.670223712921143,-4.647902965545654,-4.2238688468933105,-3.8363664150238037,-3.0650715827941895,-2.487203359603882,-1.8624587059020996,-1.2221733331680298,-0.7110894918441772,-0.053224701434373856,1.254323959350586,2.4317615032196045,3.162663459777832,3.4619832038879395,3.7267682552337646,3.4725492000579834,3.2834320068359375,3.0487918853759766,2.700218677520752,1.9189839363098145,1.5646226406097412,1.8595726490020752
-7.315474987030029,-7.741288661956787,-8.56671142578125,-8.81174373626709,-7.99355936050415,-7.147093772888184,-7.126003265380859,-8.54043960571289,-9.17916488647461,-8.996607780456543,-8.994311332702637,-8.914782524108887,-7.988318920135498,-7.695671081542969,-7.481849670410156,-6.825446605682373,-6.285785675048828,-5.704525947570801,-5.175149917602539,-5.124796390533447,-5.17339563369751,-4.922105312347412,-4.7585320472717285,-4.514379978179932,-4.471206188201904,-4.283558368682861,-3.7847788333892822,-3.2138161659240723,-2.7563750743865967,-2.5180864334106445,-2.241943597793579,-1.5510941743850708,-0.502117395401001,0.7452172636985779,1.7988977432250977,2.633235454559326,3.104055166244507,2.97318696975708,3.0421156883239746,3.2692973613739014,2.9208993911743164,2.007140636444092,1.9406975507736206,2.2242507934570312
