data/wind_data/wind_26_7.json
{"header": {"parameterUnit": "KT", "parameterCategory": 2, "nx": 256, "ny": 198, "lo1": 44.73521041870117, "la1": -3.236724853515625, "lo2": 111.26478576660156, "la2": 43.468475341796875, "dx": 0.2609002888202667, "dy": -0.23708222806453705, "refTime": "2025-02-20 02:00:00", "forecastTime": 0, "parameterNumber": 2, "parameterNumberName": "eastward_wind"}, "data":
[rows 0 to 19 of 198, columns 0 to 43 of 256]
-10.369982719421387,-10.996248245239258,-11.776383399963379,-12.669079780578613,-12.403611183166504,-11.16760540008545,-10.088821411132812,-9.202576637268066,-9.281518936157227,-9.935791015625,-10.574804306030273,-11.103174209594727,-10.952936172485352,-10.783053398132324,-11.186339378356934,-11.932082176208496,-13.127799034118652,-14.160304069519043,-14.599335670471191,-15.464995384216309,-17.211177825927734,-17.933210372924805,-17.31338119506836,-16.68560028076172,-16.113670349121094,-16.425111770629883,-17.398670196533203,-17.46395492553711,-16.748199462890625,-14.8372220993042,-12.348114967346191,-10.813971519470215,-9.639179229736328,-8.20362377166748,-7.200478553771973,-7.4874138832092285,-7.9604172706604,-7.976222038269043,-7.843713760375977,-7.5443620681762695,-7.409434795379639,-7.623226165771484,-7.310776233673096,-6.2895050048828125
-7.49709939956665,-8.200433731079102,-9.350934028625488,-10.3303804397583,-10.592714309692383,-10.040870666503906,-8.611897468566895,-6.891014575958252,-7.459046840667725,-9.629670143127441,-11.070974349975586,-11.410256385803223,-10.940890312194824,-10.729972839355469,-10.9341402053833,-11.536555290222168,-12.816876411437988,-13.803105354309082,-14.066885948181152,-15.002106666564941,-16.87106704711914,-17.401296615600586,-16.346349716186523,-15.256345748901367,-14.646476745605469,-14.738537788391113,-14.754624366760254,-14.077583312988281,-13.041186332702637,-10.785895347595215,-8.243378639221191,-6.939694881439209,-6.156795501708984,-5.528721332550049,-5.157790660858154,-5.270500183105469,-5.297527313232422,-4.474984645843506,-3.659658670425415,-3.484441041946411,-3.6966640949249268,-4.248044013977051,-4.228903293609619,-3.4475886821746826
-5.917629718780518,-5.654884338378906,-6.744387626647949,-8.164360046386719,-8.888410568237305,-8.88305950164795,-7.6693878173828125,-5.821342468261719,-5.491049289703369,-6.8283538818359375,-8.637402534484863,-9.520731925964355,-9.241256713867188,-9.182818412780762,-9.527565002441406,-10.085494041442871,-11.156148910522461,-12.318563461303711,-13.064075469970703,-13.636836051940918,-14.182748794555664,-14.161931991577148,-13.613933563232422,-12.698450088500977,-11.693653106689453,-11.177818298339844,-10.494585037231445,-9.185096740722656,-7.918896198272705,-6.385080337524414,-4.800012111663818,-3.60137939453125,-2.5911707878112793,-2.3622148036956787,-2.213390827178955,-1.43153715133667,-0.8038838505744934,-1.0242609977722168,-1.2547019720077515,-0.64156174659729,-0.3503872752189636,-0.942693829536438,-0.9944812059402466,-0.3400328755378723
-4.097828388214111,-3.4533305168151855,-4.459367752075195,-6.2848052978515625,-7.127861976623535,-7.3365631103515625,-6.257136344909668,-4.752361297607422,-3.886906147003174,-3.9633443355560303,-5.354630470275879,-6.696159362792969,-7.005357265472412,-7.37766695022583,-8.04858112335205,-8.536591529846191,-9.260664939880371,-10.531904220581055,-11.625141143798828,-11.704183578491211,-10.948334693908691,-10.295818328857422,-10.239725112915039,-9.837435722351074,-8.57740592956543,-7.542168617248535,-6.9817023277282715,-5.812562465667725,-4.172688961029053,-2.8166959285736084,-1.665826678276062,-0.6573328375816345,0.07935819774866104,-0.08294717967510223,-0.21693578362464905,1.1477062702178955,2.7494561672210693,2.611729621887207,1.9791035652160645,2.3308396339416504,2.4212751388549805,1.605922818183899,1.3948489427566528,1.5419411659240723
-1.067234754562378,-1.6649103164672852,-2.8900797367095947,-4.369493007659912,-4.848940849304199,-5.436086654663086,-4.337517261505127,-3.260754108428955,-2.759460210800171,-2.874631881713867,-3.103607654571533,-3.8521134853363037,-5.175572872161865,-6.355935573577881,-7.354562282562256,-8.151236534118652,-9.19063663482666,-9.921269416809082,-9.735042572021484,-9.313393592834473,-8.868789672851562,-8.408731460571289,-8.099641799926758,-7.295825004577637,-5.226203441619873,-2.6866862773895264,-1.3503888845443726,-1.091821312904358,-1.0922996997833252,-0.9298213124275208,-0.5860983729362488,-1.1251758337020874,-1.9669431447982788,-1.0089843273162842,-0.7801563143730164,-1.0223666429519653,0.6002151966094971,2.2060086727142334,2.700136423110962,1.6481945514678955,0.05336610972881317,-1.2579128742218018,-1.9948500394821167,-3.3664515018463135
1.7695070505142212,0.32994943857192993,-1.2876077890396118,-2.7346205711364746,-2.9651269912719727,-3.6825761795043945,-3.4010727405548096,-3.0040011405944824,-2.9447338581085205,-3.199944019317627,-3.4863853454589844,-4.811254978179932,-6.575946807861328,-7.872044563293457,-8.699355125427246,-9.143475532531738,-9.105352401733398,-8.306599617004395,-7.274876117706299,-6.823077201843262,-6.5136942863464355,-5.7448015213012695,-4.705254077911377,-3.66745924949646,-2.4044981002807617,-1.0698174238204956,-0.2140410989522934,0.24179807305335999,0.6554517149925232,0.9827220439910889,1.3187055587768555,1.6573659181594849,1.4535037279129028,1.4712198972702026,1.9941481351852417,2.0345540046691895,2.749722719192505,2.605173349380493,2.041874647140503,2.2025320529937744,2.5983245372772217,2.6066229343414307,2.0638020038604736,1.5286391973495483
4.209275245666504,2.9297993183135986,0.9965792298316956,-1.2122306823730469,-2.044114112854004,-1.7607860565185547,-1.8297621011734009,-1.9022399187088013,-2.252256393432617,-3.541114330291748,-5.410212516784668,-7.611667633056641,-9.087265014648438,-9.411735534667969,-8.789953231811523,-7.580512046813965,-6.208473205566406,-5.035207271575928,-4.286320686340332,-4.020603656768799,-3.8304059505462646,-3.297748565673828,-2.592266798019409,-2.107576370239258,-1.8290746212005615,-1.4388729333877563,-0.8307746052742004,-0.2695499062538147,0.14189296960830688,0.5682034492492676,0.8729492425918579,0.6084743142127991,0.1441560685634613,0.656435489654541,0.6724547147750854,0.8968029618263245,2.0996153354644775,2.3354437351226807,1.9900784492492676,2.0381827354431152,2.3805010318756104,2.341456413269043,2.162546157836914,2.0594534873962402
5.2120466232299805,4.148073673248291,2.4540421962738037,0.2826499044895172,-1.0852400064468384,-0.21716876327991486,0.19164961576461792,0.16551749408245087,-0.5456011891365051,-3.1148416996002197,-5.979969024658203,-7.956342697143555,-8.320659637451172,-7.330294609069824,-5.672062397003174,-3.9820175170898438,-3.034261465072632,-3.0051701068878174,-3.4734654426574707,-3.783360004425049,-3.6110191345214844,-2.940347909927368,-2.1044652462005615,-1.4904686212539673,-1.2761954069137573,-1.2442121505737305,-0.9844555854797363,-0.6296955347061157,-0.37296634912490845,0.16973747313022614,0.49850916862487793,0.43373018503189087,0.8643786907196045,1.4580508470535278,0.9829283952713013,1.5444258451461792,2.6234962940216064,2.93831729888916,2.923125743865967,3.299887180328369,4.149441719055176,4.572906017303467,4.506823539733887,4.439435005187988
4.436313629150391,3.354891538619995,2.4637703895568848,1.4415760040283203,-0.4714522659778595,0.5083367824554443,1.6148114204406738,2.1432530879974365,0.893081545829773,-2.146075963973999,-4.350512504577637,-5.144972324371338,-4.688279628753662,-3.687819719314575,-3.0351669788360596,-3.093641996383667,-3.4540693759918213,-3.9037492275238037,-4.2476372718811035,-4.152994155883789,-3.5469322204589844,-2.478719711303711,-1.3467381000518799,-0.7194553017616272,-0.9304245114326477,-1.5104424953460693,-1.7270524501800537,-1.5206087827682495,-1.2548860311508179,-0.42409202456474304,0.7942768931388855,2.037799596786499,3.32730770111084,3.8672280311584473,3.2359297275543213,3.1378753185272217,3.627049207687378,3.9502594470977783,4.322208881378174,4.877723217010498,5.648931980133057,6.242432594299316,6.413177013397217,6.391102313995361
3.333968162536621,2.2634103298187256,1.7484599351882935,1.316260814666748,-0.7440322041511536,0.7865561842918396,2.3446080684661865,2.706981897354126,0.8973893523216248,-1.2788788080215454,-1.9746075868606567,-1.5491119623184204,-0.7432395815849304,-0.6993650197982788,-1.8748178482055664,-2.755394220352173,-2.6204993724823,-2.373540163040161,-2.1707675457000732,-2.0943503379821777,-1.9302184581756592,-1.4977880716323853,-1.0028952360153198,-0.9969919323921204,-1.4885399341583252,-1.8687764406204224,-1.9111672639846802,-1.4840399026870728,-0.7026836276054382,0.3061484694480896,1.6052184104919434,3.2101047039031982,4.472046375274658,5.29556131362915,5.758490085601807,5.283651828765869,5.019995212554932,5.355081558227539,5.892651081085205,6.289364814758301,6.651283264160156,7.165920257568359,7.751634120941162,8.197609901428223
2.002091884613037,1.0963010787963867,0.5030943155288696,0.0775902196764946,-1.0002694129943848,0.6732951998710632,1.6743404865264893,1.1105855703353882,-0.0913589745759964,-0.29693910479545593,0.19476881623268127,1.1616172790527344,2.0060741901397705,1.2518962621688843,-0.36818239092826843,-0.48416587710380554,-0.1440609097480774,0.014653591439127922,-0.019010942429304123,-0.17994023859500885,-0.44900786876678467,-0.7037205100059509,-0.9363713264465332,-1.301757574081421,-1.7470606565475464,-1.7683814764022827,-1.3813740015029907,-0.4990583062171936,1.0413587093353271,2.443260431289673,3.903733968734741,5.298877716064453,5.93157434463501,5.954063892364502,5.919559001922607,5.555367469787598,5.296259880065918,5.712775230407715,6.315422058105469,6.785219192504883,6.872062683105469,7.034634113311768,7.649866104125977,8.521389961242676
1.0173150300979614,0.3440176844596863,-0.30358195304870605,-0.5980384349822998,-0.632171094417572,-0.13265454769134521,-0.14818184077739716,-0.9189155101776123,-0.6082326173782349,0.5441734790802002,1.5052777528762817,2.462838649749756,2.9414560794830322,2.045936107635498,1.4638220071792603,1.6494442224502563,1.2858812808990479,0.580659806728363,-0.02458992414176464,-0.5339785218238831,-0.9666151404380798,-1.2463127374649048,-1.4019498825073242,-1.4150269031524658,-1.365774393081665,-1.1776138544082642,-0.7092693448066711,0.4289141893386841,2.044611692428589,3.6674365997314453,5.289968967437744,6.651479721069336,7.204887390136719,7.1585588455200195,6.895033359527588,6.060517311096191,5.598330974578857,5.780785083770752,6.2686448097229,6.58447265625,6.565019130706787,6.739740371704102,7.3251214027404785,8.224807739257812
0.3225550353527069,-0.04290459677577019,-0.6807175278663635,-0.788631021976471,0.25415337085723877,-0.7549000978469849,-0.8966735005378723,-1.3056225776672363,-0.3298865854740143,0.6520216464996338,1.512299656867981,2.30380916595459,2.521395444869995,2.306511402130127,2.6408824920654297,2.584921360015869,1.9734047651290894,1.0937047004699707,0.15388990938663483,-0.7969263195991516,-1.4536093473434448,-1.6606909036636353,-1.4908605813980103,-1.046345591545105,-0.6116880178451538,-0.3226439356803894,0.18726703524589539,1.6130691766738892,3.6902337074279785,5.534286975860596,6.784496784210205,7.690737724304199,8.468677520751953,8.837361335754395,8.495434761047363,7.62827730178833,6.998012542724609,7.0199360847473145,7.307057857513428,7.302672863006592,6.995104789733887,7.079356670379639,7.523956775665283,8.176556587219238
-0.8850376009941101,-0.597093403339386,-0.7582299709320068,-0.4249826967716217,1.2622586488723755,-0.22573088109493256,0.07161293178796768,-0.03293580189347267,0.35076430439949036,0.35292086005210876,0.8157153725624084,1.5291322469711304,2.0236093997955322,2.645543098449707,2.927731513977051,2.4655420780181885,1.773937702178955,0.9627811312675476,0.03854825347661972,-0.817549467086792,-1.1984436511993408,-0.9923065900802612,-0.4012577533721924,0.29952844977378845,0.7709651589393616,1.1164157390594482,2.108649730682373,3.9549777507781982,5.7179999351501465,7.184130668640137,8.532511711120605,9.53003215789795,10.447504043579102,10.811380386352539,10.014557838439941,8.839149475097656,8.219338417053223,8.28027057647705,8.369303703308105,8.051702499389648,7.697244167327881,7.812741756439209,8.06120491027832,8.399845123291016
-2.344310760498047,-1.1935213804244995,-0.5980418920516968,0.35004758834838867,2.0028622150421143,1.0162509679794312,1.5205329656600952,1.6901025772094727,1.0999623537063599,0.2730523645877838,0.4359118342399597,1.2181122303009033,2.176532030105591,2.9902589321136475,2.8166606426239014,2.0454745292663574,1.2642499208450317,0.4528128206729889,-0.209541916847229,-0.37845250964164734,-0.07148431986570358,0.5201367139816284,1.301743745803833,2.0655815601348877,2.604586124420166,3.201204538345337,4.265803337097168,5.394951820373535,6.355752468109131,7.508753776550293,8.396160125732422,8.988736152648926,9.777566909790039,10.331620216369629,9.89942741394043,8.808645248413086,8.229253768920898,8.328989028930664,8.231377601623535,8.021035194396973,8.09261417388916,8.246188163757324,8.34775447845459,8.583212852478027
-2.8532772064208984,-1.6049823760986328,-0.919255256652832,0.18540991842746735,1.9999247789382935,2.15934157371521,2.594017505645752,2.6291112899780273,1.3898543119430542,0.39029234647750854,0.676037609577179,1.7101930379867554,2.933983325958252,3.543452739715576,3.1296188831329346,2.2378928661346436,1.2827616930007935,0.4434370994567871,0.11790144443511963,0.6899955868721008,1.7513384819030762,2.673269510269165,3.4176690578460693,4.025824546813965,4.391406059265137,4.751506805419922,5.372917652130127,5.943244457244873,6.345330238342285,6.860453128814697,7.393573760986328,7.878446578979492,8.353530883789062,8.501867294311523,8.551987648010254,8.132699966430664,7.8852972984313965,7.936556339263916,7.65388298034668,7.820796489715576,8.30666446685791,8.338574409484863,8.367270469665527,8.737812042236328
-2.771265745162964,-1.837804913520813,-1.66435706615448,-0.936377227306366,1.160398244857788,2.4726786613464355,2.6163909435272217,1.9821590185165405,0.7040507793426514,0.3831126093864441,1.208339810371399,2.5538523197174072,3.8014426231384277,4.142131805419922,3.5160470008850098,2.5242693424224854,1.6309375762939453,1.0380017757415771,1.0901951789855957,1.9804632663726807,3.199425220489502,4.244030952453613,5.031287670135498,5.586802005767822,5.922507286071777,5.947166919708252,5.912052154541016,6.113327503204346,6.455214023590088,6.598753929138184,6.8288655281066895,7.336248874664307,7.462403774261475,7.10180139541626,7.431153297424316,8.034265518188477,7.751929759979248,7.586949825286865,7.255117416381836,7.4439873695373535,8.055277824401855,8.147907257080078,8.400348663330078,9.010725021362305
-2.580815553665161,-1.4759411811828613,-1.6503015756607056,-1.6538740396499634,0.18443278968334198,1.5331060886383057,0.9459607005119324,-0.008850940503180027,-0.3877103626728058,0.35036948323249817,1.6911518573760986,3.158714532852173,4.1334028244018555,4.076708793640137,3.317312479019165,2.5335023403167725,2.0931396484375,2.068925142288208,2.5149476528167725,3.329312562942505,4.150719165802002,4.858391284942627,5.587014198303223,6.331535816192627,6.7471184730529785,6.5306572914123535,6.134429931640625,6.059694290161133,6.150490760803223,6.35810661315918,6.7160749435424805,7.135103225708008,7.340683937072754,7.180708885192871,7.021230697631836,7.542453765869141,7.1152544021606445,6.955147743225098,7.032102584838867,7.084333419799805,7.719234466552734,8.124188423156738,8.524322509765625,9.189014434814453
-2.486462116241455,-0.9719191789627075,-0.9629925489425659,-1.579683542251587,-0.7968952655792236,-0.4846538305282593,-1.5121479034423828,-1.7960197925567627,-0.8924252390861511,0.5549160838127136,2.088347911834717,3.3215954303741455,3.7559590339660645,3.450366258621216,2.951444149017334,2.772059917449951,2.980556011199951,3.4654877185821533,4.069896221160889,4.583653450012207,4.851633548736572,5.0240020751953125,5.3955488204956055,6.013040065765381,6.399482250213623,6.351534366607666,6.1866774559021,6.00032901763916,5.887924671173096,6.059808731079102,6.180902004241943,6.449782848358154,6.852243900299072,6.710596084594727,6.74135160446167,7.302107334136963,6.860710620880127,6.313238620758057,7.086623668670654,7.261560916900635,7.888265132904053,8.317219734191895,8.5011625289917,8.848369598388672
-3.425086259841919,-1.6522750854492188,-1.1132426261901855,-1.5431532859802246,-1.5295064449310303,-2.4368486404418945,-3.114217758178711,-2.416635513305664,-0.7380634546279907,0.8836261034011841,2.217959403991699,2.9580299854278564,3.005760908126831,2.9509358406066895,3.1148030757904053,3.5822339057922363,4.24208402633667,4.911005020141602,5.4851837158203125,5.8797783851623535,5.947607517242432,5.780269145965576,5.699329853057861,5.842578411102295,5.9365057945251465,5.938495635986328,6.001003742218018,5.939123153686523,5.724104404449463,5.664117336273193,5.751785755157471,6.022547245025635,6.324743747711182,6.171799659729004,6.473710536956787,7.042129039764404,6.775379657745361,5.744320869445801,7.021551132202148,7.324395179748535,8.062545776367188,8.239890098571777,8.211697578430176,8.062623977661133
