data/wind_data/wind_59_2.json
{"header": {"parameterUnit": "KT", "parameterCategory": 2, "nx": 256, "ny": 198, "lo1": 44.73521041870117, "la1": -3.236724853515625, "lo2": 111.26478576660156, "la2": 43.468475341796875, "dx": 0.2609002888202667, "dy": -0.23708222806453705, "refTime": "2025-02-21 11:00:00", "forecastTime": 0, "parameterNumber": 2, "parameterNumberName": "eastward_wind"}, "data":
[rows 171 to 189 of 198, columns 43 to 85 of 256]
10.921557426452637,11.931373596191406,8.715328216552734,7.108062267303467,8.856440544128418,3.829603672027588,1.9583954811096191,-0.7316572070121765,1.896048665046692,5.72679328918457,5.911702632904053,5.091545104980469,4.2246198654174805,1.626449465751648,-1.2241030931472778,-3.669903516769409,-5.971560478210449,-8.23791217803955,-9.853022575378418,-8.50732421875,-9.521814346313477,-7.845426082611084,-7.812088489532471,-7.619760513305664,-7.602061748504639,-8.374899864196777,-6.092408180236816,-3.3932888507843018,-2.6826980113983154,-3.413146734237671,-4.7124924659729,-8.17125415802002,-12.411869049072266,-13.192193984985352,-10.741472244262695,-6.935694694519043,-2.7392542362213135,0.5771536827087402,1.1045805215835571,-2.2877655029296875,-2.3775134086608887,-4.981531143188477,-8.262757301330566
11.239123344421387,13.014798164367676,11.313899993896484,10.366642951965332,6.52676248550415,6.302733421325684,3.4524986743927,4.472517490386963,5.907697677612305,6.588753700256348,5.392457962036133,4.7586350440979,3.156531572341919,-0.3231951594352722,-3.866983652114868,-2.9983553886413574,-3.459547996520996,-5.143344879150391,-5.278824806213379,-4.717202186584473,-5.064877510070801,-3.6872634887695312,-3.4970571994781494,-3.5736310482025146,-4.3157806396484375,-4.647459983825684,-4.461562156677246,-5.083077430725098,-6.595777988433838,-8.448758125305176,-11.307570457458496,-14.06527042388916,-13.287745475769043,-9.926677703857422,-6.334733486175537,-3.522127151489258,-0.798854649066925,2.9349422454833984,3.7434005737304688,-0.9915115833282471,-5.027542591094971,-7.361912727355957,-2.7546896934509277
8.209249496459961,10.509506225585938,13.54588508605957,14.57443618774414,13.514986991882324,10.151668548583984,7.643322467803955,7.100192070007324,7.002143383026123,6.569544315338135,5.659819602966309,4.620333194732666,1.7201144695281982,-2.730980396270752,-4.840490341186523,-2.712820529937744,-3.290003776550293,-2.7973406314849854,-2.009765625,-1.3608202934265137,-0.6648076772689819,-0.41472119092941284,-0.6363017559051514,-1.4051475524902344,-2.8750970363616943,-5.304427146911621,-7.701082229614258,-9.478306770324707,-11.467358589172363,-13.896416664123535,-15.324347496032715,-13.365251541137695,-9.939735412597656,-7.906071662902832,-6.240809440612793,-4.736591339111328,-2.2175450325012207,-0.9581200480461121,-1.1857049465179443,-2.1807849407196045,0.09423154592514038,-0.23170332610607147,1.6389076709747314
7.112220287322998,9.072100639343262,12.388689041137695,16.652324676513672,16.769166946411133,14.012657165527344,11.048409461975098,9.153276443481445,8.097476959228516,6.98095178604126,5.103451251983643,2.761331081390381,-1.0886139869689941,-4.619307041168213,-4.118681907653809,-3.7247748374938965,-3.404672861099243,-2.474167585372925,-1.648335337638855,-1.0569205284118652,-0.5889151692390442,-1.3340802192687988,-2.206437110900879,-4.188243389129639,-6.7527756690979,-9.609648704528809,-11.398799896240234,-12.895606994628906,-14.950961112976074,-16.135799407958984,-14.25334644317627,-11.455107688903809,-10.005979537963867,-8.91933536529541,-7.1281232833862305,-4.8235273361206055,-3.8370354175567627,-3.5002427101135254,-2.841427803039551,-1.8722875118255615,-0.3066287934780121,-0.9944771528244019,-1.3801002502441406
8.456615447998047,10.31968879699707,11.905600547790527,13.290840148925781,13.580766677856445,12.535780906677246,10.872499465942383,9.549667358398438,8.689250946044922,6.983644962310791,2.9249203205108643,-0.05227414891123772,-3.364497661590576,-4.600381851196289,-3.959261417388916,-4.260859966278076,-3.639619827270508,-3.5150158405303955,-3.1423213481903076,-2.7594153881073,-3.4909145832061768,-5.116081237792969,-6.59433126449585,-8.53320598602295,-10.272900581359863,-11.65301513671875,-12.87405776977539,-15.080114364624023,-16.900121688842773,-15.951226234436035,-13.901668548583984,-12.491992950439453,-10.943283081054688,-9.065732955932617,-7.393367767333984,-6.212718963623047,-5.8586835861206055,-4.8848490715026855,-3.3902194499969482,-2.2115705013275146,-0.3306562304496765,1.171295166015625,-0.07513680309057236
8.105778694152832,8.356642723083496,8.813742637634277,8.99446964263916,9.292197227478027,9.442688941955566,9.058634757995605,9.315994262695312,8.916008949279785,6.237915992736816,1.3803313970565796,-2.457352876663208,-4.840359687805176,-4.424508094787598,-4.509921073913574,-4.528948783874512,-4.590144634246826,-4.831201553344727,-4.811875343322754,-5.020116806030273,-6.174737930297852,-7.529049396514893,-8.55305290222168,-9.854815483093262,-11.108180046081543,-12.382034301757812,-14.415058135986328,-16.94500160217285,-17.045141220092773,-15.156839370727539,-14.125446319580078,-13.03280258178711,-10.812982559204102,-8.813365936279297,-7.754086971282959,-6.813303470611572,-5.701692581176758,-4.201058387756348,-3.7053136825561523,-4.022802352905273,-1.645113229751587,0.351468026638031,1.893501877784729
7.560413837432861,6.643852710723877,7.297113418579102,7.3500165939331055,7.351307392120361,7.781907558441162,8.559531211853027,9.8341703414917,8.421172142028809,3.899000644683838,-0.8540977835655212,-3.9976301193237305,-5.318912029266357,-4.580513954162598,-4.95310640335083,-5.335655212402344,-5.958573341369629,-6.399699687957764,-6.54640531539917,-6.536238193511963,-7.183998107910156,-7.995553493499756,-8.475468635559082,-9.22298526763916,-10.803071022033691,-13.274113655090332,-16.023502349853516,-17.8175048828125,-16.949594497680664,-15.246352195739746,-14.181472778320312,-13.040629386901855,-10.87358570098877,-8.57153606414795,-6.949880599975586,-5.601447582244873,-5.431957244873047,-4.263156890869141,-2.7421939373016357,-3.8193466663360596,-4.473402500152588,-3.8187053203582764,-2.6809425354003906
5.4470601081848145,5.758907318115234,6.322502136230469,6.698181629180908,7.267358779907227,8.009984016418457,8.543036460876465,8.144360542297363,5.740362644195557,1.1674444675445557,-2.463527202606201,-4.815617561340332,-5.379865646362305,-5.025240898132324,-5.547905921936035,-6.534968852996826,-7.413365364074707,-7.828875541687012,-7.847217559814453,-7.616811275482178,-7.949521064758301,-8.264859199523926,-8.287291526794434,-9.185216903686523,-11.111592292785645,-14.128678321838379,-16.632282257080078,-17.560636520385742,-16.529935836791992,-15.107464790344238,-13.898130416870117,-12.216984748840332,-10.247307777404785,-8.836023330688477,-7.013559818267822,-5.39693021774292,-4.902139663696289,-3.637850522994995,-2.4481875896453857,-2.6497647762298584,-2.175267457962036,-2.594857931137085,-1.8558714389801025
4.664288520812988,5.422481060028076,4.957467079162598,6.6170973777771,8.294567108154297,8.309163093566895,7.192171096801758,6.008096694946289,2.7330212593078613,-0.5633426904678345,-3.41188645362854,-5.619345664978027,-5.911969184875488,-5.835165023803711,-6.18675422668457,-7.699468612670898,-8.467543601989746,-8.81912899017334,-8.855588912963867,-8.70133113861084,-8.708702087402344,-8.652304649353027,-8.494328498840332,-9.58355712890625,-11.749443054199219,-14.783361434936523,-17.01685905456543,-16.8081111907959,-15.477130889892578,-14.061951637268066,-12.669469833374023,-10.842877388000488,-8.497391700744629,-7.009322166442871,-6.0572123527526855,-4.766689777374268,-2.5480053424835205,-2.125962257385254,-1.9613624811172485,-0.43452203273773193,-0.8500515818595886,1.1062202453613281,-2.8200042247772217
4.279856204986572,4.809567451477051,4.41127872467041,8.254817962646484,8.625301361083984,7.508438587188721,5.420644283294678,3.7647440433502197,0.8909198045730591,-1.7131881713867188,-4.630807876586914,-6.513584613800049,-6.66317081451416,-6.3259453773498535,-6.800084114074707,-8.830720901489258,-9.221138954162598,-9.350677490234375,-9.832420349121094,-9.581656455993652,-9.05437183380127,-8.638299942016602,-8.597648620605469,-10.139342308044434,-12.966940879821777,-16.027650833129883,-17.1568603515625,-15.449361801147461,-14.410493850708008,-13.496295928955078,-12.42740535736084,-11.057361602783203,-9.180061340332031,-7.0532684326171875,-5.456828594207764,-3.3522439002990723,-1.8785232305526733,-0.8408724069595337,0.5507646799087524,1.3599878549575806,1.3041884899139404,1.1199084520339966,-1.636254072189331
4.442108631134033,4.30697774887085,6.2120137214660645,9.027725219726562,6.741916656494141,6.410665988922119,3.7469165325164795,1.6782442331314087,-0.5491355061531067,-3.0629148483276367,-5.57360315322876,-7.052541255950928,-6.807941436767578,-6.311391353607178,-7.297644138336182,-9.306488037109375,-9.753028869628906,-9.751943588256836,-10.430791854858398,-10.120190620422363,-9.378168106079102,-9.003751754760742,-9.396621704101562,-11.41318416595459,-14.370560646057129,-15.864787101745605,-14.972535133361816,-13.667051315307617,-13.307297706604004,-13.798529624938965,-14.293484687805176,-13.108416557312012,-10.546602249145508,-8.399386405944824,-6.446471691131592,-4.17780065536499,-1.4764502048492432,-0.6367297768592834,1.1358762979507446,-0.11515062302350998,1.2120028734207153,-1.6504474878311157,-0.9833908081054688
5.302254676818848,5.8375043869018555,7.59706449508667,8.627525329589844,4.8735270500183105,4.012458324432373,2.048095226287842,-0.10974106192588806,-1.592544436454773,-3.956415891647339,-5.923187255859375,-7.1114501953125,-6.7940354347229,-6.158009052276611,-7.167750835418701,-8.904396057128906,-10.001243591308594,-10.216080665588379,-10.513742446899414,-10.566341400146484,-9.84931468963623,-9.527759552001953,-10.171220779418945,-12.497532844543457,-14.573319435119629,-14.049072265625,-12.52109432220459,-11.465112686157227,-10.381275177001953,-10.10611629486084,-10.282792091369629,-10.52381420135498,-11.041497230529785,-9.444780349731445,-6.455430030822754,-5.580860137939453,-3.926363468170166,-2.964958667755127,-1.4429210424423218,0.6116889715194702,1.7299689054489136,-0.8743479251861572,1.7156776189804077
5.1855669021606445,6.449509620666504,7.810422897338867,6.77106237411499,2.6568853855133057,3.6688120365142822,0.49679622054100037,-1.6216723918914795,-2.1367835998535156,-4.259871959686279,-5.894307613372803,-7.139207363128662,-6.684139251708984,-6.384275913238525,-7.315128326416016,-8.682746887207031,-10.032112121582031,-10.558286666870117,-10.336601257324219,-10.526265144348145,-9.703629493713379,-9.450451850891113,-10.624603271484375,-12.6824369430542,-13.01085090637207,-12.078975677490234,-10.74647331237793,-9.176952362060547,-8.005411148071289,-6.919247627258301,-5.198094367980957,-4.681870937347412,-5.333154678344727,-6.7295918464660645,-6.9849748611450195,-5.611765384674072,-4.321078777313232,-3.803950786590576,-4.061906814575195,-4.390363693237305,-4.52988862991333,-1.7906888723373413,-1.883846640586853
5.106076240539551,6.650715351104736,6.806774139404297,4.869061470031738,2.0010123252868652,2.328146457672119,-0.9010348320007324,-2.604840040206909,-2.444194793701172,-4.007244110107422,-5.893671035766602,-6.651911735534668,-7.007713317871094,-7.072916507720947,-8.03852367401123,-8.953359603881836,-9.893085479736328,-10.229334831237793,-9.895756721496582,-10.439299583435059,-9.848190307617188,-9.929824829101562,-10.983437538146973,-11.480254173278809,-11.032247543334961,-10.656550407409668,-9.428136825561523,-8.547436714172363,-7.968818187713623,-5.456235408782959,-2.0891292095184326,-2.0761289596557617,-2.9837541580200195,-3.922635555267334,-4.756368637084961,-4.2912983894348145,-2.954108715057373,-5.323737144470215,-6.727756500244141,-5.302124977111816,-4.602592945098877,-3.931703805923462,-6.0403523445129395
6.334505081176758,6.325431823730469,5.325625896453857,2.573901653289795,2.216179132461548,1.3689249753952026,-1.935401201248169,-4.495283603668213,-2.970139741897583,-4.453375816345215,-5.26003885269165,-6.734544277191162,-6.941845417022705,-8.050458908081055,-8.92469310760498,-9.377671241760254,-9.9553804397583,-10.824031829833984,-10.526914596557617,-10.454131126403809,-10.107955932617188,-10.524283409118652,-10.75162124633789,-10.207279205322266,-9.654435157775879,-9.396347045898438,-8.33694076538086,-7.771551132202148,-7.370253562927246,-3.9497926235198975,-1.06691575050354,-1.8133877515792847,-2.7407100200653076,-3.340242385864258,-4.040982723236084,-3.674194812774658,-4.372128009796143,-5.82745885848999,-5.716617584228516,-4.0804924964904785,-3.8446342945098877,-5.17998743057251,-7.38231086730957
7.663054943084717,5.893674850463867,3.787630081176758,2.207083225250244,4.6771721839904785,0.48516324162483215,-3.696150302886963,-5.526849269866943,-4.411494731903076,-5.101466655731201,-5.193004131317139,-6.9037065505981445,-7.616024017333984,-8.638022422790527,-9.277543067932129,-9.551925659179688,-10.4783353805542,-11.164804458618164,-10.884161949157715,-10.701529502868652,-10.077521324157715,-10.15021800994873,-9.937640190124512,-8.236720085144043,-7.604600429534912,-8.263952255249023,-7.836143970489502,-6.341542720794678,-6.5215301513671875,-4.091831207275391,-1.3293277025222778,-1.8985539674758911,-2.178034543991089,-3.301229953765869,-3.9905574321746826,-3.9850101470947266,-4.917143821716309,-6.258987903594971,-5.289682865142822,-4.585631847381592,-4.914948463439941,-6.801425457000732,-8.139564514160156
7.724475860595703,6.18953800201416,3.0378975868225098,6.300089359283447,4.498250961303711,-0.6380883455276489,-4.580974102020264,-4.982424736022949,-4.784191131591797,-5.666516304016113,-6.193056583404541,-7.920868873596191,-8.304320335388184,-9.255166053771973,-10.208114624023438,-10.613062858581543,-10.622048377990723,-10.361574172973633,-9.877041816711426,-10.213566780090332,-9.482186317443848,-7.916088581085205,-6.784963130950928,-4.895502090454102,-4.927526950836182,-7.117171764373779,-7.292789459228516,-4.761659622192383,-6.217260837554932,-5.850414276123047,-3.1543350219726562,-3.319967269897461,-2.9119744300842285,-1.932708740234375,-2.293818712234497,-3.5778675079345703,-5.320371627807617,-5.515974044799805,-5.93147087097168,-5.875766754150391,-6.857245445251465,-8.266510009765625,-9.101009368896484
7.952511787414551,5.698314189910889,5.604235649108887,6.549262046813965,3.2796437740325928,-1.1144545078277588,-4.625858306884766,-4.7210283279418945,-5.262812614440918,-6.573820114135742,-7.728435516357422,-8.51042366027832,-8.57451343536377,-9.555476188659668,-11.02197265625,-10.691102027893066,-10.326014518737793,-10.047694206237793,-9.925069808959961,-10.129014015197754,-8.033885955810547,-5.5250020027160645,-4.597463130950928,-3.5238304138183594,-2.8824126720428467,-4.561897277832031,-6.046087265014648,-5.4324164390563965,-5.995960235595703,-5.955122470855713,-4.8824896812438965,-4.133193492889404,-2.83823299407959,-3.7563796043395996,-1.2337764501571655,-4.13116979598999,-5.511873722076416,-5.240837574005127,-5.9823102951049805,-6.902480125427246,-7.68152379989624,-8.193073272705078,-8.253987312316895
8.361258506774902,6.09540319442749,6.045875072479248,5.858744144439697,2.474378824234009,-0.9170353412628174,-4.183650970458984,-5.574156761169434,-5.462673187255859,-7.139090061187744,-8.857394218444824,-10.302255630493164,-10.287712097167969,-11.145877838134766,-11.232876777648926,-10.425149917602539,-10.340173721313477,-10.05022144317627,-10.147225379943848,-9.603684425354004,-7.2449870109558105,-5.062579154968262,-4.317138671875,-3.6598448753356934,-2.77059006690979,-1.5516823530197144,-1.596756100654602,-2.2876341342926025,-3.1933720111846924,-3.7909586429595947,-3.890099287033081,-3.734337091445923,-2.787578821182251,-1.8574005365371704,-0.9994980692863464,-3.477691411972046,-5.326442241668701,-5.299719333648682,-5.169929027557373,-6.043870449066162,-5.918385982513428,-5.967496395111084,-5.479686737060547
