data/wind_data/wind_28_3.json
{"header": {"parameterUnit": "KT", "parameterCategory": 2, "nx": 256, "ny": 198, "lo1": 44.73521041870117, "la1": -3.236724853515625, "lo2": 111.26478576660156, "la2": 43.468475341796875, "dx": 0.2609002888202667, "dy": -0.23708222806453705, "refTime": "2025-02-20 04:00:00", "forecastTime": 0, "parameterNumber": 2, "parameterNumberName": "eastward_wind"}, "data":
[rows 114 to 132 of 198, columns 88 to 131 of 256]
34.12480163574219,33.5570068359375,32.43608093261719,31.946142196655273,32.48476028442383,33.179874420166016,33.480499267578125,33.496761322021484,33.42236328125,33.3034553527832,33.170623779296875,32.96076202392578,32.49494934082031,31.803571701049805,30.819738388061523,29.611764907836914,29.02440071105957,28.453157424926758,27.048933029174805,25.651254653930664,24.854658126831055,24.601146697998047,24.250125885009766,23.823518753051758,23.752235412597656,23.45891761779785,21.62196159362793,20.29170799255371,19.376327514648438,17.713096618652344,16.96387481689453,16.833316802978516,16.338851928710938,15.781909942626953,14.86959457397461,13.88172721862793,11.937451362609863,12.621774673461914,14.611377716064453,14.08279037475586,13.173553466796875,13.782829284667969,15.130001068115234,15.914533615112305
32.588993072509766,32.60627746582031,31.52816390991211,31.025712966918945,31.40880584716797,31.811452865600586,31.968351364135742,32.15594482421875,32.52800750732422,32.92344665527344,33.18941116333008,33.255470275878906,33.05441665649414,32.55949401855469,31.862565994262695,30.85580825805664,29.639406204223633,28.577770233154297,26.984477996826172,25.082725524902344,24.139083862304688,24.42928123474121,24.873125076293945,24.337202072143555,23.555526733398438,23.297765731811523,22.18922233581543,20.736270904541016,19.2977294921875,18.163043975830078,18.194976806640625,17.729007720947266,16.218965530395508,15.462297439575195,14.5601167678833,12.65405559539795,8.554719924926758,7.959244251251221,13.09109115600586,14.752293586730957,13.895556449890137,14.453216552734375,15.87954044342041,16.64720916748047
30.106897354125977,31.461729049682617,31.7567138671875,32.023681640625,32.290897369384766,32.190120697021484,31.745624542236328,31.36540985107422,31.317113876342773,31.59586524963379,32.06627655029297,32.47769546508789,32.669464111328125,32.48609161376953,31.94873046875,31.28036880493164,30.330720901489258,29.171897888183594,28.121627807617188,26.661937713623047,24.938512802124023,24.288543701171875,24.971837997436523,25.144474029541016,24.01435089111328,23.156339645385742,22.551544189453125,21.36268424987793,19.722126007080078,18.718286514282227,19.553096771240234,19.675045013427734,17.959688186645508,16.807634353637695,15.991690635681152,13.787471771240234,10.727288246154785,9.445772171020508,11.059287071228027,13.744016647338867,14.215315818786621,14.957234382629395,16.102092742919922,16.543855667114258
26.634946823120117,28.454994201660156,29.89011001586914,31.526893615722656,32.874427795410156,33.71641540527344,34.030250549316406,34.16373825073242,34.27012634277344,34.319271087646484,34.326290130615234,34.301021575927734,34.21009826660156,33.92261505126953,33.30936050415039,32.3730354309082,31.21802520751953,29.79195785522461,28.46749496459961,27.685087203979492,26.616724014282227,25.266956329345703,24.9927921295166,25.429969787597656,24.652515411376953,23.194494247436523,22.543760299682617,21.739120483398438,20.307199478149414,19.933944702148438,21.206010818481445,21.451725006103516,20.376169204711914,19.16901206970215,18.44478988647461,16.764385223388672,12.939359664916992,10.540523529052734,11.564821243286133,13.697038650512695,14.608834266662598,15.03287124633789,16.168691635131836,17.138015747070312
22.586610794067383,25.215091705322266,27.4483585357666,29.165498733520508,30.55411148071289,31.75908088684082,32.92951583862305,34.1507682800293,35.269020080566406,36.057254791259766,36.353450775146484,36.22998809814453,35.984397888183594,35.79629135131836,35.611114501953125,35.20613479614258,34.360137939453125,32.90517044067383,30.884864807128906,28.958820343017578,27.93105125427246,27.009830474853516,25.985977172851562,25.654285430908203,24.989349365234375,23.359365463256836,22.184873580932617,21.55645179748535,20.86795425415039,21.215972900390625,22.171297073364258,21.353897094726562,20.670190811157227,20.468299865722656,19.924983978271484,20.557096481323242,20.24579429626465,15.823025703430176,13.576128005981445,14.200763702392578,14.667973518371582,14.808310508728027,16.20979118347168,17.168834686279297
19.481403350830078,22.167755126953125,24.731660842895508,26.629959106445312,28.301895141601562,29.7477970123291,31.121713638305664,32.47194290161133,33.67168426513672,34.530975341796875,34.888519287109375,34.88182830810547,34.86658477783203,35.08771514892578,35.4650764465332,35.75594711303711,35.774452209472656,35.4555778503418,34.58452606201172,32.80451202392578,30.575590133666992,28.8802433013916,27.28445053100586,25.958274841308594,25.259519577026367,23.88277816772461,21.98548698425293,21.142444610595703,21.515790939331055,22.318687438964844,22.911588668823242,21.57868003845215,20.30550193786621,20.395910263061523,20.778797149658203,22.357078552246094,23.3664608001709,19.879793167114258,15.065813064575195,14.644867897033691,15.550551414489746,16.01215362548828,16.343786239624023,15.813135147094727
16.16288948059082,17.25247573852539,19.12080955505371,21.55293083190918,24.19890022277832,26.36332893371582,27.903568267822266,28.9428768157959,29.807340621948242,30.71277618408203,31.499757766723633,32.024879455566406,32.42662048339844,32.857906341552734,33.38589096069336,33.87453079223633,34.067962646484375,34.15160369873047,34.45058822631836,34.500389099121094,33.616825103759766,31.914731979370117,29.601497650146484,26.90937042236328,25.333276748657227,24.278396606445312,22.137598037719727,21.1153621673584,22.04600715637207,23.012996673583984,23.593095779418945,22.529708862304688,21.251678466796875,21.058074951171875,21.03607940673828,21.7050838470459,22.30020523071289,21.394794464111328,18.559736251831055,16.428274154663086,16.770057678222656,17.5737247467041,17.42540168762207,16.251855850219727
10.955718994140625,10.635714530944824,12.31554126739502,15.265318870544434,18.706695556640625,21.641386032104492,22.895170211791992,23.255109786987305,23.8278751373291,24.809690475463867,26.121479034423828,27.47911834716797,28.7269344329834,29.82299041748047,30.71634864807129,31.41141700744629,31.821685791015625,31.78924560546875,31.794776916503906,32.255550384521484,32.613521575927734,32.292762756347656,31.05548667907715,28.49964714050293,25.7691650390625,24.07362937927246,22.195110321044922,21.09391212463379,21.54930877685547,22.824010848999023,23.527973175048828,22.73875617980957,22.39487075805664,21.099525451660156,19.58968162536621,21.191198348999023,22.993471145629883,22.462129592895508,19.47087860107422,17.501041412353516,18.049930572509766,18.846698760986328,18.508848190307617,17.560667037963867
5.362211227416992,4.3660173416137695,6.716055870056152,10.24807071685791,14.017024040222168,16.706459045410156,17.360685348510742,17.275665283203125,17.722442626953125,19.039257049560547,20.705371856689453,22.258161544799805,23.606887817382812,24.978181838989258,26.317363739013672,27.362886428833008,28.19429588317871,28.603769302368164,28.677892684936523,29.30329132080078,30.568279266357422,30.967884063720703,30.325098037719727,29.121606826782227,26.726289749145508,23.94568634033203,22.19547462463379,21.06588363647461,20.66986846923828,22.592771530151367,23.493167877197266,22.8850154876709,21.556692123413086,19.52805519104004,20.587501525878906,23.497453689575195,23.82304573059082,21.651369094848633,18.864866256713867,17.516145706176758,18.20338249206543,18.854555130004883,19.202543258666992,18.832868576049805
1.0402138233184814,-0.8555153608322144,1.8954792022705078,5.637861728668213,9.216697692871094,11.577764511108398,12.815069198608398,13.911806106567383,15.5646333694458,18.03224754333496,20.34623908996582,21.867015838623047,22.581207275390625,22.785282135009766,23.281896591186523,24.20556640625,25.236459732055664,25.970108032226562,26.133419036865234,26.465303421020508,28.071430206298828,29.448196411132812,28.657276153564453,27.870302200317383,26.994569778442383,24.211376190185547,22.37298011779785,21.148502349853516,20.371559143066406,21.34160614013672,21.661359786987305,22.1651668548584,20.79393196105957,20.34984588623047,23.191282272338867,23.502172470092773,18.355974197387695,17.122421264648438,17.413707733154297,17.015432357788086,17.554895401000977,18.57809066772461,19.28215217590332,17.91014862060547
-0.3272849917411804,-1.5057718753814697,1.0013960599899292,4.150379180908203,7.565735816955566,10.603157997131348,13.321965217590332,15.857415199279785,18.420909881591797,21.417606353759766,24.112688064575195,25.74732208251953,26.25834846496582,25.5000057220459,24.02912712097168,23.35264778137207,23.772367477416992,24.51318359375,24.98899269104004,24.788597106933594,25.30172348022461,26.93974494934082,26.644168853759766,25.37108039855957,25.507719039916992,24.136751174926758,22.61662483215332,21.381593704223633,20.47601318359375,19.982318878173828,19.687570571899414,20.018030166625977,19.839677810668945,21.05734634399414,21.56912612915039,17.147205352783203,14.257258415222168,15.945809364318848,16.16135025024414,15.865423202514648,16.45357322692871,17.98978042602539,19.159650802612305,17.882343292236328
1.0337164402008057,1.7264680862426758,4.001166343688965,6.71256685256958,9.836217880249023,13.111150741577148,16.475629806518555,19.534168243408203,22.379037857055664,25.148977279663086,27.57468605041504,29.16752052307129,29.614713668823242,29.060710906982422,27.22411346435547,24.93625259399414,23.99458885192871,23.915468215942383,23.81732749938965,23.327486038208008,23.19374656677246,24.711803436279297,25.313186645507812,23.317228317260742,22.79535675048828,23.063764572143555,22.327451705932617,21.303369522094727,20.339515686035156,19.3734188079834,18.250736236572266,17.881954193115234,18.879383087158203,20.405467987060547,19.583293914794922,14.96164608001709,14.826336860656738,16.639883041381836,16.09885025024414,15.479959487915039,16.002777099609375,16.787809371948242,17.018901824951172,16.963882446289062
2.9926204681396484,4.993832588195801,8.047401428222656,11.43004322052002,14.534103393554688,17.676965713500977,21.028932571411133,23.986785888671875,25.38675880432129,26.309585571289062,27.457664489746094,29.0175724029541,29.80624771118164,29.72609519958496,29.007854461669922,27.384305953979492,25.60719871520996,24.77936553955078,24.193317413330078,23.44129753112793,23.028173446655273,23.857397079467773,24.808992385864258,22.903881072998047,20.647205352783203,21.03144645690918,21.577497482299805,21.325170516967773,20.192461013793945,19.312885284423828,17.79004669189453,16.59309959411621,17.683876037597656,19.415788650512695,18.286958694458008,14.786538124084473,15.840930938720703,17.60317611694336,16.899728775024414,15.88448429107666,15.519864082336426,14.793787002563477,14.374247550964355,16.60515594482422
6.163867473602295,10.738419532775879,15.544722557067871,19.105039596557617,21.678327560424805,24.273330688476562,26.479965209960938,26.847135543823242,22.78619956970215,20.769237518310547,21.577184677124023,24.478240966796875,26.948711395263672,27.971935272216797,28.001476287841797,27.6342716217041,26.791812896728516,25.81336784362793,24.91187286376953,24.022605895996094,23.109283447265625,22.73208999633789,23.34314727783203,22.413545608520508,19.508872985839844,19.038164138793945,20.111642837524414,20.362791061401367,20.250680923461914,20.261613845825195,18.387531280517578,16.721454620361328,16.803287506103516,17.226268768310547,16.892324447631836,15.413005828857422,16.052370071411133,17.678096771240234,17.816682815551758,16.696863174438477,15.555278778076172,14.857275009155273,15.597556114196777,14.179594993591309
11.541705131530762,17.743305206298828,22.09356689453125,24.305017471313477,26.50037384033203,28.800569534301758,29.670625686645508,27.98061752319336,21.319196701049805,17.219528198242188,17.04103660583496,20.03480339050293,23.616985321044922,25.763959884643555,26.153650283813477,25.967287063598633,25.993038177490234,25.84644317626953,25.058780670166016,24.159732818603516,22.808629989624023,21.277633666992188,21.098114013671875,20.728822708129883,18.35756492614746,17.365924835205078,18.62204360961914,19.195425033569336,19.498151779174805,19.74648666381836,18.296876907348633,17.323360443115234,16.938064575195312,16.553422927856445,16.83786392211914,15.6836519241333,15.36663818359375,17.479551315307617,18.457164764404297,17.934370040893555,17.522838592529297,19.81172752380371,21.205198287963867,16.05833625793457
15.582575798034668,20.536149978637695,23.763412475585938,25.20702362060547,27.493274688720703,30.351449966430664,31.652223587036133,30.970003128051758,23.627155303955078,15.065791130065918,13.16220474243164,16.494247436523438,21.133939743041992,24.374052047729492,25.53713035583496,24.755712509155273,23.968507766723633,23.90582275390625,23.746545791625977,23.2747859954834,21.931442260742188,19.722640991210938,18.645462036132812,18.20392608642578,16.52053451538086,15.381966590881348,16.593212127685547,17.753662109375,18.049062728881836,17.789419174194336,17.2396297454834,17.19249725341797,17.446136474609375,17.507888793945312,17.56249237060547,15.9063720703125,14.983238220214844,16.855571746826172,18.15691375732422,18.576618194580078,20.13283920288086,21.688716888427734,18.607746124267578,15.484028816223145
19.101587295532227,20.26559829711914,22.74261474609375,24.30699348449707,26.87770652770996,29.93109130859375,31.458332061767578,32.52626419067383,26.97787094116211,14.372308731079102,8.854065895080566,12.48884105682373,18.75516700744629,23.0239200592041,25.049352645874023,23.84960174560547,21.803054809570312,21.374502182006836,21.758895874023438,21.726097106933594,20.466726303100586,18.069644927978516,16.528945922851562,15.694550514221191,14.297673225402832,13.472711563110352,14.219170570373535,15.562929153442383,16.049646377563477,15.717177391052246,16.026521682739258,16.813369750976562,17.26112937927246,17.474498748779297,16.458105087280273,14.970710754394531,15.009440422058105,16.211332321166992,17.73340606689453,19.34414291381836,20.22616958618164,18.52729606628418,18.699052810668945,23.481754302978516
22.6103458404541,19.77682876586914,22.069982528686523,25.151357650756836,28.534421920776367,31.512226104736328,32.68278884887695,33.49658203125,30.201051712036133,16.45789909362793,8.005268096923828,10.627161979675293,16.873188018798828,21.614627838134766,24.104482650756836,22.669675827026367,20.11366844177246,19.328824996948242,19.653860092163086,20.101667404174805,19.498390197753906,16.96286392211914,14.753926277160645,13.843557357788086,12.768593788146973,12.168545722961426,12.76681900024414,13.781416893005371,14.449434280395508,14.569327354431152,15.377276420593262,16.769084930419922,16.80363655090332,16.794368743896484,15.804200172424316,14.388260841369629,14.132494926452637,15.90806770324707,18.743505477905273,19.873088836669922,19.577659606933594,19.681188583374023,22.401653289794922,27.845455169677734
27.42196273803711,23.183761596679688,25.290616989135742,29.487939834594727,31.199432373046875,32.49358367919922,34.54948425292969,35.46601486206055,34.05210494995117,23.658239364624023,11.93189525604248,11.410270690917969,15.71544075012207,20.314422607421875,22.907907485961914,21.77972984313965,19.085657119750977,17.86786460876465,17.87709617614746,18.449928283691406,18.63780975341797,16.67987632751465,13.520135879516602,12.231700897216797,11.05258846282959,10.353208541870117,10.901107788085938,12.296623229980469,13.801892280578613,14.288639068603516,15.673454284667969,17.7155818939209,18.169641494750977,17.578834533691406,15.797954559326172,14.457925796508789,15.300816535949707,17.717796325683594,18.622940063476562,18.66438865661621,20.63067626953125,20.13364028930664,23.183631896972656,25.189207077026367
