data/wind_data/wind_Surface_27.json
{"header": {"parameterUnit": "KT", "parameterCategory": 2, "nx": 255, "ny": 198, "lo1": 44.73521041870117, "la1": -3.236724853515625, "lo2": 111.26478576660156, "la2": 43.468475341796875, "dx": 0.26192745566368103, "dy": -0.23708222806453705, "refTime": "2025-02-20 03:00:00", "forecastTime": 0, "parameterNumber": 2, "parameterNumberName": "eastward_wind"}, "data":
[rows 19 to 37 of 198, columns 86 to 128 of 255]
-3.314289093017578,-1.2546424865722656,0.29743191599845886,-1.0909748077392578,-3.108173370361328,-0.996060311794281,0.9433454871177673,-2.566696882247925,-7.2218451499938965,-8.392288208007812,-6.289443016052246,-2.912989616394043,-1.916333794593811,-1.675853967666626,-1.2056182622909546,-3.2750613689422607,-4.649289608001709,-5.386437892913818,-5.561842918395996,-4.950817108154297,-3.5403788089752197,-1.7038213014602661,-5.367971420288086,-9.133784294128418,-6.5938215255737305,-4.194559097290039,-4.36274528503418,-6.018004894256592,-6.7312798500061035,-4.362180233001709,-2.899778366088867,-3.7259926795959473,-5.280550479888916,-4.551779270172119,-2.32197642326355,-3.372079372406006,-4.193394184112549,-3.3839077949523926,-3.7711329460144043,-4.156924724578857,-4.160538673400879,-3.7701923847198486,-3.755448818206787
-5.1993536949157715,-3.681828498840332,-1.7137356996536255,-1.4175184965133667,-0.8910961747169495,-0.3416478633880615,-1.3488001823425293,-5.660050868988037,-8.312353134155273,-8.461899757385254,-7.576144695281982,-5.221844673156738,-4.027492046356201,-2.7788076400756836,-1.2375637292861938,-3.100480556488037,-6.833366870880127,-8.186423301696777,-6.570404052734375,-4.314454078674316,-3.631028890609741,-3.726013422012329,-7.826545238494873,-9.94075870513916,-7.009581089019775,-4.72819709777832,-4.799201488494873,-4.055992603302002,-1.7919764518737793,-1.0031849145889282,-2.860123634338379,-4.902536869049072,-6.2486796379089355,-6.401325702667236,-5.02906608581543,-5.286091327667236,-4.375643253326416,-1.7028714418411255,-2.4805638790130615,-5.259015083312988,-5.810873985290527,-4.6698431968688965,-4.40647554397583
-8.12653636932373,-5.53379487991333,-1.7891300916671753,-0.6822506189346313,-2.7297825813293457,-5.301665306091309,-7.1427998542785645,-9.243921279907227,-10.045259475708008,-9.164613723754883,-7.735100269317627,-6.886571407318115,-5.841181755065918,-4.441424369812012,-3.5140767097473145,-4.086666584014893,-6.504639625549316,-6.921940803527832,-4.902959823608398,-6.6462812423706055,-7.105920314788818,-6.869784355163574,-8.62730884552002,-7.631251811981201,-6.812061309814453,-6.664163589477539,-5.527894496917725,-3.154998302459717,-0.5118138194084167,-1.0762383937835693,-2.868628740310669,-2.876014232635498,-3.8922789096832275,-5.2871551513671875,-6.2437639236450195,-6.040111541748047,-2.6924731731414795,-0.937669038772583,-4.687298774719238,-6.54930305480957,-6.697595596313477,-5.825182914733887,-3.8741872310638428
-7.085491180419922,-4.551100730895996,-4.197635173797607,-4.848792552947998,-4.5875630378723145,-5.816475868225098,-8.35291576385498,-9.076173782348633,-8.261991500854492,-8.10489559173584,-8.294947624206543,-8.110156059265137,-7.262650012969971,-5.9609174728393555,-4.980403900146484,-5.156679630279541,-5.9585795402526855,-5.329455375671387,-5.606044292449951,-7.514518737792969,-7.223843097686768,-7.110039710998535,-7.455658912658691,-7.320187568664551,-7.350019454956055,-6.11467170715332,-4.53256368637085,-3.0810606479644775,-2.243814468383789,-1.7752010822296143,-1.469435214996338,-2.5179967880249023,-4.766171455383301,-5.311369895935059,-3.511845588684082,-4.24880838394165,-4.5040788650512695,-3.046398401260376,-5.164931774139404,-6.575786113739014,-6.076517581939697,-6.192722797393799,-6.1363067626953125
-4.51265287399292,-5.448756694793701,-7.271219253540039,-5.597866058349609,-4.4836039543151855,-6.097143650054932,-6.941622734069824,-7.251330852508545,-7.620413303375244,-8.163671493530273,-8.600676536560059,-8.151212692260742,-7.667786121368408,-6.820635795593262,-6.0873823165893555,-5.690235614776611,-5.766897678375244,-5.748652458190918,-5.201901435852051,-6.108240604400635,-6.759119510650635,-6.472175121307373,-6.586252212524414,-6.992650032043457,-6.455586910247803,-5.029709339141846,-3.7407853603363037,-2.6477315425872803,-2.509540319442749,-2.3609461784362793,-1.5802772045135498,-3.8335108757019043,-6.952381134033203,-4.520016670227051,-1.9424388408660889,-4.342648506164551,-4.682487964630127,-3.1322615146636963,-4.190682411193848,-3.887530565261841,-2.5453877449035645,-4.803318977355957,-7.641016006469727
-5.743183135986328,-6.936392307281494,-5.407339572906494,-4.9217305183410645,-7.151150226593018,-8.122401237487793,-6.781219482421875,-7.274177551269531,-8.643176078796387,-8.296168327331543,-8.135869979858398,-7.933253765106201,-7.83571195602417,-7.584823131561279,-6.912055015563965,-6.2172064781188965,-5.87164306640625,-6.59530782699585,-7.234376907348633,-6.892061710357666,-5.820844650268555,-5.585376739501953,-5.966133117675781,-5.805361270904541,-4.939538955688477,-4.268981456756592,-4.092822551727295,-3.4022274017333984,-2.9905388355255127,-2.3985373973846436,-2.3360540866851807,-3.820350408554077,-5.341830730438232,-5.16604471206665,-4.295886993408203,-4.369232177734375,-5.111040115356445,-3.9363651275634766,-3.8811936378479004,-4.807784557342529,-2.9006192684173584,-4.866835594177246,-9.00079345703125
-9.917819023132324,-7.335354804992676,-6.113730430603027,-7.264650344848633,-7.648144245147705,-8.385994911193848,-8.294703483581543,-7.562826633453369,-8.248794555664062,-8.507905006408691,-8.596603393554688,-8.466906547546387,-8.1820707321167,-7.544915199279785,-7.002326965332031,-6.487579822540283,-5.647661209106445,-5.735541820526123,-6.534503936767578,-6.556260108947754,-6.186396598815918,-5.887577533721924,-5.814040660858154,-5.1013898849487305,-3.5731823444366455,-4.529439926147461,-5.643577575683594,-4.5991129875183105,-3.5432262420654297,-2.4996917247772217,-2.7732858657836914,-4.029572010040283,-4.4463019371032715,-4.156312942504883,-4.308213233947754,-4.768980979919434,-5.3277997970581055,-5.194792747497559,-6.379828929901123,-6.708198547363281,-3.858931541442871,-5.621709823608398,-7.539037227630615
-9.043560981750488,-10.311938285827637,-8.173442840576172,-7.552497386932373,-7.131778240203857,-7.836644649505615,-8.515774726867676,-7.9106903076171875,-7.895950794219971,-8.450407028198242,-8.938379287719727,-8.73525619506836,-8.267678260803223,-7.61495304107666,-7.213162899017334,-6.887145519256592,-6.191670894622803,-5.706480979919434,-5.860001564025879,-6.144780158996582,-6.079570293426514,-6.221004962921143,-6.078886032104492,-5.2583746910095215,-5.364816188812256,-6.78813362121582,-6.866897106170654,-5.234285354614258,-3.6028833389282227,-2.140944719314575,-3.058178186416626,-3.6586809158325195,-3.2806174755096436,-3.6638569831848145,-3.667780876159668,-4.416654586791992,-4.215437889099121,-3.6265692710876465,-4.285651683807373,-3.6770071983337402,-6.181460857391357,-9.724333763122559,-5.186038494110107
-8.400862693786621,-9.565123558044434,-8.026101112365723,-7.440298080444336,-7.5519328117370605,-7.217237949371338,-8.06851863861084,-8.516966819763184,-7.758987903594971,-7.552684307098389,-8.256908416748047,-8.587843894958496,-7.794637680053711,-7.470382213592529,-7.367606163024902,-6.8819990158081055,-6.592315673828125,-6.451157093048096,-6.242721080780029,-6.086092948913574,-6.2743072509765625,-6.423269271850586,-6.149211406707764,-5.9836344718933105,-6.704854965209961,-7.0328755378723145,-6.27074670791626,-5.208852291107178,-4.03234338760376,-3.4195563793182373,-4.167078018188477,-3.968432903289795,-2.4696080684661865,-2.6930155754089355,-2.918933153152466,-2.8527936935424805,-3.5097086429595947,-3.3098514080047607,-2.684584140777588,-2.9746017456054688,-5.442735195159912,-7.713561058044434,-4.530267715454102
-7.878530025482178,-8.355975151062012,-7.26439905166626,-6.540013313293457,-7.356252670288086,-7.871792316436768,-8.24500846862793,-8.355207443237305,-7.907865524291992,-7.2767744064331055,-7.307236671447754,-7.893805980682373,-7.189979553222656,-7.221141815185547,-7.30438232421875,-6.736935138702393,-6.544904708862305,-6.418258190155029,-6.677640914916992,-6.328141689300537,-6.339768886566162,-6.691580772399902,-6.7406840324401855,-6.538114547729492,-6.063065528869629,-5.794760704040527,-5.679772853851318,-5.129093170166016,-4.586061954498291,-4.421064853668213,-4.3058977127075195,-4.191801071166992,-3.348928689956665,-2.994659662246704,-2.1322717666625977,-1.1086267232894897,-1.354304552078247,-2.0294201374053955,-2.5301616191864014,-1.717780590057373,-3.0253357887268066,-4.011384963989258,-1.9977362155914307
-9.480024337768555,-9.121532440185547,-6.04709529876709,-4.789262771606445,-7.324437618255615,-9.566813468933105,-8.450821876525879,-7.236126899719238,-8.088146209716797,-8.116299629211426,-7.462155342102051,-7.184508800506592,-6.581601142883301,-7.0102434158325195,-7.06547212600708,-6.539646625518799,-6.257698059082031,-6.048989295959473,-6.727692127227783,-6.235726833343506,-6.077873229980469,-6.945491313934326,-7.386580467224121,-6.458524703979492,-5.483821392059326,-5.554980754852295,-4.974324703216553,-4.2322893142700195,-4.308226585388184,-3.9901649951934814,-3.6656343936920166,-4.047111511230469,-3.836810350418091,-3.254878044128418,-2.2446255683898926,-1.3537811040878296,0.014684795401990414,-0.5077692866325378,-1.0899665355682373,0.14144816994667053,-1.3432927131652832,-1.8013310432434082,0.19530241191387177
-9.084512710571289,-9.117425918579102,-7.1733174324035645,-5.821186065673828,-7.332342624664307,-9.053892135620117,-8.567634582519531,-7.780649185180664,-8.197009086608887,-8.101890563964844,-7.378427028656006,-6.875148773193359,-6.5334391593933105,-6.594755172729492,-6.149141311645508,-6.021557807922363,-6.034555912017822,-5.677409648895264,-6.25855016708374,-6.226202964782715,-6.2683186531066895,-6.998642921447754,-6.780566215515137,-5.50300931930542,-4.833099365234375,-4.96453857421875,-4.1725053787231445,-3.2360334396362305,-3.4323084354400635,-3.5675063133239746,-3.2472879886627197,-3.099583625793457,-3.363450765609741,-2.7852396965026855,-2.0112338066101074,-1.703773021697998,-0.1973385363817215,-0.8457894921302795,-0.8246428370475769,0.29994726181030273,0.06772606074810028,-0.5918945074081421,0.24415606260299683
-8.07579517364502,-8.472413063049316,-8.887682914733887,-8.239203453063965,-8.15459156036377,-8.449116706848145,-8.304159164428711,-7.327059745788574,-7.018640995025635,-7.184242248535156,-7.025191307067871,-6.5578999519348145,-6.059029579162598,-6.036839008331299,-5.330852031707764,-5.25710916519165,-6.257579326629639,-5.617526531219482,-4.998147487640381,-5.864717960357666,-6.325161457061768,-6.06162691116333,-5.519675254821777,-5.0376667976379395,-4.083888053894043,-3.681171417236328,-3.254716634750366,-2.3802316188812256,-2.2437007427215576,-2.352977991104126,-2.2319064140319824,-1.9151995182037354,-2.0269296169281006,-1.766748309135437,-1.2906043529510498,-0.7812669277191162,0.09165586531162262,-0.7103037238121033,-0.6016712784767151,0.09437794983386993,0.6126008033752441,-0.8860844373703003,-0.8545839786529541
-9.128826141357422,-7.854744911193848,-8.039055824279785,-8.449650764465332,-8.01014232635498,-7.743285179138184,-7.721080780029297,-7.0778093338012695,-6.183806896209717,-6.031826496124268,-6.270928859710693,-5.781435489654541,-5.035486221313477,-5.30783748626709,-5.355853080749512,-5.045166015625,-5.777891635894775,-5.452319622039795,-4.351162433624268,-4.817389965057373,-5.637361526489258,-5.057790279388428,-3.8409605026245117,-4.185667991638184,-3.4979453086853027,-2.463223695755005,-2.2214949131011963,-1.1696914434432983,-0.7913904786109924,-1.2756601572036743,-0.9788457751274109,-0.8483843803405762,-0.7512948513031006,-0.6936959028244019,-0.34946444630622864,0.48970505595207214,-0.33071282505989075,-0.9485155344009399,-0.06158234924077988,0.2581787407398224,0.5751504302024841,0.342800110578537,-0.6946548223495483
-8.761916160583496,-7.579306602478027,-7.033207893371582,-7.789212703704834,-7.991160869598389,-6.7348504066467285,-6.289278507232666,-6.271275520324707,-5.433834075927734,-5.43367338180542,-5.686371803283691,-5.009199142456055,-4.57443904876709,-4.448189735412598,-5.102748870849609,-5.082881450653076,-4.440434455871582,-4.440985202789307,-5.035600662231445,-3.954306125640869,-3.892333984375,-4.292773723602295,-2.077838659286499,-2.620753765106201,-3.4622926712036133,-2.2313082218170166,-1.4819753170013428,-0.9431285858154297,-0.5743175745010376,-0.29326143860816956,0.6798079609870911,0.36422085762023926,-0.036891572177410126,-0.26361390948295593,0.2941833734512329,0.30145707726478577,-0.3073645234107971,-0.07916772365570068,-0.4478749632835388,0.17246627807617188,0.07309187948703766,0.27752983570098877,0.07608608901500702
-9.179563522338867,-8.582637786865234,-7.195499897003174,-7.490072250366211,-7.727508068084717,-6.590499401092529,-5.676210403442383,-5.504308700561523,-4.946859836578369,-4.951979160308838,-5.170919895172119,-4.519075393676758,-4.464476108551025,-4.043395519256592,-4.030710220336914,-3.9286980628967285,-3.782224416732788,-3.6568455696105957,-4.205803394317627,-3.506863832473755,-3.3573031425476074,-3.0640511512756348,-1.0129270553588867,-2.054837465286255,-1.78986656665802,-1.5452983379364014,-1.3037974834442139,-0.4907267987728119,-0.90267413854599,0.6025301814079285,1.8353980779647827,0.14910092949867249,-0.4099169671535492,-0.42415285110473633,-0.33718326687812805,-0.21088820695877075,-0.003369332989677787,-0.8440441489219666,-1.501404047012329,-0.34464308619499207,-0.54481041431427,-0.09077400714159012,0.17126458883285522
-9.569658279418945,-8.938798904418945,-7.386410713195801,-7.221824645996094,-7.306933403015137,-6.23721981048584,-6.044171333312988,-6.169577598571777,-4.733150482177734,-4.61406946182251,-5.11189079284668,-4.587869644165039,-4.539528846740723,-3.8412749767303467,-3.7243735790252686,-3.5389204025268555,-3.579148769378662,-3.6847646236419678,-3.7299046516418457,-2.5611395835876465,-2.661351203918457,-2.6210904121398926,-1.7949950695037842,-3.085271120071411,-0.8071796894073486,-0.711090087890625,-0.9817350506782532,0.3628416359424591,-0.32887598872184753,0.7708078622817993,0.981907069683075,-0.5011715292930603,-0.676496148109436,-1.3458410501480103,-0.9835237264633179,-0.8632367849349976,-1.4331727027893066,-1.7070432901382446,-1.672471284866333,-0.8204256296157837,-0.05397981405258179,0.5866622924804688,0.3650692105293274
-9.442999839782715,-8.212843894958496,-7.404717922210693,-7.078792572021484,-6.719311714172363,-5.835198879241943,-5.060269832611084,-5.74860143661499,-4.940362453460693,-3.611384630203247,-4.483193874359131,-4.619611740112305,-4.610686302185059,-3.5631325244903564,-3.7492597103118896,-4.046825885772705,-3.9605302810668945,-3.8382375240325928,-2.552854061126709,-2.216172218322754,-2.2363171577453613,-2.8441927433013916,-2.8116965293884277,-2.4349632263183594,-1.4477931261062622,-1.5177412033081055,-0.3853710889816284,0.5651020407676697,0.00021953509713057429,-0.013489882461726665,-0.6195592880249023,-0.6311259865760803,-0.3749340772628784,-1.3870551586151123,-1.031933069229126,-2.0710597038269043,-2.1847283840179443,-1.378353476524353,-1.9763504266738892,-0.6655672788619995,1.2520909309387207,1.2904671430587769,-1.212544560432434
-8.195960998535156,-7.45005464553833,-6.2464280128479,-6.212230205535889,-6.759457111358643,-5.403158664703369,-4.0471086502075195,-4.495980739593506,-5.30374813079834,-3.672609567642212,-2.958624839782715,-4.27886962890625,-4.233250617980957,-3.129046678543091,-4.067376613616943,-4.35582160949707,-2.8911378383636475,-2.4281346797943115,-1.6875159740447998,-1.986461877822876,-1.8245041370391846,-2.1121127605438232,-2.5602762699127197,-1.2180101871490479,-1.3915314674377441,-0.9063221216201782,0.44313114881515503,0.22661873698234558,-0.6086445450782776,-0.8262828588485718,-0.47908759117126465,-0.286847859621048,0.11084705591201782,-0.9882352352142334,-1.481602668762207,-2.09842848777771,-1.7167656421661377,-1.3993291854858398,-1.3295016288757324,0.6580548882484436,1.8486685752868652,-0.7647146582603455,-4.594430446624756
