data/wind_data/wind_11_8.json
{"header": {"parameterUnit": "KT", "parameterCategory": 2, "nx": 256, "ny": 198, "lo1": 44.73521041870117, "la1": -3.236724853515625, "lo2": 111.26478576660156, "la2": 43.468475341796875, "dx": 0.2609002888202667, "dy": -0.23708222806453705, "refTime": "2025-02-19 11:00:00", "forecastTime": 0, "parameterNumber": 2, "parameterNumberName": "eastward_wind"}, "data":
[rows 0 to 18 of 198, columns 44 to 87 of 256]
-18.33696937561035,-19.57389259338379,-20.6652889251709,-21.580217361450195,-21.949928283691406,-21.78550910949707,-20.73600196838379,-19.325790405273438,-18.789337158203125,-18.81827163696289,-19.517480850219727,-20.402585983276367,-20.93255043029785,-21.373170852661133,-21.7392578125,-22.27462387084961,-23.315237045288086,-23.507125854492188,-22.226049423217773,-22.0743465423584,-23.46686363220215,-24.60955047607422,-25.427486419677734,-25.152006149291992,-24.028535842895508,-23.924514770507812,-24.394594192504883,-24.325153350830078,-24.062524795532227,-24.15325164794922,-24.191513061523438,-23.584474563598633,-22.792734146118164,-22.203872680664062,-21.51371192932129,-20.34588050842285,-19.834081649780273,-20.79844856262207,-20.998348236083984,-19.68360137939453,-18.9794921875,-19.169864654541016,-19.418987274169922,-19.689599990844727
-18.9334774017334,-19.71156120300293,-20.401382446289062,-21.102527618408203,-21.045703887939453,-20.50153923034668,-20.175519943237305,-19.851118087768555,-19.35331153869629,-19.118724822998047,-19.59525489807129,-20.441848754882812,-21.426578521728516,-22.298242568969727,-22.780696868896484,-23.07341194152832,-23.562255859375,-23.536949157714844,-22.999982833862305,-23.723419189453125,-25.149198532104492,-25.90703010559082,-26.22290802001953,-25.587844848632812,-24.507038116455078,-24.242475509643555,-24.394412994384766,-24.193344116210938,-23.89130973815918,-24.018266677856445,-23.94225311279297,-22.967426300048828,-21.78241539001465,-21.045501708984375,-20.13990592956543,-18.975223541259766,-19.0954647064209,-20.11640167236328,-19.817642211914062,-19.051687240600586,-19.115028381347656,-19.059707641601562,-18.775012969970703,-18.936498641967773
-18.161951065063477,-18.913373947143555,-19.62799644470215,-20.549114227294922,-20.70416831970215,-20.109905242919922,-19.476287841796875,-18.921958923339844,-18.493507385253906,-18.530914306640625,-19.300830841064453,-20.373342514038086,-21.347745895385742,-22.13950538635254,-22.99521827697754,-23.668397903442383,-24.02019500732422,-24.149147033691406,-24.33561897277832,-24.975772857666016,-25.735979080200195,-26.394948959350586,-26.6851749420166,-26.333417892456055,-25.65187644958496,-24.881961822509766,-24.435415267944336,-24.3435115814209,-24.105512619018555,-23.46140480041504,-22.889873504638672,-22.833099365234375,-22.555233001708984,-21.800067901611328,-20.76068878173828,-19.807920455932617,-19.904937744140625,-20.334495544433594,-19.834413528442383,-19.1962890625,-18.87545394897461,-18.435853958129883,-18.267072677612305,-18.555740356445312
-17.254640579223633,-18.099578857421875,-18.79639434814453,-19.348392486572266,-19.325857162475586,-18.861072540283203,-18.290149688720703,-17.958646774291992,-17.84064483642578,-17.985328674316406,-18.727720260620117,-19.7359676361084,-20.70136833190918,-21.673234939575195,-22.80405044555664,-23.682846069335938,-24.1859073638916,-24.726726531982422,-25.434839248657227,-25.901752471923828,-26.1273250579834,-26.581453323364258,-26.90613555908203,-26.853609085083008,-26.329801559448242,-25.360897064208984,-24.820178985595703,-24.727842330932617,-24.376014709472656,-23.742136001586914,-23.586666107177734,-24.18821144104004,-24.461463928222656,-24.01943588256836,-23.317089080810547,-22.64471435546875,-22.30354881286621,-21.769493103027344,-20.78148651123047,-20.053428649902344,-19.47977066040039,-18.886964797973633,-18.77958869934082,-18.68472671508789
-16.79740333557129,-16.01199722290039,-14.627426147460938,-13.451833724975586,-13.579933166503906,-15.177733421325684,-16.703079223632812,-17.275218963623047,-17.47742462158203,-17.694469451904297,-18.02232551574707,-18.578571319580078,-19.201282501220703,-19.600461959838867,-19.84554100036621,-20.465864181518555,-21.735675811767578,-23.50897789001465,-25.0911922454834,-25.875591278076172,-26.28008270263672,-26.556732177734375,-26.531736373901367,-26.535594940185547,-26.696203231811523,-26.694843292236328,-26.60845184326172,-26.806442260742188,-27.21220588684082,-27.14032554626465,-26.611772537231445,-26.80412483215332,-28.098363876342773,-29.170433044433594,-29.269088745117188,-28.752525329589844,-28.029769897460938,-27.040599822998047,-25.875207901000977,-24.85304832458496,-23.901124954223633,-22.830211639404297,-21.524587631225586,-20.00754737854004
-14.76016616821289,-13.41240406036377,-12.319487571716309,-12.618072509765625,-14.559955596923828,-16.968870162963867,-18.673864364624023,-19.21525764465332,-18.714126586914062,-17.919269561767578,-17.28573989868164,-16.849504470825195,-16.636016845703125,-16.670429229736328,-17.00550651550293,-17.793323516845703,-19.28272819519043,-21.46643829345703,-23.435850143432617,-24.436702728271484,-24.753969192504883,-24.884803771972656,-25.183645248413086,-25.8741455078125,-26.62240219116211,-26.861377716064453,-26.637948989868164,-26.305044174194336,-25.587465286254883,-24.137060165405273,-22.82931137084961,-22.709409713745117,-23.84636116027832,-25.469135284423828,-26.90939712524414,-27.786970138549805,-28.018657684326172,-27.614543914794922,-26.778234481811523,-25.740976333618164,-24.574129104614258,-23.238399505615234,-21.655126571655273,-19.7774658203125
-13.238096237182617,-12.591103553771973,-12.862550735473633,-14.02285099029541,-15.687496185302734,-17.564754486083984,-19.34401512145996,-20.174821853637695,-19.602237701416016,-18.321044921875,-17.123605728149414,-16.150283813476562,-15.40698528289795,-15.217388153076172,-15.656630516052246,-16.462614059448242,-17.714691162109375,-19.577512741088867,-21.52671241760254,-22.642024993896484,-22.860145568847656,-23.021255493164062,-23.73622703552246,-24.745759963989258,-25.45063591003418,-25.574472427368164,-25.202009201049805,-24.282554626464844,-23.05859375,-21.73416519165039,-20.647104263305664,-20.384538650512695,-20.808347702026367,-21.405044555664062,-22.20105743408203,-23.18848991394043,-23.91516876220703,-24.05719566345215,-23.76518440246582,-23.25873565673828,-22.48035430908203,-21.407329559326172,-20.156049728393555,-18.658296585083008
-13.304107666015625,-13.34231185913086,-14.368749618530273,-15.326542854309082,-15.971113204956055,-16.89833641052246,-18.306671142578125,-19.44285774230957,-19.476573944091797,-18.490055084228516,-17.268579483032227,-16.223691940307617,-15.406159400939941,-14.967423439025879,-15.103378295898438,-15.727251052856445,-16.771728515625,-18.14786720275879,-19.60413932800293,-20.80248260498047,-21.420373916625977,-21.697900772094727,-22.196956634521484,-22.81366729736328,-23.138471603393555,-23.099763870239258,-22.5726261138916,-21.56209945678711,-20.35886573791504,-19.257902145385742,-18.33087730407715,-18.029170989990234,-18.358802795410156,-18.71088218688965,-18.933364868164062,-19.327716827392578,-19.844486236572266,-20.164108276367188,-20.128047943115234,-19.72545623779297,-18.958288192749023,-17.946401596069336,-16.939794540405273,-16.069482803344727
-14.22053050994873,-14.493345260620117,-15.48376178741455,-16.032398223876953,-16.074321746826172,-16.427797317504883,-17.32597541809082,-18.230812072753906,-18.649736404418945,-18.391979217529297,-17.5843505859375,-16.64466094970703,-15.800085067749023,-15.066457748413086,-14.697548866271973,-14.953791618347168,-15.784247398376465,-16.91071891784668,-17.958858489990234,-19.075796127319336,-20.199382781982422,-20.812355041503906,-20.94515037536621,-20.865337371826172,-20.58607292175293,-20.196796417236328,-19.556446075439453,-18.649517059326172,-17.610736846923828,-16.60771369934082,-15.797873497009277,-15.468679428100586,-15.712172508239746,-16.084575653076172,-16.42181396484375,-16.78390121459961,-17.019187927246094,-17.22304344177246,-17.489408493041992,-17.429100036621094,-16.62346076965332,-15.111985206604004,-13.582439422607422,-12.553235054016113
-15.023987770080566,-15.214896202087402,-15.74846363067627,-16.009824752807617,-16.07991600036621,-16.477277755737305,-17.15319061279297,-17.72844886779785,-18.064332962036133,-18.074621200561523,-17.70538902282715,-17.21230697631836,-16.740995407104492,-16.041221618652344,-15.25743293762207,-14.957292556762695,-15.360295295715332,-16.18837547302246,-16.92584228515625,-17.750873565673828,-19.013076782226562,-20.071151733398438,-20.177242279052734,-19.552021026611328,-18.68254852294922,-17.810955047607422,-17.00542449951172,-16.25523567199707,-15.374594688415527,-14.368980407714844,-13.527127265930176,-13.20811939239502,-13.419707298278809,-13.914251327514648,-14.624944686889648,-15.311371803283691,-15.592555046081543,-15.57737922668457,-15.409540176391602,-15.071708679199219,-14.417838096618652,-13.352704048156738,-11.942590713500977,-10.752300262451172
-15.266304016113281,-15.316829681396484,-15.647744178771973,-15.947015762329102,-16.17792510986328,-16.647151947021484,-17.283117294311523,-17.783632278442383,-18.012285232543945,-17.895889282226562,-17.606035232543945,-17.60163688659668,-17.870147705078125,-17.77537727355957,-17.093454360961914,-16.431114196777344,-16.35840606689453,-16.73143196105957,-16.953598022460938,-17.216955184936523,-18.185043334960938,-19.415752410888672,-19.661378860473633,-18.67131996154785,-17.314538955688477,-16.171630859375,-15.35937786102295,-14.750420570373535,-14.107709884643555,-13.316761016845703,-12.371158599853516,-11.782570838928223,-11.909502029418945,-12.711568832397461,-13.779264450073242,-14.55628490447998,-14.868036270141602,-14.905573844909668,-14.586162567138672,-13.713624954223633,-12.553937911987305,-11.480483055114746,-10.734457015991211,-10.164734840393066
-14.98196029663086,-14.969620704650879,-15.443446159362793,-15.871246337890625,-16.038305282592773,-16.358797073364258,-17.00105857849121,-17.690542221069336,-18.038280487060547,-17.974393844604492,-17.783992767333984,-17.94579315185547,-18.50224494934082,-18.851167678833008,-18.623249053955078,-18.183027267456055,-17.955934524536133,-17.91341209411621,-17.686838150024414,-17.53685760498047,-18.054622650146484,-18.91701889038086,-18.95790672302246,-17.740440368652344,-16.105497360229492,-14.976777076721191,-14.421384811401367,-14.03857135772705,-13.622335433959961,-13.212434768676758,-12.45529842376709,-11.587080955505371,-11.475119590759277,-12.367369651794434,-13.52305793762207,-14.178783416748047,-14.309250831604004,-14.353299140930176,-14.228311538696289,-13.692347526550293,-12.511638641357422,-10.961536407470703,-9.52359676361084,-9.098995208740234
-14.398686408996582,-14.511214256286621,-14.978877067565918,-15.354680061340332,-15.561060905456543,-15.919960021972656,-16.649921417236328,-17.538087844848633,-18.096696853637695,-18.23167610168457,-18.26732635498047,-18.42681121826172,-18.59677505493164,-18.614721298217773,-18.495424270629883,-18.406097412109375,-18.331584930419922,-18.19940948486328,-18.005905151367188,-17.941852569580078,-18.199256896972656,-18.388051986694336,-17.88909339904785,-16.61233139038086,-15.148000717163086,-14.201786041259766,-13.76734447479248,-13.397183418273926,-13.08183479309082,-12.967962265014648,-12.566354751586914,-11.833088874816895,-11.644654273986816,-12.370835304260254,-13.449803352355957,-14.069920539855957,-14.0169677734375,-13.539899826049805,-13.287496566772461,-13.463895797729492,-12.711504936218262,-11.244682312011719,-9.254033088684082,-7.412319660186768
-14.107394218444824,-14.381501197814941,-14.758549690246582,-15.007683753967285,-15.342010498046875,-15.931624412536621,-16.711292266845703,-17.595232009887695,-18.284873962402344,-18.632417678833008,-18.83586311340332,-18.966463088989258,-18.77452850341797,-18.18307113647461,-17.656240463256836,-17.568716049194336,-17.704057693481445,-17.8338623046875,-17.835695266723633,-17.802291870117188,-17.819414138793945,-17.555139541625977,-16.710493087768555,-15.509586334228516,-14.458374977111816,-13.71342658996582,-13.075241088867188,-12.46939468383789,-12.07804012298584,-11.925543785095215,-11.787802696228027,-11.59378719329834,-11.693413734436035,-12.474711418151855,-13.404816627502441,-13.848071098327637,-13.950559616088867,-12.882955551147461,-12.126898765563965,-12.09237003326416,-12.04296588897705,-10.637558937072754,-9.0372896194458,-6.798544406890869
-14.10118579864502,-14.513362884521484,-14.954405784606934,-15.20982837677002,-15.619154930114746,-16.356781005859375,-17.18584632873535,-17.962604522705078,-18.541885375976562,-18.87636947631836,-19.195213317871094,-19.416444778442383,-19.178260803222656,-18.33285140991211,-17.373958587646484,-16.87052345275879,-16.90096092224121,-17.299251556396484,-17.623699188232422,-17.519439697265625,-17.10395622253418,-16.490434646606445,-15.639033317565918,-14.591099739074707,-13.707805633544922,-13.04189395904541,-12.278984069824219,-11.537070274353027,-11.082919120788574,-10.775430679321289,-10.540009498596191,-10.563285827636719,-11.34245491027832,-12.697165489196777,-13.050994873046875,-12.690306663513184,-12.516744613647461,-13.26024055480957,-11.77414321899414,-10.264162063598633,-10.93665599822998,-10.114147186279297,-8.825445175170898,-6.914636135101318
-13.962068557739258,-14.533183097839355,-14.996411323547363,-15.28587818145752,-15.62289047241211,-16.290571212768555,-17.263427734375,-18.308860778808594,-18.852527618408203,-18.908096313476562,-19.08064079284668,-19.391752243041992,-19.27301025390625,-18.406702041625977,-17.115049362182617,-16.03326416015625,-15.570976257324219,-15.75450325012207,-16.198877334594727,-16.344436645507812,-16.044279098510742,-15.42380428314209,-14.582671165466309,-13.537601470947266,-12.547652244567871,-11.937917709350586,-11.512968063354492,-11.099626541137695,-10.7450590133667,-10.190010070800781,-9.437746047973633,-9.274077415466309,-10.615933418273926,-11.862263679504395,-12.314042091369629,-11.953670501708984,-11.980796813964844,-11.800511360168457,-10.588927268981934,-9.969143867492676,-10.143766403198242,-10.06175422668457,-9.133052825927734,-7.8108367919921875
-13.713197708129883,-14.373934745788574,-14.693371772766113,-14.736407279968262,-14.784401893615723,-15.284464836120605,-16.44009017944336,-17.969633102416992,-18.99974822998047,-19.112302780151367,-18.88994598388672,-18.681325912475586,-18.283607482910156,-17.413171768188477,-16.136064529418945,-14.920594215393066,-14.156135559082031,-13.834569931030273,-13.779783248901367,-13.88806438446045,-14.101765632629395,-14.11532974243164,-13.493538856506348,-12.26032543182373,-11.077604293823242,-10.646133422851562,-10.93343734741211,-11.119421005249023,-10.779316902160645,-10.107775688171387,-9.339268684387207,-8.961806297302246,-9.718320846557617,-10.953594207763672,-11.084285736083984,-10.65210247039795,-10.641436576843262,-10.370057106018066,-8.719941139221191,-8.564423561096191,-9.673468589782715,-9.260139465332031,-9.01720905303955,-8.656487464904785
-13.048222541809082,-13.79012680053711,-14.227673530578613,-14.131534576416016,-13.9417724609375,-14.343509674072266,-15.574254035949707,-17.119770050048828,-18.224916458129883,-18.48946189880371,-18.157489776611328,-17.523067474365234,-16.66701316833496,-15.643610000610352,-14.616127014160156,-13.82974624633789,-13.325380325317383,-12.94248104095459,-12.538989067077637,-12.314187049865723,-12.542994499206543,-12.867257118225098,-12.453758239746094,-11.180238723754883,-10.01627254486084,-9.826333999633789,-10.553545951843262,-11.11053466796875,-10.936896324157715,-10.503064155578613,-9.915839195251465,-9.284497261047363,-9.322866439819336,-10.286253929138184,-10.498905181884766,-9.763646125793457,-9.128811836242676,-8.4647216796875,-7.638649940490723,-7.6877946853637695,-7.4316558837890625,-7.348593235015869,-8.381285667419434,-8.542795181274414
-11.49654769897461,-12.539104461669922,-13.815675735473633,-14.33720874786377,-14.362667083740234,-14.759296417236328,-15.729601860046387,-16.597349166870117,-16.886409759521484,-16.75368881225586,-16.488723754882812,-16.031084060668945,-15.25949764251709,-14.28278923034668,-13.441573143005371,-12.965980529785156,-12.843474388122559,-12.906598091125488,-12.83847713470459,-12.557409286499023,-12.431705474853516,-12.490154266357422,-11.992035865783691,-10.771598815917969,-9.770546913146973,-9.704934120178223,-10.488090515136719,-11.254977226257324,-11.370887756347656,-11.141182899475098,-10.70443344116211,-10.31129264831543,-10.398945808410645,-10.559203147888184,-9.932879447937012,-8.751701354980469,-8.309133529663086,-7.543763637542725,-6.682803153991699,-6.010750770568848,-5.447422504425049,-6.289653301239014,-7.218966960906982,-7.72720193862915
