data/wind_data/wind_2025-02-21_18.json
{"header": {"parameterUnit": "KT", "parameterCategory": 2, "nx": 255, "ny": 198, "lo1": 44.73521041870117, "la1": -3.236724853515625, "lo2": 111.26478576660156, "la2": 43.468475341796875, "dx": 0.26192745566368103, "dy": -0.23708222806453705, "refTime": "2025-02-21 18:00:00", "forecastTime": 0, "parameterNumber": 2, "parameterNumberName": "eastward_wind"}, "data":
[rows 95 to 113 of 198, columns 43 to 85 of 255]
-6.004366874694824,-7.637043476104736,-7.829129219055176,-6.475569725036621,-5.129186630249023,-4.219791412353516,-3.413614511489868,-2.854499101638794,-2.34245228767395,-2.0813846588134766,-0.9908756017684937,-0.33842554688453674,-0.7814106345176697,-1.2696434259414673,-1.9388428926467896,-2.5093865394592285,-2.576009750366211,-2.6946842670440674,-3.057138442993164,-3.7853167057037354,-4.692384243011475,-5.384305953979492,-5.734832286834717,-5.914513111114502,-6.0843658447265625,-6.389679431915283,-6.653057098388672,-6.592945575714111,-6.380832672119141,-6.2335896492004395,-6.0283918380737305,-5.59998083114624,-5.037489891052246,-4.5411224365234375,-4.217607498168945,-3.9160051345825195,-3.348701238632202,-2.549060344696045,-1.541185975074768,-0.6979407072067261,-0.21204522252082825,0.2974419891834259,1.3396942615509033
-6.701523780822754,-8.362702369689941,-8.067386627197266,-6.7551727294921875,-5.514260768890381,-4.589779376983643,-3.3306374549865723,-2.1524643898010254,-2.319051504135132,-2.9269320964813232,-1.9223377704620361,-0.5299303531646729,0.4685525894165039,0.41680240631103516,-1.0436816215515137,-2.0587055683135986,-2.5135321617126465,-2.7760848999023438,-3.3485794067382812,-4.288570880889893,-5.0441789627075195,-5.297048568725586,-5.393146991729736,-5.51566219329834,-5.71223258972168,-5.955140590667725,-6.130665302276611,-6.325106620788574,-6.492915630340576,-6.428633689880371,-6.1887526512146,-5.860177993774414,-5.462083339691162,-4.966298580169678,-4.431037425994873,-3.8611652851104736,-3.173391819000244,-2.259817123413086,-1.0873466730117798,-0.07749197632074356,0.576636016368866,1.3767116069793701,2.58242130279541
-6.932685852050781,-8.522863388061523,-8.415458679199219,-7.297283172607422,-5.722939491271973,-4.2716875076293945,-2.605456829071045,-1.7253965139389038,-2.7032768726348877,-3.4301788806915283,-2.446845054626465,-0.6019240617752075,1.2883187532424927,1.8110476732254028,0.3152503967285156,-1.8040649890899658,-2.857379913330078,-3.0813028812408447,-3.452397584915161,-4.2537360191345215,-4.834625720977783,-4.985681056976318,-5.1556291580200195,-5.364836692810059,-5.498991966247559,-5.677309989929199,-5.986477375030518,-6.319633960723877,-6.424374580383301,-6.1702046394348145,-5.937668323516846,-5.918865203857422,-5.821619033813477,-5.463122844696045,-4.788200855255127,-3.9521358013153076,-3.104928731918335,-2.018087148666382,-0.6670536398887634,0.5337188839912415,1.5691035985946655,2.702152967453003,3.818612813949585
-7.199858665466309,-8.180024147033691,-8.510292053222656,-7.554312705993652,-5.80773401260376,-3.774113893508911,-2.1158299446105957,-2.094203472137451,-3.311272621154785,-3.402600049972534,-2.0664467811584473,0.42067450284957886,2.4324896335601807,2.4751956462860107,0.9748526811599731,-1.6674715280532837,-3.0465972423553467,-3.252018690109253,-3.402040958404541,-3.967663288116455,-4.47973108291626,-4.816557884216309,-5.150506019592285,-5.328468322753906,-5.290179252624512,-5.357726573944092,-5.64658784866333,-5.834993362426758,-5.7700653076171875,-5.736293315887451,-5.89567756652832,-6.101155757904053,-6.2042436599731445,-5.826606750488281,-4.962167739868164,-4.030642509460449,-3.1297965049743652,-2.019972085952759,-0.5711002349853516,0.9522461891174316,2.283888339996338,3.524359703063965,4.764256954193115
-7.316612243652344,-7.739941120147705,-7.964530944824219,-7.336713790893555,-5.933699607849121,-3.7785773277282715,-2.629819869995117,-3.3692128658294678,-3.876690149307251,-2.7684693336486816,-0.9444155097007751,1.2862703800201416,2.238706350326538,2.3947410583496094,1.2297841310501099,-1.2008672952651978,-2.5962634086608887,-2.9386918544769287,-3.285475015640259,-4.049696922302246,-4.746485710144043,-5.146193981170654,-5.324666976928711,-5.31117582321167,-5.174099445343018,-5.097702980041504,-5.148710250854492,-5.09262752532959,-5.029149055480957,-5.3771233558654785,-5.972379207611084,-6.5193681716918945,-6.744786262512207,-6.257988452911377,-5.315585613250732,-4.418988227844238,-3.6583104133605957,-2.7540860176086426,-1.327795386314392,0.48959946632385254,2.2238972187042236,3.697815418243408,5.025323390960693
-7.450507164001465,-7.593074798583984,-7.864823818206787,-7.156201362609863,-5.437933921813965,-3.2797064781188965,-3.1157116889953613,-4.445981025695801,-3.861703634262085,-1.5442394018173218,-0.7440457940101624,-0.5193484425544739,2.6511762142181396,4.563216209411621,2.7392897605895996,-0.26041853427886963,-1.71226966381073,-2.553962230682373,-3.610440254211426,-4.779282093048096,-5.388773441314697,-5.561868667602539,-5.541926383972168,-5.39309549331665,-5.187388896942139,-4.844550609588623,-4.505311965942383,-4.2146077156066895,-4.199843883514404,-4.915575981140137,-5.978334903717041,-6.874852657318115,-7.145583152770996,-6.602489948272705,-5.790134906768799,-5.258901119232178,-4.8074798583984375,-4.057387351989746,-2.7425625324249268,-0.870570957660675,1.102156400680542,2.860589027404785,4.499903202056885
-7.843487739562988,-8.307404518127441,-8.696691513061523,-7.637765407562256,-5.309844017028809,-3.359360933303833,-3.9664411544799805,-4.476764678955078,-2.675238609313965,0.08679600805044174,-2.6626853942871094,-2.9646899700164795,4.77631139755249,8.266548156738281,3.684166193008423,0.040241789072752,-1.4791773557662964,-2.954871416091919,-4.191644191741943,-5.2528533935546875,-5.7864990234375,-6.037017822265625,-5.976626873016357,-5.613456726074219,-5.135549545288086,-4.704561233520508,-4.227924823760986,-3.6261308193206787,-3.432750701904297,-4.265927791595459,-5.662708282470703,-6.66339635848999,-6.978996276855469,-6.89651346206665,-6.656627178192139,-6.330487251281738,-5.8293352127075195,-5.060418128967285,-3.8661539554595947,-2.1163558959960938,-0.07104147225618362,2.0237889289855957,3.96181321144104
-8.26552677154541,-8.70490837097168,-9.338323593139648,-8.19348430633545,-6.365786552429199,-4.067302227020264,-2.066349983215332,0.3081270456314087,1.6138392686843872,2.7564408779144287,1.4065519571304321,1.9527838230133057,7.807069301605225,6.921151161193848,0.4839573800563812,-0.8223692774772644,-2.160862445831299,-3.5674636363983154,-4.649076461791992,-5.434567928314209,-6.095730781555176,-6.462224006652832,-6.116345405578613,-5.495635032653809,-5.286849021911621,-5.057471752166748,-4.339565753936768,-3.5447728633880615,-3.337972640991211,-3.9414122104644775,-4.761844158172607,-5.538567543029785,-6.392474174499512,-6.844091892242432,-6.6554670333862305,-6.405167579650879,-6.151528835296631,-5.600968360900879,-4.438265323638916,-2.589988946914673,-0.43762531876564026,1.7530521154403687,3.5767502784729004
-8.748961448669434,-8.657236099243164,-9.222848892211914,-8.483007431030273,-5.219322681427002,-2.1365814208984375,1.6180752515792847,5.151952743530273,5.176454067230225,4.24819803237915,5.54351282119751,7.854732036590576,7.6575140953063965,-0.30151990056037903,-3.6848740577697754,-2.343153715133667,-3.307595729827881,-4.275824546813965,-4.974850177764893,-5.354701519012451,-6.261271953582764,-6.78599214553833,-6.284486770629883,-5.6213178634643555,-5.519738674163818,-5.266451358795166,-4.7798333168029785,-4.403576850891113,-4.249683856964111,-4.044369697570801,-3.5315465927124023,-3.4358623027801514,-4.157443046569824,-5.055472373962402,-5.401731014251709,-5.314520359039307,-5.161484718322754,-4.810828685760498,-3.9229493141174316,-2.3289105892181396,-0.1904183179140091,1.978988528251648,3.5170488357543945
-10.08710765838623,-9.41144847869873,-8.5963716506958,-6.3272175788879395,-1.9400112628936768,1.283556342124939,2.6962714195251465,5.105567455291748,5.867906093597412,5.455394744873047,7.380903720855713,8.610451698303223,1.8902353048324585,-5.021927833557129,-5.5500993728637695,-4.321614742279053,-4.404297351837158,-4.775170803070068,-5.1648993492126465,-5.699007511138916,-6.691318988800049,-6.79540491104126,-5.996838092803955,-5.397700786590576,-5.054215431213379,-4.778530120849609,-4.922099590301514,-5.3897175788879395,-5.829481601715088,-5.186121940612793,-3.2546310424804688,-1.3919399976730347,-1.1235969066619873,-2.4662139415740967,-3.673065423965454,-3.509420156478882,-2.7567336559295654,-2.7513742446899414,-2.765292167663574,-1.6023268699645996,0.2883523404598236,2.1321988105773926,3.151693820953369
-10.794026374816895,-8.929752349853516,-6.657783031463623,-2.311047077178955,1.5524712800979614,3.5478718280792236,3.7769172191619873,4.993757247924805,6.328614234924316,6.483444690704346,5.636228561401367,2.5960171222686768,-3.747065782546997,-7.081286430358887,-7.214646816253662,-6.149815082550049,-5.511651992797852,-5.39005708694458,-5.454075813293457,-6.054304599761963,-6.948695182800293,-6.709475994110107,-5.7974748611450195,-5.209045886993408,-4.922755241394043,-4.655745506286621,-4.679040908813477,-5.254985332489014,-5.832037448883057,-5.570185661315918,-4.139482021331787,-1.646468997001648,0.33083999156951904,0.023637663573026657,-1.315901517868042,-1.367777705192566,-0.5186575651168823,-0.1622147262096405,-0.23150233924388885,0.025489576160907745,0.8933354020118713,1.92458975315094,2.4886138439178467
-10.210213661193848,-6.590845108032227,-1.9472376108169556,1.8513917922973633,3.914088249206543,4.8823347091674805,5.610086441040039,4.817455291748047,2.4211723804473877,-0.7223222851753235,-3.6392669677734375,-6.39181661605835,-8.369915962219238,-9.307709693908691,-8.709875106811523,-7.427852630615234,-6.711162090301514,-6.267585754394531,-6.203736305236816,-6.938713550567627,-7.184637546539307,-6.3839430809021,-5.564004421234131,-5.18989896774292,-4.869814872741699,-4.70344877243042,-4.840590476989746,-5.2979278564453125,-5.489750862121582,-4.359548091888428,-1.9375001192092896,0.36070501804351807,0.818920910358429,-0.26450198888778687,-0.8805691003799438,-0.03541132062673569,1.3713624477386475,2.148699998855591,2.0887069702148438,1.429534912109375,0.9357917308807373,1.5920296907424927,2.8099679946899414
-8.593974113464355,-3.622906446456909,0.8145010471343994,2.6238808631896973,3.9734437465667725,4.830441951751709,4.1322503089904785,0.7660222053527832,-4.145205497741699,-7.76794958114624,-9.511573791503906,-10.2291259765625,-10.44327449798584,-10.285443305969238,-9.296868324279785,-8.45295238494873,-8.1172456741333,-7.912173748016357,-8.242022514343262,-8.16401195526123,-7.362090110778809,-6.513006687164307,-5.760584354400635,-5.236680507659912,-5.1378092765808105,-5.310116767883301,-5.240523338317871,-5.030562877655029,-4.3738908767700195,-2.3652241230010986,0.25233349204063416,1.578714370727539,1.180970549583435,0.7271661758422852,1.3415956497192383,2.541177749633789,3.283980369567871,2.8035807609558105,1.7675971984863281,1.5006532669067383,1.8657481670379639,2.3192896842956543,2.712144374847412
-7.449176788330078,-1.8549835681915283,2.859438896179199,4.5636420249938965,5.625355243682861,5.682405948638916,3.257848024368286,-0.9726575016975403,-5.20892333984375,-8.11609935760498,-9.671055793762207,-10.268884658813477,-10.402074813842773,-10.372380256652832,-10.08650016784668,-9.91975212097168,-9.837323188781738,-9.771571159362793,-9.416938781738281,-8.814395904541016,-7.986332416534424,-7.10141134262085,-6.2909836769104,-5.567837715148926,-5.361030578613281,-5.344171524047852,-4.876131534576416,-3.9752914905548096,-2.5074217319488525,-0.4496247172355652,1.1450234651565552,1.5428231954574585,1.8454627990722656,2.9566032886505127,4.133167266845703,4.329048156738281,3.416341781616211,2.261669158935547,1.9600917100906372,2.4612555503845215,2.8576865196228027,3.3628127574920654,3.302539825439453
-7.02410364151001,-1.1708967685699463,4.3148088455200195,5.721268177032471,6.083099842071533,5.347116470336914,2.4175193309783936,-1.9094420671463013,-5.959818363189697,-8.605822563171387,-10.023612976074219,-10.414751052856445,-10.420345306396484,-10.36378002166748,-10.346497535705566,-10.413661003112793,-10.342411994934082,-10.014498710632324,-9.4965238571167,-9.104135513305664,-8.446059226989746,-7.5354838371276855,-6.673431873321533,-5.868171215057373,-5.30621337890625,-4.820444107055664,-4.0655059814453125,-2.726855993270874,-0.8718176484107971,0.6913648843765259,1.5292611122131348,2.0211844444274902,2.7470510005950928,3.7981796264648438,4.844868183135986,5.039973258972168,3.5723876953125,1.6859221458435059,1.7154443264007568,2.8382303714752197,3.2322511672973633,3.7949635982513428,3.5907647609710693
-7.775320529937744,-1.3640942573547363,3.6919538974761963,4.311349868774414,4.591104507446289,4.027405261993408,1.2143244743347168,-2.7251687049865723,-6.199392795562744,-8.85901927947998,-10.607161521911621,-10.622167587280273,-10.086651802062988,-9.729576110839844,-9.471497535705566,-9.586891174316406,-9.731127738952637,-9.383027076721191,-8.837538719177246,-8.52829360961914,-8.145220756530762,-7.135903358459473,-6.433774948120117,-5.843160152435303,-4.890369415283203,-3.8524961471557617,-2.7231733798980713,-1.3877328634262085,0.09559836238622665,1.159595012664795,1.7249706983566284,2.5408849716186523,3.50295090675354,3.667593002319336,3.2143959999084473,3.3209328651428223,3.9028375148773193,3.882024049758911,3.185643434524536,1.598081111907959,0.4764523506164551,1.9950380325317383,3.354916572570801
-7.52673864364624,-1.0810010433197021,3.0480005741119385,3.105778694152832,3.5343801975250244,3.021273136138916,1.0224183797836304,-2.4742584228515625,-6.059302806854248,-8.502290725708008,-9.513009071350098,-9.70671272277832,-9.395005226135254,-8.948357582092285,-8.712762832641602,-8.764796257019043,-8.70041275024414,-8.437505722045898,-8.259239196777344,-8.21214485168457,-7.795151233673096,-7.303228378295898,-6.789515495300293,-5.882353782653809,-4.456689834594727,-2.5766730308532715,-0.9477959275245667,0.0037874742411077023,0.7631122469902039,1.9473778009414673,2.5339627265930176,2.364316701889038,2.315950870513916,1.8269213438034058,1.3478174209594727,1.987931251525879,3.6276743412017822,5.578729629516602,4.324494361877441,-0.5171618461608887,-1.8441662788391113,1.5717272758483887,3.346985340118408
-6.76875638961792,-1.067601203918457,2.4050798416137695,1.8507503271102905,2.0394949913024902,1.8435784578323364,-0.1321393996477127,-3.3071200847625732,-5.576671123504639,-7.351092338562012,-8.812836647033691,-9.867196083068848,-10.35124683380127,-10.047664642333984,-9.050126075744629,-8.172043800354004,-8.014335632324219,-8.121623039245605,-7.641829967498779,-5.5181169509887695,-4.435052394866943,-3.877244234085083,-3.426877975463867,-3.4373619556427,-2.5283124446868896,-1.4152002334594727,0.10634014755487442,0.7942438721656799,1.0796726942062378,1.6247718334197998,1.8347827196121216,1.168657898902893,-0.3483922481536865,-0.5904397368431091,1.0836681127548218,3.168394088745117,4.441296100616455,4.063272953033447,-0.3964320123195648,-3.0315778255462646,1.033217430114746,2.533233642578125,-1.909737467765808
-6.656899452209473,-1.692861557006836,2.2003180980682373,1.4849416017532349,0.26461637020111084,-1.4816426038742065,-3.28523850440979,-5.400200843811035,-8.032452583312988,-9.631964683532715,-9.865684509277344,-9.391498565673828,-8.146016120910645,-7.9989190101623535,-7.323037147521973,-6.512198448181152,-5.987619876861572,-4.849286079406738,-4.040496826171875,-3.6561567783355713,-3.360699415206909,-3.4644179344177246,-3.6873302459716797,-3.388145685195923,-2.3908627033233643,-0.46821773052215576,0.8483599424362183,0.5629163980484009,-0.4317995011806488,-0.6933836936950684,0.07213351875543594,0.27062302827835083,-0.6083507537841797,0.014095715247094631,2.363762855529785,3.6648666858673096,3.795501232147217,3.2188687324523926,0.4079974293708801,-0.8076459169387817,-0.1776612401008606,-4.612414360046387,-5.9701666831970215
