data/wind_data/wind_25_9.json
{"header": {"parameterUnit": "KT", "parameterCategory": 2, "nx": 256, "ny": 198, "lo1": 44.73521041870117, "la1": -3.236724853515625, "lo2": 111.26478576660156, "la2": 43.468475341796875, "dx": 0.2609002888202667, "dy": -0.23708222806453705, "refTime": "2025-02-20 01:00:00", "forecastTime": 0, "parameterNumber": 2, "parameterNumberName": "eastward_wind"}, "data":
[rows 76 to 94 of 198, columns 0 to 43 of 256]
6.154505729675293,4.795571327209473,4.10308837890625,1.2590479850769043,-2.639824867248535,-2.93121075630188,-2.6875975131988525,-2.2657620906829834,-1.7451152801513672,-1.3131600618362427,-0.20904920995235443,1.1119424104690552,1.1746639013290405,0.6489765048027039,0.8926526308059692,1.2197721004486084,0.9228558540344238,0.8613458275794983,1.7530418634414673,2.840973138809204,3.298351287841797,3.6045923233032227,4.276976108551025,5.342111587524414,6.361644268035889,7.194162845611572,7.947417736053467,8.618276596069336,9.238065719604492,9.808938026428223,10.13618278503418,9.900588989257812,9.059861183166504,7.92159366607666,6.856810569763184,6.130797863006592,5.850801944732666,5.931779861450195,6.108720779418945,6.1591877937316895,6.02618408203125,5.787458896636963,5.630967617034912,5.695971965789795
7.045363903045654,5.435257911682129,4.764496803283691,1.4690935611724854,-2.8888564109802246,-3.059868574142456,-1.9592748880386353,-0.9083454608917236,-0.3854620158672333,-0.4545676112174988,0.2689509391784668,1.617653250694275,2.4146010875701904,1.9930493831634521,1.573769450187683,1.0636008977890015,-0.01502576656639576,-0.42518752813339233,0.5728104710578918,1.7876888513565063,2.103118658065796,2.3194336891174316,3.2661333084106445,4.74251127243042,5.975220680236816,6.8439249992370605,7.581254482269287,8.28019905090332,8.946366310119629,9.538790702819824,9.909649848937988,9.736475944519043,8.86356258392334,7.638708114624023,6.551804542541504,5.844186782836914,5.554904460906982,5.529760360717773,5.647033214569092,5.885724067687988,6.116024494171143,6.203953742980957,6.208276748657227,6.330544471740723
7.679805755615234,7.109283447265625,6.639224052429199,3.2988805770874023,-1.5869135856628418,-2.243155002593994,-0.8541111946105957,0.22358454763889313,0.6170725226402283,0.5499755144119263,1.052979588508606,2.1708450317382812,3.2637085914611816,3.27217960357666,2.5315723419189453,1.3088741302490234,-0.3340514302253723,-0.9663281440734863,0.006854393519461155,1.0729656219482422,1.0685025453567505,1.0420087575912476,1.8697923421859741,3.290013074874878,4.6401896476745605,5.773802280426025,6.718703269958496,7.503367900848389,8.147379875183105,8.795733451843262,9.41794204711914,9.454964637756348,8.607683181762695,7.300027847290039,6.037940979003906,5.17039155960083,4.86846399307251,4.9556474685668945,5.24116325378418,5.708561420440674,6.137429714202881,6.31104850769043,6.360531330108643,6.525537014007568
7.661445140838623,9.197124481201172,8.557822227478027,5.797521591186523,1.0647169351577759,0.099453866481781,0.75493323802948,1.497920274734497,1.5801689624786377,1.2893095016479492,1.5369162559509277,2.4924018383026123,3.4656944274902344,3.8048951625823975,3.284529209136963,1.813231110572815,-0.3400843143463135,-1.3296834230422974,-0.458228200674057,0.26714831590652466,-0.409086674451828,-0.9089034795761108,-0.2460058480501175,1.2735549211502075,2.881042003631592,4.2164530754089355,5.279987335205078,6.169691562652588,6.998665809631348,7.904319763183594,8.747169494628906,9.00639533996582,8.368008613586426,6.992880821228027,5.41901969909668,4.413743019104004,4.264510154724121,4.561522960662842,4.928708076477051,5.3866424560546875,5.845274925231934,6.12624454498291,6.305419445037842,6.563121318817139
7.276482582092285,8.354270935058594,9.064203262329102,7.508687973022461,2.5469229221343994,2.4292635917663574,2.917633533477783,3.143705129623413,2.8929922580718994,2.3363773822784424,2.0622997283935547,2.589080810546875,3.232632637023926,3.4539196491241455,3.198482036590576,2.1334567070007324,-0.050331950187683105,-1.6862640380859375,-1.282281756401062,-0.5923322439193726,-1.155421257019043,-1.9106085300445557,-1.480053424835205,-0.10376105457544327,1.3718113899230957,2.6194896697998047,3.7953855991363525,4.946712493896484,6.099199295043945,7.250714302062988,8.18220329284668,8.57312297821045,8.112910270690918,6.762901782989502,5.065953731536865,4.0348219871521,4.0780744552612305,4.635051727294922,5.097944736480713,5.328465461730957,5.44661283493042,5.669004917144775,6.027408599853516,6.449582576751709
7.286157131195068,7.202325820922852,8.446972846984863,7.095634937286377,0.9122653603553772,2.685190439224243,4.086055278778076,4.27679967880249,3.9908156394958496,3.7357215881347656,2.9832770824432373,2.670530080795288,2.796990394592285,2.727778911590576,2.438270330429077,1.7767921686172485,0.09964187443256378,-1.8214149475097656,-2.391857862472534,-1.975359559059143,-2.172985315322876,-2.432542324066162,-1.907808542251587,-0.6663114428520203,0.6746371388435364,1.8033376932144165,2.962059736251831,4.250442028045654,5.641378879547119,7.027203559875488,8.122919082641602,8.581645011901855,8.083718299865723,6.652589321136475,4.947329998016357,4.0687456130981445,4.477169990539551,5.383623123168945,5.862405776977539,5.719526767730713,5.285183429718018,5.21033239364624,5.5710320472717285,6.009205341339111
7.404564380645752,6.490650653839111,7.349031448364258,5.279690742492676,-1.4419910907745361,1.9238014221191406,3.474684953689575,3.8048903942108154,4.235062122344971,4.860833644866943,3.885723114013672,2.56278395652771,2.1256773471832275,1.994207739830017,1.7523767948150635,1.395146131515503,0.13484150171279907,-2.0527589321136475,-3.4013755321502686,-3.6118581295013428,-3.8039376735687256,-3.930891990661621,-3.251986026763916,-1.7704206705093384,-0.012026825919747353,1.4661173820495605,2.6862027645111084,3.9812073707580566,5.5225396156311035,7.189995765686035,8.565164566040039,9.108179092407227,8.434741020202637,6.733551025390625,5.000441551208496,4.431948661804199,5.171168804168701,6.282876014709473,6.675111770629883,6.298012733459473,5.587752342224121,5.065232753753662,5.008672714233398,5.17555046081543
7.048589706420898,7.707461357116699,8.086917877197266,5.282875061035156,-0.8447523713111877,0.5709604024887085,1.3647723197937012,2.373181104660034,4.020261287689209,5.030478477478027,4.067712306976318,2.1996991634368896,1.290785551071167,1.2147818803787231,1.2562813758850098,1.2721573114395142,0.4988926947116852,-1.596987009048462,-3.6961324214935303,-4.763513088226318,-5.206819534301758,-5.330841541290283,-4.8332061767578125,-3.4451284408569336,-1.3234771490097046,0.8358530402183533,2.509925127029419,3.951003313064575,5.630791187286377,7.526068687438965,9.125786781311035,9.751174926757812,8.924837112426758,6.9127197265625,5.0309600830078125,4.660457134246826,5.629356861114502,6.893170356750488,7.35964298248291,6.890481948852539,6.106435298919678,5.335197448730469,4.652374267578125,4.208503723144531
6.527583122253418,9.71541976928711,9.91890811920166,7.058093070983887,1.8161218166351318,-0.10182661563158035,0.27122926712036133,1.636886715888977,3.4820895195007324,4.151808738708496,3.358928680419922,1.7008109092712402,0.6803465485572815,0.5708285570144653,0.9276381731033325,1.2103829383850098,0.9364839792251587,-0.3060140609741211,-2.2395882606506348,-4.011770248413086,-5.172244548797607,-5.65871524810791,-5.326308727264404,-4.239877700805664,-2.422031879425049,-0.021698519587516785,2.3212199211120605,4.294347286224365,6.221716403961182,8.193635940551758,9.782145500183105,10.37363052368164,9.564245223999023,7.566410541534424,5.575167655944824,4.96719217300415,5.638042449951172,6.707143306732178,7.394749164581299,7.45781946182251,7.036546230316162,6.159842491149902,4.933548927307129,3.8279824256896973
6.567389488220215,9.675304412841797,10.374114990234375,8.725818634033203,4.731543064117432,1.8290002346038818,0.9661058187484741,1.7488677501678467,2.8169898986816406,2.9192776679992676,2.340261936187744,1.2008881568908691,0.4715586006641388,0.19303672015666962,0.5135866403579712,1.236462116241455,1.4756563901901245,0.993350625038147,-0.06762497872114182,-1.4648252725601196,-2.814882278442383,-3.750640630722046,-3.8770101070404053,-3.016589879989624,-1.550856351852417,0.2461252510547638,2.382359743118286,4.651601791381836,6.897425651550293,8.967619895935059,10.550285339355469,11.218037605285645,10.55961799621582,8.720687866210938,6.6648268699646,5.583878993988037,5.671712875366211,6.315640926361084,6.9208197593688965,7.2901201248168945,7.376971244812012,6.812439918518066,5.547651290893555,4.149476051330566
6.9796319007873535,8.419360160827637,9.799925804138184,9.466560363769531,6.459349632263184,4.46942138671875,2.5742478370666504,2.1223013401031494,2.3874948024749756,2.375147581100464,2.2384490966796875,1.6310878992080688,0.7126115560531616,0.25191476941108704,0.030386697500944138,0.7775152325630188,1.9091635942459106,2.165780544281006,1.4958322048187256,0.40031158924102783,-0.6630584001541138,-1.266716718673706,-1.1137667894363403,-0.29599785804748535,0.9180471897125244,2.23795223236084,3.707883596420288,5.544177532196045,7.604614734649658,9.554972648620605,11.118231773376465,11.964873313903809,11.62881851196289,10.041800498962402,7.874031066894531,6.326216697692871,5.984620094299316,6.339875221252441,6.713973045349121,7.0277581214904785,7.229955196380615,6.977922439575195,6.1403398513793945,4.8960185050964355
7.64835262298584,7.727280139923096,9.453001976013184,9.718599319458008,7.05246639251709,6.200018405914307,4.351568222045898,2.693434476852417,2.437810182571411,2.6434404850006104,3.0386838912963867,3.1036415100097656,1.9211516380310059,0.8076371550559998,0.2010277658700943,0.00010779240255942568,0.8710842728614807,1.9178261756896973,1.8128570318222046,0.86558598279953,0.09058795869350433,0.007667333818972111,0.703464150428772,1.9447118043899536,3.3383312225341797,4.696874618530273,6.000797271728516,7.365385055541992,8.867886543273926,10.395541191101074,11.743061065673828,12.525665283203125,12.209546089172363,10.638992309570312,8.371355056762695,6.614947319030762,6.141395092010498,6.478118419647217,6.713210582733154,6.7547149658203125,6.780211448669434,6.5990095138549805,6.151638984680176,5.392299175262451
8.468403816223145,7.782766819000244,9.484536170959473,10.335110664367676,8.002519607543945,7.412808895111084,6.1479597091674805,3.8331196308135986,2.611255168914795,2.4355413913726807,3.07053279876709,4.2101030349731445,3.781907558441162,2.3761935234069824,1.542000651359558,0.9557965993881226,0.4834158718585968,0.4637795090675354,0.2833608090877533,-0.3581235110759735,-0.5394115447998047,0.35125255584716797,1.7977893352508545,3.2103025913238525,4.528916358947754,5.9665846824646,7.460238933563232,8.837257385253906,10.160923957824707,11.478561401367188,12.633312225341797,13.157110214233398,12.42786979675293,10.34084701538086,7.794241905212402,6.055254936218262,5.680034160614014,6.092888832092285,6.211208820343018,5.829855918884277,5.604056358337402,5.439962387084961,5.267632961273193,5.005558967590332
8.92223834991455,7.954833984375,9.791436195373535,11.192054748535156,9.361896514892578,8.736553192138672,7.835824489593506,5.170593738555908,2.6700329780578613,1.5426255464553833,2.2124016284942627,4.252070903778076,5.064177989959717,4.383477687835693,3.610325336456299,3.108732223510742,2.3106043338775635,1.1936438083648682,0.18466441333293915,-0.7202357053756714,-1.2536334991455078,-0.6202516555786133,1.0886342525482178,2.821837902069092,4.2430524826049805,5.622010707855225,7.271391868591309,9.103312492370605,10.836742401123047,12.295305252075195,13.365202903747559,13.709567070007324,12.733484268188477,10.31663990020752,7.407485008239746,5.393491268157959,4.923255443572998,5.413314342498779,5.6404242515563965,4.9146599769592285,4.2845940589904785,4.340729236602783,4.6892194747924805,4.940067291259766
9.116514205932617,8.478768348693848,10.433112144470215,12.211557388305664,11.21863842010498,10.67711353302002,9.594891548156738,6.362262725830078,2.744854211807251,0.6470423340797424,1.0701364278793335,3.179685592651367,4.854219913482666,5.27439546585083,5.1222662925720215,4.873429775238037,4.333395481109619,3.3843531608581543,2.386683702468872,1.599683165550232,0.8488194942474365,0.0445706844329834,-0.09129603952169418,0.9102990031242371,2.362001895904541,3.923189878463745,5.87393856048584,8.294229507446289,10.7141752243042,12.575855255126953,13.666412353515625,13.942498207092285,13.114036560058594,10.973694801330566,8.132259368896484,5.866811275482178,5.035741329193115,5.361624240875244,5.755789279937744,5.1749444007873535,4.235434055328369,4.322314262390137,5.205513000488281,6.0178656578063965
9.12765121459961,8.734047889709473,11.073962211608887,13.641536712646484,13.933830261230469,13.30395221710205,11.630377769470215,7.621702194213867,3.1279215812683105,0.49333879351615906,0.3086041212081909,1.4690061807632446,3.277139186859131,4.744956016540527,5.516633987426758,5.919466495513916,5.850552558898926,5.3874616622924805,4.822680473327637,4.367888927459717,3.831066370010376,2.8727240562438965,1.5167009830474854,0.5901346802711487,0.8394945859909058,2.0867605209350586,4.107969760894775,6.978523254394531,10.167214393615723,12.687080383300781,13.909258842468262,13.979625701904297,13.238859176635742,11.725839614868164,9.510026931762695,7.335324287414551,6.224050998687744,6.292720317840576,6.642876148223877,6.228146553039551,5.130349159240723,4.828176498413086,5.8094024658203125,7.219958782196045
8.962564468383789,8.603681564331055,11.817024230957031,15.28217601776123,16.40508270263672,15.566160202026367,13.542623519897461,9.068346977233887,4.099155426025391,1.3996577262878418,0.3958539366722107,0.13129067420959473,1.0800811052322388,3.269986391067505,5.325713157653809,6.721299648284912,7.332224369049072,7.300241947174072,7.001713275909424,6.695154666900635,6.252870559692383,5.427149772644043,4.259837627410889,2.9689369201660156,2.0588455200195312,2.038787603378296,3.2314352989196777,5.856706142425537,9.512284278869629,12.976417541503906,14.9508638381958,15.067445755004883,13.851673126220703,12.197091102600098,10.506500244140625,8.780843734741211,7.653585910797119,7.531002044677734,7.725759506225586,7.217234134674072,5.926478862762451,5.122933864593506,5.727447509765625,7.332789897918701
8.707752227783203,8.599390983581543,12.370936393737793,16.182767868041992,17.322187423706055,16.447954177856445,14.661079406738281,10.295122146606445,5.38517951965332,2.8170266151428223,1.0278195142745972,-0.37998971343040466,-0.4530992805957794,1.5293065309524536,4.674637794494629,7.349173069000244,8.863503456115723,9.386385917663574,9.34251594543457,8.947668075561523,8.298246383666992,7.496289253234863,6.69774055480957,5.997248649597168,5.3359246253967285,4.766443729400635,4.690789222717285,5.878446102142334,8.819318771362305,12.660990715026855,15.688026428222656,16.675939559936523,15.630114555358887,13.492295265197754,11.413613319396973,9.751543045043945,8.598236083984375,8.183560371398926,8.098112106323242,7.438193321228027,6.074571132659912,5.085972785949707,5.321794033050537,6.625494956970215
8.353486061096191,9.095558166503906,12.463216781616211,15.918343544006348,16.703977584838867,15.951652526855469,14.55095100402832,10.74797248840332,6.607616424560547,4.328880310058594,1.9123897552490234,-0.07706765830516815,-0.528687596321106,0.8359498381614685,3.7934463024139404,7.159823417663574,9.782612800598145,11.238495826721191,11.684286117553711,11.233865737915039,10.161218643188477,9.054489135742188,8.440972328186035,8.370068550109863,8.47704029083252,8.433533668518066,8.165656089782715,8.211865425109863,9.467561721801758,12.195916175842285,15.303659439086914,17.14829444885254,16.882675170898438,15.105875968933105,12.935138702392578,11.207047462463379,9.901379585266113,8.718405723571777,7.641030788421631,6.638716220855713,5.579656600952148,4.790652275085449,4.77689266204834,5.71224308013916
