data/wind_data/wind_55_4.json
{"header": {"parameterUnit": "KT", "parameterCategory": 2, "nx": 256, "ny": 198, "lo1": 44.73521041870117, "la1": -3.236724853515625, "lo2": 111.26478576660156, "la2": 43.468475341796875, "dx": 0.2609002888202667, "dy": -0.23708222806453705, "refTime": "2025-02-21 07:00:00", "forecastTime": 0, "parameterNumber": 2, "parameterNumberName": "eastward_wind"}, "data":
[rows 171 to 189 of 198, columns 0 to 43 of 256]
26.606050491333008,29.04636001586914,27.989643096923828,26.45412826538086,23.855762481689453,21.14978790283203,21.32942008972168,23.236797332763672,25.13532829284668,26.585912704467773,26.80377960205078,26.18104362487793,23.323881149291992,21.601959228515625,23.335208892822266,26.176713943481445,30.378646850585938,30.169994354248047,29.81668472290039,28.283140182495117,25.764270782470703,23.563337326049805,22.07666015625,20.836933135986328,19.32470703125,17.88111686706543,17.082971572875977,16.47682762145996,15.909770011901855,15.854803085327148,16.279401779174805,16.420211791992188,15.96182632446289,15.997488975524902,16.971067428588867,17.587297439575195,17.347965240478516,16.49944305419922,15.090499877929688,13.859188079833984,13.148763656616211,13.5921049118042,14.500571250915527,14.09226131439209
23.891738891601562,28.59577751159668,28.075740814208984,26.840682983398438,26.1909236907959,23.8850040435791,22.263765335083008,22.842065811157227,24.952987670898438,25.538166046142578,25.706783294677734,27.12770652770996,27.581279754638672,28.63705062866211,28.15078353881836,28.67207908630371,30.177270889282227,29.795501708984375,29.901084899902344,28.307161331176758,26.241483688354492,24.575557708740234,22.79686164855957,20.975496292114258,19.425050735473633,17.954631805419922,17.267017364501953,16.382858276367188,15.372296333312988,15.311134338378906,15.780158042907715,15.663480758666992,15.165558815002441,15.2465181350708,16.251869201660156,17.25476837158203,17.316404342651367,16.393098831176758,14.419944763183594,13.29947566986084,12.841753959655762,12.138766288757324,10.752735137939453,9.196632385253906
21.27678871154785,24.622989654541016,25.0509090423584,25.479156494140625,26.288253784179688,24.642578125,22.076616287231445,21.51634979248047,22.867340087890625,23.840457916259766,24.218042373657227,26.037029266357422,27.46422576904297,27.799638748168945,25.53862190246582,31.826242446899414,33.2530403137207,31.99349594116211,30.50448989868164,28.036949157714844,26.37897300720215,25.071462631225586,23.37653350830078,22.091466903686523,20.680137634277344,19.1763916015625,18.215381622314453,17.728193283081055,16.354785919189453,15.969863891601562,16.156614303588867,15.557991027832031,14.986589431762695,14.973791122436523,15.834155082702637,17.327123641967773,17.82280921936035,16.271240234375,13.527749061584473,11.940279006958008,10.549285888671875,7.856291770935059,5.969629764556885,5.283198356628418
18.184995651245117,19.292165756225586,19.929418563842773,22.15839958190918,24.346033096313477,24.060749053955078,21.9301815032959,21.08200454711914,21.878929138183594,23.778472900390625,24.3756160736084,26.66324806213379,28.135286331176758,28.35321617126465,29.12890625,34.1133918762207,34.878536224365234,34.378421783447266,32.037132263183594,29.355754852294922,27.054616928100586,24.675579071044922,23.47292709350586,23.49476432800293,22.666664123535156,20.444368362426758,18.48123550415039,18.178056716918945,17.774127960205078,17.02510643005371,16.22466468811035,15.541762351989746,15.350297927856445,15.266199111938477,15.867944717407227,17.486949920654297,17.547496795654297,15.199652671813965,11.929548263549805,7.7220377922058105,5.20975399017334,3.070451259613037,2.8669633865356445,2.3715524673461914
16.521291732788086,16.59309196472168,15.982903480529785,18.556621551513672,22.176273345947266,23.871932983398438,21.016103744506836,21.476055145263672,21.034284591674805,21.617002487182617,22.91623878479004,25.90199851989746,28.75202178955078,30.223806381225586,31.79908561706543,33.780582427978516,34.52205276489258,35.02804183959961,33.97041702270508,31.488208770751953,27.537151336669922,23.796926498413086,23.239761352539062,24.263517379760742,23.847003936767578,21.17587661743164,18.48192024230957,18.255708694458008,18.389070510864258,17.38986587524414,15.896537780761719,15.33796215057373,15.7590970993042,15.943556785583496,16.386564254760742,17.081052780151367,15.223517417907715,13.278265953063965,7.98848295211792,0.8937597274780273,-0.4188462793827057,-0.35455644130706787,0.3242913484573364,-0.4942830502986908
18.557514190673828,16.79149055480957,15.028291702270508,17.706283569335938,21.651399612426758,22.560407638549805,20.73639488220215,21.54642105102539,22.174549102783203,21.55176544189453,21.19170570373535,23.616304397583008,27.477397918701172,29.990272521972656,31.386272430419922,32.54195022583008,33.27991485595703,34.30870056152344,34.28713607788086,30.66848373413086,26.69259262084961,24.886255264282227,24.16143798828125,23.604711532592773,22.927474975585938,21.031742095947266,18.864688873291016,18.545324325561523,17.92991065979004,16.407739639282227,15.197712898254395,15.123040199279785,15.902334213256836,16.39366912841797,16.4644775390625,14.642552375793457,11.68822193145752,10.501960754394531,2.786951780319214,-3.959373950958252,-4.102744102478027,-2.8537681102752686,-2.064976215362549,-2.3749797344207764
19.513626098632812,16.61737632751465,15.519168853759766,18.291797637939453,21.823930740356445,22.203046798706055,21.123926162719727,22.147663116455078,23.229101181030273,22.142452239990234,20.439857482910156,21.521503448486328,25.172426223754883,27.8475284576416,29.266361236572266,30.553604125976562,31.17905044555664,32.34953308105469,31.907087326049805,28.275814056396484,26.484848022460938,26.01665496826172,24.030763626098633,21.471466064453125,20.50481414794922,20.02281379699707,19.25457763671875,18.339950561523438,16.59489631652832,14.72576904296875,13.970980644226074,14.429463386535645,15.509688377380371,15.77226448059082,14.413087844848633,10.153914451599121,8.195585250854492,8.095425605773926,2.074636220932007,-4.682371139526367,-6.158374786376953,-4.741284370422363,-3.809643507003784,-2.8885498046875
16.565839767456055,17.293792724609375,17.243724822998047,19.8729190826416,22.839008331298828,22.938447952270508,20.16875457763672,20.047819137573242,23.491294860839844,24.479496002197266,21.695377349853516,20.784442901611328,22.8891544342041,24.895584106445312,26.59493637084961,28.152189254760742,29.106098175048828,29.89020538330078,28.552478790283203,26.204065322875977,25.519365310668945,24.280498504638672,21.300212860107422,18.87628746032715,18.305652618408203,18.75400161743164,18.851659774780273,17.30592155456543,14.968536376953125,13.275399208068848,12.643855094909668,13.205241203308105,14.204493522644043,13.826742172241211,11.209964752197266,6.628252983093262,5.5876383781433105,4.917945861816406,-0.43137824535369873,-6.046985626220703,-7.350604057312012,-6.41270112991333,-4.646698474884033,-2.7402517795562744
13.768162727355957,18.67447280883789,19.113121032714844,20.753511428833008,22.57182502746582,22.10957145690918,20.86502456665039,20.90166664123535,24.42159652709961,24.000242233276367,21.041366577148438,20.00786781311035,20.99955940246582,22.502273559570312,24.73568344116211,26.49627685546875,27.145235061645508,27.006784439086914,25.564014434814453,24.117883682250977,23.06609344482422,20.805908203125,18.513015747070312,17.145484924316406,16.89695930480957,17.40412139892578,17.597747802734375,15.903312683105469,13.484095573425293,11.944534301757812,11.197321891784668,11.568925857543945,12.750582695007324,12.68813419342041,9.433210372924805,4.6686859130859375,3.2487380504608154,0.054017502814531326,-5.333816051483154,-7.782879829406738,-7.943130016326904,-7.044164657592773,-4.491764068603516,-2.7802844047546387
14.399924278259277,19.022592544555664,19.427181243896484,21.26725196838379,23.185232162475586,22.052820205688477,21.98607635498047,21.159778594970703,23.649667739868164,22.95313262939453,20.275468826293945,19.488391876220703,19.78257179260254,21.125324249267578,23.020082473754883,24.30992889404297,24.830337524414062,24.748031616210938,23.46633529663086,22.102617263793945,20.464561462402344,18.114871978759766,16.33759880065918,15.404359817504883,15.185474395751953,15.57697868347168,15.883380889892578,14.630155563354492,12.193714141845703,10.465766906738281,9.566627502441406,9.77687931060791,11.387898445129395,11.832930564880371,7.711777687072754,2.5585336685180664,-0.09556062519550323,-4.3302178382873535,-7.636020660400391,-7.93895149230957,-7.724960803985596,-6.354752540588379,-3.9416332244873047,-2.734062671661377
16.671489715576172,18.475696563720703,19.34758758544922,21.384979248046875,23.63199806213379,21.72071647644043,20.143245697021484,22.853857040405273,23.8490047454834,21.294050216674805,19.1279296875,18.70994758605957,19.10657501220703,19.80438804626465,20.871763229370117,21.950626373291016,22.961400985717773,23.05254364013672,21.388771057128906,20.0955753326416,18.264699935913086,16.008737564086914,14.227922439575195,13.439946174621582,13.13884162902832,13.342255592346191,13.76047134399414,13.445751190185547,11.378568649291992,9.451871871948242,8.513753890991211,8.152580261230469,9.337353706359863,9.018905639648438,4.501802444458008,-0.15001513063907623,-3.220385789871216,-6.1503376960754395,-7.192198276519775,-7.039549350738525,-6.958822250366211,-5.0977630615234375,-3.3608238697052,-1.9399101734161377
18.00700569152832,17.32052993774414,18.43739128112793,20.829214096069336,23.988712310791016,23.89896583557129,21.080142974853516,22.651147842407227,21.621461868286133,19.026212692260742,18.087345123291016,18.245025634765625,18.72768211364746,18.839359283447266,19.40044593811035,20.637964248657227,21.413969039916992,20.64398956298828,19.145071029663086,18.27111053466797,16.367002487182617,14.090177536010742,12.479266166687012,11.581428527832031,11.167183876037598,11.443341255187988,12.175291061401367,12.624321937561035,11.081064224243164,9.37963581085205,8.57687759399414,6.802391529083252,7.208693504333496,6.08253812789917,1.7246923446655273,-1.9516239166259766,-4.494094371795654,-6.0826826095581055,-6.462863445281982,-6.2872090339660645,-5.888792037963867,-3.7852063179016113,-2.323499917984009,-0.5628840923309326
17.375865936279297,18.152149200439453,18.152841567993164,19.091777801513672,21.22347640991211,20.02257537841797,17.571977615356445,18.33144187927246,18.66930389404297,18.020692825317383,18.335426330566406,19.067176818847656,18.855045318603516,18.666343688964844,18.571863174438477,18.620655059814453,18.8581600189209,18.13934326171875,17.788955688476562,16.83136749267578,14.943974494934082,12.787076950073242,11.044673919677734,9.974677085876465,10.220187187194824,11.045612335205078,11.773499488830566,12.590259552001953,11.60919189453125,10.096474647521973,9.315261840820312,5.938356399536133,5.705455303192139,5.042200565338135,1.1529661417007446,-2.2482266426086426,-4.127502918243408,-5.328685283660889,-5.931580543518066,-5.5873589515686035,-4.296154022216797,-2.3707947731018066,-0.8119340538978577,0.8572423458099365
15.27910041809082,16.57752227783203,16.2657413482666,14.235300064086914,14.616573333740234,15.249556541442871,14.695974349975586,15.94755744934082,17.26883888244629,17.860240936279297,19.135820388793945,21.176145553588867,21.684545516967773,19.28267478942871,17.0035343170166,16.123584747314453,17.21684455871582,17.43471908569336,17.023176193237305,15.53895092010498,13.867889404296875,11.780167579650879,9.803060531616211,9.087474822998047,10.175086975097656,11.66476058959961,12.020779609680176,12.658791542053223,12.495217323303223,11.416224479675293,10.365947723388672,5.835739612579346,4.777587413787842,5.576264381408691,2.25136399269104,-1.3776825666427612,-3.142606019973755,-4.463245391845703,-5.278314113616943,-4.539147853851318,-2.862942695617676,-1.0640087127685547,0.6244180798530579,1.990418553352356
12.12372875213623,14.41666030883789,12.857762336730957,9.911599159240723,10.114710807800293,12.976068496704102,14.553736686706543,15.82148265838623,16.9070987701416,18.372772216796875,21.640090942382812,25.005149841308594,24.360578536987305,18.04354476928711,15.819005966186523,16.954591751098633,16.33563804626465,16.050514221191406,15.925406455993652,14.284688949584961,12.917078971862793,11.185856819152832,9.136439323425293,8.715764999389648,9.914762496948242,11.75993537902832,12.294487953186035,12.23543643951416,12.789778709411621,12.797273635864258,11.530538558959961,6.285889625549316,4.057061195373535,6.31329870223999,3.769773006439209,-0.07352183759212494,-1.980456829071045,-3.49212384223938,-4.582154273986816,-3.5496933460235596,-1.8577613830566406,0.12637805938720703,1.7098742723464966,2.6341068744659424
8.076099395751953,10.911701202392578,9.74550724029541,8.445680618286133,9.25831127166748,12.680676460266113,15.412216186523438,16.13484764099121,17.146421432495117,20.175657272338867,22.915348052978516,24.57938575744629,24.763980865478516,19.39608383178711,17.116039276123047,15.661349296569824,14.655588150024414,14.704068183898926,14.651524543762207,13.159449577331543,11.799427032470703,10.681769371032715,8.957355499267578,8.315910339355469,9.257118225097656,11.00270938873291,11.880719184875488,11.579558372497559,12.332881927490234,13.426444053649902,12.26888656616211,6.782165050506592,3.433995246887207,6.351541996002197,4.8645148277282715,1.2807338237762451,-0.6380378007888794,-2.117663621902466,-3.1266112327575684,-2.6346969604492188,-0.7540119290351868,1.229789137840271,2.2822976112365723,2.7360877990722656
6.147197246551514,8.09255599975586,8.736597061157227,9.435230255126953,9.953296661376953,11.649277687072754,14.028548240661621,16.602067947387695,19.409454345703125,22.04179573059082,22.114118576049805,23.72186851501465,24.66034698486328,19.810182571411133,15.904167175292969,14.036473274230957,13.669354438781738,14.067054748535156,13.684588432312012,12.652018547058105,11.014512062072754,10.16920280456543,8.873260498046875,8.09653091430664,8.735772132873535,10.064723014831543,11.201872825622559,11.371783256530762,11.890298843383789,13.234636306762695,12.490396499633789,7.379508018493652,3.2643351554870605,5.623142719268799,5.507534027099609,2.7245171070098877,1.0637847185134888,-0.21534433960914612,-1.0519490242004395,-1.2935782670974731,0.3199506998062134,2.187734842300415,2.6514182090759277,3.028754711151123
5.734399795532227,7.748883247375488,10.351420402526855,11.883671760559082,9.136982917785645,9.844112396240234,14.185867309570312,19.810035705566406,22.586170196533203,22.0654354095459,20.942169189453125,22.691808700561523,23.899856567382812,19.60929298400879,14.892047882080078,13.110703468322754,13.019774436950684,13.717643737792969,13.310389518737793,12.314799308776855,10.505660057067871,9.524375915527344,8.620179176330566,7.942594051361084,8.40845012664795,9.465060234069824,10.66867733001709,11.508402824401855,11.705809593200684,12.610945701599121,12.270060539245605,8.023308753967285,3.540121555328369,4.2391357421875,5.7085137367248535,4.298471450805664,2.7444984912872314,1.0962384939193726,0.38539668917655945,0.13683828711509705,1.0342583656311035,2.421630620956421,2.8600406646728516,3.7922844886779785
5.555484294891357,6.251711845397949,10.707254409790039,13.204290390014648,10.39595890045166,13.385921478271484,19.015357971191406,22.62010383605957,22.643291473388672,20.285676956176758,20.382057189941406,22.241182327270508,22.98308753967285,18.757503509521484,14.515846252441406,13.130630493164062,13.106980323791504,13.735503196716309,14.07673454284668,12.784469604492188,10.70682430267334,9.299015045166016,8.642095565795898,8.301595687866211,8.471027374267578,9.658700942993164,10.691935539245605,11.741320610046387,12.079448699951172,12.462644577026367,12.137447357177734,8.716172218322754,4.296024799346924,3.412595272064209,5.783132553100586,5.598341941833496,4.063660144805908,2.196256399154663,1.6032994985580444,1.6088793277740479,2.1117396354675293,3.0002474784851074,3.791557550430298,5.311525821685791
