data/wind_data/wind_68_7.json
{"header": {"parameterUnit": "KT", "parameterCategory": 2, "nx": 256, "ny": 198, "lo1": 44.73521041870117, "la1": -3.236724853515625, "lo2": 111.26478576660156, "la2": 43.468475341796875, "dx": 0.2609002888202667, "dy": -0.23708222806453705, "refTime": "2025-02-21 20:00:00", "forecastTime": 0, "parameterNumber": 2, "parameterNumberName": "eastward_wind"}, "data":
[rows 120 to 139 of 198, columns 0 to 43 of 256]
134.99053955078125,134.4846954345703,134.8789520263672,135.04051208496094,134.84825134277344,134.7078857421875,134.78684997558594,134.80703735351562,134.50277709960938,133.82794189453125,133.221435546875,133.0648956298828,133.1139373779297,133.1832733154297,133.07923889160156,132.65234375,132.1737060546875,131.89366149902344,131.71424865722656,131.52880859375,131.4387664794922,131.5360870361328,131.86325073242188,132.4057159423828,133.08621215820312,133.55892944335938,133.4467010498047,132.7972412109375,131.86839294433594,130.71603393554688,129.2815399169922,127.52932739257812,125.69892120361328,124.12800598144531,122.7361831665039,121.31718444824219,120.12490844726562,119.29312896728516,118.50004577636719,117.34093475341797,115.66024017333984,113.62045288085938,111.60779571533203,109.9503173828125
137.5684051513672,136.56602478027344,136.70156860351562,136.86441040039062,136.7010498046875,136.65817260742188,136.66954040527344,136.50901794433594,136.1507568359375,135.55929565429688,135.03155517578125,134.78125,134.7523651123047,134.90087890625,134.83041381835938,134.38534545898438,134.06788635253906,134.07130432128906,134.04580688476562,133.77947998046875,133.45135498046875,133.2877655029297,133.43177795410156,133.80331420898438,134.26263427734375,134.477783203125,134.0391082763672,132.94544982910156,131.51663208007812,129.90086364746094,128.09933471679688,126.17211151123047,124.38261413574219,122.91468811035156,121.55084991455078,120.2255859375,119.25347137451172,118.53099822998047,117.5950927734375,116.23041534423828,114.3915786743164,112.27589416503906,110.34735107421875,108.85255432128906
139.94642639160156,138.62384033203125,138.53477478027344,138.59213256835938,138.45147705078125,138.53665161132812,138.56004333496094,138.4105682373047,138.16404724121094,137.6616973876953,137.08473205566406,136.77674865722656,136.84230041503906,137.0284881591797,136.80006408691406,136.33261108398438,136.22003173828125,136.37008666992188,136.3033905029297,135.85064697265625,135.19235229492188,134.6024169921875,134.27157592773438,134.2003936767578,134.27561950683594,134.19662475585938,133.54022216796875,132.23184204101562,130.51748657226562,128.58889770507812,126.57506561279297,124.61791229248047,122.87252044677734,121.43419647216797,120.23188781738281,119.27333068847656,118.5614242553711,117.67469787597656,116.30247497558594,114.63320922851562,112.65254211425781,110.4761734008789,108.6898193359375,107.29022216796875
142.00912475585938,140.55052185058594,140.3767547607422,140.36822509765625,140.25827026367188,140.34413146972656,140.40469360351562,140.39495849609375,140.16915893554688,139.54669189453125,138.8896942138672,138.66000366210938,138.88922119140625,138.9494171142578,138.52102661132812,138.123291015625,138.1570587158203,138.2798614501953,138.03976440429688,137.36163330078125,136.41094970703125,135.4095001220703,134.51873779296875,133.87962341308594,133.42233276367188,132.9285125732422,132.0596160888672,130.68634033203125,128.8824005126953,126.89328002929688,124.95523834228516,123.03715515136719,121.23529815673828,119.84364318847656,118.879638671875,118.24942779541016,117.60025024414062,116.2883529663086,114.41610717773438,112.5799789428711,110.59424591064453,108.43049621582031,106.74711608886719,105.30101776123047
144.42279052734375,142.92526245117188,142.63113403320312,142.482666015625,142.37339782714844,142.45973205566406,142.58639526367188,142.56361389160156,142.16604614257812,141.34471130371094,140.6007843017578,140.43109130859375,140.792236328125,140.7209014892578,140.18893432617188,139.87210083007812,139.87094116210938,139.70608520507812,139.0592041015625,138.02769470214844,136.8076934814453,135.50314331054688,134.17449951171875,132.92578125,131.83412170410156,130.8445587158203,129.78518676757812,128.43865966796875,126.7482681274414,125.01417541503906,123.3310546875,121.45801544189453,119.66938018798828,118.3884048461914,117.5571060180664,116.95206451416016,116.0569076538086,114.29840850830078,112.11804962158203,110.3211898803711,108.59554290771484,106.7034912109375,105.11463165283203,103.5617446899414
147.77003479003906,146.16461181640625,145.5442352294922,144.9842529296875,144.774658203125,144.91607666015625,145.00009155273438,144.77528381347656,144.1302032470703,143.10777282714844,142.21971130371094,141.92652893066406,142.2338409423828,142.0983123779297,141.6039276123047,141.33624267578125,140.98992919921875,140.15631103515625,138.89451599121094,137.5329132080078,136.16693115234375,134.69656372070312,133.08413696289062,131.35641479492188,129.70513916015625,128.28382873535156,127.08621215820312,125.83577728271484,124.46308135986328,123.20477294921875,121.77398681640625,119.9086685180664,118.2520523071289,117.17293548583984,116.31803894042969,115.36016082763672,113.9898452758789,112.05178833007812,109.99484252929688,108.51829528808594,107.38528442382812,105.90689086914062,104.23853302001953,102.3874282836914
150.4634246826172,148.83489990234375,148.09161376953125,147.21534729003906,146.85694885253906,147.008056640625,146.95858764648438,146.4527587890625,145.60243225097656,144.4074249267578,143.32614135742188,142.86148071289062,143.01597595214844,142.8027801513672,142.34149169921875,141.7728729248047,140.7637481689453,139.25022888183594,137.6376953125,136.181396484375,134.70193481445312,133.0391082763672,131.2119140625,129.24969482421875,127.37301635742188,125.8248291015625,124.58950805664062,123.51675415039062,122.6041259765625,121.71146392822266,120.28534698486328,118.44845581054688,117.1156005859375,116.24662017822266,115.1079330444336,113.59398651123047,111.95386505126953,110.33778381347656,108.81978607177734,107.71261596679688,106.96150970458984,105.72671508789062,103.65290069580078,100.62096405029297
151.4790802001953,150.4165496826172,149.99949645996094,149.1214599609375,148.54811096191406,148.56553649902344,148.3265380859375,147.5897216796875,146.50823974609375,145.013427734375,143.66783142089844,143.09036254882812,143.0276641845703,142.5982208251953,141.7499237060547,140.54830932617188,139.0309600830078,137.4394073486328,135.95816040039062,134.4706268310547,132.7535400390625,130.90061950683594,129.0574951171875,127.19571685791016,125.52059936523438,124.19282531738281,123.0054702758789,122.08573913574219,121.4532241821289,120.476806640625,118.93734741210938,117.42146301269531,116.44225311279297,115.44772338867188,113.85823059082031,112.16824340820312,110.80809783935547,109.80378723144531,108.88382720947266,107.78739166259766,106.55123138427734,104.63633728027344,101.26513671875,96.79759216308594
151.55645751953125,151.13026428222656,151.0453338623047,150.21873474121094,149.3695526123047,149.075439453125,148.60482788085938,147.61976623535156,146.14822387695312,144.3679962158203,142.9025115966797,142.24276733398438,141.908447265625,141.09080505371094,139.72850036621094,138.22030639648438,136.89305114746094,135.78558349609375,134.55572509765625,132.95578002929688,131.11215209960938,129.38360595703125,127.79638671875,126.19049835205078,124.78038787841797,123.68209075927734,122.50133514404297,121.46768951416016,120.58068084716797,119.26268768310547,117.96038055419922,117.07752990722656,116.08282470703125,114.6148681640625,112.89363861083984,111.60932922363281,110.89444732666016,110.26892852783203,109.41129302978516,107.82129669189453,105.32755279541016,101.57131958007812,96.7020034790039,92.98603057861328
150.9905548095703,150.5946807861328,150.5490264892578,149.8107147216797,148.8270721435547,148.23919677734375,147.5419464111328,146.30026245117188,144.70863342285156,143.10313415527344,141.78941345214844,141.02120971679688,140.39865112304688,139.24610900878906,137.79428100585938,136.5740966796875,135.7332000732422,134.977783203125,133.87013244628906,132.29957580566406,130.61279296875,129.1327362060547,127.72644805908203,126.2408218383789,124.91191864013672,123.79512023925781,122.44818878173828,121.02430725097656,119.59388732910156,118.18002319335938,117.4040756225586,116.87720489501953,115.57792663574219,113.82571411132812,112.39236450195312,111.6915283203125,111.43128967285156,110.74197387695312,109.30409240722656,106.6239013671875,102.19556427001953,97.20294189453125,93.81107330322266,93.29576873779297
149.86119079589844,149.3206329345703,149.30426025390625,148.75547790527344,147.92239379882812,147.2145538330078,146.2874298095703,145.0672607421875,143.86480712890625,142.68020629882812,141.47715759277344,140.47210693359375,139.48858642578125,138.1754150390625,137.012451171875,136.19049072265625,135.56100463867188,134.78973388671875,133.72283935546875,132.31106567382812,130.84378051757812,129.48114013671875,128.0866241455078,126.63360595703125,125.22777557373047,123.83424377441406,122.18992614746094,120.32820129394531,118.56441497802734,117.32862854003906,116.72521209716797,115.98678588867188,114.60456848144531,113.232421875,112.40044403076172,111.873291015625,111.4233627319336,110.4781265258789,107.91252136230469,103.33570098876953,98.33837890625,95.27699279785156,94.94639587402344,96.08990478515625
148.65493774414062,148.08689880371094,148.21258544921875,147.9972686767578,147.4861297607422,146.76300048828125,145.67599487304688,144.65847778320312,143.82273864746094,142.875732421875,141.6361846923828,140.22381591796875,138.8238067626953,137.61988830566406,136.86367797851562,136.32579040527344,135.71864318847656,134.9063720703125,133.82699584960938,132.46627807617188,131.05960083007812,129.68052673339844,128.2685546875,126.8005142211914,125.13398742675781,123.29496765136719,121.24414825439453,119.02902221679688,117.24946594238281,116.14252471923828,115.32447814941406,114.38990783691406,113.3057632446289,112.64432525634766,112.2821044921875,111.72312927246094,111.35400390625,109.5966796875,104.80066680908203,99.43465423583984,96.71269226074219,96.68486022949219,97.66621398925781,98.03060150146484
147.2996368408203,146.60299682617188,146.76138305664062,147.01113891601562,146.88900756835938,146.31124877929688,145.37911987304688,144.53636169433594,143.8133087158203,142.95977783203125,141.64720153808594,139.83656311035156,138.20571899414062,137.3284454345703,136.96377563476562,136.66427612304688,136.14044189453125,135.31161499023438,133.9427490234375,132.26939392089844,130.6622314453125,129.1869659423828,127.69612121582031,126.0020980834961,123.92847442626953,121.566650390625,119.10395812988281,116.76692199707031,115.02397918701172,114.18213653564453,113.6008071899414,112.68185424804688,111.93084716796875,112.02693176269531,112.15960693359375,112.1031265258789,111.1230239868164,106.83378601074219,101.06179809570312,98.03302764892578,97.85013580322266,98.75108337402344,99.67679595947266,98.70590209960938
146.05050659179688,145.15171813964844,145.38504028320312,145.84494018554688,146.11361694335938,145.98178100585938,145.44412231445312,144.73204040527344,143.9834442138672,143.1009979248047,141.6551513671875,139.58273315429688,137.75755310058594,136.93638610839844,136.86944580078125,136.82643127441406,136.3033905029297,135.01963806152344,133.0199737548828,130.8287811279297,128.9281005859375,127.27845764160156,125.68207550048828,123.8199234008789,121.40605926513672,118.66641998291016,116.01691436767578,113.5234146118164,112.13090515136719,112.32258605957031,112.27703094482422,111.36112976074219,111.22611236572266,112.21253967285156,113.1908187866211,112.55260467529297,108.50379943847656,102.93608093261719,99.78832244873047,99.1722640991211,99.4154281616211,100.54179382324219,101.09393310546875,98.097412109375
144.91783142089844,143.81117248535156,144.0226287841797,144.46339416503906,144.96055603027344,145.39602661132812,145.3362274169922,144.71957397460938,143.8329315185547,142.74180603027344,141.09463500976562,138.8576202392578,136.79519653320312,135.74842834472656,135.67852783203125,135.70030212402344,134.92767333984375,133.08494567871094,130.54014587402344,127.97029113769531,125.88656616210938,124.26309204101562,122.87520599365234,121.078369140625,118.35884857177734,115.45182800292969,112.84585571289062,110.534912109375,110.03816986083984,111.23609161376953,111.58210754394531,111.15946960449219,111.95764923095703,114.0758056640625,114.40562438964844,110.50155639648438,104.85894012451172,101.30360412597656,100.15000915527344,100.13484191894531,101.04430389404297,102.14256286621094,100.54552459716797,96.37409973144531
143.6222381591797,142.33673095703125,142.39610290527344,142.65272521972656,143.11773681640625,143.8560028076172,144.18226623535156,143.7081756591797,142.64718627929688,141.23509216308594,139.40565490722656,137.18197631835938,135.07293701171875,133.7259979248047,133.24493408203125,133.04132080078125,132.1904754638672,130.18682861328125,127.48816680908203,124.97655487060547,123.14161682128906,121.77582550048828,120.5628662109375,118.8218765258789,115.90904235839844,112.87216186523438,110.53849029541016,109.10626220703125,109.62590789794922,110.80957794189453,111.10350036621094,111.89999389648438,114.58567810058594,116.59814453125,113.2678451538086,106.88336181640625,102.52082824707031,100.99661254882812,100.80840301513672,101.4232406616211,102.50697326660156,101.57510375976562,98.68327331542969,96.25906372070312
142.0941162109375,140.6008758544922,140.43113708496094,140.4094696044922,140.6726531982422,141.4544219970703,142.05728149414062,141.77249145507812,140.6190185546875,139.00457763671875,137.15858459472656,135.11163330078125,133.10006713867188,131.5171356201172,130.5103302001953,129.9434356689453,129.22711181640625,127.63227844238281,125.37557220458984,123.42948150634766,122.18643951416016,120.97183990478516,119.43196868896484,117.46246337890625,114.46025848388672,111.31800842285156,109.33236694335938,108.85611724853516,109.59647369384766,110.1534652709961,110.9533462524414,114.0238265991211,118.11885070800781,116.61587524414062,109.84429168701172,104.05537414550781,101.36347198486328,101.08797454833984,102.20236206054688,102.99349975585938,102.10535430908203,99.95794677734375,97.84087371826172,96.13785552978516
140.4685821533203,138.8900604248047,138.61314392089844,138.4065704345703,138.53074645996094,139.2784423828125,140.02951049804688,139.91290283203125,138.82652282714844,137.26243591308594,135.5384063720703,133.58547973632812,131.5418243408203,129.83155822753906,128.63368225097656,127.88360595703125,127.22884368896484,126.19001007080078,124.80868530273438,123.6556396484375,122.69857788085938,120.97323608398438,118.6971435546875,116.54419708251953,113.37189483642578,109.87796020507812,108.37638854980469,108.54759216308594,108.80017852783203,109.49837493896484,112.15229797363281,117.60321044921875,119.69192504882812,114.05716705322266,106.82564544677734,102.59737396240234,101.19007873535156,102.25619506835938,104.11872100830078,103.56049346923828,100.83624267578125,98.55577087402344,97.151611328125,95.82196044921875
138.69578552246094,137.30859375,137.150634765625,136.96981811523438,137.1248321533203,137.8478240966797,138.54388427734375,138.44329833984375,137.49639892578125,136.1203155517578,134.50022888183594,132.4730987548828,130.2934112548828,128.65780639648438,127.7326889038086,127.03047943115234,126.2074966430664,125.37421417236328,124.57740783691406,123.87258911132812,122.84398651123047,120.56719970703125,117.82058715820312,115.57386016845703,111.77422332763672,107.77989196777344,106.98290252685547,107.81620025634766,108.37335968017578,110.38895416259766,115.6775894165039,120.25777435302734,117.74940490722656,110.69493103027344,104.97347259521484,102.25090789794922,102.34803009033203,104.56412506103516,105.1317138671875,102.38810729980469,99.47126007080078,97.94623565673828,96.61898040771484,95.20450592041016
136.9996795654297,135.8388671875,135.80819702148438,135.71548461914062,135.9659881591797,136.6444854736328,137.097900390625,136.85963439941406,136.00135803222656,134.7607879638672,133.1815948486328,131.12890625,128.96292114257812,127.57844543457031,127.0828857421875,126.5027847290039,125.45039367675781,124.47329711914062,123.72672271728516,123.02472686767578,122.06897735595703,119.95310974121094,117.08258056640625,114.00493621826172,109.56475830078125,105.88833618164062,105.85392761230469,107.53680419921875,109.45050811767578,113.76945495605469,119.1177749633789,119.29251098632812,114.21172332763672,108.32034301757812,104.38736724853516,103.30746459960938,105.0066146850586,106.35845184326172,104.12733459472656,100.46841430664062,98.33474731445312,97.33267974853516,95.90071868896484,94.43600463867188
