data/wind_data/wind_17_6.json
{"header": {"parameterUnit": "KT", "parameterCategory": 2, "nx": 256, "ny": 198, "lo1": 44.73521041870117, "la1": -3.236724853515625, "lo2": 111.26478576660156, "la2": 43.468475341796875, "dx": 0.2609002888202667, "dy": -0.23708222806453705, "refTime": "2025-02-19 17:00:00", "forecastTime": 0, "parameterNumber": 2, "parameterNumberName": "eastward_wind"}, "data":
[rows 160 to 179 of 198, columns 90 to 134 of 256]
-9.372307777404785,-13.498988151550293,-8.506102561950684,-8.347187042236328,-8.166983604431152,-6.5233683586120605,-8.116083145141602,-4.750766754150391,2.3506875038146973,6.89802360534668,10.300997734069824,15.072917938232422,13.558126449584961,13.878875732421875,21.511028289794922,28.459808349609375,29.935218811035156,26.845237731933594,24.099979400634766,23.225666046142578,21.158784866333008,17.80691909790039,16.229368209838867,15.89348030090332,19.26386260986328,21.514463424682617,22.148975372314453,23.421337127685547,25.625715255737305,28.493165969848633,30.79808807373047,32.476646423339844,34.6048583984375,37.107513427734375,38.95769500732422,40.058326721191406,40.93354415893555,41.96302795410156,43.614479064941406,45.35740661621094,45.947723388671875,45.44566345214844,43.87425994873047,41.11906051635742,40.029754638671875
-7.659945011138916,-12.427816390991211,-9.4943265914917,-9.733445167541504,-10.129698753356934,-7.119523525238037,-5.5098066329956055,-4.158487319946289,1.5635695457458496,6.029725074768066,10.077560424804688,15.769098281860352,18.61446189880371,19.925973892211914,23.159914016723633,24.644601821899414,23.41487693786621,22.7379150390625,22.29234504699707,21.397502899169922,17.24437141418457,16.267601013183594,18.017541885375977,19.771512985229492,22.482501983642578,24.572038650512695,26.241182327270508,28.0997371673584,29.09438133239746,29.464738845825195,30.19060516357422,31.87232780456543,34.555137634277344,37.271217346191406,39.208797454833984,40.38331985473633,41.562835693359375,43.16758728027344,44.962825775146484,45.63487243652344,44.84386444091797,43.521427154541016,42.47245788574219,41.662540435791016,41.66830825805664
-5.8353800773620605,-10.144201278686523,-9.749988555908203,-10.756606101989746,-10.308858871459961,-6.898060321807861,-2.858931541442871,-0.7440518736839294,2.0870954990386963,4.257789611816406,7.0149641036987305,10.75737476348877,18.072673797607422,23.482715606689453,24.760892868041992,21.50410270690918,18.694311141967773,18.727977752685547,23.97128677368164,23.526473999023438,18.57310676574707,18.85892677307129,21.000490188598633,23.36842155456543,24.13132095336914,24.32756996154785,26.25773811340332,28.640872955322266,29.65951919555664,29.56081199645996,30.26276206970215,32.775386810302734,36.12290954589844,38.7188606262207,40.7906494140625,43.418853759765625,44.98857879638672,46.050559997558594,46.59406661987305,45.57855987548828,43.99790573120117,42.949520111083984,42.659053802490234,43.256893157958984,44.5520133972168
-2.8278040885925293,-6.952791213989258,-8.468446731567383,-9.335379600524902,-7.221460819244385,-3.3571012020111084,0.03137455880641937,1.9827033281326294,3.911665678024292,4.425207614898682,5.265799522399902,5.423430919647217,9.635469436645508,18.187849044799805,23.857419967651367,22.887317657470703,19.417850494384766,18.854215621948242,23.076284408569336,23.890064239501953,22.17667007446289,22.404870986938477,23.06802749633789,24.287891387939453,24.041812896728516,24.299293518066406,26.415531158447266,28.830657958984375,30.03341293334961,30.827848434448242,32.71686935424805,35.522212982177734,38.013641357421875,41.86268997192383,45.98764419555664,47.78852081298828,47.94942092895508,48.2415657043457,48.29185485839844,47.52754211425781,46.23176956176758,45.28157043457031,45.347740173339844,46.295310974121094,47.37913131713867
1.3986072540283203,-2.9872334003448486,-4.944602012634277,-5.242729663848877,-3.033064365386963,0.6882153749465942,2.3439154624938965,3.4919204711914062,4.927144527435303,5.468319416046143,5.260281562805176,6.299524784088135,6.276940822601318,11.394264221191406,17.936044692993164,22.45400619506836,23.29121208190918,22.578691482543945,22.30228042602539,21.816265106201172,22.641754150390625,23.969438552856445,24.775379180908203,25.278362274169922,25.582029342651367,26.37495994567871,28.03605842590332,29.309009552001953,30.89530372619629,33.55205154418945,36.56403732299805,38.502044677734375,41.4449577331543,45.816650390625,47.87632369995117,47.98479461669922,48.033477783203125,48.810115814208984,49.83438491821289,50.20435333251953,49.321041107177734,48.0576057434082,47.74235153198242,48.395633697509766,49.40752029418945
5.148800373077393,1.3807473182678223,0.19651229679584503,-0.4277068078517914,0.7022517323493958,3.975749969482422,4.13509464263916,4.705455780029297,6.023838520050049,7.030832290649414,6.653162479400635,7.89122200012207,8.857067108154297,8.734064102172852,10.849569320678711,16.42026138305664,21.56911277770996,23.936811447143555,22.157804489135742,20.62896728515625,22.0917911529541,24.67125129699707,26.632431030273438,27.841856002807617,28.852237701416016,29.452404022216797,29.64448356628418,30.752126693725586,33.05576705932617,36.49748229980469,38.302085876464844,40.94622039794922,47.071231842041016,48.012359619140625,47.338958740234375,47.794471740722656,48.73046112060547,49.82668685913086,50.6986083984375,50.81441879272461,50.135372161865234,49.57312774658203,49.92497634887695,50.993560791015625,52.2220344543457
8.192018508911133,5.715457916259766,4.8855671882629395,3.8768749237060547,3.8650259971618652,6.121118545532227,6.304066181182861,6.712181091308594,7.156892776489258,9.15368366241455,9.738566398620605,9.600373268127441,10.865666389465332,11.335216522216797,9.875164031982422,11.676983833312988,16.944664001464844,21.62510108947754,22.220888137817383,21.96074867248535,23.298486709594727,25.510696411132812,27.814382553100586,29.945770263671875,31.412572860717773,31.97361183166504,32.28471755981445,33.4102668762207,35.86489486694336,39.13203048706055,40.313045501708984,44.24442672729492,48.74135208129883,48.76488494873047,48.333595275878906,48.711219787597656,49.10581970214844,49.245296478271484,49.596805572509766,50.03995132446289,50.367759704589844,50.97286605834961,51.98711013793945,53.14765930175781,54.24821472167969
10.12847900390625,10.073898315429688,9.604972839355469,7.135427474975586,6.340597152709961,7.782560348510742,8.432732582092285,9.967428207397461,9.267178535461426,10.946478843688965,12.535257339477539,12.82886028289795,13.987493515014648,16.231142044067383,15.215307235717773,13.421028137207031,15.313406944274902,19.605432510375977,22.917043685913086,24.778600692749023,26.209102630615234,27.580801010131836,29.81728172302246,32.153160095214844,33.773956298828125,35.14749526977539,35.74909973144531,36.40221405029297,39.45524597167969,41.154945373535156,42.142478942871094,46.1137809753418,48.76051330566406,49.12501525878906,48.708499908447266,48.35628890991211,48.08966064453125,48.06034851074219,48.70902633666992,49.91971206665039,51.293941497802734,52.45695495605469,53.336483001708984,54.23675537109375,55.34515380859375
11.578925132751465,13.023640632629395,14.216975212097168,11.825749397277832,8.346206665039062,9.222643852233887,10.802862167358398,13.081571578979492,13.659866333007812,13.934212684631348,14.228636741638184,15.010416984558105,17.613441467285156,20.59084701538086,21.27452850341797,19.8155574798584,19.386219024658203,21.347654342651367,24.57393455505371,27.648038864135742,29.54450035095215,30.930124282836914,32.80674743652344,34.98908996582031,37.432498931884766,38.55851364135742,39.24858856201172,41.62136459350586,43.12793731689453,43.62521743774414,45.27220153808594,48.12770080566406,49.761940002441406,50.120914459228516,49.887210845947266,49.65083312988281,49.37576675415039,49.350345611572266,49.91259765625,51.05062484741211,52.33602523803711,53.27434539794922,54.06736755371094,55.24053955078125,56.38201904296875
13.158269882202148,15.687252044677734,17.259319305419922,17.30368995666504,12.137904167175293,10.565866470336914,12.748437881469727,14.901315689086914,17.829763412475586,19.178834915161133,17.624820709228516,16.625850677490234,19.301923751831055,22.555204391479492,25.03125762939453,26.049928665161133,25.977855682373047,26.190595626831055,27.922815322875977,30.27119255065918,32.114349365234375,33.81204605102539,35.6047248840332,38.079986572265625,40.771827697753906,41.48744201660156,43.10691833496094,45.78311538696289,46.07001876831055,46.66300582885742,48.71842956542969,50.627315521240234,51.55966567993164,52.45161819458008,53.1006965637207,52.96375274658203,52.334327697753906,51.80720520019531,51.71458435058594,52.23835754394531,53.092796325683594,54.03361511230469,55.31113052368164,56.579437255859375,57.01753616333008
14.625837326049805,17.744186401367188,20.144163131713867,21.462682723999023,17.12334632873535,13.258363723754883,14.322690963745117,15.885894775390625,19.78120994567871,23.44076919555664,22.8948917388916,20.550052642822266,21.257841110229492,23.77967643737793,26.74667739868164,29.352008819580078,30.93642807006836,31.838226318359375,32.327430725097656,32.91533660888672,34.241939544677734,36.0631217956543,38.022918701171875,40.37675094604492,42.284889221191406,43.40266036987305,45.608154296875,47.145423889160156,47.04888916015625,47.875553131103516,49.9941520690918,51.66179275512695,53.10065841674805,54.71254348754883,55.48520278930664,55.07160568237305,54.07435989379883,53.17493438720703,52.95075988769531,53.43006134033203,54.418575286865234,55.76993942260742,56.82492446899414,56.92831039428711,56.68537139892578
18.145761489868164,18.471067428588867,21.28595733642578,23.594377517700195,21.487760543823242,16.901243209838867,15.713512420654297,17.036582946777344,21.17570686340332,25.708370208740234,27.327665328979492,26.083240509033203,25.36715316772461,26.677152633666992,28.940404891967773,31.60993194580078,34.04085922241211,35.667938232421875,36.033260345458984,36.3664436340332,37.16606903076172,38.197471618652344,39.726497650146484,41.38649368286133,42.5473518371582,43.52816390991211,45.114898681640625,45.63990783691406,46.1712532043457,49.13914108276367,51.647823333740234,52.6407470703125,54.053993225097656,55.615970611572266,56.383541107177734,56.08184051513672,55.251102447509766,54.75181198120117,54.833282470703125,55.41258239746094,56.51618194580078,57.34613037109375,57.06873321533203,56.606082916259766,57.184452056884766
25.334299087524414,21.458778381347656,21.863130569458008,23.998733520507812,24.077238082885742,21.086750030517578,18.132537841796875,17.58277702331543,21.556943893432617,27.536218643188477,30.873342514038086,31.08793067932129,30.49970817565918,31.302457809448242,32.801788330078125,34.55195617675781,36.28782272338867,37.5469970703125,38.58107376098633,39.25819396972656,39.04294967651367,39.507232666015625,41.14189529418945,42.23061752319336,42.46735763549805,42.84053039550781,44.27119445800781,43.852115631103516,45.41905212402344,51.72780227661133,53.94661331176758,53.77988052368164,54.6193733215332,56.02489471435547,56.98091125488281,57.17623519897461,57.15964126586914,57.43190002441406,57.88551712036133,58.52056884765625,58.8963508605957,58.44303894042969,57.85775375366211,58.25001907348633,59.300106048583984
31.975984573364258,27.98663902282715,25.48048210144043,25.467424392700195,25.63215446472168,24.44666290283203,22.259702682495117,19.447404861450195,19.41985321044922,25.506528854370117,32.23925018310547,34.88582992553711,35.51597595214844,36.686954498291016,38.02260208129883,38.478172302246094,38.647708892822266,39.511192321777344,40.806095123291016,40.957923889160156,40.24956130981445,41.218021392822266,42.65762710571289,42.520484924316406,43.01768493652344,43.49164962768555,44.0843391418457,45.44865417480469,49.36412048339844,53.68635940551758,54.52328109741211,54.59287643432617,55.52536392211914,56.86292266845703,57.99496078491211,58.87922668457031,59.790592193603516,60.63124084472656,61.139976501464844,61.020263671875,60.09989547729492,59.15373611450195,59.090721130371094,59.605445861816406,59.93346405029297
34.537296295166016,33.76972961425781,31.578773498535156,29.633214950561523,27.887184143066406,26.719337463378906,25.968294143676758,24.20035743713379,21.082199096679688,21.603069305419922,28.084190368652344,34.45206832885742,38.10041046142578,41.079498291015625,43.53314971923828,42.90693664550781,41.799678802490234,42.18226623535156,43.07777786254883,42.89162063598633,42.95309066772461,44.49456024169922,44.8447380065918,45.01936340332031,46.39186096191406,45.4361686706543,46.80412673950195,51.066810607910156,53.62692642211914,55.043540954589844,55.7603645324707,56.214839935302734,57.00698471069336,58.1583366394043,59.338523864746094,60.33479690551758,61.02300262451172,61.28236770629883,60.9971923828125,60.07709503173828,59.30503463745117,59.39189910888672,59.73545455932617,59.706241607666016,59.56083297729492
33.70892333984375,36.056922912597656,36.47880554199219,35.24387741088867,32.303863525390625,29.32831573486328,28.409616470336914,28.749834060668945,27.301719665527344,24.493925094604492,25.68098258972168,31.18252182006836,36.69453811645508,41.58657455444336,46.004119873046875,46.4403190612793,45.902427673339844,45.68408966064453,45.14777374267578,44.7760009765625,45.73523712158203,46.78385925292969,47.43798828125,49.31262969970703,50.10758972167969,50.74216842651367,53.458770751953125,55.155548095703125,55.770301818847656,56.56760787963867,57.27608108520508,57.724266052246094,58.312896728515625,59.18124008178711,59.99728775024414,60.34700012207031,60.213600158691406,59.931312561035156,59.7203483581543,59.897884368896484,60.535640716552734,60.800567626953125,60.177120208740234,59.38744354248047,59.169002532958984
31.956539154052734,35.76826095581055,38.27268600463867,39.12158966064453,37.75666427612305,34.05429458618164,31.243412017822266,31.550350189208984,32.53499221801758,31.78926658630371,30.887178421020508,33.24995422363281,37.79610061645508,42.399288177490234,46.29034423828125,48.51886749267578,49.48331069946289,48.68510818481445,46.539676666259766,46.41628646850586,47.69071960449219,47.81237030029297,49.6374397277832,51.540557861328125,53.008544921875,54.7546501159668,54.93236541748047,55.387882232666016,56.32476806640625,57.30120849609375,58.02557373046875,58.513816833496094,59.10015869140625,59.8675422668457,60.5295295715332,60.92339324951172,61.35000991821289,61.95856475830078,62.6912727355957,63.36015701293945,63.21870422363281,61.890106201171875,60.235294342041016,59.103187561035156,58.637245178222656
30.557889938354492,34.28881072998047,37.69303894042969,39.82160949707031,40.91582107543945,39.576229095458984,36.306541442871094,34.34823226928711,34.86784362792969,36.695281982421875,37.467105865478516,38.94965744018555,41.80196762084961,44.87996292114258,47.63395690917969,50.04408264160156,51.51069259643555,51.19978332519531,50.1463623046875,50.4596061706543,50.764156341552734,50.69986343383789,52.36465072631836,53.414669036865234,54.55554962158203,54.54357147216797,54.47207260131836,55.35477828979492,56.843299865722656,58.39155197143555,59.59701156616211,60.34778594970703,60.70450973510742,61.004764556884766,61.77057647705078,63.13284683227539,64.66034698486328,65.82925415039062,66.21182250976562,65.55555725097656,64.12081146240234,62.355552673339844,60.41302490234375,58.72673416137695,57.24418640136719
30.510549545288086,33.21728515625,36.45921325683594,39.07794952392578,40.9971923828125,42.21989059448242,41.56587600708008,39.36681365966797,37.719120025634766,38.6884765625,40.7741813659668,42.697261810302734,44.72407913208008,46.99737548828125,49.161224365234375,51.311187744140625,53.14341354370117,53.55145263671875,53.34494400024414,53.875335693359375,54.101688385009766,54.47118377685547,55.20744705200195,55.612003326416016,55.87797164916992,55.908016204833984,56.51010513305664,57.563072204589844,58.78999328613281,60.0287971496582,61.26338577270508,62.47396469116211,63.50103759765625,64.47432708740234,65.64073944091797,66.67689514160156,66.8714599609375,65.82416534423828,64.05305480957031,62.57542037963867,61.468318939208984,59.88794708251953,57.884986877441406,56.20701599121094,54.38294982910156
29.81669044494629,33.282936096191406,36.033843994140625,38.49552917480469,40.37519073486328,41.98896408081055,43.53147888183594,43.87289810180664,42.606788635253906,41.815452575683594,42.79990768432617,44.5392951965332,46.29590606689453,47.930633544921875,49.62395095825195,51.68646240234375,54.074127197265625,55.392704010009766,55.782997131347656,56.31709671020508,56.678802490234375,57.17335891723633,57.594905853271484,58.11855697631836,58.801761627197266,59.50895690917969,60.17490005493164,61.14939498901367,62.25983810424805,63.0794792175293,63.76115417480469,64.49282836914062,65.6959457397461,67.35560607910156,68.60768127441406,68.28143310546875,65.93958282470703,62.47273254394531,59.51521301269531,57.94219970703125,56.85404968261719,55.63553237915039,54.46628952026367,52.90304946899414,51.21004104614258
