data/wind_data/wind_27_4.json
{"header": {"parameterUnit": "KT", "parameterCategory": 2, "nx": 256, "ny": 198, "lo1": 44.73521041870117, "la1": -3.236724853515625, "lo2": 111.26478576660156, "la2": 43.468475341796875, "dx": 0.2609002888202667, "dy": -0.23708222806453705, "refTime": "2025-02-20 03:00:00", "forecastTime": 0, "parameterNumber": 2, "parameterNumberName": "eastward_wind"}, "data":
[rows 0 to 18 of 198, columns 88 to 131 of 256]
-1.7281230688095093,-2.0652575492858887,-1.9477542638778687,-1.609036922454834,-1.880658507347107,-2.3549678325653076,-2.255418062210083,-1.9666024446487427,-1.8691222667694092,-1.7871936559677124,-1.6702861785888672,-1.4391573667526245,-0.9732261300086975,-0.5189676880836487,-0.13610415160655975,0.008024423383176327,-0.17388272285461426,-0.3611728847026825,-0.5126274824142456,-0.7376461625099182,-1.0321420431137085,-1.1462843418121338,-1.1324228048324585,-1.3465332984924316,-1.7066477537155151,-2.0404374599456787,-2.361769437789917,-2.642225980758667,-2.8664510250091553,-2.935911178588867,-3.0550496578216553,-3.532729148864746,-3.894582748413086,-3.7330117225646973,-3.744234800338745,-4.274730682373047,-4.678243160247803,-4.774560928344727,-5.020051956176758,-5.485083103179932,-5.68468713760376,-5.604876518249512,-5.139329433441162,-4.387829303741455
-1.9372276067733765,-2.1097381114959717,-2.045802116394043,-1.9539096355438232,-2.162423610687256,-2.5262045860290527,-2.47339129447937,-2.2102043628692627,-2.148284435272217,-2.1087112426757812,-1.9902640581130981,-1.7082682847976685,-1.0579763650894165,-0.4429979622364044,-0.10910818725824356,-0.11982806771993637,-0.484883189201355,-0.8088686466217041,-1.008446455001831,-1.172288179397583,-1.3564015626907349,-1.3743616342544556,-1.2201730012893677,-1.3022069931030273,-1.6221671104431152,-1.9792975187301636,-2.2696192264556885,-2.5684456825256348,-2.883490562438965,-2.857419013977051,-2.8617568016052246,-3.3491628170013428,-3.75946044921875,-3.786506414413452,-4.04017972946167,-4.720258712768555,-5.004791736602783,-4.887341499328613,-4.970997333526611,-5.188921928405762,-5.455020904541016,-5.59508752822876,-5.1101908683776855,-4.3182759284973145
-2.1516075134277344,-2.268076181411743,-2.2936904430389404,-2.330927610397339,-2.4329428672790527,-2.6650469303131104,-2.7257978916168213,-2.592369318008423,-2.532841920852661,-2.4526567459106445,-2.261847734451294,-1.9265620708465576,-1.27223801612854,-0.658926248550415,-0.3718414902687073,-0.44589319825172424,-0.8574971556663513,-1.2856839895248413,-1.6113377809524536,-1.7421540021896362,-1.7794078588485718,-1.8170669078826904,-1.795083999633789,-1.7972825765609741,-1.8524738550186157,-2.094651699066162,-2.3597395420074463,-2.480602741241455,-2.656191349029541,-2.659306287765503,-2.713949203491211,-3.232492446899414,-3.7127459049224854,-3.802503824234009,-3.994204044342041,-4.5641608238220215,-4.755184650421143,-4.512624263763428,-4.569247722625732,-4.8535332679748535,-5.099636077880859,-5.190131664276123,-4.886157035827637,-4.408149242401123
-2.46907901763916,-2.5944371223449707,-2.643200159072876,-2.6601803302764893,-2.6495370864868164,-2.7442409992218018,-2.88482403755188,-2.8801968097686768,-2.808107376098633,-2.716320276260376,-2.4872424602508545,-2.1349403858184814,-1.5794663429260254,-1.1198900938034058,-0.9160208106040955,-0.964795708656311,-1.2981276512145996,-1.7281956672668457,-2.143113613128662,-2.3148016929626465,-2.2555768489837646,-2.2315285205841064,-2.326425075531006,-2.503563165664673,-2.608154296875,-2.7582180500030518,-2.9801173210144043,-2.9928669929504395,-3.01885724067688,-2.947812795639038,-2.9649181365966797,-3.3255252838134766,-3.690401792526245,-3.794497489929199,-3.942758083343506,-4.399725437164307,-4.522453784942627,-4.245209693908691,-4.324764251708984,-4.697704315185547,-4.854558944702148,-4.744362831115723,-4.528006076812744,-4.284618854522705
-2.673797369003296,-2.832669258117676,-2.7552783489227295,-2.4665329456329346,-2.3595263957977295,-2.4725327491760254,-2.5598747730255127,-2.6236836910247803,-2.538456916809082,-2.71277117729187,-2.4768447875976562,-2.1860134601593018,-1.8802543878555298,-1.8354865312576294,-1.5716729164123535,-1.46588933467865,-1.5911099910736084,-1.932598352432251,-2.5225234031677246,-3.118783950805664,-3.103024959564209,-2.809384822845459,-2.732832670211792,-3.5993614196777344,-4.243156433105469,-3.8737716674804688,-3.9142537117004395,-3.975466728210449,-4.121034622192383,-3.7449238300323486,-3.580364227294922,-3.552584171295166,-3.4579873085021973,-3.5661439895629883,-3.9452731609344482,-4.549944877624512,-4.78418493270874,-4.511535167694092,-4.397556781768799,-4.479421615600586,-4.547316551208496,-4.452546119689941,-4.1318440437316895,-3.767667293548584
-3.132307529449463,-2.9996581077575684,-2.5973401069641113,-2.11279034614563,-2.234555721282959,-2.5652692317962646,-2.4463346004486084,-2.14723539352417,-2.235640525817871,-2.7894210815429688,-2.4361572265625,-1.7824152708053589,-1.799582600593567,-1.6516780853271484,-1.7228907346725464,-2.2159745693206787,-2.2302510738372803,-1.9907435178756714,-2.4926276206970215,-3.207989454269409,-3.1581716537475586,-2.962491512298584,-3.1561169624328613,-4.17084264755249,-5.0007429122924805,-5.461967945098877,-4.669871807098389,-4.401862621307373,-4.865714073181152,-4.411153793334961,-3.823367118835449,-3.794144868850708,-3.715646743774414,-3.786259174346924,-4.1342058181762695,-4.679646015167236,-4.807680130004883,-4.493453502655029,-4.277446269989014,-4.197268009185791,-4.043867588043213,-3.9032485485076904,-3.848391056060791,-3.6875078678131104
-3.7153549194335938,-2.940480947494507,-2.280184507369995,-1.8460112810134888,-2.0002591609954834,-2.030245780944824,-2.0313146114349365,-2.0787973403930664,-2.468068838119507,-2.714899778366089,-2.353147506713867,-1.7021564245224,-1.7907509803771973,-1.8498848676681519,-2.4991698265075684,-2.9255311489105225,-3.350461006164551,-2.8809609413146973,-2.807382345199585,-2.7905349731445312,-2.8411452770233154,-3.0510916709899902,-4.131237983703613,-3.9082980155944824,-5.08831262588501,-6.365638256072998,-5.173332214355469,-4.562176704406738,-4.830277442932129,-4.914214134216309,-4.396324157714844,-3.8888511657714844,-3.701359987258911,-3.538300037384033,-3.7824254035949707,-4.339072227478027,-4.7028069496154785,-4.774808406829834,-4.567071914672852,-4.331146240234375,-4.082805156707764,-3.8564767837524414,-3.9387238025665283,-4.146020889282227
-3.6740052700042725,-3.021531820297241,-2.5599725246429443,-2.2793819904327393,-1.8552610874176025,-1.2600431442260742,-1.5254145860671997,-2.618359327316284,-3.0011494159698486,-2.5532333850860596,-2.511441707611084,-1.9842222929000854,-1.4425715208053589,-1.1595642566680908,-1.6578049659729004,-2.0421223640441895,-4.556487083435059,-3.939354419708252,-3.293571949005127,-2.7329514026641846,-2.097778081893921,-2.4429619312286377,-4.003246307373047,-1.6582896709442139,-3.818556070327759,-5.768138408660889,-5.46042013168335,-4.828143119812012,-4.757814407348633,-4.8969011306762695,-4.615231513977051,-3.991865873336792,-3.7894861698150635,-3.5051374435424805,-3.687476873397827,-4.2665886878967285,-4.82570743560791,-5.010379314422607,-4.834817409515381,-4.484841346740723,-4.1491241455078125,-4.003416538238525,-4.241594314575195,-4.672023296356201
-3.356879949569702,-3.3609354496002197,-3.6117942333221436,-2.78316330909729,-2.114161491394043,-1.4948923587799072,-1.6417003870010376,-2.9066765308380127,-3.2828173637390137,-2.682971477508545,-2.910512924194336,-2.546268939971924,-1.5565731525421143,-0.7020349502563477,-0.9810447096824646,-2.881962299346924,-5.585984230041504,-3.1712493896484375,-3.560396194458008,-2.8978271484375,-1.0837165117263794,0.4039998948574066,1.1768474578857422,-0.38834717869758606,2.20265531539917,-1.3831573724746704,-4.175255298614502,-4.047083854675293,-3.711479902267456,-4.493535995483398,-4.76044225692749,-4.319685459136963,-4.054466724395752,-3.8069777488708496,-3.8094024658203125,-4.334089756011963,-4.969333171844482,-5.147640228271484,-4.870085716247559,-4.320448875427246,-4.008362770080566,-4.0307416915893555,-4.232668876647949,-4.7568159103393555
-3.143050193786621,-3.7513444423675537,-4.38161039352417,-2.4547457695007324,-1.9159868955612183,-2.286613702774048,-2.177886486053467,-4.3557868003845215,-4.082268714904785,-2.596369981765747,-3.3901922702789307,-2.875001907348633,-2.368772506713867,-2.0205936431884766,-0.8487815856933594,-1.0774295330047607,0.637519121170044,-3.02872896194458,-3.806668281555176,-3.5666441917419434,-3.025467872619629,-2.303666591644287,-2.994910478591919,-1.510090708732605,-4.142914772033691,-3.9805221557617188,-4.574319362640381,-3.5469889640808105,-0.907381534576416,-3.7772061824798584,-4.518715858459473,-4.8574748039245605,-4.424762725830078,-4.193798065185547,-4.145150661468506,-4.5730462074279785,-5.177419185638428,-5.456201553344727,-5.028756618499756,-4.03053617477417,-3.587449789047241,-3.7870967388153076,-4.213881015777588,-4.493300914764404
-3.562736988067627,-2.324319362640381,-5.1625776290893555,-0.8788981437683105,-2.3172895908355713,-2.887139081954956,-2.8781638145446777,-4.4308624267578125,-4.051559925079346,-2.5006511211395264,-3.7134430408477783,-2.5561437606811523,-1.9803214073181152,-1.119494915008545,-1.501530408859253,-2.0041139125823975,-2.1187286376953125,-1.6972944736480713,-3.252249002456665,-3.942664861679077,-0.36469337344169617,1.2040902376174927,-1.2380480766296387,-5.222006797790527,-6.618557453155518,-4.671731948852539,-1.5079675912857056,-4.175780773162842,-4.255214214324951,-2.3353054523468018,-4.306389331817627,-5.329887866973877,-5.003117561340332,-4.5954790115356445,-4.588052749633789,-4.850399494171143,-5.403336524963379,-5.71375036239624,-5.095224380493164,-3.8548543453216553,-3.324497699737549,-3.667893171310425,-4.478532791137695,-4.188628196716309
-2.3349380493164062,-2.3704988956451416,-4.813662528991699,-2.997857093811035,-4.054760932922363,-3.6541802883148193,-3.3497257232666016,-4.655359745025635,-3.539703607559204,-0.22578583657741547,-3.60741925239563,-2.9832401275634766,-2.82966685295105,-3.1561062335968018,-3.5531134605407715,-2.789355754852295,-2.4092319011688232,0.6953510046005249,-2.553272247314453,-4.907654285430908,-2.9083645343780518,-2.6243433952331543,-4.782625198364258,-6.038576602935791,-5.575977802276611,-5.291813373565674,-4.348058700561523,-4.857793807983398,-4.4221343994140625,-1.290067195892334,-3.504568338394165,-5.661684989929199,-5.446741104125977,-4.932815074920654,-5.030274391174316,-5.203860282897949,-5.600030422210693,-5.590656280517578,-4.888833045959473,-3.953331470489502,-3.45939564704895,-3.609539031982422,-4.178941249847412,-4.108725547790527
-2.6260757446289062,-3.5112733840942383,-4.834465980529785,-4.193281173706055,-4.573976516723633,-4.462128162384033,-3.2576708793640137,-4.078271389007568,-3.549154043197632,-1.279331088066101,-3.4736900329589844,-3.7008275985717773,-4.424149513244629,-5.053699970245361,-4.600618839263916,-2.99544358253479,-2.411156177520752,-1.2500332593917847,-3.379650354385376,-5.50377082824707,-2.9712717533111572,-2.1439473628997803,-4.431407451629639,-6.6220855712890625,-7.896727561950684,-8.341753005981445,-6.952402591705322,-6.038293361663818,-4.87430477142334,-3.392843008041382,-5.061981678009033,-6.330693244934082,-5.240872859954834,-5.095911502838135,-5.400856971740723,-5.501803398132324,-5.584039688110352,-5.268533706665039,-4.893296241760254,-4.010897159576416,-3.3994107246398926,-3.6993672847747803,-4.323801517486572,-4.71059513092041
-4.077596664428711,-4.8209357261657715,-4.856649875640869,-4.9847612380981445,-6.171824932098389,-6.525800704956055,-4.199660778045654,-4.2675395011901855,-4.3275065422058105,-3.802717447280884,-4.836701393127441,-4.290781497955322,-3.5513484477996826,-6.502593517303467,-5.166374683380127,-3.7188117504119873,-4.743478775024414,-4.823055267333984,-4.643805980682373,-5.16867208480835,-3.7364747524261475,-0.5571274757385254,-1.2890297174453735,-5.646721363067627,-7.576324939727783,-8.301613807678223,-7.539825916290283,-5.597095966339111,-5.922737121582031,-6.244492053985596,-6.321254730224609,-5.893330097198486,-5.102280616760254,-5.2309889793396,-5.588809490203857,-5.4609222412109375,-5.152359485626221,-4.748675346374512,-4.492856502532959,-4.218384742736816,-3.762510299682617,-3.7493109703063965,-4.394230842590332,-5.581450939178467
-5.98101806640625,-6.148307800292969,-5.3538408279418945,-5.442103385925293,-5.861739158630371,-5.830865859985352,-6.5780463218688965,-4.769702911376953,-5.113710880279541,-4.860026836395264,-4.318171501159668,-4.330142498016357,-4.830712795257568,-5.409830093383789,-5.569643020629883,-4.936509132385254,-6.572206020355225,-6.797348976135254,-6.48994255065918,-6.176027774810791,-4.354611396789551,-3.9327986240386963,-6.161624908447266,-6.496907711029053,-6.6978325843811035,-7.150205612182617,-6.31626033782959,-6.232828617095947,-6.337310791015625,-7.123669147491455,-5.671121120452881,-5.070221424102783,-5.616147994995117,-5.649021148681641,-5.7733378410339355,-5.31345796585083,-4.673783302307129,-3.933828830718994,-3.849515199661255,-4.06419038772583,-4.020293712615967,-3.8559372425079346,-4.4705376625061035,-5.757963180541992
-7.568922519683838,-6.93385124206543,-6.042703628540039,-6.475681304931641,-7.1835761070251465,-7.209097385406494,-6.989028453826904,-5.789192199707031,-5.597431182861328,-6.076166152954102,-6.213774681091309,-5.930073261260986,-5.642006874084473,-4.755640029907227,-5.164056301116943,-6.507584571838379,-7.544337749481201,-7.620758533477783,-8.144786834716797,-8.182169914245605,-7.149296283721924,-6.192272663116455,-6.952208042144775,-6.400411605834961,-6.812458038330078,-7.349547863006592,-5.9682536125183105,-5.700075149536133,-6.691745758056641,-6.621233940124512,-5.219258785247803,-5.605129241943359,-5.849467754364014,-5.778443813323975,-6.093821048736572,-5.529600143432617,-4.41874885559082,-3.7295711040496826,-3.532097578048706,-3.826000928878784,-3.9359402656555176,-3.730509042739868,-4.287092208862305,-5.037313461303711
-8.163086891174316,-7.695348739624023,-7.35288143157959,-7.303900718688965,-7.499020576477051,-7.409882545471191,-6.677242755889893,-6.478762149810791,-6.318620681762695,-7.2928314208984375,-8.148370742797852,-7.136459827423096,-5.624664306640625,-5.269448280334473,-5.368368148803711,-6.855375289916992,-6.929189205169678,-7.289707183837891,-7.6934332847595215,-6.098580360412598,-8.044042587280273,-6.391993045806885,-7.490763187408447,-7.949192047119141,-7.819726943969727,-7.804272651672363,-6.22744607925415,-6.749462127685547,-6.864170551300049,-5.723878383636475,-5.656179428100586,-7.169496059417725,-5.804270267486572,-5.728464603424072,-5.310100078582764,-5.435764789581299,-4.758756637573242,-4.039834976196289,-3.640988349914551,-3.504300355911255,-3.8473262786865234,-3.8346824645996094,-4.16832160949707,-4.56563138961792
-8.100807189941406,-8.269025802612305,-8.474381446838379,-8.098742485046387,-7.583842754364014,-7.640756607055664,-6.621385097503662,-6.728750228881836,-7.00286340713501,-7.2807464599609375,-6.9260029792785645,-5.245148658752441,-5.02105712890625,-6.939423084259033,-6.886102199554443,-6.079625129699707,-5.214632034301758,-5.8564839363098145,-3.94482684135437,-7.805019855499268,-5.973474979400635,-6.750985622406006,-5.82049036026001,-7.7465057373046875,-7.565893650054932,-7.758000373840332,-5.091007232666016,-7.665801048278809,-6.894669532775879,-4.713691234588623,-4.444088935852051,-6.845748424530029,-5.245763301849365,-6.399479389190674,-6.380637168884277,-5.463274002075195,-4.6261372566223145,-4.4836273193359375,-4.040634632110596,-3.825549364089966,-3.6311609745025635,-4.015013217926025,-3.4726569652557373,-3.9458487033843994
-7.980307579040527,-8.576661109924316,-8.926210403442383,-8.807190895080566,-8.242087364196777,-8.442118644714355,-7.749719619750977,-7.514805316925049,-7.498138427734375,-7.365213871002197,-7.04699182510376,-6.182198524475098,-4.333032608032227,-7.563737392425537,-8.11728572845459,-5.488790035247803,-5.444197177886963,-4.277309417724609,-7.617750644683838,-6.810292720794678,-6.652846336364746,-6.3449578285217285,-5.3588385581970215,-6.184575080871582,-9.86974811553955,-11.709081649780273,0.7722322344779968,-3.0721945762634277,-8.127457618713379,-5.3652544021606445,-5.768096923828125,-6.517490386962891,-6.381246566772461,-6.71688985824585,-6.933563232421875,-5.025004863739014,-4.90662956237793,-5.2307515144348145,-5.0376996994018555,-4.3433403968811035,-4.071152687072754,-3.6661036014556885,-3.704010486602783,-5.1894307136535645
