data/wind_data/wind_8_5.json
{"header": {"parameterUnit": "KT", "parameterCategory": 2, "nx": 256, "ny": 198, "lo1": 44.73521041870117, "la1": -3.236724853515625, "lo2": 111.26478576660156, "la2": 43.468475341796875, "dx": 0.2609002888202667, "dy": -0.23708222806453705, "refTime": "2025-02-19 08:00:00", "forecastTime": 0, "parameterNumber": 2, "parameterNumberName": "eastward_wind"}, "data":
[rows 152 to 170 of 198, columns 132 to 175 of 256]
31.696640014648438,31.559368133544922,28.264209747314453,22.631927490234375,20.090715408325195,18.79887580871582,21.00734519958496,24.723052978515625,26.723608016967773,25.562719345092773,23.629558563232422,23.831159591674805,23.907859802246094,23.740074157714844,22.50191879272461,20.612459182739258,19.85791015625,19.833650588989258,20.010669708251953,20.00189781188965,20.351530075073242,20.518146514892578,18.244869232177734,20.02285385131836,18.934432983398438,16.347721099853516,19.410383224487305,22.569622039794922,23.173507690429688,23.2535343170166,22.59136199951172,22.840681076049805,23.950023651123047,25.288740158081055,26.317859649658203,26.697036743164062,27.030616760253906,27.55217742919922,28.318920135498047,29.608190536499023,30.63839340209961,30.83394432067871,31.35883140563965,32.45841598510742
30.747940063476562,27.21564292907715,21.443401336669922,17.82909393310547,18.044784545898438,20.182880401611328,23.23122215270996,25.749732971191406,25.841468811035156,22.38138198852539,20.247949600219727,21.113096237182617,21.675373077392578,21.532316207885742,21.087833404541016,21.333341598510742,20.281585693359375,19.905702590942383,21.284563064575195,18.796419143676758,18.232074737548828,19.452272415161133,17.601512908935547,17.928775787353516,18.321043014526367,18.528791427612305,19.925682067871094,21.407981872558594,22.615266799926758,22.79759979248047,23.237951278686523,24.457414627075195,25.8994140625,27.43520164489746,28.33071517944336,28.607385635375977,28.581993103027344,28.843280792236328,29.672632217407227,30.722633361816406,31.8847599029541,32.43524169921875,32.6517448425293,33.203060150146484
26.120380401611328,20.091032028198242,16.910621643066406,18.083341598510742,21.41411781311035,22.072168350219727,21.310453414916992,21.121536254882812,21.875171661376953,18.653087615966797,16.092947006225586,17.09480094909668,18.441946029663086,19.743104934692383,19.83645248413086,18.892147064208984,16.585712432861328,20.30677032470703,19.514591217041016,13.065673828125,12.6862211227417,16.73182487487793,17.05560302734375,17.970645904541016,19.045955657958984,19.927976608276367,20.87881851196289,21.372173309326172,21.570457458496094,22.39419937133789,23.67841148376465,24.99327278137207,26.43375587463379,27.899927139282227,28.803972244262695,29.761474609375,30.368896484375,30.540117263793945,30.786941528320312,32.14527893066406,33.91354751586914,34.10731506347656,33.4564323425293,33.09316635131836
19.880844116210938,14.146958351135254,17.085939407348633,20.76403045654297,24.047958374023438,27.39507293701172,27.28993797302246,24.57227325439453,19.84003257751465,15.489489555358887,15.857501983642578,16.754087448120117,17.78020668029785,19.465940475463867,18.848798751831055,20.182573318481445,23.326641082763672,20.4322509765625,15.133334159851074,13.858179092407227,10.59591007232666,12.704985618591309,16.41943359375,18.4737491607666,20.00942039489746,20.978435516357422,21.637584686279297,21.971559524536133,22.582250595092773,23.56842613220215,24.542613983154297,25.536916732788086,26.619091033935547,28.20514488220215,29.692935943603516,30.913949966430664,31.74496078491211,31.961257934570312,31.908451080322266,32.61152267456055,33.553009033203125,33.784210205078125,33.47147750854492,33.26142883300781
15.998295783996582,11.929441452026367,16.071504592895508,23.121606826782227,26.466007232666016,25.79839515686035,23.836135864257812,20.198867797851562,14.741345405578613,10.396374702453613,9.774606704711914,11.86745834350586,14.618069648742676,16.596574783325195,16.21868896484375,16.170166015625,16.99846649169922,17.37367820739746,17.402034759521484,14.172447204589844,11.741447448730469,12.898686408996582,15.27150821685791,17.518024444580078,19.545299530029297,20.6514892578125,20.723148345947266,20.92279052734375,22.143381118774414,23.765295028686523,24.868148803710938,26.015371322631836,27.683753967285156,29.50210189819336,30.828001022338867,32.453407287597656,33.75039291381836,34.0941162109375,34.025917053222656,34.67375564575195,35.63408660888672,36.036861419677734,35.689857482910156,35.115074157714844
13.394749641418457,12.196074485778809,18.186315536499023,23.347429275512695,24.439334869384766,22.13688850402832,20.16245460510254,16.56694793701172,10.82105541229248,8.02111530303955,9.5535888671875,11.377801895141602,15.986205101013184,16.232240676879883,15.03214168548584,18.462799072265625,21.294660568237305,14.288751602172852,12.627466201782227,13.974319458007812,14.275023460388184,14.993298530578613,15.031792640686035,16.082111358642578,17.441741943359375,17.96498680114746,18.612287521362305,20.438602447509766,22.907190322875977,24.7227840423584,26.252912521362305,28.317628860473633,30.861637115478516,32.05624008178711,32.50320816040039,33.59737014770508,34.083919525146484,34.2221565246582,34.27851867675781,34.86610794067383,35.77094268798828,36.111759185791016,35.9754638671875,35.420928955078125
11.563631057739258,14.065055847167969,20.300451278686523,22.38853645324707,19.48157501220703,16.760597229003906,14.90809440612793,11.801713943481445,7.43732213973999,9.756414413452148,10.726852416992188,12.252058029174805,16.66889762878418,18.870330810546875,16.908308029174805,14.93481159210205,8.826746940612793,4.973855972290039,7.897894859313965,11.135833740234375,10.74950122833252,11.079455375671387,13.426835060119629,14.83703899383545,16.601951599121094,19.076658248901367,22.292585372924805,24.840272903442383,26.656538009643555,28.693578720092773,32.84039306640625,36.23389434814453,37.7713623046875,36.84340286254883,34.39739990234375,33.87291717529297,35.06119155883789,36.702693939208984,37.165401458740234,36.98316192626953,37.56849670410156,37.34081268310547,37.368621826171875,37.63385009765625
12.197787284851074,17.231407165527344,18.633804321289062,14.034896850585938,13.65638256072998,16.137941360473633,14.90827751159668,10.663065910339355,8.417689323425293,12.680459976196289,10.398990631103516,13.07448673248291,13.488945007324219,13.448872566223145,13.762250900268555,13.867701530456543,12.126861572265625,10.587180137634277,11.30285358428955,11.088624954223633,10.921208381652832,12.009512901306152,14.463386535644531,17.759620666503906,22.61321258544922,28.17908477783203,31.619340896606445,33.279842376708984,34.20265579223633,34.72513198852539,35.31488800048828,36.3988037109375,38.470802307128906,40.08720397949219,40.683773040771484,41.552146911621094,44.045562744140625,46.911678314208984,47.81419372558594,45.93181228637695,44.28493118286133,41.998748779296875,38.86147689819336,38.660457611083984
12.937060356140137,14.730188369750977,14.495433807373047,16.522260665893555,18.90608024597168,19.643396377563477,15.788420677185059,11.760181427001953,11.607353210449219,13.744874954223633,12.188990592956543,9.819770812988281,7.7872724533081055,8.50279712677002,10.8838529586792,12.632070541381836,14.716272354125977,15.195923805236816,15.693018913269043,19.44615364074707,22.932592391967773,24.425540924072266,26.017297744750977,27.497314453125,28.27338981628418,28.651819229125977,28.850189208984375,29.61675453186035,31.29111671447754,32.868751525878906,34.842838287353516,37.1263542175293,39.35018539428711,41.4429931640625,43.77804946899414,46.3997802734375,48.27836990356445,49.365901947021484,48.8641357421875,45.82725143432617,42.93925857543945,40.95478439331055,37.65700912475586,36.152164459228516
13.244194030761719,9.45051097869873,17.30837059020996,16.659170150756836,14.902169227600098,12.169645309448242,13.493085861206055,15.937010765075684,14.019047737121582,9.978752136230469,7.399967193603516,6.458966255187988,6.966131687164307,8.282379150390625,12.269070625305176,14.001800537109375,15.71919059753418,18.539485931396484,20.72464370727539,21.76822280883789,21.51580810546875,21.29786491394043,21.504718780517578,22.058740615844727,23.705406188964844,25.859874725341797,28.238557815551758,30.57372283935547,32.582820892333984,34.03326416015625,35.96844482421875,38.421756744384766,40.50112533569336,41.66185760498047,43.22044372558594,44.97476577758789,46.418853759765625,46.90889358520508,42.524009704589844,37.720054626464844,36.86191177368164,37.67681121826172,35.98112106323242,34.67969512939453
14.863565444946289,10.342864036560059,9.461040496826172,12.63365650177002,13.669528007507324,15.349644660949707,16.378883361816406,14.65373420715332,10.987232208251953,7.032197952270508,6.4367594718933105,7.865726947784424,9.660614013671875,10.966866493225098,11.765162467956543,12.488089561462402,14.614510536193848,17.539142608642578,19.707395553588867,20.505277633666992,20.792037963867188,21.234922409057617,21.480175018310547,22.344383239746094,24.088481903076172,26.491594314575195,28.942750930786133,30.610719680786133,31.698238372802734,33.06443405151367,35.11452865600586,38.39052200317383,41.01232147216797,42.10974884033203,43.34706497192383,44.86093521118164,46.73623275756836,45.83641815185547,40.71384048461914,37.256805419921875,37.18376541137695,36.53778839111328,33.722721099853516,33.32243347167969
15.32450008392334,15.033462524414062,12.24512004852295,11.321840286254883,12.156353950500488,15.358627319335938,15.290282249450684,11.295598983764648,8.230716705322266,7.541279315948486,7.934695243835449,8.931659698486328,10.228860855102539,10.28355884552002,9.582090377807617,9.66260051727295,11.236080169677734,13.79958724975586,15.871878623962402,17.007061004638672,18.21188735961914,19.767101287841797,20.947742462158203,22.310047149658203,24.564653396606445,27.300640106201172,29.547365188598633,30.728633880615234,31.46375274658203,32.71772384643555,34.684268951416016,37.596031188964844,40.44367980957031,42.07558059692383,42.873626708984375,44.0781364440918,45.4963264465332,45.778961181640625,45.15011215209961,43.38496398925781,41.17621994018555,37.887481689453125,35.013893127441406,34.64509963989258
13.726485252380371,14.344058990478516,14.011883735656738,13.465227127075195,13.488656044006348,14.062472343444824,11.919309616088867,8.353828430175781,7.96514368057251,9.129703521728516,8.517818450927734,9.679308891296387,11.358367919921875,10.584592819213867,9.074746131896973,8.515296936035156,9.600717544555664,11.839165687561035,13.86606502532959,15.223557472229004,16.76876449584961,18.844682693481445,21.025644302368164,23.02059555053711,25.631101608276367,28.45362091064453,30.278928756713867,31.015954971313477,31.51272201538086,32.75091552734375,34.8243293762207,37.2565803527832,39.663299560546875,41.34147262573242,42.22517776489258,43.413021087646484,44.56697463989258,44.30503845214844,42.44536590576172,41.10471725463867,38.4346809387207,36.05453872680664,36.203739166259766,36.82363510131836
11.861735343933105,13.184043884277344,14.696444511413574,15.296907424926758,14.316405296325684,12.300179481506348,9.126094818115234,7.845221996307373,9.298192024230957,9.77879810333252,10.283926010131836,11.89157485961914,12.210704803466797,10.743844032287598,9.071134567260742,8.775517463684082,9.989605903625488,11.627798080444336,13.170506477355957,14.409261703491211,15.980267524719238,18.119783401489258,20.07967185974121,21.843461990356445,24.759490966796875,28.544374465942383,30.925329208374023,31.583621978759766,31.959571838378906,32.775604248046875,34.3125,36.693603515625,39.190853118896484,40.516849517822266,41.2099609375,41.61104202270508,41.46562576293945,39.65739440917969,36.11080551147461,32.635257720947266,30.15607452392578,27.937679290771484,27.441673278808594,26.02544403076172
13.843697547912598,14.795795440673828,15.894598007202148,16.154787063598633,14.502496719360352,10.491504669189453,7.959631443023682,8.969923973083496,10.174908638000488,11.24853229522705,12.97008991241455,13.801517486572266,12.68624210357666,10.849843978881836,9.844655990600586,10.245657920837402,11.27792739868164,12.517958641052246,13.735555648803711,14.915751457214355,16.609458923339844,18.56195068359375,19.560197830200195,20.082313537597656,22.63447380065918,27.234729766845703,31.176877975463867,32.671669006347656,32.642242431640625,32.525543212890625,32.98981857299805,35.159244537353516,38.330604553222656,39.90169906616211,39.92732238769531,39.062744140625,37.057743072509766,34.35972213745117,31.294782638549805,28.884960174560547,27.98214340209961,27.116207122802734,26.286649703979492,25.80567169189453
15.32155704498291,15.625,16.318397521972656,14.713154792785645,11.931215286254883,9.057392120361328,8.354521751403809,10.264443397521973,12.40609359741211,13.70600700378418,14.295234680175781,13.605524063110352,12.284663200378418,11.560603141784668,11.805947303771973,12.245823860168457,12.888413429260254,13.915506362915039,15.050395965576172,16.372446060180664,18.029504776000977,19.255037307739258,18.98898696899414,18.218782424926758,19.40680503845215,23.73026466369629,29.192138671875,32.6189079284668,32.98702621459961,31.93214225769043,31.47306251525879,32.97049331665039,35.585750579833984,37.73081588745117,38.77671432495117,37.59945297241211,34.15515899658203,31.41459083557129,29.92843246459961,28.207426071166992,26.168031692504883,27.18416404724121,27.619295120239258,26.49469757080078
15.479910850524902,15.324976921081543,15.833312034606934,13.88263988494873,10.47594928741455,9.06057071685791,11.199749946594238,13.28903865814209,13.60971450805664,14.011456489562988,13.847546577453613,13.146407127380371,12.961165428161621,13.314072608947754,13.51094913482666,13.792076110839844,14.62224006652832,15.78538990020752,16.891904830932617,18.137311935424805,19.33362579345703,19.280250549316406,17.878225326538086,16.94558334350586,17.98769187927246,21.16883659362793,26.017688751220703,30.20595932006836,32.017276763916016,31.39044189453125,30.763996124267578,31.837955474853516,33.036136627197266,34.55437088012695,36.015899658203125,34.83251953125,32.16637420654297,30.177087783813477,27.98542022705078,24.67845916748047,21.382566452026367,20.52406883239746,23.958271026611328,26.77408218383789
17.11503791809082,16.209096908569336,15.590842247009277,13.747886657714844,11.093303680419922,11.20563793182373,14.089835166931152,14.325700759887695,14.133230209350586,14.396926879882812,14.257014274597168,13.839417457580566,14.026070594787598,14.453712463378906,14.844062805175781,15.506144523620605,16.602006912231445,17.716630935668945,18.645776748657227,19.67034339904785,19.932157516479492,18.526416778564453,16.68157386779785,16.44509506225586,18.178268432617188,20.775264739990234,23.761821746826172,26.842849731445312,29.36615562438965,30.304948806762695,30.42142677307129,31.243562698364258,31.449533462524414,32.0543212890625,32.72390365600586,31.548351287841797,30.462688446044922,29.3872127532959,26.299612045288086,21.79313087463379,18.943708419799805,20.042125701904297,23.732627868652344,28.944236755371094
19.618343353271484,17.6980037689209,16.150550842285156,14.718045234680176,13.195767402648926,13.699334144592285,14.993980407714844,14.840229034423828,14.393957138061523,14.790205001831055,15.020543098449707,14.877401351928711,15.234143257141113,15.75441837310791,16.293027877807617,17.18953514099121,18.404565811157227,19.35102081298828,20.13482093811035,20.71575355529785,19.674976348876953,17.263412475585938,15.726609230041504,16.477121353149414,18.752439498901367,20.939851760864258,22.629981994628906,24.187837600708008,26.109394073486328,27.578493118286133,28.286075592041016,29.136837005615234,29.99836540222168,30.449350357055664,29.65738296508789,28.4326171875,29.020832061767578,28.852357864379883,25.65049171447754,20.969026565551758,17.01374626159668,19.12711524963379,24.22452163696289,28.995820999145508
