data/wind_data/wind_26_9.json
{"header": {"parameterUnit": "KT", "parameterCategory": 2, "nx": 256, "ny": 198, "lo1": 44.73521041870117, "la1": -3.236724853515625, "lo2": 111.26478576660156, "la2": 43.468475341796875, "dx": 0.2609002888202667, "dy": -0.23708222806453705, "refTime": "2025-02-20 02:00:00", "forecastTime": 0, "parameterNumber": 2, "parameterNumberName": "eastward_wind"}, "data":
[rows 0 to 18 of 198, columns 129 to 171 of 256]
33.2392692565918,32.98186492919922,32.50020217895508,32.27406692504883,32.20862579345703,32.08677291870117,32.034446716308594,32.370182037353516,32.797393798828125,32.86854934692383,32.92334747314453,33.223411560058594,33.60359573364258,34.07194137573242,34.350860595703125,34.268306732177734,34.150333404541016,34.079349517822266,33.87446212768555,33.49287414550781,33.546878814697266,34.03007125854492,34.19050598144531,34.09626388549805,34.01520538330078,33.91857147216797,33.84718322753906,33.68343734741211,33.04802703857422,32.2952766418457,31.812450408935547,31.65081024169922,32.176841735839844,32.6259880065918,32.4902229309082,32.16143035888672,31.74941062927246,31.102367401123047,30.11964988708496,29.460121154785156,29.2032527923584,29.427932739257812,30.095516204833984
34.82486343383789,33.760353088378906,32.73393249511719,32.44373321533203,32.426002502441406,32.32172775268555,32.4439811706543,32.93886947631836,33.17289352416992,33.25286102294922,33.76557540893555,34.385414123535156,34.53606033325195,34.54986572265625,34.568023681640625,34.33943557739258,34.20981979370117,34.41682052612305,34.492897033691406,34.35158157348633,34.51630783081055,34.683494567871094,34.432342529296875,34.31948471069336,34.594078063964844,34.46175765991211,33.95330047607422,33.74629592895508,33.38344955444336,32.75642776489258,32.37298583984375,32.20340347290039,32.338985443115234,32.54157257080078,32.59312438964844,32.72976303100586,32.62578582763672,31.58352279663086,30.19648551940918,29.52749252319336,29.4611759185791,29.824748992919922,30.29143714904785
34.808799743652344,34.019527435302734,33.00692367553711,32.580474853515625,32.512115478515625,32.48370361328125,32.66808319091797,33.067283630371094,33.36541748046875,33.73788070678711,34.21449661254883,34.71584701538086,35.0488395690918,35.006980895996094,34.76176452636719,34.48540496826172,34.40578842163086,34.63759994506836,35.01034927368164,35.26933670043945,35.3438720703125,35.27771759033203,35.01960372924805,34.80860137939453,34.897953033447266,34.84682846069336,34.5572395324707,34.26650619506836,33.768898010253906,33.12158966064453,32.82330322265625,32.788482666015625,32.66828155517578,32.56916427612305,32.720794677734375,32.948795318603516,32.82005310058594,32.03348922729492,31.025136947631836,30.57794761657715,30.65652847290039,30.721172332763672,30.43581199645996
34.22727966308594,33.736026763916016,32.96044921875,32.40598678588867,32.071990966796875,32.05277633666992,32.409053802490234,32.91841125488281,33.277225494384766,33.633235931396484,33.836509704589844,34.12057113647461,34.57865524291992,34.794166564941406,34.69425582885742,34.48995590209961,34.519710540771484,34.8666877746582,35.423622131347656,35.885257720947266,36.01418685913086,35.9499626159668,35.83409118652344,35.65382385253906,35.499488830566406,35.358131408691406,35.24703598022461,34.91025924682617,34.2967529296875,33.76456832885742,33.52492904663086,33.383670806884766,33.093231201171875,32.90964889526367,32.91680145263672,32.886810302734375,32.700138092041016,32.483551025390625,32.18586730957031,31.969358444213867,31.865814208984375,31.33811378479004,30.540512084960938
33.847599029541016,33.92196273803711,33.37001419067383,32.32294845581055,31.28780174255371,30.84283447265625,30.83806800842285,31.190826416015625,31.33910369873047,31.457754135131836,31.460115432739258,31.57442855834961,31.665067672729492,31.52566909790039,31.82840347290039,32.74568176269531,34.08714294433594,35.269859313964844,35.855552673339844,35.958866119384766,36.03956604003906,36.11699295043945,36.08734893798828,36.07106399536133,36.09343338012695,36.154624938964844,36.322052001953125,36.30577087402344,35.93756866455078,35.193092346191406,34.23701477050781,33.94286346435547,34.23701095581055,34.72440719604492,34.34490203857422,33.636749267578125,33.358097076416016,33.595027923583984,33.952613830566406,34.03850555419922,33.22542190551758,31.519929885864258,30.56675148010254
31.602041244506836,32.25674057006836,32.268463134765625,31.719341278076172,30.743364334106445,29.70159912109375,29.60193634033203,30.429189682006836,30.576473236083984,30.13302230834961,30.03289222717285,30.61966323852539,30.55667495727539,29.868980407714844,29.930517196655273,31.333772659301758,33.12329864501953,34.18267059326172,34.58714294433594,34.826927185058594,35.13715362548828,35.290679931640625,35.18575668334961,34.88533020019531,35.03278350830078,35.34410095214844,35.61854553222656,36.05962371826172,35.86494827270508,35.05452346801758,34.273223876953125,34.441898345947266,35.504398345947266,36.576541900634766,36.62380599975586,36.00990676879883,35.461395263671875,35.48403549194336,35.79666519165039,35.589351654052734,34.44243621826172,32.80875778198242,31.924278259277344
28.40812873840332,29.067222595214844,29.405517578125,29.105215072631836,28.187965393066406,27.22928810119629,27.723196029663086,28.993343353271484,29.44388198852539,28.743331909179688,28.595727920532227,29.281749725341797,29.695812225341797,29.500442504882812,29.92738151550293,31.55068016052246,32.99174118041992,33.24538803100586,33.16087341308594,33.45946502685547,34.073551177978516,34.557945251464844,34.423282623291016,33.69111633300781,33.77471923828125,33.983436584472656,34.07040023803711,34.451602935791016,34.394256591796875,33.96223831176758,33.65713882446289,34.15599060058594,35.50310134887695,36.74732971191406,37.527259826660156,37.730247497558594,37.49601745605469,37.362937927246094,37.261260986328125,36.53346633911133,35.27777862548828,33.910213470458984,32.84986114501953
26.93646240234375,27.712444305419922,27.71651840209961,27.00136947631836,26.47907829284668,26.236886978149414,26.603801727294922,27.03647804260254,27.363937377929688,26.6415958404541,26.669803619384766,27.785091400146484,28.6281795501709,28.972246170043945,29.829652786254883,31.627487182617188,33.00246810913086,32.94480895996094,32.760223388671875,33.230857849121094,33.76783752441406,34.208351135253906,34.11445999145508,33.51558303833008,32.89116287231445,32.57958221435547,32.879276275634766,33.1615104675293,33.267539978027344,33.24184036254883,33.20710372924805,33.649436950683594,34.83695983886719,36.17573165893555,37.2650146484375,37.776329040527344,38.01202392578125,38.21026611328125,37.974639892578125,36.91909408569336,35.77423095703125,34.36763000488281,32.779029846191406
27.0858154296875,28.402828216552734,28.783769607543945,28.47838592529297,28.499265670776367,28.22838592529297,27.19427490234375,26.489910125732422,26.64630889892578,26.10051918029785,26.251588821411133,27.659881591796875,28.35561752319336,28.30539321899414,28.87220573425293,30.852272033691406,32.70139694213867,32.86453628540039,32.6531982421875,33.31719970703125,33.920841217041016,34.00740051269531,33.73325729370117,33.63429641723633,32.71037673950195,32.04014205932617,32.08383560180664,32.657379150390625,33.258209228515625,33.36003494262695,33.33237075805664,33.707035064697266,34.57502365112305,35.871543884277344,36.63288116455078,36.82406997680664,37.33640670776367,37.85824966430664,37.77547073364258,36.7581672668457,35.85811996459961,34.49400329589844,31.818212509155273
27.64755630493164,29.147319793701172,30.271812438964844,30.66092872619629,30.889169692993164,29.724979400634766,28.088945388793945,27.098176956176758,26.906457901000977,26.717723846435547,26.95991325378418,28.1453914642334,28.734926223754883,28.02958106994629,28.024717330932617,30.216449737548828,32.25026321411133,32.19203186035156,31.76947593688965,32.21714401245117,32.98739242553711,33.49065017700195,33.6102409362793,33.088768005371094,31.877073287963867,31.46290397644043,32.24209213256836,33.316280364990234,33.639556884765625,33.610992431640625,33.643863677978516,33.92287826538086,34.44532775878906,35.3318977355957,35.73294448852539,35.887901306152344,36.348655700683594,36.723697662353516,36.82487869262695,36.31072235107422,35.36553955078125,33.75017547607422,31.556438446044922
27.851001739501953,28.928089141845703,30.304920196533203,31.394935607910156,31.575380325317383,30.37873077392578,28.57579231262207,27.645139694213867,26.914539337158203,26.646764755249023,26.898618698120117,27.861698150634766,28.83150291442871,28.20812225341797,27.867050170898438,29.657529830932617,31.077238082885742,30.870376586914062,30.628372192382812,30.854198455810547,31.29501724243164,31.958770751953125,32.29637908935547,31.820388793945312,30.892261505126953,30.879676818847656,32.319732666015625,33.60185241699219,33.577232360839844,33.033565521240234,33.0091438293457,33.731407165527344,34.54469299316406,34.681278228759766,34.572174072265625,34.847496032714844,35.1950798034668,35.583106994628906,35.55852127075195,35.25092315673828,34.46369934082031,33.54073715209961,31.19525718688965
26.878971099853516,27.44943618774414,28.973909378051758,30.886249542236328,31.661945343017578,30.418771743774414,28.95458984375,27.45476722717285,26.606842041015625,26.566850662231445,26.59035301208496,27.437288284301758,28.390182495117188,27.600427627563477,27.312732696533203,28.717403411865234,29.604290008544922,29.32444953918457,29.241044998168945,29.546649932861328,29.63564109802246,30.011245727539062,30.292449951171875,30.174222946166992,29.565059661865234,29.701801300048828,31.395503997802734,32.9921875,33.11405563354492,32.06763458251953,31.94783592224121,33.16300582885742,34.2553825378418,33.833168029785156,33.177215576171875,33.62059783935547,34.291343688964844,35.133094787597656,34.8964958190918,34.12190246582031,33.58849334716797,32.84090042114258,31.273183822631836
25.35809326171875,25.608644485473633,27.333219528198242,30.136093139648438,31.684123992919922,30.463037490844727,28.86933135986328,27.3710880279541,26.760578155517578,26.73143768310547,27.181381225585938,27.991106033325195,28.004758834838867,26.938858032226562,26.665721893310547,27.595367431640625,28.35919952392578,28.164175033569336,27.524221420288086,27.616840362548828,27.811603546142578,28.112428665161133,28.606815338134766,29.162626266479492,29.17892837524414,29.36058235168457,30.376001358032227,31.495222091674805,31.76667022705078,31.16477394104004,31.537199020385742,32.84517288208008,33.35194396972656,32.84300231933594,31.78228187561035,31.742006301879883,32.765594482421875,33.943050384521484,34.71719741821289,33.83141326904297,32.8454475402832,32.40231704711914,31.364349365234375
24.60444450378418,24.831958770751953,27.042112350463867,29.91851043701172,31.12484359741211,30.143878936767578,28.386552810668945,27.21522331237793,26.85359001159668,27.34577751159668,28.909528732299805,29.00011444091797,27.858583450317383,27.118614196777344,26.990407943725586,27.103288650512695,27.349706649780273,27.608613967895508,26.854902267456055,25.826326370239258,25.476587295532227,25.91360855102539,27.11996841430664,28.618844985961914,29.850177764892578,30.32421112060547,30.451950073242188,30.47780418395996,30.184804916381836,30.277301788330078,31.28271484375,32.736690521240234,33.112571716308594,32.75881576538086,31.76418113708496,30.37253189086914,30.47972297668457,31.88703155517578,33.410919189453125,33.66427230834961,32.50189208984375,32.06710433959961,32.428836822509766
25.647464752197266,25.780681610107422,27.222421646118164,29.14190673828125,29.75037384033203,29.192598342895508,27.49643325805664,26.816505432128906,26.900524139404297,27.777875900268555,29.18529510498047,29.019123077392578,28.188541412353516,28.298643112182617,28.349428176879883,27.397396087646484,26.850557327270508,27.553213119506836,27.420068740844727,25.720409393310547,24.16615867614746,24.045089721679688,25.359848022460938,26.846776962280273,28.74275779724121,30.081157684326172,30.987947463989258,31.115785598754883,30.070228576660156,29.77886199951172,30.97887420654297,32.29977798461914,33.055824279785156,32.402679443359375,31.411394119262695,30.683422088623047,29.144996643066406,30.8294677734375,32.05388259887695,33.315914154052734,33.28206253051758,32.56134033203125,32.61634826660156
27.572908401489258,27.05242156982422,26.747583389282227,27.787925720214844,28.117685317993164,27.312786102294922,26.950593948364258,26.748842239379883,26.462644577026367,26.640945434570312,27.38343048095703,27.63858985900879,28.305479049682617,29.558727264404297,29.573184967041016,27.769996643066406,27.075735092163086,27.70377540588379,27.624624252319336,26.08565902709961,24.628494262695312,24.246734619140625,24.46991539001465,24.77869987487793,26.223278045654297,28.14499282836914,30.15891456604004,31.0811767578125,30.145021438598633,29.616992950439453,30.943777084350586,31.79825782775879,31.851884841918945,31.247785568237305,30.289304733276367,29.712078094482422,29.30901336669922,29.76694107055664,30.293529510498047,31.95588493347168,33.099674224853516,32.52713394165039,32.09191131591797
28.24260711669922,27.34561538696289,26.775768280029297,27.10443687438965,27.319211959838867,26.632190704345703,26.839448928833008,26.89708137512207,26.401531219482422,25.68720054626465,25.738550186157227,26.546152114868164,27.834508895874023,28.66794776916504,29.176513671875,27.906946182250977,27.37713623046875,28.187314987182617,27.64801025390625,25.976037979125977,25.21507453918457,25.423675537109375,25.168561935424805,24.630334854125977,24.900659561157227,26.585084915161133,28.58869171142578,30.090835571289062,29.582094192504883,29.008758544921875,30.449926376342773,32.11042785644531,31.098726272583008,29.6995849609375,29.1156063079834,28.929811477661133,28.574445724487305,28.051864624023438,28.799570083618164,30.788188934326172,32.490570068359375,31.910717010498047,31.12619972229004
27.98654556274414,27.211139678955078,27.813819885253906,28.02462387084961,27.8909969329834,27.735122680664062,28.020809173583984,28.438133239746094,27.824138641357422,27.14997100830078,26.43954086303711,26.928634643554688,27.026748657226562,26.838144302368164,27.407930374145508,27.252897262573242,26.87141227722168,27.29235076904297,26.83632469177246,26.336244583129883,25.50421905517578,25.451637268066406,25.74838638305664,26.34722328186035,25.719820022583008,26.35432243347168,27.477083206176758,29.680824279785156,29.794918060302734,28.268871307373047,29.527204513549805,31.990507125854492,31.423147201538086,29.116121292114258,28.10317039489746,28.185983657836914,27.897531509399414,27.52989387512207,29.031713485717773,31.193706512451172,31.78742790222168,30.390958786010742,29.49287223815918
27.913707733154297,27.58881187438965,28.242223739624023,28.48167610168457,28.34088134765625,29.660757064819336,31.180240631103516,31.209430694580078,29.2198486328125,28.467363357543945,27.409151077270508,27.690486907958984,27.714534759521484,27.853832244873047,27.158802032470703,27.08360481262207,27.371971130371094,26.197107315063477,25.348588943481445,25.37835121154785,24.286649703979492,23.827829360961914,25.36052894592285,27.640499114990234,27.237680435180664,28.763023376464844,27.530040740966797,28.167871475219727,28.752439498901367,27.95477867126465,29.626657485961914,32.63899612426758,32.03609848022461,28.62117576599121,27.838315963745117,27.911888122558594,27.139490127563477,27.649309158325195,30.199533462524414,32.37847900390625,31.21774673461914,29.65033531188965,29.276107788085938
