data/wind_data/wind_32_6.json
{"header": {"parameterUnit": "KT", "parameterCategory": 2, "nx": 256, "ny": 198, "lo1": 44.73521041870117, "la1": -3.236724853515625, "lo2": 111.26478576660156, "la2": 43.468475341796875, "dx": 0.2609002888202667, "dy": -0.23708222806453705, "refTime": "2025-02-20 08:00:00", "forecastTime": 0, "parameterNumber": 2, "parameterNumberName": "eastward_wind"}, "data":
[rows 100 to 119 of 198, columns 0 to 44 of 256]
91.81693267822266,90.98204803466797,90.60076904296875,90.12633514404297,89.28135681152344,88.49788665771484,87.7894058227539,87.1810531616211,86.88538360595703,86.78112030029297,86.64517974853516,86.30715942382812,85.8421859741211,85.65174102783203,86.05876159667969,86.91312408447266,87.75628662109375,88.21881866455078,88.22525787353516,87.89268493652344,87.35250854492188,86.7396469116211,86.21846771240234,85.88690948486328,85.69649505615234,85.48564147949219,85.1444320678711,84.66114044189453,84.16190338134766,83.81192779541016,83.68331909179688,83.68348693847656,83.6913833618164,83.64856719970703,83.52105712890625,83.291259765625,82.97896575927734,82.70685577392578,82.65138244628906,82.79454803466797,82.87981414794922,82.72937774658203,82.40898132324219,82.09619140625,81.88304138183594
94.06256866455078,93.14006805419922,92.84751892089844,92.50881958007812,91.6636962890625,90.945556640625,90.30943298339844,89.48118591308594,89.13157653808594,89.3318862915039,89.52847290039062,89.31753540039062,88.6901626586914,88.21195983886719,88.3740463256836,89.052001953125,89.78160095214844,90.19734191894531,90.22827911376953,89.96845245361328,89.51553344726562,89.00504302978516,88.589111328125,88.36077117919922,88.25643920898438,88.10075378417969,87.71916198730469,87.12313079833984,86.42924499511719,85.84086608886719,85.54388427734375,85.52350616455078,85.58124542236328,85.55075073242188,85.41869354248047,85.22653198242188,84.96994018554688,84.70026397705078,84.5634536743164,84.57929992675781,84.58548736572266,84.41930389404297,84.11483764648438,83.83060455322266,83.62274169921875
95.7278823852539,94.63670349121094,94.31462860107422,94.1039810180664,93.38628387451172,92.75938415527344,92.24166107177734,91.39979553222656,91.02556610107422,91.31207275390625,91.6008529663086,91.49400329589844,90.96891784667969,90.48826599121094,90.49146270751953,90.92845153808594,91.43896484375,91.72746276855469,91.7166748046875,91.47282409667969,91.13865661621094,90.82005310058594,90.55984497070312,90.39815521240234,90.31922912597656,90.18824768066406,89.8886489868164,89.39131927490234,88.7541732788086,88.11540222167969,87.66011047363281,87.4610595703125,87.3633041381836,87.20775604248047,86.99718475341797,86.81551361083984,86.69615936279297,86.60860443115234,86.52494812011719,86.40350341796875,86.20036315917969,85.88886260986328,85.55326843261719,85.31250762939453,85.17066955566406
97.45439147949219,96.2303466796875,95.84911346435547,95.64344024658203,94.90860748291016,94.2127914428711,93.73033905029297,92.95181274414062,92.51753234863281,92.74353790283203,93.00294494628906,93.01129150390625,92.81390380859375,92.52886199951172,92.4012451171875,92.57918548583984,92.90717315673828,93.089599609375,92.9500732421875,92.59251403808594,92.3082504272461,92.17201232910156,92.03691101074219,91.87728881835938,91.75189208984375,91.60979461669922,91.37174224853516,91.02571105957031,90.58942413330078,90.13401794433594,89.77796173095703,89.54884338378906,89.30459594726562,88.91116333007812,88.46702575683594,88.17045593261719,88.10437774658203,88.15151977539062,88.12667846679688,87.94341278076172,87.62850952148438,87.25920867919922,86.95911407470703,86.8189468383789,86.72727966308594
99.51756286621094,98.41340637207031,97.92142486572266,97.46395111083984,96.52715301513672,95.59825897216797,94.89922332763672,93.9660873413086,93.34280395507812,93.46172332763672,93.74563598632812,93.89547729492188,93.97737884521484,93.8811264038086,93.66382598876953,93.61251068115234,93.81939697265625,93.97390747070312,93.72652435302734,93.2063217163086,92.87423706054688,92.84040832519531,92.81500244140625,92.67599487304688,92.50069427490234,92.31460571289062,92.10712432861328,91.91010284423828,91.73883819580078,91.58341979980469,91.43121337890625,91.21218872070312,90.8206558227539,90.24262237548828,89.64997863769531,89.27503967285156,89.21533203125,89.33413696289062,89.3836441040039,89.20367431640625,88.84722900390625,88.48233795166016,88.2884750366211,88.28678894042969,88.2297592163086
100.41230773925781,99.65735626220703,99.27012634277344,98.80615997314453,97.88459777832031,96.72356414794922,95.65299987792969,94.42463684082031,93.61544799804688,93.7592544555664,94.20692443847656,94.41757202148438,94.49512481689453,94.43346405029297,94.17958068847656,93.97943878173828,94.0373306274414,94.08833312988281,93.7260513305664,93.11566162109375,92.78138732910156,92.74937438964844,92.67129516601562,92.49368286132812,92.3145980834961,92.11216735839844,91.85546112060547,91.66847229003906,91.67840576171875,91.81663513183594,91.87318420410156,91.65133666992188,91.12759399414062,90.50320434570312,90.0028305053711,89.69667053222656,89.54963684082031,89.50452423095703,89.5020523071289,89.4339828491211,89.25615692138672,89.0184097290039,88.92543029785156,89.10670471191406,89.21258544921875
99.53437805175781,99.33792114257812,99.31847381591797,99.21517944335938,98.44625854492188,97.02202606201172,95.5506591796875,94.11038208007812,93.36660766601562,93.77828979492188,94.30364227294922,94.32612609863281,94.25143432617188,94.17316436767578,93.89749145507812,93.634521484375,93.58485412597656,93.44302368164062,92.95262145996094,92.43579864501953,92.25138092041016,92.19377136230469,91.94649505615234,91.63613891601562,91.43331146240234,91.25216674804688,90.96675872802734,90.7381362915039,90.77704620361328,91.05130767822266,91.29039001464844,91.13465881347656,90.56886291503906,89.97136688232422,89.60885620117188,89.41472625732422,89.2029037475586,88.95197296142578,88.81287384033203,88.79747009277344,88.81224060058594,88.86741638183594,89.14320373535156,89.7713851928711,90.21859741210938
98.5911865234375,98.53642272949219,98.73654174804688,98.96659088134766,98.34491729736328,96.73384857177734,94.90032196044922,93.40795135498047,92.96346282958984,93.3673095703125,93.54511260986328,93.35734558105469,93.23860931396484,93.16731262207031,92.94664764404297,92.77014923095703,92.65365600585938,92.3164291381836,91.77133178710938,91.42516326904297,91.39519500732422,91.33325958251953,91.06282806396484,90.7161636352539,90.435302734375,90.16643524169922,89.89532470703125,89.73103332519531,89.76844024658203,90.00527954101562,90.2764892578125,90.23966217041016,89.8163833618164,89.30282592773438,88.9496078491211,88.75800323486328,88.5936279296875,88.40109252929688,88.26610565185547,88.29908752441406,88.52269744873047,88.85920715332031,89.36139678955078,90.23817443847656,90.62886810302734
98.04663848876953,97.55047607421875,97.7080307006836,98.19633483886719,97.95021057128906,96.4446792602539,94.43730163574219,93.114013671875,92.86199951171875,92.81353759765625,92.58855438232422,92.3896713256836,92.25370788574219,92.215087890625,92.25116729736328,92.3171157836914,92.1351089477539,91.54784393310547,90.84341430664062,90.44448852539062,90.35337829589844,90.29619598388672,90.0943832397461,89.82007598876953,89.58853912353516,89.30699157714844,88.95632934570312,88.6862564086914,88.5988540649414,88.64921569824219,88.775146484375,88.79104614257812,88.62437438964844,88.39462280273438,88.18000793457031,87.93949890136719,87.65813446044922,87.42041778564453,87.23241424560547,87.05764770507812,86.91996002197266,87.0327377319336,87.57123565673828,88.49093627929688,88.83802032470703
97.79673767089844,96.97322082519531,96.9660873413086,97.51553344726562,97.66195678710938,96.44322204589844,94.45467376708984,93.2303237915039,93.0528564453125,92.83439636230469,92.473388671875,92.32606506347656,92.30347442626953,92.374267578125,92.63282775878906,92.87467193603516,92.62541961669922,91.7754898071289,90.804931640625,90.150634765625,89.78517150878906,89.55760955810547,89.32611083984375,89.05067443847656,88.76485443115234,88.41277313232422,87.8404769897461,87.2781753540039,87.02384185791016,87.02307891845703,87.13581848144531,87.24286651611328,87.30058288574219,87.24724578857422,87.00355529785156,86.57604217529297,86.0582504272461,85.56371307373047,85.31475067138672,85.59131622314453,86.2005386352539,86.21908569335938,86.52092742919922,87.51719665527344,87.96841430664062
97.97088623046875,97.10246276855469,96.94293975830078,97.24860382080078,97.55610656738281,96.6518783569336,94.75404357910156,93.5322036743164,93.447998046875,93.31391906738281,92.93305206298828,92.90777587890625,93.16993713378906,93.46929168701172,93.8725814819336,94.12399291992188,93.822509765625,92.82386016845703,91.70681762695312,90.86913299560547,90.25537872314453,89.7269515991211,89.212158203125,88.98761749267578,88.65748596191406,87.96857452392578,87.06723022460938,86.22377014160156,85.53994750976562,85.02960968017578,84.86378479003906,85.04733276367188,85.44755554199219,85.8387680053711,85.98540496826172,85.75592041015625,85.2425765991211,84.66272735595703,84.22710418701172,84.11679077148438,84.0951919555664,84.15884399414062,85.02296447753906,85.60327911376953,85.9321517944336
98.37705993652344,97.36241912841797,97.04794311523438,97.12518310546875,97.47212982177734,96.8094711303711,95.20784759521484,94.1342544555664,93.87425994873047,93.50366973876953,93.18904113769531,93.40172576904297,93.83546447753906,94.29905700683594,94.81930541992188,95.0418930053711,94.73943328857422,93.88550567626953,92.90518951416016,92.10682678222656,91.4734878540039,90.59807586669922,89.83802795410156,89.56166076660156,89.1311264038086,88.1912612915039,86.9719467163086,85.90125274658203,85.06623840332031,84.33470153808594,83.88101196289062,83.80231475830078,83.98345947265625,84.35372161865234,84.64962768554688,85.08385467529297,84.71086883544922,84.06979370117188,83.83726501464844,83.66432189941406,84.40147399902344,84.10511016845703,83.71783447265625,83.75130462646484,83.58187103271484
99.05548858642578,97.65611267089844,97.05033111572266,97.00151062011719,97.28624725341797,96.88841247558594,95.90941619873047,94.96111297607422,94.05528259277344,93.31575012207031,93.2124252319336,93.50241088867188,93.75374603271484,94.17489624023438,94.78164672851562,94.9596939086914,94.705078125,94.17811584472656,93.51205444335938,92.94965362548828,92.41988372802734,91.50642395019531,90.59310913085938,90.16633605957031,89.68509674072266,88.68516540527344,87.46483612060547,86.41151428222656,85.5821304321289,84.81021118164062,84.1603012084961,83.79631805419922,83.82246398925781,84.07391357421875,84.61402130126953,85.23995971679688,84.98800659179688,84.3841323852539,83.9298095703125,83.77717590332031,84.03800201416016,83.77519226074219,83.38375091552734,83.3359375,83.3135757446289
99.61402893066406,97.97319030761719,97.13958740234375,96.92205810546875,97.13109588623047,97.18620300292969,96.79236602783203,95.68490600585938,94.15533447265625,93.22280883789062,93.19192504882812,93.29801940917969,93.24894714355469,93.46825408935547,93.9008560180664,94.06395721435547,93.97657775878906,93.76151275634766,93.35356903076172,92.88072204589844,92.48707580566406,91.89971923828125,91.1343765258789,90.46263885498047,89.7914810180664,88.97151947021484,88.0865707397461,87.2275161743164,86.35723114013672,85.5691909790039,84.8971176147461,84.49215698242188,84.45446014404297,84.73458862304688,85.29244232177734,85.81640625,85.74369812011719,85.2198257446289,84.65695190429688,84.31800842285156,84.12149047851562,83.82058715820312,83.57229614257812,83.59368133544922,83.48954010009766
99.51654052734375,98.05320739746094,97.26976776123047,96.91748046875,97.30706024169922,97.85037231445312,97.70272827148438,96.47779846191406,94.75302124023438,93.66838836669922,93.37249755859375,93.15086364746094,92.77367401123047,92.64083862304688,92.80327606201172,92.9693374633789,92.97395324707031,92.91416931152344,92.66719055175781,92.25333404541016,91.99967193603516,91.6998062133789,91.11678314208984,90.30713653564453,89.5394287109375,88.9583511352539,88.38756561279297,87.62377166748047,86.69445037841797,85.84830474853516,85.20097351074219,84.89344787597656,85.00848388671875,85.44741821289062,85.98440551757812,86.29015350341797,86.19329833984375,85.80413055419922,85.48129272460938,85.2669677734375,84.9903793334961,84.62265014648438,84.39508056640625,84.56858825683594,84.49503326416016
98.9932861328125,97.94617462158203,97.33199310302734,96.99052429199219,97.67584228515625,98.45112609863281,98.42794036865234,97.46602630615234,96.0322036743164,94.88410949707031,94.12921142578125,93.39022064208984,92.65350341796875,92.19254302978516,92.04348754882812,91.99718475341797,91.99916076660156,92.09252166748047,91.89185333251953,91.54736328125,91.39442443847656,91.16069793701172,90.57776641845703,89.77450561523438,89.07716369628906,88.60688781738281,88.15123748779297,87.43416595458984,86.438232421875,85.52446746826172,85.02135467529297,84.98528289794922,85.29246520996094,85.77416229248047,86.2824935913086,86.53733825683594,86.29129028320312,85.75592803955078,85.37079620361328,85.19132995605469,85.01859283447266,84.76744842529297,84.66433715820312,85.06490325927734,85.15129852294922
97.97720336914062,97.29747009277344,96.95977020263672,96.86992645263672,97.71154022216797,98.4814682006836,98.62513732910156,98.20183563232422,97.4112777709961,96.39735412597656,95.17797088623047,93.9215087890625,93.00480651855469,92.3970947265625,91.9072265625,91.5340576171875,91.42139434814453,91.52828216552734,91.4502182006836,91.19754028320312,90.97940063476562,90.63970947265625,90.09441375732422,89.42896270751953,88.72972106933594,88.15870666503906,87.66239166259766,86.94583892822266,85.9679183959961,85.11773681640625,84.77055358886719,84.94367218017578,85.33995819091797,85.7842025756836,86.25917053222656,86.48676300048828,86.05952453613281,85.14265441894531,84.3580093383789,84.01905822753906,83.95586395263672,83.86836242675781,83.82325744628906,84.07843780517578,84.0611801147461
96.6993179321289,96.1806411743164,96.15226745605469,96.45869445800781,97.41210174560547,98.143798828125,98.5000991821289,98.62960052490234,98.3640365600586,97.35253143310547,95.80278015136719,94.35652923583984,93.45864868164062,92.834228515625,92.19894409179688,91.69953155517578,91.48076629638672,91.41595458984375,91.34867095947266,91.2120590209961,90.91895294189453,90.47525024414062,89.98345947265625,89.44017028808594,88.69520568847656,87.90509033203125,87.26681518554688,86.56330871582031,85.74285125732422,85.09960174560547,84.82926940917969,84.8805160522461,85.10284423828125,85.4454116821289,85.88597106933594,86.07685089111328,85.56282043457031,84.4482192993164,83.36577606201172,82.7721939086914,82.57613372802734,82.45536804199219,82.36902618408203,82.39179229736328,82.27083587646484
96.15653991699219,95.3778076171875,95.30130767822266,95.77445983886719,96.77684020996094,97.59685516357422,98.26271057128906,98.77489471435547,98.63654327392578,97.5281753540039,95.96378326416016,94.60354614257812,93.67178344726562,92.97853088378906,92.39093017578125,91.972900390625,91.68549346923828,91.47044372558594,91.40254974365234,91.3614730834961,91.11874389648438,90.67191314697266,90.16803741455078,89.56017303466797,88.71998596191406,87.81208801269531,87.00108337402344,86.21002960205078,85.56512451171875,85.23820495605469,85.17096710205078,85.2472152709961,85.3484115600586,85.53961181640625,85.78426361083984,85.7940444946289,85.23127746582031,84.1803207397461,83.0224609375,82.11996459960938,81.58983612060547,81.37615966796875,81.37263488769531,81.3919448852539,81.23591613769531
96.11042022705078,94.90279388427734,94.60771179199219,95.049072265625,96.03617858886719,97.02471160888672,97.94549560546875,98.5326919555664,98.3204116821289,97.2923355102539,95.9769515991211,94.773681640625,93.7579345703125,92.9131088256836,92.30317687988281,91.87591552734375,91.50407409667969,91.28384399414062,91.28746795654297,91.32649993896484,91.22928619384766,90.90545654296875,90.35479736328125,89.54141235351562,88.51148986816406,87.52665710449219,86.67478942871094,85.97648620605469,85.61065673828125,85.61149597167969,85.81732940673828,86.02581787109375,86.15180969238281,86.22945404052734,86.13957977294922,85.84648132324219,85.32987976074219,84.520751953125,83.4629898071289,82.44595336914062,81.80216979980469,81.62847137451172,81.7802505493164,81.92818450927734,81.75436401367188
