data/wind_data/wind_64_2.json
{"header": {"parameterUnit": "KT", "parameterCategory": 2, "nx": 256, "ny": 198, "lo1": 44.73521041870117, "la1": -3.236724853515625, "lo2": 111.26478576660156, "la2": 43.468475341796875, "dx": 0.2609002888202667, "dy": -0.23708222806453705, "refTime": "2025-02-21 16:00:00", "forecastTime": 0, "parameterNumber": 2, "parameterNumberName": "eastward_wind"}, "data":
[rows 133 to 151 of 198, columns 86 to 128 of 256]
21.15753746032715,12.557167053222656,6.658033847808838,10.186684608459473,13.699344635009766,14.790684700012207,15.569652557373047,14.863448143005371,13.740523338317871,13.1509370803833,13.276415824890137,12.137269973754883,8.595754623413086,2.9487664699554443,0.48904216289520264,1.2537270784378052,2.8726320266723633,3.410338878631592,3.8211023807525635,3.012162208557129,1.9483331441879272,2.0003890991210938,3.8123111724853516,4.5084333419799805,5.672554016113281,6.28341817855835,7.094742298126221,6.344061851501465,4.820333957672119,4.758593559265137,5.650493144989014,5.192117691040039,4.76902961730957,4.390536308288574,3.8421976566314697,5.25684928894043,7.163240909576416,8.374467849731445,10.342188835144043,9.958735466003418,6.488957405090332,2.233274459838867,-4.167647838592529
13.7797269821167,13.723488807678223,12.079670906066895,13.69389820098877,9.225131034851074,7.9394612312316895,11.62006950378418,12.971292495727539,13.647775650024414,14.117657661437988,14.199570655822754,12.95388126373291,9.999134063720703,3.9372096061706543,1.6815910339355469,1.452452301979065,4.217034816741943,4.4154953956604,4.902767658233643,3.492284059524536,2.768446445465088,2.861835479736328,3.703033447265625,4.472972869873047,4.97650671005249,5.365016460418701,6.436628818511963,5.318705081939697,4.508847713470459,5.183095932006836,5.747508525848389,4.02965784072876,3.549136161804199,4.4238972663879395,4.877684593200684,5.312281131744385,7.069619655609131,8.566020011901855,7.048611640930176,2.0386271476745605,2.3410894870758057,0.2735566794872284,-5.9767608642578125
7.1697096824646,13.682801246643066,18.231853485107422,13.660865783691406,7.542110919952393,7.323882579803467,11.552000999450684,12.011624336242676,12.60372543334961,13.16228199005127,13.5884370803833,11.68233585357666,6.524161338806152,2.8626527786254883,3.1554715633392334,3.200427293777466,5.091670989990234,5.960555076599121,5.754334926605225,4.877736568450928,4.109736442565918,3.509347677230835,3.1837756633758545,4.3090057373046875,4.953429222106934,6.376662731170654,5.878628253936768,4.085578918457031,3.7994232177734375,5.791719436645508,5.89009952545166,4.2244553565979,4.931546688079834,7.114267349243164,7.122579574584961,5.990624904632568,7.594505786895752,6.725171089172363,-0.7660909295082092,-4.106617450714111,-2.1342639923095703,-5.112829685211182,-8.753462791442871
7.209704875946045,13.716391563415527,16.89365577697754,10.550265312194824,6.497875213623047,7.881307125091553,10.614339828491211,11.286455154418945,10.657304763793945,11.578856468200684,12.678221702575684,8.66274642944336,2.6611387729644775,2.2562499046325684,3.1357195377349854,4.340881824493408,4.838572025299072,3.7851970195770264,4.331265926361084,5.607897758483887,5.304264545440674,3.8752784729003906,3.2549078464508057,4.813962936401367,5.312667369842529,6.682833671569824,5.467214584350586,3.4571778774261475,3.923117160797119,6.543488502502441,5.9583234786987305,4.159355640411377,4.356888771057129,6.198960781097412,5.257959842681885,4.737566947937012,6.101370811462402,3.2219698429107666,-5.208135604858398,-7.071503639221191,-7.103356838226318,-7.512155532836914,-8.251835823059082
9.205780029296875,12.75236988067627,10.67990493774414,4.833319187164307,3.386401414871216,6.884422302246094,7.098605155944824,11.213533401489258,13.152963638305664,12.77208137512207,11.11871337890625,5.259460926055908,1.9894369840621948,2.2386693954467773,1.7706605195999146,3.9222185611724854,4.674349308013916,4.201356410980225,4.470257759094238,4.905518054962158,4.865976810455322,3.9496262073516846,3.8756942749023438,4.823524475097656,4.545739650726318,4.103765964508057,3.2438442707061768,3.4473228454589844,5.602245807647705,6.6554436683654785,5.167067050933838,3.09234356880188,4.042793273925781,4.432810306549072,3.471588611602783,3.9471395015716553,5.480650424957275,3.073448657989502,-4.205722332000732,-9.632094383239746,-12.132331848144531,-11.061490058898926,-10.048914909362793
8.612506866455078,7.766283988952637,6.256894111633301,5.049471855163574,6.109920024871826,9.408288955688477,9.349021911621094,8.878957748413086,14.325459480285645,14.204668998718262,10.952078819274902,3.742286443710327,1.096382975578308,0.67856365442276,3.38749623298645,5.052425384521484,4.880128383636475,5.749797344207764,5.057380676269531,4.375662803649902,3.9346625804901123,2.8142452239990234,3.2319393157958984,3.8474557399749756,3.7238707542419434,3.4344918727874756,4.002305030822754,5.046300411224365,6.606640815734863,5.318715572357178,4.593513488769531,2.6546099185943604,2.69071888923645,1.174932599067688,1.4004173278808594,3.3012049198150635,3.3810529708862305,-0.04915449768304825,-3.8464298248291016,-7.537686347961426,-10.749871253967285,-10.315932273864746,-5.395967483520508
8.182767868041992,7.19704532623291,7.0178022384643555,9.275724411010742,10.521088600158691,8.209663391113281,11.222914695739746,5.121590614318848,4.325923919677734,10.01833438873291,10.20383358001709,0.4785747826099396,-0.816311776638031,-0.6060136556625366,1.41681969165802,4.229983806610107,5.4221696853637695,5.468059062957764,3.942593574523926,3.413330316543579,2.763427257537842,2.3057117462158203,3.4217677116394043,4.063088417053223,3.9521358013153076,4.224202632904053,5.013482570648193,6.035869121551514,6.171599388122559,4.3665032386779785,4.203869342803955,2.6105546951293945,2.2510457038879395,1.689018964767456,1.969284176826477,1.1567796468734741,-0.9799610376358032,-1.9191632270812988,-6.946904182434082,-11.34296703338623,-11.57787799835205,-8.677092552185059,-0.21769262850284576
7.267228126525879,7.856525421142578,9.120539665222168,11.29433536529541,11.048072814941406,9.343836784362793,7.129316329956055,-0.6964632868766785,-7.052346706390381,0.30926764011383057,-0.3219182789325714,-2.8105807304382324,-1.3700391054153442,-0.2689369320869446,1.7249908447265625,2.9441540241241455,4.3858418464660645,4.0645341873168945,2.2742409706115723,2.6935737133026123,2.1541855335235596,1.8946187496185303,3.138761043548584,3.7842323780059814,4.250889778137207,4.511926174163818,5.197148323059082,5.511799335479736,5.8769989013671875,4.519350528717041,2.840625524520874,0.948644757270813,-0.05733470246195793,2.1546010971069336,-1.2404147386550903,-1.4575088024139404,-2.8697030544281006,-4.812478542327881,-10.667519569396973,-16.242557525634766,-11.874260902404785,-2.4653944969177246,5.117053031921387
8.322473526000977,7.135692119598389,10.202203750610352,11.802053451538086,10.283437728881836,10.319622993469238,5.2555084228515625,-0.9485000371932983,-8.043858528137207,-8.090499877929688,-5.942962646484375,-5.02553129196167,-2.604247570037842,0.2749820649623871,1.6175522804260254,2.005113363265991,3.3723413944244385,2.578254461288452,2.0250320434570312,2.825049877166748,1.8040060997009277,1.40318763256073,2.7421371936798096,3.3023791313171387,3.4171316623687744,4.491741180419922,4.200146198272705,3.799466848373413,3.4361674785614014,1.5272748470306396,-1.6886049509048462,-1.8076295852661133,0.36097320914268494,-2.176628828048706,-7.142943859100342,-9.355470657348633,-13.278468132019043,-12.854313850402832,-10.945960998535156,-9.821832656860352,3.8652257919311523,15.806196212768555,15.107508659362793
12.0580472946167,13.816852569580078,13.542866706848145,12.110389709472656,11.126317024230957,10.867401123046875,4.059349536895752,-0.6979835033416748,-3.570712089538574,-7.1178388595581055,-6.558842658996582,-4.047358512878418,-1.8258799314498901,-0.3950120210647583,0.8353292942047119,0.7921186089515686,1.5648425817489624,1.4137617349624634,2.45804762840271,0.6683927178382874,-1.1420867443084717,0.3944416344165802,2.7411296367645264,2.3965072631835938,3.528073310852051,4.3736252784729,4.061588287353516,3.0559849739074707,1.4754304885864258,0.9815905690193176,0.6640738844871521,-1.2581437826156616,-1.104331374168396,-4.115240097045898,-11.029197692871094,-13.863245010375977,-16.978164672851562,-13.895337104797363,-7.148784160614014,1.4241677522659302,10.43521785736084,18.48892593383789,12.5708589553833
11.370981216430664,14.138909339904785,12.311798095703125,8.241864204406738,7.96936559677124,8.963459968566895,6.575369358062744,6.135913848876953,8.849922180175781,6.514516830444336,-3.167259693145752,-4.751362323760986,-2.6284122467041016,-1.9151476621627808,-1.4752938747406006,-0.12232409417629242,0.16348221898078918,0.7510975003242493,1.8039613962173462,-1.2495784759521484,-3.2734413146972656,-1.096368670463562,1.9942121505737305,1.3960591554641724,2.7404518127441406,2.2571709156036377,2.4228007793426514,1.6639329195022583,3.522850513458252,3.949131727218628,-1.5524564981460571,-3.305589437484741,-1.393628478050232,-4.687099933624268,-8.809819221496582,-12.34658145904541,-10.511541366577148,-4.867670059204102,-1.402751088142395,4.664608001708984,12.753737449645996,19.03977394104004,12.275217056274414
11.473718643188477,12.562524795532227,12.079118728637695,9.231485366821289,9.322269439697266,8.69512939453125,9.607341766357422,10.356040000915527,11.14506721496582,13.98872184753418,5.720310211181641,-4.211345672607422,-3.941171169281006,-2.7599704265594482,-1.928436279296875,-1.4807031154632568,-0.8578192591667175,-0.424633264541626,0.8846367597579956,0.04892459884285927,-3.3585100173950195,-2.8233165740966797,-0.8092077374458313,-1.1327446699142456,1.374814510345459,3.403042793273926,2.1822729110717773,1.5806156396865845,3.4899749755859375,-1.9104036092758179,-3.8075554370880127,-3.9874045848846436,-7.436979293823242,-7.139200687408447,-4.870709419250488,-5.258075714111328,-3.209951162338257,1.8324735164642334,4.733485221862793,9.259069442749023,17.205373764038086,20.816892623901367,20.384477615356445
14.058639526367188,10.599749565124512,9.203055381774902,5.781398296356201,6.477163791656494,9.63622760772705,12.735980033874512,13.510152816772461,10.205300331115723,5.376478672027588,-2.1783244609832764,-2.870795726776123,-2.4023773670196533,-2.5309548377990723,-2.4109129905700684,-3.0896661281585693,-2.3883168697357178,-1.7197123765945435,-1.3013478517532349,-0.6750670671463013,-1.2771531343460083,-1.8613269329071045,-0.1552421748638153,-1.22640061378479,0.6793363094329834,1.3733973503112793,1.956842303276062,3.445892572402954,-1.1036077737808228,-5.832945346832275,-5.050912380218506,-5.978847026824951,-10.35865592956543,-8.897418975830078,-4.507001876831055,-2.2238059043884277,0.9839270114898682,5.652797222137451,11.733531951904297,16.972719192504883,21.698543548583984,23.50293731689453,24.320035934448242
17.054521560668945,11.382993698120117,7.5046772956848145,1.4200613498687744,3.5094587802886963,10.916661262512207,13.065030097961426,12.160033226013184,5.432699203491211,-2.7255349159240723,-3.9013452529907227,-2.583516836166382,-0.9705550074577332,-2.1090152263641357,-2.0442466735839844,-4.817840576171875,-4.510148525238037,-1.9403417110443115,-0.9851772785186768,-0.0539616160094738,-0.19543541967868805,0.4451778829097748,1.3941609859466553,0.3710932433605194,0.4686039984226227,2.156667470932007,0.759526252746582,-2.198047161102295,-5.033150672912598,-6.8606791496276855,-5.449676036834717,-4.454488754272461,-6.783838272094727,-9.002226829528809,-5.721469402313232,2.0542843341827393,4.793975353240967,9.82304859161377,16.81943130493164,21.293071746826172,22.752166748046875,23.81009292602539,24.83584976196289
15.143078804016113,11.752864837646484,8.325977325439453,1.4100778102874756,5.125144958496094,6.619720458984375,5.320090293884277,5.742839336395264,3.5167856216430664,-3.5819239616394043,-5.322425842285156,-0.07407019287347794,2.2916131019592285,2.2457261085510254,0.744080662727356,-6.867739677429199,-6.566087245941162,-3.69142484664917,-1.5987536907196045,-0.48527663946151733,-0.7112793326377869,0.9896174669265747,1.3865033388137817,1.7053453922271729,2.102281332015991,1.56464421749115,-4.642675876617432,-8.858367919921875,-12.700271606445312,-11.505636215209961,-6.899409294128418,-4.664129734039307,-4.7674641609191895,-6.378000259399414,-4.5166497230529785,4.3117475509643555,11.401737213134766,15.316191673278809,19.345989227294922,21.418193817138672,22.361188888549805,24.38326072692871,25.189987182617188
14.277814865112305,13.538837432861328,12.670348167419434,6.53529167175293,5.224421977996826,3.5675365924835205,2.8666021823883057,2.574112892150879,0.3160812258720398,-3.6540253162384033,-3.4593844413757324,0.0562700554728508,3.094088554382324,1.9051238298416138,-1.1986907720565796,-8.591270446777344,-7.9319305419921875,-5.632976531982422,-4.14935827255249,-1.854651927947998,0.4475906491279602,1.8495967388153076,0.6681340336799622,1.325783133506775,0.6907938718795776,-1.5728394985198975,-6.709713935852051,-10.317251205444336,-11.30166244506836,-6.847234725952148,-7.066775321960449,-6.755218982696533,-5.6646246910095215,-5.330008029937744,-1.8492984771728516,5.971443176269531,15.280813217163086,20.68097686767578,21.93589210510254,21.742969512939453,23.088741302490234,24.347183227539062,25.1048526763916
14.036576271057129,15.170280456542969,16.129199981689453,13.002910614013672,8.603888511657715,4.305154323577881,0.31703051924705505,-1.2493141889572144,-0.40704187750816345,-0.3351004421710968,-4.558532238006592,-2.681814670562744,-1.0067218542099,1.1758496761322021,-1.955464243888855,-6.806105613708496,-6.52716064453125,-3.5052473545074463,-2.565999746322632,-1.4462578296661377,0.6843956708908081,1.7712397575378418,-2.447112798690796,-5.39001989364624,-5.4033589363098145,-6.076755523681641,-6.987795352935791,-6.90519380569458,-5.5160112380981445,-6.614801406860352,-6.489904880523682,-6.5152268409729,-8.712160110473633,-6.133040428161621,1.11842942237854,10.660783767700195,17.7795467376709,21.91168212890625,22.86571502685547,23.728504180908203,22.166196823120117,21.36158561706543,21.871171951293945
13.12214469909668,14.635608673095703,16.657594680786133,17.295650482177734,13.252344131469727,4.98307466506958,-3.7602462768554688,-3.9017832279205322,0.932377815246582,5.117073059082031,-0.6992060542106628,-1.4480674266815186,2.558093547821045,2.8280527591705322,-0.7584078311920166,-2.7369818687438965,-0.5729040503501892,3.554220676422119,4.3968377113342285,1.7508959770202637,-1.0602325201034546,-0.49483421444892883,-1.3529568910598755,-6.198514461517334,-7.230627536773682,-8.459959030151367,-7.847507953643799,-5.841926574707031,-6.573869705200195,-7.977097034454346,-6.094689846038818,-5.058471202850342,-7.997725963592529,-3.7251334190368652,4.067768096923828,14.501806259155273,19.89187240600586,21.863746643066406,19.428003311157227,12.72445297241211,5.161751747131348,13.038473129272461,21.877483367919922
13.367212295532227,13.104040145874023,14.924578666687012,14.861898422241211,11.666464805603027,4.965521335601807,-4.129830360412598,-6.725395202636719,-1.2196259498596191,6.793160915374756,4.286506175994873,-1.804183006286621,-3.2318460941314697,-1.2123442888259888,2.0233120918273926,3.785393714904785,5.006129741668701,5.3674116134643555,5.737789630889893,2.1501474380493164,-5.771542072296143,-9.702290534973145,-7.134954929351807,-9.192066192626953,-9.50744342803955,-9.801467895507812,-8.784024238586426,-7.783448219299316,-8.05858039855957,-7.506786346435547,-9.387414932250977,-6.732351779937744,-2.168152093887329,5.26763391494751,13.608539581298828,16.48462677001953,17.71656036376953,16.758546829223633,5.656869411468506,-0.8901943564414978,1.2918230295181274,10.850462913513184,19.75836944580078
