data/wind_data/wind_55_6.json
{"header": {"parameterUnit": "KT", "parameterCategory": 2, "nx": 256, "ny": 198, "lo1": 44.73521041870117, "la1": -3.236724853515625, "lo2": 111.26478576660156, "la2": 43.468475341796875, "dx": 0.2609002888202667, "dy": -0.23708222806453705, "refTime": "2025-02-21 07:00:00", "forecastTime": 0, "parameterNumber": 2, "parameterNumberName": "eastward_wind"}, "data":
[rows 20 to 39 of 198, columns 0 to 43 of 256]
-26.704776763916016,-27.001914978027344,-26.11446762084961,-21.318553924560547,-14.138483047485352,-16.944828033447266,-16.706588745117188,-17.43769073486328,-17.75248146057129,-17.721736907958984,-17.453786849975586,-17.335529327392578,-17.066980361938477,-16.699064254760742,-16.30144500732422,-15.976879119873047,-15.942370414733887,-16.24730110168457,-16.525386810302734,-16.450117111206055,-16.04935073852539,-15.491808891296387,-14.985904693603516,-14.791308403015137,-14.65504264831543,-14.19498062133789,-13.425191879272461,-12.569501876831055,-11.625897407531738,-10.360103607177734,-8.949427604675293,-7.838611602783203,-7.223819255828857,-6.875033855438232,-6.444314479827881,-6.381344318389893,-7.115668296813965,-6.998073101043701,-7.258997440338135,-8.120725631713867,-8.597540855407715,-7.9197869300842285,-7.672415256500244,-7.972350120544434
-24.085603713989258,-24.912939071655273,-24.118764877319336,-17.92662811279297,-7.421842098236084,-11.400508880615234,-11.861019134521484,-13.738609313964844,-15.492012977600098,-16.21982765197754,-16.225486755371094,-16.111766815185547,-15.906501770019531,-15.477349281311035,-14.951035499572754,-14.622620582580566,-14.687493324279785,-15.21674919128418,-15.858729362487793,-16.174476623535156,-16.079578399658203,-15.676396369934082,-15.063109397888184,-14.463623046875,-14.094557762145996,-13.833246231079102,-13.461274147033691,-12.796051025390625,-11.958069801330566,-10.781854629516602,-9.253571510314941,-7.832329750061035,-6.723556041717529,-5.887660980224609,-5.00915002822876,-4.349465847015381,-4.138204574584961,-4.559325695037842,-5.243979454040527,-6.059022903442383,-7.371171951293945,-7.278079509735107,-7.194360733032227,-7.7436203956604
-20.598228454589844,-21.915651321411133,-20.61392593383789,-14.45669174194336,-3.2412021160125732,-5.862805366516113,-6.7808966636657715,-8.532831192016602,-11.30290699005127,-13.151830673217773,-14.063034057617188,-14.524621963500977,-14.578100204467773,-14.385231018066406,-13.824131965637207,-13.19675350189209,-13.007929801940918,-13.610353469848633,-14.72717571258545,-15.597471237182617,-15.69558048248291,-15.436239242553711,-15.178553581237793,-14.721867561340332,-14.14565658569336,-13.79585075378418,-13.551797866821289,-13.179424285888672,-12.385909080505371,-11.180771827697754,-9.874885559082031,-8.904332160949707,-8.305746078491211,-7.42474889755249,-6.102529048919678,-5.150883674621582,-4.945736408233643,-4.812167167663574,-5.367522716522217,-6.564095497131348,-7.590550899505615,-7.556813716888428,-7.7788190841674805,-8.26580810546875
-14.188963890075684,-15.55591869354248,-13.925619125366211,-9.201446533203125,-1.6905206441879272,-1.9916571378707886,-2.631582260131836,-3.922271728515625,-6.162709712982178,-8.12746524810791,-9.3448486328125,-10.342558860778809,-11.44833755493164,-12.353766441345215,-12.583130836486816,-12.296443939208984,-12.001791954040527,-12.158337593078613,-12.877747535705566,-14.073487281799316,-14.97426986694336,-15.103760719299316,-14.81186294555664,-14.605608940124512,-14.435953140258789,-14.027213096618652,-13.403995513916016,-12.895854949951172,-12.29475212097168,-11.562143325805664,-10.721169471740723,-10.026062965393066,-9.309752464294434,-8.295370101928711,-7.004492282867432,-5.940732955932617,-5.162295341491699,-4.482336044311523,-4.960047721862793,-6.476985931396484,-7.3486480712890625,-7.801115036010742,-8.17984676361084,-8.888473510742188
-8.620177268981934,-9.376564025878906,-8.154592514038086,-5.037472248077393,-0.5972426533699036,-0.4249511957168579,-0.43860575556755066,-1.5254065990447998,-2.6306345462799072,-3.343155860900879,-3.502229690551758,-3.5385994911193848,-5.340738296508789,-8.207916259765625,-10.219868659973145,-11.08985710144043,-11.191086769104004,-11.239574432373047,-11.625284194946289,-12.470170021057129,-13.477517127990723,-14.286518096923828,-14.3632173538208,-13.831686973571777,-13.34517765045166,-13.340496063232422,-13.160947799682617,-12.500237464904785,-11.850258827209473,-11.403578758239746,-10.961457252502441,-10.28460693359375,-9.091172218322754,-7.742867469787598,-6.932257652282715,-6.267436981201172,-5.40958833694458,-4.851159572601318,-4.812344551086426,-5.685227394104004,-6.4861531257629395,-7.277620792388916,-8.15378189086914,-9.089286804199219
-6.0722270011901855,-5.297155380249023,-4.715782642364502,-4.092642307281494,-0.31901124119758606,0.18888221681118011,0.2334435135126114,-0.8228656053543091,-1.3256314992904663,-0.613309383392334,0.4654337465763092,0.8417873978614807,0.04469342902302742,-2.811537265777588,-6.418637752532959,-8.998613357543945,-10.173486709594727,-10.485496520996094,-10.664307594299316,-11.315939903259277,-12.2813081741333,-13.10478401184082,-13.753701210021973,-14.113819122314453,-13.837296485900879,-13.152013778686523,-12.541698455810547,-12.084296226501465,-11.577518463134766,-11.066194534301758,-10.427223205566406,-9.50800895690918,-8.32790756225586,-7.4471330642700195,-7.250777721405029,-6.988112926483154,-6.226147174835205,-5.641450881958008,-5.575074672698975,-5.910155773162842,-6.4906768798828125,-7.4145026206970215,-8.513961791992188,-9.540148735046387
-3.8905770778656006,-2.256457567214966,-2.066556453704834,-2.8057076930999756,0.28730452060699463,0.5958918929100037,0.7346176505088806,0.2734434902667999,-0.01484941877424717,1.0445611476898193,2.1727521419525146,1.0972524881362915,0.18660341203212738,-0.5305178761482239,-2.9050047397613525,-5.905670642852783,-8.326925277709961,-9.520413398742676,-9.927080154418945,-10.458879470825195,-11.253314018249512,-11.981151580810547,-12.358967781066895,-12.698637962341309,-13.026086807250977,-12.792205810546875,-11.937576293945312,-11.209750175476074,-10.933640480041504,-10.621310234069824,-9.8535795211792,-8.80102252960205,-7.998834609985352,-7.692312240600586,-7.658026695251465,-7.573474884033203,-7.304001331329346,-6.851314067840576,-6.5343217849731445,-6.74258279800415,-7.287367820739746,-8.062332153320312,-8.877511024475098,-9.729907989501953
-1.2595505714416504,-0.4217042922973633,-0.36054858565330505,-0.8835336565971375,1.2073465585708618,1.1443421840667725,0.9912266731262207,1.3372951745986938,1.479742407798767,2.102477550506592,1.4032522439956665,-0.8889568448066711,-2.1040077209472656,-1.9135770797729492,-2.1422739028930664,-3.4936299324035645,-5.908802032470703,-8.005565643310547,-9.13259220123291,-10.001763343811035,-10.67850112915039,-11.104828834533691,-11.207720756530762,-11.080769538879395,-10.959169387817383,-10.860394477844238,-10.357640266418457,-9.541444778442383,-8.962841033935547,-8.81515121459961,-8.602010726928711,-7.983839988708496,-7.514644622802734,-7.704405784606934,-8.246099472045898,-8.356636047363281,-7.9399638175964355,-7.397924423217773,-7.367672443389893,-7.843307971954346,-8.379653930664062,-8.614344596862793,-9.079243659973145,-9.890715599060059
0.4611494243144989,0.6539232730865479,0.839849591255188,0.5939533114433289,2.4157090187072754,2.0211684703826904,0.9608029127120972,1.4363559484481812,1.729604721069336,1.0885294675827026,-1.637328863143921,-3.328054189682007,-3.4171323776245117,-3.2942004203796387,-3.2591700553894043,-3.4560930728912354,-4.322917461395264,-6.2719197273254395,-7.972178936004639,-9.363081932067871,-10.292247772216797,-10.549555778503418,-10.420872688293457,-10.18133544921875,-9.994815826416016,-9.864496231079102,-9.501580238342285,-8.848811149597168,-8.153362274169922,-7.840088844299316,-7.8680572509765625,-7.619589805603027,-6.977198600769043,-6.8383331298828125,-7.609582424163818,-8.355548858642578,-8.422828674316406,-8.01286506652832,-7.8931732177734375,-8.453479766845703,-9.224556922912598,-9.668660163879395,-10.135282516479492,-10.13528060913086
0.9742903113365173,1.3224022388458252,1.5681241750717163,1.3513273000717163,3.162325382232666,2.6476893424987793,1.0579484701156616,0.9683527946472168,0.6428120732307434,-1.6870840787887573,-4.269251346588135,-4.46486234664917,-3.9640612602233887,-3.84936261177063,-4.043914794921875,-4.508187770843506,-4.545732498168945,-5.0213494300842285,-6.307586193084717,-7.791616916656494,-9.06861686706543,-9.646381378173828,-9.584345817565918,-9.28129768371582,-9.053067207336426,-9.038551330566406,-9.009687423706055,-8.790517807006836,-8.431550979614258,-8.246609687805176,-8.403672218322754,-8.359305381774902,-7.742650985717773,-7.090723514556885,-7.076051712036133,-7.611868858337402,-8.054062843322754,-8.20346736907959,-8.534826278686523,-9.270247459411621,-9.923444747924805,-10.215666770935059,-10.38460922241211,-10.582963943481445
1.1935843229293823,1.3850538730621338,1.542607307434082,1.8232407569885254,3.3569369316101074,2.916609764099121,1.6198376417160034,0.6327641606330872,-0.8091591596603394,-3.3569695949554443,-4.601518630981445,-4.513807773590088,-4.345279216766357,-4.165111064910889,-4.116268157958984,-4.5795817375183105,-4.999958515167236,-4.722078800201416,-4.876673221588135,-5.689803123474121,-6.879331111907959,-7.830198764801025,-8.258477210998535,-8.22855281829834,-8.043235778808594,-7.94059944152832,-7.977046012878418,-8.118490219116211,-8.186417579650879,-8.2857027053833,-8.74880313873291,-9.008866310119629,-8.473108291625977,-7.578465461730957,-7.250286102294922,-7.473118305206299,-7.8176350593566895,-7.992475986480713,-8.23548698425293,-8.984092712402344,-9.929471015930176,-10.483935356140137,-10.509498596191406,-10.383967399597168
1.1760706901550293,0.4528622329235077,0.7689434885978699,2.250561237335205,3.4306297302246094,3.085452079772949,2.3595120906829834,0.8295246958732605,-1.109244465827942,-2.894611358642578,-3.7877445220947266,-4.209291458129883,-4.312335014343262,-4.115855693817139,-3.7943782806396484,-3.783155918121338,-4.21833610534668,-4.425405502319336,-4.136080741882324,-4.021796226501465,-4.75222110748291,-5.628948211669922,-6.265979766845703,-6.6255011558532715,-6.738646984100342,-6.804520130157471,-7.0602569580078125,-7.667268753051758,-8.093286514282227,-8.13329029083252,-8.357865333557129,-8.714086532592773,-8.405314445495605,-7.533935546875,-7.197786808013916,-7.6810150146484375,-7.960103511810303,-7.669669151306152,-7.447281360626221,-8.033256530761719,-9.212523460388184,-10.07399845123291,-10.308708190917969,-10.327637672424316
1.5105359554290771,0.5156434178352356,0.9225513935089111,2.410120725631714,2.5153982639312744,2.8644089698791504,2.8870561122894287,1.4090843200683594,-0.2252514511346817,-1.555330753326416,-2.778442859649658,-3.577037811279297,-3.7808613777160645,-3.5521864891052246,-3.2171239852905273,-2.9697470664978027,-3.015471935272217,-3.308340549468994,-3.41107177734375,-2.9575417041778564,-2.9864790439605713,-3.9849448204040527,-4.652523517608643,-4.965541362762451,-5.157773494720459,-5.381131172180176,-5.8975043296813965,-6.958354949951172,-7.999855041503906,-8.271291732788086,-8.130034446716309,-8.32165241241455,-8.381422996520996,-7.689479351043701,-6.94101095199585,-6.99323034286499,-7.393758773803711,-7.265889644622803,-6.818385124206543,-7.065838813781738,-8.153667449951172,-9.138216972351074,-9.69780158996582,-9.965725898742676
2.185364007949829,1.9838652610778809,1.9744263887405396,2.052123546600342,1.5090848207473755,2.8989243507385254,3.2216689586639404,1.9138158559799194,0.5089086294174194,-0.42846372723579407,-1.5354934930801392,-2.4068119525909424,-2.742140531539917,-2.5429680347442627,-2.3397727012634277,-2.3199610710144043,-2.3561604022979736,-2.2518107891082764,-2.346383810043335,-2.35508394241333,-1.8964961767196655,-2.4213223457336426,-3.607089042663574,-4.059173583984375,-4.126588821411133,-4.339666843414307,-4.830508708953857,-5.936338901519775,-7.293893337249756,-7.999134063720703,-7.90538215637207,-7.81881856918335,-7.931477069854736,-7.607072830200195,-6.760404586791992,-6.189027309417725,-6.311826705932617,-6.549322128295898,-6.532370567321777,-6.6265082359313965,-7.281056880950928,-7.949366092681885,-8.472027778625488,-8.930694580078125
2.4333853721618652,2.8425378799438477,2.5797252655029297,1.814795970916748,1.3328150510787964,2.9583096504211426,3.0980982780456543,1.8438485860824585,0.44273000955581665,0.2850061058998108,-0.19353890419006348,-0.9215155243873596,-1.3232011795043945,-1.3383358716964722,-1.3543356657028198,-1.646389365196228,-1.906337022781372,-1.7895264625549316,-1.5374834537506104,-1.803138256072998,-1.827661395072937,-1.4801095724105835,-2.313439130783081,-3.4345643520355225,-3.788573980331421,-3.919776678085327,-4.134788513183594,-4.923476219177246,-6.277711391448975,-7.327427864074707,-7.548792839050293,-7.37130069732666,-7.320475101470947,-7.118999481201172,-6.3643035888671875,-5.535254955291748,-5.442347049713135,-5.964012145996094,-6.40630578994751,-6.53805685043335,-6.6483917236328125,-6.937042713165283,-7.409426212310791,-7.992736339569092
2.415590286254883,3.213282823562622,2.937418222427368,1.7845063209533691,0.6361008286476135,2.0466582775115967,2.521516799926758,1.1621482372283936,-0.39111092686653137,0.28067076206207275,0.7105756998062134,0.38097691535949707,-0.015651406720280647,-0.28163209557533264,-0.5704136490821838,-0.9681810140609741,-1.2114455699920654,-1.1110659837722778,-1.0327266454696655,-1.3902366161346436,-1.911056637763977,-1.7644858360290527,-1.8040393590927124,-2.7455384731292725,-3.6508257389068604,-3.8353476524353027,-3.902026653289795,-4.472564697265625,-5.567540168762207,-6.601898670196533,-6.881288051605225,-6.641481399536133,-6.48567008972168,-6.308925151824951,-5.667826175689697,-4.866330146789551,-4.6859211921691895,-5.250832557678223,-5.944828987121582,-6.273480415344238,-6.413706302642822,-6.6195478439331055,-6.96457052230835,-7.361200332641602
3.1429741382598877,3.7489492893218994,3.2770819664001465,1.559927225112915,-1.9123649597167969,0.3846057057380676,1.709041953086853,-0.06782231479883194,-1.6466071605682373,-0.6888388395309448,0.5910205245018005,1.1401299238204956,0.9756485819816589,0.532874345779419,0.031143300235271454,-0.3381992280483246,-0.4689330458641052,-0.3922479450702667,-0.4517839848995209,-0.8882028460502625,-1.6202569007873535,-2.026639461517334,-1.965638279914856,-2.227144718170166,-3.001408338546753,-3.55375599861145,-3.8791286945343018,-4.352955341339111,-5.1334147453308105,-5.8943610191345215,-6.03621768951416,-5.5858540534973145,-5.192458152770996,-5.1892008781433105,-5.023921012878418,-4.507558822631836,-4.184575080871582,-4.4779953956604,-5.0405473709106445,-5.544527530670166,-6.060259819030762,-6.555484771728516,-6.781468391418457,-6.811398983001709
4.278646945953369,4.447992324829102,3.6919782161712646,1.4856714010238647,-3.315033197402954,-0.8696735501289368,0.18504969775676727,-1.0640689134597778,-2.1719839572906494,-1.5522733926773071,-0.10868605226278305,1.1867021322250366,1.4509259462356567,1.0738308429718018,0.4478476941585541,0.06320084631443024,0.06862551718950272,0.11585994064807892,0.055462658405303955,-0.20922565460205078,-0.812115490436554,-1.5663747787475586,-1.8485058546066284,-1.8913522958755493,-2.1937594413757324,-2.8307480812072754,-3.5888164043426514,-4.317252159118652,-4.84688663482666,-5.141722679138184,-5.110766410827637,-4.6618194580078125,-4.038837432861328,-3.821075677871704,-4.019908905029297,-4.08363151550293,-3.815067768096924,-3.6928224563598633,-4.0243730545043945,-4.57388162612915,-5.232720851898193,-5.973308563232422,-6.377033233642578,-6.252940654754639
4.859775543212891,5.501356601715088,4.627197742462158,2.1183226108551025,-2.0845425128936768,-1.4454892873764038,-0.6041012406349182,-0.5670260190963745,-1.0834389925003052,-1.1133863925933838,-0.36220213770866394,0.9177184104919434,1.5521306991577148,1.46668541431427,0.9314413666725159,0.4818177819252014,0.4007728695869446,0.44709062576293945,0.39494094252586365,0.39994359016418457,0.017399895936250687,-0.7528712749481201,-1.2959113121032715,-1.5141578912734985,-1.676951289176941,-2.0671157836914062,-2.868987560272217,-3.8009095191955566,-4.4440436363220215,-4.515224456787109,-4.305015563964844,-3.9010446071624756,-3.3937995433807373,-2.924696683883667,-2.8500401973724365,-3.0382192134857178,-3.0496890544891357,-2.8264544010162354,-3.061692237854004,-3.648852586746216,-4.39709997177124,-5.0013909339904785,-5.462822914123535,-5.580221652984619
5.35811185836792,6.30865478515625,5.418314456939697,2.71134614944458,-1.7060048580169678,-1.2877224683761597,-0.6975064277648926,-0.4936533570289612,-0.3593093752861023,-0.09957040846347809,0.3288267254829407,0.941965639591217,1.5457606315612793,1.7350374460220337,1.5561085939407349,1.160540223121643,0.8129639029502869,0.573649525642395,0.5313073992729187,0.6667490601539612,0.3649044930934906,-0.2778080403804779,-0.5998645424842834,-0.6567047238349915,-0.9216687679290771,-1.5125688314437866,-2.2391698360443115,-2.9400689601898193,-3.5644381046295166,-3.855468511581421,-3.8047826290130615,-3.34730863571167,-2.7235770225524902,-2.3078393936157227,-2.2331767082214355,-2.181572198867798,-2.137552261352539,-1.9352248907089233,-2.138589382171631,-2.9407432079315186,-3.8017921447753906,-4.2832722663879395,-4.436243057250977,-4.478691101074219
