data/wind_data/wind_71_4.json
{"header": {"parameterUnit": "KT", "parameterCategory": 2, "nx": 256, "ny": 198, "lo1": 44.73521041870117, "la1": -3.236724853515625, "lo2": 111.26478576660156, "la2": 43.468475341796875, "dx": 0.2609002888202667, "dy": -0.23708222806453705, "refTime": "2025-02-21 23:00:00", "forecastTime": 0, "parameterNumber": 2, "parameterNumberName": "eastward_wind"}, "data":
[rows 140 to 159 of 198, columns 172 to 214 of 256]
39.764610290527344,39.928409576416016,41.29961395263672,43.12076187133789,44.292057037353516,44.87870407104492,46.09019470214844,47.953956604003906,48.98036193847656,48.74577713012695,49.195430755615234,50.54058074951172,51.23424530029297,50.65263366699219,50.01814651489258,47.765625,44.26835250854492,42.2579345703125,40.694183349609375,40.049320220947266,40.5576286315918,41.52987289428711,43.08717346191406,44.401737213134766,44.85369110107422,43.8316764831543,42.67228317260742,42.098751068115234,41.47636795043945,41.95001220703125,41.11454772949219,39.355491638183594,40.41026306152344,43.30661392211914,43.28028106689453,39.043434143066406,33.74877166748047,31.77979850769043,32.950172424316406,31.266435623168945,27.294410705566406,26.858253479003906,29.542877197265625
44.24703598022461,44.86117935180664,45.236114501953125,45.63827896118164,46.343719482421875,47.11653137207031,48.4774169921875,49.69200134277344,50.53486633300781,52.118377685546875,53.59154510498047,54.205169677734375,55.2561149597168,56.31904602050781,56.14883804321289,52.11503601074219,46.05839920043945,43.23353576660156,44.19160461425781,46.15458297729492,46.346031188964844,45.64463806152344,45.7554931640625,46.06412124633789,45.97019577026367,45.119110107421875,44.49604034423828,43.84789276123047,43.74288558959961,45.3210563659668,45.31460189819336,44.504798889160156,44.08238983154297,44.199432373046875,46.5493278503418,43.718048095703125,35.65981674194336,31.97039794921875,31.165910720825195,29.621749877929688,26.88869857788086,28.053390502929688,32.077056884765625
48.09554672241211,48.82249069213867,49.17572021484375,49.16031265258789,48.697547912597656,48.678863525390625,49.609458923339844,50.757328033447266,52.1295166015625,53.711875915527344,55.24466323852539,56.66809844970703,57.703147888183594,58.84553909301758,57.93156814575195,54.11765670776367,50.60874557495117,48.7243766784668,47.39264678955078,47.57991409301758,49.16206741333008,49.93043899536133,49.28360366821289,48.65522003173828,48.18967056274414,47.00345230102539,46.3603515625,44.56587219238281,43.744747161865234,45.66112518310547,47.51020812988281,48.577247619628906,46.638336181640625,43.257347106933594,44.15339279174805,42.982154846191406,35.466434478759766,30.593284606933594,30.159011840820312,28.6176700592041,26.724510192871094,30.275634765625,34.67477798461914
50.34440612792969,51.522674560546875,53.01658248901367,54.386844635009766,54.946449279785156,55.15665817260742,55.68440246582031,56.080909729003906,56.02566909790039,56.24068832397461,56.863433837890625,58.01692199707031,59.5013542175293,59.68587112426758,59.775733947753906,58.38276290893555,55.91796112060547,53.97761917114258,52.74394607543945,52.411930084228516,52.801876068115234,52.038963317871094,50.148250579833984,49.04276657104492,47.27602005004883,45.431636810302734,45.0067138671875,43.987998962402344,44.74842834472656,46.802581787109375,47.883907318115234,47.181732177734375,45.2772216796875,43.93113708496094,44.45613479614258,40.63450241088867,32.458900451660156,29.098785400390625,28.760480880737305,27.53570556640625,29.55230712890625,34.501522064208984,36.081260681152344
48.631591796875,49.36868667602539,50.31480026245117,51.503875732421875,52.562095642089844,53.50436019897461,54.63285446166992,55.660255432128906,56.354557037353516,57.20258331298828,58.312538146972656,59.47917556762695,60.46385955810547,60.496131896972656,59.649192810058594,59.55687713623047,57.0958366394043,53.68236541748047,50.86724853515625,48.479347229003906,47.59095001220703,47.315975189208984,46.596004486083984,44.31798553466797,41.239437103271484,40.00526428222656,40.31138610839844,41.8540153503418,44.45368576049805,46.19901657104492,45.96498107910156,45.35024642944336,45.47079086303711,45.95753860473633,42.91575241088867,34.361305236816406,28.505456924438477,28.311241149902344,27.34910774230957,28.992074966430664,33.27570724487305,35.79230880737305,35.456390380859375
47.65645217895508,47.64199447631836,47.85746765136719,48.19321823120117,48.48992156982422,49.0858268737793,49.71415328979492,50.223880767822266,51.253135681152344,53.35894012451172,55.789031982421875,58.00328063964844,59.388397216796875,59.1491584777832,57.914791107177734,54.17665481567383,47.99043273925781,43.23197937011719,41.48643112182617,40.10323715209961,38.563697814941406,38.40511703491211,38.29351043701172,39.57840347290039,41.79594421386719,41.55633544921875,41.804107666015625,43.71853256225586,44.52699661254883,44.0884895324707,43.427940368652344,43.533470153808594,41.85714340209961,34.94789123535156,27.372297286987305,26.34761619567871,28.878725051879883,28.41766357421875,28.809534072875977,31.125865936279297,33.29588317871094,33.20586395263672,32.782169342041016
43.385005950927734,42.288299560546875,42.50029754638672,42.6417350769043,42.65248107910156,43.71498107910156,44.67790985107422,43.51403045654297,42.4304313659668,43.44327163696289,45.60111618041992,47.09621047973633,47.443172454833984,47.43555450439453,46.72907257080078,43.248077392578125,37.187129974365234,33.89869689941406,35.05846405029297,37.05793380737305,37.544647216796875,37.83733367919922,38.76807403564453,41.588104248046875,43.66518783569336,42.344947814941406,42.85908508300781,43.87127685546875,43.16854476928711,43.87082290649414,41.7932243347168,36.522186279296875,27.882877349853516,21.073007583618164,21.639081954956055,27.165142059326172,29.325510025024414,28.702672958374023,30.155855178833008,30.666240692138672,30.552602767944336,30.515209197998047,31.952411651611328
33.857521057128906,34.02458572387695,35.256874084472656,35.44698715209961,35.74167251586914,38.249507904052734,42.098670959472656,41.03220748901367,37.96300506591797,37.82321548461914,39.11971664428711,38.97074890136719,37.55839920043945,37.72381591796875,38.817256927490234,37.15287399291992,33.424983978271484,32.007904052734375,33.59943771362305,36.0035285949707,37.67756271362305,39.214351654052734,40.82298278808594,43.700416564941406,44.82048416137695,42.67966842651367,40.8582878112793,40.02003860473633,41.30286407470703,41.20361328125,34.29265213012695,23.82859992980957,17.84868621826172,18.331079483032227,23.002262115478516,28.714651107788086,29.131454467773438,27.04621124267578,27.55514907836914,29.730636596679688,31.56914520263672,32.362937927246094,33.64912796020508
27.336618423461914,27.095365524291992,27.71188735961914,28.33519172668457,30.947336196899414,36.33710479736328,40.21223068237305,40.05487823486328,37.4730224609375,35.2869987487793,35.27482986450195,35.38576889038086,32.147491455078125,29.908824920654297,31.072023391723633,31.743074417114258,31.040966033935547,29.95928955078125,28.36933135986328,30.120458602905273,34.47236251831055,37.46947479248047,40.581298828125,44.17011260986328,43.20571517944336,39.469730377197266,38.099159240722656,39.37664794921875,41.50359344482422,34.674991607666016,22.753761291503906,15.984453201293945,16.502607345581055,20.593690872192383,25.78715705871582,26.879905700683594,25.929969787597656,27.174407958984375,29.334623336791992,31.316862106323242,33.1197509765625,34.59461212158203,35.737064361572266
21.91233253479004,21.633472442626953,23.90471076965332,27.010066986083984,30.349029541015625,33.70745086669922,35.43147277832031,34.766563415527344,32.790653228759766,30.924299240112305,31.157609939575195,33.23802185058594,32.38047790527344,28.568763732910156,27.45844841003418,28.4515380859375,31.669282913208008,32.0124397277832,28.46644401550293,28.35349464416504,31.308156967163086,32.9837532043457,33.25790023803711,34.303653717041016,35.96946716308594,36.887725830078125,36.44448471069336,36.51918411254883,36.59893798828125,29.932798385620117,20.387310028076172,17.740999221801758,21.413286209106445,23.976226806640625,22.813270568847656,24.111366271972656,27.24318504333496,28.912864685058594,29.916397094726562,31.193355560302734,32.277931213378906,33.41347122192383,34.41068649291992
21.59221076965332,21.911184310913086,24.592937469482422,27.671010971069336,29.39214324951172,30.45610237121582,31.883724212646484,32.14821243286133,30.738767623901367,29.267980575561523,29.186138153076172,30.387683868408203,30.852256774902344,29.83504867553711,27.917146682739258,27.868928909301758,31.15418815612793,32.10909652709961,29.82717514038086,28.354768753051758,29.545381546020508,31.327173233032227,30.778779983520508,29.863677978515625,30.125898361206055,30.538387298583984,31.05404281616211,31.8441162109375,29.82851791381836,24.7401065826416,19.807144165039062,18.1241455078125,18.573232650756836,20.511009216308594,22.405763626098633,24.74523162841797,26.770429611206055,28.015222549438477,28.77022361755371,29.860126495361328,31.211795806884766,31.851940155029297,32.02033615112305
22.482166290283203,22.845317840576172,25.50529670715332,28.58152961730957,29.592023849487305,29.971345901489258,31.753013610839844,33.48959732055664,34.013519287109375,32.830257415771484,30.608121871948242,28.305402755737305,26.312591552734375,26.077573776245117,28.051546096801758,30.037288665771484,30.92917251586914,30.481985092163086,29.815319061279297,30.307830810546875,32.336082458496094,33.908573150634766,34.119102478027344,29.867839813232422,26.05141830444336,23.91407585144043,25.269302368164062,27.486797332763672,20.939149856567383,14.477828979492188,12.03320026397705,14.673455238342285,17.45415687561035,20.257041931152344,23.000455856323242,24.969417572021484,26.319683074951172,28.136484146118164,29.922161102294922,31.09966468811035,30.98581314086914,30.356721878051758,30.510292053222656
24.537357330322266,25.043514251708984,27.540794372558594,31.286415100097656,33.79001235961914,33.88770294189453,32.86709213256836,32.12772750854492,31.43375015258789,29.90920066833496,27.11548614501953,24.955060958862305,25.486709594726562,24.723873138427734,27.103200912475586,30.643856048583984,30.394596099853516,30.88042449951172,32.508995056152344,33.541664123535156,34.793235778808594,36.52836227416992,33.12123489379883,23.28982162475586,15.821775436401367,15.17501163482666,24.270788192749023,23.926252365112305,15.95484447479248,11.832582473754883,12.562077522277832,14.773943901062012,17.452362060546875,21.077030181884766,23.981386184692383,25.65065574645996,27.68431282043457,30.03734588623047,31.594629287719727,32.563385009765625,30.031185150146484,27.311288833618164,27.385507583618164
25.29092025756836,26.896909713745117,30.195693969726562,34.58113479614258,38.94850158691406,37.37271499633789,30.98674201965332,26.02651023864746,22.630348205566406,20.015682220458984,19.048755645751953,19.2493953704834,20.695444107055664,23.516435623168945,27.306262969970703,29.114803314208984,30.021442413330078,32.89990997314453,35.100162506103516,36.11134719848633,38.65392303466797,37.131404876708984,28.774436950683594,20.43379783630371,14.835417747497559,16.921518325805664,21.57897186279297,19.028480529785156,15.928906440734863,15.344002723693848,15.724689483642578,16.668363571166992,18.742523193359375,21.515161514282227,23.983417510986328,25.843040466308594,28.162338256835938,30.451383590698242,32.20058822631836,31.785926818847656,28.833290100097656,26.175302505493164,25.451257705688477
24.964130401611328,27.592870712280273,29.663908004760742,31.4832763671875,35.7678337097168,34.63264083862305,27.791738510131836,23.161832809448242,21.06047821044922,19.374736785888672,17.904375076293945,17.53921127319336,19.426599502563477,22.359333038330078,24.588491439819336,26.145090103149414,28.517396926879883,32.35429382324219,34.09110641479492,36.57216262817383,38.13652420043945,26.869338989257812,16.864526748657227,13.205177307128906,12.900405883789062,14.376509666442871,14.712467193603516,13.400676727294922,12.75007438659668,13.087420463562012,13.967838287353516,16.002845764160156,18.264461517333984,20.676074981689453,23.20134735107422,25.701711654663086,28.142688751220703,32.10403060913086,31.139366149902344,28.366682052612305,27.940122604370117,27.260543823242188,25.961380004882812
22.322158813476562,22.682294845581055,20.804075241088867,21.15887451171875,25.323593139648438,27.732559204101562,26.422658920288086,24.084102630615234,22.40131950378418,21.03046989440918,18.72220802307129,17.029409408569336,17.34115219116211,18.595502853393555,19.872745513916016,22.484376907348633,25.510395050048828,26.82206153869629,28.315996170043945,31.086071014404297,24.72968864440918,12.252973556518555,4.566984176635742,3.365464925765991,4.65333366394043,5.823948383331299,6.802995204925537,8.44331169128418,12.121744155883789,14.895305633544922,16.373798370361328,18.02680206298828,20.303823471069336,22.46478843688965,23.919052124023438,25.15455436706543,26.315879821777344,27.356948852539062,27.6729679107666,27.84650993347168,28.05338478088379,27.88497543334961,27.429668426513672
18.063594818115234,15.654233932495117,13.62144660949707,13.80497932434082,17.00855827331543,21.80610466003418,24.36502456665039,24.0615234375,21.259082794189453,17.837108612060547,15.504195213317871,14.001439094543457,14.510498046875,15.343172073364258,15.430682182312012,16.71805763244629,18.178224563598633,20.238006591796875,25.077865600585938,22.682382583618164,15.391804695129395,7.742549419403076,4.135555267333984,0.7617445588111877,-0.5761944651603699,0.4413294792175293,2.9375293254852295,8.783699035644531,14.422765731811523,17.53557014465332,18.343751907348633,18.627479553222656,19.557254791259766,20.351768493652344,20.65028953552246,21.66576385498047,23.018211364746094,24.60488510131836,26.434438705444336,26.57534408569336,26.44148826599121,26.604354858398438,26.452003479003906
19.52609634399414,15.967452049255371,12.572270393371582,11.99972152709961,11.636594772338867,14.621796607971191,18.905132293701172,19.11918830871582,15.517709732055664,11.49498176574707,9.790358543395996,11.748774528503418,12.114581108093262,11.044023513793945,9.503144264221191,9.779742240905762,12.889981269836426,17.797775268554688,21.236019134521484,21.033550262451172,16.544343948364258,12.58561897277832,10.99856948852539,10.090568542480469,9.802396774291992,10.458492279052734,11.796941757202148,13.880178451538086,15.289798736572266,16.23792266845703,16.697391510009766,16.45602035522461,16.388065338134766,16.168766021728516,15.787043571472168,16.92978858947754,18.951377868652344,21.20616340637207,22.40713119506836,22.1855525970459,22.68132972717285,23.754833221435547,23.59657096862793
20.767566680908203,15.480798721313477,11.031660079956055,9.918452262878418,8.265411376953125,6.466075897216797,9.547342300415039,9.214929580688477,5.088921546936035,3.6120331287384033,5.52769136428833,9.524369239807129,10.812719345092773,8.74654769897461,6.7704362869262695,6.744374752044678,10.304924964904785,15.717355728149414,14.719902038574219,14.33310604095459,11.508740425109863,9.080065727233887,9.038671493530273,10.049866676330566,11.774245262145996,13.535749435424805,14.967118263244629,15.871559143066406,16.18353843688965,16.754878997802734,15.950837135314941,14.028661727905273,12.823953628540039,13.355220794677734,14.191824913024902,15.317492485046387,17.381982803344727,18.657575607299805,18.952905654907227,19.103355407714844,19.11501121520996,19.58213996887207,18.794477462768555
25.03868865966797,18.904550552368164,12.391090393066406,8.499238967895508,8.535124778747559,3.4136874675750732,4.3127288818359375,6.550422191619873,8.116191864013672,5.540942668914795,4.250866413116455,4.038849353790283,6.557952404022217,7.2187113761901855,4.986630439758301,4.938451766967773,9.337044715881348,13.076576232910156,14.243990898132324,13.499732971191406,11.11102294921875,10.871498107910156,11.196782112121582,12.432951927185059,14.31148624420166,15.78720474243164,16.709495544433594,18.277385711669922,18.697168350219727,17.076047897338867,15.091703414916992,13.4856538772583,13.418111801147461,14.282146453857422,14.938838005065918,15.522089004516602,16.34284782409668,16.9344425201416,17.388872146606445,17.644161224365234,16.13513946533203,14.534106254577637,13.313287734985352
