data/wind_data/wind_6_9.json
{"header": {"parameterUnit": "KT", "parameterCategory": 2, "nx": 256, "ny": 198, "lo1": 44.73521041870117, "la1": -3.236724853515625, "lo2": 111.26478576660156, "la2": 43.468475341796875, "dx": 0.2609002888202667, "dy": -0.23708222806453705, "refTime": "2025-02-19 06:00:00", "forecastTime": 0, "parameterNumber": 2, "parameterNumberName": "eastward_wind"}, "data":
[rows 57 to 75 of 198, columns 129 to 171 of 256]
4.613775730133057,5.93857479095459,7.419697284698486,8.303688049316406,8.983430862426758,9.372953414916992,9.312143325805664,9.104329109191895,9.345203399658203,9.801836967468262,9.864622116088867,9.501848220825195,9.152201652526855,8.627116203308105,7.537559509277344,6.145596504211426,4.941298484802246,4.365813732147217,4.53412389755249,4.891262054443359,5.086324214935303,5.6714630126953125,6.749405384063721,6.899387359619141,6.256016254425049,6.160436153411865,6.383803844451904,6.1924896240234375,5.954926490783691,5.954341411590576,5.863869667053223,5.530678749084473,5.251583576202393,5.094030857086182,4.979994773864746,4.894713401794434,4.500665187835693,3.2657718658447266,1.912791132926941,2.3733749389648438,4.48881196975708,5.196656703948975,3.9763176441192627
3.3284640312194824,4.366805076599121,5.863041400909424,6.8521904945373535,7.596397399902344,8.460789680480957,9.445975303649902,10.245820999145508,10.733057975769043,11.071884155273438,11.02827262878418,10.092683792114258,8.675310134887695,7.494450092315674,6.619211673736572,5.5667290687561035,4.116918087005615,3.0798819065093994,3.082108497619629,3.546065330505371,3.7787022590637207,4.373559951782227,6.014216899871826,7.1188435554504395,6.636224746704102,5.965475559234619,5.647486209869385,5.310225009918213,5.497471809387207,6.119731903076172,6.160296440124512,5.482066631317139,4.941190242767334,4.601377964019775,4.389331817626953,4.393577575683594,3.761385440826416,1.835131049156189,0.03903598338365555,0.5169780850410461,2.8043150901794434,4.032896995544434,3.2546966075897217
3.350048303604126,4.404656887054443,5.37241268157959,5.857696056365967,6.390492916107178,7.422603607177734,8.804459571838379,10.302513122558594,11.266678810119629,11.532646179199219,11.333413124084473,10.416794776916504,8.683991432189941,7.0102620124816895,6.174220561981201,5.673616409301758,4.611487865447998,3.2795865535736084,2.5243778228759766,2.6224746704101562,2.9913558959960938,3.4754042625427246,4.838433742523193,6.458831787109375,6.691121578216553,5.899041652679443,4.908665657043457,3.9714884757995605,4.078925132751465,4.966423034667969,5.048102378845215,4.222383499145508,3.649111032485962,3.535299301147461,3.605849266052246,3.8184635639190674,3.231555938720703,1.2435462474822998,-0.6768518090248108,-0.5331763029098511,1.2794461250305176,2.6447911262512207,2.8649253845214844
3.219700813293457,4.451423645019531,4.755874156951904,4.757349967956543,5.334478855133057,6.422778606414795,7.633483409881592,9.271053314208984,11.168556213378906,12.038025856018066,11.50428295135498,10.195265769958496,8.398691177368164,6.651436805725098,5.657144546508789,5.314993858337402,4.797116279602051,3.7904133796691895,2.757481575012207,2.5215282440185547,2.821697950363159,2.8688981533050537,3.27642560005188,4.621284008026123,5.597087860107422,5.278558731079102,4.0150346755981445,2.3909084796905518,1.7799433469772339,2.5899226665496826,3.098888635635376,2.546375274658203,2.0455498695373535,2.3125240802764893,2.7646942138671875,2.8929243087768555,2.392549753189087,1.1321953535079956,-0.20360514521598816,-0.4014863967895508,0.37917616963386536,1.1638039350509644,1.5572642087936401
1.5972265005111694,3.397780418395996,4.066049098968506,4.129725933074951,4.699280261993408,5.802226543426514,6.858108043670654,8.144766807556152,10.217806816101074,12.005207061767578,11.893168449401855,10.109695434570312,7.71183967590332,5.7804365158081055,4.8606696128845215,4.7175493240356445,4.46031379699707,3.4910340309143066,2.4127089977264404,2.045074224472046,2.076178789138794,1.6336675882339478,1.355536699295044,2.3427984714508057,3.9338181018829346,4.615147590637207,3.8570573329925537,1.9159483909606934,0.28489720821380615,0.30647632479667664,1.032747745513916,1.202865719795227,0.9818555116653442,0.9888712167739868,1.1912891864776611,1.2822701930999756,1.0768734216690063,0.5203482508659363,-0.03845643624663353,-0.2243693321943283,0.07673271745443344,0.5437823534011841,0.2678658068180084
0.24939900636672974,2.0230319499969482,3.3459203243255615,3.972567081451416,4.557245254516602,5.501962661743164,6.564011573791504,7.3169941902160645,8.280726432800293,9.905601501464844,10.866978645324707,9.824738502502441,7.386459827423096,5.079508304595947,3.8948214054107666,3.8118958473205566,3.7182087898254395,2.984367609024048,2.059385061264038,1.3613152503967285,0.8051623702049255,0.12794972956180573,-0.260483980178833,0.49108150601387024,2.1351568698883057,3.6380202770233154,4.197614669799805,3.164391279220581,1.1511845588684082,-0.1436704695224762,-0.4167209565639496,-0.4179098308086395,-0.6726453900337219,-1.3748493194580078,-2.050825357437134,-2.000800132751465,-1.573684573173523,-1.5272512435913086,-1.7241829633712769,-1.4038323163986206,-0.7297161221504211,-0.368945837020874,-0.6555349230766296
0.6404346227645874,1.3403388261795044,2.4793410301208496,3.7674524784088135,4.933716297149658,5.93407678604126,6.61195707321167,6.661383152008057,6.635977268218994,7.483816623687744,8.74669361114502,9.077842712402344,7.9794392585754395,6.048983097076416,4.30742073059082,3.359786033630371,2.852260112762451,2.476304292678833,2.024048328399658,1.1169511079788208,-0.1432783603668213,-1.0265320539474487,-1.1353460550308228,-0.3439943492412567,1.167103886604309,2.7708497047424316,3.830190658569336,3.8450918197631836,2.8563404083251953,1.325566291809082,-0.5589689016342163,-2.2761948108673096,-3.3693504333496094,-4.214505195617676,-5.031899452209473,-5.3901214599609375,-5.384105205535889,-5.2953925132751465,-4.626498222351074,-3.1314241886138916,-2.113011598587036,-2.0241594314575195,-1.9021446704864502
2.1073689460754395,2.129835605621338,2.5710854530334473,3.730010986328125,5.349587440490723,6.799731731414795,7.252082824707031,6.625915050506592,5.801976680755615,5.963845252990723,7.0776753425598145,8.275774002075195,8.614115715026855,7.641942024230957,5.899871349334717,4.11608362197876,2.5718979835510254,1.5049420595169067,1.0671135187149048,0.5033708214759827,-0.6054112911224365,-1.5554171800613403,-1.6015390157699585,-0.674753725528717,0.8125166296958923,2.289166212081909,3.2148146629333496,3.065814733505249,2.31217360496521,1.5183024406433105,-0.09048587083816528,-2.5711209774017334,-4.591795921325684,-5.596009731292725,-6.106383323669434,-6.781905174255371,-7.670650482177734,-7.856172561645508,-6.909921646118164,-5.618941783905029,-4.807072639465332,-4.179847717285156,-3.3207266330718994
3.4340829849243164,3.139380931854248,2.97007155418396,3.608335256576538,5.069546222686768,6.760087013244629,7.590789318084717,6.991296768188477,5.856936931610107,5.48206901550293,6.045461177825928,7.196164608001709,8.22073745727539,8.14780044555664,6.912534236907959,5.047394275665283,2.7558085918426514,0.518109917640686,-0.6756930351257324,-0.832302451133728,-0.964148223400116,-1.501948595046997,-1.8206062316894531,-1.2166887521743774,0.06988444924354553,1.2230260372161865,1.8251124620437622,1.7447372674942017,1.0808919668197632,0.5218954086303711,-0.02088461071252823,-1.3042080402374268,-3.252800464630127,-4.925690650939941,-5.544408798217773,-5.740087985992432,-6.475141525268555,-7.168092250823975,-7.215280532836914,-7.345492362976074,-7.670588493347168,-7.210570812225342,-6.047783851623535
3.971341133117676,3.2765183448791504,2.6129488945007324,2.655773401260376,3.5930590629577637,5.112020969390869,6.369968891143799,6.509124755859375,5.748061180114746,5.1286091804504395,5.12844181060791,5.871124267578125,7.049402713775635,7.530922889709473,6.723394393920898,5.0262603759765625,2.829519748687744,0.448870986700058,-1.3412280082702637,-1.8560900688171387,-1.6720999479293823,-1.7288672924041748,-1.9713702201843262,-1.8600196838378906,-1.3111647367477417,-0.685454249382019,-0.24132731556892395,-0.22552360594272614,-0.5534469485282898,-0.7540037631988525,-0.39492300152778625,-0.009139240719377995,-0.8273346424102783,-2.881474733352661,-4.506436824798584,-4.751874923706055,-4.681109428405762,-5.061646938323975,-5.489393711090088,-6.3271098136901855,-7.873465538024902,-8.929823875427246,-9.05878734588623
3.634392499923706,3.2109673023223877,2.5548055171966553,2.024984359741211,2.2037291526794434,3.136364459991455,4.238282680511475,4.832297325134277,4.684564113616943,4.284377574920654,3.997018814086914,4.228498935699463,5.062589645385742,5.733407974243164,5.5396318435668945,4.357695579528809,2.642075538635254,0.8959542512893677,-0.7018787264823914,-1.853652000427246,-2.264197826385498,-2.296967029571533,-2.502614736557007,-2.9035401344299316,-3.2173380851745605,-3.001903533935547,-2.6814966201782227,-2.7304811477661133,-2.8181185722351074,-2.547887086868286,-1.6099135875701904,-0.19627095758914948,0.481208473443985,-0.6760439276695251,-2.977206230163574,-4.70724630355835,-5.4361572265625,-5.583877086639404,-5.218620300292969,-4.862579345703125,-5.441921710968018,-6.937127590179443,-8.852729797363281
2.776007890701294,3.2367069721221924,3.2215561866760254,2.755889415740967,2.364320755004883,2.2729592323303223,2.6007635593414307,3.088696241378784,3.323411703109741,3.413982629776001,3.4756088256835938,3.3127455711364746,3.1920158863067627,3.420579433441162,3.629753589630127,3.2054483890533447,2.137967348098755,0.9068917632102966,-0.49815046787261963,-1.9261215925216675,-2.5348923206329346,-2.5373895168304443,-3.0097689628601074,-3.972395420074463,-4.779704570770264,-5.016336441040039,-5.053707599639893,-5.227114677429199,-5.285547256469727,-4.668534278869629,-3.2598278522491455,-1.4799457788467407,-0.13955672085285187,-0.25689372420310974,-1.9781004190444946,-4.274468898773193,-6.074228286743164,-6.798761367797852,-6.421162128448486,-5.494612216949463,-4.912535667419434,-5.100560665130615,-6.483331680297852
1.856075644493103,2.6264591217041016,3.139035701751709,3.247431516647339,3.2048587799072266,2.7502009868621826,2.289041042327881,2.244873523712158,2.4230501651763916,2.7744123935699463,3.2044289112091064,3.115879774093628,2.4330501556396484,1.8808492422103882,1.6253935098648071,1.413918137550354,1.065636157989502,0.15306705236434937,-1.5076971054077148,-2.966975212097168,-3.266810417175293,-3.017610788345337,-3.432199716567993,-4.622568607330322,-5.85465145111084,-6.636955738067627,-6.802791595458984,-6.762660980224609,-6.839199542999268,-6.511438846588135,-5.517062664031982,-4.212512016296387,-2.996093273162842,-2.4699008464813232,-3.1474599838256836,-4.7743000984191895,-6.362467288970947,-7.009244441986084,-6.830141067504883,-6.579586505889893,-6.433732986450195,-5.848618984222412,-5.376985549926758
1.2305753231048584,1.5930652618408203,2.022221565246582,2.4392142295837402,2.687858819961548,2.5165839195251465,2.112410545349121,1.8534554243087769,1.689347505569458,1.7020173072814941,2.1257643699645996,2.533588409423828,2.1834206581115723,1.1968399286270142,0.3290833830833435,-0.06690378487110138,-0.16004589200019836,-0.7385814785957336,-2.2724711894989014,-3.8072314262390137,-4.3424882888793945,-4.124606132507324,-4.269918441772461,-5.284400463104248,-6.577282905578613,-7.395991802215576,-7.484445571899414,-7.473578453063965,-7.886544704437256,-8.124228477478027,-7.810073375701904,-7.187631130218506,-6.330657005310059,-5.634454250335693,-5.883597373962402,-6.878519535064697,-7.514678478240967,-7.442695140838623,-7.123819351196289,-7.149352550506592,-7.510076522827148,-7.140755653381348,-5.951669216156006
0.4975568652153015,0.3848814070224762,0.37912800908088684,0.6985292434692383,0.8246393799781799,0.6550305485725403,0.5069082975387573,0.502683162689209,0.24596242606639862,-0.020377110689878464,0.4370059072971344,1.2361806631088257,1.368019938468933,0.655063271522522,-0.13627125322818756,-0.5452473163604736,-0.6269790530204773,-0.9623149633407593,-2.2749509811401367,-3.9376368522644043,-4.7840447425842285,-4.998880863189697,-5.437247276306152,-6.301462173461914,-7.212753772735596,-7.707921028137207,-7.706345558166504,-7.839217662811279,-8.447196006774902,-8.960047721862793,-9.003876686096191,-8.74045467376709,-8.24208927154541,-7.663063049316406,-7.586402416229248,-8.049163818359375,-8.459019660949707,-8.545755386352539,-8.496856689453125,-8.412575721740723,-8.322747230529785,-7.869049549102783,-7.085468292236328
-0.4194948971271515,-1.236741304397583,-1.873916745185852,-2.0111775398254395,-1.8034321069717407,-1.6860772371292114,-1.785581350326538,-1.8689085245132446,-1.809117078781128,-1.4857217073440552,-0.9115045666694641,-0.46100372076034546,-0.29493197798728943,-0.264167457818985,-0.2641863524913788,-0.29752206802368164,-0.42795422673225403,-0.8356408476829529,-1.927343726158142,-3.335907220840454,-4.331812381744385,-5.0542683601379395,-6.030362129211426,-7.093136310577393,-7.758613109588623,-7.986907005310059,-7.941658020019531,-8.021295547485352,-8.608293533325195,-9.284944534301758,-9.462411880493164,-9.25885009765625,-9.01970386505127,-8.722100257873535,-8.488914489746094,-8.47834587097168,-8.608396530151367,-8.807967185974121,-9.129191398620605,-9.260299682617188,-8.915266036987305,-8.213606834411621,-7.482037544250488
-1.2262165546417236,-2.3941287994384766,-3.7198843955993652,-4.678853511810303,-4.766845703125,-4.246688365936279,-3.8298001289367676,-3.811126708984375,-3.816880464553833,-3.432914972305298,-2.9014523029327393,-2.6128203868865967,-2.3860526084899902,-1.7187424898147583,-0.7611612677574158,-0.21377429366111755,-0.424432635307312,-1.2267167568206787,-2.104551315307617,-2.8093442916870117,-3.396404504776001,-4.024899959564209,-5.052462577819824,-6.4458441734313965,-7.601236343383789,-8.183917999267578,-8.17746639251709,-7.969186782836914,-8.37851333618164,-9.449861526489258,-10.224875450134277,-10.301097869873047,-10.13003158569336,-9.931177139282227,-9.690730094909668,-9.542470932006836,-9.417276382446289,-9.07995891571045,-8.612784385681152,-8.301288604736328,-8.072088241577148,-7.68588924407959,-7.235623836517334
-2.010563850402832,-3.278451681137085,-4.613544464111328,-5.824945449829102,-6.579657554626465,-6.677657127380371,-6.316321849822998,-5.859822750091553,-5.584432601928711,-5.507287979125977,-5.524796009063721,-5.482183933258057,-4.92986536026001,-3.7301316261291504,-2.4133851528167725,-1.6633740663528442,-1.8296842575073242,-2.55285382270813,-3.024685859680176,-3.0564188957214355,-2.9412167072296143,-3.053344249725342,-3.7446045875549316,-5.021503448486328,-6.512767314910889,-7.721706390380859,-8.281506538391113,-8.239042282104492,-8.372544288635254,-9.324803352355957,-10.478468894958496,-10.949691772460938,-10.952634811401367,-10.99886703491211,-11.074747085571289,-11.118884086608887,-10.98077392578125,-10.30530834197998,-9.252917289733887,-8.19961166381836,-7.450671672821045,-7.118807792663574,-7.109442234039307
-2.5041186809539795,-3.9559152126312256,-5.122328281402588,-6.039022445678711,-7.101166248321533,-8.005077362060547,-8.359135627746582,-8.032522201538086,-7.204668998718262,-6.6074066162109375,-6.8125224113464355,-7.491647243499756,-7.701892852783203,-6.8291826248168945,-5.557518005371094,-4.883078575134277,-4.848978042602539,-4.864926338195801,-4.469468116760254,-3.7944469451904297,-3.2184224128723145,-3.0029008388519287,-3.305943489074707,-4.125393867492676,-5.424066543579102,-6.949615478515625,-8.198471069335938,-8.7366943359375,-8.802255630493164,-9.15654468536377,-9.965818405151367,-10.615578651428223,-10.986627578735352,-11.464491844177246,-11.99943733215332,-12.189132690429688,-11.869757652282715,-11.115068435668945,-10.224684715270996,-9.407548904418945,-8.725335121154785,-8.243485450744629,-8.023847579956055
