data/wind_data/wind_37_5.json
{"header": {"parameterUnit": "KT", "parameterCategory": 2, "nx": 256, "ny": 198, "lo1": 44.73521041870117, "la1": -3.236724853515625, "lo2": 111.26478576660156, "la2": 43.468475341796875, "dx": 0.2609002888202667, "dy": -0.23708222806453705, "refTime": "2025-02-20 13:00:00", "forecastTime": 0, "parameterNumber": 2, "parameterNumberName": "eastward_wind"}, "data":
[rows 57 to 75 of 198, columns 176 to 219 of 256]
7.1928839683532715,7.116124629974365,6.740972518920898,6.64807653427124,7.208090782165527,7.9559645652771,7.2870073318481445,7.074960708618164,7.245185852050781,7.99144983291626,8.141960144042969,7.7444353103637695,7.512622356414795,6.489549160003662,4.945028305053711,4.013735294342041,3.564676284790039,3.384080648422241,3.226093053817749,3.2001500129699707,2.9356110095977783,2.3239333629608154,1.925328254699707,1.996392846107483,2.576681613922119,3.3659489154815674,3.6150104999542236,3.695556640625,4.246029853820801,5.448735237121582,7.043439865112305,7.066431999206543,6.356851577758789,4.395473003387451,5.363063812255859,3.932455062866211,2.3380913734436035,1.216059684753418,-0.420064240694046,-0.5247320532798767,0.2461218237876892,-0.4585326611995697,-1.6776177883148193,-1.0675119161605835
7.951483249664307,7.946843147277832,8.058744430541992,7.928718566894531,7.827637195587158,7.8440423011779785,7.550864219665527,7.0668044090271,6.561439514160156,6.451656818389893,6.950169086456299,7.836510181427002,8.318243980407715,8.041762351989746,6.743556976318359,5.3045501708984375,4.441503047943115,4.080992221832275,3.7547144889831543,3.437204599380493,3.1378891468048096,2.9757304191589355,2.8889994621276855,2.906904697418213,3.035165309906006,3.389948606491089,3.9340016841888428,4.237184524536133,4.261613845825195,4.8150458335876465,2.3810348510742188,0.47501635551452637,2.1938512325286865,3.0919575691223145,5.543729305267334,5.38870906829834,3.766953945159912,2.3615329265594482,0.16688066720962524,-0.743353545665741,-0.34440186619758606,-0.10132641345262527,-1.4155892133712769,-2.4002647399902344
8.531993865966797,8.874913215637207,9.072169303894043,9.093198776245117,8.72840690612793,8.070003509521484,7.584156513214111,7.252772331237793,6.8783416748046875,6.262324333190918,6.1121649742126465,6.950385570526123,7.593350887298584,7.927334785461426,7.839850902557373,6.968479633331299,5.878271579742432,5.1161208152771,4.296279430389404,4.7539191246032715,4.476986408233643,3.776254892349243,3.916666269302368,3.5575270652770996,3.2577064037323,3.4068617820739746,4.118262767791748,4.791043281555176,5.089075565338135,6.421404838562012,6.045384407043457,5.535318374633789,4.308364391326904,4.905150413513184,6.574678897857666,6.231481552124023,5.3185553550720215,3.991579532623291,2.015868902206421,0.6793200969696045,0.21756112575531006,0.4728107154369354,0.23506148159503937,-1.1950210332870483
8.619139671325684,9.426852226257324,9.803071022033691,9.88538932800293,9.688349723815918,9.061872482299805,8.275864601135254,7.603726863861084,7.271724224090576,6.9893798828125,6.544425964355469,6.700124740600586,7.026228427886963,7.146604061126709,7.453150749206543,7.628627777099609,7.010383129119873,6.4817609786987305,4.96511697769165,3.191046714782715,3.7384188175201416,4.418385982513428,4.471449851989746,4.155875205993652,3.3832249641418457,3.3715872764587402,4.10172700881958,4.918047904968262,5.410435676574707,6.178051471710205,6.451687812805176,7.744226932525635,7.890026092529297,6.769739627838135,7.443526268005371,6.8973212242126465,6.388950824737549,5.4162163734436035,3.6986277103424072,2.461195230484009,1.5445473194122314,1.241425633430481,1.3519980907440186,1.6009547710418701
8.505424499511719,9.348793983459473,10.19919490814209,10.554638862609863,10.501314163208008,10.10785961151123,9.405526161193848,8.736966133117676,8.1535062789917,7.829166412353516,7.3273797035217285,7.043928623199463,7.260835647583008,7.227921009063721,7.146329402923584,7.117552280426025,7.087508678436279,6.942691326141357,6.264451503753662,4.6501922607421875,4.174124240875244,4.802206039428711,5.4518961906433105,4.827569007873535,3.8302505016326904,3.632662773132324,4.033811569213867,4.8079681396484375,5.698919296264648,6.574636459350586,6.595855712890625,6.91204833984375,9.397908210754395,9.547792434692383,9.154561042785645,8.145565032958984,7.006959438323975,5.984882831573486,5.076347827911377,4.329778671264648,3.3597030639648438,3.2323179244995117,4.128270149230957,4.819907188415527
8.783561706542969,9.117562294006348,10.029419898986816,10.877415657043457,11.148090362548828,10.93374252319336,10.499009132385254,10.137059211730957,9.635010719299316,9.063525199890137,8.46248722076416,7.739835262298584,7.615487575531006,7.666996002197266,7.661196708679199,7.307003974914551,6.841407299041748,6.568137168884277,6.720438480377197,6.681552886962891,6.231452941894531,6.006625175476074,6.1926093101501465,5.490777492523193,4.770209312438965,4.594953536987305,4.531746864318848,4.766745567321777,5.370319366455078,6.066587924957275,6.345431804656982,5.687317371368408,8.074064254760742,9.776989936828613,11.024069786071777,9.40837287902832,7.342889785766602,6.200448036193848,6.078980922698975,6.012192726135254,5.15367317199707,4.771232604980469,5.499091148376465,6.370271682739258
9.459700584411621,9.335119247436523,9.784114837646484,10.575370788574219,11.193204879760742,11.441473960876465,11.521709442138672,11.417134284973145,11.267284393310547,10.637958526611328,9.819975852966309,8.922433853149414,8.359596252441406,8.296356201171875,8.328497886657715,8.033326148986816,7.262450218200684,6.58939790725708,6.615361213684082,7.189261436462402,7.435632705688477,7.2267608642578125,6.803133964538574,6.285529136657715,5.7245073318481445,5.502318859100342,5.4764084815979,5.0555524826049805,4.565456390380859,5.110356330871582,6.289079189300537,7.016597747802734,9.07027816772461,10.615111351013184,10.099448204040527,7.619440078735352,6.9628729820251465,6.537818431854248,5.934237957000732,6.290583610534668,5.63540506362915,3.842801332473755,3.634230375289917,5.53811502456665
9.956390380859375,9.767627716064453,9.936956405639648,10.319289207458496,10.763571739196777,11.22029972076416,11.71941089630127,12.071654319763184,12.01014518737793,11.778980255126953,11.413739204406738,10.480818748474121,9.574119567871094,9.281262397766113,9.151717185974121,8.855284690856934,8.155157089233398,7.2714409828186035,6.798342227935791,7.004951000213623,7.662286281585693,8.02159309387207,7.732086181640625,7.361219882965088,6.7134623527526855,5.9821553230285645,5.701864242553711,5.622171401977539,5.491371154785156,5.81757926940918,7.63527774810791,9.691965103149414,10.806058883666992,6.9995245933532715,4.75974702835083,5.2513322830200195,5.9001874923706055,6.674853801727295,6.660211563110352,6.941729545593262,5.908583641052246,3.0375030040740967,2.2164530754089355,4.365720272064209
10.361964225769043,10.099275588989258,10.19698715209961,10.507801055908203,10.695658683776855,10.907735824584961,11.310206413269043,11.966958999633789,12.397173881530762,12.484467506408691,12.41374683380127,11.724237442016602,10.880660057067871,10.379807472229004,10.080046653747559,9.738787651062012,9.16753101348877,8.38232135772705,7.555718898773193,7.1122331619262695,7.51123571395874,8.371241569519043,8.835529327392578,8.648119926452637,7.831948757171631,6.715076446533203,6.094449520111084,5.877326488494873,5.670293807983398,5.699522972106934,7.872061252593994,11.34461784362793,10.134092330932617,5.384589195251465,6.481503009796143,7.427825927734375,6.593942642211914,6.861982345581055,7.324869632720947,8.201841354370117,8.419198989868164,6.684404373168945,5.690613746643066,7.188158988952637
10.784348487854004,10.652961730957031,10.535908699035645,10.773857116699219,11.015238761901855,11.074464797973633,11.149500846862793,11.443402290344238,12.020768165588379,12.613211631774902,12.790952682495117,12.444519996643066,11.993464469909668,11.54898738861084,11.139375686645508,10.699090957641602,10.175259590148926,9.515634536743164,8.66151237487793,7.814094066619873,7.634180068969727,8.32677936553955,9.318257331848145,9.728789329528809,9.150863647460938,7.933108329772949,6.798830032348633,5.839019298553467,5.259175777435303,3.802431106567383,6.090340614318848,7.5827202796936035,10.182295799255371,4.068252086639404,7.625192642211914,11.231491088867188,10.407773971557617,9.452577590942383,9.169022560119629,9.546781539916992,10.462318420410156,10.331586837768555,9.970301628112793,11.271784782409668
10.950749397277832,11.229037284851074,11.112862586975098,11.083300590515137,11.264678001403809,11.35400390625,11.333231925964355,11.377617835998535,11.654130935668945,12.128265380859375,12.48363971710205,12.581498146057129,12.613978385925293,12.495214462280273,12.244776725769043,11.879738807678223,11.382987022399902,10.706106185913086,9.780118942260742,8.777704238891602,8.171194076538086,8.369173049926758,9.376577377319336,10.000442504882812,9.664190292358398,8.896492004394531,8.027543067932129,7.017451763153076,5.644059658050537,4.713253974914551,6.3644514083862305,6.0763840675354,12.008959770202637,12.035630226135254,11.12642765045166,10.489493370056152,11.598917007446289,11.702096939086914,11.524685859680176,11.52835750579834,11.939895629882812,12.050025939941406,13.031660079956055,14.029409408569336
10.837641716003418,11.484246253967285,11.674040794372559,11.516212463378906,11.407227516174316,11.416895866394043,11.38570499420166,11.393754959106445,11.558892250061035,11.852572441101074,12.172348976135254,12.411162376403809,12.595438003540039,12.72971248626709,12.818082809448242,12.8831205368042,12.742876052856445,12.143933296203613,11.058467864990234,9.84618091583252,8.922449111938477,8.804186820983887,9.60590648651123,9.953469276428223,9.460537910461426,9.115843772888184,8.877671241760254,7.912390232086182,5.580387115478516,5.623299598693848,7.906163692474365,8.176149368286133,9.97489070892334,13.00671100616455,12.716697692871094,8.930292129516602,8.703685760498047,10.31268310546875,12.587039947509766,13.832350730895996,13.955587387084961,14.187202453613281,14.40074634552002,14.69658088684082
10.695322036743164,11.28962230682373,11.799935340881348,11.85608196258545,11.572067260742188,11.360623359680176,11.265054702758789,11.210622787475586,11.292166709899902,11.584402084350586,12.036663055419922,12.415983200073242,12.572226524353027,12.671843528747559,12.802425384521484,13.077678680419922,13.452850341796875,13.428837776184082,12.574991226196289,11.240549087524414,10.039658546447754,9.534127235412598,10.079460144042969,10.371588706970215,9.604804992675781,9.058156967163086,8.949639320373535,8.944528579711914,8.355119705200195,7.686157703399658,9.967137336730957,11.5033597946167,11.304591178894043,13.204522132873535,12.370951652526855,9.80244255065918,8.077495574951172,10.261622428894043,11.654390335083008,13.958322525024414,15.617249488830566,15.087811470031738,15.490230560302734,15.474828720092773
10.879671096801758,11.036940574645996,11.409160614013672,11.721626281738281,11.626940727233887,11.326260566711426,11.118362426757812,10.999839782714844,10.961606979370117,11.170571327209473,11.663529396057129,12.197585105895996,12.494439125061035,12.649744033813477,12.785377502441406,12.993014335632324,13.376022338867188,13.737805366516113,13.494278907775879,12.61416244506836,11.503643035888672,10.663124084472656,10.715485572814941,11.219687461853027,10.610180854797363,9.331153869628906,9.137064933776855,10.327956199645996,11.764208793640137,12.40081787109375,14.390039443969727,15.698838233947754,16.513256072998047,15.743146896362305,14.069326400756836,11.916282653808594,12.062945365905762,12.060065269470215,13.68476390838623,14.461658477783203,15.793753623962402,15.705039024353027,15.899511337280273,15.33434009552002
11.358270645141602,11.19473648071289,11.066402435302734,11.206819534301758,11.386648178100586,11.29925537109375,11.078836441040039,10.881479263305664,10.738868713378906,10.824563980102539,11.176787376403809,11.527347564697266,11.81595230102539,12.220100402832031,12.759529113769531,13.143426895141602,13.406473159790039,13.654840469360352,13.60128402709961,13.201200485229492,12.561201095581055,11.807415008544922,11.573833465576172,12.242895126342773,12.032806396484375,10.256875038146973,9.209765434265137,10.349117279052734,8.46379280090332,9.317291259765625,13.850508689880371,15.024560928344727,16.919513702392578,16.078824996948242,14.612325668334961,12.870767593383789,14.003650665283203,14.84732437133789,15.967559814453125,15.618609428405762,16.19582176208496,16.213912963867188,15.880762100219727,15.17410659790039
11.90255069732666,11.727014541625977,11.319457054138184,10.995400428771973,11.067737579345703,11.226943016052246,11.114962577819824,10.837702751159668,10.602728843688965,10.570704460144043,10.715739250183105,10.786640167236328,10.853414535522461,11.442025184631348,12.357931137084961,13.01578140258789,13.836644172668457,14.047880172729492,13.94848346710205,13.574756622314453,13.074774742126465,12.514713287353516,12.298746109008789,12.853631973266602,12.915356636047363,11.788483619689941,11.315449714660645,11.833344459533691,11.817229270935059,12.01696491241455,13.352176666259766,15.07750129699707,16.280771255493164,15.682917594909668,15.034311294555664,14.253392219543457,15.187957763671875,16.3104305267334,17.728456497192383,17.029329299926758,16.958269119262695,17.06100845336914,16.644363403320312,16.134429931640625
12.769983291625977,12.305724143981934,11.956308364868164,11.471266746520996,11.163078308105469,11.229578018188477,11.277320861816406,11.016274452209473,10.620530128479004,10.421554565429688,10.404077529907227,10.324841499328613,10.486940383911133,11.033467292785645,11.687267303466797,11.896900177001953,13.032991409301758,14.221630096435547,14.846855163574219,14.487058639526367,13.81559944152832,13.09923267364502,12.815167427062988,13.260883331298828,13.459586143493652,12.698958396911621,13.435724258422852,13.327363967895508,13.320904731750488,14.796469688415527,16.111520767211914,17.292572021484375,18.509952545166016,17.90825080871582,16.53611946105957,16.009117126464844,16.395370483398438,16.856382369995117,18.063247680664062,18.020658493041992,17.98189353942871,18.264131546020508,18.135395050048828,17.741943359375
14.263548851013184,13.158214569091797,12.56192398071289,12.184611320495605,11.728490829467773,11.467768669128418,11.529966354370117,11.512351989746094,11.123270988464355,10.655174255371094,10.40746021270752,10.296640396118164,10.647139549255371,11.421363830566406,10.995221138000488,10.886628150939941,10.926816940307617,12.210073471069336,14.181096076965332,15.003026962280273,14.562698364257812,13.931364059448242,13.50865650177002,13.606680870056152,13.724539756774902,13.094481468200684,14.120111465454102,14.287555694580078,13.629644393920898,15.322922706604004,17.447343826293945,19.903377532958984,20.615177154541016,19.974300384521484,18.562175750732422,17.33050537109375,16.556882858276367,16.605676651000977,17.211530685424805,17.726852416992188,18.475475311279297,19.027353286743164,19.06602668762207,18.971994400024414
15.8738431930542,14.569494247436523,13.432543754577637,12.826765060424805,12.445393562316895,12.052812576293945,11.902777671813965,12.005303382873535,11.921344757080078,11.464786529541016,10.867395401000977,10.623241424560547,10.894067764282227,11.725836753845215,11.169809341430664,11.863093376159668,10.515698432922363,11.00851058959961,12.684925079345703,14.347126960754395,15.046911239624023,14.891286849975586,14.457643508911133,14.294535636901855,14.183507919311523,13.584739685058594,14.585798263549805,15.95619010925293,15.686623573303223,16.10500717163086,17.651500701904297,20.46915626525879,21.30402946472168,20.359159469604492,18.610515594482422,17.239160537719727,16.973848342895508,17.321962356567383,17.6981201171875,18.27836036682129,18.991361618041992,19.827394485473633,19.929014205932617,19.481435775756836
