data/wind_data/wind_29_3.json
{"header": {"parameterUnit": "KT", "parameterCategory": 2, "nx": 256, "ny": 198, "lo1": 44.73521041870117, "la1": -3.236724853515625, "lo2": 111.26478576660156, "la2": 43.468475341796875, "dx": 0.2609002888202667, "dy": -0.23708222806453705, "refTime": "2025-02-20 05:00:00", "forecastTime": 0, "parameterNumber": 2, "parameterNumberName": "eastward_wind"}, "data":
[rows 152 to 170 of 198, columns 44 to 87 of 256]
2.0014379024505615,3.2069361209869385,2.949411630630493,2.677868604660034,2.208735466003418,1.615157127380371,1.5986031293869019,3.112968683242798,6.067751884460449,6.223618507385254,4.9690937995910645,4.206267833709717,3.5209498405456543,2.914885997772217,2.0644099712371826,1.7202211618423462,1.548653244972229,1.0958963632583618,1.232109785079956,1.111151099205017,1.663097858428955,2.821225643157959,3.3127026557922363,3.0349674224853516,4.272822380065918,6.793494701385498,8.89699935913086,9.888202667236328,10.448129653930664,11.033716201782227,11.467387199401855,12.137083053588867,12.696656227111816,12.453590393066406,11.772782325744629,11.104644775390625,10.75551986694336,10.762258529663086,9.661141395568848,8.735687255859375,9.87914752960205,11.384481430053711,11.872101783752441,11.721405982971191
1.7831416130065918,2.1018660068511963,1.320490837097168,0.9483900666236877,0.9638609290122986,0.39431560039520264,0.8279256820678711,2.550788164138794,4.529878616333008,4.5541253089904785,3.5427134037017822,2.758629560470581,2.225313186645508,2.275235176086426,2.643221378326416,2.8040659427642822,2.5556015968322754,2.560276985168457,1.7281159162521362,1.1028990745544434,1.4975719451904297,2.611339807510376,3.38887357711792,3.995922803878784,4.889917373657227,6.683997631072998,8.668280601501465,9.388443946838379,9.447508811950684,10.161314010620117,11.07188606262207,11.877815246582031,11.916090965270996,10.46094036102295,8.704829216003418,7.585112571716309,7.630610466003418,7.8576741218566895,8.62519359588623,9.849730491638184,9.787546157836914,9.920623779296875,11.813300132751465,11.796308517456055
1.8812130689620972,1.9395769834518433,0.7160840034484863,0.0873868316411972,0.6302263140678406,0.4776035249233246,1.0639725923538208,2.32098388671875,3.244108200073242,3.4009039402008057,2.9182963371276855,2.3612465858459473,2.487523078918457,2.818051338195801,3.4109854698181152,4.016136646270752,3.952638626098633,3.2912588119506836,1.6122695207595825,0.3379351794719696,1.236370325088501,2.5961413383483887,3.308971881866455,3.8880748748779297,4.340585708618164,5.2014055252075195,6.241464614868164,6.263809680938721,5.895873546600342,6.262719631195068,7.492110252380371,9.117650985717773,9.998801231384277,9.431992530822754,7.722806453704834,6.045009136199951,6.204004287719727,6.915163993835449,8.851563453674316,9.911383628845215,8.739659309387207,7.399388790130615,9.935972213745117,10.930283546447754
2.2975616455078125,2.6725404262542725,1.761261224746704,1.1164710521697998,0.8777266144752502,0.9926808476448059,1.6193033456802368,2.334141254425049,2.9494147300720215,3.273280382156372,3.220688819885254,3.3433754444122314,3.6804792881011963,3.8689136505126953,4.431278705596924,5.443532943725586,4.90289831161499,3.7464053630828857,1.78722083568573,0.04809979721903801,0.7455941438674927,1.3575384616851807,1.4877904653549194,1.609239935874939,1.5371965169906616,1.4357401132583618,1.151914358139038,1.0238162279129028,1.4681321382522583,1.8975220918655396,2.607194423675537,4.413737773895264,6.014575958251953,6.42078971862793,5.693739414215088,5.134475231170654,5.46756649017334,6.801396369934082,8.266475677490234,8.613487243652344,8.775677680969238,8.07482624053955,8.26484489440918,8.961175918579102
3.5597081184387207,4.06995153427124,4.1345534324646,3.614969253540039,2.1344738006591797,1.552765965461731,2.2887449264526367,2.900759220123291,3.5374717712402344,4.4396209716796875,5.367553234100342,5.631290912628174,5.118420124053955,4.944769859313965,5.97961950302124,6.338837623596191,4.92364501953125,4.042616367340088,2.6703414916992188,0.9267428517341614,0.34748369455337524,0.2296701967716217,0.29916203022003174,0.30547821521759033,0.04087809473276138,-0.19367645680904388,-0.5293213129043579,-0.7513586282730103,0.23761817812919617,1.9593031406402588,3.506354570388794,4.403946876525879,4.017678260803223,3.3625710010528564,3.6750991344451904,4.53156042098999,5.220787048339844,6.269959449768066,7.074035167694092,7.045799732208252,7.67406702041626,8.018898963928223,6.393762111663818,7.4608049392700195
5.4610137939453125,5.450517177581787,5.733018398284912,5.38740873336792,3.9954752922058105,3.4033501148223877,3.801464557647705,4.4395060539245605,5.694817066192627,6.933428764343262,7.77411413192749,7.113908767700195,6.555987358093262,6.558115482330322,7.121973514556885,5.8229594230651855,4.440034866333008,4.370445251464844,4.155340671539307,1.5856022834777832,-0.21459224820137024,-0.21330823004245758,0.12572908401489258,0.1773611158132553,-0.21253235638141632,-0.7916253209114075,-1.259810447692871,-1.5102121829986572,-0.21895229816436768,2.534848213195801,4.649360179901123,5.508569717407227,4.831624984741211,3.5191192626953125,3.020423173904419,3.161933422088623,3.990241050720215,5.091827392578125,6.188222408294678,6.241354942321777,5.604310989379883,5.8444294929504395,5.736875534057617,6.389073371887207
7.608893871307373,7.007852554321289,6.347534656524658,5.463460445404053,5.048578262329102,5.7364654541015625,6.684071063995361,7.3450927734375,7.431768894195557,7.340861797332764,7.023458480834961,6.536006927490234,7.435696125030518,7.193788528442383,6.508516788482666,5.1767072677612305,4.35013484954834,4.707953453063965,4.147359371185303,1.1554688215255737,-0.2572742998600006,-0.0940791442990303,0.33397185802459717,0.5127565264701843,0.06457405537366867,-0.8301271200180054,-1.650607705116272,-2.492291212081909,-2.288710594177246,-0.7202154397964478,0.8478326201438904,1.8111639022827148,1.8935431241989136,1.3454984426498413,0.5446195602416992,0.817399263381958,2.420367956161499,3.7467093467712402,4.471338272094727,4.482888698577881,3.571871519088745,3.4962079524993896,4.949814319610596,6.6296515464782715
9.704374313354492,7.948590278625488,6.406558036804199,5.8812456130981445,6.4215521812438965,7.775650978088379,8.80502986907959,8.348923683166504,7.497636795043945,7.134328842163086,5.556759834289551,5.102557182312012,6.533689022064209,6.167808532714844,5.744313716888428,4.876240253448486,3.7860844135284424,3.7515933513641357,2.9349007606506348,0.5314342379570007,-0.21953411400318146,0.0485096275806427,0.6082658171653748,0.9358212351799011,0.5036728382110596,-0.7661764025688171,-1.9374161958694458,-2.5327987670898438,-2.8427956104278564,-2.751725196838379,-2.6982133388519287,-3.1408400535583496,-3.4606995582580566,-2.7590558528900146,-1.5727483034133911,-0.1556629240512848,1.7938487529754639,3.028103828430176,2.382082462310791,1.4296244382858276,1.2870668172836304,1.9326808452606201,3.161233425140381,6.309136867523193
9.733962059020996,7.833125114440918,7.147950649261475,7.514206409454346,7.913192272186279,7.964931488037109,8.089645385742188,8.834283828735352,9.103961944580078,7.241065979003906,5.205524444580078,5.696194171905518,6.374986171722412,5.0685248374938965,4.61627721786499,4.158493995666504,2.606370449066162,2.31343936920166,1.6378446817398071,-0.03041158989071846,-0.7073879837989807,-0.5008015632629395,0.4092492163181305,1.094504714012146,0.869350016117096,-0.3266766369342804,-0.9834761023521423,-0.9271997213363647,-1.1704298257827759,-1.4903697967529297,-2.1844124794006348,-3.2506957054138184,-3.758218765258789,-3.178786277770996,-1.7627462148666382,-0.47827863693237305,0.9514088034629822,2.1205132007598877,1.7359580993652344,1.5043818950653076,1.7472848892211914,2.2325782775878906,1.3592251539230347,3.18473744392395
11.636543273925781,10.705560684204102,10.327261924743652,10.442180633544922,9.853439331054688,8.971939086914062,8.923828125,9.83857250213623,9.434810638427734,7.884170055389404,6.492494106292725,7.324466705322266,6.6130170822143555,5.080204486846924,5.05496883392334,4.016597747802734,2.889832019805908,2.6747021675109863,1.1133397817611694,-0.34962642192840576,-1.033818006515503,-0.8382553458213806,0.21824204921722412,1.1917517185211182,1.086911678314209,0.27884405851364136,0.10025401413440704,0.03492730110883713,-0.2814226448535919,-0.5604836344718933,-1.5197227001190186,-3.196223497390747,-3.8168694972991943,-2.984421968460083,-1.5252426862716675,-0.2932473123073578,0.39543795585632324,0.585305392742157,1.2972790002822876,2.3802881240844727,3.1229820251464844,3.3028597831726074,1.466351866722107,1.3380718231201172
12.124375343322754,11.481060981750488,11.707681655883789,11.973235130310059,11.477472305297852,10.418107986450195,10.29405403137207,11.10401439666748,10.180797576904297,7.833752632141113,7.38820219039917,8.950634956359863,7.00040340423584,5.604788780212402,5.472906112670898,4.4523091316223145,3.799476146697998,2.778454542160034,0.9670599102973938,-0.40419313311576843,-1.0226240158081055,-0.8235337734222412,0.22617636620998383,1.287320613861084,1.0552040338516235,0.3651859760284424,0.1905081570148468,-0.05139201506972313,-0.34446772933006287,-0.4969569742679596,-1.0991536378860474,-2.4455080032348633,-3.2701210975646973,-2.5351626873016357,-1.1973998546600342,-0.19255593419075012,0.2652108073234558,0.6477615237236023,1.6188148260116577,2.951158046722412,3.9255614280700684,4.084769248962402,2.1757798194885254,1.4652150869369507
14.92136287689209,14.148702621459961,12.914414405822754,12.090754508972168,12.119613647460938,12.233189582824707,11.807404518127441,11.567704200744629,10.331378936767578,7.571909427642822,7.103440284729004,9.392755508422852,7.566437244415283,7.144032001495361,6.240539073944092,4.538493633270264,2.786602020263672,1.9080911874771118,0.7257114052772522,-0.5083979964256287,-0.8931472301483154,-0.6932582855224609,0.23151597380638123,1.2377289533615112,0.7931755781173706,-0.16501076519489288,-0.6482912302017212,-0.7838611602783203,-0.8502159714698792,-0.8672969937324524,-1.3033074140548706,-1.9985368251800537,-2.4551775455474854,-1.9380006790161133,-0.8769804835319519,-0.008761541917920113,0.5886529684066772,1.1201753616333008,2.2647409439086914,3.786773204803467,5.220489978790283,6.06864070892334,5.064450263977051,2.3099465370178223
15.058399200439453,15.579093933105469,15.232868194580078,14.960561752319336,14.34208869934082,13.251914024353027,12.313840866088867,10.577510833740234,7.713119983673096,6.3647894859313965,8.754020690917969,9.322120666503906,9.048734664916992,8.00434684753418,5.905666828155518,3.122318983078003,2.250544309616089,1.37428617477417,0.21240144968032837,-0.6611378192901611,-0.7276232242584229,-0.4734315872192383,0.25105008482933044,0.9795958399772644,0.317984402179718,-0.7949174046516418,-1.4166340827941895,-1.4937214851379395,-1.508399248123169,-1.4578028917312622,-1.6013649702072144,-1.8947433233261108,-1.9092273712158203,-1.3678549528121948,-0.45358672738075256,0.3782074451446533,1.0676442384719849,1.6902002096176147,2.94465970993042,4.488283634185791,5.829665660858154,7.0881571769714355,8.779656410217285,8.365907669067383
12.657395362854004,14.985614776611328,15.6423978805542,14.731417655944824,12.37405014038086,10.678335189819336,8.833422660827637,6.082156658172607,5.945931911468506,8.680903434753418,8.777658462524414,8.355283737182617,8.499720573425293,5.9529008865356445,4.179126262664795,2.3579936027526855,1.7293628454208374,0.6743646860122681,-0.5114741921424866,-0.8835278153419495,-0.6542131900787354,-0.3085680305957794,0.19763393700122833,0.5189420580863953,-0.2068972885608673,-1.127594232559204,-1.6185972690582275,-1.8253140449523926,-2.090956449508667,-2.0014657974243164,-1.6431022882461548,-1.488122820854187,-1.4132634401321411,-0.9241862297058105,-0.03445912152528763,0.8886275291442871,1.6945922374725342,2.36921763420105,3.2774617671966553,4.622909069061279,5.246207237243652,6.803651809692383,8.696178436279297,8.396242141723633
9.670604705810547,11.24710750579834,12.06559944152832,12.047395706176758,11.606017112731934,10.889873504638672,7.026618003845215,7.760587692260742,8.728452682495117,8.135503768920898,6.057219982147217,6.59903621673584,6.718019962310791,4.113636016845703,2.715134382247925,1.3647446632385254,1.06032133102417,-0.03118370659649372,-0.9778257012367249,-0.8934639096260071,-0.48871415853500366,-0.1244141086935997,0.12788523733615875,0.03746331110596657,-0.6030106544494629,-1.253605842590332,-1.6982499361038208,-2.143413543701172,-2.5227389335632324,-2.2541544437408447,-1.4692484140396118,-0.9464040398597717,-0.8961349725723267,-0.6142813563346863,0.21717211604118347,1.1295984983444214,1.9273015260696411,2.695526361465454,2.878356695175171,3.4680440425872803,3.745760917663574,7.680233478546143,8.632965087890625,6.128913402557373
6.111653804779053,4.263969898223877,2.630794048309326,2.750540018081665,5.335299015045166,7.687848091125488,7.661468982696533,9.545352935791016,9.448915481567383,5.404086112976074,5.967310905456543,5.83063268661499,3.5521185398101807,2.693535089492798,1.4463001489639282,0.7708093523979187,0.4068071246147156,-0.4692724347114563,-0.9123454689979553,-0.6123048067092896,-0.1184946745634079,0.27687397599220276,0.29421812295913696,-0.14712978899478912,-0.8248825669288635,-1.506479024887085,-2.0265090465545654,-2.5297513008117676,-2.791672706604004,-2.30631685256958,-1.3491967916488647,-0.668605387210846,-0.5809226036071777,-0.4552461504936218,0.2121467888355255,0.9698314666748047,1.6661782264709473,2.3808414936065674,1.6900681257247925,1.0858032703399658,2.080287218093872,9.37404727935791,8.21524715423584,5.412230014801025
5.602538108825684,2.8102638721466064,2.348985433578491,5.382200241088867,6.934048175811768,7.299200057983398,10.410307884216309,9.047867774963379,3.2559118270874023,4.361921310424805,5.969393730163574,2.482217788696289,1.6333345174789429,1.0206172466278076,0.48246705532073975,0.3100091516971588,-0.05756795406341553,-0.560931921005249,-0.6380140781402588,-0.1996924728155136,0.4670949876308441,0.9510254263877869,0.8261556029319763,-0.030312156304717064,-1.116688847541809,-1.9936935901641846,-2.4951977729797363,-2.8451201915740967,-2.8825647830963135,-2.2678849697113037,-1.3128384351730347,-0.6380717754364014,-0.4572412371635437,-0.3206048607826233,0.05940471589565277,0.4999659061431885,0.8956036567687988,1.315050482749939,0.12637074291706085,-0.266219824552536,4.048404693603516,9.090704917907715,7.972124099731445,8.289729118347168
6.946195125579834,5.114314556121826,5.6297430992126465,8.580496788024902,10.38660717010498,9.477035522460938,4.944206714630127,1.5925971269607544,5.324165344238281,4.5128045082092285,2.421424627304077,0.37848392128944397,0.24473817646503448,0.3115132749080658,0.3165667951107025,0.18475782871246338,-0.14106981456279755,-0.5054558515548706,-0.35699188709259033,0.2629752457141876,1.0740197896957397,1.6397147178649902,1.4599435329437256,0.2410547137260437,-1.2761369943618774,-2.2789437770843506,-2.7340750694274902,-2.943324089050293,-2.815725088119507,-2.1566109657287598,-1.3019641637802124,-0.7825999855995178,-0.6204985976219177,-0.3670497536659241,-0.09600581228733063,0.033421970903873444,-0.012069485150277615,0.07007578015327454,-0.7307260632514954,0.006771275773644447,6.153049468994141,6.696656227111816,6.335477828979492,6.1945271492004395
10.14237117767334,9.452012062072754,10.88711166381836,12.674744606018066,12.398447036743164,2.7724242210388184,2.1194071769714355,4.894471168518066,3.8701062202453613,1.4265162944793701,0.37794065475463867,-0.038795843720436096,0.18239115178585052,0.7303671836853027,0.6585818529129028,0.3930009603500366,-0.08703295886516571,-0.388396680355072,0.01259907428175211,0.7547089457511902,1.5657827854156494,2.1687586307525635,1.9553935527801514,0.5856736302375793,-1.047133445739746,-2.0940539836883545,-2.6312713623046875,-2.8688793182373047,-2.658073663711548,-2.0213534832000732,-1.341243028640747,-1.0249834060668945,-0.9115476608276367,-0.6033079028129578,-0.34902411699295044,-0.3707379996776581,-0.624869704246521,-0.7010695338249207,-1.034653902053833,-0.7552246451377869,2.1684248447418213,5.485079288482666,5.483290672302246,4.8881306648254395
