data/wind_data/wind_24_2.json
{"header": {"parameterUnit": "KT", "parameterCategory": 2, "nx": 256, "ny": 198, "lo1": 44.73521041870117, "la1": -3.236724853515625, "lo2": 111.26478576660156, "la2": 43.468475341796875, "dx": 0.2609002888202667, "dy": -0.23708222806453705, "refTime": "2025-02-20 00:00:00", "forecastTime": 0, "parameterNumber": 2, "parameterNumberName": "eastward_wind"}, "data":
[rows 114 to 132 of 198, columns 172 to 214 of 256]
-7.2420854568481445,-3.5940051078796387,-0.3500259518623352,1.6670576333999634,3.2596378326416016,6.057854652404785,9.114821434020996,11.329748153686523,12.712641716003418,11.227289199829102,7.308720111846924,-3.5092103481292725,-9.197821617126465,-8.668577194213867,-7.065494537353516,0.05235399305820465,8.996299743652344,14.523416519165039,14.266282081604004,13.978813171386719,15.9828462600708,15.319036483764648,0.21789750456809998,-6.811772346496582,-4.027509689331055,-7.557195663452148,-8.147446632385254,-0.8462031483650208,0.009945721365511417,-4.793283939361572,-6.708352565765381,-2.817607879638672,3.1307103633880615,11.056848526000977,15.518536567687988,13.108206748962402,11.425860404968262,14.076170921325684,17.265108108520508,22.805484771728516,24.429834365844727,20.555007934570312,18.078632354736328
-11.762587547302246,-11.350754737854004,-10.380651473999023,-9.217635154724121,-8.458640098571777,-7.901777267456055,-7.207625865936279,-5.199169158935547,-4.062574863433838,-3.757695436477661,-7.5679931640625,-11.631237030029297,-11.196840286254883,-12.09228515625,-10.975451469421387,-8.68702220916748,-3.279924154281616,7.71075963973999,13.143296241760254,13.24410343170166,16.642854690551758,17.714155197143555,7.8575358390808105,-4.857913494110107,-3.140856981277466,-4.601688385009766,-9.374855995178223,-5.294014930725098,-3.3445236682891846,-6.454467296600342,-6.694867134094238,-5.864531993865967,-3.700591564178467,3.6344785690307617,11.971583366394043,14.787018775939941,12.98100471496582,15.013599395751953,19.259334564208984,25.536067962646484,27.60295867919922,19.147151947021484,16.265295028686523
-15.654723167419434,-16.432626724243164,-16.439775466918945,-16.44207191467285,-17.271411895751953,-18.344295501708984,-18.33932876586914,-17.01490592956543,-15.040916442871094,-13.42628288269043,-13.12874984741211,-13.27851676940918,-12.513845443725586,-8.981942176818848,-5.806560039520264,-7.31793212890625,-9.63821792602539,-3.2979869842529297,6.321625709533691,10.326885223388672,13.02434253692627,13.455458641052246,7.665659427642822,-1.7405098676681519,-5.451827526092529,-7.7514543533325195,-9.421980857849121,-6.417435646057129,-3.7314767837524414,-8.505510330200195,-10.488224029541016,-6.63608980178833,-2.8107922077178955,4.204937934875488,13.281188011169434,17.388046264648438,15.953604698181152,17.354455947875977,22.980363845825195,29.326282501220703,31.481245040893555,20.372461318969727,18.936010360717773
-15.405835151672363,-17.060697555541992,-17.261798858642578,-16.74201202392578,-16.78788185119629,-16.947803497314453,-16.76590347290039,-16.378856658935547,-15.02519416809082,-13.234848976135254,-12.421253204345703,-12.374832153320312,-10.227726936340332,-7.02729606628418,-8.151137351989746,-9.768407821655273,-9.763751983642578,-7.634654998779297,-2.4237661361694336,2.566779851913452,5.648843288421631,6.998448848724365,1.7887605428695679,0.06500086933374405,-0.44067659974098206,-5.242250919342041,-6.156666278839111,-3.9263947010040283,-2.287534475326538,-5.539933204650879,-11.54425048828125,-4.210531711578369,2.018080711364746,7.419580459594727,14.441288948059082,20.15169334411621,20.26177978515625,21.438762664794922,26.504560470581055,33.5014533996582,34.801727294921875,27.469799041748047,25.000452041625977
-8.082026481628418,-10.33940315246582,-12.512215614318848,-10.965438842773438,-10.369421005249023,-10.942462921142578,-12.348246574401855,-12.584406852722168,-12.19253158569336,-12.500654220581055,-13.573299407958984,-13.550433158874512,-12.96583080291748,-11.523954391479492,-9.899706840515137,-7.441291332244873,-6.902681350708008,-6.862730503082275,-5.300483226776123,-2.0109949111938477,2.0305211544036865,4.6892476081848145,7.086336135864258,5.926198959350586,4.39674186706543,-0.6477792859077454,-3.1625447273254395,-0.6642267107963562,2.601046085357666,-0.7459206581115723,-10.54944896697998,-5.0716986656188965,4.120525360107422,7.7666544914245605,13.791743278503418,20.663846969604492,21.9094295501709,23.69692611694336,29.074119567871094,35.35262680053711,37.66714859008789,31.673608779907227,28.014528274536133
7.251205921173096,5.526922225952148,2.7627696990966797,2.721839666366577,2.855333089828491,1.8043197393417358,1.0025275945663452,0.31566840410232544,0.00034479997702874243,0.3496359884738922,-1.8655346632003784,-6.060458660125732,-10.878284454345703,-9.344297409057617,-8.496736526489258,-7.709150791168213,-5.576360702514648,-5.552000999450684,-4.017257213592529,-2.8178701400756836,-0.7062687277793884,5.180006504058838,8.520683288574219,7.609367370605469,4.7159857749938965,0.20315219461917877,-1.119796872138977,1.1510586738586426,7.283300876617432,3.4030230045318604,-7.29995059967041,-5.7427897453308105,3.9410479068756104,7.33109188079834,14.000109672546387,21.12328338623047,22.66103744506836,22.832279205322266,28.748802185058594,35.274208068847656,39.14869689941406,34.04637145996094,27.338144302368164
16.038455963134766,10.654651641845703,6.610281944274902,7.301386833190918,6.8585429191589355,5.006303310394287,4.649799346923828,6.467234134674072,8.183757781982422,11.22340202331543,3.46230411529541,-3.4609146118164062,-3.8384032249450684,-5.477908134460449,-8.690689086914062,-8.629936218261719,-5.6746039390563965,-5.702063083648682,-5.01975154876709,-2.574247121810913,-1.7814693450927734,-0.6830421090126038,1.100921869277954,1.6591675281524658,-0.17505165934562683,-1.666956901550293,-1.7515335083007812,4.557884216308594,9.865291595458984,5.314296722412109,-4.350180625915527,-4.942873954772949,3.645054578781128,9.80604076385498,15.691386222839355,20.65125274658203,21.11573028564453,16.135276794433594,23.460580825805664,32.27535629272461,38.220760345458984,34.388702392578125,25.38151741027832
13.872489929199219,5.990899085998535,5.9448347091674805,9.873661994934082,8.16897964477539,4.419344902038574,3.077686309814453,2.6397738456726074,7.115406513214111,11.726624488830566,8.733352661132812,-2.449094772338867,-6.485066890716553,-5.867324352264404,-7.017405986785889,-8.398805618286133,-5.653669357299805,-3.892059087753296,-5.080943584442139,-4.403354167938232,-2.7610795497894287,-2.459376811981201,-1.9084420204162598,-2.294217109680176,-0.6475635766983032,1.9528225660324097,4.787941932678223,13.247271537780762,18.59810447692871,4.755059242248535,-4.042340278625488,-3.971895456314087,4.438353061676025,10.491963386535645,15.653982162475586,18.56537628173828,15.167478561401367,8.673874855041504,19.41619110107422,28.44251251220703,33.80644989013672,31.3835391998291,26.81276512145996
7.209658622741699,-2.2691755294799805,2.4210245609283447,11.786944389343262,12.413360595703125,7.083884239196777,2.2986063957214355,-0.5549390316009521,0.5316030979156494,10.524307250976562,13.834360122680664,5.958953857421875,-1.9574452638626099,-1.2507210969924927,-2.937995672225952,-5.408860206604004,-5.121786117553711,-3.9803390502929688,-2.5849337577819824,-2.575676918029785,-3.237133502960205,-4.197999954223633,-5.127312660217285,-5.447133541107178,-4.054412364959717,0.812025785446167,9.324196815490723,16.326595306396484,20.384624481201172,3.62528133392334,-4.220538139343262,-5.739980220794678,-1.2405915260314941,6.33807373046875,13.37711238861084,15.03852653503418,17.493003845214844,13.520764350891113,17.995637893676758,25.531063079833984,30.683927536010742,27.44171714782715,26.098669052124023
18.34418296813965,-0.7882019281387329,11.413000106811523,26.032520294189453,23.100868225097656,4.959214210510254,-3.1382265090942383,2.2959847450256348,8.912301063537598,15.986709594726562,24.583452224731445,30.819419860839844,10.97763442993164,-0.621178388595581,-4.466951370239258,-5.808332443237305,-4.105472087860107,-2.8437857627868652,-2.690582752227783,-0.6292621493339539,-0.8835088014602661,-3.036849021911621,-6.747793197631836,-5.782837390899658,-3.382075071334839,0.642662763595581,7.056999206542969,11.452326774597168,11.673819541931152,8.894477844238281,4.057541370391846,-1.2086632251739502,-1.2390799522399902,7.00187349319458,13.482277870178223,15.15788459777832,18.551097869873047,17.51641082763672,17.800580978393555,21.40913200378418,24.426321029663086,21.455284118652344,21.284997940063477
28.29674530029297,23.091629028320312,23.66668701171875,28.929771423339844,34.293270111083984,16.153770446777344,6.356733322143555,16.535037994384766,24.285615921020508,25.722946166992188,28.52491569519043,36.54010772705078,25.04091453552246,-2.3809261322021484,-5.353522300720215,-4.55338716506958,-5.833166122436523,-2.795473575592041,-3.351713180541992,-2.059467077255249,0.29002299904823303,0.8650124669075012,-2.207005023956299,-0.3925165832042694,-0.8018684387207031,-5.303057670593262,-1.9700493812561035,1.0436122417449951,5.719219207763672,9.177267074584961,7.640087127685547,7.141242027282715,11.389105796813965,14.616048812866211,16.188156127929688,18.00581932067871,18.44675636291504,16.04976463317871,14.300085067749023,15.170403480529785,17.261581420898438,17.225261688232422,18.444961547851562
25.51438331604004,26.836483001708984,29.933656692504883,31.915695190429688,31.17827606201172,28.27547836303711,23.4960880279541,24.46595573425293,25.389516830444336,26.046918869018555,25.981096267700195,26.608369827270508,20.634868621826172,3.1008903980255127,-2.565788507461548,-4.548547267913818,-7.787931442260742,-6.1417975425720215,-7.839593887329102,-6.024580478668213,-0.622379720211029,-0.15246891975402832,-1.5558406114578247,-2.8650553226470947,-6.419500350952148,-10.964799880981445,-5.519996643066406,-2.050088882446289,4.0415940284729,8.169038772583008,10.453058242797852,13.262137413024902,14.494087219238281,12.454733848571777,14.030721664428711,17.408939361572266,14.392013549804688,10.090063095092773,9.132081985473633,11.910920143127441,16.653207778930664,20.63462257385254,21.873233795166016
27.43105125427246,29.74612808227539,32.84737777709961,33.327030181884766,31.14990234375,28.715808868408203,29.967422485351562,30.634065628051758,29.3127498626709,27.2593936920166,24.81733512878418,21.57491111755371,15.468177795410156,6.093043804168701,0.7165183424949646,2.4444580078125,-2.288339376449585,-6.031459331512451,-8.113981246948242,-8.339582443237305,-3.1783089637756348,-4.877785682678223,-6.09749698638916,-2.732593536376953,-4.1179914474487305,-5.819404602050781,3.224675178527832,1.3534260988235474,-5.644927024841309,0.17670919001102448,5.522194862365723,13.559676170349121,13.906721115112305,5.9901018142700195,8.669803619384766,14.255420684814453,8.119841575622559,5.221464157104492,7.3017964363098145,12.709023475646973,19.9674015045166,24.54459571838379,24.77020263671875
29.627286911010742,30.845455169677734,32.477294921875,32.43592834472656,29.83875274658203,27.884695053100586,27.885725021362305,29.09183120727539,29.724756240844727,31.300430297851562,28.846158981323242,20.200870513916016,9.910223007202148,2.2279789447784424,-1.6476377248764038,-0.438992440700531,2.053725004196167,-0.7403256893157959,-6.111811637878418,-8.865344047546387,-6.8138556480407715,-5.003958702087402,-5.412027835845947,-2.561330556869507,-2.990140438079834,-2.164139747619629,4.454296112060547,1.825648307800293,-8.621838569641113,-8.929757118225098,-0.11202395707368851,8.83821964263916,15.57032585144043,12.698647499084473,10.748856544494629,11.992340087890625,7.680338382720947,6.347332954406738,6.154641151428223,13.543645858764648,22.02643585205078,25.956789016723633,26.03266143798828
29.44087791442871,29.82693862915039,32.46929168701172,32.50853729248047,22.674901962280273,17.51344108581543,19.389633178710938,23.377750396728516,27.563743591308594,25.633899688720703,17.492603302001953,7.645848751068115,1.6224528551101685,0.15372951328754425,-1.1379286050796509,-0.4124603569507599,3.373116970062256,3.8181254863739014,-4.170121669769287,-6.8962626457214355,-14.087326049804688,-14.135905265808105,-3.0816264152526855,-3.148402690887451,-3.1979756355285645,-1.027800440788269,2.6379921436309814,9.619085311889648,10.007884979248047,0.9774596095085144,1.6351913213729858,4.726345062255859,8.574947357177734,13.460318565368652,13.830191612243652,9.232088088989258,1.9603376388549805,1.4225798845291138,4.586569309234619,13.775350570678711,20.869922637939453,24.484695434570312,25.195363998413086
31.716835021972656,33.46607971191406,34.70022964477539,31.116653442382812,19.629470825195312,11.992206573486328,10.615266799926758,10.866800308227539,9.869978904724121,9.498344421386719,6.852397918701172,1.11111319065094,-1.1138758659362793,0.7850028872489929,-0.8369021415710449,0.7205501794815063,3.7638118267059326,6.259805202484131,2.388469696044922,2.318601131439209,-4.114116668701172,-13.289481163024902,-3.9305105209350586,-4.186814785003662,-2.2622523307800293,0.022884055972099304,4.087009429931641,15.685600280761719,19.851165771484375,5.017274379730225,2.3583574295043945,4.890339374542236,6.390766143798828,10.266828536987305,11.090560913085938,9.541277885437012,3.55184006690979,2.077385902404785,8.509105682373047,15.23981761932373,19.24151611328125,22.180953979492188,23.187349319458008
29.197280883789062,33.113948822021484,31.850278854370117,29.259830474853516,20.55158805847168,4.951666831970215,4.57470703125,6.88653039932251,5.833288669586182,5.167206764221191,3.313335657119751,1.685617208480835,4.229129791259766,6.181894302368164,7.9637346267700195,9.69697380065918,5.2728495597839355,3.491643190383911,4.556173324584961,5.278144359588623,4.64114236831665,-5.243780136108398,-1.8027710914611816,-0.585839569568634,1.4541796445846558,-0.056704081594944,5.523085594177246,18.84758758544922,17.876415252685547,7.229273796081543,4.623124599456787,5.520471096038818,4.640193939208984,5.851027011871338,8.719942092895508,12.77318000793457,13.188243865966797,11.006429672241211,12.707958221435547,15.50328540802002,17.312973022460938,19.250911712646484,20.57595443725586
20.75792694091797,24.3335018157959,24.456314086914062,26.744112014770508,23.27350616455078,3.9315707683563232,0.56254643201828,3.272824287414551,3.169379711151123,2.9310178756713867,4.160585403442383,6.436532497406006,7.307174205780029,11.035447120666504,7.667151927947998,4.870871067047119,0.8042528629302979,0.6337987184524536,2.587007761001587,3.2386066913604736,3.9617671966552734,0.820958137512207,-0.4370984137058258,-0.1704670488834381,-0.46594998240470886,-1.3206334114074707,0.06933507323265076,7.315188407897949,4.503816604614258,-1.9645376205444336,4.865375995635986,6.783895492553711,5.917940616607666,7.161059379577637,11.349993705749512,13.346814155578613,12.524873733520508,11.159025192260742,12.99917221069336,13.380766868591309,14.24613094329834,16.37384605407715,18.948740005493164
21.272539138793945,23.574159622192383,24.370237350463867,25.134071350097656,20.305992126464844,3.8806395530700684,-0.5381595492362976,1.089850664138794,3.026658535003662,4.921627044677734,6.830519676208496,9.223075866699219,10.384373664855957,6.197393417358398,2.028594970703125,5.2566118240356445,3.476242780685425,-0.3696107268333435,0.6714330911636353,-1.5602288246154785,-1.4565870761871338,2.656475305557251,-1.4205057621002197,1.6369860172271729,1.9770511388778687,0.6228464245796204,2.310230255126953,5.538499355316162,5.462421894073486,0.5892965197563171,6.8351664543151855,9.193307876586914,8.704118728637695,10.56303882598877,10.952227592468262,12.521842002868652,10.094701766967773,8.32313346862793,9.813302993774414,9.5465669631958,10.703150749206543,13.306078910827637,17.983022689819336
