data/wind_data/wind_Surface_17.json
{"header": {"parameterUnit": "KT", "parameterCategory": 2, "nx": 255, "ny": 198, "lo1": 44.73521041870117, "la1": -3.236724853515625, "lo2": 111.26478576660156, "la2": 43.468475341796875, "dx": 0.26192745566368103, "dy": -0.23708222806453705, "refTime": "2025-02-19 17:00:00", "forecastTime": 0, "parameterNumber": 3, "parameterNumberName": "northward_wind"}, "data":
[rows 19 to 37 of 198, columns 172 to 214 of 255]
-9.373064041137695,-10.34388256072998,-10.783982276916504,-10.331733703613281,-10.276177406311035,-10.137657165527344,-11.147603034973145,-9.878381729125977,-8.772703170776367,-8.53707504272461,-7.340442180633545,-7.952895641326904,-7.804525852203369,-6.9924821853637695,-6.856510162353516,-6.1332478523254395,-5.247677326202393,-5.952452182769775,-6.01863431930542,-4.487671375274658,-3.22412371635437,-1.7153558731079102,0.6085140705108643,1.5343432426452637,1.4620473384857178,1.5031079053878784,1.0075056552886963,0.0729902908205986,-0.5877386331558228,-0.9453139305114746,-2.1387150287628174,-2.054246187210083,-1.9572582244873047,-1.7540950775146484,-1.9418706893920898,-1.6834794282913208,-1.9196797609329224,-3.585340976715088,-2.278878927230835,-1.387533187866211,-0.7245286107063293,0.8513862490653992,0.6664054989814758
-8.48871898651123,-9.942455291748047,-9.948925971984863,-10.204289436340332,-9.798473358154297,-9.987627029418945,-11.209989547729492,-9.85747241973877,-9.416247367858887,-7.030862331390381,-6.733903408050537,-8.741418838500977,-9.100712776184082,-8.173762321472168,-7.100433826446533,-6.611761093139648,-4.503320217132568,-5.22291898727417,-5.531914234161377,-4.240896701812744,-2.354586601257324,-0.34255585074424744,0.960723340511322,1.2348482608795166,1.5587949752807617,0.9961531162261963,0.030678868293762207,-0.8220626711845398,-1.428328275680542,-2.064685344696045,-2.390963315963745,-1.864005446434021,-0.43678826093673706,-0.5946218371391296,0.17109081149101257,-1.7025278806686401,-2.8150925636291504,-3.565626382827759,-1.428274154663086,-0.9401532411575317,-1.3538897037506104,0.009531840682029724,0.2409556806087494
-6.602750778198242,-7.7663254737854,-7.602285385131836,-7.755824089050293,-8.546963691711426,-9.68051815032959,-10.44504451751709,-10.923994064331055,-11.03392505645752,-8.033821105957031,-8.919652938842773,-10.182435989379883,-10.597874641418457,-11.052823066711426,-10.489086151123047,-9.157431602478027,-7.705221176147461,-5.404696941375732,-5.241781234741211,-4.06507682800293,-1.9967968463897705,-0.14133192598819733,0.79720538854599,0.7017616033554077,0.836631178855896,0.3703657388687134,-0.5313488841056824,-1.0859830379486084,-1.4284731149673462,-0.8824331164360046,-0.7917986512184143,-0.6623150110244751,-0.4571399390697479,-0.2421223521232605,-0.7166447043418884,-3.3814284801483154,-3.8072404861450195,-3.5971665382385254,-1.455747127532959,-1.068471074104309,-1.605913519859314,-2.4758338928222656,-1.3257173299789429
-5.91038703918457,-6.413919925689697,-7.611347198486328,-7.450998306274414,-9.319552421569824,-10.101666450500488,-10.332559585571289,-11.358063697814941,-12.192972183227539,-11.941431999206543,-11.600656509399414,-11.283857345581055,-11.177389144897461,-11.69314956665039,-11.887373924255371,-10.199300765991211,-10.043523788452148,-6.702637195587158,-5.674157619476318,-4.298885822296143,-2.707707405090332,-0.9076231122016907,0.6192612051963806,0.5381496548652649,0.5786079168319702,0.6531683802604675,0.41161444783210754,0.43944883346557617,0.7961549758911133,0.7392714023590088,-0.046968523412942886,-0.7474096417427063,-0.8175773024559021,0.18280214071273804,-2.007042646408081,-1.358867883682251,-0.7611725330352783,-0.17349299788475037,-0.320444256067276,-0.5519319772720337,-1.0845146179199219,-2.308145523071289,-1.7566444873809814
-8.732808113098145,-7.396185398101807,-9.845812797546387,-9.257899284362793,-10.660937309265137,-10.78896713256836,-10.899847984313965,-11.5802583694458,-13.005688667297363,-13.404696464538574,-11.680349349975586,-11.325682640075684,-11.33814525604248,-11.16590690612793,-11.463603973388672,-10.68746280670166,-9.905241012573242,-8.001998901367188,-6.124371528625488,-4.775740146636963,-3.3013949394226074,-1.4131889343261719,0.311430424451828,1.1715176105499268,1.6009695529937744,1.8214341402053833,2.0178332328796387,2.2019505500793457,1.992484450340271,-0.26839208602905273,-1.8145891427993774,-1.7018604278564453,-1.107750654220581,0.10125841945409775,-0.705024003982544,1.1175923347473145,1.5731589794158936,1.1216379404067993,0.4825860559940338,-0.4138740003108978,-1.5915390253067017,-2.228456735610962,-3.0709989070892334
-12.361929893493652,-11.21390438079834,-10.157808303833008,-9.794843673706055,-10.839594841003418,-11.228957176208496,-11.617812156677246,-12.8137788772583,-13.219661712646484,-12.070507049560547,-11.244048118591309,-11.3960542678833,-11.838166236877441,-11.613158226013184,-11.674614906311035,-11.36633014678955,-10.093737602233887,-8.643630027770996,-6.426486968994141,-4.463470935821533,-3.2814300060272217,-1.3716707229614258,0.4573051631450653,2.1473827362060547,2.1514246463775635,2.030489921569824,2.651272773742676,3.3305811882019043,2.744981050491333,-0.41135239601135254,-1.3176279067993164,-2.928515911102295,-3.4331650733947754,-2.1920881271362305,-1.6879479885101318,1.364959955215454,2.4753952026367188,1.1767476797103882,0.34830573201179504,-1.8640488386154175,-1.5876829624176025,-0.9297666549682617,-0.8680738806724548
-11.263022422790527,-11.225846290588379,-8.663961410522461,-9.504722595214844,-10.951266288757324,-11.762482643127441,-12.454828262329102,-13.365865707397461,-12.070992469787598,-10.930140495300293,-10.762897491455078,-11.789863586425781,-12.015390396118164,-12.086627960205078,-11.912971496582031,-11.549839973449707,-10.574433326721191,-9.046374320983887,-6.314270973205566,-3.752322196960449,-2.3576323986053467,-0.7558609843254089,0.8199591636657715,1.699321985244751,1.5557491779327393,1.9635077714920044,3.471432685852051,5.285521507263184,5.596436500549316,2.075859546661377,-0.08281796425580978,-2.706660270690918,-2.631991386413574,-1.0775718688964844,-1.6614762544631958,1.3365058898925781,2.5514309406280518,0.17254936695098877,-1.7625749111175537,-2.282705068588257,-0.4787255823612213,1.560348629951477,2.7018113136291504
-9.238621711730957,-9.379288673400879,-9.539109230041504,-10.095829010009766,-10.731188774108887,-11.77069091796875,-12.75451946258545,-13.133811950683594,-12.052409172058105,-11.026176452636719,-11.170854568481445,-11.753979682922363,-11.52812671661377,-11.664965629577637,-12.171324729919434,-12.292398452758789,-12.067940711975098,-10.162652015686035,-6.764238357543945,-2.9829580783843994,-0.6764861941337585,0.2347138673067093,1.1200342178344727,1.3412551879882812,1.4828436374664307,1.4501209259033203,2.8200175762176514,5.295543670654297,4.2133660316467285,1.1589365005493164,-2.36919903755188,-2.073347330093384,-0.7670040130615234,1.9585002660751343,2.3578858375549316,1.473342776298523,0.44549620151519775,-1.7269235849380493,-2.0069544315338135,-1.0150723457336426,0.27492642402648926,0.9192509651184082,-0.4725179076194763
-8.764638900756836,-9.492591857910156,-9.786833763122559,-9.319973945617676,-9.678423881530762,-10.834489822387695,-12.202253341674805,-12.774435043334961,-12.302961349487305,-10.991077423095703,-11.530682563781738,-11.514729499816895,-11.184743881225586,-11.334534645080566,-12.536761283874512,-12.934259414672852,-13.3441801071167,-12.461760520935059,-8.902321815490723,-3.2833032608032227,0.6313057541847229,1.1012548208236694,1.1380890607833862,1.5473268032073975,1.336754560470581,0.24248339235782623,1.0877189636230469,2.7228002548217773,1.1050848960876465,-2.151888608932495,-2.629303455352783,-1.855265736579895,0.38575097918510437,2.931443691253662,2.8663697242736816,1.093831181526184,-1.1754798889160156,-1.2498207092285156,-0.4650903344154358,0.24903886020183563,1.2113474607467651,0.6395658254623413,-1.4605796337127686
-7.206697940826416,-7.910531044006348,-8.755021095275879,-8.68260669708252,-8.828104972839355,-9.316596984863281,-10.898810386657715,-11.886302947998047,-11.883647918701172,-10.793598175048828,-10.944560050964355,-11.737624168395996,-12.140875816345215,-12.317145347595215,-12.944306373596191,-13.657340049743652,-14.294541358947754,-14.0746431350708,-11.377059936523438,-5.073421478271484,0.5950613617897034,1.395786166191101,1.0108495950698853,-0.1983698308467865,-1.6007676124572754,-1.261278510093689,0.6980007290840149,-0.8851081132888794,-2.773876190185547,-2.6326534748077393,-0.7515677809715271,1.1300551891326904,2.608258008956909,1.9852937459945679,0.8044480085372925,-0.6313295960426331,-0.8831384181976318,-0.23142439126968384,0.5027080774307251,1.5827823877334595,1.957399845123291,1.5766390562057495,-0.0900951623916626
-6.497016906738281,-8.076973915100098,-9.794013977050781,-10.591938972473145,-9.310200691223145,-8.741363525390625,-9.92313003540039,-11.074623107910156,-11.34339714050293,-10.74626350402832,-10.519549369812012,-11.732735633850098,-12.809276580810547,-12.80948543548584,-13.201211929321289,-13.738652229309082,-14.429944038391113,-14.80925178527832,-13.01419734954834,-7.846432685852051,-1.672678828239441,0.04155726730823517,-0.9524520635604858,-1.5074292421340942,-1.4188834428787231,-1.3322666883468628,0.6691367030143738,-1.4326891899108887,-2.1635262966156006,-1.9504295587539673,0.3648433983325958,2.7104344367980957,2.9259090423583984,-0.25711145997047424,-1.0821552276611328,-1.4052904844284058,-1.1147409677505493,0.005913320928812027,1.2727551460266113,1.5027062892913818,1.2164490222930908,0.6310568451881409,-1.172128438949585
-6.64491605758667,-8.31074047088623,-9.460531234741211,-10.98172664642334,-9.831014633178711,-8.679827690124512,-9.293193817138672,-10.263415336608887,-10.666257858276367,-10.698262214660645,-10.248820304870605,-11.21033763885498,-12.113144874572754,-12.352522850036621,-12.90990924835205,-13.061184883117676,-13.622611999511719,-14.457390785217285,-13.709872245788574,-10.23342227935791,-5.154116153717041,-2.383979320526123,-3.0745179653167725,-1.4793062210083008,-2.0971739292144775,-3.386340856552124,-1.1213200092315674,0.7368058562278748,1.1461800336837769,0.041517000645399094,1.5774636268615723,1.995949149131775,0.3273414671421051,-1.5279934406280518,-2.074096202850342,-2.3013360500335693,-1.5074462890625,-0.15748171508312225,0.6786336302757263,0.2905745506286621,-1.151224136352539,-2.564251184463501,-1.6504396200180054
-5.097894191741943,-6.794789791107178,-8.020201683044434,-9.593925476074219,-9.75651741027832,-9.002004623413086,-8.794428825378418,-9.561529159545898,-10.710609436035156,-10.681560516357422,-9.924870491027832,-10.568354606628418,-11.35455322265625,-11.826541900634766,-12.318516731262207,-12.70294189453125,-12.711996078491211,-12.90952205657959,-12.808273315429688,-11.089311599731445,-7.635333061218262,-5.0465593338012695,-3.0343728065490723,-3.9334590435028076,-3.345085382461548,-2.3764991760253906,0.32513362169265747,2.1445093154907227,2.3790955543518066,1.9528002738952637,1.7966021299362183,-0.2860654592514038,-2.4516441822052,-2.9781103134155273,-2.9491491317749023,-2.324007987976074,-1.0169326066970825,0.39262786507606506,0.7114897966384888,-0.4006493389606476,-2.339268922805786,-1.9983220100402832,-0.7837519645690918
-7.1967453956604,-6.048488616943359,-7.663784027099609,-8.714317321777344,-9.196331024169922,-9.495536804199219,-9.139898300170898,-9.587126731872559,-10.330617904663086,-9.691481590270996,-9.159153938293457,-10.154450416564941,-11.214934349060059,-11.762892723083496,-11.775811195373535,-12.086106300354004,-12.017905235290527,-11.473544120788574,-11.174010276794434,-10.536694526672363,-9.070853233337402,-6.830065727233887,-3.068089723587036,-2.731999397277832,-0.831512987613678,2.172470808029175,3.9086530208587646,3.7913999557495117,3.9468061923980713,3.4080216884613037,0.4331367611885071,-2.2595887184143066,-3.0514726638793945,-2.949559211730957,-2.0442497730255127,-1.087986946105957,-0.3032868206501007,-0.07601819932460785,-0.526305615901947,-0.439569354057312,-0.22207936644554138,0.3583980202674866,-0.8504582047462463
-10.152996063232422,-7.303934097290039,-7.666510105133057,-8.1344575881958,-8.195003509521484,-8.6430082321167,-9.484886169433594,-10.059834480285645,-10.10064697265625,-8.64693832397461,-7.960822582244873,-9.625890731811523,-10.86534309387207,-11.585972785949707,-11.138104438781738,-10.910099983215332,-11.009397506713867,-10.474926948547363,-9.9140043258667,-9.101324081420898,-7.872391223907471,-3.646965265274048,-2.074169635772705,-0.30672019720077515,0.8470780849456787,3.993741989135742,3.9840707778930664,3.149834394454956,2.509718894958496,1.0354020595550537,-1.5801141262054443,-2.4633257389068604,-2.7120461463928223,-1.9013622999191284,-0.7706272006034851,-0.026721492409706116,0.0558481328189373,0.10607586801052094,0.6117690205574036,1.2978434562683105,1.9890764951705933,1.6307449340820312,0.19499222934246063
-9.961181640625,-9.05118465423584,-7.8503265380859375,-7.383606910705566,-7.386698246002197,-8.181326866149902,-9.286308288574219,-9.543739318847656,-10.833971977233887,-10.703219413757324,-8.510687828063965,-8.67912483215332,-9.87218189239502,-10.695328712463379,-10.138168334960938,-9.571290016174316,-9.32325267791748,-9.051595687866211,-8.688420295715332,-8.113971710205078,-7.386253356933594,-4.713109970092773,-2.193014621734619,-0.29066741466522217,0.5316100716590881,1.916167974472046,2.0500950813293457,1.538869857788086,0.42313385009765625,-0.8114323019981384,-1.5773588418960571,-2.178521156311035,-2.056422472000122,-1.316443920135498,-0.3055732846260071,0.23176531493663788,0.29693496227264404,0.37807056307792664,1.0245239734649658,0.6614885330200195,0.5275771021842957,1.5196313858032227,1.6997487545013428
-8.957597732543945,-8.982531547546387,-8.493000030517578,-7.765749454498291,-7.876475811004639,-8.453688621520996,-8.569687843322754,-8.507584571838379,-10.476868629455566,-12.836373329162598,-11.156987190246582,-8.653757095336914,-9.032187461853027,-9.62343978881836,-8.956941604614258,-8.150428771972656,-7.743110656738281,-7.53798246383667,-7.237494945526123,-6.905049800872803,-6.65450382232666,-5.14640998840332,-2.3980469703674316,-0.5308915972709656,0.6091879606246948,1.032912015914917,1.3004103899002075,0.7143659591674805,-0.37525197863578796,-1.4809898138046265,-2.0569732189178467,-2.02411150932312,-1.8704899549484253,-1.5136210918426514,-1.0469439029693604,-0.729702353477478,-1.1052664518356323,-1.8566721677780151,-1.813494086265564,-1.5696073770523071,-0.7111226320266724,0.9591439366340637,0.9203321933746338
-7.291873931884766,-7.256402015686035,-7.907907009124756,-8.580534934997559,-8.333725929260254,-8.27313232421875,-8.224424362182617,-7.9838643074035645,-9.545333862304688,-11.573932647705078,-11.729933738708496,-9.297220230102539,-8.52413558959961,-8.032108306884766,-7.444506645202637,-6.651031494140625,-6.552304267883301,-6.61937141418457,-6.4780097007751465,-6.013987064361572,-5.387366771697998,-4.353071212768555,-3.1570675373077393,-1.4254692792892456,0.2650706470012665,1.1560746431350708,0.7795990109443665,-0.5541340708732605,-2.0548810958862305,-2.8531041145324707,-2.819422960281372,-2.4807870388031006,-2.118645429611206,-2.1826419830322266,-2.398329734802246,-2.329815626144409,-2.350276231765747,-2.2565460205078125,-1.893560767173767,-1.1224952936172485,0.2184762954711914,0.09700306504964828,-0.23022980988025665
-6.8249664306640625,-6.208327293395996,-6.924106121063232,-7.879280090332031,-8.271895408630371,-8.317317008972168,-8.163381576538086,-8.480595588684082,-9.434147834777832,-9.40739631652832,-8.937653541564941,-8.632179260253906,-7.686512470245361,-6.534657955169678,-5.512019157409668,-5.1795654296875,-5.411006450653076,-5.649850368499756,-5.610816955566406,-5.561526775360107,-4.708148956298828,-3.793968439102173,-2.955721855163574,-1.6950838565826416,-0.6670929193496704,-0.19445660710334778,-0.6224090456962585,-2.0749964714050293,-3.500365734100342,-3.958958387374878,-3.5889716148376465,-3.249312162399292,-3.1779661178588867,-3.822589159011841,-4.065464019775391,-3.937406539916992,-3.007347822189331,-1.927649974822998,-1.6883103847503662,-1.6392792463302612,-0.7647290825843811,-0.8608810901641846,-0.599698007106781
