data/wind_data/wind_33_9.json
{"header": {"parameterUnit": "KT", "parameterCategory": 2, "nx": 256, "ny": 198, "lo1": 44.73521041870117, "la1": -3.236724853515625, "lo2": 111.26478576660156, "la2": 43.468475341796875, "dx": 0.2609002888202667, "dy": -0.23708222806453705, "refTime": "2025-02-20 09:00:00", "forecastTime": 0, "parameterNumber": 2, "parameterNumberName": "eastward_wind"}, "data":
[rows 38 to 56 of 198, columns 129 to 171 of 256]
38.33470916748047,39.153175354003906,39.842811584472656,40.11127471923828,39.750885009765625,38.84909439086914,38.143497467041016,38.13786315917969,38.78876495361328,39.697269439697266,39.89158248901367,38.55357360839844,36.97336196899414,36.81686019897461,37.435848236083984,37.28304672241211,36.17472839355469,35.52644348144531,36.01365661621094,36.93747329711914,37.23938751220703,36.04035949707031,33.957550048828125,32.83954620361328,32.656280517578125,32.28480911254883,31.37624168395996,30.373416900634766,30.087190628051758,31.04172706604004,32.55674743652344,32.77568435668945,32.3069953918457,32.749603271484375,33.6364631652832,33.68519973754883,32.7557487487793,31.20114517211914,29.687591552734375,28.724124908447266,28.119619369506836,27.009902954101562,25.067684173583984
38.0882568359375,38.92451477050781,39.714599609375,40.02827072143555,39.657833099365234,38.87291717529297,38.14072036743164,37.89706039428711,38.396114349365234,39.206581115722656,39.60128402709961,38.64201736450195,37.06636047363281,37.18962478637695,38.077735900878906,38.447147369384766,38.12569808959961,37.55950927734375,37.59822463989258,38.47019577026367,38.703006744384766,36.88954544067383,33.857791900634766,32.00892639160156,32.03321838378906,32.50199508666992,31.971263885498047,30.66762351989746,29.98122787475586,30.677345275878906,31.733245849609375,31.90380096435547,31.62564468383789,31.958881378173828,32.7293815612793,33.04662322998047,32.28843688964844,30.45867156982422,28.601604461669922,27.701444625854492,27.100624084472656,25.694515228271484,23.871423721313477
37.97294235229492,38.68872833251953,39.47014617919922,40.04521179199219,40.21690368652344,39.91667556762695,39.091400146484375,38.19978332519531,38.04503631591797,38.62953186035156,39.085933685302734,38.892738342285156,37.79451370239258,37.44870376586914,38.75231170654297,39.93596267700195,40.34703826904297,39.7325553894043,39.18647003173828,39.045101165771484,38.761043548583984,37.276611328125,33.98280715942383,31.88608741760254,31.93455696105957,32.552425384521484,32.150604248046875,30.795259475708008,29.889324188232422,30.09526252746582,30.624332427978516,30.853988647460938,30.981971740722656,31.5726261138916,32.4504280090332,32.83919906616211,32.17131805419922,30.612913131713867,28.82369041442871,27.537694931030273,26.431901931762695,24.79840660095215,23.305078506469727
38.01218795776367,38.506614685058594,39.08470916748047,39.81990432739258,40.712196350097656,41.104251861572266,40.54401397705078,39.466087341308594,38.88761901855469,39.13440704345703,39.624122619628906,39.85628128051758,39.536678314208984,39.08311080932617,40.10740661621094,41.403255462646484,41.99490737915039,41.23038864135742,40.076683044433594,39.522647857666016,38.614227294921875,36.84334945678711,34.47047805786133,32.394283294677734,31.882953643798828,32.09588623046875,31.583236694335938,30.587480545043945,29.876726150512695,29.671527862548828,29.91815757751465,30.297386169433594,30.64795684814453,31.34225845336914,32.429481506347656,33.116233825683594,32.70218276977539,31.20828628540039,29.64667510986328,28.391630172729492,26.710662841796875,24.767427444458008,23.464309692382812
37.709171295166016,37.92937469482422,38.394412994384766,39.28390121459961,40.64583206176758,41.8834228515625,42.05385208129883,41.3653564453125,40.85325241088867,41.06955337524414,41.57152557373047,41.88576889038086,42.09806823730469,42.10570526123047,42.199100494384766,42.48478698730469,42.38359069824219,41.68405532836914,40.35462188720703,39.71543502807617,38.809906005859375,36.60362243652344,34.47864532470703,33.11188507080078,31.93472671508789,31.31307601928711,31.049043655395508,30.68962860107422,30.383628845214844,30.226388931274414,30.29707145690918,30.5097599029541,30.846691131591797,31.312353134155273,32.122074127197266,32.68760681152344,32.309844970703125,31.418338775634766,30.512815475463867,29.13767433166504,27.343908309936523,25.456907272338867,24.211973190307617
36.87950134277344,37.02592849731445,37.485069274902344,38.50212478637695,39.947669982910156,41.59794998168945,42.705543518066406,42.88089370727539,42.70730972290039,42.96464538574219,43.375545501708984,43.47184371948242,43.6778678894043,44.034141540527344,43.68254470825195,42.507442474365234,41.580528259277344,41.19477081298828,40.4888916015625,39.54457092285156,38.83433151245117,36.96273422241211,34.75522232055664,33.28852844238281,32.15852737426758,31.498701095581055,31.283626556396484,31.299814224243164,31.4449520111084,31.4632625579834,31.463878631591797,31.314563751220703,31.441444396972656,31.530099868774414,31.70796775817871,31.899314880371094,31.488033294677734,30.802827835083008,30.621557235717773,29.844650268554688,28.020708084106445,26.187400817871094,24.89312744140625
35.85894775390625,36.10165786743164,36.549381256103516,37.48206329345703,38.63795471191406,40.13951873779297,41.89056396484375,43.012474060058594,43.14362335205078,42.902400970458984,42.68489456176758,42.52811050415039,42.64950942993164,43.16946029663086,43.35493850708008,42.34791946411133,41.04091262817383,40.544891357421875,40.344512939453125,39.44112777709961,38.51498794555664,37.197593688964844,35.129573822021484,33.46669387817383,32.84733200073242,32.85218048095703,32.89917755126953,32.758609771728516,32.58079528808594,32.19554138183594,31.914886474609375,32.07217025756836,32.36929702758789,32.31383514404297,31.937091827392578,31.777175903320312,31.794065475463867,31.036571502685547,30.21088981628418,29.892900466918945,28.676673889160156,26.876388549804688,25.36725616455078
35.179412841796875,35.53195571899414,35.766273498535156,36.25848388671875,36.996009826660156,38.18467712402344,40.040550231933594,41.71433639526367,42.105865478515625,41.30012130737305,40.44852066040039,40.48490524291992,41.099525451660156,41.74079895019531,42.134212493896484,41.891204833984375,41.073822021484375,40.339080810546875,39.87577438354492,39.07888412475586,37.9686393737793,36.72650909423828,35.16691207885742,34.13188934326172,34.12828063964844,34.94789123535156,35.57769775390625,35.062477111816406,33.92499923706055,32.632537841796875,31.823339462280273,32.269901275634766,33.13975143432617,33.26227951049805,32.66749572753906,32.46045684814453,33.155208587646484,32.823951721191406,30.9272403717041,29.648027420043945,28.7526798248291,27.30470848083496,25.777164459228516
34.79592514038086,35.20907211303711,35.18880844116211,35.09361267089844,35.416385650634766,36.456756591796875,38.267154693603516,40.151573181152344,40.845096588134766,40.142005920410156,39.276100158691406,39.491981506347656,40.368934631347656,40.764949798583984,40.541290283203125,40.43410110473633,40.27236557006836,39.7005729675293,38.94418716430664,38.067138671875,36.937652587890625,35.73765182495117,34.760066986083984,34.59141540527344,35.50469207763672,36.84888458251953,37.5222053527832,37.075904846191406,35.48432922363281,33.5126953125,32.20512390136719,32.40764236450195,33.44655227661133,33.585693359375,32.97349166870117,33.188968658447266,34.6827278137207,35.18064880371094,33.10908126831055,30.46720314025879,28.771940231323242,27.40462875366211,26.057483673095703
34.25446319580078,34.69240951538086,34.62767028808594,34.23939895629883,34.25773620605469,35.176456451416016,37.002281188964844,39.060020446777344,40.22000503540039,39.94149398803711,39.246551513671875,38.973876953125,39.02507019042969,38.68450164794922,37.99628448486328,37.726722717285156,37.80901336669922,37.57963562011719,37.013519287109375,36.2722053527832,35.417274475097656,34.59172058105469,34.27901077270508,34.669395446777344,35.74123001098633,37.13444900512695,37.8610954284668,37.44599151611328,36.076324462890625,34.176307678222656,32.70964050292969,32.464012145996094,33.10045623779297,33.1046028137207,32.43172073364258,33.21823501586914,35.52912139892578,36.937313079833984,35.434322357177734,32.19608688354492,29.386198043823242,27.494495391845703,26.357349395751953
34.01613998413086,34.12303924560547,33.986122131347656,33.52180099487305,33.36121368408203,33.997962951660156,35.60417175292969,37.722755432128906,39.35280990600586,39.53801345825195,38.58649826049805,37.325565338134766,36.3785514831543,35.644386291503906,34.934993743896484,34.49705505371094,34.37583541870117,34.3640251159668,34.35551834106445,34.18223571777344,33.84496307373047,33.57236099243164,33.80636978149414,34.313812255859375,34.8204231262207,35.50528335571289,36.26918411254883,36.305450439453125,35.37154006958008,33.90932846069336,32.3735237121582,31.697044372558594,31.88931655883789,31.864973068237305,31.3111515045166,32.35483932495117,35.20055389404297,37.241539001464844,36.63201904296875,33.83892822265625,30.478792190551758,27.715187072753906,26.367008209228516
34.04816436767578,33.73433303833008,33.36435317993164,32.75910568237305,32.330406188964844,32.55961990356445,33.63005447387695,35.291419982910156,36.78884506225586,37.136863708496094,36.4184455871582,35.001808166503906,33.894378662109375,33.315155029296875,32.8271598815918,32.23483657836914,31.755720138549805,31.530929565429688,31.808895111083984,32.237060546875,32.270896911621094,32.301658630371094,32.570884704589844,32.876522064208984,32.857017517089844,32.873558044433594,33.412681579589844,34.089508056640625,33.908103942871094,32.968326568603516,31.515796661376953,30.32238006591797,30.092788696289062,30.24211883544922,30.089374542236328,30.923812866210938,33.5158576965332,35.84480285644531,36.13915252685547,34.3132209777832,31.19737434387207,28.08618927001953,26.175783157348633
33.495643615722656,33.141597747802734,32.682498931884766,31.887941360473633,31.09658432006836,30.86795425415039,31.46946907043457,32.50009536743164,33.356990814208984,33.70987319946289,33.36684036254883,32.68379211425781,32.275047302246094,32.1790771484375,31.902952194213867,31.18770408630371,30.2282772064209,29.457183837890625,29.433504104614258,30.024232864379883,30.50103759765625,30.639509201049805,30.578548431396484,30.49201011657715,30.425142288208008,30.44597625732422,30.772924423217773,31.547332763671875,32.10464859008789,31.861242294311523,30.73855972290039,29.252134323120117,28.535741806030273,28.806682586669922,29.04567527770996,29.50349998474121,31.095298767089844,33.155033111572266,34.14890670776367,33.445587158203125,31.2132568359375,28.491418838500977,26.34766387939453
31.936729431152344,31.779787063598633,31.46489143371582,30.676795959472656,29.6605167388916,29.089794158935547,29.365690231323242,30.145599365234375,30.719955444335938,30.93562126159668,30.734886169433594,30.516366958618164,30.560697555541992,30.708351135253906,30.556486129760742,29.858768463134766,28.75172233581543,27.64789581298828,27.04996681213379,27.55503273010254,28.56504249572754,29.158855438232422,28.961956024169922,28.584869384765625,28.482179641723633,28.612302780151367,28.850112915039062,29.407995223999023,30.208459854125977,30.492387771606445,29.68632698059082,28.24713706970215,27.460086822509766,27.852962493896484,28.361963272094727,28.482690811157227,28.982257843017578,30.288854598999023,31.568340301513672,31.851917266845703,30.747222900390625,28.854724884033203,27.020051956176758
29.64434051513672,29.44455909729004,29.41379737854004,28.976444244384766,28.094898223876953,27.438276290893555,27.489839553833008,28.25885581970215,29.044496536254883,29.285200119018555,28.995641708374023,28.601102828979492,28.25245475769043,28.065412521362305,27.961048126220703,27.66141700744629,26.996793746948242,26.01059341430664,25.18230438232422,25.416126251220703,26.688030242919922,27.750797271728516,27.83956527709961,27.232620239257812,26.83121681213379,26.918697357177734,27.170507431030273,27.46251106262207,27.907405853271484,28.233383178710938,27.738935470581055,26.732275009155273,26.33573341369629,26.948928833007812,27.73670196533203,27.848098754882812,27.709020614624023,28.257305145263672,29.433958053588867,30.3486270904541,30.195831298828125,29.066463470458984,27.608436584472656
27.084074020385742,26.639328002929688,26.835298538208008,27.057958602905273,26.7271728515625,26.186397552490234,26.11615562438965,26.783405303955078,27.72844123840332,28.194509506225586,27.883052825927734,27.062294006347656,26.194149017333984,25.56048583984375,25.404499053955078,25.541318893432617,25.533756256103516,24.881202697753906,23.960651397705078,23.665668487548828,24.522537231445312,25.65703773498535,26.191057205200195,25.761877059936523,25.153623580932617,25.15340805053711,25.35921287536621,25.2227725982666,24.873689651489258,24.77144432067871,24.7875919342041,24.750391006469727,24.987924575805664,25.66779899597168,26.581836700439453,27.08141326904297,27.037717819213867,27.28899574279785,28.386699676513672,29.629756927490234,29.930574417114258,29.00486183166504,27.501819610595703
24.870134353637695,24.393783569335938,24.560157775878906,25.210926055908203,25.576725006103516,25.433238983154297,25.340938568115234,25.831302642822266,26.729907989501953,27.359966278076172,27.110370635986328,26.10235023498535,25.025066375732422,24.327491760253906,24.130369186401367,24.294147491455078,24.448200225830078,23.9257755279541,22.925140380859375,22.25422477722168,22.320165634155273,22.98385238647461,23.58978843688965,23.568988800048828,23.204980850219727,23.214088439941406,23.22595977783203,22.649097442626953,21.588443756103516,21.03549575805664,21.502294540405273,22.514408111572266,23.448028564453125,24.18287467956543,25.054834365844727,25.94016456604004,26.355613708496094,26.636749267578125,27.64813804626465,29.101484298706055,29.655658721923828,28.66046714782715,26.748046875
23.490013122558594,23.39741325378418,23.314212799072266,23.76235580444336,24.499177932739258,24.882558822631836,24.927175521850586,25.40839958190918,26.303831100463867,27.021947860717773,26.848886489868164,25.891414642333984,24.77415657043457,24.0421142578125,23.820533752441406,23.77798843383789,23.60873794555664,22.915695190429688,21.79681968688965,20.85346221923828,20.272932052612305,20.23198699951172,20.516874313354492,20.837217330932617,21.091567993164062,21.365848541259766,21.291065216064453,20.51405906677246,19.191646575927734,18.38538932800293,18.842241287231445,20.242767333984375,21.696001052856445,22.671579360961914,23.421789169311523,24.207361221313477,24.72890853881836,24.938739776611328,25.610790252685547,26.97117042541504,27.9133358001709,27.34771156311035,25.438549041748047
22.928024291992188,23.257129669189453,23.055557250976562,23.0968074798584,23.808549880981445,24.515214920043945,24.899211883544922,25.381975173950195,26.22427749633789,27.02764320373535,27.038124084472656,26.143461227416992,24.981809616088867,24.052204132080078,23.60127830505371,23.362220764160156,22.96898078918457,22.10037612915039,20.81255340576172,19.611230850219727,18.667125701904297,18.224796295166016,18.297956466674805,18.73381996154785,19.316669464111328,19.8931884765625,20.10347557067871,19.519540786743164,18.306068420410156,17.29799461364746,17.277023315429688,18.3227596282959,19.786630630493164,20.884275436401367,21.444347381591797,21.800851821899414,22.092561721801758,22.176937103271484,22.401790618896484,23.32874298095703,24.482091903686523,24.729551315307617,23.577905654907227
