data/wind_data/wind_17_6.json
{"header": {"parameterUnit": "KT", "parameterCategory": 2, "nx": 256, "ny": 198, "lo1": 44.73521041870117, "la1": -3.236724853515625, "lo2": 111.26478576660156, "la2": 43.468475341796875, "dx": 0.2609002888202667, "dy": -0.23708222806453705, "refTime": "2025-02-19 17:00:00", "forecastTime": 0, "parameterNumber": 2, "parameterNumberName": "eastward_wind"}, "data":
[rows 140 to 159 of 198, columns 45 to 89 of 256]
60.677608489990234,59.124752044677734,58.210655212402344,58.07839584350586,58.21493911743164,58.42665481567383,58.846168518066406,59.63737106323242,60.746952056884766,61.929954528808594,63.342533111572266,65.07960510253906,66.23126220703125,66.63190460205078,67.81808471679688,69.73176574707031,70.80461120605469,71.32032775878906,72.18797302246094,73.33483123779297,74.32661437988281,75.16110229492188,76.0560302734375,77.04434967041016,77.85511779785156,78.27076721191406,78.49031829833984,78.80540466308594,79.35673522949219,80.27178955078125,81.54740905761719,82.4820785522461,82.44234466552734,81.77043914794922,81.38552856445312,81.89054107666016,82.42568969726562,82.09459686279297,81.52721405029297,81.58989715576172,81.1622314453125,79.00735473632812,76.319580078125,74.01118469238281,71.684814453125
56.77385711669922,55.5190315246582,55.05559539794922,55.1817512512207,55.96371078491211,57.11806106567383,58.14817428588867,59.14108657836914,60.49365234375,62.1346321105957,63.9828987121582,65.9860610961914,67.05229949951172,67.2832260131836,68.21315002441406,69.61690521240234,70.6027603149414,71.48869323730469,72.59648132324219,73.76918029785156,74.7385482788086,75.51851654052734,76.3097152709961,77.24787902832031,78.0866470336914,78.56546783447266,78.79916381835938,78.97533416748047,79.20189666748047,79.7869873046875,80.87440490722656,81.91777801513672,82.10386657714844,81.43864440917969,80.49580383300781,80.0813217163086,80.0333480834961,79.19233703613281,77.73965454101562,76.97769165039062,76.557373046875,74.75463104248047,71.88145446777344,69.21670532226562,66.8985366821289
53.569374084472656,53.206302642822266,53.54588317871094,54.30522537231445,55.638099670410156,57.19100570678711,58.507843017578125,59.6751823425293,61.087242126464844,62.71476364135742,64.44029998779297,66.27033996582031,67.31676483154297,67.61857604980469,68.39208221435547,69.54090118408203,70.71449279785156,72.0368881225586,73.47325134277344,74.76726531982422,75.70521545410156,76.29745483398438,76.7292709350586,77.25302124023438,77.81935119628906,78.18646240234375,78.29938507080078,78.25101470947266,78.0919189453125,78.21035766601562,78.9150619506836,79.93439483642578,80.28352355957031,79.67485809326172,78.461669921875,76.99678802490234,75.68851470947266,73.99032592773438,71.96975708007812,71.03813934326172,71.20497131347656,70.4478530883789,67.9649429321289,65.03752136230469,62.61485290527344
51.834590911865234,52.36313247680664,53.46080017089844,55.046634674072266,56.82368087768555,58.40126037597656,59.64289474487305,60.68385314941406,61.79277801513672,63.1278190612793,64.61614227294922,66.16578674316406,67.38135528564453,68.03319549560547,68.90110778808594,70.15963745117188,71.35600280761719,72.68084716796875,74.22484588623047,75.5128173828125,76.35393524169922,76.75990295410156,76.90001678466797,76.9688949584961,76.89067840576172,76.67066192626953,76.3301010131836,75.8946533203125,75.30636596679688,74.92313385009766,75.21440887451172,76.04212188720703,76.56977081298828,76.10504913330078,74.88105010986328,72.91517639160156,70.69513702392578,68.44985961914062,65.6802749633789,64.18856811523438,65.2729263305664,66.46668243408203,64.86360931396484,61.25194549560547,58.016517639160156
51.798683166503906,52.87639236450195,54.55875015258789,56.64169692993164,58.361080169677734,59.49333953857422,60.30476760864258,61.075496673583984,61.986968994140625,63.227603912353516,64.76667785644531,66.28182220458984,67.56307983398438,68.53567504882812,69.74237823486328,71.16329956054688,72.26124572753906,73.37909698486328,74.60298919677734,75.50330352783203,76.05470275878906,76.28231811523438,76.30935668945312,76.25074005126953,75.73057556152344,74.69832611083984,73.55402374267578,72.45934295654297,71.20748138427734,70.10442352294922,70.33135986328125,71.44165802001953,72.46484375,72.43848419189453,71.2146987915039,69.09700012207031,66.54812622070312,64.40509033203125,61.45954513549805,58.052730560302734,58.000789642333984,61.36484146118164,61.871498107910156,57.80909729003906,53.42798614501953
52.99814224243164,54.40129852294922,56.036705017089844,57.72089385986328,58.89446258544922,59.65323257446289,60.41997146606445,61.298763275146484,62.29527282714844,63.58487319946289,65.13690948486328,66.63948059082031,67.91629791259766,69.0722885131836,70.62423706054688,72.13993072509766,73.11027526855469,73.87843322753906,74.48480987548828,74.76266479492188,74.80047607421875,74.66316986083984,74.50275421142578,74.4225845336914,73.95975494384766,72.65061950683594,70.99896240234375,69.4744873046875,67.73384857177734,65.52835845947266,64.79766082763672,66.64816284179688,68.68130493164062,69.18375396728516,68.17172241210938,65.95354461669922,62.80266189575195,60.23300552368164,58.173980712890625,54.66625213623047,51.62736511230469,53.815452575683594,56.99079132080078,54.85513687133789,50.40850067138672
54.293331146240234,55.450313568115234,56.579044342041016,57.76192092895508,58.75801467895508,59.747806549072266,60.89249038696289,61.915714263916016,62.91153335571289,64.18103790283203,65.63829803466797,67.08720397949219,68.32060241699219,69.60266876220703,71.3464584350586,72.72808074951172,73.2813949584961,73.51870727539062,73.5089340209961,73.24097442626953,72.84388732910156,72.34898376464844,71.8205337524414,71.47038269042969,71.32799530029297,70.56585693359375,69.02378845214844,67.38095092773438,65.57655334472656,63.0569953918457,60.426822662353516,60.70800018310547,63.679534912109375,65.33174896240234,64.75131225585938,62.344200134277344,58.894569396972656,55.99761962890625,54.33589553833008,52.17881393432617,48.79847717285156,47.92012023925781,50.379276275634766,50.79078674316406,48.229248046875
54.308536529541016,55.21401596069336,56.5567741394043,57.978668212890625,59.14788055419922,60.42853546142578,61.75019454956055,62.7352294921875,63.677154541015625,64.90205383300781,66.37371063232422,67.77124786376953,68.74838256835938,69.8516616821289,71.33861541748047,72.1594009399414,72.11027526855469,71.87520599365234,71.48480224609375,70.89517974853516,70.2663345336914,69.66693878173828,69.01834869384766,68.36457061767578,68.13616943359375,68.09806060791016,67.29364013671875,65.73977661132812,63.532020568847656,60.78257751464844,57.55392837524414,55.412689208984375,57.005741119384766,59.83877182006836,60.33810806274414,57.88991165161133,54.59436798095703,52.21986389160156,50.910003662109375,49.47186279296875,47.03315353393555,45.32865905761719,45.6440544128418,46.136016845703125,45.13426971435547
53.878684997558594,55.11246871948242,57.1124382019043,58.82984161376953,60.05475997924805,61.34800720214844,62.56869888305664,63.63955307006836,64.76870727539062,66.02416229248047,67.32797241210938,68.28217315673828,68.64594268798828,69.09390258789062,69.83511352539062,69.96099090576172,69.47367858886719,69.0711441040039,68.74205780029297,68.16687774658203,67.411376953125,66.642333984375,65.97874450683594,65.4154281616211,64.9657974243164,64.72163391113281,64.32378387451172,63.140342712402344,60.741268157958984,57.36716079711914,54.062252044677734,51.59043502807617,51.43301010131836,53.841758728027344,55.155792236328125,53.069557189941406,50.200870513916016,48.72352600097656,48.23162078857422,47.26599884033203,45.13343811035156,43.40829086303711,42.297080993652344,41.805946350097656,41.007965087890625
54.46982192993164,56.116065979003906,58.361122131347656,59.88669967651367,60.79964065551758,61.99440383911133,63.28960418701172,64.64169311523438,65.96272277832031,67.04676818847656,67.77944946289062,67.81049346923828,67.06732940673828,66.66521453857422,66.90430450439453,66.6629409790039,66.06929016113281,65.88433837890625,65.9365005493164,65.56165313720703,64.7273941040039,63.76493835449219,62.99054718017578,62.46841049194336,61.84770965576172,60.91236877441406,59.6973876953125,58.216617584228516,56.16590881347656,53.35715103149414,50.68158721923828,49.031551361083984,48.51376724243164,49.454063415527344,49.95200729370117,48.27824020385742,46.206363677978516,45.47381591796875,45.81385040283203,45.227970123291016,43.1751708984375,40.91854476928711,38.62440490722656,37.440162658691406,36.58362579345703
56.1339111328125,57.592567443847656,59.34313201904297,60.52775192260742,61.40330123901367,62.70989227294922,64.13166046142578,65.48579406738281,66.49227142333984,66.95173645019531,66.8924789428711,66.04298400878906,64.38753509521484,63.44729995727539,63.7285270690918,63.626991271972656,63.176639556884766,63.27329635620117,63.63713455200195,63.448486328125,62.56113052368164,61.48991775512695,60.60929489135742,59.88739776611328,58.910926818847656,57.36664962768555,55.30718231201172,53.055747985839844,50.95556640625,49.10684585571289,47.703067779541016,47.01538848876953,46.84829330444336,46.62672805786133,45.344635009765625,43.70054244995117,42.756839752197266,42.74539566040039,43.31275939941406,42.62275314331055,40.402706146240234,37.64466857910156,34.98794937133789,33.96459197998047,31.30597686767578
57.59513473510742,58.48763656616211,59.79674530029297,61.159149169921875,62.29941177368164,63.61343002319336,64.80189514160156,65.5802993774414,65.79120635986328,65.48125457763672,64.86235809326172,63.85071563720703,62.21714782714844,61.203548431396484,61.79694366455078,62.09335708618164,61.69755935668945,61.721343994140625,61.974788665771484,61.7786865234375,60.87732696533203,59.604331970214844,58.38930892944336,57.223323822021484,55.71561813354492,53.62443542480469,51.27881622314453,49.101341247558594,47.2690544128418,45.8182487487793,44.96950912475586,44.80706787109375,44.78818130493164,43.86701965332031,41.499725341796875,39.63072967529297,39.597190856933594,40.294429779052734,40.31986618041992,38.96885681152344,36.74378967285156,34.121551513671875,31.877511978149414,30.86833953857422,26.670913696289062
58.45198440551758,59.11081314086914,60.38343811035156,62.14834213256836,63.37870407104492,64.15522003173828,64.65560913085938,64.70056915283203,64.3005142211914,63.67976760864258,63.02854537963867,62.48775100708008,61.5617790222168,60.70710372924805,61.36609649658203,61.88803482055664,61.29668045043945,60.80626678466797,60.52021789550781,60.01856994628906,59.143829345703125,57.7265739440918,55.95408248901367,54.10132598876953,52.132049560546875,49.848087310791016,47.54148483276367,45.595848083496094,44.115089416503906,43.08932876586914,42.514888763427734,42.47766876220703,42.261966705322266,40.82893371582031,38.37089157104492,36.542972564697266,36.72529602050781,37.301212310791016,36.62020492553711,34.69917678833008,32.58661651611328,30.37898063659668,28.601072311401367,27.186349868774414,24.8614444732666
59.32512283325195,60.25190353393555,61.48192596435547,62.8751335144043,63.808773040771484,64.07798767089844,64.00103759765625,63.665714263916016,63.16343307495117,62.643157958984375,62.29905700683594,62.29801559448242,61.98823928833008,61.22580337524414,61.406734466552734,61.638126373291016,60.689571380615234,59.59543991088867,58.72809982299805,57.85422134399414,56.91659927368164,55.43711853027344,53.34691619873047,51.0529670715332,48.88211441040039,46.647579193115234,44.48740768432617,42.74538803100586,41.4478874206543,40.61699676513672,40.1128044128418,40.082523345947266,39.80952072143555,38.12464904785156,35.73894500732422,34.01035690307617,33.908897399902344,33.613895416259766,32.43433380126953,30.043930053710938,28.176132202148438,26.86403465270996,25.615659713745117,23.661466598510742,22.133359909057617
60.6598014831543,61.800567626953125,62.682228088378906,63.019779205322266,63.24931716918945,63.520835876464844,63.50117874145508,63.21062469482422,62.87302017211914,62.564762115478516,62.44084167480469,62.57518768310547,62.416839599609375,61.562225341796875,60.95511245727539,60.421348571777344,59.131587982177734,57.71809387207031,56.4615364074707,55.252601623535156,54.081459045410156,52.42804718017578,50.22169876098633,47.93748092651367,45.78435134887695,43.65291976928711,41.823570251464844,40.42824935913086,39.397193908691406,38.53223419189453,37.727787017822266,37.40140914916992,37.29240036010742,35.781986236572266,33.184547424316406,31.256816864013672,30.78549575805664,29.771503448486328,28.262252807617188,25.856142044067383,23.91646957397461,23.321531295776367,21.570140838623047,20.63584327697754,19.76307487487793
62.28179168701172,63.09574890136719,63.1976318359375,62.80461502075195,62.56978988647461,62.96016311645508,63.275604248046875,63.22385787963867,63.0926628112793,62.87836456298828,62.64259338378906,62.43452453613281,61.9624137878418,60.867252349853516,59.608280181884766,58.36452865600586,56.80986785888672,55.25641632080078,53.73701858520508,52.14327621459961,50.596988677978516,48.85252380371094,46.695533752441406,44.554988861083984,42.558528900146484,40.7984504699707,39.60279083251953,38.60515213012695,37.538307189941406,36.43975067138672,35.429317474365234,34.82374954223633,34.60675811767578,33.357303619384766,30.485368728637695,28.19252586364746,27.374664306640625,26.07535171508789,24.295188903808594,22.20147132873535,19.788236618041992,19.38929557800293,16.13429069519043,15.661746978759766,17.26409912109375
63.36743927001953,63.486541748046875,63.0231819152832,62.656192779541016,62.60453796386719,62.88471221923828,63.23636245727539,63.49748611450195,63.56621170043945,63.14970779418945,62.39577102661133,61.57573699951172,60.50732421875,59.0352783203125,57.30076599121094,55.544254302978516,53.86290740966797,52.34126663208008,50.61595153808594,48.59262466430664,46.564334869384766,44.80451202392578,43.09907913208008,41.50608444213867,39.963478088378906,38.75905990600586,37.99143981933594,36.92280960083008,35.49158477783203,34.231475830078125,33.22922134399414,32.5692138671875,32.137481689453125,30.78721046447754,27.627784729003906,24.958738327026367,23.821937561035156,22.60751724243164,20.511943817138672,18.935882568359375,17.803499221801758,16.642627716064453,11.562630653381348,10.383889198303223,12.165337562561035
63.36099624633789,63.095497131347656,62.870914459228516,62.945411682128906,63.054481506347656,63.121604919433594,63.31248474121094,63.6822509765625,63.74322509765625,62.8867301940918,61.399532318115234,59.819061279296875,58.166255950927734,56.37543869018555,54.23863220214844,52.082481384277344,50.38534164428711,48.89599609375,47.06031799316406,44.900264739990234,42.63041687011719,40.816837310791016,39.67314147949219,38.95193099975586,38.21049880981445,37.407318115234375,36.64883804321289,35.079681396484375,33.18172073364258,31.9971923828125,31.306848526000977,30.75084114074707,30.112939834594727,28.3840274810791,24.748348236083984,21.778400421142578,20.622421264648438,19.625507354736328,18.00288963317871,18.312477111816406,16.309284210205078,14.710643768310547,8.419622421264648,5.7700982093811035,6.214919567108154
62.71687698364258,62.782806396484375,63.14789962768555,63.47529983520508,63.413963317871094,63.19955825805664,63.156375885009766,63.27897644042969,62.947532653808594,61.53167724609375,59.41081619262695,57.17552185058594,55.0999641418457,53.157352447509766,50.89621353149414,48.53525161743164,46.71103286743164,45.063392639160156,43.29158020019531,41.47822189331055,39.607765197753906,38.031185150146484,37.08951187133789,36.734046936035156,36.61886215209961,36.067142486572266,35.116127014160156,33.07905197143555,30.64386558532715,29.53013038635254,29.343914031982422,29.094955444335938,28.2993221282959,26.17356300354004,22.080564498901367,18.889631271362305,17.873153686523438,16.924684524536133,17.266897201538086,18.539609909057617,14.036845207214355,10.710033416748047,4.8090739250183105,2.4445395469665527,1.8149884939193726
62.43509292602539,62.999351501464844,63.5428581237793,63.685482025146484,63.39033889770508,63.08094787597656,62.86009216308594,62.42219161987305,61.41224670410156,59.4149284362793,56.67439651489258,53.86085891723633,51.591156005859375,49.686866760253906,47.45658493041992,45.110321044921875,43.1859130859375,41.463924407958984,39.92793273925781,38.71418380737305,37.57804489135742,36.42570877075195,35.41256332397461,34.80369186401367,34.65780258178711,34.292598724365234,33.44682312011719,31.4384822845459,28.551387786865234,27.0969181060791,27.14716911315918,27.236501693725586,26.473434448242188,24.2365779876709,19.973600387573242,16.50314712524414,15.719021797180176,14.720565795898438,16.785968780517578,17.380592346191406,11.743836402893066,5.540924549102783,1.1594090461730957,-0.26344162225723267,-0.8416087627410889
