data/wind_data/wind_8_3.json
{"header": {"parameterUnit": "KT", "parameterCategory": 2, "nx": 256, "ny": 198, "lo1": 44.73521041870117, "la1": -3.236724853515625, "lo2": 111.26478576660156, "la2": 43.468475341796875, "dx": 0.2609002888202667, "dy": -0.23708222806453705, "refTime": "2025-02-19 08:00:00", "forecastTime": 0, "parameterNumber": 2, "parameterNumberName": "eastward_wind"}, "data":
[rows 171 to 189 of 198, columns 88 to 131 of 256]
9.588808059692383,5.3024468421936035,-0.14067691564559937,-2.3931567668914795,-3.072197437286377,-5.0301127433776855,-4.4339094161987305,-2.3137407302856445,0.5005078315734863,4.279416561126709,7.154267311096191,9.209305763244629,8.283515930175781,6.093832015991211,4.4406256675720215,3.891923427581787,7.337901592254639,10.297274589538574,13.207423210144043,17.016958236694336,19.327482223510742,19.371671676635742,19.365232467651367,20.432859420776367,22.939769744873047,24.67087173461914,24.23809242248535,23.233179092407227,20.873262405395508,19.599411010742188,17.061351776123047,10.715617179870605,19.48278045654297,22.967729568481445,15.700165748596191,9.631932258605957,8.87228775024414,8.553262710571289,6.797187805175781,6.7923126220703125,7.671142578125,8.58023738861084,9.931403160095215,11.054726600646973
9.570744514465332,7.773571968078613,2.2585277557373047,-1.038179636001587,-3.909334659576416,-5.341170310974121,-2.437502145767212,0.7351830005645752,2.8452510833740234,5.768887042999268,7.1156907081604,8.864559173583984,6.705112934112549,7.074377059936523,8.585723876953125,5.423331260681152,5.305601119995117,8.24751091003418,12.278428077697754,13.844664573669434,15.433408737182617,19.355770111083984,19.871538162231445,18.722578048706055,19.94232940673828,20.875144958496094,21.523862838745117,21.716833114624023,19.353242874145508,21.478635787963867,10.598133087158203,14.298641204833984,16.405271530151367,13.481064796447754,9.153875350952148,6.980383396148682,7.560431957244873,8.245189666748047,7.049399375915527,6.2900896072387695,6.772765159606934,8.055214881896973,9.30470085144043,10.213351249694824
8.281451225280762,6.121208190917969,4.932312965393066,5.499821662902832,3.7484829425811768,3.2351953983306885,5.10862922668457,7.01112699508667,6.059974670410156,5.249180793762207,4.578430652618408,8.62209415435791,11.111291885375977,11.610088348388672,11.86948299407959,9.046874046325684,7.827072620391846,11.129053115844727,15.485536575317383,14.463855743408203,13.470561027526855,17.68773078918457,18.778200149536133,19.23625373840332,20.581817626953125,20.87601661682129,20.736604690551758,21.32972526550293,22.367969512939453,18.20428466796875,19.928049087524414,20.74655532836914,16.125627517700195,11.67781925201416,9.026354789733887,7.754270076751709,8.084781646728516,8.742265701293945,7.939986705780029,7.197563171386719,7.43674373626709,8.463266372680664,9.691529273986816,9.966226577758789
9.165671348571777,5.202418804168701,3.1996006965637207,5.4070353507995605,10.875673294067383,13.102910041809082,11.983062744140625,11.985692977905273,11.682146072387695,5.81601619720459,2.2163846492767334,4.052303791046143,9.604321479797363,14.067124366760254,16.645206451416016,16.27155303955078,13.791003227233887,14.161906242370605,14.83409595489502,14.998177528381348,15.858905792236328,15.979848861694336,16.95118522644043,18.11927604675293,20.010690689086914,20.416322708129883,20.02883529663086,21.384050369262695,19.873258590698242,19.537567138671875,21.04808807373047,18.39696502685547,14.291227340698242,10.33460521697998,8.546035766601562,8.688247680664062,9.30105972290039,9.532437324523926,9.264411926269531,8.44344425201416,8.22011661529541,9.427326202392578,9.923445701599121,9.684926986694336
10.742895126342773,9.508565902709961,7.1215362548828125,6.1392741203308105,5.438697338104248,9.210334777832031,15.804593086242676,15.585076332092285,14.75532054901123,11.986722946166992,8.488018035888672,6.613195896148682,5.505285263061523,5.577393531799316,10.74946403503418,17.196887969970703,20.140897750854492,19.6102352142334,16.953908920288086,16.955888748168945,20.740154266357422,18.456424713134766,17.08509635925293,18.741729736328125,18.286161422729492,16.898088455200195,18.795637130737305,19.679372787475586,15.26363754272461,16.021533966064453,15.468708038330078,12.64465618133545,9.530373573303223,8.587449073791504,9.39050006866455,10.286709785461426,10.360398292541504,10.206771850585938,10.010309219360352,9.439480781555176,9.866724014282227,10.507172584533691,10.18917179107666,9.744951248168945
14.145660400390625,15.023451805114746,13.51496410369873,10.82666015625,9.488728523254395,6.956299781799316,9.40185546875,15.312808990478516,18.788898468017578,18.575387954711914,17.556583404541016,16.3696346282959,14.489174842834473,12.102580070495605,11.088638305664062,13.90982437133789,17.264856338500977,19.787647247314453,20.384057998657227,21.567913055419922,22.185291290283203,19.42690086364746,18.226757049560547,18.901151657104492,15.659998893737793,14.167967796325684,15.48514175415039,15.034196853637695,14.623087882995605,12.182827949523926,10.274144172668457,8.980682373046875,9.00811767578125,10.735844612121582,12.630242347717285,12.93382740020752,11.280428886413574,10.3854341506958,9.731528282165527,9.875677108764648,10.924854278564453,10.33913803100586,9.561460494995117,9.346050262451172
14.090761184692383,16.419435501098633,17.543563842773438,16.988245010375977,15.005638122558594,13.859878540039062,11.015080451965332,12.61975383758545,17.835987091064453,20.466373443603516,21.621490478515625,22.270570755004883,21.571409225463867,19.614879608154297,18.06250762939453,18.54180335998535,18.878007888793945,15.67237663269043,15.288788795471191,17.74090576171875,18.991193771362305,17.584409713745117,17.66688346862793,18.749950408935547,16.24738121032715,10.449346542358398,10.217109680175781,14.659745216369629,13.496150970458984,11.929451942443848,11.544849395751953,11.74631404876709,13.184803009033203,14.725506782531738,15.713909149169922,15.127911567687988,12.427720069885254,10.185446739196777,9.055167198181152,9.817758560180664,10.28129768371582,9.680887222290039,9.18824291229248,9.576815605163574
14.410026550292969,16.45223617553711,17.761003494262695,18.398191452026367,18.055997848510742,16.82225227355957,14.653753280639648,11.993024826049805,11.64405345916748,14.696124076843262,17.727977752685547,18.63605308532715,18.505863189697266,20.668676376342773,24.18622398376465,25.17887306213379,22.813329696655273,18.66054916381836,17.929698944091797,20.14696502685547,19.405622482299805,18.02005958557129,18.707691192626953,19.306278228759766,15.466699600219727,10.065163612365723,12.062705039978027,12.542835235595703,8.405448913574219,8.748191833496094,9.041565895080566,10.667963027954102,13.82236385345459,15.481459617614746,15.120756149291992,14.531880378723145,13.456037521362305,11.567333221435547,10.416817665100098,10.339385986328125,10.301189422607422,9.885052680969238,9.656320571899414,9.693535804748535
13.80749797821045,14.64808177947998,14.24554443359375,13.465911865234375,13.617011070251465,13.830413818359375,13.949130058288574,13.813545227050781,13.376473426818848,13.255821228027344,13.561202049255371,12.32092571258545,11.217668533325195,12.813251495361328,17.028919219970703,19.540525436401367,18.268774032592773,17.443532943725586,18.843563079833984,19.641401290893555,17.977977752685547,18.243728637695312,19.91288185119629,19.02292251586914,16.087425231933594,15.040472030639648,15.043017387390137,14.472986221313477,9.838150978088379,8.258058547973633,4.2572174072265625,4.7909040451049805,8.65612506866455,11.142038345336914,10.952317237854004,10.416091918945312,9.821891784667969,9.065403938293457,9.16963005065918,9.933062553405762,10.240669250488281,9.815460205078125,9.725286483764648,9.964930534362793
13.08840274810791,11.972733497619629,10.863653182983398,9.90633773803711,9.704811096191406,9.981330871582031,9.6727294921875,10.425408363342285,12.808363914489746,14.133028984069824,14.098464965820312,11.707664489746094,8.999841690063477,9.968786239624023,13.65611457824707,14.339422225952148,11.960145950317383,11.882364273071289,14.63536262512207,16.123517990112305,13.763975143432617,13.12612533569336,14.669081687927246,15.621724128723145,15.251683235168457,14.388360977172852,13.585450172424316,13.03592300415039,10.736562728881836,4.109559535980225,1.0001521110534668,0.38311144709587097,2.898742914199829,6.508516311645508,6.864572048187256,5.677398204803467,5.818945407867432,6.49644136428833,7.470310688018799,8.431967735290527,8.142081260681152,8.550436019897461,9.697800636291504,11.023443222045898
12.449350357055664,9.401975631713867,8.348669052124023,8.26394271850586,7.725096225738525,5.216312408447266,2.8731842041015625,4.991287708282471,9.769800186157227,11.848018646240234,10.548234939575195,8.78197956085205,7.626788139343262,8.218865394592285,10.209757804870605,10.664499282836914,9.3079195022583,8.684545516967773,9.80824089050293,10.535673141479492,9.879387855529785,8.59791374206543,7.394397735595703,6.964462757110596,7.8555402755737305,6.74645471572876,6.507546901702881,7.953066349029541,5.808128356933594,-0.34915366768836975,-0.23236845433712006,0.7825700640678406,0.725531816482544,1.1412814855575562,1.158514380455017,0.6914010047912598,1.5330379009246826,3.295738458633423,5.772525310516357,5.482030868530273,6.4945831298828125,8.714259147644043,10.877235412597656,10.966951370239258
13.088465690612793,7.0968122482299805,5.182435512542725,5.968410968780518,4.522820949554443,1.2077751159667969,1.1424862146377563,4.475157737731934,10.47210693359375,13.535090446472168,11.324341773986816,6.657561779022217,5.592536926269531,5.766068458557129,6.35796594619751,5.853678226470947,4.263145446777344,4.2084550857543945,5.544261455535889,6.594515800476074,6.3060078620910645,5.023876667022705,3.4368855953216553,1.8197534084320068,2.646716833114624,2.541907787322998,1.0339274406433105,0.9234766364097595,-0.6179260015487671,-1.7218503952026367,-1.7447097301483154,-1.1115740537643433,-0.41833311319351196,-1.2433115243911743,0.10858228802680969,-1.9091625213623047,-0.554257869720459,0.6166837215423584,2.2521867752075195,2.494375228881836,4.938296318054199,7.8562726974487305,9.47612476348877,8.1575927734375
14.322549819946289,6.477304935455322,3.317445993423462,2.2270665168762207,-0.8252914547920227,-1.9578217267990112,0.6333720088005066,4.967607498168945,9.032832145690918,12.759895324707031,14.611927032470703,9.588366508483887,4.467135906219482,3.9331934452056885,4.033137321472168,2.4442784786224365,0.3671136796474457,0.453631192445755,1.5534287691116333,2.37785267829895,2.365814208984375,2.023988723754883,1.7078145742416382,1.738240122795105,2.288780689239502,-0.39472079277038574,-2.2693591117858887,-3.9946088790893555,-4.3069562911987305,-3.307630777359009,-3.3667373657226562,-2.1667051315307617,-2.2220726013183594,-3.539177894592285,-3.5970306396484375,-1.8876094818115234,-0.5232524871826172,-0.39138439297676086,-0.3783814609050751,0.6765345931053162,3.6134417057037354,7.125399112701416,7.869699478149414,5.963334560394287
14.6831636428833,7.2026591300964355,2.1178104877471924,-2.276421546936035,-5.913591384887695,-6.4283671379089355,-5.107259750366211,-1.5783237218856812,1.8666067123413086,6.818696975708008,11.80838680267334,12.426924705505371,7.282890796661377,3.6458632946014404,3.205432176589966,2.3081719875335693,0.709287166595459,-0.3974166214466095,-0.2077181488275528,0.35524895787239075,0.9834771156311035,1.9372042417526245,4.085285186767578,4.954508304595947,5.016877174377441,5.09583044052124,4.995668888092041,2.3011634349823,0.7412456274032593,1.8633604049682617,2.14902400970459,3.159724235534668,4.9664506912231445,4.931682586669922,3.2248940467834473,2.413740396499634,2.995793342590332,3.1221718788146973,1.144781231880188,2.8880414962768555,4.885116100311279,5.9544453620910645,4.319799423217773,2.825460195541382
14.079118728637695,8.504343032836914,2.02441668510437,-4.3462724685668945,-7.820348739624023,-9.432965278625488,-10.676506996154785,-7.244578838348389,2.2533926963806152,6.089813709259033,8.848462104797363,11.305577278137207,11.04016399383545,6.700107097625732,3.137817621231079,2.2492167949676514,1.5415966510772705,0.20955100655555725,0.7896910905838013,2.5049915313720703,3.476844549179077,4.488080978393555,8.205594062805176,10.194623947143555,10.465008735656738,10.663384437561035,10.61949634552002,9.203340530395508,7.813436031341553,7.7921342849731445,8.60606575012207,9.554914474487305,10.895729064941406,9.41080379486084,7.9233880043029785,8.34653377532959,8.578963279724121,7.8968825340271,7.165108680725098,7.476121425628662,7.577120780944824,5.1745924949646,4.472144603729248,3.317086935043335
13.553078651428223,10.156190872192383,3.4809470176696777,-3.4450042247772217,-7.081649303436279,-9.292119979858398,-11.307304382324219,-9.789823532104492,-0.6000065207481384,7.246954917907715,7.273927688598633,7.588779926300049,9.33948040008545,8.252389907836914,3.9889373779296875,1.7973768711090088,1.6247681379318237,1.0922361612319946,2.469109296798706,7.193939208984375,10.134526252746582,11.276652336120605,13.546944618225098,14.640273094177246,13.125455856323242,12.430953025817871,11.380488395690918,6.768523216247559,5.568410396575928,7.676621437072754,9.174635887145996,9.964826583862305,13.377935409545898,13.958051681518555,12.29272747039795,11.295413970947266,10.505477905273438,9.786602020263672,10.612852096557617,12.342683792114258,12.253063201904297,9.44569206237793,7.140469551086426,4.475511074066162
13.460466384887695,11.912075996398926,6.33408260345459,0.015086479485034943,-4.185952663421631,-6.6880316734313965,-8.893550872802734,-9.497551918029785,-5.429935455322266,2.7037553787231445,5.427463531494141,5.555679798126221,7.731500625610352,7.477356910705566,5.489110469818115,2.930097818374634,1.322186827659607,0.9830938577651978,2.786482095718384,6.985596656799316,8.660192489624023,8.293904304504395,9.88755989074707,12.067240715026855,10.228758811950684,10.836247444152832,11.862163543701172,9.6597318649292,8.257111549377441,8.835816383361816,10.141753196716309,11.217124938964844,12.680872917175293,14.250329971313477,14.736713409423828,14.360716819763184,12.269302368164062,11.036388397216797,11.71236515045166,12.681995391845703,12.534307479858398,11.064114570617676,10.48752212524414,7.337798595428467
13.537636756896973,13.388319969177246,10.028340339660645,4.979097366333008,0.2904733121395111,-3.2835001945495605,-5.837709426879883,-7.15395975112915,-4.614814281463623,0.4211069345474243,2.9752416610717773,3.8905298709869385,4.893426418304443,5.436273574829102,6.202739238739014,4.970095634460449,2.858532190322876,3.2288498878479004,4.003716468811035,3.29817533493042,2.360577344894409,2.2003333568573,3.2751452922821045,6.50413179397583,7.754934310913086,7.5197577476501465,8.75570011138916,10.134370803833008,10.163370132446289,9.00426197052002,9.806396484375,10.954575538635254,12.611722946166992,13.958258628845215,13.636879920959473,12.74234676361084,12.530998229980469,12.275952339172363,12.289228439331055,12.464323997497559,12.6812105178833,10.265810012817383,9.264342308044434,11.816752433776855
13.853494644165039,14.438779830932617,13.382609367370605,10.236223220825195,6.471312999725342,2.086113691329956,-1.5390881299972534,-4.486147403717041,-4.790986061096191,0.044475238770246506,4.999057292938232,3.6461894512176514,3.5677103996276855,3.919301986694336,3.61626935005188,3.1956539154052734,2.9099390506744385,3.625948429107666,4.361670970916748,1.9102449417114258,1.4804867506027222,3.0469868183135986,4.516385555267334,6.76085901260376,8.269143104553223,8.486993789672852,7.599197864532471,7.268658638000488,9.009439468383789,10.441679000854492,10.56274127960205,10.022378921508789,9.096240997314453,9.718116760253906,8.371001243591309,6.432136058807373,7.151248931884766,9.607221603393555,10.819401741027832,10.80921745300293,9.155685424804688,7.650108814239502,7.007442474365234,10.828899383544922
