data/wind_data/wind_41_2.json
{"header": {"parameterUnit": "KT", "parameterCategory": 2, "nx": 256, "ny": 198, "lo1": 44.73521041870117, "la1": -3.236724853515625, "lo2": 111.26478576660156, "la2": 43.468475341796875, "dx": 0.2609002888202667, "dy": -0.23708222806453705, "refTime": "2025-02-20 17:00:00", "forecastTime": 0, "parameterNumber": 2, "parameterNumberName": "eastward_wind"}, "data":
[rows 95 to 113 of 198, columns 86 to 128 of 256]
-1.6623363494873047,-2.1358048915863037,-2.552471876144409,-2.7563517093658447,-2.6734871864318848,-2.296227216720581,-1.7521342039108276,-1.1455450057983398,-0.9637431502342224,-1.132809042930603,-0.8740434050559998,-1.074817180633545,-2.5750112533569336,-3.4936015605926514,-3.7104618549346924,-0.8599878549575806,0.899472177028656,1.8940030336380005,2.0906786918640137,3.775724411010742,5.22923469543457,4.278951168060303,3.612241268157959,3.171149253845215,1.6562248468399048,1.157631516456604,1.8982939720153809,1.80454421043396,1.040827989578247,1.71603262424469,3.958327531814575,5.258121490478516,5.947005748748779,6.140635967254639,6.024031162261963,5.5828752517700195,4.517045021057129,4.609589576721191,5.177112579345703,5.7617645263671875,7.9666361808776855,11.814103126525879,15.064885139465332
-1.7060065269470215,-2.208371639251709,-2.764997720718384,-3.1873550415039062,-3.3379623889923096,-3.112380266189575,-2.6894116401672363,-2.644270181655884,-2.8227131366729736,-1.9645899534225464,-1.4927538633346558,-0.8639031648635864,-1.74100923538208,-3.128743886947632,-3.703735828399658,-1.692121148109436,1.3939001560211182,2.768768787384033,2.670219659805298,2.907219886779785,5.0475172996521,5.795758247375488,5.045113563537598,4.9630126953125,4.241259574890137,3.5174129009246826,3.637378215789795,3.4216573238372803,2.4699034690856934,3.220560312271118,6.220468521118164,7.895106792449951,7.116876125335693,5.402430534362793,5.099246501922607,5.5995965003967285,5.687562465667725,6.022026062011719,8.485937118530273,9.977225303649902,8.477381706237793,9.897746086120605,14.2941255569458
-2.0527963638305664,-2.567671537399292,-3.109132766723633,-3.462603807449341,-3.627509832382202,-3.539747476577759,-3.4168145656585693,-4.087433338165283,-4.253817558288574,-2.8449301719665527,-1.6499943733215332,0.12802046537399292,0.37188443541526794,0.6183512210845947,0.6940743923187256,0.5126606225967407,-0.6628064513206482,1.242821216583252,2.3255984783172607,1.5702521800994873,2.385058879852295,4.262264251708984,4.872403621673584,4.6874871253967285,4.759295463562012,5.557228088378906,6.2818217277526855,5.993250370025635,4.895262718200684,5.641798496246338,7.4123759269714355,8.596026420593262,8.590127944946289,7.094260215759277,6.022266864776611,6.604442596435547,8.243980407714844,10.44811725616455,12.99125862121582,14.809456825256348,11.154088973999023,8.598106384277344,12.166664123535156
-1.7967623472213745,-2.1569385528564453,-2.51911997795105,-2.7709741592407227,-2.954213857650757,-3.0611801147460938,-3.0070338249206543,-3.0858101844787598,-2.8795130252838135,-1.9592446088790894,-0.4586556851863861,0.7484923005104065,0.9888942241668701,0.7864824533462524,1.3194043636322021,2.1138575077056885,0.22057069838047028,0.6660135388374329,0.6342695951461792,2.2132492065429688,2.6679017543792725,2.1107945442199707,2.900477170944214,3.9657022953033447,4.845519542694092,6.0283942222595215,7.325746059417725,8.128240585327148,8.524927139282227,9.92953109741211,9.65207290649414,8.32332706451416,8.428563117980957,9.054412841796875,8.64087200164795,9.219830513000488,12.225947380065918,15.7482271194458,15.766552925109863,14.474390983581543,12.032099723815918,7.634329319000244,10.472853660583496
-0.9213746786117554,-0.9253324270248413,-0.963620126247406,-1.1195749044418335,-1.2158606052398682,-1.2489928007125854,-1.1343802213668823,-0.5183603167533875,0.29282212257385254,0.5622849464416504,1.2422904968261719,1.6570686101913452,1.661222219467163,1.6345268487930298,1.9632418155670166,2.18576979637146,1.8677140474319458,2.2684853076934814,4.04606819152832,4.178308486938477,4.359676837921143,3.966989755630493,3.982919931411743,5.7255425453186035,6.94938325881958,7.153785228729248,7.974388599395752,8.929274559020996,11.050950050354004,13.361342430114746,12.481939315795898,9.148138046264648,8.074726104736328,10.184852600097656,11.471996307373047,14.367640495300293,15.55215835571289,14.382298469543457,12.824637413024902,11.674888610839844,11.026979446411133,7.062500476837158,7.852365493774414
0.29079383611679077,0.5201690793037415,0.8143354654312134,0.9011074900627136,1.0818814039230347,1.2850850820541382,1.5755600929260254,1.8155614137649536,2.4626402854919434,2.55118465423584,2.4209542274475098,3.1690948009490967,3.6035759449005127,2.6663453578948975,1.542815923690796,1.3617606163024902,2.284752607345581,4.984311580657959,6.48159646987915,7.52659273147583,7.303156852722168,6.920790195465088,6.365026473999023,7.39952278137207,8.636409759521484,8.70409107208252,9.34745979309082,11.561406135559082,13.795339584350586,14.569249153137207,13.435544967651367,11.19888973236084,10.624690055847168,11.462946891784668,13.28040599822998,14.383368492126465,13.412209510803223,12.646361351013184,12.797300338745117,13.639809608459473,13.069343566894531,9.188881874084473,5.812931537628174
2.0211374759674072,2.2781643867492676,2.7179598808288574,2.9918372631073,3.299318313598633,3.5322933197021484,3.7126691341400146,4.290019989013672,4.589526653289795,4.061774253845215,3.287848949432373,4.383484840393066,6.250630855560303,5.868513107299805,3.8447296619415283,3.4624197483062744,4.895230293273926,7.267071723937988,9.437939643859863,10.024889945983887,9.78720474243164,9.738965034484863,9.45582103729248,9.091592788696289,9.63471508026123,10.365859985351562,11.419045448303223,12.903080940246582,14.59684944152832,15.564274787902832,14.3397798538208,13.394447326660156,14.162529945373535,13.747355461120605,12.26867389678955,11.238975524902344,10.884051322937012,13.029237747192383,13.684303283691406,14.719823837280273,16.129623413085938,12.281591415405273,4.589137077331543
3.679051160812378,3.9447925090789795,4.416716575622559,4.7538042068481445,4.779395580291748,4.618612289428711,4.618117809295654,5.439652919769287,6.300337314605713,5.7719407081604,4.354249954223633,4.7415947914123535,5.298483848571777,5.914744853973389,6.242469787597656,6.966200351715088,8.214639663696289,9.849709510803223,11.414251327514648,12.26089859008789,11.574684143066406,10.323951721191406,9.926088333129883,10.017068862915039,10.458209991455078,11.756373405456543,13.953144073486328,15.958318710327148,17.703187942504883,18.27661895751953,17.038373947143555,16.74405860900879,16.90194320678711,13.253253936767578,10.054579734802246,10.076762199401855,11.260425567626953,12.392855644226074,14.988659858703613,17.283855438232422,18.360990524291992,15.907405853271484,8.282624244689941
5.186121463775635,5.425472736358643,5.789739608764648,5.932705879211426,5.493067264556885,4.494297027587891,4.271153450012207,5.35727071762085,6.980231761932373,6.3949875831604,5.489782333374023,6.26769495010376,5.985971450805664,5.570113182067871,6.529974460601807,8.423704147338867,10.190996170043945,10.908513069152832,11.400764465332031,12.217822074890137,12.208802223205566,11.074593544006348,10.367497444152832,10.810256004333496,11.8633451461792,13.602518081665039,15.860881805419922,17.49717140197754,18.06165313720703,17.953977584838867,17.00665283203125,16.922895431518555,17.154678344726562,13.697318077087402,11.285933494567871,11.537805557250977,12.656218528747559,13.9393892288208,16.612119674682617,19.400915145874023,18.750091552734375,14.320361137390137,8.531898498535156
6.549420356750488,6.780601978302002,7.055763244628906,6.996607303619385,6.142707824707031,4.74995231628418,4.234083652496338,4.902884006500244,6.311727046966553,6.367067813873291,6.557778835296631,7.521164417266846,8.533493995666504,9.187873840332031,9.445334434509277,9.817586898803711,10.19556999206543,10.341429710388184,10.457276344299316,10.99976634979248,11.698195457458496,11.874903678894043,11.894784927368164,12.365391731262207,13.16599178314209,14.434453010559082,16.196409225463867,17.64681625366211,18.777536392211914,19.46950912475586,19.224266052246094,18.1403751373291,16.11271095275879,13.21725845336914,11.419264793395996,11.918375968933105,13.244599342346191,13.023393630981445,14.881502151489258,17.04903793334961,17.560972213745117,14.710705757141113,9.039578437805176
7.789619445800781,8.043317794799805,8.299932479858398,8.404777526855469,7.612746715545654,6.3516526222229,5.637862205505371,5.777973651885986,5.667935371398926,6.361442565917969,8.181619644165039,9.870928764343262,10.992449760437012,11.877495765686035,12.225595474243164,11.8665189743042,10.99171257019043,10.266388893127441,9.788705825805664,10.04751205444336,11.042993545532227,12.269643783569336,13.387331008911133,14.415176391601562,14.7468843460083,14.54348373413086,15.327642440795898,16.609132766723633,17.2307071685791,17.71864891052246,17.353408813476562,15.684447288513184,14.947465896606445,15.536949157714844,16.17277717590332,14.973532676696777,15.11629867553711,14.079724311828613,12.90198040008545,16.05284309387207,19.01706314086914,16.737186431884766,10.44815444946289
9.522244453430176,9.805112838745117,10.041688919067383,10.557509422302246,10.512309074401855,9.716507911682129,8.825910568237305,8.934746742248535,9.257858276367188,9.152101516723633,9.655661582946777,9.50013542175293,9.037229537963867,9.125846862792969,8.645360946655273,8.236443519592285,7.783088684082031,7.494869232177734,7.865824222564697,8.542702674865723,9.321621894836426,9.969940185546875,11.096949577331543,13.148486137390137,14.912633895874023,15.658649444580078,16.147199630737305,16.245960235595703,16.006591796875,16.252187728881836,16.351428985595703,15.454278945922852,15.064611434936523,16.35306739807129,17.67953109741211,16.804988861083984,15.686869621276855,16.614070892333984,16.415525436401367,16.42568016052246,18.200855255126953,17.141414642333984,11.422706604003906
11.577661514282227,12.141910552978516,12.476457595825195,13.088217735290527,13.835500717163086,13.882713317871094,13.131868362426758,12.396649360656738,12.5103759765625,11.865744590759277,10.456945419311523,8.690695762634277,8.052743911743164,8.78132152557373,8.576496124267578,7.115598678588867,6.360579013824463,6.471724033355713,6.672924041748047,6.8506083488464355,7.774748802185059,8.84956169128418,10.234016418457031,12.930886268615723,15.714374542236328,16.344104766845703,15.595088958740234,15.33419132232666,15.908683776855469,16.866695404052734,16.971500396728516,16.39276123046875,15.999066352844238,15.33867359161377,15.218762397766113,15.462620735168457,15.370162010192871,16.716753005981445,14.961041450500488,12.337872505187988,15.125699996948242,17.323474884033203,12.620210647583008
13.156660079956055,14.306794166564941,15.136078834533691,15.777170181274414,16.600927352905273,17.01719856262207,16.15073585510254,14.496638298034668,12.933008193969727,10.914872169494629,9.093972206115723,8.659704208374023,8.695656776428223,8.21681022644043,7.50730037689209,7.007512092590332,7.1175408363342285,7.542033672332764,7.5254130363464355,7.3211750984191895,8.171307563781738,10.077165603637695,10.964604377746582,12.202094078063965,13.757153511047363,13.984502792358398,12.784554481506348,12.744906425476074,12.404890060424805,11.928984642028809,12.190476417541504,13.026755332946777,13.797886848449707,15.005290985107422,18.091625213623047,20.568262100219727,20.17868423461914,17.806684494018555,15.89387321472168,12.937527656555176,12.491667747497559,15.899171829223633,14.992948532104492
13.586054801940918,15.452157020568848,16.840333938598633,17.76502227783203,18.713077545166016,18.728675842285156,17.099733352661133,14.702262878417969,12.68680477142334,11.314141273498535,10.224593162536621,8.63813591003418,6.990583896636963,6.218819618225098,6.149000644683838,6.616139888763428,7.144726276397705,8.102062225341797,8.512701034545898,8.904006004333496,9.81196403503418,11.057120323181152,11.02203369140625,11.918923377990723,12.891563415527344,13.909492492675781,13.818511009216309,13.894768714904785,14.315823554992676,13.885455131530762,13.200321197509766,13.119136810302734,13.589814186096191,14.123361587524414,14.299760818481445,13.835457801818848,12.478392601013184,10.66428279876709,11.351531028747559,12.228169441223145,12.14073657989502,13.970037460327148,13.83243179321289
13.830960273742676,16.09839630126953,17.541261672973633,18.390201568603516,19.107086181640625,18.51566505432129,15.758546829223633,12.857370376586914,11.999480247497559,10.331171989440918,8.566404342651367,7.431079387664795,6.9251604080200195,6.3804612159729,5.800379276275635,5.4592766761779785,5.846725940704346,6.97068977355957,8.069664001464844,9.757572174072266,10.94943904876709,11.558548927307129,11.142292022705078,11.740978240966797,13.238282203674316,13.825922966003418,13.671956062316895,13.571887969970703,14.411094665527344,15.2271089553833,15.33454418182373,14.988899230957031,14.185677528381348,12.5302095413208,11.474950790405273,10.984424591064453,10.022970199584961,9.458210945129395,10.174720764160156,10.86622428894043,11.133870124816895,13.347676277160645,15.073424339294434
15.176839828491211,17.157569885253906,17.833560943603516,17.58786392211914,17.33238983154297,16.77107810974121,14.920059204101562,14.070653915405273,14.231095314025879,11.798934936523438,9.17757511138916,7.860134124755859,7.876160144805908,7.928216457366943,7.216097831726074,5.888997554779053,5.587576389312744,5.793295383453369,6.947493076324463,9.230896949768066,10.959830284118652,12.071813583374023,11.615470886230469,11.108333587646484,12.72797679901123,13.773762702941895,13.74537467956543,14.032600402832031,14.80227279663086,15.684547424316406,15.755102157592773,15.52526569366455,15.29361343383789,14.401866912841797,12.887414932250977,11.021961212158203,10.6091890335083,11.505358695983887,12.24336051940918,11.576057434082031,10.524704933166504,12.529800415039062,14.343049049377441
17.494022369384766,18.585205078125,17.94325065612793,15.673079490661621,13.4708251953125,13.181707382202148,13.934736251831055,16.845548629760742,15.661126136779785,8.486408233642578,5.6238555908203125,6.589022159576416,8.000733375549316,9.23437786102295,9.763895988464355,8.527066230773926,6.788801670074463,5.945178031921387,6.67476749420166,8.753693580627441,11.942537307739258,13.91917610168457,13.972304344177246,13.92309284210205,14.040672302246094,13.686944007873535,13.096436500549316,13.336352348327637,14.133321762084961,15.170727729797363,15.903512954711914,16.001270294189453,15.658061981201172,14.82472038269043,13.846861839294434,12.422719955444336,11.389595985412598,11.789012908935547,12.995535850524902,13.329587936401367,12.56554126739502,13.850549697875977,14.671417236328125
20.62621307373047,20.685354232788086,18.873201370239258,14.463848114013672,10.459049224853516,10.397563934326172,14.650875091552734,15.27022647857666,8.710406303405762,4.459650039672852,4.239766597747803,5.341614246368408,5.375823974609375,5.361578464508057,5.380097389221191,5.2559380531311035,5.576976776123047,6.024442195892334,7.544399738311768,9.552857398986816,11.266576766967773,12.684907913208008,13.6471586227417,13.286835670471191,11.628775596618652,11.30018424987793,12.272856712341309,13.04652214050293,13.6719331741333,14.657984733581543,15.696131706237793,15.9021577835083,15.425217628479004,14.883734703063965,14.389595031738281,13.632513046264648,12.595893859863281,12.425314903259277,13.51253890991211,14.602129936218262,14.329702377319336,13.788558006286621,12.849655151367188
