data/wind_data/wind_63_8.json
{"header": {"parameterUnit": "KT", "parameterCategory": 2, "nx": 256, "ny": 198, "lo1": 44.73521041870117, "la1": -3.236724853515625, "lo2": 111.26478576660156, "la2": 43.468475341796875, "dx": 0.2609002888202667, "dy": -0.23708222806453705, "refTime": "2025-02-21 15:00:00", "forecastTime": 0, "parameterNumber": 2, "parameterNumberName": "eastward_wind"}, "data":
[rows 57 to 75 of 198, columns 88 to 131 of 256]
-7.200153827667236,-7.122871398925781,-7.545117378234863,-8.385210990905762,-9.086052894592285,-9.114383697509766,-8.63039493560791,-8.313015937805176,-8.50717544555664,-8.950057983398438,-9.234609603881836,-9.229915618896484,-9.074524879455566,-8.887653350830078,-8.85958194732666,-9.175899505615234,-9.875304222106934,-10.799125671386719,-11.682658195495605,-12.119081497192383,-11.77015209197998,-10.897665977478027,-10.310582160949707,-10.35991096496582,-10.633767127990723,-10.628931045532227,-10.485686302185059,-10.620023727416992,-10.720900535583496,-10.474452018737793,-10.031723022460938,-9.828721046447754,-9.636286735534668,-9.234197616577148,-8.897747993469238,-8.85740852355957,-9.28726863861084,-9.903578758239746,-10.276972770690918,-10.425929069519043,-10.626708984375,-10.605417251586914,-10.151866912841797,-9.3305082321167
-6.706295967102051,-6.365965366363525,-6.316244602203369,-6.881766319274902,-7.733272552490234,-8.103109359741211,-7.699260234832764,-7.082027912139893,-6.917561054229736,-7.34914493560791,-8.070881843566895,-8.800342559814453,-9.305890083312988,-9.373188972473145,-9.10671615600586,-8.920693397521973,-9.117569923400879,-9.631710052490234,-10.25363540649414,-10.77710247039795,-10.861072540283203,-10.443450927734375,-9.937220573425293,-9.724806785583496,-9.705860137939453,-9.564313888549805,-9.399069786071777,-9.639272689819336,-10.026049613952637,-9.938776969909668,-9.467364311218262,-9.18317985534668,-8.875753402709961,-8.534055709838867,-8.214248657226562,-8.19106388092041,-8.553711891174316,-9.194879531860352,-9.82482624053955,-10.184341430664062,-10.334388732910156,-10.26794719696045,-9.835147857666016,-9.021167755126953
-6.215771198272705,-5.975369453430176,-5.623851776123047,-5.577099323272705,-6.0060858726501465,-6.60698938369751,-6.744427680969238,-6.2491774559021,-5.59636926651001,-5.523730278015137,-6.319394588470459,-7.645547389984131,-8.887824058532715,-9.499479293823242,-9.33237361907959,-8.835668563842773,-8.565330505371094,-8.774109840393066,-9.216642379760742,-9.536139488220215,-9.589652061462402,-9.46265983581543,-9.287227630615234,-9.140195846557617,-8.97569751739502,-8.669878005981445,-8.371362686157227,-8.500041007995605,-8.845850944519043,-9.038360595703125,-8.932985305786133,-8.637969970703125,-8.154986381530762,-7.8168110847473145,-7.574995517730713,-7.649727821350098,-8.014066696166992,-8.49614143371582,-9.073280334472656,-9.57253646850586,-9.723163604736328,-9.491981506347656,-8.951004981994629,-8.206954956054688
-5.580758571624756,-5.658238887786865,-5.411464691162109,-4.954696178436279,-4.702250957489014,-5.042183876037598,-5.641811847686768,-5.744823455810547,-5.119855880737305,-4.382530689239502,-4.548445701599121,-5.960596084594727,-7.804713249206543,-9.076163291931152,-9.301373481750488,-8.741029739379883,-8.065078735351562,-7.842854976654053,-8.101070404052734,-8.421127319335938,-8.465518951416016,-8.337956428527832,-8.24509334564209,-8.18695068359375,-8.144430160522461,-7.930242538452148,-7.639623165130615,-7.598618507385254,-7.6389570236206055,-7.613804340362549,-7.736936569213867,-7.729365348815918,-7.56354284286499,-7.27661657333374,-7.059060096740723,-7.20801305770874,-7.602418899536133,-8.0209379196167,-8.43053913116455,-8.794755935668945,-8.85952377319336,-8.494772911071777,-7.826695442199707,-7.031367301940918
-4.700948238372803,-5.007374286651611,-4.998335361480713,-4.548598766326904,-3.952556610107422,-3.8089661598205566,-4.314047336578369,-4.908289909362793,-4.901490688323975,-4.1728515625,-3.536593437194824,-4.174905300140381,-6.040611267089844,-7.910324573516846,-8.793675422668457,-8.523918151855469,-7.722675800323486,-7.1150407791137695,-7.025820255279541,-7.215272426605225,-7.310665607452393,-7.238983154296875,-7.12945556640625,-7.001137733459473,-7.018025875091553,-7.0930495262146,-6.997096061706543,-6.881139755249023,-6.677618980407715,-6.4868693351745605,-6.446386814117432,-6.4480671882629395,-6.5273613929748535,-6.587165355682373,-6.4910759925842285,-6.675881385803223,-7.0894455909729,-7.465919494628906,-7.777565002441406,-7.983741760253906,-7.88961124420166,-7.4176225662231445,-6.725701808929443,-5.9249444007873535
-3.5183827877044678,-3.9455997943878174,-4.090697765350342,-3.791935920715332,-3.1862454414367676,-2.7563092708587646,-2.8995704650878906,-3.5046558380126953,-4.06488037109375,-4.058562755584717,-3.385921001434326,-2.9913322925567627,-3.9542486667633057,-5.955965995788574,-7.556363582611084,-7.81058931350708,-7.159537315368652,-6.494534492492676,-6.205933094024658,-6.147824764251709,-6.135093688964844,-6.1387176513671875,-6.089977741241455,-5.9081950187683105,-5.836880207061768,-5.988429546356201,-6.180950164794922,-6.457973957061768,-6.036808967590332,-5.5670013427734375,-5.517842769622803,-5.514430999755859,-5.379093647003174,-5.5296149253845215,-5.748071670532227,-5.974883556365967,-6.343774318695068,-6.736373424530029,-6.957422733306885,-6.950466156005859,-6.7115678787231445,-6.245368480682373,-5.6326584815979,-4.944096565246582
-2.0629758834838867,-2.471773862838745,-2.721475839614868,-2.6353225708007812,-2.1585311889648438,-1.606528639793396,-1.39613676071167,-1.7605397701263428,-2.4984936714172363,-3.1208114624023438,-3.1803553104400635,-2.74782395362854,-2.751281261444092,-3.8484978675842285,-5.524228572845459,-6.419404029846191,-6.101999759674072,-5.538346767425537,-5.263840675354004,-5.096996307373047,-4.996975898742676,-5.09812593460083,-5.1566081047058105,-4.953608512878418,-4.855066299438477,-4.867614269256592,-5.0083537101745605,-5.5009307861328125,-6.042235374450684,-5.64735221862793,-4.766230583190918,-4.561161518096924,-4.418867588043213,-4.3491597175598145,-4.7049665451049805,-5.044373035430908,-5.380486488342285,-5.776486873626709,-6.025760650634766,-5.8484883308410645,-5.452011585235596,-5.046083450317383,-4.568221569061279,-4.0225629806518555
-0.6871101260185242,-0.9814857840538025,-1.2419917583465576,-1.320204734802246,-1.0410501956939697,-0.48660239577293396,0.03521917015314102,0.051467567682266235,-0.5432990789413452,-1.3760433197021484,-2.0526750087738037,-2.4014506340026855,-2.5557897090911865,-2.9102983474731445,-3.7341175079345703,-4.608575820922852,-4.794714450836182,-4.440203666687012,-4.128777027130127,-3.8338277339935303,-3.5989911556243896,-3.8207995891571045,-4.1701154708862305,-4.0584492683410645,-4.121100902557373,-4.415322303771973,-4.274001121520996,-4.247442245483398,-4.773185729980469,-5.55916690826416,-5.3133111000061035,-4.296311855316162,-3.5704386234283447,-3.281924247741699,-3.555727958679199,-4.054385185241699,-4.292324066162109,-4.447627544403076,-4.677870273590088,-4.656948089599609,-4.378383636474609,-4.039060592651367,-3.6694767475128174,-3.27970552444458
0.48446589708328247,0.26247718930244446,0.047808196395635605,-0.1081811860203743,-0.012404271401464939,0.44646739959716797,1.1467052698135376,1.6593906879425049,1.4808958768844604,0.7953645586967468,-0.06372357904911041,-1.1038693189620972,-2.188601016998291,-2.856386423110962,-3.0854854583740234,-3.3489034175872803,-3.6593334674835205,-3.70566987991333,-3.452237844467163,-2.9009814262390137,-2.3152225017547607,-2.3055496215820312,-2.6890296936035156,-2.8838257789611816,-3.204845905303955,-3.840442180633545,-4.1293559074401855,-4.182628154754639,-3.9416375160217285,-4.152886390686035,-4.655681133270264,-4.292869567871094,-3.1700708866119385,-2.3043460845947266,-2.311657667160034,-2.886502504348755,-3.177267074584961,-3.1366758346557617,-3.179849863052368,-3.2270355224609375,-3.15667724609375,-3.008906841278076,-2.815061569213867,-2.6203958988189697
1.5509356260299683,1.2422226667404175,1.0032646656036377,0.8371226191520691,0.8190525770187378,1.1056079864501953,1.792646884918213,2.641157865524292,3.0369553565979004,2.779907703399658,2.1614248752593994,1.0062894821166992,-0.7407230734825134,-2.3490970134735107,-2.988708972930908,-2.9555933475494385,-3.0730414390563965,-3.411966323852539,-3.3655550479888916,-2.687246084213257,-1.831081509590149,-1.3019983768463135,-1.1978272199630737,-1.4650439023971558,-2.0904958248138428,-2.8093345165252686,-3.216310501098633,-3.733278751373291,-4.045124053955078,-3.7519092559814453,-3.5124313831329346,-3.472764492034912,-2.821263313293457,-1.681968331336975,-1.1163145303726196,-1.4167101383209229,-1.772692322731018,-1.7904397249221802,-1.8755937814712524,-2.0181267261505127,-1.9188604354858398,-1.7424207925796509,-1.7190290689468384,-1.7867765426635742
2.578476667404175,2.0871357917785645,1.6876190900802612,1.4237138032913208,1.2887916564941406,1.4221680164337158,1.995404601097107,2.908264398574829,3.679626226425171,3.9128289222717285,3.693408727645874,3.012826919555664,1.524278163909912,-0.5343296527862549,-2.1343307495117188,-2.685673475265503,-2.8760509490966797,-3.2714436054229736,-3.2746503353118896,-2.757568120956421,-2.212648391723633,-1.421971082687378,-0.3914479911327362,-0.20486678183078766,-1.1916035413742065,-2.1905555725097656,-2.5528581142425537,-2.5886433124542236,-2.835381031036377,-2.975308418273926,-2.7782387733459473,-2.690586805343628,-2.5141122341156006,-1.6443463563919067,-0.6190397143363953,-0.25995582342147827,-0.24428753554821014,-0.11129647493362427,-0.2991039454936981,-0.7725846767425537,-0.8754539489746094,-0.7513061761856079,-0.7927111983299255,-0.9678550362586975
3.5068271160125732,2.8637092113494873,2.2835564613342285,1.816455364227295,1.4841692447662354,1.4855455160140991,1.9840229749679565,2.8439173698425293,3.7099647521972656,4.225442409515381,4.275393009185791,4.046626091003418,3.3916144371032715,1.9586657285690308,0.03385623171925545,-1.3951610326766968,-2.070566177368164,-2.571544885635376,-2.6598494052886963,-2.5135929584503174,-2.579864501953125,-1.960936188697815,-0.5363689064979553,0.265596479177475,-0.2613423466682434,-1.3846458196640015,-2.368312120437622,-2.5352299213409424,-1.8637752532958984,-1.3373605012893677,-1.2520747184753418,-1.4262858629226685,-1.7242330312728882,-1.5033427476882935,-0.6045399308204651,0.2248721718788147,0.7355862259864807,1.256812334060669,1.423313856124878,0.988569974899292,0.543287992477417,0.280614972114563,-0.03522290661931038,-0.3916622996330261
4.361256122589111,3.631990671157837,2.916236639022827,2.300612688064575,1.7683682441711426,1.560558557510376,1.933390498161316,2.7681453227996826,3.6867129802703857,4.328029632568359,4.525200843811035,4.47941780090332,4.391875267028809,3.908148765563965,2.593505859375,0.9720902442932129,-0.15111654996871948,-0.8332707285881042,-1.1762136220932007,-1.5314342975616455,-2.004518747329712,-1.6493333578109741,-0.6627534627914429,-0.1554976999759674,-0.18706704676151276,-0.4691189229488373,-1.2248831987380981,-2.041403293609619,-1.8867056369781494,-0.9162358045578003,-0.0946221724152565,0.13672110438346863,-0.1252356320619583,-0.44148334860801697,-0.21369989216327667,0.46108293533325195,1.0617201328277588,1.7169830799102783,2.4012441635131836,2.5601513385772705,2.221351385116577,1.8264296054840088,1.3134829998016357,0.6220751404762268
5.231594085693359,4.547680854797363,3.7157680988311768,2.9699878692626953,2.3290140628814697,1.9291930198669434,2.044599771499634,2.7559397220611572,3.790480375289917,4.664517402648926,5.037285327911377,5.06787633895874,5.132924556732178,5.107141971588135,4.487060546875,3.380896806716919,2.3218348026275635,1.557080626487732,0.9412821531295776,0.12127182632684708,-0.5484244227409363,-0.37643247842788696,0.08086856454610825,-0.1343398243188858,-0.6239279508590698,-0.6897650361061096,-0.7323305606842041,-1.0032731294631958,-1.109473705291748,-0.7798057198524475,0.0025539794005453587,0.8527498841285706,1.3332363367080688,1.3172600269317627,1.237601637840271,1.4762802124023438,1.6080213785171509,1.7000012397766113,2.468226671218872,3.263134241104126,3.2411575317382812,3.056250810623169,2.8895926475524902,2.270878553390503
6.137655258178711,5.652365207672119,4.836255073547363,3.9496588706970215,3.202540636062622,2.6775426864624023,2.4957115650177,2.872973918914795,3.8914482593536377,5.087071895599365,5.8336286544799805,6.092548847198486,6.221918106079102,6.216672897338867,5.823342800140381,5.163626670837402,4.463364601135254,3.8317596912384033,3.1487674713134766,2.135345697402954,1.2304058074951172,1.1075927019119263,1.2881193161010742,0.868804931640625,-0.3019922077655792,-0.9882528185844421,-0.9280017614364624,-1.071447491645813,-1.101608395576477,-0.6542707085609436,0.08799351751804352,1.0261825323104858,1.9194413423538208,2.5331172943115234,2.923143148422241,3.3040332794189453,3.2846226692199707,2.4441139698028564,2.2873902320861816,3.2925047874450684,3.662477970123291,3.3975985050201416,3.49418306350708,3.345534324645996
6.890748500823975,6.556876182556152,5.881374359130859,5.105393886566162,4.390227317810059,3.7922563552856445,3.3563458919525146,3.2616360187530518,3.917506694793701,5.229667663574219,6.452971458435059,7.14475679397583,7.469698905944824,7.478213310241699,7.136260032653809,6.636443138122559,6.097848892211914,5.518372535705566,4.842955589294434,3.808762311935425,2.7677977085113525,2.3589072227478027,2.2827508449554443,2.0280404090881348,0.8800911903381348,-0.4686689078807831,-0.8455400466918945,-0.9599868655204773,-1.441565990447998,-1.3392589092254639,-0.524366021156311,0.5779794454574585,1.6983609199523926,2.7207250595092773,3.6234946250915527,4.4947710037231445,5.128419399261475,4.423609256744385,2.8757665157318115,3.147447347640991,4.226800441741943,3.7919528484344482,3.2386748790740967,3.2641091346740723
7.544819355010986,7.348135948181152,6.799967288970947,6.161571979522705,5.584991455078125,5.016143798828125,4.4078850746154785,3.8985209465026855,3.9687843322753906,5.018722057342529,6.580831050872803,7.825258731842041,8.518016815185547,8.718230247497559,8.517345428466797,8.156004905700684,7.655638694763184,6.980025291442871,6.20540189743042,5.055003643035889,3.784078359603882,3.228957414627075,2.9948666095733643,2.5524322986602783,1.7632743120193481,0.628223180770874,-0.20058242976665497,-0.6893916726112366,-1.269773244857788,-1.5915731191635132,-1.2663359642028809,-0.4552623927593231,0.7360254526138306,2.0530996322631836,3.303868055343628,4.465492248535156,5.6514668464660645,6.276373863220215,4.461869716644287,3.0400733947753906,4.418944358825684,4.753742694854736,3.336684226989746,2.8044991493225098
8.137460708618164,8.1301851272583,7.792967319488525,7.247570037841797,6.641419887542725,6.043275356292725,5.414544105529785,4.750417709350586,4.335686683654785,4.784706115722656,6.22131872177124,7.8864336013793945,9.086234092712402,9.673027038574219,9.800847053527832,9.705466270446777,9.255912780761719,8.381396293640137,7.494645595550537,6.410640239715576,4.883545875549316,3.906463146209717,3.6434226036071777,3.0184221267700195,1.9851937294006348,1.2822779417037964,0.7266598343849182,-0.05007569491863251,-0.8367606401443481,-1.3577815294265747,-1.4126043319702148,-1.0497740507125854,-0.22782082855701447,0.9190588593482971,2.1820852756500244,3.519394636154175,4.949182033538818,6.582906246185303,6.350188732147217,3.5548853874206543,3.6676950454711914,5.083261013031006,4.007662296295166,2.797327756881714
8.70901870727539,8.923975944519043,8.770214080810547,8.240874290466309,7.455879211425781,6.680194854736328,6.093519687652588,5.595251083374023,5.152855396270752,5.162650108337402,6.0339460372924805,7.545657157897949,9.000158309936523,9.938529014587402,10.405244827270508,10.73482894897461,10.660642623901367,9.687013626098633,8.458199501037598,7.494553089141846,6.280917644500732,4.945049285888672,4.125681400299072,3.581913709640503,2.496739387512207,1.2633259296417236,0.748812198638916,0.38736891746520996,-0.23170851171016693,-0.7981616258621216,-1.089624285697937,-0.9421036839485168,-0.49651357531547546,0.11190624535083771,0.979658305644989,2.190920352935791,3.515531063079834,5.234495162963867,6.742883682250977,4.9671196937561035,3.012949228286743,4.0363054275512695,4.286540985107422,3.218442440032959
