data/wind_data/wind_33_7.json
{"header": {"parameterUnit": "KT", "parameterCategory": 2, "nx": 256, "ny": 198, "lo1": 44.73521041870117, "la1": -3.236724853515625, "lo2": 111.26478576660156, "la2": 43.468475341796875, "dx": 0.2609002888202667, "dy": -0.23708222806453705, "refTime": "2025-02-20 09:00:00", "forecastTime": 0, "parameterNumber": 2, "parameterNumberName": "eastward_wind"}, "data":
[rows 60 to 79 of 198, columns 176 to 219 of 256]
4.424316883087158,4.443974018096924,3.9141952991485596,3.801290273666382,3.941678762435913,3.526656150817871,3.6123926639556885,4.587461948394775,5.401717662811279,5.546726226806641,5.285757541656494,5.287100791931152,5.659134864807129,5.89678955078125,5.981838226318359,6.28817081451416,6.7942376136779785,7.478507995605469,8.185715675354004,8.766192436218262,8.994523048400879,9.085707664489746,9.24288272857666,9.226561546325684,8.350226402282715,7.14340877532959,6.281978607177734,5.612022876739502,4.3954854011535645,2.97391676902771,2.4902045726776123,1.9725309610366821,2.8416171073913574,2.4885706901550293,2.225385904312134,1.294663429260254,-0.5007703900337219,-2.2002882957458496,-3.4606354236602783,-4.0815019607543945,-4.232323169708252,-3.969467878341675,-3.804565906524658,-2.560049295425415
5.454145431518555,5.418013572692871,5.159756183624268,4.771667957305908,4.852816581726074,4.757608890533447,4.45074462890625,5.040331840515137,6.218884468078613,7.095931053161621,7.3308563232421875,7.44905948638916,7.65902853012085,7.676342964172363,7.613801002502441,7.781826972961426,8.042048454284668,8.42492389678955,8.913005828857422,9.16858959197998,9.747649192810059,10.014957427978516,10.116973876953125,9.891953468322754,9.069843292236328,8.111189842224121,7.609493255615234,7.1697282791137695,5.7641730308532715,4.155580043792725,4.139654636383057,3.382148504257202,3.700716257095337,3.7674081325531006,3.381326913833618,2.0518176555633545,0.21737946569919586,-0.9945585131645203,-1.065998911857605,-1.0828087329864502,-1.8017497062683105,-1.9061592817306519,-1.3424984216690063,-0.7201038599014282
6.692185878753662,6.651981830596924,6.692678451538086,6.402517318725586,6.237732887268066,6.353135585784912,6.265225887298584,6.359230041503906,7.327345848083496,8.2614164352417,8.882668495178223,9.388973236083984,9.952957153320312,10.132630348205566,9.862951278686523,9.568626403808594,9.424215316772461,9.41142749786377,9.64981460571289,9.81421947479248,10.123263359069824,10.647994041442871,10.792475700378418,10.49462604522705,9.844189643859863,9.017762184143066,8.6785306930542,8.779376029968262,7.949920654296875,5.403533458709717,4.203437805175781,4.5487775802612305,5.13879919052124,4.688421249389648,4.222247123718262,3.660784959793091,2.365748882293701,1.1163077354431152,0.538227379322052,0.6624373197555542,0.24375851452350616,1.729649543762207,1.9397263526916504,1.7859383821487427
8.490456581115723,8.182860374450684,8.397732734680176,8.415714263916016,8.208107948303223,8.191987991333008,8.208117485046387,8.250844955444336,8.678216934204102,9.205163955688477,9.758049011230469,10.337601661682129,11.075729370117188,11.60094165802002,11.56016731262207,11.126049041748047,10.670722007751465,10.402647972106934,10.512024879455566,10.825576782226562,11.101280212402344,11.499573707580566,11.701539993286133,11.539751052856445,10.902043342590332,10.26458740234375,10.256404876708984,10.46750545501709,9.806899070739746,6.653398513793945,5.1872711181640625,5.2696990966796875,6.0514445304870605,6.422401428222656,5.954037189483643,6.117405891418457,5.363076210021973,3.521735906600952,2.7782199382781982,2.851177215576172,2.6637306213378906,3.874173641204834,3.356431722640991,2.450125217437744
11.760417938232422,10.438348770141602,10.192648887634277,10.370953559875488,10.344273567199707,10.242765426635742,10.175276756286621,10.06484603881836,10.194819450378418,10.233692169189453,10.524995803833008,10.933444023132324,11.46072769165039,11.925169944763184,12.062597274780273,11.874061584472656,11.56238842010498,11.39203929901123,11.587217330932617,12.000370979309082,12.500025749206543,12.930390357971191,13.143798828125,12.956475257873535,12.212918281555176,11.868046760559082,12.38790512084961,12.59985637664795,10.741522789001465,7.807519435882568,7.4177021980285645,8.209657669067383,7.037614822387695,6.868416786193848,7.512509346008301,8.148030281066895,7.864327907562256,5.964704990386963,4.379234790802002,4.801527500152588,4.790327072143555,6.34318733215332,5.5791401863098145,3.4047739505767822
15.722125053405762,14.062305450439453,12.70368480682373,12.317170143127441,12.283193588256836,12.22335433959961,12.166950225830078,12.023201942443848,11.840229034423828,11.66012191772461,11.629271507263184,11.836325645446777,12.222556114196777,12.500700950622559,12.559615135192871,12.58379077911377,12.665282249450684,12.767971992492676,13.052560806274414,13.531343460083008,14.076915740966797,14.615571975708008,14.868745803833008,14.59359359741211,13.875293731689453,13.733729362487793,14.367997169494629,14.087810516357422,12.021309852600098,9.822543144226074,9.69450855255127,11.458003997802734,9.966054916381836,8.579340934753418,8.996438026428223,9.896917343139648,9.63225269317627,7.93672513961792,6.02280330657959,5.849474906921387,6.648478984832764,7.681947231292725,7.226442813873291,5.236016750335693
17.93927001953125,17.649784088134766,16.158123016357422,14.844809532165527,14.260052680969238,14.069234848022461,14.08984375,14.159371376037598,13.92271900177002,13.53520679473877,13.236488342285156,13.330775260925293,13.680209159851074,13.954367637634277,14.067462921142578,14.265031814575195,14.62292766571045,14.8993558883667,15.212986946105957,15.713855743408203,16.282108306884766,16.766746520996094,16.951005935668945,16.568262100219727,15.779633522033691,15.590350151062012,16.164979934692383,15.071634292602539,13.840288162231445,12.774311065673828,12.797913551330566,13.867172241210938,13.047718048095703,11.191067695617676,10.871167182922363,11.383123397827148,10.927356719970703,9.626555442810059,8.025468826293945,7.325074672698975,8.064031600952148,8.580299377441406,8.28161334991455,7.22697114944458
18.411880493164062,19.345417022705078,19.114944458007812,17.873762130737305,16.70998764038086,16.0727481842041,15.928133010864258,16.11621856689453,16.168903350830078,15.791671752929688,15.410713195800781,15.44137191772461,15.703333854675293,15.949865341186523,16.233455657958984,16.709659576416016,17.215925216674805,17.524967193603516,17.855751037597656,18.422887802124023,19.087907791137695,19.613046646118164,19.754257202148438,19.284679412841797,18.246734619140625,17.81068229675293,17.7376708984375,16.389400482177734,16.11701774597168,16.038467407226562,14.90875244140625,14.344964981079102,14.056159973144531,13.64892578125,13.456058502197266,13.052668571472168,12.300690650939941,11.635458946228027,10.556255340576172,9.446432113647461,9.673095703125,9.7359037399292,9.109411239624023,8.675527572631836
18.983062744140625,19.704936981201172,20.48041343688965,20.318618774414062,19.442455291748047,18.546220779418945,17.9971923828125,17.880084991455078,18.018091201782227,17.949403762817383,17.78171730041504,17.88844871520996,18.18033790588379,18.379695892333984,18.632009506225586,19.171222686767578,19.71272850036621,20.037023544311523,20.42521095275879,21.067960739135742,21.785303115844727,22.355815887451172,22.646608352661133,22.44189453125,21.350923538208008,20.492460250854492,19.86064910888672,18.163318634033203,17.939178466796875,18.7073974609375,17.276042938232422,15.688658714294434,15.43450927734375,15.891531944274902,15.951570510864258,14.965202331542969,14.04134464263916,13.936647415161133,12.645519256591797,12.277400970458984,11.720293045043945,10.841536521911621,10.015718460083008,9.99290943145752
20.780872344970703,20.403343200683594,20.982101440429688,21.57767677307129,21.56463050842285,21.121910095214844,20.56648826599121,20.07573127746582,19.83717918395996,19.78154182434082,19.83404541015625,20.121503829956055,20.622385025024414,21.064645767211914,21.41133689880371,21.817161560058594,22.150768280029297,22.352279663085938,22.689449310302734,23.262521743774414,23.887924194335938,24.401304244995117,24.873699188232422,25.010913848876953,24.237842559814453,23.285520553588867,21.71596908569336,20.42353630065918,20.050134658813477,20.144296646118164,19.121458053588867,17.957796096801758,17.378633499145508,17.722517013549805,17.851490020751953,16.983381271362305,16.06744956970215,15.849360466003418,14.667983055114746,14.322173118591309,13.18770694732666,13.078985214233398,12.433423042297363,11.883061408996582
23.411466598510742,22.326446533203125,21.975515365600586,22.321760177612305,22.745956420898438,22.97176170349121,23.009305953979492,22.805343627929688,22.414216995239258,22.025510787963867,21.807750701904297,21.94575309753418,22.484766006469727,23.224285125732422,23.937551498413086,24.553991317749023,24.9481201171875,25.05851936340332,25.100250244140625,25.282602310180664,25.545164108276367,25.7807559967041,26.2426700592041,26.73618507385254,26.375173568725586,25.46005630493164,23.722864151000977,22.631505966186523,22.14636993408203,20.95672035217285,20.7578125,20.30438995361328,19.39946174621582,19.274492263793945,19.354084014892578,18.93391227722168,18.316022872924805,18.0135498046875,16.63687515258789,16.007972717285156,15.273221015930176,15.38731861114502,14.744097709655762,13.980581283569336
26.12464714050293,25.03260612487793,24.022869110107422,23.594717025756836,23.698453903198242,24.082300186157227,24.60674476623535,25.065906524658203,25.190885543823242,24.973011016845703,24.536964416503906,24.145626068115234,24.157527923583984,24.67546844482422,25.49984359741211,26.384057998657227,27.158123016357422,27.619243621826172,27.68770980834961,27.552152633666992,27.365737915039062,27.09789276123047,27.167512893676758,27.7968807220459,28.046764373779297,27.34979820251465,25.971393585205078,24.499351501464844,23.514841079711914,22.45514678955078,21.599313735961914,21.5556697845459,21.541608810424805,21.229209899902344,21.144182205200195,20.922819137573242,20.611692428588867,20.389392852783203,19.206178665161133,17.968515396118164,17.77682113647461,17.93644905090332,17.260892868041992,16.455028533935547
28.824129104614258,27.944271087646484,26.786611557006836,25.788131713867188,25.28325843811035,25.30325698852539,25.714893341064453,26.365100860595703,27.02719497680664,27.46776008605957,27.57746124267578,27.272611618041992,26.738874435424805,26.439680099487305,26.642745971679688,27.256027221679688,28.116130828857422,28.955991744995117,29.443933486938477,29.489994049072266,29.218002319335938,28.656213760375977,28.254451751708984,28.65314292907715,29.264240264892578,29.113420486450195,27.870609283447266,26.571086883544922,25.33929443359375,23.502605438232422,22.48818588256836,22.937986373901367,23.52778434753418,23.519472122192383,23.183460235595703,22.868528366088867,22.833955764770508,22.673023223876953,21.870180130004883,20.59749412536621,20.39384651184082,20.596956253051758,20.285417556762695,19.468034744262695
31.279441833496094,30.753210067749023,29.8324031829834,28.704769134521484,27.74176025390625,27.214374542236328,27.158571243286133,27.463624954223633,28.044116973876953,28.776771545410156,29.550979614257812,30.089052200317383,30.01813507080078,29.405118942260742,28.703296661376953,28.318431854248047,28.510902404785156,29.196815490722656,29.969009399414062,30.425254821777344,30.434011459350586,30.03236961364746,29.540185928344727,29.713502883911133,30.29779052734375,30.4204158782959,29.46626853942871,28.29217529296875,27.623048782348633,25.805559158325195,24.54094123840332,23.81514549255371,24.50291633605957,25.20257568359375,24.916593551635742,24.688135147094727,24.87670135498047,24.759782791137695,24.092575073242188,23.222726821899414,23.0211238861084,23.255393981933594,23.26276206970215,22.5260009765625
32.92844009399414,32.886173248291016,32.517539978027344,31.773073196411133,30.79058837890625,29.873991012573242,29.293283462524414,29.122028350830078,29.283199310302734,29.730854034423828,30.4786319732666,31.45833969116211,32.272708892822266,32.4652214050293,31.832963943481445,30.72385025024414,29.872879028320312,29.680906295776367,30.019962310791016,30.495410919189453,30.746675491333008,30.715312957763672,30.576343536376953,30.806108474731445,31.40968132019043,31.5449161529541,30.88580322265625,30.02910804748535,29.71214485168457,28.720457077026367,27.074016571044922,25.0574893951416,25.807405471801758,26.76705551147461,26.479175567626953,26.190448760986328,26.551151275634766,26.7589054107666,26.144113540649414,25.42412567138672,25.281314849853516,25.556682586669922,25.65587043762207,25.12604522705078
33.71160888671875,34.00335693359375,34.168052673339844,34.082496643066406,33.62460708618164,32.84727478027344,32.019161224365234,31.455039978027344,31.249540328979492,31.28898811340332,31.543224334716797,32.126861572265625,33.05546188354492,34.00714111328125,34.37054443359375,33.84862518310547,32.834957122802734,31.796764373779297,31.1102352142334,30.847890853881836,30.802265167236328,30.839157104492188,31.013381958007812,31.427640914916992,32.22822570800781,32.66666793823242,32.34959030151367,32.04076385498047,31.787921905517578,31.16165542602539,30.069576263427734,28.22464942932129,27.6304931640625,28.010684967041016,27.8941593170166,27.583106994628906,27.83792495727539,28.328371047973633,28.009803771972656,27.307519912719727,27.00296401977539,27.274564743041992,27.47972869873047,27.099308013916016
34.38736343383789,34.62782669067383,34.9509391784668,35.25421142578125,35.381980895996094,35.211212158203125,34.73537826538086,34.16347122192383,33.75344467163086,33.4831428527832,33.27561950683594,33.212867736816406,33.53839874267578,34.36124038696289,35.341064453125,35.93415069580078,35.87889862060547,35.130950927734375,34.01803207397461,32.92974090576172,32.07851028442383,31.59861183166504,31.548091888427734,31.885290145874023,32.65740203857422,33.425315856933594,33.74338912963867,33.77924728393555,33.838623046875,33.49671936035156,32.91660690307617,31.946813583374023,30.79364776611328,30.11197280883789,29.548288345336914,29.194124221801758,29.356128692626953,29.655771255493164,29.2937068939209,28.992664337158203,28.706026077270508,28.89704132080078,29.141393661499023,28.746639251708984
35.6703987121582,35.641361236572266,35.751827239990234,35.99931716918945,36.32391357421875,36.62039566040039,36.7708854675293,36.66559982299805,36.36235046386719,35.95177459716797,35.43916702270508,34.88752365112305,34.568016052246094,34.78044509887695,35.54969787597656,36.56220626831055,37.449310302734375,37.830936431884766,37.491477966308594,36.493106842041016,35.193824768066406,34.14960479736328,33.585628509521484,33.4373893737793,33.66205596923828,34.071170806884766,34.59078598022461,35.181297302246094,35.600921630859375,35.84260177612305,35.72500991821289,35.03936004638672,33.99212646484375,32.89065170288086,32.03008270263672,31.53158950805664,31.322227478027344,31.272167205810547,30.91029930114746,30.615711212158203,30.248580932617188,30.1980037689209,30.638900756835938,30.52375030517578
37.32615661621094,37.22466278076172,37.11126708984375,37.09209060668945,37.27538299560547,37.68275833129883,38.191680908203125,38.560997009277344,38.6053581237793,38.325279235839844,37.75413513183594,36.94529342651367,36.15694046020508,35.80619812011719,36.04704284667969,36.70634460449219,37.731075286865234,38.94875717163086,39.746517181396484,39.67958450317383,38.87723922729492,37.90951919555664,37.149749755859375,36.59699630737305,36.223121643066406,35.85150146484375,35.77213668823242,36.37712860107422,37.01215362548828,37.63162612915039,38.052337646484375,37.79359436035156,37.03415298461914,36.05830383300781,35.22031784057617,34.49790954589844,33.809547424316406,33.407100677490234,32.945613861083984,32.44416046142578,31.878372192382812,31.543659210205078,31.89983367919922,32.23063278198242
38.67179489135742,38.72703552246094,38.71662139892578,38.68605041503906,38.7690544128418,39.07215881347656,39.54722595214844,40.01921081542969,40.31062316894531,40.32843017578125,39.987667083740234,39.21288299560547,38.195735931396484,37.45518493652344,37.16884231567383,37.20296096801758,37.85759353637695,39.16549301147461,40.51054000854492,41.324073791503906,41.440704345703125,41.10085678100586,40.64035415649414,40.14546203613281,39.595054626464844,38.874412536621094,38.199462890625,38.14662170410156,38.52067565917969,39.019325256347656,39.699920654296875,40.06968307495117,39.81332015991211,39.146968841552734,38.37389373779297,37.517391204833984,36.709651947021484,36.13606262207031,35.404930114746094,34.54922866821289,33.78974533081055,33.18913269042969,33.26387023925781,33.684425354003906
