data/wind_data/wind_30_5.json
{"header": {"parameterUnit": "KT", "parameterCategory": 2, "nx": 256, "ny": 198, "lo1": 44.73521041870117, "la1": -3.236724853515625, "lo2": 111.26478576660156, "la2": 43.468475341796875, "dx": 0.2609002888202667, "dy": -0.23708222806453705, "refTime": "2025-02-20 06:00:00", "forecastTime": 0, "parameterNumber": 2, "parameterNumberName": "eastward_wind"}, "data":
[rows 19 to 37 of 198, columns 132 to 175 of 256]
-5.146758556365967,-4.431990623474121,-4.760270118713379,-6.507318019866943,-5.138967514038086,-1.1643660068511963,-2.301914930343628,-2.5630600452423096,-3.424877405166626,-0.16442711651325226,1.7836933135986328,0.9788347482681274,1.74918794631958,2.168363571166992,1.8505479097366333,0.022900082170963287,-4.054258823394775,-2.4597043991088867,-0.802908718585968,-0.4367070496082306,3.5035741329193115,-0.9556407332420349,1.237636685371399,-5.062350273132324,-2.7538139820098877,-4.895949840545654,-2.9017462730407715,-2.0127811431884766,1.6376503705978394,2.234537124633789,1.2391324043273926,0.5821260213851929,0.5013023018836975,2.1166341304779053,3.8219661712646484,4.704989433288574,4.974390506744385,5.065610408782959,2.7873775959014893,-0.20826944708824158,1.505087971687317,4.599755764007568,6.365370273590088,7.258260250091553
-6.381912708282471,-5.941157817840576,-5.4221978187561035,-6.718495845794678,-2.875762462615967,-0.4631865322589874,-0.3928084671497345,-0.16763241589069366,-0.6568236351013184,1.5877685546875,2.707490921020508,0.9120944738388062,2.9338598251342773,-0.8007495403289795,-1.843997836112976,-1.6197123527526855,-5.312474727630615,-2.831235647201538,-3.2457215785980225,-1.677348256111145,-0.18280278146266937,0.43086427450180054,-4.2899909019470215,-6.888355731964111,-4.009151458740234,-3.659813404083252,-1.546947956085205,0.4805748760700226,2.4902431964874268,3.120723009109497,2.8509204387664795,1.8891863822937012,1.0594398975372314,2.155142307281494,5.03114652633667,6.448502540588379,6.269012928009033,6.4327311515808105,7.233512878417969,6.272301197052002,2.140577793121338,2.509456157684326,5.24793004989624,7.549735069274902
-6.0486226081848145,-5.1410813331604,-1.055080533027649,-1.2487303018569946,0.4606620669364929,0.10203757882118225,0.016057444736361504,1.4653769731521606,-0.010787855833768845,2.601874828338623,3.6596691608428955,1.4560867547988892,-3.568298578262329,-10.218145370483398,-12.080120086669922,-8.457193374633789,-6.828569412231445,-6.375363826751709,-4.6111297607421875,-1.0666184425354004,-0.7135255336761475,1.8724805116653442,-0.3228810429573059,-2.724255323410034,-2.354292154312134,-0.7019200325012207,0.1958501636981964,2.4069817066192627,3.5249786376953125,3.907978057861328,3.475095272064209,2.6745975017547607,1.9256627559661865,1.5027928352355957,4.696906089782715,6.877079010009766,6.693516731262207,7.151276111602783,7.916233539581299,7.8891801834106445,6.275879383087158,5.4820332527160645,4.937318325042725,6.070825099945068
-1.5288180112838745,-1.435835838317871,1.084524393081665,3.27736234664917,1.1692901849746704,-1.3834404945373535,0.7147887945175171,2.027174472808838,-3.6319925785064697,-0.15735244750976562,5.527350902557373,4.43934440612793,-1.692416787147522,-16.441232681274414,-7.003223419189453,-5.416053771972656,-6.825689315795898,-8.291751861572266,-6.534454822540283,1.1738895177841187,0.12122264504432678,-0.4128969609737396,-1.178443431854248,-0.5041018128395081,0.5816328525543213,-0.28016766905784607,1.8016765117645264,3.904125928878784,4.379589080810547,4.108453273773193,4.115387916564941,4.135992050170898,3.591970205307007,1.2799571752548218,4.478982448577881,4.730768203735352,4.208024978637695,8.301163673400879,8.67497444152832,7.263054847717285,6.886680603027344,7.6917829513549805,6.4269256591796875,5.899130344390869
-0.48611515760421753,-0.3352964520454407,0.8877375721931458,0.9081845283508301,-0.5522072315216064,-6.277531623840332,-2.7173147201538086,-1.9724504947662354,-1.9727002382278442,0.43780288100242615,5.1356706619262695,0.7932444214820862,-2.9678523540496826,-5.8050150871276855,-2.256819725036621,1.0703023672103882,-1.248132586479187,-3.1927549839019775,-0.6499068140983582,2.6614577770233154,0.5119971036911011,0.9415149688720703,0.6491674780845642,1.431804895401001,2.872812271118164,0.7918764352798462,2.960364580154419,4.365214824676514,4.33413553237915,4.089245319366455,4.468625068664551,4.852385520935059,4.12966251373291,5.126360893249512,3.0635998249053955,4.733509540557861,5.718596935272217,7.206263065338135,6.212479114532471,6.694788932800293,6.190966606140137,7.5233988761901855,8.170021057128906,7.307857513427734
0.6033283472061157,0.7375960946083069,1.3614332675933838,-0.1257682889699936,-0.9179432988166809,-1.345691442489624,-0.038853101432323456,0.5623440146446228,2.226360559463501,2.2045462131500244,4.24824857711792,5.858931064605713,3.1898672580718994,-1.640506625175476,-1.411276936531067,-0.2807033061981201,0.36147406697273254,0.4452824890613556,1.0440691709518433,2.4140682220458984,1.4710869789123535,1.805161952972412,3.737621545791626,4.799165725708008,3.1615264415740967,2.6038761138916016,3.823500156402588,4.350749492645264,4.115309238433838,3.878049612045288,4.0956807136535645,5.112805366516113,5.990269184112549,5.060487747192383,6.653279781341553,7.388519763946533,6.4123640060424805,5.127007007598877,6.704169750213623,6.005176544189453,5.889857769012451,7.501871585845947,8.618302345275879,7.889398097991943
-1.6416478157043457,-1.3981878757476807,-0.30829712748527527,-0.7065547704696655,-1.0833122730255127,-1.3973283767700195,-0.015624101273715496,2.031395196914673,2.8056769371032715,2.152675151824951,3.3815696239471436,3.1300554275512695,1.9151736497879028,2.5189075469970703,-0.0793069526553154,0.46713441610336304,0.8074462413787842,-0.24279803037643433,-0.37773841619491577,0.20642516016960144,1.1793708801269531,3.2520344257354736,3.6040594577789307,3.0082812309265137,2.554168701171875,2.5099334716796875,3.479299306869507,4.210228443145752,4.386893272399902,4.406205654144287,4.6939921379089355,4.966790676116943,5.070896625518799,9.511971473693848,6.380979537963867,7.276787281036377,6.478975296020508,5.328970432281494,6.13007926940918,6.076196670532227,6.355910778045654,8.132710456848145,8.391128540039062,7.0923590660095215
-5.7299981117248535,-4.853655815124512,-3.0661141872406006,-1.748927116394043,-1.736739993095398,-1.6628506183624268,-0.5605182647705078,1.114715337753296,2.2678122520446777,2.6538045406341553,2.0127034187316895,1.6853646039962769,1.1540193557739258,0.5910180807113647,0.25069883465766907,0.6979807615280151,-0.030241725966334343,-0.29089346528053284,0.3010547459125519,1.4077450037002563,2.63442063331604,3.3046860694885254,3.946373462677002,2.8467907905578613,2.2319629192352295,2.547316074371338,3.5754945278167725,4.4173126220703125,5.112912178039551,5.293662071228027,5.663663864135742,6.088161468505859,5.669006824493408,8.084724426269531,5.503952980041504,6.247259616851807,7.5467529296875,5.551161766052246,5.801482677459717,6.361732006072998,7.331206321716309,7.909326076507568,7.267813682556152,7.247127056121826
-4.8396806716918945,-4.590773105621338,-3.855828285217285,-2.577120304107666,-2.145259141921997,-1.6783764362335205,-1.014546275138855,0.9379333257675171,2.366520881652832,1.852429747581482,0.3720792233943939,-0.6814247369766235,-0.16258208453655243,0.7271508574485779,0.9952695369720459,0.7598531246185303,-0.3314974009990692,-0.5914016366004944,0.4229593575000763,1.9122602939605713,2.815856456756592,2.7499234676361084,3.003673553466797,2.379955530166626,2.405683994293213,2.9926557540893555,3.9019320011138916,4.794497966766357,5.348076820373535,5.385764122009277,5.655479907989502,6.656294345855713,6.691285133361816,5.536012172698975,6.6065826416015625,6.657664775848389,6.492846965789795,5.865755558013916,6.200169563293457,6.84250545501709,7.2890944480896,7.393751621246338,8.27089786529541,8.142538070678711
-1.5337138175964355,-1.9071376323699951,-2.183128833770752,-2.1964924335479736,-1.5400599241256714,-1.5349299907684326,-3.336505174636841,1.4880868196487427,1.566785216331482,-1.0628459453582764,-1.5040119886398315,-1.879339337348938,-1.4356986284255981,-0.33952412009239197,0.4963363707065582,0.07365875691175461,-0.777629017829895,-0.48087722063064575,1.0239472389221191,2.379193067550659,2.5771031379699707,2.2206923961639404,2.2660999298095703,2.5812387466430664,2.8744404315948486,3.4925127029418945,3.963340997695923,4.050442218780518,4.455447196960449,5.147940635681152,4.719845771789551,5.606154918670654,5.325047969818115,5.829317092895508,5.383803844451904,6.673494338989258,6.567582130432129,5.99345064163208,6.0698957443237305,7.345296382904053,7.86329460144043,8.077287673950195,8.036459922790527,7.512766361236572
-2.298900842666626,-2.2862637042999268,-1.8646721839904785,-2.093717098236084,-1.9550989866256714,-2.17120361328125,-2.162213087081909,-0.05211598798632622,-1.5338391065597534,-4.1519622802734375,-2.337937355041504,-1.9707422256469727,-1.5640684366226196,-1.1200132369995117,-0.3103557527065277,-0.06366562843322754,-0.6908808350563049,-0.2572178840637207,0.9302880167961121,1.8345377445220947,1.9394092559814453,1.9463692903518677,1.950743317604065,2.355386257171631,2.808521270751953,3.5598011016845703,3.8203299045562744,3.2927932739257812,3.2772817611694336,4.126535415649414,4.186063766479492,4.756474018096924,4.688974380493164,5.580194473266602,4.989692211151123,5.988152503967285,5.308627605438232,6.335944652557373,5.83072566986084,6.804349899291992,7.41282320022583,7.889455318450928,7.326039791107178,7.790152549743652
-2.922826051712036,-4.454507350921631,-3.8793368339538574,-2.9298222064971924,-2.941333293914795,-2.8473126888275146,-2.301849842071533,-2.0893423557281494,-4.869246482849121,-5.31879186630249,-3.1711833477020264,-2.0349137783050537,-1.8740731477737427,-1.5776922702789307,-0.9323647022247314,-0.6847867369651794,-0.5645489692687988,0.021069565787911415,0.8384106159210205,1.233168125152588,1.4771205186843872,1.7200871706008911,2.03288197517395,2.191725969314575,2.199392318725586,2.7064828872680664,3.628851890563965,3.889279365539551,3.2343063354492188,2.9340198040008545,3.0714101791381836,3.5448524951934814,4.315288543701172,4.500197410583496,3.713871955871582,4.135634422302246,4.150861740112305,5.737724304199219,5.537160396575928,6.625995635986328,6.6764020919799805,7.375876426696777,8.13718318939209,8.198334693908691
-4.067099571228027,-4.931023597717285,-4.1949028968811035,-3.9198086261749268,-3.5569345951080322,-4.504042148590088,-5.042315483093262,-4.859528064727783,-5.0382232666015625,-4.903314113616943,-3.313504219055176,-2.686701536178589,-2.4968888759613037,-2.1553940773010254,-1.640707015991211,-1.6526286602020264,-0.2825668156147003,-0.1161544919013977,0.6394975185394287,0.6351861357688904,0.9998028874397278,1.7403564453125,2.3487489223480225,2.2343621253967285,1.8222507238388062,1.795396089553833,2.672499656677246,3.5095088481903076,2.8852343559265137,2.5904505252838135,2.3694050312042236,2.462287187576294,2.3811240196228027,1.3206957578659058,2.1513524055480957,2.6928763389587402,2.314713478088379,3.438347101211548,3.387302875518799,5.7440595626831055,5.642765522003174,6.8083977699279785,7.165132522583008,7.360523223876953
-4.082652568817139,-4.033703804016113,-4.205392837524414,-4.416248798370361,-4.521060943603516,-5.299284934997559,-5.867392063140869,-5.5081377029418945,-5.206699371337891,-5.190103054046631,-4.332716941833496,-3.9571661949157715,-3.0059916973114014,-2.870274305343628,-1.5693128108978271,-2.194387435913086,-0.25047215819358826,-1.0212324857711792,-0.11027465015649796,0.2199249118566513,0.8397852778434753,1.687928318977356,2.0319278240203857,1.996080994606018,1.6215848922729492,1.2864139080047607,1.5278358459472656,2.5952980518341064,2.460622549057007,1.6253701448440552,1.2588655948638916,0.614760160446167,0.39449256658554077,0.5324575304985046,0.7328097820281982,1.2118756771087646,1.4901437759399414,2.2450473308563232,2.4104878902435303,3.065040349960327,3.121098279953003,4.543938636779785,4.769252300262451,4.8524274826049805
-4.159432411193848,-3.8491249084472656,-4.737565994262695,-5.582977771759033,-5.0279059410095215,-5.28907585144043,-6.371219635009766,-6.7546892166137695,-6.34850549697876,-5.619327068328857,-4.932366847991943,-4.345457077026367,-3.2684497833251953,-3.2654802799224854,-1.4509069919586182,-1.9068307876586914,-1.0055707693099976,-1.8008705377578735,-0.4250505268573761,-0.127782940864563,0.728714644908905,1.5113719701766968,1.555899739265442,1.5758116245269775,1.480065941810608,1.1766176223754883,1.2459152936935425,1.5767031908035278,1.6416391134262085,1.2464817762374878,0.8888412714004517,0.1872500479221344,-0.4627772569656372,-1.180860161781311,-1.0835168361663818,-0.488134503364563,-0.082455575466156,0.61329185962677,0.7460070848464966,1.4870978593826294,1.0520094633102417,2.02943754196167,2.12211537361145,2.634111166000366
-3.5867841243743896,-3.171666383743286,-4.056947708129883,-5.355328559875488,-5.505976676940918,-5.903548240661621,-6.549792289733887,-6.865804672241211,-6.893694877624512,-6.173056125640869,-5.18552827835083,-4.323314189910889,-3.886981725692749,-3.2145514488220215,-1.8237313032150269,-2.050114393234253,-1.8108296394348145,-1.9115673303604126,-0.05508747324347496,-0.0444745197892189,0.8223639726638794,1.4681501388549805,1.599373698234558,1.392940878868103,1.4817286729812622,1.2453839778900146,1.0877408981323242,1.0040154457092285,1.0964707136154175,1.2737963199615479,0.8628128170967102,-0.6444100737571716,-1.5984488725662231,-2.1001296043395996,-1.8948391675949097,-1.9145925045013428,-1.2656447887420654,-0.5021771788597107,-0.036335162818431854,-0.346561998128891,-0.3643556833267212,0.3475302755832672,0.7757275700569153,1.3289519548416138
-2.992675304412842,-2.877676486968994,-3.6404614448547363,-4.905948638916016,-5.895593643188477,-6.581859588623047,-6.437663555145264,-6.449926376342773,-6.570455074310303,-5.956101417541504,-5.338302135467529,-4.832038402557373,-3.8694846630096436,-2.904520034790039,-2.897109031677246,-2.6877810955047607,-2.1276159286499023,-1.0551834106445312,0.3840409815311432,0.5181998014450073,1.1947846412658691,1.8678656816482544,1.9347968101501465,1.7632591724395752,1.645830750465393,1.1984684467315674,0.7579065561294556,0.7006762623786926,0.7423204779624939,0.8664951920509338,0.45219114422798157,-0.29800155758857727,-1.265575885772705,-1.76304292678833,-2.010850667953491,-2.238863706588745,-1.2554285526275635,-0.982430100440979,-0.5181118845939636,-0.6137020587921143,-0.5950422286987305,0.13621284067630768,0.32094138860702515,-0.032336004078388214
-2.9813029766082764,-2.796973943710327,-2.8911869525909424,-4.0635576248168945,-5.685677528381348,-6.650374889373779,-6.604862213134766,-6.203563213348389,-6.271082401275635,-5.899195671081543,-5.171671390533447,-4.524522304534912,-3.7217061519622803,-3.17869234085083,-2.653477668762207,-1.6947157382965088,-1.2799994945526123,-0.17175833880901337,0.45680662989616394,1.0710471868515015,1.7423479557037354,2.474393129348755,2.6543076038360596,2.3922886848449707,1.7996773719787598,1.137226939201355,0.47821924090385437,0.41444435715675354,0.18691636621952057,0.23074676096439362,0.26854246854782104,-0.09945065528154373,-0.6842116117477417,-1.0972187519073486,-0.911845862865448,-1.197825312614441,-0.38024193048477173,-0.26049649715423584,0.18934662640094757,0.4225359857082367,0.405783087015152,0.17385365068912506,0.1786331981420517,-0.22107459604740143
-3.062314987182617,-2.5098214149475098,-3.1795096397399902,-4.584814071655273,-5.7041192054748535,-6.756080150604248,-7.260308265686035,-6.722151279449463,-6.640319347381592,-6.06565523147583,-5.046113967895508,-4.107823848724365,-3.135450601577759,-2.470160722732544,-2.1137256622314453,-1.6070667505264282,-0.9616352915763855,0.16373470425605774,0.8430660963058472,1.4119964838027954,2.0409433841705322,2.827554702758789,3.0735650062561035,2.6524899005889893,1.9279487133026123,1.2689933776855469,0.5005459189414978,0.2701333165168762,-0.2637585699558258,-0.11820704489946365,0.04425816982984543,0.018716616556048393,-0.40863582491874695,-0.29523468017578125,-0.06103816628456116,-0.11242108047008514,0.5391731262207031,0.9508132338523865,1.5133219957351685,1.270959496498108,0.7515830993652344,0.30369704961776733,0.04619544744491577,0.018702957779169083
