data/wind_data/wind_44_9.json
{"header": {"parameterUnit": "KT", "parameterCategory": 2, "nx": 256, "ny": 198, "lo1": 44.73521041870117, "la1": -3.236724853515625, "lo2": 111.26478576660156, "la2": 43.468475341796875, "dx": 0.2609002888202667, "dy": -0.23708222806453705, "refTime": "2025-02-20 20:00:00", "forecastTime": 0, "parameterNumber": 2, "parameterNumberName": "eastward_wind"}, "data":
[rows 114 to 132 of 198, columns 86 to 128 of 256]
-6.422718524932861,-3.9537856578826904,-2.173311948776245,-1.6300044059753418,-1.1977568864822388,-0.4563996195793152,0.5621135234832764,1.6492316722869873,2.083425283432007,1.7495673894882202,1.321805715560913,1.4369159936904907,2.397451162338257,3.7097811698913574,4.420463562011719,4.429444789886475,4.224231243133545,4.0388593673706055,3.982186794281006,4.612448215484619,6.095865249633789,7.937463760375977,9.840785026550293,11.679118156433105,13.144119262695312,13.683806419372559,13.328509330749512,13.250396728515625,13.705855369567871,13.942329406738281,14.023004531860352,14.455118179321289,15.543193817138672,17.54810333251953,20.48526954650879,23.066612243652344,24.339941024780273,24.049543380737305,22.44634246826172,21.122861862182617,21.319616317749023,21.916200637817383,21.789533615112305
-7.230052471160889,-7.085536479949951,-7.835526943206787,-7.568136692047119,-5.2561774253845215,-2.649108648300171,-0.8995905518531799,0.12312062829732895,0.5771550536155701,0.7269672155380249,0.7573144435882568,0.8839833736419678,1.6527050733566284,2.9450759887695312,3.961803913116455,4.715304851531982,5.426615238189697,6.17656135559082,6.34654426574707,5.768533706665039,5.800352096557617,6.938477993011475,8.558345794677734,10.32615852355957,12.048956871032715,13.171975135803223,13.352522850036621,13.204045295715332,13.385294914245605,13.707059860229492,14.18202018737793,15.023276329040527,16.224885940551758,17.82359504699707,20.043142318725586,22.04578971862793,23.306406021118164,23.731544494628906,23.163528442382812,22.105819702148438,21.780601501464844,22.098390579223633,22.22936248779297
-7.906146049499512,-9.45164680480957,-10.54419231414795,-9.054384231567383,-6.462709426879883,-4.447240352630615,-3.066936492919922,-2.003039598464966,-0.9096042513847351,0.2949574589729309,1.628846287727356,2.4322783946990967,2.6651854515075684,2.914402484893799,3.373749017715454,4.208074569702148,5.266449928283691,6.3670973777771,7.347829818725586,7.3152899742126465,6.778451919555664,6.993791580200195,7.992079257965088,9.384173393249512,10.919095039367676,12.154374122619629,12.515828132629395,12.18930435180664,12.259500503540039,13.059828758239746,14.15118408203125,15.423844337463379,16.653230667114258,17.752077102661133,19.040904998779297,20.304664611816406,21.389799118041992,22.37038230895996,22.751312255859375,22.23658561706543,21.55559730529785,21.50050926208496,21.97608184814453
-6.435935020446777,-6.674398899078369,-7.350915908813477,-7.503334045410156,-6.940917491912842,-5.613644599914551,-4.300153732299805,-2.9769763946533203,-1.4619001150131226,0.3682783246040344,2.7930643558502197,4.67460298538208,5.240608215332031,5.0586628913879395,4.842591285705566,4.703564167022705,4.909027099609375,5.618038177490234,6.653503894805908,7.410750389099121,7.54006290435791,7.744146823883057,8.365673065185547,9.208390235900879,10.017579078674316,10.614603042602539,10.667468070983887,10.471855163574219,11.108074188232422,12.572193145751953,13.943135261535645,15.035001754760742,15.85236930847168,16.280593872070312,16.63444709777832,17.577381134033203,19.014755249023438,20.695650100708008,21.66773223876953,21.414283752441406,20.193235397338867,19.23758316040039,19.333494186401367
-2.85477352142334,-1.9621316194534302,-2.9135639667510986,-4.6217780113220215,-5.302635669708252,-4.68379545211792,-3.8188602924346924,-2.7320456504821777,-1.265417218208313,0.8457578420639038,3.205998659133911,4.9585862159729,5.880280494689941,6.422698974609375,6.577396392822266,5.673861503601074,4.558919906616211,4.33433198928833,4.90289831161499,6.017815113067627,7.139328956604004,8.190114974975586,9.003886222839355,9.250688552856445,9.007346153259277,8.720444679260254,8.563122749328613,8.906876564025879,10.091448783874512,11.633688926696777,12.735676765441895,13.211978912353516,13.470269203186035,13.62001895904541,13.852797508239746,14.747368812561035,16.527231216430664,18.711101531982422,19.97129249572754,19.592517852783203,17.648662567138672,15.559713363647461,14.851940155029297
-1.2036725282669067,1.0641156435012817,1.1515004634857178,-1.0626477003097534,-3.3982508182525635,-4.224738597869873,-3.7959680557250977,-2.8319358825683594,-1.21213960647583,0.9669574499130249,2.720533609390259,3.3877530097961426,3.555870294570923,4.580031871795654,5.67948055267334,5.023891925811768,3.686600923538208,2.9794552326202393,3.1849286556243896,4.46027946472168,6.3158769607543945,8.23746109008789,9.371844291687012,9.157206535339355,8.047439575195312,7.160946369171143,7.056219577789307,7.824348449707031,9.08981704711914,10.177632331848145,10.624399185180664,10.49989128112793,10.515714645385742,11.16159725189209,12.209195137023926,13.368699073791504,14.838057518005371,16.62187385559082,17.77516746520996,17.121978759765625,14.827407836914062,12.463583946228027,11.408648490905762
-1.5884974002838135,0.7285557985305786,1.2188572883605957,-0.9419716596603394,-3.637491226196289,-4.783132076263428,-4.239633083343506,-2.9809281826019287,-1.5523309707641602,-0.3487197458744049,0.48378175497055054,1.0339462757110596,1.1277893781661987,1.9188088178634644,3.1299452781677246,3.2730109691619873,2.444516658782959,1.621218204498291,1.9151413440704346,3.669510841369629,5.969278812408447,8.286999702453613,9.531240463256836,9.171562194824219,7.960864067077637,6.960996627807617,6.702749252319336,7.1553473472595215,8.053254127502441,8.704265594482422,8.618882179260254,8.211406707763672,8.370828628540039,9.624317169189453,11.37161922454834,12.710450172424316,13.612785339355469,14.41754150390625,15.020281791687012,14.367903709411621,12.384830474853516,10.677613258361816,10.550955772399902
-2.183159351348877,-0.9948974251747131,-1.4489691257476807,-3.3384227752685547,-5.098544597625732,-5.253142356872559,-3.983060836791992,-2.1579229831695557,-0.8985446095466614,-1.288739800453186,-1.9809802770614624,-1.2560927867889404,0.02597900852560997,0.6930993795394897,0.7768451571464539,0.7369270324707031,0.3083193898200989,-0.11580157279968262,1.0470420122146606,3.5947399139404297,5.999628067016602,8.195502281188965,9.519427299499512,9.675180435180664,9.00698184967041,8.048206329345703,7.191516399383545,6.690860271453857,6.962197303771973,7.366636753082275,7.133785247802734,6.892720699310303,7.56453800201416,9.160027503967285,10.62705135345459,11.237568855285645,11.26035213470459,11.315911293029785,11.710302352905273,11.726886749267578,10.738791465759277,10.030964851379395,11.351969718933105
-2.5997085571289062,-2.901190757751465,-4.3896026611328125,-5.741365909576416,-6.037153720855713,-5.254000186920166,-3.571864128112793,-1.1346125602722168,0.17478297650814056,-0.5687834620475769,-1.6317877769470215,-1.1366013288497925,0.7006219029426575,1.085395336151123,-0.7303751707077026,-1.7488261461257935,-1.9250084161758423,-1.2144235372543335,1.037546992301941,3.67341947555542,5.8068060874938965,7.8425774574279785,9.358555793762207,10.137660026550293,9.991165161132812,9.017112731933594,7.5821356773376465,6.148543834686279,5.708619117736816,6.049992561340332,5.962446689605713,5.792474746704102,6.498477458953857,7.906745433807373,8.817767143249512,8.744919776916504,8.373090744018555,8.602657318115234,9.463809967041016,10.243780136108398,10.286687850952148,10.563127517700195,12.764854431152344
-4.969489097595215,-5.804919719696045,-6.788600444793701,-7.00009298324585,-6.351828575134277,-5.426237106323242,-3.445840835571289,-0.7436911463737488,0.2671983242034912,0.18268142640590668,0.7917428612709045,1.661086916923523,2.103909492492676,1.586759328842163,-0.9937111735343933,-2.8958487510681152,-2.7154431343078613,-1.3020049333572388,1.139706015586853,3.2247960567474365,5.135344505310059,7.099365234375,8.652782440185547,9.689144134521484,9.8606595993042,8.843544960021973,7.015860557556152,5.071986198425293,3.9715006351470947,4.060744285583496,4.3894171714782715,4.657596111297607,5.538888454437256,6.902970790863037,7.950972557067871,8.480792999267578,8.72966480255127,9.050681114196777,9.35451889038086,9.295551300048828,9.959338188171387,12.507670402526855,15.990036964416504
-8.976091384887695,-8.9502534866333,-8.429231643676758,-7.804687976837158,-7.121854305267334,-6.213042736053467,-3.866086959838867,-1.2668215036392212,-0.4411289691925049,0.3523811399936676,2.4194157123565674,3.6331207752227783,3.0400798320770264,1.6557716131210327,-0.009369166567921638,-2.30963134765625,-1.995496392250061,-0.5055890083312988,1.1198986768722534,2.6389265060424805,4.3981099128723145,6.336948871612549,7.998147010803223,9.002352714538574,9.0824613571167,7.9951677322387695,6.035618305206299,3.829758405685425,2.2293646335601807,1.8144086599349976,2.548858642578125,4.000505447387695,5.783282279968262,7.548589706420898,8.982782363891602,10.062234878540039,10.308756828308105,9.705798149108887,8.637554168701172,8.250770568847656,11.248104095458984,16.280231475830078,19.37704849243164
-9.497344970703125,-8.434935569763184,-7.069599151611328,-6.702648639678955,-7.066445827484131,-6.741451263427734,-4.565335273742676,-2.3689393997192383,-1.2964680194854736,0.8218367099761963,3.233769655227661,2.9128997325897217,1.5070403814315796,0.8444065451622009,0.9022685289382935,-0.3031952679157257,-0.4327773153781891,0.8005996942520142,1.6996711492538452,2.4805524349212646,3.9373996257781982,5.911031246185303,7.5490522384643555,8.195775032043457,7.8390960693359375,6.702998638153076,5.01173734664917,2.9929237365722656,1.1255028247833252,0.28807130455970764,1.2443339824676514,3.8756792545318604,6.767604827880859,8.688998222351074,9.79318618774414,10.164507865905762,9.409111976623535,8.495476722717285,8.030156135559082,9.23729419708252,13.967931747436523,18.590923309326172,20.44936180114746
-5.695298671722412,-3.699608325958252,-2.049197196960449,-1.9425525665283203,-3.6208784580230713,-4.987340927124023,-4.119478702545166,-2.860722303390503,-1.6141849756240845,1.105035424232483,3.0677220821380615,1.005090355873108,-1.1974854469299316,-1.174164056777954,0.7043668031692505,2.4421730041503906,2.3109335899353027,2.6512043476104736,2.7558109760284424,2.9152588844299316,4.150677680969238,6.120059490203857,7.469532012939453,7.418731212615967,6.312076568603516,4.8644185066223145,3.4744441509246826,2.336989164352417,1.0470389127731323,0.4044235944747925,1.5763131380081177,4.305506706237793,7.605091094970703,9.682805061340332,10.360596656799316,10.019204139709473,8.786090850830078,7.866274833679199,7.940389156341553,10.106818199157715,14.838569641113281,18.91372299194336,20.65226173400879
-2.4190104007720947,0.717005729675293,2.644047737121582,2.4689548015594482,-0.11120175570249557,-2.4831457138061523,-2.4835188388824463,-1.8237136602401733,-1.0209308862686157,0.5440653562545776,1.2640464305877686,-1.1963855028152466,-3.5089240074157715,-3.1858479976654053,-0.23312053084373474,3.8007373809814453,4.619603633880615,4.130499839782715,3.3020195960998535,3.1788198947906494,4.7847580909729,6.823550701141357,7.83256721496582,7.197067737579346,5.540709495544434,3.822039842605591,2.6930694580078125,2.2017719745635986,1.6512812376022339,1.7035646438598633,3.4521100521087646,5.9574103355407715,8.425211906433105,10.476957321166992,11.385841369628906,10.747005462646484,8.419612884521484,6.537325382232666,6.673861980438232,9.158245086669922,13.933355331420898,18.040536880493164,19.707841873168945
-2.8306972980499268,1.178164005279541,3.3552772998809814,2.749244451522827,-0.0007640207768417895,-1.7625783681869507,-1.5036506652832031,-0.6883772611618042,-0.3763248324394226,-0.42589130997657776,-1.6039899587631226,-4.100489139556885,-5.95630407333374,-5.36946964263916,-2.556295871734619,2.0811915397644043,4.333796501159668,3.560114860534668,2.4539003372192383,2.082672119140625,3.5854439735412598,5.812586307525635,6.769670486450195,6.234318256378174,4.946966648101807,3.517477035522461,2.6709320545196533,2.3783907890319824,2.1474263668060303,2.6839144229888916,4.835066318511963,7.057886123657227,8.581095695495605,9.757699012756348,10.549412727355957,10.385293960571289,8.437594413757324,6.460405349731445,5.949690341949463,7.781829833984375,12.189770698547363,15.772126197814941,16.440019607543945
-4.829473972320557,-0.8807986974716187,1.0400032997131348,0.45103195309638977,-1.2894941568374634,-2.2520315647125244,-1.7951881885528564,-0.6256333589553833,-0.14630427956581116,-1.5096744298934937,-4.838031768798828,-6.796038627624512,-7.137951850891113,-5.903380870819092,-4.8463873863220215,-2.596771717071533,0.752473771572113,1.4054176807403564,0.26611533761024475,-0.37211817502975464,0.6085649728775024,2.478203773498535,3.4367661476135254,3.493258476257324,2.784791946411133,1.775928258895874,1.315747618675232,1.5382540225982666,1.9928144216537476,2.8725175857543945,4.306020736694336,5.915453910827637,7.44075870513916,8.857610702514648,10.1710844039917,11.087740898132324,9.876401901245117,7.410143852233887,5.72758674621582,6.64430046081543,10.262694358825684,12.560368537902832,12.330740928649902
-5.825352191925049,-2.5182766914367676,-0.896440327167511,-1.1518547534942627,-2.282543420791626,-3.1451008319854736,-2.824065923690796,-1.6031320095062256,-0.8556443452835083,-2.5182065963745117,-6.351648330688477,-7.934765815734863,-6.947766304016113,-4.730268955230713,-3.53582501411438,-3.8752365112304688,-2.3710639476776123,-0.7408601641654968,-1.1449673175811768,-2.3180649280548096,-2.306654214859009,-1.3814574480056763,-0.47673967480659485,-0.03077820874750614,0.017552673816680908,0.25711333751678467,0.7946599125862122,0.5481277704238892,1.0282959938049316,2.3411061763763428,3.1113333702087402,3.7788944244384766,5.4867119789123535,7.9056806564331055,10.55186653137207,11.992757797241211,10.347992897033691,7.499227523803711,5.35558557510376,5.722290992736816,8.602150917053223,9.6599760055542,9.254029273986816
-6.152605056762695,-3.5568413734436035,-1.9414660930633545,-1.7793054580688477,-2.955129384994507,-4.222065448760986,-4.3318586349487305,-3.2059056758880615,-2.258125066757202,-3.6062047481536865,-6.4992570877075195,-7.3883185386657715,-5.039210796356201,-2.849256753921509,-2.334821939468384,-3.0769991874694824,-3.575385093688965,-2.560509443283081,-1.8316497802734375,-2.6095333099365234,-3.3521857261657715,-3.958552360534668,-3.714308977127075,-2.9617278575897217,-2.335207462310791,-1.4381731748580933,-0.9000174403190613,-1.3951010704040527,-0.9522885084152222,0.4306640326976776,1.3975450992584229,2.452634811401367,4.402108669281006,7.604820251464844,11.356062889099121,12.113210678100586,9.568020820617676,6.712600231170654,5.073331832885742,6.013328552246094,8.461410522460938,8.628743171691895,8.137347221374512
-6.699389457702637,-4.644250392913818,-2.742230176925659,-1.8280739784240723,-2.5351510047912598,-4.193230628967285,-5.119431495666504,-4.294834136962891,-3.3233954906463623,-4.2612786293029785,-5.979706764221191,-6.536897659301758,-3.127345323562622,-1.567385196685791,-3.1250946521759033,-3.8720040321350098,-4.254545211791992,-4.242502212524414,-3.0720345973968506,-2.391059637069702,-2.8189053535461426,-4.293266773223877,-5.047186851501465,-5.011242389678955,-5.255543231964111,-4.990509986877441,-4.207557678222656,-3.2401022911071777,-2.2557945251464844,-1.2016241550445557,0.11608044803142548,2.3700809478759766,5.324496269226074,8.684914588928223,11.772810935974121,10.392130851745605,7.230980396270752,5.097557067871094,5.001280307769775,6.974719047546387,9.282868385314941,9.423067092895508,9.02957534790039
