data/wind_data/wind_39_2.json
{"header": {"parameterUnit": "KT", "parameterCategory": 2, "nx": 256, "ny": 198, "lo1": 44.73521041870117, "la1": -3.236724853515625, "lo2": 111.26478576660156, "la2": 43.468475341796875, "dx": 0.2609002888202667, "dy": -0.23708222806453705, "refTime": "2025-02-20 15:00:00", "forecastTime": 0, "parameterNumber": 2, "parameterNumberName": "eastward_wind"}, "data":
[rows 76 to 94 of 198, columns 86 to 128 of 256]
-14.966851234436035,-15.2061128616333,-15.222513198852539,-14.975656509399414,-14.512493133544922,-13.827402114868164,-12.964882850646973,-12.046219825744629,-11.168913841247559,-10.4965181350708,-10.090200424194336,-9.770530700683594,-9.372649192810059,-8.711162567138672,-7.57015323638916,-5.872695446014404,-3.8060686588287354,-1.617080569267273,0.604245662689209,2.725604772567749,4.4364914894104,5.550020217895508,5.218303680419922,4.233031749725342,4.436298847198486,4.815399169921875,5.114680767059326,2.5347559452056885,-1.9012391567230225,-9.45987319946289,-8.009296417236328,-8.158465385437012,-7.128844261169434,-8.33226490020752,-6.943971157073975,-7.146187782287598,-6.523494243621826,-7.185022830963135,-6.143030166625977,-5.704469203948975,-3.873532772064209,-3.9980268478393555,-9.38267993927002
-14.900983810424805,-14.963176727294922,-14.922561645507812,-14.732918739318848,-14.356973648071289,-13.762121200561523,-13.02791690826416,-12.214491844177246,-11.282209396362305,-10.390212059020996,-9.739693641662598,-9.299409866333008,-8.956701278686523,-8.59691333770752,-7.874269962310791,-6.45356559753418,-4.449505805969238,-2.2488491535186768,0.0037441784515976906,2.49650502204895,4.655584335327148,5.804954528808594,4.790966033935547,3.806800127029419,3.9066734313964844,5.657634735107422,4.553167819976807,-0.7707522511482239,-7.683845520019531,-7.491317272186279,-7.8532609939575195,-7.949110507965088,-6.9693732261657715,-7.041459560394287,-5.809230804443359,-6.054740905761719,-6.2118096351623535,-5.232289791107178,-4.024861812591553,-4.604167938232422,-3.3890209197998047,-3.4007089138031006,-8.998228073120117
-14.626863479614258,-14.58897876739502,-14.548477172851562,-14.473313331604004,-14.231429100036621,-13.71933364868164,-13.059704780578613,-12.369114875793457,-11.57746696472168,-10.684001922607422,-9.807014465332031,-9.01655387878418,-8.380752563476562,-8.006889343261719,-7.658111572265625,-6.813425540924072,-5.187516689300537,-2.9903712272644043,-0.6521313190460205,1.859065294265747,4.193795204162598,5.286024570465088,4.775545120239258,4.304866313934326,4.167994976043701,6.425356864929199,3.372548818588257,-4.886358261108398,-6.9429545402526855,-7.5038886070251465,-7.609909534454346,-6.098806381225586,-6.436458110809326,-5.537929058074951,-5.418921947479248,-5.296870708465576,-5.771774768829346,-5.720851421356201,-4.1893815994262695,-4.128294467926025,-3.4038784503936768,-2.857114315032959,-5.693570137023926
-14.048419952392578,-13.919268608093262,-13.909152030944824,-14.007369995117188,-13.971229553222656,-13.543286323547363,-12.87817668914795,-12.291620254516602,-11.779142379760742,-11.164191246032715,-10.394564628601074,-9.39098072052002,-8.266681671142578,-7.361684322357178,-6.873958587646484,-6.510769367218018,-5.634539604187012,-3.8087730407714844,-1.3517780303955078,1.2744101285934448,3.7088685035705566,4.572789669036865,4.944324493408203,4.393686294555664,4.200634479522705,6.337602138519287,1.9659297466278076,-7.358885288238525,-6.9667181968688965,-6.801498889923096,-6.669802188873291,-4.734313011169434,-4.896087169647217,-4.8558807373046875,-4.56781530380249,-4.262485504150391,-5.1231608390808105,-5.330521583557129,-5.197018623352051,-4.956235408782959,-5.018677711486816,-5.842272758483887,-6.632643222808838
-13.30673885345459,-13.075437545776367,-13.108251571655273,-13.410658836364746,-13.599820137023926,-13.244473457336426,-12.548593521118164,-12.032560348510742,-11.741740226745605,-11.457667350769043,-10.95195484161377,-10.001164436340332,-8.631346702575684,-7.1713409423828125,-6.078821182250977,-5.561286926269531,-5.2658514976501465,-4.387213230133057,-2.3385567665100098,0.49026432633399963,3.044290065765381,3.1961474418640137,3.939518451690674,4.084218978881836,5.276442527770996,5.330358982086182,1.454099178314209,-7.899726390838623,-8.485943794250488,-6.933964729309082,-5.10386323928833,-4.496648788452148,-4.777065277099609,-4.487898826599121,-4.143085479736328,-2.6686878204345703,-5.456841468811035,-4.6625075340271,-5.085165500640869,-5.446734428405762,-5.265607833862305,-5.996306419372559,-4.516994476318359
-12.559928894042969,-12.281316757202148,-12.323196411132812,-12.762170791625977,-13.171603202819824,-13.003166198730469,-12.380746841430664,-11.885309219360352,-11.668609619140625,-11.501079559326172,-11.085672378540039,-10.231792449951172,-8.95093822479248,-7.373757839202881,-5.835710525512695,-4.765566825866699,-4.327486038208008,-4.208401679992676,-3.447223663330078,-1.3561149835586548,0.7799503207206726,1.1099708080291748,2.044965982437134,3.3281567096710205,5.412736892700195,1.882526159286499,-4.049386501312256,-9.447461128234863,-7.416722297668457,-5.83021879196167,-5.5437726974487305,-3.3552615642547607,-5.458024501800537,-4.924636363983154,-5.43264102935791,-4.137386322021484,-4.230449676513672,-3.182190179824829,-3.6051721572875977,-3.364555835723877,-3.2510273456573486,-3.2858991622924805,-3.003249168395996
-11.762138366699219,-11.569877624511719,-11.623988151550293,-12.062443733215332,-12.606587409973145,-12.765944480895996,-12.436176300048828,-11.990345001220703,-11.677416801452637,-11.378649711608887,-10.87932300567627,-10.09631061553955,-9.064318656921387,-7.728672981262207,-6.149257659912109,-4.6366472244262695,-3.6038854122161865,-3.3507139682769775,-3.646488904953003,-3.4593567848205566,-2.5186469554901123,-1.5888493061065674,0.1369313895702362,2.4402542114257812,4.012991428375244,-0.5877078771591187,-8.403185844421387,-8.272886276245117,-5.841348648071289,-4.9871134757995605,-3.986865282058716,-2.513948917388916,-4.310885429382324,-5.990884304046631,-5.5157599449157715,-4.794552326202393,-3.2908568382263184,-2.005021095275879,-1.9763413667678833,-1.053586483001709,-1.3484445810317993,-0.43524816632270813,-0.33706414699554443
-10.905638694763184,-10.861982345581055,-10.954069137573242,-11.28836441040039,-11.786120414733887,-12.198220252990723,-12.242070198059082,-11.927261352539062,-11.513524055480957,-11.075304985046387,-10.515816688537598,-9.794464111328125,-8.972502708435059,-7.957114219665527,-6.608591556549072,-5.021339416503906,-3.4513885974884033,-2.4561729431152344,-2.5427565574645996,-3.5070383548736572,-4.281668663024902,-4.260822296142578,-2.7174553871154785,1.5567615032196045,2.1001720428466797,-0.8631463050842285,-8.9664306640625,-7.163768768310547,-4.434970378875732,-3.6788272857666016,-1.72339928150177,-3.6587514877319336,-2.3100552558898926,-4.810520648956299,-5.581326007843018,-5.418141841888428,-3.7912120819091797,-3.5372977256774902,-1.8737597465515137,-0.25970083475112915,-0.5131418704986572,-0.6920912265777588,2.1757071018218994
-10.18591022491455,-10.185858726501465,-10.318519592285156,-10.601024627685547,-10.961349487304688,-11.333409309387207,-11.534852027893066,-11.385396957397461,-10.985845565795898,-10.544312477111816,-10.07006549835205,-9.408710479736328,-8.590108871459961,-7.729669094085693,-6.762047290802002,-5.492223262786865,-3.7755589485168457,-2.0981600284576416,-1.1963040828704834,-1.4969371557235718,-2.933332920074463,-4.929840087890625,-4.403207778930664,1.3719302415847778,0.5087640285491943,-1.2261135578155518,-8.791831970214844,-5.6446990966796875,-4.823044300079346,-5.2912278175354,-1.8570531606674194,-3.0316977500915527,-1.2907404899597168,-2.860966682434082,-2.865713119506836,-3.027611017227173,-1.7754220962524414,-2.3644816875457764,-2.141019105911255,-1.2182937860488892,-1.2685563564300537,-0.1983901411294937,0.687506377696991
-9.763447761535645,-9.675141334533691,-9.751565933227539,-10.016029357910156,-10.33044147491455,-10.588916778564453,-10.717727661132812,-10.614776611328125,-10.249205589294434,-9.811511039733887,-9.432549476623535,-8.81669807434082,-7.876657009124756,-7.000022888183594,-6.382051467895508,-5.66368293762207,-4.208456516265869,-2.3213279247283936,-0.7082844972610474,-0.1421314924955368,-1.0361607074737549,-3.2174415588378906,-3.5825302600860596,0.12625840306282043,1.1393824815750122,-0.6320047378540039,-7.963886737823486,-4.772095203399658,-3.178534984588623,-5.353519916534424,-1.1732338666915894,-3.298149347305298,-2.585963010787964,-3.0781924724578857,-2.6793675422668457,-2.8266406059265137,-1.643123745918274,-1.3939335346221924,-1.9536734819412231,-1.8461617231369019,-1.9279863834381104,-0.1153864786028862,0.09199657291173935
-9.371842384338379,-9.189955711364746,-9.189692497253418,-9.426544189453125,-9.736775398254395,-9.960984230041504,-9.997509002685547,-9.859726905822754,-9.525771141052246,-9.044270515441895,-8.544231414794922,-7.914190292358398,-6.978041172027588,-6.06140661239624,-5.589478015899658,-5.342372894287109,-4.336043357849121,-2.571272850036621,-0.8602021932601929,0.013148549012839794,-0.565680980682373,-2.4246091842651367,-2.7078847885131836,-1.2185041904449463,1.5977256298065186,-2.7061071395874023,-10.719998359680176,-6.893295764923096,-5.973733901977539,-5.1637654304504395,-4.2004313468933105,-3.9600775241851807,-3.01107120513916,-2.2865288257598877,-1.290872573852539,-1.2865784168243408,-2.3869497776031494,-1.2983694076538086,-0.5608220100402832,0.11741957813501358,0.06301827728748322,1.2424917221069336,1.0152970552444458
-8.663007736206055,-8.410950660705566,-8.345985412597656,-8.609869003295898,-8.996675491333008,-9.28194808959961,-9.257208824157715,-9.044088363647461,-8.778932571411133,-8.334633827209473,-7.572906494140625,-6.811976432800293,-6.0658721923828125,-5.121420383453369,-4.654592037200928,-4.6870856285095215,-4.042049884796143,-2.383699417114258,-0.8716187477111816,-0.16902543604373932,-0.7173726558685303,-2.4638400077819824,-2.461251974105835,-1.8204858303070068,-0.5542411208152771,-6.005209922790527,-10.129566192626953,-5.68844747543335,-6.3504815101623535,-4.478627681732178,-4.775288105010986,-2.9933695793151855,-3.5197384357452393,-1.9987114667892456,-1.3433061838150024,-1.4168343544006348,-2.9555838108062744,-1.5181896686553955,0.3884420692920685,0.8943443894386292,0.6045476794242859,1.8749547004699707,2.9645116329193115
-7.637762069702148,-7.368294715881348,-7.272871017456055,-7.522130966186523,-7.952661991119385,-8.338605880737305,-8.442912101745605,-8.286067962646484,-8.02376937866211,-7.530987739562988,-6.520851135253906,-5.458441257476807,-4.910933017730713,-3.930948495864868,-3.6318857669830322,-3.8925843238830566,-3.5015954971313477,-1.9878392219543457,-0.49809977412223816,-0.14304135739803314,-0.9009082317352295,-2.3839337825775146,-2.4327187538146973,-3.089881420135498,-4.773921012878418,-10.142180442810059,-10.943673133850098,-6.517690658569336,-5.627457618713379,-3.2137060165405273,-2.8593027591705322,-1.738359808921814,-3.035727024078369,-1.1794626712799072,-1.2762253284454346,-0.8220227956771851,-2.568319082260132,-1.096258521080017,1.1343051195144653,1.3683843612670898,1.3721593618392944,1.4618467092514038,3.2333731651306152
-6.341447353363037,-6.135293483734131,-6.107905387878418,-6.30502462387085,-6.668759346008301,-7.088148593902588,-7.388851642608643,-7.3713483810424805,-7.054452896118164,-6.466725826263428,-5.528853416442871,-4.11477518081665,-3.285414457321167,-2.1963658332824707,-2.4790854454040527,-3.0218071937561035,-2.761889696121216,-1.7785930633544922,-0.009943489916622639,0.49373242259025574,-0.3725746273994446,-1.7487778663635254,-2.469151020050049,-4.572981834411621,-7.958908557891846,-11.489871978759766,-11.724808692932129,-8.274240493774414,-5.957363605499268,-2.981562614440918,-1.5971101522445679,-1.8806427717208862,-2.5749635696411133,-1.065364956855774,-1.481942892074585,-0.5755399465560913,-1.8936972618103027,-0.0981418564915657,1.5916328430175781,1.6652027368545532,1.584134817123413,2.1454811096191406,3.923096179962158
-4.9935712814331055,-4.857766151428223,-4.864871025085449,-5.00751256942749,-5.324538707733154,-5.798052787780762,-6.149384498596191,-6.062954902648926,-5.570540904998779,-4.961918354034424,-4.440637111663818,-3.3458211421966553,-1.5917528867721558,-0.1697283536195755,-1.1752433776855469,-2.061462879180908,-1.8724212646484375,-1.637154459953308,-0.011203945614397526,1.413544774055481,0.758026123046875,-1.1185390949249268,-2.4652769565582275,-4.881627082824707,-7.014049053192139,-8.145334243774414,-10.103177070617676,-8.562811851501465,-5.413271903991699,-4.617437362670898,-2.1659724712371826,-2.218514919281006,-1.8995075225830078,-0.2060370147228241,-0.6957114934921265,0.2819577157497406,-0.6400645971298218,0.7757949233055115,2.2789552211761475,3.10750150680542,3.34783673286438,3.246852397918701,3.9107601642608643
-3.6724612712860107,-3.6799051761627197,-3.6764039993286133,-3.7375214099884033,-4.034290790557861,-4.504630088806152,-4.730519771575928,-4.523094177246094,-3.924010992050171,-3.315368413925171,-2.9928581714630127,-2.887742280960083,-0.8158798813819885,1.6816819906234741,0.9220824837684631,-0.5217953324317932,-0.818047285079956,-1.3408745527267456,-0.5650022029876709,1.7088713645935059,1.9567347764968872,-0.7551863789558411,-2.739619255065918,-4.089749813079834,-4.119354724884033,-4.704001426696777,-6.639893054962158,-7.6114935874938965,-4.593699932098389,-4.060419082641602,-2.759770393371582,-1.9261212348937988,-1.2156662940979004,0.5519893765449524,0.5710489153862,0.1557750254869461,-0.24443934857845306,1.3167122602462769,3.2328217029571533,5.183354377746582,6.197414875030518,4.729759693145752,4.380522727966309
-2.307004690170288,-2.3177051544189453,-2.318213701248169,-2.4384560585021973,-2.8190531730651855,-3.208287000656128,-3.239098310470581,-2.9487667083740234,-2.337937355041504,-1.8020849227905273,-1.4716684818267822,-1.599510908126831,-0.4790607988834381,2.3377552032470703,4.059021949768066,2.1896774768829346,0.6832454800605774,-0.6554840207099915,-1.1132375001907349,1.1884721517562866,2.6712348461151123,0.5685498118400574,-2.5357718467712402,-2.7148263454437256,-1.4958547353744507,-2.2660717964172363,-3.333980083465576,-5.452559947967529,-3.760887384414673,-2.811746597290039,-2.068916082382202,-0.445193350315094,0.6240074038505554,1.7787522077560425,2.214766263961792,1.3027923107147217,0.29336193203926086,1.8606311082839966,3.8664486408233643,6.2904558181762695,8.473362922668457,7.473135948181152,5.236083507537842
-1.1963061094284058,-0.95963454246521,-0.8418236374855042,-1.0577062368392944,-1.5817168951034546,-2.013789415359497,-2.018623113632202,-1.7743476629257202,-1.233383297920227,-0.778217077255249,-0.30024242401123047,0.6757138967514038,1.7744176387786865,3.003155469894409,6.322150707244873,5.0266432762146,1.936146855354309,0.14582155644893646,-1.2381783723831177,0.6964280605316162,2.164163112640381,1.8258934020996094,-1.9332494735717773,-0.9660788178443909,1.2419098615646362,0.4670349955558777,-0.25312837958335876,-1.5553840398788452,-1.944802165031433,-1.1745346784591675,-0.5131410956382751,1.0896029472351074,2.438871383666992,4.180721282958984,5.002065658569336,2.701680898666382,1.1895825862884521,2.4144651889801025,4.2789411544799805,7.416292190551758,10.54470443725586,11.139166831970215,7.495073318481445
-0.8795306086540222,-0.4194098711013794,-0.1554337441921234,-0.36906394362449646,-0.9505135416984558,-1.4746384620666504,-1.5979547500610352,-1.5320651531219482,-1.2498387098312378,-0.8456340432167053,0.14684386551380157,2.0654807090759277,4.298198223114014,4.182095050811768,5.155545234680176,3.9858484268188477,1.9075257778167725,0.3307015001773834,-1.2872408628463745,0.9805929660797119,1.0790680646896362,2.859434127807617,0.2435617744922638,0.38050898909568787,2.519002914428711,2.789329767227173,2.1290383338928223,1.3199397325515747,0.5790240168571472,0.32855990529060364,1.185640811920166,2.6723153591156006,3.869915008544922,6.217451572418213,7.21856689453125,4.2112650871276855,1.9086970090866089,3.184817314147949,4.826288223266602,7.940855503082275,10.852231979370117,12.292226791381836,11.324532508850098
