data/wind_data/wind_51_9.json
{"header": {"parameterUnit": "KT", "parameterCategory": 2, "nx": 256, "ny": 198, "lo1": 44.73521041870117, "la1": -3.236724853515625, "lo2": 111.26478576660156, "la2": 43.468475341796875, "dx": 0.2609002888202667, "dy": -0.23708222806453705, "refTime": "2025-02-21 03:00:00", "forecastTime": 0, "parameterNumber": 2, "parameterNumberName": "eastward_wind"}, "data":
[rows 114 to 132 of 198, columns 0 to 43 of 256]
16.08331298828125,16.86981964111328,17.61707878112793,18.35144805908203,18.197439193725586,16.965728759765625,16.410978317260742,15.968877792358398,15.035992622375488,13.609763145446777,12.346704483032227,12.128539085388184,12.7564058303833,12.936951637268066,12.343840599060059,12.168675422668457,12.152449607849121,12.164787292480469,13.634806632995605,17.59864616394043,22.50937843322754,23.896730422973633,23.018016815185547,23.376174926757812,24.020496368408203,23.456260681152344,21.704011917114258,17.305234909057617,11.705045700073242,9.680508613586426,9.942795753479004,9.418704986572266,8.077420234680176,7.681920528411865,9.015978813171387,11.443336486816406,13.520084381103516,14.969921112060547,16.732566833496094,18.090192794799805,17.51576042175293,14.765093803405762,11.144235610961914,8.343777656555176
16.60384750366211,16.493799209594727,17.632787704467773,18.40225601196289,18.65081214904785,17.783077239990234,16.67036247253418,15.005318641662598,12.799057960510254,10.433379173278809,8.770289421081543,8.585733413696289,9.607257843017578,10.609673500061035,10.752449989318848,10.468282699584961,11.01667594909668,12.951042175292969,16.141775131225586,20.54069709777832,25.116119384765625,25.858379364013672,23.876516342163086,23.541332244873047,24.1425724029541,23.782691955566406,21.783607482910156,17.212331771850586,10.940421104431152,8.630001068115234,9.3333101272583,9.49398422241211,9.00087833404541,9.129549026489258,10.194363594055176,11.438074111938477,12.260398864746094,12.727631568908691,13.808096885681152,15.736814498901367,17.51994514465332,17.728235244750977,15.020233154296875,11.022042274475098
17.245882034301758,15.99892807006836,17.444305419921875,18.610576629638672,19.20671844482422,18.120710372924805,16.161989212036133,12.935378074645996,9.174127578735352,6.244211673736572,5.121940612792969,5.856558322906494,7.656876087188721,9.13217830657959,9.605920791625977,9.623496055603027,10.774121284484863,13.639212608337402,17.358083724975586,21.217525482177734,24.865463256835938,25.4252872467041,22.15122413635254,20.658523559570312,21.387714385986328,21.446455001831055,19.69766616821289,16.03509521484375,10.95953369140625,8.234831809997559,9.114541053771973,9.868949890136719,10.072205543518066,10.91454029083252,12.199697494506836,12.460426330566406,11.987488746643066,11.688857078552246,11.990074157714844,12.946784973144531,14.4750337600708,15.993959426879883,15.165245056152344,12.260168075561523
17.921205520629883,15.797934532165527,17.357406616210938,18.98676300048828,19.88796043395996,18.228574752807617,15.384005546569824,10.950959205627441,6.055666446685791,3.2274081707000732,3.4930295944213867,5.927732467651367,9.183528900146484,11.92980670928955,13.302070617675781,13.724845886230469,14.314325332641602,15.731907844543457,17.828092575073242,20.19986343383789,23.03082847595215,24.232820510864258,20.97969627380371,17.900447845458984,17.519054412841797,17.9626522064209,17.276647567749023,15.030991554260254,11.55253791809082,8.411419868469238,8.778494834899902,10.416455268859863,11.218839645385742,12.115071296691895,13.279888153076172,13.107216835021973,11.802953720092773,10.838994026184082,10.383635520935059,10.434585571289062,11.045416831970215,12.404128074645996,13.134860038757324,12.051426887512207
18.025293350219727,16.425872802734375,17.861942291259766,19.233280181884766,20.038978576660156,18.158164978027344,15.04495906829834,10.341424942016602,5.181338310241699,2.6977362632751465,4.190021991729736,7.789353370666504,11.672565460205078,15.314769744873047,18.13866424560547,19.662073135375977,19.903207778930664,19.500503540039062,19.375093460083008,20.232473373413086,22.135873794555664,23.768417358398438,21.681550979614258,17.44849967956543,15.848918914794922,16.549175262451172,16.312074661254883,14.631363868713379,12.134289741516113,9.178717613220215,8.577690124511719,10.738204956054688,12.420463562011719,13.162102699279785,13.389507293701172,12.438037872314453,10.77392864227295,9.41445255279541,8.628747940063477,8.340567588806152,8.327400207519531,9.40095043182373,10.978618621826172,11.315540313720703
17.728679656982422,17.789043426513672,18.8406925201416,19.274394989013672,19.42740821838379,17.77315902709961,15.4098482131958,11.552143096923828,7.0260467529296875,4.592100620269775,6.17252779006958,10.373682022094727,14.184206008911133,17.231952667236328,20.33698844909668,22.81903076171875,23.401147842407227,22.304746627807617,21.006242752075195,21.099637985229492,22.328182220458984,23.92517852783203,23.33835220336914,20.58282470703125,18.525774002075195,17.898801803588867,16.934494018554688,15.14958667755127,13.048246383666992,10.565685272216797,9.415290832519531,11.159270286560059,12.993666648864746,13.471126556396484,12.889811515808105,10.999913215637207,8.98080825805664,7.936000347137451,7.256688594818115,6.899182319641113,7.148068904876709,8.541706085205078,9.844644546508789,10.049571990966797
17.768842697143555,18.48779296875,19.3905086517334,19.20441436767578,18.7086181640625,17.35428810119629,16.21832275390625,14.298641204833984,11.0472993850708,8.292976379394531,8.9287748336792,13.290621757507324,17.55739402770996,19.45160484313965,21.149372100830078,23.000417709350586,23.612640380859375,22.699737548828125,21.662031173706055,21.912874221801758,23.222919464111328,24.87583351135254,25.44574546813965,24.16716766357422,22.347658157348633,20.650728225708008,18.807287216186523,16.772218704223633,14.700528144836426,12.503643035888672,11.165592193603516,11.618819236755371,12.222233772277832,12.181360244750977,11.633176803588867,9.517815589904785,7.313819408416748,6.902868747711182,7.104426383972168,7.51880407333374,8.478357315063477,9.422795295715332,9.2052583694458,8.368490219116211
18.09379768371582,18.117820739746094,19.07648468017578,18.799148559570312,18.227201461791992,17.495906829833984,17.12766456604004,17.384248733520508,16.20855712890625,13.568859100341797,13.027383804321289,16.75457763671875,21.52494239807129,22.782264709472656,22.438199996948242,22.342411041259766,22.233076095581055,21.92706298828125,22.075519561767578,23.122337341308594,24.71274757385254,26.25745391845703,27.01118278503418,26.02092170715332,24.18790054321289,22.41517448425293,20.6710205078125,18.799230575561523,16.793624877929688,14.665414810180664,12.821210861206055,11.534682273864746,10.648069381713867,9.877034187316895,9.287812232971191,7.850982666015625,6.433988571166992,7.013679504394531,8.528693199157715,9.944183349609375,10.811568260192871,10.256597518920898,8.50035572052002,7.935241222381592
19.04231834411621,17.960155487060547,18.499691009521484,18.350505828857422,18.311208724975586,18.373310089111328,18.237226486206055,19.42905044555664,20.5775203704834,19.449695587158203,18.564252853393555,21.159156799316406,25.36204719543457,26.270292282104492,24.395179748535156,22.476533889770508,21.604021072387695,22.04677963256836,23.34288215637207,24.957117080688477,26.432697296142578,27.462392807006836,27.792234420776367,26.609678268432617,24.350074768066406,22.454586029052734,21.287397384643555,20.042638778686523,18.37838363647461,16.52287483215332,14.314739227294922,11.475025177001953,8.896798133850098,6.854525566101074,5.678563594818115,5.686224937438965,6.601200580596924,8.909331321716309,11.641512870788574,13.019598960876465,12.431378364562988,10.448683738708496,8.91177749633789,10.239194869995117
20.822561264038086,18.085468292236328,18.18877410888672,18.573583602905273,19.413637161254883,19.662033081054688,19.505456924438477,20.38121223449707,22.717863082885742,23.86858558654785,23.95757293701172,25.725147247314453,28.6107120513916,28.87015724182129,26.200136184692383,23.567420959472656,22.666744232177734,23.638931274414062,25.40003776550293,26.919872283935547,27.912803649902344,28.40276336669922,28.388904571533203,27.339439392089844,25.001148223876953,22.51832389831543,20.989225387573242,19.951759338378906,18.754674911499023,17.611351013183594,15.906537055969238,11.879958152770996,6.763120651245117,3.224907636642456,2.3699865341186523,4.2820281982421875,7.982402324676514,12.367602348327637,15.587540626525879,15.49677562713623,12.964496612548828,10.728279113769531,11.031607627868652,14.365546226501465
22.24216079711914,18.514122009277344,18.68142318725586,19.524648666381836,21.211145401000977,21.25790786743164,20.78823471069336,21.073936462402344,23.204544067382812,25.8319091796875,27.391616821289062,28.93974494934082,30.561792373657227,30.062990188598633,27.275781631469727,24.979230880737305,24.55675506591797,25.672588348388672,27.36399269104004,28.499826431274414,29.00552749633789,29.336708068847656,29.38258171081543,28.594226837158203,26.534841537475586,23.627918243408203,20.930089950561523,19.026151657104492,18.051937103271484,17.75058364868164,17.114261627197266,12.33294677734375,4.708998680114746,0.8005499243736267,1.741094708442688,5.743255138397217,11.230081558227539,16.17777442932129,18.119338989257812,16.175827026367188,12.727704048156738,12.015231132507324,14.866880416870117,19.130451202392578
22.86480712890625,19.849491119384766,20.214200973510742,21.02569007873535,23.17748260498047,23.14776611328125,22.231653213500977,21.94963264465332,23.297388076782227,26.03366470336914,28.341764450073242,29.78304100036621,30.556196212768555,29.8046817779541,27.657459259033203,26.073719024658203,25.982946395874023,27.028051376342773,28.687471389770508,29.78236198425293,30.090709686279297,30.413768768310547,30.623342514038086,29.930789947509766,28.04279136657715,25.11953353881836,21.551036834716797,18.395536422729492,17.082122802734375,17.438100814819336,17.1679744720459,12.730524063110352,3.8877670764923096,0.7941785454750061,4.063016414642334,9.878314018249512,15.02094841003418,17.96125030517578,17.78965187072754,15.151139259338379,13.467981338500977,15.50869083404541,19.63201332092285,22.167219161987305
23.287336349487305,21.174392700195312,21.827356338500977,22.650358200073242,24.800331115722656,24.865327835083008,23.842050552368164,22.978757858276367,23.44435691833496,25.446523666381836,27.459224700927734,28.556926727294922,29.015907287597656,28.767568588256836,27.573810577392578,26.39175033569336,26.200597763061523,27.17193031311035,29.10350227355957,30.874046325683594,31.629039764404297,31.994081497192383,32.1702880859375,31.341480255126953,29.051794052124023,25.9299373626709,22.126445770263672,18.634218215942383,17.002784729003906,17.349855422973633,16.172685623168945,10.910947799682617,4.503018379211426,3.993889331817627,8.529319763183594,13.482574462890625,15.950925827026367,16.26103401184082,15.426448822021484,15.567801475524902,17.247398376464844,20.198894500732422,21.98056983947754,21.894887924194336
23.800752639770508,21.646835327148438,22.668684005737305,23.717748641967773,25.52259635925293,25.758466720581055,25.22154426574707,24.186487197875977,23.68230438232422,24.644628524780273,26.04298973083496,26.867048263549805,27.452730178833008,27.791528701782227,27.095117568969727,25.81705093383789,25.326766967773438,26.367103576660156,28.7630558013916,31.399578094482422,33.00337219238281,33.71459197998047,33.97146224975586,32.918212890625,29.826940536499023,26.061445236206055,22.4194393157959,19.54677963256836,18.20001220703125,17.530744552612305,15.37529468536377,9.160555839538574,5.780325412750244,8.57448959350586,12.754354476928711,14.702363967895508,14.39091682434082,13.79422378540039,15.889092445373535,19.398576736450195,21.36848258972168,22.098974227905273,21.404003143310547,19.93990707397461
24.166044235229492,21.748016357421875,22.799833297729492,23.927671432495117,25.402664184570312,25.724355697631836,25.982881546020508,25.541339874267578,24.279224395751953,24.039688110351562,25.009977340698242,25.969297409057617,26.64949607849121,26.94682502746582,26.350788116455078,25.076120376586914,24.46756362915039,25.537857055664062,28.177085876464844,31.200233459472656,33.30550765991211,34.531673431396484,35.263404846191406,34.355873107910156,30.8853759765625,26.52370262145996,23.11241340637207,21.104463577270508,19.964271545410156,17.882183074951172,15.037541389465332,11.428465843200684,10.084858894348145,12.387575149536133,14.400551795959473,14.101664543151855,12.004890441894531,14.060295104980469,20.214181900024414,23.175443649291992,23.22255516052246,22.01153564453125,19.255638122558594,17.026708602905273
24.067596435546875,21.891345977783203,22.55522918701172,23.4912052154541,25.06991195678711,25.489795684814453,26.36240577697754,26.81963348388672,25.39894676208496,23.99030303955078,24.259597778320312,25.15557098388672,25.649066925048828,25.887577056884766,25.8886775970459,25.263547897338867,24.742097854614258,25.43592071533203,27.66077423095703,30.54147720336914,32.84648132324219,34.51152420043945,35.771244049072266,35.42698669433594,32.36015701293945,27.744050979614258,24.197345733642578,22.644577026367188,21.206462860107422,17.870189666748047,14.689067840576172,14.1235933303833,14.98281192779541,15.26394271850586,14.594329833984375,11.895495414733887,10.727458000183105,18.016345977783203,24.490711212158203,24.975114822387695,23.675582885742188,20.15557098388672,16.32700538635254,13.196258544921875
23.851062774658203,21.927003860473633,22.36119270324707,23.009521484375,24.920469284057617,25.602561950683594,26.765548706054688,27.84848403930664,26.873241424560547,24.906373977661133,24.026748657226562,24.044679641723633,24.294795989990234,25.04245948791504,26.112598419189453,26.55529022216797,26.370220184326172,26.562124252319336,27.964031219482422,30.30685043334961,32.52203369140625,34.21855163574219,35.56783676147461,35.7573356628418,33.45334243774414,29.033906936645508,25.25823402404785,23.094301223754883,20.5046443939209,16.7152099609375,14.913583755493164,16.2857608795166,17.289249420166016,16.446077346801758,14.533747673034668,10.338910102844238,12.678468704223633,23.79621696472168,26.857698440551758,26.2314395904541,22.082338333129883,15.495734214782715,12.418817520141602,11.72960376739502
24.359256744384766,22.404582977294922,22.86332130432129,23.35475730895996,25.433475494384766,26.159318923950195,27.236576080322266,28.550853729248047,28.244701385498047,26.62130355834961,25.26169204711914,24.613876342773438,24.604736328125,25.519521713256836,27.042211532592773,28.172409057617188,28.532888412475586,28.760313034057617,29.702978134155273,31.43843650817871,33.18124771118164,34.35934829711914,35.06214904785156,35.06851577758789,33.247825622558594,29.604021072387695,25.969890594482422,22.838064193725586,18.77080535888672,14.990019798278809,15.42659854888916,17.64665985107422,16.97592544555664,15.853399276733398,14.063953399658203,10.223896026611328,19.12812614440918,28.067140579223633,28.79706573486328,24.496013641357422,14.388667106628418,10.494298934936523,16.142635345458984,21.98714256286621
25.34299659729004,23.131107330322266,24.014892578125,24.884380340576172,27.174400329589844,27.5594425201416,28.114154815673828,29.2073917388916,29.262710571289062,28.18705177307129,27.218490600585938,26.932498931884766,27.047786712646484,27.583572387695312,28.52376365661621,29.437103271484375,30.183914184570312,31.055622100830078,32.30704116821289,33.7784538269043,34.8516845703125,34.98015213012695,34.27150344848633,33.20444869995117,31.477088928222656,28.791440963745117,25.414045333862305,21.008560180664062,15.004716873168945,12.207242965698242,15.266168594360352,16.808652877807617,14.644312858581543,14.05132007598877,11.468733787536621,13.23477554321289,26.767967224121094,31.22313117980957,26.603652954101562,13.125693321228027,7.232326507568359,17.05992889404297,26.31549644470215,27.203184127807617
