data/wind_data/wind_47_8.json
{"header": {"parameterUnit": "KT", "parameterCategory": 2, "nx": 256, "ny": 198, "lo1": 44.73521041870117, "la1": -3.236724853515625, "lo2": 111.26478576660156, "la2": 43.468475341796875, "dx": 0.2609002888202667, "dy": -0.23708222806453705, "refTime": "2025-02-20 23:00:00", "forecastTime": 0, "parameterNumber": 2, "parameterNumberName": "eastward_wind"}, "data":
[rows 76 to 94 of 198, columns 0 to 43 of 256]
17.394512176513672,18.78331756591797,19.604232788085938,21.389719009399414,24.56386947631836,25.62992286682129,26.073392868041992,26.97529411315918,27.22516441345215,26.512449264526367,25.90118980407715,25.252710342407227,24.08683967590332,22.338970184326172,19.536230087280273,15.3590726852417,12.04542064666748,12.186548233032227,14.10754680633545,15.230212211608887,14.987563133239746,14.762083053588867,15.426534652709961,16.63936996459961,17.5421085357666,17.449146270751953,16.627094268798828,15.929291725158691,15.787801742553711,15.842575073242188,15.486860275268555,14.774765014648438,14.192117691040039,14.0263032913208,14.176187515258789,14.376642227172852,14.661561965942383,15.112942695617676,15.539213180541992,15.726846694946289,15.615765571594238,15.242988586425781,14.794037818908691,14.496166229248047
19.35036849975586,20.47747039794922,21.155498504638672,22.53506088256836,25.29554557800293,27.319190979003906,29.14618492126465,30.151926040649414,29.703659057617188,28.991085052490234,29.04595375061035,28.47235870361328,26.549007415771484,23.650747299194336,19.6302433013916,14.821062088012695,11.554483413696289,11.779854774475098,13.813948631286621,15.096662521362305,14.90697956085205,14.668123245239258,15.148486137390137,16.09534454345703,16.600419998168945,16.21543312072754,15.432900428771973,14.80534839630127,14.587214469909668,14.79456615447998,14.907355308532715,14.70567798614502,14.494829177856445,14.555176734924316,14.863869667053223,15.314866065979004,15.880931854248047,16.46434211730957,16.77463150024414,16.688217163085938,16.27230453491211,15.660216331481934,15.034016609191895,14.5794095993042
21.10902976989746,22.85382652282715,23.336286544799805,24.276365280151367,26.17685317993164,28.279296875,30.78350830078125,31.973901748657227,31.375415802001953,30.402854919433594,30.277969360351562,29.990570068359375,28.171581268310547,24.433271408081055,19.538209915161133,15.03738784790039,12.216527938842773,12.242387771606445,14.155169486999512,15.550426483154297,15.278685569763184,14.896651268005371,15.439176559448242,16.256694793701172,16.02658462524414,14.90053939819336,14.194146156311035,14.096891403198242,14.184030532836914,14.534282684326172,15.040270805358887,15.186971664428711,14.954943656921387,14.578100204467773,14.507122039794922,15.043396949768066,15.878503799438477,16.584470748901367,16.91033363342285,16.80542755126953,16.342622756958008,15.710444450378418,15.105524063110352,14.573801040649414
21.91012954711914,25.32200050354004,25.3276424407959,25.91415023803711,27.55605697631836,28.517127990722656,30.35818099975586,31.981813430786133,32.197330474853516,30.99775505065918,30.352779388427734,30.222518920898438,28.252836227416992,23.84332847595215,19.36152458190918,16.330862045288086,14.432527542114258,14.028117179870605,15.24319076538086,16.359161376953125,15.782395362854004,14.975179672241211,15.461844444274902,16.113866806030273,15.311681747436523,14.0825777053833,13.972484588623047,14.443629264831543,14.65099048614502,14.761556625366211,15.146308898925781,15.39650821685791,15.132676124572754,14.40112590789795,13.81038761138916,14.07011604309082,14.941899299621582,15.731212615966797,16.164499282836914,16.10749053955078,15.594592094421387,14.974035263061523,14.499204635620117,14.089489936828613
21.943777084350586,25.350120544433594,25.91584587097168,26.679105758666992,29.32351303100586,28.43151092529297,28.347612380981445,30.294443130493164,31.66974639892578,30.857114791870117,29.9968204498291,29.72817611694336,27.77153778076172,23.736133575439453,20.310794830322266,18.472658157348633,17.25322914123535,16.394681930541992,16.575885772705078,16.985923767089844,16.09137725830078,15.072595596313477,15.563355445861816,16.136091232299805,15.191046714782715,14.08826732635498,14.11156177520752,14.712469100952148,14.961662292480469,15.052898406982422,15.324563026428223,15.4638032913208,15.110830307006836,14.259639739990234,13.382747650146484,13.210887908935547,13.840048789978027,14.722253799438477,15.36826229095459,15.255661010742188,14.392004013061523,13.582942962646484,13.235560417175293,13.05955982208252
21.183998107910156,24.994016647338867,25.820383071899414,27.146535873413086,32.11639404296875,30.339731216430664,27.30522918701172,28.096973419189453,30.148712158203125,30.56877326965332,30.037721633911133,29.384130477905273,27.535612106323242,24.245851516723633,21.508113861083984,20.27394676208496,19.385225296020508,18.247886657714844,17.577648162841797,17.1571044921875,16.14828872680664,15.464807510375977,16.33922004699707,17.083023071289062,16.028230667114258,14.366068840026855,13.79581069946289,14.37613582611084,14.86544132232666,15.126420974731445,15.370477676391602,15.353559494018555,14.88966178894043,14.080445289611816,13.217806816101074,12.728680610656738,12.925250053405762,13.829976081848145,14.807806968688965,14.6116304397583,13.234770774841309,12.073637008666992,11.744132041931152,11.761768341064453
19.921512603759766,24.251750946044922,25.68405532836914,28.197265625,35.326332092285156,33.94007110595703,28.70778465270996,27.000301361083984,28.442476272583008,29.57229995727539,29.092119216918945,27.84654998779297,26.84015655517578,25.539987564086914,23.785310745239258,22.223690032958984,20.849477767944336,19.728342056274414,19.301074981689453,18.760683059692383,17.490310668945312,16.41100311279297,17.035429000854492,18.008180618286133,17.106351852416992,15.057348251342773,13.812715530395508,14.059503555297852,14.560844421386719,14.777949333190918,14.871248245239258,14.773715019226074,14.397241592407227,13.722081184387207,12.930089950561523,12.318593978881836,12.267448425292969,13.190805435180664,14.341970443725586,14.095463752746582,12.390851974487305,10.961490631103516,10.569201469421387,10.706445693969727
19.1837158203125,22.531082153320312,25.44186782836914,29.152170181274414,36.55841827392578,36.02696228027344,30.189613342285156,25.70225715637207,25.55545997619629,26.564842224121094,25.686437606811523,24.70720672607422,25.834468841552734,27.423809051513672,27.26917266845703,25.415620803833008,22.59261131286621,20.5224552154541,20.20562744140625,20.264236450195312,19.27695083618164,17.725727081298828,17.518701553344727,18.256183624267578,17.633535385131836,15.498189926147461,13.758386611938477,13.618159294128418,14.001301765441895,14.065902709960938,13.935483932495117,13.818914413452148,13.64864730834961,13.186225891113281,12.456769943237305,11.786386489868164,11.721772193908691,12.663224220275879,13.739154815673828,13.462318420410156,11.823683738708496,10.413403511047363,10.009047508239746,10.220433235168457
18.627803802490234,20.387611389160156,24.496719360351562,29.0535831451416,35.38007354736328,35.78227615356445,31.165010452270508,25.159589767456055,21.440589904785156,21.6497745513916,22.00552749633789,22.982179641723633,25.905269622802734,29.033977508544922,30.06102752685547,28.10735511779785,24.29755401611328,20.884750366210938,19.77928924560547,19.958803176879883,19.66648292541504,18.616161346435547,17.814550399780273,17.849233627319336,17.162857055664062,14.932783126831055,12.82443618774414,12.476757049560547,12.978986740112305,13.1842679977417,12.949735641479492,12.660359382629395,12.500097274780273,12.187433242797852,11.576793670654297,10.94364070892334,10.92287540435791,11.822331428527832,12.793160438537598,12.65705680847168,11.446952819824219,10.356761932373047,10.02656364440918,10.250898361206055
17.435731887817383,17.877643585205078,22.425048828125,27.67542839050293,33.53960037231445,34.17628860473633,31.27484703063965,27.237977981567383,20.678226470947266,18.572914123535156,20.43686866760254,22.843639373779297,25.478803634643555,28.336854934692383,30.070592880249023,29.28809356689453,25.75824546813965,21.278425216674805,18.761608123779297,18.629016876220703,19.152814865112305,19.223649978637695,18.486738204956055,17.56961441040039,16.24253273010254,13.626363754272461,10.988412857055664,10.622936248779297,11.645456314086914,12.417712211608887,12.360313415527344,11.73013687133789,11.03104305267334,10.369085311889648,9.692410469055176,9.354083061218262,9.787507057189941,10.882307052612305,11.932560920715332,12.037997245788574,11.247220993041992,10.520121574401855,10.375450134277344,10.557089805603027
16.285324096679688,15.429725646972656,19.725555419921875,25.206724166870117,31.303874969482422,31.960102081298828,29.4716739654541,28.057695388793945,23.516040802001953,18.846813201904297,18.932472229003906,20.98681640625,22.951427459716797,25.646554946899414,27.7952823638916,28.3690185546875,25.801746368408203,21.41728973388672,17.530614852905273,17.107067108154297,18.471338272094727,19.6119327545166,19.429819107055664,18.077743530273438,16.165658950805664,13.4231595993042,10.368648529052734,9.50251293182373,10.8582763671875,12.284612655639648,12.589125633239746,11.75045394897461,10.21983814239502,8.659029960632324,7.540923118591309,7.444301128387451,8.600358963012695,10.282583236694336,11.80209732055664,12.273239135742188,11.565412521362305,10.832022666931152,10.790630340576172,10.94133472442627
17.589157104492188,15.520545959472656,18.820308685302734,23.166349411010742,29.23062515258789,29.685457229614258,27.2540340423584,27.25128746032715,25.152042388916016,19.469877243041992,15.763246536254883,16.726953506469727,19.277896881103516,22.976852416992188,26.172422409057617,26.596094131469727,24.551803588867188,20.0474796295166,15.891858100891113,14.734987258911133,17.4038143157959,19.690767288208008,19.999845504760742,18.881803512573242,17.07449722290039,14.9259614944458,12.48011589050293,10.927421569824219,11.589974403381348,13.28715705871582,14.075240135192871,13.191842079162598,10.913915634155273,8.515911102294922,7.056637287139893,7.052192687988281,8.325765609741211,10.173134803771973,12.085652351379395,13.09786319732666,12.561420440673828,11.607361793518066,11.315260887145996,11.276867866516113
20.22124481201172,17.97162628173828,19.930274963378906,22.43628692626953,27.201372146606445,27.66943359375,26.248748779296875,26.77994155883789,25.00650405883789,19.520910263061523,14.64667797088623,14.869120597839355,17.86435890197754,21.290573120117188,25.166080474853516,25.760149002075195,23.756393432617188,18.82032585144043,13.953216552734375,11.70975399017334,14.301373481750488,18.8503360748291,20.622896194458008,19.64750862121582,18.096078872680664,16.80946922302246,15.655689239501953,14.390764236450195,13.850809097290039,14.726524353027344,15.884515762329102,15.492895126342773,13.036093711853027,10.054210662841797,8.244521141052246,8.206890106201172,9.317291259765625,10.84830379486084,12.668844223022461,13.90353012084961,13.651528358459473,12.70310115814209,12.082300186157227,11.631628036499023
20.793825149536133,19.49581527709961,21.066715240478516,22.47686767578125,25.389890670776367,26.438270568847656,26.253387451171875,26.35964584350586,24.753572463989258,20.43710708618164,16.305437088012695,16.4099063873291,18.92906379699707,21.244840621948242,24.663433074951172,25.559982299804688,22.886526107788086,19.16259765625,13.964351654052734,10.907312393188477,11.16379165649414,15.186685562133789,19.480554580688477,20.682544708251953,19.805557250976562,18.73041343688965,18.064111709594727,17.617305755615234,17.052473068237305,16.712926864624023,17.0207462310791,16.890913009643555,15.069355010986328,12.329176902770996,10.030299186706543,9.408896446228027,10.1548490524292,11.631845474243164,13.523441314697266,14.881256103515625,14.663403511047363,13.531207084655762,12.597970962524414,11.859519004821777
20.636882781982422,20.86741065979004,22.455110549926758,22.91520118713379,23.905975341796875,24.790889739990234,25.036314010620117,24.97087860107422,23.895477294921875,20.992708206176758,18.269878387451172,18.39328384399414,20.051198959350586,21.64566421508789,24.008501052856445,25.741262435913086,23.34937858581543,19.712966918945312,15.989432334899902,12.547661781311035,10.93781566619873,11.967710494995117,15.554206848144531,18.976444244384766,20.549468994140625,20.717683792114258,20.25698471069336,20.031269073486328,20.016456604003906,19.589876174926758,18.812969207763672,17.6828556060791,15.886998176574707,13.792669296264648,11.929239273071289,10.74601936340332,10.593768119812012,11.694011688232422,13.851058959960938,15.915081024169922,16.002790451049805,14.254684448242188,12.433270454406738,11.368846893310547
24.098392486572266,23.780851364135742,24.703861236572266,24.053298950195312,22.894189834594727,22.744003295898438,22.90059471130371,23.12240982055664,22.921199798583984,21.11037826538086,19.16790771484375,18.973657608032227,20.40087127685547,22.044891357421875,23.97703742980957,25.98711395263672,25.284765243530273,21.794740676879883,18.201427459716797,14.642411231994629,12.177534103393555,11.36102294921875,12.775227546691895,15.562662124633789,18.434280395507812,20.456972122192383,21.469545364379883,21.949758529663086,22.281225204467773,22.212900161743164,21.344451904296875,19.447893142700195,16.728769302368164,14.222124099731445,12.891731262207031,12.249135971069336,11.750555038452148,11.830620765686035,13.53707218170166,16.18749237060547,17.24835968017578,15.449049949645996,12.442667007446289,10.449636459350586
29.705060958862305,27.822612762451172,27.458049774169922,25.97865867614746,23.73781394958496,22.489604949951172,22.176868438720703,22.271060943603516,22.365114212036133,20.908594131469727,19.147493362426758,18.65374755859375,19.757314682006836,21.716550827026367,23.919553756713867,25.915531158447266,26.857175827026367,25.24783706665039,21.89511489868164,18.02200698852539,14.275055885314941,12.528032302856445,12.70715618133545,14.201043128967285,16.356185913085938,18.77118682861328,21.075923919677734,22.91316032409668,23.715286254882812,23.64872169494629,22.93675422668457,21.36513900756836,18.378341674804688,14.94767951965332,13.016839027404785,12.829627990722656,13.065520286560059,13.050944328308105,13.774539947509766,15.838094711303711,17.451059341430664,16.4293155670166,13.156763076782227,10.352705955505371
32.25220489501953,29.566736221313477,28.879858016967773,27.637439727783203,26.260053634643555,24.523393630981445,23.08104705810547,22.095781326293945,21.773351669311523,20.558837890625,18.68625259399414,18.420936584472656,19.456907272338867,20.95159339904785,22.821985244750977,24.781728744506836,26.36583709716797,27.091211318969727,25.873340606689453,22.72499656677246,18.876588821411133,15.98063850402832,14.944008827209473,15.126845359802246,16.097806930541992,17.68876838684082,20.11410140991211,22.951984405517578,24.54389762878418,24.020225524902344,22.7218017578125,21.603530883789062,19.76832389831543,16.660505294799805,13.901907920837402,13.00063705444336,13.426531791687012,14.062871932983398,14.639484405517578,15.69382381439209,16.84996223449707,16.416135787963867,13.90247917175293,11.39303970336914
32.746986389160156,29.523998260498047,29.324609756469727,28.831493377685547,28.513229370117188,27.298032760620117,25.191545486450195,22.709800720214844,21.028444290161133,20.047534942626953,18.226818084716797,17.614978790283203,19.097352981567383,20.828386306762695,22.040693283081055,23.31147575378418,24.835254669189453,26.45482635498047,27.577800750732422,26.908292770385742,24.638355255126953,22.065553665161133,19.83340072631836,17.99380874633789,17.053119659423828,17.49760627746582,19.29140281677246,22.127853393554688,24.65096664428711,24.552532196044922,22.549728393554688,20.976625442504883,20.271772384643555,18.9665584564209,16.510705947875977,14.443726539611816,13.749732971191406,14.023723602294922,14.718777656555176,15.550321578979492,16.26557159423828,16.029666900634766,14.585832595825195,13.187589645385742
