data/wind_data/wind_63_4.json
{"header": {"parameterUnit": "KT", "parameterCategory": 2, "nx": 256, "ny": 198, "lo1": 44.73521041870117, "la1": -3.236724853515625, "lo2": 111.26478576660156, "la2": 43.468475341796875, "dx": 0.2609002888202667, "dy": -0.23708222806453705, "refTime": "2025-02-21 15:00:00", "forecastTime": 0, "parameterNumber": 2, "parameterNumberName": "eastward_wind"}, "data":
[rows 114 to 132 of 198, columns 132 to 175 of 256]
18.33800506591797,18.016416549682617,18.119117736816406,18.6066837310791,18.668642044067383,17.901628494262695,17.395923614501953,18.04483413696289,19.394207000732422,21.48102569580078,22.518388748168945,22.366695404052734,21.62826919555664,21.671894073486328,22.37810707092285,22.832185745239258,23.227291107177734,24.062705993652344,24.026193618774414,22.48092269897461,20.703201293945312,21.063169479370117,22.775678634643555,23.91425132751465,24.67861557006836,25.009641647338867,24.74033546447754,24.639474868774414,25.271326065063477,26.306385040283203,27.24934196472168,27.760663986206055,27.873538970947266,27.980815887451172,28.19631576538086,28.132204055786133,27.811025619506836,27.708755493164062,28.225439071655273,28.77881622314453,28.715740203857422,28.478256225585938,28.301530838012695,28.112436294555664
18.222497940063477,17.703006744384766,18.182008743286133,19.17237091064453,19.62761116027832,19.050046920776367,18.12430763244629,18.117000579833984,18.818805694580078,20.844820022583008,22.90166473388672,23.8738956451416,23.32087516784668,22.300058364868164,22.25311279296875,22.829265594482422,23.73782730102539,24.6223201751709,24.17326545715332,22.20884132385254,21.06998062133789,22.241924285888672,24.190797805786133,25.527381896972656,25.722291946411133,25.26192283630371,25.120500564575195,25.473405838012695,25.986339569091797,26.600189208984375,27.25254249572754,27.783662796020508,28.202512741088867,28.727859497070312,29.195541381835938,29.03215217590332,28.545265197753906,28.43569564819336,28.5810604095459,28.446931838989258,28.28655433654785,28.7631893157959,29.387876510620117,29.199268341064453
18.51729393005371,18.098012924194336,18.59308433532715,19.75796127319336,20.505117416381836,20.093109130859375,18.852954864501953,18.392242431640625,18.815210342407227,20.04732322692871,22.075458526611328,23.789487838745117,24.181373596191406,23.90082359313965,23.72260093688965,24.148752212524414,24.88719940185547,24.546072006225586,22.825143814086914,21.00802230834961,20.784976959228516,22.224220275878906,23.848787307739258,24.819955825805664,25.34432601928711,25.791667938232422,26.01816749572754,25.97356605529785,25.93018913269043,26.200796127319336,26.980022430419922,28.079418182373047,29.108137130737305,29.928691864013672,29.856992721557617,28.825870513916016,28.36716079711914,28.7479248046875,28.59450912475586,28.038679122924805,28.224388122558594,29.2510986328125,29.940826416015625,29.73339080810547
18.582744598388672,18.575382232666016,19.04456329345703,20.067777633666992,20.740678787231445,20.281389236450195,18.825410842895508,17.941001892089844,18.77121925354004,20.25229835510254,21.955673217773438,23.292781829833984,24.065032958984375,24.443607330322266,24.551803588867188,24.658344268798828,24.344106674194336,22.889986038208008,20.953617095947266,19.57668113708496,19.760740280151367,21.216293334960938,22.816102981567383,24.178861618041992,25.393335342407227,26.320058822631836,26.64695930480957,26.539140701293945,26.449337005615234,26.916513442993164,28.16623878479004,29.390214920043945,30.099382400512695,30.506216049194336,29.74394416809082,28.704252243041992,28.8405818939209,29.06092643737793,28.965341567993164,29.355958938598633,30.097564697265625,30.583948135375977,30.423093795776367,30.149873733520508
18.551443099975586,19.015832901000977,19.90117835998535,20.663211822509766,20.978984832763672,20.028841018676758,18.449275970458984,17.7944278717041,18.68166160583496,20.670251846313477,22.66181755065918,23.72795295715332,24.2340030670166,24.78781509399414,24.83305549621582,23.798023223876953,22.08085823059082,20.15301513671875,19.05527114868164,18.886947631835938,19.517505645751953,20.808637619018555,22.394685745239258,24.099132537841797,25.791860580444336,27.051837921142578,27.534934997558594,27.9466609954834,28.66718292236328,29.92287254333496,30.87570571899414,31.23757553100586,31.369142532348633,31.678585052490234,30.787782669067383,30.214387893676758,30.450040817260742,30.434812545776367,31.076091766357422,32.66765213012695,33.8814582824707,32.9044075012207,30.8745174407959,30.148609161376953
19.399700164794922,19.84827995300293,20.41495704650879,20.917457580566406,21.1578426361084,20.619869232177734,18.64656639099121,18.331369400024414,19.712501525878906,22.000274658203125,23.128849029541016,23.363391876220703,23.87250328063965,24.28258514404297,23.307811737060547,21.0620059967041,19.011192321777344,17.841472625732422,17.874330520629883,18.54459571838379,19.5478515625,21.00304412841797,22.88371467590332,24.92131233215332,26.817569732666016,28.48851776123047,29.493513107299805,31.09392738342285,32.90300750732422,34.60810852050781,34.52055358886719,34.695499420166016,36.090980529785156,36.41536331176758,35.41738510131836,35.023494720458984,34.964263916015625,34.931880950927734,36.39506912231445,38.20426940917969,38.642372131347656,35.141963958740234,31.303733825683594,30.81266975402832
19.326072692871094,19.947092056274414,20.245853424072266,20.499296188354492,21.212125778198242,21.177391052246094,19.34000015258789,18.976428985595703,20.39253044128418,22.063325881958008,22.25660514831543,22.5047550201416,22.940292358398438,22.183462142944336,19.734708786010742,17.356351852416992,16.39679527282715,16.7863712310791,17.695310592651367,18.84625244140625,20.561246871948242,22.48971176147461,24.465911865234375,26.49260139465332,28.657947540283203,30.82134437561035,32.49861145019531,34.549983978271484,36.74697494506836,38.923118591308594,38.33849334716797,38.093387603759766,39.99331283569336,41.06283187866211,39.24557876586914,38.814571380615234,38.99419021606445,38.440467834472656,37.68548583984375,36.2402458190918,35.10432052612305,32.94589614868164,31.650503158569336,31.356903076171875
19.47450065612793,20.051958084106445,20.26283073425293,20.142887115478516,21.096364974975586,21.131872177124023,20.34441566467285,20.172945022583008,21.039596557617188,21.630268096923828,21.56488609313965,21.660736083984375,20.719730377197266,18.00348472595215,15.228202819824219,14.478543281555176,15.263941764831543,16.51326560974121,17.72196388244629,19.63960838317871,22.130630493164062,24.61288070678711,26.941925048828125,29.034923553466797,30.992446899414062,32.4035758972168,33.96644973754883,36.63808822631836,39.732383728027344,42.36653518676758,42.52388000488281,42.78158950805664,43.740867614746094,44.802406311035156,41.48861312866211,38.06897735595703,34.518497467041016,27.986448287963867,21.17520523071289,21.180849075317383,23.265928268432617,24.038698196411133,23.258573532104492,22.416027069091797
19.295686721801758,19.822473526000977,20.011566162109375,20.29970359802246,20.880229949951172,20.776758193969727,21.079185485839844,21.70668601989746,22.11688804626465,21.823001861572266,21.1947021484375,19.624244689941406,16.830171585083008,14.722565650939941,14.615955352783203,15.441161155700684,16.222047805786133,16.77177619934082,18.257732391357422,20.67479705810547,23.01642417907715,25.3712215423584,27.90203285217285,29.729204177856445,31.32279396057129,33.11494064331055,35.66230773925781,39.3737678527832,42.74077224731445,43.10978698730469,43.72609329223633,45.9390754699707,45.01552200317383,42.40439224243164,34.87677001953125,29.213844299316406,26.25098419189453,22.072704315185547,19.42976951599121,17.233572006225586,20.6096134185791,19.911611557006836,22.467002868652344,23.874313354492188
18.764850616455078,18.986906051635742,19.741899490356445,20.510520935058594,20.824193954467773,21.01824951171875,21.39969825744629,21.517520904541016,21.313615798950195,20.94264030456543,19.330856323242188,16.58348846435547,15.461411476135254,16.663841247558594,18.462398529052734,19.763648986816406,19.928768157958984,19.543292999267578,20.87649154663086,22.244123458862305,23.41370391845703,25.29689598083496,28.191701889038086,31.279203414916992,34.09401321411133,36.8167724609375,39.60329818725586,41.50818634033203,40.2486457824707,39.848628997802734,24.46114158630371,30.418516159057617,33.49467468261719,31.068618774414062,30.353439331054688,25.555564880371094,26.903987884521484,29.144540786743164,29.751121520996094,26.536928176879883,27.041521072387695,28.695615768432617,32.1837272644043,29.670127868652344
17.699968338012695,17.85724449157715,18.8496150970459,19.905811309814453,20.50474739074707,20.768909454345703,20.348140716552734,19.984588623046875,19.896747589111328,18.83991241455078,16.578155517578125,16.591140747070312,19.06804847717285,22.057174682617188,24.143617630004883,25.08133888244629,24.289745330810547,23.357181549072266,22.942167282104492,23.622509002685547,25.309253692626953,27.901222229003906,31.283716201782227,35.60942840576172,40.09585952758789,42.821651458740234,42.3341064453125,38.11296844482422,34.505393981933594,33.496707916259766,29.588403701782227,21.617900848388672,22.94607925415039,22.415632247924805,26.339033126831055,31.486557006835938,35.72673416137695,38.47478485107422,36.86138916015625,31.981897354125977,34.137420654296875,39.8141975402832,38.75299835205078,37.093711853027344
16.59574317932129,16.91142463684082,17.726316452026367,18.327707290649414,18.890399932861328,19.03157615661621,18.871864318847656,18.60175132751465,17.375917434692383,15.780367851257324,16.513290405273438,20.378524780273438,24.895309448242188,28.217529296875,30.438426971435547,30.109424591064453,29.217857360839844,29.074237823486328,29.143749237060547,29.482276916503906,31.620683670043945,34.162208557128906,36.39352798461914,38.89598083496094,42.36497497558594,43.14703369140625,37.96879959106445,28.563037872314453,26.70067024230957,29.687021255493164,27.56268310546875,29.38384246826172,28.69675064086914,28.322847366333008,31.87302589416504,35.4219970703125,36.06513214111328,35.65241241455078,33.27014923095703,31.15728759765625,32.8395881652832,36.16238784790039,35.70997619628906,34.110084533691406
15.686287879943848,15.008174896240234,15.919325828552246,17.170061111450195,18.56842041015625,18.168193817138672,16.806964874267578,14.657784461975098,13.305033683776855,14.406230926513672,18.60075569152832,22.970569610595703,26.705066680908203,31.66132926940918,37.284210205078125,37.86243438720703,35.93696212768555,35.69240188598633,38.38224792480469,40.57390594482422,41.19731140136719,40.73092269897461,38.831050872802734,37.15755844116211,37.80769348144531,39.13954544067383,35.35237121582031,26.9866886138916,27.94932746887207,32.71027374267578,31.671550750732422,28.9866943359375,32.36640548706055,38.38397216796875,38.411827087402344,34.987518310546875,33.60749053955078,35.28514099121094,35.40072250366211,33.032447814941406,32.47944259643555,34.155948638916016,35.16498565673828,31.515777587890625
14.611538887023926,16.088106155395508,16.34756088256836,15.58496379852295,14.68425178527832,14.446794509887695,14.405177116394043,13.874593734741211,14.824082374572754,18.218063354492188,23.473630905151367,26.674489974975586,28.585447311401367,33.53498458862305,39.90121841430664,44.42438507080078,45.4892578125,43.237335205078125,43.88814163208008,45.83946228027344,45.616390228271484,45.608978271484375,39.011474609375,33.11183547973633,32.2420654296875,32.47968673706055,33.273075103759766,35.526798248291016,38.31816101074219,38.923095703125,40.26631546020508,42.62618637084961,48.91194152832031,47.520206451416016,37.84727478027344,34.84823226928711,38.76482009887695,41.122840881347656,38.743865966796875,35.421913146972656,34.546730041503906,34.612754821777344,35.25728988647461,32.9807014465332
15.132874488830566,13.93699836730957,12.998294830322266,13.249581336975098,14.304224967956543,16.91730308532715,18.127241134643555,18.402015686035156,19.010278701782227,22.73188018798828,28.454418182373047,32.694091796875,34.334774017333984,36.88376235961914,40.43247985839844,44.19892120361328,48.50998306274414,47.40058517456055,44.193668365478516,45.095882415771484,46.69537353515625,44.865291595458984,42.983882904052734,41.53510284423828,42.000396728515625,45.16705322265625,48.533164978027344,49.406375885009766,48.49563980102539,47.90576171875,47.90740203857422,49.99147033691406,51.84323501586914,48.92644119262695,47.54037094116211,48.60573959350586,47.435707092285156,42.393714904785156,35.462730407714844,33.9000129699707,36.00249099731445,37.09481430053711,40.25291442871094,39.20208740234375
15.261119842529297,13.92941951751709,14.489973068237305,15.399845123291016,16.50507164001465,18.67927360534668,19.519454956054688,18.838886260986328,20.27277946472168,24.40629768371582,29.979278564453125,35.103729248046875,38.71015930175781,41.33967971801758,42.56714630126953,44.08816146850586,47.848365783691406,49.765865325927734,44.78046417236328,42.1104736328125,42.59746551513672,42.09036636352539,40.49440383911133,40.051300048828125,41.44757080078125,43.43355941772461,45.747215270996094,48.44014358520508,48.89425277709961,46.88800811767578,46.109920501708984,46.492042541503906,45.97858810424805,46.11482238769531,46.41398620605469,43.11278533935547,36.983863830566406,32.301856994628906,29.6453857421875,30.128047943115234,33.737510681152344,38.7371826171875,42.43244552612305,41.49376678466797
14.995943069458008,17.50819969177246,19.60569953918457,18.193710327148438,14.917658805847168,14.537364959716797,16.443771362304688,19.641666412353516,23.77284049987793,26.901416778564453,29.57313346862793,33.23656463623047,38.575775146484375,42.80685806274414,44.512542724609375,45.04774475097656,46.72502517700195,47.72878646850586,43.201812744140625,38.747920989990234,38.54405975341797,39.50307083129883,39.37328338623047,39.576515197753906,41.33489990234375,43.48289108276367,45.54264831542969,47.60689926147461,47.6848258972168,46.13015365600586,45.505828857421875,45.174407958984375,44.01984786987305,42.663822174072266,39.954864501953125,36.4564208984375,34.14533615112305,33.033302307128906,32.101104736328125,32.665767669677734,35.240013122558594,38.370460510253906,41.126224517822266,43.541725158691406
15.13308048248291,15.276527404785156,16.93882179260254,15.798274993896484,12.099140167236328,12.96135425567627,20.797348022460938,30.589954376220703,35.99790954589844,35.965049743652344,34.10845184326172,34.3564338684082,37.91503143310547,42.2950439453125,45.497501373291016,45.35723876953125,44.06288146972656,42.117530822753906,38.84537887573242,36.769840240478516,38.23265838623047,40.14286422729492,41.02666473388672,42.462974548339844,44.55464553833008,46.21433639526367,46.79601287841797,46.63093566894531,45.57202911376953,43.71455764770508,42.57880401611328,41.56319808959961,39.463985443115234,37.84108352661133,35.519840240478516,32.96841049194336,31.949661254882812,32.1383056640625,31.487585067749023,31.729156494140625,35.27131652832031,36.37154769897461,34.287750244140625,33.893856048583984
13.395796775817871,11.109213829040527,12.126144409179688,13.617409706115723,15.888300895690918,21.546476364135742,31.370866775512695,40.62299346923828,44.006587982177734,41.614356994628906,37.90325927734375,37.94703674316406,41.14241409301758,44.82268142700195,46.39292907714844,43.761878967285156,39.43729019165039,36.433860778808594,35.35623550415039,37.02168273925781,40.51946258544922,43.373939514160156,45.26287078857422,46.92543029785156,47.18031692504883,46.42338943481445,45.518856048583984,43.89610290527344,41.76018524169922,40.231876373291016,39.87107467651367,39.00031661987305,36.71541213989258,35.3105583190918,35.12256622314453,34.39076614379883,33.23312759399414,31.74883270263672,30.579368591308594,31.234142303466797,32.64433288574219,34.02420425415039,35.23065948486328,36.525840759277344
