data/wind_data/wind_9_2.json
{"header": {"parameterUnit": "KT", "parameterCategory": 2, "nx": 256, "ny": 198, "lo1": 44.73521041870117, "la1": -3.236724853515625, "lo2": 111.26478576660156, "la2": 43.468475341796875, "dx": 0.2609002888202667, "dy": -0.23708222806453705, "refTime": "2025-02-19 09:00:00", "forecastTime": 0, "parameterNumber": 2, "parameterNumberName": "eastward_wind"}, "data":
[rows 114 to 132 of 198, columns 129 to 171 of 256]
1.3941181898117065,1.2462824583053589,0.559363067150116,0.4470427334308624,0.9066093564033508,1.3740025758743286,1.9271682500839233,2.6416327953338623,3.1710712909698486,3.578037738800049,3.5592904090881348,3.9682934284210205,3.427351713180542,3.0892632007598877,3.3312082290649414,3.3003125190734863,3.4345479011535645,3.1658687591552734,3.1525399684906006,3.395289659500122,3.427067279815674,3.6175334453582764,4.05535888671875,4.154239177703857,4.591090202331543,4.547997951507568,4.304641246795654,4.604445934295654,5.6955647468566895,5.899067401885986,6.094902992248535,5.783676624298096,5.518162727355957,5.1077446937561035,5.650087356567383,6.344564914703369,6.9473090171813965,7.623082637786865,8.019664764404297,8.325973510742188,8.706132888793945,9.14674186706543,9.791077613830566
1.3133013248443604,1.957659363746643,1.6596769094467163,1.5709295272827148,1.9049489498138428,2.4052345752716064,2.7565886974334717,3.192044496536255,3.6099846363067627,3.9485867023468018,4.138539791107178,4.105201244354248,4.3470964431762695,3.888030529022217,3.2684988975524902,3.2948098182678223,3.2410974502563477,3.396224021911621,3.6378371715545654,3.5551509857177734,3.7595880031585693,3.8242692947387695,3.9877026081085205,4.640334129333496,5.239012241363525,5.5110039710998535,5.812389373779297,6.254938125610352,6.576455116271973,6.547389030456543,6.678558826446533,6.728882789611816,6.849118709564209,6.442612171173096,6.9516730308532715,7.353355407714844,7.997780799865723,8.480602264404297,8.951021194458008,9.073095321655273,9.170886993408203,9.455512046813965,9.560027122497559
2.3029778003692627,2.3141112327575684,2.546895980834961,2.8675856590270996,3.178934097290039,3.343702793121338,3.259009599685669,3.2529942989349365,3.4542126655578613,3.9953413009643555,4.429781913757324,4.619502067565918,4.489923477172852,3.9815332889556885,3.6064722537994385,3.7053592205047607,3.6497790813446045,4.00952672958374,4.137361526489258,4.16456937789917,4.441961288452148,4.4257001876831055,4.705244064331055,5.601964473724365,6.281853199005127,6.580610275268555,6.964393138885498,7.222160339355469,7.262934684753418,7.324381351470947,7.4882612228393555,7.6681108474731445,7.907668113708496,8.001041412353516,8.07696533203125,8.653725624084473,9.267121315002441,9.565781593322754,9.132438659667969,8.402181625366211,7.772599220275879,7.645333766937256,7.610230922698975
5.5184173583984375,4.173025608062744,3.889075994491577,4.288314342498779,4.505055904388428,3.8203794956207275,3.007660388946533,3.0654335021972656,3.3331005573272705,3.880275249481201,4.35684061050415,4.753407955169678,4.720091819763184,4.446547508239746,4.404372692108154,4.616016387939453,4.537296295166016,4.769426345825195,4.856699466705322,5.276546001434326,5.952907562255859,5.8006978034973145,5.865760326385498,6.710737228393555,7.487880229949951,7.914467811584473,7.970091342926025,7.961005210876465,7.7565765380859375,8.075078964233398,8.449224472045898,9.016023635864258,9.462431907653809,9.151127815246582,9.0610933303833,9.827754020690918,10.16754150390625,9.734953880310059,8.06049919128418,6.765899658203125,5.562744617462158,4.714781761169434,4.447315692901611
5.228582382202148,4.347573757171631,4.1885881423950195,4.74415922164917,4.618636131286621,4.059617519378662,3.7072999477386475,4.0166707038879395,4.4345598220825195,4.8596415519714355,5.492776393890381,5.483886241912842,5.38539981842041,5.288171291351318,5.291846752166748,5.543116569519043,5.713476181030273,5.929580211639404,6.246256351470947,6.907095909118652,7.378692150115967,7.0947370529174805,7.233249664306641,7.931037902832031,8.384254455566406,8.66873836517334,8.331138610839844,8.011096954345703,8.09384536743164,8.959697723388672,9.657793998718262,10.70300579071045,10.672889709472656,9.04511833190918,8.966896057128906,9.980120658874512,8.886730194091797,6.311026096343994,4.742700576782227,3.5638840198516846,3.74398136138916,3.854872703552246,3.1922411918640137
5.074853897094727,4.8458781242370605,4.721490859985352,5.231429100036621,5.0995025634765625,5.031740188598633,5.277612686157227,5.657196521759033,6.160916805267334,6.525394916534424,6.904021739959717,7.216512203216553,6.940717697143555,6.4960551261901855,6.463778018951416,6.594855785369873,6.354188919067383,6.462853908538818,7.2108964920043945,7.9458770751953125,8.034089088439941,7.809353828430176,7.7177605628967285,8.238500595092773,8.232524871826172,8.135251998901367,7.289919853210449,7.74357795715332,8.317734718322754,9.071578025817871,10.879301071166992,12.447139739990234,12.63879108428955,9.37140941619873,8.641012191772461,8.399627685546875,6.754814624786377,5.232269287109375,1.359220027923584,2.586278200149536,3.375551700592041,4.023755073547363,6.974752426147461
6.875494003295898,5.686644077301025,4.889867305755615,5.188899993896484,5.68751335144043,6.207695007324219,6.64143705368042,7.134187698364258,7.444591045379639,7.822909832000732,8.144917488098145,8.218792915344238,8.000598907470703,7.942526340484619,8.002930641174316,7.845595359802246,7.326882362365723,7.21965217590332,7.718278884887695,8.197927474975586,8.255406379699707,7.845088481903076,7.150680065155029,7.0065531730651855,6.599941253662109,6.015397548675537,5.798752307891846,7.574000358581543,9.198298454284668,10.340378761291504,11.55620288848877,12.584749221801758,12.332284927368164,10.50098991394043,8.116704940795898,7.858992099761963,11.65210247039795,8.610207557678223,3.6641197204589844,4.167357921600342,7.163041114807129,10.910019874572754,9.742446899414062
6.451770305633545,5.370671272277832,4.9247846603393555,5.426504135131836,6.240029811859131,7.032589912414551,7.628188610076904,8.201371192932129,8.541154861450195,8.734841346740723,8.646400451660156,8.731915473937988,8.997225761413574,9.375718116760254,9.364249229431152,9.023402214050293,8.590678215026855,8.500513076782227,8.541703224182129,8.35987663269043,6.993081569671631,5.8434672355651855,4.991222381591797,4.808163642883301,5.0013933181762695,5.310427665710449,7.243834495544434,8.051855087280273,8.782089233398438,8.713091850280762,9.803160667419434,11.187250137329102,12.725061416625977,9.514608383178711,5.161278247833252,8.693347930908203,13.866800308227539,18.042593002319336,8.709628105163574,2.606123924255371,9.131905555725098,21.715524673461914,27.356163024902344
5.0320539474487305,4.709620952606201,5.021050453186035,5.863841533660889,6.658100128173828,7.583865642547607,8.65503215789795,9.054834365844727,9.212130546569824,9.159184455871582,9.00071907043457,9.121223449707031,9.655335426330566,10.210630416870117,9.728789329528809,8.904044151306152,9.008625984191895,9.237728118896484,9.23114013671875,7.555012226104736,6.071471691131592,4.282120704650879,4.314781665802002,3.9415483474731445,5.190995693206787,5.334770679473877,5.971370220184326,6.512640476226807,7.203273296356201,6.819985866546631,9.234644889831543,12.985286712646484,16.276538848876953,16.695220947265625,10.829058647155762,6.294447422027588,5.170131206512451,16.95296859741211,21.55876922607422,14.284311294555664,16.853424072265625,24.283424377441406,24.754135131835938
6.146433353424072,6.147227764129639,5.610101222991943,5.758860111236572,6.950798511505127,8.657402992248535,9.72043514251709,10.196608543395996,10.498186111450195,10.47528076171875,10.26852798461914,10.149775505065918,10.720786094665527,9.977422714233398,8.913371086120605,8.999598503112793,10.005294799804688,9.555852890014648,8.599586486816406,6.950411319732666,4.643473148345947,2.630692481994629,2.629098653793335,4.0766520500183105,5.546170711517334,7.236762046813965,8.134556770324707,6.420923233032227,5.280453681945801,7.455321311950684,7.740408420562744,11.02718448638916,17.884187698364258,22.799945831298828,11.188922882080078,0.26397737860679626,8.500871658325195,16.965158462524414,16.48935890197754,12.234844207763672,17.91727638244629,23.813623428344727,16.787317276000977
6.881913661956787,6.986721992492676,6.711319923400879,6.9756059646606445,8.202218055725098,9.933660507202148,10.718626976013184,11.29059886932373,10.973733901977539,10.637126922607422,10.5556058883667,10.097864151000977,9.082419395446777,8.001975059509277,8.048157691955566,9.111946105957031,9.34025764465332,7.934802532196045,7.345720291137695,6.435965061187744,3.414968490600586,-1.5242334604263306,1.4525785446166992,2.682105541229248,4.903802871704102,5.571885108947754,6.584405422210693,5.703109264373779,7.7590012550354,6.105050086975098,7.942267894744873,22.097217559814453,35.638912200927734,31.09532356262207,10.513500213623047,6.140820503234863,18.008806228637695,21.901700973510742,19.40630531311035,17.970361709594727,16.881593704223633,21.56245231628418,18.73517417907715
8.140728950500488,7.913221836090088,7.863739490509033,8.296551704406738,9.82837200164795,10.562186241149902,11.203348159790039,11.040389060974121,10.681985855102539,9.677614212036133,9.20033073425293,7.697762489318848,6.706616401672363,6.593791961669922,7.392032146453857,8.128762245178223,7.154843807220459,7.444273471832275,5.617914199829102,3.9737226963043213,4.4535813331604,5.805368423461914,4.758613586425781,4.067654132843018,4.213385581970215,2.5307929515838623,1.713005781173706,1.0338681936264038,14.818754196166992,18.331979751586914,16.764293670654297,19.265615463256836,22.71823501586914,25.927358627319336,14.970977783203125,8.415436744689941,12.318419456481934,15.72326946258545,17.77724838256836,19.8922119140625,23.423152923583984,21.44923973083496,23.09891128540039
8.869473457336426,8.781515121459961,8.802440643310547,8.592436790466309,10.072813987731934,10.445002555847168,10.0234375,9.458089828491211,8.816070556640625,7.913900375366211,7.121467113494873,5.188688278198242,4.518024444580078,5.822543621063232,7.158420085906982,7.91144323348999,8.123527526855469,10.874650001525879,12.075712203979492,9.155693054199219,7.257472038269043,8.333541870117188,8.161930084228516,10.409934997558594,12.27562427520752,13.180736541748047,7.880034446716309,15.1041898727417,28.427568435668945,29.162109375,24.852455139160156,22.938343048095703,21.056278228759766,19.36855697631836,17.613479614257812,17.057863235473633,18.7277889251709,21.51521110534668,22.816396713256836,22.631507873535156,22.308767318725586,21.459423065185547,20.35575294494629
10.012613296508789,10.138671875,9.467439651489258,8.476998329162598,8.346047401428223,8.080222129821777,7.79801082611084,8.211479187011719,7.150202751159668,5.816329479217529,4.867396831512451,4.043152809143066,4.44320821762085,6.379190444946289,6.367734432220459,6.507462978363037,8.417905807495117,9.654016494750977,16.77789878845215,18.70886993408203,11.690958976745605,8.20682430267334,16.2296085357666,20.40266227722168,16.064651489257812,15.837711334228516,14.629453659057617,17.717073440551758,23.48175048828125,25.015697479248047,20.66303062438965,17.94193458557129,18.95460319519043,18.82745933532715,19.109676361083984,21.783729553222656,23.780202865600586,22.68838882446289,20.877286911010742,19.619237899780273,20.346471786499023,20.690073013305664,21.018680572509766
10.787275314331055,9.618395805358887,8.471067428588867,7.028931140899658,6.412996292114258,5.506187915802002,5.558711528778076,5.404770851135254,6.531854152679443,6.074540615081787,4.117214202880859,3.421912670135498,6.139310359954834,7.059816360473633,6.172611236572266,5.759292125701904,7.478002548217773,10.249804496765137,10.918055534362793,17.73822784423828,19.998470306396484,19.816835403442383,25.29613494873047,30.974498748779297,32.541683197021484,33.22288513183594,31.407453536987305,25.45902442932129,21.091548919677734,19.55855369567871,19.040468215942383,16.952077865600586,19.113445281982422,21.536243438720703,24.15682601928711,23.86722755432129,19.924922943115234,17.938318252563477,18.60666847229004,20.046802520751953,21.84162712097168,21.604825973510742,20.922855377197266
8.627254486083984,7.587316036224365,6.141317367553711,4.7945661544799805,4.376318454742432,5.788094997406006,6.5925140380859375,4.030329704284668,6.114536285400391,6.863622665405273,4.187946319580078,3.8382811546325684,6.5899810791015625,7.432703018188477,8.354132652282715,10.947403907775879,12.65558910369873,14.158990859985352,16.204883575439453,20.398881912231445,27.071590423583984,29.445554733276367,31.49333953857422,33.9372673034668,34.24858474731445,32.72272872924805,29.575857162475586,30.629337310791016,25.183612823486328,20.20673942565918,19.912033081054688,18.92332649230957,20.328296661376953,23.58367156982422,23.90764617919922,20.99880599975586,18.214845657348633,19.260887145996094,19.69965362548828,19.09093475341797,19.109418869018555,18.788087844848633,19.076913833618164
5.461851596832275,3.9832499027252197,3.1410627365112305,5.012231349945068,4.696267604827881,4.300773620605469,4.486217498779297,2.984482526779175,6.511673927307129,8.501532554626465,6.645712375640869,7.212765216827393,8.1865873336792,9.05689525604248,10.213956832885742,13.873390197753906,17.284061431884766,20.14533042907715,21.838741302490234,26.295761108398438,32.547157287597656,34.109954833984375,32.15146255493164,31.558462142944336,29.828819274902344,28.102458953857422,25.514957427978516,25.293493270874023,24.591089248657227,21.27060890197754,19.054424285888672,19.971635818481445,24.122669219970703,24.982023239135742,22.61090087890625,19.395755767822266,17.29144287109375,17.333141326904297,18.774290084838867,20.279640197753906,21.15861701965332,21.008676528930664,20.43731117248535
3.2714719772338867,3.5962750911712646,3.4758429527282715,3.3657548427581787,5.702304840087891,6.4804582595825195,1.4484957456588745,3.109198570251465,6.452844619750977,7.102352142333984,8.050667762756348,10.970796585083008,8.521385192871094,7.4185566902160645,7.374876499176025,9.506314277648926,12.344278335571289,20.791357040405273,28.414945602416992,31.298391342163086,33.39789962768555,33.803524017333984,31.741479873657227,30.739416122436523,29.27509880065918,27.96432876586914,26.84685707092285,25.375019073486328,24.02547264099121,22.97804069519043,23.44605827331543,25.439218521118164,25.76349449157715,22.675479888916016,19.657548904418945,17.219213485717773,18.00089454650879,20.413850784301758,21.87888526916504,22.20536231994629,20.820613861083984,18.77475357055664,17.6206111907959
3.9091804027557373,4.8979949951171875,5.21472692489624,4.828266143798828,4.02040433883667,2.0136570930480957,1.121989130973816,3.8569869995117188,6.5972676277160645,2.6966350078582764,1.366140604019165,7.942193031311035,7.769529819488525,0.657317578792572,0.36329197883605957,6.547727108001709,18.576923370361328,29.666889190673828,34.63847732543945,31.600221633911133,30.958751678466797,30.10675048828125,28.093852996826172,26.883724212646484,26.902976989746094,26.291044235229492,26.428260803222656,24.68454360961914,23.29781150817871,23.01405143737793,24.14105224609375,23.45060920715332,21.0427303314209,17.812288284301758,16.233272552490234,17.102476119995117,19.637163162231445,22.38621711730957,22.215831756591797,20.98708152770996,18.672683715820312,18.39788246154785,18.954185485839844
