data/wind_data/wind_33_1.json
{"header": {"parameterUnit": "KT", "parameterCategory": 2, "nx": 256, "ny": 198, "lo1": 44.73521041870117, "la1": -3.236724853515625, "lo2": 111.26478576660156, "la2": 43.468475341796875, "dx": 0.2609002888202667, "dy": -0.23708222806453705, "refTime": "2025-02-20 09:00:00", "forecastTime": 0, "parameterNumber": 2, "parameterNumberName": "eastward_wind"}, "data":
[rows 152 to 170 of 198, columns 0 to 42 of 256]
0.7909283638000488,0.10804647207260132,0.7082455158233643,2.406642436981201,2.923386812210083,4.721735954284668,3.1416513919830322,-1.1730587482452393,-0.925997257232666,-0.8820413947105408,1.624201774597168,1.3655002117156982,2.767888307571411,5.249402046203613,4.411721706390381,4.079039573669434,5.535512924194336,5.564079761505127,7.303977012634277,5.02885103225708,4.957462310791016,6.021261215209961,1.452587604522705,0.9244722723960876,0.7812693119049072,-1.0502687692642212,-3.278472661972046,-2.2312166690826416,-4.476949214935303,-6.251328468322754,-6.116123676300049,-6.755085468292236,-7.474511623382568,-9.579155921936035,-12.598645210266113,-14.784477233886719,-15.062644004821777,-16.827281951904297,-17.99847412109375,-16.626243591308594,-15.38978385925293,-12.962590217590332,-11.902376174926758
-0.2604573369026184,0.4956466853618622,1.9567185640335083,3.834137201309204,4.1111578941345215,6.208533763885498,4.2913994789123535,-2.565256118774414,-0.5084779262542725,-0.8269141316413879,1.1846153736114502,2.7831408977508545,3.4923198223114014,5.128822326660156,4.584206581115723,5.15040397644043,7.260685920715332,5.848996162414551,5.624693870544434,4.020054817199707,5.935586452484131,1.391637921333313,-3.5926287174224854,-2.72267484664917,-1.7951552867889404,-5.295984745025635,-4.5092878341674805,-5.174506187438965,-6.424686431884766,-8.476310729980469,-9.873801231384277,-11.058621406555176,-12.183412551879883,-14.193532943725586,-16.66676902770996,-18.667678833007812,-19.387401580810547,-19.47065544128418,-17.800233840942383,-15.943047523498535,-14.804747581481934,-13.031942367553711,-10.153117179870605
-0.7747595310211182,0.6589521169662476,2.1963491439819336,4.364686489105225,3.721096992492676,7.90410041809082,6.153954029083252,-2.6878387928009033,0.199614018201828,-0.5845394730567932,0.4550638794898987,1.807089924812317,1.5224813222885132,3.2497293949127197,3.124890089035034,4.510883808135986,1.6507575511932373,4.510117530822754,0.9271214008331299,-1.165844202041626,-1.9257491827011108,-4.765974998474121,-4.369655132293701,-4.228606224060059,-7.225203514099121,-7.799905300140381,-7.176197052001953,-8.86987590789795,-9.914942741394043,-12.007100105285645,-12.877354621887207,-13.248122215270996,-14.8859224319458,-17.118928909301758,-18.813373565673828,-19.87745475769043,-20.249046325683594,-19.515443801879883,-17.143712997436523,-14.676023483276367,-12.777873039245605,-11.66555404663086,-10.298340797424316
-1.034501075744629,1.0385899543762207,2.350095748901367,4.41298246383667,4.402953624725342,7.024971961975098,5.892661094665527,-1.7087229490280151,1.6325255632400513,0.08771273493766785,1.4262945652008057,-0.05687731131911278,-0.2725876271724701,0.6499893665313721,0.8562963604927063,-2.6597816944122314,-3.213174343109131,-3.4666900634765625,-7.592716217041016,-7.257290363311768,-6.264717102050781,-6.312182903289795,-5.171013355255127,-6.330790042877197,-7.2793731689453125,-6.892062664031982,-7.205731391906738,-11.097763061523438,-13.58397388458252,-15.650808334350586,-15.673501968383789,-14.839460372924805,-15.63611125946045,-17.481901168823242,-19.110567092895508,-19.656509399414062,-19.955493927001953,-18.489673614501953,-16.097244262695312,-13.707826614379883,-11.394044876098633,-9.989949226379395,-9.34836196899414
-1.1021095514297485,1.5769578218460083,3.1373343467712402,4.496726036071777,4.233834266662598,4.959268569946289,6.705399990081787,0.9684373140335083,1.9181793928146362,2.9661872386932373,0.37476199865341187,-0.02196788601577282,-0.8102058172225952,-2.034306287765503,-3.092339515686035,-4.694847583770752,-5.669641971588135,-7.896652698516846,-8.921599388122559,-7.407656192779541,-5.843662738800049,-6.366546154022217,-5.460194110870361,-6.134708881378174,-6.731422424316406,-4.828005790710449,-5.349517345428467,-10.091996192932129,-15.083836555480957,-18.344928741455078,-20.356006622314453,-19.469074249267578,-16.404499053955078,-16.027175903320312,-18.0804386138916,-18.939517974853516,-17.752525329589844,-16.091392517089844,-13.129620552062988,-11.361014366149902,-10.418387413024902,-9.59592342376709,-8.301728248596191
-0.9425215721130371,1.7885087728500366,3.996145725250244,4.29920768737793,2.9858245849609375,3.5881259441375732,7.45847749710083,2.0586578845977783,0.9626272916793823,3.9908549785614014,-0.8381973505020142,-0.8725892305374146,-1.397314190864563,-3.3944807052612305,-4.936047077178955,-6.6733717918396,-6.925640106201172,-6.617740631103516,-5.72361421585083,-4.337285041809082,-4.604401588439941,-7.1636128425598145,-6.7622270584106445,-7.14924430847168,-5.311921119689941,-2.78395414352417,-2.061957836151123,-3.557147741317749,-9.352129936218262,-15.124494552612305,-18.434707641601562,-19.125469207763672,-15.813669204711914,-12.466412544250488,-13.505202293395996,-15.239222526550293,-12.714418411254883,-11.315194129943848,-9.799964904785156,-9.223733901977539,-9.304802894592285,-9.246807098388672,-7.385767936706543
-0.7144805192947388,1.619063138961792,4.5513916015625,5.262418270111084,2.864842414855957,3.727116107940674,6.307589530944824,1.4866262674331665,-0.25260359048843384,2.396353006362915,-1.0856739282608032,-1.391930341720581,-0.8320748209953308,-2.7889974117279053,-5.5604681968688965,-6.822180271148682,-5.235009670257568,-2.058602809906006,-1.3508992195129395,-2.3956692218780518,-6.345403671264648,-8.543502807617188,-8.46501350402832,-6.937049865722656,-3.870485782623291,-3.2585067749023438,-4.084573268890381,-3.214111089706421,-7.862194538116455,-11.850005149841309,-10.53610610961914,-12.880582809448242,-12.68779468536377,-10.163623809814453,-9.642784118652344,-10.981953620910645,-10.388816833496094,-8.569805145263672,-7.46451473236084,-7.567559719085693,-7.839627265930176,-9.59583568572998,-6.535366058349609
0.9132736325263977,1.2380969524383545,4.614566326141357,6.2783427238464355,5.3853349685668945,3.877146005630493,4.763205528259277,2.288926124572754,1.5004311800003052,1.071683406829834,-1.2394837141036987,-0.6008738279342651,-0.020325515419244766,-1.9146921634674072,-4.704546928405762,-4.493038654327393,-2.9196653366088867,-2.057872772216797,-3.282470941543579,-5.036525726318359,-8.939484596252441,-8.23876953125,-6.65633487701416,-6.911752223968506,-9.920413970947266,-13.05190372467041,-11.681015968322754,-8.579480171203613,-5.968780040740967,-2.774296998977661,-3.933868646621704,-6.0930376052856445,-9.273296356201172,-10.546419143676758,-7.7301483154296875,-8.576887130737305,-10.04721450805664,-6.64888334274292,-5.3845953941345215,-4.284444332122803,-8.384119987487793,-8.842913627624512,-5.898731231689453
0.9617486596107483,1.303171992301941,5.9000773429870605,7.596475124359131,8.51544189453125,5.55211067199707,4.339054584503174,2.703934907913208,0.6753021478652954,-1.7565419673919678,-1.9725219011306763,-0.6209131479263306,0.4895249009132385,-1.612412452697754,-2.8062586784362793,-2.9569284915924072,-4.53062629699707,-5.524866104125977,-6.525935649871826,-8.126261711120605,-8.272315979003906,-5.153750896453857,-5.249529838562012,-8.006884574890137,-11.302261352539062,-10.624612808227539,-9.345663070678711,-3.9279558658599854,1.816800594329834,-2.5247623920440674,-5.062930107116699,-5.169699192047119,-3.7590267658233643,-0.4328761100769043,-4.265212535858154,-9.854018211364746,-10.453011512756348,-7.724274158477783,-5.797362804412842,-1.6769778728485107,-3.716881275177002,-6.248895645141602,-4.1943678855896
-1.3077683448791504,3.539339303970337,7.659763813018799,10.100518226623535,11.008363723754883,6.947793960571289,3.0347392559051514,1.1090394258499146,-2.238626718521118,-4.622523784637451,-3.2971677780151367,-0.23522436618804932,-1.5084797143936157,-2.524639844894409,-1.7842594385147095,-3.788630723953247,-6.67381477355957,-7.065786361694336,-7.741513252258301,-6.942995071411133,-6.093906402587891,-2.604978084564209,-3.2417960166931152,-6.504594802856445,-3.1833908557891846,-3.1727817058563232,-4.244963645935059,-2.645869016647339,-3.677809000015259,-2.918544292449951,1.0761018991470337,3.3374640941619873,4.517322063446045,3.3798294067382812,4.880559921264648,-5.486429214477539,-10.201831817626953,-5.9739837646484375,-3.6259541511535645,-1.7792869806289673,2.0839595794677734,-1.5276933908462524,-1.7201142311096191
-4.343809127807617,2.752290964126587,7.301777362823486,9.388641357421875,10.961831092834473,5.6104230880737305,1.1938289403915405,-1.0614351034164429,-4.06577730178833,-4.106043815612793,-2.3319907188415527,1.4843028783798218,-1.3495341539382935,-2.3738605976104736,-2.566683292388916,-4.84332799911499,-6.138843536376953,-3.553650140762329,-2.414944648742676,2.3571412563323975,-0.665616512298584,-2.6745657920837402,1.9909824132919312,1.2440245151519775,-3.6547720432281494,-3.664092779159546,0.24192838370800018,2.986771583557129,7.2514543533325195,10.313651084899902,10.95945930480957,10.766504287719727,10.450225830078125,7.286503314971924,7.779417037963867,2.2178409099578857,-4.112051963806152,-4.563960075378418,1.7447491884231567,2.9559624195098877,2.210777997970581,2.6946303844451904,0.9592339992523193
-2.523123025894165,3.1594300270080566,7.902363300323486,8.3043794631958,8.620309829711914,3.6109042167663574,-0.48367810249328613,-2.978647232055664,-2.956117630004883,-0.2860633134841919,1.8573311567306519,2.9085640907287598,-1.9030522108078003,-2.471583127975464,-5.973226070404053,-6.509354114532471,-5.614902496337891,-5.974936485290527,-3.570683479309082,2.2091195583343506,2.2694337368011475,2.3651397228240967,0.7154167890548706,-5.317867279052734,-1.9595829248428345,1.645296573638916,5.039947032928467,10.946261405944824,16.769712448120117,17.890430450439453,16.395368576049805,13.189980506896973,12.430023193359375,11.56386661529541,11.757148742675781,8.978343963623047,5.323819160461426,1.9109755754470825,2.101541757583618,3.029127597808838,1.594817042350769,2.8909835815429688,-0.45588579773902893
1.4731073379516602,6.074140548706055,7.807012557983398,6.852712154388428,4.884626865386963,0.920307993888855,-2.2477288246154785,-1.61509108543396,1.6857715845108032,6.7980756759643555,2.9406609535217285,-0.15619441866874695,-2.1063954830169678,-3.8888683319091797,-9.836215019226074,-8.480502128601074,-7.319324493408203,-6.4180908203125,-1.6537880897521973,2.2617135047912598,2.2397005558013916,-1.4998301267623901,-2.894558906555176,-3.140444278717041,-0.42371752858161926,2.8277742862701416,5.101448059082031,6.283812522888184,7.822531700134277,8.221305847167969,7.537638187408447,7.459316253662109,7.493321418762207,8.46254825592041,12.065961837768555,12.07909107208252,12.369206428527832,10.690362930297852,6.077138423919678,4.579509735107422,3.2941079139709473,2.874807357788086,-0.8826612234115601
3.6540963649749756,7.302013397216797,5.828117370605469,3.4960007667541504,-0.6127152442932129,-1.1577752828598022,-1.8328191041946411,1.7654857635498047,7.1753411293029785,3.67913556098938,-4.906119346618652,-5.352932929992676,-5.044707775115967,-9.166109085083008,-12.542829513549805,-9.66323471069336,-8.25318717956543,-6.35617208480835,1.7842937707901,4.779266357421875,5.0243377685546875,-0.7959754467010498,-4.408641338348389,-2.0823309421539307,-2.2244677543640137,-2.060833215713501,-0.13444948196411133,-0.04766992852091789,-0.04876548796892166,-0.22848527133464813,-0.16529890894889832,0.9115933775901794,2.3575196266174316,3.9796600341796875,7.377766132354736,6.324860572814941,9.589677810668945,10.458653450012207,7.547417163848877,6.283015251159668,6.549190044403076,7.37525749206543,1.4706164598464966
3.1331396102905273,5.761450290679932,2.67616605758667,-1.0491288900375366,-7.653905391693115,-3.769536256790161,-1.6112918853759766,3.5686793327331543,2.273285388946533,-5.970681667327881,-9.608345031738281,-8.750945091247559,-8.683907508850098,-12.491551399230957,-13.096800804138184,-10.758034706115723,-6.847580909729004,-5.439363479614258,5.94223165512085,8.55910587310791,1.4142557382583618,-4.081193447113037,-6.612934589385986,-5.733556747436523,-3.9596683979034424,-1.6050082445144653,0.10101035982370377,0.18151485919952393,-0.15892818570137024,-0.8780121803283691,-1.3910670280456543,-1.6724793910980225,-0.6060958504676819,0.4504165053367615,2.001748561859131,3.2197630405426025,6.684859752655029,7.224396228790283,5.331398010253906,6.880721569061279,2.798739433288574,8.603071212768555,7.772644996643066
1.687783122062683,2.1154065132141113,-1.489931344985962,-4.11825704574585,-10.890400886535645,-7.266473770141602,-3.9564425945281982,3.3121814727783203,-0.5994951128959656,-7.108548641204834,-10.937346458435059,-10.987908363342285,-10.189684867858887,-11.299788475036621,-12.503374099731445,-8.436873435974121,-5.053584575653076,-1.1813033819198608,9.538590431213379,2.2692031860351562,-7.56821870803833,-9.436836242675781,-8.127154350280762,-6.542869567871094,-4.241243362426758,-3.23519229888916,-2.1933224201202393,-2.101465940475464,-2.309270143508911,-1.9188376665115356,-2.0909957885742188,-2.472992420196533,-1.5490542650222778,-0.8364759683609009,1.5465339422225952,5.412224769592285,2.733299970626831,5.432920932769775,3.8386178016662598,4.321718215942383,3.1735386848449707,4.525607585906982,9.155782699584961
-0.7012342214584351,-0.9084142446517944,-2.921370267868042,-2.2594804763793945,-7.014492511749268,-5.34529447555542,-4.2590227127075195,5.706099510192871,-1.1287274360656738,-6.146975040435791,-10.477399826049805,-9.701140403747559,-7.593343257904053,-7.011997699737549,-9.378108978271484,-7.808082103729248,-4.5388593673706055,3.928433895111084,10.689595222473145,-4.776252746582031,-7.366616725921631,-9.88072395324707,-8.551671981811523,-7.481510639190674,-5.765255451202393,-4.488266944885254,-3.7397727966308594,-3.1184840202331543,-3.1874911785125732,-1.9881787300109863,-2.2435948848724365,-2.92386794090271,-2.368541955947876,-1.9380954504013062,1.365303874015808,5.105679035186768,3.136569023132324,3.9042344093322754,4.668734550476074,2.7805986404418945,4.887625217437744,3.4238343238830566,7.680381774902344
-3.306769609451294,-3.0384676456451416,-1.9593850374221802,2.222444772720337,-2.447335958480835,1.990424394607544,2.048379898071289,5.241019248962402,-4.380115985870361,-6.200174331665039,-9.560548782348633,-8.607163429260254,-4.560494422912598,-1.8152164220809937,-5.943756580352783,-8.597945213317871,-3.4813053607940674,6.63427734375,9.3778715133667,-5.012417793273926,-8.923656463623047,-10.827824592590332,-9.163578987121582,-8.039593696594238,-6.371486663818359,-5.834609031677246,-4.782491683959961,-3.571366548538208,-3.8778018951416016,-2.7063424587249756,-2.2911598682403564,-2.824761152267456,-1.8556416034698486,-1.212024450302124,1.5876336097717285,4.81703519821167,0.06713502109050751,3.9657812118530273,2.472669839859009,4.487765312194824,4.696023941040039,6.528162479400635,7.714300632476807
-3.836247205734253,-1.8214848041534424,-0.6104380488395691,1.940087914466858,-1.5563693046569824,3.8949525356292725,5.744899272918701,1.624518871307373,-4.369245529174805,-3.448932647705078,-5.998981952667236,-3.68247389793396,1.8073201179504395,-0.9244730472564697,-8.50189208984375,-12.132418632507324,-3.620053291320801,9.999258041381836,5.789587497711182,-9.398962020874023,-11.91374397277832,-12.771705627441406,-10.030155181884766,-8.211695671081543,-6.8833909034729,-6.325230121612549,-5.732792854309082,-3.6082351207733154,-3.6048238277435303,-3.8432698249816895,-2.4762091636657715,-2.6229701042175293,-0.8853222727775574,0.3111271858215332,2.264357089996338,2.9023587703704834,-3.4441580772399902,1.7051202058792114,2.08951735496521,4.5261921882629395,3.721590042114258,5.8995256423950195,6.837168216705322
