data/wind_data/wind_40_8.json
{"header": {"parameterUnit": "KT", "parameterCategory": 2, "nx": 256, "ny": 198, "lo1": 44.73521041870117, "la1": -3.236724853515625, "lo2": 111.26478576660156, "la2": 43.468475341796875, "dx": 0.2609002888202667, "dy": -0.23708222806453705, "refTime": "2025-02-20 16:00:00", "forecastTime": 0, "parameterNumber": 2, "parameterNumberName": "eastward_wind"}, "data":
[rows 95 to 113 of 198, columns 0 to 43 of 256]
34.12516784667969,28.11134147644043,27.12114715576172,25.7011775970459,22.846332550048828,20.873743057250977,19.925443649291992,19.916156768798828,20.29976463317871,19.7777156829834,18.31849479675293,17.60602569580078,18.50288963317871,19.819765090942383,19.677398681640625,18.25856590270996,17.378585815429688,17.97645378112793,19.349462509155273,20.303098678588867,20.40420150756836,20.008298873901367,19.473499298095703,19.28827667236328,19.836868286132812,21.001144409179688,22.068580627441406,22.457326889038086,22.10256004333496,21.221704483032227,20.060317993164062,18.687259674072266,17.543909072875977,17.382802963256836,17.99971580505371,18.683176040649414,19.3004150390625,19.955419540405273,20.726272583007812,21.844356536865234,23.339624404907227,24.836307525634766,25.895206451416016,25.427011489868164
35.81172180175781,34.06047821044922,33.34309768676758,29.713275909423828,26.63753890991211,24.280622482299805,22.765430450439453,22.1671199798584,21.55461883544922,20.544631958007812,19.750043869018555,19.908048629760742,20.902080535888672,21.816150665283203,21.354433059692383,19.585939407348633,18.540220260620117,19.46027946472168,21.638612747192383,23.741724014282227,24.667713165283203,24.39105224609375,23.489730834960938,22.428592681884766,21.792980194091797,22.148744583129883,23.266752243041992,24.15549659729004,23.996809005737305,22.750715255737305,21.10187530517578,19.684844970703125,18.86338233947754,18.9744873046875,19.670347213745117,20.419414520263672,21.104169845581055,21.29758644104004,21.074996948242188,21.558536529541016,23.238737106323242,25.259769439697266,26.65961265563965,26.46578598022461
37.25947570800781,37.64280700683594,36.926753997802734,32.624267578125,29.220172882080078,27.598358154296875,26.875598907470703,26.4803524017334,25.047447204589844,22.266822814941406,20.630657196044922,21.553434371948242,23.585548400878906,24.793888092041016,23.929351806640625,22.049760818481445,21.090606689453125,21.966957092285156,24.1048641204834,26.622482299804688,28.215787887573242,28.29197883605957,27.432828903198242,26.106199264526367,24.621408462524414,24.024518966674805,24.794050216674805,25.978809356689453,26.262813568115234,25.170801162719727,23.263992309570312,21.462749481201172,20.38863182067871,20.34587860107422,20.922481536865234,21.654420852661133,22.652198791503906,23.207033157348633,22.433612823486328,21.9738826751709,23.21282386779785,25.432453155517578,27.152555465698242,27.047225952148438
38.53605651855469,38.06412124633789,37.293556213378906,34.202659606933594,31.113479614257812,30.138551712036133,30.982528686523438,31.70157814025879,30.607284545898438,27.313642501831055,24.13860511779785,23.72763442993164,25.636432647705078,27.417346954345703,27.262874603271484,25.94899559020996,25.122835159301758,25.49538803100586,26.885635375976562,28.979225158691406,30.794017791748047,31.372249603271484,30.601768493652344,28.923986434936523,27.102144241333008,26.2388973236084,26.74973487854004,27.71096420288086,28.034822463989258,27.425230026245117,26.080764770507812,24.411334991455078,23.016496658325195,22.37735939025879,22.27919578552246,22.466846466064453,23.40934944152832,24.681320190429688,24.446269989013672,23.4136905670166,23.723167419433594,25.60811996459961,27.461559295654297,27.500125885009766
40.420921325683594,38.30363464355469,37.68943405151367,35.38159942626953,32.48078155517578,31.882753372192383,33.97322463989258,35.84708786010742,35.52285385131836,33.634464263916016,31.27752113342285,29.392492294311523,28.768260955810547,29.451274871826172,30.211139678955078,30.420896530151367,30.184326171875,29.932498931884766,30.164888381958008,31.224199295043945,32.80344009399414,33.915367126464844,33.451595306396484,31.27696418762207,28.9747257232666,28.16263771057129,28.756393432617188,29.42534065246582,29.429950714111328,29.022584915161133,28.386621475219727,27.342634201049805,26.083053588867188,25.072467803955078,24.309202194213867,23.756986618041992,24.147720336914062,25.567846298217773,26.110139846801758,25.088804244995117,24.641990661621094,25.9858455657959,27.73455047607422,27.7978515625
42.9215087890625,39.53172302246094,38.60980224609375,35.98948287963867,33.24844741821289,33.23316192626953,35.914669036865234,38.27657699584961,38.62884521484375,38.049888610839844,37.88545608520508,36.984458923339844,34.56520080566406,32.707210540771484,32.93907928466797,34.158321380615234,34.73360061645508,34.48610305786133,33.98770523071289,33.92523193359375,34.898712158203125,36.17432403564453,36.06901550292969,33.82268524169922,31.006397247314453,29.750211715698242,30.1827335357666,30.890161514282227,30.909526824951172,30.47117042541504,29.97538948059082,29.244510650634766,28.219369888305664,27.22015953063965,26.38938331604004,25.61001205444336,25.439613342285156,26.448352813720703,27.20754051208496,26.14974021911621,25.2315673828125,26.268152236938477,28.097654342651367,28.04339027404785
44.795509338378906,41.94304656982422,40.65397262573242,37.413814544677734,34.87619400024414,35.1331901550293,37.668861389160156,39.76804733276367,40.24113845825195,40.59197235107422,42.16175842285156,43.05809020996094,40.933597564697266,37.38798141479492,36.1259765625,37.17287063598633,38.02147674560547,37.87290573120117,37.29777145385742,36.9195671081543,37.373470306396484,38.2862548828125,38.33134078979492,36.539878845214844,33.56709671020508,31.417922973632812,31.263072967529297,32.159820556640625,32.53085708618164,31.863323211669922,30.823232650756836,29.904142379760742,29.187917709350586,28.62995719909668,28.132396697998047,27.481542587280273,26.92454719543457,27.21819305419922,27.671483993530273,26.410564422607422,25.07215118408203,26.02605438232422,28.366966247558594,28.65726661682129
45.95173263549805,44.78995132446289,43.85634231567383,40.62896728515625,38.16868591308594,37.91580581665039,39.424198150634766,40.72598648071289,41.0222053527832,41.54569625854492,43.800018310546875,46.265342712402344,45.758460998535156,42.553199768066406,40.007957458496094,39.85355758666992,40.39289855957031,40.109806060791016,39.370235443115234,39.05815124511719,39.478572845458984,40.09565353393555,39.972023010253906,38.393924713134766,35.62824249267578,33.550193786621094,33.458683013916016,34.11452102661133,33.53242874145508,31.754690170288086,30.421302795410156,30.281341552734375,30.59779167175293,30.578657150268555,30.068016052246094,28.90438461303711,27.40764808654785,26.800601959228516,26.99711799621582,26.088314056396484,24.85129737854004,25.967214584350586,28.91390037536621,29.752944946289062
47.104248046875,46.1129035949707,45.63632583618164,43.11659240722656,41.15133285522461,40.20990753173828,40.50760269165039,41.24666976928711,41.3685302734375,41.410579681396484,43.06138610839844,46.11406707763672,47.905216217041016,46.52393341064453,43.56016159057617,41.95231246948242,41.8938102722168,41.617530822753906,40.601219177246094,40.106563568115234,40.56790542602539,41.047420501708984,40.48837661743164,38.69675827026367,36.98191452026367,36.683048248291016,36.74521255493164,35.20185470581055,32.33026123046875,30.428403854370117,30.581151962280273,31.77472686767578,32.66997146606445,32.50848388671875,31.19935417175293,29.03984832763672,26.665332794189453,25.270282745361328,25.36410140991211,25.430418014526367,25.304134368896484,27.079708099365234,30.284997940063477,30.766536712646484
48.28053665161133,45.58275604248047,45.342071533203125,43.84968566894531,42.553951263427734,41.109371185302734,40.578372955322266,41.19976043701172,41.82001876831055,41.49639892578125,41.753089904785156,43.9917106628418,46.68205642700195,47.124298095703125,44.8777961730957,42.347469329833984,41.71688461303711,41.873390197753906,41.19646072387695,40.679054260253906,41.025367736816406,41.189697265625,39.86380386352539,38.46910858154297,38.76591110229492,39.223514556884766,37.49453353881836,34.436302185058594,32.05744171142578,31.33686065673828,31.98489761352539,33.029945373535156,33.50913619995117,32.97166061401367,31.18519401550293,28.61046028137207,26.06289291381836,24.242145538330078,23.932844161987305,24.540851593017578,25.556629180908203,28.102283477783203,31.223304748535156,31.157291412353516
49.758365631103516,45.92634963989258,45.67042922973633,44.671138763427734,43.52238082885742,41.69086456298828,40.503509521484375,41.21184158325195,42.71290588378906,42.57950210571289,41.61616897583008,41.82390213012695,43.60825729370117,45.095375061035156,43.2029914855957,39.93428039550781,39.079227447509766,39.96820831298828,40.55036926269531,41.037078857421875,41.5607795715332,40.79292678833008,39.28624725341797,39.39009094238281,40.26017379760742,39.17111587524414,36.74742126464844,34.933963775634766,33.98741912841797,33.422855377197266,33.184242248535156,33.16433334350586,33.21479034423828,32.84611892700195,31.255813598632812,28.781953811645508,26.397809982299805,24.50755500793457,23.579923629760742,23.680553436279297,24.922853469848633,27.817113876342773,30.811355590820312,31.105144500732422
51.7761116027832,48.1102409362793,47.53818130493164,46.2412109375,44.715415954589844,42.544883728027344,40.61722183227539,41.122291564941406,43.45916748046875,43.873878479003906,42.0838508605957,40.59434127807617,40.733036041259766,42.193328857421875,41.12412643432617,36.994319915771484,34.7773551940918,36.033119201660156,38.595367431640625,40.89261245727539,41.64889907836914,40.57403564453125,40.09287643432617,41.04645538330078,40.711307525634766,38.645877838134766,36.99972152709961,36.32452392578125,35.789512634277344,35.066837310791016,34.35211181640625,33.76625442504883,33.350101470947266,32.86809158325195,31.61713218688965,29.477602005004883,27.27265167236328,25.57645606994629,24.368789672851562,23.497112274169922,23.999996185302734,26.52358627319336,29.291948318481445,30.336864471435547
53.37336730957031,50.45630645751953,49.775169372558594,48.28880310058594,46.84387969970703,44.697052001953125,41.97924041748047,41.75182342529297,44.25188064575195,44.678749084472656,42.323612213134766,40.129188537597656,39.07593536376953,39.97147750854492,40.3269157409668,35.891605377197266,31.021059036254883,31.52149772644043,35.760581970214844,39.70943832397461,40.93621063232422,40.51530838012695,41.063682556152344,42.13934326171875,41.26020050048828,39.02412033081055,37.48915481567383,36.96778106689453,36.825416564941406,36.56578826904297,35.95684814453125,35.00015640258789,34.06574249267578,33.324493408203125,32.28351593017578,30.573806762695312,28.553020477294922,26.835662841796875,25.55356788635254,24.34910774230957,24.079687118530273,25.362985610961914,27.347084045410156,29.699825286865234
53.97712326049805,51.66261291503906,51.471466064453125,50.51528549194336,49.781620025634766,47.830135345458984,44.81015396118164,44.03542709350586,45.92575454711914,45.336299896240234,42.150535583496094,39.82743835449219,38.717315673828125,39.076576232910156,39.94123077392578,36.21630096435547,29.848175048828125,28.51911735534668,32.7822380065918,37.3341178894043,38.97562789916992,39.36638641357422,40.83155822753906,42.452423095703125,41.69523239135742,39.379852294921875,37.668304443359375,37.227333068847656,37.45572280883789,37.54411697387695,37.088722229003906,36.200321197509766,35.26033401489258,34.37187957763672,33.27183532714844,31.784669876098633,29.962448120117188,28.320947647094727,26.978233337402344,25.63780403137207,24.490867614746094,24.183813095092773,25.962148666381836,30.552919387817383
54.84888458251953,52.042545318603516,52.521358489990234,52.367591857910156,52.44211959838867,50.803916931152344,47.972900390625,47.01162338256836,48.192501068115234,46.79189682006836,42.76503372192383,39.928802490234375,38.92335510253906,39.010780334472656,39.28963851928711,36.20564651489258,31.292680740356445,29.905019760131836,31.87917137145996,33.83899688720703,34.748077392578125,36.29030227661133,39.348873138427734,41.90375518798828,41.41545867919922,39.21316146850586,37.64735794067383,37.41144561767578,37.69694900512695,37.73368453979492,37.603206634521484,37.406761169433594,36.825355529785156,35.6754150390625,34.2225341796875,32.650447845458984,31.02716827392578,29.53756332397461,28.054384231567383,26.530254364013672,24.801380157470703,23.715879440307617,26.07263946533203,31.1152400970459
57.017723083496094,53.3299446105957,53.8671875,53.92050552368164,54.58617401123047,53.40635681152344,50.818603515625,49.43026351928711,49.94663619995117,49.10423278808594,45.18277359008789,40.82027816772461,38.7948112487793,38.85502624511719,38.805843353271484,36.01588821411133,32.87255859375,33.96650695800781,34.89934158325195,32.1746940612793,30.0383358001709,32.02389907836914,36.728633880615234,40.439537048339844,40.57304000854492,38.63914489746094,37.233985900878906,37.13315200805664,37.42711639404297,37.57312774658203,38.00048065185547,38.52505111694336,38.26063537597656,36.8525276184082,34.882415771484375,32.937557220458984,31.184659957885742,30.02556037902832,28.768220901489258,27.111387252807617,25.566816329956055,24.871095657348633,27.109413146972656,30.772552490234375
58.72816467285156,55.14646911621094,55.13272476196289,54.82774353027344,55.872581481933594,55.2818717956543,53.104835510253906,51.39735794067383,51.258758544921875,50.962398529052734,47.71962356567383,42.137847900390625,38.38008117675781,38.25078201293945,38.26294708251953,35.939796447753906,34.112335205078125,37.01361846923828,39.015140533447266,33.90237045288086,27.543588638305664,27.7692813873291,33.08235168457031,38.16876983642578,39.325584411621094,37.49458694458008,35.98091125488281,36.02021026611328,36.60966110229492,37.20766067504883,38.24502944946289,39.27320861816406,39.13449478149414,37.57221603393555,35.38174819946289,33.29035568237305,31.657154083251953,30.488407135009766,29.24699592590332,28.11546516418457,27.325929641723633,26.75617218017578,27.81169891357422,30.387250900268555
58.45444869995117,55.4716911315918,55.14915084838867,54.627803802490234,55.877532958984375,55.853050231933594,54.310604095458984,52.76144027709961,52.05178451538086,51.27064895629883,48.28969192504883,42.967525482177734,38.455631256103516,37.47002029418945,37.42224884033203,35.80331039428711,35.2387809753418,38.975730895996094,42.67964553833008,37.761966705322266,27.925683975219727,24.421266555786133,29.106542587280273,35.46315002441406,38.0047607421875,36.17319869995117,34.17668533325195,34.278873443603516,35.30849838256836,36.21852111816406,37.43086624145508,38.67656707763672,38.966522216796875,38.00639343261719,36.364070892333984,34.50467300415039,32.87943649291992,31.588401794433594,30.074291229248047,29.133182525634766,28.97694969177246,28.586294174194336,28.718402862548828,30.65254783630371
57.60845947265625,54.997684478759766,54.72184753417969,54.14414978027344,55.2996940612793,55.42313003540039,54.34945297241211,53.13151168823242,51.9517936706543,50.16992950439453,47.18120193481445,43.27348709106445,39.49802780151367,37.865257263183594,37.46754455566406,35.90456771850586,35.955406188964844,40.498619079589844,46.35161590576172,43.032527923583984,30.815147399902344,22.315025329589844,25.434267044067383,32.75680160522461,36.991668701171875,35.80824279785156,33.306026458740234,33.02619934082031,34.137081146240234,35.17741394042969,36.340843200683594,37.443092346191406,37.77818298339844,37.25550842285156,36.341896057128906,35.57196044921875,34.84576416015625,33.7582893371582,32.00850296020508,30.669208526611328,30.21104621887207,29.803756713867188,29.824787139892578,31.283597946166992
