data/wind_data/wind_57_0.json
{"header": {"parameterUnit": "KT", "parameterCategory": 2, "nx": 255, "ny": 198, "lo1": 44.73521041870117, "la1": -3.236724853515625, "lo2": 111.26478576660156, "la2": 43.468475341796875, "dx": 0.26192745566368103, "dy": -0.23708222806453705, "refTime": "2025-02-21 09:00:00", "forecastTime": 0, "parameterNumber": 2, "parameterNumberName": "eastward_wind"}, "data":
[rows 171 to 189 of 198, columns 172 to 214 of 255]
-0.4754427969455719,0.39122331142425537,0.26960450410842896,-4.836071968078613,-8.382137298583984,-6.4296875,-2.8070428371429443,-1.6791601181030273,-5.063971996307373,-6.316436290740967,-3.5179524421691895,-1.0493220090866089,1.4038420915603638,3.666109323501587,4.62081241607666,1.4342122077941895,-3.537688732147217,-4.830328941345215,-4.0881428718566895,-4.873934268951416,-5.7779717445373535,-4.023521900177002,-1.023871660232544,0.76707923412323,0.6940880417823792,0.5599702596664429,1.617957353591919,2.6293246746063232,5.993578910827637,7.94439697265625,6.6240973472595215,5.3131608963012695,5.346803665161133,7.570183753967285,8.759224891662598,8.582869529724121,1.7148340940475464,-7.561983585357666,-7.674432754516602,-6.608929634094238,-4.948247909545898,-1.0680381059646606,1.4328176975250244
1.3691602945327759,-0.4541252553462982,-1.1358176469802856,-4.267176151275635,-6.344423770904541,-4.4916534423828125,-1.9569854736328125,-1.0960437059402466,-3.5786163806915283,-4.437619209289551,-2.3455331325531006,-0.6752808690071106,1.0506105422973633,3.350175380706787,4.098048210144043,-1.5926175117492676,-7.216448783874512,-5.020224094390869,-1.7837791442871094,-2.21675968170166,-2.9751498699188232,-1.719789981842041,-0.3871437609195709,0.2620648145675659,-0.21118202805519104,-0.808991014957428,1.1471954584121704,3.497056007385254,5.903956413269043,7.930875301361084,8.27367877960205,8.0607271194458,7.76643705368042,6.720113277435303,7.054038047790527,4.5432233810424805,-3.7151038646698,-7.350801944732666,-6.161294937133789,-5.905421733856201,-3.025726079940796,0.8043367266654968,2.4585819244384766
0.14215153455734253,-1.2623279094696045,-3.1540396213531494,-3.599830150604248,-2.5944766998291016,-1.9629827737808228,-2.689880609512329,-3.2902541160583496,-1.8962924480438232,-0.5640438199043274,-0.0063377730548381805,0.6592780947685242,0.9595407247543335,1.115515112876892,0.9293121099472046,-4.798124313354492,-8.715110778808594,-3.95715594291687,-1.2040276527404785,-2.638967752456665,-2.8902437686920166,-1.165775179862976,-0.7239336371421814,-1.922825813293457,-1.5536551475524902,-1.0248990058898926,-0.746561586856842,1.012324333190918,4.716048717498779,8.762283325195312,9.905421257019043,8.435121536254883,7.191371917724609,6.9579973220825195,7.208338260650635,1.366613507270813,-6.136010646820068,-5.959068298339844,-4.240438938140869,-3.5328023433685303,-1.3646628856658936,-1.3016748428344727,-7.563751697540283
-2.6776301860809326,-1.794442892074585,-3.090481758117676,-4.431764602661133,-3.38206148147583,-1.9493942260742188,-2.2560791969299316,-3.5034494400024414,-1.7564440965652466,0.47407105565071106,0.8494442105293274,0.9174321293830872,-0.35913214087486267,-2.1433539390563965,-1.5586129426956177,-2.328752040863037,-4.955557823181152,-3.011601686477661,-3.364776611328125,-5.335700511932373,-3.714691400527954,-1.96113121509552,-1.4734622240066528,-1.75417959690094,0.6357232928276062,1.9243336915969849,0.9224216938018799,2.9194953441619873,6.385258197784424,8.924737930297852,9.620206832885742,8.555265426635742,7.853810787200928,7.436698913574219,3.7180514335632324,-1.5903249979019165,-3.133103132247925,-3.8064723014831543,-5.316177845001221,-4.245207786560059,-2.800685405731201,-8.512758255004883,-15.633560180664062
-3.3756139278411865,-4.26408576965332,-5.491755962371826,-5.779152870178223,-4.89215087890625,-3.8419101238250732,-3.1645660400390625,-2.655367374420166,-1.3036121129989624,-0.23906798660755157,-0.11563803255558014,-0.9947146773338318,-2.7192132472991943,-4.137023448944092,-2.500201940536499,2.469735860824585,2.124067783355713,-1.442919135093689,-3.8062920570373535,-4.913588047027588,-2.850264310836792,0.8248696327209473,3.0238115787506104,2.850966215133667,3.173304557800293,3.673290729522705,3.4292378425598145,2.769029378890991,3.4553756713867188,7.353286266326904,9.738740921020508,8.52086353302002,5.110018253326416,0.9880119562149048,-2.0594639778137207,-2.74672532081604,-3.732957601547241,-5.356296062469482,-7.070720672607422,-8.37603759765625,-9.896925926208496,-14.852960586547852,-15.444282531738281
-4.069697380065918,-5.893536567687988,-6.487955093383789,-5.533944129943848,-4.275909900665283,-3.5028886795043945,-3.2283356189727783,-2.331974506378174,-1.289276361465454,-0.6896130442619324,-0.34460118412971497,-1.1630289554595947,-2.668569326400757,-3.6391782760620117,-1.8766988515853882,1.9941956996917725,2.2732996940612793,0.7027069926261902,0.1848788559436798,1.035926342010498,2.792437791824341,4.707167625427246,4.9193220138549805,1.458683729171753,0.48823124170303345,4.051962375640869,5.215803623199463,2.197098970413208,1.1205756664276123,5.9051008224487305,7.325571060180664,1.8547807931900024,-5.417336940765381,-6.917996406555176,-6.228474140167236,-6.101376056671143,-3.599883794784546,-6.951350688934326,-9.664006233215332,-11.250556945800781,-13.850334167480469,-15.020123481750488,-13.718180656433105
-5.133454322814941,-5.56112003326416,-5.300468444824219,-4.152072906494141,-3.448241710662842,-3.394894599914551,-3.3757779598236084,-2.4188907146453857,-2.1472902297973633,-2.1188058853149414,-2.1560301780700684,-2.3771016597747803,-1.982159972190857,-0.9494966268539429,0.36387765407562256,0.947590708732605,0.9090678095817566,2.0521321296691895,2.9829459190368652,4.014286518096924,4.812141418457031,4.856253147125244,4.199872970581055,1.2273434400558472,1.264259696006775,4.598997592926025,4.895753383636475,0.081203892827034,-0.8317977786064148,1.4596132040023804,-3.329847574234009,-11.18086051940918,-14.859679222106934,-12.544742584228516,-9.168010711669922,-10.45052433013916,-11.121491432189941,-12.214906692504883,-13.38455867767334,-13.880709648132324,-13.778105735778809,-13.320906639099121,-12.143448829650879
-6.466969013214111,-6.0083417892456055,-5.551069736480713,-4.450708389282227,-3.528003692626953,-2.7566237449645996,-2.618511199951172,-2.907006025314331,-3.095876693725586,-3.3534698486328125,-3.1747536659240723,-2.091245651245117,-1.1813105344772339,0.08796603232622147,0.3542059659957886,1.092985987663269,3.4334867000579834,4.980170726776123,5.646262168884277,5.572693824768066,5.615295886993408,5.117799282073975,5.15430212020874,4.269784927368164,3.7248611450195312,0.8706268668174744,-5.873044013977051,-9.30081844329834,-10.53786563873291,-12.371990203857422,-14.811324119567871,-16.72575569152832,-15.51209545135498,-11.837479591369629,-11.501813888549805,-13.141298294067383,-13.4351806640625,-14.115647315979004,-14.59720230102539,-14.233156204223633,-13.140315055847168,-12.217519760131836,-11.283768653869629
-6.967452526092529,-6.573107719421387,-6.3061089515686035,-4.755354881286621,-3.4096717834472656,-2.2028305530548096,-1.859628438949585,-3.027383327484131,-3.652411699295044,-3.6786882877349854,-3.3643524646759033,-2.0625410079956055,-0.5929741263389587,0.3080199658870697,0.5053986310958862,1.0333272218704224,1.3429501056671143,1.7581292390823364,2.5796945095062256,2.6322829723358154,3.039531946182251,2.901984453201294,1.8134549856185913,0.5214690566062927,-3.5385384559631348,-10.971567153930664,-16.17994499206543,-17.712696075439453,-18.031827926635742,-18.01804542541504,-18.09235382080078,-17.774738311767578,-16.92681312561035,-16.364931106567383,-15.931530952453613,-15.421414375305176,-15.005956649780273,-14.753522872924805,-14.581160545349121,-13.866698265075684,-12.607582092285156,-11.73376750946045,-10.836113929748535
-8.737907409667969,-7.5565996170043945,-7.666079521179199,-6.163946628570557,-4.1496262550354,-2.372694730758667,-1.4160237312316895,-3.332504987716675,-4.6646223068237305,-4.203991413116455,-3.432568073272705,-2.4280056953430176,-1.4948323965072632,-1.8970528841018677,-2.709853410720825,-3.134348154067993,-3.5042200088500977,-3.742389678955078,-3.327742576599121,-3.0983119010925293,-3.932309627532959,-6.099850654602051,-10.091588020324707,-14.027156829833984,-17.437484741210938,-20.036041259765625,-21.307954788208008,-20.841053009033203,-19.824520111083984,-18.775177001953125,-17.711917877197266,-17.007633209228516,-16.788597106933594,-17.112531661987305,-16.468366622924805,-14.78107738494873,-15.820745468139648,-15.243538856506348,-14.22531509399414,-13.450202941894531,-12.636619567871094,-11.883193016052246,-10.646852493286133
-10.474201202392578,-9.095983505249023,-9.621013641357422,-8.501358985900879,-6.640869140625,-4.651287078857422,-2.2311694622039795,-3.0120632648468018,-5.013901233673096,-4.795557498931885,-3.9009814262390137,-3.239623785018921,-2.4904067516326904,-4.228670597076416,-6.875092506408691,-8.316896438598633,-9.6260986328125,-10.242061614990234,-10.919001579284668,-12.124106407165527,-14.204071044921875,-17.09160041809082,-19.846160888671875,-20.906349182128906,-20.235212326049805,-21.430322647094727,-21.769498825073242,-19.90416145324707,-17.06395149230957,-17.653581619262695,-16.995912551879883,-16.764284133911133,-17.176494598388672,-17.700443267822266,-17.891010284423828,-17.10248374938965,-15.870875358581543,-14.936240196228027,-13.964366912841797,-13.07575511932373,-12.912233352661133,-12.234964370727539,-11.170401573181152
-12.41313648223877,-11.702077865600586,-11.72191333770752,-11.13114070892334,-9.86967945098877,-8.261608123779297,-5.982632160186768,-4.150686264038086,-4.434987545013428,-5.2459306716918945,-5.0530595779418945,-4.620962142944336,-3.331794500350952,-4.524658203125,-8.2942533493042,-11.329628944396973,-13.553008079528809,-14.987903594970703,-16.248788833618164,-17.47733497619629,-18.77988624572754,-20.462417602539062,-21.972394943237305,-22.486122131347656,-22.304040908813477,-21.824817657470703,-21.426361083984375,-20.297056198120117,-18.558887481689453,-16.73186492919922,-15.320606231689453,-14.920605659484863,-15.431477546691895,-16.449296951293945,-16.66268539428711,-15.52934741973877,-15.304903030395508,-14.412344932556152,-13.742294311523438,-12.971028327941895,-12.353846549987793,-11.715133666992188,-10.776739120483398
-12.378334045410156,-12.582998275756836,-12.712024688720703,-12.540393829345703,-12.173066139221191,-11.42031478881836,-10.28273868560791,-8.961867332458496,-7.9254631996154785,-7.420997142791748,-7.262686252593994,-6.791001796722412,-5.412058353424072,-4.1049089431762695,-5.766969203948975,-9.542492866516113,-12.651724815368652,-15.311678886413574,-16.990169525146484,-17.974275588989258,-18.977144241333008,-19.897733688354492,-20.890443801879883,-21.78486442565918,-22.163101196289062,-21.778671264648438,-21.128387451171875,-20.415931701660156,-18.960657119750977,-16.900636672973633,-15.584141731262207,-15.332357406616211,-15.506773948669434,-15.422727584838867,-15.321338653564453,-16.181060791015625,-15.031291961669922,-13.625678062438965,-13.375768661499023,-13.295967102050781,-12.548579216003418,-12.18843936920166,-11.804203987121582
-11.379652976989746,-11.527108192443848,-11.909041404724121,-12.284226417541504,-12.578454971313477,-12.673075675964355,-12.679587364196777,-12.812997817993164,-12.439988136291504,-11.439719200134277,-9.841530799865723,-8.182327270507812,-6.661391735076904,-4.884530544281006,-3.6973767280578613,-4.677958011627197,-7.639498710632324,-11.819318771362305,-15.465264320373535,-17.011009216308594,-17.619630813598633,-18.447616577148438,-19.25089454650879,-19.82359504699707,-20.160676956176758,-20.258590698242188,-20.16629981994629,-19.541780471801758,-18.13725471496582,-16.25443458557129,-15.11058521270752,-15.152236938476562,-15.22990894317627,-15.10520076751709,-15.31827449798584,-15.35665512084961,-14.327548027038574,-12.888838768005371,-12.408041000366211,-12.763647079467773,-12.725227355957031,-12.238245964050293,-12.33154296875
-9.850639343261719,-10.296223640441895,-10.747173309326172,-11.175638198852539,-11.777738571166992,-12.402989387512207,-13.233879089355469,-14.219463348388672,-14.65621280670166,-13.926514625549316,-11.951098442077637,-9.503047943115234,-7.066889762878418,-4.661170482635498,-2.8122622966766357,-1.9404714107513428,-4.200949192047119,-8.348756790161133,-12.161526679992676,-14.8652925491333,-16.061595916748047,-17.097164154052734,-18.00857162475586,-18.414846420288086,-18.855083465576172,-19.342435836791992,-19.023563385009766,-17.854909896850586,-16.49248504638672,-15.20871639251709,-14.372288703918457,-14.111117362976074,-13.816306114196777,-13.265661239624023,-12.736599922180176,-12.938992500305176,-12.382867813110352,-11.422898292541504,-11.468714714050293,-11.652793884277344,-11.586331367492676,-12.089486122131348,-12.370712280273438
-7.084445476531982,-8.430769920349121,-9.818598747253418,-10.334711074829102,-10.823387145996094,-11.490982055664062,-12.333015441894531,-13.373867988586426,-14.187955856323242,-14.30064582824707,-13.27682876586914,-11.508821487426758,-9.69090461730957,-8.223442077636719,-6.753576278686523,-5.562241077423096,-5.684864044189453,-6.730576038360596,-8.770261764526367,-11.122413635253906,-12.768718719482422,-14.584161758422852,-16.31085777282715,-17.04079818725586,-16.9574031829834,-16.565343856811523,-17.110862731933594,-16.573970794677734,-15.630156517028809,-14.660752296447754,-14.304862022399902,-14.512771606445312,-14.542118072509766,-13.702648162841797,-12.360793113708496,-12.394841194152832,-12.742551803588867,-11.587961196899414,-10.882136344909668,-11.382983207702637,-12.221963882446289,-12.54041862487793,-12.140485763549805
-4.058960914611816,-6.155882358551025,-8.731085777282715,-9.843626022338867,-10.213780403137207,-10.654542922973633,-11.197224617004395,-11.68340015411377,-11.8367338180542,-11.974740028381348,-12.206695556640625,-12.193964004516602,-11.720193862915039,-11.241341590881348,-11.38438892364502,-10.948197364807129,-9.23642635345459,-7.573763847351074,-8.029891967773438,-9.919845581054688,-11.726261138916016,-13.79173469543457,-15.146699905395508,-15.639277458190918,-16.407785415649414,-16.722925186157227,-15.754206657409668,-15.256204605102539,-14.685540199279785,-13.633477210998535,-13.286873817443848,-13.731949806213379,-14.113276481628418,-13.356560707092285,-12.0523042678833,-12.130577087402344,-11.599123001098633,-10.584226608276367,-10.395602226257324,-11.038415908813477,-11.639204025268555,-12.808822631835938,-12.81232738494873
-3.2199926376342773,-4.389695644378662,-6.816436290740967,-8.503259658813477,-8.919833183288574,-9.20396614074707,-9.855460166931152,-10.347991943359375,-9.829161643981934,-9.036567687988281,-9.345357894897461,-10.609493255615234,-11.597566604614258,-12.179810523986816,-12.955635070800781,-13.683584213256836,-13.483864784240723,-12.927238464355469,-12.016382217407227,-11.93202018737793,-11.306172370910645,-13.221214294433594,-14.9043607711792,-15.965340614318848,-15.954431533813477,-15.104741096496582,-14.919960021972656,-13.957386016845703,-12.879853248596191,-11.685726165771484,-11.225383758544922,-11.668172836303711,-11.659174919128418,-11.593745231628418,-11.049755096435547,-10.380788803100586,-9.740388870239258,-9.29503059387207,-9.392889022827148,-10.041699409484863,-10.769746780395508,-11.346632957458496,-11.826387405395508
-3.055340528488159,-3.2956056594848633,-4.599627494812012,-5.83174991607666,-6.85618257522583,-7.057326793670654,-7.277422904968262,-7.793519020080566,-7.424054145812988,-6.092112064361572,-5.50675630569458,-6.9231438636779785,-9.780997276306152,-11.638898849487305,-12.873495101928711,-13.510021209716797,-15.792237281799316,-16.727197647094727,-14.56226634979248,-12.191484451293945,-11.760812759399414,-13.368194580078125,-15.353493690490723,-15.333596229553223,-14.643342018127441,-14.757234573364258,-13.884478569030762,-12.698498725891113,-11.58432388305664,-10.631739616394043,-10.728204727172852,-11.247780799865723,-11.32211971282959,-11.876808166503906,-11.28060245513916,-10.213951110839844,-9.50904369354248,-9.078630447387695,-9.120622634887695,-9.391361236572266,-9.735239028930664,-10.00517463684082,-9.720072746276855
