data/wind_data/wind_70_9.json
{"header": {"parameterUnit": "KT", "parameterCategory": 2, "nx": 256, "ny": 198, "lo1": 44.73521041870117, "la1": -3.236724853515625, "lo2": 111.26478576660156, "la2": 43.468475341796875, "dx": 0.2609002888202667, "dy": -0.23708222806453705, "refTime": "2025-02-21 22:00:00", "forecastTime": 0, "parameterNumber": 2, "parameterNumberName": "eastward_wind"}, "data":
[rows 76 to 94 of 198, columns 88 to 131 of 256]
-4.662785053253174,-4.039359092712402,-3.09039044380188,-1.678000569343567,-0.06463959813117981,1.2689399719238281,2.0211358070373535,2.2623722553253174,2.1854894161224365,1.8031946420669556,0.9692030549049377,-0.27020466327667236,-1.6966445446014404,-3.2186710834503174,-4.534355640411377,-4.97548246383667,-4.158313274383545,-2.78436541557312,-1.791549801826477,-1.2346978187561035,-0.6308178305625916,0.1757853776216507,1.0965615510940552,2.0128002166748047,2.8656158447265625,3.997316360473633,5.692510604858398,7.416023254394531,8.028968811035156,6.936122417449951,3.08436918258667,1.185789704322815,4.037615776062012,7.008491516113281,8.766772270202637,9.468623161315918,8.94266128540039,8.173710823059082,8.171372413635254,9.034635543823242,9.432700157165527,8.639908790588379,7.484601974487305,6.868388652801514
-3.7562255859375,-3.0881872177124023,-2.372222423553467,-1.3499865531921387,0.001573899993672967,1.4317680597305298,2.512709856033325,2.949286699295044,2.8205442428588867,2.4178812503814697,1.9128782749176025,1.1972724199295044,0.11276576668024063,-1.4343057870864868,-3.0641586780548096,-3.8798253536224365,-3.510002374649048,-2.5154755115509033,-1.5178489685058594,-0.6010738611221313,0.33386388421058655,1.2425012588500977,1.9838063716888428,2.576554775238037,3.029797315597534,3.5644476413726807,4.465086460113525,5.8430399894714355,7.5470380783081055,8.847413063049316,6.251346111297607,1.318145751953125,1.9520354270935059,5.523587703704834,7.530306816101074,8.942168235778809,9.13668155670166,8.345030784606934,8.013049125671387,8.338495254516602,8.965415954589844,9.187338829040527,8.763127326965332,8.182703971862793
-2.856182813644409,-1.9282288551330566,-1.2917077541351318,-0.6906578540802002,0.15371930599212646,1.316330909729004,2.555133581161499,3.4246490001678467,3.570744276046753,3.096374273300171,2.474921941757202,1.9462401866912842,1.3413459062576294,0.20037612318992615,-1.3608843088150024,-2.3819656372070312,-2.5861642360687256,-2.282825231552124,-1.4298040866851807,-0.1417524367570877,1.1359363794326782,2.1455695629119873,2.766613483428955,3.0946574211120605,3.2973804473876953,3.4558420181274414,3.784963369369507,4.534832000732422,5.886539936065674,8.376900672912598,9.281695365905762,4.61931848526001,1.1098732948303223,3.3258655071258545,6.0310564041137695,7.902958393096924,8.875346183776855,8.587843894958496,8.173901557922363,8.226848602294922,8.483064651489258,9.013897895812988,9.581026077270508,9.607221603393555
-2.280503749847412,-1.0317665338516235,-0.1973111629486084,0.1377226561307907,0.36303389072418213,0.9912397265434265,2.127706527709961,3.3752171993255615,4.101304054260254,3.976975202560425,3.2835354804992676,2.499927520751953,1.951377034187317,1.2534271478652954,0.05592542514204979,-1.0063538551330566,-1.6743320226669312,-2.0311338901519775,-1.4977076053619385,-0.06453835219144821,1.4219342470169067,2.4706404209136963,2.9729392528533936,3.0898804664611816,3.2872045040130615,3.5294220447540283,3.68310546875,4.01596736907959,4.784043788909912,6.652364730834961,9.519186019897461,8.631074905395508,3.6373915672302246,1.9706965684890747,4.5427565574646,6.631547927856445,8.17366886138916,8.66916275024414,8.432623863220215,8.34183120727539,8.47412395477295,8.913732528686523,9.771025657653809,10.364259719848633
-2.0442824363708496,-0.7273743748664856,0.37891772389411926,0.848617434501648,0.7675026059150696,0.8057194352149963,1.5328185558319092,2.8518002033233643,4.104544162750244,4.672776699066162,4.416355133056641,3.5644235610961914,2.5565104484558105,1.7513009309768677,0.9082506895065308,-0.03931800276041031,-0.9608300924301147,-1.674106478691101,-1.4409583806991577,-0.1633184552192688,1.285085916519165,2.264326572418213,2.625204086303711,2.568648099899292,2.7491607666015625,3.365450859069824,3.9582862854003906,4.2953782081604,4.619041919708252,5.654524326324463,8.158011436462402,10.032968521118164,7.5495195388793945,3.6908178329467773,3.2317161560058594,5.599263668060303,7.292530536651611,8.311447143554688,8.551894187927246,8.61668586730957,8.77346420288086,9.053132057189941,9.650259971618652,10.239490509033203
-1.990608811378479,-0.8088981509208679,0.2884384095668793,1.0493667125701904,1.2295554876327515,1.1130259037017822,1.3741936683654785,2.368978977203369,3.710660457611084,4.761842250823975,5.224714279174805,4.960019588470459,3.822471857070923,2.2624573707580566,1.1740460395812988,0.5442094206809998,-0.23167403042316437,-1.0010454654693604,-0.9803763031959534,-0.05775146558880806,1.0293070077896118,1.7934666872024536,2.136054277420044,2.142592668533325,2.2752745151519775,2.9759724140167236,4.03215217590332,4.850785255432129,5.192363262176514,5.6441569328308105,7.140418529510498,9.414346694946289,9.7758207321167,6.877280235290527,3.9890897274017334,4.083976745605469,6.318125247955322,7.786732196807861,8.485145568847656,8.79807186126709,9.132356643676758,9.484577178955078,9.769755363464355,9.920211791992188
-2.1417176723480225,-0.9811578989028931,-0.04727276787161827,0.788789689540863,1.3842971324920654,1.5833220481872559,1.7253305912017822,2.3439905643463135,3.394026517868042,4.3871941566467285,5.14334774017334,5.686635971069336,5.3016438484191895,3.503054141998291,1.5267386436462402,0.7318488359451294,0.5366589426994324,0.24255859851837158,0.12918399274349213,0.5070146322250366,1.0979148149490356,1.606058955192566,1.993045687675476,2.289274215698242,2.5208964347839355,2.9653213024139404,3.870823621749878,4.939303874969482,5.64072847366333,6.043727874755859,6.877799987792969,8.434283256530762,9.773715019226074,9.170371055603027,6.538896560668945,4.38144063949585,4.53387451171875,6.460193157196045,8.120331764221191,8.948368072509766,9.316858291625977,9.707693099975586,9.915925025939941,9.765253067016602
-2.511054515838623,-1.3188973665237427,-0.36815986037254333,0.5424625277519226,1.3755427598953247,1.855944037437439,2.0474865436553955,2.4224395751953125,3.1592438220977783,3.9119479656219482,4.525518417358398,5.3135809898376465,5.941061019897461,4.987568378448486,2.793762445449829,1.2528311014175415,1.0780649185180664,1.4436160326004028,1.690651535987854,1.7588505744934082,1.868977665901184,2.100311517715454,2.4740660190582275,2.959160804748535,3.249987840652466,3.4223556518554688,3.8964734077453613,4.7074456214904785,5.505919456481934,6.091311454772949,6.75620174407959,7.844732761383057,9.07139778137207,9.61067008972168,8.582080841064453,6.423091411590576,4.971930027008057,5.161797046661377,6.625470161437988,8.164957046508789,9.16779899597168,9.697460174560547,9.798534393310547,9.555261611938477
-2.9688637256622314,-1.847068428993225,-0.8385351896286011,0.3119179606437683,1.411527156829834,2.0560340881347656,2.2059061527252197,2.261878490447998,2.628922939300537,3.2118144035339355,3.7502448558807373,4.499171733856201,5.573622226715088,5.740632057189941,4.294814586639404,2.583878755569458,1.7974205017089844,2.0014967918395996,2.5645968914031982,2.9969873428344727,3.1953675746917725,3.3072593212127686,3.5426039695739746,3.8960368633270264,3.961521625518799,3.847390651702881,4.05075216293335,4.611688613891602,5.275986194610596,5.876829147338867,6.486316680908203,7.36964225769043,8.445934295654297,9.229371070861816,9.245932579040527,8.213959693908691,6.610816478729248,5.574069499969482,5.730576038360596,6.698906421661377,7.974471092224121,9.115148544311523,9.735017776489258,9.571002006530762
-3.3884518146514893,-2.3945436477661133,-1.4705184698104858,-0.1508771926164627,1.2528401613235474,2.1400022506713867,2.310047149658203,2.086986541748047,2.028740644454956,2.347865581512451,2.8749046325683594,3.625264883041382,4.740968227386475,5.582002639770508,5.138680458068848,3.8656983375549316,2.7544331550598145,2.3326687812805176,2.6586389541625977,3.369312286376953,4.060677528381348,4.524813652038574,4.746654510498047,4.720265865325928,4.419363498687744,4.142430782318115,4.283808708190918,4.752532958984375,5.302041053771973,5.824795246124268,6.357860565185547,7.0992937088012695,8.042156219482422,8.82407283782959,9.083037376403809,8.724000930786133,7.807628154754639,6.590155124664307,5.844225883483887,6.129608631134033,7.062289237976074,8.231703758239746,9.206128120422363,9.472846031188965
-3.687603235244751,-2.8310317993164062,-2.0414490699768066,-0.7651062607765198,0.7376713156700134,1.8650890588760376,2.272371292114258,2.095856189727783,1.8303221464157104,1.872904896736145,2.2395808696746826,2.7988574504852295,3.635467052459717,4.713353157043457,5.1685895919799805,4.5477705001831055,3.4677679538726807,2.716226100921631,2.7994048595428467,3.547212600708008,4.456447601318359,5.039186000823975,5.124257564544678,4.904822826385498,4.559886455535889,4.28637170791626,4.48349666595459,5.022907257080078,5.5307793617248535,5.968090534210205,6.464400291442871,7.178355693817139,8.070899963378906,8.774958610534668,8.917194366455078,8.480100631713867,7.77827262878418,7.026597499847412,6.364253044128418,6.349295616149902,7.0747199058532715,7.826338291168213,8.160093307495117,8.360868453979492
-3.805094003677368,-3.0380959510803223,-2.314093828201294,-1.2236788272857666,0.07148929685354233,1.2345404624938965,1.9880242347717285,2.1822469234466553,2.0025720596313477,1.9074177742004395,2.0793771743774414,2.2978978157043457,2.5941529273986816,3.39414381980896,4.427412986755371,4.762117862701416,4.036266803741455,3.1911070346832275,3.2716426849365234,4.1897759437561035,5.162705421447754,5.443209171295166,4.928224086761475,4.3051557540893555,4.124757289886475,4.273457050323486,4.577147960662842,5.127392768859863,5.719844341278076,6.121449947357178,6.620797157287598,7.465000152587891,8.480443954467773,9.1487455368042,9.070444107055664,8.337019920349121,7.407528400421143,6.724302768707275,6.414910793304443,6.517851829528809,6.903341770172119,7.13106107711792,6.938218116760254,6.5733513832092285
-3.733734607696533,-2.9033095836639404,-2.199460983276367,-1.4074536561965942,-0.5327718257904053,0.4847151041030884,1.5308318138122559,2.151338815689087,2.1247456073760986,1.970706582069397,2.1343183517456055,2.275411367416382,2.1438989639282227,2.2756731510162354,3.347165584564209,4.689105987548828,4.780630111694336,3.958225965499878,3.910719394683838,5.056244373321533,6.284543037414551,6.354743480682373,5.180700778961182,3.9518940448760986,3.721196413040161,4.228173732757568,4.7739739418029785,5.134947776794434,5.5772809982299805,6.150452613830566,6.846920967102051,7.848634719848633,9.016366958618164,9.68843936920166,9.445321083068848,8.500829696655273,7.391543865203857,6.5999345779418945,6.258203506469727,6.150280475616455,6.067745208740234,5.880092620849609,5.445387363433838,4.94534969329834
-3.5140228271484375,-2.501723051071167,-1.8355268239974976,-1.44350004196167,-1.0622931718826294,-0.22537216544151306,0.9953069686889648,1.8614816665649414,1.933485984802246,1.7804595232009888,2.094632148742676,2.525406837463379,2.3322134017944336,1.9546390771865845,2.7401068210601807,4.59928560256958,5.634787082672119,5.12579870223999,4.762755393981934,5.667641639709473,7.094869613647461,7.465078830718994,6.341404914855957,4.9918293952941895,4.5488176345825195,4.883004665374756,5.337767601013184,5.554070472717285,5.713735580444336,6.18487548828125,7.117491722106934,8.383132934570312,9.545802116394043,10.065210342407227,9.74517822265625,8.816946983337402,7.710343837738037,6.840418815612793,6.312990188598633,5.846291542053223,5.268250942230225,4.690629482269287,4.167851448059082,3.755669355392456
-3.297748327255249,-2.1096339225769043,-1.4866759777069092,-1.4270493984222412,-1.409908652305603,-0.7709876298904419,0.37164992094039917,1.2587096691131592,1.5045839548110962,1.5518579483032227,1.9934842586517334,2.639725923538208,2.621973752975464,2.208857774734497,2.842968702316284,4.7167887687683105,6.25053071975708,6.307685852050781,5.933056354522705,6.371341705322266,7.463353157043457,8.107851028442383,7.744472026824951,7.087775707244873,6.747889041900635,6.594316482543945,6.5081095695495605,6.528730392456055,6.658768653869629,7.0441060066223145,7.872951984405518,9.03812313079834,9.986760139465332,10.266573905944824,9.862378120422363,9.032042503356934,8.037118911743164,7.129622459411621,6.464000701904297,5.871405124664307,5.122770309448242,4.311086177825928,3.6925482749938965,3.3645081520080566
-3.2671334743499756,-2.0169456005096436,-1.3818154335021973,-1.34768807888031,-1.4208897352218628,-1.0972589254379272,-0.3361237943172455,0.4877036213874817,1.07839834690094,1.4926035404205322,1.9811246395111084,2.466299533843994,2.455390453338623,2.314868688583374,3.2006678581237793,5.075167655944824,6.52825403213501,6.798897743225098,6.824847221374512,7.470829963684082,8.476444244384766,8.98566722869873,8.840981483459473,8.732264518737793,8.796972274780273,8.517950057983398,8.037881851196289,7.980545997619629,8.306090354919434,8.742855072021484,9.26072883605957,9.869585037231445,10.36345386505127,10.490052223205566,10.12175464630127,9.280954360961914,8.218293190002441,7.23274564743042,6.456410884857178,5.801199436187744,5.105311393737793,4.415879249572754,3.9466936588287354,3.799962043762207
-3.5148751735687256,-2.354506492614746,-1.6396396160125732,-1.3352364301681519,-1.2689131498336792,-1.2536470890045166,-0.9441425204277039,-0.18536321818828583,0.7530874609947205,1.520727276802063,1.9853848218917847,2.128297805786133,1.9878793954849243,2.1905200481414795,3.558823823928833,5.545931816101074,6.654238700866699,6.617543697357178,6.98881196975708,8.483089447021484,10.084542274475098,10.584321975708008,10.142558097839355,9.81620979309082,9.884727478027344,9.753606796264648,9.446002006530762,9.576150894165039,10.133331298828125,10.646008491516113,10.8956937789917,10.921093940734863,10.892990112304688,10.845335960388184,10.501869201660156,9.592835426330566,8.284089088439941,7.08411169052124,6.236192226409912,5.577048301696777,5.017817974090576,4.62415075302124,4.428274631500244,4.431689262390137
-4.126204013824463,-3.109449625015259,-2.222773790359497,-1.587369441986084,-1.34592866897583,-1.4225236177444458,-1.30186128616333,-0.6304520964622498,0.4403989613056183,1.4785950183868408,2.039247989654541,2.030273675918579,1.9344757795333862,2.569319009780884,4.302990436553955,6.259521007537842,7.085525989532471,6.824350357055664,7.229790687561035,9.142919540405273,11.21703052520752,11.916364669799805,11.402955055236816,10.892484664916992,10.860047340393066,10.850339889526367,10.833029747009277,11.145024299621582,11.67176342010498,12.059967994689941,12.19443416595459,12.125712394714355,11.898540496826172,11.520759582519531,10.836536407470703,9.63998794555664,8.098079681396484,6.751724720001221,5.918717861175537,5.404026508331299,5.049314022064209,4.928065776824951,5.041670799255371,5.207278251647949
-5.093593597412109,-4.042266845703125,-2.9786429405212402,-2.14027738571167,-1.770983099937439,-1.6668108701705933,-1.3692208528518677,-0.6857573986053467,0.36049848794937134,1.5357415676116943,2.3339784145355225,2.563645839691162,2.8055601119995117,3.825556993484497,5.642858505249023,7.381000995635986,8.143675804138184,8.20472526550293,8.73307991027832,10.196954727172852,11.726239204406738,12.281473159790039,11.911775588989258,11.56578254699707,11.76477336883545,12.121560096740723,12.397396087646484,12.728767395019531,12.938570976257324,12.92158031463623,12.912056922912598,13.062810897827148,13.167718887329102,12.775566101074219,11.610383987426758,9.831353187561035,7.924036979675293,6.4814019203186035,5.783583164215088,5.5567121505737305,5.439661026000977,5.384083271026611,5.596597671508789,5.920835018157959
