data/wind_data/wind_63_3.json
{"header": {"parameterUnit": "KT", "parameterCategory": 2, "nx": 256, "ny": 198, "lo1": 44.73521041870117, "la1": -3.236724853515625, "lo2": 111.26478576660156, "la2": 43.468475341796875, "dx": 0.2609002888202667, "dy": -0.23708222806453705, "refTime": "2025-02-21 15:00:00", "forecastTime": 0, "parameterNumber": 2, "parameterNumberName": "eastward_wind"}, "data":
[rows 152 to 170 of 198, columns 0 to 43 of 256]
9.02611255645752,8.368685722351074,5.962779998779297,3.4552650451660156,8.669404029846191,18.308982849121094,25.59303855895996,28.931900024414062,27.345430374145508,26.447187423706055,30.596773147583008,35.27187728881836,37.77885055541992,38.36762237548828,36.63698959350586,36.728389739990234,40.874855041503906,43.40304183959961,40.416015625,34.75800323486328,31.550813674926758,32.4793701171875,31.36258316040039,31.58338165283203,29.045576095581055,24.007539749145508,20.425891876220703,20.65247917175293,21.007463455200195,20.127466201782227,18.809614181518555,19.393115997314453,20.214012145996094,21.822046279907227,23.549436569213867,24.630931854248047,24.966398239135742,25.793418884277344,25.936552047729492,24.938682556152344,24.900142669677734,24.371746063232422,21.176422119140625,20.077529907226562
10.267415046691895,9.599655151367188,7.192426681518555,4.240756988525391,8.108898162841797,14.378458976745605,22.40622329711914,17.602354049682617,19.19210433959961,24.227550506591797,30.3461971282959,34.908592224121094,35.95613479614258,33.110862731933594,32.52322769165039,35.38296127319336,38.93572998046875,38.56516647338867,33.25018310546875,29.927289962768555,31.687793731689453,33.24201583862305,28.99198341369629,26.94784927368164,27.43509864807129,27.687341690063477,25.1102237701416,24.178428649902344,23.60811424255371,22.668716430664062,21.772979736328125,22.115291595458984,23.200273513793945,24.27682113647461,24.641286849975586,24.412094116210938,23.830551147460938,23.357969284057617,22.671733856201172,20.299484252929688,19.504793167114258,20.6934814453125,20.867700576782227,20.75503921508789
9.806734085083008,9.968360900878906,8.171483993530273,5.877711772918701,9.426621437072754,10.936493873596191,17.654937744140625,8.730825424194336,16.803211212158203,27.211748123168945,32.70600509643555,35.231101989746094,37.59501266479492,36.08613967895508,35.00605392456055,36.03650665283203,30.108768463134766,33.828975677490234,33.58793640136719,32.114585876464844,32.0867805480957,30.023956298828125,27.696229934692383,22.365966796875,20.566322326660156,22.041698455810547,23.44835662841797,25.01814079284668,25.23963737487793,24.37208366394043,23.725387573242188,24.839393615722656,26.606355667114258,27.537799835205078,27.244375228881836,26.049236297607422,24.028459548950195,21.741167068481445,19.76715087890625,16.97093391418457,15.41775131225586,16.441661834716797,17.8709659576416,18.588214874267578
9.251968383789062,10.001564025878906,9.098362922668457,7.458499908447266,10.284727096557617,9.033926010131836,13.25420093536377,15.022806167602539,23.03352928161621,29.327478408813477,32.90129470825195,33.510284423828125,36.51473617553711,37.4345703125,35.937191009521484,30.833972930908203,22.831226348876953,29.0599365234375,34.207176208496094,35.208213806152344,32.98871994018555,31.053178787231445,31.28955841064453,25.64107894897461,19.980329513549805,18.790143966674805,21.29097557067871,25.532258987426758,28.228153228759766,28.56651496887207,29.091201782226562,29.739234924316406,30.17267608642578,30.043258666992188,29.365018844604492,27.967805862426758,25.902448654174805,23.410696029663086,20.80841636657715,17.964643478393555,15.737700462341309,15.166671752929688,15.47234058380127,15.534231185913086
8.819767951965332,9.758661270141602,9.256945610046387,8.113560676574707,9.833060264587402,7.354358196258545,9.411556243896484,16.907241821289062,24.70348358154297,29.702970504760742,31.81620216369629,32.40621566772461,28.575241088867188,33.273834228515625,34.84050750732422,27.64708709716797,22.387367248535156,25.768665313720703,32.87419128417969,37.093902587890625,34.67345428466797,31.504138946533203,29.689420700073242,27.322612762451172,24.274648666381836,21.86354637145996,22.5708065032959,27.051647186279297,31.543235778808594,32.145118713378906,31.49298667907715,32.23823547363281,32.63645553588867,31.600194931030273,30.49097442626953,29.145116806030273,27.48684310913086,25.85280990600586,23.253948211669922,19.605388641357422,17.38162612915039,17.5067195892334,18.059886932373047,17.36884117126465
8.39957046508789,8.870124816894531,8.389774322509766,8.032037734985352,9.50797176361084,7.549460411071777,7.060647964477539,12.657535552978516,22.625154495239258,30.748689651489258,33.679752349853516,32.136390686035156,28.396574020385742,30.440147399902344,30.368389129638672,26.031631469726562,21.610307693481445,24.952926635742188,32.54743194580078,36.47208786010742,35.316078186035156,31.823373794555664,26.640241622924805,24.27005386352539,25.689376831054688,25.519441604614258,25.64154624938965,25.801193237304688,26.314788818359375,29.908018112182617,31.745981216430664,31.563135147094727,31.14092254638672,30.993799209594727,29.301027297973633,27.684947967529297,27.11579132080078,26.43085289001465,24.240215301513672,20.429811477661133,19.90383529663086,21.16321563720703,21.50736427307129,20.490236282348633
8.16598129272461,7.961745738983154,7.6101975440979,8.269257545471191,11.14300537109375,11.5975980758667,12.675979614257812,19.941871643066406,28.83095932006836,33.71099853515625,31.938533782958984,26.68042755126953,28.3518009185791,28.498371124267578,26.204086303710938,25.756778717041016,23.67223358154297,22.089046478271484,29.348783493041992,35.56100845336914,35.51271057128906,30.247379302978516,24.38728141784668,23.196813583374023,24.63227081298828,26.43566131591797,28.332050323486328,25.094846725463867,22.154138565063477,25.154735565185547,30.705074310302734,32.60814666748047,30.514436721801758,29.06670379638672,28.67681312561035,28.526973724365234,27.519018173217773,25.92044448852539,23.078353881835938,20.9960880279541,22.147069931030273,23.46253204345703,23.4324951171875,22.787614822387695
8.185333251953125,7.315242767333984,7.935680389404297,9.84559440612793,13.7435884475708,16.63386344909668,21.867185592651367,29.33028793334961,33.285770416259766,34.078895568847656,29.895057678222656,22.888216018676758,22.66299819946289,24.97715950012207,25.39640998840332,26.358928680419922,23.816036224365234,23.426271438598633,27.271820068359375,25.831504821777344,23.830753326416016,20.872652053833008,19.827991485595703,23.711841583251953,25.686914443969727,25.281124114990234,25.474287033081055,23.600505828857422,24.858911514282227,30.314374923706055,33.67326354980469,32.32184982299805,28.609115600585938,26.100866317749023,25.25592803955078,25.046356201171875,25.052047729492188,24.074615478515625,22.097558975219727,20.91219711303711,21.360788345336914,22.313526153564453,22.30486488342285,22.11797523498535
8.42453384399414,7.400014877319336,8.799942970275879,12.327470779418945,16.881696701049805,22.529464721679688,27.981121063232422,30.46251106262207,30.671287536621094,30.59291648864746,28.79264259338379,24.846214294433594,21.03960609436035,21.203474044799805,24.02640724182129,26.973478317260742,24.333782196044922,24.515838623046875,28.167308807373047,27.76706314086914,23.678491592407227,19.90447425842285,23.049928665161133,28.75020408630371,29.440353393554688,30.38995361328125,33.217552185058594,35.89582824707031,37.68467712402344,30.568029403686523,28.570133209228516,27.848684310913086,27.153684616088867,28.47420310974121,28.954538345336914,28.648086547851562,26.675649642944336,21.548873901367188,18.853025436401367,17.916040420532227,19.23956871032715,21.787517547607422,21.60630226135254,19.575586318969727
9.972189903259277,10.998603820800781,12.100828170776367,17.421350479125977,22.781301498413086,27.01980972290039,27.443939208984375,26.774856567382812,27.648212432861328,28.113367080688477,28.088016510009766,27.885305404663086,23.53429412841797,20.412330627441406,22.009246826171875,23.431821823120117,23.904674530029297,25.330223083496094,27.48554039001465,29.38340950012207,27.967275619506836,27.882347106933594,31.58929443359375,33.86080551147461,36.597801208496094,36.41777420043945,34.53675842285156,35.72540283203125,34.420921325683594,26.2581729888916,20.2697811126709,18.249797821044922,18.254329681396484,21.150909423828125,24.498455047607422,25.189579010009766,24.32949447631836,21.781686782836914,20.034231185913086,19.074405670166016,19.43341636657715,19.554523468017578,17.755918502807617,16.34058380126953
12.301114082336426,14.382393836975098,18.601709365844727,24.836816787719727,28.93861961364746,28.57825469970703,26.61627960205078,24.162050247192383,26.11099624633789,27.697084426879883,29.001110076904297,29.459529876708984,26.600801467895508,23.41372299194336,22.758413314819336,20.96158218383789,21.54969596862793,22.608551025390625,25.975109100341797,29.461057662963867,30.313705444335938,31.699806213378906,34.56998062133789,36.63304138183594,36.99446105957031,31.432802200317383,27.886363983154297,29.931682586669922,25.46590232849121,17.445600509643555,12.009969711303711,10.462778091430664,10.94617748260498,13.18166446685791,17.078079223632812,17.60424041748047,19.600122451782227,22.9456787109375,23.634044647216797,21.852293014526367,20.882505416870117,18.96358871459961,16.472929000854492,12.077683448791504
14.10712718963623,19.038862228393555,24.050357818603516,28.272016525268555,30.69205665588379,28.675647735595703,25.89568328857422,24.03180694580078,19.359712600708008,26.26241111755371,32.26113510131836,30.126346588134766,25.372209548950195,24.997224807739258,24.174846649169922,23.75737190246582,17.851280212402344,18.68134117126465,20.771650314331055,24.235742568969727,25.890941619873047,29.31292724609375,30.112749099731445,32.027496337890625,26.08913230895996,20.673532485961914,17.65962028503418,17.532737731933594,14.858800888061523,10.95357894897461,8.369543075561523,6.908461093902588,7.0032057762146,8.479701042175293,10.866076469421387,11.823909759521484,12.565126419067383,14.69896125793457,17.817806243896484,19.45719337463379,21.275470733642578,20.137256622314453,17.730676651000977,15.259307861328125
17.538015365600586,24.893348693847656,28.465723037719727,29.490110397338867,28.687068939208984,26.39219856262207,24.713115692138672,25.657289505004883,22.248947143554688,27.904678344726562,31.53807830810547,29.978086471557617,25.64451026916504,25.37514305114746,27.275955200195312,26.486385345458984,23.798641204833984,23.279525756835938,21.555099487304688,21.258943557739258,23.52729606628418,27.14374542236328,27.737382888793945,21.79277801513672,14.873086929321289,11.864200592041016,10.865202903747559,10.20798397064209,9.121561050415039,8.244150161743164,6.71561861038208,5.889644145965576,6.821043968200684,8.798702239990234,10.916328430175781,11.703657150268555,10.321364402770996,10.338068008422852,10.33178424835205,11.681004524230957,14.6156644821167,17.335119247436523,17.85375213623047,18.527273178100586
19.492582321166992,28.64736557006836,31.00646209716797,30.344478607177734,27.1796932220459,23.90134620666504,23.83345603942871,26.86684799194336,28.840349197387695,29.297948837280273,27.059173583984375,25.34835433959961,22.17249298095703,22.25366973876953,26.550521850585938,28.70833969116211,28.646512985229492,31.192182540893555,22.388389587402344,13.0171537399292,14.533587455749512,16.158687591552734,15.670858383178711,12.855229377746582,11.412105560302734,11.816006660461426,10.824506759643555,9.165441513061523,7.837335109710693,7.703055381774902,7.008206844329834,7.175070762634277,8.816083908081055,11.12692928314209,13.483341217041016,14.837080001831055,13.996031761169434,13.386200904846191,12.003113746643066,10.092876434326172,10.171985626220703,12.370203971862793,14.401529312133789,16.63785743713379
20.367229461669922,28.559402465820312,28.921794891357422,28.69035530090332,26.85171127319336,23.778226852416992,23.22793197631836,26.35087013244629,30.020713806152344,29.799531936645508,27.20929718017578,24.641530990600586,23.880464553833008,23.99669647216797,24.214035034179688,27.47456169128418,31.55392837524414,30.756717681884766,12.123172760009766,4.6572675704956055,7.853516101837158,10.941391944885254,11.703250885009766,10.341458320617676,10.888964653015137,15.608651161193848,13.980735778808594,10.459040641784668,8.49425983428955,9.133628845214844,9.287015914916992,9.617746353149414,11.114124298095703,13.695549011230469,16.137182235717773,17.458864212036133,17.074691772460938,16.560932159423828,16.407217025756836,15.266292572021484,13.401385307312012,14.047701835632324,17.355188369750977,18.297454833984375
19.99102020263672,24.8132266998291,25.454137802124023,26.023908615112305,26.480493545532227,25.498706817626953,26.156414031982422,29.376344680786133,31.11117935180664,28.98567008972168,28.8000545501709,27.259857177734375,23.549192428588867,24.35504722595215,26.491355895996094,24.64955711364746,31.245594024658203,19.61680030822754,3.759552240371704,3.3410370349884033,7.501219749450684,10.634781837463379,13.53464412689209,16.506887435913086,19.449125289916992,21.252792358398438,18.6068058013916,14.552024841308594,12.143107414245605,12.218501091003418,12.104239463806152,11.894667625427246,13.117046356201172,16.06342124938965,18.39409065246582,18.93378448486328,18.30144500732422,17.591636657714844,18.231279373168945,19.09830093383789,18.575361251831055,18.799924850463867,20.757707595825195,22.374065399169922
19.668378829956055,22.217798233032227,22.971492767333984,23.810434341430664,25.420639038085938,27.256183624267578,30.925796508789062,34.680267333984375,32.87118911743164,28.524478912353516,28.675737380981445,30.75318145751953,29.02805519104004,28.101125717163086,30.926145553588867,28.096710205078125,26.948427200317383,12.101907730102539,2.831162214279175,8.75187873840332,12.635706901550293,14.795077323913574,16.717548370361328,19.6304874420166,23.73310661315918,24.85042381286621,22.185964584350586,18.711620330810547,16.68231201171875,16.19514274597168,15.148930549621582,13.925219535827637,14.390600204467773,16.898469924926758,20.076263427734375,21.357316970825195,20.348960876464844,18.42824363708496,17.83090591430664,19.284151077270508,20.873111724853516,22.05176544189453,22.398061752319336,23.286373138427734
19.365339279174805,20.460519790649414,20.48299789428711,21.371599197387695,22.405675888061523,25.970630645751953,30.792692184448242,33.68552780151367,32.993125915527344,29.076826095581055,27.13283920288086,29.48980140686035,31.806251525878906,32.7987060546875,33.8863639831543,33.50273895263672,28.591480255126953,11.816503524780273,5.279605388641357,12.793444633483887,15.750627517700195,16.57196617126465,18.117013931274414,21.131122589111328,24.799882888793945,25.130456924438477,22.363998413085938,19.71116828918457,18.899682998657227,19.200923919677734,18.256059646606445,16.52031135559082,16.16811752319336,17.546470642089844,20.455495834350586,22.786771774291992,22.2235164642334,19.649333953857422,17.587932586669922,17.956056594848633,19.732067108154297,21.757062911987305,22.38827896118164,22.580841064453125
16.539506912231445,19.01734733581543,19.72111701965332,20.658906936645508,20.93488121032715,22.479028701782227,25.24494171142578,26.750503540039062,26.609716415405273,28.153989791870117,30.41924476623535,31.86969566345215,32.82480239868164,34.91056442260742,33.02530288696289,35.8603630065918,30.643648147583008,11.654773712158203,9.044844627380371,15.507936477661133,17.605018615722656,18.245634078979492,19.500492095947266,22.406845092773438,25.0458927154541,24.547536849975586,21.746917724609375,19.71538543701172,19.599929809570312,20.86492347717285,20.854663848876953,19.45827865600586,18.70879364013672,19.326168060302734,20.81260108947754,22.502479553222656,22.335336685180664,20.340471267700195,18.118349075317383,17.30967903137207,18.004985809326172,19.642301559448242,21.020187377929688,21.877620697021484
