data/wind_data/wind_19_5.json
{"header": {"parameterUnit": "KT", "parameterCategory": 2, "nx": 256, "ny": 198, "lo1": 44.73521041870117, "la1": -3.236724853515625, "lo2": 111.26478576660156, "la2": 43.468475341796875, "dx": 0.2609002888202667, "dy": -0.23708222806453705, "refTime": "2025-02-19 19:00:00", "forecastTime": 0, "parameterNumber": 2, "parameterNumberName": "eastward_wind"}, "data":
[rows 76 to 94 of 198, columns 44 to 87 of 256]
10.308425903320312,10.805893898010254,11.123291015625,11.29517650604248,11.378318786621094,11.312983512878418,11.112207412719727,10.94903564453125,10.908482551574707,10.884698867797852,10.74425983428955,10.479586601257324,10.169897079467773,9.909757614135742,9.786504745483398,9.820307731628418,9.972787857055664,10.176198959350586,10.374876022338867,10.516134262084961,10.574109077453613,10.587523460388184,10.63446044921875,10.739781379699707,10.873640060424805,11.008109092712402,11.133489608764648,11.225680351257324,11.240283012390137,11.168500900268555,11.037336349487305,10.903916358947754,10.819682121276855,10.790785789489746,10.766151428222656,10.654223442077637,10.434444427490234,10.155591011047363,9.851166725158691,9.541029930114746,9.178677558898926,8.768373489379883,8.350914001464844,7.975088596343994
11.296202659606934,11.938746452331543,12.3402681350708,12.558485984802246,12.697428703308105,12.663389205932617,12.43245792388916,12.203283309936523,12.101882934570312,12.014174461364746,11.824848175048828,11.584794044494629,11.397102355957031,11.293649673461914,11.275277137756348,11.369974136352539,11.591035842895508,11.903426170349121,12.221451759338379,12.442781448364258,12.505191802978516,12.431357383728027,12.324810981750488,12.293895721435547,12.394293785095215,12.603943824768066,12.811917304992676,12.899548530578613,12.846878051757812,12.723366737365723,12.608531951904297,12.54396915435791,12.533149719238281,12.565799713134766,12.610418319702148,12.59203815460205,12.43335247039795,12.110477447509766,11.652015686035156,11.1165771484375,10.592315673828125,10.14036750793457,9.790797233581543,9.552395820617676
12.097441673278809,12.781632423400879,13.20455265045166,13.40384578704834,13.49271297454834,13.417961120605469,13.222062110900879,13.0928955078125,13.09321117401123,13.064101219177246,12.891080856323242,12.672849655151367,12.552062034606934,12.573718070983887,12.698249816894531,12.888279914855957,13.125190734863281,13.395648956298828,13.671099662780762,13.904045104980469,14.0466947555542,14.094765663146973,14.076936721801758,14.058526992797852,14.12859058380127,14.332301139831543,14.58397102355957,14.720974922180176,14.674165725708008,14.539969444274902,14.444351196289062,14.430540084838867,14.45572280883789,14.478506088256836,14.481828689575195,14.459807395935059,14.369607925415039,14.14455795288086,13.731640815734863,13.140527725219727,12.463719367980957,11.835533142089844,11.369674682617188,11.110950469970703
12.677797317504883,13.226944923400879,13.608926773071289,13.76653003692627,13.781259536743164,13.665962219238281,13.535699844360352,13.57873249053955,13.800760269165039,13.995343208312988,14.017683029174805,13.92488956451416,13.870265007019043,13.972875595092773,14.248357772827148,14.60352611541748,14.908248901367188,15.090010643005371,15.175848007202148,15.24050521850586,15.347448348999023,15.51155948638916,15.6843843460083,15.809199333190918,15.899879455566406,16.027536392211914,16.208959579467773,16.367618560791016,16.439016342163086,16.446001052856445,16.455244064331055,16.493423461914062,16.508668899536133,16.4521484375,16.327457427978516,16.1945743560791,16.094242095947266,15.9644136428833,15.678242683410645,15.1637601852417,14.47453784942627,13.749322891235352,13.148225784301758,12.781041145324707
13.23414421081543,13.415698051452637,13.628174781799316,13.789469718933105,13.901575088500977,13.918936729431152,13.936328887939453,14.112436294555664,14.439339637756348,14.766192436218262,14.986960411071777,15.103906631469727,15.190112113952637,15.376388549804688,15.748621940612793,16.237234115600586,16.651248931884766,16.844223022460938,16.843090057373047,16.799440383911133,16.849658966064453,17.03522300720215,17.283309936523438,17.48316192626953,17.60171890258789,17.6843204498291,17.791454315185547,17.935646057128906,18.08685302734375,18.215248107910156,18.31907844543457,18.397247314453125,18.406658172607422,18.291290283203125,18.05465316772461,17.792919158935547,17.605409622192383,17.473501205444336,17.266538619995117,16.866132736206055,16.274293899536133,15.597622871398926,14.985875129699707,14.580161094665527
14.253952980041504,14.211909294128418,14.095806121826172,14.14910888671875,14.34249496459961,14.546753883361816,14.769707679748535,15.048701286315918,15.345085144042969,15.603165626525879,15.833030700683594,16.051206588745117,16.289020538330078,16.61294937133789,17.057119369506836,17.54848861694336,17.941558837890625,18.158750534057617,18.25617027282715,18.354270935058594,18.532033920288086,18.780506134033203,19.00962257385254,19.13671875,19.181636810302734,19.221818923950195,19.327184677124023,19.524789810180664,19.77313804626465,19.986888885498047,20.106691360473633,20.12316131591797,20.030353546142578,19.815025329589844,19.511520385742188,19.20447540283203,18.9689998626709,18.78788948059082,18.561243057250977,18.217437744140625,17.78339195251465,17.345687866210938,16.968088150024414,16.68948745727539
16.12601661682129,15.9054536819458,15.588500022888184,15.448387145996094,15.509349822998047,15.711883544921875,16.00699806213379,16.300424575805664,16.51390838623047,16.677326202392578,16.863008499145508,17.091690063476562,17.38559341430664,17.78295135498047,18.258302688598633,18.70572853088379,19.03571891784668,19.266704559326172,19.499128341674805,19.807329177856445,20.187602996826172,20.562314987182617,20.79912567138672,20.833993911743164,20.757469177246094,20.720325469970703,20.836130142211914,21.131776809692383,21.515735626220703,21.824668884277344,21.93773078918457,21.836759567260742,21.555940628051758,21.145601272583008,20.70306396484375,20.35679817199707,20.156518936157227,20.02625846862793,19.84564208984375,19.58954620361328,19.340932846069336,19.174663543701172,19.08972930908203,19.034786224365234
18.176923751831055,17.834489822387695,17.35772132873535,17.18216323852539,17.243467330932617,17.379581451416016,17.563663482666016,17.730379104614258,17.83260726928711,17.94476318359375,18.142778396606445,18.41466522216797,18.756568908691406,19.154518127441406,19.5555419921875,19.915861129760742,20.250158309936523,20.616832733154297,21.041086196899414,21.504688262939453,21.963268280029297,22.3460693359375,22.54346466064453,22.526979446411133,22.400859832763672,22.315221786499023,22.416156768798828,22.773693084716797,23.28788948059082,23.729948043823242,23.884765625,23.679040908813477,23.17448616027832,22.505168914794922,21.85582733154297,21.415050506591797,21.24110221862793,21.224687576293945,21.211502075195312,21.158388137817383,21.12607765197754,21.16608238220215,21.266016006469727,21.358613967895508
19.68646240234375,19.29564666748047,18.8701171875,18.752803802490234,18.90032386779785,19.02935791015625,19.099952697753906,19.11341667175293,19.11802864074707,19.226842880249023,19.485885620117188,19.848142623901367,20.26604652404785,20.67349624633789,21.01649284362793,21.33394432067871,21.72195816040039,22.24288558959961,22.854215621948242,23.42683982849121,23.85126304626465,24.081829071044922,24.12602996826172,24.05326271057129,23.961421966552734,23.93384552001953,24.073545455932617,24.459613800048828,25.01912498474121,25.529443740844727,25.748493194580078,25.54701805114746,24.955045700073242,24.127803802490234,23.30986976623535,22.729679107666016,22.503450393676758,22.543888092041016,22.69171714782715,22.853376388549805,22.99199676513672,23.10342788696289,23.201679229736328,23.27947998046875
21.329275131225586,20.892719268798828,20.27890396118164,19.91001319885254,19.93845558166504,20.15658187866211,20.282634735107422,20.221229553222656,20.175853729248047,20.355514526367188,20.720090866088867,21.135099411010742,21.526866912841797,21.893657684326172,22.278228759765625,22.72892951965332,23.278039932250977,23.928401947021484,24.5992374420166,25.13481330871582,25.42391586303711,25.475122451782227,25.395917892456055,25.32988166809082,25.371572494506836,25.531108856201172,25.807050704956055,26.200607299804688,26.64436149597168,27.00900650024414,27.159820556640625,26.98318862915039,26.455764770507812,25.711763381958008,24.97001838684082,24.406787872314453,24.1119441986084,24.101238250732422,24.3103084564209,24.612661361694336,24.872278213500977,25.01888084411621,25.035808563232422,24.935420989990234
22.62851905822754,22.100664138793945,21.592607498168945,21.269590377807617,21.26637840270996,21.47062873840332,21.47939109802246,21.215211868286133,21.07845687866211,21.32072639465332,21.76531219482422,22.158447265625,22.428146362304688,22.71268653869629,23.172161102294922,23.8338623046875,24.60028076171875,25.326522827148438,25.875539779663086,26.174930572509766,26.259445190429688,26.24781608581543,26.26328468322754,26.393178939819336,26.66487693786621,27.03774070739746,27.447755813598633,27.825698852539062,28.097030639648438,28.209692001342773,28.156667709350586,27.907039642333984,27.45342254638672,26.902910232543945,26.411836624145508,26.072574615478516,25.9040470123291,25.913841247558594,26.09535789489746,26.39335060119629,26.706462860107422,26.91899871826172,26.91392707824707,26.653711318969727
24.33607292175293,23.897748947143555,23.19855499267578,22.66672706604004,22.56144142150879,22.622802734375,22.425222396850586,22.039031982421875,21.901180267333984,22.153839111328125,22.553300857543945,22.871665954589844,23.118045806884766,23.458810806274414,24.02161979675293,24.80714988708496,25.677352905273438,26.375675201416016,26.688213348388672,26.647165298461914,26.519733428955078,26.559154510498047,26.848098754882812,27.322494506835938,27.856914520263672,28.335552215576172,28.708356857299805,28.96758460998535,29.09398651123047,29.083635330200195,28.9388484954834,28.642108917236328,28.214582443237305,27.791017532348633,27.500463485717773,27.39438247680664,27.45798683166504,27.647062301635742,27.91184425354004,28.205486297607422,28.47231674194336,28.625995635986328,28.56307029724121,28.243724822998047
24.52315330505371,24.029539108276367,23.231719970703125,22.774538040161133,22.96431541442871,23.360239028930664,23.262042999267578,22.82210922241211,22.638822555541992,22.851306915283203,23.185035705566406,23.45394515991211,23.784202575683594,24.338436126708984,25.106172561645508,25.960039138793945,26.72562599182129,27.17562484741211,27.186689376831055,26.945392608642578,26.813081741333008,27.013904571533203,27.55304527282715,28.290523529052734,28.982749938964844,29.4284725189209,29.606931686401367,29.642059326171875,29.65496253967285,29.6534423828125,29.576932907104492,29.326871871948242,28.909563064575195,28.513429641723633,28.316667556762695,28.367509841918945,28.627281188964844,29.004667282104492,29.385942459106445,29.686227798461914,29.8802490234375,29.96526527404785,29.901948928833008,29.633493423461914
24.5097599029541,24.294170379638672,23.78146743774414,23.281749725341797,23.27412986755371,23.579736709594727,23.51180076599121,23.081911087036133,22.93462562561035,23.303916931152344,23.854814529418945,24.304340362548828,24.79316520690918,25.5166015625,26.43195343017578,27.304174423217773,27.85227394104004,27.879886627197266,27.503948211669922,27.156538009643555,27.183671951293945,27.61118507385254,28.303329467773438,29.09613037109375,29.761058807373047,30.099668502807617,30.117473602294922,30.063945770263672,30.149354934692383,30.332420349121094,30.4195499420166,30.204544067382812,29.71803092956543,29.240297317504883,29.022031784057617,29.139677047729492,29.520017623901367,30.004043579101562,30.414230346679688,30.664138793945312,30.805824279785156,30.931352615356445,30.991857528686523,30.84526252746582
24.996965408325195,24.66669464111328,24.44822883605957,24.273942947387695,24.44951057434082,24.906391143798828,24.982749938964844,24.62005043029785,24.34247589111328,24.451234817504883,24.79402732849121,25.226463317871094,25.89446449279785,26.826332092285156,27.82198715209961,28.57635498046875,28.817129135131836,28.468162536621094,27.8444881439209,27.46393585205078,27.60916519165039,28.15532112121582,28.841136932373047,29.483610153198242,29.934892654418945,30.093570709228516,30.041059494018555,30.06270408630371,30.388595581054688,30.935033798217773,31.323183059692383,31.219985961914062,30.698253631591797,30.150602340698242,29.8892879486084,29.982160568237305,30.340471267700195,30.797164916992188,31.170156478881836,31.38945960998535,31.557247161865234,31.777555465698242,31.942760467529297,31.859329223632812
25.179224014282227,24.7492733001709,24.513107299804688,24.36029052734375,24.506568908691406,25.18809700012207,25.803401947021484,25.846820831298828,25.589534759521484,25.487247467041016,25.657211303710938,26.152616500854492,27.073034286499023,28.18263816833496,29.098712921142578,29.56073570251465,29.47403335571289,28.945220947265625,28.323762893676758,28.030345916748047,28.223508834838867,28.691112518310547,29.180503845214844,29.55019760131836,29.776437759399414,29.884565353393555,29.963220596313477,30.147001266479492,30.54916763305664,31.122926712036133,31.616064071655273,31.739429473876953,31.5068416595459,31.197277069091797,31.024799346923828,31.051185607910156,31.24591827392578,31.547761917114258,31.84832191467285,32.11176681518555,32.405372619628906,32.733612060546875,32.93227767944336,32.82571792602539
25.698060989379883,24.965442657470703,24.824262619018555,24.711917877197266,24.609115600585938,25.06340217590332,26.03799057006836,26.770565032958984,26.931106567382812,26.922954559326172,27.063535690307617,27.64140510559082,28.5878963470459,29.519062042236328,30.11250877380371,30.295568466186523,30.107776641845703,29.641334533691406,29.140111923217773,28.901700973510742,28.97712516784668,29.174928665161133,29.393449783325195,29.598342895507812,29.78120231628418,30.002178192138672,30.37316131591797,30.89039421081543,31.43083953857422,31.831340789794922,31.999835968017578,31.994239807128906,31.997962951660156,32.11050033569336,32.27248001098633,32.415985107421875,32.529502868652344,32.64089584350586,32.77375411987305,32.98838424682617,33.31036376953125,33.66063690185547,33.88703918457031,33.84622573852539
27.894229888916016,26.52141761779785,25.85043716430664,25.781898498535156,25.737619400024414,25.890628814697266,26.64192008972168,27.614521026611328,28.18924331665039,28.472082138061523,28.76419448852539,29.37860870361328,30.144163131713867,30.689393997192383,30.936567306518555,30.986042022705078,30.83586311340332,30.44181251525879,29.985605239868164,29.73139190673828,29.655765533447266,29.635299682617188,29.685935974121094,29.8996524810791,30.29180145263672,30.801950454711914,31.402528762817383,32.0884895324707,32.75353240966797,33.208980560302734,33.318023681640625,33.16852569580078,33.068580627441406,33.25678634643555,33.677284240722656,34.089664459228516,34.322669982910156,34.365264892578125,34.30756378173828,34.306156158447266,34.412967681884766,34.540340423583984,34.62515640258789,34.63325119018555
30.292999267578125,29.377159118652344,27.815404891967773,27.294239044189453,27.343469619750977,27.413524627685547,27.745628356933594,28.56595802307129,29.359699249267578,29.832767486572266,30.148527145385742,30.682212829589844,31.29607391357422,31.68379783630371,31.815988540649414,31.761646270751953,31.470674514770508,30.905685424804688,30.356252670288086,30.032691955566406,29.92243003845215,29.96733283996582,30.180767059326172,30.643972396850586,31.36253547668457,32.187320709228516,32.93296813964844,33.582542419433594,34.142784118652344,34.57029342651367,34.76938247680664,34.733482360839844,34.66038513183594,34.82144546508789,35.28571701049805,35.843502044677734,36.229007720947266,36.319583892822266,36.1617546081543,35.94810104370117,35.77461624145508,35.59864044189453,35.423213958740234,35.329734802246094
