data/wind_data/wind_31_1.json
{"header": {"parameterUnit": "KT", "parameterCategory": 2, "nx": 256, "ny": 198, "lo1": 44.73521041870117, "la1": -3.236724853515625, "lo2": 111.26478576660156, "la2": 43.468475341796875, "dx": 0.2609002888202667, "dy": -0.23708222806453705, "refTime": "2025-02-20 07:00:00", "forecastTime": 0, "parameterNumber": 2, "parameterNumberName": "eastward_wind"}, "data":
[rows 57 to 75 of 198, columns 86 to 128 of 256]
-4.9738030433654785,-5.942525386810303,-3.534294843673706,-4.684478759765625,-1.9913628101348877,-5.261393070220947,-2.6175193786621094,-4.537421226501465,-2.8642752170562744,-4.892105579376221,-2.0374083518981934,-1.7698569297790527,-2.5835020542144775,-1.8882793188095093,-3.681166887283325,-1.5909483432769775,-0.6885898113250732,0.10294844955205917,-2.9080073833465576,2.4460530281066895,0.5067723393440247,-0.18923668563365936,2.1048390865325928,1.9766242504119873,1.6993223428726196,2.4163198471069336,3.7355525493621826,3.2763607501983643,4.4911208152771,1.2365810871124268,5.871367454528809,6.001854419708252,7.8295111656188965,4.626493453979492,1.2776546478271484,-4.212705612182617,-10.781330108642578,-6.716427803039551,-6.794405937194824,-4.737479209899902,-5.8240437507629395,-0.9833201169967651,-2.855231761932373
-5.621585845947266,-4.534495830535889,-3.2788608074188232,-4.333243370056152,-3.8841357231140137,-2.1293530464172363,-4.048038005828857,-1.874733567237854,-2.147327423095703,-4.696321487426758,-0.0033600099850445986,-4.4918670654296875,-3.6212356090545654,-2.0966455936431885,-2.45241117477417,-2.923104763031006,-1.122023344039917,-0.8401809334754944,1.067461609840393,-1.195322036743164,1.6161171197891235,-0.7844833135604858,4.275465488433838,0.3255455195903778,2.8398547172546387,2.0002031326293945,4.423993110656738,2.641139507293701,3.258514165878296,4.013588905334473,4.556848049163818,11.037215232849121,2.019535541534424,4.680311679840088,-4.869217395782471,-6.909814834594727,-7.273190498352051,-6.141054630279541,-7.467864990234375,-7.848550319671631,-5.3501410484313965,-1.2181179523468018,-3.6024105548858643
-4.436859607696533,-4.774209976196289,-3.127812623977661,-3.6436266899108887,-4.432124137878418,-0.3172442317008972,-3.859531879425049,-1.9000698328018188,-2.671875476837158,-3.9343700408935547,-1.9277433156967163,-2.704608201980591,-3.1463356018066406,-3.5892558097839355,-0.8682163953781128,-2.51533842086792,-1.6696313619613647,-1.5639981031417847,0.32785242795944214,0.6727274656295776,0.5170354843139648,1.9097328186035156,2.646925926208496,1.9213249683380127,4.216467380523682,2.6055662631988525,4.960881233215332,4.036940097808838,3.41699481010437,4.462399005889893,4.028118133544922,11.329482078552246,0.15787827968597412,1.4935646057128906,-8.835408210754395,-6.3543548583984375,-5.931051254272461,-5.5152482986450195,-7.9010701179504395,-7.816797733306885,-5.947251796722412,-2.562671422958374,-5.857847690582275
-4.845394611358643,-5.403322696685791,-2.4118638038635254,-3.4562666416168213,-3.74296498298645,-1.2426823377609253,-2.861182689666748,-1.6778316497802734,-4.102843761444092,-1.5155926942825317,-2.9403839111328125,-0.13214728236198425,-4.4721999168396,-2.04465913772583,-3.2157890796661377,-0.12780268490314484,-1.3456382751464844,-2.1648411750793457,0.33874309062957764,1.242480754852295,1.3318266868591309,3.2485554218292236,1.4840878248214722,2.970801591873169,4.143070220947266,2.9705636501312256,2.6162853240966797,3.5787060260772705,2.9754891395568848,2.984570264816284,8.726181983947754,4.936649799346924,3.652930736541748,-4.85262393951416,-8.904897689819336,-5.657999515533447,-7.273326873779297,-3.3797149658203125,-6.3928046226501465,-2.7388973236083984,-8.005640983581543,-4.369078159332275,-7.703409671783447
-5.50950288772583,-4.191293239593506,-4.207137584686279,-0.9270378947257996,-3.264143228530884,-0.7061623930931091,-1.7055977582931519,-1.2573754787445068,-2.058528423309326,-2.083441972732544,-3.0715131759643555,-3.9078257083892822,-2.249492883682251,-2.646728754043579,-0.35437819361686707,-3.462919235229492,-1.0437175035476685,0.13767333328723907,-1.0081675052642822,1.1915712356567383,1.8201006650924683,2.4937236309051514,2.3756308555603027,3.042722702026367,4.120711803436279,0.9633825421333313,0.6079480648040771,1.9342471361160278,3.1625185012817383,2.5308375358581543,11.415547370910645,2.5921406745910645,6.059883117675781,-4.149427890777588,-9.8870849609375,-5.494051456451416,-7.106659889221191,-3.4058573246002197,-4.76607608795166,-2.2414944171905518,-7.231972694396973,-6.598290920257568,-7.063653469085693
-4.555908203125,-3.4930813312530518,-3.705982208251953,0.6357594728469849,-3.1681509017944336,-0.32914337515830994,-2.0209357738494873,-1.1717270612716675,-1.8019672632217407,-2.015918493270874,-2.254262924194336,-2.226167917251587,-2.99379563331604,-2.232116222381592,-2.22912335395813,-1.260209560394287,-1.6027380228042603,-1.662741780281067,-1.0372530221939087,1.5525707006454468,1.5812500715255737,2.1668195724487305,3.876840353012085,2.0512547492980957,4.2848286628723145,1.986815333366394,2.311765432357788,1.7571337223052979,2.718498945236206,7.09725284576416,7.936198711395264,4.834718227386475,5.513184547424316,-5.933189392089844,-7.812069892883301,-7.453848361968994,-6.313395023345947,-4.310279369354248,-4.287091255187988,-4.392384052276611,-6.655189514160156,-6.282352447509766,-7.519577980041504
-3.328350782394409,-3.1699140071868896,-2.601252555847168,-1.7248255014419556,-3.0943026542663574,-1.553481936454773,-2.962588310241699,-1.8035213947296143,-2.5277016162872314,-2.6132240295410156,-2.83612322807312,-2.778595209121704,-2.6744844913482666,-2.6088485717773438,-2.1982791423797607,-2.4530158042907715,-2.4665184020996094,-1.7768115997314453,-0.6237766742706299,0.6024208068847656,1.8166229724884033,2.106839895248413,4.712070465087891,1.3355783224105835,4.477207183837891,3.072175979614258,4.108931541442871,3.6619186401367188,3.1333823204040527,10.51504135131836,4.940084457397461,6.817975997924805,1.5231094360351562,-9.64716625213623,-5.460052967071533,-7.797796726226807,-6.168724536895752,-5.093324661254883,-4.905680179595947,-6.383841037750244,-5.88864278793335,-7.209624290466309,-7.63173770904541
-3.194615125656128,-2.447903633117676,-1.5301012992858887,-2.6573009490966797,-2.7076048851013184,-2.9386446475982666,-2.373431444168091,-2.668755531311035,-2.237236261367798,-2.9286468029022217,-2.9859070777893066,-3.2888970375061035,-3.2413759231567383,-3.1288983821868896,-3.0817601680755615,-2.9483463764190674,-2.9627788066864014,-2.62882137298584,-1.5425077676773071,-1.6786839962005615,0.15141472220420837,0.7337773442268372,2.2230515480041504,2.434856414794922,3.5960075855255127,3.454587459564209,5.714053630828857,4.171655178070068,4.05911922454834,11.282196998596191,4.554642677307129,5.307806491851807,-5.409999847412109,-8.008999824523926,-5.428267955780029,-7.394811630249023,-5.669818878173828,-5.783881664276123,-5.418325424194336,-7.362952709197998,-6.777245044708252,-7.6350016593933105,-7.91349983215332
-2.842198133468628,-2.221005916595459,-1.7672076225280762,-2.13435435295105,-3.2565228939056396,-2.6836040019989014,-2.374955415725708,-2.3919360637664795,-2.4859843254089355,-2.601309299468994,-3.52876615524292,-3.4999709129333496,-3.7643606662750244,-3.5592164993286133,-3.2481307983398438,-2.964630365371704,-2.4931375980377197,-2.2422993183135986,-1.7532744407653809,-1.0044792890548706,-1.2403535842895508,0.9966300129890442,0.44902652502059937,3.614665985107422,2.4930899143218994,4.823688507080078,4.223083972930908,6.414172172546387,2.9230124950408936,10.916402816772461,5.453929424285889,3.2326622009277344,-5.197177410125732,-6.389117240905762,-5.596912384033203,-6.437711238861084,-5.14996862411499,-5.664429664611816,-5.948589324951172,-6.591432571411133,-6.210747241973877,-7.99843692779541,-7.847476959228516
-3.2608871459960938,-3.154879093170166,-3.014119863510132,-1.3777666091918945,-2.570436477661133,-2.021193504333496,-1.9633439779281616,-2.106740713119507,-2.720970630645752,-2.349104881286621,-3.789182424545288,-3.7745182514190674,-4.13675594329834,-4.094820022583008,-3.935128688812256,-3.556375026702881,-2.9690611362457275,-2.557957410812378,-2.1175007820129395,-1.073659062385559,-0.8354781270027161,0.8033864498138428,-0.5403576493263245,2.814171314239502,2.894644260406494,6.142463207244873,3.0743939876556396,5.379348278045654,6.654090404510498,6.325334548950195,4.952696323394775,0.08767929673194885,-6.388829231262207,-2.744948625564575,-7.226639270782471,-6.11118221282959,-5.312382698059082,-4.6224446296691895,-5.533902168273926,-6.084993839263916,-5.627821922302246,-7.162672996520996,-7.783316612243652
-3.275683641433716,-3.1705405712127686,-3.346850872039795,-1.702906847000122,-3.1777291297912598,-2.2838528156280518,-2.2938711643218994,-2.8717410564422607,-3.173431396484375,-2.947489023208618,-3.373424768447876,-3.9465346336364746,-4.1463165283203125,-4.255797863006592,-3.8141462802886963,-3.427751064300537,-2.7829818725585938,-2.635117769241333,-2.347362518310547,-2.1625378131866455,-1.1348332166671753,-0.3457426130771637,0.946928083896637,1.0718166828155518,3.6746037006378174,4.8338422775268555,1.8266119956970215,4.2938008308410645,9.961139678955078,4.94083833694458,4.191978454589844,-5.257307052612305,-4.430506706237793,-3.093048334121704,-5.582857131958008,-6.9707865715026855,-4.405941963195801,-4.707724094390869,-4.544547080993652,-6.00186014175415,-5.077942371368408,-5.722422122955322,-6.701290130615234
-2.8988590240478516,-2.035646438598633,-2.576964855194092,-1.879330039024353,-3.5377840995788574,-2.4656295776367188,-3.0105643272399902,-3.1888625621795654,-3.4126060009002686,-3.2778513431549072,-3.3801939487457275,-3.7851619720458984,-3.9165685176849365,-3.993629217147827,-3.4835593700408936,-2.9647295475006104,-2.4367165565490723,-2.546138286590576,-2.362311840057373,-2.491422653198242,-1.84573495388031,-1.0333644151687622,0.7885984182357788,2.117128849029541,3.618840456008911,3.60318660736084,5.157258987426758,3.1198651790618896,9.278215408325195,4.8845086097717285,2.2348217964172363,-6.062330722808838,-1.684617519378662,-4.01175594329834,-2.489072561264038,-7.009550094604492,-4.271239280700684,-4.63440465927124,-3.493816375732422,-6.091464996337891,-4.366907119750977,-5.096763610839844,-5.249025821685791
-2.659010887145996,-1.8271136283874512,-3.0133166313171387,-2.5204379558563232,-3.3692314624786377,-3.2186107635498047,-3.9684834480285645,-3.9658520221710205,-4.059645652770996,-3.634042501449585,-3.93241810798645,-3.809431791305542,-3.9063825607299805,-3.751041889190674,-3.216493606567383,-2.5320465564727783,-2.016077995300293,-2.2096614837646484,-2.2121121883392334,-2.3457272052764893,-2.0407495498657227,-1.4884884357452393,0.5403043031692505,1.6492201089859009,3.16721248626709,4.40513277053833,2.355319023132324,5.4097490310668945,5.850554943084717,3.5825698375701904,-0.13258111476898193,-5.180043697357178,-1.805593490600586,-3.8945400714874268,-0.8955888748168945,-6.5321502685546875,-4.267636775970459,-4.479875087738037,-2.9652771949768066,-5.176790237426758,-4.052915573120117,-4.296830177307129,-3.8456780910491943
-2.775230884552002,-3.1843090057373047,-3.0309698581695557,-3.191944122314453,-3.45597767829895,-4.198222637176514,-4.443750858306885,-5.124495983123779,-4.4765520095825195,-4.574631690979004,-4.374007225036621,-4.2918596267700195,-4.140258312225342,-3.8743600845336914,-3.231682777404785,-2.435811996459961,-1.854794979095459,-1.9511216878890991,-1.9796932935714722,-1.849123239517212,-1.5908361673355103,-1.4342385530471802,-0.26104676723480225,0.6009413599967957,2.9491472244262695,3.4734933376312256,3.8373074531555176,3.7876031398773193,3.8772120475769043,0.8341127038002014,-2.30446457862854,-4.722594738006592,-3.2234036922454834,-3.7862930297851562,-1.1294782161712646,-3.543806791305542,-5.40389347076416,-4.193741321563721,-2.943561315536499,-3.561275005340576,-3.864994525909424,-2.6958320140838623,-4.283905982971191
-3.3678905963897705,-3.4557688236236572,-2.9347164630889893,-3.4650797843933105,-3.8331587314605713,-4.3509111404418945,-4.778172492980957,-4.9788079261779785,-5.0770792961120605,-4.879447937011719,-4.850368976593018,-4.583850383758545,-4.370995998382568,-4.055299282073975,-3.2932708263397217,-2.5052361488342285,-1.9192560911178589,-2.118534564971924,-1.8421252965927124,-1.6546058654785156,-1.3877811431884766,-1.3840928077697754,-1.4755311012268066,-0.5011538863182068,2.6842260360717773,2.46563720703125,7.66198205947876,1.186264991760254,2.6488888263702393,-2.3787596225738525,-5.19414758682251,-4.053880214691162,-6.4420928955078125,-4.280869007110596,-3.136530876159668,-2.0357632637023926,-4.809759140014648,-3.8140408992767334,-3.71187424659729,-2.319247245788574,-2.965608835220337,-1.793967843055725,-3.914684772491455
-3.7066078186035156,-3.2213034629821777,-3.3564019203186035,-3.376953363418579,-3.8688557147979736,-4.205524921417236,-4.6347784996032715,-4.7964043617248535,-4.918320655822754,-4.993112087249756,-4.766063213348389,-4.523923873901367,-4.211343288421631,-3.773261308670044,-2.967393398284912,-2.552415609359741,-2.02545428276062,-2.325948715209961,-2.03337025642395,-2.029550552368164,-1.35205078125,-1.179107427597046,-1.8518686294555664,-1.2811949253082275,2.048704147338867,1.6651026010513306,8.608354568481445,4.431390285491943,-1.7297205924987793,-7.626672267913818,-5.815887928009033,-6.131624698638916,-5.824837684631348,-5.82338285446167,-4.86472225189209,-3.308483362197876,-3.0158331394195557,-3.9784505367279053,-3.831969976425171,-1.7614439725875854,-2.469047784805298,-1.508288025856018,-3.0204384326934814
-3.6121227741241455,-3.2107276916503906,-3.2975621223449707,-3.6944453716278076,-3.8325040340423584,-4.172858715057373,-4.3914618492126465,-4.527738094329834,-4.623020172119141,-4.591938495635986,-4.490427017211914,-4.370977401733398,-4.090514183044434,-3.6566596031188965,-2.750955820083618,-2.2567036151885986,-1.835033655166626,-2.179990768432617,-2.205976724624634,-2.4516992568969727,-1.0029691457748413,0.18041320145130157,0.19880037009716034,-1.062996506690979,2.5422868728637695,1.534782886505127,8.65155029296875,4.981203556060791,-8.989622116088867,-7.23195743560791,-7.0144267082214355,-6.672431945800781,-5.001638412475586,-5.194927215576172,-5.79322624206543,-4.994524955749512,-2.9601552486419678,-4.354123592376709,-3.7175798416137695,-2.2323861122131348,-2.4228029251098633,-1.7719777822494507,-2.4068779945373535
-3.3405630588531494,-3.1738181114196777,-3.1372952461242676,-3.7180514335632324,-3.7598109245300293,-4.133702754974365,-4.242260932922363,-4.292905330657959,-4.4705119132995605,-4.569284439086914,-4.316662311553955,-4.1985063552856445,-4.043430328369141,-3.7745418548583984,-3.046400308609009,-2.133161783218384,-1.6129530668258667,-1.759582281112671,-1.9638386964797974,-2.079418420791626,-0.6902438402175903,1.078693151473999,3.0092785358428955,2.784733533859253,1.0552672147750854,6.539131164550781,5.191436767578125,-10.060357093811035,-10.157983779907227,-7.408257007598877,-8.224170684814453,-6.525204658508301,-6.354765892028809,-5.440962791442871,-5.760352611541748,-5.645980358123779,-3.7832133769989014,-4.081754207611084,-3.9403438568115234,-3.214019536972046,-2.2012343406677246,-2.583629608154297,-1.9358094930648804
-3.1584064960479736,-2.8277499675750732,-2.681225299835205,-3.238718032836914,-3.5568196773529053,-3.8642728328704834,-4.096615314483643,-4.201649188995361,-4.286468982696533,-4.410799980163574,-4.181196212768555,-3.8904685974121094,-3.9144551753997803,-3.914401054382324,-3.550243377685547,-2.411926746368408,-1.6305716037750244,-1.4640856981277466,-1.5898241996765137,-1.4022581577301025,-0.3358227610588074,1.5200026035308838,5.448886871337891,5.678843021392822,7.933021068572998,3.876941680908203,-8.718822479248047,-12.556275367736816,-10.92585277557373,-10.122403144836426,-9.009507179260254,-7.810677528381348,-7.23834753036499,-6.788354396820068,-6.373486518859863,-5.642760276794434,-4.252028465270996,-4.576669692993164,-4.130268573760986,-2.984210968017578,-2.425513744354248,-2.0521490573883057,-1.1152198314666748
