data/wind_data/wind_2_9.json
{"header": {"parameterUnit": "KT", "parameterCategory": 2, "nx": 256, "ny": 198, "lo1": 44.73521041870117, "la1": -3.236724853515625, "lo2": 111.26478576660156, "la2": 43.468475341796875, "dx": 0.2609002888202667, "dy": -0.23708222806453705, "refTime": "2025-02-19 02:00:00", "forecastTime": 0, "parameterNumber": 2, "parameterNumberName": "eastward_wind"}, "data":
[rows 0 to 18 of 198, columns 44 to 87 of 256]
20.81029510498047,21.480411529541016,21.313932418823242,20.584413528442383,20.488483428955078,20.988855361938477,21.0582218170166,20.686338424682617,20.11810874938965,19.64861297607422,19.63829803466797,19.976612091064453,20.702434539794922,21.539451599121094,22.2761173248291,22.749528884887695,22.917360305786133,23.52033805847168,24.619478225708008,25.51601791381836,25.937063217163086,25.864532470703125,25.588563919067383,25.67792320251465,25.980350494384766,26.374778747558594,26.802974700927734,27.470720291137695,28.274869918823242,29.107955932617188,30.335721969604492,31.206405639648438,32.04579544067383,33.31856155395508,34.07882308959961,33.612022399902344,32.71139144897461,32.416099548339844,32.51690673828125,32.840476989746094,32.935611724853516,32.83595275878906,33.0069694519043,33.3243408203125
20.764482498168945,20.870391845703125,20.97759246826172,20.730180740356445,20.622594833374023,20.565961837768555,20.74310874938965,21.376596450805664,21.809165954589844,21.758230209350586,21.388294219970703,21.027021408081055,21.088302612304688,21.209108352661133,21.308029174804688,21.457365036010742,21.71147346496582,22.065778732299805,23.13935089111328,24.813865661621094,26.056318283081055,26.244728088378906,26.0849666595459,26.39198112487793,26.819416046142578,27.178722381591797,27.09791374206543,27.325557708740234,27.96360206604004,28.543569564819336,29.501720428466797,30.684110641479492,31.997024536132812,32.938514709472656,33.48652267456055,33.932098388671875,33.4730110168457,33.30535125732422,33.36738204956055,33.92030715942383,34.75254440307617,34.72507095336914,33.86141586303711,33.2463493347168
21.562519073486328,21.54660415649414,21.66465950012207,21.660526275634766,21.549348831176758,21.403358459472656,21.513887405395508,22.13551139831543,22.679296493530273,22.549930572509766,22.10873794555664,21.475061416625977,20.98721694946289,20.690797805786133,20.81019401550293,21.398664474487305,21.89291763305664,22.16761016845703,23.154644012451172,24.833086013793945,26.275619506835938,26.751962661743164,26.773784637451172,26.923263549804688,27.08531379699707,27.139301300048828,27.03624153137207,27.5079288482666,28.28113555908203,29.126327514648438,30.244834899902344,31.17578125,31.710031509399414,31.968828201293945,32.07579040527344,32.53687286376953,32.70796203613281,32.895660400390625,33.2568244934082,33.88768768310547,34.593528747558594,34.801849365234375,34.20987319946289,33.54176712036133
23.020780563354492,22.828514099121094,22.64065933227539,22.4404354095459,22.29816436767578,22.186174392700195,22.152257919311523,22.697750091552734,23.38679313659668,23.573631286621094,23.05951690673828,21.934579849243164,20.950315475463867,20.62156105041504,20.777830123901367,21.44270896911621,22.304349899291992,22.767513275146484,23.530132293701172,24.876922607421875,26.21432876586914,27.057891845703125,27.299163818359375,27.412687301635742,27.278635025024414,27.021690368652344,27.06854248046875,27.82849884033203,28.745532989501953,29.406600952148438,30.246414184570312,31.046754837036133,31.577768325805664,31.969900131225586,32.05051803588867,31.976144790649414,32.01747512817383,32.355979919433594,33.033912658691406,33.98118209838867,34.964439392089844,35.5976676940918,35.52482223510742,34.877010345458984
23.51068878173828,23.847206115722656,23.307456970214844,22.436481475830078,21.798208236694336,21.47901725769043,21.173851013183594,21.576526641845703,23.354808807373047,24.995038986206055,24.666000366210938,23.087783813476562,22.225692749023438,22.221328735351562,22.350704193115234,22.442678451538086,22.781328201293945,23.027002334594727,23.162139892578125,23.296106338500977,24.292369842529297,25.559419631958008,26.14080047607422,26.500967025756836,26.4886474609375,26.09684181213379,26.070072174072266,27.13299560546875,28.2199649810791,28.267906188964844,28.194313049316406,28.6505184173584,29.266324996948242,30.248207092285156,32.27403259277344,33.7734489440918,33.72789001464844,33.4420051574707,33.92203140258789,34.96390151977539,36.27791213989258,37.425559997558594,38.04739761352539,37.849613189697266
23.889738082885742,24.07363510131836,23.761493682861328,23.89997100830078,23.560136795043945,22.27398681640625,20.92083740234375,20.80348014831543,22.981359481811523,24.974349975585938,24.449342727661133,22.753890991210938,22.20930290222168,22.56806182861328,22.50742530822754,22.12713050842285,22.78380012512207,23.88829231262207,24.500259399414062,24.63343620300293,25.627548217773438,26.600248336791992,27.054285049438477,27.160263061523438,26.730499267578125,25.79665756225586,25.531585693359375,27.148399353027344,28.861852645874023,28.950138092041016,28.621564865112305,29.147968292236328,29.575881958007812,29.538908004760742,30.988183975219727,33.23017501831055,34.21289825439453,34.104644775390625,34.10411834716797,34.772682189941406,35.794315338134766,36.7230110168457,37.266178131103516,36.97718048095703
24.376628875732422,24.317771911621094,24.488344192504883,25.11018180847168,25.151290893554688,23.934097290039062,22.566143035888672,21.746379852294922,23.04574203491211,24.561126708984375,24.10219955444336,22.561603546142578,22.126543045043945,23.266298294067383,24.320571899414062,24.087848663330078,24.372299194335938,25.099647521972656,24.725215911865234,23.843246459960938,24.77039337158203,26.537612915039062,27.66061019897461,27.630413055419922,26.8039493560791,25.64118003845215,25.054174423217773,26.520734786987305,28.575220108032227,28.47024154663086,27.313129425048828,27.75176429748535,28.636049270629883,28.322223663330078,28.997583389282227,31.35090446472168,33.10499954223633,33.575626373291016,33.84197998046875,34.64461135864258,35.503692626953125,36.19097900390625,36.60089874267578,36.281463623046875
25.823320388793945,25.359224319458008,25.571060180664062,25.583410263061523,25.075641632080078,24.497310638427734,24.40709686279297,24.221128463745117,24.581867218017578,24.714670181274414,23.631677627563477,22.136911392211914,22.040834426879883,23.799728393554688,25.71595573425293,26.194427490234375,26.227706909179688,26.610172271728516,25.917240142822266,24.114261627197266,23.967580795288086,25.563928604125977,26.87926483154297,27.086288452148438,26.674392700195312,26.03596305847168,25.515504837036133,26.367502212524414,28.06456184387207,27.8862247467041,26.38165283203125,26.742448806762695,28.305095672607422,28.058990478515625,27.85793113708496,29.64334487915039,31.306055068969727,31.514606475830078,32.02499771118164,33.32238006591797,34.29690170288086,34.89748001098633,35.15333557128906,35.10269546508789
26.943889617919922,26.760435104370117,26.86990737915039,25.746721267700195,24.532455444335938,24.583553314208984,25.6790828704834,26.6514892578125,27.207902908325195,26.379005432128906,23.911752700805664,22.343032836914062,22.890565872192383,24.776134490966797,26.499835968017578,27.2266788482666,26.766056060791016,25.866931915283203,25.399614334106445,24.695545196533203,24.15972900390625,24.82872200012207,25.89798355102539,26.299989700317383,26.275922775268555,26.28620147705078,26.447484970092773,26.921100616455078,27.649702072143555,27.02457618713379,25.720645904541016,26.313247680664062,28.19898796081543,28.050548553466797,27.070297241210938,28.13933753967285,29.878835678100586,30.21832275390625,30.31368064880371,31.274658203125,32.15398406982422,32.698280334472656,33.11214065551758,33.75513458251953
27.399965286254883,27.571672439575195,26.98923110961914,25.331825256347656,24.594242095947266,25.535545349121094,26.851850509643555,27.67673683166504,27.66796875,26.416751861572266,23.842676162719727,22.984207153320312,24.724281311035156,26.48729705810547,27.02988052368164,26.57950210571289,25.13904571533203,23.612104415893555,24.248619079589844,25.226512908935547,24.689279556274414,24.362565994262695,24.863733291625977,25.147319793701172,25.299108505249023,25.687131881713867,26.242849349975586,26.360177993774414,26.14459228515625,25.480178833007812,25.12721061706543,25.976802825927734,27.416366577148438,27.645044326782227,26.896257400512695,27.178104400634766,28.498971939086914,29.205842971801758,29.63625717163086,30.807605743408203,31.734004974365234,31.863304138183594,32.24254608154297,33.28327560424805
27.238040924072266,27.815303802490234,27.049293518066406,25.438579559326172,25.614147186279297,27.45042610168457,27.5992374420166,26.727388381958008,26.45549964904785,25.911958694458008,24.25082015991211,24.015743255615234,25.951019287109375,27.005220413208008,26.317256927490234,25.10733985900879,23.798559188842773,22.44839859008789,23.002479553222656,24.717662811279297,24.45508575439453,23.66840934753418,23.827392578125,23.854496002197266,23.668411254882812,23.9549503326416,24.975038528442383,25.540842056274414,25.184038162231445,24.734848022460938,25.20142364501953,25.607084274291992,25.771278381347656,26.48139762878418,26.976228713989258,27.27275276184082,27.70938491821289,27.98015785217285,28.658641815185547,30.52064323425293,32.118370056152344,32.12215805053711,31.879409790039062,32.40305709838867
26.32071304321289,27.192081451416016,27.48667335510254,26.38202476501465,26.117788314819336,27.61839485168457,27.32175636291504,25.718645095825195,25.386959075927734,25.620229721069336,24.86957550048828,24.25697898864746,25.054370880126953,25.529951095581055,25.058895111083984,24.64715003967285,23.936471939086914,22.527359008789062,22.22064781188965,23.616029739379883,23.558250427246094,22.65373420715332,22.98455810546875,23.32448959350586,22.8238468170166,22.537843704223633,23.58534812927246,25.15256690979004,25.156579971313477,24.50358772277832,25.544635772705078,26.209232330322266,25.41493797302246,25.703140258789062,26.656831741333008,27.11533546447754,27.26106071472168,27.192441940307617,27.6707706451416,29.54261589050293,31.739315032958984,32.075626373291016,31.285974502563477,30.88140296936035
25.800519943237305,26.337223052978516,27.226072311401367,26.919208526611328,26.086563110351562,26.303930282592773,25.690937042236328,24.527219772338867,23.88134765625,23.75848960876465,23.616165161132812,23.38645362854004,23.63997459411621,23.834247589111328,23.961549758911133,24.769472122192383,24.56427574157715,23.589189529418945,23.817747116088867,25.26029396057129,24.420852661132812,22.610599517822266,23.018827438354492,23.756933212280273,22.71323013305664,21.22933006286621,21.53124237060547,23.563861846923828,24.598302841186523,24.709346771240234,25.9051513671875,27.00187873840332,26.2200870513916,25.755794525146484,26.311708450317383,26.59219741821289,26.20276641845703,26.06745147705078,27.060302734375,29.383228302001953,31.368345260620117,31.396297454833984,30.254329681396484,29.591310501098633
24.920257568359375,25.52024269104004,27.274581909179688,27.033113479614258,25.2976131439209,24.444149017333984,23.9801082611084,23.771886825561523,23.21828269958496,22.704988479614258,23.11939239501953,23.75794219970703,23.637521743774414,22.928972244262695,23.304414749145508,25.114561080932617,25.842594146728516,25.08128547668457,25.37944793701172,26.494606018066406,25.403785705566406,23.114938735961914,23.243839263916016,24.196718215942383,23.52686882019043,21.47090721130371,20.7982177734375,22.32697296142578,23.882427215576172,24.67559051513672,25.775819778442383,26.801082611083984,26.129840850830078,25.62495994567871,26.236316680908203,26.453792572021484,25.413053512573242,24.598878860473633,25.958837509155273,28.75828742980957,30.410297393798828,30.092121124267578,29.174842834472656,29.427528381347656
24.243030548095703,25.27857780456543,27.138408660888672,26.481447219848633,24.497608184814453,23.227336883544922,23.124528884887695,23.478670120239258,22.80660057067871,22.21206283569336,23.534822463989258,24.797391891479492,24.2567138671875,23.28655433654785,24.236238479614258,26.038928985595703,25.642465591430664,24.11565589904785,24.365386962890625,25.601665496826172,25.473960876464844,24.166667938232422,23.772851943969727,23.71230125427246,23.585861206054688,22.92463493347168,22.038728713989258,22.47429084777832,24.032072067260742,24.87773895263672,25.615201950073242,26.609437942504883,26.114322662353516,25.453826904296875,25.950637817382812,26.186826705932617,25.132741928100586,24.36211395263672,25.344026565551758,27.301097869873047,28.819772720336914,29.26382827758789,29.282588958740234,29.997394561767578
24.122636795043945,25.06947135925293,26.503644943237305,25.58948516845703,23.8955078125,22.712305068969727,22.483354568481445,23.209184646606445,23.354442596435547,22.81334686279297,24.168617248535156,25.505876541137695,24.409381866455078,22.960195541381836,24.08708381652832,25.82710075378418,24.710344314575195,23.286840438842773,24.14959144592285,25.19818878173828,24.903902053833008,24.16273307800293,23.664127349853516,22.739627838134766,22.923828125,23.543209075927734,23.19462776184082,22.897266387939453,24.292064666748047,25.396575927734375,25.65411376953125,26.563926696777344,26.76769256591797,26.132368087768555,26.189607620239258,26.15763282775879,25.17354393005371,24.86163902282715,25.698564529418945,26.87529945373535,28.296419143676758,28.989097595214844,29.233137130737305,29.890857696533203
23.620864868164062,24.212129592895508,25.622940063476562,24.841419219970703,23.212736129760742,22.734050750732422,23.162914276123047,23.934682846069336,24.722118377685547,25.015430450439453,25.389577865600586,25.670080184936523,24.358327865600586,22.556493759155273,23.254531860351562,24.749544143676758,23.943634033203125,22.87386703491211,23.279706954956055,23.655046463012695,23.33071517944336,22.95557975769043,22.459299087524414,22.314682006835938,22.999616622924805,23.002300262451172,22.409963607788086,22.082632064819336,23.609281539916992,25.838685989379883,26.668373107910156,26.824726104736328,26.97699546813965,26.907381057739258,27.034940719604492,26.693347930908203,25.698915481567383,25.70206642150879,26.359724044799805,27.333574295043945,28.661453247070312,29.145009994506836,29.156675338745117,29.529314041137695
25.129913330078125,24.672000885009766,24.854270935058594,24.063690185546875,22.45815086364746,22.467737197875977,23.837602615356445,24.619508743286133,25.28610610961914,25.76571273803711,25.376632690429688,24.856460571289062,23.589313507080078,21.728788375854492,21.733165740966797,22.760427474975586,22.413543701171875,21.703350067138672,21.709205627441406,22.218421936035156,22.06429672241211,21.65882110595703,21.41689109802246,21.541574478149414,22.39698028564453,22.384727478027344,21.995315551757812,21.938146591186523,23.222002029418945,25.453670501708984,26.592010498046875,26.41223907470703,26.353757858276367,26.733732223510742,27.288366317749023,27.561540603637695,27.16619873046875,26.77454948425293,26.872217178344727,27.657949447631836,28.568702697753906,29.321094512939453,29.26751708984375,28.543106079101562
26.247068405151367,25.905569076538086,24.970693588256836,23.758760452270508,22.023712158203125,21.654420852661133,22.649049758911133,23.011159896850586,23.84339141845703,24.77593421936035,23.807035446166992,22.514087677001953,21.667736053466797,20.969097137451172,21.15382194519043,21.469797134399414,21.602703094482422,22.214431762695312,22.34198760986328,22.211132049560547,21.691015243530273,20.525360107421875,19.988733291625977,19.81214714050293,20.531272888183594,21.36868667602539,21.694643020629883,22.165029525756836,23.02203369140625,23.757883071899414,23.836793899536133,23.55251121520996,24.03803825378418,25.0689640045166,26.4110107421875,28.031850814819336,28.62298583984375,28.256092071533203,27.485044479370117,27.32805061340332,27.454357147216797,27.611705780029297,27.848369598388672,28.0261173248291
