data/wind_data/wind_Surface_46.json
{"header": {"parameterUnit": "KT", "parameterCategory": 2, "nx": 255, "ny": 198, "lo1": 44.73521041870117, "la1": -3.236724853515625, "lo2": 111.26478576660156, "la2": 43.468475341796875, "dx": 0.26192745566368103, "dy": -0.23708222806453705, "refTime": "2025-02-20 22:00:00", "forecastTime": 0, "parameterNumber": 2, "parameterNumberName": "eastward_wind"}, "data":
[rows 114 to 132 of 198, columns 172 to 214 of 255]
-3.009410858154297,-4.357779026031494,-2.9297025203704834,-1.8731952905654907,-3.15655517578125,-2.320300340652466,-0.4762265980243683,-0.2684916853904724,-1.3683443069458008,-1.5948216915130615,0.8538828492164612,3.650373697280884,4.071909427642822,1.6068156957626343,-2.443889856338501,-4.599800109863281,-2.4043774604797363,-0.24116088449954987,-2.2738239765167236,-1.8774062395095825,3.211153030395508,6.595270156860352,4.2031073570251465,-2.187403440475464,-4.77678108215332,-0.6920592188835144,-1.6188865900039673,-7.261445045471191,-3.013585090637207,1.7529535293579102,-2.702268362045288,-8.464160919189453,-4.906167030334473,3.929342031478882,5.726880073547363,-0.7847715020179749,-2.933379888534546,0.7996426820755005,2.085073947906494,4.830033302307129,5.847123146057129,0.8800636529922485,1.492192268371582
-4.611105918884277,-4.844906330108643,-3.608405828475952,-2.385723829269409,-2.535790205001831,-2.410672664642334,-1.5381988286972046,-1.721290111541748,-2.803370475769043,-2.7196714878082275,-0.2833866775035858,3.620500326156616,2.283521890640259,-2.972929000854492,-3.0000197887420654,-3.7904648780822754,-4.547922134399414,-4.930988311767578,-4.348758220672607,-2.1007189750671387,4.362181663513184,7.50386905670166,6.474872589111328,-1.8310695886611938,-5.542117118835449,-1.1502296924591064,-1.8236124515533447,-8.12355899810791,-4.487137794494629,0.5715771913528442,-1.965195894241333,-7.955865383148193,-7.272854804992676,-1.0351685285568237,3.6692073345184326,1.1412315368652344,-1.0005205869674683,1.5108847618103027,4.106105327606201,8.056577682495117,6.669037342071533,0.6526125073432922,1.6746548414230347
-5.037084102630615,-3.3133506774902344,-4.7413763999938965,-5.3912482261657715,-5.035860538482666,-4.737133502960205,-4.690220832824707,-4.50449275970459,-3.6199934482574463,-3.837562084197998,-1.0944534540176392,2.5504846572875977,0.6888775825500488,-5.171051502227783,-4.63856840133667,-0.17437317967414856,-3.5102288722991943,-6.041000843048096,-4.6464152336120605,-1.5866903066635132,2.970209836959839,7.128519535064697,7.027525424957275,1.461194396018982,-2.391547441482544,1.0526502132415771,1.220645546913147,-5.801329135894775,-7.06057596206665,-1.314838171005249,-1.1611511707305908,-7.122460842132568,-7.835604667663574,-2.2522597312927246,3.3875062465667725,2.025075674057007,-0.12162204086780548,2.6963272094726562,6.3252081871032715,9.054709434509277,4.547773361206055,-1.4690337181091309,0.9633954167366028
-2.8599908351898193,-1.8897629976272583,-2.7396485805511475,-3.451803207397461,-3.788822889328003,-3.5660228729248047,-4.061753273010254,-4.305172920227051,-4.377654552459717,-3.883848190307617,-2.184988021850586,-1.0271950960159302,-4.358560562133789,-7.611972808837891,-4.651416778564453,1.7247272729873657,0.6515297889709473,-3.794995069503784,-4.614090919494629,-3.143827199935913,0.21939577162265778,4.558269500732422,5.094375133514404,2.9649386405944824,2.4944636821746826,2.7257416248321533,1.0177470445632935,-4.643017292022705,-7.647469997406006,-0.0668807178735733,1.015908122062683,-6.959526538848877,-7.897425651550293,-2.1940054893493652,3.951446771621704,3.967461585998535,3.15275502204895,5.938470363616943,8.441363334655762,10.164045333862305,4.122135162353516,-2.5125083923339844,1.7159430980682373
-0.2922722399234772,1.1184622049331665,-0.24357643723487854,-1.727315902709961,-0.9402791857719421,-1.3547720909118652,-2.0175797939300537,-1.1169719696044922,-0.6850228905677795,-1.029273271560669,-0.6218585968017578,-1.7800477743148804,-4.601477146148682,-4.491033554077148,-2.620497465133667,0.9321799278259277,1.7279706001281738,-1.1359894275665283,-2.8701438903808594,-3.85634446144104,-3.3190126419067383,-2.267002820968628,-0.7502738237380981,1.585711121559143,3.579890251159668,1.915501356124878,-1.6776401996612549,-5.150592803955078,-5.80396032333374,1.0553287267684937,0.3156926929950714,-7.359376430511475,-6.3070597648620605,-2.3242383003234863,3.928602457046509,5.3933258056640625,3.6729352474212646,5.7686767578125,10.507652282714844,11.946952819824219,5.9119086265563965,0.3484640121459961,4.078506946563721
1.5720739364624023,1.546738862991333,0.10314410924911499,-0.46785569190979004,-0.31345078349113464,-0.5077818036079407,-1.387728214263916,-0.4634173810482025,1.274576187133789,1.3190875053405762,1.5633124113082886,2.076359510421753,-0.8293749690055847,-2.6759934425354004,-0.9003711342811584,0.16004902124404907,0.5721038579940796,0.49055248498916626,-0.3208693563938141,-2.1640453338623047,-4.163528919219971,-5.117890357971191,-3.0767955780029297,-0.21075326204299927,3.5145883560180664,0.024276111274957657,-4.044622898101807,-3.8700203895568848,-2.3367042541503906,2.245720148086548,-0.43468546867370605,-6.745315074920654,-4.7203497886657715,-1.6131207942962646,4.271478652954102,7.348417282104492,4.105677604675293,4.739490985870361,9.527326583862305,11.804672241210938,6.577640533447266,0.16842715442180634,2.313934087753296
2.848492383956909,1.362524151802063,0.2184460461139679,0.5489172339439392,0.45577627420425415,0.8490423560142517,-1.8716068267822266,-1.836284875869751,2.5980515480041504,3.902031660079956,3.9749703407287598,3.532857894897461,-1.1082795858383179,-4.018917083740234,-1.663553237915039,0.7218109965324402,2.3834240436553955,1.8707109689712524,0.8415951728820801,0.9933279156684875,-0.8504830598831177,-3.149028778076172,-3.487067461013794,-1.7924463748931885,-1.423122763633728,-4.621297836303711,-6.09193754196167,-3.5581114292144775,0.6042376160621643,4.095762252807617,0.13093653321266174,-6.620662689208984,-5.085413932800293,-2.420606851577759,2.95200777053833,4.607913970947266,2.849785089492798,3.5511908531188965,8.15895938873291,13.271060943603516,8.087145805358887,-1.228246808052063,-0.7486667633056641
2.3462913036346436,-0.16121286153793335,-0.0043980712071061134,1.8337355852127075,1.7657972574234009,2.3506784439086914,-1.0498014688491821,-2.6417784690856934,2.5030550956726074,4.928780555725098,4.419487476348877,3.3005731105804443,-1.8852170705795288,-3.966639518737793,-0.10353496670722961,2.1080191135406494,3.547074317932129,4.858222484588623,2.366706132888794,0.31914401054382324,0.2711069583892822,-0.7582062482833862,-1.1043472290039062,-0.6348133683204651,-3.508690357208252,-7.3327717781066895,-5.234117031097412,-0.5422142148017883,4.072685241699219,4.956396102905273,-0.8462380766868591,-7.075728416442871,-6.211160659790039,-1.7058544158935547,1.2867140769958496,1.4527525901794434,1.4523520469665527,3.4156806468963623,9.551219940185547,17.664552688598633,10.03917121887207,-2.4318418502807617,-0.7639449834823608
1.0494186878204346,-2.2188832759857178,0.4940759539604187,3.5228850841522217,3.546624183654785,1.7482969760894775,-1.1096460819244385,-2.0111865997314453,0.8043960332870483,4.834198474884033,4.87812614440918,2.622406244277954,-0.02981845661997795,-2.5536482334136963,-0.4031304717063904,3.1457138061523438,5.462390899658203,5.839075088500977,3.911024332046509,1.849582314491272,1.166107416152954,0.28392165899276733,-0.1825459897518158,0.11144272983074188,-4.474190711975098,-9.729289054870605,-5.569886684417725,-0.12059290707111359,3.721560001373291,2.674565315246582,-1.079761266708374,-5.539316177368164,-5.641352653503418,-0.5163430571556091,2.7393476963043213,4.2741780281066895,5.6702494621276855,4.726405143737793,10.269702911376953,18.883390426635742,9.719766616821289,-0.799669623374939,3.034360408782959
0.2391512393951416,-1.6653697490692139,3.182982921600342,8.378067970275879,7.132864952087402,0.7140524983406067,-2.1358554363250732,-0.30733010172843933,0.3742077052593231,3.116135597229004,9.85745906829834,9.79516315460205,5.486715316772461,2.2398452758789062,3.3428359031677246,3.5636887550354004,5.561062812805176,5.849905014038086,3.6364874839782715,2.276736259460449,2.7482593059539795,2.146996021270752,0.367231160402298,-1.9099041223526,-5.856506824493408,-9.61596393585205,-7.257934093475342,-3.281010866165161,0.15488609671592712,1.570509433746338,0.257529616355896,-2.5515494346618652,-2.766773223876953,1.1677429676055908,4.64438533782959,6.174049377441406,6.905623435974121,6.6959004402160645,10.278999328613281,15.902402877807617,7.541964530944824,-2.688748598098755,2.122802972793579
-1.9670583009719849,0.04018115997314453,7.327151298522949,14.952008247375488,11.5977144241333,-0.8438381552696228,-3.6687963008880615,3.087547779083252,5.317715644836426,3.6573293209075928,10.837376594543457,17.765291213989258,10.532572746276855,2.6788978576660156,1.4302276372909546,1.430419921875,2.619875907897949,3.121596574783325,2.6845035552978516,2.2978928089141846,1.3375650644302368,1.3304996490478516,-0.09294643998146057,-5.061163902282715,-7.722236156463623,-6.89133358001709,-7.483569622039795,-7.472977638244629,-3.0710527896881104,2.1693272590637207,1.9264729022979736,0.8420194387435913,1.7909480333328247,1.5226712226867676,2.450223445892334,5.878540992736816,5.131996154785156,3.7111666202545166,6.11989164352417,13.641281127929688,13.942233085632324,2.056133508682251,0.21758052706718445
1.5142903327941895,6.198531627655029,11.750994682312012,15.735552787780762,11.724150657653809,0.7679014801979065,-0.9564686417579651,5.778873920440674,9.77739143371582,9.947221755981445,9.60930347442627,10.575017929077148,8.122274398803711,2.939213514328003,0.9998502731323242,1.0576363801956177,0.8017009496688843,1.1964266300201416,3.077443838119507,2.491241216659546,-2.0127830505371094,-2.8298020362854004,-1.3907825946807861,-4.857198715209961,-7.290809631347656,-5.620425701141357,-5.057572364807129,-5.6977620124816895,-4.240707874298096,-0.7435086965560913,2.019728422164917,4.060049057006836,6.471734523773193,2.7374629974365234,2.5536699295043945,5.75860595703125,1.0212700366973877,-1.0299476385116577,2.872037172317505,10.134263038635254,17.087631225585938,8.4453763961792,0.04682406410574913
4.495268821716309,7.385993003845215,11.280176162719727,14.404356956481934,13.34360122680664,8.288965225219727,3.572943925857544,5.634663105010986,8.253443717956543,8.278592109680176,6.400765895843506,6.625046730041504,5.679313659667969,1.6659517288208008,-0.2314903438091278,0.295658141374588,0.19027261435985565,0.5731770396232605,3.470350742340088,3.1667399406433105,-3.105877637863159,-5.013838768005371,-1.079790472984314,-3.6217572689056396,-8.28157901763916,-7.480736255645752,-3.830244302749634,-1.8384463787078857,-4.758953094482422,-7.86807107925415,-2.7479536533355713,7.040959358215332,9.998342514038086,1.6911226511001587,1.7239500284194946,6.273040771484375,0.29772207140922546,-3.563180446624756,0.06608027219772339,5.610070705413818,13.934097290039062,10.493973731994629,2.4917447566986084
4.988682270050049,7.417604923248291,11.728744506835938,13.093766212463379,10.388840675354004,7.83378791809082,7.786383628845215,7.506539821624756,7.723715782165527,8.315296173095703,9.654271125793457,9.311564445495605,4.816848278045654,0.2909909188747406,-1.3277511596679688,-1.3654309511184692,-3.350815773010254,-2.451296091079712,3.31494140625,3.4598886966705322,-4.161168575286865,-6.6207780838012695,-0.9513851404190063,-1.9110305309295654,-8.062288284301758,-8.229096412658691,-3.7197256088256836,-1.2014045715332031,-2.084944009780884,-7.2180094718933105,-5.369175434112549,6.436988830566406,9.002634048461914,-0.48681044578552246,0.450586199760437,5.870294570922852,2.167444944381714,-3.1342437267303467,-2.5730855464935303,4.1404008865356445,12.829015731811523,14.208366394042969,4.2951812744140625
4.440620422363281,9.061370849609375,13.859013557434082,13.92116928100586,9.892769813537598,8.339680671691895,8.600747108459473,6.17147159576416,4.430924892425537,6.233502388000488,4.299909591674805,0.43396493792533875,0.3859831690788269,-0.2522411644458771,-0.7739695906639099,-2.12107515335083,-4.419755458831787,-4.098114967346191,0.09803403168916702,2.55417537689209,-4.504397392272949,-8.575663566589355,-2.5135650634765625,-2.444652795791626,-6.771574974060059,-6.181727409362793,-4.687427520751953,-1.4481196403503418,2.7268388271331787,-2.342618942260742,-1.6606829166412354,6.416142463684082,5.344005107879639,3.891286611557007,3.5142252445220947,1.952459692955017,-0.3086991608142853,-3.9128916263580322,-3.616262435913086,2.505053997039795,9.683544158935547,14.014793395996094,6.328937530517578
6.589583873748779,10.487279891967773,15.187115669250488,15.36098861694336,7.7329607009887695,2.2909350395202637,0.3479740619659424,-1.86637544631958,-2.8691117763519287,-4.261796951293945,-5.131499290466309,-4.382397174835205,-1.6750731468200684,-0.08531475812196732,-1.3744759559631348,-2.2002696990966797,-2.675234317779541,-3.205204963684082,-1.3174667358398438,1.5308412313461304,0.23039741814136505,-5.416632652282715,-7.731410503387451,-6.013782978057861,-5.874497413635254,-5.863799571990967,-4.236470699310303,1.1188411712646484,6.780880451202393,4.929781436920166,4.934898376464844,4.104095935821533,3.2419424057006836,7.464578151702881,2.541835069656372,-3.7909555435180664,-2.7266151905059814,-2.4624736309051514,-1.8457508087158203,1.8638343811035156,6.779097557067871,13.223905563354492,10.551002502441406
5.715972423553467,7.663565158843994,10.179977416992188,14.531698226928711,6.773577690124512,-4.066971302032471,-6.175802707672119,-5.581441879272461,-5.158401966094971,-6.236233711242676,-5.870736122131348,-2.6115353107452393,-0.09717101603746414,2.1281826496124268,2.3889598846435547,0.7255426049232483,0.34310802817344666,0.3823680877685547,-1.4338054656982422,-0.47813013195991516,4.644195079803467,1.0629332065582275,-9.487375259399414,-10.17485237121582,-6.035646438598633,-6.366820335388184,-4.30779504776001,4.505294322967529,7.250523567199707,5.057814121246338,0.622632622718811,-0.8271467089653015,6.521781921386719,7.247415542602539,-1.7394055128097534,-5.226358890533447,-3.6702940464019775,-0.2839318513870239,1.7515932321548462,3.1262543201446533,7.077704906463623,12.215073585510254,11.605902671813965
5.182767391204834,6.4793500900268555,7.369017601013184,14.364444732666016,11.311244010925293,1.3483935594558716,-3.847791910171509,-3.9767673015594482,-3.7562313079833984,-3.9513275623321533,-3.2545547485351562,-0.6627915501594543,3.7165067195892334,3.787421226501465,2.4786040782928467,3.027590036392212,2.9008944034576416,1.7047851085662842,-1.490319848060608,0.4531633257865906,6.786618709564209,3.5831992626190186,-8.969748497009277,-9.669641494750977,-5.932461261749268,-6.439005374908447,-2.4993302822113037,5.92377233505249,11.242779731750488,3.5826213359832764,-3.661482572555542,2.0555548667907715,7.980703353881836,4.176484107971191,-3.177008628845215,-5.1165852546691895,-1.5855469703674316,4.396838665008545,4.305691719055176,5.420243740081787,9.065735816955566,10.994693756103516,12.001875877380371
4.242884635925293,6.640974521636963,7.951869487762451,10.632638931274414,8.66132926940918,4.631176471710205,0.9592039585113525,-2.2241384983062744,-3.624530792236328,-2.6425118446350098,0.037285637110471725,2.258986473083496,3.3168084621429443,2.580923318862915,2.548603057861328,2.19514536857605,-0.9559230804443359,-2.131998062133789,1.2397422790527344,6.456286907196045,7.513027667999268,-0.5764870047569275,-8.93377685546875,-7.994848728179932,-6.528898239135742,-6.928976058959961,-0.8081926107406616,11.136666297912598,8.758434295654297,-1.863811731338501,-2.040205717086792,6.1932373046875,6.909715175628662,2.9148755073547363,-0.2641800343990326,-3.7867743968963623,-1.6522719860076904,6.703645706176758,10.225924491882324,9.448463439941406,8.37379264831543,9.900250434875488,11.604990005493164
