data/wind_data/wind_35_8.json
{"header": {"parameterUnit": "KT", "parameterCategory": 2, "nx": 256, "ny": 198, "lo1": 44.73521041870117, "la1": -3.236724853515625, "lo2": 111.26478576660156, "la2": 43.468475341796875, "dx": 0.2609002888202667, "dy": -0.23708222806453705, "refTime": "2025-02-20 11:00:00", "forecastTime": 0, "parameterNumber": 2, "parameterNumberName": "eastward_wind"}, "data":
[rows 171 to 189 of 198, columns 88 to 131 of 256]
43.59267044067383,43.69081497192383,44.21891403198242,44.573856353759766,44.252418518066406,43.605953216552734,43.06121826171875,42.652427673339844,42.20880126953125,41.445404052734375,40.2567138671875,38.9965934753418,37.85859298706055,37.06885528564453,36.846473693847656,36.6627311706543,36.518924713134766,36.787445068359375,37.68643569946289,39.128780364990234,39.937904357910156,39.35358428955078,38.140838623046875,37.326881408691406,36.919532775878906,36.11567687988281,34.73275375366211,32.979042053222656,31.409040451049805,31.171220779418945,32.69241714477539,35.032283782958984,37.266143798828125,38.54217529296875,38.31467819213867,37.020355224609375,35.37686538696289,33.827552795410156,32.7302360534668,32.3549690246582,32.299781799316406,31.93912696838379,31.058534622192383,29.853769302368164
44.054603576660156,43.8271598815918,43.60506057739258,43.54695510864258,43.42914962768555,43.24436569213867,42.951393127441406,42.46775817871094,41.85448455810547,41.01980972290039,39.86098861694336,38.786651611328125,37.97016143798828,37.2174072265625,36.67033386230469,36.391143798828125,36.07162094116211,35.75010299682617,36.3204231262207,37.561100006103516,38.121612548828125,37.91286087036133,37.846920013427734,38.14454650878906,37.92918014526367,36.83126449584961,35.45292282104492,33.97752380371094,32.325809478759766,31.368961334228516,32.34895324707031,34.79214859008789,37.13834762573242,38.02195739746094,37.40290069580078,36.22511291503906,35.033935546875,33.7020149230957,32.34337615966797,31.447980880737305,31.075403213500977,30.977081298828125,31.160940170288086,31.256620407104492
43.6577262878418,43.47284698486328,42.90416717529297,42.57262420654297,42.59365463256836,42.72095489501953,42.65658950805664,42.19076156616211,41.452796936035156,40.57170867919922,39.43472671508789,38.32867431640625,37.68875503540039,37.15813064575195,36.535247802734375,36.064231872558594,35.48197555541992,34.99166488647461,35.253360748291016,35.901283264160156,36.528316497802734,37.06599044799805,37.55363845825195,38.12678527832031,38.28614807128906,37.688720703125,36.402976989746094,34.78425216674805,33.40391540527344,33.0445442199707,33.91779327392578,35.254798889160156,36.077903747558594,36.07391357421875,35.65542984008789,35.220279693603516,34.60581970214844,33.342018127441406,31.6489315032959,30.27698516845703,29.70885467529297,30.086591720581055,31.17566680908203,32.28996658325195
42.27416229248047,42.3848991394043,41.965110778808594,41.66824722290039,41.871360778808594,42.22846984863281,42.23217010498047,41.707481384277344,40.91146469116211,40.022701263427734,38.86049270629883,37.61549377441406,36.98054122924805,36.87633514404297,36.56309127807617,35.88701248168945,35.18925094604492,34.662506103515625,34.50178909301758,35.01445007324219,36.1050910949707,36.682472229003906,36.74203109741211,37.30426025390625,38.15470886230469,38.12415313720703,36.945762634277344,35.74873733520508,35.53084945678711,35.74546432495117,35.3317985534668,34.63235855102539,34.342430114746094,34.365909576416016,34.513545989990234,34.609832763671875,34.101478576660156,32.59208297729492,30.608030319213867,29.089094161987305,28.7010440826416,29.53361701965332,31.101428985595703,32.46931457519531
40.21902084350586,40.712745666503906,40.915016174316406,40.9213752746582,41.16880416870117,41.584041595458984,41.64312744140625,41.120872497558594,40.32496643066406,39.44646072387695,38.31742477416992,37.03485107421875,36.330604553222656,36.530948638916016,36.743370056152344,36.27860641479492,35.43354415893555,34.570377349853516,34.06825637817383,34.59904861450195,35.82679748535156,36.38190841674805,36.388099670410156,37.004150390625,37.89458465576172,38.041011810302734,37.56147384643555,37.214385986328125,37.29263687133789,37.09708786010742,35.91128921508789,34.43568801879883,33.65376663208008,33.613765716552734,33.897544860839844,34.12961959838867,33.69445037841797,32.29364776611328,30.44002342224121,29.106868743896484,28.936532974243164,29.8358097076416,31.24944305419922,32.30495071411133
38.08464813232422,38.757171630859375,39.618988037109375,40.136375427246094,40.3658332824707,40.582672119140625,40.691429138183594,40.36387252807617,39.63992691040039,38.80826950073242,37.87858200073242,36.76735305786133,36.028907775878906,36.26932144165039,36.89474868774414,36.944618225097656,36.132415771484375,34.85615921020508,33.913509368896484,34.11820983886719,35.204185485839844,36.15422821044922,36.70917510986328,37.14719009399414,37.54450225830078,37.91522979736328,38.10565185546875,38.067962646484375,37.8284912109375,37.35376739501953,36.54560852050781,35.39015197753906,34.19255828857422,33.26802444458008,32.855716705322266,33.01449203491211,33.22507095336914,32.61008071899414,31.173734664916992,29.81342315673828,29.48731803894043,30.24907684326172,31.417448043823242,32.20486831665039
36.165653228759766,36.68379592895508,37.85383224487305,38.90556335449219,39.3669548034668,39.41889190673828,39.40752029418945,39.24809646606445,38.73978805541992,38.121517181396484,37.48554611206055,36.601654052734375,35.949493408203125,36.1904182434082,36.942543029785156,37.36568069458008,36.85578918457031,35.576560974121094,34.36515426635742,33.9514045715332,34.49671173095703,35.63676834106445,36.765037536621094,37.2513313293457,37.390018463134766,37.76357650756836,37.974571228027344,37.890838623046875,37.769752502441406,37.48280334472656,36.97001647949219,36.15311813354492,34.87806701660156,33.2899284362793,32.04862594604492,31.915821075439453,32.60678482055664,32.741004943847656,31.5749568939209,30.03196144104004,29.520832061767578,30.242124557495117,31.395458221435547,32.190364837646484
34.70310592651367,34.99761962890625,36.03199768066406,37.236637115478516,37.97848129272461,38.12833786010742,38.10987091064453,38.13860321044922,37.98200988769531,37.66151809692383,37.14160919189453,36.3133544921875,35.8221435546875,36.16148376464844,36.93579864501953,37.480403900146484,37.25806427001953,36.27591323852539,35.11528015136719,34.29541778564453,34.17274475097656,34.98295211791992,36.315093994140625,37.08749008178711,37.18998718261719,37.289302825927734,37.30034637451172,37.21893310546875,37.44890594482422,37.591121673583984,37.20759582519531,36.544620513916016,35.492706298828125,33.806671142578125,32.08721923828125,31.662797927856445,32.49215316772461,32.84724807739258,31.50762367248535,29.420732498168945,28.465614318847656,29.20915985107422,30.79749870300293,32.04744338989258
33.983638763427734,34.18990707397461,34.858882904052734,35.7003173828125,36.394229888916016,36.81587219238281,37.12050247192383,37.44287872314453,37.587799072265625,37.449947357177734,36.94008255004883,36.09215545654297,35.55519485473633,35.84900665283203,36.68370056152344,37.33336639404297,37.268428802490234,36.547767639160156,35.69546127319336,34.913429260253906,34.35739517211914,34.69566345214844,35.893653869628906,36.749717712402344,36.782108306884766,36.678077697753906,36.672691345214844,36.67792892456055,37.04172134399414,37.564979553222656,37.50345230102539,36.8886604309082,35.95890808105469,34.53089141845703,32.85275650024414,32.01385498046875,32.44767379760742,32.87165451049805,31.654285430908203,28.97991180419922,27.08237648010254,27.647798538208008,29.733797073364258,31.613086700439453
34.22270584106445,34.34067916870117,34.582054138183594,34.89263916015625,35.26993179321289,35.75282287597656,36.36233901977539,37.04238510131836,37.49764633178711,37.43096160888672,36.7808837890625,35.838279724121094,35.22605514526367,35.420867919921875,36.208351135253906,36.908626556396484,36.92803955078125,36.407169342041016,35.9419059753418,35.471168518066406,34.85882568359375,34.8411750793457,35.66346740722656,36.42238235473633,36.59068298339844,36.5016975402832,36.41656494140625,36.375030517578125,36.674564361572266,37.3533821105957,37.67256164550781,37.138126373291016,36.07059097290039,34.83375930786133,33.49335861206055,32.35084533691406,32.115013122558594,32.473602294921875,31.56014633178711,28.6245174407959,26.05077362060547,26.526199340820312,29.144535064697266,31.40987777709961
35.224796295166016,35.06336975097656,34.866119384765625,34.70087814331055,34.73609161376953,35.07919692993164,35.71963882446289,36.574710845947266,37.28015899658203,37.2994499206543,36.528778076171875,35.50254440307617,34.89092254638672,35.01430892944336,35.685665130615234,36.39722442626953,36.490257263183594,36.05187225341797,35.807769775390625,35.687355041503906,35.27164840698242,35.095340728759766,35.600467681884766,36.2900505065918,36.68971633911133,36.770538330078125,36.60050964355469,36.269935607910156,36.277671813964844,36.92338943481445,37.49843215942383,37.076866149902344,35.844234466552734,34.550235748291016,33.3531608581543,32.15856170654297,31.47549057006836,31.27191925048828,30.14537239074707,27.664241790771484,25.934240341186523,26.982223510742188,29.73424530029297,31.87479019165039
36.337032318115234,35.888458251953125,35.38081359863281,34.85206604003906,34.522525787353516,34.6054573059082,35.079872131347656,35.84794998168945,36.63153839111328,36.79698944091797,36.04751968383789,34.988834381103516,34.379493713378906,34.44272232055664,35.03929901123047,35.79356384277344,36.00201416015625,35.63193893432617,35.43013000488281,35.52460861206055,35.412872314453125,35.296566009521484,35.63114929199219,36.19858932495117,36.720706939697266,37.13832473754883,37.096736907958984,36.3893928527832,35.76308059692383,36.03340530395508,36.80669403076172,36.777870178222656,35.54558181762695,33.961421966552734,32.62690734863281,31.406707763671875,30.192014694213867,29.126537322998047,27.870399475097656,26.619169235229492,26.560651779174805,28.20784568786621,30.695812225341797,32.29142379760742
36.95711135864258,36.40753173828125,35.78844451904297,35.12517166137695,34.53776550292969,34.23033142089844,34.353515625,34.923744201660156,35.566139221191406,35.672508239746094,35.0192756652832,34.09463882446289,33.481327056884766,33.40808868408203,33.94399642944336,34.800941467285156,35.26678466796875,35.124698638916016,34.985897064208984,35.180274963378906,35.36690139770508,35.472312927246094,35.71397399902344,36.10407638549805,36.5987548828125,37.17679977416992,37.35213851928711,36.65607833862305,35.47233581542969,34.947288513183594,35.47087478637695,35.84127426147461,34.89239501953125,33.145896911621094,31.48162269592285,30.081932067871094,28.86083984375,27.656490325927734,26.450937271118164,25.963512420654297,26.79600715637207,28.679668426513672,30.726415634155273,31.7751407623291
37.12883758544922,36.66110610961914,35.971519470214844,35.21746063232422,34.52156066894531,33.99633026123047,33.667625427246094,33.71327209472656,34.101402282714844,34.19670486450195,33.619136810302734,32.821163177490234,32.22459411621094,31.96843147277832,32.37737274169922,33.30413818359375,34.06527328491211,34.31681442260742,34.42186737060547,34.69655990600586,35.023677825927734,35.33112716674805,35.60783386230469,35.87004852294922,36.14297103881836,36.57786178588867,37.07859802246094,36.92680740356445,35.630252838134766,34.126136779785156,33.6536865234375,33.76369857788086,33.22795867919922,31.90822410583496,30.404354095458984,29.211650848388672,28.288311004638672,27.0162410736084,25.411685943603516,24.76230239868164,25.628379821777344,27.466968536376953,29.255990982055664,30.21499252319336
36.981483459472656,36.72700119018555,35.983116149902344,35.06745147705078,34.222103118896484,33.5901985168457,33.04352569580078,32.56660842895508,32.46401596069336,32.52584457397461,32.2237663269043,31.58184242248535,30.929115295410156,30.513633728027344,30.70787239074707,31.507368087768555,32.42979431152344,33.12577819824219,33.594058990478516,33.928497314453125,34.22631072998047,34.629329681396484,34.94716262817383,35.04114532470703,35.08460235595703,35.44988250732422,36.26753234863281,36.71938705444336,35.7520866394043,33.644832611083984,31.78666114807129,30.872617721557617,30.559478759765625,30.33368682861328,29.87032699584961,29.138198852539062,28.113950729370117,26.522804260253906,24.86179542541504,24.254480361938477,25.06271743774414,26.673877716064453,28.153099060058594,28.764829635620117
36.40675354003906,36.381690979003906,35.6817741394043,34.64562225341797,33.636962890625,32.851905822753906,32.278812408447266,31.708608627319336,31.239139556884766,31.095544815063477,31.031007766723633,30.639867782592773,29.97298240661621,29.364458084106445,29.179105758666992,29.609590530395508,30.515153884887695,31.55600929260254,32.405826568603516,32.874778747558594,33.118408203125,33.48228454589844,33.740806579589844,33.61209487915039,33.513187408447266,33.92251968383789,34.95318603515625,35.877262115478516,35.45336151123047,33.13750076293945,30.21895980834961,28.36086082458496,28.103858947753906,28.739046096801758,29.21914291381836,28.96691131591797,27.981477737426758,26.595382690429688,25.512943267822266,25.25119400024414,25.847415924072266,26.86991310119629,27.40387535095215,27.147722244262695
35.7899169921875,35.90003204345703,35.25324249267578,34.06108856201172,32.82521057128906,31.85822105407715,31.2854061126709,30.955020904541016,30.617616653442383,30.332300186157227,30.180761337280273,29.909713745117188,29.36471939086914,28.668352127075195,28.040117263793945,27.967214584350586,28.672706604003906,29.8142147064209,30.926929473876953,31.703533172607422,32.13059997558594,32.43075180053711,32.43403625488281,32.06972885131836,31.96601104736328,32.54261016845703,33.652469635009766,34.69427490234375,34.538089752197266,32.47044372558594,29.483930587768555,27.36458396911621,26.830381393432617,27.239723205566406,27.73833656311035,27.939708709716797,27.83936309814453,27.47768211364746,26.76144027709961,26.066436767578125,26.131826400756836,26.5787410736084,26.541086196899414,26.42302894592285
34.535335540771484,34.83136749267578,34.350826263427734,33.11637878417969,31.722522735595703,30.68172264099121,30.166179656982422,30.086462020874023,30.13730239868164,30.05483055114746,29.85055923461914,29.54652214050293,29.100412368774414,28.45853614807129,27.66773796081543,27.154342651367188,27.461429595947266,28.45130729675293,29.644115447998047,30.616043090820312,31.129539489746094,31.200674057006836,30.93254280090332,30.634517669677734,30.803211212158203,31.535219192504883,32.512840270996094,33.30699157714844,33.23435592651367,31.87940216064453,29.797523498535156,27.93391990661621,26.64037322998047,25.871417999267578,25.758224487304688,26.302886962890625,27.24472427368164,27.980146408081055,27.63642120361328,26.70636558532715,26.392004013061523,26.517507553100586,26.651586532592773,27.154312133789062
33.71860122680664,33.99158477783203,33.69668960571289,32.58038330078125,31.111509323120117,29.947378158569336,29.351287841796875,29.233402252197266,29.42120361328125,29.673933029174805,29.7713565826416,29.63486671447754,29.325984954833984,28.882225036621094,28.286115646362305,27.744796752929688,27.6738224029541,28.286334991455078,29.313886642456055,30.198347091674805,30.601673126220703,30.512434005737305,30.12103843688965,29.882530212402344,30.169633865356445,30.839176177978516,31.472951889038086,31.834869384765625,31.863462448120117,31.423921585083008,30.459766387939453,28.9228572845459,26.980379104614258,25.256818771362305,24.47758674621582,24.840621948242188,25.95441246032715,27.08909797668457,27.55735206604004,27.41585922241211,27.100555419921875,26.961477279663086,27.28891372680664,28.079782485961914
