data/wind_data/wind_71_2.json
{"header": {"parameterUnit": "KT", "parameterCategory": 2, "nx": 256, "ny": 198, "lo1": 44.73521041870117, "la1": -3.236724853515625, "lo2": 111.26478576660156, "la2": 43.468475341796875, "dx": 0.2609002888202667, "dy": -0.23708222806453705, "refTime": "2025-02-21 23:00:00", "forecastTime": 0, "parameterNumber": 2, "parameterNumberName": "eastward_wind"}, "data":
[rows 0 to 18 of 198, columns 86 to 128 of 256]
-4.373935222625732,-4.108935356140137,-3.768784999847412,-3.370326519012451,-3.090344190597534,-2.8566477298736572,-2.4197754859924316,-1.8849233388900757,-1.4229137897491455,-0.9785477519035339,-0.5156139135360718,-0.06368870288133621,0.35177916288375854,0.7503290772438049,1.1697686910629272,1.4731804132461548,1.5452240705490112,1.7481684684753418,2.198993682861328,2.5984411239624023,2.908634662628174,3.249457597732544,3.6208553314208984,3.9041385650634766,4.118348121643066,4.377326488494873,4.667043685913086,4.999490261077881,5.329476356506348,5.533863544464111,5.676121711730957,5.794626235961914,5.939960956573486,6.1899542808532715,6.4850006103515625,6.816206455230713,7.122894287109375,7.388487339019775,7.547220230102539,7.562076091766357,7.599607467651367,7.687413692474365,7.631498336791992
-4.485291957855225,-4.305131435394287,-3.954521656036377,-3.6202189922332764,-3.389230966567993,-3.1531970500946045,-2.8343677520751953,-2.3997442722320557,-1.935190200805664,-1.507205843925476,-1.0478332042694092,-0.5308558940887451,-0.018056893721222878,0.3937654197216034,0.6958597302436829,0.9023797512054443,1.062466025352478,1.3461672067642212,1.6955045461654663,1.9879194498062134,2.2740211486816406,2.6256091594696045,3.0242743492126465,3.3578011989593506,3.6543684005737305,3.913222074508667,4.136949062347412,4.480556964874268,4.82363748550415,5.025270462036133,5.19590425491333,5.322140693664551,5.4445295333862305,5.654484748840332,5.984158039093018,6.408454418182373,6.721683025360107,6.916256427764893,7.028193950653076,7.073304653167725,7.113157749176025,7.076879024505615,6.908836841583252
-4.276646137237549,-4.125865936279297,-3.856517791748047,-3.642443895339966,-3.486671209335327,-3.2509801387786865,-2.9822137355804443,-2.5933690071105957,-2.1486423015594482,-1.7854324579238892,-1.2963106632232666,-0.7584469318389893,-0.25232046842575073,0.13598677515983582,0.36556145548820496,0.4950038492679596,0.6295855045318604,0.9217681288719177,1.2073432207107544,1.3838951587677002,1.5805726051330566,1.864851474761963,2.2449183464050293,2.64361834526062,3.030003309249878,3.265241861343384,3.474717140197754,3.7733469009399414,3.998131275177002,4.167652606964111,4.384615898132324,4.646138668060303,4.893946647644043,5.099112033843994,5.397530555725098,5.875249862670898,6.2310261726379395,6.329127788543701,6.298391342163086,6.212210178375244,6.146030426025391,6.08790922164917,6.077149391174316
-4.469202518463135,-4.479995250701904,-3.9718384742736816,-3.5954272747039795,-3.8332431316375732,-3.5488033294677734,-3.3202288150787354,-2.709730386734009,-1.842497706413269,-1.6949368715286255,-1.283825159072876,-0.8527047038078308,-0.3285890519618988,0.18487758934497833,0.5335543155670166,0.6019198894500732,0.6909329295158386,1.0628200769424438,1.0784401893615723,0.9813624024391174,1.1637486219406128,1.2555794715881348,1.5970485210418701,1.8926775455474854,2.2371902465820312,2.4932446479797363,2.753465414047241,3.0534133911132812,3.172182083129883,3.157533884048462,3.2787020206451416,3.564272880554199,3.771091938018799,4.008903503417969,4.3494462966918945,4.909143924713135,5.390567779541016,5.466827869415283,5.370234966278076,5.364208698272705,5.225711822509766,5.0351176261901855,5.072813987731934
-5.905235767364502,-6.996852397918701,-4.719173908233643,-2.6242027282714844,-5.220661163330078,-5.07297420501709,-6.283552169799805,-3.5672125816345215,1.5465764999389648,-0.966238796710968,-0.20873813331127167,-0.7380503416061401,-0.9044005274772644,-0.37432554364204407,2.154562473297119,2.7309257984161377,2.375983715057373,4.19598913192749,2.661034345626831,0.47263169288635254,1.4646040201187134,1.0694984197616577,1.48384428024292,0.6529365181922913,0.884166955947876,0.9893814325332642,1.3065757751464844,2.3518729209899902,2.1369333267211914,0.9830189943313599,1.503135085105896,2.5943853855133057,1.4413315057754517,1.442802906036377,2.2705564498901367,2.8714468479156494,3.1591498851776123,3.514052152633667,3.985508680343628,4.522921562194824,4.385318279266357,3.6218557357788086,3.073702812194824
-4.0796003341674805,-7.364025592803955,-7.545928001403809,-5.678152084350586,-5.250011920928955,-5.590884208679199,-5.169646263122559,-2.430105209350586,-3.566967010498047,-2.09060001373291,0.0548408143222332,-1.427426815032959,-0.9554182291030884,-0.6877454519271851,1.286367416381836,2.736799716949463,3.3234856128692627,5.303683757781982,4.431074619293213,1.6440919637680054,0.0063912332989275455,-1.1605700254440308,1.1148396730422974,-1.585387945175171,-1.5005896091461182,-1.0383028984069824,-0.03994143381714821,-0.6999953985214233,1.0615326166152954,-3.0359854698181152,0.8534224629402161,2.529428005218506,1.6130290031433105,1.179060459136963,1.6694663763046265,2.11506724357605,2.4045424461364746,2.9440228939056396,3.6559760570526123,3.991178512573242,3.3423726558685303,2.3826329708099365,1.7918460369110107
-4.1362810134887695,-6.735037326812744,-7.8437299728393555,-7.258105278015137,-7.034084796905518,-6.443211078643799,-3.2867634296417236,-5.775275230407715,-3.995107650756836,-3.601729393005371,-3.3922367095947266,-3.413646936416626,-2.036919116973877,-0.4709390699863434,0.6747882962226868,1.79205322265625,4.230013847351074,3.911921501159668,3.1225502490997314,3.2930448055267334,-0.8035939931869507,-2.8377203941345215,-0.530107855796814,-2.7829782962799072,-2.169132709503174,-1.7407746315002441,-3.043473243713379,-1.5512219667434692,-2.5952436923980713,-3.0852177143096924,-0.7641094923019409,0.8774299025535583,1.3934929370880127,0.9380466938018799,0.9166402816772461,1.133623480796814,1.4910080432891846,1.9128379821777344,2.3308088779449463,2.4879515171051025,1.886892557144165,1.0231130123138428,0.7523327469825745
-4.8823466300964355,-9.147695541381836,-10.234484672546387,-8.732918739318848,-8.37759017944336,-6.0809173583984375,-5.229595184326172,-4.618923187255859,-5.402859210968018,-5.523565292358398,-4.314344882965088,-4.381547451019287,-1.7715847492218018,1.8908905982971191,-2.068889617919922,-0.2152400016784668,3.3035776615142822,1.3272565603256226,0.01706099882721901,4.615799427032471,-4.2299394607543945,-3.5439186096191406,-3.3906216621398926,-2.511064052581787,-1.8776222467422485,-0.32878559827804565,-6.522588729858398,-4.423690319061279,-4.931221008300781,-3.498152017593384,-2.962616205215454,-2.0644891262054443,-0.7527222633361816,-0.7988505363464355,-1.3349908590316772,-1.962988018989563,-2.2032694816589355,-1.755313515663147,-1.4383087158203125,-1.3168047666549683,-1.1335433721542358,-0.7556380033493042,0.15379704535007477
-7.789369106292725,-7.626176357269287,-10.748576164245605,-7.965803623199463,-7.883915424346924,-6.160240173339844,-6.051359176635742,-3.7720131874084473,-4.172136306762695,-0.8757039308547974,-1.8242876529693604,-3.1322181224823,1.5619499683380127,-0.20694129168987274,-5.957008361816406,0.04331909865140915,0.764926552772522,-0.4760850965976715,1.5313574075698853,-0.3433547019958496,-6.025973320007324,-4.428213596343994,-4.164949893951416,-5.376627445220947,-3.4010565280914307,-3.5227108001708984,-4.579969882965088,-5.194048881530762,-5.409564971923828,-5.285663604736328,-5.15657377243042,-4.317951202392578,-3.5256354808807373,-3.830075740814209,-4.888446807861328,-5.231525897979736,-4.7600579261779785,-4.347611427307129,-4.176695823669434,-3.790227174758911,-2.9124581813812256,-1.8705931901931763,-0.4249582588672638
-9.727865219116211,-7.663827419281006,-4.96306037902832,-7.648292064666748,-5.82759952545166,-3.6103992462158203,-1.719313621520996,-6.985417366027832,-0.006179973017424345,1.6212362051010132,-2.3550405502319336,-4.122776985168457,-1.7473056316375732,-2.034754991531372,0.9614711403846741,-3.701831102371216,3.618316650390625,-0.6152933835983276,-4.872744560241699,-8.139928817749023,-6.102723598480225,-3.070070266723633,1.2410885095596313,-6.72138786315918,-5.2744646072387695,-2.8183753490448,-4.779978275299072,-5.455254077911377,-6.267733573913574,-6.493841171264648,-6.0471601486206055,-5.5482378005981445,-5.309889793395996,-5.570435523986816,-5.564924716949463,-4.653613567352295,-4.158248424530029,-4.029013633728027,-3.755607843399048,-3.617612838745117,-3.850257396697998,-4.276932239532471,-3.6023452281951904
-9.04897403717041,-7.573263645172119,-6.5031208992004395,-7.4519195556640625,-6.896711349487305,-4.015402317047119,-6.3272552490234375,-7.439388751983643,-2.2530019283294678,-2.3019721508026123,-7.090357780456543,-5.910578727722168,-6.088828086853027,-1.2167056798934937,-3.3039302825927734,-2.789327621459961,-2.179321765899658,-2.5615780353546143,-9.32205581665039,-7.850955963134766,-2.507462978363037,-2.220480442047119,4.015359401702881,-5.275500297546387,-5.096761703491211,-5.233669281005859,-5.875679016113281,-6.115074157714844,-6.535357475280762,-6.900589466094971,-6.874698638916016,-6.5783562660217285,-5.6902756690979,-5.291167259216309,-4.335134983062744,-3.033562183380127,-2.3236377239227295,-2.6165478229522705,-2.8536269664764404,-4.144988536834717,-6.3820977210998535,-7.737963676452637,-5.398163795471191
-7.951614856719971,-8.467399597167969,-8.581489562988281,-6.83723783493042,-5.256270408630371,-3.6018006801605225,-6.581964492797852,-8.692147254943848,-5.2574639320373535,-5.210442066192627,-6.1448469161987305,-3.148665189743042,-7.206756591796875,-5.632767677307129,-4.24903678894043,-3.3093044757843018,-3.7004668712615967,-5.1767168045043945,-5.2057576179504395,-3.915191173553467,-0.1269950419664383,5.302032947540283,1.6975525617599487,-2.8084475994110107,-9.169655799865723,-5.2027268409729,-6.171717643737793,-6.247910976409912,-7.619668960571289,-7.691469192504883,-7.809139728546143,-8.109343528747559,-7.703693866729736,-5.699680805206299,-2.9489333629608154,-0.6921186447143555,-0.880603551864624,-2.1176037788391113,-1.7821447849273682,-3.6726081371307373,-5.989673137664795,-6.867378234863281,-6.265108585357666
-8.877898216247559,-8.277782440185547,-7.310262680053711,-7.363221168518066,-5.873660087585449,-5.354773044586182,-8.013992309570312,-7.970645904541016,-5.375295639038086,-7.431638717651367,-8.81296443939209,-6.411323070526123,-7.67921781539917,-5.0212812423706055,-1.2857006788253784,-2.100057363510132,-5.370663642883301,-7.476947784423828,-8.329000473022461,-5.297570705413818,-1.2825267314910889,-3.285155773162842,-3.0206685066223145,-8.562137603759766,-10.271586418151855,-4.887689113616943,-6.746459484100342,-6.669191837310791,-8.513278007507324,-7.965981483459473,-8.690492630004883,-9.521405220031738,-9.737064361572266,-6.268190383911133,-2.014469623565674,0.3620331585407257,-0.6220782995223999,-1.5424749851226807,1.3701084852218628,0.12846755981445312,-4.9551777839660645,-8.015300750732422,-8.501015663146973
-7.376855373382568,-8.374488830566406,-7.340742588043213,-6.800613880157471,-7.30471134185791,-8.048482894897461,-7.69582462310791,-7.011531829833984,-8.332592964172363,-9.730606079101562,-9.388282775878906,-7.986784934997559,-6.91054630279541,-4.845465183258057,-2.7626097202301025,-5.184096336364746,-7.916199207305908,-5.425266742706299,-8.529545783996582,-8.144317626953125,-5.3066086769104,-4.697477340698242,-5.23944091796875,-10.491852760314941,-10.524540901184082,-8.665512084960938,-7.97605037689209,-7.240320682525635,-7.8465576171875,-8.411405563354492,-11.334932327270508,-11.34027099609375,-9.238091468811035,-5.766358375549316,-2.189207077026367,-0.6322836875915527,0.2731102705001831,-3.717860698699951,3.3158152103424072,-1.492607593536377,-9.717731475830078,-11.344627380371094,-10.066730499267578
-7.856524467468262,-7.571702003479004,-7.70701789855957,-8.421238899230957,-8.962871551513672,-9.062612533569336,-8.3178071975708,-7.160698413848877,-6.681828498840332,-7.387427806854248,-7.832376003265381,-7.308980941772461,-5.172900199890137,-3.4176852703094482,-4.0403733253479,-3.0667643547058105,-0.7880219221115112,1.4935495853424072,-12.244258880615234,-11.767537117004395,-1.7501834630966187,-9.49294662475586,-6.792341232299805,-10.728469848632812,-10.705018997192383,-8.981173515319824,-8.034194946289062,-7.876300811767578,-9.967405319213867,-11.954054832458496,-10.217942237854004,-7.592507362365723,-8.671201705932617,-5.6688551902771,-6.6078314781188965,-4.137566089630127,-4.992287635803223,-5.872199058532715,-4.292110919952393,-12.365127563476562,-11.951269149780273,-9.072720527648926,-10.508293151855469
-8.150559425354004,-7.579640865325928,-8.237695693969727,-9.669001579284668,-10.13107967376709,-9.653119087219238,-8.317326545715332,-7.708735942840576,-7.556772708892822,-7.266777515411377,-7.263875961303711,-6.011378288269043,-5.45764684677124,-5.459841728210449,-3.9017646312713623,-1.1834033727645874,-1.5529828071594238,-7.204534530639648,-13.224507331848145,-8.316643714904785,-3.4891748428344727,-4.887209415435791,-3.254154682159424,-6.853564739227295,-11.016782760620117,-8.475711822509766,-8.487214088439941,-8.518640518188477,-9.96102237701416,-12.57593059539795,-12.860664367675781,-9.960762023925781,-7.521501541137695,-9.609236717224121,-8.656623840332031,-7.400182247161865,-7.678116321563721,-3.509131669998169,-11.819673538208008,-14.015700340270996,-12.391436576843262,-10.319353103637695,-9.422422409057617
-7.735876083374023,-7.023632526397705,-8.045655250549316,-9.8853759765625,-10.675292015075684,-10.334928512573242,-7.998615741729736,-6.138413906097412,-6.074121952056885,-6.662445545196533,-5.832980632781982,-5.1534342765808105,-5.247978210449219,-4.054224491119385,-3.13466477394104,-3.4066479206085205,-3.7219457626342773,-7.6496734619140625,-9.761048316955566,-6.178369045257568,-4.934883117675781,-6.623134613037109,-7.975831031799316,-6.3057379722595215,-10.467016220092773,-5.797382354736328,-8.265678405761719,-12.46949577331543,-11.706001281738281,-11.595769882202148,-11.031023025512695,-9.098942756652832,-11.11936092376709,-14.157352447509766,-8.709168434143066,-9.251872062683105,-9.147187232971191,-2.56988263130188,-6.341598987579346,-11.744858741760254,-10.205371856689453,-12.281789779663086,-9.099153518676758
-7.631445407867432,-6.676018714904785,-7.6520915031433105,-9.93298053741455,-11.54472827911377,-11.253860473632812,-9.188257217407227,-7.099163055419922,-5.330183982849121,-5.260963439941406,-6.117123126983643,-5.8792948722839355,-5.391829013824463,-4.1103949546813965,-4.525265693664551,-5.501080513000488,-6.204333782196045,-8.858181953430176,-9.27971363067627,-7.2160468101501465,-7.76046085357666,-8.391057014465332,-6.317505836486816,-8.296906471252441,-6.119930744171143,-4.294032573699951,-13.263075828552246,-15.578810691833496,-13.755574226379395,-13.866500854492188,-9.798575401306152,-10.488975524902344,-12.407201766967773,-12.794173240661621,-9.653791427612305,-10.308930397033691,-8.914098739624023,-6.791114807128906,-6.969827175140381,-7.880858421325684,-9.12212085723877,-16.079025268554688,-12.760584831237793
-7.553158283233643,-7.201638221740723,-8.825675964355469,-11.185165405273438,-11.804865837097168,-10.544379234313965,-9.23887825012207,-7.724270343780518,-5.524374008178711,-5.218099594116211,-7.372061252593994,-6.820096492767334,-5.524847507476807,-5.292331218719482,-6.846444129943848,-6.815440654754639,-6.230851173400879,-8.341139793395996,-10.5780611038208,-9.298914909362793,-7.2052717208862305,-7.273351669311523,-7.139542579650879,-7.708988189697266,-8.290334701538086,-13.932692527770996,-17.681047439575195,-15.962897300720215,-14.447795867919922,-11.013204574584961,-11.375880241394043,-10.255061149597168,-9.940723419189453,-12.700794219970703,-13.156235694885254,-11.572961807250977,-9.758416175842285,-8.735846519470215,-8.36759090423584,-10.790077209472656,-12.384183883666992,-13.250502586364746,-12.567068099975586
