data/wind_data/wind_2025-02-20_09.json
{"header": {"parameterUnit": "KT", "parameterCategory": 2, "nx": 255, "ny": 198, "lo1": 44.73521041870117, "la1": -3.236724853515625, "lo2": 111.26478576660156, "la2": 43.468475341796875, "dx": 0.26192745566368103, "dy": -0.23708222806453705, "refTime": "2025-02-20 09:00:00", "forecastTime": 0, "parameterNumber": 3, "parameterNumberName": "northward_wind"}, "data":
[rows 95 to 113 of 198, columns 172 to 214 of 255]
1.5915547609329224,0.8659713268280029,-0.27828195691108704,-1.6336852312088013,-3.532909870147705,-5.1418280601501465,-6.824514865875244,-7.032090187072754,-9.948691368103027,-3.455012798309326,-2.6061108112335205,-3.055307388305664,-1.9810279607772827,-0.42057424783706665,1.7532507181167603,-0.5665680766105652,-2.157545566558838,-2.0522193908691406,-2.772602081298828,-3.1613106727600098,-4.172560691833496,-4.831289291381836,-3.9897539615631104,-2.657350540161133,-0.7456749081611633,-1.7383686304092407,-2.579556703567505,1.3956732749938965,1.236495018005371,0.9807555079460144,0.7730326056480408,1.8278568983078003,1.9970266819000244,3.175853967666626,3.0086567401885986,2.8251290321350098,2.436128854751587,2.086277723312378,2.6066575050354004,2.4991562366485596,1.8420989513397217,3.4007668495178223,3.7781906127929688
3.8340494632720947,2.503288745880127,0.877678394317627,-0.7325524091720581,-2.761768341064453,-4.678955554962158,-6.328234672546387,-6.450655460357666,-8.391166687011719,-4.667970657348633,-3.909569501876831,-3.632582902908325,-2.5096631050109863,-0.17237018048763275,2.042525053024292,-2.0588431358337402,-1.2040330171585083,-0.7966220378875732,-1.8755627870559692,-2.9412801265716553,-3.4220073223114014,-4.213510990142822,-4.431058406829834,-4.587676048278809,-3.7553985118865967,-5.469919204711914,-5.325623512268066,-2.2982256412506104,-0.8514034152030945,-0.31673526763916016,0.7185306549072266,0.12259796261787415,0.8449589014053345,0.9690714478492737,2.9836599826812744,2.62629771232605,3.4075632095336914,2.990915060043335,1.7292581796646118,2.4988038539886475,2.8783538341522217,4.317416667938232,5.486660957336426
5.743247985839844,4.362560272216797,3.2353100776672363,0.8266810178756714,-1.3159531354904175,-3.4838128089904785,-4.53049373626709,-5.185654163360596,-5.560205936431885,-4.280304431915283,-4.666904926300049,-4.356191635131836,-4.478097915649414,-2.0362660884857178,0.8514791131019592,2.666836738586426,2.402418375015259,0.18675942718982697,-1.4455777406692505,-2.9052319526672363,-2.696005344390869,-3.258385419845581,-3.91329026222229,-4.829914569854736,-4.095326900482178,-2.082432985305786,-2.1663105487823486,-1.2134615182876587,-1.623953938484192,0.2728557884693146,1.373940348625183,1.1814652681350708,0.9760549068450928,0.2184475213289261,0.5510010123252869,1.678938865661621,1.619397521018982,1.3628345727920532,1.622450828552246,2.029860734939575,2.175581216812134,3.488194465637207,3.21396541595459
10.964893341064453,9.232261657714844,4.933478355407715,1.7783868312835693,0.7216951251029968,-1.5974348783493042,-2.2888245582580566,-5.361159801483154,-1.463154673576355,-4.177883625030518,-4.682344436645508,-4.613746643066406,-3.063131332397461,-1.973319172859192,0.17428576946258545,4.548512935638428,4.769387245178223,-0.3961212635040283,-1.846415638923645,-2.8177433013916016,-2.999722719192505,-2.467496633529663,-2.9290058612823486,-3.8759217262268066,-4.495238304138184,-1.8802616596221924,-0.0599164143204689,0.8042166233062744,0.2092766910791397,-0.01341957226395607,0.3590693771839142,-0.38886791467666626,-1.3657623529434204,0.48724237084388733,0.4820125102996826,0.6953309178352356,0.1465500146150589,0.46237653493881226,1.080898404121399,1.7295644283294678,1.9078580141067505,1.914160966873169,1.6395727396011353
7.613588333129883,7.1919636726379395,7.064856052398682,8.522552490234375,5.8207268714904785,0.354152113199234,-1.399168848991394,-3.6458959579467773,-2.946922779083252,-4.868124961853027,-4.980000972747803,-4.163585186004639,-2.5081729888916016,-1.2308053970336914,0.44908034801483154,2.2133395671844482,1.1375837326049805,0.25278347730636597,-0.5168288946151733,-2.1362242698669434,-3.1521503925323486,-3.0363376140594482,-2.349872589111328,-2.320805311203003,-3.934079885482788,-3.0900774002075195,-0.6141308546066284,0.8255907893180847,2.094529151916504,-0.6473207473754883,-0.6617031693458557,-1.2412135601043701,-0.13993704319000244,0.04804736003279686,0.5210870504379272,0.1860874593257904,0.6673027873039246,0.7890341281890869,0.1772432029247284,0.9993999004364014,1.4628164768218994,1.1437671184539795,2.610285997390747
5.147609233856201,3.867285966873169,4.393944263458252,5.616311073303223,4.54524040222168,1.8525760173797607,-0.913449227809906,0.6068949699401855,-3.5766472816467285,-4.634743690490723,-4.487489700317383,-3.7309675216674805,-2.6152260303497314,-1.8775469064712524,0.1386910080909729,2.0314464569091797,-0.40693914890289307,0.18183641135692596,-0.7019307017326355,-1.7089650630950928,-3.0355963706970215,-3.734543800354004,-3.4690592288970947,-2.6470694541931152,-0.9231591820716858,-0.9403894543647766,-0.20710565149784088,-0.25556954741477966,0.6323223114013672,1.9266060590744019,0.515814483165741,0.39806291460990906,0.11583571881055832,-0.5916057825088501,-0.5501506924629211,0.23446236550807953,0.39887988567352295,0.3913372755050659,1.2693028450012207,1.270991563796997,1.4589498043060303,2.2006373405456543,3.2885730266571045
5.988306999206543,5.06032657623291,3.944448232650757,4.437412738800049,4.006990432739258,5.84412956237793,4.250973701477051,0.5527755618095398,-3.258902072906494,-3.977843761444092,-3.9691271781921387,-3.3707900047302246,-3.2895376682281494,-3.3556954860687256,-1.211774468421936,3.8283567428588867,2.906153917312622,0.7867594957351685,-1.2854191064834595,-2.5276148319244385,-1.5511645078659058,-2.729887008666992,-3.574662923812866,-3.273672342300415,-1.9996942281723022,-1.1355512142181396,-0.6342926621437073,0.664591908454895,0.6772673726081848,1.5293335914611816,1.4879295825958252,0.09423355013132095,0.5345212817192078,0.32170626521110535,0.03256572410464287,-0.5215649008750916,-0.567426323890686,-0.11579141765832901,-0.09511798620223999,1.5642156600952148,2.167172908782959,2.134917974472046,3.0194778442382812
4.576523780822754,4.343505382537842,4.828483581542969,2.7935783863067627,3.8489160537719727,3.893557071685791,2.011498212814331,-1.5493496656417847,-3.4837167263031006,-3.1587531566619873,-2.7973814010620117,-3.2585997581481934,-2.553837299346924,-3.526021957397461,-1.8475265502929688,2.6035895347595215,3.125293493270874,0.6234728097915649,-0.45853447914123535,-0.44834455847740173,-1.9747587442398071,-2.026667833328247,-2.064119338989258,-2.388465642929077,-3.3723461627960205,-3.2191083431243896,-3.9934725761413574,-2.7132768630981445,0.05069452151656151,0.39552995562553406,-0.11879252642393112,0.8899196982383728,1.0862256288528442,0.6929436326026917,0.20378461480140686,-0.4652191400527954,-0.3103674054145813,0.49084562063217163,1.4637740850448608,1.991008996963501,1.842383623123169,1.9788691997528076,3.1483418941497803
5.252259254455566,5.015388488769531,2.829733371734619,-3.8888895511627197,0.38937321305274963,1.6753133535385132,-0.10615465044975281,-2.285005807876587,-1.8660882711410522,-2.7713205814361572,-3.467073678970337,-3.1207590103149414,-2.8526787757873535,-2.8704140186309814,-2.0973000526428223,1.628206729888916,2.2192423343658447,0.8036043643951416,0.40764039754867554,-0.025273071601986885,-0.8134884834289551,-1.6105566024780273,-1.2000302076339722,-1.185552954673767,-1.926961064338684,-3.1147148609161377,-4.4566755294799805,-5.120239734649658,-3.699930191040039,-1.4420140981674194,-1.8321877717971802,-0.8390709161758423,-0.13674256205558777,1.2974613904953003,1.5696825981140137,0.8627097606658936,0.8192284107208252,1.096075415611267,1.2744067907333374,0.6839408874511719,1.2565033435821533,3.807260036468506,4.551349639892578
5.066920280456543,5.040353775024414,4.9197611808776855,4.429519176483154,3.339475154876709,2.555471897125244,1.1577141284942627,-0.9610650539398193,-1.956034779548645,-2.588003158569336,-2.5873005390167236,-2.625774383544922,-3.4247426986694336,-2.8531854152679443,-2.645489454269409,0.857557475566864,1.5855876207351685,1.8769214153289795,1.3211134672164917,0.11601375043392181,-0.11435621976852417,-1.9054633378982544,-1.51798677444458,-1.3088209629058838,-1.8482173681259155,-1.3391534090042114,-1.7893730401992798,-2.8262054920196533,-3.9348855018615723,-4.511972427368164,-2.8450164794921875,-1.587630033493042,-1.0084127187728882,-0.4511093199253082,1.2614762783050537,1.8592870235443115,1.3503221273422241,1.0726999044418335,0.7253408432006836,1.304125189781189,1.0569548606872559,3.6052589416503906,3.180875062942505
4.767299175262451,4.723295211791992,5.5252180099487305,6.96461820602417,4.589014053344727,2.273669481277466,0.6119781732559204,-0.18459951877593994,-1.6218128204345703,-1.7716150283813477,-1.720940113067627,-2.1040704250335693,-2.5451059341430664,-2.7759273052215576,-3.814840316772461,-0.47971680760383606,1.7316265106201172,1.1495082378387451,1.1923456192016602,1.2027921676635742,-0.9640092253684998,-1.1994388103485107,-1.2291592359542847,-0.570920467376709,-1.3357943296432495,-2.6914756298065186,-2.2258381843566895,-2.4825990200042725,-3.2406978607177734,-3.8004634380340576,-3.2643682956695557,-2.6737940311431885,-1.9342033863067627,-1.270950198173523,0.4435301423072815,0.9073150753974915,0.9328299164772034,0.8875223398208618,1.0669924020767212,1.767034649848938,2.0117459297180176,2.858802318572998,3.8789424896240234
4.964144706726074,4.984536647796631,5.1180853843688965,6.2900543212890625,4.912288188934326,3.4208459854125977,2.522883176803589,1.0513042211532593,-0.12245593965053558,-0.6573834419250488,-1.388264536857605,-1.568554401397705,-2.174588918685913,-3.2052011489868164,-3.4688804149627686,-2.6880977153778076,3.2809596061706543,1.9823251962661743,2.261239767074585,1.3376049995422363,-0.30947062373161316,-0.5575554966926575,-0.6117282509803772,-1.125022292137146,-1.5816948413848877,-2.5980005264282227,-1.821625828742981,-2.1063311100006104,-2.499953031539917,-2.658888578414917,-2.3221569061279297,-2.0691771507263184,-2.192352056503296,-2.0484962463378906,-1.4964879751205444,-0.12244120240211487,0.7423385381698608,1.3223237991333008,1.634358525276184,2.391421318054199,2.405703544616699,3.366255283355713,4.141068458557129
4.316788196563721,4.021850109100342,4.590203762054443,5.976106643676758,5.218042373657227,3.5843441486358643,3.1564416885375977,2.2868568897247314,0.3998384177684784,-0.8394308090209961,-1.0520284175872803,-0.9958286881446838,-1.6304059028625488,-2.5732579231262207,-2.416309118270874,-3.7588279247283936,0.9093696475028992,3.1908764839172363,2.9261584281921387,1.7809138298034668,-0.1311972439289093,-0.9199766516685486,-1.0281490087509155,-1.8884093761444092,-1.7497773170471191,-1.188637614250183,-1.390953779220581,-1.8055328130722046,-1.5682768821716309,-1.5970855951309204,-1.3329548835754395,-0.8752483129501343,-0.9095035791397095,-1.073413372039795,0.027835747227072716,1.1495267152786255,1.5506612062454224,0.782232940196991,0.8585509657859802,1.5095124244689941,1.8493183851242065,2.946920156478882,3.135185480117798
2.5314393043518066,2.666393995285034,3.1002755165100098,3.725900411605835,3.9776816368103027,3.829420328140259,2.804997682571411,1.2419166564941406,1.1453745365142822,0.8568708896636963,0.25415611267089844,-0.04537934809923172,-1.5927073955535889,-2.452599287033081,-2.9602043628692627,-2.4857804775238037,-2.5947022438049316,2.7645931243896484,1.3337143659591675,1.9916536808013916,1.3074028491973877,1.2517253160476685,-0.19254271686077118,-1.318105936050415,-1.8518422842025757,-1.0966769456863403,-1.6442376375198364,-0.5235726833343506,0.1321982592344284,-0.4260365664958954,-0.34772342443466187,0.06781671196222305,0.46753525733947754,0.5179032683372498,0.9172263741493225,1.2947747707366943,1.9440302848815918,1.81144380569458,1.6293896436691284,2.031754493713379,3.3864128589630127,3.30165433883667,2.928898811340332
2.755403995513916,2.784804105758667,3.011765956878662,3.599760055541992,3.8786089420318604,3.9659128189086914,3.428539276123047,2.441561460494995,2.604731559753418,2.65152907371521,2.248321056365967,2.0097062587738037,2.453467845916748,1.3167961835861206,0.045937273651361465,-0.6480264067649841,-3.15966796875,0.8973373174667358,2.244960308074951,1.5432910919189453,1.288551688194275,1.1922677755355835,0.3447449505329132,0.37255150079727173,-0.33276161551475525,-0.7090224623680115,-0.035169605165719986,0.31464457511901855,0.5272509455680847,0.8730782866477966,0.400759220123291,0.20410265028476715,0.6140192747116089,1.113286018371582,1.3389074802398682,1.534537434577942,1.6870551109313965,2.5159902572631836,3.491835832595825,2.8449361324310303,3.5531234741210938,2.4554929733276367,2.9817569255828857
3.062495231628418,2.9941654205322266,3.227911949157715,3.274280071258545,3.563270092010498,3.613288164138794,3.3220911026000977,3.3038179874420166,2.10005259513855,2.6064114570617676,3.7571871280670166,3.4042701721191406,4.351718902587891,3.3547468185424805,1.3081363439559937,0.1533929705619812,-0.5727227330207825,0.7243689894676208,4.733462333679199,2.32478404045105,3.383019208908081,2.440645933151245,1.6101933717727661,1.4730956554412842,0.6237035393714905,-0.2797560691833496,-1.079509973526001,-0.059027716517448425,0.8554575443267822,1.6648368835449219,0.9102488160133362,0.3490578532218933,1.1335089206695557,2.3709557056427,2.9241979122161865,4.116623878479004,2.8342127799987793,2.926724672317505,4.538815021514893,3.8998970985412598,4.357980251312256,3.8734233379364014,4.307931900024414
3.4360923767089844,3.5567474365234375,3.3002560138702393,3.4581589698791504,4.041633129119873,4.229493618011475,3.95324444770813,5.089064121246338,4.807040691375732,5.8276448249816895,5.804675102233887,5.169687747955322,4.480020523071289,3.7468276023864746,3.300224781036377,2.6602425575256348,2.3508458137512207,0.3811242878437042,5.5649590492248535,3.3725368976593018,3.304145574569702,3.2985589504241943,2.808880090713501,0.6900073289871216,1.0357617139816284,0.6431655287742615,2.2905282974243164,1.255140781402588,1.4857796430587769,1.5774279832839966,1.4777899980545044,1.1298223733901978,1.3925371170043945,2.448192834854126,3.3760578632354736,4.864541053771973,4.072679042816162,4.354028701782227,4.698642730712891,4.827949047088623,3.5755817890167236,4.878192901611328,4.9572343826293945
2.8105971813201904,3.423933506011963,3.291810989379883,3.6942074298858643,4.09705114364624,4.229874134063721,4.584169387817383,5.5099263191223145,5.30415153503418,4.414937496185303,5.50142765045166,4.521182537078857,2.3506057262420654,4.365779399871826,4.3367791175842285,1.4909793138504028,-0.6115151047706604,-0.42504552006721497,0.26147139072418213,3.558281660079956,3.7145090103149414,1.4548602104187012,2.816192150115967,1.6345914602279663,1.4366536140441895,1.2242852449417114,1.5802785158157349,1.9203797578811646,3.4236154556274414,3.4481117725372314,2.918107271194458,1.6376265287399292,0.7953564524650574,1.9472081661224365,2.74015212059021,4.758427143096924,6.079652309417725,6.270864963531494,5.150393009185791,3.701514720916748,3.345799684524536,4.299004077911377,4.2543463706970215
2.2031381130218506,2.520111560821533,3.4470388889312744,4.205663681030273,4.455871105194092,4.921589374542236,5.62936544418335,4.267969608306885,4.207692623138428,4.07424259185791,4.20203161239624,2.3207638263702393,-0.2755265533924103,1.3961354494094849,0.24065814912319183,-1.9481841325759888,-1.8810590505599976,-2.4467527866363525,-4.089301586151123,-2.8105733394622803,4.293630123138428,4.290282249450684,2.8079426288604736,3.1089913845062256,2.9132585525512695,3.1751549243927,0.9586682915687561,2.8610148429870605,3.120121479034424,3.0229294300079346,2.0650057792663574,0.431418776512146,-0.280796080827713,0.3723940849304199,1.4016263484954834,4.0825276374816895,6.028257369995117,7.167863368988037,5.252564907073975,4.9217753410339355,5.491024494171143,4.725863933563232,5.0019145011901855
