data/wind_data/wind_21_2.json
{"header": {"parameterUnit": "KT", "parameterCategory": 2, "nx": 256, "ny": 198, "lo1": 44.73521041870117, "la1": -3.236724853515625, "lo2": 111.26478576660156, "la2": 43.468475341796875, "dx": 0.2609002888202667, "dy": -0.23708222806453705, "refTime": "2025-02-19 21:00:00", "forecastTime": 0, "parameterNumber": 2, "parameterNumberName": "eastward_wind"}, "data":
[rows 38 to 56 of 198, columns 0 to 42 of 256]
-18.617158889770508,-20.218347549438477,-19.19866943359375,-17.153501510620117,-15.54232120513916,-16.924943923950195,-17.593435287475586,-18.833528518676758,-20.888442993164062,-22.6311092376709,-23.594194412231445,-23.859357833862305,-23.681682586669922,-23.983640670776367,-24.29717445373535,-23.98546028137207,-22.28340721130371,-19.272485733032227,-17.17023468017578,-16.957317352294922,-17.200992584228516,-16.855545043945312,-17.025798797607422,-16.4698429107666,-15.264890670776367,-14.601190567016602,-14.2972993850708,-14.025861740112305,-13.972387313842773,-14.387503623962402,-15.433256149291992,-15.917783737182617,-15.15477466583252,-15.005477905273438,-15.307909965515137,-14.530050277709961,-14.322765350341797,-13.573322296142578,-13.592735290527344,-13.50017261505127,-13.872102737426758,-13.90519905090332,-13.839487075805664
-19.53870964050293,-20.832265853881836,-19.91593360900879,-17.859140396118164,-16.705514907836914,-17.17835235595703,-17.64092254638672,-19.123939514160156,-20.77774429321289,-22.069578170776367,-22.395294189453125,-22.489620208740234,-22.72203254699707,-23.234756469726562,-23.594423294067383,-23.741939544677734,-22.983646392822266,-20.433780670166016,-17.916088104248047,-16.920812606811523,-16.84557342529297,-16.551237106323242,-16.512359619140625,-16.51323890686035,-15.425178527832031,-14.450921058654785,-14.434998512268066,-14.581016540527344,-14.304733276367188,-15.927162170410156,-16.810802459716797,-16.749155044555664,-14.852076530456543,-15.356705665588379,-15.520899772644043,-14.741458892822266,-13.60599136352539,-12.409997940063477,-12.264646530151367,-12.0178804397583,-12.872864723205566,-14.318705558776855,-14.94958782196045
-19.3581600189209,-19.625329971313477,-19.265657424926758,-17.55176544189453,-16.816831588745117,-17.48026466369629,-17.331377029418945,-18.058847427368164,-19.06073570251465,-20.128276824951172,-20.293636322021484,-20.353830337524414,-20.868362426757812,-21.443191528320312,-21.53902244567871,-21.913007736206055,-22.32870101928711,-21.645185470581055,-19.173892974853516,-16.717939376831055,-15.921906471252441,-16.66413688659668,-16.391096115112305,-15.751081466674805,-15.12520694732666,-14.3212890625,-14.63603401184082,-15.499436378479004,-14.75760269165039,-14.830575942993164,-17.125743865966797,-16.117399215698242,-14.666766166687012,-15.488933563232422,-15.69491195678711,-14.170387268066406,-12.662372589111328,-12.173412322998047,-11.633842468261719,-11.283650398254395,-12.224982261657715,-13.689791679382324,-14.014050483703613
-19.53231430053711,-18.71546745300293,-18.563318252563477,-17.449384689331055,-17.118818283081055,-17.683429718017578,-16.330379486083984,-15.435918807983398,-15.659513473510742,-16.661359786987305,-17.26054573059082,-17.736316680908203,-17.453779220581055,-17.26502227783203,-17.338197708129883,-17.771530151367188,-18.902673721313477,-20.220197677612305,-20.09130096435547,-17.883434295654297,-15.692095756530762,-15.41369342803955,-16.639400482177734,-15.896049499511719,-14.441848754882812,-13.431200981140137,-15.800481796264648,-17.774394989013672,-14.547143936157227,-13.999330520629883,-16.904104232788086,-16.4739990234375,-15.402305603027344,-15.648905754089355,-15.841639518737793,-13.704273223876953,-12.330491065979004,-12.478133201599121,-11.97558879852295,-11.701272010803223,-12.04024600982666,-13.269811630249023,-13.703929901123047
-19.382556915283203,-18.35651206970215,-18.68822479248047,-19.21009063720703,-19.036951065063477,-15.674057006835938,-13.339879035949707,-11.498836517333984,-11.47286605834961,-12.146276473999023,-13.611034393310547,-14.349184036254883,-13.40753173828125,-12.6116361618042,-12.767523765563965,-13.584157943725586,-15.300430297851562,-17.23335075378418,-18.820152282714844,-19.142107009887695,-16.72378158569336,-14.808347702026367,-15.327484130859375,-16.320499420166016,-14.636512756347656,-12.968025207519531,-15.76868724822998,-19.263198852539062,-17.522029876708984,-15.292125701904297,-16.83112144470215,-17.156673431396484,-15.608037948608398,-15.14635181427002,-14.993852615356445,-13.65716552734375,-12.260863304138184,-12.28010368347168,-12.010831832885742,-12.286680221557617,-12.609824180603027,-13.23237419128418,-13.45761489868164
-18.617300033569336,-17.69083023071289,-17.653926849365234,-18.063034057617188,-17.775911331176758,-15.675554275512695,-13.396408081054688,-10.825586318969727,-10.4371337890625,-10.108418464660645,-11.409244537353516,-10.94072437286377,-10.258272171020508,-10.59237289428711,-11.180249214172363,-12.381269454956055,-14.275205612182617,-15.926965713500977,-17.107606887817383,-18.12259292602539,-18.139558792114258,-16.080821990966797,-14.242049217224121,-15.166991233825684,-14.945390701293945,-12.9718017578125,-15.246872901916504,-18.933794021606445,-18.364397048950195,-17.274934768676758,-17.116453170776367,-16.086624145507812,-14.63597297668457,-12.781637191772461,-12.127775192260742,-13.730443954467773,-13.38588809967041,-12.389361381530762,-11.551300048828125,-12.533941268920898,-13.176602363586426,-13.24362850189209,-13.05373477935791
-16.833303451538086,-15.92348575592041,-15.545473098754883,-15.33957290649414,-15.208174705505371,-11.734607696533203,-12.282949447631836,-12.106690406799316,-10.48723316192627,-9.544707298278809,-10.524126052856445,-10.578953742980957,-11.24354362487793,-12.560798645019531,-14.149803161621094,-15.526022911071777,-16.417320251464844,-16.679922103881836,-16.418441772460938,-16.80242347717285,-17.352338790893555,-16.860210418701172,-15.091907501220703,-13.822107315063477,-13.91616153717041,-12.68292236328125,-13.724552154541016,-17.31566619873047,-18.649105072021484,-17.43845558166504,-14.422619819641113,-12.592241287231445,-13.39233684539795,-12.133295059204102,-10.088736534118652,-13.911378860473633,-14.5770263671875,-12.49394702911377,-11.66943645477295,-13.011738777160645,-13.682607650756836,-13.600661277770996,-12.775090217590332
-14.354732513427734,-13.877793312072754,-13.288683891296387,-13.860790252685547,-16.451894760131836,-12.980830192565918,-11.244494438171387,-12.602784156799316,-14.631092071533203,-14.881794929504395,-15.220084190368652,-15.993878364562988,-17.650684356689453,-18.795114517211914,-19.216154098510742,-19.040348052978516,-17.640810012817383,-15.735596656799316,-15.136128425598145,-15.178109169006348,-15.506651878356934,-15.584502220153809,-15.538599014282227,-14.408965110778809,-12.464847564697266,-12.145030975341797,-12.117724418640137,-13.813660621643066,-16.071563720703125,-14.96187686920166,-11.656560897827148,-10.600077629089355,-13.489198684692383,-13.805513381958008,-12.255960464477539,-14.972414016723633,-14.842068672180176,-13.00091552734375,-14.365230560302734,-14.949563980102539,-13.928386688232422,-13.807936668395996,-12.773038864135742
-12.85866928100586,-13.465205192565918,-12.985718727111816,-12.733195304870605,-14.849623680114746,-12.09576416015625,-11.153531074523926,-13.68298625946045,-18.31682014465332,-20.903797149658203,-20.90053939819336,-21.146699905395508,-21.788066864013672,-21.276355743408203,-18.798185348510742,-16.192934036254883,-13.890567779541016,-13.17315673828125,-14.224348068237305,-14.605791091918945,-14.755762100219727,-15.037309646606445,-15.789788246154785,-16.058197021484375,-12.428702354431152,-10.753701210021973,-11.430644035339355,-13.018716812133789,-14.680176734924316,-13.045701026916504,-11.647591590881348,-12.765629768371582,-15.47519588470459,-15.936047554016113,-15.711490631103516,-15.127532958984375,-13.676766395568848,-14.802167892456055,-16.63136100769043,-15.116762161254883,-12.539290428161621,-12.912426948547363,-12.960469245910645
-11.431333541870117,-13.06895637512207,-12.782390594482422,-12.302546501159668,-14.010010719299316,-11.5581636428833,-10.2953462600708,-9.870179176330566,-11.80363941192627,-16.401216506958008,-18.563152313232422,-18.264368057250977,-18.67266273498535,-17.88282012939453,-13.881697654724121,-10.612624168395996,-10.677733421325684,-12.2146635055542,-12.7523832321167,-13.533466339111328,-13.880986213684082,-14.202815055847168,-14.797611236572266,-15.283398628234863,-12.87221622467041,-10.012529373168945,-10.816211700439453,-11.3547945022583,-13.482600212097168,-13.416863441467285,-14.845234870910645,-15.68442440032959,-15.856517791748047,-15.40190315246582,-14.861190795898438,-14.176072120666504,-14.220438957214355,-15.441719055175781,-15.43263053894043,-14.87956714630127,-12.563620567321777,-11.79231071472168,-13.756424903869629
-9.785660743713379,-10.456465721130371,-10.599048614501953,-11.333282470703125,-11.820413589477539,-8.611543655395508,-6.977258205413818,-9.679003715515137,-11.259623527526855,-13.428746223449707,-16.610544204711914,-16.88726806640625,-15.381415367126465,-11.32947826385498,-7.973033428192139,-8.54516887664795,-10.513530731201172,-11.173717498779297,-11.788972854614258,-12.422882080078125,-13.073001861572266,-13.469660758972168,-13.263733863830566,-12.792766571044922,-11.70179557800293,-10.293986320495605,-10.819768905639648,-11.886930465698242,-14.62818431854248,-16.297353744506836,-17.371278762817383,-15.515177726745605,-13.333053588867188,-13.26523208618164,-14.557188034057617,-15.817708969116211,-15.754388809204102,-13.70219612121582,-12.749042510986328,-14.914013862609863,-14.482806205749512,-13.711732864379883,-15.027253150939941
-8.365660667419434,-8.045487403869629,-7.596871852874756,-8.533074378967285,-7.842167854309082,-6.31249475479126,-3.206282615661621,-6.519773006439209,-10.324004173278809,-11.630441665649414,-15.643633842468262,-15.885034561157227,-11.150276184082031,-5.959475040435791,-6.404653072357178,-7.866025447845459,-10.021791458129883,-10.643438339233398,-10.611837387084961,-11.445076942443848,-12.680561065673828,-13.28154182434082,-13.07192325592041,-12.34702205657959,-11.065933227539062,-10.602185249328613,-11.938331604003906,-12.906691551208496,-13.941914558410645,-16.058338165283203,-16.641315460205078,-14.447154998779297,-13.156389236450195,-14.711895942687988,-16.916667938232422,-17.124248504638672,-14.732136726379395,-12.180231094360352,-13.143810272216797,-14.810583114624023,-14.742134094238281,-14.271737098693848,-15.213107109069824
-6.51022481918335,-5.418507099151611,-4.479557991027832,-5.377692222595215,-6.275638103485107,-3.2797818183898926,-0.11268289387226105,-3.1364705562591553,-7.281557559967041,-8.330160140991211,-8.944369316101074,-10.219352722167969,-10.015120506286621,-8.24868106842041,-7.668173313140869,-7.282858848571777,-8.129962921142578,-8.601015090942383,-9.134812355041504,-10.977715492248535,-12.733684539794922,-13.74146556854248,-13.666169166564941,-12.878236770629883,-11.220032691955566,-10.694031715393066,-11.370638847351074,-11.584015846252441,-13.619906425476074,-14.611747741699219,-14.539300918579102,-13.875521659851074,-14.663593292236328,-16.26578712463379,-17.07526969909668,-16.475662231445312,-14.089483261108398,-13.21809196472168,-14.953174591064453,-15.8121919631958,-14.866865158081055,-12.58865737915039,-13.639851570129395
-5.875435829162598,-2.349318504333496,-1.5354849100112915,-0.2995447814464569,-0.02836930751800537,1.5548608303070068,1.223994493484497,-4.656486511230469,-6.4388427734375,-3.8725647926330566,-0.6143859028816223,-0.6932908892631531,-5.376555919647217,-4.721134185791016,-3.229599714279175,-3.482771158218384,-6.1063666343688965,-8.798032760620117,-10.56840705871582,-11.798288345336914,-13.16235065460205,-13.922276496887207,-13.879531860351562,-13.166973114013672,-11.366308212280273,-10.617194175720215,-11.505096435546875,-11.891164779663086,-12.803278923034668,-13.596609115600586,-14.526596069335938,-14.768972396850586,-14.130237579345703,-14.144330978393555,-15.604826927185059,-16.011402130126953,-15.554438591003418,-15.134166717529297,-15.439384460449219,-16.36258888244629,-15.311906814575195,-13.160454750061035,-13.435002326965332
-2.9265315532684326,0.48756730556488037,-0.8036699891090393,0.034909553825855255,4.1808247566223145,1.8100616931915283,-1.632290244102478,-7.543516159057617,-7.2277607917785645,-1.6076760292053223,5.041168212890625,6.311092376708984,2.4245848655700684,2.6676571369171143,2.926608085632324,-1.8038363456726074,-7.2250165939331055,-10.292339324951172,-11.985418319702148,-12.099967002868652,-11.982355117797852,-12.23534107208252,-12.592931747436523,-12.196288108825684,-11.599217414855957,-12.124292373657227,-11.663552284240723,-11.831205368041992,-12.623028755187988,-13.748559951782227,-13.93215560913086,-13.22677230834961,-11.708348274230957,-12.703974723815918,-15.460219383239746,-15.380852699279785,-15.292244911193848,-15.50547981262207,-15.629793167114258,-15.83284854888916,-15.786134719848633,-15.878372192382812,-16.319490432739258
-4.267458915710449,-3.155777931213379,-1.8653596639633179,-1.6873468160629272,-2.244520902633667,-2.1756181716918945,-5.269443511962891,-7.2199811935424805,-6.149988651275635,-1.2361128330230713,5.1499457359313965,7.968997001647949,7.564489841461182,6.739854335784912,5.967982292175293,1.3817932605743408,-5.884305000305176,-11.207600593566895,-12.337031364440918,-11.935612678527832,-12.955575942993164,-13.606293678283691,-13.685220718383789,-12.3839693069458,-11.83939266204834,-11.975914001464844,-11.187775611877441,-11.650774955749512,-12.618906021118164,-13.459383010864258,-12.847851753234863,-11.5951566696167,-11.175942420959473,-12.765110969543457,-14.950896263122559,-14.883338928222656,-15.008429527282715,-15.277656555175781,-15.489202499389648,-15.664105415344238,-15.945023536682129,-16.30305290222168,-16.52705955505371
-7.3347296714782715,-8.29210090637207,-8.247525215148926,-8.193849563598633,-7.920200347900391,-7.997793674468994,-8.321946144104004,-7.099849700927734,-6.065759181976318,-2.906452178955078,2.510831594467163,4.635950088500977,3.8546218872070312,4.141188144683838,5.411959648132324,3.059180974960327,-5.046415328979492,-10.528434753417969,-11.250292778015137,-9.373590469360352,-7.1819868087768555,-10.822831153869629,-13.373089790344238,-12.796314239501953,-11.705458641052246,-11.770454406738281,-10.787179946899414,-11.476228713989258,-12.803900718688965,-13.441363334655762,-12.473454475402832,-11.9627685546875,-12.062115669250488,-12.726823806762695,-13.95361328125,-13.956851959228516,-14.518879890441895,-15.348992347717285,-15.604554176330566,-15.609524726867676,-15.8633451461792,-16.377822875976562,-16.435867309570312
-9.517082214355469,-11.269277572631836,-12.049818992614746,-12.245969772338867,-12.048205375671387,-11.944696426391602,-11.289706230163574,-10.688108444213867,-11.141559600830078,-11.188075065612793,-9.618317604064941,-9.088550567626953,-9.659022331237793,-8.6820650100708,-7.63966178894043,-7.375555992126465,-6.984685897827148,-5.2961249351501465,-3.200659990310669,-4.140392780303955,-4.905632972717285,-9.0665922164917,-12.631986618041992,-13.313057899475098,-12.500017166137695,-12.177300453186035,-10.977012634277344,-10.321657180786133,-12.658138275146484,-13.076297760009766,-13.215226173400879,-12.757833480834961,-12.321227073669434,-12.219802856445312,-13.278576850891113,-14.072874069213867,-14.370298385620117,-15.461005210876465,-15.460712432861328,-15.070960998535156,-14.855066299438477,-15.904480934143066,-16.42530059814453
-10.509088516235352,-11.499504089355469,-11.92398452758789,-11.597209930419922,-10.87164306640625,-10.037809371948242,-9.06785774230957,-8.563183784484863,-8.901554107666016,-10.850702285766602,-13.001605987548828,-14.684855461120605,-15.647591590881348,-15.67004680633545,-14.49588680267334,-12.414624214172363,-9.510154724121094,-6.663962364196777,-3.921175718307495,-1.5862923860549927,-8.389415740966797,-11.326422691345215,-11.26488971710205,-11.852081298828125,-12.790966987609863,-12.401183128356934,-10.653756141662598,-8.1060152053833,-13.5996675491333,-12.530963897705078,-12.92255687713623,-12.941217422485352,-12.449502944946289,-11.484383583068848,-12.479275703430176,-14.746871948242188,-15.149090766906738,-14.760860443115234,-15.051374435424805,-14.860578536987305,-14.740653991699219,-15.284910202026367,-15.928044319152832
