data/wind_data/wind_12_1.json
{"header": {"parameterUnit": "KT", "parameterCategory": 2, "nx": 256, "ny": 198, "lo1": 44.73521041870117, "la1": -3.236724853515625, "lo2": 111.26478576660156, "la2": 43.468475341796875, "dx": 0.2609002888202667, "dy": -0.23708222806453705, "refTime": "2025-02-19 12:00:00", "forecastTime": 0, "parameterNumber": 2, "parameterNumberName": "eastward_wind"}, "data":
[rows 95 to 113 of 198, columns 43 to 85 of 256]
0.9549866914749146,2.696312189102173,3.5168609619140625,4.814818382263184,5.001131057739258,5.8766045570373535,5.256662845611572,6.364157199859619,5.387594223022461,6.8868608474731445,6.564791679382324,2.253147602081299,-2.459134817123413,1.3232859373092651,1.463346004486084,2.4589266777038574,4.663855075836182,6.313659191131592,7.40004825592041,8.106922149658203,8.281293869018555,7.92340087890625,7.259753704071045,6.597259998321533,5.923563003540039,5.203840255737305,4.89035177230835,4.749173641204834,4.190587997436523,3.909297466278076,3.9498798847198486,4.2113566398620605,4.914706230163574,5.423706531524658,5.493557453155518,5.374272346496582,5.212124824523926,4.809057712554932,4.226199150085449,4.61577844619751,5.042401313781738,5.605701923370361,5.662167549133301
0.7118159532546997,1.5549964904785156,3.778064489364624,4.512889862060547,5.601325511932373,5.890252590179443,6.495053768157959,6.609732151031494,7.291226387023926,7.424946308135986,8.068394660949707,7.2669782638549805,2.5395748615264893,-1.5430877208709717,1.5205764770507812,3.4301698207855225,4.422584056854248,5.731835842132568,7.453269004821777,8.376937866210938,8.308833122253418,8.192267417907715,7.621527671813965,7.024788856506348,6.07313871383667,4.917747974395752,5.017189025878906,4.748779773712158,4.568376064300537,4.802780628204346,4.838963508605957,5.097519397735596,5.550086498260498,6.14232063293457,6.525025844573975,6.107363700866699,5.41589879989624,4.8429131507873535,4.258647918701172,4.541304588317871,5.102790355682373,5.71058464050293,6.01820182800293
0.4527799189090729,2.6611764430999756,3.7604215145111084,5.077085971832275,6.2559895515441895,6.672293186187744,6.994089603424072,7.558750152587891,7.13450813293457,8.683197021484375,7.918729305267334,8.299010276794434,7.159863471984863,3.2721340656280518,0.5856634974479675,1.8555258512496948,3.536665439605713,5.296588897705078,6.6957879066467285,7.584956169128418,7.787219524383545,7.641321182250977,7.158194541931152,6.215403079986572,5.786097049713135,6.002361297607422,5.2438130378723145,5.180539608001709,5.820483207702637,5.985302925109863,5.913888454437256,5.8466386795043945,5.950111389160156,6.246063232421875,6.362393856048584,6.148924827575684,5.879272937774658,5.321642875671387,4.550329685211182,4.564566135406494,5.137826919555664,5.909013271331787,6.731135845184326
0.5652433037757874,3.6172773838043213,4.291378974914551,6.368122577667236,6.8396477699279785,7.939746856689453,7.278876781463623,8.75894546508789,6.731542110443115,9.893152236938477,6.616316318511963,11.366872787475586,4.119792938232422,13.13784408569336,-0.6638795733451843,-0.15633085370063782,3.1478025913238525,4.50356912612915,6.200948715209961,7.133078575134277,7.428661346435547,6.851698398590088,5.749871253967285,5.342236042022705,5.799234867095947,5.972179889678955,5.877957820892334,6.776124000549316,7.223066806793213,7.119053363800049,6.869211196899414,6.417825222015381,6.778395175933838,7.1380696296691895,6.982541561126709,6.812492847442627,6.373081684112549,5.836980819702148,5.157031059265137,4.916951656341553,5.469805717468262,6.454196929931641,7.399265289306641
1.5601615905761719,4.4108147621154785,5.441590785980225,7.057470321655273,7.76436185836792,8.764561653137207,8.617053031921387,8.681591033935547,8.166780471801758,8.968527793884277,9.177082061767578,9.263843536376953,7.773251056671143,9.104267120361328,3.8286798000335693,0.20932325720787048,1.3157011270523071,3.376182794570923,5.159155368804932,6.2085185050964355,5.365955829620361,4.382995128631592,4.781033039093018,4.699114799499512,5.461490154266357,6.586345672607422,7.179537296295166,7.793940544128418,7.926909446716309,7.5344319343566895,6.996440410614014,6.884523868560791,7.033912658691406,7.269382476806641,7.385608196258545,7.285149097442627,7.227550983428955,6.873845100402832,6.296281814575195,5.881604194641113,6.266183853149414,6.843929290771484,7.795331001281738
2.660276412963867,5.113485336303711,6.034475326538086,7.70399284362793,8.46332836151123,9.258590698242188,9.720186233520508,8.939295768737793,9.671855926513672,9.012467384338379,11.653682708740234,7.514043807983398,12.231522560119629,-0.969758927822113,-0.8056026101112366,0.2024277001619339,-0.592562198638916,2.8790547847747803,4.198287487030029,3.734905242919922,2.547231912612915,2.1680586338043213,3.1799232959747314,4.522693634033203,5.661510944366455,7.0793328285217285,7.753582000732422,8.375049591064453,7.803853988647461,7.125326156616211,7.311466693878174,7.002462387084961,7.228810787200928,8.005586624145508,8.611364364624023,8.930032730102539,8.69538688659668,7.808642864227295,7.389733791351318,7.126128673553467,7.163843631744385,7.484990119934082,8.043062210083008
4.062133312225342,5.294938087463379,6.966696739196777,7.783158779144287,9.40225887298584,9.796548843383789,10.352792739868164,9.4325532913208,11.365755081176758,9.679266929626465,11.379688262939453,8.473617553710938,11.606685638427734,-8.015814781188965,7.9110212326049805,1.1014657020568848,0.4194246232509613,2.3159799575805664,1.0417165756225586,-0.13433042168617249,-0.34464606642723083,0.9144121408462524,3.0572354793548584,4.619166851043701,5.736186981201172,6.609461307525635,6.196697235107422,6.1530842781066895,6.222973823547363,6.185683727264404,6.848145008087158,7.429455757141113,7.845326900482178,8.666727066040039,9.448114395141602,10.18332290649414,10.385761260986328,9.363865852355957,8.490635871887207,8.37220573425293,8.2510347366333,8.081855773925781,8.63631534576416
5.221059322357178,5.717702388763428,6.4828643798828125,8.868178367614746,9.616209983825684,11.05561637878418,11.397787094116211,13.305006980895996,14.245556831359863,12.598682403564453,12.05965805053711,1.3769739866256714,-3.307778835296631,4.709097862243652,10.64830207824707,5.262194633483887,2.703185558319092,0.7721143960952759,-1.813649296760559,-2.027003526687622,-1.2032146453857422,0.8147624135017395,2.4932756423950195,3.535146951675415,3.6437509059906006,3.829505681991577,4.04733419418335,4.368008136749268,4.646717071533203,5.861133575439453,7.3077497482299805,8.25261116027832,8.919591903686523,9.525927543640137,10.248498916625977,10.965296745300293,11.189767837524414,10.888557434082031,10.031329154968262,8.59684944152832,8.397811889648438,8.291756629943848,8.730027198791504
6.075353145599365,5.6577372550964355,7.093716144561768,7.40160608291626,11.850199699401855,10.988719940185547,12.435710906982422,6.958256721496582,2.8785905838012695,3.19026780128479,1.846824288368225,-6.448700904846191,1.786097764968872,8.431025505065918,7.4314117431640625,4.614798069000244,2.833065986633301,0.745604932308197,-1.4288252592086792,-1.7980939149856567,-0.7422931790351868,1.1172436475753784,2.3511345386505127,2.3578691482543945,1.841361165046692,1.5943986177444458,2.3975307941436768,3.4900405406951904,4.6719770431518555,5.799770355224609,7.1993608474731445,8.927620887756348,9.776748657226562,10.437736511230469,11.190958023071289,11.963135719299316,11.718032836914062,10.730866432189941,9.845985412597656,8.161199569702148,7.7107672691345215,7.851097583770752,8.39989948272705
5.520669460296631,6.866006851196289,8.666633605957031,5.986137866973877,13.746663093566895,8.440166473388672,-3.5261051654815674,-3.3595008850097656,-2.867403984069824,-2.1442017555236816,-0.03302718326449394,-1.6540125608444214,4.491926670074463,4.735998630523682,2.989668607711792,2.4675071239471436,1.6551055908203125,0.08417535573244095,-1.3571548461914062,-1.1340607404708862,0.42787405848503113,1.787640929222107,2.445969820022583,2.38258957862854,1.8492088317871094,1.7206765413284302,2.5842902660369873,3.8884336948394775,5.1191301345825195,6.017799377441406,7.5438127517700195,9.047831535339355,10.205679893493652,10.93617057800293,11.346664428710938,11.322858810424805,11.137018203735352,10.238654136657715,9.183188438415527,8.028888702392578,7.733408451080322,7.724451541900635,9.400934219360352
4.984858512878418,9.403703689575195,6.404380798339844,12.573552131652832,0.14795756340026855,-8.370085716247559,-8.432278633117676,-3.5067570209503174,-2.551366090774536,0.8982060551643372,2.6463165283203125,3.278883695602417,3.842353105545044,2.5996243953704834,0.891308069229126,0.06843981891870499,-0.22740738093852997,-0.6116493940353394,-0.6661437749862671,0.13679446280002594,1.5481956005096436,2.5013296604156494,2.343228340148926,2.0771796703338623,2.289328098297119,3.04682993888855,4.01439905166626,5.021109104156494,5.861548900604248,6.848626136779785,7.433266639709473,9.22618293762207,10.729272842407227,10.92652416229248,11.214669227600098,11.486516952514648,11.083849906921387,10.121753692626953,8.29262924194336,6.674976825714111,7.727056980133057,7.804105758666992,9.83582878112793
6.3097076416015625,9.300506591796875,12.144710540771484,-4.483352184295654,-11.514971733093262,-7.249827861785889,-9.165122985839844,-4.488266944885254,-2.434800148010254,0.31414327025413513,3.0218329429626465,4.882040977478027,3.9677650928497314,1.7968870401382446,-0.024570193141698837,-0.13262532651424408,0.13738170266151428,0.5309303998947144,1.3982735872268677,2.0670390129089355,2.5926804542541504,2.604597806930542,2.213531970977783,2.0345747470855713,2.8867979049682617,3.9713082313537598,5.017113208770752,5.440807342529297,6.554450035095215,6.6494903564453125,8.342223167419434,9.643464088439941,10.932748794555664,10.888927459716797,11.102137565612793,10.862342834472656,10.410309791564941,10.018692016601562,8.518993377685547,8.76233196258545,8.47537899017334,8.032913208007812,10.529608726501465
7.9072980880737305,10.869857788085938,12.431310653686523,-10.212807655334473,-8.975319862365723,-9.567253112792969,-8.147058486938477,-4.270835876464844,-1.5160435438156128,0.9314525723457336,2.765618324279785,3.281646490097046,2.859614372253418,1.9760619401931763,2.0969741344451904,2.5534956455230713,2.9730162620544434,3.618922710418701,3.8485770225524902,3.8553683757781982,3.6384403705596924,3.2108747959136963,2.641251564025879,2.7973310947418213,3.474750280380249,4.7033257484436035,5.449521064758301,6.389984607696533,6.5543999671936035,8.414304733276367,9.75425910949707,11.006067276000977,11.626744270324707,11.93525218963623,10.675012588500977,9.873944282531738,10.149870872497559,9.81386947631836,10.26433277130127,9.435683250427246,10.781332015991211,9.42923641204834,12.502755165100098
10.002760887145996,12.077780723571777,14.031782150268555,-8.750509262084961,-12.170482635498047,-10.521903038024902,-7.612822532653809,-2.4452483654022217,0.1438485085964203,2.337446928024292,3.674818992614746,4.535080909729004,4.447571277618408,3.994658946990967,4.200364589691162,5.288853645324707,6.151309967041016,6.303008079528809,6.276551246643066,5.641056537628174,5.277078151702881,4.986007213592529,5.251826286315918,5.646913051605225,5.773228645324707,6.409814834594727,8.689298629760742,9.525001525878906,10.642450332641602,11.699664115905762,12.372196197509766,13.567643165588379,12.866376876831055,13.079458236694336,11.484880447387695,11.028401374816895,9.525792121887207,9.484877586364746,10.846692085266113,10.086249351501465,11.691481590270996,11.23770809173584,13.09794807434082
11.297871589660645,13.399422645568848,14.299026489257812,-10.20125675201416,-14.928328514099121,-10.86350154876709,-4.9218974113464355,-0.8591554164886475,1.8734703063964844,3.890984058380127,5.257745265960693,5.501914024353027,5.3973188400268555,5.797764778137207,6.4649434089660645,7.273087501525879,7.647607326507568,8.555270195007324,8.054133415222168,8.646240234375,8.62101936340332,8.624841690063477,8.871723175048828,9.09442138671875,10.206336975097656,11.43323802947998,12.193763732910156,12.983638763427734,14.507088661193848,14.651047706604004,15.844340324401855,15.92455005645752,15.402056694030762,14.094189643859863,13.331881523132324,11.86496353149414,11.428960800170898,10.694055557250977,11.65882682800293,11.417495727539062,12.194683074951172,12.179399490356445,13.96834659576416
9.598064422607422,17.282114028930664,10.383443832397461,-12.086191177368164,-13.455679893493652,-11.029403686523438,-4.483948707580566,0.61967533826828,3.735520601272583,5.658939361572266,6.459524631500244,6.419728755950928,7.137328624725342,7.962716102600098,8.620964050292969,8.497213363647461,9.430655479431152,9.3707857131958,10.395124435424805,10.87093448638916,10.612032890319824,11.279417991638184,11.539373397827148,12.886480331420898,14.057421684265137,14.829118728637695,15.13219165802002,15.039196014404297,15.368721961975098,15.909174919128418,16.201908111572266,15.790844917297363,15.409624099731445,15.198524475097656,14.73648738861084,14.23301887512207,13.482294082641602,13.319361686706543,12.985355377197266,13.707917213439941,13.17940616607666,13.393132209777832,12.19028091430664
9.636149406433105,15.749517440795898,10.770076751708984,-9.881237983703613,-12.759652137756348,-9.759664535522461,-2.688188076019287,2.23669171333313,5.499744892120361,7.047237873077393,7.4241943359375,7.494318008422852,8.546381950378418,9.567804336547852,10.09374713897705,10.408012390136719,10.173133850097656,11.468640327453613,11.932260513305664,11.983543395996094,11.747350692749023,11.336760520935059,11.958788871765137,13.749141693115234,15.332794189453125,16.497272491455078,17.937164306640625,18.13493537902832,16.016841888427734,15.458456039428711,16.350418090820312,16.475414276123047,15.760756492614746,15.274409294128418,14.79429817199707,14.725120544433594,14.373499870300293,14.869975090026855,14.064546585083008,14.553898811340332,11.758580207824707,12.906843185424805,14.281842231750488
7.987234592437744,16.535438537597656,6.384112358093262,-10.838480949401855,-10.137438774108887,-7.201223850250244,-0.18815283477306366,4.234519004821777,6.798365592956543,8.125861167907715,7.676682949066162,8.482370376586914,9.202953338623047,10.651654243469238,11.114116668701172,12.41510009765625,12.653902053833008,13.797579765319824,13.485335350036621,12.913150787353516,15.370086669921875,15.815613746643066,18.282711029052734,15.978215217590332,17.42074966430664,16.648801803588867,12.255213737487793,10.20515251159668,15.122722625732422,16.21758460998535,14.389058113098145,14.993860244750977,16.25247573852539,16.292192459106445,15.808608055114746,15.92392349243164,16.4277286529541,18.342403411865234,17.199506759643555,18.111764907836914,17.612567901611328,15.63286018371582,16.638437271118164
4.803256988525391,17.860132217407227,-1.1519618034362793,-10.63827133178711,-6.8791184425354,-2.451824188232422,2.9865007400512695,5.267567157745361,9.367613792419434,11.379918098449707,10.380210876464844,7.9698405265808105,11.319487571716309,7.804272651672363,6.589829921722412,7.880265235900879,8.841141700744629,10.363815307617188,11.472996711730957,12.197898864746094,13.536086082458496,14.06136417388916,15.278281211853027,15.495077133178711,17.231464385986328,17.395517349243164,19.408946990966797,15.227924346923828,13.96231460571289,15.728523254394531,16.897052764892578,16.665008544921875,15.191065788269043,14.095760345458984,14.558942794799805,14.681303977966309,16.772642135620117,17.229398727416992,18.071622848510742,16.05068588256836,13.956954956054688,15.501165390014648,16.452484130859375
