data/wind_data/wind_30_1.json
{"header": {"parameterUnit": "KT", "parameterCategory": 2, "nx": 256, "ny": 198, "lo1": 44.73521041870117, "la1": -3.236724853515625, "lo2": 111.26478576660156, "la2": 43.468475341796875, "dx": 0.2609002888202667, "dy": -0.23708222806453705, "refTime": "2025-02-20 06:00:00", "forecastTime": 0, "parameterNumber": 2, "parameterNumberName": "eastward_wind"}, "data":
[rows 76 to 94 of 198, columns 43 to 85 of 256]
-0.4564339220523834,-1.7702909708023071,-2.8271641731262207,-3.5697717666625977,-4.109587669372559,-4.5463690757751465,-4.995123386383057,-5.356417179107666,-5.539252281188965,-5.503715515136719,-5.618885517120361,-5.734381675720215,-6.047995567321777,-6.449824810028076,-6.618899345397949,-6.889714241027832,-6.994643688201904,-6.782092571258545,-6.773136615753174,-6.745303153991699,-6.818457126617432,-7.242121696472168,-7.64892578125,-7.911679267883301,-7.955443859100342,-7.445059776306152,-6.780313491821289,-6.27009391784668,-5.767591953277588,-5.415670871734619,-5.301245212554932,-5.187288284301758,-5.234198093414307,-5.160772800445557,-5.148416519165039,-4.973471641540527,-4.567162036895752,-4.145835876464844,-3.661306619644165,-3.405100107192993,-3.3108458518981934,-3.2660093307495117,-3.0488531589508057
0.7035213708877563,-0.8110740184783936,-2.0791187286376953,-2.8245556354522705,-3.460724115371704,-4.072646141052246,-4.551381587982178,-4.9324951171875,-5.184209823608398,-5.2428388595581055,-5.379593849182129,-5.489218235015869,-5.88333797454834,-6.398937225341797,-6.672298908233643,-6.746597766876221,-6.8087921142578125,-6.676151275634766,-6.574872016906738,-6.592057228088379,-6.804642200469971,-7.205333709716797,-7.41771125793457,-7.721593379974365,-7.764077663421631,-7.485552787780762,-7.035722732543945,-6.4226531982421875,-6.048142433166504,-5.73344612121582,-5.423896312713623,-5.198317050933838,-5.102156639099121,-5.0877556800842285,-5.05029821395874,-4.807098388671875,-4.4965500831604,-3.9879329204559326,-3.6392335891723633,-3.246893882751465,-3.3536298274993896,-3.1308372020721436,-3.0294642448425293
1.7602331638336182,0.12077051401138306,-1.1908180713653564,-2.0370590686798096,-2.727712392807007,-3.351365804672241,-3.881422519683838,-4.411135673522949,-4.794447898864746,-4.9059672355651855,-5.09097146987915,-5.331608295440674,-5.706674098968506,-6.186739921569824,-6.47536039352417,-6.6213483810424805,-6.563746929168701,-6.436927318572998,-6.31437349319458,-6.282184600830078,-6.779801845550537,-7.161188125610352,-7.2668256759643555,-7.34653902053833,-7.285205841064453,-7.11569356918335,-6.74102783203125,-6.48671817779541,-6.240900039672852,-5.7453694343566895,-5.307222843170166,-4.969780921936035,-4.80028772354126,-4.674986839294434,-4.592249870300293,-4.27724027633667,-3.9390366077423096,-3.479252815246582,-3.1377954483032227,-3.164088010787964,-3.468817710876465,-3.0626747608184814,-2.7604634761810303
2.094120502471924,0.45626309514045715,-0.6917757987976074,-1.3340680599212646,-2.0674102306365967,-2.700993061065674,-3.262770414352417,-3.7108652591705322,-4.20719575881958,-4.56954288482666,-4.868127822875977,-5.180409908294678,-5.561582565307617,-5.998126029968262,-6.327422142028809,-6.353503704071045,-6.280795097351074,-6.014819622039795,-5.933252334594727,-6.217437744140625,-6.4517974853515625,-6.689105033874512,-6.84163236618042,-6.881627082824707,-6.757471561431885,-6.662655353546143,-6.451887130737305,-6.175322532653809,-6.01339864730835,-5.695023059844971,-5.2630720138549805,-4.895797252655029,-4.6048760414123535,-4.298679828643799,-4.112616062164307,-3.785064935684204,-3.432645559310913,-3.0115253925323486,-2.868896245956421,-2.7364587783813477,-2.9937312602996826,-2.6890642642974854,-2.249993324279785
1.0996153354644775,0.41547301411628723,-0.22735612094402313,-0.7495885491371155,-1.4595133066177368,-1.9695963859558105,-2.5169296264648438,-2.9754981994628906,-3.564579963684082,-4.049105644226074,-4.555069923400879,-4.9803361892700195,-5.412052631378174,-5.7338433265686035,-5.930704116821289,-5.924112796783447,-5.73073673248291,-5.602180004119873,-5.709512710571289,-5.917724132537842,-6.141973495483398,-6.358611583709717,-6.5533270835876465,-6.593219757080078,-6.385195255279541,-6.148619174957275,-6.024703502655029,-5.954929828643799,-5.868526458740234,-5.611600399017334,-5.35197639465332,-4.968153476715088,-4.664018630981445,-4.237031936645508,-3.7831060886383057,-3.2777981758117676,-2.9211254119873047,-2.653688907623291,-2.6662240028381348,-2.3952629566192627,-2.3782546520233154,-1.963008165359497,-1.6364470720291138
-0.16530446708202362,0.005378245376050472,0.8949615359306335,-0.47050002217292786,-0.8619274497032166,-1.4885122776031494,-1.9177334308624268,-2.325660467147827,-2.8455517292022705,-3.4529457092285156,-4.098935127258301,-4.630971908569336,-5.203588008880615,-5.505529880523682,-5.654044151306152,-5.543093204498291,-5.411870002746582,-5.345836639404297,-5.560026168823242,-5.889162063598633,-6.208496570587158,-6.224496841430664,-6.27934455871582,-6.07716703414917,-5.729658603668213,-5.312344551086426,-5.188210964202881,-5.2159624099731445,-5.212153911590576,-5.4503607749938965,-5.619388580322266,-5.46915864944458,-5.067529201507568,-4.353172779083252,-3.5926859378814697,-2.719806671142578,-2.395322799682617,-2.205897569656372,-2.2116479873657227,-1.9414201974868774,-1.9375481605529785,-1.4218988418579102,-1.024620771408081
-0.17387358844280243,1.007203459739685,-0.7138379812240601,1.1048226356506348,-0.45127034187316895,-0.9615898728370667,-1.1510651111602783,-1.6431773900985718,-2.0455336570739746,-2.84356427192688,-3.488598108291626,-4.091581344604492,-4.6035871505737305,-4.957953929901123,-5.251800060272217,-5.226414203643799,-5.0598273277282715,-5.043564319610596,-5.307754993438721,-5.592449188232422,-5.766833782196045,-5.812601089477539,-5.799487590789795,-5.527626991271973,-5.15090274810791,-4.557112693786621,-4.340246200561523,-4.086639881134033,-4.174289226531982,-4.777098178863525,-5.435887813568115,-5.612338066101074,-5.205992698669434,-4.505965232849121,-3.5871407985687256,-2.5095138549804688,-2.0141923427581787,-1.6523783206939697,-1.7758982181549072,-1.387127161026001,-1.2644380331039429,-0.8735798597335815,-0.5745968222618103
-0.8074916005134583,-0.37609654664993286,0.24658872187137604,-0.6520021557807922,0.03790916129946709,-0.5940024256706238,-0.6483927369117737,-1.005289912223816,-1.2759830951690674,-2.1617631912231445,-2.804762840270996,-3.53316593170166,-4.0280842781066895,-4.360300540924072,-4.576610565185547,-4.567607402801514,-4.590495586395264,-4.740864276885986,-4.997666358947754,-5.3871541023254395,-5.693695068359375,-5.674777507781982,-5.541855812072754,-5.073843479156494,-4.681906700134277,-4.118133544921875,-3.6267359256744385,-3.3734023571014404,-3.509704351425171,-3.9648678302764893,-4.606863975524902,-4.946011066436768,-4.640869617462158,-3.7579193115234375,-3.062288284301758,-2.382967948913574,-1.915029525756836,-1.4346309900283813,-1.5121545791625977,-0.8912743330001831,-0.8282456398010254,-0.3013113737106323,-0.19587960839271545
-1.5391173362731934,-1.4214069843292236,-0.44128063321113586,-1.9994940757751465,0.16937609016895294,-0.2999225854873657,0.04956899210810661,-0.25566306710243225,-0.5734378099441528,-1.4989522695541382,-2.164102554321289,-2.949406385421753,-3.296386480331421,-3.505859375,-3.5098156929016113,-3.499943256378174,-3.6666626930236816,-4.040475368499756,-4.65565824508667,-4.786840915679932,-5.0334367752075195,-5.26257848739624,-5.229383945465088,-4.985302448272705,-4.532252788543701,-3.841226100921631,-3.2882723808288574,-3.027390718460083,-3.227215528488159,-3.5834310054779053,-3.8371174335479736,-3.834970235824585,-3.434407949447632,-2.9654130935668945,-2.430887460708618,-1.9151872396469116,-1.7851076126098633,-1.2191507816314697,-1.263909101486206,-0.6777117252349854,-0.613476037979126,-0.07635460793972015,-0.11938510835170746
-1.5438228845596313,-1.7241637706756592,-1.8750584125518799,-1.9727448225021362,0.32621079683303833,0.4490252733230591,0.7507362365722656,0.3957686424255371,0.21032340824604034,-0.7482660412788391,-1.662182092666626,-2.4621641635894775,-2.682286500930786,-2.6502389907836914,-2.4852840900421143,-2.5813441276550293,-2.9650628566741943,-3.4897944927215576,-3.905834674835205,-4.007486820220947,-4.321531772613525,-4.576589584350586,-4.8061394691467285,-4.7229790687561035,-4.403238773345947,-3.8083882331848145,-3.240307331085205,-3.14410400390625,-3.288191795349121,-3.278620481491089,-3.2846179008483887,-3.163874626159668,-2.858071804046631,-2.3550500869750977,-1.8828115463256836,-1.3761121034622192,-1.1819841861724854,-0.7580100297927856,-0.8342706561088562,-0.314740926027298,-0.3857961893081665,0.018069833517074585,-0.38327497243881226
-1.0022974014282227,-1.7611218690872192,-2.449225902557373,-1.3159035444259644,-0.11125940084457397,0.8910807371139526,0.7017586827278137,1.8630706071853638,0.9507793188095093,-0.064854696393013,-1.1584837436676025,-1.980281114578247,-2.01594877243042,-1.7760640382766724,-1.6002470254898071,-1.8718979358673096,-2.4624764919281006,-2.8630011081695557,-2.9663827419281006,-3.037010908126831,-3.3066787719726562,-3.7672994136810303,-4.097144603729248,-4.2543816566467285,-4.105835914611816,-3.796684980392456,-3.5118091106414795,-3.386476755142212,-3.2711243629455566,-3.0580828189849854,-2.9374568462371826,-2.669834613800049,-2.2999937534332275,-1.6824800968170166,-1.0461511611938477,-0.5416547656059265,-0.2766399085521698,-0.08158034086227417,-0.23035259544849396,-0.026287507265806198,-0.12784184515476227,0.004323975648730993,-0.6186636686325073
-0.38339629769325256,-1.4229837656021118,-1.8766566514968872,-0.6650338768959045,-0.2941341996192932,1.0772799253463745,1.4869927167892456,2.4787609577178955,1.8356797695159912,0.2463780641555786,-0.7843074798583984,-1.5482300519943237,-1.3206257820129395,-1.0086150169372559,-1.013539433479309,-1.5935730934143066,-1.9778014421463013,-2.131864547729492,-1.9795845746994019,-2.0270779132843018,-2.28671932220459,-2.89033842086792,-3.452255964279175,-3.902358293533325,-3.948949098587036,-3.859251022338867,-3.595815658569336,-3.4662833213806152,-3.309648036956787,-3.0725698471069336,-2.834127187728882,-2.4343996047973633,-1.8514800071716309,-1.0050404071807861,-0.14107279479503632,0.361050546169281,0.5483488440513611,0.5076760649681091,0.17975205183029175,0.12339556962251663,-0.17655932903289795,-0.21349777281284332,-1.0526736974716187
0.0264752060174942,-0.44862574338912964,-1.3002151250839233,0.4059731066226959,-0.3866308033466339,1.9690992832183838,3.2833340167999268,1.8353396654129028,1.389146089553833,-0.013760517351329327,-1.1850718259811401,-1.3907465934753418,-0.9896829128265381,-0.7033793926239014,-0.8156204223632812,-1.0897817611694336,-1.201257586479187,-1.3130316734313965,-1.1350287199020386,-1.1162867546081543,-1.4585143327713013,-2.049034357070923,-2.817373514175415,-3.5045883655548096,-3.933340311050415,-3.999758243560791,-3.7042033672332764,-3.2692999839782715,-3.09830641746521,-2.9457900524139404,-2.779655694961548,-2.3195981979370117,-1.5083880424499512,-0.3785027861595154,0.5684329867362976,1.072381854057312,1.2150534391403198,0.9368230104446411,0.2770359516143799,-0.08508850634098053,-0.47885867953300476,-0.7570822238922119,-1.3877156972885132
0.5759372711181641,0.4632987380027771,-0.2844294309616089,0.9532862305641174,0.9876753687858582,2.9315578937530518,3.888037919998169,0.3289981484413147,-0.42743539810180664,-1.0702146291732788,-1.502393126487732,-1.275529146194458,-0.8907654285430908,-0.4994557201862335,-0.31436535716056824,-0.11900587379932404,-0.25033536553382874,-0.6415603756904602,-0.6944040060043335,-0.5134412050247192,-0.7520430684089661,-1.220013976097107,-2.0462069511413574,-2.836245536804199,-3.54894757270813,-3.7647581100463867,-3.6123790740966797,-3.291445016860962,-3.128873109817505,-2.869464159011841,-2.5656943321228027,-1.94287109375,-1.1027556657791138,0.14743110537528992,1.0872634649276733,1.6724249124526978,1.678643822669983,1.1997255086898804,0.23985297977924347,-0.31895193457603455,-0.9188352227210999,-1.3484982252120972,-1.48873770236969
1.2422549724578857,1.1870282888412476,0.9926992654800415,1.6169226169586182,2.334312915802002,3.3157846927642822,3.259856939315796,-2.6375880241394043,-2.345419406890869,-1.4207499027252197,-1.3817936182022095,-0.6227919459342957,-0.3722766041755676,0.11411694437265396,0.5677538514137268,0.9459406733512878,0.47351959347724915,-0.2652197480201721,-0.38793087005615234,0.014201403595507145,0.06934754550457001,-0.3538788855075836,-1.0500998497009277,-1.934065341949463,-2.8016390800476074,-3.3175547122955322,-3.4455790519714355,-3.2434380054473877,-3.0843708515167236,-2.63545823097229,-2.050877571105957,-1.3449130058288574,-0.5031762719154358,0.6672960519790649,1.4815198183059692,2.0581557750701904,1.9287279844284058,1.3737376928329468,0.27123650908470154,-0.3894956111907959,-1.0627490282058716,-1.4143279790878296,-1.3629647493362427
1.8656771183013916,2.012254238128662,1.9772316217422485,2.3879892826080322,3.2980096340179443,3.3603949546813965,1.3149642944335938,-5.132795333862305,-2.42635178565979,-1.1672823429107666,-0.4655248820781708,-0.24413876235485077,0.044782012701034546,0.7057054042816162,1.2035515308380127,1.4651564359664917,0.8469274640083313,0.3607248067855835,0.4452206790447235,0.9304965138435364,1.0697708129882812,0.6441513895988464,-0.13316546380519867,-1.1297030448913574,-2.1142725944519043,-2.8880836963653564,-3.1611597537994385,-2.981607675552368,-2.7560291290283203,-2.0965638160705566,-1.370773434638977,-0.46247535943984985,0.37963828444480896,1.3334625959396362,1.854664921760559,2.127117395401001,1.8897589445114136,1.4004528522491455,0.4184655547142029,-0.2116222083568573,-1.000038743019104,-1.2476097345352173,-1.0420700311660767
2.7337138652801514,2.4638895988464355,2.7055485248565674,3.174060344696045,3.0709099769592285,2.6815364360809326,-2.9287190437316895,-4.050722599029541,-4.544447898864746,-1.6265729665756226,-1.4649816751480103,0.1886902153491974,0.4410267174243927,0.5599657893180847,1.2815945148468018,1.5848618745803833,1.4488158226013184,1.3811089992523193,1.6125155687332153,1.9617587327957153,1.988383412361145,1.4820572137832642,0.6028113961219788,-0.44931021332740784,-1.7516812086105347,-2.5414884090423584,-2.8668673038482666,-2.6020636558532715,-2.1854162216186523,-1.427907943725586,-0.45427969098091125,0.672795295715332,1.5124582052230835,2.126013994216919,2.126678228378296,1.941131591796875,1.5892422199249268,1.3670728206634521,0.67792147397995,0.22918860614299774,-0.5933787226676941,-0.6504765748977661,-0.5156620740890503
3.334613561630249,3.581615686416626,3.399505376815796,3.237154722213745,3.815169095993042,-1.230718970298767,-4.363399505615234,-3.56919264793396,-3.106762170791626,-2.2711870670318604,-3.0210328102111816,-1.4542953968048096,-0.576738178730011,0.3053097724914551,1.489026665687561,2.1553406715393066,2.345374822616577,2.4391069412231445,2.6287078857421875,2.6876606941223145,2.5172228813171387,1.8002272844314575,0.8474764823913574,-0.19272242486476898,-1.528214693069458,-2.294092893600464,-2.455533027648926,-2.009702205657959,-1.3363051414489746,-0.3643442392349243,0.7434179782867432,1.8578312397003174,2.568216562271118,2.6799685955047607,2.1828126907348633,1.6262954473495483,1.2698256969451904,1.3130615949630737,0.9875838756561279,0.6999795436859131,-0.09706505388021469,0.0582430362701416,0.20737464725971222
4.014603137969971,3.9458112716674805,4.2766242027282715,4.328234672546387,-0.4018859565258026,-5.026763439178467,-5.193636417388916,-4.023334503173828,-2.5006911754608154,-1.7612227201461792,-0.9033632278442383,-3.0993247032165527,-2.565861225128174,-0.9870367646217346,0.9713561534881592,2.4622995853424072,3.1525139808654785,3.3082103729248047,3.403893232345581,3.147347927093506,2.5522375106811523,1.7059284448623657,0.5954887866973877,-0.507099449634552,-1.4677878618240356,-2.0204808712005615,-1.840276837348938,-1.2757301330566406,-0.31206557154655457,0.8857640027999878,2.0155820846557617,2.911935567855835,3.168375253677368,2.769956111907959,1.9503426551818848,1.3782882690429688,1.2123100757598877,1.4311712980270386,1.2256355285644531,1.0769059658050537,0.5103933811187744,0.7726375460624695,1.0384130477905273
