data/wind_data/wind_41_1.json
{"header": {"parameterUnit": "KT", "parameterCategory": 2, "nx": 256, "ny": 198, "lo1": 44.73521041870117, "la1": -3.236724853515625, "lo2": 111.26478576660156, "la2": 43.468475341796875, "dx": 0.2609002888202667, "dy": -0.23708222806453705, "refTime": "2025-02-20 17:00:00", "forecastTime": 0, "parameterNumber": 2, "parameterNumberName": "eastward_wind"}, "data":
[rows 19 to 37 of 198, columns 43 to 85 of 256]
-11.17660140991211,-11.261058807373047,-11.869183540344238,-12.683151245117188,-13.748659133911133,-12.620987892150879,-12.106369972229004,-12.009943008422852,-11.918584823608398,-11.609838485717773,-11.568758010864258,-12.44786262512207,-11.718195915222168,-10.582149505615234,-10.066398620605469,-9.74842357635498,-8.382641792297363,-8.964451789855957,-11.703879356384277,-12.456364631652832,-10.114577293395996,-8.605439186096191,-8.974848747253418,-10.299617767333984,-11.767465591430664,-10.187943458557129,-9.430339813232422,-11.994973182678223,-12.879434585571289,-10.847704887390137,-10.34072494506836,-10.177177429199219,-9.84589958190918,-8.34963607788086,-6.28764533996582,-7.303328514099121,-13.907503128051758,-11.320904731750488,-10.625497817993164,-9.459000587463379,-8.611950874328613,-8.6508207321167,-8.741693496704102
-11.490288734436035,-12.263023376464844,-14.34437370300293,-15.028751373291016,-13.786142349243164,-12.62812328338623,-12.578579902648926,-12.408881187438965,-12.693181037902832,-12.128786087036133,-12.394651412963867,-13.483124732971191,-11.675052642822266,-10.174598693847656,-10.342310905456543,-9.559995651245117,-10.297062873840332,-11.637704849243164,-11.470985412597656,-11.47521686553955,-10.483894348144531,-7.671520233154297,-8.81860065460205,-12.111003875732422,-11.055088996887207,-10.192952156066895,-11.737544059753418,-12.01076889038086,-11.772464752197266,-11.211564064025879,-10.467718124389648,-9.769752502441406,-8.899896621704102,-7.692976951599121,-8.927624702453613,-11.082257270812988,-11.590332984924316,-11.522735595703125,-11.13173770904541,-9.858349800109863,-9.574915885925293,-9.743366241455078,-9.60305404663086
-10.822546005249023,-11.727078437805176,-14.79306411743164,-15.295774459838867,-13.542728424072266,-12.762160301208496,-13.646771430969238,-13.920318603515625,-12.611495018005371,-12.890753746032715,-14.036187171936035,-12.853718757629395,-11.671294212341309,-11.704707145690918,-10.745851516723633,-9.917510986328125,-10.491336822509766,-11.175312995910645,-11.280941009521484,-10.860054016113281,-8.898143768310547,-8.376172065734863,-11.069012641906738,-11.672662734985352,-10.210911750793457,-10.851461410522461,-11.193376541137695,-11.52458381652832,-11.217175483703613,-9.941025733947754,-8.845231056213379,-9.211478233337402,-9.963250160217285,-10.298742294311523,-9.943583488464355,-10.361968040466309,-11.759319305419922,-11.171857833862305,-10.052485466003418,-10.26518726348877,-10.526800155639648,-10.259930610656738,-9.740965843200684
-8.231613159179688,-8.664695739746094,-14.251177787780762,-16.04242515563965,-14.924805641174316,-12.085773468017578,-12.692243576049805,-15.14148998260498,-13.247989654541016,-14.025603294372559,-14.430505752563477,-12.694612503051758,-12.295390129089355,-12.681999206542969,-11.857770919799805,-10.712162017822266,-10.629781723022461,-10.844745635986328,-10.619881629943848,-9.847350120544434,-9.361519813537598,-11.223645210266113,-11.575238227844238,-10.527204513549805,-10.998624801635742,-10.599995613098145,-10.541389465332031,-11.420836448669434,-11.16882038116455,-9.22758960723877,-7.910802841186523,-10.160110473632812,-13.454777717590332,-12.769593238830566,-10.972601890563965,-11.300141334533691,-11.647160530090332,-10.954482078552246,-9.527904510498047,-10.01561450958252,-11.56415843963623,-10.5215482711792,-10.471698760986328
-5.512192249298096,-5.895716190338135,-9.438048362731934,-14.317137718200684,-13.886385917663574,-11.60582160949707,-12.225360870361328,-15.32288646697998,-13.583778381347656,-13.613128662109375,-13.85818099975586,-12.7555513381958,-12.601743698120117,-13.082222938537598,-12.02035903930664,-11.10858154296875,-11.254189491271973,-10.823159217834473,-9.482650756835938,-8.640494346618652,-10.944295883178711,-11.974136352539062,-10.253144264221191,-10.963956832885742,-10.857991218566895,-10.300872802734375,-11.41478157043457,-11.909036636352539,-10.905059814453125,-10.363289833068848,-11.679430961608887,-13.358574867248535,-13.729976654052734,-12.563762664794922,-11.742999076843262,-11.769205093383789,-11.421754837036133,-11.407651901245117,-11.181573867797852,-11.574522018432617,-11.51668643951416,-11.346170425415039,-10.825200080871582
-9.590033531188965,-12.009368896484375,-12.866397857666016,-9.435907363891602,-6.227824687957764,-12.347212791442871,-16.34600067138672,-14.838458061218262,-13.619654655456543,-13.194622993469238,-13.135333061218262,-12.601249694824219,-12.937740325927734,-12.215399742126465,-11.875213623046875,-11.577486991882324,-11.669121742248535,-11.212235450744629,-10.582581520080566,-11.151025772094727,-11.905323028564453,-11.15949535369873,-10.496006965637207,-11.220948219299316,-11.310203552246094,-10.883004188537598,-12.948596000671387,-13.103981971740723,-10.231037139892578,-10.815122604370117,-12.546879768371582,-12.78641414642334,-12.303369522094727,-12.239952087402344,-12.604249000549316,-11.822380065917969,-11.795636177062988,-11.632599830627441,-12.19691276550293,-12.338778495788574,-11.474481582641602,-11.448979377746582,-11.299678802490234
-12.4651460647583,-13.379692077636719,-12.512106895446777,-9.80616283416748,-6.406541347503662,-10.745367050170898,-17.02510643005371,-15.142488479614258,-14.888537406921387,-13.347145080566406,-14.131807327270508,-12.595373153686523,-12.638649940490723,-12.470815658569336,-12.476006507873535,-12.266206741333008,-11.89424991607666,-11.420371055603027,-11.43428897857666,-11.400640487670898,-11.390481948852539,-10.782076835632324,-10.555917739868164,-11.599725723266602,-12.988405227661133,-13.683916091918945,-13.84018611907959,-12.510575294494629,-10.82635498046875,-10.553572654724121,-10.432441711425781,-10.814584732055664,-12.412835121154785,-13.151814460754395,-12.058757781982422,-12.204021453857422,-12.460637092590332,-11.864267349243164,-12.248050689697266,-12.514241218566895,-11.95921802520752,-11.076423645019531,-10.7105712890625
-12.19813346862793,-10.472185134887695,-8.243612289428711,-6.678591251373291,-7.5218634605407715,-11.9449462890625,-15.633890151977539,-13.019527435302734,-16.182218551635742,-14.312433242797852,-13.375931739807129,-12.987558364868164,-13.327558517456055,-12.967809677124023,-12.158666610717773,-12.32553768157959,-11.901765823364258,-11.306883811950684,-11.178366661071777,-11.4194917678833,-11.270458221435547,-10.548236846923828,-11.117147445678711,-12.384190559387207,-13.338939666748047,-13.917106628417969,-12.984797477722168,-11.989117622375488,-11.69869613647461,-11.126755714416504,-10.0996675491333,-10.1858549118042,-13.28189468383789,-13.478775024414062,-12.040390968322754,-12.792961120605469,-12.885089874267578,-11.342620849609375,-11.473652839660645,-12.3800687789917,-12.829444885253906,-11.55694580078125,-10.306389808654785
-9.521279335021973,-7.691580295562744,-5.1426167488098145,-3.5893712043762207,-2.946582078933716,-9.704617500305176,-16.649051666259766,-15.996960639953613,-15.936990737915039,-14.505471229553223,-13.135114669799805,-12.885021209716797,-13.889351844787598,-12.712160110473633,-11.958464622497559,-12.857677459716797,-12.396355628967285,-11.93034839630127,-11.833233833312988,-11.811142921447754,-11.467535972595215,-11.052297592163086,-11.080465316772461,-12.016902923583984,-12.849175453186035,-13.308844566345215,-12.948137283325195,-12.520312309265137,-11.994477272033691,-11.859601974487305,-12.698503494262695,-13.421585083007812,-13.704277992248535,-13.28846263885498,-12.37671947479248,-12.694835662841797,-12.9246244430542,-12.10627555847168,-11.016277313232422,-11.65583324432373,-12.679193496704102,-12.366425514221191,-11.593805313110352
-8.426348686218262,-6.45583438873291,-3.455899953842163,-0.8587901592254639,-0.40384945273399353,-12.96163558959961,-16.557401657104492,-15.87333869934082,-14.837563514709473,-13.926776885986328,-12.299567222595215,-12.789891242980957,-14.002288818359375,-12.567426681518555,-12.206064224243164,-13.188433647155762,-12.763073921203613,-12.370960235595703,-12.783523559570312,-12.360614776611328,-11.810772895812988,-11.340814590454102,-11.242012023925781,-11.823118209838867,-12.681742668151855,-13.158249855041504,-12.97221565246582,-12.412466049194336,-12.1314697265625,-12.550009727478027,-13.495423316955566,-13.91834545135498,-13.189519882202148,-12.664932250976562,-12.310794830322266,-12.55156421661377,-12.822765350341797,-11.876213073730469,-11.396012306213379,-11.656994819641113,-11.92590045928955,-12.143762588500977,-12.507896423339844
-8.81276798248291,-6.60168981552124,-3.0207221508026123,-1.4512431621551514,-6.240652084350586,-18.381502151489258,-17.870010375976562,-14.506495475769043,-13.623857498168945,-12.045555114746094,-10.968897819519043,-12.40597915649414,-14.240415573120117,-12.775397300720215,-12.659798622131348,-13.139012336730957,-12.43093490600586,-12.049484252929688,-13.176507949829102,-12.38805866241455,-11.817866325378418,-11.431534767150879,-11.353059768676758,-11.485075950622559,-12.076217651367188,-12.470471382141113,-12.42501449584961,-12.108489036560059,-12.047432899475098,-12.406895637512207,-13.025253295898438,-13.60855484008789,-13.22757339477539,-12.811429023742676,-12.891827583312988,-12.495059967041016,-12.486796379089355,-12.235814094543457,-11.984350204467773,-11.977609634399414,-12.067500114440918,-11.848237991333008,-11.875141143798828
-10.25542163848877,-7.579607963562012,-4.297940254211426,-4.727015495300293,-10.722881317138672,-18.730491638183594,-16.20749282836914,-14.005014419555664,-13.618146896362305,-10.659836769104004,-8.043964385986328,-10.284607887268066,-13.525228500366211,-13.330183029174805,-12.862937927246094,-12.866583824157715,-11.027950286865234,-10.778848648071289,-12.878713607788086,-12.311674118041992,-10.672771453857422,-10.405122756958008,-11.550193786621094,-11.728667259216309,-12.167927742004395,-12.635845184326172,-12.677474021911621,-12.512205123901367,-12.3086519241333,-12.2101411819458,-12.515803337097168,-13.013586044311523,-13.300213813781738,-13.209990501403809,-12.662782669067383,-12.668534278869629,-12.657206535339355,-12.096283912658691,-12.008009910583496,-11.712580680847168,-11.761078834533691,-12.209031105041504,-11.965529441833496
-9.766879081726074,-7.607763767242432,-5.9199442863464355,-6.677435874938965,-11.554539680480957,-16.22316551208496,-15.349921226501465,-13.354838371276855,-13.377340316772461,-12.668993949890137,-9.946844100952148,-7.707662105560303,-6.6716532707214355,-13.546972274780273,-13.943681716918945,-13.223172187805176,-9.683318138122559,-6.7957353591918945,-11.858652114868164,-11.481734275817871,-9.902552604675293,-10.794289588928223,-11.60815715789795,-11.770489692687988,-12.885523796081543,-13.081075668334961,-12.9336519241333,-13.044198036193848,-12.95888900756836,-12.847847938537598,-12.600783348083496,-13.125036239624023,-13.520491600036621,-13.429553031921387,-13.250940322875977,-12.666345596313477,-12.200713157653809,-12.135936737060547,-11.956869125366211,-11.61236572265625,-11.61374568939209,-12.212717056274414,-12.472566604614258
-8.554886817932129,-8.698853492736816,-8.442509651184082,-8.992003440856934,-12.572866439819336,-14.264227867126465,-13.622014045715332,-12.190055847167969,-11.810606956481934,-11.941317558288574,-9.892607688903809,-6.730369567871094,-8.911046028137207,-17.447675704956055,-14.690712928771973,-12.420751571655273,-9.926681518554688,-10.33602523803711,-10.727832794189453,-7.734730243682861,-9.3163480758667,-12.957968711853027,-11.804567337036133,-11.740768432617188,-13.168920516967773,-12.860909461975098,-12.348509788513184,-12.6019287109375,-13.379179954528809,-13.498353958129883,-12.320389747619629,-13.20283031463623,-14.17875862121582,-13.637283325195312,-13.21047592163086,-12.496113777160645,-12.089814186096191,-12.004983901977539,-11.944476127624512,-11.749250411987305,-11.32789421081543,-11.424169540405273,-12.115382194519043
-9.238868713378906,-10.429698944091797,-9.312291145324707,-10.26408863067627,-12.571599006652832,-13.001447677612305,-13.287381172180176,-13.031906127929688,-12.668309211730957,-11.60240650177002,-8.793338775634766,-5.862536907196045,-11.351624488830566,-17.432159423828125,-14.994258880615234,-12.507326126098633,-12.603975296020508,-12.767998695373535,-10.527280807495117,-8.056134223937988,-12.047826766967773,-15.119765281677246,-13.347797393798828,-12.330434799194336,-12.756299018859863,-12.560293197631836,-11.883920669555664,-12.67423152923584,-14.164679527282715,-13.420042991638184,-12.409287452697754,-13.544352531433105,-13.960498809814453,-13.594480514526367,-13.348258018493652,-12.804720878601074,-12.239100456237793,-12.10075569152832,-12.159615516662598,-12.249794960021973,-11.622300148010254,-10.793598175048828,-11.259862899780273
-7.972676753997803,-10.1565580368042,-9.948457717895508,-10.981683731079102,-12.369953155517578,-12.90358829498291,-13.988137245178223,-13.602731704711914,-11.767881393432617,-10.109258651733398,-6.8468828201293945,-5.263551712036133,-12.40149211883545,-15.77434253692627,-15.173805236816406,-14.330831527709961,-12.940653800964355,-9.25921630859375,-7.788478374481201,-12.332992553710938,-15.356916427612305,-14.514586448669434,-11.93773078918457,-12.4502534866333,-12.053607940673828,-9.641731262207031,-9.09701919555664,-12.147286415100098,-15.226292610168457,-14.120206832885742,-13.04699420928955,-13.667505264282227,-13.677755355834961,-13.277693748474121,-13.058087348937988,-12.601238250732422,-12.372899055480957,-12.55565357208252,-12.68847370147705,-12.588083267211914,-11.958831787109375,-11.449456214904785,-10.949674606323242
-6.027130603790283,-6.918811798095703,-11.669682502746582,-12.590497016906738,-11.506285667419434,-12.754711151123047,-12.87619686126709,-12.315176010131836,-11.698448181152344,-10.139763832092285,-7.886922359466553,-9.117571830749512,-14.988913536071777,-15.402989387512207,-13.049315452575684,-11.785421371459961,-10.938237190246582,-10.879246711730957,-12.21813678741455,-13.172268867492676,-13.156914710998535,-12.919879913330078,-11.740739822387695,-11.235161781311035,-10.512703895568848,-6.963768005371094,-4.74526834487915,-13.138753890991211,-17.183879852294922,-14.808995246887207,-12.769561767578125,-14.035039901733398,-14.068839073181152,-12.409453392028809,-12.192791938781738,-11.720846176147461,-12.070964813232422,-12.649043083190918,-12.801522254943848,-12.86462116241455,-12.675078392028809,-11.381675720214844,-10.876809120178223
-6.517444610595703,-8.383112907409668,-11.943063735961914,-12.085356712341309,-10.725497245788574,-12.444303512573242,-12.635756492614746,-11.3772554397583,-11.974093437194824,-11.71274185180664,-10.712800979614258,-11.979175567626953,-14.813981056213379,-14.338682174682617,-11.49606990814209,-8.683892250061035,-8.179858207702637,-13.044065475463867,-14.037606239318848,-11.576360702514648,-12.17862319946289,-13.948822021484375,-12.948984146118164,-11.26876163482666,-9.657780647277832,-9.827838897705078,-11.880282402038574,-16.442852020263672,-17.287826538085938,-14.964710235595703,-13.682808876037598,-14.142309188842773,-13.915871620178223,-11.752005577087402,-11.749881744384766,-11.83016300201416,-11.347790718078613,-11.574750900268555,-11.461227416992188,-11.825267791748047,-11.968989372253418,-11.021257400512695,-10.624685287475586
-9.3761568069458,-11.022477149963379,-10.788060188293457,-10.538677215576172,-11.518850326538086,-12.156656265258789,-12.358531951904297,-12.386848449707031,-11.973429679870605,-11.70224380493164,-11.285663604736328,-12.023199081420898,-13.25341510772705,-13.475984573364258,-11.16781234741211,-10.253100395202637,-11.622695922851562,-13.542458534240723,-13.366703033447266,-12.251781463623047,-12.293880462646484,-13.010323524475098,-12.683852195739746,-12.616740226745605,-10.532770156860352,-12.651251792907715,-15.237235069274902,-16.29517364501953,-15.120708465576172,-14.309855461120605,-14.102700233459473,-14.202728271484375,-12.568014144897461,-12.215929985046387,-12.051217079162598,-11.255284309387207,-10.386062622070312,-9.522998809814453,-8.411584854125977,-9.114347457885742,-10.040724754333496,-10.352869033813477,-11.52263069152832
