data/wind_data/wind_45_3.json
{"header": {"parameterUnit": "KT", "parameterCategory": 2, "nx": 256, "ny": 198, "lo1": 44.73521041870117, "la1": -3.236724853515625, "lo2": 111.26478576660156, "la2": 43.468475341796875, "dx": 0.2609002888202667, "dy": -0.23708222806453705, "refTime": "2025-02-20 21:00:00", "forecastTime": 0, "parameterNumber": 2, "parameterNumberName": "eastward_wind"}, "data":
[rows 76 to 94 of 198, columns 0 to 43 of 256]
10.773442268371582,7.927353382110596,2.345388412475586,-1.4879629611968994,-1.434155821800232,3.6132216453552246,6.074387550354004,6.118203163146973,5.654115676879883,6.119042873382568,6.1651177406311035,5.670455455780029,5.571299076080322,6.5179266929626465,7.688299179077148,8.450947761535645,9.223860740661621,8.724002838134766,6.206766128540039,3.2727532386779785,2.1223666667938232,2.9766337871551514,4.667788028717041,5.302743434906006,4.978768348693848,4.619585990905762,4.7970099449157715,4.679790496826172,4.669462203979492,3.965325117111206,2.9902725219726562,1.8614650964736938,0.9567728042602539,0.1267332285642624,-0.7826314568519592,-1.523909568786621,-1.7851719856262207,-1.984384536743164,-1.8876546621322632,-1.7984548807144165,-1.7007132768630981,-1.627548336982727,-1.8364477157592773,-2.3991589546203613
11.62152099609375,8.815936088562012,4.665237903594971,2.5817184448242188,1.0070106983184814,2.105137825012207,4.033201217651367,3.371351718902588,3.0258724689483643,3.518199920654297,4.211269378662109,5.13417911529541,5.481514930725098,6.465277671813965,7.797307014465332,8.894917488098145,9.83949089050293,9.676218032836914,7.552821159362793,4.803235054016113,3.726072072982788,4.288295269012451,4.32777738571167,5.369452476501465,7.0706257820129395,5.603731632232666,4.678303241729736,4.802478313446045,4.669222354888916,4.224884033203125,3.6528079509735107,2.8553338050842285,1.9822299480438232,0.9904375076293945,0.2119337022304535,-0.28746286034584045,-1.1170605421066284,-1.3597040176391602,-0.9565556049346924,-0.6537650227546692,-0.56953364610672,-0.38685715198516846,-0.7538340091705322,-1.3760526180267334
8.719902992248535,8.042088508605957,6.311129093170166,5.436001777648926,0.7897987365722656,-1.1224501132965088,0.27848950028419495,0.9854633212089539,1.739703893661499,2.34917950630188,2.7345900535583496,3.210476875305176,3.78847599029541,4.7838134765625,6.218379020690918,7.7322773933410645,9.250672340393066,9.702620506286621,8.827062606811523,7.673671722412109,6.789183616638184,7.151456356048584,7.170687675476074,5.547989845275879,5.294674873352051,5.3735480308532715,4.872581481933594,4.702337741851807,4.3384575843811035,3.3067541122436523,2.4321682453155518,2.351799488067627,2.980536460876465,3.2957847118377686,2.2747044563293457,0.992061197757721,-0.04031476378440857,-1.0081876516342163,-1.42790687084198,-0.896165668964386,-0.0187018234282732,0.2638915479183197,0.15569175779819489,-0.43283984065055847
7.271713733673096,8.15247917175293,6.282232761383057,4.5432610511779785,-0.37773510813713074,-2.3771300315856934,-0.8737947344779968,0.23820284008979797,2.2852187156677246,3.9343955516815186,4.687291145324707,4.840264797210693,5.430440425872803,6.362007141113281,7.2003493309021,7.874255180358887,9.167375564575195,10.162955284118652,10.127314567565918,9.888189315795898,9.359949111938477,9.39472484588623,9.184137344360352,8.337801933288574,6.136812210083008,4.940173625946045,4.985532760620117,3.7771501541137695,2.1302549839019775,1.0423649549484253,0.6944844126701355,0.6355336904525757,0.6960722804069519,1.4781683683395386,2.712486743927002,3.060316801071167,1.9324554204940796,0.6492651700973511,0.1303277164697647,-0.08066652715206146,0.16735631227493286,0.6831873059272766,0.7242145538330078,0.4249493479728699
6.225790023803711,5.986917495727539,4.275792121887207,2.7707972526550293,2.2859084606170654,0.10378393530845642,0.47991445660591125,0.8944411873817444,1.9447083473205566,3.654628038406372,5.4550275802612305,6.251862049102783,6.5373921394348145,7.5687255859375,8.568222045898438,8.517624855041504,8.939778327941895,10.15960693359375,10.917383193969727,10.991381645202637,10.99303913116455,11.2353515625,11.041499137878418,10.30513858795166,8.43921947479248,6.535067558288574,5.714479446411133,3.34488844871521,0.7153857350349426,0.18551072478294373,0.8751792311668396,1.1570173501968384,0.6359282732009888,0.4335099160671234,1.0077557563781738,1.565634846687317,2.1071982383728027,1.0510613918304443,0.19722220301628113,0.7161107063293457,1.3974275588989258,1.4659227132797241,1.2828675508499146,1.1135573387145996
2.3528192043304443,1.0516388416290283,0.5348771810531616,0.7887496948242188,1.5017763376235962,0.10755684971809387,0.29494601488113403,0.5546010136604309,1.471144199371338,3.8738300800323486,7.894477367401123,9.741829872131348,9.428267478942871,9.450437545776367,9.285396575927734,8.78892993927002,8.052626609802246,8.857746124267578,9.926308631896973,10.423566818237305,11.304240226745605,11.99319839477539,11.771025657653809,10.777904510498047,9.152321815490723,7.571603775024414,6.791463375091553,4.7941975593566895,1.6080900430679321,0.3645728528499603,1.492506980895996,2.2184805870056152,2.0330381393432617,1.4341585636138916,0.9041697978973389,0.384297639131546,0.15464912354946136,-0.22874560952186584,-1.4709491729736328,0.3208291530609131,3.0739707946777344,3.3679428100585938,2.5311169624328613,1.9938095808029175
-2.310349464416504,-4.378500461578369,-3.220743417739868,-0.015986407175660133,-1.3380831480026245,-2.6052920818328857,-2.969996929168701,-1.5886882543563843,0.7377330660820007,4.0805768966674805,6.9533257484436035,7.894430160522461,8.371006965637207,9.875418663024902,10.14162540435791,9.899733543395996,8.507556915283203,7.921359062194824,8.796196937561035,9.907323837280273,11.01626968383789,11.570450782775879,11.076295852661133,10.203583717346191,9.07101821899414,7.6078596115112305,7.07736349105835,6.691815376281738,4.5150017738342285,1.2470104694366455,1.571974277496338,2.6651902198791504,3.246342420578003,3.014509677886963,2.3031718730926514,1.3317290544509888,0.6050610542297363,0.12154868245124817,-0.9201864004135132,0.6539465188980103,2.2966926097869873,3.448568105697632,3.772580146789551,3.199366807937622
-1.4879530668258667,-4.789724349975586,-3.8231124877929688,-0.023345038294792175,-0.005862431135028601,-1.0442060232162476,-2.9945731163024902,-2.026036500930786,0.9163114428520203,3.7268803119659424,5.7522382736206055,7.0798845291137695,8.506233215332031,9.797073364257812,9.872328758239746,9.746278762817383,8.301902770996094,6.955663681030273,7.320626258850098,8.874549865722656,10.05458927154541,10.248164176940918,9.844034194946289,9.429473876953125,8.84802532196045,7.386704444885254,6.564175128936768,6.5140461921691895,6.6723833084106445,3.5483784675598145,1.6884268522262573,2.877929925918579,4.031506538391113,4.196126937866211,3.9417824745178223,3.297761917114258,2.497654438018799,1.9444775581359863,1.3366416692733765,1.1107820272445679,0.8578487634658813,2.2312536239624023,3.6263587474823,4.01255464553833
2.657165288925171,-1.9000526666641235,-1.8461724519729614,0.3108963370323181,2.5683164596557617,4.352457046508789,2.3618390560150146,1.2759875059127808,2.829674482345581,5.460026741027832,7.014225482940674,8.196171760559082,7.941915988922119,7.777874946594238,7.09895658493042,7.950423717498779,6.407617568969727,4.271384239196777,5.445531368255615,7.711626052856445,9.075758934020996,9.317370414733887,9.007641792297363,8.88159465789795,8.75063419342041,7.457782745361328,6.346333980560303,5.802374362945557,6.35786247253418,5.951616287231445,3.1111929416656494,3.4615423679351807,4.650165557861328,4.970060348510742,5.174818515777588,5.10604190826416,4.423068046569824,3.7562406063079834,2.6884329319000244,1.6039512157440186,1.1867326498031616,1.6681935787200928,2.9149186611175537,3.876784086227417
8.491758346557617,4.801761627197266,3.983916759490967,4.022594451904297,3.4025461673736572,6.736685752868652,8.026082992553711,5.900661945343018,4.755980968475342,6.531030654907227,8.00220775604248,8.63805866241455,7.340654373168945,4.855544090270996,3.4795572757720947,4.085874557495117,2.1584043502807617,0.41515693068504333,3.8006796836853027,7.079782962799072,8.6729097366333,8.99821949005127,8.57835578918457,8.312124252319336,8.392462730407715,7.523144721984863,6.639437198638916,6.329734802246094,5.977147102355957,6.424340724945068,5.32552433013916,4.780160903930664,5.311680793762207,5.64640998840332,6.071320533752441,6.130815505981445,5.485617160797119,4.542503356933594,3.087489366531372,2.474004030227661,3.01763916015625,2.980396032333374,3.3052473068237305,3.7887022495269775
15.284187316894531,13.495207786560059,12.441817283630371,11.201922416687012,7.481565475463867,7.703400135040283,9.564664840698242,8.983640670776367,6.279922008514404,5.729137420654297,7.206871509552002,8.11122989654541,7.146640300750732,3.6132030487060547,0.3350146412849426,-0.4395098090171814,-0.31837400794029236,-0.1753677874803543,3.030790328979492,6.5199971199035645,8.690186500549316,9.197060585021973,8.490761756896973,7.757246017456055,7.871276378631592,7.59688663482666,7.164980411529541,7.149497985839844,6.799750328063965,6.406869411468506,6.5175042152404785,6.135183334350586,6.059284210205078,6.418510437011719,6.983648777008057,6.969715118408203,6.253355503082275,4.916960716247559,3.6394968032836914,3.4602930545806885,4.559377670288086,4.9667158126831055,4.7930989265441895,4.422511577606201
17.028284072875977,16.03662109375,15.468053817749023,14.8611421585083,13.832695960998535,13.024401664733887,12.62778091430664,10.488007545471191,7.218006134033203,5.160653591156006,6.324051856994629,6.9855756759643555,6.930216312408447,4.524974346160889,-0.13361485302448273,-2.324479341506958,-1.1940662860870361,1.2539352178573608,3.9545505046844482,6.744082927703857,8.958976745605469,9.617504119873047,9.021540641784668,8.362936019897461,8.242619514465332,8.129300117492676,8.052497863769531,7.876375198364258,7.6947455406188965,7.493943214416504,7.460788726806641,7.257658004760742,6.820685863494873,7.078293323516846,7.911689758300781,8.319822311401367,7.779819488525391,5.960138320922852,4.826524257659912,4.694189548492432,5.546670913696289,6.333467960357666,6.397024631500244,5.665280342102051
14.979349136352539,14.546698570251465,14.319418907165527,14.454968452453613,16.076213836669922,17.334613800048828,17.700517654418945,15.4521484375,10.180584907531738,5.887515068054199,5.314794063568115,6.454800605773926,7.331295013427734,6.711239814758301,2.6476638317108154,-2.170063018798828,-2.344820976257324,0.30696260929107666,3.8232505321502686,7.101419448852539,9.728888511657715,10.982870101928711,10.901351928710938,10.393661499023438,9.797172546386719,9.266366958618164,9.138280868530273,8.858972549438477,8.601922035217285,8.534552574157715,8.502324104309082,8.476129531860352,8.02879524230957,7.821854114532471,8.742774963378906,9.796524047851562,9.80412769317627,7.680227756500244,6.269853115081787,6.13323974609375,6.701476573944092,7.5012712478637695,7.718264579772949,7.031855583190918
13.903926849365234,13.489081382751465,13.53907585144043,14.05586051940918,15.494915008544922,16.78585433959961,17.52745819091797,17.67123031616211,14.89594841003418,9.718828201293945,6.093931198120117,6.402498245239258,7.670892715454102,8.409088134765625,7.419537544250488,2.730637788772583,-1.595471739768982,-2.3028931617736816,0.09981890767812729,4.464850902557373,8.679710388183594,11.683906555175781,13.014687538146973,13.0383939743042,12.329891204833984,11.37775707244873,10.584702491760254,10.15160846710205,9.763383865356445,9.708867073059082,9.539283752441406,9.534554481506348,9.599234580993652,9.424233436584473,9.982169151306152,10.847091674804688,11.212658882141113,9.413290023803711,7.853639125823975,7.55596923828125,7.964506149291992,8.602320671081543,8.497175216674805,7.599634170532227
13.241220474243164,12.4991455078125,12.561813354492188,13.832470893859863,14.570016860961914,15.464279174804688,16.577381134033203,17.513883590698242,17.60118865966797,14.721959114074707,10.538249015808105,8.439274787902832,8.20318603515625,8.958246231079102,10.259079933166504,9.43623161315918,4.879662036895752,0.3661488890647888,-1.2617894411087036,-0.010054879821836948,3.7924890518188477,8.193378448486328,11.702302932739258,13.527179718017578,13.894536018371582,13.30079174041748,12.129657745361328,11.304587364196777,10.78527545928955,10.70065975189209,10.793428421020508,10.448758125305176,10.513761520385742,10.984816551208496,11.527230262756348,11.70261287689209,11.856700897216797,10.779658317565918,9.716471672058105,9.165336608886719,9.03873062133789,9.293278694152832,8.756430625915527,7.516585826873779
12.54587173461914,11.387380599975586,11.216745376586914,12.187052726745605,12.898571014404297,15.036911964416504,17.041383743286133,18.161861419677734,19.269380569458008,19.00457191467285,15.859269142150879,12.519272804260254,10.978426933288574,10.55722713470459,11.343897819519043,12.814708709716797,12.325237274169922,8.529500007629395,3.8503756523132324,1.0336545705795288,0.9402684569358826,3.353715419769287,6.986503601074219,10.353522300720215,12.698798179626465,13.867449760437012,13.932341575622559,13.303690910339355,12.32497787475586,11.91848087310791,12.062337875366211,11.641361236572266,11.105146408081055,11.645759582519531,12.483879089355469,12.577457427978516,12.587342262268066,12.031624794006348,11.608901977539062,11.136903762817383,10.402518272399902,9.845346450805664,8.843225479125977,7.614414691925049
12.444866180419922,11.612591743469238,10.625908851623535,9.883748054504395,11.380566596984863,14.199339866638184,16.692970275878906,18.969953536987305,20.713958740234375,22.195411682128906,21.712026596069336,17.983869552612305,13.869047164916992,12.225784301757812,12.214597702026367,13.456860542297363,15.141291618347168,14.972475051879883,12.212244987487793,7.80824089050293,3.8206093311309814,2.3498218059539795,3.8573663234710693,6.700331211090088,9.702692031860352,12.693550109863281,14.928173065185547,15.737175941467285,15.681314468383789,15.013544082641602,13.737757682800293,12.823951721191406,12.08350944519043,12.191823959350586,13.02683162689209,13.429224014282227,13.635183334350586,13.444849967956543,13.311590194702148,13.130314826965332,12.407307624816895,11.234823226928711,9.94176197052002,8.94597339630127
14.156170845031738,13.6126127243042,11.878076553344727,9.703766822814941,10.864311218261719,13.73466968536377,16.011302947998047,18.830106735229492,21.527908325195312,23.435407638549805,24.427339553833008,23.333906173706055,19.58014678955078,15.468685150146484,13.164772987365723,13.075522422790527,14.74122142791748,16.364696502685547,16.796443939208984,15.33137321472168,11.547449111938477,7.052056789398193,4.593254566192627,5.544547080993652,8.032363891601562,10.486737251281738,13.27418041229248,15.58444595336914,17.180028915405273,17.78103256225586,16.254474639892578,14.074872016906738,12.939854621887207,12.729413986206055,13.531759262084961,14.371641159057617,14.998013496398926,15.13998794555664,14.946818351745605,14.837987899780273,14.492069244384766,13.293926239013672,11.85763931274414,10.777336120605469
17.055038452148438,16.462629318237305,14.171625137329102,11.106882095336914,11.028511047363281,13.041987419128418,15.30457878112793,17.373573303222656,19.65188217163086,22.354114532470703,23.612165451049805,22.699066162109375,19.814050674438477,16.11862564086914,12.989039421081543,11.816308975219727,13.090625762939453,15.243390083312988,16.916393280029297,17.721614837646484,17.236228942871094,14.93330192565918,10.860093116760254,8.08922290802002,8.803807258605957,10.718754768371582,11.907011032104492,13.587560653686523,15.921157836914062,17.678068161010742,17.61347198486328,15.766583442687988,14.126681327819824,13.459393501281738,13.970218658447266,15.214760780334473,16.47702980041504,17.027082443237305,16.714065551757812,16.369430541992188,15.92901611328125,14.613274574279785,12.96469497680664,11.723936080932617
