data/wind_data/wind_Surface_27.json
{"header": {"parameterUnit": "KT", "parameterCategory": 2, "nx": 255, "ny": 198, "lo1": 44.73521041870117, "la1": -3.236724853515625, "lo2": 111.26478576660156, "la2": 43.468475341796875, "dx": 0.26192745566368103, "dy": -0.23708222806453705, "refTime": "2025-02-20 03:00:00", "forecastTime": 0, "parameterNumber": 3, "parameterNumberName": "northward_wind"}, "data":
[rows 114 to 132 of 198, columns 129 to 171 of 255]
4.339241981506348,4.032623767852783,2.204603433609009,0.8994277715682983,0.2316335141658783,0.32628268003463745,0.5774579644203186,0.6483224630355835,0.739943265914917,1.126977562904358,2.0501420497894287,2.096787452697754,1.177196979522705,1.1257998943328857,1.1307566165924072,0.7186576128005981,0.4674854576587677,0.3457804024219513,0.47763320803642273,0.7592115998268127,1.003743290901184,1.3186867237091064,1.72844660282135,2.069506883621216,2.1725475788116455,1.5862398147583008,1.1586674451828003,1.4044532775878906,1.2204889059066772,0.9569933414459229,0.7275655269622803,0.7016759514808655,0.3353917598724365,-0.2547028362751007,-0.9326183199882507,-1.7695237398147583,-2.652974843978882,-3.4609310626983643,-4.251647472381592,-4.611227989196777,-5.18671989440918,-5.990635871887207,-6.719221115112305
3.5897912979125977,3.134497880935669,2.464463949203491,1.8803969621658325,1.4743492603302002,1.3217252492904663,1.3167986869812012,1.1784754991531372,1.089876413345337,1.1810250282287598,1.2018505334854126,1.1593180894851685,1.1119740009307861,0.8282244801521301,0.5546290874481201,0.4533630609512329,0.4225042164325714,0.7498282194137573,1.360867977142334,1.7974417209625244,1.9364852905273438,2.003542184829712,2.3048126697540283,2.604519844055176,2.768786907196045,2.817884922027588,2.7835638523101807,2.8183047771453857,2.578800678253174,1.7186224460601807,0.6785542964935303,-0.12492891401052475,-0.9438780546188354,-1.679144024848938,-2.104827404022217,-2.6314055919647217,-3.09934401512146,-3.7468619346618652,-4.159146308898926,-4.040189266204834,-4.045076370239258,-4.459775924682617,-5.2894816398620605
0.4594019055366516,0.10277700424194336,2.2131969928741455,3.3794455528259277,3.038576364517212,2.6812520027160645,2.779869318008423,2.774116039276123,2.78908371925354,2.561309814453125,2.2306690216064453,2.0997841358184814,2.0160160064697266,1.8919426202774048,1.7014490365982056,1.490435242652893,1.2853306531906128,1.3912453651428223,1.701204776763916,2.2545177936553955,2.6966300010681152,2.5435967445373535,2.351706027984619,2.6439085006713867,3.2268879413604736,3.3736062049865723,3.164458990097046,2.9898641109466553,2.556117296218872,1.5799973011016846,0.05146441608667374,-1.3164169788360596,-2.345421075820923,-2.9771413803100586,-3.150040626525879,-3.2644364833831787,-3.4190878868103027,-3.746181011199951,-4.517083168029785,-4.4094343185424805,-3.51198673248291,-3.3087706565856934,-3.9489593505859375
-3.3497984409332275,-3.9069859981536865,-2.2071704864501953,0.8499813079833984,2.5740160942077637,3.2979722023010254,3.78751540184021,3.8486216068267822,4.232802867889404,4.076618671417236,3.7180893421173096,3.459463357925415,3.239337921142578,2.986421585083008,2.592608690261841,2.274290084838867,2.095280885696411,1.9541890621185303,1.788657307624817,2.145305871963501,2.9740169048309326,3.2398884296417236,2.7573273181915283,2.5137672424316406,3.1368143558502197,3.234698534011841,2.696174144744873,1.6932133436203003,0.9647451043128967,0.46939629316329956,-0.599368155002594,-2.001389980316162,-2.8090097904205322,-2.6970670223236084,-3.4920778274536133,-3.9994006156921387,-3.947521686553955,-4.101627826690674,-4.608546257019043,-3.9521803855895996,-2.721174478530884,-1.8033649921417236,-2.6700198650360107
-0.93004310131073,-2.588052749633789,-3.641152858734131,-2.8753156661987305,-1.2650610208511353,0.47159430384635925,1.7014371156692505,2.3445608615875244,2.8453209400177,3.0432446002960205,3.1784064769744873,3.478616952896118,3.3977034091949463,2.8168551921844482,2.318547487258911,2.19866681098938,2.2547378540039062,2.2436230182647705,2.2702865600585938,2.484055757522583,2.9732236862182617,3.2697830200195312,3.0599989891052246,2.1306324005126953,1.7618844509124756,1.527538537979126,1.1645278930664062,0.7440763711929321,0.2273491770029068,-0.0028898066375404596,-0.05758706480264664,-0.7821498513221741,-1.3660666942596436,-1.0755000114440918,-0.5334084033966064,-1.0612316131591797,-1.864625096321106,-2.7032470703125,-3.916144609451294,-3.7247836589813232,-2.415086507797241,-0.6720213294029236,-0.016873562708497047
3.254283905029297,2.0656936168670654,1.0411354303359985,-0.37256938219070435,-1.3589770793914795,-1.9818766117095947,-2.0748393535614014,-1.1808366775512695,-0.09916570782661438,0.9342060685157776,1.7610182762145996,2.4039130210876465,2.2076668739318848,1.4358820915222168,0.8705710172653198,0.6460543870925903,0.5056434273719788,0.28487497568130493,0.1859356313943863,0.3378147482872009,1.2112452983856201,2.7902004718780518,3.7691705226898193,4.18375825881958,4.413064479827881,4.1710100173950195,3.213500738143921,1.4479519128799438,1.1368364095687866,1.4038625955581665,2.030625104904175,1.78659188747406,1.3990155458450317,1.7052298784255981,2.990027666091919,3.2590670585632324,2.5674972534179688,1.3550692796707153,0.2591470181941986,0.7303828597068787,1.2440451383590698,1.1925524473190308,2.2985472679138184
5.0791120529174805,4.827507972717285,4.271612167358398,3.3888261318206787,1.7779734134674072,-0.7660170197486877,-2.581953525543213,-2.5486843585968018,-1.0943554639816284,0.5353055596351624,1.6486495733261108,2.1146080493927,1.5732200145721436,0.626305878162384,-0.06011984497308731,-0.5151402950286865,-0.795082688331604,-0.7565962076187134,-0.6844305396080017,-0.4096835255622864,-0.7041154503822327,-0.4508853852748871,1.9249777793884277,4.0551605224609375,3.5220680236816406,1.841375708580017,-0.029262725263834,-1.6174637079238892,-0.01823214255273342,2.2612626552581787,2.9756977558135986,2.3208816051483154,1.1213971376419067,0.9889000654220581,0.9875553250312805,1.8488028049468994,3.5987439155578613,3.0333056449890137,1.917536973953247,3.191466808319092,4.147281169891357,4.987263202667236,5.072185039520264
2.9100661277770996,2.4486277103424072,2.2481610774993896,2.128319025039673,0.7436048984527588,-0.9705733060836792,-2.153730869293213,-2.760969400405884,-1.635485291481018,0.33103299140930176,1.464094638824463,1.4503521919250488,0.7188094854354858,0.20511098206043243,0.0764310359954834,-0.09303902089595795,-0.17827360332012177,-0.19174711406230927,-0.7099830508232117,-1.3541702032089233,-3.716287612915039,-5.525543689727783,-3.870115280151367,-0.4561784863471985,-1.253927230834961,-2.7279038429260254,-4.121679306030273,-4.054976940155029,-2.58571457862854,-0.24125808477401733,1.609226942062378,2.551158905029297,2.7308976650238037,1.8493566513061523,1.5271062850952148,0.5485867261886597,0.917164146900177,4.294041633605957,3.0426290035247803,1.8083893060684204,-0.07912751287221909,4.640112400054932,7.9717183113098145
-0.12518171966075897,-1.544829249382019,-1.6756635904312134,-0.654689371585846,-0.776233434677124,-1.4704110622406006,-1.9741981029510498,-2.9863216876983643,-3.484065294265747,-2.4790308475494385,-1.1035147905349731,-0.5010098814964294,-0.2628268897533417,-0.4228449761867523,-1.4381054639816284,-2.64070200920105,-2.9246394634246826,-4.059619903564453,-6.192206382751465,-6.556456089019775,-6.658459663391113,-7.526016712188721,-7.474876403808594,-2.6657440662384033,-0.41520774364471436,-0.39719435572624207,-2.421426296234131,-4.392062664031982,-4.119284152984619,-2.425804853439331,-0.029675086960196495,-0.7246872186660767,3.2075512409210205,4.5497307777404785,3.6651594638824463,-0.675190269947052,-4.963464260101318,0.40386131405830383,4.548661708831787,2.286792278289795,-0.9769019484519958,-0.6095508933067322,4.682094097137451
0.8678930401802063,0.12271996587514877,-0.503645658493042,-0.5978931784629822,-0.6803364753723145,-1.227373480796814,-1.5236687660217285,-1.9443637132644653,-3.302212715148926,-4.363471031188965,-3.9162867069244385,-2.3195254802703857,-1.4832885265350342,-2.8788278102874756,-5.189199924468994,-6.141465187072754,-4.7360639572143555,-5.30452299118042,-7.2767014503479,-6.5814127922058105,-4.587526798248291,-5.913321495056152,-5.5292510986328125,-5.0667548179626465,-3.339721918106079,-2.3040030002593994,-3.043332099914551,-2.6398630142211914,-1.6749660968780518,-0.3247223496437073,-0.16855750977993011,-2.7974843978881836,-3.4899230003356934,2.4897215366363525,3.798412561416626,0.8803821206092834,-1.3693337440490723,-2.5680317878723145,1.2825273275375366,2.732943296432495,4.337280750274658,0.8825274109840393,0.5174375772476196
2.1716320514678955,2.390333890914917,1.6273629665374756,0.5528208613395691,-0.12534214556217194,-0.5414661169052124,-0.29453086853027344,-0.09591218829154968,-0.5957704782485962,-1.926068663597107,-3.586111068725586,-3.4626402854919434,-3.7029640674591064,-4.496217250823975,-5.890703201293945,-5.500367164611816,-3.7813267707824707,-3.6464285850524902,-3.685784101486206,-4.830879211425781,-6.044079303741455,-7.895978927612305,-5.317447662353516,-4.997063636779785,-2.6862235069274902,-0.4710958003997803,0.26088717579841614,1.3080052137374878,3.0064942836761475,4.354560375213623,3.5903818607330322,4.536477088928223,2.5333378314971924,2.93356990814209,6.302733898162842,9.40160846710205,10.641005516052246,4.388474941253662,0.06855947524309158,0.42512741684913635,3.281327486038208,3.289761781692505,-0.4729496240615845
1.2231833934783936,2.0149450302124023,1.982344627380371,0.6548857092857361,-0.15175659954547882,-0.09258761256933212,1.1675657033920288,2.1257870197296143,2.0843687057495117,0.328151136636734,-3.0438740253448486,-4.915674209594727,-5.094423294067383,-3.752408266067505,-3.075538158416748,-3.0710971355438232,-3.0642035007476807,-0.969051718711853,0.36681777238845825,-2.128404378890991,-3.413118839263916,-4.223778247833252,-0.30872759222984314,1.3355716466903687,3.3422536849975586,4.831643104553223,3.9256985187530518,3.7763659954071045,6.3834309577941895,9.252212524414062,10.975719451904297,9.746831893920898,9.063006401062012,3.227933406829834,4.6909661293029785,10.540416717529297,11.01196575164795,5.809998989105225,0.7932901382446289,-1.7967040538787842,-1.526219129562378,0.7496103644371033,1.436805009841919
-1.1063764095306396,-0.10807166248559952,0.8004769682884216,-0.857669472694397,-1.2425973415374756,-1.8560984134674072,-1.405719518661499,-2.8792994022369385,-3.1457135677337646,-3.597409963607788,-5.141671180725098,-5.142329216003418,-6.455002784729004,-5.256058216094971,-3.2033309936523438,-1.8881022930145264,-2.6019208431243896,-1.659567952156067,0.5405808091163635,2.3300325870513916,3.6259026527404785,3.14384388923645,5.862842082977295,6.186660289764404,6.309175491333008,6.4441819190979,6.526337146759033,8.293301582336426,6.653622627258301,7.050074577331543,8.670473098754883,6.019444942474365,4.363654136657715,1.5894825458526611,0.9840829372406006,4.97153902053833,5.755966663360596,3.289118766784668,2.622206449508667,2.734111785888672,1.3225831985473633,1.0912079811096191,2.446176052093506
-3.0578744411468506,-3.1474878787994385,-2.4875845909118652,-0.9415274858474731,-2.040860414505005,-4.972386360168457,-5.6400980949401855,-7.784311294555664,-8.757912635803223,-7.019163131713867,-5.919877529144287,-4.386952877044678,-3.882460594177246,-2.864542007446289,-2.638326644897461,-1.188284993171692,-0.9777247905731201,-2.4564850330352783,-4.035374641418457,-1.2627615928649902,3.6743788719177246,4.907588958740234,4.022815227508545,6.8579888343811035,6.979904651641846,6.907473087310791,8.085535049438477,9.497506141662598,5.316810607910156,2.7170627117156982,2.5298080444335938,2.8911426067352295,3.162616491317749,2.749971866607666,1.7658993005752563,1.7521281242370605,3.133056640625,4.551960468292236,5.513049602508545,5.698136806488037,4.168426990509033,1.9990222454071045,0.9522064328193665
-5.359419345855713,-6.706056118011475,-2.858299732208252,-0.7662817239761353,-5.04116678237915,-8.71157169342041,-6.503437519073486,-4.520297050476074,-4.244869709014893,-5.382913589477539,-5.156242370605469,-3.985145330429077,0.2518080770969391,2.983280658721924,1.7849109172821045,0.9299762845039368,1.4038852453231812,1.0670628547668457,-1.4386265277862549,-3.1349470615386963,1.25513756275177,5.184781551361084,4.12358283996582,3.1252593994140625,2.603663682937622,2.8170807361602783,3.4280974864959717,5.290245056152344,4.906245708465576,3.2602367401123047,2.406128406524658,3.002153158187866,1.859507441520691,1.649505376815796,0.9566749334335327,-0.43781813979148865,0.9336095452308655,3.6898865699768066,4.153415203094482,2.939832925796509,1.1332848072052002,-1.0071361064910889,-1.2569963932037354
-5.022343635559082,-5.668421268463135,-2.062619924545288,-3.4297099113464355,-6.137723922729492,-6.9042205810546875,-4.83668327331543,-0.8458413481712341,-0.3602745532989502,-4.877842903137207,-6.1939778327941895,-4.048303127288818,-0.7696420550346375,2.7681992053985596,2.136741876602173,1.9425939321517944,2.087900400161743,3.100334405899048,4.42974328994751,2.9334983825683594,2.462340831756592,2.407904624938965,4.037259101867676,1.6478995084762573,-0.6138628721237183,-0.39305010437965393,-0.40806567668914795,1.4720056056976318,3.0384626388549805,2.467559576034546,1.4144394397735596,0.6535252928733826,-0.1001582071185112,0.4784749448299408,0.26163923740386963,-0.08217478543519974,1.321500301361084,2.360719680786133,1.4933406114578247,0.946505606174469,0.7301086783409119,-0.39080020785331726,-0.018580880016088486
-7.078873157501221,-8.026350021362305,-9.40501594543457,-9.15703010559082,-6.394593238830566,-5.097671985626221,-4.09112024307251,-1.4831808805465698,-1.012130618095398,-3.8974740505218506,-4.808077335357666,-5.923275947570801,-6.1016364097595215,-0.0330081507563591,2.2654387950897217,2.3791587352752686,3.148207187652588,4.838068008422852,8.400026321411133,8.530916213989258,4.299140453338623,-0.8458694219589233,-0.5592444539070129,-0.6067771911621094,-0.3354591131210327,0.8105089068412781,0.800818920135498,1.3067491054534912,2.2264060974121094,2.554595708847046,1.0081194639205933,-0.9786153435707092,0.019629482179880142,0.8020012378692627,1.2639340162277222,1.2444182634353638,0.709991455078125,0.904500424861908,1.2288185358047485,1.8871468305587769,3.497447967529297,3.664720058441162,3.527069330215454
-7.270208835601807,-9.422860145568848,-10.56406021118164,-6.612037181854248,-5.305644512176514,-5.976245403289795,-5.6496901512146,-4.810782432556152,-2.614513874053955,-0.2075619399547577,-0.14926303923130035,-4.254293441772461,-8.364636421203613,-5.093215465545654,-0.3380633592605591,1.9446237087249756,4.868929862976074,6.6827592849731445,7.292926788330078,5.1863322257995605,1.4758164882659912,-1.188973307609558,-2.7616302967071533,-2.1029410362243652,-0.2980942726135254,1.3789680004119873,2.544736385345459,3.186842203140259,4.14600133895874,3.833343505859375,2.2556416988372803,-0.18606670200824738,-0.3433380126953125,-0.21907371282577515,-0.6156887412071228,-1.413393259048462,-2.7647502422332764,-2.9673240184783936,-1.8133790493011475,-1.248923659324646,1.1727763414382935,3.1327834129333496,4.173904895782471
-2.474982500076294,-2.5616049766540527,-0.79072105884552,-0.7733544111251831,-3.011687994003296,-4.895346641540527,-7.880772113800049,-5.9141645431518555,-2.580571174621582,3.328608751296997,7.94119930267334,3.565995693206787,-2.4403014183044434,-3.225032329559326,0.40064626932144165,4.570887565612793,8.62484359741211,6.611789226531982,2.40895676612854,0.7276033759117126,0.781046450138092,0.9191452264785767,1.0735565423965454,1.6886502504348755,2.131153106689453,2.4654836654663086,4.607306480407715,6.116425037384033,4.798072814941406,3.673179864883423,3.37233304977417,2.141733169555664,-0.021626193076372147,-1.5358551740646362,-3.485473394393921,-4.425535202026367,-4.651737689971924,-5.276228904724121,-5.3174147605896,-5.850249290466309,-3.6443331241607666,0.3490320146083832,2.835317850112915
