data/wind_data/wind_51_3.json
{"header": {"parameterUnit": "KT", "parameterCategory": 2, "nx": 256, "ny": 198, "lo1": 44.73521041870117, "la1": -3.236724853515625, "lo2": 111.26478576660156, "la2": 43.468475341796875, "dx": 0.2609002888202667, "dy": -0.23708222806453705, "refTime": "2025-02-21 03:00:00", "forecastTime": 0, "parameterNumber": 2, "parameterNumberName": "eastward_wind"}, "data":
[rows 133 to 151 of 198, columns 132 to 175 of 256]
15.641498565673828,18.089365005493164,20.623048782348633,23.405818939208984,24.411069869995117,25.60357666015625,30.590871810913086,39.20780944824219,44.717105865478516,42.1584358215332,40.28681182861328,41.94633865356445,46.31981658935547,49.830204010009766,50.14002990722656,49.08842086791992,49.34563064575195,49.5694694519043,48.417362213134766,48.50989532470703,49.18575668334961,47.72618103027344,44.76692199707031,42.560150146484375,38.055694580078125,35.49530792236328,36.77200698852539,32.635372161865234,26.431015014648438,25.460464477539062,24.259803771972656,20.205291748046875,19.22212791442871,19.65987777709961,17.752405166625977,15.772735595703125,15.924243927001953,17.098052978515625,18.718191146850586,19.88194465637207,19.352933883666992,18.485698699951172,20.472192764282227,22.386920928955078
13.292386054992676,15.738094329833984,25.51876449584961,36.80979919433594,40.95521545410156,42.36318588256836,45.143009185791016,47.951576232910156,50.462493896484375,49.58416748046875,47.85604476928711,49.4208869934082,51.863006591796875,50.58618927001953,50.065208435058594,51.958866119384766,53.796470642089844,52.87833786010742,51.23783493041992,50.27097702026367,47.19913101196289,41.61375427246094,37.4044303894043,34.304935455322266,32.5485725402832,34.02692794799805,34.456321716308594,28.632715225219727,22.795982360839844,23.696733474731445,22.759544372558594,20.488222122192383,21.75023078918457,23.273971557617188,21.253395080566406,18.73903465270996,18.242198944091797,18.985095977783203,20.457435607910156,21.284244537353516,19.853885650634766,17.69082260131836,18.22991943359375,21.851314544677734
18.777864456176758,21.28769874572754,30.186737060546875,43.64137268066406,52.303157806396484,55.50448226928711,56.599693298339844,56.32563781738281,56.40431594848633,55.16572189331055,54.07169723510742,55.168067932128906,54.8045539855957,52.04594421386719,51.43035888671875,53.53621292114258,55.92211151123047,55.73204040527344,53.45494842529297,48.97506332397461,41.105865478515625,34.008296966552734,30.090456008911133,29.536521911621094,33.172332763671875,35.42140579223633,34.990455627441406,31.397891998291016,27.43658447265625,28.151290893554688,25.492977142333984,21.681093215942383,22.36077117919922,24.325349807739258,24.190929412841797,23.897459030151367,22.958120346069336,21.41619300842285,20.98058319091797,20.901681900024414,19.899784088134766,18.39954376220703,18.06474494934082,20.20687484741211
41.43074035644531,44.18124008178711,45.348350524902344,51.498321533203125,57.73085021972656,59.084938049316406,58.7847900390625,53.16422653198242,46.528045654296875,45.15946960449219,47.262752532958984,51.27914810180664,53.717376708984375,51.88078689575195,50.6421012878418,53.176090240478516,56.387054443359375,54.471920013427734,49.05118942260742,43.845237731933594,38.75621032714844,31.489635467529297,25.355321884155273,29.09421730041504,34.663978576660156,36.35152053833008,35.64918518066406,32.10622024536133,30.300325393676758,28.748592376708984,25.102548599243164,22.932315826416016,23.084148406982422,24.427587509155273,24.195056915283203,24.642337799072266,25.45872688293457,24.49358367919922,22.82021141052246,21.005008697509766,19.309986114501953,19.25449562072754,19.580322265625,19.227691650390625
54.3468017578125,60.45815658569336,62.060791015625,61.16948318481445,60.87328338623047,58.620880126953125,54.34823226928711,50.6318359375,46.10346984863281,41.03926086425781,41.85367202758789,47.30826950073242,54.83150863647461,58.081390380859375,51.64280700683594,49.63248825073242,51.71483612060547,51.00839614868164,44.511146545410156,39.16456604003906,36.9758415222168,33.05922317504883,30.185245513916016,32.8040771484375,34.32152557373047,34.061405181884766,30.830778121948242,28.386558532714844,27.624725341796875,27.087383270263672,25.78325653076172,24.33440589904785,23.1983642578125,24.60304832458496,25.23680877685547,25.215303421020508,26.55962371826172,26.871532440185547,24.787229537963867,22.15572738647461,19.939973831176758,19.53534698486328,20.116514205932617,20.033828735351562
62.27482223510742,65.64532470703125,63.143516540527344,61.15583419799805,60.243934631347656,56.441917419433594,52.72031784057617,52.88121032714844,54.90480041503906,54.02074432373047,52.06739044189453,53.47109603881836,59.318172454833984,61.89840316772461,53.46458435058594,48.701663970947266,49.45671844482422,49.24685287475586,42.644935607910156,37.775020599365234,36.04439926147461,35.969970703125,36.67756652832031,35.262855529785156,32.40908432006836,30.227283477783203,27.556726455688477,23.17642593383789,20.600950241088867,21.62903594970703,24.926727294921875,26.404558181762695,24.28815269470215,22.83688735961914,24.560134887695312,26.552650451660156,27.523771286010742,27.0975284576416,25.909290313720703,23.314971923828125,20.72707748413086,19.92275047302246,20.02461051940918,20.260286331176758
65.09954833984375,61.851951599121094,56.283206939697266,53.175132751464844,53.671875,53.88365936279297,55.09082794189453,57.502471923828125,59.02471923828125,60.0958366394043,61.03510665893555,61.902713775634766,63.29327392578125,60.95486831665039,52.62792205810547,49.14509582519531,51.04496383666992,49.34773254394531,42.663116455078125,38.931087493896484,37.43027114868164,36.63859939575195,35.85382080078125,36.14187240600586,36.53495407104492,33.47477340698242,29.64430809020996,23.98731803894043,20.41965675354004,22.381778717041016,26.714191436767578,26.810548782348633,24.44310760498047,23.0148983001709,24.556163787841797,27.58361053466797,28.3371639251709,27.12775993347168,25.598379135131836,22.796419143676758,20.617712020874023,20.366506576538086,20.08474349975586,20.22606086730957
57.3264045715332,49.65205764770508,45.45973205566406,46.840457916259766,50.020172119140625,53.022056579589844,55.810325622558594,58.09088134765625,60.28285598754883,62.05889892578125,63.21766662597656,63.44465255737305,63.231658935546875,59.11412811279297,52.22618103027344,49.9014892578125,52.52289581298828,51.46580505371094,45.69554901123047,42.85407638549805,42.94593048095703,44.123046875,45.31575012207031,46.33965301513672,44.56071472167969,39.868263244628906,35.03101348876953,30.500030517578125,26.988853454589844,26.118261337280273,25.13219451904297,25.405733108520508,26.28978729248047,25.23430633544922,24.553970336914062,25.98075294494629,28.117448806762695,27.54496192932129,24.422229766845703,20.82143211364746,19.75929832458496,20.535099029541016,20.180940628051758,18.631330490112305
50.667903900146484,42.97541046142578,42.06137466430664,46.684444427490234,50.49717330932617,55.01377868652344,59.466827392578125,60.675453186035156,61.705528259277344,62.118804931640625,60.28466033935547,58.27907943725586,58.20559310913086,57.14838409423828,53.781612396240234,52.28499221801758,53.871402740478516,53.699676513671875,51.43714141845703,50.6168098449707,51.16752624511719,52.438114166259766,53.49266052246094,50.289031982421875,43.0672721862793,39.151336669921875,35.377471923828125,30.58270835876465,27.78418731689453,26.4879093170166,26.899221420288086,28.257020950317383,29.20380401611328,27.75564956665039,25.842056274414062,26.139543533325195,28.628005981445312,27.858144760131836,23.702634811401367,19.89785385131836,19.164854049682617,20.306808471679688,20.067607879638672,17.213468551635742
54.83327102661133,47.390892028808594,49.888431549072266,55.720245361328125,58.99565124511719,62.33336639404297,61.745384216308594,57.56657409667969,55.350425720214844,55.504554748535156,54.81062316894531,53.97265625,54.7008056640625,55.36128616333008,54.368408203125,53.923606872558594,54.32918167114258,54.24846267700195,53.41421890258789,52.61752700805664,53.723636627197266,54.22049331665039,48.65187454223633,40.643272399902344,35.73136520385742,34.14981460571289,33.52547073364258,33.1144905090332,31.298620223999023,29.92363929748535,30.21528434753418,33.10504150390625,35.93729019165039,32.55955505371094,28.03334617614746,28.10597038269043,29.874679565429688,28.16594123840332,23.95794677734375,20.189815521240234,19.18508529663086,20.292417526245117,20.112886428833008,16.994516372680664
59.83973693847656,58.77237319946289,58.61261749267578,57.643333435058594,57.617515563964844,57.157081604003906,53.79110336303711,50.07318878173828,49.846893310546875,51.690895080566406,51.36672592163086,50.246238708496094,50.811424255371094,51.27830505371094,51.462364196777344,52.01289749145508,53.02294158935547,52.65314865112305,51.01375198364258,50.09932327270508,50.52597427368164,48.54599380493164,42.8254280090332,38.92222213745117,36.55235290527344,34.8406982421875,35.67829513549805,36.58430862426758,34.49261474609375,32.304962158203125,33.24842071533203,35.018192291259766,38.9321174621582,37.14479064941406,31.06447410583496,29.788475036621094,31.23668098449707,29.80837059020996,25.917909622192383,22.169981002807617,20.58098793029785,20.298917770385742,20.047420501708984,17.57735824584961
58.377220153808594,54.644065856933594,51.700008392333984,51.044307708740234,50.270233154296875,49.614479064941406,48.99445343017578,49.77391052246094,50.61671829223633,51.560306549072266,47.89091491699219,42.50107192993164,42.48200225830078,44.13652038574219,45.8430290222168,47.743446350097656,50.74152755737305,51.5269660949707,48.17502975463867,44.50565719604492,43.64054489135742,45.50360870361328,46.63471603393555,43.585670471191406,38.101280212402344,35.2578010559082,35.78022003173828,36.99824142456055,35.86051559448242,33.226951599121094,32.4665641784668,34.863224029541016,39.27838897705078,38.64673614501953,33.228031158447266,31.35557746887207,32.51324462890625,31.205066680908203,27.48847007751465,24.662899017333984,23.291702270507812,21.97494888305664,20.97498893737793,18.981313705444336
47.83875274658203,45.38480758666992,42.18232345581055,44.60041809082031,48.55770492553711,49.95149230957031,51.03913497924805,53.10285568237305,52.392608642578125,50.759124755859375,46.73854064941406,39.06646728515625,34.19635009765625,34.59972381591797,38.015743255615234,41.997432708740234,45.62458038330078,46.686859130859375,44.62045669555664,42.56188201904297,42.97748565673828,45.606998443603516,45.59836959838867,40.05712127685547,33.46636962890625,30.681053161621094,32.148590087890625,34.979339599609375,33.747314453125,30.325721740722656,31.223745346069336,35.29550552368164,38.44890213012695,38.21621322631836,35.56821823120117,33.66401290893555,32.59675979614258,30.43194580078125,27.51288604736328,24.975692749023438,23.529909133911133,23.73180389404297,23.448711395263672,21.155786514282227
41.01046371459961,41.34086990356445,40.05817794799805,40.968692779541016,42.57279586791992,43.17433166503906,45.654945373535156,47.602481842041016,51.107337951660156,49.485137939453125,44.919349670410156,40.07402801513672,35.418678283691406,31.9804630279541,30.71475601196289,33.45498275756836,37.26588439941406,39.776023864746094,42.22161102294922,44.03715515136719,43.38405990600586,41.19818878173828,36.23820877075195,29.91842269897461,26.70365333557129,29.70342254638672,34.35692596435547,35.74651336669922,34.16445541381836,33.269222259521484,35.0955924987793,37.09781265258789,38.066505432128906,38.46437454223633,37.48153305053711,33.95394515991211,30.674882888793945,27.606767654418945,24.825021743774414,23.4844913482666,22.801368713378906,22.900388717651367,23.11622428894043,22.57851791381836
39.13791275024414,41.05484390258789,38.586036682128906,37.050567626953125,37.22163391113281,40.669254302978516,43.074607849121094,43.726829528808594,44.7108268737793,44.6524658203125,45.380836486816406,45.4124870300293,43.26523208618164,39.741886138916016,35.867897033691406,33.12034606933594,33.832733154296875,37.699462890625,40.3971061706543,37.9254264831543,33.27424621582031,29.180543899536133,26.72829246520996,27.79456901550293,31.366172790527344,35.04747009277344,37.68612289428711,39.12822341918945,42.59077835083008,43.187347412109375,40.21353530883789,37.862117767333984,37.35525894165039,38.21448516845703,37.12195587158203,32.32160949707031,28.45003318786621,25.55196762084961,23.059951782226562,22.983549118041992,23.4335880279541,23.665555953979492,22.62237548828125,22.555097579956055
40.064998626708984,40.921905517578125,38.35934066772461,36.8722038269043,38.41162109375,39.817413330078125,39.185462951660156,38.75791549682617,38.98210144042969,36.766300201416016,34.530426025390625,35.63008117675781,37.71773147583008,37.52930450439453,33.9937629699707,30.486295700073242,33.039405822753906,31.290830612182617,26.98050308227539,25.158424377441406,24.40017318725586,25.530899047851562,29.768239974975586,35.40446090698242,38.604610443115234,37.42448425292969,36.96709060668945,39.51968002319336,43.279850006103516,40.41902542114258,35.58930587768555,36.98183059692383,39.045658111572266,39.97102355957031,37.366065979003906,30.57561492919922,24.176795959472656,22.208763122558594,23.353105545043945,24.646652221679688,25.390766143798828,25.533639907836914,23.521154403686523,22.571144104003906
39.61167907714844,39.566070556640625,39.241844177246094,38.569618225097656,38.17391586303711,38.199405670166016,38.20808029174805,38.870643615722656,36.552528381347656,31.522789001464844,30.65345001220703,29.956623077392578,28.918359756469727,30.169422149658203,31.309175491333008,31.75710678100586,34.955631256103516,35.44355392456055,33.60098648071289,33.22797775268555,32.38715744018555,31.423839569091797,33.30121612548828,37.659000396728516,38.54839324951172,37.55015563964844,36.13869857788086,36.26368713378906,37.879188537597656,37.45891189575195,37.780982971191406,39.97281265258789,42.77550506591797,42.73252487182617,37.125274658203125,28.2658748626709,21.449684143066406,21.084087371826172,24.439931869506836,27.284393310546875,27.87342071533203,27.47222900390625,25.603778839111328,24.236642837524414
34.21569061279297,32.9102897644043,36.322021484375,39.522300720214844,39.346317291259766,38.61146926879883,38.13859939575195,37.90141677856445,36.929832458496094,34.37419509887695,33.66166305541992,34.27445602416992,34.97983169555664,32.376827239990234,31.117950439453125,33.0934944152832,37.12244415283203,39.72671890258789,41.47454071044922,41.06591033935547,39.62495803833008,37.297332763671875,36.149757385253906,36.98668670654297,37.17821502685547,34.60072708129883,33.96278762817383,36.012733459472656,38.36542892456055,39.47175216674805,40.053104400634766,41.114444732666016,41.48367691040039,39.59376907348633,34.30423355102539,25.835365295410156,20.909969329833984,21.666166305541992,24.462636947631836,27.540523529052734,29.325849533081055,29.109018325805664,28.19782829284668,26.33022689819336
35.47944641113281,32.9768180847168,34.57372283935547,37.518253326416016,37.710289001464844,37.4770393371582,38.002471923828125,38.11045455932617,38.418182373046875,38.08875274658203,38.445316314697266,39.74489212036133,39.803653717041016,38.453983306884766,36.82455825805664,36.90407943725586,39.9420166015625,43.48927307128906,44.445335388183594,43.739112854003906,44.575042724609375,41.17762756347656,36.71874237060547,35.035728454589844,33.026248931884766,32.48664855957031,35.076725006103516,38.219459533691406,40.44709014892578,40.04685592651367,38.71476745605469,38.5112419128418,38.567073822021484,36.85691452026367,31.129295349121094,23.97772979736328,21.469200134277344,22.911596298217773,24.761903762817383,26.608051300048828,29.36801528930664,30.736370086669922,30.064672470092773,26.90434455871582
