data/wind_data/wind_1_4.json
{"header": {"parameterUnit": "KT", "parameterCategory": 2, "nx": 256, "ny": 198, "lo1": 44.73521041870117, "la1": -3.236724853515625, "lo2": 111.26478576660156, "la2": 43.468475341796875, "dx": 0.2609002888202667, "dy": -0.23708222806453705, "refTime": "2025-02-19 01:00:00", "forecastTime": 0, "parameterNumber": 2, "parameterNumberName": "eastward_wind"}, "data":
[rows 171 to 189 of 198, columns 176 to 219 of 256]
24.641624450683594,24.860889434814453,25.648134231567383,25.09397315979004,23.950754165649414,24.366901397705078,24.34673309326172,22.707483291625977,21.539148330688477,21.016990661621094,20.507532119750977,20.112773895263672,20.51819610595703,22.138463973999023,24.75083351135254,27.752599716186523,30.82079315185547,31.629362106323242,32.401363372802734,32.454715728759766,29.564374923706055,26.357749938964844,25.126991271972656,24.88966178894043,23.0808048248291,21.79524040222168,23.328811645507812,26.318592071533203,27.448427200317383,26.974279403686523,27.59910774230957,28.36630630493164,28.15369987487793,28.152740478515625,28.492996215820312,27.83718490600586,27.292970657348633,26.929706573486328,25.48373794555664,22.43175506591797,20.42990493774414,18.724319458007812,15.907499313354492,14.234539985656738
41.19933319091797,29.923633575439453,22.134410858154297,19.074443817138672,18.727935791015625,20.390121459960938,20.16961669921875,18.68310546875,18.258586883544922,19.267921447753906,20.601882934570312,22.537771224975586,24.822879791259766,26.277568817138672,27.643587112426758,30.087961196899414,31.797557830810547,31.204193115234375,29.193437576293945,27.297571182250977,24.760536193847656,22.83517837524414,22.902559280395508,24.972902297973633,27.49636459350586,28.90898323059082,29.844886779785156,30.294443130493164,29.4747257232666,27.371623992919922,26.9334774017334,27.703989028930664,28.40369415283203,28.361982345581055,27.69197654724121,24.309541702270508,21.51716423034668,18.71181869506836,14.7444486618042,12.996541976928711,14.573043823242188,16.627370834350586,16.13526725769043,15.151488304138184
45.32988739013672,43.72420883178711,40.32954025268555,38.70680236816406,36.06852722167969,26.791296005249023,22.7069034576416,22.143173217773438,21.6733341217041,21.930341720581055,22.680742263793945,24.883556365966797,26.27170181274414,26.522220611572266,26.901926040649414,27.18975830078125,25.204336166381836,24.635465621948242,26.162961959838867,26.73109245300293,23.418973922729492,21.416446685791016,20.824485778808594,22.455062866210938,26.243236541748047,28.825794219970703,27.8995361328125,26.049468994140625,25.14065933227539,25.465190887451172,26.483274459838867,27.804168701171875,28.180912017822266,27.765350341796875,24.295921325683594,18.181734085083008,11.806214332580566,7.995856285095215,7.58464241027832,9.781596183776855,13.096006393432617,15.520660400390625,15.508756637573242,14.403131484985352
40.77265930175781,41.59934997558594,41.25197982788086,41.07380294799805,41.645694732666016,37.84553146362305,33.28120040893555,31.557518005371094,29.875579833984375,25.80029296875,24.057781219482422,26.104480743408203,29.27617835998535,30.186294555664062,29.093124389648438,28.50370216369629,27.001375198364258,26.909515380859375,29.313446044921875,28.729623794555664,25.753204345703125,25.120996475219727,26.17881202697754,26.239044189453125,25.230934143066406,23.525249481201172,22.36600685119629,22.08399772644043,23.207897186279297,24.43862533569336,25.421342849731445,26.29442024230957,24.859546661376953,24.644641876220703,20.447532653808594,12.98656177520752,7.472926139831543,7.169375896453857,9.634764671325684,12.558890342712402,14.731180191040039,14.322067260742188,13.40478801727295,13.421614646911621
32.97085189819336,32.209632873535156,31.92078971862793,32.03107833862305,32.31669235229492,33.6343879699707,34.631160736083984,35.52639389038086,36.60295867919922,34.08479309082031,28.85558319091797,27.895553588867188,30.055517196655273,27.003997802734375,24.55176544189453,25.956024169921875,27.431285858154297,27.574880599975586,26.941198348999023,25.86147689819336,26.958532333374023,29.95123863220215,31.711055755615234,28.64039421081543,23.972936630249023,22.22652816772461,22.53607940673828,22.703699111938477,23.16211700439453,23.395694732666016,22.247682571411133,21.050039291381836,18.549264907836914,14.408674240112305,10.349321365356445,8.269824028015137,8.796088218688965,10.396804809570312,12.27170467376709,13.489848136901855,12.524771690368652,10.922536849975586,10.872515678405762,11.931865692138672
28.157289505004883,28.295551300048828,27.914016723632812,27.315818786621094,27.180938720703125,28.36051368713379,30.172454833984375,30.883079528808594,29.843534469604492,27.527372360229492,23.8787899017334,19.32965850830078,16.74295997619629,14.481246948242188,15.113630294799805,17.880329132080078,20.6225643157959,21.694202423095703,22.635242462158203,23.558712005615234,25.288862228393555,27.70414161682129,26.86115837097168,24.77089500427246,22.746532440185547,23.52588653564453,23.84807014465332,22.6160831451416,21.34272003173828,19.398006439208984,14.655917167663574,10.014283180236816,7.4385905265808105,6.467401027679443,7.2824859619140625,8.874266624450684,9.729496002197266,10.067177772521973,10.561473846435547,10.433667182922363,9.8630952835083,9.674241065979004,9.882264137268066,10.771015167236328
28.005939483642578,28.34682846069336,28.32293701171875,28.111530303955078,28.301183700561523,27.916406631469727,27.638858795166016,28.824857711791992,27.882617950439453,24.517847061157227,22.181297302246094,21.851882934570312,22.226552963256836,22.33900260925293,21.899879455566406,21.530996322631836,19.431060791015625,18.2977294921875,18.428421020507812,18.71317481994629,19.34263038635254,21.387954711914062,22.09059715270996,22.927204132080078,21.665464401245117,20.384550094604492,18.785066604614258,17.11785888671875,14.472993850708008,9.294760704040527,5.930784702301025,4.4859089851379395,5.57700252532959,6.892858982086182,7.795639514923096,8.108380317687988,8.555874824523926,8.730263710021973,8.932097434997559,9.130558013916016,9.553542137145996,9.80204963684082,10.13360595703125,10.585867881774902
22.618331909179688,24.036911010742188,25.983362197875977,27.31024742126465,27.75123405456543,27.715808868408203,26.684520721435547,27.51970863342285,30.395341873168945,32.73527908325195,34.05974197387695,34.47499084472656,33.35978698730469,29.49754524230957,25.780202865600586,23.498676300048828,20.873523712158203,19.87140464782715,20.554906845092773,21.438846588134766,21.1708984375,21.540220260620117,22.314943313598633,21.287578582763672,18.918508529663086,16.632389068603516,13.688133239746094,11.743538856506348,9.362180709838867,6.9995198249816895,6.741541385650635,7.192314624786377,7.712832450866699,7.41179895401001,7.097783088684082,7.31337833404541,8.054729461669922,8.456324577331543,9.003467559814453,9.525010108947754,9.822564125061035,10.075084686279297,10.579861640930176,11.125638961791992
16.286128997802734,17.96026039123535,20.133174896240234,21.863548278808594,22.645593643188477,23.307655334472656,24.091447830200195,26.077909469604492,30.338193893432617,34.61152648925781,36.62371063232422,35.75714111328125,31.115707397460938,24.78411102294922,22.486745834350586,20.88947868347168,17.2801570892334,15.450340270996094,16.315298080444336,17.464845657348633,17.082672119140625,17.038448333740234,17.422595977783203,16.393882751464844,14.28611946105957,13.063095092773438,12.066125869750977,10.40627384185791,10.008541107177734,10.174827575683594,9.690694808959961,8.842597961425781,7.767070770263672,7.064633846282959,7.320677280426025,8.281376838684082,9.031494140625,9.221498489379883,9.404012680053711,9.954371452331543,10.657203674316406,11.182442665100098,11.706565856933594,12.353591918945312
12.524042129516602,13.15899658203125,13.964747428894043,14.396563529968262,15.007238388061523,16.878137588500977,19.02684783935547,22.236900329589844,26.321571350097656,29.608028411865234,29.70712661743164,26.87332534790039,21.979429244995117,18.282041549682617,17.010725021362305,14.870878219604492,12.22427749633789,11.097137451171875,12.063568115234375,12.358229637145996,12.545083999633789,12.722542762756348,12.964241981506348,13.111913681030273,12.519856452941895,11.445505142211914,10.479584693908691,9.822647094726562,10.17397403717041,10.394670486450195,9.958845138549805,9.549076080322266,8.858933448791504,8.209941864013672,8.1819486618042,8.99512004852295,9.907681465148926,10.490021705627441,10.814574241638184,11.204587936401367,11.828426361083984,12.420356750488281,12.995758056640625,13.566496849060059
11.146650314331055,10.429988861083984,9.992430686950684,9.838288307189941,10.449077606201172,12.283430099487305,14.32056999206543,17.29912567138672,21.320343017578125,24.179479598999023,24.207853317260742,20.79653549194336,15.896595001220703,13.550414085388184,12.569843292236328,11.119180679321289,9.653731346130371,8.912491798400879,9.340222358703613,9.831607818603516,10.21287727355957,10.032000541687012,10.352055549621582,10.777836799621582,10.078394889831543,8.963624000549316,8.456789016723633,8.621881484985352,9.144953727722168,9.43520736694336,9.675347328186035,10.037711143493652,9.982921600341797,9.54489803314209,9.148621559143066,9.367814064025879,10.260503768920898,11.265783309936523,11.96042251586914,12.18108081817627,12.306778907775879,12.677011489868164,13.325520515441895,13.958030700683594
11.624680519104004,10.008662223815918,8.782691955566406,7.933600425720215,8.491598129272461,10.029544830322266,12.16415023803711,14.728446960449219,17.447200775146484,19.262847900390625,19.078006744384766,16.07052230834961,12.70062255859375,10.782471656799316,9.788859367370605,9.369447708129883,9.219965934753418,9.349845886230469,9.800492286682129,9.997767448425293,9.550479888916016,9.25110912322998,9.493391990661621,9.295763969421387,8.711175918579102,8.627717971801758,8.775514602661133,8.823979377746582,8.959012985229492,9.140209197998047,9.737781524658203,10.69449520111084,10.904624938964844,10.462221145629883,10.08621597290039,10.344842910766602,11.142189025878906,12.053507804870605,12.786388397216797,13.15804672241211,13.21591854095459,13.328666687011719,13.803557395935059,14.471345901489258
13.292624473571777,11.809905052185059,10.201595306396484,9.001273155212402,8.460723876953125,8.813828468322754,9.783341407775879,11.95081615447998,14.618528366088867,16.46529769897461,16.207019805908203,13.99793815612793,11.92419147491455,9.884336471557617,8.283260345458984,8.616863250732422,9.639202117919922,10.45516586303711,10.954805374145508,11.065001487731934,10.794289588928223,10.453600883483887,9.703347206115723,8.832829475402832,8.086009979248047,7.926988124847412,8.36406135559082,8.87775707244873,9.376494407653809,10.106121063232422,10.96798038482666,11.622154235839844,11.773609161376953,11.532639503479004,11.597535133361816,12.105260848999023,12.733729362487793,13.39244270324707,14.017436027526855,14.393059730529785,14.496964454650879,14.378279685974121,14.584977149963379,15.243928909301758
14.795587539672852,13.5704927444458,12.131681442260742,11.03310489654541,9.942051887512207,9.06221866607666,8.106809616088867,8.518411636352539,10.88621997833252,12.963886260986328,12.973405838012695,10.94848918914795,9.01551628112793,8.148473739624023,8.114826202392578,9.22751522064209,10.077702522277832,10.603194236755371,10.756192207336426,10.480264663696289,10.325926780700684,9.937520027160645,8.60888957977295,7.4673895835876465,7.2721452713012695,8.051899909973145,9.1769437789917,10.054740905761719,10.594626426696777,11.056230545043945,11.689687728881836,12.403008460998535,12.802172660827637,12.96102523803711,13.327947616577148,13.879486083984375,13.9881010055542,14.139028549194336,14.643379211425781,15.146147727966309,15.386041641235352,15.19599437713623,15.367645263671875,15.951114654541016
16.309335708618164,15.068148612976074,13.67780590057373,12.754341125488281,11.592555046081543,9.567317008972168,8.008228302001953,7.036029815673828,7.822394371032715,8.561822891235352,8.308225631713867,7.317773342132568,6.273168563842773,6.687629222869873,7.311556339263916,7.694785118103027,8.330642700195312,9.00229549407959,9.03014850616455,8.676534652709961,8.575627326965332,8.075834274291992,7.154240608215332,6.8698248863220215,7.741043567657471,8.955528259277344,10.06821346282959,10.851884841918945,11.272162437438965,11.817745208740234,12.633819580078125,13.154084205627441,13.61196231842041,13.962445259094238,14.158759117126465,14.143706321716309,14.027273178100586,13.940963745117188,14.14598274230957,14.507431030273438,14.88089656829834,15.44314956665039,16.03388786315918,16.339324951171875
17.52305793762207,16.379053115844727,14.80140495300293,13.89172077178955,12.678010940551758,10.72624683380127,8.69462776184082,7.093810081481934,6.347879886627197,5.724203586578369,5.373725891113281,5.336060523986816,5.091780185699463,5.49861478805542,5.319755554199219,5.211399078369141,6.019859790802002,6.9340596199035645,7.023021697998047,6.893653392791748,7.409351348876953,7.439556121826172,7.462839126586914,8.138691902160645,9.213312149047852,10.066044807434082,10.476688385009766,10.843944549560547,11.354825019836426,12.369186401367188,13.157572746276855,13.371223449707031,13.6478271484375,13.939284324645996,13.770886421203613,13.239380836486816,13.032588005065918,13.094487190246582,13.222247123718262,13.554221153259277,14.156000137329102,15.071557998657227,15.841205596923828,15.916391372680664
18.23137855529785,17.187917709350586,15.535367012023926,14.13314437866211,12.948657035827637,11.717456817626953,9.906685829162598,7.837029457092285,6.005792617797852,4.295584201812744,3.411876916885376,3.728843927383423,4.099941253662109,4.3463640213012695,3.9408862590789795,3.6533470153808594,4.4901604652404785,5.6571044921875,6.067936897277832,6.491275787353516,7.945383071899414,8.36190414428711,8.789458274841309,9.753128051757812,10.336323738098145,10.501794815063477,10.481606483459473,10.877001762390137,11.820377349853516,13.13290786743164,13.400918006896973,12.98715877532959,12.715360641479492,12.542800903320312,12.000022888183594,11.68437671661377,12.148852348327637,12.656237602233887,12.873512268066406,13.0797700881958,13.545527458190918,14.298516273498535,15.171106338500977,15.690750122070312
18.502243041992188,17.378746032714844,15.641181945800781,13.666947364807129,12.404688835144043,11.616711616516113,10.02402400970459,7.733219146728516,5.173468112945557,2.679982900619507,1.4372799396514893,1.491648554801941,1.8537805080413818,2.3227710723876953,2.507258176803589,2.817687511444092,4.2324137687683105,5.333388805389404,6.135868549346924,7.252025127410889,8.858155250549316,9.323897361755371,9.936239242553711,10.442091941833496,10.218159675598145,10.437625885009766,10.986411094665527,11.830772399902344,12.768301963806152,13.473115921020508,12.947315216064453,11.841292381286621,10.769254684448242,10.051443099975586,9.712573051452637,9.875787734985352,10.771418571472168,11.815261840820312,12.727779388427734,13.25772762298584,13.623926162719727,14.282208442687988,15.187759399414062,16.199514389038086
17.515268325805664,16.342382431030273,14.460689544677734,12.290249824523926,10.930439949035645,10.033815383911133,8.569844245910645,6.140355110168457,2.580721855163574,-0.31394320726394653,-1.0860522985458374,-0.7273584008216858,-0.31238803267478943,0.5919533371925354,1.5066150426864624,2.627427339553833,3.6275084018707275,4.752622127532959,6.3702521324157715,7.900167465209961,9.366067886352539,10.104920387268066,10.729893684387207,10.73659896850586,10.84734058380127,11.345447540283203,11.428236961364746,11.420994758605957,11.553295135498047,11.603939056396484,11.115883827209473,10.229320526123047,9.072120666503906,8.279308319091797,7.875152587890625,8.064927101135254,9.141571044921875,10.71285629272461,12.329840660095215,13.43018627166748,14.190057754516602,15.309417724609375,16.465417861938477,17.197830200195312
