data/wind_data/wind_62_4.json
{"header": {"parameterUnit": "KT", "parameterCategory": 2, "nx": 256, "ny": 198, "lo1": 44.73521041870117, "la1": -3.236724853515625, "lo2": 111.26478576660156, "la2": 43.468475341796875, "dx": 0.2609002888202667, "dy": -0.23708222806453705, "refTime": "2025-02-21 14:00:00", "forecastTime": 0, "parameterNumber": 2, "parameterNumberName": "eastward_wind"}, "data":
[rows 114 to 132 of 198, columns 132 to 175 of 256]
19.959245681762695,19.949033737182617,19.424264907836914,18.632648468017578,17.857318878173828,17.11016273498535,18.064680099487305,18.9693603515625,19.897436141967773,21.382116317749023,22.34807777404785,22.431636810302734,21.83409881591797,22.140047073364258,23.05967140197754,23.328231811523438,23.170873641967773,23.99824333190918,24.95751953125,24.266023635864258,22.824129104614258,22.39535140991211,22.659095764160156,23.26317596435547,23.919754028320312,23.998533248901367,23.75243377685547,23.643842697143555,23.807903289794922,24.135957717895508,24.48918342590332,24.834312438964844,25.338726043701172,26.079204559326172,26.558460235595703,26.450143814086914,26.243410110473633,26.586524963378906,27.175859451293945,26.765546798706055,25.502784729003906,25.536014556884766,26.564958572387695,27.0629940032959
19.803577423095703,20.115386962890625,20.178606033325195,19.491207122802734,18.47557258605957,17.610937118530273,17.908517837524414,18.86452865600586,19.755359649658203,21.435195922851562,22.95242691040039,23.497758865356445,23.113666534423828,23.00335121154785,23.80110740661621,24.084943771362305,23.9882755279541,24.332468032836914,24.112510681152344,23.1917667388916,22.71356201171875,23.191404342651367,23.972551345825195,24.408708572387695,24.39166831970215,24.203632354736328,24.0688419342041,23.916683197021484,23.962474822998047,24.3179931640625,24.71290397644043,25.064512252807617,25.7098388671875,26.76731300354004,27.48111343383789,27.156944274902344,26.70747184753418,27.124624252319336,28.155004501342773,28.36384391784668,27.13284683227539,26.754138946533203,27.603525161743164,27.969852447509766
20.172754287719727,20.425235748291016,20.796367645263672,20.5518798828125,19.574758529663086,18.334522247314453,17.79499053955078,18.392744064331055,19.670291900634766,21.453405380249023,22.914926528930664,23.74433708190918,24.261964797973633,24.666584014892578,24.93747329711914,25.06759262084961,25.2468204498291,24.702695846557617,23.069379806518555,22.07640266418457,22.341772079467773,23.157052993774414,23.685684204101562,23.89528465270996,24.0107421875,23.960935592651367,23.667177200317383,23.36312484741211,23.543113708496094,24.2951717376709,25.318492889404297,26.22054672241211,27.200939178466797,28.23068618774414,28.18408966064453,27.17942237854004,26.835201263427734,27.632844924926758,28.63883399963379,28.795873641967773,28.415714263916016,28.73189926147461,29.49119758605957,29.554468154907227
20.699970245361328,20.815704345703125,21.03754425048828,21.06316375732422,20.344079971313477,18.9768123626709,17.612850189208984,17.752723693847656,19.306211471557617,21.636655807495117,23.25044822692871,23.87762451171875,24.281301498413086,24.94637107849121,25.46391487121582,25.51662826538086,24.950023651123047,23.69968032836914,22.18807601928711,21.474685668945312,21.74650764465332,22.38336944580078,22.855329513549805,23.194904327392578,23.598236083984375,23.8424072265625,23.601430892944336,23.447402954101562,24.07999610900879,25.311168670654297,26.807161331176758,27.877708435058594,28.861812591552734,29.763532638549805,28.706256866455078,27.32547950744629,27.83609962463379,29.025192260742188,29.543712615966797,29.566415786743164,29.82294273376465,30.519453048706055,30.980365753173828,30.613344192504883
20.829893112182617,21.494701385498047,21.628564834594727,21.32596206665039,20.565706253051758,19.187576293945312,17.739830017089844,17.730588912963867,19.266462326049805,21.76420783996582,23.381946563720703,24.303430557250977,25.229854583740234,25.793638229370117,25.48365020751953,24.108257293701172,22.867094039916992,21.78786849975586,20.769807815551758,20.26139259338379,20.48544692993164,21.205984115600586,22.018049240112305,22.91501235961914,23.94712257385254,24.610431671142578,24.696399688720703,25.437849044799805,26.921049118041992,28.250675201416016,29.06117057800293,29.601552963256836,30.491161346435547,31.392345428466797,30.07065773010254,29.083173751831055,29.356843948364258,29.886484146118164,30.583295822143555,31.815401077270508,32.966129302978516,32.731178283691406,31.32294273376465,30.39154624938965
21.218196868896484,21.973052978515625,22.039714813232422,21.55657386779785,21.049501419067383,19.773712158203125,18.342357635498047,18.52254295349121,20.12078857421875,22.16874122619629,23.822168350219727,25.130952835083008,25.719867706298828,25.14280128479004,23.248756408691406,21.200395584106445,20.229066848754883,19.69842529296875,19.441585540771484,19.226459503173828,19.30317497253418,20.289325714111328,22.015195846557617,23.825538635253906,25.30650520324707,26.465253829956055,27.597244262695312,29.855558395385742,32.007232666015625,32.91117477416992,32.021873474121094,32.182979583740234,33.68940353393555,35.56717300415039,36.075801849365234,35.164451599121094,34.05369567871094,32.93193054199219,33.763248443603516,35.86336898803711,36.963016510009766,34.995147705078125,32.3608283996582,32.024044036865234
20.72464370727539,21.624988555908203,21.702241897583008,21.315946578979492,21.313722610473633,20.208820343017578,18.952083587646484,19.133472442626953,20.79685401916504,22.7396183013916,24.000259399414062,24.53911781311035,24.222434997558594,22.68245506286621,20.474708557128906,18.838998794555664,18.307415008544922,18.518064498901367,18.70863151550293,18.436504364013672,19.221782684326172,21.462995529174805,23.851503372192383,25.87636375427246,27.881654739379883,30.279569625854492,32.973846435546875,35.519935607910156,37.17793273925781,37.551944732666016,35.125038146972656,34.19041061401367,36.541053771972656,38.198951721191406,39.01255798339844,38.86988830566406,39.35173797607422,38.76820373535156,36.25059509277344,33.81080627441406,31.874401092529297,30.259990692138672,30.765565872192383,32.353416442871094
20.01140022277832,20.87400245666504,21.11338233947754,20.7232608795166,21.169904708862305,20.2336483001709,19.360424041748047,19.93987464904785,21.66758918762207,22.7147159576416,22.755294799804688,22.787246704101562,22.045522689819336,19.74875831604004,17.405323028564453,16.56590461730957,17.042110443115234,17.69093132019043,17.769407272338867,18.214107513427734,21.1971492767334,24.751934051513672,27.73928451538086,29.954626083374023,32.117549896240234,34.545982360839844,37.27033615112305,40.09107971191406,42.51198196411133,43.07024002075195,39.414833068847656,37.920135498046875,39.4787483215332,38.50773620605469,35.644309997558594,32.98102569580078,31.194377899169922,26.18990135192871,18.682117462158203,19.699535369873047,21.74962615966797,22.879085540771484,23.377805709838867,22.276994705200195
18.968990325927734,19.71751594543457,20.168027877807617,20.402090072631836,20.6019344329834,19.74065589904785,19.762094497680664,21.235136032104492,22.328750610351562,21.943872451782227,22.00632667541504,21.49588966369629,19.009885787963867,16.615406036376953,16.19466209411621,16.943683624267578,17.340526580810547,17.271846771240234,17.452774047851562,19.76192855834961,23.862804412841797,26.900188446044922,29.818071365356445,31.244308471679688,32.74077606201172,35.763370513916016,39.628292083740234,44.93458557128906,48.1635627746582,45.80868148803711,42.779197692871094,41.66417694091797,38.775428771972656,32.3358039855957,26.435232162475586,22.28001594543457,20.21836280822754,20.348735809326172,21.440658569335938,16.749483108520508,18.999189376831055,19.889286041259766,22.66177749633789,20.554439544677734
17.554960250854492,18.409168243408203,19.370229721069336,20.333845138549805,20.69746971130371,20.508819580078125,20.269145965576172,20.257293701171875,20.296850204467773,20.562612533569336,20.296152114868164,18.05007553100586,16.601194381713867,17.260976791381836,18.756250381469727,19.936546325683594,19.742053985595703,19.481794357299805,20.094161987304688,23.05649185180664,25.103010177612305,27.046119689941406,29.690349578857422,32.22848129272461,34.60615158081055,37.92917251586914,42.37158966064453,46.496768951416016,45.47429275512695,36.23087692260742,18.459178924560547,27.65255355834961,28.729097366333008,24.182939529418945,29.16548728942871,27.683156967163086,22.09440040588379,21.732267379760742,27.8947696685791,26.4798526763916,26.52462387084961,26.569692611694336,27.222780227661133,27.668724060058594
16.043455123901367,17.022216796875,18.50318145751953,19.731422424316406,20.567150115966797,20.061704635620117,18.54485511779785,18.055606842041016,19.34497833251953,19.490909576416016,17.470352172851562,16.922441482543945,18.636005401611328,21.09930419921875,23.38388442993164,24.87871742248535,24.623363494873047,23.84951400756836,23.49471092224121,24.412546157836914,25.937524795532227,28.74613380432129,32.7321891784668,36.74525451660156,38.937686920166016,38.683746337890625,39.04127883911133,39.94041442871094,38.997344970703125,33.922271728515625,18.867794036865234,13.698829650878906,16.926105499267578,27.098217010498047,32.9548225402832,33.40790939331055,31.63077163696289,31.072782516479492,33.28778076171875,33.54454803466797,31.89034652709961,27.344552993774414,26.67686653137207,28.681913375854492
15.098055839538574,15.460721015930176,16.60796546936035,17.932228088378906,18.377792358398438,17.600749969482422,16.914064407348633,17.430727005004883,17.32806396484375,15.723220825195312,15.678963661193848,19.011962890625,23.540739059448242,27.676233291625977,30.492198944091797,29.94587516784668,28.566186904907227,28.443239212036133,28.26938247680664,28.33591079711914,29.688325881958008,33.293601989746094,37.55160903930664,39.02606964111328,36.197532653808594,33.856101989746094,29.287742614746094,28.82237434387207,31.754199981689453,27.377056121826172,32.2378044128418,25.009471893310547,26.020753860473633,32.061092376708984,33.19113540649414,30.50505828857422,31.74666976928711,34.697113037109375,35.422794342041016,37.247432708740234,35.8697509765625,29.643869400024414,28.060007095336914,30.596763610839844
13.298456192016602,13.542338371276855,15.164712905883789,15.699240684509277,16.131175994873047,15.498540878295898,14.969625473022461,14.555475234985352,13.460455894470215,13.166779518127441,15.962482452392578,20.609474182128906,25.606042861938477,31.98048210144043,37.842987060546875,38.1688232421875,35.92124557495117,35.49188232421875,36.922977447509766,38.72756576538086,38.353065490722656,37.33891296386719,35.78548812866211,33.495826721191406,28.72353172302246,27.96242332458496,27.846593856811523,30.83925437927246,34.04246520996094,27.64805793762207,26.464757919311523,32.84907531738281,38.99702072143555,36.93097686767578,31.75941276550293,31.015647888183594,33.331546783447266,34.082454681396484,31.600862503051758,33.39384460449219,33.32570266723633,28.733993530273438,29.098833084106445,32.9501953125
13.247846603393555,14.423713684082031,13.11878490447998,11.428901672363281,10.787308692932129,11.235333442687988,12.615394592285156,13.028701782226562,12.855584144592285,14.817020416259766,19.845521926879883,24.255319595336914,27.643831253051758,33.354610443115234,39.524620056152344,44.21657943725586,45.04674530029297,43.65155792236328,43.706539154052734,46.6221809387207,45.51112747192383,34.4278678894043,31.34351921081543,30.87248420715332,32.046566009521484,34.42936706542969,35.79252243041992,35.25114822387695,35.56596755981445,38.124534606933594,43.64153289794922,47.84064483642578,43.19884490966797,38.96352767944336,40.34080505371094,41.34270477294922,37.41343307495117,34.480010986328125,32.5899543762207,29.04688835144043,28.15069007873535,29.935043334960938,32.264549255371094,33.48379135131836
10.988097190856934,10.572311401367188,10.07863712310791,9.971697807312012,11.626025199890137,14.462850570678711,17.19803810119629,16.44310188293457,14.420042991638184,18.507984161376953,26.655811309814453,31.554288864135742,32.89516067504883,35.289302825927734,39.39613723754883,43.591426849365234,48.695465087890625,48.03794860839844,44.800228118896484,45.49168014526367,45.96882629394531,42.526546478271484,41.382266998291016,44.024993896484375,46.89657974243164,47.529632568359375,47.42671585083008,46.57508087158203,47.09001922607422,50.5526008605957,54.15686798095703,55.004112243652344,54.644466400146484,53.22249221801758,50.39131164550781,45.534393310546875,37.63272476196289,33.73689270019531,33.910858154296875,32.673362731933594,34.0007209777832,38.020137786865234,37.36539840698242,37.65511703491211
10.074378967285156,12.982873916625977,15.221916198730469,16.978351593017578,16.645389556884766,17.40176010131836,18.421180725097656,17.573347091674805,18.730018615722656,24.170352935791016,30.51002311706543,35.342620849609375,38.38956832885742,40.4477653503418,41.51023864746094,43.2702751159668,47.735069274902344,50.11338806152344,45.56452560424805,42.43300247192383,41.196502685546875,40.12918472290039,40.41814041137695,41.41633987426758,41.867313385009766,41.739768981933594,42.31276321411133,44.448211669921875,45.936187744140625,47.15847396850586,49.315269470214844,50.24440383911133,49.07035827636719,45.518280029296875,39.791770935058594,34.55952835083008,32.79874038696289,32.5609245300293,32.71314239501953,34.85845947265625,38.57258987426758,41.11901092529297,39.39440155029297,34.88935470581055
12.458853721618652,17.194677352905273,18.873865127563477,17.11978530883789,14.911957740783691,14.50550651550293,14.521018028259277,17.76481819152832,23.214885711669922,27.738204956054688,30.676509857177734,33.82724380493164,38.22564697265625,42.47679138183594,44.50368118286133,44.926239013671875,46.663936614990234,47.43902587890625,43.295597076416016,38.01753616333008,37.3858528137207,38.99226760864258,39.992435455322266,41.030662536621094,43.14796829223633,45.04597091674805,46.03361892700195,47.184043884277344,47.37508010864258,46.691341400146484,47.12256622314453,48.0034065246582,47.00626754760742,42.52377700805664,37.31761169433594,34.56950759887695,34.10085678100586,32.733795166015625,31.182588577270508,33.6397590637207,37.61338424682617,39.02573776245117,38.351314544677734,37.4317512512207
13.506193161010742,14.240548133850098,12.979050636291504,11.904671669006348,11.831072807312012,14.150944709777832,20.185897827148438,28.65224838256836,34.945159912109375,36.03432846069336,35.17189407348633,35.568973541259766,39.1879768371582,43.75568771362305,47.149505615234375,46.04645538330078,43.44070053100586,40.61140060424805,36.71138381958008,34.884769439697266,37.51621627807617,41.034584045410156,43.0357666015625,44.6438102722168,46.41425323486328,47.57434844970703,47.76565933227539,47.38197326660156,46.15655517578125,44.885528564453125,44.44633102416992,42.68120574951172,39.00889587402344,36.504005432128906,34.794281005859375,33.997493743896484,33.54985809326172,32.01233673095703,29.773212432861328,31.386938095092773,33.30105972290039,32.676910400390625,33.249908447265625,35.80126953125
13.100417137145996,11.909767150878906,11.488271713256836,12.577736854553223,15.780847549438477,22.405376434326172,31.302213668823242,39.558868408203125,43.29153060913086,41.945960998535156,39.2237663269043,39.32374954223633,42.08552932739258,45.73247528076172,46.66910171508789,42.9438362121582,38.011600494384766,35.7098503112793,35.26322555541992,37.11113739013672,40.97195816040039,44.1494255065918,45.893409729003906,47.458229064941406,48.090274810791016,47.906776428222656,47.09573745727539,45.119754791259766,43.30924987792969,42.02979278564453,40.779788970947266,39.230682373046875,36.43532943725586,34.50352478027344,34.329769134521484,33.68536376953125,32.450653076171875,30.81581687927246,30.122236251831055,31.527559280395508,34.1069221496582,36.65243148803711,38.50837707519531,40.49269485473633
