data/wind_data/wind_9_9.json
{"header": {"parameterUnit": "KT", "parameterCategory": 2, "nx": 256, "ny": 198, "lo1": 44.73521041870117, "la1": -3.236724853515625, "lo2": 111.26478576660156, "la2": 43.468475341796875, "dx": 0.2609002888202667, "dy": -0.23708222806453705, "refTime": "2025-02-19 09:00:00", "forecastTime": 0, "parameterNumber": 2, "parameterNumberName": "eastward_wind"}, "data":
[rows 19 to 37 of 198, columns 0 to 42 of 256]
21.070096969604492,22.85590362548828,22.119958877563477,20.173234939575195,18.777626037597656,18.945484161376953,18.932435989379883,19.017627716064453,18.89569854736328,18.390413284301758,17.739755630493164,17.458024978637695,17.929031372070312,18.86913299560547,19.617341995239258,19.867286682128906,19.731164932250977,19.40523910522461,19.04253578186035,18.765750885009766,18.687665939331055,18.68243980407715,18.48079490661621,18.123680114746094,17.790964126586914,17.481426239013672,17.369016647338867,17.820457458496094,18.968753814697266,20.33319091796875,21.1197509765625,21.22732925415039,21.43532943725586,22.007596969604492,22.24435806274414,22.12408447265625,22.55301284790039,23.612945556640625,24.469253540039062,24.656679153442383,24.486278533935547,24.573211669921875,25.111785888671875
20.22774887084961,23.047163009643555,22.43168067932129,20.707494735717773,19.396162033081055,19.77501106262207,20.216243743896484,20.601133346557617,20.349613189697266,19.150985717773438,17.529359817504883,16.567167282104492,16.809499740600586,17.596956253051758,18.01438331604004,18.020912170410156,18.124996185302734,18.578655242919922,19.130462646484375,19.399898529052734,19.377347946166992,19.35788917541504,19.43670654296875,19.44133758544922,19.387704849243164,19.3420467376709,19.163196563720703,18.968406677246094,19.369314193725586,20.445331573486328,21.264293670654297,21.15922737121582,20.753278732299805,20.876323699951172,21.20829963684082,21.376508712768555,21.865978240966797,22.778955459594727,23.49240493774414,23.759641647338867,23.857345581054688,24.148710250854492,24.828144073486328
19.5689754486084,23.15081024169922,23.06046485900879,21.5289249420166,20.064945220947266,20.614938735961914,21.43136215209961,21.849056243896484,21.354198455810547,19.709514617919922,17.701595306396484,16.51551628112793,16.419496536254883,16.696510314941406,16.783660888671875,16.99607276916504,17.763717651367188,18.82088851928711,19.536996841430664,19.66667938232422,19.444185256958008,19.34225845336914,19.580204010009766,19.944711685180664,20.219707489013672,20.425086975097656,20.32261848449707,19.78240394592285,19.518362045288086,20.079225540161133,20.80218505859375,20.628894805908203,19.785139083862305,19.49260711669922,19.986602783203125,20.644123077392578,21.271020889282227,21.940858840942383,22.518535614013672,22.991344451904297,23.35063362121582,23.64803123474121,24.2696533203125
19.336538314819336,22.54132080078125,22.91090965270996,21.906028747558594,20.63202667236328,20.879392623901367,21.766284942626953,22.202621459960938,21.622356414794922,19.91693115234375,17.95293426513672,16.842819213867188,16.66000747680664,16.848705291748047,17.093856811523438,17.577964782714844,18.513925552368164,19.417369842529297,19.679988861083984,19.460573196411133,19.13181495666504,18.914182662963867,19.020233154296875,19.487531661987305,19.9721736907959,20.178491592407227,19.972618103027344,19.42988395690918,19.07712745666504,19.357080459594727,19.78019905090332,19.49395751953125,18.68027114868164,18.413179397583008,19.055973052978516,20.06269645690918,20.900650024414062,21.40801429748535,21.731287002563477,22.116836547851562,22.64786720275879,23.1796875,23.88625144958496
20.149917602539062,20.86652946472168,21.257169723510742,21.35264778137207,20.79368019104004,20.29256820678711,20.9427547454834,21.54978370666504,21.076297760009766,19.583681106567383,17.96435546875,17.225183486938477,17.42601203918457,17.977636337280273,18.384214401245117,18.61479949951172,18.96027183532715,19.269655227661133,19.28288459777832,19.172414779663086,19.052780151367188,18.824321746826172,18.607624053955078,18.66828155517578,18.88958168029785,18.927330017089844,18.671655654907227,18.343107223510742,18.226961135864258,18.352495193481445,18.468082427978516,18.315792083740234,18.05734634399414,18.047260284423828,18.415800094604492,19.233428955078125,20.310720443725586,21.063108444213867,21.247276306152344,21.254514694213867,21.631027221679688,22.464885711669922,23.635761260986328
20.58329963684082,19.7772159576416,19.711172103881836,20.32402992248535,19.849037170410156,18.7374267578125,18.986310958862305,19.629213333129883,19.617759704589844,18.960912704467773,18.255332946777344,18.07688331604004,18.449657440185547,18.983795166015625,19.317771911621094,19.282739639282227,19.06687355041504,18.840667724609375,18.675830841064453,18.791908264160156,19.067211151123047,19.042131423950195,18.559965133666992,17.990407943725586,17.651229858398438,17.59269905090332,17.550251007080078,17.274534225463867,16.869352340698242,16.604816436767578,16.766542434692383,17.416236877441406,17.996028900146484,17.97945785522461,17.74939727783203,18.21454429626465,19.457956314086914,20.483280181884766,20.77387237548828,20.775312423706055,21.003170013427734,21.721847534179688,23.111867904663086
19.606246948242188,19.89382553100586,19.439563751220703,19.63825798034668,18.769113540649414,17.600948333740234,17.45735740661621,18.08740997314453,18.766342163085938,18.949420928955078,18.743104934692383,18.574710845947266,18.65326690673828,19.014020919799805,19.392518997192383,19.445270538330078,19.115171432495117,18.527647018432617,18.011600494384766,18.091901779174805,18.60344696044922,18.676273345947266,17.950788497924805,16.966394424438477,16.3858585357666,16.327945709228516,16.327455520629883,15.828399658203125,14.974259376525879,14.579479217529297,15.304420471191406,16.91915512084961,18.003381729125977,17.733299255371094,17.162124633789062,17.606048583984375,18.832439422607422,19.73082160949707,20.050884246826172,20.298290252685547,20.585716247558594,21.084951400756836,22.338197708129883
19.04994773864746,20.611970901489258,20.206228256225586,19.976369857788086,19.39280128479004,18.432430267333984,18.16822052001953,18.767427444458008,19.72124671936035,20.05838966369629,19.66640853881836,19.134510040283203,19.042144775390625,19.42909812927246,19.734195709228516,19.58682632446289,19.04570770263672,18.19805335998535,17.431821823120117,17.34827995300293,17.659854888916016,17.434293746948242,16.462953567504883,15.40658187866211,14.795425415039062,14.54367446899414,14.295023918151855,13.77286434173584,13.21189022064209,13.325399398803711,14.60693359375,16.507246017456055,17.559967041015625,17.2188720703125,16.69165802001953,17.074661254882812,18.015966415405273,18.81753158569336,19.36061668395996,19.818769454956055,20.31987762451172,21.027145385742188,22.181934356689453
19.529640197753906,21.9742431640625,21.73783302307129,21.342851638793945,21.23017692565918,20.283599853515625,19.88199234008789,20.58572006225586,21.607200622558594,22.02606964111328,21.489131927490234,20.623214721679688,20.31397247314453,20.426836013793945,20.20660400390625,19.5371036529541,18.73279571533203,17.802473068237305,16.96381378173828,16.6634578704834,16.55599594116211,15.9586763381958,14.877654075622559,13.837759971618652,13.129019737243652,12.642099380493164,12.262231826782227,12.11514663696289,12.30190658569336,12.975850105285645,14.310728073120117,15.87586784362793,16.70787239074707,16.539443969726562,16.283485412597656,16.677160263061523,17.51251983642578,18.52738380432129,19.51201820373535,20.276147842407227,20.93220329284668,21.69404411315918,22.43025016784668
20.31031036376953,23.025943756103516,23.318851470947266,22.988378524780273,22.79721450805664,21.914993286132812,21.212026596069336,21.75860595703125,22.86854362487793,23.41855239868164,22.844160079956055,21.755075454711914,21.005624771118164,20.579994201660156,20.024873733520508,19.28855323791504,18.52592658996582,17.675634384155273,16.783493041992188,16.198436737060547,15.784017562866211,15.012602806091309,13.789902687072754,12.61117935180664,11.920744895935059,11.630899429321289,11.58188247680664,11.812312126159668,12.343412399291992,13.201606750488281,14.431716918945312,15.646970748901367,16.102197647094727,15.819500923156738,15.847402572631836,16.736772537231445,17.974088668823242,19.18449592590332,20.27859115600586,21.140966415405273,21.817489624023438,22.257904052734375,22.359085083007812
21.368684768676758,24.061941146850586,24.537527084350586,24.072959899902344,23.56574821472168,22.84395980834961,22.207963943481445,22.44314956665039,23.303590774536133,23.757993698120117,23.129108428955078,21.894834518432617,20.810144424438477,20.237350463867188,20.034475326538086,19.69905662536621,19.03982162475586,18.14665985107422,17.079540252685547,16.07246971130371,15.302048683166504,14.477642059326172,13.360435485839844,12.314377784729004,11.74091911315918,11.620745658874512,11.76882553100586,12.101602554321289,12.665243148803711,13.642655372619629,14.983170509338379,16.051982879638672,16.084224700927734,15.4993896484375,15.640534400939941,16.812423706054688,18.181230545043945,19.34788703918457,20.401042938232422,21.28489875793457,21.96558380126953,22.30735969543457,22.111644744873047
21.89215087890625,24.403194427490234,24.888429641723633,24.395849227905273,23.851951599121094,23.46443748474121,23.084918975830078,23.04688262939453,23.522615432739258,23.940906524658203,23.577964782714844,22.495206832885742,21.369312286376953,20.863027572631836,20.926254272460938,20.754840850830078,19.9414119720459,18.820701599121094,17.54706573486328,16.22072410583496,15.116028785705566,14.22679615020752,13.428674697875977,12.803193092346191,12.389962196350098,12.217162132263184,12.266866683959961,12.472993850708008,12.978297233581543,13.980316162109375,15.345535278320312,16.264394760131836,16.0898494720459,15.590245246887207,15.839123725891113,16.8780460357666,17.996170043945312,19.001449584960938,19.968708038330078,20.672048568725586,21.281707763671875,22.019344329833984,22.360557556152344
21.78398323059082,23.859792709350586,24.348669052124023,23.979141235351562,23.636465072631836,23.792997360229492,23.641538619995117,23.513561248779297,24.051403045654297,24.805984497070312,24.86158561706543,24.03924560546875,23.02269172668457,22.504131317138672,22.335025787353516,21.700109481811523,20.372453689575195,19.034597396850586,17.903589248657227,16.69306755065918,15.367990493774414,14.21602725982666,13.449706077575684,13.023344039916992,12.768816947937012,12.671539306640625,12.72637939453125,12.904974937438965,13.364503860473633,14.251992225646973,15.361475944519043,16.04355812072754,16.004947662353516,16.01045799255371,16.58568000793457,17.502899169921875,18.37685775756836,19.109298706054688,19.739809036254883,20.187644958496094,20.727922439575195,21.707897186279297,22.569446563720703
21.693546295166016,22.986831665039062,23.10053825378418,22.77395248413086,22.84611701965332,23.51127052307129,23.614042282104492,23.640836715698242,24.538209915161133,25.70309829711914,26.03496551513672,25.474489212036133,24.818462371826172,24.459814071655273,23.863725662231445,22.574573516845703,20.822771072387695,19.355613708496094,18.3424129486084,17.23189353942871,15.684521675109863,14.112062454223633,13.12230110168457,12.812251091003418,12.902408599853516,13.121742248535156,13.378941535949707,13.68734073638916,14.147351264953613,14.830586433410645,15.562756538391113,15.945219993591309,16.01606559753418,16.368236541748047,17.098073959350586,17.907270431518555,18.593585968017578,19.080543518066406,19.432456970214844,19.744434356689453,20.30010414123535,21.23239517211914,22.104795455932617
21.648313522338867,21.75072479248047,21.490467071533203,21.263275146484375,21.769399642944336,22.73480987548828,23.181598663330078,23.678808212280273,24.767906188964844,26.002315521240234,26.475942611694336,26.22263526916504,25.932071685791016,25.572582244873047,24.606029510498047,23.07979965209961,21.427452087402344,19.8720703125,18.58767318725586,17.3162899017334,15.697294235229492,14.055850982666016,13.172847747802734,13.223641395568848,13.708166122436523,14.114352226257324,14.344406127929688,14.509011268615723,14.68466854095459,15.058695793151855,15.576543807983398,15.89089584350586,15.959980010986328,16.230426788330078,16.87799835205078,17.656871795654297,18.2362060546875,18.52154541015625,18.677732467651367,18.99138069152832,19.695621490478516,20.60747718811035,21.25010108947754
22.14466667175293,21.639741897583008,20.58739471435547,20.00372886657715,20.5191650390625,21.64208221435547,22.76194190979004,24.001981735229492,25.1857967376709,26.2218017578125,26.747005462646484,26.751462936401367,26.452102661132812,25.53786277770996,23.97888946533203,22.491371154785156,21.283906936645508,19.88994026184082,18.346588134765625,16.969263076782227,15.606378555297852,14.366933822631836,13.929858207702637,14.397953033447266,15.029031753540039,15.332990646362305,15.36525821685791,15.175862312316895,14.834075927734375,14.824315071105957,15.292242050170898,15.818842887878418,16.08566665649414,16.315711975097656,16.887096405029297,17.527570724487305,17.83823013305664,17.832773208618164,17.881628036499023,18.293066024780273,19.025421142578125,19.74032974243164,20.07527732849121
23.061731338500977,21.739364624023438,20.329566955566406,19.51641082763672,19.51226043701172,20.459239959716797,22.080350875854492,23.86896514892578,25.098798751831055,25.88026237487793,26.427967071533203,26.65268325805664,26.185562133789062,24.640613555908203,22.57683563232422,21.172138214111328,20.435510635375977,19.419015884399414,17.941028594970703,16.52028465270996,15.471396446228027,14.899879455566406,15.029982566833496,15.737237930297852,16.26527976989746,16.209348678588867,15.968605041503906,15.728604316711426,15.275094985961914,14.991352081298828,15.16156005859375,15.44933795928955,15.575485229492188,15.834009170532227,16.61415672302246,17.487451553344727,17.861480712890625,17.869182586669922,17.95553207397461,18.192916870117188,18.536277770996094,18.881959915161133,19.057422637939453
23.76597785949707,21.147964477539062,20.421926498413086,19.961692810058594,19.37038230895996,19.648283004760742,20.86886215209961,22.416851043701172,23.477294921875,24.048107147216797,24.58156967163086,24.914777755737305,24.528636932373047,23.123065948486328,21.256025314331055,20.049530029296875,19.593629837036133,18.91393280029297,17.582279205322266,16.157360076904297,15.385658264160156,15.404367446899414,15.826058387756348,16.321256637573242,16.54422378540039,16.162349700927734,15.55357551574707,15.346563339233398,15.389583587646484,15.337141990661621,15.089698791503906,14.699373245239258,14.36327838897705,14.582462310791016,15.740646362304688,17.224088668823242,18.090864181518555,18.41309928894043,18.59927749633789,18.54495620727539,18.333477020263672,18.36944007873535,18.664365768432617
24.334556579589844,20.80103302001953,20.561193466186523,20.3483829498291,19.7445011138916,19.273164749145508,19.243587493896484,19.766281127929688,20.327516555786133,20.69341278076172,21.151952743530273,21.438735961914062,21.24117088317871,20.643720626831055,19.93513298034668,19.38651466369629,18.95462417602539,18.252975463867188,17.194435119628906,16.15228271484375,15.594886779785156,15.621482849121094,15.861408233642578,16.02370834350586,15.9921875,15.498627662658691,14.710665702819824,14.407722473144531,14.746179580688477,15.013151168823242,14.831111907958984,14.483966827392578,14.233291625976562,14.435526847839355,15.475122451782227,16.884370803833008,17.91600799560547,18.478010177612305,18.742904663085938,18.607561111450195,18.216367721557617,18.125734329223633,18.502243041992188
