data/wind_data/wind_23_3.json
{"header": {"parameterUnit": "KT", "parameterCategory": 2, "nx": 256, "ny": 198, "lo1": 44.73521041870117, "la1": -3.236724853515625, "lo2": 111.26478576660156, "la2": 43.468475341796875, "dx": 0.2609002888202667, "dy": -0.23708222806453705, "refTime": "2025-02-19 23:00:00", "forecastTime": 0, "parameterNumber": 2, "parameterNumberName": "eastward_wind"}, "data":
[rows 133 to 151 of 198, columns 132 to 175 of 256]
-7.47528600692749,0.27949246764183044,1.3883036375045776,2.7813546657562256,4.257233142852783,8.591879844665527,16.50682830810547,22.52810287475586,20.93839454650879,18.526819229125977,15.278593063354492,14.861580848693848,18.18520736694336,20.861316680908203,18.70749855041504,18.762794494628906,20.340429306030273,20.397119522094727,19.613737106323242,19.287853240966797,20.251216888427734,21.495908737182617,22.461633682250977,21.509559631347656,19.229034423828125,18.388813018798828,17.452693939208984,14.658123970031738,13.431001663208008,15.26430606842041,17.965654373168945,20.529544830322266,21.205947875976562,20.96187973022461,21.46006202697754,21.4660587310791,19.02735137939453,19.637788772583008,21.96044921875,24.330116271972656,25.43610191345215,27.576719284057617,32.69740676879883,39.36204528808594
-2.4305543899536133,0.6569616198539734,2.1080873012542725,7.732096195220947,14.499916076660156,22.162939071655273,27.671703338623047,26.486705780029297,21.17582893371582,17.922149658203125,16.509904861450195,18.14813804626465,19.997608184814453,17.531160354614258,17.981189727783203,19.96029281616211,19.690019607543945,18.60041046142578,18.918750762939453,20.371501922607422,21.354835510253906,21.535734176635742,19.860445022583008,17.584135055541992,16.251224517822266,14.410896301269531,12.478972434997559,13.888680458068848,15.867345809936523,17.198707580566406,19.194345474243164,21.558542251586914,22.338886260986328,22.309289932250977,22.387474060058594,21.673198699951172,20.060653686523438,19.680692672729492,23.325815200805664,25.17433738708496,24.895160675048828,28.36805534362793,34.34782028198242,36.46573257446289
-5.087303638458252,0.4670485556125641,3.4077651500701904,15.702404975891113,26.36566162109375,29.71932029724121,32.293094635009766,25.36130142211914,18.439924240112305,14.908379554748535,14.398752212524414,17.708538055419922,18.376846313476562,17.97466278076172,17.85490608215332,17.785400390625,17.633087158203125,18.627025604248047,20.400501251220703,19.901155471801758,18.837980270385742,17.609588623046875,15.40749454498291,14.51468276977539,13.785575866699219,12.20443058013916,14.276520729064941,17.66728973388672,17.641565322875977,16.389301300048828,18.230409622192383,20.86272621154785,23.083602905273438,22.862369537353516,21.92096710205078,21.035175323486328,20.184534072875977,20.190509796142578,22.764619827270508,23.10538101196289,21.13674545288086,22.57822608947754,23.827220916748047,25.56130599975586
8.391676902770996,9.457415580749512,18.376644134521484,27.981767654418945,32.20159149169922,33.37685775756836,23.654157638549805,16.070171356201172,13.465786933898926,12.538368225097656,14.235342025756836,17.038705825805664,18.22112464904785,19.336685180664062,18.82423210144043,17.029157638549805,16.713499069213867,18.43987274169922,19.473392486572266,16.485515594482422,14.014150619506836,14.267800331115723,14.634010314941406,13.31321907043457,12.411284446716309,14.253790855407715,16.98301887512207,18.656553268432617,16.922937393188477,14.645429611206055,16.257246017456055,20.525516510009766,24.32011604309082,26.402658462524414,25.207679748535156,22.603317260742188,21.527984619140625,20.94270133972168,20.38262939453125,16.819351196289062,15.328996658325195,18.826305389404297,17.993331909179688,14.755349159240723
28.283096313476562,31.698001861572266,29.602096557617188,31.85562515258789,30.39991569519043,20.692256927490234,12.824040412902832,10.951369285583496,11.444826126098633,12.854801177978516,15.162266731262207,17.967195510864258,20.952285766601562,20.727365493774414,16.361867904663086,14.079026222229004,15.004952430725098,16.390701293945312,14.840317726135254,11.397844314575195,11.308485984802246,13.025819778442383,13.595930099487305,13.109696388244629,14.526555061340332,16.74020767211914,17.361255645751953,17.26844024658203,15.9190092086792,18.3699951171875,19.226444244384766,18.688335418701172,20.837156295776367,15.98558235168457,13.483238220214844,17.452199935913086,19.03767204284668,16.895463943481445,12.748795509338379,9.829904556274414,11.29708480834961,13.611217498779297,16.654972076416016,13.018097877502441
37.488555908203125,38.73362350463867,40.14662170410156,28.066316604614258,20.31769371032715,16.50086784362793,12.330521583557129,11.895039558410645,13.470947265625,15.758379936218262,18.41683578491211,20.58137321472168,20.026765823364258,15.205679893493652,11.324231147766113,12.330166816711426,13.869053840637207,15.859074592590332,12.235937118530273,10.2880277633667,12.309043884277344,12.444528579711914,14.027745246887207,15.727907180786133,15.753314018249512,14.355535507202148,14.815800666809082,17.24766731262207,15.57562255859375,14.95844841003418,17.723934173583984,20.426908493041992,19.49736213684082,15.109197616577148,11.905555725097656,13.601543426513672,16.74022674560547,18.11054801940918,16.66365623474121,14.88647174835205,15.924206733703613,17.792041778564453,18.816679000854492,18.329862594604492
35.58146667480469,25.1231689453125,20.41974449157715,18.11359977722168,17.205936431884766,15.7523832321167,15.177145004272461,15.237648010253906,16.786785125732422,19.785472869873047,20.668102264404297,18.855525970458984,14.873626708984375,10.837562561035156,11.12255573272705,11.549619674682617,12.532000541687012,14.640707969665527,10.140576362609863,9.750722885131836,11.695018768310547,13.497855186462402,15.030860900878906,16.477304458618164,14.70047664642334,11.536062240600586,12.70988655090332,14.932879447937012,15.655251502990723,16.42609405517578,17.1884708404541,17.56239128112793,18.019269943237305,18.2605037689209,18.086566925048828,17.52596664428711,16.545530319213867,15.522375106811523,15.431358337402344,16.561044692993164,19.046903610229492,22.343425750732422,24.631574630737305,24.02480125427246
17.824251174926758,10.613442420959473,8.933813095092773,12.472826957702637,13.840767860412598,14.258295059204102,15.300044059753418,17.422208786010742,19.806617736816406,19.112632751464844,17.122154235839844,13.964447975158691,11.11638069152832,9.761934280395508,10.186227798461914,12.415011405944824,13.520934104919434,14.335731506347656,9.663846969604492,8.970338821411133,10.718770980834961,12.683834075927734,13.354717254638672,12.934525489807129,12.95058536529541,13.854999542236328,15.644536972045898,16.06243896484375,15.935483932495117,16.42279052734375,18.0493106842041,19.931148529052734,19.691604614257812,18.318084716796875,17.76714324951172,19.53326416015625,17.925439834594727,17.053625106811523,17.89090347290039,18.72405242919922,20.049110412597656,22.70322608947754,24.478389739990234,25.440889358520508
8.783248901367188,6.315341949462891,8.959861755371094,11.283759117126465,11.537335395812988,13.289693832397461,15.737126350402832,16.844831466674805,16.732955932617188,16.14438819885254,15.355764389038086,15.036965370178223,13.061148643493652,12.428738594055176,12.090084075927734,13.402093887329102,15.087196350097656,14.055047988891602,11.6015625,11.074804306030273,10.822196960449219,10.322839736938477,9.552095413208008,10.0712308883667,13.458131790161133,17.613115310668945,19.60068702697754,17.842945098876953,16.175987243652344,16.148284912109375,17.083221435546875,18.01543617248535,18.995359420776367,20.014476776123047,18.629940032958984,17.588151931762695,17.254323959350586,17.07684898376465,18.672195434570312,19.85081672668457,20.048274993896484,21.0767879486084,22.679332733154297,26.735708236694336
8.622620582580566,9.75525951385498,10.25391674041748,10.67886734008789,11.380642890930176,13.386444091796875,13.089520454406738,14.13336181640625,15.346700668334961,14.729022026062012,15.842671394348145,16.202762603759766,15.131847381591797,15.062922477722168,13.520113945007324,12.68964672088623,12.786506652832031,11.679301261901855,10.964542388916016,11.759668350219727,12.37544059753418,9.762176513671875,9.955025672912598,12.689891815185547,14.917193412780762,17.671592712402344,18.87714958190918,17.803617477416992,17.281612396240234,18.567459106445312,19.600130081176758,20.685583114624023,22.740503311157227,23.7976131439209,22.36794662475586,19.743667602539062,17.96602439880371,17.935522079467773,19.261695861816406,20.777481079101562,21.453258514404297,21.756311416625977,21.71710968017578,24.242849349975586
6.718665599822998,7.012837886810303,8.671334266662598,10.06019115447998,12.056377410888672,12.340607643127441,11.744409561157227,12.858558654785156,14.403133392333984,14.629712104797363,16.12697410583496,15.451505661010742,16.168485641479492,16.46241569519043,14.857941627502441,13.18027114868164,11.94501781463623,10.79593276977539,10.495929718017578,10.960614204406738,12.575024604797363,14.234467506408691,13.563243865966797,13.476778984069824,15.95402717590332,18.59010887145996,19.075883865356445,18.38987922668457,19.46327781677246,23.718286514282227,27.941240310668945,30.363849639892578,31.096805572509766,30.248735427856445,28.9542236328125,26.351526260375977,23.291017532348633,22.661134719848633,23.20465660095215,22.782838821411133,22.55463409423828,23.16485023498535,23.827495574951172,25.899887084960938
11.517171859741211,10.5599365234375,9.180002212524414,8.571599006652832,9.609086036682129,11.246624946594238,11.365093231201172,10.031538009643555,13.834110260009766,16.238677978515625,15.354348182678223,14.349663734436035,15.59382438659668,16.267356872558594,15.540346145629883,13.630236625671387,12.473703384399414,13.360992431640625,12.983175277709961,11.894083023071289,13.123422622680664,16.332805633544922,18.32170867919922,17.860593795776367,18.921157836914062,20.519351959228516,21.397348403930664,22.21309471130371,23.723684310913086,25.59764289855957,26.801494598388672,27.29552459716797,27.479860305786133,26.522830963134766,24.988155364990234,24.338106155395508,24.2615909576416,24.837596893310547,25.665834426879883,25.70229721069336,23.571971893310547,21.583633422851562,21.532861709594727,24.206575393676758
12.025738716125488,9.074088096618652,9.662898063659668,9.292043685913086,10.49653148651123,10.313680648803711,8.288451194763184,8.378092765808105,12.774989128112793,12.622217178344727,11.217167854309082,12.458784103393555,14.122145652770996,14.793122291564941,14.384016990661621,12.949904441833496,13.972331047058105,16.865581512451172,17.101186752319336,14.829487800598145,14.338312149047852,15.992965698242188,17.96210289001465,19.846084594726562,22.129901885986328,24.295164108276367,25.21500587463379,25.00544548034668,25.383224487304688,25.243343353271484,23.876890182495117,21.98792839050293,21.097517013549805,20.929502487182617,21.29708480834961,22.843835830688477,24.22086524963379,25.161245346069336,25.378721237182617,25.520910263061523,23.166526794433594,20.342134475708008,20.702491760253906,23.3142147064209
9.941861152648926,10.994147300720215,10.627378463745117,8.70712661743164,7.686493396759033,8.97926139831543,10.917461395263672,12.713528633117676,12.659738540649414,10.533432006835938,11.195394515991211,11.97220516204834,13.020027160644531,14.139232635498047,13.900361061096191,13.261079788208008,17.10084342956543,20.098188400268555,19.9735107421875,17.494848251342773,16.017126083374023,16.979015350341797,19.534860610961914,22.118228912353516,24.302457809448242,26.019758224487305,26.47786521911621,25.840579986572266,26.15485382080078,25.0856990814209,22.736785888671875,21.256046295166016,20.667415618896484,21.028099060058594,22.16814613342285,23.838281631469727,25.25819206237793,26.18573760986328,25.6497859954834,25.09290885925293,22.776308059692383,21.27865982055664,21.382173538208008,23.536731719970703
10.943310737609863,10.986061096191406,9.350576400756836,12.318958282470703,11.701848983764648,11.056963920593262,12.566635131835938,14.40971565246582,14.27901554107666,12.838251113891602,12.847229957580566,13.412215232849121,14.27342700958252,15.382892608642578,15.78304672241211,17.598064422607422,20.507986068725586,21.818382263183594,20.04659652709961,18.239782333374023,18.220333099365234,19.633285522460938,22.09756851196289,24.987314224243164,27.34299087524414,28.31189727783203,27.622896194458008,27.285566329956055,27.83437728881836,27.83209228515625,27.728899002075195,28.161754608154297,27.119674682617188,25.188711166381836,24.909618377685547,26.910717010498047,29.80570411682129,30.295257568359375,26.970104217529297,25.768051147460938,24.50478744506836,22.267366409301758,22.029396057128906,23.93259048461914
10.84899616241455,10.570281982421875,9.55837631225586,10.738621711730957,11.633700370788574,12.294910430908203,13.809367179870605,15.55175495147705,15.639201164245605,14.6648588180542,14.959731101989746,15.471257209777832,15.774520874023438,16.60154914855957,17.317914962768555,20.225067138671875,20.95402717590332,20.553329467773438,18.09880256652832,18.244430541992188,19.966617584228516,22.245779037475586,24.641246795654297,27.298786163330078,28.68927001953125,28.349109649658203,27.86294174194336,28.87900733947754,29.923072814941406,29.61113929748535,29.053897857666016,29.158161163330078,30.155807495117188,30.97866439819336,31.2132568359375,31.011722564697266,30.164512634277344,29.40813446044922,27.514324188232422,26.204069137573242,26.61551856994629,24.624269485473633,21.834074020385742,21.61625099182129
11.811992645263672,12.418725967407227,11.098847389221191,11.573052406311035,12.469793319702148,13.515390396118164,15.220951080322266,16.787006378173828,16.229827880859375,14.746932983398438,14.798273086547852,16.285446166992188,17.496244430541992,17.99994468688965,17.82830047607422,19.425418853759766,20.959205627441406,20.25765037536621,18.13371467590332,20.46584701538086,23.310882568359375,25.26213836669922,26.595067977905273,27.85223388671875,27.580732345581055,26.63231086730957,26.82497215270996,28.19203758239746,29.396747589111328,28.641246795654297,26.10622787475586,23.502735137939453,22.490312576293945,23.431570053100586,24.502437591552734,27.8418025970459,29.736541748046875,30.199277877807617,30.853313446044922,27.6495361328125,25.361574172973633,25.139793395996094,25.107141494750977,24.674638748168945
10.660829544067383,10.866046905517578,10.996929168701172,12.555747985839844,13.697539329528809,14.287665367126465,14.600360870361328,15.289905548095703,14.746857643127441,13.691749572753906,14.270689010620117,16.95139503479004,18.468894958496094,18.824331283569336,19.118669509887695,19.32007598876953,20.365114212036133,21.108930587768555,20.50701904296875,21.487829208374023,23.37323760986328,24.377275466918945,25.654626846313477,26.0211124420166,25.450834274291992,25.866092681884766,27.29878807067871,28.80530548095703,29.54473304748535,26.649898529052734,21.38106346130371,19.095243453979492,20.49412727355957,23.897756576538086,25.329978942871094,28.16569709777832,31.098548889160156,32.258636474609375,33.359615325927734,29.34326171875,25.08181381225586,24.17180633544922,25.32587432861328,27.0700626373291
8.394811630249023,8.332109451293945,10.84992790222168,12.665251731872559,14.268303871154785,14.302787780761719,14.42473316192627,15.712162971496582,15.299368858337402,14.96239948272705,15.837454795837402,16.98295783996582,17.883121490478516,19.299345016479492,20.072690963745117,20.22946548461914,20.7326602935791,21.199987411499023,21.73822593688965,22.254974365234375,24.01828384399414,24.901247024536133,24.465160369873047,24.773666381835938,26.394872665405273,28.276580810546875,29.26921272277832,29.63760757446289,28.573820114135742,24.464767456054688,20.16175079345703,19.977724075317383,22.739282608032227,26.41534996032715,26.822208404541016,26.5202693939209,28.738672256469727,31.290700912475586,31.79488754272461,28.10373878479004,25.719009399414062,25.511022567749023,26.102205276489258,27.89212417602539
