data/wind_data/wind_21_7.json
{"header": {"parameterUnit": "KT", "parameterCategory": 2, "nx": 256, "ny": 198, "lo1": 44.73521041870117, "la1": -3.236724853515625, "lo2": 111.26478576660156, "la2": 43.468475341796875, "dx": 0.2609002888202667, "dy": -0.23708222806453705, "refTime": "2025-02-19 21:00:00", "forecastTime": 0, "parameterNumber": 2, "parameterNumberName": "eastward_wind"}, "data":
[rows 160 to 179 of 198, columns 44 to 87 of 256]
64.55758666992188,65.70126342773438,66.79512786865234,67.71761322021484,68.19419860839844,67.84708404541016,67.0998764038086,67.00590515136719,68.17160034179688,70.16718292236328,71.55756378173828,70.80554962158203,67.92710876464844,64.60115051269531,62.22647476196289,60.57720184326172,58.83283233642578,56.95884323120117,55.63813400268555,55.35065460205078,55.698341369628906,56.133888244628906,56.5200080871582,56.694862365722656,56.48825454711914,55.909950256347656,55.03098678588867,54.01847457885742,53.16048049926758,52.831993103027344,52.987159729003906,52.8331413269043,51.793785095214844,50.2532958984375,48.826358795166016,47.97753143310547,48.034942626953125,48.23641586303711,47.48612594604492,46.3713493347168,45.192134857177734,43.54420852661133,41.97765350341797,42.209224700927734
66.34790802001953,67.28810119628906,67.73721313476562,67.71208953857422,67.40223693847656,67.1492919921875,67.17704772949219,67.58552551269531,68.521728515625,69.88986206054688,70.64521026611328,69.51041412353516,66.58525085449219,63.26356887817383,60.655643463134766,58.70166778564453,56.83530807495117,55.123390197753906,54.25896072387695,54.4351692199707,55.026580810546875,55.60475158691406,56.27359390258789,56.925140380859375,57.093772888183594,56.58588790893555,55.561241149902344,54.181312561035156,52.752559661865234,51.86110305786133,51.78565979003906,51.980594635009766,51.53450393676758,50.20075225830078,48.648136138916016,47.70817184448242,47.708553314208984,47.8344841003418,46.90793991088867,45.49835968017578,44.155818939208984,42.457122802734375,41.120452880859375,41.589202880859375
67.20573425292969,67.88175964355469,67.6376724243164,66.67144775390625,65.98394012451172,66.1141586303711,66.66626739501953,67.2416000366211,67.99229431152344,68.81669616699219,68.96025085449219,67.7347183227539,65.14752960205078,62.05409622192383,59.32768249511719,57.161502838134766,55.39887237548828,54.162349700927734,53.87554931640625,54.37205505371094,54.993263244628906,55.52033996582031,56.13431930541992,56.81706619262695,57.20570373535156,56.945106506347656,55.99891662597656,54.516300201416016,52.76736831665039,51.349395751953125,50.759002685546875,50.847930908203125,50.85606384277344,50.0120735168457,48.56716537475586,47.5501594543457,47.46533966064453,47.489810943603516,46.433563232421875,44.89426040649414,43.43180465698242,41.57632064819336,40.31632614135742,40.69898986816406
67.1917724609375,67.26995849609375,66.29046630859375,65.09819030761719,64.82414245605469,65.37615966796875,65.92279052734375,66.22554016113281,66.67327880859375,67.0221939086914,66.64398193359375,65.4592056274414,63.40951919555664,60.727176666259766,58.28196716308594,56.548316955566406,55.26921081542969,54.39668655395508,54.31890106201172,54.83641815185547,55.313316345214844,55.64204025268555,56.04210662841797,56.49711990356445,56.742027282714844,56.5019416809082,55.693031311035156,54.41771697998047,52.824440002441406,51.2438850402832,50.15824508666992,49.74807357788086,49.72303771972656,49.30733108520508,48.17269515991211,47.17104721069336,47.06068420410156,47.10973358154297,46.14787673950195,44.57209777832031,42.99357223510742,40.845333099365234,39.56368637084961,39.75569152832031
66.58502197265625,65.8185043334961,64.53997802734375,63.77019500732422,63.814247131347656,64.13818359375,64.25145721435547,64.3708724975586,64.73019409179688,64.78199768066406,64.15321350097656,63.19422149658203,61.7182502746582,59.58274841308594,57.753761291503906,56.82036590576172,56.164981842041016,55.468650817871094,55.23463439941406,55.49269104003906,55.67287063598633,55.67865753173828,55.75189971923828,55.848609924316406,55.68896484375,55.09822082519531,54.23086929321289,53.324920654296875,52.311134338378906,51.051658630371094,49.83177947998047,49.02315902709961,48.677494049072266,48.38904571533203,47.573638916015625,46.56170654296875,46.32289505004883,46.47209167480469,45.818359375,44.34660720825195,42.643314361572266,40.264766693115234,38.930362701416016,38.98918151855469
65.17366790771484,63.95247268676758,62.846317291259766,62.43714904785156,62.2293586730957,61.84269714355469,61.65042495727539,62.0977897644043,62.758766174316406,62.871578216552734,62.420692443847656,61.69949722290039,60.536338806152344,58.94318389892578,57.78138732910156,57.47174835205078,57.25193786621094,56.69388198852539,56.258113861083984,56.0826301574707,55.744178771972656,55.21213150024414,54.81519317626953,54.51841735839844,53.986289978027344,53.04852294921875,52.03114700317383,51.414215087890625,51.087120056152344,50.446022033691406,49.429420471191406,48.531620025634766,47.955543518066406,47.5843620300293,46.97322463989258,45.95133972167969,45.334388732910156,45.425174713134766,45.17856979370117,44.04242706298828,42.17770767211914,39.8527946472168,38.36101531982422,38.21589279174805
63.019081115722656,62.26519012451172,61.764869689941406,61.27734375,60.32429885864258,59.33055877685547,59.20800018310547,60.081050872802734,61.09696578979492,61.59389877319336,61.571285247802734,61.066104888916016,60.1103401184082,59.021141052246094,58.26810836791992,58.0458984375,57.90528869628906,57.46337127685547,56.863433837890625,56.15626525878906,55.123817443847656,53.949668884277344,53.06919860839844,52.50867462158203,51.82794952392578,50.818912506103516,49.83206558227539,49.41297912597656,49.55817794799805,49.52589797973633,48.85584259033203,47.99138259887695,47.31214141845703,46.80324935913086,46.27360916137695,45.374385833740234,44.44381332397461,44.19049072265625,44.192867279052734,43.46324920654297,41.63288879394531,39.32044982910156,37.81548309326172,37.55213165283203
60.987335205078125,60.66023254394531,60.804718017578125,60.40009689331055,59.046043395996094,57.69816207885742,57.46196746826172,58.41788101196289,59.80427932739258,60.88425827026367,61.284881591796875,61.02115249633789,60.3579216003418,59.5222282409668,58.76262664794922,58.26925277709961,57.86878967285156,57.31849670410156,56.514015197753906,55.32491683959961,53.71795654296875,52.10383987426758,50.981109619140625,50.31841278076172,49.612770080566406,48.728519439697266,48.02895736694336,47.87601852416992,48.21346664428711,48.51674270629883,48.226993560791016,47.47366714477539,46.67942810058594,45.99301528930664,45.42420196533203,44.69953536987305,43.76716613769531,43.147544860839844,43.07134246826172,42.529701232910156,40.944881439208984,38.573814392089844,37.26411819458008,36.898681640625
59.57876205444336,59.36009979248047,59.79250717163086,59.66001510620117,58.46142578125,57.03948974609375,56.541419982910156,57.346343994140625,58.940425872802734,60.42560958862305,61.20878982543945,61.25619888305664,60.75263977050781,59.877586364746094,58.90605163574219,58.02519989013672,57.12767791748047,56.14949035644531,55.0798225402832,53.69472885131836,51.92367935180664,50.223114013671875,49.04936599731445,48.28859329223633,47.54457092285156,46.895713806152344,46.65468215942383,46.83694076538086,47.22367858886719,47.59212112426758,47.6045036315918,47.09032440185547,46.2151985168457,45.277626037597656,44.58518981933594,43.95418930053711,43.11992263793945,42.29436492919922,41.95635223388672,41.418575286865234,39.96601104736328,37.83087158203125,36.523712158203125,36.19370651245117
58.63846206665039,58.52277374267578,59.165061950683594,59.1832275390625,58.15150451660156,56.963531494140625,56.57454299926758,57.362091064453125,58.86826705932617,60.20261001586914,60.92684555053711,61.013187408447266,60.532039642333984,59.666282653808594,58.603702545166016,57.31566619873047,55.77395248413086,54.242008209228516,52.95058822631836,51.659732818603516,50.1133918762207,48.58857727050781,47.40838623046875,46.47606658935547,45.723026275634766,45.432796478271484,45.69305419921875,46.16965103149414,46.57648468017578,46.90903091430664,47.0562744140625,46.75436019897461,45.89295959472656,44.71772003173828,43.820133209228516,43.19197463989258,42.34821319580078,41.38287353515625,40.7696533203125,40.23640060424805,38.84986114501953,37.130680084228516,35.715126037597656,35.467159271240234
58.50794219970703,58.42705535888672,59.04280090332031,59.0318717956543,58.06515884399414,57.17268753051758,57.10740280151367,57.90481948852539,59.180870056152344,60.123863220214844,60.317508697509766,59.99102020263672,59.42741012573242,58.734004974365234,57.74164962768555,56.13451385498047,54.08076477050781,52.19800567626953,50.82428741455078,49.69038009643555,48.479190826416016,47.282470703125,46.211063385009766,45.23405075073242,44.58887481689453,44.6032829284668,45.118228912353516,45.68260955810547,46.09467697143555,46.40488052368164,46.52439880371094,46.236045837402344,45.42721176147461,44.15455627441406,43.016624450683594,42.30441665649414,41.39280700683594,40.27191162109375,39.457698822021484,38.86930847167969,37.704898834228516,36.27935028076172,35.1427001953125,34.71753692626953
59.236488342285156,59.02775955200195,59.22700500488281,59.01546859741211,58.25413513183594,57.68038558959961,57.840518951416016,58.54227066040039,59.30535125732422,59.64439392089844,59.301578521728516,58.4819450378418,57.67424011230469,57.13504409790039,56.372005462646484,54.76268768310547,52.575923919677734,50.65212631225586,49.33476638793945,48.32672119140625,47.39227294921875,46.564388275146484,45.77132034301758,44.98030471801758,44.49383544921875,44.49270248413086,44.736114501953125,45.01882553100586,45.3531379699707,45.68027877807617,45.740806579589844,45.33958435058594,44.55960464477539,43.367286682128906,42.07174301147461,41.21622085571289,40.30385208129883,39.04229736328125,38.0459098815918,37.30858612060547,36.376461029052734,35.275264739990234,34.61054992675781,34.107357025146484
60.247459411621094,59.88983917236328,59.51628875732422,59.02735137939453,58.6012077331543,58.50209426879883,58.69417190551758,58.948944091796875,58.9765510559082,58.57697296142578,57.74690246582031,56.673484802246094,55.82151412963867,55.43149948120117,54.9526252746582,53.701786041259766,51.81026840209961,50.03813171386719,48.75969696044922,47.785736083984375,47.00560760498047,46.438270568847656,45.89162826538086,45.2703971862793,44.76846694946289,44.40922546386719,44.06108474731445,43.887088775634766,44.085723876953125,44.44071578979492,44.5124397277832,44.06291580200195,43.31755447387695,42.30314254760742,41.00611877441406,40.04005432128906,39.21311950683594,37.896934509277344,36.65061950683594,35.69462203979492,34.81096267700195,34.09406280517578,33.905574798583984,33.90337371826172
60.91010284423828,60.49956512451172,59.74067687988281,59.15108108520508,58.988014221191406,59.06251907348633,59.02739334106445,58.66879653930664,57.95292663574219,57.010284423828125,56.031593322753906,55.174564361572266,54.66250991821289,54.488887786865234,54.180118560791016,53.23886489868164,51.71046829223633,50.09564208984375,48.72819137573242,47.6063232421875,46.76426315307617,46.200469970703125,45.66990661621094,45.02227020263672,44.33087921142578,43.5791130065918,42.82549285888672,42.40587615966797,42.5025634765625,42.837703704833984,42.965877532958984,42.616329193115234,41.97151184082031,41.14569091796875,39.958526611328125,38.94489288330078,38.238502502441406,37.001686096191406,35.44400405883789,34.224571228027344,33.31732177734375,32.87996292114258,33.16781997680664,33.806549072265625
61.24699783325195,60.597412109375,59.742523193359375,59.315650939941406,59.168941497802734,58.852718353271484,58.31502914428711,57.63337326049805,56.754150390625,55.78721237182617,54.99850082397461,54.533653259277344,54.36892318725586,54.28373718261719,53.897579193115234,52.940608978271484,51.50372314453125,49.89555740356445,48.33485794067383,46.93989181518555,45.847145080566406,45.08301544189453,44.469970703125,43.811397552490234,42.995845794677734,42.043853759765625,41.23992156982422,40.889366149902344,40.991416931152344,41.286964416503906,41.46476364135742,41.303653717041016,40.83889389038086,40.192352294921875,39.15765380859375,38.091156005859375,37.419185638427734,36.38589096069336,34.69274139404297,33.19156265258789,32.27046203613281,31.95489501953125,32.42206954956055,33.338871002197266
61.3028450012207,60.261741638183594,59.487083435058594,59.175628662109375,58.74266815185547,57.95132064819336,57.202720642089844,56.69777297973633,56.21805191040039,55.60265350341797,54.937110900878906,54.41050338745117,54.09090805053711,53.744239807128906,53.04037094116211,51.89252853393555,50.45632553100586,48.86528396606445,47.142364501953125,45.45996856689453,44.08213424682617,43.14888000488281,42.5942497253418,42.10841369628906,41.3233528137207,40.34061050415039,39.657936096191406,39.52817916870117,39.795902252197266,40.167274475097656,40.37674331665039,40.342037200927734,40.08894729614258,39.6295166015625,38.73969268798828,37.572105407714844,36.771610260009766,36.01295852661133,34.56887435913086,32.87810516357422,31.811382293701172,31.484058380126953,31.748376846313477,32.444095611572266
60.993228912353516,59.78813171386719,59.10114288330078,58.72998046875,58.01659393310547,57.05508804321289,56.47903823852539,56.41079330444336,56.374664306640625,55.925926208496094,55.05640411376953,54.07090377807617,53.17757797241211,52.256526947021484,51.122310638427734,49.81654739379883,48.493614196777344,47.12548065185547,45.521785736083984,43.77963638305664,42.26618194580078,41.31090545654297,40.928443908691406,40.63335418701172,39.926292419433594,38.99186706542969,38.42682647705078,38.48896408081055,38.99702835083008,39.56574630737305,39.81541442871094,39.75645065307617,39.6263313293457,39.370845794677734,38.63812255859375,37.390281677246094,36.39108657836914,35.877235412597656,34.96723937988281,33.33636474609375,31.91973304748535,31.372312545776367,31.323360443115234,31.54425621032715
60.717288970947266,59.670745849609375,58.97612380981445,58.3828125,57.50261306762695,56.63054275512695,56.30524444580078,56.45365905761719,56.435516357421875,55.77939224243164,54.54524612426758,53.07394027709961,51.589054107666016,50.102745056152344,48.63005447387695,47.29341506958008,46.182186126708984,45.17633056640625,43.98051071166992,42.519683837890625,41.18301773071289,40.41701889038086,40.16561508178711,39.85407638549805,39.11576461791992,38.22815704345703,37.739402770996094,37.9279670715332,38.632694244384766,39.35970687866211,39.62450408935547,39.452728271484375,39.303707122802734,39.19831848144531,38.65989685058594,37.491939544677734,36.389713287353516,35.97862243652344,35.56843185424805,34.256492614746094,32.56292724609375,31.617286682128906,31.387208938598633,31.352333068847656
60.78646469116211,60.010902404785156,59.215232849121094,58.340660095214844,57.3287353515625,56.5095329284668,56.222660064697266,56.21641159057617,55.83905792236328,54.78316116333008,53.27909469604492,51.60595703125,49.80112075805664,47.93227767944336,46.25629806518555,44.995052337646484,44.15055847167969,43.54430389404297,42.842041015625,41.84290313720703,40.90885925292969,40.46345901489258,40.24422836303711,39.720726013183594,38.84298324584961,37.98261642456055,37.56842803955078,37.83533477783203,38.63005447387695,39.39472579956055,39.6304931640625,39.366607666015625,39.10383224487305,39.005428314208984,38.633235931396484,37.73391342163086,36.739471435546875,36.306724548339844,36.09400177001953,35.15692901611328,33.5598030090332,32.303001403808594,31.8361873626709,31.642948150634766
61.16069030761719,60.61909103393555,59.74461364746094,58.54039001464844,57.222137451171875,56.24406051635742,55.78241729736328,55.414554595947266,54.59115219116211,53.21825408935547,51.631874084472656,50.02522659301758,48.251914978027344,46.3107795715332,44.55171203613281,43.31497573852539,42.678009033203125,42.43708419799805,42.174537658691406,41.6705207824707,41.21907424926758,41.01395034790039,40.68636703491211,39.916786193847656,38.90160369873047,38.037811279296875,37.656272888183594,37.93716049194336,38.73895263671875,39.50188446044922,39.728397369384766,39.44351577758789,39.05549621582031,38.820068359375,38.500301361083984,37.92033386230469,37.2281608581543,36.7495231628418,36.48576354980469,35.79243087768555,34.49104690551758,33.13438415527344,32.20052719116211,31.669260025024414
