data/wind_data/wind_7_7.json
{"header": {"parameterUnit": "KT", "parameterCategory": 2, "nx": 256, "ny": 198, "lo1": 44.73521041870117, "la1": -3.236724853515625, "lo2": 111.26478576660156, "la2": 43.468475341796875, "dx": 0.2609002888202667, "dy": -0.23708222806453705, "refTime": "2025-02-19 07:00:00", "forecastTime": 0, "parameterNumber": 2, "parameterNumberName": "eastward_wind"}, "data":
[rows 20 to 39 of 198, columns 0 to 43 of 256]
-5.917232513427734,-5.515419006347656,-5.410759925842285,-5.595355033874512,-5.653316974639893,-5.408728122711182,-5.874012470245361,-6.6892619132995605,-6.8476176261901855,-7.000723838806152,-6.981389045715332,-6.331430435180664,-5.361690044403076,-4.45487642288208,-3.9514498710632324,-3.932349443435669,-3.8873541355133057,-3.9022059440612793,-4.170750617980957,-4.393377304077148,-4.135054111480713,-3.9910695552825928,-3.8065030574798584,-3.0734846591949463,-2.103466510772705,-0.8378147482872009,0.656501293182373,2.232814073562622,3.61837100982666,4.616692066192627,5.408442497253418,6.128362655639648,6.463860988616943,6.806041717529297,7.983032703399658,9.116028785705566,9.997258186340332,10.686331748962402,11.272525787353516,11.930837631225586,12.101974487304688,11.477887153625488,11.419535636901855,12.445292472839355
-6.535996437072754,-6.114036560058594,-7.172933578491211,-8.222418785095215,-7.520966053009033,-6.616011619567871,-5.900716304779053,-5.524909019470215,-5.410587310791016,-6.337428092956543,-7.050798416137695,-6.568829536437988,-5.610037803649902,-5.00386381149292,-4.765793323516846,-4.238327503204346,-3.197970390319824,-2.5545125007629395,-2.9199378490448,-3.3501951694488525,-2.696838617324829,-1.942130446434021,-1.393267273902893,-1.1911954879760742,-0.7232189178466797,0.32643821835517883,1.5907495021820068,3.0526115894317627,4.357028484344482,5.249051570892334,6.048374652862549,6.754854202270508,6.803741455078125,7.0271501541137695,7.350247383117676,6.562836170196533,6.4839653968811035,7.229691982269287,8.112052917480469,9.265996932983398,10.398530006408691,10.788702011108398,10.571033477783203,10.526442527770996
-7.5745320320129395,-7.216302871704102,-8.611903190612793,-9.480888366699219,-7.6198201179504395,-8.209787368774414,-6.627240180969238,-5.083410263061523,-4.276769161224365,-4.907976150512695,-5.784437656402588,-5.715007305145264,-5.0839152336120605,-4.73661994934082,-4.447394847869873,-3.6821939945220947,-2.7009458541870117,-2.181818723678589,-2.366361618041992,-2.438559055328369,-1.234145164489746,-0.052681729197502136,0.8896874785423279,1.4197148084640503,1.7623863220214844,2.2563469409942627,3.065889596939087,4.050281524658203,4.808928966522217,5.292130470275879,6.021265506744385,7.000182628631592,7.7132768630981445,7.940286159515381,6.4475226402282715,4.152070999145508,4.007161617279053,5.57125186920166,7.134796142578125,8.328994750976562,9.547996520996094,10.476049423217773,10.443984985351562,9.59351921081543
-8.506650924682617,-8.46365737915039,-9.241324424743652,-8.937996864318848,-6.447904109954834,-8.479549407958984,-7.519703388214111,-6.309854984283447,-5.289641857147217,-5.23408317565918,-5.233667850494385,-4.9655680656433105,-4.459196090698242,-3.7852747440338135,-2.8653066158294678,-1.8917655944824219,-1.2475838661193848,-1.0479915142059326,-0.8173941373825073,-0.21797224879264832,0.5787266492843628,1.423926830291748,2.4561350345611572,3.464677572250366,3.9761836528778076,4.194087982177734,4.582865238189697,5.044615268707275,5.455868244171143,5.796645164489746,6.309473037719727,7.09409761428833,7.739518642425537,7.008070945739746,4.670724868774414,3.5069756507873535,3.5501976013183594,4.289151191711426,5.138288497924805,5.7388200759887695,6.427925109863281,7.495273590087891,8.534269332885742,8.803807258605957
-9.224991798400879,-9.415383338928223,-9.477091789245605,-8.02673625946045,-5.360908508300781,-7.603692054748535,-7.098034858703613,-7.150548458099365,-6.996977806091309,-6.716590881347656,-5.577652931213379,-4.244548320770264,-3.218301773071289,-2.3153676986694336,-1.2263342142105103,-0.12428358942270279,0.7231433391571045,1.1620979309082031,1.2563244104385376,1.9569388628005981,2.0173349380493164,2.504434585571289,3.6592845916748047,4.662330627441406,5.076980113983154,5.201333522796631,5.375266075134277,5.586150169372559,5.850472450256348,6.0728325843811035,6.334468364715576,6.625605583190918,6.418216228485107,4.999454498291016,3.188394546508789,2.806291341781616,2.624269485473633,3.069890260696411,3.8127615451812744,4.569593906402588,5.324404716491699,6.436023712158203,7.609530925750732,8.159186363220215
-9.63525104522705,-9.541200637817383,-8.720441818237305,-6.612320899963379,-4.747905731201172,-6.693185806274414,-5.688260555267334,-5.611368179321289,-5.175593376159668,-4.823956489562988,-3.6974849700927734,-1.8754762411117554,-0.25651639699935913,0.7339669466018677,1.1773236989974976,1.6474709510803223,2.2094342708587646,2.8193752765655518,3.5857560634613037,3.931340456008911,4.115228176116943,4.457165241241455,5.118173599243164,5.711523532867432,5.876481533050537,5.705774307250977,5.393222332000732,5.401240825653076,5.732881546020508,6.036533832550049,6.480416774749756,6.729237079620361,5.8815765380859375,4.2519636154174805,2.5714709758758545,1.0949190855026245,1.1464028358459473,2.6271917819976807,3.7883667945861816,4.491397857666016,5.050317287445068,5.656880855560303,6.319913387298584,6.813211917877197
-9.449464797973633,-8.872990608215332,-7.647413730621338,-6.141661167144775,-6.300414562225342,-6.082387447357178,-4.517518997192383,-3.8855488300323486,-3.18792462348938,-2.7069404125213623,-1.8329570293426514,-0.3236638605594635,1.2349179983139038,2.0846774578094482,2.303537130355835,2.589632749557495,3.3971939086914062,4.261009693145752,5.30722713470459,6.359874248504639,6.937124252319336,6.647854804992676,6.278431415557861,6.256453514099121,6.296761512756348,6.086698532104492,5.763217449188232,5.7870564460754395,6.018543720245361,6.4113030433654785,7.066585540771484,7.444123268127441,6.676240921020508,5.01072883605957,2.5597565174102783,0.33702048659324646,0.8688675761222839,2.1650991439819336,3.2112460136413574,3.759133815765381,4.09943151473999,4.421841144561768,4.844236850738525,5.690018653869629
-8.488978385925293,-7.486974716186523,-7.165510654449463,-7.368160724639893,-7.990370273590088,-4.694218158721924,-3.1686110496520996,-2.6668896675109863,-2.6836962699890137,-2.5465922355651855,-1.8155604600906372,-0.39744067192077637,1.1164354085922241,1.7930980920791626,2.0246999263763428,2.641828775405884,3.755797863006592,5.073073863983154,6.192785263061523,6.843761444091797,7.060417175292969,6.671361446380615,6.132800579071045,5.966439723968506,6.123946666717529,6.2033796310424805,6.182251930236816,6.096810817718506,6.035580158233643,6.403528690338135,7.1056928634643555,7.513810634613037,7.107122421264648,5.587667465209961,3.0789666175842285,1.6472088098526,1.8535901308059692,2.190143346786499,2.6432158946990967,3.015855550765991,3.2533316612243652,3.399035692214966,3.8807220458984375,5.383697509765625
-7.1044182777404785,-5.975751876831055,-6.294412612915039,-7.013388156890869,-6.894953727722168,-3.07759428024292,-2.047701835632324,-2.048190116882324,-2.5396902561187744,-2.497196912765503,-1.6232349872589111,-0.3386702835559845,0.7930770516395569,1.529668927192688,2.0147972106933594,2.710239887237549,3.644942045211792,4.63014554977417,5.114447116851807,5.346700668334961,5.4947333335876465,5.402332305908203,5.134068489074707,5.1053080558776855,5.2162861824035645,5.277158737182617,5.1358842849731445,4.8343939781188965,4.800064563751221,5.316500186920166,6.122192859649658,6.5451178550720215,6.336495876312256,5.3422136306762695,3.936434745788574,3.4857122898101807,3.0469231605529785,2.59730863571167,2.181274890899658,1.7984567880630493,2.167410135269165,2.8939497470855713,4.103219985961914,5.658989906311035
-5.172423839569092,-4.21691370010376,-4.327651500701904,-4.426681995391846,-4.215549945831299,-2.7651588916778564,-2.0487771034240723,-1.979833960533142,-2.0807838439941406,-1.851757287979126,-0.7651333212852478,0.6995558142662048,1.501157283782959,1.894506573677063,2.2779667377471924,2.845625162124634,3.389310598373413,3.7606472969055176,4.106049060821533,4.4407219886779785,4.447439193725586,4.169236660003662,3.9550838470458984,3.9624359607696533,3.8630881309509277,3.8131744861602783,3.6247427463531494,3.4373910427093506,3.6698310375213623,4.276203632354736,5.034256458282471,5.496832370758057,5.530769348144531,5.187326431274414,4.894092082977295,4.7174859046936035,3.649676561355591,2.107268810272217,0.8730373978614807,0.4034633934497833,1.1617324352264404,2.629837989807129,4.337366580963135,5.165338516235352
-4.697281360626221,-3.2417070865631104,-3.092796802520752,-3.2402327060699463,-3.8005917072296143,-4.271487712860107,-3.6593453884124756,-3.2262089252471924,-2.449523448944092,-1.5798674821853638,-0.3286643326282501,1.2052582502365112,2.2349162101745605,2.510166645050049,2.576206684112549,2.875379800796509,3.3364245891571045,4.116421699523926,4.921058654785156,5.135700225830078,4.49948263168335,3.540531635284424,3.0036861896514893,2.916614532470703,2.819492816925049,3.101140022277832,3.4032952785491943,3.570746660232544,3.7708935737609863,4.024551868438721,4.580402851104736,5.12850284576416,5.258896827697754,5.189240455627441,5.416367053985596,4.814699649810791,3.0937421321868896,0.7439649701118469,-0.4971204698085785,-0.634929358959198,0.25938934087753296,1.9352773427963257,3.4656167030334473,3.8928613662719727
-5.88132381439209,-3.478106737136841,-2.990117073059082,-3.6970300674438477,-5.148594856262207,-5.922290802001953,-5.881176948547363,-5.2908406257629395,-3.9790709018707275,-2.4194726943969727,-0.8587139844894409,0.639400064945221,2.0984046459198,2.8573710918426514,2.9296562671661377,3.0177268981933594,3.494641065597534,4.52940559387207,5.77364444732666,6.114280700683594,5.046654224395752,3.6208655834198,2.9598758220672607,2.9007861614227295,2.978025197982788,3.497939348220825,4.009475231170654,4.212281227111816,4.214104652404785,4.09096622467041,4.237955093383789,4.655529975891113,4.846488952636719,4.789767265319824,4.513792514801025,3.1571693420410156,1.56717848777771,-0.48081037402153015,-1.2166979312896729,-1.2344048023223877,-0.6099324822425842,0.7699439525604248,2.0243282318115234,2.749169111251831
-8.380935668945312,-5.787911891937256,-4.36029577255249,-4.321562767028809,-5.280116081237793,-6.4076104164123535,-6.803400039672852,-6.296175479888916,-4.942671298980713,-2.9797725677490234,-1.1256201267242432,0.26019492745399475,1.6796661615371704,2.769624710083008,3.156080722808838,3.2311298847198486,3.8438851833343506,5.142469882965088,6.068228721618652,5.886746406555176,5.067261695861816,4.343709945678711,4.470937728881836,4.677379131317139,4.561267375946045,4.491461753845215,4.293229103088379,4.0176682472229,3.8091607093811035,3.6031458377838135,3.4436793327331543,3.566845417022705,3.751378297805786,3.3837594985961914,2.1103768348693848,0.8870572447776794,0.20162829756736755,-1.0083355903625488,-1.5340557098388672,-1.4895669221878052,-1.249982476234436,-0.38724303245544434,0.568518877029419,1.1506458520889282
-12.012063026428223,-9.763431549072266,-7.77139949798584,-6.369470596313477,-6.013251781463623,-6.480807304382324,-6.445611953735352,-5.6848907470703125,-4.360557556152344,-2.4466090202331543,-0.8715726137161255,0.15577925741672516,0.9980299472808838,1.913848638534546,2.7006146907806396,3.2484395503997803,4.1527018547058105,5.153696537017822,5.202798843383789,4.779719352722168,4.631019592285156,4.997408390045166,5.713891983032227,5.809909820556641,5.078950881958008,4.179056167602539,3.2018070220947266,2.6561951637268066,2.701869249343872,2.6850051879882812,2.3397114276885986,2.1890647411346436,2.1577625274658203,1.295637845993042,-0.25744864344596863,-0.41511765122413635,-0.6082021594047546,-1.180166244506836,-1.9478567838668823,-2.1053988933563232,-1.8779321908950806,-1.3860188722610474,-1.0881632566452026,-1.3321449756622314
-12.946858406066895,-11.240159034729004,-9.505558013916016,-7.786263942718506,-6.852362155914307,-6.6217570304870605,-6.069060802459717,-4.999165058135986,-3.506418466567993,-1.7644776105880737,-0.7750415802001953,-0.5945847630500793,-0.4070045053958893,0.33333632349967957,1.4362635612487793,2.4524664878845215,3.274674654006958,3.5933780670166016,3.590707778930664,3.540735960006714,4.083078861236572,4.832233905792236,5.129482269287109,4.90092134475708,4.056805610656738,3.0592281818389893,1.969224452972412,1.6064743995666504,1.9894664287567139,2.187366247177124,1.9146058559417725,1.5511270761489868,0.9343649744987488,-0.1110055074095726,-1.0950701236724854,-1.0154788494110107,-1.4765006303787231,-1.8562196493148804,-2.7315471172332764,-3.0637004375457764,-2.802460193634033,-2.4874660968780518,-2.480036973953247,-2.783478021621704
-11.818963050842285,-10.854089736938477,-9.191290855407715,-7.563590049743652,-7.247803211212158,-7.131719589233398,-6.420604228973389,-5.525553226470947,-4.168886184692383,-2.8531172275543213,-2.5208020210266113,-2.7955751419067383,-2.6048545837402344,-1.6373616456985474,-0.3423958122730255,0.6596975922584534,1.0729999542236328,1.1019424200057983,1.2712351083755493,1.697363257408142,2.728356122970581,3.3184711933135986,3.2143373489379883,3.018629312515259,2.729231834411621,2.193743944168091,1.6718982458114624,1.7430906295776367,2.0950965881347656,2.6041018962860107,2.6861393451690674,1.9338948726654053,0.7400442361831665,-0.26534056663513184,-0.9719935655593872,-1.7813204526901245,-2.4740986824035645,-2.8183467388153076,-3.482513189315796,-3.9295034408569336,-3.92635440826416,-3.7236454486846924,-3.570037603378296,-3.413231611251831
-11.622838973999023,-10.814798355102539,-9.296740531921387,-8.230770111083984,-8.728925704956055,-8.267295837402344,-7.631443977355957,-6.92072868347168,-5.960886001586914,-5.192928314208984,-5.084207057952881,-4.901766777038574,-4.2584428787231445,-3.2304840087890625,-2.183353900909424,-1.3420473337173462,-0.831787109375,-0.6870239973068237,-0.46739432215690613,0.19227895140647888,0.6088788509368896,0.8167206645011902,0.8335224390029907,1.2151250839233398,1.8127084970474243,1.9837180376052856,2.1687369346618652,2.291210174560547,2.227923631668091,2.5618698596954346,2.7332494258880615,1.8284406661987305,0.6016212105751038,-0.26094481348991394,-0.9213979244232178,-2.1990232467651367,-2.692986011505127,-2.8335297107696533,-3.379685163497925,-4.358000755310059,-4.990821361541748,-5.173706531524658,-5.160484313964844,-4.891016483306885
-11.795731544494629,-10.667769432067871,-9.616271018981934,-9.533102989196777,-10.748785972595215,-10.74248218536377,-9.752094268798828,-8.573132514953613,-7.488332271575928,-6.925556182861328,-6.717525482177734,-6.257596015930176,-5.555864334106445,-4.710806369781494,-3.8186135292053223,-2.7913246154785156,-1.8115428686141968,-1.2022548913955688,-0.7222704291343689,-0.10197675228118896,-0.130178764462471,-0.27911821007728577,-0.07960581034421921,0.9412201642990112,2.1987664699554443,2.7514495849609375,2.800053834915161,2.3724966049194336,2.1209216117858887,2.062922716140747,2.00899600982666,0.9639734625816345,-0.15717102587223053,-0.6978834867477417,-1.174569845199585,-2.0002760887145996,-2.5126025676727295,-2.877556800842285,-3.5334532260894775,-4.844573974609375,-5.960969924926758,-6.505105972290039,-6.6389970779418945,-5.966972351074219
-11.34306812286377,-10.015896797180176,-9.306848526000977,-9.391579627990723,-10.94868278503418,-11.978062629699707,-11.240166664123535,-9.876956939697266,-8.728282928466797,-8.096725463867188,-7.716115951538086,-7.307615280151367,-6.880005836486816,-6.293791770935059,-5.314394950866699,-3.905081033706665,-2.3399698734283447,-1.0579012632369995,-0.2921440899372101,0.24523623287677765,0.41466954350471497,0.24800200760364532,0.6735439300537109,1.7353367805480957,2.7187585830688477,3.16843581199646,3.1585118770599365,2.594453811645508,2.464712619781494,2.0642006397247314,1.8068344593048096,0.7316144108772278,-0.5269116163253784,-0.9374501705169678,-1.1996060609817505,-1.737021565437317,-2.748812198638916,-3.5773565769195557,-4.356638431549072,-5.467495918273926,-6.407495021820068,-7.072324275970459,-7.101878643035889,-6.0720648765563965
-10.585868835449219,-9.554915428161621,-8.738385200500488,-8.56730842590332,-10.772239685058594,-11.991349220275879,-11.477012634277344,-10.299230575561523,-9.42282772064209,-8.73531723022461,-8.176030158996582,-7.809796333312988,-7.791751384735107,-7.642782211303711,-6.7456746101379395,-5.318318843841553,-3.7504069805145264,-2.2402989864349365,-1.0502345561981201,-0.2518848180770874,0.10743571072816849,0.16500313580036163,0.9914963841438293,2.008883476257324,2.1080713272094727,2.3843753337860107,3.087552309036255,3.1127586364746094,2.722290277481079,1.9936764240264893,1.0975087881088257,0.46794041991233826,-0.9424223899841309,-1.2416681051254272,-1.212730884552002,-1.8689881563186646,-3.023674249649048,-3.908165454864502,-4.661248207092285,-5.555858612060547,-6.284493923187256,-6.6597514152526855,-6.431725025177002,-5.590796947479248
