data/wind_data/wind_Surface_25.json
{"header": {"parameterUnit": "KT", "parameterCategory": 2, "nx": 255, "ny": 198, "lo1": 44.73521041870117, "la1": -3.236724853515625, "lo2": 111.26478576660156, "la2": 43.468475341796875, "dx": 0.26192745566368103, "dy": -0.23708222806453705, "refTime": "2025-02-20 01:00:00", "forecastTime": 0, "parameterNumber": 2, "parameterNumberName": "eastward_wind"}, "data":
[rows 171 to 189 of 198, columns 43 to 85 of 255]
-9.060452461242676,-9.340582847595215,-7.543674945831299,-4.456152439117432,2.2105491161346436,9.385632514953613,9.852765083312988,2.5347676277160645,-4.171710014343262,-5.634200096130371,-6.1649699211120605,-7.7845234870910645,-9.092802047729492,-9.65733814239502,-9.471714973449707,-9.30970573425293,-9.190347671508789,-8.916799545288086,-8.146648406982422,-8.000639915466309,-7.652588844299316,-7.966528415679932,-7.423940181732178,-6.347445011138916,-5.89043664932251,-5.631034851074219,-5.3104023933410645,-4.892263889312744,-4.264479637145996,-3.8284456729888916,-3.4607083797454834,-3.2746853828430176,-3.195643663406372,-3.352975368499756,-3.7625296115875244,-4.2798051834106445,-4.948078632354736,-5.754205226898193,-5.202246189117432,-4.711770057678223,-3.261685609817505,0.35532069206237793,0.08408436924219131
-7.3134026527404785,-7.86106538772583,-4.505163192749023,0.4328598380088806,6.386234760284424,7.772757053375244,-0.041040632873773575,-7.678651332855225,-8.519194602966309,-8.365942001342773,-8.89367961883545,-9.331583023071289,-9.750925064086914,-9.857352256774902,-8.74610710144043,-8.532283782958984,-9.07018756866455,-9.046969413757324,-8.945545196533203,-8.474444389343262,-7.416255950927734,-7.072031021118164,-6.9177422523498535,-6.165853500366211,-5.8100361824035645,-5.795036792755127,-5.762461185455322,-5.489506244659424,-4.463259696960449,-3.682858943939209,-3.272783041000366,-3.19296932220459,-3.7628891468048096,-4.0267014503479,-3.433640956878662,-3.103792667388916,-3.0298070907592773,-3.186757802963257,-3.4046802520751953,-4.205270767211914,-4.907624244689941,-3.496227741241455,-4.244495868682861
-2.948213815689087,-3.038912296295166,0.9462215304374695,3.4063799381256104,0.7560241222381592,-5.398318767547607,-9.175786972045898,-9.733872413635254,-9.157285690307617,-9.563984870910645,-9.75750732421875,-9.98332405090332,-10.334077835083008,-10.381295204162598,-9.576913833618164,-9.529805183410645,-9.479626655578613,-9.387309074401855,-9.220345497131348,-8.92210578918457,-8.514176368713379,-7.579116344451904,-7.046018600463867,-6.569550514221191,-6.511132717132568,-6.3923420906066895,-6.105836868286133,-5.332205295562744,-3.9898948669433594,-2.936321258544922,-2.767828941345215,-3.467007637023926,-4.065582752227783,-3.4996321201324463,-2.409970283508301,-2.0036609172821045,-1.6581279039382935,-0.9486550688743591,-1.2381312847137451,-3.723512887954712,-5.236039161682129,-4.469458103179932,-5.86060094833374
2.095461845397949,0.9735024571418762,-1.390421986579895,-6.441211223602295,-8.961308479309082,-9.60763168334961,-9.135873794555664,-9.358083724975586,-9.986174583435059,-10.323714256286621,-10.45047664642334,-10.701481819152832,-10.519156455993652,-9.834656715393066,-9.909773826599121,-9.640250205993652,-9.508264541625977,-9.460044860839844,-8.619528770446777,-7.758153915405273,-7.936577796936035,-7.834533214569092,-7.599151134490967,-7.366100311279297,-6.927361488342285,-6.465691566467285,-5.937016010284424,-4.683773517608643,-3.3036434650421143,-2.374338388442993,-2.712834358215332,-3.8199191093444824,-3.9115889072418213,-2.6244871616363525,-1.5059775114059448,-1.1785091161727905,-1.1702330112457275,-0.9486237168312073,-0.9587358236312866,-2.0342578887939453,-3.026848793029785,-4.3993096351623535,-4.736927509307861
-0.4581441581249237,-4.390969753265381,-7.586808681488037,-9.055892944335938,-8.595252990722656,-8.90380859375,-9.19076156616211,-9.536368370056152,-10.15202808380127,-10.043020248413086,-9.452250480651855,-9.55913257598877,-9.657732963562012,-9.480304718017578,-9.500454902648926,-9.099142074584961,-9.04242992401123,-9.104474067687988,-8.7073392868042,-8.295915603637695,-7.866049289703369,-7.686173915863037,-7.835258960723877,-7.571627616882324,-6.8534746170043945,-6.23511266708374,-5.399384021759033,-4.105836868286133,-2.89064884185791,-2.5200917720794678,-3.403687000274658,-4.125857353210449,-3.3115227222442627,-1.64753258228302,-0.52861487865448,-0.08266271650791168,0.22089889645576477,-0.6128320097923279,-3.445181131362915,-5.01725435256958,-4.880614280700684,-5.46195125579834,-4.589935779571533
-6.193199634552002,-7.6832170486450195,-9.627195358276367,-9.719799995422363,-10.21763801574707,-10.880051612854004,-11.22032356262207,-11.149932861328125,-10.6320219039917,-10.331639289855957,-10.433206558227539,-10.24023723602295,-9.896323204040527,-10.041484832763672,-9.21497631072998,-8.59865665435791,-9.00938606262207,-9.188557624816895,-8.874692916870117,-8.693060874938965,-8.447290420532227,-8.06608772277832,-7.790980339050293,-7.214231491088867,-6.488829135894775,-5.853734493255615,-4.896533966064453,-3.809295177459717,-3.184352159500122,-3.4410665035247803,-3.971940279006958,-3.7700185775756836,-2.445492744445801,-0.8177931904792786,0.36695486307144165,0.8394113779067993,0.04486093297600746,-1.2447938919067383,-3.3398702144622803,-5.2699503898620605,-5.296337604522705,-3.8729381561279297,-2.855459451675415
-8.355380058288574,-8.558780670166016,-9.247186660766602,-9.816313743591309,-9.87592601776123,-9.907736778259277,-10.36181926727295,-11.204944610595703,-10.5441312789917,-9.2984619140625,-9.598868370056152,-10.469216346740723,-10.559648513793945,-10.125718116760254,-9.134262084960938,-8.449809074401855,-8.82631778717041,-9.297130584716797,-8.77103328704834,-8.442159652709961,-8.531652450561523,-8.20594596862793,-7.534992694854736,-6.573845386505127,-5.848735332489014,-5.364401817321777,-4.7501959800720215,-4.312831401824951,-4.114202499389648,-4.166937828063965,-3.9460439682006836,-2.9784812927246094,-1.4400784969329834,0.1042150929570198,1.0601915121078491,-0.6674595475196838,-3.712376117706299,-4.12966251373291,-2.9050188064575195,-3.4382476806640625,-3.1534204483032227,-1.8536567687988281,-1.1752516031265259
-11.062623023986816,-9.66810417175293,-8.696788787841797,-8.910679817199707,-9.377979278564453,-9.35886287689209,-9.401530265808105,-9.674206733703613,-9.92567253112793,-10.227740287780762,-10.230923652648926,-10.270430564880371,-10.2944917678833,-9.840806007385254,-8.948810577392578,-8.057458877563477,-8.119610786437988,-8.278024673461914,-7.9142069816589355,-7.65551233291626,-7.746739387512207,-7.67462682723999,-6.953457832336426,-5.957730770111084,-5.256356239318848,-5.0265069007873535,-5.080472469329834,-4.874951362609863,-4.6479387283325195,-4.466456413269043,-3.74627947807312,-2.3999531269073486,-0.7582184076309204,0.6251931190490723,0.028269998729228973,-2.552933931350708,-4.445289134979248,-4.176616191864014,-2.454288959503174,-2.083256244659424,-2.551868200302124,-2.124689817428589,-1.9590035676956177
-12.560853958129883,-10.193251609802246,-7.955830097198486,-8.0137939453125,-9.084972381591797,-9.30515193939209,-9.52250862121582,-10.457411766052246,-10.546274185180664,-9.991094589233398,-9.51678466796875,-9.542842864990234,-9.893533706665039,-9.003549575805664,-7.883764266967773,-6.991549015045166,-6.922938346862793,-7.116623878479004,-7.189805030822754,-7.321850299835205,-7.4023332595825195,-7.060754299163818,-6.1390581130981445,-5.231137275695801,-4.780075550079346,-5.015613079071045,-5.320969581604004,-5.063929557800293,-4.826692581176758,-4.4664225578308105,-3.7998154163360596,-2.743133068084717,-1.2289743423461914,-0.5656436085700989,-2.491672992706299,-4.868100166320801,-4.944016456604004,-4.924035549163818,-5.128909587860107,-4.877110004425049,-5.346524238586426,-5.842515468597412,-4.567541122436523
-11.491522789001465,-10.060835838317871,-7.965146541595459,-7.934872150421143,-8.935535430908203,-10.37157154083252,-10.745278358459473,-10.309065818786621,-9.801053047180176,-9.2646484375,-9.131112098693848,-9.236504554748535,-8.962581634521484,-7.986931324005127,-6.79182243347168,-6.212592601776123,-6.3338165283203125,-6.599499702453613,-6.936870574951172,-7.274887561798096,-7.149147033691406,-6.423432350158691,-5.373874187469482,-4.604111194610596,-4.477512359619141,-4.574689865112305,-5.167492866516113,-4.974795341491699,-4.982112884521484,-4.743271350860596,-4.151965618133545,-3.0670764446258545,-2.014348030090332,-1.4836431741714478,-2.9953060150146484,-5.543665885925293,-6.015136241912842,-5.735692977905273,-5.535186290740967,-5.007577896118164,-4.526372909545898,-3.7657599449157715,-3.3997931480407715
-9.337993621826172,-8.206425666809082,-7.3212103843688965,-7.682919025421143,-8.067523956298828,-9.477090835571289,-10.234360694885254,-9.623784065246582,-9.186649322509766,-8.727326393127441,-8.839003562927246,-8.677963256835938,-8.086100578308105,-7.143004894256592,-6.292487621307373,-5.960120677947998,-6.131885051727295,-6.440872669219971,-6.7747626304626465,-6.929651737213135,-6.536997318267822,-5.68363618850708,-4.7862067222595215,-4.278118133544922,-4.594531059265137,-4.924508094787598,-5.163572311401367,-5.0341386795043945,-4.975536346435547,-4.847410202026367,-4.2589311599731445,-3.1566526889801025,-2.108217716217041,-1.7364197969436646,-3.0531563758850098,-5.494257926940918,-5.863827705383301,-5.16379976272583,-4.311539173126221,-3.3942997455596924,-3.6536240577697754,-2.31868577003479,0.17944303154945374
-7.564064025878906,-6.636699199676514,-6.622377395629883,-7.918466091156006,-7.714282035827637,-8.079113960266113,-9.144495010375977,-8.724624633789062,-8.123472213745117,-8.098908424377441,-8.144251823425293,-7.842653751373291,-7.219494342803955,-6.455431938171387,-5.933350563049316,-5.647277355194092,-5.881376266479492,-6.306407928466797,-6.5828962326049805,-6.532209873199463,-5.959961414337158,-5.052028179168701,-4.365660190582275,-4.404346942901611,-4.966524124145508,-5.1620707511901855,-4.976436614990234,-4.715806007385254,-5.052902698516846,-6.009932994842529,-4.889476776123047,-2.8960392475128174,-1.758874535560608,-1.8412001132965088,-3.2788143157958984,-5.278937339782715,-5.114929676055908,-3.7400476932525635,-2.6694393157958984,-2.619143486022949,-1.7881659269332886,0.5502963066101074,3.8183701038360596
-5.551475524902344,-5.565202236175537,-7.812570095062256,-8.815787315368652,-7.01810884475708,-6.9906535148620605,-8.086909294128418,-8.020577430725098,-7.490421295166016,-7.492459774017334,-7.521541595458984,-7.070714473724365,-6.518830299377441,-5.90212869644165,-5.537606239318848,-5.38352632522583,-5.730399131774902,-6.194189548492432,-6.309865951538086,-6.038890838623047,-5.405692100524902,-4.4813666343688965,-4.071060657501221,-5.040757179260254,-5.350385665893555,-5.303512096405029,-4.807644844055176,-4.785755157470703,-6.18697452545166,-5.734407901763916,-4.689698696136475,-2.3122403621673584,-1.507375955581665,-2.045656681060791,-3.1378884315490723,-4.273941516876221,-3.94099497795105,-2.4969496726989746,-1.7686848640441895,-1.4176466464996338,-0.1690797060728073,2.3193655014038086,4.549442291259766
-4.154031276702881,-7.578312397003174,-9.81820011138916,-8.517062187194824,-6.610584735870361,-6.551636219024658,-7.0586371421813965,-7.1713080406188965,-6.8823723793029785,-6.938321590423584,-6.8864665031433105,-6.607569217681885,-6.196632385253906,-5.7758636474609375,-5.3330464363098145,-5.189396381378174,-5.485053539276123,-5.842066287994385,-5.898618221282959,-5.509487152099609,-4.751971244812012,-3.9240684509277344,-3.6319024562835693,-4.35575008392334,-5.429125785827637,-5.331839561462402,-4.327634334564209,-5.412197589874268,-6.348213195800781,-5.689803600311279,-3.3322081565856934,-1.4970242977142334,-1.4031062126159668,-2.530917167663574,-3.6906814575195312,-4.3184332847595215,-4.006160259246826,-2.0477981567382812,0.2387501448392868,1.4379124641418457,1.991937518119812,2.838510036468506,3.6605753898620605
-6.003289222717285,-10.216858863830566,-9.16706371307373,-6.834028720855713,-5.509827613830566,-6.286590099334717,-6.384369373321533,-5.545719146728516,-5.362733840942383,-6.091675758361816,-6.230524063110352,-6.717212200164795,-5.940426349639893,-5.471417427062988,-4.946039199829102,-4.665923118591309,-5.104684352874756,-5.625068187713623,-5.728408336639404,-5.048121929168701,-4.243799686431885,-3.438946485519409,-3.220883846282959,-4.16956901550293,-5.2852864265441895,-5.134736061096191,-4.329642295837402,-5.150805950164795,-5.684198379516602,-4.927968502044678,-3.3106820583343506,-2.474461555480957,-2.4273223876953125,-3.565032958984375,-4.499384880065918,-4.284108638763428,-2.6909775733947754,-1.0331884622573853,0.21356581151485443,1.0304131507873535,1.2990338802337646,1.6125105619430542,1.9979389905929565
-7.916325092315674,-9.291619300842285,-6.60686731338501,-4.572434902191162,-3.619065284729004,-5.004439353942871,-5.377575397491455,-6.465803623199463,-5.933393478393555,-5.897551536560059,-5.907832622528076,-5.670838356018066,-5.870208740234375,-4.731864929199219,-4.360325336456299,-4.581432342529297,-5.528397083282471,-5.541128635406494,-5.169455051422119,-4.561575889587402,-3.873824119567871,-3.2335891723632812,-3.2952969074249268,-4.41358757019043,-5.321294784545898,-4.868985176086426,-3.910844087600708,-3.6700057983398438,-3.97385573387146,-3.844906806945801,-3.511483669281006,-3.397489547729492,-3.10659122467041,-3.2297768592834473,-3.2875218391418457,-2.818186044692993,-1.2116001844406128,-0.26180940866470337,-0.3480091094970703,-0.7497008442878723,-0.17822854220867157,0.8893235325813293,1.2483772039413452
-6.3607940673828125,-6.540597915649414,-5.362275123596191,-3.392667531967163,-1.996474266052246,-3.110138177871704,-5.085357666015625,-5.556114196777344,-5.797891616821289,-5.943023204803467,-5.5170769691467285,-5.302191734313965,-4.8757853507995605,-4.425817489624023,-4.400672912597656,-5.0695576667785645,-5.637300491333008,-5.662503242492676,-4.873077869415283,-4.14292049407959,-3.364722967147827,-3.1790127754211426,-3.8560500144958496,-4.965857982635498,-5.28723669052124,-4.498199462890625,-3.3521971702575684,-2.377748727798462,-2.4681456089019775,-2.5786490440368652,-3.08471941947937,-3.3516812324523926,-2.6436450481414795,-1.5340549945831299,-0.7032712697982788,-0.48331305384635925,-0.06419827044010162,0.35890090465545654,-0.1754377782344818,-1.062312126159668,-0.590237557888031,0.3280576765537262,0.9528291821479797
-5.074639797210693,-5.195387363433838,-5.340972900390625,-3.5738625526428223,-1.5656481981277466,-2.508479595184326,-5.602721214294434,-6.505515098571777,-5.826697826385498,-5.434706687927246,-5.688497543334961,-5.152418613433838,-5.090475082397461,-5.026585578918457,-5.338666915893555,-5.966526031494141,-6.773136138916016,-6.370537281036377,-5.363290786743164,-4.076014041900635,-3.0678281784057617,-3.3961803913116455,-4.44270133972168,-5.208224296569824,-5.076507568359375,-4.41180944442749,-3.546598434448242,-2.340113878250122,-2.1550750732421875,-2.2182624340057373,-2.495455503463745,-3.0882694721221924,-2.95430850982666,-1.8033677339553833,-1.207285761833191,-1.4467580318450928,-1.3397711515426636,-0.9893404245376587,-1.3387057781219482,-1.788714051246643,-0.9968883395195007,0.30956554412841797,1.1955941915512085
-4.168009281158447,-4.553330421447754,-4.77550745010376,-4.522014141082764,-3.0738353729248047,-4.018476963043213,-7.440800189971924,-6.802936553955078,-6.104063510894775,-5.414908409118652,-5.174009323120117,-4.531603813171387,-5.070250034332275,-5.755446434020996,-6.056588172912598,-6.664991855621338,-7.92142391204834,-7.318767547607422,-5.581613540649414,-2.5765655040740967,-2.0788087844848633,-3.2788174152374268,-4.580028057098389,-5.339325428009033,-5.268461227416992,-4.337743759155273,-3.80147385597229,-3.8999154567718506,-4.32100772857666,-4.442076683044434,-4.434629440307617,-4.351785182952881,-3.979677200317383,-3.447993040084839,-2.803555965423584,-2.189765453338623,-1.6888079643249512,-1.3201537132263184,-1.4177778959274292,-1.5371872186660767,-0.8774024844169617,0.30354809761047363,1.4375537633895874
