data/wind_data/wind_5_7.json
{"header": {"parameterUnit": "KT", "parameterCategory": 2, "nx": 256, "ny": 198, "lo1": 44.73521041870117, "la1": -3.236724853515625, "lo2": 111.26478576660156, "la2": 43.468475341796875, "dx": 0.2609002888202667, "dy": -0.23708222806453705, "refTime": "2025-02-19 05:00:00", "forecastTime": 0, "parameterNumber": 2, "parameterNumberName": "eastward_wind"}, "data":
[rows 140 to 159 of 198, columns 88 to 131 of 256]
92.73731231689453,93.46649169921875,95.57256317138672,98.03826141357422,98.70862579345703,97.64815521240234,96.17282104492188,94.8428955078125,93.54210662841797,92.49674987792969,91.99473571777344,91.96919250488281,91.92123413085938,91.16204071044922,90.08284759521484,89.6055679321289,90.13712310791016,91.25911712646484,92.23384857177734,92.59781646728516,92.40048217773438,91.85581970214844,91.19590759277344,90.89225006103516,91.24844360351562,91.92008972167969,92.41694641113281,92.55191040039062,92.52434539794922,92.77825927734375,93.43067932128906,94.02445983886719,94.11312103271484,93.86814880371094,93.7568359375,93.89466094970703,94.05780029296875,93.94009399414062,93.22445678710938,92.0167007446289,91.00679016113281,90.23881530761719,89.42642211914062,89.59268951416016
90.46675109863281,90.54067993164062,91.1679916381836,92.96925354003906,94.40074157714844,94.47510528564453,93.76622009277344,92.81278991699219,91.9530029296875,91.50804901123047,91.4052505493164,91.3318862915039,91.02783203125,90.37821197509766,89.52571105957031,88.94432067871094,89.13636016845703,89.98902130126953,90.74855041503906,90.88101196289062,90.58997344970703,90.23479461669922,90.03998565673828,90.18568420410156,90.62670135498047,91.0230712890625,91.18354797363281,91.16011047363281,91.23029327392578,91.67076110839844,92.36338806152344,92.9595718383789,93.27538299560547,93.4815902709961,93.6795654296875,93.7525405883789,93.82237243652344,93.26875305175781,91.58047485351562,90.15045166015625,89.55547332763672,88.90910339355469,88.45213317871094,89.28140258789062
89.47440338134766,88.22489166259766,87.59761047363281,88.16407012939453,89.26917266845703,90.24494934082031,90.51374816894531,90.19792175292969,89.78569793701172,89.78073120117188,89.97413635253906,89.91613006591797,89.6423110961914,89.31026458740234,88.83964538574219,88.45853424072266,88.67972564697266,89.41865539550781,89.93523406982422,89.78812408447266,89.37364196777344,89.19495391845703,89.33761596679688,89.70475006103516,90.02363586425781,90.17581939697266,90.12747955322266,90.06097412109375,90.3322982788086,90.99031829833984,91.72562408447266,92.33238220214844,92.7560043334961,93.07088470458984,93.25897216796875,93.03070831298828,92.73395538330078,91.86800384521484,89.96040344238281,88.88301086425781,88.82780456542969,88.5178451538086,88.62187194824219,89.67191314697266
88.61288452148438,86.61778259277344,85.11712646484375,84.92552185058594,85.50074768066406,86.37997436523438,87.103759765625,87.40634155273438,87.43941497802734,87.33792877197266,87.16913604736328,87.04509735107422,87.05833435058594,87.08670043945312,87.05541229248047,87.2197494506836,87.75260162353516,88.46490478515625,88.87092590332031,88.80235290527344,88.65546417236328,88.70435333251953,88.89928436279297,89.18846130371094,89.440673828125,89.5469741821289,89.43134307861328,89.3590316772461,89.7654800415039,90.5481948852539,91.2108154296875,91.67132568359375,92.1648941040039,92.70072937011719,92.93750762939453,92.3679428100586,91.36873626708984,90.24556732177734,88.82673645019531,88.352783203125,88.84793090820312,89.03759765625,89.36566925048828,89.98162841796875
87.83451843261719,85.99952697753906,84.04259490966797,83.05170440673828,83.25916290283203,83.87584686279297,84.44064331054688,84.68394470214844,84.53580474853516,84.28630828857422,83.90455627441406,83.43548583984375,83.26848602294922,83.52400207519531,84.21358489990234,85.09784698486328,85.98299407958984,86.90943145751953,87.56526947021484,87.84048461914062,88.08280944824219,88.34082794189453,88.5880126953125,88.84966278076172,89.06295013427734,89.04317474365234,88.84564208984375,88.85780334472656,89.29081726074219,89.86094665527344,90.20873260498047,90.61495208740234,91.32772064208984,91.95799255371094,92.13275146484375,91.45861053466797,90.25341033935547,89.36237335205078,88.59444427490234,88.07426452636719,88.52096557617188,89.56698608398438,90.38884735107422,90.3272476196289
85.72510528564453,83.67451477050781,81.56619262695312,80.56963348388672,80.93504333496094,81.70581817626953,82.0467758178711,81.75003051757812,81.49468231201172,81.53167724609375,81.0077896118164,80.03581237792969,79.46044921875,79.84278869628906,81.1440200805664,82.73410034179688,84.1565933227539,85.3548355102539,86.223388671875,86.73555755615234,87.0767822265625,87.44586181640625,87.93644714355469,88.38265228271484,88.44733428955078,88.14366149902344,87.84355163574219,87.82603454589844,88.09896087646484,88.4681396484375,88.77052307128906,89.25852966308594,90.02600860595703,90.52222442626953,90.37953186035156,89.80752563476562,89.30352783203125,88.93453979492188,88.28659057617188,87.53282928466797,87.83805847167969,89.50808715820312,90.78043365478516,90.17070007324219
81.58309936523438,78.94155883789062,77.67188262939453,77.87538146972656,78.83365631103516,79.59526062011719,79.40711975097656,78.74295043945312,78.79914093017578,79.10391998291016,78.5241928100586,77.44539642333984,76.79715728759766,77.25159454345703,78.79339599609375,80.75630187988281,82.49588012695312,83.7272720336914,84.40377807617188,84.69341278076172,84.98995208740234,85.69540405273438,86.64659881591797,87.06414794921875,86.63823699951172,85.97148132324219,85.60213470458984,85.58399200439453,85.92838287353516,86.5831069946289,87.25164794921875,87.68679809570312,87.9079360961914,87.8712158203125,87.53019714355469,87.42993927001953,87.8035659790039,87.76193237304688,87.08052062988281,86.52140808105469,86.88674926757812,88.40735626220703,89.52496337890625,88.64020538330078
76.15174102783203,73.23562622070312,73.55290222167969,75.26872253417969,76.50153350830078,76.73481750488281,76.11888122558594,75.60413360595703,75.93582153320312,76.38429260253906,76.32504272460938,75.84268951416016,75.38002014160156,75.69883728027344,77.06382751464844,78.9752197265625,80.66619110107422,81.58335876464844,81.78882598876953,81.83419799804688,82.22756958007812,83.16560363769531,84.16268157958984,84.36027526855469,83.75409698486328,83.0582046508789,82.5842514038086,82.55746459960938,83.27055358886719,84.41487121582031,85.36088562011719,85.65245056152344,85.21598815917969,84.5027847290039,84.10955810546875,84.42652130126953,85.05825805664062,85.18758392333984,84.96644592285156,84.81230926513672,85.0168685913086,86.25157165527344,87.4246826171875,86.88691711425781
69.90074157714844,68.24998474121094,70.0753173828125,72.49119567871094,73.69771575927734,73.6917495727539,73.02259826660156,72.79601287841797,73.33269500732422,73.98519134521484,74.36615753173828,74.32536315917969,74.24374389648438,74.83659362792969,76.10162353515625,77.53659057617188,78.61460876464844,78.94645690917969,78.81539916992188,78.8189697265625,79.27864837646484,80.112548828125,80.84687805175781,81.01025390625,80.78231811523438,80.3575668334961,79.89872741699219,80.30987548828125,81.43476867675781,82.3346176147461,82.92545318603516,83.03498077392578,82.1912841796875,81.06061553955078,80.6832275390625,81.07147979736328,81.76573181152344,82.49247741699219,82.92277526855469,82.91448974609375,83.02771759033203,84.13298797607422,85.64517974853516,85.89566040039062
66.08004760742188,66.54013061523438,68.47330474853516,70.19982147216797,71.14529418945312,71.24742889404297,70.68872833251953,70.56294250488281,71.20846557617188,71.9229965209961,72.1820297241211,72.30111694335938,73.02735900878906,74.29911041259766,75.43241882324219,76.10908508300781,76.31537628173828,76.2154769897461,76.14948272705078,76.28675842285156,76.62409973144531,77.17172241210938,77.6803207397461,78.08382415771484,78.36253356933594,78.3934555053711,78.26805114746094,78.65865325927734,79.41844940185547,80.03897857666016,80.50252532958984,80.4039535522461,79.36983489990234,78.35610961914062,78.31246948242188,78.86387634277344,79.6845474243164,80.63455200195312,81.05490112304688,80.98257446289062,81.4691162109375,82.97416687011719,84.5821304321289,84.93659210205078
64.77880859375,65.95775604248047,67.24915313720703,68.13178253173828,68.8126220703125,69.06903839111328,68.8106689453125,68.81742095947266,69.46622467041016,70.18359375,70.41909790039062,70.81224822998047,71.93570709228516,73.29872131347656,74.19386291503906,74.29317474365234,73.91791534423828,73.73314666748047,73.9166488647461,74.1346664428711,74.25122833251953,74.5055923461914,75.04510498046875,75.62434387207031,76.04751586914062,76.23643493652344,76.22845458984375,76.37275695800781,76.89620971679688,77.57694244384766,78.00923919677734,77.80809783935547,77.07707214355469,76.68728637695312,77.08081817626953,77.62842559814453,78.1468734741211,78.73350524902344,79.0189437866211,79.2697982788086,80.3097152709961,81.84517669677734,82.93498229980469,83.22161865234375
62.498878479003906,64.40863800048828,65.68206787109375,65.96075439453125,66.27651977539062,66.83740997314453,67.20878601074219,67.66107940673828,68.507568359375,69.16377258300781,69.53507232666016,70.23490905761719,71.11351013183594,71.76049041748047,72.08250427246094,71.89763641357422,71.49632263183594,71.51325988769531,71.8716049194336,72.04271697998047,71.90609741210938,71.90379333496094,72.27426147460938,72.59998321533203,72.83195495605469,73.14250183105469,73.35079956054688,73.61358642578125,74.26449584960938,75.0126953125,75.16819763183594,74.68839263916016,74.42247772216797,74.88921356201172,75.48789978027344,75.5892333984375,75.84794616699219,76.6470718383789,77.27564239501953,77.81034088134766,78.92987060546875,79.99607849121094,80.37019348144531,80.71348571777344
59.46588134765625,62.10544204711914,63.687313079833984,63.78775405883789,63.905311584472656,64.82699584960938,65.90386199951172,66.93440246582031,67.97872924804688,68.71370697021484,69.23394775390625,69.63033294677734,69.66667938232422,69.50899505615234,69.49430084228516,69.51679992675781,69.50250244140625,69.60969543457031,69.74757385253906,69.63399505615234,69.29610443115234,69.07136535644531,69.08729553222656,69.29186248779297,69.73645782470703,70.29342651367188,70.6777114868164,71.03028106689453,71.55657196044922,71.89743041992188,71.74452209472656,71.54740905761719,71.74285888671875,72.03518676757812,72.19712829589844,72.53986358642578,73.4001693725586,74.54512786865234,75.3478775024414,76.01215362548828,77.04171752929688,77.74435424804688,77.86956024169922,78.29963684082031
56.80974197387695,59.72512435913086,61.51841354370117,61.558860778808594,61.797916412353516,63.298561096191406,65.03487396240234,66.52825927734375,67.67548370361328,68.21778869628906,68.32467651367188,68.12085723876953,67.6015853881836,67.15292358398438,67.15231323242188,67.48265075683594,67.76102447509766,67.6748275756836,67.30033111572266,66.9653091430664,66.77176666259766,66.66363525390625,66.65679168701172,66.92250061035156,67.51695251464844,68.01051330566406,68.05848693847656,68.00784301757812,68.06668853759766,68.06218719482422,68.14907836914062,68.54534912109375,68.71051025390625,68.50267791748047,68.66213989257812,69.53010559082031,70.8331298828125,71.99179077148438,72.67021179199219,73.4872055053711,74.6693115234375,75.062255859375,74.73519134521484,75.08501434326172
54.8980827331543,57.35573959350586,58.820465087890625,59.33968734741211,60.435672760009766,62.49582290649414,64.6933822631836,66.4911880493164,67.29686737060547,67.11632537841797,66.56019592285156,65.92890167236328,65.46110534667969,65.28712463378906,65.3411636352539,65.65808868408203,65.86431884765625,65.49630737304688,64.85982513427734,64.64031982421875,64.78116607666016,64.8646011352539,64.88218688964844,64.94842529296875,65.06145477294922,64.95787811279297,64.37511444091797,63.777164459228516,63.755584716796875,64.16471099853516,64.83634948730469,65.65278625488281,65.66168212890625,65.08441925048828,65.26982879638672,66.53716278076172,68.2725830078125,69.42467498779297,69.84303283691406,70.71098327636719,71.77635192871094,71.60611724853516,70.89390563964844,71.16793060302734
52.39850616455078,53.7751579284668,55.40171432495117,57.08190155029297,59.190670013427734,61.83427810668945,64.30703735351562,65.79608154296875,65.84193420410156,65.05473327636719,64.2591323852539,63.56604766845703,63.407562255859375,63.52063751220703,63.512184143066406,63.6675910949707,63.62748718261719,63.065486907958984,62.491886138916016,62.350181579589844,62.58668899536133,62.72996520996094,62.42121887207031,62.12006378173828,61.89409255981445,60.9502067565918,59.5269660949707,59.124000549316406,60.059207916259766,61.158203125,61.828548431396484,62.06805419921875,61.83348083496094,61.783836364746094,62.77674865722656,64.68091583251953,66.36709594726562,66.81959533691406,66.84703063964844,67.6826400756836,68.52454376220703,68.18968200683594,67.56025695800781,67.87742614746094
49.59785461425781,50.70273971557617,52.59701919555664,54.9994010925293,57.877418518066406,60.70252227783203,62.742950439453125,63.662628173828125,63.13794708251953,62.202022552490234,61.45746612548828,60.79866027832031,60.74225616455078,61.073917388916016,61.263160705566406,61.2315673828125,60.817752838134766,60.29339599609375,59.882606506347656,59.60606384277344,59.763893127441406,59.81056213378906,59.284942626953125,59.022422790527344,58.37957000732422,56.46014404296875,55.3074836730957,56.455509185791016,58.070796966552734,58.657081604003906,58.71049118041992,58.566368103027344,58.66040802001953,59.74614715576172,61.72328186035156,63.654422760009766,64.33491516113281,63.89215087890625,63.95994186401367,64.98257446289062,65.5388412475586,64.93017578125,64.3614730834961,64.71296691894531
48.84907150268555,49.78374099731445,51.35027313232422,53.69070053100586,56.41581344604492,58.773948669433594,60.29517364501953,60.70827865600586,59.884063720703125,58.73784637451172,57.85715866088867,57.26061248779297,57.483497619628906,58.39150619506836,58.94807434082031,58.55455780029297,57.82833480834961,57.38370132446289,57.02479934692383,56.727317810058594,56.912620544433594,57.099117279052734,56.79827117919922,56.46979522705078,55.466796875,53.67058563232422,53.2890739440918,54.96825408935547,56.49227523803711,56.799713134765625,56.659820556640625,56.3490104675293,56.58112716674805,58.298614501953125,60.704010009765625,62.12786865234375,61.928897857666016,61.333229064941406,61.66386413574219,62.5919303894043,62.8470344543457,62.17417526245117,61.796146392822266,62.02322006225586
49.331932067871094,50.06753158569336,51.11616897583008,52.79502868652344,54.89908981323242,56.77699279785156,57.75453567504883,57.46321105957031,56.098487854003906,54.66932678222656,53.869510650634766,54.01118469238281,55.24086380004883,56.436134338378906,56.26987838745117,55.33125305175781,54.77391052246094,54.55132293701172,54.58252716064453,54.716896057128906,54.842201232910156,55.11543655395508,55.23078918457031,54.62525939941406,53.22125244140625,52.222835540771484,52.72860336303711,53.92800521850586,54.697906494140625,54.96546936035156,54.980010986328125,54.8700065612793,55.3485221862793,57.11091995239258,59.16511917114258,59.92402267456055,59.50542449951172,59.419647216796875,60.03917694091797,60.55472946166992,60.470603942871094,59.91628646850586,59.80335235595703,60.07669448852539
49.70982360839844,50.49230194091797,51.198753356933594,52.370113372802734,53.93745040893555,54.94992446899414,54.909889221191406,53.820220947265625,52.125572204589844,50.81899642944336,50.7907600402832,52.30242919921875,54.03683853149414,54.068504333496094,52.926612854003906,52.443092346191406,52.5093879699707,52.522315979003906,53.079627990722656,53.353965759277344,52.976051330566406,53.10639953613281,53.40137481689453,52.96553039550781,51.79498291015625,50.783050537109375,50.99174118041992,52.00619125366211,52.98664093017578,53.407989501953125,53.2486457824707,53.44089126586914,54.69060516357422,56.49549102783203,57.499046325683594,57.3560676574707,57.046234130859375,57.51667022705078,58.344242095947266,58.72614669799805,58.64070129394531,58.317100524902344,58.24602127075195,58.305137634277344
