data/wind_data/wind_51_9.json
{"header": {"parameterUnit": "KT", "parameterCategory": 2, "nx": 256, "ny": 198, "lo1": 44.73521041870117, "la1": -3.236724853515625, "lo2": 111.26478576660156, "la2": 43.468475341796875, "dx": 0.2609002888202667, "dy": -0.23708222806453705, "refTime": "2025-02-21 03:00:00", "forecastTime": 0, "parameterNumber": 2, "parameterNumberName": "eastward_wind"}, "data":
[rows 114 to 132 of 198, columns 44 to 87 of 256]
7.271360874176025,6.859177112579346,6.092685222625732,5.596815586090088,5.368611812591553,5.520850658416748,5.967775344848633,6.129325866699219,5.691095352172852,4.962409019470215,4.598066806793213,4.926310062408447,6.113938808441162,8.379858016967773,10.630751609802246,11.716315269470215,11.8107328414917,11.21790599822998,10.212356567382812,9.350726127624512,8.905168533325195,8.937162399291992,9.202193260192871,9.216423034667969,8.50601863861084,6.652766227722168,4.180743217468262,1.5818568468093872,-1.3701533079147339,-3.6025497913360596,-4.4469709396362305,-4.016544818878174,-3.0259451866149902,-1.5945236682891846,0.288920521736145,2.392106771469116,4.004106521606445,4.791503429412842,5.024862289428711,4.89051628112793,5.183537483215332,6.598753929138184,8.00025463104248,7.8078718185424805
9.139642715454102,9.244826316833496,9.913202285766602,9.6767578125,8.202719688415527,6.509883403778076,5.619813919067383,5.368551731109619,5.002341270446777,4.495975017547607,4.35938835144043,4.937359809875488,6.610596179962158,9.308890342712402,11.6102876663208,12.32747745513916,11.806317329406738,10.622808456420898,9.553853034973145,9.482319831848145,10.023375511169434,10.250840187072754,10.085382461547852,9.702230453491211,8.995426177978516,7.1426682472229,4.172575950622559,1.1367567777633667,-1.534319281578064,-3.196720838546753,-3.4035394191741943,-2.4219603538513184,-0.9920430183410645,0.649160623550415,2.18210506439209,3.340363025665283,3.9005773067474365,4.183633804321289,4.467278003692627,4.6153388023376465,5.336479663848877,7.066186904907227,8.816849708557129,8.835914611816406
10.266529083251953,10.439712524414062,11.809736251831055,12.402301788330078,11.418510437011719,8.875815391540527,6.420870780944824,4.909004211425781,3.7359323501586914,3.0695767402648926,3.582270860671997,5.315774440765381,7.994555950164795,10.850152969360352,12.435653686523438,12.311840057373047,11.303849220275879,10.403411865234375,10.291369438171387,11.065349578857422,11.678757667541504,11.30410385131836,10.539177894592285,10.04104232788086,9.355690956115723,7.387016296386719,4.059012413024902,0.4535209536552429,-2.167672634124756,-3.0033812522888184,-2.204533815383911,-0.5139052867889404,1.230320692062378,2.408083200454712,2.9017088413238525,3.3006749153137207,2.963223457336426,2.7155423164367676,3.500377893447876,4.481326580047607,5.39592170715332,6.657566070556641,7.401924133300781,7.0524001121521
10.988845825195312,11.789255142211914,13.903953552246094,14.849051475524902,13.72506332397461,10.745718002319336,7.685481071472168,5.57355260848999,4.206863880157471,3.951808214187622,5.2257561683654785,7.318880081176758,9.514324188232422,11.166836738586426,11.462723731994629,10.853094100952148,10.764840126037598,11.620620727539062,12.543163299560547,12.585461616516113,11.891069412231445,11.382194519042969,11.315478324890137,11.469647407531738,10.618721008300781,7.9388108253479,3.715012550354004,-0.43040356040000916,-2.864198684692383,-3.0687448978424072,-1.538397192955017,0.9117709398269653,2.292219400405884,2.6428275108337402,2.5810043811798096,1.7563320398330688,0.6442167162895203,1.3712009191513062,3.1489830017089844,3.9188709259033203,3.8271305561065674,3.926175832748413,3.6987359523773193,3.2746856212615967
11.73765754699707,13.82677173614502,16.447546005249023,16.873876571655273,14.889497756958008,11.841121673583984,9.333608627319336,7.806723594665527,7.089189052581787,7.483948707580566,8.784675598144531,9.89587116241455,10.355576515197754,10.279293060302734,10.148076057434082,10.416162490844727,11.203328132629395,12.291091918945312,12.995173454284668,12.614839553833008,11.894054412841797,11.94741153717041,12.792798042297363,13.091060638427734,11.924638748168945,8.485440254211426,3.521354913711548,-0.4512143135070801,-2.656560182571411,-2.503596544265747,-0.768038272857666,1.298364281654358,2.144744396209717,1.9927263259887695,1.0470763444900513,-0.47441983222961426,-0.6051832437515259,1.1057875156402588,2.5751500129699707,2.158010959625244,1.143100380897522,0.8977748155593872,0.831710696220398,0.5956765413284302
11.115487098693848,14.804508209228516,18.259702682495117,18.305862426757812,15.649590492248535,12.786186218261719,10.794790267944336,10.128104209899902,10.645606994628906,11.478350639343262,11.858155250549316,11.427231788635254,10.69779109954834,10.522439002990723,10.989355087280273,11.465983390808105,11.566631317138672,11.80691909790039,12.281570434570312,12.368758201599121,12.182229042053223,12.463347434997559,12.950347900390625,12.966063499450684,12.138954162597656,8.751395225524902,4.22173547744751,0.7637150287628174,-1.6626393795013428,-2.3425521850585938,-1.5543880462646484,0.8872467279434204,2.377810001373291,2.2120397090911865,0.6219056248664856,-0.8240184783935547,-1.0153254270553589,0.08537879586219788,0.8577576875686646,0.40936630964279175,-0.016110394150018692,0.4499884247779846,1.4577102661132812,1.7836365699768066
9.820758819580078,14.868042945861816,19.17847442626953,18.960161209106445,15.83765697479248,13.152854919433594,11.896469116210938,12.366972923278809,13.55953598022461,13.863298416137695,13.233770370483398,12.23231029510498,11.636432647705078,11.90258502960205,12.47576904296875,12.592314720153809,12.16450023651123,11.536094665527344,11.41754150390625,11.633230209350586,11.476201057434082,11.287338256835938,11.192115783691406,12.028568267822266,11.665451049804688,8.84667682647705,5.14015531539917,2.0804085731506348,-1.0985562801361084,-2.9970786571502686,-1.5058375597000122,2.086944818496704,4.01128625869751,3.6374318599700928,1.3492348194122314,-0.6763560175895691,-1.5683085918426514,-1.0401729345321655,-0.12336844205856323,0.25364288687705994,0.8183623552322388,2.0496695041656494,3.7754509449005127,4.584432601928711
10.733031272888184,15.859489440917969,19.655948638916016,19.152177810668945,15.701733589172363,13.066452980041504,12.52893352508545,13.836102485656738,15.073790550231934,14.886857032775879,13.67540168762207,12.884432792663574,12.594901084899902,12.65548324584961,13.774505615234375,15.129204750061035,14.721586227416992,12.404276847839355,10.487857818603516,9.424610137939453,8.786861419677734,8.566912651062012,9.540704727172852,11.124361038208008,11.550381660461426,7.357738494873047,5.149930953979492,1.208415150642395,-2.426734447479248,-2.2724244594573975,1.0358177423477173,3.813523054122925,5.185271263122559,4.648036956787109,1.8421900272369385,-0.808920681476593,-2.072350025177002,-1.3251618146896362,0.46869686245918274,1.9257138967514038,2.6830337047576904,3.6412041187286377,4.947993755340576,5.614952087402344
14.466466903686523,18.730905532836914,20.708391189575195,19.185527801513672,15.0576753616333,12.578228950500488,12.953903198242188,14.736968040466309,15.43783187866211,15.192570686340332,13.940454483032227,12.394495964050293,12.031309127807617,13.55111026763916,16.22989273071289,18.01271629333496,16.793800354003906,13.131272315979004,8.758021354675293,5.8282060623168945,5.392927169799805,6.463526248931885,9.444629669189453,11.909163475036621,7.988897323608398,5.40324592590332,2.601736068725586,-1.1405408382415771,-1.7065387964248657,1.0007587671279907,2.9877569675445557,4.004425048828125,4.83781099319458,4.139141082763672,1.5407638549804688,-0.9999480247497559,-1.941301703453064,-0.6626529693603516,2.2286713123321533,4.61114501953125,4.823580265045166,4.622012615203857,5.009829998016357,5.387660026550293
18.983091354370117,21.95796775817871,21.951194763183594,18.54069709777832,13.41601848602295,12.107980728149414,13.981661796569824,15.374173164367676,15.330293655395508,14.799417495727539,13.118853569030762,12.579395294189453,14.302695274353027,15.259347915649414,17.049182891845703,18.393131256103516,15.584017753601074,8.695892333984375,3.749567985534668,2.7281084060668945,3.155111074447632,6.620258331298828,12.225924491882324,9.324479103088379,4.771960735321045,2.8903281688690186,0.5540131330490112,-0.9606633186340332,0.49376609921455383,1.9062526226043701,2.6684064865112305,3.0981223583221436,3.472097635269165,2.8801980018615723,1.5087958574295044,0.11443175375461578,-0.5061240792274475,0.8584550619125366,3.969599962234497,6.415325164794922,6.200470924377441,5.057332515716553,4.902651786804199,5.155705451965332
22.26531982421875,23.730905532836914,22.162826538085938,16.283557891845703,11.072433471679688,12.922639846801758,16.226245880126953,16.122953414916992,13.637380599975586,12.684678077697754,14.107988357543945,15.93333911895752,14.675586700439453,15.62103271484375,16.60826301574707,13.020718574523926,6.240589618682861,2.5146679878234863,2.1255197525024414,1.4996097087860107,3.516538143157959,10.823610305786133,13.560919761657715,6.778380393981934,3.8623123168945312,1.7651431560516357,-0.15446318686008453,-0.8921688199043274,0.28239572048187256,1.4290950298309326,1.871077299118042,1.9414433240890503,2.1818628311157227,2.1712749004364014,2.18646502494812,1.931171178817749,1.6391370296478271,2.7884976863861084,5.123985767364502,6.477739334106445,6.091842174530029,5.256592273712158,5.079427242279053,4.7483038902282715
23.00749397277832,23.196298599243164,19.56403160095215,12.250404357910156,11.053386688232422,16.72251319885254,17.89451789855957,13.367977142333984,8.893632888793945,13.682175636291504,19.21326446533203,17.020719528198242,13.89527416229248,11.27614688873291,6.81372594833374,3.5419981479644775,2.3217926025390625,3.038717746734619,3.512892961502075,5.872481346130371,10.487300872802734,15.019872665405273,9.182099342346191,5.29770565032959,2.7033958435058594,0.3667236864566803,-1.7052143812179565,-0.4144767224788666,0.9157352447509766,1.2038687467575073,1.0023621320724487,1.0431861877441406,1.5626989603042603,2.4958877563476562,3.7940902709960938,4.344493865966797,4.105818271636963,4.299595832824707,5.085581302642822,5.4644999504089355,5.043967247009277,4.761472225189209,4.527517318725586,2.835042715072632
21.521648406982422,20.23628044128418,14.221907615661621,9.162491798400879,14.578086853027344,19.903888702392578,15.654545783996582,4.449098587036133,8.769747734069824,19.0478572845459,19.74942398071289,15.075389862060547,11.22818374633789,8.45734977722168,6.744340896606445,5.260046005249023,4.546476364135742,6.868231296539307,12.228659629821777,11.592408180236816,13.710653305053711,9.992936134338379,4.9343061447143555,3.8665592670440674,1.2542579174041748,-0.5460734367370605,-0.8249130249023438,0.8954642415046692,1.6936391592025757,1.4889838695526123,1.2077971696853638,1.4042503833770752,2.014284372329712,3.139624834060669,4.752718448638916,5.76057243347168,5.287672996520996,4.5234808921813965,4.655365943908691,5.207971572875977,4.4801740646362305,3.453591823577881,2.189622402191162,-0.9147360324859619
18.756031036376953,15.292180061340332,8.416879653930664,9.150607109069824,17.665699005126953,18.75537109375,7.761490821838379,1.733302116394043,16.781009674072266,23.811540603637695,19.01015853881836,14.018632888793945,12.165526390075684,11.185723304748535,10.875975608825684,9.459973335266113,7.975590705871582,10.695228576660156,13.86612319946289,12.877535820007324,11.162308692932129,4.896883964538574,4.216326713562012,2.847116231918335,1.2796645164489746,0.39242789149284363,0.7869916558265686,1.8231805562973022,1.9645828008651733,1.5726581811904907,1.2775774002075195,1.4958056211471558,1.7400645017623901,2.401134729385376,4.2423906326293945,5.599398612976074,5.389823913574219,5.040684700012207,5.704732418060303,6.633011817932129,4.640496253967285,1.8907880783081055,-0.6189684867858887,-3.597811222076416
14.583866119384766,9.060885429382324,5.845276832580566,12.25182056427002,19.328746795654297,16.00819969177246,5.255012512207031,7.987921237945557,20.518455505371094,22.21453857421875,15.848809242248535,13.73473834991455,14.011126518249512,13.706757545471191,12.949213027954102,10.65034008026123,8.20606803894043,10.493329048156738,16.38954734802246,12.476629257202148,7.518856048583984,5.698884010314941,5.496888637542725,3.8162684440612793,2.699880838394165,2.034870147705078,1.9532252550125122,2.299546241760254,2.1568093299865723,1.479671835899353,1.1396952867507935,1.0938572883605957,0.8172903060913086,1.4829357862472534,3.0858213901519775,4.6726484298706055,5.90113639831543,6.620086193084717,7.48179292678833,8.1729154586792,5.436702728271484,2.1244239807128906,-0.24432912468910217,-1.870577096939087
9.485635757446289,7.326776504516602,12.024008750915527,18.147117614746094,18.993637084960938,13.592743873596191,5.5067033767700195,13.555234909057617,23.76829719543457,20.548288345336914,14.386970520019531,13.377348899841309,13.405494689941406,13.447772026062012,13.176111221313477,11.330424308776855,9.100440979003906,13.865861892700195,18.114192962646484,10.88925838470459,7.443878173828125,7.598602771759033,7.199211120605469,6.473998546600342,5.090804100036621,2.912999391555786,1.7958332300186157,1.9046647548675537,2.059555768966675,1.7871021032333374,2.214958667755127,2.068225383758545,1.7112581729888916,2.1193089485168457,3.1443281173706055,4.9432454109191895,6.905296325683594,7.785460472106934,7.951761245727539,8.284198760986328,6.856905460357666,3.957753896713257,2.1206448078155518,1.8061243295669556
12.449300765991211,15.896717071533203,19.608367919921875,20.074827194213867,14.797088623046875,3.839555263519287,6.209019184112549,20.194917678833008,23.746444702148438,18.520143508911133,16.403087615966797,14.966856002807617,13.54601001739502,12.678013801574707,12.15674114227295,11.227609634399414,10.86313247680664,16.49074363708496,18.119050979614258,11.641631126403809,9.275899887084961,7.45551872253418,7.398725509643555,7.985435485839844,6.256331443786621,3.742802143096924,2.808769941329956,2.8128435611724854,2.1323039531707764,1.587891936302185,2.439669132232666,3.31142520904541,3.6946802139282227,3.9028778076171875,4.445816993713379,5.519383907318115,6.407637596130371,6.35609245300293,6.415789604187012,7.490586757659912,7.984033107757568,5.436362266540527,3.5450339317321777,2.738530158996582
22.34307098388672,22.89797592163086,20.149133682250977,14.46625804901123,3.958247423171997,0.8178014755249023,13.095637321472168,18.609006881713867,15.712689399719238,13.166117668151855,14.755172729492188,16.1608943939209,16.083171844482422,14.040963172912598,12.722532272338867,11.903342247009277,12.064470291137695,16.25789451599121,16.51961898803711,12.484707832336426,8.837860107421875,6.405969142913818,7.283957481384277,7.893242835998535,6.748398780822754,5.5904011726379395,5.509583950042725,5.159818649291992,3.1142466068267822,1.329962134361267,1.4987351894378662,2.7163634300231934,3.9188640117645264,4.322570323944092,4.689136505126953,4.960443496704102,4.685978889465332,4.275084495544434,4.685910701751709,6.347309112548828,8.032450675964355,6.348865032196045,4.048575401306152,2.1055569648742676
25.2774715423584,20.610523223876953,14.422860145568848,6.376514434814453,1.07030189037323,11.15478229522705,19.01234245300293,12.595144271850586,5.696334362030029,2.6748011112213135,1.9224281311035156,5.094283580780029,9.00946044921875,10.7724609375,11.675023078918457,12.530896186828613,12.808670997619629,14.324676513671875,12.980076789855957,10.017095565795898,7.630032539367676,6.896430492401123,7.4293718338012695,7.3350138664245605,6.76635217666626,6.408186912536621,6.6881184577941895,6.115079402923584,3.7566025257110596,1.362213373184204,0.8614551424980164,2.2747268676757812,3.768256187438965,4.009127140045166,3.895226001739502,3.9991567134857178,3.8306527137756348,3.477182626724243,3.7147719860076904,5.085545063018799,6.6938371658325195,6.508230686187744,4.931384563446045,2.9404685497283936
