data/wind_data/wind_40_2.json
{"header": {"parameterUnit": "KT", "parameterCategory": 2, "nx": 256, "ny": 198, "lo1": 44.73521041870117, "la1": -3.236724853515625, "lo2": 111.26478576660156, "la2": 43.468475341796875, "dx": 0.2609002888202667, "dy": -0.23708222806453705, "refTime": "2025-02-20 16:00:00", "forecastTime": 0, "parameterNumber": 2, "parameterNumberName": "eastward_wind"}, "data":
[rows 76 to 94 of 198, columns 129 to 171 of 256]
-2.6864471435546875,-3.977074384689331,-6.412587642669678,-7.681184768676758,-6.06755256652832,-4.4664435386657715,-3.8444035053253174,-3.823108673095703,-4.774230003356934,-5.51194953918457,-5.745182514190674,-5.720034599304199,-6.096802234649658,-6.359898090362549,-5.6329874992370605,-6.337859630584717,-7.656864166259766,-7.624336242675781,-7.2077107429504395,-6.526914596557617,-4.83229398727417,-4.69854211807251,-8.36396312713623,-10.147674560546875,-12.112747192382812,-13.019784927368164,-13.348605155944824,-12.59663200378418,-9.912759780883789,-8.767670631408691,-8.298615455627441,-8.11484432220459,-9.493185997009277,-10.065522193908691,-8.443262100219727,-7.84969425201416,-8.188851356506348,-7.965985298156738,-7.685821056365967,-7.492558479309082,-7.216203212738037,-6.866995334625244,-6.473169326782227
-4.1441473960876465,-5.71768856048584,-7.5781731605529785,-7.526446342468262,-5.833237648010254,-4.010944843292236,-3.1855080127716064,-2.6490254402160645,-3.1925110816955566,-4.450796127319336,-4.852048397064209,-4.711380481719971,-5.67014741897583,-5.821547508239746,-5.134293079376221,-5.488332748413086,-6.338291645050049,-6.7616682052612305,-6.5348429679870605,-6.19088077545166,-4.85610818862915,-3.7538983821868896,-6.052642345428467,-7.889308929443359,-10.043451309204102,-10.78409481048584,-10.121077537536621,-9.716943740844727,-9.984933853149414,-9.975245475769043,-8.848383903503418,-8.350509643554688,-10.228653907775879,-9.608867645263672,-10.12336254119873,-8.397882461547852,-9.014047622680664,-9.395651817321777,-9.149393081665039,-9.12869644165039,-8.736394882202148,-8.32098388671875,-7.886734962463379
-6.791528701782227,-7.11651086807251,-7.18633508682251,-6.46661376953125,-5.589418888092041,-3.638446092605591,-2.296208143234253,-1.8026121854782104,-1.5751441717147827,-2.631162166595459,-4.118716239929199,-3.7804601192474365,-4.776476860046387,-5.423354148864746,-4.376506805419922,-4.155479907989502,-4.209932327270508,-4.703856468200684,-5.022661209106445,-5.684024333953857,-4.260130405426025,-4.731524467468262,-5.288277626037598,-6.089441299438477,-6.773813724517822,-8.751029014587402,-10.0045166015625,-8.695359230041504,-7.0029683113098145,-9.992144584655762,-10.51736068725586,-10.838123321533203,-11.221427917480469,-10.749592781066895,-9.544974327087402,-8.714523315429688,-9.610665321350098,-9.99737548828125,-9.986827850341797,-10.05054759979248,-9.620837211608887,-9.132675170898438,-8.59194564819336
-7.7609429359436035,-6.664559364318848,-5.165529251098633,-3.846928596496582,-4.151966094970703,-3.5597429275512695,-2.2866923809051514,-1.364549160003662,-0.2450946867465973,-0.9834519624710083,-3.0490384101867676,-3.3362014293670654,-3.9634430408477783,-4.499421119689941,-3.6583685874938965,-2.282710075378418,-2.4560132026672363,-2.194284200668335,-2.7429463863372803,-3.7321012020111084,-4.171730995178223,-4.9073052406311035,-4.742480278015137,-4.771595001220703,-6.089951992034912,-6.949170112609863,-8.01526927947998,-9.262868881225586,-9.156545639038086,-10.913963317871094,-10.994024276733398,-10.552654266357422,-10.639118194580078,-11.448746681213379,-10.461517333984375,-8.94880199432373,-10.263952255249023,-10.471476554870605,-10.25285530090332,-10.199370384216309,-9.74057674407959,-9.261808395385742,-8.793133735656738
-7.878427982330322,-7.439911842346191,-5.800177574157715,-1.7852590084075928,-0.7585970163345337,-2.1074366569519043,-2.930769681930542,-1.3325756788253784,1.5349645614624023,0.6909440159797668,-1.3615806102752686,-1.3059356212615967,-2.55935001373291,-3.3670926094055176,-2.3748862743377686,-1.333662986755371,-0.7650771141052246,-0.8867498636245728,-0.3992575705051422,-0.8846879601478577,-2.7963874340057373,-3.862368583679199,-3.52770733833313,-3.3399972915649414,-4.930530548095703,-6.026327610015869,-7.30027961730957,-8.874385833740234,-10.773921012878418,-11.34253215789795,-10.686795234680176,-10.9200439453125,-11.069175720214844,-11.928711891174316,-11.921527862548828,-11.202611923217773,-10.881268501281738,-10.641443252563477,-10.207839012145996,-9.617104530334473,-9.167868614196777,-8.665714263916016,-8.31428337097168
-5.777275562286377,-5.284881591796875,-3.838247060775757,-1.3066346645355225,0.14347875118255615,-0.5867660045623779,-1.514129877090454,-0.26167944073677063,2.216036558151245,1.637414813041687,0.018779512494802475,1.77712881565094,2.9113941192626953,1.70730721950531,0.15588632225990295,-0.09520978480577469,1.3759266138076782,1.5493497848510742,1.2166911363601685,0.8556320667266846,-0.17339342832565308,-1.5570563077926636,-2.292839527130127,-1.7999165058135986,-2.921576738357544,-4.828868389129639,-6.719647407531738,-8.06701946258545,-10.20665168762207,-10.702838897705078,-10.665422439575195,-11.178238868713379,-11.562893867492676,-12.26171875,-12.431862831115723,-11.660401344299316,-10.834258079528809,-10.455543518066406,-9.920038223266602,-8.984698295593262,-8.398621559143066,-8.017585754394531,-7.763077735900879
-0.37537434697151184,-4.430727005004883,-2.84602689743042,0.09024512767791748,1.4547909498214722,0.3875478506088257,0.7915112972259521,1.6765787601470947,1.8796402215957642,2.0602431297302246,1.5860148668289185,3.170687198638916,6.332180976867676,7.468081474304199,6.711371421813965,5.766500949859619,4.069657325744629,2.97481632232666,3.4169416427612305,2.111253499984741,1.3113386631011963,0.692019522190094,-0.5404321551322937,-0.5618495941162109,-1.1074573993682861,-2.900402784347534,-5.037976264953613,-6.550864219665527,-8.453442573547363,-9.614489555358887,-10.025184631347656,-10.663615226745605,-11.20179271697998,-11.840373992919922,-11.887909889221191,-11.147021293640137,-10.30280590057373,-10.031806945800781,-9.45071029663086,-8.5742769241333,-7.929111480712891,-7.620078086853027,-7.460148811340332
2.047910690307617,0.860618531703949,-0.2564782202243805,-1.175469160079956,-0.6519747972488403,2.460906505584717,3.2347724437713623,2.799119234085083,1.3541532754898071,2.2423317432403564,3.127041816711426,3.8522984981536865,6.439493656158447,9.143610000610352,10.024701118469238,11.547033309936523,12.274362564086914,7.644711017608643,4.134323596954346,3.5422754287719727,2.580805540084839,1.6645021438598633,0.6409251689910889,0.29281994700431824,0.8490533232688904,-0.6907311081886292,-2.8987717628479004,-4.753817081451416,-6.496908187866211,-8.090883255004883,-8.835986137390137,-9.270427703857422,-9.852250099182129,-10.595379829406738,-10.849465370178223,-10.223294258117676,-9.404553413391113,-9.367844581604004,-8.789273262023926,-8.07427978515625,-7.520982265472412,-7.309180736541748,-7.246041774749756
0.7173361778259277,1.950052261352539,1.133315920829773,1.487410068511963,0.7575885057449341,1.431656002998352,3.5053727626800537,3.1968367099761963,1.63887619972229,1.2698869705200195,2.979642629623413,4.394140243530273,6.295839309692383,9.09099292755127,12.203432083129883,14.252528190612793,17.42686653137207,16.095359802246094,5.912483215332031,3.9922749996185303,3.4640161991119385,2.321659564971924,2.0662841796875,2.7092251777648926,2.297538995742798,1.1189130544662476,-0.8185113072395325,-3.1311898231506348,-4.840837478637695,-6.283445835113525,-7.287614822387695,-7.553691864013672,-8.09896469116211,-9.060371398925781,-9.710899353027344,-9.180299758911133,-8.38045883178711,-8.403881072998047,-7.8367390632629395,-7.3364577293396,-7.016994953155518,-6.886743545532227,-6.9271111488342285
0.1464208960533142,-0.14780999720096588,0.19650669395923615,0.45646265149116516,-2.150550603866577,-1.7096729278564453,-1.786607027053833,0.15409183502197266,1.0482686758041382,1.0458241701126099,3.1464293003082275,5.476923942565918,7.303069114685059,9.445470809936523,13.339441299438477,16.2282772064209,17.340618133544922,20.315547943115234,8.709494590759277,4.736932277679443,4.334329605102539,3.1982030868530273,2.5755395889282227,3.2297534942626953,3.5338997840881348,2.521463394165039,0.8110482096672058,-1.2866425514221191,-3.139116048812866,-4.464250564575195,-5.684985160827637,-6.082183837890625,-6.411507606506348,-7.569902420043945,-8.519282341003418,-8.114176750183105,-7.486339092254639,-7.505133152008057,-6.898989200592041,-6.43160343170166,-6.171564102172852,-6.149919509887695,-6.4581499099731445
0.6869661211967468,-1.8115285634994507,-0.9556328058242798,0.5325263738632202,0.13005635142326355,1.0027952194213867,0.6577284932136536,0.21598121523857117,0.6317009329795837,1.0250985622406006,3.5073635578155518,5.979521751403809,8.810471534729004,11.609001159667969,14.094995498657227,17.240921020507812,17.50860023498535,22.289268493652344,14.375642776489258,6.130988121032715,5.393491744995117,4.718729019165039,4.689698696136475,3.8102660179138184,3.773080348968506,3.3776333332061768,2.0773282051086426,0.49841928482055664,-1.1883678436279297,-2.582899332046509,-4.041018009185791,-4.940786361694336,-5.067492485046387,-6.160764217376709,-7.090756893157959,-6.93501091003418,-6.8011274337768555,-6.858551502227783,-6.170040607452393,-5.4778971672058105,-5.252339839935303,-5.556819915771484,-5.744227886199951
2.3489532470703125,1.0850484371185303,0.9721262454986572,-0.07598268240690231,-1.286457896232605,0.7200852632522583,3.6109399795532227,4.754776477813721,4.02072286605835,5.050517559051514,7.231494903564453,9.484020233154297,12.40024471282959,15.31555461883545,16.29408836364746,18.471654891967773,19.208194732666016,20.133155822753906,21.391061782836914,10.970169067382812,5.808975696563721,6.437839508056641,8.264402389526367,5.466177940368652,3.5919556617736816,3.1708357334136963,2.8614563941955566,1.9414910078048706,0.5862005352973938,-0.8284104466438293,-2.340730905532837,-3.6607491970062256,-3.8627963066101074,-4.970733642578125,-5.599406719207764,-5.742130279541016,-6.120456695556641,-6.251595497131348,-5.498136520385742,-4.680790901184082,-4.51247501373291,-4.677382946014404,-4.532731056213379
3.9265999794006348,3.320810556411743,3.261415719985962,3.2676703929901123,3.4880905151367188,3.797828197479248,4.310308456420898,4.7028422355651855,5.5832672119140625,8.31515884399414,11.4308443069458,12.867533683776855,13.992378234863281,15.924236297607422,18.09006118774414,21.255128860473633,21.056621551513672,17.720544815063477,20.063343048095703,13.26222038269043,6.274086952209473,7.774838924407959,10.560196876525879,6.520190715789795,3.7230217456817627,3.054718017578125,3.6240642070770264,3.3153600692749023,2.1296274662017822,0.6356041431427002,-0.908722996711731,-2.146563768386841,-2.6184263229370117,-3.8650426864624023,-4.400972843170166,-4.783878326416016,-5.391563892364502,-5.5181355476379395,-4.746729373931885,-3.8585309982299805,-3.6066062450408936,-3.8282251358032227,-4.000617980957031
5.304884910583496,4.688663959503174,4.5253119468688965,2.1805360317230225,3.3052785396575928,3.7217931747436523,4.193591594696045,4.210163116455078,5.381641864776611,8.056346893310547,10.68842601776123,11.494440078735352,12.039731979370117,14.266510009765625,17.62537384033203,21.277671813964844,20.14112663269043,17.137014389038086,17.93408966064453,13.587491989135742,7.391929626464844,7.689377307891846,8.647492408752441,6.047781467437744,4.11126184463501,3.5966379642486572,4.054696559906006,4.727874279022217,3.75754714012146,2.0548086166381836,0.41144534945487976,-0.9552649855613708,-1.609448790550232,-2.8079018592834473,-3.448106050491333,-4.041328430175781,-4.6461358070373535,-4.677779674530029,-3.9286391735076904,-3.0990309715270996,-2.844554901123047,-3.213019371032715,-3.5608911514282227
5.556547164916992,5.817442893981934,5.28578519821167,3.644042491912842,4.039990425109863,2.169560194015503,0.5011579394340515,2.111309289932251,5.052478790283203,7.997173309326172,9.961241722106934,11.046414375305176,12.200665473937988,14.828286170959473,17.003814697265625,19.94070816040039,14.721315383911133,13.457435607910156,14.487823486328125,12.961848258972168,9.958517074584961,9.782464027404785,5.777622222900391,4.727474689483643,5.5992326736450195,5.362814426422119,4.648880481719971,5.195689678192139,4.820924282073975,2.9776487350463867,0.9472105503082275,-0.26304903626441956,-1.0810105800628662,-1.7236407995224,-2.461097240447998,-3.255035877227783,-3.7768218517303467,-3.6933226585388184,-2.9955692291259766,-2.3737473487854004,-2.3478012084960938,-2.8302950859069824,-3.0381593704223633
5.809431552886963,5.574334621429443,4.290102481842041,4.319522857666016,2.342014789581299,-0.636997401714325,-0.3181383013725281,1.702690839767456,4.4216742515563965,6.9539794921875,10.060351371765137,12.55919075012207,14.004388809204102,14.959626197814941,14.200300216674805,16.928247451782227,9.696322441101074,7.586436748504639,10.528336524963379,11.990486145019531,11.372389793395996,10.75676441192627,6.545709609985352,4.782225608825684,6.573044776916504,6.499175071716309,5.808138370513916,5.716945171356201,4.8910980224609375,2.6929097175598145,0.7156854867935181,-0.04862849414348602,-0.10501851886510849,-0.7240548133850098,-1.4626336097717285,-2.3328824043273926,-2.813154697418213,-2.723972797393799,-2.084073543548584,-1.609218955039978,-1.8275281190872192,-2.520003318786621,-2.763213634490967
5.379524230957031,5.616360664367676,6.280492305755615,5.313889026641846,1.4160645008087158,-0.1758500635623932,0.8255214691162109,3.350829839706421,5.578433036804199,7.419181823730469,10.526195526123047,12.430693626403809,12.33740520477295,12.221206665039062,11.799790382385254,12.566733360290527,4.442992210388184,3.06166672706604,8.144418716430664,10.898823738098145,9.770150184631348,8.479208946228027,6.893215656280518,5.26402473449707,6.403738975524902,7.040142059326172,7.26664400100708,6.049001693725586,4.01564359664917,1.966271996498108,1.132301688194275,0.5145947933197021,0.9607096910476685,0.5246932506561279,-0.6648456454277039,-1.4480689764022827,-1.9130299091339111,-1.80684232711792,-1.1752358675003052,-0.7080082893371582,-1.0357024669647217,-1.9946093559265137,-2.364941358566284
7.733123779296875,6.995456695556641,6.9533586502075195,5.208540916442871,2.254659414291382,-0.6176178455352783,0.9036319255828857,5.032998561859131,7.343733310699463,8.578166961669922,10.194868087768555,9.893646240234375,5.970093727111816,4.709502220153809,5.195187091827393,6.551054954528809,0.3479238748550415,2.0508511066436768,7.991947650909424,9.61991024017334,8.342812538146973,6.398135185241699,4.588461875915527,4.361617088317871,5.599868297576904,6.79630184173584,6.964789867401123,5.13526725769043,2.1402523517608643,0.8470675349235535,1.611898422241211,1.7562994956970215,2.0522119998931885,2.050004482269287,0.5756335258483887,-0.26151561737060547,-0.7517231702804565,-0.829602837562561,-0.39458438754081726,0.1480047106742859,-0.08928591758012772,-1.1669164896011353,-1.6014574766159058
10.765230178833008,8.60000991821289,6.754409313201904,4.754359722137451,4.72565221786499,3.8371410369873047,3.567188024520874,6.851444244384766,9.007497787475586,9.129816055297852,9.765047073364258,8.9656982421875,6.3445963859558105,6.645556926727295,6.356766223907471,7.004073619842529,-1.168969988822937,4.056597709655762,6.18152379989624,6.128793239593506,6.29026985168457,4.68316650390625,5.496962070465088,4.036411285400391,0.8161143660545349,2.192732810974121,3.1879210472106934,0.6702263355255127,-0.9163509607315063,-1.2160437107086182,0.273991197347641,0.1695563793182373,1.2152830362319946,2.5672574043273926,3.056105136871338,2.150665521621704,1.1038011312484741,0.2637961208820343,0.3593562841415405,1.0049220323562622,0.8835196495056152,-0.17178519070148468,-0.5778248310089111
