data/wind_data/wind_43_5.json
{"header": {"parameterUnit": "KT", "parameterCategory": 2, "nx": 256, "ny": 198, "lo1": 44.73521041870117, "la1": -3.236724853515625, "lo2": 111.26478576660156, "la2": 43.468475341796875, "dx": 0.2609002888202667, "dy": -0.23708222806453705, "refTime": "2025-02-20 19:00:00", "forecastTime": 0, "parameterNumber": 2, "parameterNumberName": "eastward_wind"}, "data":
[rows 133 to 151 of 198, columns 88 to 131 of 256]
34.5632438659668,33.39570236206055,33.78816604614258,32.48072052001953,30.793598175048828,30.729354858398438,31.387428283691406,31.2762451171875,30.5986385345459,30.670307159423828,31.92777442932129,33.20790481567383,34.210784912109375,35.218109130859375,36.68137741088867,38.35352325439453,39.26234436035156,39.49338912963867,39.955963134765625,40.87437057495117,41.81871032714844,42.442970275878906,42.85074996948242,43.233238220214844,43.512081146240234,43.65433120727539,43.96467971801758,44.698486328125,45.77019119262695,46.725341796875,47.16413879394531,47.07358169555664,46.51957321166992,45.69792175292969,43.723323822021484,41.31665802001953,40.00391387939453,39.92720031738281,40.49454879760742,40.867515563964844,40.98772430419922,41.17281723022461,39.75181198120117,36.90376663208008
38.2465934753418,37.81975173950195,36.12236404418945,33.29999923706055,30.998046875,30.061729431152344,30.604856491088867,30.685163497924805,30.340730667114258,31.396223068237305,33.715091705322266,34.861671447753906,35.18816375732422,36.07954406738281,37.29700469970703,37.79878234863281,37.5788688659668,38.02195739746094,39.60801696777344,41.2760124206543,42.310997009277344,42.89890670776367,43.42815017700195,44.02968215942383,44.720062255859375,45.447845458984375,46.1712760925293,47.09864044189453,48.151737213134766,48.866111755371094,48.8951530456543,48.40475082397461,47.51402282714844,46.53289031982422,44.2524299621582,40.949459075927734,38.861541748046875,39.060142517089844,40.56975173950195,41.25950622558594,42.3303108215332,41.09236145019531,36.323646545410156,34.08598709106445
35.67041015625,34.94194793701172,33.879173278808594,33.0637321472168,32.48837661743164,31.871946334838867,31.74347496032715,31.51935577392578,31.895174026489258,33.961456298828125,35.77674865722656,35.60581970214844,35.2902946472168,35.915828704833984,36.316612243652344,35.99854278564453,36.0770263671875,37.581581115722656,39.848384857177734,41.53226852416992,42.52615737915039,43.525634765625,44.62537384033203,45.57082748413086,46.51325607299805,47.4508056640625,48.14595413208008,48.80656814575195,49.34222412109375,49.449928283691406,48.872947692871094,47.89957046508789,46.769535064697266,45.636680603027344,43.435428619384766,39.9161491394043,38.724403381347656,40.20271682739258,41.30485153198242,40.59916305541992,41.86414337158203,38.320560455322266,37.545326232910156,37.86336135864258
33.20552062988281,32.19797134399414,31.570457458496094,30.721506118774414,30.252079010009766,30.90459442138672,32.18037414550781,32.322601318359375,33.79376983642578,35.88310241699219,36.10789108276367,34.93886947631836,34.71807098388672,34.91988754272461,34.76239013671875,34.91923522949219,36.11197280883789,38.12957000732422,40.28681182861328,41.87042999267578,43.15764236450195,44.73030471801758,46.22046661376953,47.224205017089844,47.968929290771484,48.508766174316406,48.703556060791016,48.69206619262695,48.431217193603516,47.85138702392578,46.74134826660156,45.431392669677734,44.18149948120117,42.99515914916992,41.10038757324219,38.8890266418457,40.16136169433594,42.92520523071289,43.410667419433594,40.81348419189453,39.27116012573242,38.06303024291992,39.77062225341797,42.50552749633789
32.561588287353516,31.592864990234375,30.691730499267578,29.68790626525879,29.352317810058594,29.91008949279785,30.321672439575195,30.386430740356445,33.18265914916992,35.51242446899414,35.081764221191406,33.996986389160156,33.782188415527344,33.95029067993164,34.47678756713867,35.57291793823242,37.08106231689453,38.8793830871582,40.808223724365234,42.49319839477539,44.18738555908203,45.982574462890625,47.257713317871094,47.78157043457031,47.791908264160156,47.453102111816406,46.837799072265625,46.01617431640625,44.96986389160156,43.70130157470703,42.33479690551758,41.01679229736328,40.09983444213867,39.087032318115234,37.408260345458984,36.88982009887695,39.01287078857422,42.04560470581055,41.96200942993164,38.878318786621094,37.661094665527344,40.86032485961914,45.57869338989258,50.810462951660156
27.67531394958496,27.824155807495117,28.952281951904297,29.363529205322266,29.092634201049805,29.369234085083008,29.985185623168945,30.912158966064453,33.284122467041016,35.26626205444336,34.441524505615234,32.880340576171875,32.812232971191406,33.95856857299805,35.306434631347656,36.386985778808594,37.65129470825195,39.30418395996094,41.09300994873047,42.895233154296875,44.72964096069336,46.21698760986328,46.87223815917969,46.48707962036133,45.37712860107422,44.0495491027832,42.735939025878906,41.38278579711914,39.646968841552734,37.64046096801758,36.05555725097656,35.21055603027344,35.062477111816406,34.49151611328125,33.65994644165039,33.98765563964844,35.57302474975586,36.096031188964844,35.387725830078125,34.095428466796875,37.37319564819336,43.52336502075195,48.05674362182617,52.92144775390625
25.179231643676758,26.555543899536133,27.674955368041992,28.033924102783203,28.3729190826416,29.16912078857422,30.82253074645996,32.995975494384766,34.323673248291016,34.89291763305664,34.00749588012695,32.599159240722656,32.653743743896484,33.85879898071289,35.15171813964844,36.32764434814453,37.738609313964844,39.315887451171875,40.96687698364258,42.680721282958984,44.14133071899414,45.0909309387207,45.047733306884766,43.57111358642578,41.26676559448242,39.05834197998047,37.41923904418945,36.03322219848633,33.78276824951172,30.940664291381836,29.200790405273438,29.191287994384766,29.943063735961914,29.720046997070312,28.75467300415039,28.997318267822266,30.439245223999023,29.194721221923828,28.18268585205078,29.467775344848633,34.883575439453125,37.26679992675781,37.152469635009766,40.937801361083984
26.06016731262207,26.6026554107666,25.675865173339844,26.38660430908203,28.515892028808594,30.736806869506836,32.917808532714844,34.603233337402344,34.42627716064453,33.68511962890625,33.155147552490234,32.291954040527344,32.3362922668457,33.46790313720703,34.9681510925293,36.438228607177734,37.80084228515625,39.110660552978516,40.46811294555664,41.68541717529297,42.43920135498047,42.703487396240234,41.90889358520508,39.45201110839844,36.09059524536133,33.227291107177734,31.8239803314209,30.89681625366211,28.518117904663086,25.222822189331055,23.547412872314453,24.411399841308594,25.222373962402344,24.36152458190918,23.120868682861328,22.607519149780273,25.028350830078125,25.620677947998047,26.07898712158203,28.181049346923828,33.844337463378906,34.01188659667969,32.655487060546875,38.153602600097656
24.873767852783203,24.693506240844727,24.039594650268555,25.615257263183594,28.86679458618164,31.878530502319336,33.30890655517578,34.18940734863281,33.58186340332031,32.638675689697266,32.377410888671875,31.910987854003906,32.158145904541016,33.5592155456543,35.30649185180664,36.81017303466797,37.92393112182617,38.74934768676758,39.27153015136719,39.51675796508789,39.43165969848633,38.948089599609375,37.57542419433594,34.56725311279297,30.79996109008789,27.943401336669922,27.157602310180664,26.78801727294922,24.60597038269043,21.355205535888672,20.268207550048828,20.77920150756836,21.0302734375,19.91796112060547,19.120216369628906,17.128665924072266,16.286693572998047,22.01340103149414,28.048065185546875,33.39360046386719,34.48186492919922,34.827632904052734,36.99790573120117,43.20952606201172
22.992639541625977,23.625442504882812,23.804580688476562,25.416790008544922,28.334775924682617,30.771575927734375,31.829145431518555,33.97675704956055,33.436431884765625,32.03655242919922,31.614543914794922,31.73236656188965,32.66923141479492,34.1988525390625,35.5173454284668,36.603519439697266,37.4459228515625,37.61121368408203,36.76756286621094,35.82927703857422,35.14625930786133,34.32609939575195,32.84980010986328,29.763750076293945,26.217180252075195,24.00103759765625,23.767440795898438,23.844070434570312,22.113231658935547,19.423593521118164,18.48925018310547,18.803743362426758,18.05501365661621,17.570783615112305,15.200035095214844,19.645923614501953,17.391603469848633,22.21065330505371,29.520572662353516,35.29890060424805,32.6124382019043,35.57604217529297,40.05380630493164,39.83635330200195
22.134140014648438,23.323261260986328,24.78952980041504,26.494909286499023,27.82149887084961,29.544710159301758,31.38226318359375,35.17436218261719,34.494140625,31.31717300415039,31.24392318725586,32.14917755126953,33.09137725830078,33.96396255493164,34.63027572631836,35.652374267578125,36.5313835144043,36.260780334472656,34.18637466430664,31.971446990966797,30.793977737426758,29.81247329711914,28.250524520874023,25.367671966552734,22.407339096069336,20.91798973083496,21.118661880493164,21.718975067138672,20.720375061035156,18.366771697998047,17.727783203125,16.910070419311523,17.020706176757812,17.253496170043945,12.223834037780762,20.95301628112793,24.733272552490234,24.12080192565918,29.97769546508789,32.48871994018555,30.700815200805664,35.077110290527344,36.643959045410156,32.65472412109375
22.675718307495117,24.691349029541016,26.657182693481445,28.200597763061523,28.780349731445312,29.218599319458008,31.082735061645508,34.419944763183594,35.86873245239258,33.04790496826172,32.753944396972656,32.6947135925293,32.354827880859375,32.57685852050781,33.42216873168945,34.49684143066406,34.89817810058594,34.40325164794922,32.44878387451172,29.807025909423828,28.066862106323242,26.612293243408203,24.691904067993164,22.26215362548828,20.13915252685547,18.916955947875977,18.792369842529297,19.872310638427734,19.713226318359375,18.380205154418945,17.943023681640625,17.58748435974121,16.092805862426758,17.223798751831055,15.801966667175293,19.982192993164062,29.176729202270508,30.787137985229492,29.99098014831543,30.995914459228516,33.97176742553711,36.162254333496094,28.764068603515625,37.46990966796875
23.892841339111328,25.865171432495117,27.77914047241211,28.95376968383789,29.55834197998047,29.198442459106445,28.672687530517578,33.81439208984375,38.48012924194336,36.92639923095703,34.135643005371094,32.483028411865234,31.845565795898438,32.189735412597656,33.116634368896484,33.20085525512695,32.1649055480957,30.871572494506836,29.271934509277344,27.166330337524414,25.636438369750977,24.290199279785156,22.50586700439453,20.72149658203125,19.328659057617188,18.214143753051758,17.539772033691406,18.511533737182617,19.082307815551758,19.325054168701172,18.77764129638672,19.424087524414062,16.18813133239746,9.363943099975586,14.941895484924316,25.713808059692383,31.630897521972656,35.79703140258789,31.859907150268555,26.4567813873291,33.858245849609375,40.99265670776367,28.804798126220703,31.547481536865234
25.516653060913086,27.022750854492188,28.692686080932617,29.890254974365234,30.61788558959961,31.086645126342773,29.481101989746094,32.64125442504883,37.76674270629883,37.27460479736328,34.01293182373047,32.0947380065918,32.106201171875,33.016510009765625,33.39278030395508,31.861865997314453,29.416397094726562,27.355281829833984,25.399333953857422,23.194149017333984,21.940567016601562,21.547607421875,20.88397789001465,20.407243728637695,19.8027286529541,18.55208969116211,17.55034065246582,17.95770835876465,18.6464900970459,18.397869110107422,18.476770401000977,19.764204025268555,16.72465705871582,13.468929290771484,11.290684700012207,29.214582443237305,39.77378463745117,34.35898971557617,28.241619110107422,24.917526245117188,32.19462966918945,42.592403411865234,38.42799377441406,26.552000045776367
25.48512840270996,26.933975219726562,28.64107894897461,30.30474281311035,31.332597732543945,32.69552230834961,31.262601852416992,30.755971908569336,33.57691955566406,34.8848762512207,33.75273132324219,32.5376091003418,33.11328887939453,33.680931091308594,32.339324951171875,29.678314208984375,27.036176681518555,24.861461639404297,22.870466232299805,20.737590789794922,19.445966720581055,19.497526168823242,19.852933883666992,20.68822479248047,20.892620086669922,19.991832733154297,19.43719482421875,19.420230865478516,18.846424102783203,18.140819549560547,14.86500072479248,15.725465774536133,16.652650833129883,20.30986213684082,13.790433883666992,24.465539932250977,36.53277587890625,37.74656295776367,26.88344955444336,22.90223503112793,29.27341079711914,39.11851119995117,43.6942024230957,35.31753921508789
23.990278244018555,27.389204025268555,29.53932762145996,30.700857162475586,31.842336654663086,33.56847381591797,33.44187927246094,30.838970184326172,28.299901962280273,30.207460403442383,31.56795883178711,33.05508804321289,34.418296813964844,33.16875457763672,29.903453826904297,27.15378189086914,24.878822326660156,22.618593215942383,21.183067321777344,19.87691879272461,18.605342864990234,18.555660247802734,19.591690063476562,21.009410858154297,21.54298210144043,21.267837524414062,21.68654441833496,20.998929977416992,18.982845306396484,17.32903480529785,16.445951461791992,14.90994930267334,16.79344367980957,23.437074661254883,21.957448959350586,18.44704246520996,25.512948989868164,34.650970458984375,35.42445373535156,23.95071029663086,20.723041534423828,32.34101867675781,40.65211486816406,42.966548919677734
23.89858627319336,25.738201141357422,28.705533981323242,31.819387435913086,33.45542526245117,34.78950500488281,35.50343322753906,33.33154296875,28.5847225189209,28.27530288696289,31.24193572998047,34.564247131347656,35.47217559814453,31.886892318725586,27.042713165283203,24.1876277923584,22.508657455444336,20.654077529907227,19.693695068359375,19.062591552734375,18.05068016052246,18.062942504882812,19.463634490966797,21.19750213623047,21.92901611328125,21.50048828125,20.330278396606445,18.29104995727539,15.552212715148926,14.042137145996094,7.131209850311279,19.760364532470703,21.35977554321289,25.579099655151367,26.468996047973633,20.66480255126953,18.972280502319336,24.966005325317383,31.09499168395996,30.5812931060791,28.49241065979004,31.302658081054688,37.26498794555664,39.25123596191406
26.649770736694336,23.564870834350586,28.62652587890625,32.736175537109375,34.42009353637695,34.29703140258789,35.76976013183594,35.82880401611328,33.54855728149414,33.99738693237305,36.40864944458008,37.168582916259766,34.855960845947266,29.822433471679688,23.184803009033203,19.217906951904297,18.521020889282227,18.47136878967285,18.172847747802734,18.041059494018555,17.838367462158203,18.21074867248535,19.49045181274414,20.965980529785156,21.597400665283203,20.11208152770996,18.684520721435547,16.372867584228516,13.804707527160645,12.154905319213867,4.2667646408081055,21.212018966674805,28.907968521118164,27.376529693603516,25.11233901977539,20.950912475585938,15.10056209564209,21.286771774291992,32.87556457519531,34.823307037353516,34.18142318725586,35.21892547607422,41.57218933105469,39.153648376464844
25.68747329711914,26.304790496826172,27.383028030395508,30.249643325805664,31.982858657836914,32.24753189086914,33.63433074951172,34.87916564941406,34.89817428588867,34.73955154418945,34.674957275390625,33.801788330078125,31.298328399658203,26.689857482910156,19.665754318237305,14.97845458984375,14.843582153320312,16.337236404418945,16.979656219482422,17.302915573120117,17.984745025634766,18.848142623901367,19.305057525634766,19.87567710876465,20.196805953979492,19.046363830566406,17.617387771606445,15.574695587158203,14.916446685791016,13.921127319335938,8.17724895477295,16.170917510986328,26.871490478515625,28.576656341552734,22.72026252746582,18.739431381225586,17.687824249267578,25.679107666015625,35.224998474121094,38.656700134277344,35.459800720214844,34.39170837402344,42.32081604003906,44.314918518066406
