data/wind_data/wind_38_8.json
{"header": {"parameterUnit": "KT", "parameterCategory": 2, "nx": 256, "ny": 198, "lo1": 44.73521041870117, "la1": -3.236724853515625, "lo2": 111.26478576660156, "la2": 43.468475341796875, "dx": 0.2609002888202667, "dy": -0.23708222806453705, "refTime": "2025-02-20 14:00:00", "forecastTime": 0, "parameterNumber": 2, "parameterNumberName": "eastward_wind"}, "data":
[rows 19 to 37 of 198, columns 88 to 131 of 256]
-0.7184399366378784,-1.6797295808792114,-2.736004590988159,-2.7740323543548584,-1.5334067344665527,-0.7080010771751404,-0.7146852612495422,-1.4380689859390259,-1.8946340084075928,-2.257544994354248,-1.8720003366470337,-1.1980807781219482,-1.2318415641784668,-2.0481598377227783,-3.2122483253479004,-4.130669116973877,-4.178051471710205,-2.745976209640503,-0.8074021339416504,-0.939672589302063,-0.34470483660697937,-0.9858962297439575,-2.5793652534484863,-3.2619967460632324,-1.3986612558364868,-1.612898826599121,-1.1445759534835815,-1.9186360836029053,-3.247568368911743,-2.933539628982544,-2.6083102226257324,-4.57470178604126,-4.7196831703186035,-4.712611675262451,-4.225431442260742,-2.931274890899658,-2.1449615955352783,-1.9517327547073364,-4.497467517852783,-5.965793609619141,-3.688149929046631,-1.890250325202942,-1.4180667400360107,-0.6170385479927063
-0.4972614645957947,-1.2756379842758179,-2.265394926071167,-2.5423221588134766,-1.8489776849746704,-0.7605850100517273,-0.2141522914171219,-0.7617208957672119,-1.6446508169174194,-2.1345934867858887,-1.8001972436904907,-0.8068230152130127,-0.489361435174942,-1.6999659538269043,-3.2377305030822754,-3.902315378189087,-3.6357429027557373,-2.7608933448791504,-1.8520939350128174,-0.4746330678462982,-0.2938700020313263,0.01884354278445244,-0.8782569766044617,-3.140699625015259,-2.5359482765197754,-1.4287184476852417,-1.2616117000579834,-1.481513500213623,-2.176619052886963,-1.992354393005371,-2.176318645477295,-4.385665416717529,-4.7009758949279785,-5.425400733947754,-4.708525657653809,-2.530630350112915,-2.4991140365600586,-2.886768102645874,-5.129175186157227,-5.632055759429932,-2.581651449203491,-1.5465956926345825,-0.8364351987838745,-0.8769112825393677
-0.030020184814929962,-0.749397337436676,-1.3299973011016846,-1.7781188488006592,-1.8076584339141846,-1.1035784482955933,0.15563760697841644,0.5538754463195801,-0.29298827052116394,-1.359261155128479,-1.731099009513855,-0.982166588306427,-0.27314022183418274,-1.040689468383789,-2.387948513031006,-3.228905200958252,-3.1915838718414307,-2.5022964477539062,-1.8605163097381592,-0.774954080581665,-0.8356893658638,-0.019240768626332283,-0.6405417323112488,-1.9637318849563599,-2.458512783050537,-1.47123384475708,-1.5247302055358887,-1.1794236898422241,-1.1073505878448486,-1.5151863098144531,-1.9740544557571411,-3.4358558654785156,-4.384964466094971,-5.102887153625488,-4.579922199249268,-2.3512303829193115,-2.5073282718658447,-3.805393934249878,-4.756884574890137,-4.454478740692139,-2.3261876106262207,-1.2956702709197998,-2.0243430137634277,-2.7905375957489014
0.956578254699707,0.19519774615764618,-0.21142998337745667,-0.6692778468132019,-0.9434992074966431,-0.7246341705322266,0.2892862558364868,1.0981619358062744,0.7305456399917603,-0.5761589407920837,-1.80398428440094,-1.4855594635009766,-0.08848016709089279,0.41547897458076477,-0.745474636554718,-2.319329261779785,-3.020387887954712,-3.0035653114318848,-2.652327060699463,-1.1746301651000977,-0.4535054564476013,0.3280279040336609,0.08829925209283829,-1.615417718887329,-1.7093253135681152,-1.0089201927185059,-1.0059171915054321,-1.5868704319000244,-1.3872979879379272,-0.7047614455223083,-0.9200268983840942,-2.553224802017212,-4.110160827636719,-4.742836952209473,-4.338734149932861,-2.5306591987609863,-2.791787624359131,-3.300302505493164,-3.8413264751434326,-4.4697794914245605,-2.936488151550293,-0.44276344776153564,-1.6947021484375,-3.713549852371216
1.9913462400436401,1.3546884059906006,0.6766805052757263,0.3504541516304016,0.4338340759277344,0.5988814830780029,0.8125935792922974,1.1655089855194092,1.078172206878662,0.310313880443573,-0.8466396927833557,-1.3204541206359863,-0.4079083204269409,0.5493293404579163,-0.06810004264116287,-1.7421098947525024,-2.9477720260620117,-3.3326215744018555,-3.233920097351074,-1.5702877044677734,0.3880825638771057,1.3472989797592163,0.23872818052768707,-1.5686862468719482,-1.3224458694458008,-0.3320159912109375,-0.13107244670391083,-1.4451600313186646,-1.8634402751922607,-0.5615925788879395,-0.5158912539482117,-2.609682083129883,-4.135453224182129,-4.637825965881348,-3.7926368713378906,-2.9346373081207275,-2.4776201248168945,-2.804232358932495,-4.358189105987549,-5.178789138793945,-3.659907579421997,-0.14534948766231537,-0.47359833121299744,-1.6566795110702515
3.0269482135772705,2.3855857849121094,1.6432205438613892,1.3542029857635498,1.610550045967102,1.8279376029968262,1.7633614540100098,1.6997255086898804,1.4285403490066528,1.0168102979660034,0.40678784251213074,-0.3779183030128479,-0.5791141390800476,-0.1489787995815277,-0.3806518316268921,-1.640345811843872,-2.5648365020751953,-2.7311887741088867,-2.6567070484161377,-1.8961771726608276,-0.4727708697319031,0.32565292716026306,0.013360833749175072,-0.620590090751648,-0.9904582500457764,-0.609125554561615,0.05308154225349426,0.012399068102240562,-0.5782576203346252,-0.4901386797428131,-1.079833984375,-2.66841459274292,-4.005025863647461,-4.536725044250488,-3.406684160232544,-2.333890676498413,-1.877960443496704,-2.411137580871582,-3.6055960655212402,-3.7226366996765137,-3.5851731300354004,-1.4287790060043335,-1.3819938898086548,-0.265550434589386
4.212413311004639,3.3980798721313477,2.882800817489624,2.542504072189331,2.4402763843536377,2.4604227542877197,2.460033655166626,2.288053512573242,1.7438088655471802,1.3809584379196167,1.3133916854858398,0.9947218894958496,0.5825036764144897,0.3220982849597931,-0.09730307012796402,-1.352728009223938,-2.5257444381713867,-2.725515127182007,-2.4381444454193115,-2.184669017791748,-1.5693473815917969,-0.7403706908226013,-0.021035009995102882,-0.14667655527591705,-1.1512064933776855,-1.1804817914962769,-0.03585003316402435,1.0692404508590698,0.6712135672569275,-0.6980663537979126,-1.6681382656097412,-1.834628939628601,-2.5276288986206055,-3.326547622680664,-2.5543551445007324,-1.245172381401062,-1.0884312391281128,-1.872007966041565,-3.0521607398986816,-3.646303176879883,-3.5214109420776367,-2.3697409629821777,-1.549658179283142,-0.3416428565979004
5.725508689880371,4.650315284729004,4.158927917480469,3.673067808151245,3.1153788566589355,2.8183746337890625,2.9289321899414062,2.970985174179077,2.469949245452881,1.9219270944595337,1.8362891674041748,1.7528700828552246,1.3598711490631104,0.7757850885391235,0.24325436353683472,-0.6653950810432434,-1.9213961362838745,-2.5286738872528076,-2.3014276027679443,-1.8508645296096802,-1.4317386150360107,-0.8685783743858337,-0.5054785013198853,-0.9312600493431091,-1.701405644416809,-1.5811480283737183,-0.47625043988227844,0.46109020709991455,-0.04218696057796478,-1.4744329452514648,-1.6875962018966675,-0.5698944330215454,-0.7633700370788574,-2.148162841796875,-2.04586124420166,-0.6278022527694702,-0.12668465077877045,-1.12349534034729,-2.9471142292022705,-4.294919013977051,-4.0173659324646,-2.6103928089141846,-1.0081655979156494,-0.8940778374671936
6.513266086578369,5.654787063598633,5.0855326652526855,4.490964412689209,3.6970620155334473,3.1867313385009766,3.459542751312256,3.837970018386841,3.6339032649993896,3.0809860229492188,2.6330816745758057,2.2042815685272217,1.529147982597351,0.7838177680969238,0.2783261835575104,-0.14069731533527374,-1.0341311693191528,-1.778026819229126,-1.7667551040649414,-1.1793240308761597,-0.8431857228279114,-1.063761591911316,-1.4937739372253418,-1.8651032447814941,-1.9933897256851196,-1.7653940916061401,-1.045945405960083,-0.583586573600769,-0.9387510418891907,-1.6825761795043945,-1.379258155822754,-0.06145787611603737,0.07533957064151764,-1.1855093240737915,-1.7318809032440186,-0.7057793736457825,0.08173034340143204,-0.4590674936771393,-1.8560270071029663,-3.5849757194519043,-4.0903401374816895,-2.6494734287261963,-0.8059285879135132,-0.7369244694709778
7.043763160705566,6.339735507965088,5.6881937980651855,5.004239559173584,4.1244282722473145,3.6109731197357178,4.061791896820068,4.65474271774292,4.639208793640137,4.258985996246338,3.7565927505493164,3.124303102493286,2.2085940837860107,1.2497012615203857,0.8606224060058594,0.8024426698684692,0.19521647691726685,-0.9092102646827698,-1.5006593465805054,-1.2407828569412231,-1.0037297010421753,-1.2487735748291016,-1.6625652313232422,-1.7463858127593994,-1.514507532119751,-1.399353265762329,-1.1112185716629028,-0.8365888595581055,-0.9559306502342224,-1.214903473854065,-0.9387289881706238,-0.33105266094207764,-0.33201998472213745,-0.8294864296913147,-1.0308905839920044,-0.11212752759456635,0.8900994062423706,0.6423779129981995,-0.4588170051574707,-2.018832206726074,-3.348659038543701,-2.509474277496338,-0.9215694665908813,-0.6689774394035339
7.672700881958008,6.995632171630859,6.464457035064697,5.775995254516602,4.965632438659668,4.584959506988525,4.825283527374268,5.1410932540893555,5.163107395172119,5.158392429351807,4.947826385498047,4.228887557983398,3.0682058334350586,1.9233484268188477,1.380234956741333,1.3800617456436157,1.1646713018417358,0.269258588552475,-0.651725172996521,-0.9066349864006042,-0.870576024055481,-0.9164084792137146,-1.070443034172058,-1.1148183345794678,-0.9773364663124084,-0.9405359029769897,-0.8158223032951355,-0.6357571482658386,-0.8458006978034973,-1.0605977773666382,-0.8570623993873596,-0.777891993522644,-1.120171070098877,-1.125913381576538,-0.2859136462211609,1.2086769342422485,2.131434202194214,1.7069109678268433,0.7278746962547302,-0.4716590940952301,-1.961763620376587,-1.9607115983963013,-1.064133882522583,-0.5242434144020081
8.55831527709961,7.791869163513184,7.3357768058776855,6.92422342300415,6.525180339813232,6.322500705718994,6.147952079772949,5.879754543304443,5.695242881774902,5.739873886108398,5.745238780975342,5.189608573913574,4.01997184753418,2.66650128364563,1.6278914213180542,1.1720539331436157,1.068719744682312,0.811420738697052,0.29132315516471863,-0.1004520058631897,-0.09629252552986145,0.0750618427991867,-0.059352125972509384,-0.43522366881370544,-0.5535154342651367,-0.5220057964324951,-0.49822312593460083,-0.6962966322898865,-1.2307629585266113,-1.4807019233703613,-1.1214112043380737,-0.7454515099525452,-0.9506621360778809,-1.0550967454910278,0.0546024926006794,1.844778299331665,2.584834575653076,1.9801082611083984,1.1222258806228638,0.3812303841114044,-0.5447900295257568,-0.8007910251617432,-0.520232081413269,-0.07731615751981735
9.983195304870605,9.017236709594727,8.389396667480469,8.093033790588379,8.104055404663086,8.209676742553711,7.928225517272949,7.221798419952393,6.561511993408203,6.33759069442749,6.3320512771606445,6.0115742683410645,5.07496976852417,3.734276533126831,2.3019187450408936,1.17281973361969,0.7148590683937073,0.8098426461219788,0.8513711094856262,0.5922104716300964,0.4514113664627075,0.5436451435089111,0.5011022090911865,0.3297387659549713,0.21540626883506775,0.06428054720163345,-0.2787303924560547,-0.9970665574073792,-1.8562108278274536,-2.108473777770996,-1.4666602611541748,-0.6639522910118103,-0.4631597101688385,-0.7804456949234009,-0.1456727236509323,1.567273497581482,2.614394426345825,2.1695163249969482,1.149192214012146,0.794898271560669,0.6704984307289124,0.4897400140762329,0.1545763462781906,0.2769618034362793
11.62232780456543,10.668944358825684,9.855636596679688,9.349869728088379,9.318480491638184,9.499808311462402,9.420910835266113,8.787397384643555,7.743796348571777,7.0280985832214355,6.8307037353515625,6.649453639984131,6.107925891876221,5.021872520446777,3.58538556098938,2.1729867458343506,1.250791311264038,1.0742710828781128,1.2514283657073975,1.2046548128128052,1.0226778984069824,1.0225707292556763,1.1285176277160645,1.107928991317749,0.840434730052948,0.5654556751251221,0.1365165412425995,-0.7587559223175049,-1.8640326261520386,-2.286634922027588,-1.5408958196640015,-0.44232848286628723,0.02140367589890957,-0.5153445601463318,-0.49032944440841675,0.8411034941673279,2.3671507835388184,2.660064935684204,1.6649492979049683,1.07658851146698,1.3559092283248901,1.3155677318572998,0.7309625744819641,0.7072850465774536
12.656825065612793,12.029247283935547,11.43228530883789,10.921577453613281,10.68054485321045,10.623342514038086,10.44768238067627,9.865189552307129,8.737151145935059,7.644493103027344,7.196717262268066,7.092518329620361,6.795557975769043,6.026037693023682,4.817568302154541,3.528329372406006,2.452228546142578,1.9241172075271606,1.9204753637313843,1.9670557975769043,1.8178129196166992,1.7437626123428345,1.9954907894134521,2.1456499099731445,1.7453680038452148,1.1376442909240723,0.43985044956207275,-0.3656948208808899,-1.1860240697860718,-1.4743528366088867,-0.8560941815376282,-0.20283746719360352,0.053000882267951965,-0.4598093032836914,-0.6195074915885925,0.1341363787651062,1.7978819608688354,2.8905482292175293,2.4623425006866455,1.720002293586731,1.8798993825912476,2.0426111221313477,1.7296769618988037,1.5737076997756958
12.878912925720215,12.589715957641602,12.435461044311523,12.31420612335205,12.146912574768066,11.876995086669922,11.32954216003418,10.45003604888916,9.341985702514648,8.226412773132324,7.523207187652588,7.327052116394043,7.0864644050598145,6.375596046447754,5.319118499755859,4.211273670196533,3.2666714191436768,2.773313045501709,2.83378529548645,3.1260807514190674,3.1290814876556396,3.04710054397583,3.0735809803009033,3.160464286804199,2.9477617740631104,2.2428407669067383,1.216793179512024,0.14590419828891754,-0.5109687447547913,-0.5689456462860107,-0.12672702968120575,0.1728430688381195,-0.45052143931388855,-1.2029839754104614,-1.0675022602081299,-0.3339898884296417,1.291480541229248,2.4226484298706055,2.5806703567504883,2.4187471866607666,2.706305503845215,3.0420045852661133,2.9980382919311523,2.4970638751983643
12.475647926330566,12.240832328796387,12.335386276245117,12.68515682220459,12.87126350402832,12.692599296569824,12.0706205368042,11.06753921508789,9.974405288696289,8.859170913696289,7.878829479217529,7.450694561004639,7.32696533203125,6.821089744567871,5.764551162719727,4.501103401184082,3.5093934535980225,3.194866418838501,3.5977509021759033,4.166507720947266,4.250730991363525,4.050033092498779,3.9113969802856445,3.9849371910095215,3.8413102626800537,3.3288395404815674,2.4363412857055664,1.3284178972244263,0.47710809111595154,0.12084203213453293,0.18316417932510376,0.4922039806842804,0.31842559576034546,-1.2555179595947266,-1.7536213397979736,-1.2060703039169312,0.6201184988021851,1.706725835800171,2.288121223449707,2.834301233291626,3.3590915203094482,3.7898786067962646,3.711698293685913,3.0408825874328613
11.693743705749512,11.461823463439941,11.473469734191895,12.003369331359863,12.52873420715332,12.583479881286621,12.289145469665527,11.591238021850586,10.602042198181152,9.554104804992676,8.494636535644531,7.856743335723877,7.737329959869385,7.498851776123047,6.629308700561523,5.226896286010742,3.9392876625061035,3.49579119682312,4.004262447357178,4.713548183441162,4.803170204162598,4.375789165496826,4.1370625495910645,4.210729598999023,4.302305698394775,4.081996917724609,3.4169795513153076,2.6550772190093994,1.8780794143676758,1.3481497764587402,1.2789863348007202,0.8069692850112915,0.9206047654151917,0.26367270946502686,-0.7387931942939758,-1.1710729598999023,-0.18611907958984375,0.9285845160484314,1.8320308923721313,2.8030176162719727,3.6247406005859375,4.0066118240356445,3.8165924549102783,3.2904293537139893
10.680651664733887,10.617687225341797,10.519037246704102,10.862676620483398,11.402321815490723,11.664173126220703,11.765477180480957,11.53150749206543,10.843049049377441,10.002551078796387,9.202710151672363,8.649605751037598,8.539353370666504,8.458930015563965,7.803293228149414,6.411949157714844,4.898499488830566,4.142080307006836,4.31593132019043,4.788741111755371,4.862475872039795,4.554948806762695,4.367175102233887,4.41563081741333,4.686462879180908,4.726269245147705,4.205465793609619,3.514841318130493,3.0596556663513184,2.596832036972046,2.2985360622406006,2.010695457458496,1.64716637134552,1.6413177251815796,1.185164213180542,0.28747615218162537,-0.017867745831608772,0.34467098116874695,1.2402571439743042,2.484447956085205,3.540666341781616,4.141241550445557,4.299760341644287,3.9559051990509033
