data/wind_data/wind_31_3.json
{"header": {"parameterUnit": "KT", "parameterCategory": 2, "nx": 256, "ny": 198, "lo1": 44.73521041870117, "la1": -3.236724853515625, "lo2": 111.26478576660156, "la2": 43.468475341796875, "dx": 0.2609002888202667, "dy": -0.23708222806453705, "refTime": "2025-02-20 07:00:00", "forecastTime": 0, "parameterNumber": 2, "parameterNumberName": "eastward_wind"}, "data":
[rows 19 to 37 of 198, columns 44 to 87 of 256]
0.3801412880420685,1.0525002479553223,1.5662058591842651,1.7463653087615967,1.9647802114486694,2.2228283882141113,2.351618528366089,3.1107468605041504,3.3705434799194336,2.8548195362091064,2.3885834217071533,1.8747577667236328,1.6851656436920166,1.7473182678222656,1.8894315958023071,2.4478626251220703,2.7787680625915527,2.595993995666504,1.9578725099563599,1.7467660903930664,1.0662189722061157,0.5589547157287598,0.7812545299530029,0.7715432643890381,0.5187670588493347,-1.8634288311004639,-2.2760090827941895,-1.9616855382919312,-2.0794272422790527,-1.5860615968704224,-3.2803385257720947,-4.768347263336182,-6.168128967285156,-7.722353935241699,-8.081838607788086,-6.050610065460205,-4.814332485198975,-5.208898544311523,-4.8529887199401855,-4.452966213226318,-5.757136821746826,-7.808934211730957,-6.797778129577637,-5.284624099731445
-1.4228545427322388,0.7363904714584351,1.0958757400512695,0.2769990563392639,0.535120964050293,1.3246030807495117,1.55010986328125,1.8127042055130005,2.22753643989563,2.172805070877075,1.6848891973495483,1.2928940057754517,1.1904973983764648,1.3398828506469727,0.9635524153709412,1.0671781301498413,1.3239282369613647,1.7770359516143799,0.7455009818077087,0.785200297832489,-0.06335146725177765,-0.3183784782886505,-0.9675731062889099,-1.5903785228729248,-2.3153083324432373,-2.9319705963134766,-2.7907395362854004,-2.3170483112335205,-1.9154800176620483,-4.770533084869385,-5.261248588562012,-4.533611297607422,-6.4860687255859375,-7.861259937286377,-8.408163070678711,-7.105349540710449,-5.867492198944092,-5.644259929656982,-4.60659646987915,-4.320721626281738,-6.574646949768066,-7.053951740264893,-8.301417350769043,-7.512664318084717
-2.0749385356903076,0.6053657531738281,1.223098635673523,-0.37030720710754395,-0.8731918931007385,0.05547018349170685,0.4124637246131897,0.5408818125724792,1.2650275230407715,1.513533353805542,0.985999345779419,0.581622838973999,0.7229557633399963,0.7600197196006775,0.10200628638267517,-0.6866598129272461,-0.8844728469848633,-0.6600198745727539,0.035189270973205566,-0.2836686670780182,-1.2920650243759155,-1.1035043001174927,-1.6170499324798584,-3.210040330886841,-3.5388078689575195,-3.5845649242401123,-4.861875534057617,-6.260950565338135,-6.646360874176025,-6.675345420837402,-6.1931257247924805,-5.091094493865967,-7.928129196166992,-9.999756813049316,-8.55105972290039,-8.076854705810547,-7.059587001800537,-6.342044353485107,-6.166443347930908,-6.580279350280762,-7.54953670501709,-8.329339027404785,-8.443039894104004,-8.354816436767578
-0.8650792241096497,-1.8443528413772583,0.55545973777771,0.23620201647281647,-1.31730055809021,-1.1273243427276611,-0.7669702172279358,-0.696108341217041,0.03734308108687401,0.6782777309417725,0.2620294988155365,-0.2968840003013611,-0.32636648416519165,-0.34851646423339844,-0.8973420858383179,-1.7092136144638062,-2.09519100189209,-1.9524211883544922,-1.9842816591262817,-2.6225104331970215,-2.9030652046203613,-2.359753370285034,-1.9868296384811401,-3.078723192214966,-4.081689357757568,-4.332254886627197,-5.169833183288574,-7.159278392791748,-8.495809555053711,-8.505871772766113,-8.28614330291748,-8.813105583190918,-9.794666290283203,-9.991125106811523,-8.834096908569336,-8.043081283569336,-7.320178985595703,-7.109102725982666,-8.11935806274414,-8.007270812988281,-8.941694259643555,-9.141658782958984,-8.5391845703125,-8.181747436523438
-3.820253849029541,-7.634086608886719,-4.947115421295166,-1.6869854927062988,-1.7696855068206787,-2.7545058727264404,-2.351789712905884,-1.830013394355774,-1.0479453802108765,-0.4083942472934723,-0.8399224281311035,-1.5812599658966064,-1.8317257165908813,-1.8052823543548584,-1.8293551206588745,-2.4618496894836426,-3.235050916671753,-3.791721820831299,-3.7990610599517822,-3.427750587463379,-2.908067464828491,-2.317969799041748,-2.3662078380584717,-3.3449158668518066,-4.951101779937744,-5.816469192504883,-6.437004566192627,-7.56931734085083,-8.594527244567871,-9.315478324890137,-9.755707740783691,-9.913507461547852,-10.411449432373047,-11.199637413024902,-10.156137466430664,-7.731532573699951,-6.846391201019287,-8.898348808288574,-10.196712493896484,-8.041213035583496,-9.36208724975586,-10.076276779174805,-8.937500953674316,-8.232126235961914
-11.176114082336426,-11.050945281982422,-12.147555351257324,-7.26462984085083,-6.204697608947754,-5.391357898712158,-5.226413726806641,-3.354736089706421,-2.6553924083709717,-2.360049247741699,-2.417198896408081,-3.1579785346984863,-2.8635849952697754,-3.045537233352661,-2.797572612762451,-3.1340551376342773,-3.4648337364196777,-4.124108791351318,-4.26242733001709,-4.341372966766357,-4.129058361053467,-3.632758378982544,-3.5879552364349365,-4.3372802734375,-5.913541793823242,-7.46607780456543,-8.037970542907715,-8.28409481048584,-8.808382987976074,-9.351208686828613,-10.010239601135254,-10.68137264251709,-10.828463554382324,-10.913447380065918,-10.673190116882324,-10.077500343322754,-9.705587387084961,-9.837749481201172,-9.525036811828613,-9.256518363952637,-9.103073120117188,-11.009712219238281,-9.399460792541504,-9.850278854370117
-6.622716903686523,-11.90994930267334,-13.185331344604492,-9.405198097229004,-9.04886531829834,-7.608499050140381,-6.587105751037598,-5.488223552703857,-4.917369365692139,-3.5696728229522705,-3.695050001144409,-4.434323310852051,-4.383662700653076,-4.3599324226379395,-3.7862801551818848,-3.8853373527526855,-3.943634033203125,-4.493290901184082,-4.753454685211182,-4.8174147605896,-4.7414727210998535,-4.686633110046387,-4.896453380584717,-5.64320707321167,-6.878606796264648,-8.488972663879395,-8.993715286254883,-8.900986671447754,-8.871164321899414,-9.319849967956543,-10.077613830566406,-10.837894439697266,-11.052610397338867,-11.147172927856445,-11.238061904907227,-11.508964538574219,-11.290289878845215,-10.344902038574219,-8.786688804626465,-8.883520126342773,-11.080024719238281,-11.763846397399902,-9.460500717163086,-10.029210090637207
-1.867181420326233,-0.8013644218444824,-4.9113287925720215,-5.123233318328857,-8.05400562286377,-9.413125038146973,-7.494204521179199,-6.830753326416016,-6.057725429534912,-5.337513446807861,-10.012289047241211,-6.4062042236328125,-5.878426551818848,-5.774043083190918,-4.774994373321533,-4.414296627044678,-4.474334716796875,-4.826984405517578,-4.979200839996338,-5.106531620025635,-5.183629989624023,-5.590245246887207,-6.22628116607666,-6.721592903137207,-7.600406646728516,-8.612432479858398,-9.387972831726074,-9.735029220581055,-9.343955039978027,-10.048687934875488,-10.332953453063965,-10.710122108459473,-11.060811996459961,-11.440025329589844,-11.6403169631958,-12.066672325134277,-11.799229621887207,-11.609525680541992,-10.53520393371582,-10.623617172241211,-11.016633033752441,-10.912460327148438,-9.961701393127441,-9.882728576660156
-3.9055233001708984,-2.33821964263916,-1.1055434942245483,-1.3881845474243164,-6.120112895965576,-8.900141716003418,-8.677629470825195,-7.975564956665039,-7.753756523132324,-7.1497931480407715,-7.062803268432617,-8.193392753601074,-8.248994827270508,-7.114741325378418,-4.946351051330566,-4.615592002868652,-5.56321382522583,-5.590419769287109,-5.426751136779785,-5.3601603507995605,-5.6561126708984375,-6.4608564376831055,-6.8251824378967285,-7.301405429840088,-7.971100807189941,-9.085687637329102,-9.82178783416748,-10.142824172973633,-10.385395050048828,-10.549817085266113,-10.617603302001953,-10.941925048828125,-11.370803833007812,-10.893815994262695,-11.48245906829834,-12.82938289642334,-12.354451179504395,-12.782174110412598,-11.160396575927734,-11.565505981445312,-11.93982219696045,-11.96393871307373,-10.759552955627441,-9.450518608093262
-3.543410301208496,-3.4848740100860596,-4.334171295166016,-6.276374816894531,-6.8776140213012695,-7.057525157928467,-7.542603492736816,-7.739056587219238,-7.762126445770264,-8.101849555969238,-8.641122817993164,-9.530586242675781,-9.46767520904541,-6.895241737365723,-5.989835739135742,-4.988611221313477,-6.285762786865234,-6.405336380004883,-6.339554786682129,-6.1520795822143555,-6.267731189727783,-6.9386515617370605,-7.568733215332031,-7.668168544769287,-8.068861961364746,-8.829357147216797,-9.913105964660645,-10.991554260253906,-11.441642761230469,-11.258625984191895,-11.194212913513184,-11.433258056640625,-11.522977828979492,-11.357481002807617,-11.340279579162598,-12.295522689819336,-14.0018892288208,-12.964949607849121,-11.842214584350586,-12.998539924621582,-11.05388069152832,-11.270922660827637,-10.543100357055664,-9.476227760314941
-4.148960113525391,-4.852810859680176,-5.73757791519165,-6.231298923492432,-5.960366249084473,-5.53348445892334,-5.463054180145264,-7.1063971519470215,-8.649138450622559,-8.725516319274902,-9.026333808898926,-9.86384391784668,-11.471366882324219,-9.092313766479492,-6.65322732925415,-7.047717094421387,-6.797401428222656,-7.181363582611084,-6.872971057891846,-7.015725135803223,-7.064403533935547,-7.360063552856445,-7.911102771759033,-8.315801620483398,-8.61587905883789,-9.157402992248535,-9.908279418945312,-10.60886001586914,-11.33625316619873,-11.990522384643555,-12.277881622314453,-12.317480087280273,-12.091390609741211,-11.851263046264648,-12.102288246154785,-12.678755760192871,-13.306766510009766,-13.099554061889648,-12.24322509765625,-11.776839256286621,-11.004426956176758,-10.462126731872559,-10.4769287109375,-10.4061861038208
-5.564060211181641,-6.018737316131592,-6.336350440979004,-6.368325233459473,-5.8568878173828125,-5.715294361114502,-5.670680999755859,-7.639503002166748,-9.380414009094238,-9.394340515136719,-8.671333312988281,-9.746611595153809,-13.450228691101074,-11.282755851745605,-3.829710006713867,-9.417634963989258,-7.225279808044434,-7.756682872772217,-7.411746501922607,-7.439402103424072,-7.680407524108887,-8.058862686157227,-8.370292663574219,-8.91561508178711,-9.37279224395752,-9.617119789123535,-9.942367553710938,-10.608145713806152,-11.307913780212402,-12.120963096618652,-12.925870895385742,-13.35894775390625,-13.098461151123047,-12.77396297454834,-12.617561340332031,-12.533489227294922,-12.334951400756836,-11.95922565460205,-11.544290542602539,-10.773731231689453,-11.039676666259766,-10.612120628356934,-10.476052284240723,-11.044259071350098
-6.502047538757324,-6.541438579559326,-6.892563819885254,-6.481368541717529,-6.151336669921875,-6.880646705627441,-7.557536602020264,-9.674763679504395,-9.83012866973877,-9.839554786682129,-9.194503784179688,-9.11902904510498,-10.560935020446777,-10.558258056640625,-11.713384628295898,-9.209782600402832,-8.416865348815918,-7.909677505493164,-8.192459106445312,-7.929451942443848,-8.097145080566406,-8.490347862243652,-8.983640670776367,-9.650150299072266,-9.993966102600098,-10.202860832214355,-10.311639785766602,-10.73383903503418,-11.514923095703125,-12.130287170410156,-12.566710472106934,-13.039493560791016,-13.452040672302246,-13.484631538391113,-13.16364574432373,-12.784261703491211,-12.260571479797363,-11.542876243591309,-11.028244972229004,-10.557107925415039,-10.90926742553711,-11.576338768005371,-11.996379852294922,-11.694503784179688
-6.816781044006348,-6.753241539001465,-7.19372034072876,-7.367483139038086,-7.168249130249023,-7.020156383514404,-8.2153902053833,-9.54193115234375,-9.892555236816406,-10.000564575195312,-9.418285369873047,-8.202507972717285,-8.527742385864258,-10.87324047088623,-13.872316360473633,-10.831730842590332,-9.2412691116333,-8.992265701293945,-8.848782539367676,-8.414731979370117,-8.06773567199707,-8.380610466003418,-9.777778625488281,-10.14245891571045,-10.816576957702637,-10.8770112991333,-11.033886909484863,-11.124826431274414,-11.746448516845703,-12.304429054260254,-12.710448265075684,-12.9599027633667,-13.332634925842285,-13.508099555969238,-13.319192886352539,-12.852214813232422,-12.459820747375488,-12.057513236999512,-11.372425079345703,-10.858811378479004,-11.42827033996582,-12.601594924926758,-13.002693176269531,-12.505982398986816
-7.31558895111084,-7.244232654571533,-7.1936845779418945,-7.583426475524902,-8.450855255126953,-8.999205589294434,-9.608298301696777,-9.46257495880127,-9.176243782043457,-9.636099815368652,-9.957822799682617,-10.116759300231934,-7.268413543701172,-6.896174430847168,-9.602083206176758,-10.562047004699707,-10.230894088745117,-9.54964828491211,-8.821746826171875,-8.440888404846191,-8.045677185058594,-8.338953018188477,-12.188055038452148,-9.793388366699219,-11.52536392211914,-11.428686141967773,-11.443826675415039,-11.67137336730957,-12.110391616821289,-12.518969535827637,-13.032883644104004,-13.161153793334961,-13.475127220153809,-13.418126106262207,-13.100077629089355,-12.815776824951172,-12.66662883758545,-12.454907417297363,-12.156302452087402,-12.0274076461792,-12.35091781616211,-13.005255699157715,-13.410385131835938,-13.189391136169434
-8.000103950500488,-7.900885105133057,-7.791404724121094,-7.96058988571167,-8.55096435546875,-9.506768226623535,-10.220643997192383,-10.158437728881836,-9.81174373626709,-9.660770416259766,-10.81955337524414,-9.830921173095703,-8.405921936035156,-9.024590492248535,-9.283873558044434,-9.673348426818848,-9.837363243103027,-9.691069602966309,-9.393498420715332,-8.86137580871582,-8.230687141418457,-10.32507610321045,-12.606513023376465,-10.693612098693848,-11.13922119140625,-12.486686706542969,-10.959246635437012,-12.2915620803833,-12.40742301940918,-13.04857349395752,-13.632678031921387,-13.44887924194336,-13.789436340332031,-13.541354179382324,-13.358485221862793,-13.265656471252441,-13.464895248413086,-13.712303161621094,-13.558302879333496,-13.368797302246094,-13.481354713439941,-13.785796165466309,-13.887617111206055,-13.79111099243164
-8.42093276977539,-8.707736015319824,-8.643875122070312,-8.068466186523438,-8.066519737243652,-9.36111068725586,-10.367411613464355,-10.698678970336914,-10.675627708435059,-10.05014419555664,-9.651134490966797,-9.655060768127441,-9.435434341430664,-9.909512519836426,-10.254590034484863,-10.138920783996582,-9.213055610656738,-9.459006309509277,-10.025197982788086,-10.083917617797852,-9.223851203918457,-9.900623321533203,-11.69739055633545,-12.24794864654541,-11.525055885314941,-11.656632423400879,-11.877277374267578,-13.030240058898926,-12.496905326843262,-13.452795028686523,-14.368328094482422,-13.868790626525879,-14.285408020019531,-13.819568634033203,-13.956894874572754,-14.224857330322266,-14.556986808776855,-14.884242057800293,-14.959578514099121,-14.945825576782227,-14.904056549072266,-14.959477424621582,-14.961590766906738,-14.94493579864502
-9.062426567077637,-9.159354209899902,-9.159623146057129,-8.782155990600586,-8.491183280944824,-8.847628593444824,-10.081660270690918,-10.66568660736084,-10.970195770263672,-10.980887413024902,-10.605277061462402,-10.529793739318848,-10.396710395812988,-10.578109741210938,-10.801310539245605,-10.52493953704834,-9.62721061706543,-9.456793785095215,-10.713820457458496,-10.898885726928711,-10.675888061523438,-10.476344108581543,-11.266221046447754,-12.318981170654297,-12.62307071685791,-12.810458183288574,-11.654892921447754,-10.772059440612793,-12.79308795928955,-14.101378440856934,-14.468321800231934,-14.286229133605957,-15.011701583862305,-14.702444076538086,-15.134891510009766,-15.251436233520508,-15.558287620544434,-15.70676326751709,-15.876781463623047,-16.112335205078125,-16.489818572998047,-16.690811157226562,-16.818214416503906,-16.763959884643555
-9.167393684387207,-9.091761589050293,-9.269229888916016,-9.463248252868652,-10.047021865844727,-9.324665069580078,-9.364693641662598,-10.063243865966797,-11.165942192077637,-11.654672622680664,-11.370000839233398,-11.243736267089844,-11.097285270690918,-10.561503410339355,-11.019577026367188,-11.271893501281738,-11.362154006958008,-10.961158752441406,-11.186058044433594,-11.376777648925781,-11.595905303955078,-11.264183044433594,-12.40860652923584,-12.391874313354492,-13.49342155456543,-14.626462936401367,-14.431111335754395,-13.847601890563965,-14.005184173583984,-14.79836368560791,-14.294522285461426,-15.149521827697754,-16.415346145629883,-15.465209007263184,-16.192359924316406,-16.363582611083984,-16.705678939819336,-17.02998924255371,-17.24783706665039,-17.258180618286133,-17.827892303466797,-18.37375259399414,-18.814542770385742,-18.724445343017578
