data/wind_data/wind_63_7.json
{"header": {"parameterUnit": "KT", "parameterCategory": 2, "nx": 256, "ny": 198, "lo1": 44.73521041870117, "la1": -3.236724853515625, "lo2": 111.26478576660156, "la2": 43.468475341796875, "dx": 0.2609002888202667, "dy": -0.23708222806453705, "refTime": "2025-02-21 15:00:00", "forecastTime": 0, "parameterNumber": 2, "parameterNumberName": "eastward_wind"}, "data":
[rows 0 to 19 of 198, columns 88 to 131 of 256]
-2.2447962760925293,-2.6312167644500732,-2.231884241104126,-1.5559561252593994,-2.984866142272949,-5.045204162597656,-4.338380813598633,-3.2554666996002197,-5.075549602508545,-7.377910614013672,-8.330780982971191,-8.967291831970215,-9.505148887634277,-10.351053237915039,-11.916879653930664,-13.004877090454102,-13.190251350402832,-13.906229972839355,-15.40910530090332,-15.670100212097168,-14.67025375366211,-13.8983793258667,-13.298393249511719,-12.989363670349121,-12.795944213867188,-11.831219673156738,-10.788817405700684,-11.320618629455566,-12.382555961608887,-12.597867965698242,-13.082103729248047,-15.11905288696289,-16.740760803222656,-16.496990203857422,-16.215845108032227,-16.466537475585938,-17.233983993530273,-18.71729278564453,-19.696943283081055,-20.025379180908203,-19.496583938598633,-18.16213035583496,-18.069595336914062,-18.944276809692383
0.06852888315916061,-1.423511028289795,-1.8437442779541016,-1.6032968759536743,-3.2055459022521973,-5.437036514282227,-4.599881649017334,-3.2127795219421387,-5.022011756896973,-7.534976959228516,-8.846932411193848,-9.883610725402832,-10.640633583068848,-11.104679107666016,-11.739852905273438,-12.199556350708008,-12.359525680541992,-12.57209300994873,-12.728909492492676,-12.832640647888184,-12.858868598937988,-12.686637878417969,-12.300601959228516,-11.828351974487305,-11.287408828735352,-10.51294994354248,-9.819539070129395,-10.36378002166748,-11.347352981567383,-11.350271224975586,-11.609485626220703,-12.76749038696289,-13.979004859924316,-15.174633979797363,-16.367475509643555,-17.912776947021484,-19.901668548583984,-21.644655227661133,-22.22113037109375,-21.724594116210938,-20.277175903320312,-18.520578384399414,-18.460430145263672,-19.29717445373535
1.4165867567062378,1.4121229648590088,-0.01801486685872078,-2.3581011295318604,-4.042898178100586,-5.20110559463501,-5.061516284942627,-4.076498031616211,-3.113664388656616,-3.7481753826141357,-7.649909019470215,-11.009943008422852,-11.288578033447266,-11.064026832580566,-11.46545124053955,-11.81154727935791,-12.301900863647461,-12.503036499023438,-11.81628131866455,-11.70121955871582,-12.58913803100586,-13.5004243850708,-14.07026195526123,-13.634196281433105,-12.697550773620605,-12.543155670166016,-12.642391204833984,-12.645259857177734,-12.538740158081055,-11.766375541687012,-11.569828987121582,-12.598858833312988,-13.579826354980469,-14.337347030639648,-15.396684646606445,-17.4593505859375,-19.59882354736328,-20.640954971313477,-21.031951904296875,-21.03042221069336,-20.525409698486328,-19.975326538085938,-20.144149780273438,-20.62241554260254
1.8273203372955322,2.4339611530303955,0.5649822950363159,-2.6069090366363525,-3.922628164291382,-4.380218505859375,-4.913541793823242,-4.646055698394775,-2.8790371417999268,-3.0094189643859863,-8.014076232910156,-12.291213035583496,-12.774309158325195,-12.577378273010254,-12.982137680053711,-13.432260513305664,-14.051215171813965,-14.131014823913574,-13.413803100585938,-13.420269966125488,-14.388172149658203,-15.38453483581543,-16.271589279174805,-16.0893611907959,-15.329378128051758,-15.545701026916504,-15.944809913635254,-15.499466896057129,-14.425901412963867,-12.978340148925781,-12.37120532989502,-13.17536735534668,-13.801684379577637,-13.622819900512695,-13.893012046813965,-15.727295875549316,-17.73276710510254,-18.704654693603516,-19.468942642211914,-20.158294677734375,-20.68655776977539,-21.116592407226562,-21.358943939208984,-21.614179611206055
-0.8577569723129272,-1.7697837352752686,-1.0830726623535156,-2.364315986633301,-3.560326099395752,-4.603041172027588,-5.180520057678223,-5.2220683097839355,-6.0046586990356445,-7.992114543914795,-10.57669448852539,-12.213907241821289,-14.083100318908691,-15.099566459655762,-15.570149421691895,-15.808415412902832,-15.71190357208252,-15.26138973236084,-14.747544288635254,-14.412567138671875,-14.156003952026367,-13.616314888000488,-13.933699607849121,-15.033775329589844,-15.726279258728027,-16.030532836914062,-16.427335739135742,-16.18633460998535,-14.766966819763184,-13.3384370803833,-12.98939037322998,-13.179325103759766,-12.75158405303955,-11.615194320678711,-11.155355453491211,-12.615041732788086,-14.801466941833496,-16.37835121154785,-17.51572036743164,-18.494831085205078,-19.375568389892578,-20.092458724975586,-20.477766036987305,-20.729978561401367
2.3884592056274414,-0.47887298464775085,-1.055560827255249,-1.2645113468170166,-3.2589333057403564,-5.088925838470459,-5.432494163513184,-6.235274791717529,-7.7877278327941895,-9.370213508605957,-12.342323303222656,-11.6631441116333,-11.871397018432617,-14.062318801879883,-15.91401481628418,-16.274276733398438,-15.333932876586914,-14.097455024719238,-13.912437438964844,-13.664957046508789,-13.014726638793945,-11.94567584991455,-11.8353271484375,-13.402868270874023,-15.039814949035645,-15.558391571044922,-15.665519714355469,-15.572464942932129,-14.712462425231934,-13.874248504638672,-13.699540138244629,-13.389531135559082,-12.180700302124023,-10.539743423461914,-9.896111488342285,-11.248202323913574,-13.120105743408203,-14.379673957824707,-15.421977996826172,-16.69782257080078,-17.892288208007812,-18.818737030029297,-19.513166427612305,-20.0147705078125
4.602912902832031,2.116387367248535,-0.4085429608821869,-0.4049396514892578,-1.6388709545135498,-3.171022415161133,-3.7785065174102783,-4.518003940582275,-5.747347354888916,-7.890125274658203,-12.47176742553711,-11.817778587341309,-10.250167846679688,-11.055742263793945,-13.7080078125,-14.261930465698242,-13.54558277130127,-12.985634803771973,-13.277313232421875,-13.290878295898438,-13.019021987915039,-12.12755298614502,-11.519776344299316,-12.613219261169434,-14.128433227539062,-14.352473258972168,-14.016192436218262,-14.140608787536621,-14.113788604736328,-13.70163345336914,-13.604281425476074,-13.317917823791504,-12.427027702331543,-11.532356262207031,-11.351608276367188,-12.19048023223877,-13.263547897338867,-13.881511688232422,-14.525091171264648,-15.619954109191895,-16.907146453857422,-18.015304565429688,-18.705942153930664,-19.363279342651367
3.773578643798828,2.011151075363159,0.5657973289489746,-0.0643109679222107,-0.062122642993927,-1.086078405380249,-2.2248411178588867,-2.735600471496582,-4.564812183380127,-7.9486541748046875,-10.556092262268066,-11.271763801574707,-11.006232261657715,-10.626364707946777,-11.185799598693848,-12.047555923461914,-12.00859260559082,-11.452759742736816,-11.854415893554688,-12.069404602050781,-12.953446388244629,-13.47360897064209,-12.867321014404297,-12.785798072814941,-12.950889587402344,-12.362590789794922,-11.733421325683594,-11.928044319152832,-12.489324569702148,-12.543444633483887,-12.768858909606934,-13.05070686340332,-13.035868644714355,-13.004182815551758,-13.165789604187012,-13.679804801940918,-14.249699592590332,-14.408821105957031,-14.455586433410645,-14.956902503967285,-16.023487091064453,-16.75466537475586,-16.89112663269043,-17.71670150756836
4.041502475738525,2.034543991088867,1.722534418106079,0.7249045372009277,1.097119927406311,0.7406089901924133,-0.5523013472557068,-1.7028135061264038,-4.242097854614258,-9.04886245727539,-9.821491241455078,-11.064947128295898,-11.345832824707031,-10.331896781921387,-10.756685256958008,-12.794670104980469,-13.456307411193848,-12.438868522644043,-12.193232536315918,-13.002309799194336,-14.010991096496582,-14.975726127624512,-13.957737922668457,-12.837995529174805,-11.661431312561035,-10.583971977233887,-10.264315605163574,-9.989219665527344,-10.869997024536133,-11.724044799804688,-12.131246566772461,-12.900933265686035,-13.751556396484375,-14.208849906921387,-14.24119758605957,-14.487359046936035,-14.770089149475098,-14.662317276000977,-14.519454002380371,-14.801495552062988,-15.000946998596191,-14.55601978302002,-14.753975868225098,-16.459213256835938
5.7111616134643555,4.6788859367370605,2.478926420211792,1.0150038003921509,0.7207724452018738,1.5052732229232788,0.453518807888031,-1.0826616287231445,-3.7525174617767334,-8.184610366821289,-9.67672348022461,-10.450397491455078,-10.68460750579834,-10.93880844116211,-10.03506851196289,-10.693771362304688,-10.425677299499512,-10.258150100708008,-12.84636116027832,-14.426726341247559,-16.168354034423828,-16.47418975830078,-15.808134078979492,-13.61524772644043,-10.893991470336914,-9.678466796875,-9.70427131652832,-9.799238204956055,-10.651700019836426,-12.172353744506836,-12.463796615600586,-12.908867835998535,-14.154648780822754,-15.177568435668945,-15.282029151916504,-15.197537422180176,-15.086634635925293,-14.741169929504395,-14.439921379089355,-14.598472595214844,-14.930826187133789,-14.732169151306152,-14.274981498718262,-15.259907722473145
5.9599714279174805,5.840651988983154,3.331096887588501,1.8511453866958618,1.532862663269043,2.990342140197754,2.207918405532837,-3.5046474933624268,-3.9812042713165283,-6.864306449890137,-9.40684986114502,-11.773314476013184,-11.763691902160645,-9.570093154907227,-8.927314758300781,-7.860200881958008,-6.829895973205566,-7.246041774749756,-11.187605857849121,-15.917431831359863,-18.919343948364258,-19.679706573486328,-19.19811248779297,-14.83857536315918,-9.89688777923584,-8.18779182434082,-8.487203598022461,-10.426025390625,-11.059789657592773,-12.381031036376953,-12.805733680725098,-12.92187213897705,-14.294929504394531,-15.845999717712402,-16.358938217163086,-15.864908218383789,-14.971611976623535,-14.272082328796387,-14.191356658935547,-14.347440719604492,-14.669191360473633,-16.087562561035156,-14.929421424865723,-14.382164001464844
3.8055131435394287,4.552425384521484,3.0839662551879883,2.491983413696289,2.2478890419006348,2.637415885925293,1.0580973625183105,-3.7892589569091797,-3.294005870819092,-3.6955766677856445,-5.161405086517334,-10.225020408630371,-12.213618278503418,-8.897053718566895,-9.07190990447998,-7.656662464141846,-6.8889851570129395,-7.428399085998535,-12.274828910827637,-17.88755226135254,-21.574146270751953,-23.896333694458008,-22.254159927368164,-15.628036499023438,-6.871384143829346,-5.188037395477295,-6.051024913787842,-9.223274230957031,-10.98334789276123,-11.626049041748047,-12.375655174255371,-12.730377197265625,-14.335915565490723,-15.929574012756348,-16.44040298461914,-15.918590545654297,-14.619524955749512,-13.931506156921387,-14.511007308959961,-14.755414962768555,-14.92188549041748,-16.428741455078125,-15.206677436828613,-13.761603355407715
5.21225643157959,4.389956474304199,2.921268939971924,2.905938148498535,2.8335883617401123,1.6110345125198364,-0.9906545281410217,-2.8963098526000977,-3.273733139038086,-3.9380645751953125,-1.246611475944519,-4.393096923828125,-8.169929504394531,-8.076982498168945,-10.088647842407227,-9.736763954162598,-9.008238792419434,-9.115584373474121,-13.652687072753906,-19.637914657592773,-23.077617645263672,-25.879222869873047,-26.935792922973633,-15.726461410522461,4.61461877822876,-2.52616810798645,-4.405918121337891,-6.793954849243164,-9.415698051452637,-10.282461166381836,-11.3924560546875,-12.19298267364502,-13.846952438354492,-15.356772422790527,-15.934946060180664,-16.125003814697266,-15.450602531433105,-15.019613265991211,-16.350921630859375,-17.438657760620117,-16.81817626953125,-17.59246253967285,-16.746347427368164,-15.010083198547363
5.246310710906982,4.609101295471191,3.8151767253875732,2.8117825984954834,2.2224435806274414,0.9114924073219299,-1.280648112297058,-2.25777268409729,-2.4754226207733154,-1.4666547775268555,-0.2207697182893753,-3.209190845489502,-6.372926235198975,-7.30845832824707,-9.621316909790039,-10.280118942260742,-9.878216743469238,-10.194876670837402,-13.362749099731445,-17.434968948364258,-18.817426681518555,-24.14266014099121,-34.86629867553711,-12.146871566772461,15.73832893371582,3.554107904434204,-1.836412787437439,-5.356598377227783,-7.9381303787231445,-9.58802318572998,-10.92916488647461,-11.919562339782715,-12.836804389953613,-13.937395095825195,-14.927410125732422,-15.602794647216797,-15.6028470993042,-15.759894371032715,-16.95899772644043,-20.017929077148438,-15.71688461303711,-15.872970581054688,-13.086404800415039,-12.449040412902832
4.508762359619141,3.8377866744995117,2.873467445373535,1.5841236114501953,0.7041023373603821,0.5448380708694458,-0.22991906106472015,-0.8064459562301636,-0.9163796305656433,-0.08516740798950195,-0.2722056210041046,-3.1149744987487793,-5.397145748138428,-5.981468200683594,-8.625524520874023,-10.372138977050781,-9.466507911682129,-9.316445350646973,-11.609111785888672,-15.180288314819336,-16.971935272216797,-18.53709602355957,-21.882160186767578,-13.973958969116211,6.259308338165283,0.35211214423179626,-0.1679382026195526,-4.266937732696533,-6.954978942871094,-8.404441833496094,-10.373144149780273,-11.353565216064453,-11.614850997924805,-11.860966682434082,-11.308040618896484,-12.664444923400879,-14.156797409057617,-13.397438049316406,-15.911901473999023,-17.099903106689453,-15.068159103393555,-12.092360496520996,-9.496173858642578,-9.446904182434082
3.621995687484741,2.557241916656494,1.4259095191955566,1.2680808305740356,0.6617453694343567,0.3459063172340393,0.090081587433815,-0.3522343337535858,-0.7874232530593872,-0.8303661346435547,-0.9063524603843689,-2.7646219730377197,-4.6840949058532715,-5.571590900421143,-7.642954349517822,-8.761119842529297,-8.375947952270508,-9.257479667663574,-10.131793975830078,-10.740202903747559,-13.905240058898926,-15.934723854064941,-15.033740997314453,-11.511168479919434,-4.5008134841918945,-1.8103773593902588,-2.5756778717041016,-6.5003581047058105,-11.358819961547852,-11.864744186401367,-10.757203102111816,-12.221203804016113,-11.621798515319824,-11.581817626953125,-10.712586402893066,-10.925450325012207,-12.200736999511719,-12.224210739135742,-14.421494483947754,-15.7793607711792,-14.517334938049316,-9.996756553649902,-7.006302356719971,-8.441679000854492
4.107576847076416,3.548386812210083,2.3041558265686035,1.813771367073059,1.8121716976165771,0.7903344035148621,-0.30681031942367554,-1.1449155807495117,-1.363792896270752,-1.341157078742981,-1.312505841255188,-2.5284409523010254,-4.753159999847412,-6.011139392852783,-6.213057518005371,-5.268462181091309,-5.656960964202881,-9.40590763092041,-11.088212966918945,-8.045153617858887,-8.715474128723145,-11.386619567871094,-11.863860130310059,-9.851852416992188,-8.471455574035645,-7.380118370056152,-8.87328815460205,-5.975384712219238,-11.65528678894043,-12.208124160766602,-9.261978149414062,-10.825278282165527,-13.099955558776855,-11.275003433227539,-10.39361572265625,-10.726655006408691,-10.405674934387207,-10.961523056030273,-13.935758590698242,-15.996642112731934,-14.378178596496582,-7.2276997566223145,-7.311854362487793,-8.246292114257812
4.976446628570557,5.123516082763672,4.6877312660217285,3.3786754608154297,3.1291472911834717,2.0442183017730713,0.06936351209878922,-1.2679883241653442,-1.5106289386749268,-1.2912373542785645,-1.3456472158432007,-2.1642096042633057,-4.465420722961426,-6.433970928192139,-6.082962512969971,-3.732086658477783,-3.274846315383911,-7.202994346618652,-11.356032371520996,-7.861234188079834,-7.300356388092041,-8.425130844116211,-10.695756912231445,-10.563765525817871,-10.472166061401367,-10.52575969696045,-8.954455375671387,-4.835841655731201,-3.4739716053009033,-5.891914367675781,-10.36489486694336,-12.548759460449219,-13.377395629882812,-11.120457649230957,-10.404291152954102,-10.203903198242188,-8.873126029968262,-9.37769889831543,-11.773408889770508,-14.382902145385742,-12.560151100158691,-3.622551918029785,-6.654903411865234,-7.385097026824951
4.761125087738037,4.747583866119385,5.2722368240356445,4.7153825759887695,4.646553993225098,3.8024818897247314,1.523406982421875,-0.06876514852046967,-0.5303173065185547,-0.5645433664321899,-1.242157220840454,-2.299752712249756,-4.133059978485107,-6.307682991027832,-6.623035430908203,-4.4163618087768555,-3.158337354660034,-6.486575126647949,-10.835246086120605,-9.682398796081543,-8.591976165771484,-9.519682884216309,-11.612167358398438,-12.121353149414062,-11.847989082336426,-10.845513343811035,-8.703423500061035,-6.770832538604736,-5.635927677154541,-7.628292083740234,-12.149190902709961,-13.84686279296875,-12.869091987609863,-11.082061767578125,-10.798505783081055,-9.722804069519043,-8.138291358947754,-7.970479965209961,-8.232366561889648,-6.859372138977051,-4.896335124969482,-2.7814674377441406,-5.108771324157715,-7.709510803222656
2.813828229904175,2.449615240097046,3.2122902870178223,3.773158311843872,4.61846923828125,4.29718542098999,2.840256452560425,1.753051996231079,1.2026408910751343,0.8171732425689697,-0.67561274766922,-2.081521511077881,-3.2385001182556152,-4.759284019470215,-5.7559494972229,-5.291710376739502,-5.347460746765137,-8.196802139282227,-10.989767074584961,-10.612615585327148,-10.025519371032715,-11.632899284362793,-13.237194061279297,-13.45718002319336,-12.15609073638916,-10.309659004211426,-9.108307838439941,-8.450682640075684,-8.392707824707031,-9.977140426635742,-12.280789375305176,-13.640665054321289,-11.929330825805664,-11.313506126403809,-11.242392539978027,-9.37062931060791,-7.94183874130249,-7.724170684814453,-7.407496452331543,-6.104547500610352,-4.078418731689453,-3.923544406890869,-5.893085479736328,-8.880013465881348
