data/wind_data/wind_44_6.json
{"header": {"parameterUnit": "KT", "parameterCategory": 2, "nx": 256, "ny": 198, "lo1": 44.73521041870117, "la1": -3.236724853515625, "lo2": 111.26478576660156, "la2": 43.468475341796875, "dx": 0.2609002888202667, "dy": -0.23708222806453705, "refTime": "2025-02-20 20:00:00", "forecastTime": 0, "parameterNumber": 2, "parameterNumberName": "eastward_wind"}, "data":
[rows 20 to 39 of 198, columns 132 to 175 of 256]
-6.772192478179932,-7.465631484985352,-8.46154499053955,-10.893876075744629,-11.291900634765625,-10.055329322814941,-9.788115501403809,-9.96524429321289,-10.785672187805176,-9.8826265335083,-9.345199584960938,-8.520241737365723,-8.653139114379883,-8.987767219543457,-8.90743350982666,-7.872748851776123,-7.1352033615112305,-7.871407985687256,-8.979989051818848,-9.449115753173828,-8.850628852844238,-8.743267059326172,-8.493912696838379,-8.468832969665527,-7.444020748138428,-4.766480922698975,-4.6234331130981445,-5.20581579208374,-4.067562103271484,-2.4881083965301514,-3.3649938106536865,-6.171586990356445,-7.8068318367004395,-9.854803085327148,-10.245304107666016,-12.196867942810059,-13.439266204833984,-13.586258888244629,-12.968392372131348,-11.682817459106445,-11.07877254486084,-12.140018463134766,-13.555654525756836,-13.522366523742676
-5.067736625671387,-6.471776485443115,-6.545941352844238,-8.169534683227539,-9.439582824707031,-8.909470558166504,-8.446310997009277,-8.665994644165039,-10.258844375610352,-11.421113967895508,-11.098573684692383,-9.907034873962402,-9.349380493164062,-10.028776168823242,-11.262168884277344,-11.453269004821777,-10.672957420349121,-10.723770141601562,-10.850577354431152,-10.02087116241455,-9.722247123718262,-9.196504592895508,-8.458094596862793,-10.175104141235352,-7.510524749755859,-4.163915157318115,-4.639656066894531,-5.865212917327881,-5.298778057098389,-4.081223011016846,-5.894829750061035,-8.92753791809082,-9.800725936889648,-11.089152336120605,-11.228960990905762,-13.185893058776855,-14.154413223266602,-14.11951732635498,-13.040921211242676,-11.978069305419922,-11.459920883178711,-12.154582023620605,-12.984306335449219,-12.779616355895996
-4.3037614822387695,-5.628116607666016,-6.321103572845459,-6.0948076248168945,-6.856517314910889,-7.208017349243164,-7.159640312194824,-8.483417510986328,-10.940823554992676,-12.959436416625977,-12.531173706054688,-11.12827205657959,-10.33617115020752,-10.435770988464355,-11.079834938049316,-12.005350112915039,-12.13640308380127,-11.9344482421875,-11.338845252990723,-10.597403526306152,-10.490562438964844,-9.741837501525879,-8.891590118408203,-9.423307418823242,-3.7861509323120117,-8.136589050292969,-8.152935028076172,-8.071005821228027,-7.616886615753174,-5.236307144165039,-6.85452938079834,-9.06591796875,-10.31994342803955,-11.193602561950684,-12.592595100402832,-14.247931480407715,-14.54848575592041,-14.140974044799805,-13.146828651428223,-12.285443305969238,-12.310371398925781,-13.126205444335938,-13.282572746276855,-12.745497703552246
-4.934254169464111,-5.588375091552734,-6.422506332397461,-7.279210090637207,-7.459805011749268,-7.348909378051758,-7.676566123962402,-8.269745826721191,-9.789434432983398,-11.657707214355469,-11.584360122680664,-10.649157524108887,-10.163125038146973,-9.654047966003418,-9.87393569946289,-10.660895347595215,-11.88845443725586,-11.991812705993652,-11.673001289367676,-11.445868492126465,-11.639985084533691,-10.870824813842773,-9.67710018157959,-10.060483932495117,-9.647624015808105,-8.559096336364746,-9.154192924499512,-10.784605026245117,-11.463117599487305,-3.855877637863159,-6.985212802886963,-9.946234703063965,-10.583115577697754,-12.063636779785156,-13.4131498336792,-14.784019470214844,-14.332056045532227,-13.803618431091309,-13.664466857910156,-13.092613220214844,-12.777120590209961,-13.110847473144531,-13.194107055664062,-13.023185729980469
-5.174233913421631,-6.287734031677246,-8.10299015045166,-9.813783645629883,-10.079290390014648,-10.889955520629883,-8.683347702026367,-6.547093391418457,-6.851676940917969,-8.608564376831055,-10.348515510559082,-10.316648483276367,-9.985898971557617,-9.509909629821777,-9.146025657653809,-9.879923820495605,-11.144710540771484,-12.0425386428833,-12.021415710449219,-12.104691505432129,-12.402758598327637,-12.257001876831055,-11.397687911987305,-10.541048049926758,-11.961724281311035,-9.510379791259766,-10.406686782836914,-10.211470603942871,-10.610946655273438,-8.262433052062988,-7.806248188018799,-11.068666458129883,-11.596671104431152,-12.513520240783691,-13.813928604125977,-14.807571411132812,-13.866243362426758,-13.376659393310547,-13.796525955200195,-13.932534217834473,-13.618278503417969,-13.428567886352539,-13.181756973266602,-12.959477424621582
-5.727550983428955,-7.363562107086182,-9.756705284118652,-10.953046798706055,-10.299285888671875,-9.76987075805664,-5.056887626647949,-4.110023021697998,-3.7840218544006348,-5.70761775970459,-9.503567695617676,-10.99105453491211,-11.039011001586914,-10.473517417907715,-9.82372760772705,-10.198346138000488,-11.169656753540039,-11.847162246704102,-11.957223892211914,-12.003225326538086,-12.220686912536621,-12.225958824157715,-12.226380348205566,-11.693653106689453,-12.462825775146484,-12.001583099365234,-10.967977523803711,-10.25635814666748,-9.93429946899414,-9.83275318145752,-10.408672332763672,-12.202669143676758,-12.539212226867676,-13.003621101379395,-13.765069007873535,-14.649138450622559,-13.70396900177002,-13.164335250854492,-13.22850513458252,-13.920409202575684,-13.889106750488281,-13.648797035217285,-13.156107902526855,-12.883587837219238
-7.734014511108398,-9.08541202545166,-10.567497253417969,-10.739109992980957,-10.096607208251953,-9.784696578979492,-8.15668773651123,-1.4310353994369507,-5.061832427978516,-4.886693954467773,-9.67646598815918,-11.476929664611816,-11.933956146240234,-11.680418014526367,-11.242796897888184,-11.03525447845459,-11.119998931884766,-11.475390434265137,-11.687870979309082,-11.817662239074707,-12.039121627807617,-12.369769096374512,-12.67408275604248,-12.998310089111328,-13.23267936706543,-12.775636672973633,-11.449857711791992,-10.385604858398438,-10.609042167663574,-11.923942565917969,-11.721199035644531,-12.234313011169434,-11.998839378356934,-12.383761405944824,-13.379219055175781,-14.018281936645508,-13.821600914001465,-13.21114444732666,-12.562692642211914,-13.894547462463379,-13.336416244506836,-13.514673233032227,-13.351231575012207,-13.48306655883789
-10.134387969970703,-11.136168479919434,-11.459291458129883,-10.661846160888672,-9.251737594604492,-7.220486164093018,-6.157732963562012,-5.259583950042725,-5.641988754272461,-7.014307498931885,-10.379956245422363,-11.256321907043457,-11.629383087158203,-12.001527786254883,-11.55242919921875,-11.041267395019531,-10.928712844848633,-11.219265937805176,-11.844236373901367,-12.333006858825684,-12.61007022857666,-12.465141296386719,-12.205375671386719,-12.691328048706055,-13.114580154418945,-13.050246238708496,-12.381339073181152,-11.139467239379883,-11.65746784210205,-12.737359046936035,-11.906035423278809,-11.418097496032715,-11.972256660461426,-12.935543060302734,-14.741731643676758,-13.82133674621582,-13.640867233276367,-12.439794540405273,-13.463663101196289,-13.5236234664917,-12.686992645263672,-13.283758163452148,-13.437995910644531,-14.105818748474121
-11.920371055603027,-12.575237274169922,-12.12804889678955,-10.574642181396484,-9.12500286102295,-10.189314842224121,-11.856233596801758,-10.041540145874023,-8.387181282043457,-9.313162803649902,-10.846981048583984,-10.815997123718262,-11.228133201599121,-11.538445472717285,-10.924758911132812,-10.467440605163574,-10.674466133117676,-11.214729309082031,-12.221132278442383,-12.830246925354004,-13.050307273864746,-12.732050895690918,-12.318403244018555,-12.274956703186035,-12.905295372009277,-13.098723411560059,-12.958882331848145,-12.545031547546387,-12.280075073242188,-12.256997108459473,-11.648958206176758,-11.508703231811523,-12.626744270324707,-13.759756088256836,-14.045785903930664,-13.269912719726562,-13.357568740844727,-13.224169731140137,-13.704001426696777,-13.0713529586792,-12.07204532623291,-12.891655921936035,-13.680903434753418,-13.96552848815918
-13.035628318786621,-13.174629211425781,-12.215689659118652,-11.042062759399414,-11.264618873596191,-13.520591735839844,-14.989038467407227,-12.616804122924805,-10.487180709838867,-10.65727424621582,-10.775232315063477,-10.218088150024414,-10.362157821655273,-10.55244255065918,-10.276087760925293,-10.150735855102539,-10.643308639526367,-11.150372505187988,-12.204660415649414,-12.906702995300293,-12.807367324829102,-12.459900856018066,-12.73148250579834,-13.241689682006836,-13.375789642333984,-13.254340171813965,-13.204999923706055,-12.864714622497559,-12.812442779541016,-12.675366401672363,-11.889131546020508,-10.828248023986816,-11.842833518981934,-13.983263969421387,-14.13062858581543,-13.792295455932617,-13.900620460510254,-13.666488647460938,-13.327919006347656,-13.159382820129395,-12.294135093688965,-12.277725219726562,-12.85169506072998,-13.955015182495117
-14.63514232635498,-14.085822105407715,-12.933098793029785,-11.847177505493164,-12.313406944274902,-14.072113037109375,-15.030561447143555,-13.68408203125,-11.998551368713379,-11.316452026367188,-10.389811515808105,-9.841434478759766,-9.938122749328613,-9.968733787536621,-10.058682441711426,-10.369803428649902,-10.574865341186523,-11.134206771850586,-11.959342956542969,-12.387286186218262,-12.616357803344727,-12.712124824523926,-13.062070846557617,-13.682242393493652,-14.253640174865723,-14.22978687286377,-13.761598587036133,-13.278532981872559,-12.859842300415039,-12.703429222106934,-12.131046295166016,-11.951828956604004,-11.993151664733887,-13.191818237304688,-13.831738471984863,-13.35913372039795,-13.487201690673828,-13.778777122497559,-13.748703002929688,-13.594307899475098,-12.913074493408203,-12.142386436462402,-12.192943572998047,-12.861072540283203
-16.5695858001709,-16.023088455200195,-15.176212310791016,-14.313996315002441,-14.119466781616211,-14.673615455627441,-14.981024742126465,-14.254914283752441,-12.885005950927734,-11.78111743927002,-11.019118309020996,-10.686053276062012,-10.670641899108887,-10.547194480895996,-10.448891639709473,-10.546929359436035,-10.653496742248535,-11.016550064086914,-12.017632484436035,-11.700613021850586,-12.283407211303711,-13.176623344421387,-14.117262840270996,-14.837261199951172,-15.578237533569336,-15.690369606018066,-15.147573471069336,-13.96473217010498,-12.857812881469727,-12.423239707946777,-12.344854354858398,-12.202631950378418,-12.166824340820312,-12.663707733154297,-13.58910846710205,-13.98349666595459,-13.558145523071289,-14.052897453308105,-13.851073265075684,-13.21516227722168,-12.602546691894531,-12.14428997039795,-12.355914115905762,-12.526171684265137
-17.378841400146484,-17.1822566986084,-16.65585708618164,-16.28818702697754,-16.017906188964844,-15.86453914642334,-15.541443824768066,-14.891082763671875,-14.172473907470703,-13.620001792907715,-13.12391185760498,-12.615133285522461,-12.214923858642578,-11.702777862548828,-11.001166343688965,-10.500541687011719,-10.9844970703125,-11.399728775024414,-11.716728210449219,-11.317988395690918,-12.306926727294922,-14.147805213928223,-15.435023307800293,-16.250953674316406,-16.604000091552734,-16.649261474609375,-16.229955673217773,-15.535478591918945,-14.389555931091309,-13.136116981506348,-12.330977439880371,-12.128238677978516,-12.317577362060547,-12.336051940917969,-12.370492935180664,-13.631263732910156,-13.971864700317383,-14.10620403289795,-13.810318946838379,-13.05185604095459,-12.835307121276855,-12.396038055419922,-11.610018730163574,-11.918355941772461
-17.04398536682129,-16.99797821044922,-16.934505462646484,-17.19577980041504,-17.370861053466797,-17.186628341674805,-16.733888626098633,-16.264646530151367,-15.982518196105957,-15.826722145080566,-15.522055625915527,-14.932478904724121,-14.100647926330566,-12.82984447479248,-11.487388610839844,-10.852008819580078,-10.865692138671875,-11.840476989746094,-11.867294311523438,-11.962658882141113,-13.038997650146484,-15.018543243408203,-15.916925430297852,-16.21072006225586,-16.31914520263672,-16.746463775634766,-16.856714248657227,-16.678356170654297,-15.697396278381348,-14.068408966064453,-12.51213550567627,-11.84133243560791,-12.325846672058105,-12.4552640914917,-12.23655891418457,-12.786310195922852,-13.405184745788574,-13.425064086914062,-13.253963470458984,-13.220991134643555,-13.252565383911133,-12.409255027770996,-11.119708061218262,-10.931865692138672
-17.077281951904297,-16.939842224121094,-17.006240844726562,-17.3602294921875,-17.64164924621582,-17.493074417114258,-17.12723731994629,-16.915756225585938,-17.02369499206543,-17.117799758911133,-16.973344802856445,-16.507568359375,-15.526461601257324,-13.903717994689941,-11.962007522583008,-11.188811302185059,-11.478324890136719,-12.184502601623535,-13.127585411071777,-13.327239036560059,-14.41186809539795,-15.560281753540039,-15.661170959472656,-15.550300598144531,-15.598681449890137,-16.171329498291016,-16.63785171508789,-16.81371307373047,-16.00336265563965,-14.597326278686523,-13.33769702911377,-12.356278419494629,-12.051008224487305,-12.109007835388184,-11.428618431091309,-12.242138862609863,-12.689456939697266,-12.8592529296875,-13.409558296203613,-13.092799186706543,-13.407008171081543,-12.1464204788208,-11.36589527130127,-10.418567657470703
-17.763608932495117,-17.45467758178711,-17.216405868530273,-17.159223556518555,-17.14360809326172,-16.884626388549805,-16.645376205444336,-16.81095314025879,-17.41595458984375,-17.730159759521484,-17.57830810546875,-17.186641693115234,-16.255943298339844,-14.8418550491333,-13.12652587890625,-12.423344612121582,-12.806485176086426,-13.536361694335938,-14.466594696044922,-14.918042182922363,-15.452021598815918,-15.573247909545898,-15.235533714294434,-14.891716957092285,-15.201888084411621,-15.754903793334961,-16.19700813293457,-16.34536361694336,-15.71452522277832,-14.608473777770996,-13.97402572631836,-13.708742141723633,-12.552468299865723,-11.64786434173584,-11.601336479187012,-12.088738441467285,-12.482795715332031,-12.504842758178711,-12.905508041381836,-12.831709861755371,-12.714542388916016,-12.269819259643555,-11.732759475708008,-10.661263465881348
-18.683820724487305,-18.293960571289062,-17.613794326782227,-17.044178009033203,-16.858489990234375,-16.745447158813477,-16.635717391967773,-16.96031951904297,-17.800806045532227,-18.27130699157715,-17.88847541809082,-17.452816009521484,-16.969074249267578,-16.379045486450195,-15.515542984008789,-14.62514591217041,-14.639973640441895,-15.063274383544922,-15.333306312561035,-15.80935001373291,-16.138832092285156,-15.752275466918945,-15.228617668151855,-14.677624702453613,-14.866903305053711,-15.078133583068848,-15.641019821166992,-15.848791122436523,-15.538422584533691,-14.635950088500977,-13.584341049194336,-13.152267456054688,-12.789502143859863,-12.256014823913574,-12.685872077941895,-11.418200492858887,-10.108705520629883,-12.88528060913086,-11.627077102661133,-12.060345649719238,-12.031210899353027,-12.091513633728027,-11.621851921081543,-10.96327018737793
-19.06926155090332,-18.9685115814209,-18.245725631713867,-17.427745819091797,-17.0716495513916,-17.0618896484375,-17.170969009399414,-17.35338020324707,-17.9041805267334,-18.436616897583008,-18.26370620727539,-17.981168746948242,-17.68428611755371,-17.448139190673828,-16.990995407104492,-16.477733612060547,-16.249393463134766,-15.924591064453125,-16.050880432128906,-16.426298141479492,-16.64931869506836,-16.406862258911133,-15.77547550201416,-15.064508438110352,-14.593379974365234,-14.557973861694336,-15.009064674377441,-15.094633102416992,-15.14726448059082,-14.813872337341309,-14.097407341003418,-13.290427207946777,-12.863666534423828,-12.915665626525879,-12.14515495300293,-10.384510040283203,-9.236318588256836,-11.015480995178223,-11.212145805358887,-11.437220573425293,-11.683146476745605,-11.96749210357666,-11.481209754943848,-11.208098411560059
-18.49447250366211,-18.760135650634766,-18.42987823486328,-17.65089225769043,-17.241893768310547,-17.41875648498535,-17.73423194885254,-17.706275939941406,-17.631139755249023,-17.914722442626953,-18.353759765625,-18.346485137939453,-17.82851219177246,-17.243837356567383,-16.860065460205078,-17.222980499267578,-17.22802734375,-16.893877029418945,-16.88068389892578,-16.945852279663086,-17.229846954345703,-17.223901748657227,-16.561168670654297,-15.460715293884277,-14.631426811218262,-14.462126731872559,-14.735833168029785,-14.71419906616211,-14.611689567565918,-14.527231216430664,-14.260310173034668,-13.380779266357422,-12.638222694396973,-12.24786376953125,-11.843505859375,-10.466179847717285,-9.10985279083252,-10.536333084106445,-10.67477798461914,-10.775348663330078,-11.532295227050781,-11.695086479187012,-11.362334251403809,-11.387213706970215
-17.301881790161133,-17.892805099487305,-18.052427291870117,-17.63460350036621,-17.373220443725586,-17.38007164001465,-17.529399871826172,-17.797624588012695,-17.79649543762207,-18.010555267333984,-18.691810607910156,-18.77573585510254,-17.670738220214844,-16.610960006713867,-16.487302780151367,-17.72327423095703,-18.217805862426758,-17.743385314941406,-17.567726135253906,-17.580917358398438,-17.7254581451416,-17.666410446166992,-16.9763126373291,-15.81164264678955,-14.985671997070312,-14.63976001739502,-14.763309478759766,-14.846038818359375,-14.720629692077637,-14.47049617767334,-14.162775039672852,-13.746026992797852,-12.754374504089355,-11.580988883972168,-11.473761558532715,-11.215140342712402,-9.939535140991211,-9.88238525390625,-10.494646072387695,-10.927860260009766,-11.820884704589844,-11.732258796691895,-11.313461303710938,-10.929752349853516
