data/wind_data/wind_15_8.json
{"header": {"parameterUnit": "KT", "parameterCategory": 2, "nx": 256, "ny": 198, "lo1": 44.73521041870117, "la1": -3.236724853515625, "lo2": 111.26478576660156, "la2": 43.468475341796875, "dx": 0.2609002888202667, "dy": -0.23708222806453705, "refTime": "2025-02-19 15:00:00", "forecastTime": 0, "parameterNumber": 2, "parameterNumberName": "eastward_wind"}, "data":
[rows 57 to 75 of 198, columns 88 to 131 of 256]
5.115314483642578,6.026232719421387,6.8671956062316895,7.380357265472412,7.640300750732422,7.671384811401367,7.605287075042725,7.624873161315918,7.699793338775635,7.452449798583984,6.775668144226074,6.173077583312988,5.998642921447754,6.198931694030762,6.49678897857666,6.432430744171143,6.126415252685547,6.142762184143066,6.491472244262695,6.78685998916626,7.015631675720215,7.353511333465576,7.7061920166015625,7.824024677276611,7.6790642738342285,7.410362720489502,7.579129219055176,8.151941299438477,8.511786460876465,8.45773983001709,8.26828670501709,8.549849510192871,8.924810409545898,8.8765869140625,8.67963981628418,8.246699333190918,7.638006687164307,7.31441593170166,7.235340595245361,7.201216697692871,7.113833427429199,7.025130748748779,6.958195209503174,6.7989654541015625
5.974341869354248,6.871584892272949,7.639320373535156,8.004586219787598,8.164819717407227,8.264986038208008,8.270907402038574,8.219502449035645,8.09254264831543,7.677819728851318,7.000598907470703,6.411903381347656,6.224789142608643,6.36957311630249,6.484803676605225,6.17570686340332,5.558193206787109,5.037871360778809,4.83097505569458,4.95364236831665,5.4643235206604,6.316525936126709,7.316546440124512,8.125821113586426,8.471831321716309,8.279962539672852,7.916879177093506,7.614284038543701,7.3231120109558105,7.123448848724365,7.200638294219971,7.6580352783203125,7.847971439361572,7.5807390213012695,7.076403617858887,6.489043712615967,6.1277008056640625,6.105668067932129,6.274642467498779,6.492602825164795,6.626213073730469,6.643439292907715,6.596618175506592,6.374235153198242
7.874349594116211,8.684235572814941,9.05949878692627,8.885488510131836,8.567642211914062,8.446203231811523,8.513738632202148,8.546975135803223,8.277765274047852,7.670619010925293,7.003444671630859,6.4469709396362305,6.089726448059082,6.0509748458862305,6.2550835609436035,6.3163065910339355,5.914092540740967,5.127120494842529,4.461010932922363,4.252356052398682,4.548018455505371,5.432967185974121,6.8319926261901855,8.211724281311035,8.959457397460938,8.889054298400879,8.329729080200195,7.400052547454834,6.627429485321045,6.364736080169678,6.4057183265686035,6.5276899337768555,6.287727355957031,5.986368179321289,5.445315361022949,4.7224626541137695,4.216414451599121,4.200038433074951,4.573969841003418,5.2531938552856445,6.094108581542969,6.71927547454834,6.935150623321533,6.720530033111572
8.918813705444336,9.725005149841309,9.925990104675293,9.453999519348145,8.799952507019043,8.369524955749512,8.224841117858887,8.19781494140625,8.064250946044922,7.770560264587402,7.338231086730957,6.61512565612793,5.6782732009887695,5.097549915313721,5.16364049911499,5.471655368804932,5.473583698272705,5.090743541717529,4.67503023147583,4.3969807624816895,4.380841255187988,4.903808116912842,5.917504787445068,6.911291122436523,7.401399612426758,7.3488335609436035,7.170365333557129,6.688270568847656,6.1102094650268555,5.638288497924805,5.183246612548828,4.852845668792725,4.764111518859863,4.664177894592285,4.254013538360596,3.52744197845459,2.9025990962982178,2.562087297439575,2.714707851409912,3.562664270401001,4.911921501159668,6.0807294845581055,6.590707302093506,6.528771877288818
8.53134536743164,9.004548072814941,8.994114875793457,8.689435005187988,8.306876182556152,7.870131492614746,7.454330921173096,7.183269023895264,7.2935309410095215,7.562893390655518,7.4173994064331055,6.516732215881348,5.171360015869141,4.14927864074707,3.8181750774383545,3.938438653945923,4.132351398468018,4.278692245483398,4.357492923736572,4.35637092590332,4.398796558380127,4.630983829498291,5.189044952392578,5.816476345062256,6.1204047203063965,6.103365898132324,6.078537940979004,5.953912258148193,5.309706687927246,4.427909851074219,3.7511773109436035,3.4524097442626953,3.7709507942199707,3.9083104133605957,3.4891366958618164,2.898963212966919,2.5011932849884033,2.08510422706604,1.94399893283844,2.5192344188690186,3.521714925765991,4.416001319885254,4.807666301727295,4.840929985046387
7.734151363372803,8.041934967041016,7.982257843017578,7.738149642944336,7.4562883377075195,7.110617637634277,6.672381401062012,6.382076740264893,6.395419120788574,6.422118186950684,6.140981197357178,5.4173760414123535,4.457804203033447,3.724815845489502,3.369436264038086,3.259589910507202,3.3606350421905518,3.5960309505462646,3.8787682056427,4.255096435546875,4.567223072052002,4.653234958648682,4.805844783782959,5.239590167999268,5.54416561126709,5.497737884521484,5.232865810394287,4.832305431365967,3.910400152206421,2.9150278568267822,2.5330042839050293,2.837634563446045,3.2777771949768066,3.318509101867676,3.0234222412109375,2.8440353870391846,2.8078150749206543,2.7491869926452637,2.6887571811676025,2.6853249073028564,2.639310598373413,2.739039897918701,2.853799343109131,2.942626476287842
7.019707202911377,7.392937660217285,7.5763115882873535,7.508129119873047,7.218798637390137,6.834343433380127,6.5476908683776855,6.351460933685303,5.932528018951416,5.1553874015808105,4.431236743927002,4.080868244171143,3.945857524871826,3.8783650398254395,3.8133623600006104,3.658815622329712,3.5527937412261963,3.670301914215088,4.029341220855713,4.549081325531006,4.949548721313477,4.883311748504639,4.539569854736328,4.374406337738037,4.427128791809082,4.435820579528809,4.216240406036377,3.5924618244171143,2.5057621002197266,1.6047027111053467,1.4160836935043335,1.9047917127609253,2.3942863941192627,2.544968605041504,2.78654146194458,3.301292657852173,3.6975433826446533,3.89884352684021,3.960629463195801,3.5772416591644287,2.7040045261383057,2.069355010986328,1.8483437299728394,1.8918650150299072
6.911282539367676,7.13558292388916,7.389505386352539,7.541704177856445,7.456653594970703,7.211757183074951,7.1210455894470215,7.159056663513184,6.688786029815674,5.458214282989502,4.175704002380371,3.6712660789489746,3.8916680812835693,4.256906032562256,4.390533924102783,4.290368556976318,4.184165000915527,4.263477325439453,4.466942310333252,4.757514953613281,5.0176568031311035,4.9551215171813965,4.492485523223877,3.8834621906280518,3.452427625656128,3.280405282974243,3.3380188941955566,3.2314364910125732,2.4597785472869873,1.5378978252410889,1.0783380270004272,1.3059344291687012,1.987209439277649,2.61311411857605,3.266392707824707,4.018673896789551,4.603352069854736,4.804107666015625,4.604865074157715,4.142575263977051,3.343229055404663,2.368746519088745,1.6455943584442139,1.3604404926300049
7.909055233001709,7.936744689941406,8.008599281311035,8.076836585998535,8.009119987487793,7.78056001663208,7.640082836151123,7.784413814544678,7.77290153503418,6.912362098693848,5.469533920288086,4.4577226638793945,4.312796592712402,4.581592559814453,4.69529914855957,4.652865409851074,4.6810526847839355,4.758237361907959,4.683933734893799,4.524726390838623,4.327032089233398,4.166693210601807,4.117489814758301,3.9213829040527344,3.504333019256592,2.9422593116760254,2.605043649673462,2.8431713581085205,2.9063880443573,2.486274480819702,1.9057528972625732,1.8268927335739136,2.450125217437744,3.28963565826416,4.0065016746521,4.402276039123535,4.623821258544922,4.752396106719971,4.440115928649902,3.873213529586792,3.5074360370635986,2.8675808906555176,1.8149175643920898,1.0388144254684448
9.397438049316406,9.309500694274902,9.253169059753418,9.205696105957031,9.021899223327637,8.607338905334473,8.138579368591309,7.918864727020264,7.959031105041504,7.76030158996582,6.880558967590332,5.688624382019043,4.996487140655518,4.935785293579102,4.9325056076049805,4.794595241546631,4.823915004730225,4.941323280334473,4.803452968597412,4.416674613952637,3.9015798568725586,3.509161949157715,3.532371997833252,3.8944246768951416,3.955824375152588,3.3652987480163574,2.4592106342315674,2.1888976097106934,2.4493703842163086,2.7071619033813477,2.778646469116211,2.712435483932495,3.026012897491455,3.6669962406158447,4.233678340911865,4.353288173675537,4.116697788238525,3.951805830001831,3.7120556831359863,3.1191325187683105,2.683124542236328,2.5061211585998535,1.8687299489974976,1.0360146760940552
10.796341896057129,10.85537052154541,10.673683166503906,10.445871353149414,10.138082504272461,9.625021934509277,8.999248504638672,8.465696334838867,8.096461296081543,7.788544178009033,7.265615463256836,6.4244890213012695,5.62957239151001,5.274883270263672,5.1981425285339355,5.000643253326416,4.790740013122559,4.799140930175781,4.806366920471191,4.552069187164307,4.05239200592041,3.665929079055786,3.5356481075286865,3.711324691772461,3.925508975982666,3.4579644203186035,2.4594287872314453,1.8815648555755615,1.9319649934768677,2.0842950344085693,2.558157444000244,3.1082658767700195,3.543776035308838,4.071713924407959,4.49269437789917,4.538991451263428,4.169001579284668,3.6112594604492188,3.083869695663452,2.340768337249756,1.6157243251800537,1.4952658414840698,1.4004381895065308,1.0640273094177246
11.313431739807129,11.911436080932617,12.116493225097656,11.9441499710083,11.521995544433594,10.922823905944824,10.2422456741333,9.584709167480469,8.929176330566406,8.172701835632324,7.335787773132324,6.520012855529785,5.863456726074219,5.470191478729248,5.339807033538818,5.263016223907471,5.045367240905762,4.881127834320068,4.827524662017822,4.68819522857666,4.4113569259643555,4.248106479644775,4.104905128479004,3.7267401218414307,3.423124074935913,3.0961971282958984,2.424551010131836,1.7491132020950317,1.742576003074646,2.2288808822631836,2.634993553161621,3.1528546810150146,3.7750697135925293,4.298201560974121,4.519090175628662,4.504012107849121,4.4145283699035645,4.069733142852783,3.373197555541992,2.1474802494049072,0.9213107228279114,0.8219975233078003,1.0657105445861816,0.9074051380157471
11.378331184387207,12.182259559631348,12.821357727050781,13.06373119354248,12.946552276611328,12.61122989654541,12.084293365478516,11.332110404968262,10.427637100219727,9.397960662841797,8.244536399841309,7.1402482986450195,6.214293003082275,5.561070919036865,5.253117561340332,5.190586090087891,5.195745468139648,5.2255635261535645,5.277935028076172,5.324254035949707,5.319275856018066,5.271986484527588,5.097427845001221,4.460091590881348,3.4495139122009277,2.6389458179473877,2.449439764022827,2.500554323196411,2.2991085052490234,2.627821683883667,3.447852373123169,4.043736934661865,4.37680196762085,4.5209808349609375,4.428249359130859,4.156480312347412,3.970759868621826,4.02042818069458,3.97082257270813,2.864379644393921,1.0975844860076904,0.868564784526825,1.5077934265136719,1.279260516166687
11.871502876281738,12.4923095703125,13.122135162353516,13.57192325592041,13.759604454040527,13.816689491271973,13.746580123901367,13.319250106811523,12.466246604919434,11.354771614074707,10.149121284484863,8.95699405670166,7.810650825500488,6.724688529968262,5.873569011688232,5.417757511138916,5.2841362953186035,5.37758731842041,5.686057090759277,6.168694496154785,6.600870609283447,6.705366134643555,6.436088562011719,5.903386116027832,4.983330726623535,3.7193405628204346,2.9224133491516113,3.143329620361328,3.6972248554229736,4.004377841949463,4.546680927276611,5.132133483886719,5.310409069061279,5.155501842498779,4.773181915283203,4.370487213134766,4.004504680633545,3.771101236343384,3.8416194915771484,3.3723857402801514,1.6361520290374756,1.119057297706604,2.3399789333343506,2.5071089267730713
12.700271606445312,13.190961837768555,13.66592788696289,14.047653198242188,14.37124252319336,14.644886016845703,14.769075393676758,14.610458374023438,14.14333724975586,13.473440170288086,12.693530082702637,11.78328800201416,10.693424224853516,9.467844009399414,8.203557014465332,7.0903801918029785,6.377397060394287,6.133610725402832,6.301869869232178,6.805136203765869,7.406956195831299,7.685034275054932,7.525711536407471,7.28359842300415,6.916786193847656,6.010449409484863,5.09287691116333,4.541155815124512,4.740148544311523,5.588632583618164,6.350636005401611,6.767564296722412,6.587802410125732,6.04672384262085,5.590529918670654,5.264157772064209,5.016662120819092,4.867266654968262,4.790585517883301,4.361476898193359,2.477376937866211,1.1790292263031006,2.650956153869629,3.8648366928100586
13.674708366394043,14.045327186584473,14.509807586669922,14.850929260253906,15.123150825500488,15.399794578552246,15.569117546081543,15.499565124511719,15.22199821472168,14.890661239624023,14.661349296569824,14.4550199508667,14.036508560180664,13.259882926940918,12.146065711975098,10.748804092407227,9.27227783203125,8.228623390197754,7.9034423828125,8.130095481872559,8.517420768737793,8.590370178222656,8.355010032653809,8.298961639404297,8.482050895690918,7.9285454750061035,7.023769855499268,6.747901916503906,6.53389310836792,6.663827419281006,7.462130069732666,8.107307434082031,7.9143266677856445,7.13230562210083,6.575897216796875,6.519629955291748,6.573585510253906,6.423967361450195,6.408197402954102,6.536139965057373,5.0007219314575195,2.8023247718811035,3.5028774738311768,5.142284393310547
14.965994834899902,15.152115821838379,15.595802307128906,16.005413055419922,16.22873306274414,16.313331604003906,16.325759887695312,16.27620506286621,16.147069931030273,15.965071678161621,15.857209205627441,15.943022727966309,16.115869522094727,16.133760452270508,15.752019882202148,14.882697105407715,13.535636901855469,11.947266578674316,10.806720733642578,10.495658874511719,10.678507804870605,10.62106704711914,10.078319549560547,9.610138893127441,9.755951881408691,9.772685050964355,8.84329891204834,8.224175453186035,8.205670356750488,8.035362243652344,8.133376121520996,8.683538436889648,8.862879753112793,8.24398422241211,7.544111251831055,7.510076522827148,8.015883445739746,8.240657806396484,8.066057205200195,8.26207447052002,7.471904277801514,4.91949462890625,4.850603103637695,6.965679168701172
16.674808502197266,16.750938415527344,17.053466796875,17.34918785095215,17.48223876953125,17.434024810791016,17.310649871826172,17.212987899780273,17.16252899169922,17.103837966918945,17.007915496826172,17.006099700927734,17.253305435180664,17.635583877563477,17.813247680664062,17.48106575012207,16.63039779663086,15.44413948059082,14.265450477600098,13.522591590881348,13.350186347961426,13.339656829833984,12.888118743896484,12.038743019104004,11.426126480102539,11.410207748413086,11.10104751586914,10.04740047454834,9.265518188476562,8.955371856689453,8.724298477172852,8.752625465393066,9.063333511352539,9.071990013122559,8.630537033081055,8.415934562683105,8.86816692352295,9.526865005493164,9.894061088562012,10.320975303649902,10.302047729492188,7.315552234649658,5.303861141204834,7.755825996398926
18.59215545654297,18.719226837158203,19.03920555114746,19.1981201171875,19.071334838867188,18.77140998840332,18.479543685913086,18.334089279174805,18.351648330688477,18.409914016723633,18.397613525390625,18.345125198364258,18.461132049560547,18.85845375061035,19.215694427490234,19.095226287841797,18.4005126953125,17.46198081970215,16.630674362182617,16.04008674621582,15.776062965393066,15.723409652709961,15.425293922424316,14.676791191101074,13.77236557006836,13.085585594177246,12.910848617553711,12.29271125793457,11.026046752929688,9.997872352600098,9.325540542602539,8.825762748718262,8.643514633178711,8.847453117370605,9.1117582321167,9.321551322937012,9.738266944885254,10.354386329650879,10.944831848144531,11.650824546813965,12.597376823425293,11.178353309631348,7.191458702087402,7.14921760559082
