data/wind_data/wind_55_8.json
{"header": {"parameterUnit": "KT", "parameterCategory": 2, "nx": 256, "ny": 198, "lo1": 44.73521041870117, "la1": -3.236724853515625, "lo2": 111.26478576660156, "la2": 43.468475341796875, "dx": 0.2609002888202667, "dy": -0.23708222806453705, "refTime": "2025-02-21 07:00:00", "forecastTime": 0, "parameterNumber": 2, "parameterNumberName": "eastward_wind"}, "data":
[rows 171 to 189 of 198, columns 176 to 219 of 256]
31.462017059326172,33.342464447021484,35.17387390136719,35.948463439941406,35.61341857910156,34.8343620300293,34.01005935668945,33.03915023803711,31.689537048339844,30.131237030029297,28.904558181762695,28.269855499267578,28.203548431396484,28.637718200683594,29.577848434448242,30.597652435302734,30.94457244873047,30.202943801879883,28.555706024169922,26.848346710205078,26.21680450439453,26.821687698364258,27.57990074157715,28.5443058013916,30.639001846313477,33.67015838623047,35.49605178833008,34.42721939086914,32.63872146606445,33.35375213623047,35.858314514160156,36.195159912109375,33.96842956542969,31.949382781982422,31.427692413330078,31.41533851623535,31.363689422607422,32.069034576416016,33.869693756103516,35.9133186340332,37.171321868896484,37.40966033935547,37.05392837524414,36.49656677246094
32.53599548339844,33.28437805175781,33.71413040161133,33.76864242553711,33.55485534667969,33.284149169921875,33.1082878112793,32.7388916015625,31.73650360107422,30.131858825683594,28.688535690307617,28.09267807006836,28.28270721435547,29.067310333251953,30.307384490966797,31.099834442138672,30.482816696166992,28.972333908081055,27.68675422668457,26.894319534301758,26.92647933959961,27.605106353759766,28.099199295043945,29.00191307067871,31.370933532714844,34.533966064453125,35.66775894165039,34.07664108276367,32.7790641784668,34.32790756225586,36.5275993347168,36.26105880737305,33.981632232666016,31.9786434173584,31.331584930419922,31.36712646484375,31.26893424987793,31.357738494873047,32.22856140136719,33.81541442871094,35.58293151855469,36.95988082885742,37.63986587524414,37.75679397583008
33.1961669921875,32.53572082519531,31.845129013061523,31.84734344482422,32.22133255004883,32.601234436035156,32.91072463989258,32.889488220214844,32.095664978027344,30.525968551635742,28.895570755004883,27.988327026367188,27.97957420349121,28.74077796936035,29.932302474975586,30.491291046142578,29.86680793762207,29.076662063598633,28.659645080566406,28.250783920288086,27.84709930419922,27.238401412963867,26.90340805053711,28.10606575012207,31.396385192871094,34.17945098876953,33.88627624511719,32.299495697021484,32.58818054199219,34.80824279785156,36.5604248046875,36.32353210449219,34.482688903808594,32.4691276550293,31.369895935058594,31.14486312866211,31.32468032836914,31.53054428100586,31.59099006652832,32.09144973754883,33.60798645019531,35.52063751220703,36.747703552246094,37.07060241699219
32.33787536621094,31.757726669311523,31.01569175720215,30.771127700805664,31.096609115600586,31.877992630004883,32.90626907348633,33.60821533203125,33.23097610473633,31.549379348754883,29.32789421081543,27.579158782958984,26.971111297607422,27.68505096435547,29.121597290039062,29.957874298095703,29.688922882080078,29.038206100463867,28.402862548828125,27.941564559936523,27.61524772644043,26.640779495239258,25.68828582763672,26.916589736938477,30.587615966796875,32.80430603027344,31.9481258392334,31.167755126953125,32.676204681396484,34.94484329223633,36.29632568359375,36.37674331665039,35.248600006103516,33.461002349853516,31.889163970947266,31.026187896728516,30.86050796508789,30.920251846313477,30.563108444213867,30.242639541625977,31.22502899169922,33.35890579223633,35.180076599121094,35.80494689941406
31.706754684448242,31.441932678222656,31.133752822875977,30.923011779785156,30.937551498413086,31.336286544799805,32.195674896240234,32.96976852416992,32.68177032470703,30.92573356628418,28.394601821899414,26.45160484313965,26.11231231689453,27.332935333251953,28.909770965576172,29.601730346679688,29.19881820678711,28.21294593811035,27.280696868896484,27.07190704345703,27.56648063659668,26.867223739624023,25.073406219482422,25.653268814086914,29.321264266967773,31.966073989868164,31.640974044799805,31.13591766357422,32.6212272644043,34.76161193847656,35.95244216918945,36.254608154296875,35.85480499267578,34.63845443725586,33.00310134887695,31.458438873291016,30.35401153564453,29.79109001159668,29.36197853088379,28.998987197875977,29.56319236755371,31.29871368408203,33.170372009277344,34.16582489013672
31.975038528442383,31.972795486450195,31.984994888305664,31.883161544799805,31.616079330444336,31.18709945678711,30.851696014404297,30.727027893066406,30.344810485839844,29.298030853271484,27.867843627929688,26.85590934753418,26.989595413208008,28.056507110595703,28.91903305053711,28.83655548095703,27.951961517333984,26.666019439697266,25.572744369506836,25.77027702331543,27.36425018310547,27.44265365600586,25.378801345825195,25.22509002685547,28.706302642822266,31.781763076782227,31.725990295410156,30.72678565979004,31.401573181152344,33.363712310791016,34.9903678894043,35.5899543762207,35.675201416015625,35.381126403808594,34.005619049072266,31.879928588867188,30.154760360717773,29.381450653076172,29.174121856689453,29.05168914794922,29.269203186035156,30.18987464904785,31.51015281677246,32.57414245605469
32.19316101074219,32.11930847167969,32.33232879638672,32.58402633666992,32.5440673828125,32.07434844970703,31.363807678222656,30.665695190429688,29.96912384033203,29.161623001098633,28.325937271118164,27.761615753173828,27.65001678466797,27.821317672729492,27.938859939575195,27.64264678955078,26.556100845336914,24.843137741088867,23.697513580322266,24.517223358154297,27.10618019104004,28.428138732910156,26.853044509887695,25.740270614624023,28.062061309814453,31.209890365600586,31.750741958618164,30.449478149414062,30.03285026550293,31.36186408996582,33.540836334228516,35.0572395324707,35.12738037109375,34.39542770385742,33.3065071105957,31.751686096191406,30.31545639038086,29.743749618530273,29.81769371032715,29.882266998291016,29.79237937927246,29.875900268554688,30.378814697265625,31.23946189880371
31.958173751831055,31.9283504486084,32.23378372192383,32.587425231933594,32.8211555480957,32.85149383544922,32.59139633178711,31.944862365722656,30.848772048950195,29.514101028442383,28.270933151245117,27.36309051513672,26.911373138427734,26.79081916809082,26.757553100585938,26.495525360107422,25.583410263061523,23.952842712402344,22.95160675048828,24.157777786254883,27.195817947387695,29.390451431274414,28.311386108398438,26.170305252075195,26.798494338989258,29.71993064880371,31.582427978515625,31.120861053466797,30.258529663085938,30.869762420654297,32.721500396728516,34.22177505493164,34.19612503051758,32.947792053222656,31.53185272216797,30.577388763427734,30.303131103515625,30.55417823791504,30.73155975341797,30.43415069580078,29.837907791137695,29.42825698852539,29.587047576904297,30.392471313476562
31.561025619506836,31.406982421875,31.58832359313965,32.047882080078125,32.59442138671875,32.92967987060547,32.75141143798828,31.978317260742188,30.761947631835938,29.320049285888672,27.917224884033203,26.784423828125,26.00336456298828,25.551300048828125,25.383708953857422,25.365327835083008,25.077972412109375,24.2020263671875,23.53614044189453,24.43661880493164,26.975322723388672,29.33150291442871,29.052003860473633,26.970890045166016,26.287723541259766,28.092079162597656,30.492332458496094,31.73472785949707,31.739307403564453,31.655838012695312,32.108360290527344,32.43330001831055,31.99454116821289,31.016149520874023,30.175918579101562,29.966474533081055,30.443145751953125,31.105026245117188,31.20400047302246,30.481903076171875,29.417818069458008,28.78512191772461,29.04241371154785,30.074748992919922
31.397750854492188,31.095867156982422,31.11096954345703,31.600936889648438,32.315635681152344,32.72489547729492,32.38472366333008,31.330551147460938,29.92744255065918,28.52898406982422,27.293344497680664,26.21088409423828,25.273906707763672,24.661869049072266,24.599952697753906,25.005578994750977,25.31443214416504,25.109285354614258,24.765424728393555,25.167722702026367,26.662044525146484,28.46891975402832,28.95608139038086,27.640634536743164,26.49460220336914,27.365921020507812,29.49091148376465,31.379587173461914,32.01812744140625,31.4669189453125,30.61090850830078,30.025535583496094,29.66861343383789,29.541078567504883,29.786701202392578,30.343097686767578,30.9566593170166,31.31815528869629,31.094696044921875,30.201974868774414,29.104778289794922,28.559709548950195,28.962505340576172,30.04140281677246
31.772783279418945,31.426042556762695,31.272811889648438,31.40582847595215,31.586889266967773,31.43263053894043,30.675960540771484,29.438474655151367,28.174983978271484,27.161882400512695,26.302120208740234,25.442651748657227,24.717288970947266,24.4776554107666,24.854251861572266,25.575572967529297,26.20178985595703,26.399778366088867,26.261245727539062,26.244150161743164,26.670429229736328,27.47369384765625,28.124780654907227,27.78252601623535,26.828289031982422,26.99895668029785,28.560447692871094,30.1873836517334,30.565614700317383,29.76712989807129,28.7686710357666,28.384414672851562,28.740158081054688,29.465816497802734,30.24315643310547,30.902990341186523,31.28917694091797,31.236656188964844,30.69988441467285,29.838985443115234,29.0556640625,28.81624984741211,29.246912002563477,30.083330154418945
31.4277400970459,31.439876556396484,31.24766731262207,30.810400009155273,30.154571533203125,29.32101058959961,28.288005828857422,27.102018356323242,26.013126373291016,25.240947723388672,24.73138427734375,24.41970443725586,24.471927642822266,24.99213409423828,25.791648864746094,26.625307083129883,27.34292984008789,27.721349716186523,27.466947555541992,26.721101760864258,26.191858291625977,26.461217880249023,27.350509643554688,27.94225311279297,27.60589599609375,27.126615524291992,27.458524703979492,28.309371948242188,28.806900024414062,28.682451248168945,28.32187271118164,28.298311233520508,28.88286018371582,29.799304962158203,30.628042221069336,31.177490234375,31.371173858642578,31.07205581665039,30.366714477539062,29.64142417907715,29.329347610473633,29.516277313232422,29.929685592651367,30.44806671142578
30.79854393005371,30.804336547851562,30.338167190551758,29.338050842285156,28.216590881347656,27.335453033447266,26.534854888916016,25.577001571655273,24.653301239013672,24.07904815673828,23.89409828186035,24.112409591674805,24.8193302154541,25.820768356323242,26.71359634399414,27.389280319213867,27.962890625,28.14779281616211,27.432363510131836,26.153465270996094,25.337282180786133,25.674970626831055,27.000595092773438,28.295692443847656,28.36627769470215,27.375991821289062,26.769588470458984,27.199403762817383,28.11593246459961,28.973907470703125,29.405506134033203,29.365646362304688,29.391437530517578,29.94605827331543,30.83034324645996,31.451065063476562,31.428056716918945,30.838211059570312,30.135717391967773,29.80623435974121,30.026473999023438,30.55085563659668,30.980199813842773,31.285314559936523
29.76418113708496,29.415353775024414,28.564485549926758,27.552734375,26.960905075073242,26.78177261352539,26.514480590820312,25.927478790283203,25.225732803344727,24.675539016723633,24.417360305786133,24.62742805480957,25.379125595092773,26.350269317626953,27.09506607055664,27.536426544189453,27.820646286010742,27.72149085998535,26.893339157104492,25.733989715576172,25.168752670288086,25.633285522460938,26.87030792236328,28.056947708129883,28.220943450927734,27.40901756286621,26.933624267578125,27.616302490234375,28.828853607177734,29.84933090209961,30.546247482299805,30.78158950805664,30.61248779296875,30.688365936279297,31.267629623413086,31.676645278930664,31.38176727294922,30.65838050842285,30.13801383972168,30.209875106811523,30.782543182373047,31.503263473510742,32.012638092041016,32.1774787902832
27.872398376464844,27.436384201049805,27.011043548583984,26.87053680419922,26.979021072387695,27.075969696044922,26.987211227416992,26.71436882019043,26.33445167541504,25.949735641479492,25.636653900146484,25.540302276611328,25.87360382080078,26.563995361328125,27.175331115722656,27.377788543701172,27.258739471435547,26.96281623840332,26.45765495300293,25.97275161743164,25.960567474365234,26.447052001953125,27.067867279052734,27.512971878051758,27.58270835876465,27.417444229125977,27.692602157592773,28.80725860595703,30.120159149169922,30.84466552734375,31.20319938659668,31.62068748474121,31.84871482849121,31.818805694580078,31.78485107421875,31.61211585998535,31.13492774963379,30.61258888244629,30.420820236206055,30.670665740966797,31.227312088012695,31.882808685302734,32.35873794555664,32.36353302001953
27.070148468017578,26.52241325378418,26.496023178100586,26.847326278686523,27.180686950683594,27.250810623168945,27.12834358215332,26.988737106323242,26.847814559936523,26.670400619506836,26.4517822265625,26.226478576660156,26.246288299560547,26.709989547729492,27.304115295410156,27.473419189453125,27.136302947998047,26.71921730041504,26.572946548461914,26.7845401763916,27.280555725097656,27.72878646850586,27.79842758178711,27.6652774810791,27.677215576171875,27.92452621459961,28.56719207763672,29.649812698364258,30.69647789001465,31.246206283569336,31.564064025878906,32.078758239746094,32.51244354248047,32.43091583251953,31.9755802154541,31.46474266052246,31.02244758605957,30.7769832611084,30.82338523864746,31.08957290649414,31.447498321533203,31.78837776184082,31.935876846313477,31.6827449798584
27.04225730895996,26.81610107421875,27.081235885620117,27.504283905029297,27.719764709472656,27.685731887817383,27.619792938232422,27.606151580810547,27.498689651489258,27.26457405090332,26.97297477722168,26.62369155883789,26.395177841186523,26.5535945892334,26.953781127929688,27.107332229614258,26.85508918762207,26.62401008605957,26.87238311767578,27.572219848632812,28.340822219848633,28.77582359313965,28.763416290283203,28.63615608215332,28.697250366210938,28.877944946289062,29.212718963623047,29.810611724853516,30.42366600036621,30.904953002929688,31.504135131835938,32.26321792602539,32.7198486328125,32.5069694519043,31.934267044067383,31.51466178894043,31.339004516601562,31.338926315307617,31.450172424316406,31.549209594726562,31.56344985961914,31.466737747192383,31.19139289855957,30.770166397094727
27.8834171295166,27.934751510620117,28.153949737548828,28.35235595703125,28.388473510742188,28.313125610351562,28.275636672973633,28.30706024169922,28.229686737060547,27.90726661682129,27.51090431213379,27.280542373657227,27.16710662841797,27.01491928100586,26.72836685180664,26.292551040649414,25.893779754638672,25.90780258178711,26.561494827270508,27.638870239257812,28.640512466430664,29.225332260131836,29.439237594604492,29.6019344329834,29.870662689208984,30.035400390625,30.015796661376953,30.06995964050293,30.340608596801758,30.77387237548828,31.373592376708984,32.0501594543457,32.482688903808594,32.420013427734375,32.021209716796875,31.732078552246094,31.798261642456055,32.08920669555664,32.27116012573242,32.129276275634766,31.71991729736328,31.19403648376465,30.694231033325195,30.375062942504883
28.850744247436523,28.98833465576172,29.103559494018555,29.119731903076172,29.029605865478516,28.968923568725586,29.054353713989258,29.130002975463867,28.875585556030273,28.320056915283203,27.910125732421875,27.828039169311523,27.72064971923828,27.310731887817383,26.60242462158203,25.78605079650879,25.298974990844727,25.526926040649414,26.465307235717773,27.716154098510742,28.724281311035156,29.206052780151367,29.391284942626953,29.71238899230957,30.270463943481445,30.747417449951172,30.855464935302734,30.719167709350586,30.725162506103516,31.012489318847656,31.387588500976562,31.729856491088867,32.03736877441406,32.19097137451172,32.095367431640625,31.99330711364746,32.209678649902344,32.63718032836914,32.84268569946289,32.56686019897461,31.90378761291504,31.139379501342773,30.582971572875977,30.387428283691406
