data/wind_data/wind_42_1.json
{"header": {"parameterUnit": "KT", "parameterCategory": 2, "nx": 256, "ny": 198, "lo1": 44.73521041870117, "la1": -3.236724853515625, "lo2": 111.26478576660156, "la2": 43.468475341796875, "dx": 0.2609002888202667, "dy": -0.23708222806453705, "refTime": "2025-02-20 18:00:00", "forecastTime": 0, "parameterNumber": 2, "parameterNumberName": "eastward_wind"}, "data":
[rows 57 to 75 of 198, columns 0 to 42 of 256]
-9.125086784362793,-10.976309776306152,-12.313294410705566,-14.298540115356445,-15.60770034790039,-13.256901741027832,-14.370970726013184,-13.808588027954102,-15.708030700683594,-15.8719482421875,-16.32600212097168,-14.771793365478516,-12.970550537109375,-11.31988525390625,-10.073285102844238,-7.895188331604004,-6.258523941040039,-9.01746654510498,-10.509817123413086,-8.198609352111816,-4.056095600128174,-0.748133659362793,-3.984811782836914,-8.786503791809082,-5.376343250274658,-6.0141496658325195,-6.718088150024414,-7.510977745056152,-7.77680778503418,-6.715179920196533,-6.264814853668213,-6.357475280761719,-6.122054576873779,-7.524224281311035,-6.7399001121521,-6.96326208114624,-6.358682632446289,-6.981514930725098,-7.173692226409912,-9.400712013244629,-8.509954452514648,-7.974606513977051,-7.516025543212891
-10.562422752380371,-11.711447715759277,-12.33167552947998,-14.160744667053223,-15.02392864227295,-12.900337219238281,-14.823639869689941,-14.854584693908691,-15.870508193969727,-15.652146339416504,-15.422287940979004,-13.500232696533203,-11.864187240600586,-10.046496391296387,-9.090533256530762,-8.32252311706543,-7.555402755737305,-9.533923149108887,-13.237350463867188,-15.47351360321045,-13.804590225219727,-9.98606014251709,-7.488417148590088,-7.790884494781494,-7.515142917633057,-8.915962219238281,-9.130472183227539,-7.583897590637207,-8.979897499084473,-8.243417739868164,-7.071268081665039,-4.4597697257995605,-5.037860870361328,-6.780815124511719,-7.7469868659973145,-8.306427001953125,-6.930070400238037,-8.447244644165039,-8.131180763244629,-6.365317344665527,-6.47832727432251,-7.329240798950195,-9.135242462158203
-11.789429664611816,-12.600057601928711,-12.831277847290039,-14.171754837036133,-15.138666152954102,-13.165043830871582,-15.820496559143066,-14.472055435180664,-15.203522682189941,-15.025096893310547,-14.67314624786377,-12.985933303833008,-12.05383014678955,-10.226933479309082,-9.334552764892578,-9.312240600585938,-10.091021537780762,-12.356674194335938,-14.674534797668457,-16.56010627746582,-18.144176483154297,-17.735450744628906,-15.457542419433594,-13.585597038269043,-12.493308067321777,-10.884004592895508,-9.57275104522705,-8.856863975524902,-8.753761291503906,-8.809233665466309,-7.232067108154297,-6.45733118057251,-5.866650104522705,-5.114870071411133,-5.316442966461182,-9.658079147338867,-8.283227920532227,-7.102164268493652,-9.018457412719727,-5.996918678283691,-9.139938354492188,-7.9930267333984375,-9.285322189331055
-12.78739070892334,-13.395480155944824,-13.43592643737793,-14.21798038482666,-15.345501899719238,-13.700477600097656,-15.04360294342041,-14.58558464050293,-14.969712257385254,-14.456226348876953,-14.457783699035645,-13.938901901245117,-12.784109115600586,-10.884542465209961,-9.618724822998047,-10.175882339477539,-11.752872467041016,-13.65516185760498,-15.060027122497559,-15.313347816467285,-16.080341339111328,-16.56527328491211,-15.947514533996582,-14.724980354309082,-12.884142875671387,-10.907430648803711,-9.703536987304688,-8.849813461303711,-8.265756607055664,-8.12536334991455,-6.041055679321289,-6.377888202667236,-6.487131118774414,-3.133155345916748,0.7489011287689209,-3.709357976913452,-9.928261756896973,-9.056844711303711,-7.640029430389404,-8.47871208190918,-8.863292694091797,-7.7596306800842285,-5.901373386383057
-11.129008293151855,-10.927244186401367,-12.333881378173828,-13.310497283935547,-14.128451347351074,-13.361729621887207,-14.27567195892334,-14.136785507202148,-14.268898010253906,-13.798755645751953,-13.492840766906738,-12.895915985107422,-11.976478576660156,-10.876569747924805,-10.597519874572754,-11.551970481872559,-12.929214477539062,-13.863704681396484,-14.056079864501953,-14.727564811706543,-14.796871185302734,-14.951773643493652,-14.61446475982666,-13.535991668701172,-11.899462699890137,-10.570504188537598,-9.49466609954834,-8.649852752685547,-7.9850053787231445,-7.723876953125,-6.931248188018799,-6.94271183013916,-8.2560453414917,-5.834321975708008,-5.459884166717529,-8.028826713562012,-7.372952938079834,-5.060736656188965,-7.746413230895996,-6.154696941375732,-5.440540790557861,-7.87663459777832,-7.746386528015137
-8.028607368469238,-8.170757293701172,-9.764984130859375,-12.253650665283203,-13.237338066101074,-13.049753189086914,-13.685530662536621,-13.353471755981445,-13.659337997436523,-13.121210098266602,-12.799939155578613,-12.187365531921387,-11.923262596130371,-11.88673210144043,-11.657177925109863,-11.793293952941895,-12.130311965942383,-12.50341510772705,-13.168157577514648,-13.805702209472656,-13.981844902038574,-14.289482116699219,-13.619653701782227,-12.336029052734375,-10.833517074584961,-9.90310287475586,-9.140278816223145,-8.710597038269043,-7.702110767364502,-6.811056613922119,-6.675417900085449,-7.8860063552856445,-6.631414890289307,-7.320782661437988,-8.180354118347168,-9.325814247131348,-8.2822265625,-7.11030387878418,-7.57175350189209,-6.60370397567749,-7.520964622497559,-8.997629165649414,-9.290885925292969
-5.712924003601074,-3.6570239067077637,-6.405555725097656,-8.658981323242188,-10.935766220092773,-13.389352798461914,-13.612931251525879,-12.480568885803223,-13.128069877624512,-12.211000442504883,-11.743277549743652,-11.162327766418457,-11.050739288330078,-11.42558765411377,-12.303967475891113,-12.184996604919434,-10.756218910217285,-10.341135025024414,-11.62546157836914,-12.538169860839844,-12.708809852600098,-13.165571212768555,-12.90300464630127,-11.639244079589844,-9.474360466003418,-9.332674026489258,-8.617941856384277,-8.825911521911621,-7.511419773101807,-6.676969528198242,-6.365081310272217,-3.9187171459198,-4.250506401062012,-6.666746616363525,-7.424502849578857,-8.888182640075684,-8.113442420959473,-6.611039638519287,-6.93621301651001,-7.519038677215576,-7.634466171264648,-8.235435485839844,-7.695301532745361
-1.9167588949203491,-0.23592090606689453,-1.4675732851028442,-3.2287211418151855,-4.061101913452148,-8.881576538085938,-9.762138366699219,-7.187719345092773,-7.733719825744629,-8.946550369262695,-8.204845428466797,-8.401409149169922,-9.558420181274414,-9.919544219970703,-11.236231803894043,-11.288622856140137,-10.615011215209961,-9.572975158691406,-10.146883010864258,-11.21829891204834,-11.598525047302246,-11.627124786376953,-11.500846862792969,-10.294610023498535,-9.05167007446289,-9.017088890075684,-8.438397407531738,-6.823291778564453,-6.899764060974121,-6.556693077087402,-7.070340633392334,-4.0890116691589355,-6.953320503234863,-7.166555404663086,-7.073087692260742,-7.428912162780762,-6.174743175506592,-5.594667911529541,-8.313496589660645,-8.213260650634766,-7.072564601898193,-7.2870588302612305,-8.712006568908691
-0.6316403150558472,2.873929738998413,0.9635233879089355,-0.01302679069340229,-0.15375523269176483,-1.2322381734848022,0.31671738624572754,2.0113601684570312,1.2907980680465698,-3.3219656944274902,-3.1142561435699463,-2.0204310417175293,-4.620926380157471,-7.46867036819458,-10.27785873413086,-10.789338111877441,-10.112388610839844,-9.044743537902832,-8.529040336608887,-9.385029792785645,-9.822640419006348,-9.716570854187012,-9.800570487976074,-9.30512809753418,-8.485567092895508,-7.768613815307617,-7.61323881149292,-6.867105007171631,-6.24664306640625,-5.353614807128906,-6.751246929168701,-5.689826011657715,-7.318894863128662,-5.637386798858643,-6.99347448348999,-5.856200695037842,-6.891557693481445,-5.851860523223877,-5.403016090393066,-7.149644374847412,-6.882956027984619,-5.37967586517334,-7.241204261779785
-0.12152981758117676,3.4327285289764404,1.6057398319244385,2.025709629058838,5.089221477508545,4.2087907791137695,3.0167429447174072,2.4475693702697754,-0.2994860112667084,-4.316174507141113,-1.849534273147583,1.216041088104248,0.020105503499507904,-1.475938081741333,-6.340739727020264,-8.695865631103516,-9.256957054138184,-8.488794326782227,-7.276858806610107,-7.335967540740967,-7.696030616760254,-8.046607971191406,-7.994683742523193,-7.640809059143066,-7.393837928771973,-6.948740482330322,-6.2293291091918945,-5.882768630981445,-5.1829609870910645,-6.491626739501953,-5.840935230255127,-4.634234428405762,-6.4648308753967285,-5.232824802398682,-5.691559791564941,-7.0337114334106445,-6.58384370803833,-5.694150447845459,-6.272490501403809,-7.400012493133545,-6.855129241943359,-5.599725246429443,-7.562072277069092
1.7603703737258911,4.835959434509277,3.5814075469970703,2.621488094329834,3.738945245742798,6.094277381896973,4.969021797180176,4.1573896408081055,-0.8478312492370605,-4.032839298248291,-0.38283008337020874,2.7976720333099365,0.15595996379852295,-1.056011438369751,-2.4270379543304443,-3.587369441986084,-4.290646553039551,-7.054518222808838,-5.166642665863037,-5.935391902923584,-5.5215864181518555,-6.168128967285156,-6.112707614898682,-6.085529804229736,-5.987875938415527,-6.243264675140381,-6.747869968414307,-7.13322639465332,-4.181139945983887,-6.451263904571533,-4.412147521972656,-6.363183975219727,-4.594827651977539,-6.420748233795166,-5.592348098754883,-6.661892890930176,-6.325816631317139,-7.303774833679199,-5.7761430740356445,-6.773921966552734,-6.472268581390381,-6.1917853355407715,-7.014597415924072
2.734543561935425,6.213404178619385,6.918635845184326,3.5077602863311768,4.747493743896484,6.0534210205078125,5.8603901863098145,2.389707565307617,-4.848668575286865,-5.93308162689209,-1.6433817148208618,1.4785982370376587,-1.5377024412155151,-3.0933761596679688,-5.942603588104248,-4.212301731109619,2.536996603012085,0.36029693484306335,-2.6004247665405273,-4.150095462799072,-3.522387981414795,-4.446961402893066,-4.271331787109375,-4.6658220291137695,-4.880437850952148,-5.0435872077941895,-5.022176265716553,-5.054100036621094,-4.279239177703857,-4.8538689613342285,-4.886396408081055,-5.2425456047058105,-3.8907063007354736,-5.669145107269287,-5.586587905883789,-5.0882887840271,-5.8502092361450195,-5.964548587799072,-6.436945915222168,-6.479283809661865,-6.695145606994629,-5.359086513519287,-5.355461120605469
2.6356394290924072,4.795802116394043,4.21016263961792,4.363279819488525,8.54543685913086,8.257957458496094,5.656548976898193,-0.8070244193077087,-8.46335506439209,-12.635589599609375,-6.606189250946045,-1.5238478183746338,-2.6478352546691895,-5.8183159828186035,-7.543979644775391,-3.1578123569488525,5.784043312072754,6.232910633087158,1.143278956413269,-1.7499834299087524,-1.7114957571029663,-2.885349988937378,-2.5132036209106445,-3.1844265460968018,-3.23652982711792,-3.4087612628936768,-3.6842238903045654,-3.8654606342315674,-4.743814468383789,-4.1105546951293945,-6.396371841430664,-5.318267345428467,-3.814404010772705,-3.186939239501953,-6.150509357452393,-2.3325958251953125,-7.212909698486328,-5.210061550140381,-5.148735046386719,-5.032029151916504,-6.780993938446045,-5.554417133331299,-5.286554336547852
2.669609785079956,1.8518909215927124,0.45626717805862427,5.037728309631348,10.23082447052002,6.5068254470825195,-1.6491056680679321,-3.937808036804199,-7.02138090133667,-14.373957633972168,-10.540581703186035,-3.2685775756835938,-3.0138792991638184,-4.911040306091309,-4.647887706756592,0.49365729093551636,4.998619556427002,4.361973285675049,0.10343153774738312,-0.596092164516449,0.8208608031272888,2.617170572280884,2.5776355266571045,-0.8314453959465027,-2.45076584815979,-1.841842532157898,-2.9161481857299805,-2.628971815109253,-4.220961570739746,-3.502967357635498,-5.295472621917725,-4.568029880523682,-2.9488959312438965,-5.157060146331787,-6.02188777923584,-2.6067886352539062,-8.295882225036621,-3.8620474338531494,-5.731290340423584,-2.650291919708252,-5.2231125831604,-4.403498649597168,-4.901336193084717
2.2510461807250977,0.7781198620796204,1.8546359539031982,5.358161449432373,9.214582443237305,-3.4581775665283203,-8.319306373596191,-5.785728454589844,-4.342559814453125,-11.449851036071777,-12.23326587677002,-5.09581995010376,-1.794836163520813,-0.2777329385280609,2.165771484375,2.0613651275634766,-4.133752554480452e-06,-4.800814628601074,-7.030292510986328,-2.9266269207000732,1.4617259502410889,5.234523296356201,6.63685417175293,4.577042579650879,0.5750046372413635,1.0350046157836914,-0.5785210728645325,-1.1128286123275757,-2.718850612640381,-3.330138921737671,-4.110576629638672,-4.466630935668945,-5.273758888244629,-2.5727407932281494,-7.022434234619141,-4.828909397125244,-6.578064918518066,-1.9922716617584229,-7.482009410858154,-3.895515203475952,-2.772615432739258,-4.8862152099609375,-3.711582899093628
1.9876145124435425,3.1235299110412598,4.602517127990723,7.024838924407959,1.5889263153076172,-10.69105339050293,-9.528026580810547,-6.61765193939209,-1.8218803405761719,-4.381642818450928,-10.55998420715332,-3.8546972274780273,0.2757040560245514,2.5539464950561523,3.130794048309326,-1.2302510738372803,-2.9225025177001953,-4.332965850830078,-5.917368412017822,-3.0174593925476074,1.3676071166992188,5.222306728363037,4.167634010314941,-0.7626609206199646,-1.4375853538513184,2.5724732875823975,5.374166965484619,0.02813848853111267,-3.0976414680480957,-2.7953829765319824,-3.4019203186035156,-4.783577919006348,-4.781360149383545,-3.9102282524108887,-5.50803804397583,-3.1773014068603516,-5.423729419708252,-5.4464111328125,-4.551419734954834,-4.25621223449707,-2.1701481342315674,-4.497485160827637,-1.526259422302246
1.942626714706421,8.108482360839844,7.4891157150268555,4.009150505065918,-5.397645473480225,-10.84461784362793,-8.955583572387695,-6.191438674926758,-0.8015710711479187,3.3228909969329834,-0.6261854767799377,-1.457932472229004,-1.0000258684158325,-0.548257052898407,-3.3000879287719727,-4.094260215759277,-3.293858766555786,-1.4470975399017334,0.3024314045906067,0.20755337178707123,2.5794782638549805,1.195026159286499,-4.116604804992676,-7.132644176483154,-2.4082155227661133,2.603835344314575,4.867338180541992,2.4528591632843018,-0.4434449374675751,-1.6432908773422241,-3.7659754753112793,-4.2896013259887695,-4.816722869873047,-4.247674465179443,-3.3292620182037354,-4.967199802398682,-3.931816577911377,-5.016866207122803,-3.823788642883301,-3.698392152786255,-2.0073535442352295,-4.3772478103637695,-1.0508874654769897
2.0817577838897705,11.415308952331543,8.562228202819824,-1.9324698448181152,-8.555586814880371,-8.880473136901855,-7.994702339172363,-4.68351411819458,-0.3842102289199829,2.2198450565338135,2.1162986755371094,-3.853173017501831,-5.675215244293213,-4.894421100616455,-5.123464584350586,-4.0635247230529785,-1.9027620553970337,1.3983135223388672,2.613501787185669,-0.6281372308731079,-3.2336971759796143,-7.076180934906006,-7.696150779724121,-5.593630313873291,-0.8567062616348267,1.697912335395813,2.180837392807007,0.3526957631111145,-0.40260860323905945,-3.501824378967285,-4.18759298324585,-4.513078689575195,-3.6978118419647217,-5.215329647064209,-3.309929370880127,-4.008672714233398,-3.0863473415374756,-2.5000176429748535,-2.819573402404785,-3.6577706336975098,-2.631624937057495,-3.005181312561035,-2.0552022457122803
3.8781418800354004,10.574198722839355,6.049015045166016,-3.961977243423462,-6.8795599937438965,-7.361916542053223,-6.153860092163086,-3.023707628250122,0.1138881966471672,-1.8924920558929443,-4.425588607788086,-6.52529764175415,-5.007018089294434,-3.213662624359131,-3.6033935546875,-3.9121315479278564,-0.292889803647995,1.9454442262649536,-3.203399181365967,-6.688305377960205,-11.51162338256836,-9.385677337646484,-4.826253414154053,-1.6266201734542847,-2.2769534587860107,-4.540609836578369,-6.490839004516602,-5.600889205932617,-3.6633875370025635,-3.8603272438049316,-3.5673766136169434,-3.554706335067749,-1.4150912761688232,-2.7988009452819824,-1.9737112522125244,-2.0079665184020996,-1.136762261390686,-1.546825885772705,-1.7444971799850464,-2.275524616241455,-2.4574694633483887,-3.0414061546325684,-2.3975675106048584
