data/wind_data/wind_47_5.json
{"header": {"parameterUnit": "KT", "parameterCategory": 2, "nx": 256, "ny": 198, "lo1": 44.73521041870117, "la1": -3.236724853515625, "lo2": 111.26478576660156, "la2": 43.468475341796875, "dx": 0.2609002888202667, "dy": -0.23708222806453705, "refTime": "2025-02-20 23:00:00", "forecastTime": 0, "parameterNumber": 2, "parameterNumberName": "eastward_wind"}, "data":
[rows 19 to 37 of 198, columns 88 to 131 of 256]
-12.225078582763672,-12.113434791564941,-11.678300857543945,-11.20942211151123,-10.935888290405273,-10.78477668762207,-10.60964298248291,-10.63093376159668,-10.299997329711914,-9.938806533813477,-9.608028411865234,-8.958979606628418,-7.900450229644775,-7.03610897064209,-6.714507579803467,-6.635993957519531,-6.666736602783203,-6.654041290283203,-6.798295021057129,-7.301283836364746,-7.83524751663208,-7.816006183624268,-7.46331787109375,-7.100576877593994,-6.549389839172363,-6.054005146026611,-5.888615608215332,-6.098648548126221,-6.243847846984863,-4.3510026931762695,-4.155000686645508,-5.076578140258789,-7.13384485244751,-8.23027515411377,-8.577091217041016,-3.840470552444458,-5.461726188659668,-15.463191032409668,-8.627877235412598,-5.52164363861084,-5.819518089294434,-7.099667072296143,-7.529323577880859,-6.062503814697266
-12.633054733276367,-12.202995300292969,-11.445220947265625,-10.61863899230957,-10.222257614135742,-10.426310539245605,-10.528901100158691,-10.460603713989258,-10.082289695739746,-9.37593936920166,-8.530553817749023,-7.856114864349365,-7.295795917510986,-6.942154884338379,-6.623135089874268,-6.280951976776123,-6.06088924407959,-6.092349529266357,-6.243166446685791,-6.166143894195557,-5.962040901184082,-5.8256425857543945,-5.773106575012207,-5.905048847198486,-5.761558532714844,-5.174715995788574,-5.266664028167725,-6.170617580413818,-6.351962566375732,-4.825389385223389,-3.9963533878326416,-5.295471668243408,-7.714982032775879,-8.30730152130127,-6.9046454429626465,-4.8753509521484375,-3.595031261444092,-7.503902435302734,-6.769176006317139,-5.579732418060303,-4.030898094177246,-5.009636878967285,-5.365303039550781,-4.2841315269470215
-12.654925346374512,-11.74582290649414,-10.965210914611816,-10.376315116882324,-10.132298469543457,-10.224879264831543,-10.109747886657715,-9.89067554473877,-9.499019622802734,-8.907360076904297,-8.316031455993652,-7.830694675445557,-7.498055458068848,-7.062419414520264,-6.5143256187438965,-6.1226983070373535,-5.984827041625977,-5.982551574707031,-6.067666530609131,-5.761683464050293,-5.140377521514893,-4.6846842765808105,-4.594425678253174,-4.6863555908203125,-4.632995128631592,-4.535937786102295,-4.612433910369873,-4.94162654876709,-5.15277624130249,-5.011730670928955,-4.919998645782471,-5.5187764167785645,-6.817501544952393,-7.712410926818848,-7.068057537078857,-4.879035949707031,-4.032944679260254,-6.832298278808594,-6.276427268981934,-4.2131781578063965,-2.613417625427246,-2.283015012741089,-3.183468818664551,-2.3698537349700928
-12.964027404785156,-11.915180206298828,-11.162805557250977,-10.694731712341309,-10.469531059265137,-10.258520126342773,-9.946348190307617,-9.639424324035645,-9.237092018127441,-8.808773040771484,-8.381908416748047,-7.900232315063477,-7.230926036834717,-6.532756805419922,-6.220645427703857,-6.364825248718262,-6.587744235992432,-6.647029876708984,-6.429360389709473,-5.908660411834717,-5.413632869720459,-5.101185321807861,-5.029596328735352,-5.095962047576904,-4.931660175323486,-4.582652568817139,-4.117660045623779,-3.690013885498047,-3.796496629714966,-4.4573073387146,-4.973507404327393,-4.984050273895264,-5.344017505645752,-6.161551475524902,-6.091080665588379,-5.218902111053467,-5.09013557434082,-6.122959613800049,-5.808506965637207,-4.7419114112854,-3.2633912563323975,-2.2933499813079834,-1.557462453842163,-0.6679074168205261
-13.106640815734863,-12.304759979248047,-11.540339469909668,-11.123674392700195,-10.752774238586426,-10.179136276245117,-9.610750198364258,-9.184358596801758,-8.79928970336914,-8.4094820022583,-7.914964199066162,-7.256256580352783,-6.6017560958862305,-6.3717474937438965,-6.730185031890869,-7.286690711975098,-7.51423978805542,-7.330422878265381,-6.862257480621338,-6.3302693367004395,-5.9446702003479,-5.825308799743652,-5.9675445556640625,-5.931389331817627,-5.718664646148682,-5.4174957275390625,-4.935238838195801,-4.21364164352417,-3.849102020263672,-4.061831951141357,-4.229747772216797,-3.810600519180298,-3.391204833984375,-3.6411936283111572,-4.170717239379883,-4.470620155334473,-4.801608085632324,-4.981253147125244,-4.078266143798828,-4.759392261505127,-4.216124057769775,-4.257087230682373,-2.915722131729126,-1.588518738746643
-12.716361045837402,-12.22157096862793,-11.655732154846191,-11.240507125854492,-10.813459396362305,-10.319448471069336,-9.886275291442871,-9.510354042053223,-9.181429862976074,-8.727062225341797,-8.075627326965332,-7.478476047515869,-7.273670196533203,-7.545761585235596,-7.930078506469727,-8.163970947265625,-8.290757179260254,-8.305869102478027,-7.892142295837402,-7.11405611038208,-6.450944900512695,-6.239405155181885,-6.316242694854736,-6.325497150421143,-6.26262092590332,-6.2322998046875,-5.968775272369385,-5.340577125549316,-4.692945957183838,-4.326608657836914,-3.981372833251953,-3.2897355556488037,-2.6286652088165283,-2.350292682647705,-2.5724282264709473,-2.9702842235565186,-3.5415151119232178,-4.387989521026611,-2.7617313861846924,-5.090728282928467,-5.464484214782715,-5.541677474975586,-4.212749481201172,-3.2682888507843018
-12.29704475402832,-12.099593162536621,-11.815153121948242,-11.54012680053711,-11.198198318481445,-10.80745792388916,-10.545491218566895,-10.475248336791992,-10.338088035583496,-9.941737174987793,-9.304465293884277,-8.81330394744873,-8.961146354675293,-9.517733573913574,-9.822779655456543,-9.731440544128418,-9.467324256896973,-9.282095909118652,-8.885936737060547,-8.193954467773438,-7.571249485015869,-7.357378005981445,-7.446346759796143,-7.558502197265625,-7.563288688659668,-7.393486022949219,-6.99596643447876,-6.483433723449707,-5.955684661865234,-5.53078031539917,-5.24138879776001,-4.8686723709106445,-4.421410083770752,-3.846743583679199,-3.079287052154541,-2.2562613487243652,-2.0279345512390137,-2.270857810974121,-3.1059072017669678,-4.285030841827393,-4.479362964630127,-4.664877891540527,-3.9828600883483887,-3.506441831588745
-12.746892929077148,-12.430484771728516,-12.29830265045166,-12.244609832763672,-12.035343170166016,-11.710704803466797,-11.522236824035645,-11.474839210510254,-11.361815452575684,-11.011992454528809,-10.492812156677246,-10.185667991638184,-10.39304256439209,-10.817837715148926,-10.817078590393066,-10.387069702148438,-9.750211715698242,-9.426225662231445,-9.381967544555664,-9.181441307067871,-8.85321044921875,-8.610870361328125,-8.664416313171387,-8.960851669311523,-9.219767570495605,-9.036683082580566,-8.490159034729004,-7.825578212738037,-7.174511432647705,-6.7112650871276855,-6.52849817276001,-6.565290927886963,-6.547248363494873,-5.969508171081543,-4.764631748199463,-3.6638543605804443,-3.37559175491333,-3.5737006664276123,-3.7030651569366455,-3.8363826274871826,-3.5010952949523926,-3.4517879486083984,-3.0842134952545166,-2.9346792697906494
-14.35755729675293,-13.873371124267578,-13.670418739318848,-13.703117370605469,-13.62532901763916,-13.286348342895508,-12.890032768249512,-12.597516059875488,-12.32421875,-11.884281158447266,-11.363022804260254,-11.039205551147461,-11.025757789611816,-11.133040428161621,-11.084357261657715,-10.823602676391602,-10.342666625976562,-10.063435554504395,-10.140615463256836,-10.375458717346191,-10.433435440063477,-10.24301528930664,-10.214296340942383,-10.356295585632324,-10.710453987121582,-10.672347068786621,-10.071197509765625,-9.212421417236328,-8.285283088684082,-7.541754245758057,-7.228381156921387,-7.2453789710998535,-7.180082321166992,-6.734068870544434,-5.8442301750183105,-5.184811115264893,-5.281586647033691,-5.6811113357543945,-5.487340927124023,-4.665240287780762,-4.005586624145508,-3.990962505340576,-4.1258158683776855,-3.5890822410583496
-16.286853790283203,-15.823246002197266,-15.50131893157959,-15.410837173461914,-15.290338516235352,-14.820775032043457,-14.152680397033691,-13.576258659362793,-13.152144432067871,-12.67919635772705,-12.157360076904297,-11.814007759094238,-11.76521110534668,-11.904463768005371,-12.066978454589844,-11.98017406463623,-11.681419372558594,-11.443880081176758,-11.423724174499512,-11.823354721069336,-12.176277160644531,-12.120668411254883,-12.086092948913574,-11.97717571258545,-11.964648246765137,-11.78881549835205,-11.06988525390625,-10.140948295593262,-9.29163646697998,-8.616236686706543,-8.28799819946289,-8.090778350830078,-7.588456630706787,-6.9357991218566895,-6.37489128112793,-6.345948219299316,-6.776355266571045,-6.872331619262695,-6.227108478546143,-5.346278190612793,-5.011794567108154,-5.345798492431641,-5.565686225891113,-4.831630706787109
-18.063188552856445,-17.509340286254883,-16.931575775146484,-16.521459579467773,-16.18714141845703,-15.680481910705566,-14.970129013061523,-14.281176567077637,-13.741418838500977,-13.322916984558105,-13.049432754516602,-12.995015144348145,-13.123658180236816,-13.303221702575684,-13.351551055908203,-13.173884391784668,-12.885719299316406,-12.715176582336426,-12.775064468383789,-13.161638259887695,-13.436071395874023,-13.421756744384766,-13.287277221679688,-13.160107612609863,-12.760241508483887,-12.311051368713379,-11.492082595825195,-10.540040016174316,-9.87358570098877,-9.414405822753906,-9.11694622039795,-8.772180557250977,-8.203064918518066,-7.554769992828369,-7.14216947555542,-7.057225704193115,-7.34124755859375,-7.4228715896606445,-7.065771579742432,-6.717349052429199,-6.690649509429932,-6.76533842086792,-6.643420219421387,-6.387150287628174
-19.22519302368164,-18.657167434692383,-17.914005279541016,-17.23674774169922,-16.754281997680664,-16.302104949951172,-15.653328895568848,-14.897676467895508,-14.277901649475098,-13.950186729431152,-13.942909240722656,-14.160326957702637,-14.326098442077637,-14.264338493347168,-14.079424858093262,-13.9113130569458,-13.545004844665527,-13.521112442016602,-13.683015823364258,-14.019270896911621,-14.121378898620605,-14.114218711853027,-14.069519996643066,-13.824694633483887,-13.470341682434082,-12.804996490478516,-11.876762390136719,-11.082684516906738,-10.602871894836426,-10.272220611572266,-9.900559425354004,-9.402624130249023,-8.757623672485352,-8.026795387268066,-7.539805889129639,-7.237363338470459,-7.22988224029541,-7.389889240264893,-7.645244121551514,-8.032493591308594,-8.318615913391113,-8.315597534179688,-7.8986735343933105,-7.508294582366943
-19.979745864868164,-19.469614028930664,-18.72166633605957,-17.92864418029785,-17.337650299072266,-16.925134658813477,-16.38031768798828,-15.695405006408691,-15.117454528808594,-14.747273445129395,-14.651118278503418,-14.80042839050293,-14.98767375946045,-14.906937599182129,-14.63448429107666,-14.337224960327148,-14.077869415283203,-14.027021408081055,-14.297499656677246,-14.628974914550781,-14.739433288574219,-14.830378532409668,-14.783319473266602,-14.590855598449707,-14.083821296691895,-13.331205368041992,-12.56095027923584,-12.000972747802734,-11.705738067626953,-11.470512390136719,-11.060522079467773,-10.438755989074707,-9.567543029785156,-8.640203475952148,-7.878690242767334,-7.334700107574463,-7.032751083374023,-7.163054466247559,-7.91898250579834,-8.703204154968262,-9.174728393554688,-9.33884334564209,-8.926467895507812,-8.30013656616211
-20.631980895996094,-20.000471115112305,-19.27851676940918,-18.571208953857422,-18.01010513305664,-17.593046188354492,-17.09165382385254,-16.484373092651367,-15.933218002319336,-15.49868392944336,-15.226094245910645,-15.192008018493652,-15.49593448638916,-15.605249404907227,-15.371118545532227,-14.937905311584473,-14.587926864624023,-14.471115112304688,-14.564685821533203,-14.769359588623047,-15.083438873291016,-15.297530174255371,-15.378382682800293,-15.140314102172852,-14.4932861328125,-13.781214714050293,-13.225675582885742,-12.962508201599121,-12.816529273986816,-12.500314712524414,-11.941488265991211,-11.255966186523438,-10.452688217163086,-9.670662879943848,-8.946539878845215,-8.265901565551758,-7.708896160125732,-7.701533317565918,-8.290657043457031,-8.906343460083008,-9.369027137756348,-9.644789695739746,-9.584698677062988,-9.25516128540039
-21.252460479736328,-20.378875732421875,-19.576501846313477,-19.022993087768555,-18.573486328125,-18.038143157958984,-17.414243698120117,-16.84132194519043,-16.43305778503418,-16.171953201293945,-15.957104682922363,-15.972713470458984,-16.200359344482422,-16.234560012817383,-15.93294620513916,-15.464731216430664,-15.135322570800781,-14.897308349609375,-14.750962257385254,-14.781944274902344,-14.97715950012207,-15.207903861999512,-15.350560188293457,-15.080278396606445,-14.537891387939453,-13.99389362335205,-13.669774055480957,-13.58340072631836,-13.453503608703613,-13.084598541259766,-12.54505729675293,-11.877591133117676,-11.125479698181152,-10.484214782714844,-9.926230430603027,-9.388866424560547,-9.016763687133789,-8.915522575378418,-8.945858001708984,-9.028353691101074,-9.168821334838867,-9.479853630065918,-9.953970909118652,-10.3135404586792
-21.453094482421875,-20.575855255126953,-19.793903350830078,-19.272300720214844,-18.795143127441406,-18.230838775634766,-17.73509407043457,-17.44534683227539,-17.253171920776367,-16.991899490356445,-16.674833297729492,-16.539026260375977,-16.516340255737305,-16.397926330566406,-16.00303077697754,-15.639430046081543,-15.497232437133789,-15.305497169494629,-14.955266952514648,-14.774757385253906,-14.80041790008545,-14.899711608886719,-14.781889915466309,-14.479658126831055,-14.196030616760254,-13.98256778717041,-13.845271110534668,-13.791889190673828,-13.63899040222168,-13.33163070678711,-12.907383918762207,-12.339484214782715,-11.714345932006836,-11.189489364624023,-10.786444664001465,-10.406257629394531,-10.160484313964844,-10.008585929870605,-9.751786231994629,-9.435300827026367,-9.193607330322266,-9.279454231262207,-9.895171165466309,-10.596165657043457
-21.20173454284668,-20.654977798461914,-20.222505569458008,-19.78922462463379,-19.202611923217773,-18.5435791015625,-18.161216735839844,-18.078134536743164,-17.850704193115234,-17.408706665039062,-16.98691177368164,-16.67442512512207,-16.505218505859375,-16.33803367614746,-15.954070091247559,-15.610426902770996,-15.490705490112305,-15.342625617980957,-14.870390892028809,-14.609089851379395,-14.623566627502441,-14.501717567443848,-14.178417205810547,-13.792762756347656,-13.604203224182129,-13.594343185424805,-13.648845672607422,-13.65572738647461,-13.509134292602539,-13.257552146911621,-12.911312103271484,-12.443374633789062,-12.052927017211914,-11.87228012084961,-11.772734642028809,-11.46934986114502,-11.076518058776855,-10.741216659545898,-10.46460247039795,-10.154512405395508,-9.74591064453125,-9.388873100280762,-9.464686393737793,-9.86772346496582
-20.9604549407959,-20.665754318237305,-20.49973487854004,-20.13532829284668,-19.481826782226562,-18.64731216430664,-18.034204483032227,-17.845170974731445,-17.70341682434082,-17.393266677856445,-16.96263313293457,-16.712677001953125,-16.634706497192383,-16.387300491333008,-15.869117736816406,-15.338576316833496,-15.075277328491211,-14.91905689239502,-14.463953018188477,-14.325569152832031,-14.365421295166016,-14.162471771240234,-13.726388931274414,-13.2151517868042,-12.957367897033691,-13.070955276489258,-13.353845596313477,-13.412775039672852,-13.158329010009766,-12.885719299316406,-12.648053169250488,-12.255206108093262,-12.095195770263672,-12.376424789428711,-12.542841911315918,-12.06280517578125,-11.200758934020996,-10.548474311828613,-10.388970375061035,-10.471915245056152,-10.286665916442871,-9.63515567779541,-9.042179107666016,-9.108500480651855
-20.639135360717773,-20.340072631835938,-20.135454177856445,-19.742528915405273,-19.148414611816406,-18.448843002319336,-17.851972579956055,-17.525344848632812,-17.321548461914062,-16.967647552490234,-16.640390396118164,-16.62050437927246,-16.58504867553711,-16.1826229095459,-15.59139633178711,-14.993247985839844,-14.670547485351562,-14.313390731811523,-13.900434494018555,-13.947484970092773,-14.086459159851074,-13.958799362182617,-13.450312614440918,-12.776244163513184,-12.408906936645508,-12.686212539672852,-13.189001083374023,-13.183610916137695,-12.835457801818848,-12.671229362487793,-12.624344825744629,-12.236069679260254,-12.022616386413574,-12.432629585266113,-12.685303688049316,-12.101004600524902,-10.871549606323242,-9.870870590209961,-9.589193344116211,-9.874197006225586,-10.14449405670166,-9.858087539672852,-9.200369834899902,-9.081401824951172
