data/wind_data/wind_62_2.json
{"header": {"parameterUnit": "KT", "parameterCategory": 2, "nx": 256, "ny": 198, "lo1": 44.73521041870117, "la1": -3.236724853515625, "lo2": 111.26478576660156, "la2": 43.468475341796875, "dx": 0.2609002888202667, "dy": -0.23708222806453705, "refTime": "2025-02-21 14:00:00", "forecastTime": 0, "parameterNumber": 2, "parameterNumberName": "eastward_wind"}, "data":
[rows 133 to 151 of 198, columns 43 to 85 of 256]
21.995615005493164,21.958553314208984,22.173145294189453,22.380409240722656,22.025012969970703,22.75071144104004,27.201271057128906,8.956583023071289,-7.6686506271362305,-7.453012943267822,-7.717173099517822,-9.291979789733887,-6.238482475280762,-2.986301898956299,-1.4134430885314941,4.244510173797607,12.972604751586914,18.29462432861328,18.821651458740234,16.872102737426758,8.30115032196045,2.7944722175598145,1.1283948421478271,6.152888774871826,12.285160064697266,15.942051887512207,15.970499992370605,15.994152069091797,16.88597297668457,17.49310874938965,15.950933456420898,13.701051712036133,14.437182426452637,12.687455177307129,11.793559074401855,11.122167587280273,11.415873527526855,10.468162536621094,8.15066909790039,9.089892387390137,11.567774772644043,11.146778106689453,10.930715560913086
20.018152236938477,20.163393020629883,22.726137161254883,24.117137908935547,23.486942291259766,24.41394805908203,21.296865463256836,-2.0415096282958984,-9.649909019470215,-5.8513898849487305,-8.7027587890625,-8.751883506774902,-7.532554626464844,-4.747106075286865,-0.8649172782897949,4.200865268707275,11.318860054016113,15.319379806518555,17.137086868286133,8.777981758117676,-2.6314661502838135,-4.101619720458984,-0.5286530256271362,-1.5117237567901611,4.252791881561279,10.593098640441895,11.77419376373291,12.177308082580566,14.169939994812012,13.312042236328125,12.555218696594238,10.719139099121094,13.071573257446289,9.987447738647461,8.745643615722656,7.980926990509033,8.362682342529297,7.389180660247803,4.972710132598877,5.4329328536987305,6.963004112243652,6.428523063659668,6.520936012268066
16.885772705078125,19.576881408691406,23.91828155517578,25.69980812072754,24.65744972229004,26.74053955078125,10.785321235656738,-7.518115043640137,-9.052350997924805,-6.788842678070068,-9.008795738220215,-7.06314754486084,-6.589252948760986,-3.9038121700286865,-0.1062794104218483,3.920626640319824,8.9736967086792,11.954463958740234,12.68685531616211,1.0244293212890625,-8.456604957580566,-4.840714454650879,-3.0138614177703857,0.8036537766456604,-0.2621501684188843,4.327239990234375,7.873419284820557,9.915284156799316,11.824785232543945,11.761332511901855,11.75255012512207,10.76134967803955,11.048554420471191,9.596002578735352,9.18052864074707,7.424094200134277,7.111248016357422,6.549017906188965,3.9088327884674072,4.133565902709961,5.481502532958984,4.696804523468018,5.780887603759766
16.147462844848633,19.831899642944336,23.47490692138672,26.688770294189453,24.054624557495117,23.284549713134766,3.076460599899292,-9.106860160827637,-7.5998454093933105,-7.305853843688965,-7.56679630279541,-4.532681465148926,-4.1281418800354,-2.8228752613067627,0.6165443062782288,3.8819074630737305,8.049236297607422,10.781371116638184,8.665403366088867,-0.6528910398483276,-7.03341007232666,-3.4610095024108887,0.3457943797111511,5.12517786026001,7.52189826965332,4.951519012451172,5.262347221374512,7.55757474899292,9.466639518737793,10.683558464050293,11.17412281036377,10.664322853088379,9.167112350463867,8.893041610717773,8.638072967529297,6.92380952835083,6.933176517486572,8.032036781311035,5.123851776123047,4.3753557205200195,5.111907005310059,2.875112295150757,2.975872278213501
17.205331802368164,19.472164154052734,24.309587478637695,24.93706512451172,23.009784698486328,12.303662300109863,-4.793758869171143,-10.093412399291992,-7.457577705383301,-5.216876029968262,-4.732831001281738,-2.4313178062438965,-0.6448154449462891,0.06433795392513275,1.8924624919891357,4.535974025726318,7.963172435760498,9.381970405578613,9.179658889770508,2.515312433242798,-1.26487135887146,1.4819005727767944,2.2646965980529785,3.5025641918182373,5.9560041427612305,6.9350786209106445,6.169990062713623,6.370453357696533,8.117481231689453,9.974590301513672,9.923797607421875,9.612342834472656,7.605299949645996,6.878039836883545,7.377267360687256,7.261423587799072,8.610883712768555,9.902039527893066,7.116054058074951,5.861966133117676,6.090958595275879,3.712337017059326,2.995457887649536
17.80386734008789,21.677574157714844,25.97151756286621,21.636686325073242,15.933114051818848,0.2528814971446991,-8.733396530151367,-8.737858772277832,-4.878886699676514,-4.042446613311768,-2.3011908531188965,-2.1249117851257324,0.375543475151062,2.1072449684143066,4.281315803527832,6.141073703765869,9.22936725616455,8.825424194335938,11.80728816986084,6.393310070037842,1.2273554801940918,2.88301682472229,1.3894717693328857,0.4744553864002228,1.9194951057434082,3.4562876224517822,4.366770267486572,5.36699914932251,7.04734992980957,9.003730773925781,9.024706840515137,9.276263236999512,5.9808268547058105,2.989201545715332,4.258965015411377,4.711773872375488,8.701671600341797,12.029616355895996,10.292999267578125,7.664781093597412,7.636663913726807,6.8499531745910645,4.414676666259766
20.12224769592285,25.406599044799805,24.587923049926758,19.119022369384766,7.84427547454834,-6.0124640464782715,-8.764435768127441,-5.258458614349365,-4.151717185974121,-3.508286476135254,-3.3393545150756836,-1.7045458555221558,1.5537384748458862,3.872818946838379,5.981583118438721,8.30761432647705,10.877163887023926,10.492538452148438,11.555842399597168,12.490022659301758,6.18343448638916,3.402022123336792,4.370016098022461,5.204592227935791,6.323149681091309,7.533629417419434,7.083487033843994,6.4960036277771,6.153860569000244,7.298539161682129,7.873867034912109,7.125177383422852,3.959749937057495,4.130923748016357,5.242876052856445,5.729568004608154,8.73947811126709,11.927589416503906,10.100482940673828,9.115083694458008,8.759889602661133,8.269831657409668,6.5438408851623535
23.079816818237305,26.655187606811523,21.1341609954834,16.981216430664062,7.047206878662109,-5.399535179138184,-7.250273704528809,-2.9168426990509033,-3.6452701091766357,-2.0983192920684814,-2.3713126182556152,0.20366831123828888,5.464537143707275,8.297572135925293,9.364439964294434,10.685927391052246,12.226055145263672,12.766561508178711,11.09842586517334,14.399552345275879,8.42513656616211,3.75917649269104,6.422476291656494,7.763561248779297,7.345912456512451,7.531671524047852,6.502363681793213,5.617606163024902,4.5225348472595215,5.400294303894043,5.735625743865967,3.524278402328491,1.990545392036438,3.724445104598999,4.46111536026001,3.5047101974487305,6.411670684814453,9.776596069335938,8.193899154663086,8.311002731323242,9.52723217010498,8.433647155761719,8.544990539550781
22.960615158081055,24.01949119567871,18.962261199951172,16.793773651123047,8.451760292053223,-2.6742000579833984,-5.227908134460449,-0.5879555940628052,-1.7215560674667358,-0.3639264702796936,-0.46317702531814575,3.263308525085449,8.830647468566895,13.187177658081055,15.21819019317627,15.89728832244873,14.39494514465332,13.819626808166504,12.261713027954102,14.38597297668457,4.915798187255859,0.5601553916931152,4.795009613037109,6.408539295196533,4.687084674835205,4.030697345733643,2.612004041671753,2.6270368099212646,2.2191500663757324,2.9651501178741455,2.7213618755340576,1.1192634105682373,0.25200992822647095,0.5606383085250854,-0.9885832667350769,-0.1665472686290741,3.8334169387817383,6.969793319702148,7.015079021453857,8.245553970336914,10.193328857421875,10.894943237304688,11.872346878051758
20.13435935974121,19.58576011657715,17.593061447143555,15.43969440460205,13.152222633361816,2.6873779296875,-1.1949036121368408,-0.80600905418396,0.8727887868881226,2.221547842025757,3.4972925186157227,7.059022903442383,11.87673568725586,16.252796173095703,17.94797134399414,15.709968566894531,14.17512035369873,13.159463882446289,14.192937850952148,7.976675987243652,-1.195988655090332,-2.0361063480377197,2.320509910583496,2.49533748626709,1.7076588869094849,1.5841294527053833,-0.6693680286407471,-0.30857110023498535,-1.1504685878753662,-0.7972357273101807,-2.2621402740478516,-3.726076126098633,-2.449692964553833,-1.9513205289840698,-1.1016628742218018,-0.15243706107139587,1.3059563636779785,2.9575016498565674,4.024576663970947,4.812126636505127,6.904778957366943,8.899287223815918,9.825679779052734
15.997011184692383,14.402287483215332,13.759063720703125,12.49208927154541,11.55805492401123,10.786833763122559,5.257124423980713,-2.106487512588501,-3.346667766571045,-0.6650499105453491,2.3808395862579346,5.7475996017456055,11.165922164916992,16.130277633666992,17.93599510192871,15.405255317687988,13.970452308654785,13.104436874389648,15.802444458007812,4.225832462310791,-4.246772766113281,-2.3596458435058594,-1.78701651096344,-0.13301590085029602,0.5106962323188782,-0.9175617694854736,-2.702982187271118,-3.7793948650360107,-5.317607402801514,-5.932927131652832,-7.83348274230957,-7.2026047706604,-6.507416248321533,-3.7946810722351074,-1.4312843084335327,1.4210511445999146,5.213295936584473,5.615024089813232,5.014193058013916,3.7963521480560303,5.0630388259887695,7.584048271179199,8.30829906463623
9.722901344299316,7.8653154373168945,8.58762264251709,8.46214771270752,8.346282005310059,10.306795120239258,11.27306079864502,4.004085063934326,-1.5271872282028198,-1.252999186515808,2.4552884101867676,5.212865829467773,8.669105529785156,12.430060386657715,17.33563804626465,16.11884117126465,12.605931282043457,13.173650741577148,10.5557279586792,-2.6688430309295654,-5.779839515686035,-3.6482841968536377,-3.600799560546875,-0.9928945899009705,0.09838174283504486,-1.3929604291915894,-3.2213432788848877,-6.238311290740967,-8.270751953125,-10.417536735534668,-11.447366714477539,-8.049131393432617,-6.477786064147949,-1.87494957447052,-0.5694739818572998,1.2855019569396973,3.949631929397583,3.3725972175598145,3.46181583404541,4.174225807189941,6.3143534660339355,9.084744453430176,8.640625
6.651975631713867,6.751997947692871,8.07246208190918,8.234981536865234,7.5509209632873535,6.500475883483887,8.133401870727539,6.738424777984619,3.3225443363189697,2.03706693649292,3.4693074226379395,6.368060111999512,10.738408088684082,14.131509780883789,17.267963409423828,16.296344757080078,11.965569496154785,11.960399627685547,0.34825536608695984,-8.64414119720459,-7.404417991638184,-4.254086494445801,-4.241824626922607,-2.349332809448242,-1.771619200706482,-1.900947093963623,-3.3799784183502197,-5.986038684844971,-8.262657165527344,-10.10537052154541,-5.959402084350586,0.8610599637031555,-2.733933210372925,-1.5156913995742798,1.3858283758163452,1.6715220212936401,1.99020516872406,0.6932456493377686,-0.703766405582428,2.0645437240600586,5.062350273132324,7.588935375213623,8.004612922668457
5.929407596588135,6.16552209854126,8.230548858642578,7.153172492980957,3.3543906211853027,2.6374611854553223,7.580132961273193,8.194957733154297,6.8240485191345215,5.916416168212891,7.51249885559082,10.86227798461914,13.608644485473633,15.645467758178711,15.536516189575195,13.858142852783203,12.314382553100586,8.125334739685059,-6.610627174377441,-9.939123153686523,-6.369173526763916,-4.122103214263916,-4.484782695770264,-3.5006165504455566,-3.987525224685669,-3.586678981781006,-4.266543388366699,-4.978734970092773,-5.783024311065674,-5.579797267913818,3.7755720615386963,10.38128662109375,6.599447727203369,-1.8272573947906494,-1.2309612035751343,0.5797406435012817,1.5272709131240845,1.5572880506515503,1.0832849740982056,2.8030338287353516,4.318354606628418,7.01204776763916,8.660130500793457
9.272543907165527,8.868517875671387,7.601621627807617,6.002337455749512,2.3845818042755127,3.9459292888641357,8.59575366973877,8.928352355957031,8.91781234741211,9.585169792175293,9.938892364501953,10.70704460144043,11.030791282653809,13.305744171142578,14.20328140258789,12.844340324401855,12.792948722839355,1.5708818435668945,-8.977431297302246,-7.939019203186035,-5.908520221710205,-4.196100234985352,-4.239952087402344,-3.4906041622161865,-4.415213108062744,-4.673861980438232,-5.317837238311768,-4.1277642250061035,-2.6551990509033203,-1.9495432376861572,3.1597940921783447,11.37182331085205,15.464306831359863,9.612011909484863,1.5925713777542114,1.2373276948928833,2.771411180496216,1.5171815156936646,3.990239143371582,7.01377534866333,7.886758804321289,10.125226020812988,13.110916137695312
8.570520401000977,10.267253875732422,9.144683837890625,7.082024097442627,3.8005597591400146,7.359161853790283,10.906393051147461,9.73705768585205,10.32375717163086,11.61591625213623,10.810975074768066,10.286548614501953,11.484816551208496,12.472940444946289,13.925972938537598,12.690742492675781,7.374135494232178,-4.607146739959717,-8.49772834777832,-7.225867748260498,-5.280290603637695,-3.81199312210083,-3.2266290187835693,-3.1944375038146973,-4.186332702636719,-4.356688499450684,-4.918818950653076,-3.1337392330169678,-1.9329873323440552,-0.16607986390590668,-0.04306596517562866,1.9010273218154907,10.813427925109863,14.940058708190918,10.121856689453125,6.237805366516113,5.4341511726379395,3.4137706756591797,5.40776252746582,9.102031707763672,10.870786666870117,13.48229694366455,16.555850982666016
4.994815826416016,7.216096878051758,9.209525108337402,7.743112087249756,6.811939716339111,9.624098777770996,10.5683012008667,10.304264068603516,11.702497482299805,11.382208824157715,10.502235412597656,11.024349212646484,13.778712272644043,15.021401405334473,13.595908164978027,12.977337837219238,2.819349527359009,-5.195666790008545,-6.4062676429748535,-5.697649955749512,-3.6171467304229736,-2.9393374919891357,-1.0222653150558472,-2.294929265975952,-4.065648078918457,-5.001994609832764,-3.7289764881134033,-0.20430442690849304,2.77189040184021,2.4120981693267822,1.5693438053131104,1.230468988418579,7.296408653259277,14.143455505371094,15.536872863769531,12.849700927734375,8.791580200195312,5.853549003601074,6.555666923522949,7.979125022888184,9.804703712463379,11.603415489196777,12.12224292755127
-0.6684864163398743,3.0388669967651367,6.081647872924805,7.118800163269043,8.483138084411621,10.22970199584961,9.841667175292969,9.673840522766113,10.785741806030273,10.951539993286133,12.329856872558594,14.81693172454834,16.358388900756836,15.2383451461792,14.193102836608887,10.000371932983398,-1.1367826461791992,-6.353057384490967,-5.101385593414307,-3.5425164699554443,-0.5304223895072937,0.24852915108203888,1.7625378370285034,1.5441837310791016,-0.4102288782596588,0.9061892032623291,5.570683002471924,10.385418891906738,12.535920143127441,9.96611499786377,8.28797435760498,7.719100475311279,9.789417266845703,13.489758491516113,16.069068908691406,15.868645668029785,12.67713451385498,9.294580459594727,8.342835426330566,8.163466453552246,9.746720314025879,11.777897834777832,10.991418838500977
-0.2970764636993408,2.7553656101226807,5.734391689300537,7.788765907287598,8.851980209350586,9.661043167114258,8.96191692352295,8.344884872436523,8.494460105895996,10.395750045776367,14.116058349609375,16.472814559936523,16.174663543701172,15.05026626586914,9.804545402526855,0.3345881700515747,-5.780031681060791,-5.6914262771606445,-2.2961745262145996,-1.1053446531295776,2.3341827392578125,3.437344789505005,4.256610870361328,5.2068772315979,4.003199100494385,5.020787239074707,10.799284934997559,14.557791709899902,13.451408386230469,10.133176803588867,10.824978828430176,13.335186958312988,15.18662166595459,16.895769119262695,17.87084197998047,17.5224666595459,16.0610408782959,13.252607345581055,10.594966888427734,8.903047561645508,9.30473804473877,11.275264739990234,10.868408203125
