data/wind_data/wind_21_5.json
{"header": {"parameterUnit": "KT", "parameterCategory": 2, "nx": 256, "ny": 198, "lo1": 44.73521041870117, "la1": -3.236724853515625, "lo2": 111.26478576660156, "la2": 43.468475341796875, "dx": 0.2609002888202667, "dy": -0.23708222806453705, "refTime": "2025-02-19 21:00:00", "forecastTime": 0, "parameterNumber": 2, "parameterNumberName": "eastward_wind"}, "data":
[rows 95 to 113 of 198, columns 0 to 43 of 256]
50.25434494018555,47.76026916503906,45.389732360839844,43.78081130981445,41.67633819580078,39.38179397583008,37.9134521484375,37.315731048583984,37.39680862426758,37.71126937866211,37.99266815185547,38.04759979248047,37.79003143310547,37.33665466308594,36.842979431152344,36.43185043334961,36.22876739501953,36.25863265991211,36.42464065551758,36.67317581176758,36.899742126464844,36.931419372558594,36.81599044799805,36.72565841674805,36.640987396240234,36.41779327392578,36.00606155395508,35.645328521728516,35.45027160644531,35.23983383178711,35.22928237915039,35.394935607910156,35.14655685424805,34.35601806640625,33.39594268798828,32.60763931274414,32.129371643066406,32.04780960083008,32.27067184448242,32.40009307861328,32.19221115112305,31.68153190612793,31.162944793701172,30.383344650268555
51.62653350830078,50.206443786621094,48.006690979003906,45.85421371459961,43.88360595703125,41.60722351074219,39.846744537353516,38.82614517211914,38.52876663208008,38.777408599853516,39.18405532836914,39.37332534790039,39.272891998291016,39.00923156738281,38.59959030151367,38.066532135009766,37.609840393066406,37.35572814941406,37.24722671508789,37.28630065917969,37.45709228515625,37.60746765136719,37.66530990600586,37.679405212402344,37.70744323730469,37.68901824951172,37.43876266479492,37.08194351196289,36.81683349609375,36.47095489501953,36.28540802001953,36.42369842529297,36.299102783203125,35.66633987426758,34.81031799316406,34.02683639526367,33.453914642333984,33.17727279663086,33.22256088256836,33.36358642578125,33.35178756713867,33.1556396484375,33.036739349365234,32.843971252441406
52.80422592163086,52.065696716308594,50.06857681274414,47.61196517944336,45.60955810546875,43.4273796081543,41.60233688354492,40.246620178222656,39.51243591308594,39.52824783325195,39.876163482666016,40.03819274902344,39.984962463378906,39.88035202026367,39.69999694824219,39.401275634765625,39.107025146484375,38.89741516113281,38.71854019165039,38.59221649169922,38.578025817871094,38.63090515136719,38.658782958984375,38.64369583129883,38.64606857299805,38.68852996826172,38.563812255859375,38.25464630126953,37.97715759277344,37.6389045715332,37.354148864746094,37.37984085083008,37.329097747802734,36.84033203125,36.12327575683594,35.42658996582031,34.759979248046875,34.281593322753906,34.10877227783203,34.090946197509766,34.06731033325195,34.063270568847656,34.246551513671875,34.630733489990234
53.70402908325195,53.372222900390625,51.62864685058594,49.176876068115234,46.89830780029297,44.789695739746094,43.04668045043945,41.48601150512695,40.4921989440918,40.316070556640625,40.557247161865234,40.612701416015625,40.44678497314453,40.30478286743164,40.285213470458984,40.32654571533203,40.38189697265625,40.42571258544922,40.39308166503906,40.280982971191406,40.15614700317383,40.03175354003906,39.85114288330078,39.614498138427734,39.413063049316406,39.34306335449219,39.2485466003418,39.028594970703125,38.80907440185547,38.56147384643555,38.341854095458984,38.31755447387695,38.26435852050781,37.84927749633789,37.18267822265625,36.491661071777344,35.81795883178711,35.24196243286133,34.8715934753418,34.712276458740234,34.63935852050781,34.69548034667969,34.96463394165039,35.44879150390625
54.55271530151367,54.44215774536133,52.98259735107422,50.575252532958984,48.06388854980469,46.00141525268555,44.25271987915039,42.66073989868164,41.63841247558594,41.44066619873047,41.63392639160156,41.59760665893555,41.25328063964844,40.93172836303711,40.8664665222168,41.03132629394531,41.29422378540039,41.5448112487793,41.68380355834961,41.702423095703125,41.614707946777344,41.36627960205078,40.925045013427734,40.3922233581543,39.974586486816406,39.778907775878906,39.66026306152344,39.55671310424805,39.51604080200195,39.42607116699219,39.27764892578125,39.223812103271484,39.170963287353516,38.838043212890625,38.207576751708984,37.47595977783203,36.76205825805664,36.13209915161133,35.585479736328125,35.1798210144043,34.99483108520508,35.10924530029297,35.489261627197266,35.9710693359375
55.405052185058594,55.47148895263672,54.30120086669922,52.02244567871094,49.403865814208984,47.115230560302734,45.292015075683594,43.804744720458984,42.811466217041016,42.58539962768555,42.76460647583008,42.77430725097656,42.437644958496094,41.98948669433594,41.72824478149414,41.76744079589844,42.064239501953125,42.42826461791992,42.674156188964844,42.77810287475586,42.72954559326172,42.4409065246582,41.88465881347656,41.210079193115234,40.66798782348633,40.369503021240234,40.21890640258789,40.19643783569336,40.2651252746582,40.215152740478516,39.99606704711914,39.81378173828125,39.7442741394043,39.56644058227539,39.12126922607422,38.49665451049805,37.862037658691406,37.18248748779297,36.4031867980957,35.63276290893555,35.18730545043945,35.323421478271484,35.90391540527344,36.59628677368164
55.95930862426758,56.24388122558594,55.34370422363281,53.489410400390625,50.94435501098633,48.48285675048828,46.596900939941406,45.039703369140625,44.01823043823242,43.58341598510742,43.60223388671875,43.75518798828125,43.64912796020508,43.243553161621094,42.809959411621094,42.59745788574219,42.711185455322266,43.01581573486328,43.27469253540039,43.380496978759766,43.325843811035156,43.09693145751953,42.678558349609375,42.127262115478516,41.595054626464844,41.2137451171875,41.00778579711914,40.96263122558594,40.966590881347656,40.80772018432617,40.47815704345703,40.19569396972656,40.085079193115234,40.0125617980957,39.74595260620117,39.33547592163086,38.86368179321289,38.204627990722656,37.2938232421875,36.255409240722656,35.58174514770508,35.627933502197266,36.34897994995117,37.32823181152344
55.85689926147461,56.34412384033203,55.84341812133789,54.78285598754883,52.453125,50.021297454833984,48.292232513427734,46.643192291259766,45.475730895996094,44.872623443603516,44.556331634521484,44.55463790893555,44.60099792480469,44.35746383666992,43.87736129760742,43.46895217895508,43.340972900390625,43.43484115600586,43.53125762939453,43.486820220947266,43.34737014770508,43.18920135498047,43.00881576538086,42.77061080932617,42.45531463623047,42.090904235839844,41.760719299316406,41.5612678527832,41.457984924316406,41.296836853027344,41.04612350463867,40.83497619628906,40.74796676635742,40.65513229370117,40.4566535949707,40.17934036254883,39.835060119628906,39.332374572753906,38.48588943481445,37.39352035522461,36.50294494628906,36.346656799316406,37.040679931640625,38.1162223815918
56.057640075683594,56.331260681152344,56.052101135253906,55.491065979003906,53.492027282714844,51.2584114074707,49.777732849121094,48.31566619873047,46.87428283691406,46.048255920410156,45.57129669189453,45.228790283203125,45.089996337890625,44.883201599121094,44.455909729003906,44.029415130615234,43.81919479370117,43.7992057800293,43.78404235839844,43.655696868896484,43.48433303833008,43.37480926513672,43.362220764160156,43.39156723022461,43.305965423583984,42.954124450683594,42.43263244628906,42.001094818115234,41.81910705566406,41.79433822631836,41.76606750488281,41.72590255737305,41.72991943359375,41.71510314941406,41.61546325683594,41.32923889160156,40.95704650878906,40.48359680175781,39.73350143432617,38.7182502746582,37.86894989013672,37.68888473510742,38.31377029418945,39.33248519897461
57.21792221069336,56.505615234375,55.8332405090332,55.204410552978516,53.66349411010742,51.856788635253906,50.68741989135742,49.518253326416016,47.95071792602539,46.75495147705078,46.07305145263672,45.46672439575195,45.00434112548828,44.64823913574219,44.30218505859375,44.05118942260742,43.96477508544922,44.004661560058594,44.06024932861328,44.06681823730469,44.06517028808594,44.08185577392578,44.14791488647461,44.226383209228516,44.177276611328125,43.862953186035156,43.31979751586914,42.768367767333984,42.45439910888672,42.38895797729492,42.43805694580078,42.52042007446289,42.56294631958008,42.505550384521484,42.27341842651367,41.906837463378906,41.47603988647461,40.95068359375,40.35407638549805,39.796138763427734,39.38594055175781,39.367393493652344,39.79639434814453,40.51924514770508
58.27043914794922,56.89167022705078,55.776790618896484,54.92947769165039,53.62842559814453,52.177268981933594,51.27503204345703,50.346534729003906,48.99787139892578,47.609275817871094,46.64523696899414,45.84124755859375,45.1063232421875,44.51910400390625,44.10404586791992,43.95167541503906,44.05702209472656,44.298919677734375,44.57611846923828,44.8366584777832,45.04762268066406,45.128456115722656,45.1083869934082,45.05991744995117,44.96621322631836,44.725196838378906,44.301719665527344,43.76396942138672,43.298770904541016,43.086036682128906,43.11868667602539,43.17643356323242,43.06637954711914,42.8143196105957,42.55723571777344,42.309715270996094,42.02859115600586,41.720741271972656,41.414913177490234,41.099037170410156,40.86068344116211,40.82036590576172,40.93888473510742,41.427894592285156
59.245086669921875,57.89326477050781,56.65765380859375,55.59170150756836,54.29323196411133,52.948787689208984,52.040374755859375,51.17793655395508,50.181602478027344,48.99474334716797,48.00944519042969,47.212223052978516,46.38457107543945,45.63059616088867,45.00125503540039,44.643619537353516,44.71697998046875,45.08221435546875,45.49260330200195,45.83320236206055,46.04182815551758,46.02932357788086,45.86322784423828,45.69346237182617,45.50496292114258,45.23667907714844,44.88566589355469,44.43253707885742,43.96131896972656,43.68436050415039,43.626220703125,43.59738540649414,43.44677734375,43.26088333129883,43.1505012512207,43.10800552368164,43.081886291503906,42.9959602355957,42.736427307128906,42.296085357666016,41.871253967285156,41.736000061035156,41.948265075683594,42.85163116455078
58.99403381347656,58.329463958740234,57.40300750732422,56.36379623413086,55.17014694213867,53.89549255371094,52.89903259277344,51.99909973144531,51.25001525878906,50.4581298828125,49.61569595336914,48.875118255615234,48.105506896972656,47.38517379760742,46.740623474121094,46.26731872558594,46.147483825683594,46.367061614990234,46.67377853393555,46.81570816040039,46.72383117675781,46.503055572509766,46.29625701904297,46.13005065917969,45.91123580932617,45.63899612426758,45.31212615966797,44.86180114746094,44.38475799560547,44.06553268432617,43.95277404785156,43.938819885253906,43.939266204833984,43.94403076171875,43.93684768676758,43.89194869995117,43.816200256347656,43.65750503540039,43.3005256652832,42.70272445678711,42.14569091796875,42.07548904418945,42.60384750366211,43.80656814575195
56.653663635253906,57.291202545166016,57.24168014526367,56.538719177246094,55.41257095336914,54.14977264404297,53.154136657714844,52.1509895324707,51.445098876953125,50.99201583862305,50.43960189819336,49.85713195800781,49.23439407348633,48.674522399902344,48.24939727783203,47.898014068603516,47.6669921875,47.60066604614258,47.609466552734375,47.47220230102539,47.1378173828125,46.78313064575195,46.59809494018555,46.51395797729492,46.36346435546875,46.188053131103516,45.92683410644531,45.423221588134766,44.82829284667969,44.374454498291016,44.174842834472656,44.21680450439453,44.40203857421875,44.589088439941406,44.651084899902344,44.56452560424805,44.31904602050781,43.943572998046875,43.40618896484375,42.71377944946289,42.07223892211914,41.98049545288086,42.77994918823242,44.27827453613281
54.54229736328125,55.94388198852539,56.56117630004883,56.17021942138672,55.01898956298828,53.71849822998047,52.64894485473633,51.44319152832031,50.59072494506836,50.315834045410156,50.169410705566406,49.950218200683594,49.553497314453125,49.17371368408203,49.02968215942383,48.94607162475586,48.77930450439453,48.486141204833984,48.10951232910156,47.702022552490234,47.34495162963867,47.0798454284668,46.974178314208984,46.94498062133789,46.82413864135742,46.6904411315918,46.509517669677734,46.059112548828125,45.3807487487793,44.73096466064453,44.3692626953125,44.41238021850586,44.72954559326172,45.060264587402344,45.196346282958984,45.08401107788086,44.73271942138672,44.16010284423828,43.54530715942383,42.81776809692383,42.17782211303711,42.11054229736328,43.04311752319336,44.72846603393555
53.841835021972656,55.027042388916016,55.69499588012695,55.6802978515625,54.664493560791016,53.35544967651367,52.10200881958008,50.74337387084961,49.8970832824707,49.71794891357422,49.72835159301758,49.62704849243164,49.32586669921875,49.05198669433594,49.12002944946289,49.349613189697266,49.40690231323242,49.091758728027344,48.480072021484375,47.92344665527344,47.66325378417969,47.61079025268555,47.544273376464844,47.37288284301758,47.18778610229492,47.08979415893555,46.94914627075195,46.58592987060547,45.97451400756836,45.25675582885742,44.7588005065918,44.67816162109375,44.918609619140625,45.23440933227539,45.39701461791992,45.3249626159668,45.03481674194336,44.49045944213867,43.83979797363281,43.112030029296875,42.588645935058594,42.76759719848633,43.795162200927734,45.21296310424805
53.14717102050781,53.8800048828125,54.525325775146484,55.02402877807617,54.458412170410156,53.14178466796875,51.7231559753418,50.61305618286133,50.097381591796875,49.98958206176758,49.92729568481445,49.783443450927734,49.50933837890625,49.2254524230957,49.30097579956055,49.674659729003906,49.88153076171875,49.64855194091797,49.071529388427734,48.584754943847656,48.454200744628906,48.46195602416992,48.18932342529297,47.67555236816406,47.39781951904297,47.41666793823242,47.3116455078125,46.930843353271484,46.354312896728516,45.729896545410156,45.326725006103516,45.280357360839844,45.47055435180664,45.71172332763672,45.90774154663086,45.967750549316406,45.72682571411133,45.05104064941406,44.19892883300781,43.552310943603516,43.391693115234375,43.79408645629883,44.552913665771484,45.33729553222656
51.571556091308594,52.450870513916016,53.314754486083984,54.19990158081055,54.15633010864258,52.980194091796875,51.71300506591797,50.90521240234375,50.50061798095703,50.30896759033203,50.19874572753906,50.13256072998047,49.98057174682617,49.815895080566406,50.0252685546875,50.49516677856445,50.65747833251953,50.35249710083008,49.79727554321289,49.384361267089844,49.299842834472656,49.17620086669922,48.6254768371582,47.972808837890625,47.749629974365234,47.818363189697266,47.65891647338867,47.179744720458984,46.60844421386719,46.13992691040039,45.92787170410156,45.997825622558594,46.20964050292969,46.44758224487305,46.64796447753906,46.62891387939453,46.20891189575195,45.484962463378906,44.871482849121094,44.61000061035156,44.61185836791992,44.675132751464844,44.61675262451172,44.75390625
50.06223678588867,50.99741744995117,52.016571044921875,53.04113006591797,53.249698638916016,52.60520935058594,51.95979690551758,51.30117416381836,50.747337341308594,50.40681457519531,50.21046447753906,50.1535758972168,50.14760971069336,50.24831771850586,50.78820037841797,51.489654541015625,51.737667083740234,51.447601318359375,50.95371627807617,50.582183837890625,50.37498092651367,49.95573806762695,49.23701477050781,48.781864166259766,48.70772933959961,48.615413665771484,48.181697845458984,47.5304069519043,46.97895050048828,46.74272918701172,46.8599739074707,47.150875091552734,47.349998474121094,47.34250259399414,47.2223014831543,47.12662124633789,47.02492904663086,46.73882293701172,46.28752517700195,45.742916107177734,45.22834396362305,44.85703659057617,44.458431243896484,44.62211990356445
