data/wind_data/wind_47_4.json
{"header": {"parameterUnit": "KT", "parameterCategory": 2, "nx": 256, "ny": 198, "lo1": 44.73521041870117, "la1": -3.236724853515625, "lo2": 111.26478576660156, "la2": 43.468475341796875, "dx": 0.2609002888202667, "dy": -0.23708222806453705, "refTime": "2025-02-20 23:00:00", "forecastTime": 0, "parameterNumber": 2, "parameterNumberName": "eastward_wind"}, "data":
[rows 76 to 94 of 198, columns 0 to 43 of 256]
17.028610229492188,19.21588134765625,18.40477752685547,15.632285118103027,12.788559913635254,13.148683547973633,12.522116661071777,10.88394832611084,8.929242134094238,7.8105292320251465,7.171574115753174,6.9417805671691895,7.281213760375977,7.227169513702393,7.243467330932617,7.609311103820801,7.34459924697876,7.54118537902832,8.88296127319336,10.08085823059082,10.329987525939941,9.84424114227295,8.984600067138672,6.666030406951904,4.356760025024414,4.40553617477417,5.9314045906066895,6.184635639190674,5.095325469970703,4.049049377441406,3.9661715030670166,4.074389457702637,3.851480007171631,3.3469302654266357,2.977105140686035,3.619075059890747,4.328365325927734,4.260644435882568,3.4631032943725586,2.3806447982788086,1.4056717157363892,0.9126261472702026,0.709991991519928,0.33575665950775146
19.208044052124023,20.63498306274414,19.60721206665039,17.02570915222168,12.58303451538086,12.124017715454102,12.584458351135254,11.150032043457031,9.484766960144043,8.732063293457031,8.438377380371094,8.493927955627441,8.543098449707031,8.260059356689453,7.851869583129883,7.758912563323975,7.413919925689697,7.4205121994018555,8.413595199584961,9.814485549926758,10.777305603027344,11.026627540588379,11.028473854064941,9.872222900390625,7.47149133682251,6.675472259521484,7.423298358917236,7.7086181640625,7.252804756164551,6.741981506347656,7.027172565460205,7.346909999847412,7.029879093170166,6.312061309814453,5.363259315490723,4.534812927246094,4.375554084777832,4.899547100067139,4.952151775360107,4.082325458526611,3.025944948196411,2.4081928730010986,2.0662102699279785,1.6155281066894531
19.450469970703125,21.05521583557129,20.407543182373047,18.567081451416016,14.300161361694336,13.28282642364502,14.010948181152344,13.819517135620117,12.941516876220703,12.464946746826172,12.786473274230957,12.805492401123047,12.02087688446045,10.994565963745117,10.09414005279541,8.4519624710083,7.40451192855835,7.702795028686523,8.770984649658203,10.0419340133667,11.249031066894531,11.65066909790039,11.826035499572754,12.001312255859375,11.449893951416016,10.260733604431152,9.583864212036133,9.284331321716309,8.978830337524414,8.871467590332031,9.280492782592773,9.544341087341309,9.334946632385254,8.957895278930664,8.320019721984863,7.163373947143555,6.036993503570557,5.777951717376709,6.1564202308654785,5.95670747756958,4.724884510040283,3.7900466918945312,3.5570545196533203,3.127704381942749
20.041391372680664,21.6033992767334,20.882295608520508,19.91083335876465,17.16853141784668,15.943670272827148,15.872364044189453,16.218189239501953,16.02132797241211,15.617171287536621,15.732217788696289,15.860703468322754,15.383635520935059,14.520626068115234,13.207477569580078,11.04672908782959,8.703974723815918,8.15391731262207,9.4105863571167,10.828137397766113,12.039427757263184,12.311442375183105,12.526087760925293,13.03665828704834,13.456233024597168,12.750033378601074,11.34382152557373,10.633933067321777,10.650750160217285,10.617408752441406,10.466615676879883,10.278470993041992,10.160614967346191,10.177330017089844,10.101192474365234,9.663043022155762,8.707501411437988,8.058470726013184,8.364835739135742,8.462017059326172,7.2350029945373535,5.223970413208008,4.482352256774902,4.248621940612793
21.880252838134766,21.227615356445312,20.537269592285156,20.926362991333008,20.098716735839844,19.373868942260742,18.3685359954834,17.880578994750977,18.092910766601562,18.294021606445312,18.206222534179688,17.9466495513916,17.40940284729004,16.763620376586914,15.729334831237793,13.640267372131348,10.813933372497559,9.550294876098633,10.440814018249512,11.838301658630371,12.758072853088379,13.014037132263184,13.663530349731445,14.172255516052246,14.10385513305664,13.070053100585938,11.492107391357422,11.016636848449707,11.67518424987793,11.772499084472656,11.164288520812988,10.69532585144043,10.612232208251953,10.70141315460205,10.807358741760254,10.91385269165039,10.57939624786377,9.907064437866211,9.763792037963867,9.74744701385498,8.944954872131348,6.980992317199707,5.580038547515869,4.932235240936279
24.476221084594727,23.08203125,21.782608032226562,21.2447452545166,21.86414909362793,22.039735794067383,20.828947067260742,19.249618530273438,18.741779327392578,19.25703239440918,19.8679256439209,19.774234771728516,18.926313400268555,17.85856056213379,17.151166915893555,16.193876266479492,13.862074851989746,11.948769569396973,12.202300071716309,13.20507526397705,13.628684043884277,13.785684585571289,14.833200454711914,15.290921211242676,14.368372917175293,12.793706893920898,11.365467071533203,11.180562973022461,11.827776908874512,11.925074577331543,11.394115447998047,11.086620330810547,11.106371879577637,11.155128479003906,11.147906303405762,11.288409233093262,11.305675506591797,10.952238082885742,10.44800853729248,9.562240600585938,9.061026573181152,8.422149658203125,7.235732555389404,6.097717761993408
27.19445037841797,26.508209228515625,24.40923500061035,21.527639389038086,22.445039749145508,23.496278762817383,22.909626007080078,21.51412582397461,20.669525146484375,21.11875343322754,21.934541702270508,22.09435272216797,21.216365814208984,19.669301986694336,18.53731346130371,18.043989181518555,16.761436462402344,14.64414119720459,14.059744834899902,14.513672828674316,14.642180442810059,14.813309669494629,15.778975486755371,16.0421142578125,14.652586936950684,12.962407112121582,11.98106861114502,11.96982479095459,12.226908683776855,11.905208587646484,11.338281631469727,11.412899017333984,11.663289070129395,11.732111930847168,11.615554809570312,11.491206169128418,11.37195110321045,11.152032852172852,10.400745391845703,9.332110404968262,8.879196166992188,9.093706130981445,8.9263334274292,7.985526084899902
29.086746215820312,28.265804290771484,26.245319366455078,23.52625274658203,23.221872329711914,23.870025634765625,24.20868682861328,24.0432071685791,24.026840209960938,24.38922119140625,24.676877975463867,24.86687469482422,24.61743927001953,23.264564514160156,21.200592041015625,19.872604370117188,18.847978591918945,17.11598014831543,15.853196144104004,15.671791076660156,15.840056419372559,16.097545623779297,16.65019989013672,16.535554885864258,15.110028266906738,13.615185737609863,13.001570701599121,13.14482593536377,13.339428901672363,12.82585334777832,11.833648681640625,11.76429557800293,12.226680755615234,12.312267303466797,12.16306209564209,11.924477577209473,11.573110580444336,11.205998420715332,10.362890243530273,9.636200904846191,9.671667098999023,9.534510612487793,9.384949684143066,9.091185569763184
30.44769287109375,28.631858825683594,27.21702766418457,26.489248275756836,25.11081886291504,24.692398071289062,25.264976501464844,25.9923095703125,26.66122055053711,27.112356185913086,27.096952438354492,26.808670043945312,26.432878494262695,25.67015838623047,23.91819190979004,22.283533096313477,21.08971405029297,19.72294044494629,18.308807373046875,17.439786911010742,17.46415901184082,17.723386764526367,17.707027435302734,17.095670700073242,15.822606086730957,14.663676261901855,14.227409362792969,14.333539009094238,14.564749717712402,14.101387023925781,13.15841007232666,12.56163501739502,12.890623092651367,13.0962495803833,12.689236640930176,12.30696964263916,12.105873107910156,11.838223457336426,11.277742385864258,10.976053237915039,10.991072654724121,10.632526397705078,9.902336120605469,9.274004936218262
32.23350524902344,30.937847137451172,29.580585479736328,28.798784255981445,27.445188522338867,26.519277572631836,25.794111251831055,26.114543914794922,26.481536865234375,26.569398880004883,26.586105346679688,26.5678768157959,26.335559844970703,25.931257247924805,24.9631290435791,23.746925354003906,23.077009201049805,22.226932525634766,21.116844177246094,20.019245147705078,19.567472457885742,19.5169734954834,19.049427032470703,18.055471420288086,16.984806060791016,16.224876403808594,15.859992027282715,15.77972412109375,15.741164207458496,15.398920059204102,14.571587562561035,13.880366325378418,13.822149276733398,14.17609691619873,13.640398025512695,12.784042358398438,12.569458961486816,12.795014381408691,13.011438369750977,12.92778491973877,12.566563606262207,11.936837196350098,11.026886940002441,10.001656532287598
34.421878814697266,34.455745697021484,32.74740219116211,30.266090393066406,28.56804847717285,28.36270523071289,27.042402267456055,24.70067596435547,23.767114639282227,24.107242584228516,24.90096092224121,25.468114852905273,25.600021362304688,25.378826141357422,24.754560470581055,24.077821731567383,24.11174964904785,24.02836036682129,23.326505661010742,22.486799240112305,21.831804275512695,21.332990646362305,20.62051773071289,19.587656021118164,18.713539123535156,18.268461227416992,17.896156311035156,17.384235382080078,16.784324645996094,16.390066146850586,15.950057983398438,15.431181907653809,15.30239486694336,15.519744873046875,15.011897087097168,13.822916984558105,13.187520980834961,13.607231140136719,14.414068222045898,14.595683097839355,14.119720458984375,13.375279426574707,12.466382026672363,11.42172908782959
35.79867935180664,36.02302169799805,34.34377670288086,31.40192413330078,27.8984432220459,26.723806381225586,26.208087921142578,23.386693954467773,21.45223617553711,22.31006622314453,24.27449607849121,25.485605239868164,25.82505226135254,25.529434204101562,24.803730010986328,24.166244506835938,24.354589462280273,24.807029724121094,24.76016616821289,24.346397399902344,23.886823654174805,23.26854133605957,22.476253509521484,21.553287506103516,20.677146911621094,20.112194061279297,19.58963394165039,18.793771743774414,17.849679946899414,17.291240692138672,17.229612350463867,17.21904182434082,17.19597053527832,17.12238311767578,16.58827018737793,15.412556648254395,14.372437477111816,14.423152923583984,15.231000900268555,15.664650917053223,15.371593475341797,14.71236801147461,14.03879165649414,13.267502784729004
36.589962005615234,36.46844482421875,35.36875915527344,33.627037048339844,29.030303955078125,26.01466941833496,25.467172622680664,24.412145614624023,22.809377670288086,22.839597702026367,24.384347915649414,25.709836959838867,26.263656616210938,26.42105484008789,25.812911987304688,24.823217391967773,24.568321228027344,25.116943359375,25.405790328979492,25.47564697265625,25.383464813232422,25.06276512145996,24.371585845947266,23.579368591308594,22.718120574951172,21.753738403320312,20.721820831298828,19.76656150817871,19.00022315979004,18.55099105834961,18.544902801513672,18.767013549804688,18.989076614379883,18.911163330078125,18.349328994750977,17.249814987182617,16.098867416381836,15.706573486328125,16.090044021606445,16.495494842529297,16.41595458984375,15.895222663879395,15.427545547485352,15.028841018676758
38.26237106323242,37.80979919433594,36.97748565673828,35.87241744995117,32.188865661621094,28.657026290893555,26.750125885009766,26.067853927612305,25.357227325439453,24.831275939941406,25.128795623779297,25.656286239624023,25.944103240966797,26.2811279296875,26.61477279663086,26.192167282104492,25.38853645324707,25.290573120117188,25.675331115722656,25.927154541015625,26.13943862915039,26.32663345336914,26.152217864990234,25.51397132873535,24.62462615966797,23.42777442932129,22.046798706054688,20.883907318115234,20.199007034301758,19.908239364624023,19.918848037719727,20.062326431274414,20.32491111755371,20.514677047729492,20.09565544128418,19.02854347229004,17.96561050415039,17.441513061523438,17.34537124633789,17.401456832885742,17.391868591308594,17.01830291748047,16.721920013427734,16.600379943847656
40.216209411621094,40.25042724609375,39.40797805786133,37.7940673828125,35.09376525878906,32.00412368774414,29.474327087402344,27.835691452026367,26.99593162536621,26.390329360961914,26.059886932373047,25.971385955810547,25.773473739624023,25.84324073791504,26.325244903564453,26.780241012573242,26.84954071044922,26.41155242919922,26.129276275634766,26.214771270751953,26.452199935913086,26.85112762451172,27.26926040649414,27.250934600830078,26.59430694580078,25.420469284057617,24.03400230407715,22.778032302856445,21.866456985473633,21.39024543762207,21.389062881469727,21.458194732666016,21.600236892700195,21.77224349975586,21.488529205322266,20.55088233947754,19.514549255371094,18.816875457763672,18.38082504272461,18.32366371154785,18.48783302307129,18.302871704101562,18.16290283203125,18.148221969604492
40.4115104675293,41.30863952636719,41.08656692504883,39.7657356262207,37.74689865112305,35.25708770751953,32.73477554321289,30.104902267456055,28.015769958496094,26.760934829711914,26.31032371520996,26.295204162597656,26.196746826171875,26.149730682373047,26.396350860595703,26.752832412719727,27.26025390625,27.818742752075195,27.850622177124023,27.51591682434082,27.144207000732422,27.12506675720215,27.612112045288086,28.207677841186523,28.206844329833984,27.4741268157959,26.458311080932617,25.391828536987305,24.253366470336914,23.31325912475586,23.02838134765625,23.11070442199707,23.216053009033203,23.128984451293945,22.790767669677734,21.928375244140625,20.64141082763672,19.496410369873047,18.852466583251953,19.055131912231445,19.545875549316406,19.57870101928711,19.614212036132812,19.678770065307617
39.475067138671875,40.75586700439453,41.3099479675293,41.247901916503906,40.34832763671875,38.570587158203125,36.18080520629883,33.111331939697266,30.01588249206543,27.59291648864746,26.56740951538086,26.719879150390625,27.214763641357422,27.506010055541992,27.54695701599121,27.591638565063477,27.704891204833984,28.010461807250977,28.69733238220215,29.229934692382812,29.018260955810547,28.304790496826172,27.90580177307129,28.348628997802734,28.99503517150879,29.061359405517578,28.69230079650879,28.096208572387695,27.069889068603516,25.868715286254883,25.116117477416992,25.04183578491211,25.158843994140625,24.96235466003418,24.60239028930664,23.770082473754883,22.093637466430664,20.371042251586914,19.50615119934082,19.77760887145996,20.372432708740234,20.698062896728516,21.03452491760254,21.24750518798828
39.09252166748047,40.28437423706055,41.066139221191406,41.80772018432617,42.12827682495117,41.396602630615234,39.77444839477539,36.98588180541992,33.57082748413086,30.566204071044922,28.185264587402344,27.095361709594727,27.517486572265625,28.53553009033203,29.12344741821289,29.10749626159668,28.887540817260742,28.52232551574707,28.3564395904541,28.914745330810547,29.7222843170166,29.892078399658203,29.159481048583984,28.667499542236328,29.116657257080078,29.793140411376953,30.120359420776367,30.091997146606445,29.542652130126953,28.443843841552734,27.407154083251953,27.071453094482422,27.158031463623047,26.961828231811523,26.63204002380371,26.101665496826172,24.59178352355957,22.62862777709961,21.390012741088867,21.242271423339844,21.487274169921875,21.803241729736328,22.27061653137207,22.63563346862793
38.92033004760742,39.97439193725586,40.64899444580078,41.566551208496094,42.65054702758789,42.886714935302734,42.39576721191406,40.67520523071289,37.574039459228516,34.298797607421875,31.054758071899414,28.376625061035156,27.61840057373047,28.656269073486328,29.91450309753418,30.45514488220215,30.42462921142578,29.787328720092773,28.700292587280273,28.033891677856445,28.3414306640625,29.448238372802734,30.28160858154297,29.87151336669922,29.642601013183594,30.049222946166992,30.695852279663086,31.117597579956055,31.141626358032227,30.51108169555664,29.501850128173828,28.88599395751953,28.864574432373047,28.761470794677734,28.392656326293945,28.115936279296875,27.34372901916504,25.888141632080078,24.573068618774414,23.924699783325195,23.56629180908203,23.329959869384766,23.296649932861328,23.388160705566406
