data/wind_data/wind_48_3.json
{"header": {"parameterUnit": "KT", "parameterCategory": 2, "nx": 256, "ny": 198, "lo1": 44.73521041870117, "la1": -3.236724853515625, "lo2": 111.26478576660156, "la2": 43.468475341796875, "dx": 0.2609002888202667, "dy": -0.23708222806453705, "refTime": "2025-02-21 00:00:00", "forecastTime": 0, "parameterNumber": 2, "parameterNumberName": "eastward_wind"}, "data":
[rows 152 to 170 of 198, columns 44 to 87 of 256]
1.1189709901809692,-4.532413005828857,-5.810550689697266,-3.8771190643310547,-3.5449066162109375,-4.653857231140137,-5.180091857910156,-7.0121846199035645,-8.111931800842285,-5.956806182861328,-7.267547607421875,-4.284646034240723,-2.0664868354797363,-0.006769261788576841,-0.18959937989711761,0.6591207981109619,2.9380617141723633,4.334934234619141,4.959549427032471,5.0582780838012695,5.030313968658447,5.955543518066406,6.918057918548584,7.372328281402588,7.166589260101318,7.642061233520508,7.692859649658203,6.900147914886475,7.064574718475342,7.705539226531982,7.64382266998291,7.947829246520996,8.38542366027832,7.713940620422363,7.430953025817871,7.690986633300781,8.284707069396973,9.08951473236084,11.287651062011719,14.384881019592285,16.6759033203125,18.111881256103516,19.24302864074707,19.818561553955078
-0.4438706636428833,-4.834951877593994,-5.330196857452393,-3.28405499458313,-3.706112861633301,-5.994351863861084,-6.1898193359375,-5.955609321594238,-3.745422601699829,-2.440109968185425,-2.9351301193237305,-1.8562432527542114,0.2326555848121643,0.9288285970687866,1.1425883769989014,2.0491745471954346,2.9084815979003906,3.6729233264923096,5.220590114593506,5.556392669677734,5.805995464324951,6.705601215362549,7.12869930267334,6.289523124694824,5.885189056396484,6.936207294464111,7.648922443389893,6.856123924255371,5.634280681610107,5.312551975250244,5.4188079833984375,6.570588111877441,6.78069543838501,6.97505521774292,7.975896835327148,8.234789848327637,9.480096817016602,11.265363693237305,12.827469825744629,14.582860946655273,16.258743286132812,17.59549903869629,18.73537826538086,19.03565788269043
0.26646438241004944,-3.7141051292419434,-5.006770133972168,-3.143828868865967,-2.1844451427459717,-4.2789082527160645,-4.836054801940918,-2.8349063396453857,0.8320153951644897,0.4445405602455139,0.337775319814682,0.32850176095962524,1.510146975517273,1.6828495264053345,2.9220356941223145,3.9995052814483643,3.8944334983825684,4.982471942901611,6.4688520431518555,7.083429336547852,7.850858688354492,7.685266971588135,5.977482318878174,5.198428630828857,3.983059883117676,3.6489930152893066,3.65702486038208,3.318716526031494,5.162084579467773,6.5678606033325195,7.0348639488220215,6.876424312591553,7.4175333976745605,8.889354705810547,9.271642684936523,9.88638973236084,11.622344970703125,12.146998405456543,12.931471824645996,14.498579978942871,16.227697372436523,17.757061004638672,18.83599090576172,19.21226692199707
1.2137643098831177,-1.8837342262268066,-3.9423890113830566,-2.925457239151001,-0.8047061562538147,-1.3678358793258667,-1.872137188911438,-1.4518661499023438,-0.23891091346740723,-0.2032695710659027,0.9328125715255737,2.0246100425720215,3.062866687774658,4.14996862411499,5.130861282348633,4.742772102355957,5.341369152069092,6.540555953979492,7.04815149307251,7.730478763580322,8.252538681030273,7.659736633300781,6.0030999183654785,4.872413635253906,3.7625062465667725,3.0621237754821777,2.728869915008545,5.222563743591309,5.955547332763672,6.554714202880859,7.2259440422058105,7.755797863006592,8.763028144836426,9.656862258911133,9.743767738342285,9.378240585327148,10.218960762023926,11.223628044128418,13.178180694580078,15.38131046295166,16.629669189453125,18.420494079589844,19.19405174255371,18.83500862121582
1.9174854755401611,0.7288826704025269,-0.32260483503341675,-0.5121487379074097,0.10205414891242981,0.6803953647613525,1.6825207471847534,2.091860771179199,2.095196008682251,2.376969337463379,3.387809991836548,4.633871555328369,5.632091522216797,6.239202499389648,5.711673259735107,4.590199947357178,6.110639572143555,7.580928325653076,7.939284324645996,7.554505825042725,6.730038642883301,6.420555114746094,4.938826560974121,3.556589126586914,2.9942314624786377,3.4277915954589844,5.389484882354736,6.096492290496826,5.910131931304932,6.853540420532227,8.231918334960938,9.359964370727539,10.011818885803223,9.730907440185547,9.663159370422363,9.442103385925293,9.466188430786133,11.182873725891113,13.88554573059082,15.436019897460938,17.025146484375,18.289247512817383,18.581464767456055,15.971474647521973
2.10561203956604,4.153925895690918,5.058902263641357,5.360914707183838,4.768074035644531,4.9044365882873535,5.960853099822998,6.439025402069092,5.772618770599365,4.855496883392334,4.9092888832092285,5.503367900848389,5.889733791351318,5.606111526489258,4.681656360626221,4.92912483215332,6.618833065032959,7.198981285095215,6.267086982727051,4.925750732421875,5.051072597503662,5.794902801513672,4.964696884155273,3.5224080085754395,2.9398276805877686,3.9890105724334717,5.467207431793213,5.7226152420043945,6.544431686401367,7.682003498077393,9.370872497558594,10.70786190032959,11.370232582092285,12.010310173034668,11.625449180603027,10.264408111572266,10.792132377624512,12.725939750671387,14.359752655029297,15.220158576965332,16.22193717956543,17.09178352355957,17.190902709960938,14.538614273071289
4.309565544128418,6.521154403686523,8.07880687713623,8.859460830688477,8.466926574707031,8.219736099243164,7.694718837738037,6.714155197143555,6.3475775718688965,6.558258533477783,6.147833824157715,6.813364505767822,7.675660133361816,6.990905284881592,6.1315155029296875,6.893171787261963,7.276683807373047,5.662356853485107,3.3619186878204346,3.240381956100464,4.148641109466553,5.131117343902588,4.71643590927124,3.5538437366485596,3.1819236278533936,4.266727924346924,5.135038375854492,5.984137058258057,6.828330993652344,7.836345195770264,9.311735153198242,10.740221977233887,11.520157814025879,12.067727088928223,11.400564193725586,10.606382369995117,10.953665733337402,11.775195121765137,12.11161994934082,12.719722747802734,13.574134826660156,13.239333152770996,13.427258491516113,13.649978637695312
8.024352073669434,7.860457420349121,7.125965595245361,6.74846887588501,7.58936071395874,8.44289779663086,7.842572212219238,7.081618309020996,6.7363505363464355,6.090579509735107,5.38975715637207,7.055459499359131,7.415518760681152,6.73561954498291,7.545560836791992,7.986183166503906,6.90825080871582,4.115170001983643,2.171132802963257,2.3365318775177,2.71630597114563,3.360305070877075,3.3432910442352295,2.7072572708129883,2.8041574954986572,4.093768119812012,5.383277893066406,6.177316188812256,7.27176570892334,8.960112571716309,10.156620025634766,9.907673835754395,9.509333610534668,9.657405853271484,9.301849365234375,9.053812026977539,9.599794387817383,8.89826488494873,8.92236614227295,9.19499683380127,8.904376983642578,8.283056259155273,9.00296688079834,10.759642601013184
10.043198585510254,7.750463962554932,4.674708843231201,3.625746250152588,4.928791046142578,6.546460151672363,6.923088073730469,7.1869988441467285,6.233660697937012,7.339444160461426,8.301037788391113,8.912079811096191,7.152826309204102,7.364912986755371,8.6585693359375,8.204306602478027,6.154709339141846,3.330756425857544,1.123317003250122,0.8920972347259521,1.0504473447799683,1.4647139310836792,1.8289952278137207,1.955346941947937,2.7018144130706787,4.304675102233887,5.223879337310791,6.229864120483398,7.848659038543701,8.741802215576172,8.484718322753906,8.663973808288574,8.707645416259766,8.730025291442871,8.303349494934082,7.991005897521973,8.133309364318848,7.315362930297852,6.984046936035156,5.477409362792969,4.687823295593262,4.997220516204834,6.494500160217285,7.765754222869873
10.704931259155273,7.750629425048828,4.815019130706787,3.584718704223633,3.896042585372925,4.6851935386657715,5.635071754455566,7.02646541595459,9.524908065795898,11.80726432800293,12.031231880187988,9.120162963867188,8.30462646484375,8.373373031616211,8.21442699432373,6.7975006103515625,5.0136919021606445,2.3096280097961426,0.5849246382713318,-0.3062678873538971,0.1832125335931778,0.8806970119476318,1.2945605516433716,2.2085185050964355,3.5372676849365234,4.650679111480713,5.332665920257568,6.573383808135986,7.283569812774658,7.079532146453857,7.227503299713135,7.421206951141357,7.704087257385254,7.683102130889893,7.12132453918457,6.597115993499756,6.045900344848633,5.245607376098633,3.8456943035125732,3.4955594539642334,3.6841397285461426,4.2595534324646,6.219304084777832,6.97656774520874
11.299894332885742,8.908140182495117,8.271300315856934,7.970062732696533,6.952396392822266,5.448609828948975,6.2925896644592285,8.350848197937012,11.207663536071777,12.296131134033203,11.391254425048828,9.512251853942871,8.905069351196289,8.014355659484863,6.494929313659668,3.2895309925079346,1.28009831905365,0.3799440264701843,0.6875812411308289,-0.18477968871593475,-0.3392227590084076,0.9046984910964966,2.1687772274017334,3.5973713397979736,4.692649841308594,5.205728530883789,5.596669673919678,5.878122329711914,5.862450122833252,6.02068567276001,6.65602970123291,6.668421745300293,6.142453193664551,5.652306079864502,5.2599778175354,4.370781898498535,3.1916449069976807,2.1439971923828125,1.2436312437057495,2.5877177715301514,3.3937108516693115,3.9399588108062744,5.5954060554504395,6.653796672821045
9.439129829406738,6.390328407287598,7.0868096351623535,7.172889709472656,5.88561487197876,6.241437911987305,7.803440570831299,9.663992881774902,10.840094566345215,10.63403034210205,9.422819137573242,10.157761573791504,9.142523765563965,6.989890098571777,3.733823776245117,-0.2962828576564789,0.26835495233535767,0.7074151635169983,0.9562850594520569,1.3282859325408936,-0.4988573491573334,-0.05177777260541916,1.9414047002792358,3.3923094272613525,3.7032763957977295,4.038257122039795,4.465265274047852,4.97312068939209,4.935261249542236,5.639980316162109,7.135311603546143,6.704540252685547,4.943122863769531,3.5884265899658203,2.65208101272583,1.5716389417648315,0.6209173798561096,0.16655951738357544,0.5350592732429504,1.9980789422988892,2.235555410385132,2.33451771736145,3.060601234436035,5.115723133087158
9.501463890075684,5.453575134277344,3.6862521171569824,3.5658206939697266,4.930860996246338,7.309816837310791,8.589970588684082,9.680403709411621,9.170964241027832,8.80162239074707,10.096197128295898,9.818053245544434,7.6899590492248535,3.887970209121704,1.0789966583251953,0.8986514806747437,1.3517272472381592,1.3061109781265259,1.0550272464752197,2.296323537826538,-0.5314968824386597,-1.688055157661438,0.05125662311911583,0.9783812761306763,1.2773933410644531,2.474959135055542,3.762380599975586,4.063232898712158,4.331727027893066,5.534136772155762,5.795796871185303,4.511165618896484,2.8868229389190674,1.5129441022872925,0.3366551399230957,-0.5021529793739319,-0.6620109677314758,-0.03151850774884224,0.980370283126831,1.40122652053833,0.6568398475646973,0.6917003393173218,0.7705236077308655,0.6743060946464539
10.33260726928711,8.364123344421387,6.8709716796875,5.935606002807617,6.293535232543945,7.644518852233887,8.16571044921875,7.668186664581299,7.968308925628662,10.018097877502441,10.011016845703125,8.518393516540527,4.0545220375061035,1.7648508548736572,3.0178229808807373,2.9380011558532715,2.2119951248168945,1.3315625190734863,1.1093422174453735,1.5971564054489136,-0.8018977046012878,-2.100229024887085,-1.408593773841858,-0.6876895427703857,0.5011016726493835,1.9168176651000977,2.9068691730499268,3.5563766956329346,3.9128730297088623,3.903996706008911,3.2798500061035156,1.9094908237457275,0.5432031154632568,-0.49537014961242676,-1.0932693481445312,-1.0744129419326782,-0.4938921332359314,0.35665592551231384,1.00308096408844,0.8389207124710083,0.30478566884994507,0.7583106160163879,0.15129436552524567,-1.5674611330032349
10.458661079406738,9.721756935119629,9.240966796875,8.770834922790527,7.865987300872803,7.175687313079834,6.714736461639404,7.804112434387207,9.209882736206055,9.179523468017578,7.77662992477417,4.387781143188477,3.629033088684082,2.1218385696411133,2.792320966720581,2.500082015991211,1.7122585773468018,1.1661525964736938,0.6472100019454956,0.09396690875291824,-1.428796410560608,-1.9152029752731323,-1.465901255607605,-0.767180860042572,0.6759666204452515,1.9067469835281372,3.0381908416748047,3.4066293239593506,2.9306225776672363,2.1340925693511963,1.004591703414917,-0.30368560552597046,-1.3018652200698853,-1.7112764120101929,-1.582590937614441,-1.0903887748718262,-0.5555391311645508,-0.11046329140663147,0.22887960076332092,0.5867717266082764,0.7111736536026001,0.28214994072914124,-1.2571738958358765,-2.2336905002593994
6.763296604156494,6.971148490905762,6.316749095916748,5.658308982849121,5.81557035446167,6.448251724243164,7.563607692718506,9.116602897644043,8.490031242370605,7.38173770904541,5.396438121795654,3.3478972911834717,2.5217602252960205,2.16349458694458,2.466046094894409,2.2278919219970703,1.653177261352539,1.1875439882278442,0.2923876941204071,-0.9822193384170532,-2.0654940605163574,-1.961208462715149,-1.4080991744995117,-0.62760329246521,0.975106418132782,2.1050925254821777,2.675264596939087,2.4191598892211914,1.4927058219909668,0.3717292249202728,-0.93966144323349,-1.8975193500518799,-2.1777942180633545,-1.9965801239013672,-1.7268397808074951,-1.42204749584198,-1.070054292678833,-1.0416312217712402,-0.4830982983112335,1.1708886623382568,2.122710704803467,-0.7174122333526611,-3.0965993404388428,-3.277907133102417
1.9773308038711548,2.872722864151001,2.239342212677002,2.4703969955444336,4.468497276306152,6.408318996429443,7.46983528137207,8.661951065063477,6.563427448272705,5.086620807647705,3.444164276123047,2.227555513381958,1.523735523223877,1.037208914756775,1.3487566709518433,1.6710666418075562,1.8001327514648438,1.7993757724761963,0.594964861869812,-1.3568373918533325,-2.2986178398132324,-1.8995033502578735,-1.162361979484558,-0.29126590490341187,0.9682979583740234,1.6976666450500488,1.477940559387207,0.796506941318512,-0.1906331181526184,-1.3818790912628174,-2.3104240894317627,-2.5566117763519287,-2.3369367122650146,-2.1727516651153564,-2.2393641471862793,-2.208144426345825,-1.601580262184143,-1.2827879190444946,0.23456428945064545,3.946674108505249,5.409974098205566,1.021518349647522,-3.9891750812530518,-5.360044956207275
-0.7275655269622803,1.4164091348648071,3.0339577198028564,4.399514198303223,5.4819440841674805,5.772517681121826,6.328382968902588,5.4439697265625,3.331556797027588,1.5728964805603027,1.4776631593704224,1.4332033395767212,0.6729137301445007,-0.26161402463912964,-0.31639474630355835,0.7092734575271606,1.6610122919082642,1.94986093044281,0.45821598172187805,-1.3999924659729004,-2.061821699142456,-1.5151214599609375,-0.67784184217453,0.060226306319236755,0.5766300559043884,0.5105881690979004,0.13916896283626556,-0.4514027237892151,-1.6099622249603271,-2.6513524055480957,-3.0785136222839355,-2.902463912963867,-2.6511504650115967,-2.6913058757781982,-2.829427480697632,-2.7674217224121094,-2.184624433517456,-1.2079764604568481,1.0051062107086182,4.95083475112915,7.6263933181762695,4.759659767150879,-2.2049646377563477,-6.151282787322998
0.6545315980911255,2.062469005584717,3.6697402000427246,5.000082015991211,5.679291248321533,5.029455661773682,3.8287153244018555,1.2160561084747314,-0.37085574865341187,-0.17805306613445282,0.8963384628295898,1.0976680517196655,0.7798874378204346,0.3827376961708069,-0.15046676993370056,0.3241466283798218,1.0425198078155518,0.6385077834129333,-0.6229416131973267,-1.4568307399749756,-1.4661712646484375,-1.0076994895935059,-0.5151500105857849,-0.2276071161031723,-0.20653288066387177,-0.34384799003601074,-0.5539566278457642,-1.3338195085525513,-2.4513297080993652,-3.172192096710205,-3.3842828273773193,-3.2390730381011963,-3.049349308013916,-3.0250635147094727,-2.954960584640503,-2.6966872215270996,-2.2181835174560547,-0.9034021496772766,1.6615387201309204,5.274328231811523,8.23248291015625,6.342850685119629,3.548663854598999,-1.690617322921753
