data/wind_data/wind_5_7.json
{"header": {"parameterUnit": "KT", "parameterCategory": 2, "nx": 256, "ny": 198, "lo1": 44.73521041870117, "la1": -3.236724853515625, "lo2": 111.26478576660156, "la2": 43.468475341796875, "dx": 0.2609002888202667, "dy": -0.23708222806453705, "refTime": "2025-02-19 05:00:00", "forecastTime": 0, "parameterNumber": 2, "parameterNumberName": "eastward_wind"}, "data":
[rows 100 to 119 of 198, columns 132 to 175 of 256]
79.50166320800781,79.73833465576172,79.92758178710938,79.82403564453125,79.20083618164062,78.16376495361328,77.0102310180664,75.79886627197266,74.46018981933594,73.12505340576172,72.21028137207031,72.01995849609375,72.34130096435547,72.54145050048828,72.22193908691406,71.75825500488281,71.73448181152344,72.1447982788086,72.5517807006836,72.77967834472656,72.8896713256836,72.58307647705078,71.37007141113281,69.67163848876953,68.8313980102539,69.19161987304688,69.83529663085938,70.08975982666016,70.1613998413086,70.41263580322266,70.77693939208984,71.03624725341797,71.18219757080078,71.24710083007812,71.15039825439453,71.05907440185547,71.33524322509766,72.09780883789062,73.08767700195312,73.72598266601562,73.55614471435547,72.74034881591797,71.70856475830078,70.51917266845703
80.9599838256836,80.37535858154297,79.8346939086914,79.62845611572266,79.58389282226562,79.22309875488281,78.22956085205078,76.65470886230469,74.91389465332031,73.54060363769531,72.74813079833984,72.50637817382812,72.77657318115234,73.12413787841797,72.94127655029297,72.39591979980469,72.07688903808594,72.13106536865234,72.23574829101562,72.28131103515625,72.40240478515625,72.31055450439453,71.36344146728516,69.70437622070312,68.47370910644531,68.23854064941406,68.58656311035156,68.97306060791016,69.32064819335938,69.82994079589844,70.45868682861328,70.80189514160156,70.64411926269531,70.3398666381836,70.32859802246094,70.6774673461914,71.36396026611328,72.40389251708984,73.60535430908203,74.439697265625,74.30824279785156,73.27948760986328,72.03671264648438,70.95409393310547
81.75733184814453,80.44194030761719,79.46247100830078,79.14550018310547,79.26952362060547,79.1695327758789,78.27232360839844,76.69319915771484,75.14703369140625,74.22352600097656,73.91327667236328,73.81671142578125,73.71734619140625,73.6021499633789,73.25031280517578,72.66805267333984,72.27030944824219,72.21622467041016,72.30736541748047,72.40629577636719,72.50663757324219,72.46005249023438,71.85897064208984,70.5422134399414,69.00016784667969,67.97356414794922,67.8854751586914,68.43275451660156,68.9453125,69.1268081665039,69.22221374511719,69.53367614746094,69.94386291503906,70.14957427978516,70.21123504638672,70.43707275390625,70.99441528320312,71.88973236083984,72.86664581298828,73.48661041259766,73.32646179199219,72.50939178466797,71.53154754638672,70.6582260131836
81.55859375,80.36392211914062,79.70597076416016,79.4920883178711,79.41648864746094,79.04851531982422,78.07264709472656,76.68018341064453,75.556884765625,75.1593246459961,75.31208801269531,75.46025085449219,75.09771728515625,74.25248718261719,73.32408142089844,72.60651397705078,72.23981475830078,72.2000503540039,72.34976959228516,72.46015930175781,72.43476867675781,72.39575958251953,72.3073959350586,71.76971435546875,70.559326171875,69.13141632080078,68.44921112060547,68.78091430664062,69.32917022705078,69.33670806884766,68.8980484008789,68.67639923095703,69.0843276977539,69.74870300292969,70.06551361083984,70.08556365966797,70.30944061279297,70.96092987060547,71.59650421142578,71.76984405517578,71.61860656738281,71.36151123046875,71.06924438476562,70.61471557617188
81.6073226928711,80.74089813232422,80.35395812988281,80.0768814086914,79.58601379394531,78.83538818359375,77.9087142944336,76.94029235839844,76.26117706298828,76.14633178710938,76.43862915039062,76.65512084960938,76.322509765625,75.35539245605469,74.14369201660156,73.15546417236328,72.55215454101562,72.2390365600586,72.14167785644531,72.20417785644531,72.26544952392578,72.2978744506836,72.382080078125,72.29562377929688,71.68159484863281,70.61166381835938,69.7218017578125,69.53534698486328,69.76896667480469,69.85054016113281,69.67908477783203,69.42753601074219,69.30776977539062,69.3726806640625,69.14208221435547,68.31672668457031,67.60584259033203,67.8899917602539,69.12435913085938,70.36808776855469,71.02281951904297,71.21692657470703,71.2772216796875,71.33077239990234
82.54483795166016,82.13754272460938,81.85091400146484,81.36351013183594,80.32388305664062,78.91024780273438,77.75304412841797,77.23309326171875,77.23877716064453,77.48699951171875,77.6976318359375,77.614501953125,77.14080047607422,76.34077453613281,75.32215118408203,74.28223419189453,73.39635467529297,72.75819396972656,72.44219970703125,72.35720825195312,72.29008483886719,72.13024139404297,72.0158462524414,72.06620788574219,72.10185241699219,71.85843658447266,71.41234588623047,71.04206085205078,70.76927185058594,70.5224380493164,70.43770599365234,70.45700073242188,70.1662826538086,69.5009765625,68.79222106933594,67.90497589111328,66.64456176757812,65.75347137451172,66.36211395263672,68.40436553955078,70.44847106933594,71.29315185546875,70.92606353759766,70.24620819091797
83.43902587890625,83.42766571044922,83.2916030883789,82.72532653808594,81.48654174804688,79.82726287841797,78.51235961914062,78.13668060302734,78.5368881225586,79.04364776611328,79.08624267578125,78.55401611328125,77.71861267089844,76.83429718017578,75.88269805908203,74.86788940429688,74.01315307617188,73.50638580322266,73.36405181884766,73.39364624023438,73.19445037841797,72.61779022216797,72.0530014038086,71.97834777832031,72.37598419189453,72.79439544677734,72.94432830810547,72.88371276855469,72.66339111328125,72.38167572021484,72.24241638183594,72.16316223144531,71.7069091796875,70.71207427978516,69.57691955566406,68.62030029296875,67.59270477294922,66.28340911865234,65.51689147949219,66.4183578491211,68.67728424072266,70.70841217041016,71.35285949707031,70.87232208251953
83.85211944580078,83.59443664550781,83.26190185546875,82.72238159179688,81.85276794433594,80.73576354980469,79.8063735961914,79.53849792480469,79.85733795166016,80.1672134399414,79.9404296875,79.14767456054688,78.08792114257812,76.97429656982422,75.79931640625,74.64549255371094,73.86620330810547,73.72640991210938,74.10088348388672,74.55091857910156,74.632568359375,74.17686462402344,73.4615249633789,73.0425796508789,73.1871109008789,73.6002426147461,73.9010009765625,74.04447937011719,74.09465789794922,74.04901885986328,73.9435806274414,73.70457458496094,73.1129379272461,72.16108703613281,71.2336196899414,70.58931732177734,69.9061508178711,68.71714782714844,67.2842025756836,66.66351318359375,67.6380844116211,69.67693328857422,71.6002197265625,72.80464935302734
83.64228057861328,82.86619567871094,82.11621856689453,81.61341857910156,81.29177856445312,80.9733657836914,80.66557312011719,80.55093383789062,80.59616088867188,80.49323272705078,79.98744201660156,79.11685943603516,78.05459594726562,76.85208892822266,75.5013198852539,74.24347686767578,73.53229522705078,73.62974548339844,74.3880386352539,75.3134994506836,75.94072723388672,76.01700592041016,75.5677490234375,74.9218978881836,74.5159912109375,74.46729278564453,74.5145034790039,74.50161743164062,74.49492645263672,74.51312255859375,74.44415283203125,74.20811462402344,73.81072235107422,73.28605651855469,72.8018569946289,72.50127410888672,72.17245483398438,71.46029663085938,70.27336883544922,68.86448669433594,68.02889251708984,68.44554138183594,69.7850341796875,71.2015380859375
82.96310424804688,82.07211303710938,81.25737762451172,80.81614685058594,80.83708190917969,81.11744689941406,81.36233520507812,81.3788833618164,81.06309509277344,80.41547393798828,79.58197021484375,78.73784637451172,77.90203094482422,76.902099609375,75.66917419433594,74.49555206298828,73.82540130615234,73.89420318603516,74.66545867919922,75.78730010986328,76.82506561279297,77.35658264160156,77.17069244384766,76.45991516113281,75.67027282714844,75.15145874023438,74.90338897705078,74.78701782226562,74.7372817993164,74.65469360351562,74.40398406982422,74.05078887939453,73.86746215820312,73.95452880859375,74.16242980957031,74.22745513916016,73.79391479492188,72.83273315429688,71.81040954589844,70.91480255126953,69.96563720703125,69.31199645996094,69.43512725830078,70.0477294921875
82.62845611572266,81.86100006103516,81.22834014892578,80.95993041992188,81.21244049072266,81.82779693603516,82.37715148925781,82.41371154785156,81.73613739013672,80.5582504272461,79.41375732421875,78.68036651611328,78.20582580566406,77.55278015136719,76.57145690917969,75.5973129272461,74.99099731445312,74.93572998046875,75.45111846923828,76.35587310791016,77.29822540283203,77.88036346435547,77.82527160644531,77.18760681152344,76.31058502197266,75.61955261230469,75.3319091796875,75.33350372314453,75.37238311767578,75.1683578491211,74.6183853149414,74.0106430053711,73.82708740234375,74.17300415039062,74.72306823730469,75.06273651123047,74.75753021240234,73.7237548828125,72.59994506835938,72.00049591064453,71.70549774169922,71.2669906616211,70.87520599365234,70.8538818359375
83.02709197998047,82.24765014648438,81.84091186523438,81.88783264160156,82.3226318359375,82.9131851196289,83.34201049804688,83.25753784179688,82.43062591552734,81.06631469726562,79.85337829589844,79.22124481201172,78.91279602050781,78.44216918945312,77.74346160888672,77.15621185302734,76.94180297851562,77.05712127685547,77.37140655517578,77.78483581542969,78.09556579589844,78.12213134765625,77.89691925048828,77.50650787353516,76.97154998779297,76.4893569946289,76.29627990722656,76.3710708618164,76.4427719116211,76.1524658203125,75.42804718017578,74.68470001220703,74.4494400024414,74.7469711303711,75.14286804199219,75.30445861816406,75.06486511230469,74.33285522460938,73.3979721069336,72.79812622070312,72.70291137695312,72.71333312988281,72.51105499267578,72.27263641357422
83.9883041381836,83.33705139160156,83.38331604003906,83.79010772705078,84.10499572753906,84.11051177978516,83.94412231445312,83.64993286132812,82.96578979492188,81.85245513916016,80.88155364990234,80.4679946899414,80.30926513671875,79.92306518554688,79.34396362304688,79.02992248535156,79.22742462158203,79.6969223022461,80.00878143310547,79.93456268310547,79.45613861083984,78.71583557128906,78.11959838867188,77.90618896484375,77.87728118896484,77.84801483154297,77.8025894165039,77.73358917236328,77.5855712890625,77.1697769165039,76.43411254882812,75.72406005859375,75.40953826904297,75.41676330566406,75.36705017089844,75.07601928710938,74.68114471435547,74.32487487792969,74.09150695800781,74.05400848388672,74.11402893066406,74.05944061279297,73.80879974365234,73.50847625732422
85.69732666015625,85.31011199951172,85.79119873046875,86.36431121826172,86.2733383178711,85.50192260742188,84.65986633300781,84.15947723388672,83.7535171508789,83.2125015258789,82.8111801147461,82.77971649169922,82.79351806640625,82.39110565185547,81.65191650390625,81.18207550048828,81.37437438964844,81.96229553222656,82.29631042480469,81.96277618408203,81.05040740966797,79.9823989868164,79.15050506591797,78.68768310546875,78.59919738769531,78.77014923095703,78.92476654052734,78.83438110351562,78.45818328857422,77.823974609375,77.09442138671875,76.52690887451172,76.21979522705078,75.9478530883789,75.43646240234375,74.73895263671875,74.1836929321289,73.98858642578125,74.14716339111328,74.63899993896484,75.3726806640625,75.92005920410156,76.06707000732422,75.90042877197266
88.11052703857422,87.8115005493164,88.20700073242188,88.48419952392578,87.95108795166016,86.83070373535156,85.89151000976562,85.48615264892578,85.33173370361328,85.2069320678711,85.26112365722656,85.49640655517578,85.52384185791016,84.97272491455078,84.05034637451172,83.36766815185547,83.29779815673828,83.59822845458984,83.69144439697266,83.2874755859375,82.5862045288086,81.85151672363281,81.05860900878906,80.2286376953125,79.67508697509766,79.57324981689453,79.64185333251953,79.50637817382812,79.03050231933594,78.27882385253906,77.46903991699219,76.8898696899414,76.59672546386719,76.31607818603516,75.82679748535156,75.28916931152344,75.02310180664062,75.11377716064453,75.38361358642578,75.75994873046875,76.36881256103516,77.08816528320312,77.65473175048828,77.9235610961914
90.51261138916016,90.13143157958984,90.08771514892578,89.7667465209961,88.86719512939453,87.95381164550781,87.570068359375,87.45962524414062,87.17640686035156,86.92756652832031,87.13448333740234,87.60089874267578,87.72280883789062,87.15252685546875,86.22297668457031,85.53147888183594,85.26966094970703,85.16097259521484,84.90840911865234,84.5256576538086,84.2403335571289,84.03187561035156,83.51844024658203,82.5819320678711,81.64503479003906,81.06977844238281,80.71560668945312,80.26317596435547,79.62785339355469,78.93598937988281,78.35323333740234,77.9912109375,77.8335952758789,77.68496704101562,77.32870483398438,76.8699951171875,76.69402313232422,76.99832916259766,77.48443603515625,77.776123046875,77.98832702636719,78.30571746826172,78.75890350341797,79.31259155273438
92.38143920898438,91.69522094726562,91.22925567626953,90.66815948486328,89.99784851074219,89.62041473388672,89.55455017089844,89.31082916259766,88.71658325195312,88.33222961425781,88.58706665039062,89.12866973876953,89.33912658691406,88.99308013916016,88.35050201416016,87.80154418945312,87.4671401977539,87.15574645996094,86.75639343261719,86.40203094482422,86.25959777832031,86.25605010986328,86.06292724609375,85.4470443725586,84.51639556884766,83.49783325195312,82.53530883789062,81.70799255371094,81.07775115966797,80.67941284179688,80.49769592285156,80.42405700683594,80.41480255126953,80.3803482055664,80.00389862060547,79.2520523071289,78.65157318115234,78.64395141601562,79.048095703125,79.4106216430664,79.59868621826172,79.80686950683594,80.22932434082031,80.96540832519531
93.7859115600586,92.87218475341797,92.09087371826172,91.61181640625,91.54975891113281,91.65422821044922,91.51265716552734,90.9862060546875,90.38279724121094,90.17050170898438,90.3965835571289,90.69811248779297,90.80177307128906,90.70714569091797,90.53041076660156,90.3372573852539,90.1295394897461,89.83834075927734,89.41128540039062,88.93297576904297,88.59884643554688,88.4493637084961,88.33011627197266,88.02822875976562,87.3438720703125,86.21398162841797,84.90670776367188,83.88268280029297,83.41255950927734,83.44927215576172,83.7068099975586,83.84532928466797,83.81568145751953,83.56024169921875,82.91107940673828,82.03655242919922,81.3203125,80.87515258789062,80.68229675292969,80.78636932373047,81.04063415527344,81.26101684570312,81.60733032226562,82.35320281982422
94.5790023803711,93.77422332763672,93.20243835449219,93.15181732177734,93.459228515625,93.61811065673828,93.35376739501953,92.8716812133789,92.61014556884766,92.70242309570312,92.86589050292969,92.8143310546875,92.59620666503906,92.48116302490234,92.60943603515625,92.87608337402344,93.0555191040039,92.93022918701172,92.42625427246094,91.74893951416016,91.2115707397461,90.96012115478516,90.824951171875,90.52578735351562,89.87741088867188,88.80558013916016,87.5693130493164,86.61913299560547,86.24067687988281,86.39599609375,86.7361831665039,86.92523193359375,86.8898696899414,86.4410171508789,85.61685943603516,84.90431213378906,84.37345123291016,83.74633026123047,83.22950744628906,83.11831665039062,83.0954360961914,82.85633850097656,82.74397277832031,83.29920196533203
94.93739318847656,94.42803955078125,94.4075698852539,94.85244750976562,95.2905502319336,95.32627868652344,95.03166961669922,94.8249282836914,95.00337982177734,95.4274673461914,95.65583038330078,95.44300079345703,94.9942626953125,94.7249984741211,94.82577514648438,95.21273040771484,95.6036148071289,95.62535858154297,95.11800384521484,94.37480926513672,93.83885955810547,93.62454223632812,93.39262390136719,92.83485412597656,91.89556121826172,90.77849578857422,89.80667877197266,89.30345153808594,89.21297454833984,89.1487045288086,88.94671630859375,88.67120361328125,88.3178482055664,87.82404327392578,87.44061279296875,87.2615966796875,86.87860870361328,86.3874740600586,86.1644058227539,86.10105895996094,85.85517120361328,85.25674438476562,84.63949584960938,84.74354553222656
