data/wind_data/wind_5_5.json
{"header": {"parameterUnit": "KT", "parameterCategory": 2, "nx": 256, "ny": 198, "lo1": 44.73521041870117, "la1": -3.236724853515625, "lo2": 111.26478576660156, "la2": 43.468475341796875, "dx": 0.2609002888202667, "dy": -0.23708222806453705, "refTime": "2025-02-19 05:00:00", "forecastTime": 0, "parameterNumber": 2, "parameterNumberName": "eastward_wind"}, "data":
[rows 19 to 37 of 198, columns 0 to 43 of 256]
-17.51568603515625,-18.045034408569336,-17.87765121459961,-17.167329788208008,-15.928552627563477,-16.006357192993164,-16.342792510986328,-16.82544708251953,-17.624488830566406,-17.980819702148438,-17.813949584960938,-17.45924949645996,-17.1760311126709,-17.23175811767578,-17.86610221862793,-19.105510711669922,-20.31855583190918,-20.603363037109375,-20.433626174926758,-20.828638076782227,-21.676536560058594,-22.3216495513916,-22.429908752441406,-22.099645614624023,-21.45240020751953,-20.627418518066406,-19.808500289916992,-19.250795364379883,-19.23482894897461,-19.664199829101562,-20.334529876708984,-21.04062843322754,-21.707199096679688,-22.161365509033203,-22.09364891052246,-21.622838973999023,-21.281679153442383,-21.29376792907715,-21.44524574279785,-21.72724723815918,-22.361804962158203,-23.30426788330078,-23.75010108947754,-23.126697540283203
-17.88388442993164,-18.653079986572266,-18.861848831176758,-18.57839012145996,-17.46554183959961,-17.212007522583008,-17.508499145507812,-17.665634155273438,-17.7606258392334,-17.482505798339844,-17.198942184448242,-16.919504165649414,-16.588281631469727,-16.786699295043945,-17.99043083190918,-19.648611068725586,-20.776582717895508,-20.931095123291016,-20.636964797973633,-20.98832893371582,-21.894424438476562,-22.581127166748047,-22.712430953979492,-22.354808807373047,-21.492351531982422,-20.382251739501953,-19.54112434387207,-19.40057945251465,-19.90630340576172,-20.649110794067383,-21.455951690673828,-22.002979278564453,-22.081451416015625,-22.043790817260742,-22.181137084960938,-22.36202049255371,-22.662076950073242,-23.057329177856445,-23.245107650756836,-23.260738372802734,-23.257266998291016,-23.438732147216797,-23.608631134033203,-23.10981559753418
-18.68113899230957,-19.16335105895996,-19.321765899658203,-19.3059139251709,-18.37352752685547,-17.730274200439453,-17.633594512939453,-17.640033721923828,-17.59979248046875,-17.097389221191406,-16.61459732055664,-16.381921768188477,-16.249723434448242,-16.820884704589844,-18.338741302490234,-19.778705596923828,-20.521800994873047,-21.032297134399414,-21.404844284057617,-21.731714248657227,-22.160511016845703,-22.5054988861084,-22.613117218017578,-22.394588470458984,-21.66217041015625,-20.637765884399414,-19.985246658325195,-20.225818634033203,-21.12687873840332,-22.03948402404785,-22.680652618408203,-22.696918487548828,-22.063867568969727,-21.47638702392578,-21.61481475830078,-22.118106842041016,-22.68973731994629,-23.243825912475586,-23.5681209564209,-23.655736923217773,-23.39889907836914,-22.94951629638672,-22.85097312927246,-22.892677307128906
-19.848840713500977,-19.918941497802734,-19.822509765625,-19.88153076171875,-19.137022018432617,-18.06201934814453,-17.758071899414062,-17.777122497558594,-17.978572845458984,-17.59816551208496,-16.81975555419922,-16.34942626953125,-16.50390625,-17.312129974365234,-18.49000358581543,-19.406831741333008,-19.803987503051758,-20.239459991455078,-20.945411682128906,-21.504478454589844,-21.917991638183594,-22.293092727661133,-22.574766159057617,-22.588577270507812,-22.106958389282227,-21.225765228271484,-20.691280364990234,-21.23573875427246,-22.472692489624023,-23.31910514831543,-23.26546287536621,-22.5164794921875,-21.64080047607422,-21.02610969543457,-20.965911865234375,-21.20680046081543,-21.570283889770508,-22.029483795166016,-22.436655044555664,-22.844518661499023,-23.12624740600586,-22.933387756347656,-22.757219314575195,-22.827726364135742
-21.644222259521484,-21.02212905883789,-20.337135314941406,-20.061960220336914,-19.251754760742188,-18.547710418701172,-18.30991554260254,-18.64548110961914,-19.13910675048828,-18.798158645629883,-17.692642211914062,-16.775863647460938,-16.811716079711914,-17.556928634643555,-18.29478645324707,-18.80548095703125,-19.144237518310547,-19.342693328857422,-19.76739501953125,-20.423402786254883,-21.0151424407959,-21.549253463745117,-22.00492286682129,-22.308975219726562,-22.149255752563477,-21.524320602416992,-21.144222259521484,-21.619333267211914,-22.46475601196289,-22.69713592529297,-22.068798065185547,-21.156482696533203,-20.593772888183594,-20.392004013061523,-20.443559646606445,-20.694541931152344,-20.85266876220703,-20.74659538269043,-20.704029083251953,-21.204599380493164,-22.108684539794922,-22.658475875854492,-22.55355453491211,-22.16671371459961
-23.023269653320312,-22.10486602783203,-21.116256713867188,-20.931453704833984,-20.79458999633789,-20.265613555908203,-20.024354934692383,-20.381879806518555,-20.78293228149414,-20.27640151977539,-19.07500457763672,-17.88591957092285,-17.37543296813965,-17.65346908569336,-18.319778442382812,-18.688589096069336,-18.59222984313965,-18.536386489868164,-19.124197006225586,-20.179948806762695,-20.89112091064453,-21.150049209594727,-21.29055404663086,-21.42426109313965,-21.382766723632812,-21.163301467895508,-21.19380760192871,-21.80746841430664,-22.637758255004883,-22.86455535888672,-22.207805633544922,-21.40105438232422,-21.2340145111084,-21.435298919677734,-21.767995834350586,-22.309009552001953,-22.29966926574707,-21.232120513916016,-20.11484146118164,-20.050573348999023,-20.957887649536133,-21.84351348876953,-21.903711318969727,-21.385557174682617
-23.539108276367188,-23.053163528442383,-22.635318756103516,-22.417787551879883,-22.184097290039062,-21.7366886138916,-21.450702667236328,-21.458967208862305,-21.627086639404297,-21.056676864624023,-20.098873138427734,-19.171390533447266,-18.808212280273438,-18.919912338256836,-19.13718032836914,-19.068798065185547,-18.50883674621582,-18.23231315612793,-19.00187873840332,-20.155010223388672,-20.758089065551758,-20.980655670166016,-21.197330474853516,-21.28985023498535,-21.287395477294922,-21.341442108154297,-21.518686294555664,-21.96122932434082,-22.4603271484375,-22.698810577392578,-22.715618133544922,-22.860576629638672,-23.167221069335938,-23.29962921142578,-23.518383026123047,-24.071096420288086,-24.05150604248047,-22.857337951660156,-21.692005157470703,-21.756065368652344,-22.513425827026367,-22.824045181274414,-22.37537956237793,-21.634445190429688
-23.84969139099121,-23.651439666748047,-23.593299865722656,-22.91175651550293,-21.624923706054688,-21.58600616455078,-21.898265838623047,-22.40873908996582,-22.67811393737793,-22.062694549560547,-21.107851028442383,-20.296083450317383,-20.158180236816406,-20.58030128479004,-20.94144630432129,-20.55767822265625,-19.466358184814453,-18.76949119567871,-19.311786651611328,-20.32162094116211,-20.84336280822754,-21.14803123474121,-21.416790008544922,-21.381765365600586,-21.22655487060547,-21.260059356689453,-21.443603515625,-21.604787826538086,-21.6490421295166,-21.674535751342773,-21.8848876953125,-22.252389907836914,-22.59358024597168,-22.865680694580078,-23.34715461730957,-23.793296813964844,-23.656856536865234,-23.136293411254883,-23.039918899536133,-23.590465545654297,-24.163848876953125,-24.09763526916504,-23.456462860107422,-22.77783203125
-23.889610290527344,-23.45135498046875,-23.391603469848633,-23.056560516357422,-21.76062774658203,-21.576763153076172,-22.025043487548828,-22.734899520874023,-23.386493682861328,-23.241514205932617,-22.777753829956055,-22.224485397338867,-21.917020797729492,-22.0362491607666,-22.27390480041504,-21.919750213623047,-20.889842987060547,-20.163990020751953,-20.44078826904297,-21.096837997436523,-21.490140914916992,-21.808063507080078,-22.098682403564453,-22.142845153808594,-22.023815155029297,-21.64008331298828,-21.003555297851562,-20.604806900024414,-20.56682777404785,-20.628515243530273,-20.802488327026367,-20.99238395690918,-21.031719207763672,-21.100919723510742,-21.342830657958984,-21.50103759765625,-21.636554718017578,-22.12876319885254,-23.018224716186523,-23.72233772277832,-23.909690856933594,-23.726316452026367,-23.423553466796875,-23.143352508544922
-23.779409408569336,-23.40130615234375,-23.51283073425293,-23.87299919128418,-23.491010665893555,-23.070526123046875,-23.112512588500977,-22.8272762298584,-22.727548599243164,-22.813318252563477,-23.139249801635742,-23.073760986328125,-22.853290557861328,-22.764976501464844,-22.80988121032715,-22.547590255737305,-21.838863372802734,-21.40877342224121,-21.712303161621094,-22.09615135192871,-22.115882873535156,-22.17585563659668,-22.399459838867188,-22.536272048950195,-22.437265396118164,-21.913795471191406,-21.0455265045166,-20.483318328857422,-20.40325927734375,-20.4239444732666,-20.343950271606445,-20.108386993408203,-19.85184669494629,-19.768829345703125,-19.779312133789062,-19.699567794799805,-19.895349502563477,-20.700767517089844,-21.78557014465332,-22.30283546447754,-22.151952743530273,-21.981462478637695,-22.04423713684082,-22.354278564453125
-23.669214248657227,-23.648788452148438,-23.844467163085938,-24.146116256713867,-24.155221939086914,-23.728622436523438,-23.36131477355957,-22.47027587890625,-21.81230354309082,-21.598527908325195,-21.808666229248047,-22.05869483947754,-22.24517250061035,-22.517578125,-22.71014976501465,-22.63080406188965,-22.22838020324707,-22.03322982788086,-22.357892990112305,-22.789531707763672,-22.87603759765625,-22.655324935913086,-22.316120147705078,-21.987581253051758,-21.748891830444336,-21.42361831665039,-20.828689575195312,-20.290178298950195,-20.120149612426758,-20.021135330200195,-19.61087417602539,-18.906360626220703,-18.31720733642578,-18.171735763549805,-18.45082664489746,-18.848655700683594,-19.23397445678711,-19.73080825805664,-20.241342544555664,-20.46302604675293,-20.498865127563477,-20.654054641723633,-20.910667419433594,-21.40877914428711
-23.92527961730957,-23.672897338867188,-23.55014419555664,-23.262493133544922,-23.127992630004883,-23.106340408325195,-23.28340721130371,-22.904897689819336,-22.617565155029297,-22.380876541137695,-22.070405960083008,-21.889917373657227,-22.15593719482422,-22.555377960205078,-22.39604949951172,-21.94208335876465,-21.567455291748047,-21.727357864379883,-22.389944076538086,-22.77402687072754,-22.548616409301758,-22.171585083007812,-21.86602783203125,-21.58934783935547,-21.264057159423828,-20.905887603759766,-20.444950103759766,-19.818105697631836,-19.153697967529297,-18.48395347595215,-17.752277374267578,-17.03887367248535,-16.598541259765625,-16.794601440429688,-17.55784034729004,-18.500844955444336,-19.355119705200195,-20.13355827331543,-20.6407470703125,-20.694562911987305,-20.653425216674805,-20.839454650878906,-21.10352325439453,-21.297344207763672
-24.233474731445312,-23.419540405273438,-22.71966552734375,-21.727130889892578,-21.534202575683594,-22.443862915039062,-23.05788230895996,-23.092626571655273,-22.827531814575195,-22.42486000061035,-22.16180992126465,-22.2674560546875,-22.80877685546875,-23.172775268554688,-22.86043357849121,-22.151784896850586,-21.457637786865234,-21.13100814819336,-21.351533889770508,-21.742877960205078,-21.83502960205078,-21.745967864990234,-21.60785675048828,-21.401649475097656,-21.21864891052246,-21.043058395385742,-20.65921401977539,-19.950664520263672,-19.117097854614258,-18.383281707763672,-17.713584899902344,-17.08527946472168,-16.837862014770508,-17.236833572387695,-18.051681518554688,-19.00568389892578,-20.05667495727539,-21.148073196411133,-21.77440643310547,-21.588706970214844,-21.28398895263672,-21.52138328552246,-21.97684097290039,-22.034442901611328
-24.980287551879883,-23.935293197631836,-22.910680770874023,-22.147031784057617,-22.442102432250977,-23.348756790161133,-23.403400421142578,-23.037128448486328,-22.170156478881836,-21.30377960205078,-21.07415199279785,-21.612897872924805,-22.344867706298828,-22.753454208374023,-22.74573516845703,-22.477148056030273,-22.097013473510742,-21.79451560974121,-21.6342716217041,-21.5640926361084,-21.627086639404297,-21.839176177978516,-21.911380767822266,-21.78919219970703,-21.711719512939453,-21.581449508666992,-21.08399200439453,-20.35465431213379,-19.796932220458984,-19.4715576171875,-19.008771896362305,-18.542943954467773,-18.674922943115234,-19.465354919433594,-20.335851669311523,-21.03368377685547,-21.80381202697754,-22.648157119750977,-23.04810905456543,-22.841657638549805,-22.76875877380371,-23.410917282104492,-24.24570083618164,-24.34310531616211
-26.38629722595215,-25.05319595336914,-24.380083084106445,-24.392227172851562,-25.249685287475586,-25.71866798400879,-25.109577178955078,-24.321279525756836,-23.397815704345703,-22.732786178588867,-22.526899337768555,-22.555307388305664,-22.636127471923828,-22.714004516601562,-22.82790184020996,-22.979276657104492,-22.87982940673828,-22.444250106811523,-21.879840850830078,-21.446826934814453,-21.426801681518555,-21.779386520385742,-22.0904598236084,-22.249691009521484,-22.39989471435547,-22.241668701171875,-21.514873504638672,-20.717073440551758,-20.382568359375,-20.356672286987305,-20.36039161682129,-20.628887176513672,-21.476791381835938,-22.518125534057617,-23.24081802368164,-23.626201629638672,-23.937679290771484,-24.246395111083984,-24.359445571899414,-24.290504455566406,-24.506784439086914,-25.24192237854004,-25.823749542236328,-25.52206802368164
-27.31231689453125,-26.123001098632812,-25.916790008544922,-26.063919067382812,-27.04293441772461,-27.806560516357422,-27.13352394104004,-26.37574005126953,-25.65908432006836,-25.202442169189453,-24.93821144104004,-24.4970703125,-23.983922958374023,-23.652881622314453,-23.520965576171875,-23.470317840576172,-23.344533920288086,-23.041393280029297,-22.758203506469727,-22.65908432006836,-22.790287017822266,-23.03499984741211,-23.092931747436523,-22.806583404541016,-22.26795196533203,-21.582258224487305,-20.963045120239258,-20.904197692871094,-21.394872665405273,-21.936168670654297,-22.346799850463867,-22.767240524291992,-23.277076721191406,-23.858943939208984,-24.409698486328125,-24.78308868408203,-24.994386672973633,-25.219970703125,-25.3560791015625,-25.33751678466797,-25.391483306884766,-25.54316520690918,-25.387832641601562,-24.83530616760254
-27.77994155883789,-27.364662170410156,-27.357162475585938,-27.44875144958496,-28.056482315063477,-28.588443756103516,-28.036243438720703,-27.54549789428711,-27.26837730407715,-27.15326499938965,-26.9570369720459,-26.432889938354492,-25.807357788085938,-25.421316146850586,-25.267452239990234,-25.037612915039062,-24.697404861450195,-24.44797134399414,-24.32602310180664,-24.270103454589844,-24.174991607666016,-23.957611083984375,-23.480127334594727,-22.742889404296875,-21.87554931640625,-21.138864517211914,-20.979963302612305,-21.528053283691406,-22.301721572875977,-22.870573043823242,-23.1400089263916,-23.368003845214844,-23.850231170654297,-24.3909969329834,-24.688079833984375,-24.786592483520508,-24.894853591918945,-25.15647315979004,-25.478731155395508,-25.75765037536621,-25.982568740844727,-26.015344619750977,-25.47562599182129,-24.567825317382812
-27.999862670898438,-27.958730697631836,-27.925315856933594,-28.11256217956543,-28.42467498779297,-28.3917293548584,-28.218395233154297,-28.27813148498535,-28.452701568603516,-28.516979217529297,-28.286388397216797,-27.711566925048828,-27.030351638793945,-26.685012817382812,-26.82765007019043,-26.95209312438965,-26.672101974487305,-26.161582946777344,-25.682220458984375,-25.38009262084961,-25.132755279541016,-24.718324661254883,-24.01115608215332,-23.215694427490234,-22.553150177001953,-22.202157974243164,-22.420778274536133,-22.964984893798828,-23.310977935791016,-23.384279251098633,-23.34558868408203,-23.4740047454834,-23.93362808227539,-24.53510284423828,-24.9101619720459,-25.114099502563477,-25.323408126831055,-25.513879776000977,-25.595151901245117,-25.734682083129883,-26.123239517211914,-26.37592315673828,-25.873037338256836,-24.991485595703125
-28.01514434814453,-27.918415069580078,-27.87409210205078,-28.027374267578125,-28.11265754699707,-27.950960159301758,-28.32329750061035,-28.924375534057617,-29.200471878051758,-29.19551658630371,-28.878019332885742,-28.290332794189453,-27.600631713867188,-27.236400604248047,-27.4624080657959,-27.816251754760742,-27.70481300354004,-27.137903213500977,-26.492420196533203,-26.046483993530273,-25.720144271850586,-25.26706886291504,-24.604747772216797,-23.936538696289062,-23.46346092224121,-23.28537940979004,-23.586496353149414,-24.098968505859375,-24.205219268798828,-23.937103271484375,-23.780887603759766,-23.923879623413086,-24.264041900634766,-24.752071380615234,-25.225780487060547,-25.671131134033203,-26.0294189453125,-26.239519119262695,-26.32067108154297,-26.520753860473633,-26.864221572875977,-26.919836044311523,-26.436412811279297,-25.872846603393555
