data/wind_data/wind_23_6.json
{"header": {"parameterUnit": "KT", "parameterCategory": 2, "nx": 256, "ny": 198, "lo1": 44.73521041870117, "la1": -3.236724853515625, "lo2": 111.26478576660156, "la2": 43.468475341796875, "dx": 0.2609002888202667, "dy": -0.23708222806453705, "refTime": "2025-02-19 23:00:00", "forecastTime": 0, "parameterNumber": 2, "parameterNumberName": "eastward_wind"}, "data":
[rows 60 to 79 of 198, columns 45 to 89 of 256]
8.533049583435059,8.266934394836426,8.01606559753418,7.959475994110107,8.165803909301758,8.538724899291992,8.898633003234863,9.086504936218262,9.214080810546875,9.41390323638916,9.614577293395996,9.763483047485352,9.883536338806152,9.873063087463379,9.607420921325684,9.225556373596191,8.94480037689209,8.804481506347656,8.714478492736816,8.70856761932373,8.902565956115723,9.297159194946289,9.69640827178955,9.910910606384277,9.993693351745605,9.991373062133789,9.973520278930664,10.088492393493652,10.295561790466309,10.485430717468262,10.580711364746094,10.59050178527832,10.505132675170898,10.286490440368652,10.064102172851562,9.997215270996094,10.107364654541016,10.317569732666016,10.545700073242188,10.798824310302734,11.023050308227539,11.176865577697754,11.288458824157715,11.375404357910156,11.388731002807617
8.559001922607422,8.484883308410645,8.488779067993164,8.451171875,8.456610679626465,8.613115310668945,8.893476486206055,9.132487297058105,9.291390419006348,9.54897403717041,10.028861045837402,10.51633358001709,10.757570266723633,10.71842098236084,10.472158432006836,10.116640090942383,9.858182907104492,9.803977966308594,9.9098539352417,10.12205982208252,10.421698570251465,10.789834022521973,11.179213523864746,11.464454650878906,11.632399559020996,11.639254570007324,11.563271522521973,11.569984436035156,11.715662002563477,11.837477684020996,11.876062393188477,11.825444221496582,11.721185684204102,11.61204719543457,11.464509010314941,11.404504776000977,11.468301773071289,11.589149475097656,11.661958694458008,11.78138542175293,12.004021644592285,12.316176414489746,12.628446578979492,12.768661499023438,12.671844482421875
9.078939437866211,9.013101577758789,9.163620948791504,9.294281005859375,9.326701164245605,9.40860366821289,9.637903213500977,9.911724090576172,10.063218116760254,10.097012519836426,10.256155967712402,10.780545234680176,11.506742477416992,11.949007034301758,11.819143295288086,11.279386520385742,10.793012619018555,10.640137672424316,10.804281234741211,11.126052856445312,11.509987831115723,11.928627967834473,12.376554489135742,12.792862892150879,13.069820404052734,13.199857711791992,13.283169746398926,13.38460636138916,13.477622985839844,13.521241188049316,13.469255447387695,13.340046882629395,13.187451362609863,13.068873405456543,13.027910232543945,13.011131286621094,13.045180320739746,13.140276908874512,13.18287181854248,13.17706298828125,13.2296781539917,13.477225303649902,13.903788566589355,14.315814018249512,14.460641860961914
10.250971794128418,10.026028633117676,10.052209854125977,10.252902030944824,10.512106895446777,10.782629013061523,11.065808296203613,11.327969551086426,11.490002632141113,11.513406753540039,11.446012496948242,11.487580299377441,11.92893123626709,12.780569076538086,13.579133987426758,13.697318077087402,13.080236434936523,12.34166145324707,12.024662017822266,12.1336088180542,12.453190803527832,12.828782081604004,13.2685546875,13.771567344665527,14.22651195526123,14.538846015930176,14.737065315246582,14.96152400970459,15.23473834991455,15.437406539916992,15.443615913391113,15.261427879333496,15.009681701660156,14.771313667297363,14.637401580810547,14.583669662475586,14.59875774383545,14.691604614257812,14.81765079498291,14.909783363342285,15.00606632232666,15.16037368774414,15.371973037719727,15.630664825439453,15.913948059082031
11.761368751525879,11.393893241882324,11.278566360473633,11.429317474365234,11.749688148498535,12.170634269714355,12.663094520568848,13.135960578918457,13.432384490966797,13.492212295532227,13.393169403076172,13.244781494140625,13.199573516845703,13.490840911865234,14.210482597351074,15.075620651245117,15.564661026000977,15.381386756896973,14.780868530273438,14.297685623168945,14.174600601196289,14.313620567321777,14.583186149597168,14.935791015625,15.376298904418945,15.822582244873047,16.126201629638672,16.28049659729004,16.432344436645508,16.73291778564453,17.115201950073242,17.314590454101562,17.20629119873047,16.9314022064209,16.687915802001953,16.525222778320312,16.426576614379883,16.416303634643555,16.540447235107422,16.757917404174805,17.027894973754883,17.298463821411133,17.496437072753906,17.584810256958008,17.64512825012207
13.618093490600586,13.259105682373047,13.050504684448242,13.142412185668945,13.4937105178833,13.905906677246094,14.255372047424316,14.582270622253418,14.936162948608398,15.232598304748535,15.328447341918945,15.173394203186035,14.908552169799805,14.770777702331543,14.939976692199707,15.430022239685059,16.080528259277344,16.618032455444336,16.822538375854492,16.699779510498047,16.476062774658203,16.38338279724121,16.493690490722656,16.694053649902344,16.910737991333008,17.16160774230957,17.42473793029785,17.611940383911133,17.661685943603516,17.682958602905273,17.876354217529297,18.2850284576416,18.677640914916992,18.820735931396484,18.700136184692383,18.50106430053711,18.367525100708008,18.343704223632812,18.45853614807129,18.692569732666016,18.99489974975586,19.282163619995117,19.515031814575195,19.681299209594727,19.787012100219727
15.955965995788574,15.532094955444336,15.088706016540527,14.872514724731445,14.971175193786621,15.277918815612793,15.593729972839355,15.803675651550293,15.932339668273926,16.061141967773438,16.23100471496582,16.360944747924805,16.285106658935547,15.99818229675293,15.760952949523926,15.8489408493042,16.27034568786621,16.79142951965332,17.211688995361328,17.471054077148438,17.611507415771484,17.70928382873535,17.843809127807617,18.059356689453125,18.309057235717773,18.54734230041504,18.75345230102539,18.933443069458008,19.04962158203125,19.022911071777344,18.90443992614746,18.880998611450195,19.090604782104492,19.470998764038086,19.748004913330078,19.79477882385254,19.739608764648438,19.789823532104492,20.042383193969727,20.390336990356445,20.692626953125,20.860218048095703,20.908071517944336,20.929588317871094,21.021808624267578
17.60239601135254,17.179399490356445,16.6918888092041,16.328205108642578,16.16672134399414,16.178213119506836,16.293285369873047,16.455032348632812,16.647708892822266,16.863265991210938,17.06490707397461,17.225587844848633,17.33122444152832,17.298444747924805,17.062358856201172,16.771528244018555,16.718647003173828,17.028825759887695,17.561800003051758,18.084299087524414,18.477394104003906,18.7537841796875,18.960058212280273,19.139938354492188,19.32178497314453,19.545488357543945,19.816930770874023,20.13129234313965,20.433671951293945,20.632530212402344,20.61553955078125,20.40472412109375,20.20730972290039,20.249229431152344,20.544010162353516,20.860706329345703,21.01014518737793,21.066377639770508,21.249603271484375,21.634275436401367,22.061485290527344,22.30051040649414,22.253990173339844,22.01174545288086,21.78680992126465
18.526987075805664,18.36900520324707,18.17816925048828,18.04080581665039,17.92880630493164,17.755891799926758,17.533451080322266,17.404191970825195,17.491819381713867,17.797290802001953,18.219552993774414,18.60074234008789,18.82050323486328,18.882230758666992,18.851167678833008,18.709487915039062,18.448017120361328,18.190711975097656,18.141000747680664,18.40557861328125,18.932912826538086,19.581724166870117,20.166351318359375,20.568315505981445,20.7684326171875,20.873849868774414,21.013832092285156,21.229541778564453,21.47536277770996,21.703386306762695,21.885757446289062,21.986759185791016,21.983076095581055,21.9483642578125,22.05483055114746,22.351268768310547,22.704288482666016,22.9460391998291,23.062530517578125,23.195850372314453,23.453052520751953,23.759098052978516,23.91715431213379,23.81624984741211,23.536039352416992
20.037944793701172,20.068580627441406,20.043493270874023,19.93794822692871,19.775205612182617,19.60288429260254,19.40903663635254,19.171871185302734,18.995649337768555,19.049760818481445,19.385780334472656,19.871376037597656,20.29271697998047,20.49676513671875,20.49354362487793,20.413223266601562,20.343006134033203,20.225370407104492,20.017728805541992,19.801965713500977,19.744720458984375,19.961416244506836,20.43553352355957,21.061124801635742,21.680309295654297,22.195619583129883,22.595890045166016,22.897985458374023,23.096494674682617,23.17374610900879,23.17411231994629,23.192852020263672,23.33217430114746,23.62714958190918,24.02667808532715,24.478437423706055,24.90864372253418,25.24935531616211,25.44650650024414,25.518693923950195,25.561878204345703,25.678123474121094,25.852264404296875,25.960649490356445,25.920244216918945
22.30748176574707,22.35089683532715,22.236988067626953,21.988449096679688,21.682165145874023,21.380056381225586,21.177732467651367,21.135223388671875,21.175168991088867,21.192934036254883,21.226638793945312,21.365922927856445,21.613859176635742,21.873701095581055,22.016244888305664,21.989290237426758,21.85427474975586,21.726022720336914,21.684919357299805,21.703432083129883,21.724374771118164,21.734174728393555,21.795236587524414,21.972171783447266,22.276987075805664,22.706457138061523,23.252891540527344,23.887941360473633,24.530654907226562,25.040943145751953,25.309701919555664,25.339269638061523,25.279218673706055,25.326383590698242,25.598495483398438,26.104999542236328,26.760868072509766,27.424800872802734,27.939735412597656,28.207353591918945,28.25115394592285,28.21526336669922,28.250259399414062,28.385934829711914,28.532752990722656
24.412353515625,24.407337188720703,24.233654022216797,23.953432083129883,23.673845291137695,23.482913970947266,23.40729522705078,23.434900283813477,23.53090476989746,23.64913558959961,23.74234962463379,23.771390914916992,23.74264144897461,23.717609405517578,23.718503952026367,23.720836639404297,23.677993774414062,23.564504623413086,23.4180908203125,23.328231811523438,23.370588302612305,23.537046432495117,23.754880905151367,23.947498321533203,24.076004028320312,24.187219619750977,24.376789093017578,24.753482818603516,25.357465744018555,26.10789680480957,26.84343910217285,27.41090202331543,27.745121002197266,27.89209747314453,27.953712463378906,28.066059112548828,28.35490608215332,28.84384536743164,29.439809799194336,29.99537467956543,30.386268615722656,30.603443145751953,30.733983993530273,30.885629653930664,31.086122512817383
26.073034286499023,26.099716186523438,26.034509658813477,25.912477493286133,25.7813777923584,25.69060516357422,25.674047470092773,25.73689842224121,25.826065063476562,25.866518020629883,25.84254264831543,25.822317123413086,25.862430572509766,25.92301368713379,25.921422958374023,25.8375186920166,25.71208953857422,25.57124900817871,25.44655418395996,25.372711181640625,25.372962951660156,25.45047378540039,25.598648071289062,25.76796531677246,25.897502899169922,25.985666275024414,26.09804916381836,26.3223934173584,26.732677459716797,27.356908798217773,28.131317138671875,28.905441284179688,29.551959991455078,30.027523040771484,30.344942092895508,30.54240608215332,30.683677673339844,30.850427627563477,31.093677520751953,31.39328956604004,31.699865341186523,31.99566078186035,32.30345916748047,32.65378952026367,33.03803253173828
28.193254470825195,28.04326629638672,27.875608444213867,27.73278045654297,27.665977478027344,27.705585479736328,27.853404998779297,28.05790138244629,28.211257934570312,28.198911666870117,27.987655639648438,27.687721252441406,27.485750198364258,27.47516441345215,27.589296340942383,27.69677734375,27.718313217163086,27.652048110961914,27.532947540283203,27.39910125732422,27.306489944458008,27.309459686279297,27.405750274658203,27.535812377929688,27.649301528930664,27.74806022644043,27.856937408447266,28.011459350585938,28.283124923706055,28.76825714111328,29.48051643371582,30.30742835998535,31.106782913208008,31.787992477416992,32.3108024597168,32.662662506103516,32.86669921875,33.000579833984375,33.15218734741211,33.332279205322266,33.492156982421875,33.626991271972656,33.80546188354492,34.09307861328125,34.4844856262207
30.350248336791992,30.094369888305664,29.9135799407959,29.775882720947266,29.696460723876953,29.71808433532715,29.85959815979004,30.08034324645996,30.287036895751953,30.377187728881836,30.282024383544922,30.008146286010742,29.65140151977539,29.366296768188477,29.259504318237305,29.311655044555664,29.404151916503906,29.431148529052734,29.36693000793457,29.253324508666992,29.160120010375977,29.127243041992188,29.150672912597656,29.193838119506836,29.223039627075195,29.256235122680664,29.36502456665039,29.6151123046875,30.027490615844727,30.580707550048828,31.23563575744629,31.923355102539062,32.559505462646484,33.08663558959961,33.5070686340332,33.88357925415039,34.27470779418945,34.67970275878906,35.04241180419922,35.310611724853516,35.49683380126953,35.67361831665039,35.914100646972656,36.23454666137695,36.58744430541992
32.4631462097168,32.24641418457031,32.00596237182617,31.760133743286133,31.573938369750977,31.532562255859375,31.674999237060547,31.92897605895996,32.16577911376953,32.27659225463867,32.23169708251953,32.06982421875,31.85554313659668,31.6389217376709,31.45452880859375,31.323776245117188,31.239355087280273,31.16184425354004,31.04187774658203,30.87702178955078,30.744543075561523,30.717103958129883,30.77256202697754,30.821033477783203,30.825849533081055,30.846134185791016,30.979400634765625,31.27014923095703,31.70543098449707,32.27151107788086,32.957088470458984,33.72908401489258,34.49561309814453,35.12716293334961,35.51318359375,35.66331100463867,35.720088958740234,35.87984085083008,36.22783660888672,36.69438171386719,37.161964416503906,37.590206146240234,38.020111083984375,38.49673080444336,38.9837646484375
33.960166931152344,34.13216018676758,34.176963806152344,34.08546447753906,33.9234619140625,33.80521774291992,33.833641052246094,34.00714874267578,34.201438903808594,34.285579681396484,34.22431945800781,34.06507110595703,33.89079666137695,33.767215728759766,33.69548797607422,33.62086486816406,33.487144470214844,33.287559509277344,33.048641204833984,32.81324768066406,32.613094329833984,32.47666549682617,32.41530227661133,32.42649459838867,32.489280700683594,32.57756423950195,32.70825958251953,32.951358795166016,33.38752746582031,34.02724075317383,34.79233932495117,35.57257843017578,36.2864990234375,36.88669967651367,37.335670471191406,37.6256103515625,37.822509765625,38.02515411376953,38.3046760559082,38.664588928222656,39.0533447265625,39.42985534667969,39.801639556884766,40.21177291870117,40.687801361083984
35.3608283996582,35.66659927368164,35.96440124511719,36.214439392089844,36.40494918823242,36.53190612792969,36.59011459350586,36.618656158447266,36.618431091308594,36.54906463623047,36.397953033447266,36.215030670166016,36.05079650878906,35.92771530151367,35.83219909667969,35.734493255615234,35.614742279052734,35.463069915771484,35.28000259399414,35.08702850341797,34.91984939575195,34.79869842529297,34.71358871459961,34.656517028808594,34.63427734375,34.66231918334961,34.757076263427734,34.921897888183594,35.17971420288086,35.5989875793457,36.242332458496094,37.09291458129883,38.00225830078125,38.77605438232422,39.28986740112305,39.580467224121094,39.793739318847656,40.05052947998047,40.39241027832031,40.80548095703125,41.253929138183594,41.69850540161133,42.09262466430664,42.3931999206543,42.586605072021484
37.51119613647461,37.615928649902344,37.77584457397461,38.02482604980469,38.38726806640625,38.805580139160156,39.15687561035156,39.32455825805664,39.2584114074707,38.98455047607422,38.60762023925781,38.26926040649414,38.06071090698242,37.97846984863281,37.93877410888672,37.86375427246094,37.73700714111328,37.571556091308594,37.39208984375,37.22975540161133,37.1138916015625,37.053436279296875,37.03012466430664,37.02080154418945,37.02532196044922,37.05024719238281,37.1122932434082,37.228023529052734,37.40077209472656,37.63893127441406,37.9880485534668,38.50270080566406,39.17325973510742,39.91877746582031,40.638526916503906,41.27155685424805,41.80335235595703,42.249183654785156,42.65862274169922,43.09928894042969,43.59158706665039,44.08376693725586,44.48774719238281,44.757347106933594,44.88715744018555
40.70241928100586,40.57014465332031,40.419559478759766,40.329444885253906,40.432674407958984,40.76483917236328,41.21186447143555,41.57716751098633,41.70555114746094,41.56166458129883,41.21448516845703,40.783180236816406,40.405704498291016,40.17723846435547,40.093788146972656,40.08176803588867,40.054405212402344,39.952945709228516,39.76792907714844,39.53633117675781,39.33045196533203,39.21248245239258,39.197227478027344,39.24711990356445,39.300716400146484,39.32642364501953,39.34414291381836,39.39967727661133,39.518192291259766,39.69458770751953,39.93120574951172,40.24846267700195,40.66120910644531,41.159488677978516,41.72734069824219,42.361141204833984,43.04744338989258,43.75408935546875,44.46586990356445,45.179630279541016,45.86509323120117,46.45452880859375,46.870994567871094,47.07590866088867,47.11213302612305
