data/wind_data/wind_44_8.json
{"header": {"parameterUnit": "KT", "parameterCategory": 2, "nx": 256, "ny": 198, "lo1": 44.73521041870117, "la1": -3.236724853515625, "lo2": 111.26478576660156, "la2": 43.468475341796875, "dx": 0.2609002888202667, "dy": -0.23708222806453705, "refTime": "2025-02-20 20:00:00", "forecastTime": 0, "parameterNumber": 2, "parameterNumberName": "eastward_wind"}, "data":
[rows 152 to 170 of 198, columns 44 to 87 of 256]
47.77415466308594,47.33071517944336,46.37479782104492,44.39982604980469,42.64563751220703,42.22835159301758,42.464290618896484,42.81818771362305,43.37709045410156,43.6122932434082,43.01350784301758,42.07411575317383,41.33793258666992,40.94414520263672,40.90034866333008,40.71623992919922,39.64706039428711,37.11872482299805,33.48806381225586,30.54063606262207,29.70352554321289,30.597354888916016,31.907987594604492,32.86451721191406,33.659542083740234,34.41814422607422,34.400779724121094,33.411556243896484,32.69255447387695,33.351951599121094,34.85947036743164,35.81925964355469,36.06595230102539,36.66809844970703,38.15243148803711,39.72312545776367,40.515438079833984,40.46696853637695,39.682373046875,38.41304016113281,37.83899688720703,39.18059539794922,41.55624771118164,43.06268310546875
49.75691604614258,49.62247085571289,47.928932189941406,44.9978141784668,42.790470123291016,42.12223434448242,42.02705001831055,42.11693572998047,42.42897415161133,42.670066833496094,42.73580551147461,42.53326416015625,41.90489959716797,41.246456146240234,41.16146469116211,41.417659759521484,40.79898452758789,38.40056228637695,34.8200569152832,31.733179092407227,30.34585952758789,30.448776245117188,31.3774356842041,32.44442367553711,33.48948287963867,34.37646484375,34.53999710083008,33.95536422729492,33.67237854003906,34.310001373291016,35.396663665771484,35.96215057373047,35.97859573364258,36.33024215698242,37.59539031982422,39.11724853515625,39.85362243652344,39.50502014160156,38.63044738769531,38.01915740966797,38.428611755371094,39.95607376098633,41.541748046875,41.90162658691406
51.02543640136719,51.313438415527344,49.52104949951172,45.98021697998047,42.82913589477539,41.25857925415039,40.94805908203125,41.330841064453125,41.847660064697266,42.23399353027344,42.447776794433594,42.16236114501953,41.306556701660156,40.67514419555664,40.9703369140625,41.59368896484375,41.26607131958008,39.39289855957031,36.517208099365234,33.762718200683594,31.991979598999023,31.269689559936523,31.43556022644043,32.18619155883789,33.273956298828125,34.34444046020508,34.93129348754883,34.915225982666016,34.821495056152344,34.93726348876953,35.060909271240234,35.2753791809082,35.90359115600586,36.91497802734375,38.09650802612305,38.88972854614258,38.79037094116211,38.09506607055664,37.826175689697266,38.550724029541016,39.787269592285156,40.7814826965332,41.44709396362305,41.4392204284668
51.47812271118164,51.9017219543457,50.31907272338867,46.53206253051758,42.53593826293945,40.24382781982422,39.79812240600586,40.259517669677734,40.75044250488281,41.10291290283203,41.363059997558594,41.241214752197266,40.703189849853516,40.580997467041016,41.25983810424805,41.99496078491211,41.76315689086914,40.18798828125,37.79574203491211,35.53116989135742,33.82612991333008,32.6340217590332,32.097816467285156,32.42860412597656,33.443031311035156,34.63515090942383,35.4900016784668,35.690948486328125,35.32281494140625,34.909278869628906,34.95070266723633,35.512245178222656,36.464027404785156,37.60663986206055,38.46218490600586,38.42570114135742,37.84196090698242,37.656394958496094,38.49266815185547,40.05799102783203,41.305240631103516,41.684574127197266,41.770198822021484,41.69929504394531
51.000999450683594,51.10280227661133,49.5305061340332,46.14345169067383,42.42503356933594,39.93010330200195,38.74563980102539,38.26799392700195,38.369239807128906,39.18052291870117,40.28435516357422,40.9793815612793,41.277618408203125,41.666236877441406,42.268924713134766,42.5517463684082,41.92495346069336,40.35527801513672,38.60240936279297,37.26289749145508,36.03290557861328,34.58835220336914,33.369632720947266,33.156368255615234,33.938514709472656,34.996917724609375,35.65262985229492,35.594146728515625,35.24021911621094,35.36903381347656,36.06122589111328,36.87371063232422,37.532127380371094,37.91276931762695,37.878517150878906,37.76142883300781,38.103515625,39.20166778564453,40.64955139160156,41.8903923034668,42.537715911865234,42.49678421020508,41.919517517089844,41.21728515625
49.11929702758789,48.90303039550781,47.43320846557617,45.02228546142578,42.45146560668945,40.04010772705078,37.76756286621094,36.18685531616211,36.23796081542969,37.96671676635742,40.20465850830078,41.78677749633789,42.48809051513672,42.71464920043945,42.88096237182617,42.886253356933594,41.975067138671875,40.53667068481445,39.88681411743164,39.68687438964844,38.520565032958984,36.27742385864258,34.283470153808594,33.769386291503906,34.361270904541016,35.052364349365234,35.3362922668457,35.42213821411133,35.91923522949219,36.94475173950195,37.75051498413086,37.7396354675293,37.267581939697266,37.088138580322266,37.58987808227539,38.447265625,39.589359283447266,41.160762786865234,42.56513214111328,43.27323913574219,43.415435791015625,42.98503112792969,41.86588668823242,40.394859313964844
46.042606353759766,45.95018768310547,45.357948303222656,44.273685455322266,42.669715881347656,40.347137451171875,37.654964447021484,35.9847526550293,36.45022201538086,38.61341094970703,41.01213073730469,42.4895133972168,42.75278854370117,42.70199203491211,43.177879333496094,43.14298629760742,41.931907653808594,41.11503601074219,41.45310974121094,41.36994171142578,39.891048431396484,37.498695373535156,35.4549446105957,34.605186462402344,34.57692337036133,34.86869812011719,35.4085578918457,36.31100845336914,37.49537658691406,38.334468841552734,38.15716552734375,37.20887756347656,36.75777816772461,37.35606384277344,38.29364013671875,39.21963119506836,40.579986572265625,42.44783020019531,43.920589447021484,44.18128967285156,43.62245559692383,43.026432037353516,42.35951614379883,40.896484375
43.87481689453125,44.17918014526367,44.48247528076172,44.053001403808594,42.69947814941406,40.600460052490234,38.45656204223633,37.57341766357422,38.38399124145508,39.93220901489258,41.09429931640625,41.44565963745117,41.78792953491211,42.94087219238281,43.629241943359375,42.831844329833984,41.82498550415039,42.08143997192383,42.74424743652344,42.030208587646484,39.81606674194336,37.44712448120117,36.23768997192383,36.10061264038086,36.21255111694336,36.45725631713867,37.0587272644043,37.94453430175781,38.69518280029297,38.76740646362305,38.087242126464844,37.44159698486328,37.57603454589844,38.18423843383789,38.7297248840332,39.65591812133789,41.585113525390625,43.73293685913086,44.7834587097168,44.36531448364258,43.46635437011719,43.18653869628906,43.25088119506836,42.088836669921875
43.74040222167969,43.96133041381836,44.24951934814453,43.87052536010742,42.593902587890625,40.75819778442383,39.4186897277832,39.53989791870117,40.41514205932617,40.333213806152344,39.41029357910156,39.3472785949707,41.212547302246094,43.415618896484375,43.781089782714844,42.887779235839844,42.66143798828125,43.22665023803711,43.28452682495117,41.6701774597168,38.98137664794922,37.08247756958008,36.9549674987793,37.56291961669922,38.00435256958008,38.264041900634766,38.74932861328125,39.39298629760742,39.60003662109375,39.246219635009766,38.955589294433594,39.20166015625,39.55709457397461,39.54867172241211,39.68294906616211,40.793785095214844,42.766265869140625,44.36737060546875,44.76753234863281,44.24039077758789,43.679405212402344,43.59637451171875,43.50315856933594,42.11273193359375
44.589786529541016,44.40800476074219,44.23027420043945,43.76861572265625,42.62269973754883,41.0907096862793,40.439674377441406,40.9133186340332,40.80318832397461,39.22041702270508,38.0318489074707,38.981143951416016,41.37989807128906,43.52401351928711,44.31731414794922,44.064491271972656,43.84703063964844,43.809913635253906,42.87440490722656,40.69715881347656,38.62474060058594,38.067420959472656,38.48933792114258,38.768245697021484,38.72108840942383,38.709571838378906,39.11088180541992,39.69287109375,40.02976608276367,40.234283447265625,40.703208923339844,41.364864349365234,41.61057662963867,41.421573638916016,41.50783157348633,42.43456268310547,43.708133697509766,44.61818313598633,44.80609130859375,44.48138427734375,44.064937591552734,43.647769927978516,42.96860885620117,41.53939437866211
45.04390335083008,44.95283889770508,44.58866500854492,43.95222854614258,42.87059020996094,41.77090072631836,41.38618850708008,41.299400329589844,40.194244384765625,38.546470642089844,38.42410659790039,40.153568267822266,42.43638229370117,44.19813537597656,44.79050064086914,44.48247528076172,44.02019119262695,43.380279541015625,42.04995346069336,40.48870086669922,39.69785690307617,39.786720275878906,39.861942291259766,39.46502685546875,38.924991607666016,38.73579406738281,39.10451889038086,39.82211685180664,40.52879333496094,41.21001052856445,41.97712326049805,42.71372604370117,43.04495620727539,43.19886016845703,43.5107421875,43.929656982421875,44.35877227783203,44.624267578125,44.61371994018555,44.48957824707031,44.2933464050293,43.78042984008789,42.78047561645508,41.362064361572266
44.540794372558594,45.04492950439453,45.01946258544922,44.29985046386719,43.139217376708984,42.20236587524414,41.66891098022461,41.005008697509766,39.99070358276367,39.399261474609375,39.97251510620117,41.6254997253418,43.47040939331055,44.862728118896484,45.17736053466797,44.26578140258789,43.078147888183594,42.317405700683594,41.76872634887695,41.24015808105469,40.928680419921875,40.70801544189453,40.33005142211914,39.786502838134766,39.2185173034668,38.99729537963867,39.376129150390625,40.14377212524414,40.848297119140625,41.424705505371094,42.1834716796875,43.17090606689453,44.21462631225586,44.95768737792969,44.96916580200195,44.423580169677734,44.004150390625,44.00923538208008,44.34445571899414,44.78794479370117,44.893760681152344,44.17329788208008,42.79030227661133,41.41033172607422
43.20831298828125,44.43254089355469,44.844970703125,44.24298858642578,43.16530990600586,42.306922912597656,41.606346130371094,40.87246322631836,40.3757209777832,40.493961334228516,41.28174591064453,42.3073616027832,43.791786193847656,45.2296028137207,45.25469207763672,43.614532470703125,42.218196868896484,42.1008186340332,42.471126556396484,42.2230339050293,41.36388397216797,40.58420944213867,40.16969299316406,39.787933349609375,39.26866912841797,39.03416061401367,39.44900894165039,40.13007354736328,40.71320724487305,41.444068908691406,42.67390060424805,44.233184814453125,45.5517578125,45.893760681152344,44.98543930053711,43.74543762207031,43.324317932128906,43.84245681762695,44.73392105102539,45.40160369873047,45.30487060546875,44.2038688659668,42.71706771850586,41.66746139526367
41.76502990722656,43.333553314208984,43.89537048339844,43.60707092285156,43.11735153198242,42.796993255615234,42.33198547363281,41.483882904052734,40.72761917114258,40.98082733154297,41.97968292236328,43.0211067199707,44.2142333984375,45.129539489746094,44.488887786865234,43.088619232177734,42.641117095947266,43.271427154541016,43.73303985595703,42.912750244140625,41.33345413208008,40.35338592529297,40.13080978393555,39.781837463378906,39.14765930175781,38.90464782714844,39.42195510864258,40.30386734008789,41.25037384033203,42.45774841308594,43.96112823486328,45.38553237915039,46.07508850097656,45.56342697143555,44.284950256347656,43.260841369628906,43.20667266845703,43.976322174072266,45.008907318115234,45.65879440307617,45.3851203918457,44.26105499267578,42.9553108215332,42.01735305786133
40.66748809814453,42.29911804199219,42.838905334472656,42.88673400878906,43.17646408081055,43.706573486328125,43.57756805419922,42.31684112548828,41.35752868652344,42.00472640991211,43.21110534667969,43.74277114868164,44.09404373168945,44.31119155883789,43.75478744506836,43.14579391479492,43.35334014892578,44.119781494140625,44.32746887207031,43.23298263549805,41.512577056884766,40.554901123046875,40.47868728637695,40.27097702026367,39.67270278930664,39.49427795410156,40.31686782836914,41.675811767578125,42.92152786254883,43.98912048339844,44.91240310668945,45.44073486328125,45.32054138183594,44.61833190917969,43.703128814697266,43.118350982666016,43.25616455078125,44.03725051879883,44.984413146972656,45.49460220336914,45.25672912597656,44.43734359741211,43.27109146118164,42.018184661865234
39.742919921875,41.50556945800781,42.226348876953125,42.670040130615234,43.52635955810547,44.337825775146484,44.03993606567383,43.070377349853516,43.004215240478516,43.82648849487305,43.90732955932617,43.3095703125,43.60401153564453,44.22488021850586,43.838111877441406,43.14176559448242,43.19390106201172,43.70914840698242,43.75313186645508,42.948265075683594,41.81138229370117,41.221893310546875,41.31343460083008,41.397926330566406,41.15973663330078,41.26890563964844,42.29346466064453,43.70975112915039,44.71514892578125,45.113895416259766,45.070526123046875,44.80501174926758,44.435550689697266,43.90975570678711,43.27825164794922,42.967529296875,43.30808639526367,44.05298614501953,44.743953704833984,45.08572006225586,44.99482727050781,44.41379928588867,43.159183502197266,41.5551643371582
38.69113540649414,40.75442886352539,41.98380661010742,42.91366958618164,43.80498504638672,44.04359817504883,43.81264877319336,44.02313995361328,44.64848709106445,44.42704772949219,43.291587829589844,43.03832244873047,44.230934143066406,44.95551681518555,44.13142776489258,43.005645751953125,42.62376403808594,42.620880126953125,42.4788703918457,42.213314056396484,41.94760513305664,41.80791473388672,41.987037658691406,42.447505950927734,43.04845428466797,43.81584167480469,44.72186279296875,45.48841857910156,45.81051254272461,45.54401779174805,44.95975112915039,44.455142974853516,44.02950668334961,43.456275939941406,42.906070709228516,42.854068756103516,43.315792083740234,43.855167388916016,44.32072067260742,44.70973205566406,44.73684310913086,44.021522521972656,42.53436279296875,41.009952545166016
37.71592712402344,39.960933685302734,41.73809051513672,43.09968566894531,43.62907028198242,43.494415283203125,43.854042053222656,44.692264556884766,44.682247161865234,43.76639938354492,43.36174774169922,44.09388732910156,45.131832122802734,45.21532440185547,44.39134979248047,43.50947952270508,42.75212097167969,42.01185989379883,41.59965896606445,41.68073654174805,41.901546478271484,42.01405334472656,42.30875778198242,43.27098083496094,44.847110748291016,46.201622009277344,46.716270446777344,46.65195083618164,46.34276580810547,45.728755950927734,44.97451400756836,44.300498962402344,43.62346649169922,42.96212387084961,42.64244079589844,42.8255500793457,43.2097282409668,43.59017562866211,44.08584976196289,44.588314056396484,44.446475982666016,43.28962707519531,41.70574188232422,40.73340606689453
37.27482223510742,39.39293670654297,41.53173065185547,43.13437271118164,43.566734313964844,43.628196716308594,44.18095016479492,44.41767501831055,43.92279815673828,43.838809967041016,44.541114807128906,45.07048797607422,44.987571716308594,44.87141418457031,45.00221252441406,44.81980514526367,43.779659271240234,42.446922302246094,41.778316497802734,41.908817291259766,42.27970504760742,42.48127365112305,42.9504508972168,44.373443603515625,46.431732177734375,47.86616134643555,48.16785430908203,47.664527893066406,46.81166458129883,45.91316223144531,45.081016540527344,44.188236236572266,43.23280715942383,42.64228439331055,42.67588424682617,42.9536247253418,43.16212844848633,43.54430389404297,44.145179748535156,44.48314666748047,43.885292053222656,42.3752326965332,41.0380859375,40.80074691772461
