data/wind_data/wind_Surface_17.json
{"header": {"parameterUnit": "KT", "parameterCategory": 2, "nx": 255, "ny": 198, "lo1": 44.73521041870117, "la1": -3.236724853515625, "lo2": 111.26478576660156, "la2": 43.468475341796875, "dx": 0.26192745566368103, "dy": -0.23708222806453705, "refTime": "2025-02-19 17:00:00", "forecastTime": 0, "parameterNumber": 3, "parameterNumberName": "northward_wind"}, "data":
[rows 114 to 132 of 198, columns 43 to 85 of 255]
-0.22535985708236694,-1.5717720985412598,1.505545973777771,1.3847771883010864,-0.40626847743988037,-3.3816444873809814,-5.0207905769348145,-5.90065860748291,-6.227639675140381,-6.328052520751953,-6.875991344451904,-8.733532905578613,-8.984929084777832,-7.9354376792907715,-8.149001121520996,-8.885204315185547,-9.213374137878418,-9.886070251464844,-9.657753944396973,-8.00932788848877,-6.535796165466309,-5.152174472808838,-4.055118083953857,-2.5495381355285645,-0.6041243672370911,-0.20210815966129303,-1.8635449409484863,-4.423557758331299,-6.748951435089111,-7.983019828796387,-9.214005470275879,-9.338663101196289,-7.7248029708862305,-5.54385232925415,-4.06890869140625,-3.258700132369995,-3.576953887939453,-4.403883934020996,-4.167897701263428,-2.9110231399536133,-0.38500839471817017,0.2925935983657837,0.9152442812919617
1.757411241531372,1.990753173828125,1.691247582435608,0.9968594908714294,-1.1493701934814453,-5.060701370239258,-5.640347480773926,-5.520754814147949,-5.99326753616333,-7.911590576171875,-10.249759674072266,-11.476885795593262,-10.736396789550781,-10.08703899383545,-9.790997505187988,-9.846925735473633,-10.340347290039062,-10.969952583312988,-11.736401557922363,-11.982781410217285,-11.544878959655762,-9.940071105957031,-8.467704772949219,-7.430681228637695,-7.37187385559082,-7.980787754058838,-8.905092239379883,-9.416925430297852,-10.404884338378906,-10.888705253601074,-10.586384773254395,-10.1736478805542,-9.51520824432373,-8.364958763122559,-7.128538608551025,-5.797750473022461,-3.822094678878784,-2.5639050006866455,-1.9231042861938477,-1.9263378381729126,-1.5288958549499512,0.2745392322540283,1.9456226825714111
2.3781075477600098,3.58829927444458,1.5883859395980835,-0.6476337909698486,-2.848254680633545,-4.798879623413086,-3.7818644046783447,-5.845327854156494,-8.224479675292969,-11.348583221435547,-12.629621505737305,-12.452112197875977,-12.389830589294434,-13.013161659240723,-13.396831512451172,-13.246675491333008,-13.218352317810059,-12.625992774963379,-11.976272583007812,-11.491399765014648,-11.132328987121582,-10.85421085357666,-10.253244400024414,-11.021424293518066,-11.586783409118652,-12.022838592529297,-12.537424087524414,-13.3165922164917,-14.391672134399414,-14.410441398620605,-13.325643539428711,-12.936431884765625,-14.244267463684082,-15.399371147155762,-14.249920845031738,-11.133135795593262,-7.349201679229736,-5.560840606689453,-5.3692731857299805,-3.5280861854553223,-3.946157455444336,-2.5636773109436035,0.7668607234954834
1.7442693710327148,2.783827543258667,1.2354127168655396,-1.6389449834823608,-4.104794502258301,-3.3643431663513184,-1.7145881652832031,-6.22954797744751,-11.272144317626953,-12.132718086242676,-13.418997764587402,-13.667820930480957,-13.79098129272461,-14.126861572265625,-13.911698341369629,-13.179939270019531,-12.717081069946289,-11.924647331237793,-10.772500038146973,-9.99860668182373,-9.4137601852417,-9.106435775756836,-9.234869003295898,-10.640093803405762,-10.886517524719238,-12.190781593322754,-14.153782844543457,-15.688976287841797,-16.154996871948242,-15.297741889953613,-14.320899963378906,-15.078396797180176,-16.743616104125977,-16.837108612060547,-15.600016593933105,-14.703031539916992,-13.46010684967041,-12.832849502563477,-14.604074478149414,-12.478278160095215,-11.149284362792969,-10.261625289916992,-7.248658657073975
0.2514200806617737,-0.005068585276603699,-0.7767429351806641,-3.421144962310791,-4.296875476837158,-0.4787520170211792,0.0641820952296257,-5.529365062713623,-9.873422622680664,-9.790826797485352,-10.543477058410645,-10.39846420288086,-9.602702140808105,-9.437540054321289,-9.126501083374023,-8.412836074829102,-7.850460052490234,-7.681026458740234,-7.381493091583252,-7.154811382293701,-7.338542461395264,-7.5381927490234375,-8.36052131652832,-8.948091506958008,-12.651297569274902,-14.777512550354004,-15.995863914489746,-16.10586166381836,-15.789770126342773,-14.976486206054688,-15.19139289855957,-16.336389541625977,-16.393600463867188,-15.15567398071289,-14.843196868896484,-14.885127067565918,-14.854901313781738,-15.071709632873535,-15.85283088684082,-14.797393798828125,-13.393866539001465,-12.008322715759277,-11.798247337341309
-1.8692450523376465,-1.9382542371749878,-2.5552353858947754,-5.115603923797607,-3.862618923187256,0.8590128421783447,0.15888091921806335,-2.794135332107544,-3.4837257862091064,-3.711573839187622,-4.278858184814453,-4.875326156616211,-4.862436294555664,-5.269549369812012,-5.609264373779297,-5.845131874084473,-5.059441566467285,-3.896669626235962,-2.030287265777588,-2.4048683643341064,-4.6921000480651855,-6.009280204772949,-6.6360673904418945,-7.817742347717285,-13.028884887695312,-14.541206359863281,-15.577277183532715,-15.371870040893555,-14.39769458770752,-13.957807540893555,-14.767662048339844,-15.244752883911133,-14.873682022094727,-14.887343406677246,-15.350058555603027,-15.11880111694336,-14.88373851776123,-13.009786605834961,-11.468039512634277,-10.856619834899902,-10.624933242797852,-9.707009315490723,-9.57178020477295
-4.041726112365723,-4.079248905181885,-4.903487682342529,-3.1500844955444336,-2.717163562774658,-2.0789239406585693,-0.7555052042007446,1.3061822652816772,2.6802875995635986,2.185615301132202,-0.6940323710441589,-2.9186127185821533,-4.636155128479004,-4.722128391265869,-5.460075378417969,-6.268877983093262,-6.421632766723633,-5.059051036834717,-1.8983962535858154,-1.5001060962677002,-3.4368698596954346,-4.663976192474365,-4.554836750030518,-8.099506378173828,-11.367352485656738,-13.217650413513184,-13.953086853027344,-13.701273918151855,-12.455084800720215,-11.82736587524414,-12.128936767578125,-12.161544799804688,-12.504437446594238,-13.746082305908203,-14.498274803161621,-14.615548133850098,-14.00953197479248,-11.205946922302246,-8.690703392028809,-7.975672245025635,-8.655669212341309,-8.290778160095215,-7.302456378936768
-4.641471862792969,-5.355679988861084,-4.132359504699707,-1.8145822286605835,-2.2089312076568604,-2.8623452186584473,-0.6266734600067139,1.9872828722000122,3.1367313861846924,0.3872787356376648,-4.0153021812438965,-6.0553083419799805,-8.040204048156738,-9.18429946899414,-11.203368186950684,-12.392348289489746,-12.415945053100586,-11.30655288696289,-8.2002592086792,-6.5534234046936035,-5.039834022521973,-4.612254619598389,-5.298659801483154,-10.224434852600098,-11.985573768615723,-11.715835571289062,-10.093076705932617,-9.24478816986084,-8.59838581085205,-7.661368370056152,-7.411207675933838,-7.302669048309326,-7.662121295928955,-8.842759132385254,-10.533065795898438,-12.661028861999512,-13.155065536499023,-11.952634811401367,-8.745262145996094,-6.923839569091797,-6.7183308601379395,-6.8409810066223145,-6.467563152313232
-2.5414817333221436,-3.403151273727417,-2.473306179046631,-2.3533318042755127,-1.269946575164795,-0.5139902234077454,-0.6459937691688538,0.25324347615242004,-0.3201161026954651,-5.352851867675781,-10.607375144958496,-12.192883491516113,-14.884088516235352,-15.684962272644043,-17.386812210083008,-18.125322341918945,-17.090517044067383,-15.499646186828613,-13.207418441772461,-10.20399284362793,-6.263943195343018,-6.785459518432617,-9.620704650878906,-12.36827564239502,-11.694135665893555,-8.504220962524414,-5.769312381744385,-4.4769463539123535,-4.702886581420898,-5.417111873626709,-5.86776876449585,-5.238853931427002,-4.573485374450684,-3.97002911567688,-4.449613094329834,-7.09678840637207,-10.513437271118164,-12.312189102172852,-10.16706657409668,-8.206564903259277,-6.76680850982666,-6.48818302154541,-6.033907413482666
2.447296142578125,2.0047128200531006,0.7360162734985352,-1.4343762397766113,-2.440809965133667,-1.8679755926132202,-1.3887656927108765,-0.2825675308704376,-3.2381153106689453,-9.610013961791992,-16.103893280029297,-16.984113693237305,-18.44028663635254,-16.529264450073242,-16.27469253540039,-17.54594612121582,-16.69161033630371,-14.56286334991455,-11.580784797668457,-7.710837364196777,-5.172177791595459,-8.850478172302246,-11.237707138061523,-10.780086517333984,-7.962032318115234,-5.28435754776001,-3.395235300064087,-3.1938247680664062,-4.709298133850098,-6.129119873046875,-6.357967853546143,-5.508517742156982,-4.321372985839844,-3.1353182792663574,-2.2232673168182373,-2.4522969722747803,-5.004277229309082,-9.857253074645996,-10.810830116271973,-9.689839363098145,-7.488237380981445,-6.350728988647461,-5.044403076171875
5.065335273742676,5.806336402893066,4.328653812408447,0.19083024561405182,-5.123999118804932,-6.3237080574035645,-4.519589900970459,-2.0411205291748047,-6.279612064361572,-13.418824195861816,-17.264358520507812,-16.23212242126465,-14.284425735473633,-12.380937576293945,-10.703938484191895,-10.834757804870605,-10.758596420288086,-9.687739372253418,-7.491877555847168,-5.67033576965332,-5.132756233215332,-8.671375274658203,-8.218721389770508,-6.301741600036621,-3.8408007621765137,-2.4341695308685303,-2.654317617416382,-4.608607769012451,-6.540914535522461,-8.2874174118042,-8.951850891113281,-8.238554954528809,-7.072521209716797,-6.204670429229736,-5.106238842010498,-2.481980562210083,-2.272085428237915,-6.520580291748047,-11.118624687194824,-12.208518028259277,-10.910554885864258,-9.328566551208496,-6.434175491333008
3.5895676612854004,3.6361780166625977,3.540278673171997,1.4908398389816284,-4.515219688415527,-9.443809509277344,-6.891786575317383,-5.828745365142822,-10.412507057189941,-15.342010498046875,-15.373988151550293,-11.1620454788208,-6.7396135330200195,-6.703134536743164,-5.774992942810059,-6.1158318519592285,-6.882307529449463,-6.34699010848999,-5.719552993774414,-4.828268527984619,-4.764084339141846,-5.592201232910156,-4.738050937652588,-2.044020891189575,-1.103197455406189,-1.9135502576828003,-4.0483503341674805,-6.339081764221191,-8.25039005279541,-9.615212440490723,-10.72154426574707,-11.48977279663086,-11.146954536437988,-9.929546356201172,-8.966663360595703,-6.904261589050293,-4.424596786499023,-6.768636703491211,-11.921820640563965,-14.35256576538086,-14.937950134277344,-13.621820449829102,-9.22383975982666
2.4563100337982178,2.7893762588500977,3.1761560440063477,3.165405750274658,-1.1836721897125244,-6.881807327270508,-10.155091285705566,-10.905057907104492,-11.51840877532959,-11.682985305786133,-10.400263786315918,-6.80405855178833,-4.182276725769043,-4.415449619293213,-3.25417160987854,-5.440446376800537,-6.780203819274902,-6.703059673309326,-6.6795430183410645,-5.068638324737549,-3.6966590881347656,-3.795807123184204,-1.255921721458435,-0.18684962391853333,-2.3102481365203857,-5.195120811462402,-6.576469421386719,-7.673460483551025,-9.01359748840332,-9.423310279846191,-9.67818546295166,-10.362500190734863,-10.541308403015137,-10.487177848815918,-11.088611602783203,-10.878474235534668,-7.714257717132568,-8.015121459960938,-10.769742012023926,-12.388510704040527,-14.042664527893066,-14.959736824035645,-10.942843437194824
5.814050674438477,7.300699710845947,7.057170867919922,5.19866943359375,1.4747811555862427,-4.480020046234131,-11.391873359680176,-11.354267120361328,-7.361584186553955,-6.046089172363281,-4.701671600341797,-4.70587158203125,-4.647063255310059,-5.384694576263428,-4.852921962738037,-6.517658710479736,-7.0530476570129395,-6.601609230041504,-6.975934028625488,-5.076623916625977,-3.3962056636810303,-3.2135722637176514,-2.5954418182373047,-3.8383231163024902,-6.974579334259033,-9.153810501098633,-9.408888816833496,-8.907587051391602,-9.019108772277832,-8.714753150939941,-7.75972318649292,-7.2770915031433105,-7.260678291320801,-7.778448581695557,-9.038400650024414,-10.359745025634766,-9.439510345458984,-7.631364822387695,-8.212855339050293,-9.471367835998535,-10.597269058227539,-13.837796211242676,-13.040264129638672
9.046831130981445,10.304083824157715,8.978456497192383,4.605884552001953,0.43214887380599976,-3.1692705154418945,-5.7756524085998535,-6.821569919586182,-4.133289337158203,-3.180877447128296,-3.4865427017211914,-4.5373735427856445,-5.4041523933410645,-5.382111549377441,-6.018096923828125,-6.3436665534973145,-6.45285177230835,-6.361741542816162,-6.377758979797363,-3.3520076274871826,-3.7661545276641846,-5.164237976074219,-6.232001781463623,-7.413567066192627,-9.63035774230957,-11.04770278930664,-10.983220100402832,-9.647313117980957,-9.379173278808594,-9.389092445373535,-8.635163307189941,-7.560216426849365,-6.72084379196167,-6.561342239379883,-6.93238639831543,-7.904123306274414,-7.741276741027832,-6.067144393920898,-5.841922283172607,-6.853706359863281,-6.793056964874268,-9.985307693481445,-13.0235595703125
6.9801483154296875,8.0364408493042,6.925874710083008,4.679577350616455,3.0154824256896973,4.202988624572754,0.2045615166425705,-2.2481467723846436,-2.750908136367798,-3.052407741546631,-3.9754421710968018,-4.040760040283203,-4.563169956207275,-4.343471527099609,-6.668177127838135,-7.460816383361816,-6.826968193054199,-6.80877685546875,-5.966821193695068,-4.612556457519531,-6.15012264251709,-7.445683002471924,-6.616753101348877,-7.044919967651367,-7.798868179321289,-9.261992454528809,-10.24339771270752,-10.377849578857422,-11.000988006591797,-11.199447631835938,-10.977311134338379,-10.230539321899414,-8.200139999389648,-7.089048385620117,-7.336008548736572,-8.074969291687012,-7.918949127197266,-5.258744239807129,-3.435250759124756,-3.943734884262085,-3.711555242538452,-5.700634479522705,-9.743680000305176
4.489988803863525,6.71658992767334,7.348098278045654,8.293388366699219,9.40415096282959,8.145569801330566,1.110813021659851,0.593713641166687,-1.0131688117980957,-1.3802692890167236,-1.440230369567871,-1.278314232826233,-2.946577548980713,-4.995641231536865,-7.163702011108398,-7.834074974060059,-7.446325778961182,-6.752009868621826,-5.841304779052734,-5.903706073760986,-7.153504371643066,-6.053482532501221,-4.883122444152832,-5.884673118591309,-6.818002223968506,-6.980926513671875,-7.888818740844727,-9.731260299682617,-10.88961410522461,-10.707602500915527,-9.987128257751465,-9.720998764038086,-8.344677925109863,-7.319583415985107,-7.298092842102051,-8.334611892700195,-9.176289558410645,-6.722298622131348,-3.796980142593384,-3.199514865875244,-2.7167320251464844,-3.442040205001831,-6.517847061157227
2.531949281692505,4.926192283630371,5.905978679656982,7.360720157623291,8.69630241394043,4.476612567901611,0.39376717805862427,0.5738879442214966,1.2048298120498657,2.5135276317596436,2.071082830429077,0.950903594493866,-3.589777946472168,-6.365306854248047,-6.948059558868408,-6.6896538734436035,-6.604794979095459,-5.174878120422363,-5.772975444793701,-6.177567481994629,-5.4077887535095215,-5.051605701446533,-5.923013687133789,-6.914940357208252,-6.745625972747803,-6.546041965484619,-6.646324634552002,-7.317241668701172,-7.911698818206787,-7.59792947769165,-6.5956950187683105,-6.2049336433410645,-6.334339618682861,-5.987709045410156,-5.77139139175415,-5.775408744812012,-6.855865001678467,-6.718596935272217,-5.690382957458496,-4.813593864440918,-3.910001039505005,-4.142204284667969,-6.729268550872803
0.7503809928894043,1.73777174949646,2.2788217067718506,2.688985824584961,3.5917367935180664,3.2721526622772217,1.716988444328308,-0.03991706669330597,1.5328857898712158,2.6746177673339844,1.839016079902649,-0.463898628950119,-5.872101783752441,-6.516170501708984,-6.72171688079834,-6.200692653656006,-5.749477863311768,-4.148459434509277,-5.723720550537109,-6.220344066619873,-5.687853813171387,-6.96152925491333,-8.483593940734863,-8.886284828186035,-8.047616004943848,-7.099407196044922,-6.468379497528076,-5.742663383483887,-5.222989559173584,-5.165025234222412,-4.767794609069824,-4.34436559677124,-4.328802108764648,-4.33253288269043,-4.415836334228516,-3.9187278747558594,-4.511494159698486,-5.245460510253906,-4.665924549102783,-4.705761432647705,-5.234703540802002,-6.486479759216309,-9.973194122314453
