data/wind_data/wind_2_6.json
{"header": {"parameterUnit": "KT", "parameterCategory": 2, "nx": 256, "ny": 198, "lo1": 44.73521041870117, "la1": -3.236724853515625, "lo2": 111.26478576660156, "la2": 43.468475341796875, "dx": 0.2609002888202667, "dy": -0.23708222806453705, "refTime": "2025-02-19 02:00:00", "forecastTime": 0, "parameterNumber": 2, "parameterNumberName": "eastward_wind"}, "data":
[rows 40 to 59 of 198, columns 176 to 219 of 256]
0.0620373897254467,-0.3189609944820404,-0.5687994956970215,-0.17960195243358612,0.33762311935424805,0.6459971070289612,0.7915213108062744,0.3691997230052948,-1.2704225778579712,-0.8731191158294678,1.1411761045455933,2.699723243713379,3.197877883911133,3.055638313293457,2.12399959564209,-0.11591456085443497,-1.5893372297286987,-1.702299952507019,-1.8344073295593262,-1.617152452468872,-0.681264340877533,0.6571412086486816,0.5956956744194031,-0.5352333784103394,-1.4926189184188843,-0.8839186429977417,-1.201313853263855,-1.198885440826416,-1.0688300132751465,-2.7166922092437744,-2.9173405170440674,-2.375476837158203,-1.7680281400680542,-0.8933576941490173,0.08939354121685028,-1.2571316957473755,-2.467529058456421,-3.3779942989349365,-3.7703936100006104,-4.839819431304932,-5.111093997955322,-5.63035774230957,-7.241734981536865,-8.435107231140137
0.38286176323890686,0.1530410498380661,0.7539727687835693,2.1773197650909424,2.74698543548584,2.9092769622802734,3.331040143966675,4.072697162628174,2.516009569168091,1.6301664113998413,3.520994186401367,4.198914527893066,3.346794605255127,2.3309693336486816,2.7242798805236816,1.8644810914993286,-0.14051176607608795,-1.6734880208969116,-2.852896213531494,-3.4943904876708984,-1.989791750907898,0.20729725062847137,0.9316219687461853,-0.2841359078884125,-1.4312148094177246,-1.073491096496582,-1.351173996925354,-1.6140861511230469,-2.0161221027374268,-1.769823431968689,-1.3487634658813477,-2.0743486881256104,-1.220618724822998,-0.2540701925754547,-0.8935384750366211,-2.2038486003875732,-2.6351006031036377,-3.215315103530884,-4.441883087158203,-4.934545993804932,-4.771719932556152,-4.381801605224609,-4.6602325439453125,-5.8935089111328125
1.1824719905853271,1.5987039804458618,2.203613758087158,3.5945703983306885,3.6567490100860596,3.819366693496704,3.898333787918091,4.201139450073242,5.217079162597656,5.266943454742432,5.201778411865234,4.502049446105957,3.800243854522705,4.362627983093262,5.402611255645752,4.712001323699951,2.5346903800964355,0.768118679523468,-1.679608702659607,-3.7256786823272705,-2.818014144897461,-1.3329130411148071,0.34355759620666504,0.49981608986854553,0.3662227690219879,0.8249826431274414,0.1153859868645668,-0.5521448254585266,-1.88045334815979,-1.2663989067077637,-1.4050885438919067,-1.6480504274368286,-0.6846937537193298,0.5684010982513428,-0.8930119276046753,-2.731900215148926,-2.828524589538574,-3.021360397338867,-4.292959213256836,-4.884730339050293,-4.874582767486572,-3.685084342956543,-2.800306558609009,-3.072047710418701
2.3956403732299805,2.964873790740967,4.53878927230835,4.921376705169678,3.6896145343780518,3.5607306957244873,2.825570583343506,1.8461899757385254,3.0234594345092773,5.149914264678955,4.7757110595703125,3.564736843109131,2.9403481483459473,2.0250930786132812,3.2455434799194336,4.585056781768799,3.3361899852752686,1.8540372848510742,2.0803940296173096,-0.9647353887557983,-0.6705142855644226,-0.5624014139175415,0.11916268616914749,0.9743328094482422,1.373314380645752,0.9263899922370911,0.04372873529791832,-0.34463950991630554,-1.3257859945297241,-1.68094801902771,-1.4652360677719116,-0.562757134437561,0.3095093369483948,1.262627363204956,-0.14047828316688538,-2.4366376399993896,-3.3502726554870605,-4.093836784362793,-4.795093059539795,-3.941189765930176,-3.1357994079589844,-2.2840416431427,-2.1275243759155273,-1.746639370918274
2.5142135620117188,2.9399843215942383,3.866389036178589,3.772627592086792,3.3877322673797607,3.645463705062866,2.193990707397461,1.1013636589050293,1.3186148405075073,2.0822222232818604,2.3836214542388916,2.326730728149414,2.0365490913391113,1.8087985515594482,3.3439860343933105,4.599747657775879,6.037189960479736,6.720560550689697,6.11376953125,4.688983917236328,2.7436959743499756,1.0341004133224487,1.1859374046325684,2.328944206237793,2.3666818141937256,0.9175873398780823,-0.6655099391937256,-1.1328719854354858,-1.14553701877594,-2.5220072269439697,-1.4887999296188354,0.4901370108127594,1.146859884262085,0.24616003036499023,-1.87067449092865,-3.346970796585083,-3.9452767372131348,-4.629081726074219,-4.21336030960083,-3.0983879566192627,-2.6551575660705566,-1.443597435951233,-1.71958589553833,-1.3458788394927979
1.800126075744629,1.787954568862915,0.9507367014884949,1.2108768224716187,2.396070718765259,2.208660840988159,1.4641644954681396,1.4159343242645264,1.6332643032073975,3.2631888389587402,2.5166637897491455,1.6345934867858887,0.7363541126251221,1.170203685760498,2.6273908615112305,4.836270809173584,6.94521951675415,8.70157527923584,8.688789367675781,6.320329666137695,5.038475036621094,3.055938720703125,2.8161261081695557,3.6926047801971436,2.9502415657043457,1.0669947862625122,-1.0284271240234375,-1.490600824356079,-1.9975275993347168,-2.534726619720459,-0.8272541761398315,1.5042668581008911,1.752601146697998,-1.0492323637008667,-4.206531524658203,-4.799032211303711,-4.592446327209473,-3.657092571258545,-1.3928160667419434,-0.2235121876001358,-2.1974618434906006,-1.836185336112976,-1.5024923086166382,-1.5534523725509644
0.4164310395717621,-0.553573727607727,-1.277774691581726,-0.19313283264636993,0.5296738147735596,0.07083875685930252,0.2971969246864319,1.2404778003692627,2.1271796226501465,3.364353656768799,3.7730674743652344,4.453919410705566,3.4355967044830322,2.4049153327941895,1.9190075397491455,3.546043634414673,5.635919094085693,6.699578762054443,6.48211669921875,5.212697505950928,4.659853935241699,3.761143207550049,2.9804816246032715,3.837043285369873,3.623450994491577,1.9577668905258179,-0.44257643818855286,-1.645084023475647,-2.579923629760742,-1.4757733345031738,0.29256486892700195,1.5893198251724243,0.6047971248626709,-2.272223949432373,-3.949336290359497,-3.5564122200012207,-3.474950075149536,-2.822451114654541,-1.4525688886642456,-1.0068634748458862,-1.2447351217269897,-1.615830898284912,-1.8736231327056885,-2.4146955013275146
-2.129441261291504,-1.3874648809432983,-1.344098687171936,-0.05295192822813988,0.38315239548683167,-0.1516064554452896,-0.35599207878112793,0.8382858037948608,2.0741987228393555,3.0145950317382812,4.038114547729492,5.516042232513428,6.00508451461792,3.849043369293213,2.5062990188598633,3.053645133972168,4.128141403198242,4.853432655334473,4.696987628936768,4.513038158416748,4.752962112426758,5.058077335357666,4.094710350036621,3.8241851329803467,4.555963516235352,3.4748058319091797,0.7704818844795227,-1.0467884540557861,-0.9108644127845764,0.7388768196105957,1.2065865993499756,0.33029621839523315,-0.8865343928337097,-2.7187912464141846,-2.776599884033203,-1.9240309000015259,-1.4015512466430664,-1.284151315689087,-2.3019521236419678,-2.619157552719116,-1.3078778982162476,-2.169567108154297,-2.6903536319732666,-2.416468381881714
-5.886083602905273,-5.409910678863525,-4.137579441070557,-2.4725797176361084,-0.8181862831115723,-0.21750296652317047,-0.4430200755596161,0.5059482455253601,1.4365532398223877,1.8825815916061401,2.9379703998565674,3.9837570190429688,5.391571521759033,4.130756855010986,3.5919673442840576,3.9065308570861816,3.5854437351226807,3.944469928741455,4.285107612609863,4.521113872528076,5.282200813293457,6.229134559631348,6.085460662841797,4.3657989501953125,4.488927364349365,4.339346408843994,1.961003303527832,0.660819411277771,2.283597946166992,3.1620101928710938,2.0860860347747803,-0.86617112159729,-1.740576148033142,-1.2216299772262573,-1.0430535078048706,-0.4453415870666504,-0.7158207893371582,-0.32081687450408936,1.239828109741211,0.4668719172477722,-0.11808132380247116,-2.1721322536468506,-2.1833443641662598,-1.4516005516052246
-5.2711100578308105,-7.088289260864258,-6.697257041931152,-5.313002586364746,-3.159116506576538,-1.3994700908660889,-0.9987810850143433,-0.5266179442405701,0.11223435401916504,0.2664210796356201,1.0784614086151123,2.631150722503662,3.795106887817383,3.629962682723999,3.349808931350708,3.086369752883911,2.7051949501037598,3.5444560050964355,3.85444974899292,4.826333999633789,5.861839294433594,6.660939693450928,7.5059685707092285,5.576445579528809,3.786123275756836,3.892235279083252,2.777899742126465,2.5299971103668213,3.9024829864501953,3.745720863342285,2.313783884048462,-0.8382611870765686,-1.6012248992919922,-0.2064237743616104,-0.418687105178833,-0.23059841990470886,-0.23615165054798126,-0.05087301880121231,1.7939554452896118,2.130553722381592,1.4446208477020264,-0.9970538020133972,-1.0673556327819824,-0.8028976321220398
-0.1572420448064804,-3.3674607276916504,-5.228029251098633,-5.477318286895752,-5.214132785797119,-3.9956841468811035,-3.0551998615264893,-2.1270251274108887,-1.1217806339263916,-0.36105820536613464,1.0997549295425415,3.2501797676086426,4.251015663146973,3.6300151348114014,3.4807140827178955,3.020158529281616,2.4878649711608887,2.8539369106292725,3.2610740661621094,3.7578682899475098,5.609603404998779,7.298197269439697,8.084569931030273,6.872446060180664,4.17917537689209,3.0816080570220947,2.657036542892456,2.861184597015381,3.5758020877838135,3.0318636894226074,2.553814172744751,0.4434053301811218,-0.7441349029541016,-0.07602265477180481,0.13725826144218445,0.7119457721710205,2.582550525665283,1.7702314853668213,1.4537246227264404,3.1957128047943115,2.5792415142059326,0.14397285878658295,-0.7344431281089783,-0.4264204502105713
0.4370843768119812,-0.7759798169136047,-2.041605234146118,-3.405634641647339,-5.147171497344971,-5.65798807144165,-5.478567600250244,-4.564598560333252,-2.309425115585327,-0.6578783988952637,0.5545395016670227,2.6114790439605713,4.648517608642578,4.93551778793335,4.499575614929199,3.2095272541046143,1.8974405527114868,2.3842098712921143,2.9461615085601807,2.4214320182800293,4.0833210945129395,7.145516395568848,7.540545463562012,7.291513919830322,5.631892681121826,3.5721888542175293,2.2092554569244385,1.8828575611114502,2.707538366317749,3.0659725666046143,3.406435489654541,2.798328399658203,0.6999667286872864,-0.24805478751659393,0.7920263409614563,2.3851521015167236,5.3289923667907715,4.050095081329346,2.8630547523498535,4.149892807006836,3.9592971801757812,2.1399521827697754,0.6847230792045593,0.2253340184688568
-1.9110000133514404,-2.554654836654663,-1.9454998970031738,-2.3534958362579346,-3.657601833343506,-4.768130302429199,-5.496092319488525,-5.652678489685059,-4.8149333000183105,-2.936283826828003,-1.554797649383545,0.5441672205924988,3.0968587398529053,4.863679885864258,4.55753231048584,3.255807399749756,1.803533673286438,2.1715054512023926,2.5570719242095947,1.9248666763305664,2.2340826988220215,5.902421951293945,6.879425048828125,6.639895439147949,5.558611869812012,4.443471431732178,3.3624372482299805,1.7389395236968994,1.6553391218185425,2.9309492111206055,3.54150128364563,4.155154705047607,2.7474725246429443,0.060931261628866196,1.1093707084655762,2.3173270225524902,4.65479850769043,4.535196781158447,3.7909045219421387,4.27091121673584,4.632378578186035,3.9672465324401855,3.235287666320801,0.9454001188278198
-1.4011824131011963,-2.144629716873169,-2.06781005859375,-1.8707355260849,-1.6861774921417236,-1.8270903825759888,-2.5806360244750977,-2.969271421432495,-4.134703636169434,-4.667203426361084,-4.278580665588379,-2.6675093173980713,0.13709858059883118,3.0970590114593506,4.221107482910156,3.5342867374420166,2.2702229022979736,1.7262214422225952,1.378963589668274,1.3283133506774902,1.0828925371170044,3.7242989540100098,6.251902103424072,6.413637161254883,5.158933162689209,4.767821788787842,4.884265899658203,2.657431125640869,0.8281445503234863,1.9414869546890259,2.79122257232666,3.916440725326538,4.008094787597656,1.8082696199417114,2.8962152004241943,3.376063108444214,3.2160730361938477,3.092707633972168,3.3313183784484863,3.9523327350616455,4.927830696105957,5.282647132873535,4.418735027313232,1.830182671546936
-0.49189162254333496,-0.078187495470047,-0.486488401889801,-1.2840226888656616,-0.8937085866928101,0.20674702525138855,0.5675780177116394,0.45840534567832947,-0.9136145710945129,-3.233103036880493,-5.041477680206299,-5.555941581726074,-3.431572198867798,0.11985417455434799,2.9662137031555176,3.7228729724884033,3.3131847381591797,1.7731373310089111,0.7136240005493164,0.9471184611320496,0.7359492778778076,1.8842027187347412,5.19514799118042,6.408400535583496,5.714436054229736,5.033736228942871,4.717075347900391,2.9422309398651123,1.1423603296279907,0.7575780749320984,1.979529857635498,3.5374491214752197,4.261172771453857,4.017750263214111,4.99882698059082,4.701262950897217,4.3862104415893555,3.839879035949707,3.7178633213043213,4.449897766113281,5.764338970184326,6.131706714630127,4.729377746582031,3.4612724781036377
-0.3972484767436981,0.7401770949363708,1.001955509185791,-0.22135469317436218,-0.6848723292350769,0.4642292559146881,1.3319981098175049,0.9576126337051392,0.5253276228904724,-0.8960314989089966,-3.076021671295166,-5.118432521820068,-5.334568977355957,-3.100752115249634,0.5535863637924194,3.21158504486084,4.124733924865723,2.903384208679199,1.1042976379394531,0.583418071269989,0.32559359073638916,0.33080634474754333,3.774700164794922,6.038771152496338,5.791952610015869,4.4766669273376465,3.503058433532715,2.5141472816467285,2.081512689590454,0.6283003091812134,1.8055671453475952,3.561631202697754,4.550983428955078,5.528357028961182,5.631459712982178,5.031900882720947,5.517456531524658,5.485506534576416,4.777022361755371,5.243680477142334,5.96926212310791,6.2564697265625,5.358229160308838,4.8661322593688965
1.0841132402420044,1.5420116186141968,1.2928434610366821,0.45224103331565857,0.03245176374912262,0.8317458033561707,1.2537293434143066,0.6256445050239563,0.5591281652450562,1.1082632541656494,0.08798914402723312,-1.2860960960388184,-2.990943193435669,-4.064188003540039,-2.242609739303589,1.1716105937957764,3.1848089694976807,3.613516330718994,2.2844367027282715,1.0394529104232788,0.9063417315483093,0.1489037126302719,1.6558852195739746,4.983421802520752,6.3036932945251465,4.672767162322998,2.2939741611480713,1.8988821506500244,2.4092326164245605,1.6795296669006348,2.336472511291504,2.777778387069702,4.329445838928223,6.696845531463623,6.709708213806152,5.989125728607178,6.6200480461120605,6.649552822113037,5.263018608093262,4.973711967468262,5.3497772216796875,6.162086009979248,6.016805171966553,4.834089279174805
3.5549843311309814,3.0662779808044434,2.365936517715454,1.559478521347046,1.287035346031189,0.916814923286438,0.9911651611328125,1.0697447061538696,1.1807787418365479,2.3645875453948975,3.0086541175842285,2.616786241531372,0.6189095377922058,-2.3506999015808105,-3.4253342151641846,-1.7378783226013184,0.5284185409545898,2.3444972038269043,3.354058265686035,3.121448040008545,2.335448980331421,1.350751280784607,0.6870571374893188,2.8858015537261963,5.201024532318115,4.8151116371154785,2.8029305934906006,2.3131353855133057,1.6930646896362305,1.5915544033050537,1.7667503356933594,1.436460256576538,2.272657871246338,4.329204082489014,6.007656574249268,6.946907997131348,7.7097487449646,7.46555233001709,6.07196044921875,5.20194673538208,5.323587417602539,6.293498992919922,6.406855583190918,4.400763034820557
6.057169437408447,5.790713787078857,4.807990074157715,3.912843942642212,3.3276429176330566,2.039414644241333,1.1342453956604004,0.9690015912055969,1.6983133554458618,2.755836248397827,3.518749713897705,3.5602927207946777,1.5397908687591553,-0.5786357522010803,-1.5200265645980835,-1.8904310464859009,-0.9568560719490051,0.781292736530304,2.8870620727539062,4.645082950592041,4.667294979095459,3.570378303527832,2.381868362426758,2.4251863956451416,3.7231504917144775,4.993073463439941,4.473567485809326,4.0312347412109375,2.8071820735931396,1.6886985301971436,2.3815653324127197,3.853799819946289,3.8705310821533203,3.5341594219207764,4.699778079986572,7.368810653686523,8.853610038757324,8.457758903503418,7.269433498382568,6.2653045654296875,5.754515171051025,5.688601493835449,5.768106460571289,4.925169467926025
6.972719192504883,7.755285739898682,7.9709601402282715,6.895858287811279,5.793469429016113,4.068766117095947,2.332733154296875,1.4069867134094238,1.4911103248596191,1.5897951126098633,1.909317970275879,2.7353756427764893,2.286017417907715,1.1721227169036865,1.5738980770111084,2.156816244125366,1.7509502172470093,1.5348305702209473,2.0345757007598877,4.037511348724365,5.485112190246582,5.669389247894287,4.824614524841309,3.8714356422424316,3.732112169265747,5.179406642913818,6.376114845275879,5.880087375640869,5.564391136169434,5.599863529205322,6.152042865753174,6.886841297149658,7.4192728996276855,8.07545280456543,7.826671123504639,7.7982378005981445,8.81697940826416,9.121087074279785,8.192913055419922,7.246860027313232,6.1872878074646,5.011649131774902,4.935953617095947,5.827296733856201
