data/wind_data/wind_54_9.json
{"header": {"parameterUnit": "KT", "parameterCategory": 2, "nx": 256, "ny": 198, "lo1": 44.73521041870117, "la1": -3.236724853515625, "lo2": 111.26478576660156, "la2": 43.468475341796875, "dx": 0.2609002888202667, "dy": -0.23708222806453705, "refTime": "2025-02-21 06:00:00", "forecastTime": 0, "parameterNumber": 2, "parameterNumberName": "eastward_wind"}, "data":
[rows 95 to 113 of 198, columns 88 to 131 of 256]
2.1841230392456055,0.2461436688899994,-1.570974588394165,-2.883432388305664,-3.427185535430908,-3.445164203643799,-3.326775550842285,-2.99626088142395,-2.3772470951080322,-1.616768479347229,-0.6446692943572998,0.7333040833473206,2.2993435859680176,3.455552101135254,3.934617519378662,3.9562854766845703,3.797635078430176,3.348478317260742,2.4922561645507812,1.7906559705734253,1.8930751085281372,2.6733381748199463,3.6819536685943604,4.703575134277344,5.729410171508789,6.8527069091796875,8.067296028137207,9.025299072265625,9.00035285949707,7.713037014007568,5.572842121124268,3.1384263038635254,0.8652215003967285,-1.073362112045288,-2.7600252628326416,-4.371656894683838,-6.382877826690674,-8.790051460266113,-10.538883209228516,-10.449936866760254,-8.351374626159668,-5.350571632385254,-2.5947461128234863,-0.820343554019928
4.305427551269531,2.6202473640441895,0.621857225894928,-0.8728955388069153,-1.542731523513794,-1.9094281196594238,-2.338064432144165,-2.4348745346069336,-1.9173403978347778,-0.7804982662200928,0.7540867328643799,2.3825883865356445,3.89272141456604,5.037527084350586,5.606536865234375,5.687277317047119,5.527219295501709,5.0485429763793945,4.131440162658691,3.3173866271972656,3.1779494285583496,3.6780993938446045,4.475088119506836,5.3452019691467285,6.255526065826416,7.212183952331543,8.253273010253906,9.159162521362305,9.166236877441406,7.901659965515137,5.9887237548828125,3.8920328617095947,1.442070722579956,-1.302714467048645,-3.695556402206421,-5.283064842224121,-6.858988285064697,-9.335760116577148,-12.039543151855469,-13.204286575317383,-11.974288940429688,-9.092608451843262,-5.5639872550964355,-2.23712158203125
5.897036075592041,4.4705071449279785,2.7303626537323,1.4939473867416382,0.783207356929779,-0.038475990295410156,-0.980036735534668,-1.3501981496810913,-0.8070895671844482,0.5096916556358337,2.3055286407470703,4.203226089477539,5.857015609741211,7.066490173339844,7.648909568786621,7.464306831359863,6.726173400878906,5.778964519500732,4.886045932769775,4.34658145904541,4.37325382232666,4.926449775695801,5.724170684814453,6.4865899085998535,7.138436794281006,7.771067142486572,8.470475196838379,9.055121421813965,8.79201602935791,7.167250156402588,5.090418338775635,3.462353467941284,1.644277811050415,-1.0023248195648193,-3.9103167057037354,-5.935304164886475,-7.059615612030029,-8.663070678710938,-11.238277435302734,-13.649415016174316,-14.47679328918457,-13.218405723571777,-10.169443130493164,-6.0332207679748535
6.580986499786377,5.512568950653076,4.458782196044922,3.7526533603668213,2.9480016231536865,1.5867053270339966,0.13004980981349945,-0.5231050252914429,0.004721497185528278,1.3904553651809692,3.1959140300750732,5.236252307891846,7.283686637878418,8.899697303771973,9.57626724243164,9.025031089782715,7.509677886962891,5.882717132568359,4.874296188354492,4.496687412261963,4.6293253898620605,5.348176002502441,6.471501350402832,7.540079593658447,8.344292640686035,8.982177734375,9.491782188415527,9.67597484588623,9.030356407165527,7.124775409698486,4.71952486038208,3.052337884902954,1.9358068704605103,0.5316867232322693,-1.5130207538604736,-3.929051160812378,-6.067909240722656,-7.8716044425964355,-9.815250396728516,-12.074973106384277,-14.126459121704102,-14.982909202575684,-13.81173038482666,-10.404464721679688
6.516334533691406,6.067544937133789,5.785966873168945,5.491227626800537,4.698683261871338,3.1763455867767334,1.433203935623169,0.42120784521102905,0.6652637720108032,1.8420354127883911,3.457592248916626,5.381378173828125,7.5575270652771,9.626090049743652,10.689579010009766,10.077937126159668,8.181022644042969,6.244450569152832,5.130527973175049,4.683510780334473,4.629707336425781,5.081112861633301,6.073880195617676,7.34788179397583,8.660811424255371,9.880206108093262,10.800622940063477,11.001829147338867,10.046025276184082,7.955126762390137,5.527693748474121,3.6062917709350586,2.422868013381958,1.7061601877212524,0.7903244495391846,-1.0660102367401123,-4.006707668304443,-7.18757963180542,-9.678901672363281,-11.533305168151855,-13.37474250793457,-15.300580024719238,-15.962763786315918,-14.058698654174805
6.3848347663879395,6.555262088775635,6.6855926513671875,6.5282883644104,5.935103893280029,4.7228875160217285,3.1428756713867188,2.157618999481201,2.328225612640381,3.2811875343322754,4.659873008728027,6.296512603759766,7.910991668701172,9.392033576965332,10.351317405700684,9.996889114379883,8.460177421569824,6.9180498123168945,6.070979118347168,5.676107406616211,5.37891149520874,5.178277969360352,5.366968631744385,6.225697994232178,7.745142936706543,9.627440452575684,11.242246627807617,11.787013053894043,10.717264175415039,8.274662017822266,5.560091972351074,3.3567843437194824,1.8306094408035278,0.7817864418029785,-0.3170833885669708,-2.0311038494110107,-4.650079727172852,-7.903807163238525,-10.742378234863281,-12.766703605651855,-14.259354591369629,-16.044801712036133,-17.746681213378906,-17.147693634033203
6.678530216217041,7.14571475982666,7.297825813293457,7.06611442565918,6.501655578613281,5.5529961585998535,4.623052597045898,4.374390125274658,4.889606952667236,5.852540969848633,7.215067386627197,8.73921012878418,9.649118423461914,9.64291000366211,9.302273750305176,8.745223999023438,7.8346757888793945,6.975249767303467,6.6527276039123535,6.688937664031982,6.53613805770874,5.980201244354248,5.422567367553711,5.5486159324646,6.86473274230957,9.138265609741211,11.22811222076416,11.925926208496094,10.876530647277832,8.411128997802734,5.328578948974609,2.566781759262085,0.6404716968536377,-0.6708919405937195,-2.1730098724365234,-4.5071120262146,-7.252431392669678,-9.851014137268066,-11.965030670166016,-13.68675422668457,-15.186382293701172,-16.264278411865234,-17.3996524810791,-18.025968551635742
7.2322306632995605,7.711641311645508,7.805216312408447,7.35014533996582,6.386767864227295,5.527729034423828,5.529357433319092,6.152866840362549,6.924241065979004,8.002267837524414,9.637239456176758,11.266757011413574,11.740378379821777,10.620440483093262,8.810627937316895,7.204577445983887,6.129365921020508,5.5745978355407715,5.676863670349121,6.272216320037842,6.641469955444336,6.370150566101074,5.856642246246338,5.82364559173584,7.006259918212891,9.429059028625488,11.724474906921387,12.357812881469727,11.241004943847656,9.107131004333496,6.348509311676025,3.4691598415374756,1.2948119640350342,-0.03266271576285362,-1.348893404006958,-3.482461929321289,-6.506856441497803,-9.485671043395996,-11.54699993133545,-12.871439933776855,-14.143258094787598,-15.078810691833496,-14.961231231689453,-14.974542617797852
7.659900188446045,8.192947387695312,8.298497200012207,7.512343406677246,6.102942943572998,5.423833847045898,5.971674919128418,6.909377098083496,7.958615779876709,9.500899314880371,11.32457160949707,12.687909126281738,12.925491333007812,11.700470924377441,9.36872673034668,6.708378791809082,4.492046356201172,3.364595890045166,3.576845169067383,4.624796390533447,5.375065803527832,5.392704963684082,5.3483757972717285,5.84666633605957,7.34456729888916,10.018085479736328,12.54849624633789,13.228739738464355,12.078805923461914,10.250805854797363,8.356724739074707,6.271988391876221,4.352501392364502,2.9448039531707764,1.4674640893936157,-0.17333242297172546,-2.354468584060669,-5.576629161834717,-8.721882820129395,-10.688985824584961,-11.82290267944336,-13.027588844299316,-13.58800220489502,-12.503608703613281
7.871439456939697,8.59721851348877,8.570306777954102,7.425199031829834,6.004959583282471,5.592822074890137,6.0584716796875,6.99164342880249,8.631792068481445,10.846272468566895,12.538178443908691,13.33428955078125,13.427998542785645,12.59858512878418,10.59228229522705,7.8140339851379395,5.148923873901367,3.5457253456115723,3.4262640476226807,4.098573684692383,4.177834987640381,3.5640437602996826,3.4165306091308594,4.3760833740234375,6.449957847595215,9.40212631225586,12.197327613830566,13.308816909790039,12.54536247253418,11.057530403137207,9.919833183288574,9.017049789428711,7.931324005126953,6.804067134857178,5.299942970275879,3.166294574737549,0.9515689015388489,-1.795804738998413,-5.3658061027526855,-8.27878189086914,-9.662110328674316,-10.810117721557617,-12.788453102111816,-13.51143741607666
8.021300315856934,8.599180221557617,8.246200561523438,6.967248916625977,5.856234550476074,5.636499881744385,6.121128082275391,7.389368057250977,9.5072603225708,11.839820861816406,13.340616226196289,13.88686466217041,13.78449821472168,13.013531684875488,11.44463062286377,9.329447746276855,7.249451637268066,5.761332988739014,5.337291240692139,5.5064616203308105,4.635053634643555,2.4751548767089844,0.9383338689804077,1.3314112424850464,3.4400689601898193,6.511204242706299,9.595968246459961,11.477145195007324,11.610852241516113,10.709199905395508,9.913358688354492,9.719930648803711,9.631085395812988,9.081306457519531,8.142866134643555,6.381422996520996,3.710216522216797,0.3941243588924408,-3.4965364933013916,-6.846807479858398,-8.419713020324707,-9.132149696350098,-11.220937728881836,-14.193205833435059
7.991364479064941,8.0340576171875,7.27138090133667,6.205813407897949,5.55374002456665,5.5585432052612305,6.437930583953857,8.278192520141602,10.712651252746582,12.746712684631348,13.764878273010254,14.056273460388184,13.821024894714355,13.17373275756836,12.084961891174316,10.516900062561035,8.7533597946167,7.149790287017822,6.199777603149414,5.916893005371094,5.127266883850098,3.0579490661621094,0.583015501499176,-0.7151261568069458,-0.23802058398723602,1.726525902748108,4.473912239074707,6.929567337036133,8.16573715209961,8.055060386657715,7.402178764343262,7.394911766052246,8.149290084838867,8.687548637390137,8.440774917602539,7.485280513763428,5.675522327423096,2.644911527633667,-1.2891608476638794,-5.0407609939575195,-7.4567413330078125,-8.543432235717773,-9.982060432434082,-13.35818099975586
7.381511688232422,6.865763187408447,6.295723915100098,6.023927688598633,5.804483413696289,5.87261438369751,7.010952949523926,9.219818115234375,11.574883460998535,12.940580368041992,13.415194511413574,13.484918594360352,13.25344467163086,12.95352554321289,12.60622501373291,11.77625560760498,10.153634071350098,8.213380813598633,6.634861946105957,5.701483726501465,4.842872619628906,3.3498306274414062,1.2642345428466797,-0.433275043964386,-1.1868550777435303,-1.357819676399231,-0.659934401512146,0.7682297229766846,1.8537766933441162,1.9821736812591553,1.8190890550613403,2.450510263442993,4.061740398406982,5.686506748199463,6.400068283081055,6.191628456115723,5.5134596824646,4.346500396728516,2.1831886768341064,-1.1532716751098633,-4.707368850708008,-7.466951370239258,-9.515606880187988,-12.233197212219238
6.043393611907959,5.8874359130859375,6.417271614074707,7.069615364074707,6.96411657333374,6.573891639709473,7.407159805297852,9.58909797668457,11.612958908081055,12.621941566467285,12.729349136352539,12.515016555786133,12.457822799682617,12.651701927185059,12.827635765075684,12.672603607177734,11.652276039123535,9.922561645507812,8.30742359161377,7.056354522705078,5.60404109954834,3.577545642852783,1.3264321088790894,-0.21112100780010223,-0.812352180480957,-1.4378893375396729,-2.5199432373046875,-3.487574815750122,-3.940464973449707,-4.0122904777526855,-3.4218549728393555,-1.9430663585662842,0.06974335014820099,1.8631936311721802,2.7658469676971436,2.957249164581299,3.4042863845825195,4.395082473754883,4.489935398101807,2.2442071437835693,-1.7606645822525024,-5.722139358520508,-8.818586349487305,-11.247440338134766
4.74331521987915,5.89188814163208,7.563836574554443,8.775789260864258,8.54931926727295,7.341322898864746,7.587812423706055,9.544637680053711,11.426013946533203,12.27851676940918,12.100737571716309,11.781754493713379,12.029918670654297,12.606598854064941,12.973445892333984,13.011406898498535,12.506568908691406,11.497664451599121,10.47347354888916,9.459228515625,7.677694320678711,4.689209461212158,1.3782923221588135,-0.7829290628433228,-1.4394093751907349,-1.5205405950546265,-1.9693018198013306,-2.896066427230835,-3.5561752319335938,-3.4640986919403076,-2.798612356185913,-1.892394781112671,-1.1565799713134766,-0.9858078956604004,-1.3540226221084595,-1.3418197631835938,0.13531310856342316,2.624504327774048,3.9310736656188965,2.609579086303711,-1.033949851989746,-5.178289890289307,-8.505023002624512,-10.674909591674805
4.452020168304443,6.7128496170043945,8.831426620483398,10.088902473449707,9.665782928466797,7.955484390258789,7.744453430175781,9.52094841003418,11.40896224975586,12.308545112609863,12.24697494506836,11.9891357421875,12.169392585754395,12.65160083770752,12.897263526916504,12.91964054107666,12.672128677368164,12.223278999328613,11.882887840270996,11.420916557312012,9.775712966918945,6.395784378051758,2.213895320892334,-1.1763916015625,-2.787194013595581,-2.9300124645233154,-2.5274078845977783,-2.141310214996338,-1.9329992532730103,-1.7703381776809692,-1.5601915121078491,-1.4974528551101685,-2.048834800720215,-3.6090986728668213,-5.2410712242126465,-5.161129474639893,-3.288398504257202,-1.3975977897644043,-0.4117276966571808,-0.9481895565986633,-3.191939115524292,-6.145585060119629,-8.673087120056152,-10.164987564086914
5.124722957611084,7.884644031524658,9.925503730773926,11.053802490234375,10.330681800842285,8.202939987182617,7.79925537109375,9.490074157714844,11.44542407989502,12.639314651489258,13.023032188415527,13.01684856414795,13.029129028320312,13.058584213256836,12.987881660461426,12.860011100769043,12.598807334899902,12.370038986206055,12.537577629089355,12.606154441833496,11.296806335449219,8.068116188049316,3.7812652587890625,-0.4644002616405487,-3.4934749603271484,-4.472387313842773,-3.99704909324646,-3.4283740520477295,-3.2794618606567383,-3.186645030975342,-3.2269654273986816,-4.01156759262085,-5.652947425842285,-7.4694061279296875,-8.149349212646484,-7.316432952880859,-7.036550045013428,-7.824996471405029,-7.957513332366943,-7.78026819229126,-8.142840385437012,-9.119074821472168,-10.008151054382324,-10.276208877563477
6.601729869842529,9.165276527404785,10.699347496032715,11.575356483459473,10.659074783325195,8.354700088500977,7.895040035247803,9.506280899047852,11.502827644348145,13.055052757263184,14.048470497131348,14.496687889099121,14.453622817993164,14.109306335449219,13.708740234375,13.25413703918457,12.750158309936523,12.574564933776855,12.976224899291992,13.309803009033203,12.32435417175293,9.436760902404785,5.474877834320068,1.3295633792877197,-2.3439927101135254,-4.192463397979736,-4.524871826171875,-4.91423225402832,-5.299560546875,-5.188178539276123,-5.463642597198486,-6.896691799163818,-8.720008850097656,-9.533514976501465,-9.089193344116211,-9.342714309692383,-11.84552001953125,-14.347311019897461,-15.416446685791016,-15.42496395111084,-14.962642669677734,-14.553823471069336,-13.989916801452637,-13.049690246582031
7.827394962310791,9.597794532775879,10.592379570007324,11.25163745880127,10.473396301269531,8.64962387084961,8.411650657653809,9.836342811584473,11.73605728149414,13.570108413696289,14.952727317810059,15.536654472351074,15.368353843688965,14.929441452026367,14.510979652404785,14.02216625213623,13.586402893066406,13.575166702270508,13.94594955444336,14.219539642333984,13.371488571166992,10.599303245544434,6.7101945877075195,3.1205644607543945,0.0647636204957962,-2.0221142768859863,-3.5911853313446045,-5.390870094299316,-6.59039306640625,-7.252488136291504,-8.261216163635254,-9.419288635253906,-9.929285049438477,-9.617209434509277,-9.992147445678711,-12.713274955749512,-16.44582748413086,-19.281478881835938,-21.22812271118164,-21.995058059692383,-21.645050048828125,-20.72903060913086,-19.57221031188965,-18.150094985961914
