data/wind_data/wind_42_0.json
{"header": {"parameterUnit": "KT", "parameterCategory": 2, "nx": 255, "ny": 198, "lo1": 44.73521041870117, "la1": -3.236724853515625, "lo2": 111.26478576660156, "la2": 43.468475341796875, "dx": 0.26192745566368103, "dy": -0.23708222806453705, "refTime": "2025-02-20 18:00:00", "forecastTime": 0, "parameterNumber": 2, "parameterNumberName": "eastward_wind"}, "data":
[rows 133 to 151 of 198, columns 129 to 171 of 255]
-17.627853393554688,-16.06981658935547,-13.35998821258545,-10.113890647888184,-6.8310651779174805,-7.934906482696533,-9.884110450744629,-8.648529052734375,-2.117449998855591,6.243447780609131,11.20417594909668,3.4231975078582764,-6.197628021240234,-6.315094947814941,-2.9678287506103516,1.3686851263046265,4.809645652770996,1.706363320350647,-4.0583109855651855,-4.601279258728027,-0.024413948878645897,4.625665664672852,8.310259819030762,10.112442970275879,11.89035701751709,13.021230697631836,16.25893211364746,17.39151954650879,16.49342155456543,15.167616844177246,13.334053993225098,11.34155559539795,10.485835075378418,11.751880645751953,11.45402717590332,11.232094764709473,11.706378936767578,12.686849594116211,12.14672565460205,9.489459037780762,6.497551441192627,6.022337436676025,9.176186561584473
-15.74345874786377,-14.945975303649902,-10.129868507385254,-6.268996238708496,-2.228717088699341,2.4214847087860107,2.209294080734253,-0.32521289587020874,2.381547689437866,5.60935115814209,7.749149799346924,8.747832298278809,4.052899360656738,-1.7509325742721558,-1.221328616142273,1.7038978338241577,-0.37680017948150635,-3.5018246173858643,-4.425939559936523,-2.736417293548584,2.3242194652557373,8.632034301757812,11.403263092041016,13.755172729492188,15.872454643249512,17.88271141052246,18.316328048706055,15.430397987365723,13.243219375610352,9.818611145019531,7.820090293884277,6.955278396606445,9.115462303161621,11.215665817260742,11.082029342651367,13.79361629486084,13.892779350280762,13.417440414428711,11.560811042785645,6.623764514923096,3.7170863151550293,3.325176954269409,2.4819490909576416
-13.433137893676758,-7.539682865142822,-3.747239589691162,-2.5675220489501953,3.7509121894836426,15.120668411254883,18.178775787353516,10.30964183807373,4.186122417449951,0.539545476436615,2.4420135021209717,8.223897933959961,7.787895202636719,3.5270910263061523,1.191622257232666,0.15492601692676544,-2.03960919380188,-2.246814250946045,0.23135417699813843,3.1418838500976562,7.151840686798096,13.210724830627441,15.89627742767334,16.451629638671875,18.153514862060547,19.369150161743164,18.785682678222656,15.592936515808105,11.666035652160645,10.125252723693848,10.660395622253418,9.741196632385254,8.804431915283203,10.686718940734863,11.871411323547363,11.63552474975586,12.633755683898926,12.959066390991211,10.802813529968262,7.825415134429932,4.1927924156188965,2.099146604537964,0.03690600022673607
-9.620489120483398,1.1648918390274048,8.053999900817871,7.6907057762146,8.795655250549316,14.20341682434082,20.79897689819336,13.983243942260742,3.0432040691375732,-1.9572162628173828,0.9249626398086548,6.010585784912109,6.033121585845947,4.66793966293335,4.737227439880371,4.1867828369140625,3.5054335594177246,3.933624505996704,4.954740047454834,8.458229064941406,13.183226585388184,16.695016860961914,17.203899383544922,16.546302795410156,17.129106521606445,17.553647994995117,16.15230941772461,13.054584503173828,11.100687026977539,8.971117973327637,8.6035737991333,8.4105863571167,9.309364318847656,11.341988563537598,11.58995246887207,10.951621055603027,11.458596229553223,12.759964942932129,12.162349700927734,8.228968620300293,3.4105353355407715,1.3176583051681519,1.22169828414917
-0.7765310406684875,9.330744743347168,18.44456672668457,19.50286102294922,15.905162811279297,16.55292320251465,18.547260284423828,13.377608299255371,4.298791885375977,-0.5846841931343079,-0.09097690880298615,1.8998326063156128,3.718933343887329,3.75974178314209,3.726606607437134,4.902554512023926,5.486654281616211,6.403620719909668,8.189901351928711,12.090521812438965,17.049753189086914,18.046960830688477,16.588275909423828,14.971620559692383,12.128670692443848,11.266396522521973,12.75631046295166,11.441332817077637,8.617506980895996,9.257951736450195,11.313498497009277,10.429118156433105,11.759103775024414,21.83319854736328,20.201854705810547,14.363036155700684,12.083318710327148,11.746922492980957,10.867440223693848,6.992117881774902,3.5922603607177734,2.289144992828369,2.112140655517578
10.690022468566895,15.968812942504883,22.175966262817383,23.4509220123291,15.129408836364746,11.001002311706543,12.849023818969727,13.496618270874023,10.991576194763184,7.014639377593994,6.024003505706787,5.007791519165039,4.291085243225098,4.753167629241943,5.461767196655273,7.112340927124023,8.596735000610352,9.842996597290039,11.13231372833252,13.386277198791504,14.97694206237793,15.166703224182129,12.318353652954102,9.70914077758789,8.82337760925293,9.484865188598633,11.20263957977295,10.269368171691895,9.610650062561035,9.794930458068848,12.986327171325684,21.083330154418945,17.587514877319336,15.619585037231445,15.509788513183594,15.187305450439453,15.772643089294434,15.17547607421875,11.238845825195312,4.573574542999268,0.9489865303039551,0.5931934714317322,1.4757318496704102
19.94254493713379,23.802593231201172,23.363813400268555,18.122880935668945,10.096760749816895,6.8880133628845215,10.143563270568848,14.94434642791748,16.05230712890625,15.6710205078125,12.07325553894043,8.317124366760254,6.804043292999268,6.564288139343262,7.949735164642334,10.363107681274414,12.510985374450684,12.181201934814453,10.908486366271973,12.607620239257812,14.340734481811523,12.523431777954102,8.841386795043945,6.788701057434082,7.836248874664307,11.009800910949707,13.71921157836914,13.719502449035645,11.12136459350586,10.451096534729004,12.689845085144043,17.095088958740234,18.015474319458008,16.088260650634766,12.709197998046875,9.276083946228027,7.0427751541137695,4.8688764572143555,3.8232431411743164,2.9348723888397217,-0.28197216987609863,-0.6103394031524658,1.1945335865020752
22.360042572021484,22.294641494750977,14.839192390441895,7.269021034240723,1.0144400596618652,1.9882702827453613,10.056376457214355,14.98269271850586,16.347139358520508,13.380426406860352,8.553011894226074,7.229176044464111,7.8485822677612305,8.553472518920898,10.848228454589844,14.53092098236084,15.519796371459961,12.022623062133789,8.90558910369873,12.219651222229004,15.588750839233398,14.263101577758789,11.1774263381958,10.01368522644043,11.442825317382812,14.84531307220459,16.94173240661621,13.40495491027832,10.340448379516602,10.528691291809082,11.475457191467285,15.630688667297363,17.458995819091797,14.945493698120117,10.666447639465332,9.137770652770996,7.676105976104736,4.788224220275879,4.246449947357178,5.440479278564453,2.8230488300323486,0.15109148621559143,0.8241073489189148
16.2012939453125,10.468450546264648,4.163949966430664,-0.5474309325218201,-2.1522371768951416,3.431746006011963,8.056206703186035,8.0957612991333,7.716080665588379,6.534465789794922,6.447367191314697,8.260318756103516,9.15533447265625,10.380865097045898,12.672250747680664,15.794857025146484,15.598779678344727,12.024391174316406,11.167695045471191,14.215163230895996,17.004514694213867,17.019994735717773,15.787715911865234,14.65109920501709,13.107160568237305,12.108990669250488,12.106767654418945,12.520950317382812,12.930773735046387,12.222447395324707,12.562806129455566,13.903763771057129,14.364729881286621,15.113515853881836,14.283723831176758,12.264845848083496,9.399900436401367,6.302796363830566,3.7603039741516113,4.314645290374756,4.3325419425964355,2.6868643760681152,1.693572759628296
11.093302726745605,7.62571907043457,3.3741137981414795,-0.515944242477417,1.351533055305481,4.500733852386475,4.111426830291748,2.942095994949341,3.3691070079803467,4.858200550079346,7.810098171234131,12.117558479309082,14.064481735229492,13.690689086914062,13.874024391174316,15.351637840270996,14.894046783447266,12.787992477416992,13.149601936340332,15.651419639587402,17.266098022460938,17.47236442565918,17.320058822631836,15.587150573730469,10.686494827270508,6.4670491218566895,7.158655166625977,11.147645950317383,13.624105453491211,13.623787879943848,13.518073081970215,13.296699523925781,12.655237197875977,14.801108360290527,15.887067794799805,12.321200370788574,7.467267990112305,4.722029685974121,3.780452251434326,4.5848894119262695,5.165575981140137,4.6900835037231445,3.611412286758423
10.206528663635254,10.288107872009277,7.48045015335083,3.5316503047943115,4.226825714111328,4.431278228759766,3.7904598712921143,4.320334434509277,5.410732269287109,6.283875942230225,9.64404010772705,15.787473678588867,21.098360061645508,20.483131408691406,17.050670623779297,15.689852714538574,14.556235313415527,12.948868751525879,13.533392906188965,15.270528793334961,15.544910430908203,15.271515846252441,14.739047050476074,14.217290878295898,13.713949203491211,12.336329460144043,11.888228416442871,13.408555030822754,14.23471736907959,13.774996757507324,13.215551376342773,12.8914155960083,14.406925201416016,15.865503311157227,15.997824668884277,13.710165977478027,9.222862243652344,5.5965094566345215,5.312545299530029,6.5251545906066895,6.5336222648620605,6.17913293838501,4.81755256652832
11.588033676147461,14.172175407409668,11.888323783874512,6.958235740661621,3.9862985610961914,2.274190664291382,2.841794013977051,4.260024547576904,7.33771276473999,11.988077163696289,14.339999198913574,14.853972434997559,16.67634391784668,16.965694427490234,15.350447654724121,13.850740432739258,12.313033103942871,12.070857048034668,12.97750186920166,13.615267753601074,13.66071891784668,13.018176078796387,12.204157829284668,12.999456405639648,14.907312393188477,15.558274269104004,14.377327919006348,13.23664665222168,14.49075698852539,15.429024696350098,14.415918350219727,12.070799827575684,13.236836433410645,15.562126159667969,15.51707935333252,11.845222473144531,8.5333890914917,5.772883415222168,4.942764759063721,5.750931262969971,7.223042964935303,8.294537544250488,6.076326847076416
11.889542579650879,13.559375762939453,9.704310417175293,3.7887861728668213,0.14066484570503235,-1.2039949893951416,0.05812203511595726,2.9744200706481934,7.095353126525879,13.657400131225586,16.54156494140625,11.596073150634766,6.829418182373047,6.595348834991455,7.5522613525390625,7.693967819213867,8.61003303527832,10.457554817199707,11.820014953613281,11.986137390136719,11.812825202941895,10.878439903259277,9.857657432556152,10.74872875213623,12.879507064819336,14.22806167602539,14.755892753601074,16.34076499938965,19.29669761657715,20.193193435668945,15.630959510803223,10.930533409118652,11.127375602722168,13.809897422790527,13.671353340148926,10.384258270263672,6.589579105377197,5.1846113204956055,4.736937999725342,4.166893482208252,5.803863525390625,8.194588661193848,7.310520172119141
4.700922966003418,3.6925907135009766,1.2846792936325073,-0.7168495655059814,-1.5471830368041992,-2.3814940452575684,0.5587594509124756,6.2659173011779785,9.248193740844727,13.866239547729492,16.658884048461914,10.450186729431152,6.182387351989746,6.477450370788574,6.176264762878418,6.003942489624023,7.423001766204834,9.370573997497559,9.91268253326416,10.608476638793945,11.217632293701172,9.87685775756836,8.954172134399414,9.499858856201172,10.891087532043457,13.09876823425293,16.8245849609375,22.516891479492188,25.235227584838867,20.675493240356445,11.813974380493164,8.4022216796875,10.508654594421387,11.923784255981445,10.932292938232422,8.699007034301758,6.715671539306641,6.279191017150879,6.4998016357421875,7.710591793060303,9.27346420288086,9.886628150939941,8.77743911743164
0.9010918736457825,-2.6348202228546143,-4.3317670822143555,-0.15722543001174927,3.80888032913208,2.6687045097351074,4.073892593383789,7.493313789367676,7.129508972167969,10.15379524230957,14.2410249710083,10.713201522827148,7.295716285705566,7.526433944702148,8.309224128723145,8.410122871398926,8.610157012939453,9.702866554260254,12.289464950561523,14.436253547668457,14.052053451538086,12.308317184448242,10.589630126953125,10.516008377075195,11.864752769470215,14.861808776855469,18.49880599975586,17.261276245117188,13.552596092224121,9.475783348083496,7.148654460906982,9.40229320526123,11.26274299621582,8.470610618591309,5.895567893981934,5.128036022186279,4.297299385070801,3.9814870357513428,6.125192642211914,9.328727722167969,8.14608097076416,6.242290496826172,7.644880294799805
3.556872844696045,-0.9653863906860352,-2.5162627696990967,1.3256226778030396,4.0562968254089355,2.986292600631714,3.8704774379730225,4.212601184844971,4.761942386627197,8.276122093200684,9.361041069030762,7.942269802093506,7.676935195922852,8.481621742248535,9.100459098815918,10.053659439086914,10.70164680480957,11.623616218566895,14.365832328796387,16.6028995513916,15.748024940490723,14.405813217163086,13.725783348083496,13.334609031677246,12.101284980773926,13.232118606567383,19.114547729492188,18.14109230041504,10.31286907196045,5.676746845245361,6.063453674316406,10.427303314208984,10.37570858001709,4.808234214782715,2.494340658187866,4.052231311798096,5.103816986083984,4.144641399383545,3.529954433441162,3.0609593391418457,3.349148750305176,4.649059772491455,5.115149974822998
4.310671806335449,-0.5116450190544128,-1.3372572660446167,0.033343605697155,0.034418459981679916,1.9135816097259521,4.8390727043151855,4.22717809677124,5.55277156829834,8.820289611816406,8.115643501281738,6.419775485992432,6.173811435699463,6.829477787017822,7.696775436401367,9.631924629211426,10.643059730529785,10.917479515075684,13.33092975616455,15.742704391479492,15.833742141723633,14.869189262390137,13.203178405761719,11.352106094360352,10.023273468017578,10.837591171264648,16.742958068847656,20.280975341796875,15.368483543395996,8.219637870788574,6.9283552169799805,10.482206344604492,8.913930892944336,3.0173075199127197,1.642202377319336,2.886699676513672,4.61868143081665,5.327004909515381,4.041855335235596,3.9834041595458984,6.750354766845703,8.207143783569336,5.212366580963135
-1.4189136028289795,-3.5161986351013184,-2.1632649898529053,-2.4879374504089355,-1.1384146213531494,3.652733564376831,7.669037818908691,8.60102367401123,8.059536933898926,9.915634155273438,10.310789108276367,8.819164276123047,7.9584784507751465,8.563004493713379,10.079370498657227,11.132347106933594,11.057893753051758,10.542610168457031,11.890172958374023,13.939521789550781,14.154343605041504,12.890926361083984,11.22669506072998,9.5103178024292,9.776742935180664,12.859625816345215,15.286116600036621,14.199810981750488,11.093341827392578,7.903875827789307,7.056156158447266,8.170184135437012,5.9140424728393555,2.818617582321167,2.867114543914795,3.202972650527954,3.7172927856445312,4.944701671600342,5.317200183868408,6.328434944152832,10.213128089904785,12.293726921081543,7.249381065368652
-4.862551689147949,-4.245231628417969,-2.517242670059204,-1.5928279161453247,2.0059878826141357,5.8706769943237305,8.580181121826172,11.038969993591309,11.382039070129395,13.3788423538208,16.415382385253906,15.19105339050293,12.686805725097656,12.72465705871582,13.56042194366455,13.558588981628418,13.036160469055176,12.459558486938477,12.357895851135254,12.676360130310059,12.15904426574707,12.208612442016602,11.861982345581055,10.609721183776855,11.152790069580078,12.158952713012695,11.346695899963379,11.048605918884277,11.534354209899902,11.193437576293945,9.903762817382812,8.303486824035645,5.9348931312561035,3.842491388320923,3.8291032314300537,4.00132417678833,4.890446186065674,6.686752796173096,7.040106773376465,8.329353332519531,11.190774917602539,13.482619285583496,11.53909969329834
