data/wind_data/wind_59_9.json
{"header": {"parameterUnit": "KT", "parameterCategory": 2, "nx": 256, "ny": 198, "lo1": 44.73521041870117, "la1": -3.236724853515625, "lo2": 111.26478576660156, "la2": 43.468475341796875, "dx": 0.2609002888202667, "dy": -0.23708222806453705, "refTime": "2025-02-21 11:00:00", "forecastTime": 0, "parameterNumber": 2, "parameterNumberName": "eastward_wind"}, "data":
[rows 171 to 189 of 198, columns 172 to 214 of 256]
14.390630722045898,13.696130752563477,12.131593704223633,9.807646751403809,7.701037406921387,7.316030979156494,8.884650230407715,11.036566734313965,12.367403984069824,13.177249908447266,13.79137134552002,14.002291679382324,13.416950225830078,12.54013729095459,12.595494270324707,13.108006477355957,12.62088394165039,11.791434288024902,12.125815391540527,12.911417007446289,13.017374038696289,12.894097328186035,13.201643943786621,13.522639274597168,13.59545612335205,13.779560089111328,14.187895774841309,14.742921829223633,15.412524223327637,16.159954071044922,16.21036148071289,15.285696983337402,14.192782402038574,13.25118637084961,11.163952827453613,7.881164073944092,5.173342227935791,3.394350051879883,2.699880838394165,2.563896894454956,2.9881749153137207,4.92321252822876,7.941622734069824
14.506092071533203,14.291797637939453,12.209108352661133,9.91523265838623,8.178075790405273,7.408453941345215,7.777009010314941,9.180856704711914,10.922030448913574,12.260631561279297,13.167816162109375,13.501262664794922,13.186454772949219,13.14074420928955,13.927715301513672,14.364175796508789,13.743334770202637,13.277555465698242,13.770687103271484,14.168657302856445,13.626213073730469,12.990344047546387,13.17863655090332,13.741693496704102,13.903806686401367,13.642953872680664,13.767454147338867,14.924202919006348,16.5240478515625,17.252965927124023,16.64273452758789,15.577335357666016,14.767562866210938,13.693578720092773,11.709259986877441,9.289240837097168,6.858795166015625,4.447922229766846,2.8290631771087646,2.7999091148376465,3.979006052017212,5.521385669708252,7.45133113861084
13.532240867614746,14.227391242980957,12.97275161743164,10.994295120239258,9.063015937805176,7.690196990966797,7.340423583984375,8.095373153686523,9.64646053314209,11.496745109558105,13.192553520202637,14.010976791381836,13.761709213256836,13.700758934020996,14.541915893554688,15.311491966247559,15.36983871459961,15.44753646850586,15.79935073852539,15.53374195098877,14.415067672729492,13.561150550842285,13.726819038391113,14.375535011291504,14.6668119430542,14.332406997680664,14.241243362426758,15.467458724975586,17.3377685546875,17.72447395324707,16.26549530029297,14.909099578857422,14.362563133239746,13.368995666503906,11.483075141906738,9.756877899169922,8.513856887817383,6.995293617248535,5.111948490142822,3.89910626411438,4.392312049865723,6.188112735748291,8.106500625610352
12.440970420837402,13.468314170837402,13.370734214782715,12.446020126342773,10.912781715393066,9.02169132232666,7.9426774978637695,8.514640808105469,10.298837661743164,12.404825210571289,14.010232925415039,14.552477836608887,14.19279956817627,14.04556655883789,14.843307495117188,15.79053783416748,16.244909286499023,16.589683532714844,16.759702682495117,16.149518966674805,15.09205150604248,14.538705825805664,14.6409273147583,15.015644073486328,15.334725379943848,15.042342185974121,14.567986488342285,15.372562408447266,17.358928680419922,17.915000915527344,15.744932174682617,13.562332153320312,13.083841323852539,12.706853866577148,11.271164894104004,10.069951057434082,10.020722389221191,10.018753051757812,8.9591703414917,7.050821781158447,5.724687099456787,6.276087760925293,8.138958930969238
12.04110050201416,12.608804702758789,12.963767051696777,12.7361478805542,12.107441902160645,11.120028495788574,10.193675994873047,10.101269721984863,11.144572257995605,12.91637134552002,14.537598609924316,15.181323051452637,14.940251350402832,14.793856620788574,15.31751537322998,15.924149513244629,16.19823455810547,16.513540267944336,16.71915626525879,16.262720108032227,15.50220012664795,15.04611587524414,14.776666641235352,14.841983795166016,15.399521827697754,15.346479415893555,14.35552978515625,14.632404327392578,16.842622756958008,18.072052001953125,15.850085258483887,12.893189430236816,12.043842315673828,12.32985782623291,12.102639198303223,11.616305351257324,11.652196884155273,12.00459098815918,11.664754867553711,10.02633285522461,7.935848236083984,7.02060604095459,7.837292671203613
12.317493438720703,11.795866966247559,11.97609806060791,12.10653018951416,12.050189971923828,11.917757034301758,11.890915870666504,12.135998725891113,12.758461952209473,13.730481147766113,14.715628623962402,15.22961711883545,15.268294334411621,15.405336380004883,15.937602996826172,16.358217239379883,16.341005325317383,16.281265258789062,16.34006118774414,16.128173828125,15.707855224609375,15.465306282043457,15.393197059631348,15.774847030639648,16.594038009643555,16.4730281829834,14.797039031982422,14.156309127807617,15.92225456237793,17.55112648010254,16.141536712646484,13.454777717590332,12.402400970458984,12.970046997070312,13.544417381286621,13.6265869140625,13.525105476379395,13.31941032409668,12.869810104370117,11.755696296691895,9.905610084533691,8.261608123779297,7.872618198394775
13.432394981384277,12.064370155334473,11.57152271270752,11.443899154663086,11.588556289672852,12.035654067993164,12.59305191040039,13.20024299621582,13.885144233703613,14.585540771484375,14.995673179626465,14.876405715942383,14.514653205871582,14.672646522521973,15.396398544311523,15.8430757522583,15.627070426940918,15.38381290435791,15.566427230834961,15.818917274475098,15.99457836151123,16.29065704345703,16.62489128112793,17.283138275146484,18.30617904663086,18.15863609313965,15.928874969482422,14.086761474609375,14.77011775970459,16.513530731201172,16.42331886291504,14.630716323852539,13.423211097717285,14.016398429870605,15.072189331054688,15.218786239624023,14.79185962677002,14.421271324157715,14.047016143798828,13.28299331665039,11.918835639953613,10.203828811645508,8.91019344329834
14.599845886230469,13.16874885559082,12.072458267211914,11.539105415344238,11.731682777404785,12.565433502197266,13.502954483032227,14.103023529052734,14.505301475524902,14.964296340942383,15.293067932128906,15.033287048339844,14.211380004882812,13.664987564086914,13.874787330627441,14.20958137512207,14.039777755737305,13.944931983947754,14.724246978759766,16.11081314086914,17.242116928100586,17.708818435668945,17.6640682220459,17.951923370361328,18.89139747619629,18.876754760742188,16.602991104125977,14.207695007324219,14.048624992370605,15.632173538208008,16.582048416137695,15.761149406433105,14.36147403717041,14.148926734924316,15.1854829788208,16.061933517456055,16.025283813476562,15.65339469909668,15.425575256347656,15.056497573852539,14.150236129760742,12.764163970947266,11.345361709594727
15.15633487701416,13.762063980102539,12.585283279418945,11.975353240966797,12.137794494628906,13.040115356445312,14.168171882629395,14.865052223205566,14.988468170166016,14.9734468460083,15.10453987121582,15.182292938232422,14.787811279296875,14.04078483581543,13.660420417785645,13.955442428588867,14.569806098937988,15.332996368408203,16.386518478393555,17.480010986328125,18.13827133178711,18.284982681274414,18.075424194335938,17.956207275390625,18.29393768310547,18.221473693847656,16.316709518432617,13.819955825805664,13.293920516967773,14.748290061950684,16.27130889892578,16.154510498046875,14.884435653686523,14.134966850280762,14.723590850830078,16.061504364013672,17.17172622680664,17.57305908203125,17.291372299194336,16.614219665527344,15.794838905334473,14.93428897857666,14.058090209960938
15.75782585144043,13.818669319152832,12.314711570739746,11.79413890838623,12.076855659484863,12.92233657836914,14.000109672546387,14.791831016540527,15.044073104858398,15.042935371398926,15.18378734588623,15.446564674377441,15.360297203063965,14.771855354309082,14.260214805603027,14.473166465759277,15.568102836608887,17.223663330078125,18.699329376220703,19.226322174072266,18.815881729125977,18.212209701538086,17.724727630615234,17.282920837402344,17.101903915405273,16.989782333374023,15.934779167175293,13.90871810913086,12.906058311462402,13.814192771911621,15.46204662322998,16.13609504699707,15.465201377868652,14.796270370483398,15.308626174926758,16.835756301879883,18.427722930908203,19.244300842285156,19.035507202148438,18.148685455322266,17.126760482788086,16.267919540405273,15.449417114257812
16.46099853515625,14.37954044342041,12.590206146240234,11.813685417175293,11.959894180297852,12.66521167755127,13.573622703552246,14.318215370178223,14.78880786895752,15.101517677307129,15.390886306762695,15.678690910339355,15.85243034362793,15.863000869750977,15.815250396728516,15.985969543457031,16.728984832763672,17.98963165283203,19.000303268432617,18.983427047729492,18.265886306762695,17.620174407958984,17.02520179748535,16.28154754638672,15.875980377197266,16.03704833984375,16.01076316833496,15.033272743225098,13.8836088180542,13.94198226928711,15.143400192260742,16.233976364135742,16.419906616210938,16.315330505371094,16.94072151184082,18.424436569213867,19.86172103881836,20.35494613647461,19.943979263305664,19.230195999145508,18.41291046142578,17.324907302856445,15.85391902923584
17.002769470214844,15.228475570678711,13.577065467834473,12.607308387756348,12.510183334350586,13.037575721740723,13.765276908874512,14.361922264099121,14.661051750183105,14.70738410949707,14.79856014251709,15.269753456115723,16.080265045166016,16.800689697265625,17.107803344726562,17.12227439880371,17.237056732177734,17.6102294921875,17.745065689086914,17.115949630737305,16.195465087890625,15.751489639282227,15.692180633544922,15.623485565185547,15.605899810791016,15.903070449829102,16.35860824584961,16.23761558532715,15.408251762390137,14.961237907409668,15.543257713317871,16.50619888305664,17.209762573242188,17.83679962158203,18.71246910095215,19.771486282348633,20.588130950927734,20.800561904907227,20.520042419433594,20.087766647338867,19.458202362060547,18.222776412963867,16.199312210083008
17.34406280517578,15.926474571228027,14.614972114562988,13.77198600769043,13.555692672729492,13.859763145446777,14.362552642822266,14.620638847351074,14.376038551330566,13.898299217224121,13.846869468688965,14.609576225280762,15.894405364990234,17.057392120361328,17.622480392456055,17.511232376098633,17.06228256225586,16.646442413330078,16.197925567626953,15.479978561401367,14.775439262390137,14.592021942138672,14.886350631713867,15.394169807434082,15.929425239562988,16.38871192932129,16.967334747314453,17.28276252746582,16.514911651611328,15.376363754272461,15.26358699798584,16.038406372070312,16.96055793762207,17.913761138916016,18.863481521606445,19.621501922607422,20.171419143676758,20.628503799438477,20.991580963134766,21.04235076904297,20.454843521118164,19.00424575805664,16.772001266479492
16.7520809173584,15.5015869140625,14.623066902160645,14.260411262512207,14.22887897491455,14.41640853881836,14.766181945800781,14.87434196472168,14.352970123291016,13.645291328430176,13.673673629760742,14.703694343566895,16.187068939208984,17.380855560302734,17.84366798400879,17.510263442993164,16.698402404785156,15.906533241271973,15.397773742675781,15.03117847442627,14.709410667419434,14.58625602722168,14.651792526245117,14.981989860534668,15.853355407714844,16.849531173706055,17.58441734313965,18.051578521728516,17.381595611572266,15.376130104064941,14.025002479553223,14.38438606262207,15.432257652282715,16.335363388061523,17.172130584716797,18.148693084716797,19.215038299560547,20.218364715576172,21.023672103881836,21.370851516723633,20.892641067504883,19.489774703979492,17.451168060302734
14.401945114135742,13.929021835327148,13.867853164672852,14.009764671325684,13.990408897399902,13.975057601928711,14.210752487182617,14.255964279174805,13.840800285339355,13.582310676574707,14.11133861541748,15.31371784210205,16.638648986816406,17.57023048400879,17.811866760253906,17.26731300354004,16.310619354248047,15.658390045166016,15.512974739074707,15.402807235717773,15.000811576843262,14.548208236694336,14.250761032104492,14.195021629333496,14.850306510925293,16.12128448486328,17.047039031982422,17.291471481323242,16.84964370727539,15.2527437210083,13.46887493133545,13.304101943969727,14.48794174194336,15.426382064819336,15.771476745605469,16.387338638305664,17.582378387451172,18.916101455688477,19.983558654785156,20.54488754272461,20.299633026123047,19.23798370361328,17.773962020874023
10.904102325439453,11.280237197875977,11.813288688659668,12.058735847473145,12.074071884155273,12.419636726379395,12.97792911529541,13.232451438903809,13.292683601379395,13.706228256225586,14.626640319824219,15.72538948059082,16.6196346282959,17.1201229095459,17.134782791137695,16.548383712768555,15.643266677856445,15.137556076049805,15.121554374694824,14.85831356048584,14.032774925231934,13.263467788696289,12.922750473022461,12.765425682067871,12.887965202331543,13.602075576782227,14.46401596069336,14.743388175964355,14.424829483032227,13.649139404296875,12.745285987854004,12.599920272827148,13.352381706237793,13.969679832458496,14.004141807556152,14.19548225402832,15.090832710266113,16.422643661499023,17.731040954589844,18.65326499938965,18.85274314880371,18.335521697998047,17.598432540893555
7.461050987243652,8.3534517288208,8.976289749145508,9.222285270690918,9.723958015441895,10.724848747253418,11.74541187286377,12.542654037475586,13.365962982177734,14.391133308410645,15.33853816986084,15.868704795837402,16.08310890197754,16.152816772460938,15.91981029510498,15.251018524169922,14.397191047668457,13.668946266174316,13.002948760986328,12.086533546447754,11.070085525512695,10.563039779663086,10.710050582885742,11.01815414428711,11.067012786865234,10.976044654846191,11.136087417602539,11.560905456542969,11.945390701293945,11.993281364440918,11.710138320922852,11.589798927307129,11.898213386535645,12.316258430480957,12.585657119750977,12.932195663452148,13.672740936279297,14.729037284851074,15.76478099822998,16.543188095092773,16.976667404174805,17.13007164001465,17.264183044433594
5.5162553787231445,6.274966239929199,6.59116792678833,7.082952499389648,8.356754302978516,10.076008796691895,11.66918659210205,13.013447761535645,14.186698913574219,14.984140396118164,15.185884475708008,14.915523529052734,14.484888076782227,14.116600036621094,13.749062538146973,13.089435577392578,12.09090805053711,11.08778190612793,10.359962463378906,9.867460250854492,9.60278034210205,9.695539474487305,10.127114295959473,10.735651969909668,11.22012710571289,11.165619850158691,10.74682903289795,10.801671981811523,11.580581665039062,12.354681968688965,12.468382835388184,12.247336387634277,12.32989501953125,12.785994529724121,13.302651405334473,13.772205352783203,14.34400749206543,14.978870391845703,15.407554626464844,15.593939781188965,15.814446449279785,16.291101455688477,17.020483016967773
4.749476432800293,4.932397842407227,5.39913272857666,6.757725238800049,8.734759330749512,10.800124168395996,12.704667091369629,14.216222763061523,14.875872611999512,14.583450317382812,13.97427749633789,13.475854873657227,12.901576042175293,12.303871154785156,11.940764427185059,11.64981746673584,11.243549346923828,11.056509017944336,11.321532249450684,11.643607139587402,11.63581371307373,11.441258430480957,11.394756317138672,11.732705116271973,12.434521675109863,12.993474960327148,13.000383377075195,12.955578804016113,13.488417625427246,14.356369018554688,14.94231128692627,15.152320861816406,15.371000289916992,15.777545928955078,16.135543823242188,16.277542114257812,16.361968994140625,16.475278854370117,16.428466796875,16.190872192382812,16.09998321533203,16.461030960083008,17.260173797607422
