data/wind_data/wind_66_7.json
{"header": {"parameterUnit": "KT", "parameterCategory": 2, "nx": 256, "ny": 198, "lo1": 44.73521041870117, "la1": -3.236724853515625, "lo2": 111.26478576660156, "la2": 43.468475341796875, "dx": 0.2609002888202667, "dy": -0.23708222806453705, "refTime": "2025-02-21 18:00:00", "forecastTime": 0, "parameterNumber": 2, "parameterNumberName": "eastward_wind"}, "data":
[rows 40 to 59 of 198, columns 176 to 219 of 256]
-18.087121963500977,-13.118159294128418,-13.035528182983398,-12.892230987548828,-11.057729721069336,-9.0252685546875,-9.54039192199707,-7.640597343444824,-4.925819396972656,-4.231016159057617,-5.919936656951904,-8.537221908569336,-11.836812973022461,-14.017498970031738,-12.732237815856934,-10.574472427368164,-11.834956169128418,-16.330039978027344,-17.46175765991211,-16.206472396850586,-16.587635040283203,-18.937442779541016,-22.494661331176758,-26.804763793945312,-28.92264175415039,-28.524433135986328,-28.304479598999023,-28.18130111694336,-27.873857498168945,-27.368553161621094,-26.71234893798828,-25.944482803344727,-25.850128173828125,-26.36468505859375,-27.600439071655273,-29.815528869628906,-32.257484436035156,-34.35789108276367,-35.36160659790039,-35.26349639892578,-35.14609909057617,-35.496864318847656,-36.64508819580078,-38.35270690917969
-16.54038429260254,-11.920620918273926,-8.940855026245117,-7.685281753540039,-10.342131614685059,-9.603720664978027,-7.782448768615723,-6.050051689147949,-4.709911823272705,-4.962674617767334,-5.11372709274292,-9.057491302490234,-12.783161163330078,-13.020722389221191,-10.858128547668457,-11.190200805664062,-13.789734840393066,-16.690147399902344,-17.419294357299805,-16.886568069458008,-17.843482971191406,-20.023868560791016,-22.855195999145508,-25.773378372192383,-27.718481063842773,-27.156307220458984,-26.464941024780273,-26.115598678588867,-25.738819122314453,-25.590538024902344,-25.566675186157227,-25.73933219909668,-26.073131561279297,-26.777517318725586,-27.87177848815918,-29.591371536254883,-31.506349563598633,-32.78464889526367,-33.21303939819336,-33.33839416503906,-33.802764892578125,-34.964351654052734,-36.53104782104492,-38.64095687866211
-15.059038162231445,-12.187832832336426,-6.264885425567627,-2.5291240215301514,-9.22001838684082,-11.25917911529541,-8.16265869140625,-8.539051055908203,-9.744369506835938,-7.940128803253174,-6.739062309265137,-11.505495071411133,-14.108349800109863,-13.285240173339844,-11.964659690856934,-13.622089385986328,-15.961896896362305,-17.75858497619629,-18.66106605529785,-18.546363830566406,-19.133878707885742,-21.579954147338867,-24.27582550048828,-25.349781036376953,-26.645240783691406,-25.80206298828125,-25.11060905456543,-24.038503646850586,-23.661815643310547,-24.409704208374023,-24.96976089477539,-25.660457611083984,-26.319068908691406,-27.208932876586914,-28.500289916992188,-29.96294403076172,-31.096834182739258,-31.45746421813965,-31.59482765197754,-32.58354949951172,-34.155006408691406,-35.87977981567383,-37.55760192871094,-39.99376678466797
-14.071698188781738,-13.332736015319824,-6.996796607971191,-1.8517756462097168,-7.229945182800293,-10.589540481567383,-9.913567543029785,-11.701315879821777,-12.848494529724121,-10.270566940307617,-10.253860473632812,-13.827974319458008,-15.204466819763184,-15.302657127380371,-15.375677108764648,-16.24226188659668,-17.961254119873047,-19.602148056030273,-20.409156799316406,-20.777170181274414,-22.089908599853516,-22.50486183166504,-24.61934471130371,-25.431133270263672,-25.757266998291016,-24.920074462890625,-23.70947265625,-22.57322120666504,-22.518444061279297,-23.630590438842773,-24.820261001586914,-26.105491638183594,-27.18832015991211,-28.25646209716797,-29.65937614440918,-30.795639038085938,-30.929996490478516,-30.672130584716797,-31.306055068969727,-33.78413391113281,-36.089332580566406,-37.7089958190918,-39.190860748291016,-41.34181213378906
-13.74936294555664,-13.243244171142578,-8.186053276062012,-2.760190010070801,-5.361135005950928,-8.862154960632324,-10.534226417541504,-12.60096263885498,-13.023295402526855,-11.49697494506836,-11.872568130493164,-13.629903793334961,-15.392435073852539,-17.40369415283203,-18.291444778442383,-18.49299430847168,-19.950735092163086,-21.58177947998047,-22.076862335205078,-22.420482635498047,-23.913166046142578,-24.956729888916016,-25.22196388244629,-25.373157501220703,-24.74358558654785,-23.378849029541016,-22.347822189331055,-22.04330825805664,-22.600488662719727,-23.458267211914062,-25.02751922607422,-26.847110748291016,-28.43567657470703,-29.588897705078125,-30.778852462768555,-31.290523529052734,-30.957447052001953,-31.19460105895996,-32.744171142578125,-35.29124450683594,-37.93949890136719,-39.998626708984375,-41.546443939208984,-42.680912017822266
-13.898259162902832,-14.184772491455078,-8.821728706359863,-4.438642978668213,-3.8713674545288086,-7.517310619354248,-9.942331314086914,-11.832228660583496,-11.717231750488281,-10.638833045959473,-10.759923934936523,-12.298918724060059,-15.213789939880371,-18.21501350402832,-19.347267150878906,-19.854089736938477,-21.483455657958984,-22.813871383666992,-23.001657485961914,-23.461257934570312,-24.909204483032227,-25.720598220825195,-25.145217895507812,-24.334766387939453,-22.799762725830078,-22.077741622924805,-21.77092742919922,-22.255807876586914,-23.154958724975586,-24.122684478759766,-25.818235397338867,-27.929821014404297,-29.724878311157227,-30.76165771484375,-31.39667510986328,-31.499967575073242,-31.605077743530273,-32.827449798583984,-34.72002029418945,-36.42740249633789,-38.681243896484375,-40.9921760559082,-42.01750946044922,-41.37807083129883
-12.469754219055176,-13.826380729675293,-10.12609577178955,-6.687941551208496,-3.611966133117676,-6.367321014404297,-9.027825355529785,-10.58698844909668,-9.98755168914795,-9.163589477539062,-9.964131355285645,-12.430058479309082,-15.34788703918457,-17.77937889099121,-18.88238525390625,-20.11673927307129,-21.828262329101562,-22.604650497436523,-22.58510398864746,-23.057397842407227,-24.064672470092773,-24.331789016723633,-24.05087661743164,-22.6019344329834,-20.897045135498047,-21.019798278808594,-21.534114837646484,-22.716711044311523,-23.758907318115234,-24.942501068115234,-26.729740142822266,-28.700613021850586,-30.25914192199707,-30.903982162475586,-31.165477752685547,-31.749948501586914,-32.71440887451172,-34.18721008300781,-35.845245361328125,-36.80409622192383,-38.08522415161133,-39.73484420776367,-39.86804962158203,-38.265132904052734
-9.729415893554688,-10.195996284484863,-10.49324893951416,-8.141561508178711,-4.462889194488525,-4.911471843719482,-8.004960060119629,-9.289928436279297,-8.739904403686523,-8.664474487304688,-10.928037643432617,-13.810094833374023,-15.074851036071777,-16.337093353271484,-17.961862564086914,-19.6031551361084,-21.061586380004883,-21.20053482055664,-20.73653221130371,-21.11963653564453,-22.554677963256836,-23.636838912963867,-22.884340286254883,-21.05819320678711,-20.4744815826416,-20.877775192260742,-21.061134338378906,-22.719852447509766,-24.3364200592041,-25.734037399291992,-27.209157943725586,-28.54401206970215,-29.59027862548828,-30.080039978027344,-30.473464965820312,-31.61684226989746,-32.891319274902344,-33.7489013671875,-34.73371887207031,-35.01116943359375,-34.93250274658203,-35.23727798461914,-34.946651458740234,-33.44352722167969
-7.534708499908447,-6.756905555725098,-9.022481918334961,-9.017826080322266,-5.875720024108887,-3.9792754650115967,-6.740939140319824,-8.14306354522705,-7.898615837097168,-9.190617561340332,-12.694451332092285,-14.809117317199707,-13.664496421813965,-13.523595809936523,-16.452150344848633,-18.744121551513672,-19.68112564086914,-19.340112686157227,-18.363786697387695,-18.638256072998047,-21.6318359375,-24.141563415527344,-22.963699340820312,-20.68802261352539,-21.18174934387207,-21.452144622802734,-21.50245475769043,-23.04823112487793,-24.617189407348633,-25.586671829223633,-26.425798416137695,-27.471994400024414,-28.318740844726562,-28.63304901123047,-28.980257034301758,-30.426570892333984,-31.580541610717773,-31.18844985961914,-30.664161682128906,-30.43915367126465,-29.7193546295166,-29.235031127929688,-29.0937557220459,-28.018020629882812
-5.728525638580322,-4.70603084564209,-7.409603595733643,-8.795113563537598,-7.108067989349365,-4.941946029663086,-5.960259914398193,-7.42056941986084,-7.489105224609375,-9.926759719848633,-13.818302154541016,-14.785499572753906,-11.923446655273438,-10.227625846862793,-13.698556900024414,-17.17302703857422,-17.964693069458008,-17.410259246826172,-16.218299865722656,-16.67754364013672,-20.89813995361328,-24.28603744506836,-23.318923950195312,-21.329776763916016,-21.51209831237793,-22.115262985229492,-22.50826644897461,-23.38466453552246,-24.37863540649414,-24.65366554260254,-24.641246795654297,-25.36191749572754,-26.289308547973633,-26.869754791259766,-27.90729522705078,-29.86432456970215,-30.325054168701172,-28.08841323852539,-26.389049530029297,-25.77779769897461,-25.83310890197754,-26.08355140686035,-25.86612892150879,-25.91989517211914
-3.722386121749878,-3.083932638168335,-5.83530855178833,-7.959230899810791,-7.473788738250732,-6.723398208618164,-6.377079486846924,-7.216592788696289,-7.419060707092285,-10.04499626159668,-13.515115737915039,-13.57749080657959,-10.60629653930664,-8.361090660095215,-10.617437362670898,-14.560487747192383,-15.79803466796875,-15.093269348144531,-14.215128898620605,-15.42536449432373,-20.037012100219727,-23.398815155029297,-22.792171478271484,-21.131282806396484,-21.114788055419922,-21.28487777709961,-21.87839698791504,-22.321826934814453,-22.83296012878418,-23.203310012817383,-22.99370574951172,-22.891347885131836,-23.557992935180664,-25.453643798828125,-27.808128356933594,-29.481658935546875,-28.6445369720459,-25.885459899902344,-24.033506393432617,-23.80078887939453,-25.222257614135742,-25.77509307861328,-25.041414260864258,-25.51298713684082
-0.8226935863494873,-1.3747504949569702,-3.82960844039917,-5.738311290740967,-6.275252342224121,-7.015174865722656,-6.893929481506348,-7.1256794929504395,-7.539643287658691,-9.276473999023438,-11.653875350952148,-11.130350112915039,-9.084239959716797,-7.85960578918457,-8.748764038085938,-11.417238235473633,-12.922913551330566,-12.302474021911621,-11.933423042297363,-14.41179370880127,-19.14459800720215,-21.96049690246582,-21.229328155517578,-19.862350463867188,-20.042896270751953,-19.878793716430664,-20.287843704223633,-20.838340759277344,-20.873516082763672,-20.577911376953125,-20.1500244140625,-20.383529663085938,-21.746891021728516,-24.323047637939453,-26.49575424194336,-27.044160842895508,-25.564006805419922,-23.911720275878906,-22.611980438232422,-23.470916748046875,-25.61126708984375,-25.157371520996094,-23.706750869750977,-24.195545196533203
3.1806094646453857,0.8962404727935791,-1.7832468748092651,-2.7604315280914307,-3.178882122039795,-5.201469421386719,-6.5199294090271,-6.760178089141846,-7.401737213134766,-8.025362968444824,-8.863645553588867,-8.13286018371582,-7.105727195739746,-7.209090232849121,-7.774115085601807,-8.825785636901855,-9.776034355163574,-9.221726417541504,-9.28046989440918,-12.693263053894043,-17.690589904785156,-20.3507137298584,-20.1372013092041,-19.395429611206055,-19.74976921081543,-19.521467208862305,-19.761524200439453,-20.406095504760742,-19.555328369140625,-17.31448745727539,-15.274397850036621,-15.735346794128418,-19.616811752319336,-22.816944122314453,-23.97909927368164,-23.54259490966797,-22.189525604248047,-22.007774353027344,-21.594829559326172,-23.08552360534668,-24.7686767578125,-23.392820358276367,-21.440595626831055,-21.84542465209961
6.231330394744873,4.163959503173828,0.7924588322639465,-0.6469075679779053,-0.7841049432754517,-2.6814558506011963,-4.993122100830078,-6.067511081695557,-6.887592315673828,-6.729068756103516,-6.449619770050049,-5.947165012359619,-5.366292953491211,-5.638108253479004,-6.419713973999023,-6.970887660980225,-7.1139750480651855,-6.80918025970459,-7.244843006134033,-10.747137069702148,-15.71445083618164,-18.616769790649414,-19.643024444580078,-19.991626739501953,-20.672809600830078,-20.51958656311035,-20.66775894165039,-20.873764038085938,-19.282278060913086,-15.275458335876465,-10.662190437316895,-10.01146125793457,-14.613601684570312,-19.187803268432617,-20.109760284423828,-19.52582550048828,-19.478439331054688,-20.66659927368164,-21.354665756225586,-22.58095932006836,-23.009180068969727,-21.211149215698242,-19.968791961669922,-20.444334030151367
7.406233787536621,7.355647087097168,3.863273859024048,0.8551074862480164,-0.9053431749343872,-0.29949674010276794,-2.7781920433044434,-5.093019485473633,-6.2373270988464355,-5.637392520904541,-4.81983757019043,-4.743678092956543,-4.6860761642456055,-4.530921936035156,-4.708568096160889,-5.136961936950684,-5.331808567047119,-5.582775592803955,-6.393835544586182,-8.819043159484863,-13.11384105682373,-16.540300369262695,-18.657445907592773,-20.216049194335938,-20.480039596557617,-20.35386085510254,-20.803281784057617,-20.734304428100586,-17.471189498901367,-11.054665565490723,-7.828793525695801,-5.762518882751465,-9.03580093383789,-13.431745529174805,-15.279369354248047,-15.790367126464844,-17.4834041595459,-19.528486251831055,-20.894742965698242,-21.96742057800293,-21.140602111816406,-19.20477867126465,-18.832942962646484,-20.05544662475586
8.399497985839844,9.399304389953613,6.854341983795166,1.4595980644226074,-0.2045315057039261,0.7613211274147034,-0.9310349225997925,-3.951366901397705,-5.511519432067871,-4.950405120849609,-3.7409443855285645,-3.5964763164520264,-4.18298864364624,-4.569158554077148,-4.490588188171387,-4.173704147338867,-4.012258052825928,-4.831940650939941,-5.591850280761719,-6.591888427734375,-9.60818862915039,-13.737386703491211,-16.763580322265625,-18.467166900634766,-18.594825744628906,-18.330629348754883,-18.75826644897461,-18.116621017456055,-13.703715324401855,-7.7359442710876465,-6.999192237854004,-5.547214508056641,-6.733944892883301,-9.746617317199707,-11.863015174865723,-13.320331573486328,-15.94941520690918,-17.938566207885742,-19.5233154296875,-21.0155086517334,-19.408279418945312,-17.55710220336914,-17.477121353149414,-19.093610763549805
9.687270164489746,10.176551818847656,8.429550170898438,2.6547958850860596,1.1165871620178223,0.24683652818202972,-0.6679856777191162,-3.0056169033050537,-4.54147481918335,-4.420998573303223,-3.2343337535858154,-2.606900215148926,-3.1105804443359375,-4.294135570526123,-4.909054756164551,-4.558982849121094,-3.7673678398132324,-4.1916823387146,-4.652585506439209,-4.442370414733887,-6.479531764984131,-10.901948928833008,-14.443984031677246,-16.20883560180664,-16.841472625732422,-16.132665634155273,-15.005173683166504,-13.91065502166748,-11.537714004516602,-9.154413223266602,-10.709951400756836,-8.231461524963379,-7.565585613250732,-9.582961082458496,-11.176742553710938,-12.166245460510254,-13.978738784790039,-15.490540504455566,-17.6084041595459,-19.565719604492188,-17.73308563232422,-15.811029434204102,-15.700556755065918,-17.247177124023438
10.380657196044922,9.069064140319824,7.797557353973389,4.569299221038818,1.5905429124832153,-1.2461392879486084,-2.1622002124786377,-2.5387604236602783,-3.3518502712249756,-3.4095184803009033,-2.8443620204925537,-2.2774055004119873,-2.3085265159606934,-3.4693384170532227,-4.435670852661133,-5.504952907562256,-4.5749430656433105,-4.687546253204346,-4.417560577392578,-3.38641095161438,-5.0673346519470215,-8.861312866210938,-12.293712615966797,-13.635448455810547,-13.663749694824219,-11.915767669677734,-10.193955421447754,-9.40025806427002,-9.98783016204834,-12.079691886901855,-14.467771530151367,-12.000031471252441,-10.24002742767334,-11.598230361938477,-11.748506546020508,-11.23133373260498,-11.40919017791748,-13.30825424194336,-16.080934524536133,-17.5083065032959,-15.874981880187988,-14.001537322998047,-14.065303802490234,-15.4047212600708
9.173341751098633,7.432938575744629,5.609659194946289,5.003170013427734,1.6653773784637451,-3.1364028453826904,-4.235790252685547,-2.374502182006836,-1.9480043649673462,-1.851434350013733,-1.9433915615081787,-2.192607879638672,-2.4070465564727783,-3.1246161460876465,-3.475104331970215,-5.343175411224365,-6.267088413238525,-5.761189937591553,-4.89641809463501,-3.820054531097412,-5.205221176147461,-7.5686163902282715,-10.149323463439941,-11.023937225341797,-10.648687362670898,-8.880163192749023,-5.5364909172058105,-7.084959506988525,-10.301365852355957,-13.31482219696045,-15.48239517211914,-14.387063980102539,-11.974394798278809,-12.990436553955078,-12.584756851196289,-10.4324951171875,-10.067427635192871,-12.857017517089844,-15.45362377166748,-15.416123390197754,-13.672425270080566,-12.121844291687012,-12.26547908782959,-13.382225036621094
6.457413196563721,5.258016586303711,6.423650741577148,5.205543518066406,2.2121355533599854,-3.9550068378448486,-5.747437000274658,-2.4188151359558105,-0.25504446029663086,0.10368987172842026,-0.6253482103347778,-1.816540241241455,-2.69323468208313,-3.1683664321899414,-3.0350680351257324,-4.445810317993164,-8.782228469848633,-6.862489223480225,-5.102071762084961,-4.795474052429199,-5.937746524810791,-6.842001914978027,-8.028362274169922,-8.94239330291748,-9.129924774169922,-7.582705974578857,-3.880530834197998,-4.154904365539551,-11.195409774780273,-12.555276870727539,-14.229924201965332,-13.989760398864746,-10.481099128723145,-8.864664077758789,-10.377962112426758,-10.405838012695312,-10.858306884765625,-13.732236862182617,-13.616579055786133,-12.615843772888184,-11.109556198120117,-9.547829627990723,-9.68701171875,-10.912235260009766
