data/wind_data/wind_54_8.json
{"header": {"parameterUnit": "KT", "parameterCategory": 2, "nx": 256, "ny": 198, "lo1": 44.73521041870117, "la1": -3.236724853515625, "lo2": 111.26478576660156, "la2": 43.468475341796875, "dx": 0.2609002888202667, "dy": -0.23708222806453705, "refTime": "2025-02-21 06:00:00", "forecastTime": 0, "parameterNumber": 2, "parameterNumberName": "eastward_wind"}, "data":
[rows 133 to 151 of 198, columns 0 to 43 of 256]
71.80784606933594,68.19456481933594,67.46344757080078,66.23866271972656,64.41345977783203,64.20350646972656,64.62745666503906,64.51493835449219,63.813438415527344,63.245391845703125,63.13452911376953,62.951602935791016,61.7808837890625,59.7042121887207,57.8558235168457,56.892093658447266,56.27500915527344,55.1636848449707,53.344078063964844,51.61296081542969,51.2673225402832,52.65977478027344,54.882835388183594,56.27742385864258,56.41142654418945,55.97801971435547,55.94148254394531,58.01789093017578,62.832489013671875,66.34719848632812,66.54216003417969,66.0516128540039,65.8720703125,63.64152526855469,61.872188568115234,57.81468200683594,49.72472381591797,44.110286712646484,47.30995559692383,52.781639099121094,55.17112731933594,55.615943908691406,52.494632720947266,48.5211067199707
70.49034881591797,67.17703247070312,66.1745834350586,64.17211151123047,62.581260681152344,63.2054557800293,64.12848663330078,63.841915130615234,62.7697639465332,62.07136917114258,62.13814926147461,62.2952880859375,61.41222381591797,59.27448654174805,56.902095794677734,55.296634674072266,54.38569259643555,53.4052734375,51.93223571777344,50.489009857177734,50.31787872314453,52.02669906616211,54.775657653808594,56.88172912597656,57.63417053222656,57.146419525146484,56.68489074707031,58.83633804321289,63.32184982299805,65.49214172363281,65.01094818115234,64.94479370117188,64.60173034667969,62.473148345947266,58.96659469604492,52.279598236083984,47.53182601928711,50.346195220947266,56.034385681152344,57.41366195678711,56.30106735229492,50.95046615600586,44.206111907958984,44.27547836303711
69.14064025878906,66.51103210449219,65.34579467773438,62.647560119628906,60.85219955444336,61.89009094238281,63.205848693847656,62.96993637084961,61.806846618652344,61.17328643798828,61.48300552368164,61.856422424316406,61.12337112426758,59.05113220214844,56.48419952392578,54.373294830322266,52.96041488647461,51.855064392089844,50.72279739379883,49.803993225097656,49.9119987487793,51.71903991699219,54.649906158447266,57.258270263671875,58.7386360168457,58.92922592163086,58.56865692138672,60.25967025756836,63.24721908569336,64.17510986328125,64.43416595458984,65.31681823730469,62.65757751464844,56.70042419433594,50.90535354614258,49.73604965209961,53.663326263427734,58.766380310058594,60.141273498535156,57.871795654296875,53.39774703979492,45.3663444519043,42.74275207519531,46.993431091308594
67.74767303466797,65.77528381347656,64.76615142822266,62.1981086730957,59.83193588256836,60.333438873291016,61.46607208251953,61.375587463378906,60.55240249633789,60.31689453125,60.98628616333008,61.574249267578125,61.00052261352539,59.16590881347656,56.744895935058594,54.341529846191406,52.257667541503906,50.69409942626953,49.82373809814453,49.59980773925781,50.13661575317383,51.99727249145508,54.857505798339844,57.6650276184082,59.71660614013672,60.3889045715332,60.06233596801758,61.33590316772461,63.13343048095703,64.59254455566406,65.53295135498047,62.516929626464844,55.143672943115234,49.07331466674805,49.25672912597656,54.0224494934082,58.51458740234375,61.106117248535156,59.73337936401367,56.37173843383789,49.968814849853516,45.02085876464844,46.109615325927734,50.70386505126953
66.5816421508789,64.87166595458984,64.14977264404297,62.16812515258789,59.53166580200195,59.03914260864258,59.35340118408203,59.19368362426758,58.93659973144531,59.35869598388672,60.510005950927734,61.45641326904297,61.21834182739258,59.76289367675781,57.69999313354492,55.29398727416992,52.5662727355957,50.26314163208008,49.3619384765625,49.601131439208984,50.570823669433594,52.67256546020508,55.65778732299805,58.5208625793457,60.49319839477539,61.001625061035156,61.20400619506836,62.43013381958008,63.70766067504883,65.43335723876953,62.65898132324219,55.232547760009766,48.90351486206055,48.341041564941406,52.147769927978516,56.22885513305664,59.007606506347656,59.64012145996094,57.54758834838867,53.26784133911133,48.63869094848633,48.153526306152344,50.81391143798828,54.641212463378906
66.0191421508789,64.31267547607422,63.75696563720703,62.09160614013672,59.603336334228516,58.37245559692383,57.6474609375,57.05705642700195,57.174354553222656,58.245018005371094,59.93385314941406,61.352272033691406,61.545997619628906,60.48066329956055,58.855560302734375,56.84817886352539,54.047115325927734,51.160804748535156,49.65632247924805,49.62584686279297,50.79621124267578,53.43637466430664,56.858238220214844,59.672096252441406,61.28885269165039,62.036354064941406,62.91083526611328,62.975711822509766,63.75768280029297,62.31473922729492,55.71826171875,49.76985168457031,48.80813217163086,51.290374755859375,54.0140495300293,56.63405990600586,58.079978942871094,56.89125442504883,53.217777252197266,49.871707916259766,50.59480667114258,53.10619354248047,55.35530471801758,57.03166198730469
65.4965591430664,64.11286926269531,63.45452117919922,61.77756881713867,59.57006072998047,58.18896484375,56.82835388183594,55.66981887817383,55.73112487792969,57.1617317199707,59.28457260131836,61.07421875,61.59637451171875,60.905818939208984,59.82086944580078,58.52778625488281,56.274879455566406,53.23292541503906,50.89031219482422,50.12984848022461,51.12218475341797,54.233619689941406,58.209617614746094,61.15077590942383,62.570213317871094,63.5754280090332,63.893672943115234,62.410282135009766,61.01210021972656,56.058807373046875,50.458709716796875,49.587459564208984,51.97175598144531,54.20647430419922,55.851531982421875,57.38303756713867,56.341548919677734,52.85955810546875,50.14301300048828,52.04035186767578,55.392765045166016,56.704833984375,56.92720031738281,58.03736877441406
64.32772827148438,63.811920166015625,63.01790237426758,61.33135986328125,59.30859375,58.05964660644531,56.6276741027832,55.146358489990234,54.934844970703125,56.39179229736328,58.65342712402344,60.4612922668457,61.0953254699707,60.94019317626953,60.681217193603516,60.07389831542969,58.22743606567383,55.32288360595703,52.87690353393555,51.6609992980957,52.30581283569336,55.85725784301758,60.273067474365234,62.915958404541016,63.748741149902344,64.0426254272461,62.488555908203125,59.125244140625,55.80049133300781,51.920230865478516,50.43876647949219,52.28615951538086,54.51549530029297,56.05549621582031,57.627010345458984,56.66526412963867,53.22829818725586,51.702484130859375,54.4434700012207,57.26173400878906,57.855159759521484,57.13444137573242,57.565147399902344,59.12434005737305
62.828163146972656,62.73606872558594,62.22931671142578,60.88493347167969,58.94725036621094,57.72962951660156,56.53900146484375,55.20542907714844,54.86830139160156,56.075714111328125,58.006839752197266,59.49944305419922,60.284305572509766,60.84426498413086,61.26005172729492,60.86359786987305,59.05812454223633,56.560264587402344,54.82927703857422,53.95892333984375,55.3377685546875,59.435611724853516,63.337615966796875,64.51437377929688,63.52101516723633,61.73663330078125,58.317909240722656,54.423709869384766,52.34836959838867,52.00719451904297,52.914772033691406,54.15913772583008,55.27735900878906,56.95685577392578,56.599884033203125,53.46928405761719,52.7686767578125,56.80039978027344,60.238609313964844,59.210758209228516,57.26062774658203,57.35781478881836,59.6281623840332,60.3583984375
61.45252227783203,60.90457534790039,60.90364456176758,60.12384033203125,58.33745193481445,57.220035552978516,56.45912551879883,55.592830657958984,55.31627655029297,56.13478469848633,57.485416412353516,58.68098068237305,59.684783935546875,60.58831787109375,61.101402282714844,60.56232452392578,58.720481872558594,57.00994873046875,56.43329620361328,57.05237579345703,60.04305648803711,64.32731628417969,66.8231201171875,65.27088928222656,61.42844772338867,57.679012298583984,53.535770416259766,50.464576721191406,51.08095169067383,53.47718048095703,54.713321685791016,54.818424224853516,55.48548889160156,55.071868896484375,52.48238754272461,52.23908233642578,56.37908172607422,61.718685150146484,61.85514450073242,57.98576736450195,56.73634719848633,59.301856994628906,61.50968551635742,60.3101692199707
60.14765930175781,59.125648498535156,59.36825180053711,59.00611877441406,57.41481399536133,56.54436492919922,56.27428436279297,56.01881408691406,56.04458236694336,56.626434326171875,57.56304931640625,58.57040023803711,59.395591735839844,59.80179214477539,59.90090560913086,59.441925048828125,58.063167572021484,57.28657913208008,57.954654693603516,60.5662956237793,64.7486572265625,68.7409896850586,69.00579071044922,64.29544067382812,59.0196533203125,54.55573272705078,49.72399139404297,48.00624084472656,51.498046875,54.79300308227539,55.244720458984375,54.85036849975586,53.38753128051758,50.426475524902344,50.5335693359375,54.9672737121582,60.43528366088867,63.14875030517578,59.94838333129883,56.82685852050781,57.94565200805664,60.65119552612305,60.76718521118164,59.4293327331543
58.62381362915039,57.973052978515625,58.21955108642578,57.997825622558594,56.416542053222656,55.63165283203125,55.81869125366211,56.33930206298828,56.95664596557617,57.759063720703125,58.65330505371094,59.095130920410156,58.87418746948242,58.53806686401367,58.64578628540039,58.693321228027344,58.093353271484375,57.78657913208008,59.29023361206055,63.337764739990234,68.29126739501953,71.265625,68.53044891357422,62.38833999633789,57.487396240234375,52.48219299316406,47.829551696777344,48.96299362182617,53.21416091918945,54.826236724853516,54.25238037109375,52.21385192871094,48.780906677246094,48.22918701171875,53.14059829711914,59.047576904296875,62.11979675292969,60.63529968261719,57.82693862915039,57.44416046142578,58.92695999145508,59.54131317138672,58.85122299194336,59.52774429321289
56.597225189208984,57.039066314697266,57.39554977416992,57.193634033203125,55.39482116699219,54.5124626159668,55.15775680541992,56.54189682006836,58.0482292175293,59.398170471191406,59.941551208496094,59.243377685546875,58.13651657104492,57.99468231201172,58.897274017333984,59.38308334350586,58.76490783691406,58.478729248046875,60.89533233642578,65.73320770263672,70.26461029052734,70.8736572265625,66.42981719970703,60.929847717285156,56.315425872802734,51.63231658935547,49.78133010864258,52.26512145996094,54.078433990478516,53.280181884765625,51.067108154296875,48.104610443115234,47.26519775390625,51.11369705200195,56.71757507324219,59.88010025024414,59.71250534057617,58.29813003540039,58.01326370239258,58.58599853515625,58.532379150390625,57.794742584228516,58.301212310791016,60.616668701171875
55.20884704589844,56.279579162597656,56.7246208190918,56.396610260009766,54.30675506591797,53.40687561035156,54.54147720336914,56.85491180419922,59.26945877075195,60.49287033081055,59.90629196166992,58.512969970703125,57.98854446411133,59.033912658691406,60.539005279541016,60.55960464477539,59.55549240112305,60.10367202758789,63.380645751953125,67.5055923461914,70.00057220458984,68.94361877441406,64.84866333007812,60.01564025878906,55.48516082763672,52.45757293701172,52.69873046875,53.717994689941406,52.432640075683594,50.17803955078125,49.02373504638672,48.793636322021484,50.076778411865234,53.30824661254883,56.64377975463867,57.97303009033203,58.122135162353516,58.29053497314453,58.33602523803711,57.84970474243164,57.237064361572266,57.57825469970703,59.07749557495117,60.07350158691406
55.42359924316406,55.90357208251953,56.09064865112305,55.3908576965332,53.04120635986328,52.4237060546875,54.39967346191406,57.685482025146484,60.159767150878906,60.02281951904297,58.37306594848633,57.846805572509766,58.784969329833984,60.2175178527832,61.27660369873047,61.22892761230469,61.17792510986328,62.80058670043945,65.59877014160156,68.10957336425781,68.94834899902344,67.52964782714844,63.8492317199707,58.69602966308594,54.684364318847656,54.11099624633789,54.93312454223633,52.551292419433594,48.991729736328125,49.4301872253418,51.45020294189453,51.26777267456055,51.148990631103516,53.44428634643555,55.94743728637695,56.96741485595703,57.40557098388672,57.21561813354492,56.08041763305664,55.60911560058594,56.62403869628906,58.40450668334961,58.83378982543945,57.67316818237305
56.05975341796875,55.86392593383789,55.378440856933594,53.921119689941406,51.29413604736328,51.479801177978516,54.753936767578125,58.55504608154297,60.03605270385742,58.609615325927734,57.242393493652344,58.0001335144043,59.25310516357422,59.6744384765625,60.41063690185547,61.953086853027344,63.54412841796875,64.81897735595703,66.74597930908203,68.91352844238281,68.67781066894531,66.06550598144531,62.23778533935547,57.76061248779297,55.314876556396484,55.891910552978516,53.888912200927734,48.85667419433594,48.74789810180664,53.10191345214844,54.09038543701172,51.75642776489258,51.64923095703125,54.50067138671875,56.417903900146484,56.22645950317383,55.53313064575195,54.47893142700195,53.24156951904297,53.98365020751953,56.52374267578125,58.147666931152344,57.19839096069336,55.4508056640625
55.91165542602539,55.8109016418457,54.64649963378906,52.18759536743164,49.49055480957031,50.854251861572266,55.03920364379883,58.486053466796875,58.95768737792969,57.407806396484375,56.84224319458008,57.90031814575195,58.42817306518555,58.28510284423828,59.68098831176758,62.52799987792969,64.58264923095703,65.70027160644531,67.85921478271484,69.46080780029297,67.77434539794922,64.50122833251953,61.36209487915039,58.20430374145508,56.49142837524414,54.645225524902344,49.74589920043945,47.48397445678711,52.214744567871094,56.450767517089844,55.32719421386719,52.68634033203125,53.077693939208984,55.61733627319336,56.71333694458008,55.551422119140625,53.74415969848633,52.11753845214844,51.50227355957031,53.270591735839844,55.90370559692383,56.65278244018555,55.465797424316406,54.23056411743164
55.312435150146484,55.51190185546875,54.15068435668945,50.97615432739258,48.80348587036133,51.15839385986328,55.26600646972656,57.72263717651367,57.39992904663086,55.92960739135742,55.973724365234375,57.450225830078125,58.01502990722656,57.99345016479492,59.55336380004883,62.31675720214844,64.33145141601562,65.80580139160156,67.60299682617188,68.00904846191406,66.059326171875,63.50863265991211,61.269500732421875,59.20109939575195,56.38261413574219,51.23933029174805,46.93236541748047,49.361785888671875,55.3859977722168,58.145423889160156,56.631500244140625,54.4641227722168,54.51076889038086,56.092193603515625,56.69761276245117,55.25444030761719,52.871795654296875,51.05278015136719,50.89910888671875,52.756805419921875,54.78165817260742,55.11716079711914,54.279563903808594,53.55332946777344
54.00453186035156,54.83870315551758,53.83689498901367,50.70700454711914,49.661781311035156,52.687747955322266,56.12406921386719,57.08444595336914,55.69692611694336,54.29505157470703,55.20859909057617,57.536720275878906,58.491512298583984,58.07897186279297,58.787193298339844,61.14921569824219,63.59699630737305,65.1498031616211,65.50366973876953,64.77598571777344,63.63652801513672,62.446380615234375,61.09592056274414,59.58573913574219,55.96851348876953,50.37135696411133,47.910213470458984,51.151615142822266,56.432613372802734,59.45438766479492,58.771522521972656,56.290435791015625,55.08409881591797,55.710105895996094,56.236751556396484,55.0128059387207,52.624881744384766,50.93230438232422,50.94708251953125,52.34869384765625,53.81808853149414,54.24513626098633,53.72875213623047,53.213382720947266
