data/wind_data/wind_Surface_44.json
{"header": {"parameterUnit": "KT", "parameterCategory": 2, "nx": 255, "ny": 198, "lo1": 44.73521041870117, "la1": -3.236724853515625, "lo2": 111.26478576660156, "la2": 43.468475341796875, "dx": 0.26192745566368103, "dy": -0.23708222806453705, "refTime": "2025-02-20 20:00:00", "forecastTime": 0, "parameterNumber": 2, "parameterNumberName": "eastward_wind"}, "data":
[rows 114 to 132 of 198, columns 129 to 171 of 255]
5.462167739868164,6.94029426574707,7.132504463195801,5.021388053894043,2.4434735774993896,2.206483840942383,0.9411453604698181,-0.45781210064888,-3.4458253383636475,-4.4364914894104,-3.3493597507476807,-2.067617177963257,-1.803987741470337,-3.182474136352539,-4.417817115783691,-4.449382305145264,-3.979559898376465,-3.4882986545562744,-3.674790620803833,-4.245635509490967,-4.876473903656006,-4.971770763397217,-5.3124260902404785,-5.517602920532227,-5.39843225479126,-4.8984527587890625,-4.748124599456787,-4.462620258331299,-4.225264549255371,-3.647728681564331,-2.9230711460113525,-2.354116916656494,-2.426579236984253,-2.7842323780059814,-2.856462240219116,-2.3383359909057617,-2.6810638904571533,-4.243804931640625,-5.227671146392822,-4.560378551483154,-3.3640031814575195,-2.6438534259796143,-2.6324470043182373
5.590950965881348,6.545557022094727,6.690957546234131,4.583487510681152,0.8812055587768555,-0.2654971778392792,-1.329032301902771,-1.4476044178009033,-3.761305332183838,-4.689608573913574,-3.5691232681274414,-3.226670026779175,-3.9201626777648926,-4.554596900939941,-5.048274993896484,-5.309593677520752,-5.65407133102417,-5.847924709320068,-5.707329750061035,-5.463382244110107,-5.206197738647461,-5.029130458831787,-4.948910713195801,-4.9746904373168945,-4.902058124542236,-4.720592021942139,-4.601044178009033,-4.302799701690674,-4.029170036315918,-4.061108112335205,-4.140620708465576,-4.0386576652526855,-4.025745391845703,-4.380363464355469,-4.128954887390137,-4.188269138336182,-4.627129554748535,-5.312102794647217,-5.061660289764404,-4.953262805938721,-5.468989372253418,-5.532644271850586,-5.606888294219971
6.542680263519287,6.259669780731201,6.137176990509033,3.985684871673584,-0.9083338975906372,-3.2810115814208984,-2.258626699447632,-1.0766119956970215,-3.0338308811187744,-4.68556547164917,-4.344071388244629,-4.705552101135254,-4.750183582305908,-4.830871105194092,-5.343344688415527,-5.917021751403809,-6.702741622924805,-7.060041904449463,-6.283435344696045,-5.473414897918701,-5.071656703948975,-4.767714023590088,-4.525400638580322,-4.3652729988098145,-4.455592632293701,-4.646081447601318,-4.470272064208984,-4.4234161376953125,-4.104025840759277,-3.981260299682617,-4.083273410797119,-4.390909194946289,-3.831204652786255,-3.787214517593384,-4.546017169952393,-4.854849338531494,-5.1070098876953125,-5.110893726348877,-4.604027271270752,-4.606451511383057,-5.488679885864258,-6.494327068328857,-7.167879104614258
6.366931438446045,5.810847282409668,5.431343078613281,1.674920916557312,-3.5790371894836426,-3.6689014434814453,-0.8195527791976929,-0.7264511585235596,-3.726822853088379,-4.8634443283081055,-4.985943794250488,-5.146066665649414,-4.762808322906494,-4.695359706878662,-5.190115928649902,-5.993508815765381,-7.596192836761475,-7.77990198135376,-6.823012828826904,-5.795767307281494,-5.016719341278076,-4.400102138519287,-4.030553817749023,-4.017858982086182,-4.314111232757568,-4.5011115074157715,-4.493916034698486,-4.352810382843018,-4.003853797912598,-3.7033331394195557,-3.39729905128479,-2.951662063598633,-2.3189802169799805,-2.6032018661499023,-3.6240406036376953,-4.111281871795654,-3.949798345565796,-2.3055050373077393,-2.2148189544677734,-3.2756924629211426,-3.692208766937256,-5.274515151977539,-5.976284980773926
4.929968357086182,4.306508541107178,2.6539111137390137,-2.771639585494995,-5.326195240020752,-3.849583148956299,-1.0730527639389038,-0.1341298371553421,-1.57709801197052,-3.6164679527282715,-4.721993446350098,-4.497781753540039,-4.5715742111206055,-4.447570323944092,-5.138720512390137,-6.043039321899414,-7.514362812042236,-7.724376678466797,-7.1916823387146,-6.561285972595215,-5.194342613220215,-3.92665696144104,-3.220918655395508,-3.3712334632873535,-3.7141833305358887,-4.318424701690674,-4.485034942626953,-3.662262201309204,-3.0784499645233154,-3.8742809295654297,-4.282606601715088,-2.9914259910583496,-2.104599952697754,-4.283880233764648,-4.21644926071167,-1.4757788181304932,-0.49742498993873596,0.8757603764533997,1.795320749282837,-1.2120912075042725,-4.099328517913818,-3.6028823852539062,-2.129462480545044
3.922264337539673,2.265002965927124,-2.691986322402954,-6.880788326263428,-7.620882034301758,-5.746776580810547,-4.988614559173584,-5.3724141120910645,-4.453985214233398,-1.3089152574539185,0.08371715992689133,-2.119504690170288,-4.80087423324585,-5.491465091705322,-5.736710548400879,-6.439632892608643,-7.017707824707031,-6.914486885070801,-6.875575542449951,-7.140201568603516,-6.1596903800964355,-3.7988319396972656,-1.968403697013855,-1.7148945331573486,-2.456696033477783,-3.006939649581909,-3.626042366027832,-3.6642918586730957,-4.654801368713379,-4.949696063995361,-4.498205661773682,-2.9344794750213623,-2.2162747383117676,-5.041542053222656,-5.968217849731445,-2.5716824531555176,0.03969699516892433,2.609494209289551,2.1896238327026367,-1.311356544494629,-2.3990602493286133,-1.747626781463623,-0.07504303753376007
4.087717056274414,2.0235660076141357,-4.516406536102295,-8.839681625366211,-8.558816909790039,-4.742149353027344,-4.821977138519287,-7.634660720825195,-7.904062271118164,-6.958130359649658,-3.4876604080200195,2.014082431793213,0.6237843632698059,-4.448731899261475,-5.907332420349121,-6.442307472229004,-6.62833833694458,-6.57070255279541,-6.576107501983643,-6.525132179260254,-6.222023963928223,-5.222012996673584,-2.8878767490386963,-2.3592450618743896,-2.692950963973999,-2.4018609523773193,-2.9331295490264893,-4.964684963226318,-6.064175605773926,-5.10222864151001,-3.2624170780181885,-1.8524092435836792,-0.7598541378974915,-2.7641096115112305,-6.244585037231445,-4.494866371154785,0.2242371290922165,3.350080728530884,-0.1645316332578659,-2.8502309322357178,0.2540837228298187,2.1650550365448,2.607269287109375
4.4593400955200195,4.757099628448486,0.055375877767801285,-6.471485137939453,-8.247305870056152,-6.06185245513916,-5.607283592224121,-6.473093032836914,-7.201921463012695,-7.266236782073975,-6.178221225738525,-1.2236629724502563,5.184967994689941,1.9714046716690063,-4.386190414428711,-5.710775375366211,-5.711705207824707,-5.325596809387207,-4.796787738800049,-4.5314812660217285,-4.265899658203125,-4.646548271179199,-4.468545436859131,-5.02033805847168,-5.161923885345459,-2.960904598236084,-2.3019795417785645,-3.6452324390411377,-5.301880359649658,-4.472347259521484,-1.0522456169128418,1.3953675031661987,1.5799310207366943,-0.7047892212867737,-3.720722198486328,-2.3324263095855713,1.8725031614303589,2.7572360038757324,-1.4231079816818237,-1.9421948194503784,3.970933675765991,7.338288307189941,5.11907958984375
4.1498188972473145,4.884336948394775,4.1052141189575195,-1.5179811716079712,-6.405540943145752,-7.173680305480957,-6.156976699829102,-6.209592342376709,-6.840468406677246,-6.885369300842285,-5.367959499359131,-2.2823190689086914,5.176860809326172,7.5704755783081055,-0.3044940233230591,-3.641286611557007,-4.1640095710754395,-4.556351661682129,-4.038197040557861,-3.334078073501587,-2.3165314197540283,-1.9566740989685059,-4.739997863769531,-9.023258209228516,-9.976386070251465,-5.73911190032959,-1.6076539754867554,-1.5965639352798462,-4.32292366027832,-3.551403760910034,0.9999326467514038,5.172004699707031,5.823858737945557,2.685387372970581,-1.2464364767074585,-1.1589871644973755,4.686303615570068,7.883052349090576,1.3702619075775146,-1.5375906229019165,5.471636772155762,9.275153160095215,4.29703426361084
3.148372173309326,3.9079911708831787,-0.6053296327590942,-5.590231895446777,-6.348252773284912,-7.372098922729492,-7.285720348358154,-6.718702793121338,-7.203006267547607,-7.128988265991211,-5.56903600692749,-1.9788490533828735,5.5244903564453125,6.734528064727783,-1.4468857049942017,-4.359698295593262,-3.1567695140838623,-3.228055477142334,-4.1424689292907715,-3.173093557357788,-0.021692676469683647,1.0527352094650269,-1.9584197998046875,-6.113040447235107,-7.4532647132873535,-5.41530704498291,-1.8636431694030762,-0.04163363203406334,-1.0797672271728516,-0.7456865310668945,2.971381664276123,8.202462196350098,12.326499938964844,11.399818420410156,1.0000076293945312,-2.2056565284729004,8.366045951843262,13.842328071594238,7.485344886779785,1.8853929042816162,6.1981201171875,11.446227073669434,5.514190196990967
1.4902665615081787,1.1147239208221436,-6.998819351196289,-12.459227561950684,-10.663121223449707,-8.078861236572266,-5.387156963348389,-4.145379066467285,-5.1422576904296875,-5.051252365112305,-4.313133716583252,-3.3130040168762207,0.45865926146507263,2.0344207286834717,-2.3264946937561035,-4.25577974319458,-2.843552827835083,-1.845916509628296,-1.2742973566055298,-0.6724843978881836,1.221343994140625,1.0725338459014893,-1.8110560178756714,-3.4358608722686768,-2.887582778930664,-1.757759690284729,-0.07553330808877945,2.061568021774292,2.997667074203491,4.161037921905518,6.992426872253418,12.293633460998535,16.44437026977539,17.052595138549805,5.437230110168457,-1.0809918642044067,8.673978805541992,13.919705390930176,12.093520164489746,8.05981731414795,8.78908634185791,10.435530662536621,2.6197476387023926
-0.2381967157125473,-3.510556936264038,-9.824675559997559,-11.812263488769531,-8.96433162689209,-5.382789134979248,-5.639705657958984,-5.832355976104736,-6.131387710571289,-4.120660305023193,-3.683581590652466,-5.210310935974121,-3.818697690963745,-1.4411296844482422,-4.565846920013428,-6.083786487579346,-3.90386700630188,-0.5163929462432861,1.34217369556427,0.5485371947288513,1.0220180749893188,2.077209234237671,1.254549264907837,0.7291402220726013,0.6756085157394409,0.6120525002479553,1.0601696968078613,4.333018779754639,8.795329093933105,9.3274564743042,10.296491622924805,12.40015697479248,14.490574836730957,15.007616996765137,9.613058090209961,5.149737358093262,7.16712760925293,7.9764204025268555,7.482000350952148,9.64315414428711,14.156606674194336,10.259626388549805,0.2493971586227417
-1.4867607355117798,-4.402182579040527,-9.689865112304688,-11.336311340332031,-8.920389175415039,-5.077788352966309,-4.133788585662842,-4.976563453674316,-6.224711894989014,-7.2168684005737305,-5.865605354309082,-6.014058589935303,-4.623241424560547,-3.6212282180786133,-5.987540245056152,-9.069235801696777,-6.510909557342529,-0.40761375427246094,3.4539341926574707,3.238077163696289,3.6033480167388916,6.722150802612305,6.0028886795043945,5.430814743041992,3.822317361831665,1.9351297616958618,1.373779296875,4.651611804962158,9.124887466430664,12.4429349899292,12.93203353881836,11.202779769897461,8.512146949768066,8.930282592773438,11.34360408782959,10.657896995544434,7.244298458099365,5.603001117706299,8.486379623413086,13.30609130859375,17.65647315979004,15.448148727416992,7.110215663909912
0.2605492174625397,-4.258514881134033,-6.897721767425537,-9.665775299072266,-10.425663948059082,-7.012908458709717,-4.026034832000732,-7.486354827880859,-10.230046272277832,-7.388075351715088,-5.1897430419921875,-4.999900817871094,-3.977548599243164,-4.083707809448242,-6.6735076904296875,-9.892645835876465,-7.0207648277282715,0.24758218228816986,7.2797932624816895,10.59229564666748,7.021093845367432,8.855566024780273,8.715266227722168,9.05219841003418,5.306358337402344,2.9646880626678467,3.5680770874023438,5.215058326721191,7.397113800048828,9.772672653198242,10.491042137145996,10.115697860717773,8.85881233215332,8.185544967651367,12.335501670837402,15.18074893951416,12.480081558227539,10.59207820892334,11.01417064666748,12.102293014526367,12.887813568115234,11.0900239944458,7.311973571777344
-0.5560862421989441,-3.5319020748138428,-5.735960483551025,-10.508821487426758,-11.53310489654541,-8.379636764526367,-6.613770008087158,-8.629087448120117,-9.826781272888184,-7.836634159088135,-7.134276866912842,-6.095269203186035,-4.8093719482421875,-6.400050163269043,-8.050191879272461,-6.911521911621094,-3.662606954574585,0.7078030109405518,6.652920246124268,11.890420913696289,11.411664009094238,7.371461868286133,8.855314254760742,11.366509437561035,9.492910385131836,7.989380359649658,6.352659225463867,3.4161510467529297,5.403779983520508,10.855740547180176,12.26325511932373,13.469274520874023,12.932954788208008,13.281837463378906,13.117799758911133,11.38333797454834,8.900835037231445,9.77086067199707,10.872806549072266,9.939616203308105,10.02107048034668,8.880443572998047,5.721638202667236
-4.083508014678955,-8.327153205871582,-10.561690330505371,-11.414051055908203,-10.763229370117188,-8.111855506896973,-6.7609992027282715,-9.315614700317383,-12.87873363494873,-13.456759452819824,-13.562071800231934,-8.090635299682617,-4.3364434242248535,-9.162964820861816,-10.792267799377441,-7.110752105712891,-3.8909194469451904,-0.7197856903076172,3.143883466720581,10.090893745422363,17.455896377563477,12.280714988708496,5.74279260635376,6.540549278259277,6.750418186187744,5.95046854019165,4.795721530914307,3.2606139183044434,2.8124825954437256,7.051651477813721,11.462715148925781,12.13015079498291,10.023299217224121,9.629600524902344,10.788125991821289,10.13788890838623,9.68696117401123,10.716963768005371,10.63396167755127,9.429957389831543,8.859419822692871,7.016236782073975,5.1961140632629395
-9.295969009399414,-14.149182319641113,-13.934610366821289,-17.261844635009766,-15.779727935791016,-8.762506484985352,-6.627202033996582,-10.300755500793457,-12.816535949707031,-13.979400634765625,-12.636634826660156,-7.733238220214844,-3.6925086975097656,-6.33546257019043,-9.156503677368164,-6.379574775695801,-4.397128105163574,-3.387354612350464,0.30574876070022583,9.90821361541748,18.872304916381836,7.373360633850098,-0.96530681848526,2.8856570720672607,3.9810879230499268,3.259298086166382,4.256308555603027,6.398617267608643,6.2523512840271,7.143746376037598,11.121418952941895,11.560809135437012,8.622307777404785,8.292491912841797,9.90307331085205,10.660122871398926,10.579754829406738,9.361260414123535,8.631186485290527,9.434770584106445,8.239570617675781,4.766655921936035,3.6975162029266357
-10.474562644958496,-15.428153991699219,-16.25046730041504,-16.95209312438965,-14.44766616821289,-7.132716655731201,-5.587460517883301,-12.120611190795898,-13.275712013244629,-7.46079158782959,-5.2375006675720215,-7.54844856262207,-7.1652398109436035,-6.206881999969482,-7.908031463623047,-5.115243911743164,-3.6166062355041504,-1.6691499948501587,3.214818239212036,8.016736030578613,6.90914249420166,0.7100233435630798,-0.9613379240036011,2.2515199184417725,3.501922130584717,4.403485298156738,6.64109468460083,9.482142448425293,11.506964683532715,10.684955596923828,12.406285285949707,13.164336204528809,10.364439964294434,10.86777114868164,11.149292945861816,9.880386352539062,9.761883735656738,10.830354690551758,10.581544876098633,9.640647888183594,6.692527770996094,2.9785661697387695,2.248171806335449
-16.225515365600586,-14.482941627502441,-12.690680503845215,-10.878068923950195,-7.79156494140625,-5.3293070793151855,-7.595040321350098,-9.148938179016113,-4.365415573120117,6.492660045623779,7.25771951675415,-3.8590779304504395,-9.173112869262695,-9.55602741241455,-8.43081283569336,-2.9493918418884277,1.188517451286316,3.622786045074463,3.778433322906494,1.2581675052642822,1.6740132570266724,1.7438241243362427,2.2338645458221436,3.7864091396331787,5.245612144470215,6.6783366203308105,10.074416160583496,12.638843536376953,13.434795379638672,15.726153373718262,15.607698440551758,13.230095863342285,10.420313835144043,10.441733360290527,10.022590637207031,8.946020126342773,9.455382347106934,11.012971878051758,11.203932762145996,10.375955581665039,7.580984592437744,3.724100351333618,2.716808795928955
