data/wind_data/wind_Surface_17.json
{"header": {"parameterUnit": "KT", "parameterCategory": 2, "nx": 255, "ny": 198, "lo1": 44.73521041870117, "la1": -3.236724853515625, "lo2": 111.26478576660156, "la2": 43.468475341796875, "dx": 0.26192745566368103, "dy": -0.23708222806453705, "refTime": "2025-02-19 17:00:00", "forecastTime": 0, "parameterNumber": 2, "parameterNumberName": "eastward_wind"}, "data":
[rows 171 to 189 of 198, columns 129 to 171 of 255]
-4.271979808807373,-3.600031852722168,-3.4898324012756348,-3.671285390853882,-3.8462374210357666,-4.184139728546143,-4.508392810821533,-4.587884902954102,-4.221927642822266,-3.19008731842041,-3.100034475326538,-3.948385238647461,-4.813271522521973,-5.960411071777344,-6.931020259857178,-8.086520195007324,-8.507109642028809,-7.970661640167236,-6.9032464027404785,-6.725900173187256,-7.332346439361572,-7.74431037902832,-8.272141456604004,-8.716699600219727,-8.439251899719238,-7.782209873199463,-7.678743362426758,-8.021143913269043,-8.196256637573242,-7.165173530578613,-6.103601932525635,-5.439971923828125,-3.5731937885284424,-1.578654408454895,-0.24685364961624146,0.4442061483860016,2.3120996952056885,4.714514255523682,5.092846393585205,6.674900054931641,11.08008861541748,13.169106483459473,17.852275848388672
-3.8216607570648193,-3.5959064960479736,-3.9316182136535645,-4.062835693359375,-3.942749261856079,-4.3277788162231445,-4.855321407318115,-4.647379398345947,-3.6480042934417725,-3.0269761085510254,-3.3046722412109375,-4.440305709838867,-5.442226409912109,-6.316591262817383,-7.289181709289551,-8.223183631896973,-8.571040153503418,-7.7486572265625,-6.768894672393799,-6.70677375793457,-7.490851402282715,-7.738330364227295,-7.867918968200684,-7.963069438934326,-8.058945655822754,-7.637089252471924,-7.470329761505127,-6.164442539215088,-5.240209102630615,-6.072253704071045,-7.468204498291016,-8.125304222106934,-7.547504901885986,-6.546030044555664,-4.324520587921143,-2.501889944076538,-0.8474801182746887,0.8399221301078796,2.5541598796844482,4.962857246398926,7.719608783721924,10.648367881774902,15.65506649017334
-3.9706673622131348,-3.767242431640625,-3.9863152503967285,-4.056137561798096,-3.921565532684326,-4.259521484375,-4.633594989776611,-4.210444927215576,-3.0902483463287354,-2.5821290016174316,-3.2550318241119385,-4.085176467895508,-4.858651161193848,-6.074891567230225,-7.22446346282959,-7.878139019012451,-7.714386940002441,-7.1442484855651855,-6.764289379119873,-7.099318981170654,-7.595395565032959,-7.089648246765137,-6.284135341644287,-6.596413612365723,-7.246357440948486,-7.4240827560424805,-7.376002788543701,-6.930547714233398,-6.143909931182861,-4.94742488861084,-4.33972692489624,-4.609046459197998,-5.5408549308776855,-5.4420905113220215,-4.643446922302246,-4.265853404998779,-3.518608570098877,-2.1493091583251953,0.30487751960754395,3.785158395767212,6.467088222503662,8.648128509521484,11.475261688232422
-4.249475002288818,-3.7766263484954834,-3.3936617374420166,-3.4876201152801514,-3.7550084590911865,-4.279228687286377,-4.537769317626953,-3.9695518016815186,-3.1044516563415527,-2.872711181640625,-3.4994614124298096,-4.353969573974609,-5.057587146759033,-5.9875054359436035,-6.682466506958008,-6.771738052368164,-6.519758224487305,-6.243813514709473,-6.475151062011719,-6.762543678283691,-6.792338848114014,-6.585866451263428,-6.25537633895874,-6.209390163421631,-6.6123366355896,-6.736242294311523,-6.3631205558776855,-5.934743881225586,-5.804433822631836,-5.585383415222168,-4.934889793395996,-4.274384021759033,-3.601107358932495,-3.4421589374542236,-3.237666606903076,-3.527920961380005,-3.797231435775757,-3.4540324211120605,-1.5519006252288818,1.1134308576583862,3.2329599857330322,4.578121185302734,5.561385154724121
-4.1952223777771,-3.5983803272247314,-2.980943441390991,-2.9918324947357178,-3.248842239379883,-3.6068782806396484,-3.7391858100891113,-3.468451738357544,-3.0945262908935547,-2.856372117996216,-3.3722002506256104,-4.378213405609131,-5.0166215896606445,-5.834469318389893,-6.489099025726318,-6.767521381378174,-6.59234094619751,-6.355102062225342,-6.562533855438232,-6.766172885894775,-6.404150485992432,-5.970994472503662,-5.8677449226379395,-5.904953479766846,-6.1258111000061035,-6.143798351287842,-5.867053031921387,-5.660923480987549,-5.539768218994141,-5.074623107910156,-4.191122531890869,-3.9095354080200195,-4.151736736297607,-4.139045715332031,-4.015440940856934,-3.9805777072906494,-3.6066184043884277,-4.2479400634765625,-4.499843120574951,-3.310354471206665,-1.29128098487854,0.26781854033470154,0.9090935587882996
-4.037225246429443,-3.529127597808838,-2.8905961513519287,-2.5338754653930664,-2.7783148288726807,-3.17213773727417,-3.3096439838409424,-2.9940319061279297,-2.536952495574951,-2.601118803024292,-3.5964818000793457,-4.580395698547363,-5.057332992553711,-6.101410388946533,-6.812248706817627,-7.083651065826416,-6.7818922996521,-6.299172878265381,-6.1320672035217285,-6.142803192138672,-5.927815914154053,-5.665976524353027,-5.6063313484191895,-5.378913879394531,-5.302342891693115,-5.110508918762207,-4.809060573577881,-4.927461624145508,-5.195602893829346,-4.81471061706543,-4.123240947723389,-3.9363889694213867,-4.161233425140381,-4.3107428550720215,-3.93106746673584,-3.8254313468933105,-4.198392868041992,-4.700925827026367,-5.587345600128174,-5.306644916534424,-3.5606369972229004,-2.5980286598205566,-2.8187990188598633
-3.457068920135498,-3.3838276863098145,-2.578402519226074,-2.1067516803741455,-2.393432855606079,-2.7963008880615234,-2.750513792037964,-2.4172863960266113,-2.304825782775879,-2.6611859798431396,-3.785254716873169,-4.577208042144775,-5.407654285430908,-6.458376407623291,-7.309098243713379,-7.391171932220459,-6.870232105255127,-6.208301544189453,-5.794785022735596,-5.56097936630249,-5.169933319091797,-4.7379889488220215,-4.538549900054932,-4.755313873291016,-4.736826419830322,-4.558769226074219,-4.4114603996276855,-4.442472457885742,-4.45735502243042,-3.9048497676849365,-3.1788604259490967,-3.293323516845703,-3.6009864807128906,-3.694314479827881,-3.4152095317840576,-3.152942180633545,-3.6153924465179443,-4.018528938293457,-4.802026748657227,-5.021393299102783,-5.0792694091796875,-4.420073509216309,-4.470693588256836
-1.3044971227645874,-1.4330737590789795,-1.4759055376052856,-1.7766554355621338,-2.2517635822296143,-2.5604968070983887,-2.4842305183410645,-2.2186694145202637,-2.342052936553955,-3.1519298553466797,-4.229152679443359,-4.96195650100708,-5.349846839904785,-6.0223069190979,-6.565901279449463,-6.376211643218994,-5.734971523284912,-5.274147987365723,-5.1158270835876465,-4.820623874664307,-4.753718852996826,-4.541345596313477,-4.577013969421387,-4.459818363189697,-4.328134059906006,-4.262491703033447,-4.315713882446289,-4.328859329223633,-4.252141952514648,-3.6348118782043457,-3.301396131515503,-3.141188859939575,-3.1108901500701904,-3.1427412033081055,-3.08288836479187,-2.9451327323913574,-3.2354671955108643,-3.617398500442505,-3.7006797790527344,-4.231800556182861,-4.949252128601074,-4.948259353637695,-4.714637279510498
0.6503023505210876,1.1564494371414185,0.7327759861946106,-0.3314982056617737,-1.3780739307403564,-1.7808047533035278,-1.972091794013977,-2.223418712615967,-2.8350753784179688,-3.86596941947937,-4.764161109924316,-5.345382213592529,-5.577117443084717,-5.9304327964782715,-6.3113017082214355,-5.9309563636779785,-5.446194171905518,-5.166139602661133,-5.050470352172852,-4.8546037673950195,-4.668276786804199,-4.869433879852295,-4.56837797164917,-3.9911391735076904,-3.831117868423462,-4.281123161315918,-4.544557571411133,-4.213523864746094,-3.558361530303955,-3.289780616760254,-2.945871353149414,-2.591815948486328,-2.3844568729400635,-2.3250696659088135,-2.293931722640991,-1.9476261138916016,-1.9302935600280762,-2.7720870971679688,-3.3827643394470215,-3.4546048641204834,-3.62707781791687,-4.007167339324951,-4.736321449279785
2.651991605758667,3.1084539890289307,2.3244788646698,0.8784734010696411,-0.39609983563423157,-0.6204746961593628,-0.7508420944213867,-1.6102594137191772,-2.7520196437835693,-3.6573610305786133,-4.494337558746338,-4.9826507568359375,-5.466211318969727,-5.656418323516846,-5.746860504150391,-5.53149938583374,-5.3226399421691895,-5.186413764953613,-4.653670787811279,-4.227905750274658,-4.592779159545898,-4.534146785736084,-3.530169725418091,-2.7997500896453857,-3.32812237739563,-4.239055633544922,-4.367630481719971,-3.650531768798828,-2.9585187435150146,-2.6196634769439697,-2.201032876968384,-1.7190543413162231,-1.273083209991455,-0.9350682497024536,-0.8986914753913879,-0.9137355089187622,-0.7189158201217651,-1.172336220741272,-2.200209617614746,-2.681105375289917,-2.9948766231536865,-3.247551918029785,-3.41403865814209
4.298821926116943,3.612759590148926,2.7431514263153076,1.285771131515503,0.8020885586738586,0.8929973840713501,0.21712414920330048,-1.1674052476882935,-2.5973379611968994,-3.178291082382202,-3.565117597579956,-4.653005123138428,-5.240251064300537,-5.276407718658447,-5.228607177734375,-4.79419469833374,-4.743399143218994,-4.497040271759033,-4.176482677459717,-4.157867908477783,-3.959423542022705,-3.1994924545288086,-2.2004270553588867,-2.1979470252990723,-3.151653289794922,-3.814699411392212,-3.5439343452453613,-2.625761032104492,-1.8560160398483276,-1.4749082326889038,-1.1000075340270996,-0.6605615615844727,-0.07039643824100494,0.46974000334739685,0.5269586443901062,-0.005433313548564911,-0.4054449498653412,-0.8567702770233154,-1.9088047742843628,-2.570976734161377,-2.658872604370117,-2.678255081176758,-2.727320671081543
5.59826135635376,4.034831523895264,2.9522063732147217,2.4866750240325928,3.3774232864379883,3.573248863220215,1.9209975004196167,-0.17915533483028412,-1.5708616971969604,-2.372797966003418,-3.154474973678589,-4.119388103485107,-4.633393287658691,-4.347864627838135,-4.444917678833008,-4.600605010986328,-4.255598545074463,-4.16792631149292,-4.300291538238525,-3.8945159912109375,-3.0486605167388916,-2.1996071338653564,-1.9242908954620361,-2.3533897399902344,-2.862621307373047,-2.8559889793395996,-2.4375150203704834,-1.768619179725647,-1.0291024446487427,-0.3744630217552185,0.19275522232055664,0.47829681634902954,0.9242015480995178,1.3989925384521484,1.208240270614624,0.23489618301391602,-1.191144347190857,-2.3714847564697266,-3.145582437515259,-3.312061309814453,-3.2247209548950195,-3.2174642086029053,-3.2006094455718994
3.294116735458374,4.008253574371338,4.167344093322754,4.727726459503174,5.995364665985107,6.223419666290283,3.8226394653320312,0.7469427585601807,-1.7243711948394775,-2.683513879776001,-2.7562427520751953,-3.2597930431365967,-3.5851361751556396,-3.5750539302825928,-3.538461923599243,-3.242781639099121,-3.20188570022583,-3.7575156688690186,-3.8443381786346436,-2.69381046295166,-1.562768816947937,-1.4302259683609009,-1.5408660173416138,-1.565317988395691,-1.3745529651641846,-0.9849752187728882,-0.49143773317337036,-0.1599138081073761,-0.11965661495923996,0.5378511548042297,1.4641313552856445,1.5730769634246826,1.2798213958740234,0.9485362768173218,0.08499043434858322,-1.5660375356674194,-3.1931304931640625,-3.7816085815429688,-3.9193742275238037,-4.098892688751221,-3.6940524578094482,-3.1741018295288086,-3.1079483032226562
-0.46827712655067444,0.054441846907138824,2.422989845275879,4.9942169189453125,6.498775005340576,6.280542850494385,1.701107144355774,-3.325244903564453,-4.527395248413086,-4.331531047821045,-3.899102210998535,-3.9369194507598877,-3.307964324951172,-2.177480459213257,-1.7421027421951294,-2.1614153385162354,-2.512777090072632,-2.3646464347839355,-1.7732211351394653,-0.7374764084815979,-0.12440421432256699,-0.39272236824035645,-0.6785041689872742,-0.2890987992286682,0.43540775775909424,0.13052265346050262,-0.2001604288816452,-0.30978909134864807,-0.6426284909248352,0.42144256830215454,1.8267852067947388,1.7357760667800903,0.03438538685441017,-1.434404730796814,-2.4285120964050293,-3.609783887863159,-4.1349310874938965,-3.667898178100586,-3.308645486831665,-4.2979960441589355,-5.160354137420654,-4.696951389312744,-4.150615692138672
0.9137980341911316,-1.7168649435043335,-0.7548074722290039,1.9287019968032837,2.6532745361328125,-1.4449412822723389,-3.8797690868377686,-3.6145238876342773,-3.897444486618042,-4.013759136199951,-3.483201503753662,-3.8735764026641846,-4.332229137420654,-3.962928295135498,-2.679422616958618,-1.6007925271987915,-1.0889173746109009,-0.6485476493835449,-0.21921367943286896,0.4228157699108124,0.829633355140686,0.589943528175354,0.29690203070640564,0.5945116281509399,0.6880429983139038,-0.6458052396774292,-2.0412731170654297,-2.8477299213409424,-2.75472092628479,-1.2635747194290161,-0.3821556568145752,-0.9681219458580017,-2.186718463897705,-2.5215814113616943,-3.1113357543945312,-3.993130683898926,-4.516946792602539,-4.199893951416016,-3.0294439792633057,-3.5289790630340576,-5.950629234313965,-6.125614643096924,-5.264877796173096
1.191377878189087,0.018994469195604324,-1.093736171722412,-1.2389346361160278,-3.2862377166748047,-5.358061790466309,-5.163524627685547,-4.176484107971191,-3.7315542697906494,-3.9514527320861816,-3.38972544670105,-2.314145803451538,-2.202883720397949,-2.8078408241271973,-3.0688228607177734,-2.350301742553711,-1.382728934288025,-0.753464937210083,-0.562666118144989,-0.1679975837469101,0.2460864931344986,0.0157944206148386,-0.3074454069137573,-0.25875124335289,-0.7209594249725342,-2.7723467350006104,-4.744162559509277,-4.812492847442627,-3.867387294769287,-3.877073287963867,-3.83638334274292,-3.9638161659240723,-3.5540695190429688,-2.9967031478881836,-3.5562257766723633,-4.716620445251465,-5.1298041343688965,-5.454564571380615,-4.050368785858154,-4.110402584075928,-5.739429950714111,-5.971144676208496,-5.377425670623779
-0.3206918239593506,0.6395692825317383,0.885435163974762,-1.1530309915542603,-3.161289930343628,-2.7065980434417725,-1.2621582746505737,-0.4168250858783722,0.14318285882472992,-0.00045279416372068226,-0.4657555818557739,-0.1164308711886406,0.005830821581184864,-0.608905553817749,-1.4363552331924438,-2.5205416679382324,-3.2186989784240723,-4.034369468688965,-4.664975643157959,-4.044497489929199,-2.8022522926330566,-2.2607932090759277,-1.9379956722259521,-2.313506603240967,-2.7751240730285645,-3.572894334793091,-4.204949855804443,-4.37730598449707,-4.73199987411499,-5.7840423583984375,-5.830065727233887,-5.180922031402588,-4.349835395812988,-3.663445234298706,-3.5470962524414062,-3.8093161582946777,-5.2900919914245605,-5.738718509674072,-4.182132720947266,-3.564718723297119,-3.744410514831543,-3.110017776489258,-2.952770948410034
2.394331693649292,1.8165141344070435,2.9766407012939453,1.3927149772644043,-2.330852508544922,-1.797033667564392,1.4479777812957764,3.5160319805145264,4.732053756713867,4.85533332824707,4.742954254150391,4.0519938468933105,2.4668149948120117,0.4703561067581177,0.19635042548179626,-0.678369402885437,-1.991839051246643,-3.0867888927459717,-4.124388217926025,-4.006606578826904,-3.170776605606079,-2.4500060081481934,-2.095416307449341,-2.951934576034546,-3.1094918251037598,-2.9383676052093506,-4.0868449211120605,-4.7305426597595215,-4.529029369354248,-4.069976806640625,-3.8817005157470703,-4.380252838134766,-4.9977126121521,-2.927032470703125,-1.8649632930755615,-3.0629656314849854,-4.914185523986816,-4.7555670738220215,-2.9143967628479004,-0.8827320337295532,0.7632948160171509,1.4571640491485596,0.5746421813964844
3.843421459197998,5.164161682128906,3.0086135864257812,-2.5125744342803955,-5.848564624786377,-3.6784825325012207,3.8759050369262695,8.848896980285645,8.09917163848877,6.057446002960205,5.302182197570801,5.304278373718262,3.540894031524658,3.8248023986816406,3.254972457885742,0.8744226694107056,-0.9132205247879028,-0.5755736827850342,-0.053940512239933014,-0.29473674297332764,-0.34246405959129333,0.22878627479076385,0.3133014738559723,-0.7278828024864197,-1.91346275806427,-2.7080981731414795,-3.0740833282470703,-3.539355516433716,-2.5230796337127686,-0.6054957509040833,0.23066256940364838,-0.8312134146690369,-2.020664691925049,-2.8071563243865967,-5.403720855712891,-6.255669116973877,-4.026707649230957,-0.23092268407344818,0.9929819703102112,0.04321420565247536,-1.785967230796814,-2.2807936668395996,-0.9492574334144592
