data/wind_data/wind_15_4.json
{"header": {"parameterUnit": "KT", "parameterCategory": 2, "nx": 256, "ny": 198, "lo1": 44.73521041870117, "la1": -3.236724853515625, "lo2": 111.26478576660156, "la2": 43.468475341796875, "dx": 0.2609002888202667, "dy": -0.23708222806453705, "refTime": "2025-02-19 15:00:00", "forecastTime": 0, "parameterNumber": 2, "parameterNumberName": "eastward_wind"}, "data":
[rows 57 to 75 of 198, columns 132 to 175 of 256]
-4.438259601593018,-4.208785057067871,-4.627094745635986,-4.5586652755737305,-4.211884021759033,-4.001444339752197,-3.8185079097747803,-3.508197069168091,-3.014216423034668,-2.6809022426605225,-2.6124417781829834,-2.710860252380371,-2.918048858642578,-3.135030508041382,-3.308628559112549,-3.4884307384490967,-3.700824737548828,-3.824610471725464,-3.7348716259002686,-3.4757590293884277,-3.2605247497558594,-3.175694704055786,-3.2177724838256836,-3.2857699394226074,-3.2819411754608154,-3.261345624923706,-3.1211555004119873,-2.892371416091919,-2.665688991546631,-2.5858192443847656,-2.4161434173583984,-2.010820150375366,-1.4508838653564453,-0.9652515053749084,-0.49544891715049744,0.22563055157661438,1.0182056427001953,1.6646499633789062,2.2482218742370605,2.681783676147461,2.7912373542785645,2.6547722816467285,2.456000804901123,2.310354709625244
-3.9511802196502686,-3.7409212589263916,-4.045200824737549,-3.9927687644958496,-3.6231000423431396,-3.6319239139556885,-3.654491662979126,-3.526336193084717,-3.107235908508301,-2.682509422302246,-2.524265766143799,-2.6259026527404785,-2.852839231491089,-3.103969097137451,-3.3794641494750977,-3.721282482147217,-4.052397727966309,-4.163620948791504,-4.030618190765381,-3.614373207092285,-3.141029119491577,-2.806117057800293,-2.7227389812469482,-2.786569833755493,-2.7859768867492676,-2.6948978900909424,-2.593212366104126,-2.4867630004882812,-2.271991014480591,-2.0770041942596436,-1.941724181175232,-1.7477519512176514,-1.4166640043258667,-0.9897763133049011,-0.5329644680023193,0.061275582760572433,0.861409068107605,1.689631700515747,2.4529309272766113,3.158592700958252,3.636834144592285,3.7871267795562744,3.5920403003692627,3.1882388591766357
-3.1428284645080566,-3.015768527984619,-3.224459171295166,-3.319880247116089,-3.0015759468078613,-2.978820323944092,-3.2693593502044678,-3.554231643676758,-3.370288372039795,-2.869290828704834,-2.575850486755371,-2.5272138118743896,-2.642446756362915,-2.7376797199249268,-2.875809669494629,-3.1708827018737793,-3.5473053455352783,-3.840916633605957,-3.9483401775360107,-3.7509350776672363,-3.2917630672454834,-2.792443037033081,-2.4705731868743896,-2.3341903686523438,-2.2415339946746826,-2.0956735610961914,-1.9342925548553467,-1.8381372690200806,-1.723766803741455,-1.5252132415771484,-1.3158310651779175,-1.1370960474014282,-0.9380320310592651,-0.7047320604324341,-0.4575684666633606,-0.1106535792350769,0.49795931577682495,1.3577266931533813,2.2781412601470947,3.1593425273895264,3.883080244064331,4.386452674865723,4.596764087677002,4.394400596618652
-2.088125467300415,-2.304192066192627,-2.301628351211548,-2.497873544692993,-2.4350414276123047,-2.1027610301971436,-2.454524278640747,-3.145320415496826,-3.2927563190460205,-2.818516969680786,-2.4025843143463135,-2.1100990772247314,-2.088209867477417,-2.134958028793335,-2.255418539047241,-2.459773540496826,-2.719633102416992,-3.0130224227905273,-3.2587287425994873,-3.3776304721832275,-3.2253713607788086,-2.828165054321289,-2.375377893447876,-1.9956423044204712,-1.6912386417388916,-1.4406698942184448,-1.2448207139968872,-1.1126909255981445,-1.0058180093765259,-0.8686323761940002,-0.671643853187561,-0.46182650327682495,-0.25365933775901794,-0.06402843445539474,0.07306287437677383,0.1812554895877838,0.42563319206237793,1.007310390472412,1.8144595623016357,2.69498610496521,3.551669120788574,4.27431583404541,4.78607702255249,5.041546821594238
-1.125805139541626,-1.7132285833358765,-1.6273343563079834,-1.663407325744629,-1.8648790121078491,-1.4755313396453857,-1.6725682020187378,-2.430222749710083,-2.7443692684173584,-2.3135924339294434,-1.8060426712036133,-1.3542917966842651,-1.1618313789367676,-1.1853687763214111,-1.4233163595199585,-1.735392451286316,-2.036985158920288,-2.281656265258789,-2.4808201789855957,-2.6877031326293945,-2.760085344314575,-2.5980262756347656,-2.2582521438598633,-1.8378417491912842,-1.4024569988250732,-0.9763519763946533,-0.6139411926269531,-0.3906758725643158,-0.3227098882198334,-0.282071977853775,-0.1456187516450882,0.07484512776136398,0.3315410912036896,0.5516240000724792,0.7186160683631897,0.8577253818511963,0.9848566651344299,1.1989948749542236,1.6364103555679321,2.2527670860290527,2.9897284507751465,3.743645191192627,4.412694454193115,4.939450263977051
-0.4567103087902069,-1.0004808902740479,-1.0219142436981201,-0.9259380102157593,-1.098506212234497,-0.9509620070457458,-0.9228062629699707,-1.4157304763793945,-1.775793433189392,-1.4663194417953491,-1.0481292009353638,-0.6393929123878479,-0.29853445291519165,-0.1634816825389862,-0.2897898554801941,-0.6249710321426392,-1.0256376266479492,-1.3672187328338623,-1.616349220275879,-1.8010141849517822,-1.9151955842971802,-1.9248132705688477,-1.807853102684021,-1.5908180475234985,-1.298835277557373,-0.9059939384460449,-0.4225328266620636,0.013802163302898407,0.24757471680641174,0.28736409544944763,0.2833743393421173,0.39682909846305847,0.6427718997001648,0.9400076270103455,1.189103126525879,1.411080002784729,1.649031400680542,1.8460493087768555,2.0042178630828857,2.2834577560424805,2.766867160797119,3.348541498184204,3.9160046577453613,4.418283939361572
0.6367490291595459,0.18126477301120758,0.07720011472702026,0.023491177707910538,-0.13532578945159912,-0.115984246134758,0.09182129055261612,-0.06567806750535965,-0.4530276954174042,-0.3308475911617279,-0.12722067534923553,0.1025625541806221,0.4014859199523926,0.640499472618103,0.7297424077987671,0.5902534127235413,0.2634984850883484,-0.09043078869581223,-0.3755630850791931,-0.5665638446807861,-0.7085006237030029,-0.7976641058921814,-0.8273709416389465,-0.8080335855484009,-0.758795440196991,-0.6623464226722717,-0.43323931097984314,-0.021375076845288277,0.4358900487422943,0.7209841012954712,0.7991430163383484,0.8034517168998718,0.8997611999511719,1.1740351915359497,1.5394659042358398,1.8447540998458862,2.097601890563965,2.3723580837249756,2.5954580307006836,2.737718343734741,2.985663890838623,3.3837671279907227,3.779057741165161,4.1044487953186035
2.8481345176696777,1.9017678499221802,1.4710603952407837,1.1638164520263672,0.8417050242424011,0.9191405177116394,1.2441725730895996,1.3550270795822144,0.9582632184028625,0.9162149429321289,1.0289775133132935,1.1022369861602783,1.2351435422897339,1.380832552909851,1.5073798894882202,1.5714421272277832,1.4839719533920288,1.2533875703811646,0.9923673272132874,0.7795151472091675,0.6334967613220215,0.5435423254966736,0.4945049285888672,0.46592622995376587,0.4239947199821472,0.3219464421272278,0.1940658837556839,0.2325158715248108,0.5306217074394226,0.9187949299812317,1.2045186758041382,1.3157870769500732,1.342867374420166,1.4624570608139038,1.781374454498291,2.184034824371338,2.4997315406799316,2.7534239292144775,3.031142234802246,3.2520487308502197,3.4249930381774902,3.690720796585083,4.009143829345703,4.186992645263672
4.913515567779541,3.633063793182373,2.7557461261749268,2.2552103996276855,1.964155673980713,2.093470335006714,2.3601810932159424,2.6317007541656494,2.3677620887756348,2.280687093734741,2.2972941398620605,2.284304618835449,2.3206350803375244,2.3237552642822266,2.3312630653381348,2.4235939979553223,2.5685956478118896,2.6034650802612305,2.4489364624023438,2.174207925796509,1.948086142539978,1.834185242652893,1.7924790382385254,1.7830029726028442,1.7598931789398193,1.6623717546463013,1.4534918069839478,1.2131034135818481,1.1442071199417114,1.3047856092453003,1.5586084127426147,1.7467304468154907,1.8237829208374023,1.91031813621521,2.1229336261749268,2.4538376331329346,2.8096728324890137,3.121735095977783,3.4042906761169434,3.6760358810424805,3.8517603874206543,3.990722894668579,4.244325637817383,4.496970176696777
5.4873881340026855,4.582011699676514,3.9233760833740234,3.207581043243408,3.2724716663360596,3.533400058746338,3.5220706462860107,3.806764602661133,3.692033052444458,3.6236960887908936,3.6444199085235596,3.62306809425354,3.5802035331726074,3.4941890239715576,3.3975629806518555,3.381166934967041,3.5421173572540283,3.7964365482330322,3.9220168590545654,3.7936182022094727,3.500674247741699,3.2243096828460693,3.0539402961730957,2.98415207862854,2.950166702270508,2.840366840362549,2.623882532119751,2.357341766357422,2.133197784423828,2.068960189819336,2.1766090393066406,2.303799629211426,2.3365278244018555,2.3656649589538574,2.5371646881103516,2.8173391819000244,3.116910696029663,3.41799259185791,3.7553470134735107,4.071889877319336,4.273346900939941,4.329533100128174,4.3847432136535645,4.61967134475708
5.768555641174316,4.921849250793457,4.531464099884033,3.746412992477417,4.20479154586792,4.744290351867676,4.577948570251465,4.796797752380371,4.76266622543335,4.702780246734619,4.793013095855713,4.83410120010376,4.776726722717285,4.639549732208252,4.447887420654297,4.300661087036133,4.335219383239746,4.591047286987305,4.935722827911377,5.1635589599609375,5.137795448303223,4.909236907958984,4.632626056671143,4.392861843109131,4.2082295417785645,3.9959089756011963,3.6768829822540283,3.3217227458953857,3.0323970317840576,2.895179033279419,2.9527978897094727,3.0896079540252686,3.1044557094573975,2.975374221801758,2.972792387008667,3.2135169506073,3.478398084640503,3.7262473106384277,3.9966115951538086,4.374694347381592,4.711475849151611,4.832859516143799,4.762948036193848,4.725240230560303
6.346466541290283,5.320806503295898,4.522878170013428,3.857132911682129,4.437808513641357,5.072316646575928,5.134509563446045,5.429146766662598,5.48043155670166,5.406605243682861,5.5003132820129395,5.627958297729492,5.6268815994262695,5.479695796966553,5.220384120941162,4.941702365875244,4.805202960968018,4.929041385650635,5.296878814697266,5.780152797698975,6.2078728675842285,6.415489673614502,6.388818740844727,6.177744388580322,5.8343915939331055,5.414193630218506,4.936037540435791,4.427501678466797,3.9729413986206055,3.6916849613189697,3.6828925609588623,3.888357639312744,4.0631818771362305,3.968092441558838,3.7338380813598633,3.730116844177246,3.875258684158325,4.124851226806641,4.305365562438965,4.56581974029541,4.984200477600098,5.339150428771973,5.426628589630127,5.26591157913208
6.519495964050293,5.446471214294434,4.3388566970825195,3.7675209045410156,4.161920070648193,4.632453441619873,5.201361656188965,5.776510715484619,5.994724750518799,5.961101055145264,6.006809711456299,6.172027111053467,6.2441816329956055,6.128136157989502,5.864698886871338,5.531702995300293,5.265238285064697,5.212520122528076,5.418222904205322,5.845309734344482,6.458937168121338,7.11885929107666,7.618161678314209,7.795024394989014,7.588348865509033,7.064291000366211,6.366443634033203,5.664190769195557,5.068683624267578,4.619344234466553,4.394689083099365,4.485467910766602,4.778982162475586,4.989190101623535,4.920222282409668,4.628917217254639,4.449615001678467,4.556141376495361,4.750105381011963,4.943570137023926,5.2553935050964355,5.674076080322266,6.006167411804199,6.051454067230225
6.634325981140137,5.370924472808838,4.25623893737793,3.7179133892059326,3.8836987018585205,4.327085971832275,5.276284694671631,6.017785549163818,6.386308193206787,6.46209716796875,6.509767532348633,6.709761619567871,6.918882846832275,6.986578941345215,6.8803606033325195,6.627740859985352,6.339065074920654,6.132754802703857,6.039557456970215,6.10710334777832,6.477789878845215,7.2129716873168945,8.095210075378418,8.76254653930664,8.918257713317871,8.51849365234375,7.727081775665283,6.8801774978637695,6.233456611633301,5.724205493927002,5.2442097663879395,4.962855815887451,5.11482048034668,5.564150810241699,5.862913608551025,5.732762813568115,5.36407470703125,5.135452747344971,5.17773962020874,5.416508674621582,5.726263523101807,6.076991558074951,6.443511962890625,6.6949005126953125
7.047865390777588,5.723968505859375,4.50895357131958,3.931872606277466,4.0052666664123535,4.803319454193115,5.795131206512451,6.3884968757629395,6.69711446762085,6.860654830932617,6.981646537780762,7.186331748962402,7.507006645202637,7.874424934387207,8.166865348815918,8.252365112304688,8.148966789245605,7.924863815307617,7.566043853759766,7.1601881980896,6.984855651855469,7.33488130569458,8.166154861450195,9.092805862426758,9.634932518005371,9.557967185974121,8.995033264160156,8.307129859924316,7.765316963195801,7.274295806884766,6.600757122039795,5.820205211639404,5.425667762756348,5.665703773498535,6.231320381164551,6.533609390258789,6.353583812713623,5.943789958953857,5.700616836547852,5.8013482093811035,6.1094651222229,6.465182304382324,6.809260845184326,7.1352152824401855
6.633360385894775,5.254302978515625,4.954226016998291,4.739914894104004,4.720580577850342,5.892660617828369,6.695468425750732,6.9549736976623535,7.115349769592285,7.3545989990234375,7.565511703491211,7.722276210784912,7.9375224113464355,8.337092399597168,8.89437198638916,9.403255462646484,9.703476905822754,9.771774291992188,9.556591987609863,9.022311210632324,8.393869400024414,8.076923370361328,8.322736740112305,9.019864082336426,9.73569107055664,10.075189590454102,9.999190330505371,9.737348556518555,9.435574531555176,9.019523620605469,8.330215454101562,7.321592330932617,6.315303325653076,5.849745273590088,6.063634872436523,6.581045150756836,6.807598114013672,6.630372524261475,6.367704391479492,6.289050579071045,6.4004130363464355,6.5982441902160645,6.857134819030762,7.178946018218994
6.730132102966309,4.476355075836182,5.165264129638672,5.851195335388184,6.098201274871826,7.38536262512207,7.761868953704834,7.690554618835449,7.693080425262451,7.993291854858398,8.304315567016602,8.421449661254883,8.463521003723145,8.627592086791992,9.083942413330078,9.779119491577148,10.381218910217285,10.723855972290039,10.833463668823242,10.682924270629883,10.209745407104492,9.546371459960938,9.098998069763184,9.196796417236328,9.71546745300293,10.270017623901367,10.626721382141113,10.717957496643066,10.4939603805542,10.002756118774414,9.36251449584961,8.56889820098877,7.552903652191162,6.560257434844971,6.070354461669922,6.1782684326171875,6.488715648651123,6.628620624542236,6.686203956604004,6.795163154602051,6.886623382568359,6.873169898986816,6.867431640625,7.013522148132324
8.527783393859863,5.477902889251709,5.718478202819824,6.514494895935059,7.479940891265869,8.638516426086426,8.712541580200195,8.600613594055176,8.413668632507324,8.576763153076172,8.8989896774292,8.978442192077637,8.938201904296875,9.033782005310059,9.478018760681152,10.219080924987793,10.854829788208008,11.123761177062988,11.205679893493652,11.324989318847656,11.328145027160645,10.91080093383789,10.21381950378418,9.782727241516113,9.88818359375,10.311323165893555,10.791088104248047,11.085917472839355,10.925070762634277,10.293781280517578,9.497567176818848,8.746613502502441,7.9905266761779785,7.17796516418457,6.450106143951416,6.0708465576171875,6.083079814910889,6.242437839508057,6.440107822418213,6.816345691680908,7.266495704650879,7.499867916107178,7.404697895050049,7.258365154266357
10.87275218963623,8.356057167053223,7.8249592781066895,7.492687702178955,8.282125473022461,9.058735847473145,9.23956298828125,9.46937084197998,9.226489067077637,9.168880462646484,9.208868026733398,9.065197944641113,9.067870140075684,9.517060279846191,10.254674911499023,11.028719902038574,11.506434440612793,11.464308738708496,11.234400749206543,11.269194602966309,11.508415222167969,11.49897575378418,10.988822937011719,10.312759399414062,10.042749404907227,10.253999710083008,10.653087615966797,10.981109619140625,10.976043701171875,10.5003662109375,9.708098411560059,8.823089599609375,7.985030174255371,7.293287754058838,6.727153778076172,6.281918048858643,6.0431928634643555,6.049652576446533,6.2327799797058105,6.617204666137695,7.227691650390625,7.868035793304443,8.204544067382812,8.142521858215332
