data/wind_data/wind_42_4.json
{"header": {"parameterUnit": "KT", "parameterCategory": 2, "nx": 256, "ny": 198, "lo1": 44.73521041870117, "la1": -3.236724853515625, "lo2": 111.26478576660156, "la2": 43.468475341796875, "dx": 0.2609002888202667, "dy": -0.23708222806453705, "refTime": "2025-02-20 18:00:00", "forecastTime": 0, "parameterNumber": 2, "parameterNumberName": "eastward_wind"}, "data":
[rows 152 to 170 of 198, columns 0 to 43 of 256]
22.442371368408203,22.819929122924805,22.898502349853516,22.734041213989258,22.30948257446289,21.786569595336914,21.602951049804688,21.72796058654785,22.440853118896484,23.725757598876953,24.458927154541016,24.913366317749023,25.104873657226562,26.3612060546875,28.98504638671875,29.861326217651367,27.484493255615234,26.032682418823242,25.936077117919922,25.909339904785156,25.764511108398438,26.212787628173828,27.52239227294922,26.864046096801758,26.839359283447266,29.38424301147461,26.138147354125977,24.623538970947266,22.124601364135742,14.969292640686035,9.189961433410645,9.029499053955078,12.291139602661133,14.038177490234375,13.630583763122559,12.655397415161133,10.644783973693848,8.884859085083008,10.844010353088379,14.641374588012695,15.752420425415039,14.564356803894043,11.963833808898926,8.961393356323242
22.380006790161133,23.007911682128906,23.386611938476562,23.01532745361328,22.620479583740234,22.78407096862793,22.493139266967773,22.393850326538086,22.234081268310547,23.068986892700195,24.01177978515625,24.90791893005371,25.05232048034668,27.06329345703125,29.29105567932129,29.503007888793945,28.028871536254883,27.2883358001709,27.307424545288086,26.220388412475586,25.468029022216797,25.21511459350586,27.021066665649414,27.820648193359375,28.219511032104492,29.95922088623047,28.001054763793945,23.91460418701172,18.00627326965332,10.495387077331543,7.134325981140137,8.23326587677002,10.087099075317383,10.707070350646973,11.107985496520996,11.249613761901855,10.192704200744629,9.084122657775879,10.228811264038086,13.37563419342041,14.576807975769043,12.808615684509277,10.685572624206543,8.34033203125
21.890609741210938,22.271581649780273,22.57327651977539,22.242647171020508,22.187673568725586,22.64190101623535,23.205276489257812,23.123184204101562,22.274234771728516,22.410367965698242,23.36239242553711,24.635095596313477,24.960708618164062,26.935293197631836,29.211755752563477,30.07708168029785,30.67403793334961,30.011409759521484,28.748258590698242,27.44951820373535,25.774066925048828,25.642663955688477,26.900779724121094,26.814777374267578,26.751544952392578,28.76311492919922,28.888811111450195,21.681276321411133,11.682682991027832,6.865377902984619,7.084418773651123,8.153263092041016,8.908085823059082,9.788740158081055,10.953521728515625,11.310121536254883,10.348000526428223,9.556110382080078,9.481167793273926,10.547767639160156,12.077248573303223,10.85588550567627,9.495035171508789,8.135998725891113
21.28841781616211,20.82625961303711,20.78295135498047,20.511783599853516,20.458507537841797,20.090152740478516,20.872468948364258,21.61214828491211,21.33997917175293,21.031953811645508,21.90692901611328,23.53392791748047,24.47498893737793,26.039749145507812,30.14188575744629,31.86343002319336,30.53313446044922,29.53421401977539,28.649940490722656,27.5294189453125,25.7606143951416,25.006296157836914,23.420236587524414,22.164400100708008,22.678485870361328,24.87886619567871,23.568645477294922,14.335835456848145,5.480024337768555,5.43843936920166,7.800742149353027,9.003256797790527,9.881917953491211,10.949063301086426,11.916364669799805,11.93857192993164,10.761335372924805,9.94816780090332,9.269566535949707,8.436067581176758,8.082178115844727,9.014503479003906,9.644753456115723,8.263716697692871
20.80640411376953,19.684045791625977,19.338951110839844,18.82064437866211,18.797382354736328,17.159427642822266,17.60882568359375,19.497089385986328,20.380495071411133,20.542430877685547,20.60091781616211,21.881519317626953,24.54269790649414,27.412599563598633,31.339845657348633,31.22211456298828,28.005414962768555,27.062440872192383,27.823083877563477,27.89552879333496,25.853960037231445,23.880910873413086,22.4959774017334,19.85043716430664,19.258325576782227,20.160802841186523,15.859886169433594,8.35588550567627,4.741197109222412,6.235997676849365,8.392024040222168,9.276042938232422,9.621253967285156,11.20984935760498,12.279953002929688,12.084096908569336,10.972484588623047,9.974822998046875,9.21397876739502,7.300754070281982,6.054867744445801,7.360385894775391,8.564569473266602,6.998116970062256
20.23839569091797,18.628719329833984,18.045148849487305,17.490156173706055,17.602773666381836,16.457990646362305,16.589550018310547,17.905597686767578,19.112228393554688,19.300270080566406,19.677268981933594,21.879493713378906,24.159542083740234,26.151216506958008,28.420076370239258,29.248275756835938,27.967897415161133,26.477415084838867,26.802736282348633,27.434064865112305,25.468477249145508,24.432363510131836,24.811025619506836,22.033313751220703,19.28312873840332,16.101755142211914,10.607427597045898,8.165420532226562,7.299362659454346,8.653523445129395,11.701114654541016,14.354535102844238,14.682215690612793,13.306591033935547,13.037171363830566,13.803767204284668,13.21159839630127,11.641412734985352,10.987239837646484,9.48964786529541,6.811376571655273,6.058426380157471,5.8719706535339355,4.625023365020752
19.582963943481445,17.66971778869629,17.26165008544922,16.996761322021484,16.404767990112305,15.019828796386719,14.737646102905273,15.765426635742188,17.535131454467773,16.535808563232422,18.61872100830078,23.127660751342773,25.564695358276367,25.083818435668945,23.818634033203125,24.565715789794922,25.022523880004883,22.70534324645996,21.07498550415039,19.537649154663086,19.283390045166016,20.185047149658203,21.013715744018555,20.958179473876953,19.031930923461914,15.39720344543457,13.292560577392578,11.997722625732422,11.838706970214844,13.637521743774414,17.517276763916016,20.354782104492188,19.96718978881836,16.510669708251953,14.36803913116455,14.222023963928223,12.762017250061035,9.972952842712402,8.818201065063477,9.718350410461426,8.840067863464355,7.38145112991333,6.086674690246582,4.949638843536377
18.90503692626953,16.998254776000977,17.408164978027344,17.846464157104492,16.54103660583496,13.897275924682617,11.430139541625977,12.083672523498535,11.559640884399414,14.19347095489502,19.45372772216797,24.958740234375,27.149524688720703,23.097122192382812,17.441879272460938,16.323406219482422,17.65886688232422,16.569889068603516,13.661231994628906,11.877630233764648,11.722405433654785,12.477690696716309,14.708162307739258,18.640193939208984,20.683006286621094,22.46721649169922,23.334213256835938,22.32061767578125,20.873085021972656,20.35540199279785,18.567039489746094,16.998363494873047,16.674163818359375,16.224138259887695,15.124520301818848,13.668724060058594,11.491939544677734,9.32254695892334,9.592759132385254,10.657090187072754,9.816027641296387,9.192758560180664,8.78477668762207,7.8312482833862305
18.09732437133789,17.302515029907227,18.942138671875,19.766868591308594,18.36521339416504,14.366623878479004,10.79591178894043,8.347162246704102,9.69721794128418,15.699201583862305,21.95816993713379,26.200288772583008,27.714149475097656,22.15742301940918,13.957175254821777,9.573549270629883,9.84022331237793,12.894530296325684,14.011385917663574,11.879084587097168,9.98466682434082,9.582683563232422,12.640140533447266,16.836952209472656,21.78370475769043,26.812082290649414,31.18577766418457,25.590089797973633,16.795745849609375,11.247424125671387,14.18663501739502,13.820625305175781,12.495000839233398,13.919711112976074,14.081418991088867,13.07606315612793,11.942365646362305,11.865915298461914,11.691461563110352,10.62379264831543,9.846384048461914,10.188265800476074,10.511218070983887,8.765684127807617
17.90840721130371,22.529922485351562,23.494976043701172,22.014062881469727,19.756153106689453,16.47071075439453,14.078509330749512,11.536434173583984,10.940004348754883,14.848790168762207,19.379322052001953,23.985843658447266,26.891271591186523,24.48480224609375,17.180683135986328,11.005552291870117,7.907844066619873,9.520468711853027,13.265881538391113,15.058699607849121,13.067753791809082,11.653301239013672,14.334136962890625,18.80839729309082,22.81196403503418,20.330141067504883,14.122310638427734,8.272795677185059,7.0841522216796875,9.7999849319458,9.924671173095703,9.194071769714355,8.261324882507324,7.297891616821289,9.130029678344727,10.196959495544434,12.389134407043457,14.191386222839355,14.165477752685547,12.435225486755371,10.6276273727417,10.075703620910645,9.565855979919434,7.766496181488037
18.57465934753418,25.381549835205078,25.49188804626465,21.488182067871094,18.826709747314453,17.553556442260742,17.199342727661133,15.530712127685547,13.20913028717041,13.123273849487305,14.269384384155273,18.967803955078125,22.38534164428711,22.770341873168945,19.907129287719727,15.844719886779785,12.397499084472656,8.026439666748047,6.929705619812012,10.85706615447998,12.478470802307129,12.949172019958496,13.14109992980957,12.237401962280273,5.801506519317627,6.0362701416015625,7.731679439544678,6.820642471313477,5.4608354568481445,6.0947980880737305,5.487590312957764,4.9402689933776855,4.7734808921813965,4.384926795959473,3.84822416305542,6.6118927001953125,11.564805030822754,13.830764770507812,14.963624954223633,14.357457160949707,11.564788818359375,8.686871528625488,6.781589984893799,6.005033016204834
19.271989822387695,25.720964431762695,25.151233673095703,20.330961227416992,17.284828186035156,17.936553955078125,18.736509323120117,17.940637588500977,15.631291389465332,14.117557525634766,12.290980339050293,16.213821411132812,18.83078384399414,18.516483306884766,17.419952392578125,15.401351928710938,12.71873950958252,6.356418609619141,3.3469347953796387,4.305834770202637,6.8654913902282715,7.543045520782471,3.0930674076080322,0.7713162302970886,4.717465877532959,5.241666316986084,5.748438358306885,5.926572322845459,3.942556858062744,3.353475332260132,3.5786068439483643,2.8997037410736084,2.150230646133423,3.050971508026123,2.7729709148406982,3.22621488571167,5.551652431488037,8.573020935058594,13.406607627868652,15.064377784729004,13.602218627929688,10.072554588317871,7.139598369598389,6.2533721923828125
20.142080307006836,26.075862884521484,25.06110191345215,20.427932739257812,18.05751609802246,19.074508666992188,19.762773513793945,19.04684066772461,17.32500457763672,13.225411415100098,14.77470874786377,15.348549842834473,13.909762382507324,12.915595054626465,12.030265808105469,10.56875991821289,8.112764358520508,4.97707986831665,2.1773390769958496,-0.3618195354938507,0.1746879667043686,-1.680087685585022,2.2700254917144775,5.36616325378418,5.800388336181641,4.979820728302002,5.026360511779785,5.58827018737793,4.4770989418029785,3.1380116939544678,2.882779836654663,1.8809086084365845,0.9837630391120911,1.8187446594238281,1.9287610054016113,1.9334592819213867,2.397958755493164,2.8238892555236816,4.650990962982178,7.442291736602783,10.655012130737305,11.208455085754395,9.844582557678223,8.826555252075195
21.627931594848633,25.825271606445312,24.791467666625977,20.70468521118164,19.1239070892334,19.011510848999023,19.039491653442383,18.97797393798828,16.88247299194336,16.998802185058594,15.759573936462402,12.014396667480469,10.028593063354492,9.543375015258789,8.173236846923828,7.357043266296387,6.105749607086182,2.8125555515289307,1.616085171699524,2.259192943572998,2.6434009075164795,3.4122300148010254,5.7457404136657715,7.28237247467041,6.726497173309326,5.957030773162842,5.68839693069458,5.4068498611450195,4.302204132080078,3.3841004371643066,3.0268027782440186,1.9936439990997314,1.1414614915847778,1.4371498823165894,1.5675114393234253,1.8868056535720825,2.5630974769592285,2.678436517715454,2.7259984016418457,3.2082595825195312,5.173039436340332,8.325758934020996,10.42984676361084,10.780654907226562
23.755695343017578,24.834877014160156,23.80111312866211,21.717144012451172,20.96002960205078,20.619953155517578,19.20701789855957,18.833398818969727,16.91904067993164,17.49690055847168,16.159759521484375,13.311564445495605,11.05448055267334,9.4124116897583,8.359546661376953,7.207186698913574,5.783302307128906,1.885123372077942,3.605436325073242,4.80882453918457,5.2414045333862305,5.605307102203369,6.031116962432861,8.397024154663086,7.89372444152832,6.552294731140137,5.461956024169922,4.669327735900879,3.9579474925994873,3.5546603202819824,3.4408681392669678,2.7664194107055664,1.8954342603683472,1.6012616157531738,1.6106027364730835,2.313157320022583,3.0434353351593018,3.2825546264648438,3.1734440326690674,3.2448222637176514,3.404569149017334,5.167830467224121,7.354864597320557,9.49514102935791
25.256011962890625,23.221607208251953,22.72819709777832,22.72062110900879,22.246631622314453,22.249868392944336,21.119754791259766,20.756620407104492,19.316389083862305,18.863265991210938,17.698301315307617,15.511971473693848,13.235044479370117,11.452784538269043,9.9912691116333,9.825257301330566,4.433982849121094,3.8219947814941406,4.893305778503418,5.028156280517578,4.800644874572754,3.9686739444732666,5.120423793792725,7.734910488128662,7.6717848777771,6.04960298538208,4.767563343048096,4.3514790534973145,3.9454264640808105,3.3423850536346436,3.2588112354278564,3.3031833171844482,2.92598557472229,2.5017716884613037,2.545395612716675,3.3677361011505127,3.830108404159546,3.5644690990448,3.5729751586914062,3.976687431335449,4.103074550628662,4.325028419494629,5.205207347869873,6.707946300506592
25.352935791015625,23.17538070678711,22.707252502441406,22.108713150024414,20.736221313476562,20.463909149169922,20.658248901367188,19.89200782775879,19.427248001098633,19.200868606567383,17.96718978881836,16.381994247436523,14.170037269592285,12.408294677734375,9.804258346557617,10.389371871948242,4.082109451293945,4.535088539123535,4.95035982131958,3.4510226249694824,3.171354055404663,2.7155070304870605,4.385977268218994,5.866876125335693,6.282163619995117,5.159173965454102,4.4474639892578125,4.606449604034424,4.182185173034668,3.0422773361206055,2.7479090690612793,3.367767810821533,3.928464889526367,4.009006977081299,4.22597599029541,4.874602794647217,5.134799480438232,4.672852039337158,4.546993732452393,4.954627513885498,5.345489501953125,5.056395053863525,5.114513397216797,6.020853519439697
24.889108657836914,23.49020004272461,22.84486198425293,20.601041793823242,17.989734649658203,16.998193740844727,17.286699295043945,16.78373908996582,19.179216384887695,19.591703414916992,19.01235580444336,17.648366928100586,14.779169082641602,12.152417182922363,10.10311222076416,9.869495391845703,3.749375343322754,4.4983601570129395,3.966010093688965,1.7571755647659302,1.9820419549942017,2.5731184482574463,3.579821825027466,3.9113690853118896,4.920322895050049,4.620762825012207,4.487602710723877,4.793669700622559,4.3313679695129395,2.9961516857147217,2.545681953430176,3.373008966445923,4.655964374542236,5.461137771606445,5.847926616668701,5.957275867462158,6.109825611114502,6.288871765136719,6.206047534942627,6.226685523986816,6.390933990478516,5.932090759277344,5.653179168701172,6.341876983642578
24.729124069213867,24.190311431884766,23.123779296875,20.345355987548828,17.374780654907227,15.159295082092285,14.072431564331055,14.832612991333008,16.21681022644043,16.845550537109375,17.580280303955078,18.19938850402832,13.219958305358887,9.376378059387207,9.325271606445312,7.953526020050049,3.882549285888672,3.378568172454834,2.260582208633423,0.8041938543319702,1.4909639358520508,2.6960577964782715,2.832840919494629,3.1461007595062256,4.173012733459473,4.26394510269165,4.542189121246338,4.761335372924805,4.294058322906494,3.140657663345337,2.650522470474243,3.4648308753967285,5.043871879577637,6.381131172180176,6.934427738189697,6.721663475036621,6.655475616455078,7.14968204498291,7.348652362823486,7.256511211395264,7.174468517303467,6.8784565925598145,6.611595153808594,6.631772518157959
