data/wind_data/wind_54_0.json
{"header": {"parameterUnit": "KT", "parameterCategory": 2, "nx": 255, "ny": 198, "lo1": 44.73521041870117, "la1": -3.236724853515625, "lo2": 111.26478576660156, "la2": 43.468475341796875, "dx": 0.26192745566368103, "dy": -0.23708222806453705, "refTime": "2025-02-21 06:00:00", "forecastTime": 0, "parameterNumber": 3, "parameterNumberName": "northward_wind"}, "data":
[rows 133 to 151 of 198, columns 172 to 214 of 255]
-5.68120813369751,-5.748124599456787,-4.521919250488281,-4.343987941741943,-4.735114097595215,-4.377037048339844,-0.23198756575584412,5.0831403732299805,5.234238624572754,1.9773801565170288,-0.7200729250907898,-1.7358424663543701,-1.820224642753601,-1.066429853439331,1.8584696054458618,5.100830554962158,7.789860248565674,9.070867538452148,2.822144031524658,-0.2909889817237854,2.568596124649048,6.543493747711182,9.77275562286377,7.574604034423828,7.110921859741211,7.6404500007629395,11.722867965698242,8.389697074890137,7.184454441070557,9.578380584716797,11.678506851196289,11.565899848937988,10.57043170928955,10.104890823364258,10.644442558288574,9.545218467712402,7.609025955200195,5.3978095054626465,4.6473822593688965,4.734025001525879,5.592889785766602,5.605515480041504,3.475179672241211
-3.9221606254577637,-4.5958781242370605,-4.9214348793029785,-5.089964866638184,-3.9831948280334473,-3.825665235519409,-3.3886501789093018,1.8116085529327393,2.973036050796509,0.6814624071121216,-1.1695432662963867,-2.208707571029663,-3.0836446285247803,-0.7307378053665161,2.9390039443969727,7.487600803375244,8.217192649841309,10.974509239196777,3.385976552963257,5.2671661376953125,8.044661521911621,10.401712417602539,11.511613845825195,10.8158540725708,10.669997215270996,13.77415657043457,12.305839538574219,9.343172073364258,11.47411060333252,14.346927642822266,12.960418701171875,10.45856761932373,10.401298522949219,9.970504760742188,10.278204917907715,9.700420379638672,6.697915077209473,5.668192386627197,5.673176288604736,6.0420918464660645,5.996126174926758,5.578460693359375,4.497225761413574
-4.134635925292969,-4.483333110809326,-5.340710163116455,-5.150607585906982,-3.1574745178222656,-2.8168435096740723,-3.0852110385894775,-2.1450719833374023,-1.5691603422164917,-0.9037305116653442,-0.5723252296447754,-0.9411094784736633,-2.104780673980713,-1.7646260261535645,0.3821963965892792,3.7116119861602783,7.9893059730529785,13.024670600891113,11.076784133911133,12.887649536132812,15.760281562805176,13.344929695129395,13.8309965133667,16.35056495666504,16.12497901916504,14.479046821594238,11.514066696166992,11.194788932800293,12.389514923095703,13.374551773071289,12.81531047821045,10.902084350585938,10.201531410217285,8.977729797363281,7.846303939819336,8.545780181884766,6.592458248138428,6.451415538787842,5.590760707855225,4.9086408615112305,3.9672317504882812,3.147616147994995,4.495541095733643
-4.171306133270264,-4.363861560821533,-5.754330635070801,-6.182574272155762,-6.10004997253418,-4.1690802574157715,-3.1420037746429443,-1.466607928276062,0.20198923349380493,1.0222457647323608,1.0677543878555298,0.7534365057945251,0.3735089898109436,-0.3365169167518616,0.7060557007789612,1.2437255382537842,5.72454309463501,11.248095512390137,13.404033660888672,15.964434623718262,16.814228057861328,16.041839599609375,17.519500732421875,16.125049591064453,14.151948928833008,13.137208938598633,12.673871040344238,13.36632251739502,12.249204635620117,9.74421215057373,10.28696346282959,10.616645812988281,9.34001350402832,7.835729598999023,5.3095808029174805,6.388721466064453,8.966354370117188,9.493077278137207,7.220120906829834,5.0364484786987305,3.6178200244903564,3.7814278602600098,3.5562100410461426
-3.116511583328247,-3.8772220611572266,-4.65292501449585,-4.669102668762207,-4.604869365692139,-3.060896873474121,-1.797187328338623,-1.0890904664993286,0.1781897246837616,1.4033830165863037,1.66628098487854,1.6407642364501953,2.1576571464538574,1.894748330116272,1.3414552211761475,1.3578752279281616,3.2984046936035156,10.13501262664795,14.40129566192627,15.488826751708984,14.042725563049316,12.511908531188965,12.350184440612793,10.784981727600098,9.176417350769043,11.547345161437988,13.894949913024902,13.21480655670166,10.065019607543945,7.7777581214904785,8.375029563903809,9.390069007873535,8.463650703430176,7.667184352874756,6.550180435180664,6.647619247436523,8.476888656616211,8.667800903320312,7.347423553466797,5.607728004455566,5.091561794281006,4.547694683074951,2.549313545227051
-3.42439341545105,-4.3726935386657715,-4.834732532501221,-4.696402072906494,-3.7857160568237305,-3.2605185508728027,-3.1800007820129395,-2.9385759830474854,-1.5425655841827393,0.6076895594596863,1.8817371129989624,2.4490270614624023,3.1274449825286865,2.6099603176116943,0.7076160311698914,0.38367965817451477,1.6182500123977661,7.074960231781006,11.480643272399902,11.20339584350586,9.553288459777832,6.970407009124756,4.258588790893555,6.298892974853516,7.271016597747803,10.173707008361816,12.74425220489502,11.095197677612305,7.495481491088867,7.139725208282471,8.386561393737793,8.688948631286621,7.790099620819092,7.42527961730957,7.673037528991699,7.405451774597168,6.993894577026367,5.595391750335693,4.987013339996338,5.027740001678467,4.968095779418945,3.5292325019836426,1.563055396080017
-4.0628204345703125,-4.732550144195557,-4.933971881866455,-4.7509026527404785,-4.463888645172119,-4.303089618682861,-4.048543930053711,-3.4867782592773438,-2.551405906677246,-0.648118257522583,0.393638014793396,1.522168755531311,1.9035265445709229,1.430881142616272,0.7150067090988159,-0.3544207513332367,1.5583466291427612,4.733264446258545,6.175381660461426,5.92708158493042,6.074429035186768,4.9097466468811035,2.3086142539978027,4.073320388793945,6.669017791748047,9.86491870880127,10.86945915222168,9.191269874572754,7.409729957580566,7.955634593963623,8.621112823486328,8.026664733886719,7.25883150100708,7.022940158843994,7.321116924285889,7.574009895324707,7.983362674713135,7.0520853996276855,6.452478408813477,5.623739242553711,3.011194944381714,1.8222177028656006,-0.21646513044834137
-1.8618788719177246,-2.550421714782715,-3.1606738567352295,-3.462578296661377,-3.3971610069274902,-3.475416898727417,-4.210137844085693,-4.6711015701293945,-4.354762077331543,-2.137803554534912,-2.4379098415374756,2.935767412185669,6.374828338623047,4.702156066894531,2.7357258796691895,1.376051902770996,3.4642422199249268,5.465414524078369,5.051632404327393,5.286825180053711,5.7544636726379395,5.263476371765137,4.799172878265381,6.882678985595703,8.46900463104248,10.620651245117188,10.160770416259766,9.095207214355469,9.036012649536133,9.134449005126953,8.536920547485352,7.490795612335205,7.232168674468994,7.293903350830078,7.0577006340026855,7.269958019256592,7.471272945404053,7.700846195220947,7.144224166870117,5.666563987731934,3.4306461811065674,1.4979596138000488,0.38643330335617065
1.1291435956954956,0.8259124755859375,0.3631649315357208,-0.14330101013183594,-1.34939706325531,-2.7648165225982666,-3.840059518814087,-4.383690357208252,-3.9616899490356445,-2.530202865600586,-2.025230646133423,-0.7176023125648499,4.249312877655029,5.596039772033691,3.3391222953796387,3.993412733078003,6.1024346351623535,7.168994903564453,7.332038879394531,6.644700050354004,7.565725803375244,7.4496073722839355,9.571557998657227,10.21875286102295,11.136422157287598,11.148120880126953,9.532744407653809,9.345913887023926,9.560992240905762,9.244434356689453,8.497040748596191,8.058809280395508,8.279159545898438,8.217484474182129,7.731204986572266,8.302093505859375,7.562259197235107,6.869795799255371,6.431820392608643,5.70325231552124,4.291233062744141,3.336299419403076,2.2295191287994385
2.8076109886169434,2.6284708976745605,2.7795236110687256,2.669156074523926,1.065417766571045,-0.8288495540618896,-1.9799582958221436,-2.7091031074523926,-2.65997314453125,-2.3209588527679443,0.1671806424856186,-2.651930809020996,-0.8004248738288879,3.515089511871338,4.511406421661377,6.804436683654785,9.127481460571289,9.684511184692383,8.801454544067383,9.173516273498535,9.120505332946777,11.230353355407715,12.139382362365723,11.99787425994873,12.160054206848145,11.010753631591797,9.355128288269043,9.11841869354248,9.637482643127441,9.613504409790039,9.962825775146484,10.476536750793457,10.17324447631836,9.248407363891602,9.180709838867188,9.2323637008667,6.261447906494141,4.954431056976318,5.961066246032715,5.852311611175537,4.583444595336914,3.6685640811920166,2.219991445541382
4.353430271148682,3.6629486083984375,3.185708999633789,2.7497613430023193,1.778064250946045,0.9682663083076477,0.162361279129982,-1.0628396272659302,-1.7705705165863037,-1.3132776021957397,1.1407151222229004,3.777547836303711,4.000751972198486,5.118611812591553,7.779489517211914,9.823482513427734,10.936513900756836,9.984539985656738,9.761322021484375,11.798210144042969,11.729386329650879,12.268508911132812,11.952197074890137,11.71513557434082,10.261578559875488,8.700589179992676,8.886713027954102,9.68492317199707,10.573029518127441,11.064263343811035,12.122020721435547,11.689786911010742,10.660421371459961,10.58620548248291,10.583728790283203,8.509151458740234,6.012139320373535,4.7665300369262695,5.406717777252197,5.598203659057617,5.32340669631958,4.066482067108154,2.6283226013183594
1.343616247177124,2.5902233123779297,3.6486027240753174,3.8186240196228027,3.456394910812378,2.767801523208618,1.8521678447723389,0.14978237450122833,-1.133292317390442,-1.2767115831375122,1.5285236835479736,5.323175430297852,6.735034465789795,6.908586025238037,8.811659812927246,10.701183319091797,10.816411972045898,9.959139823913574,9.828299522399902,10.652565002441406,11.151910781860352,10.714544296264648,9.605042457580566,8.344022750854492,6.259251594543457,6.033016681671143,8.64798355102539,10.947101593017578,12.012174606323242,12.110342979431152,11.010985374450684,10.62718391418457,11.218124389648438,11.034825325012207,7.710430145263672,4.710209369659424,5.253077507019043,6.029412269592285,6.311349868774414,5.817286014556885,4.731681823730469,2.4382615089416504,0.48864540457725525
0.5290331840515137,1.7368892431259155,2.8978466987609863,3.496216058731079,3.2010486125946045,1.9517967700958252,0.6136415600776672,0.0892317146062851,-0.14771178364753723,-0.31775373220443726,1.2704683542251587,3.3877620697021484,4.99111270904541,6.256107807159424,7.337542533874512,8.52347469329834,9.522624015808105,9.187457084655762,8.29923152923584,8.317544937133789,8.16661548614502,8.512548446655273,7.972774982452393,6.580728530883789,5.662225246429443,6.955799102783203,9.511478424072266,11.279788970947266,12.161444664001465,10.250923156738281,7.894712924957275,9.194150924682617,8.766364097595215,5.5782904624938965,3.0991251468658447,2.2676539421081543,4.071112632751465,6.074942111968994,6.020059108734131,4.382061004638672,2.170149326324463,0.090383380651474,-1.2796696424484253
0.796242892742157,1.3018641471862793,2.1528756618499756,2.3554677963256836,2.1526482105255127,0.7255299687385559,-1.1735455989837646,-0.7564537525177002,-0.18572364747524261,-0.03686777874827385,0.07474590837955475,0.9426221251487732,2.0510945320129395,3.3240671157836914,4.192202568054199,4.776120662689209,5.893076419830322,6.698373317718506,6.490569591522217,6.176955223083496,5.967608451843262,5.8110809326171875,6.092728137969971,7.0098724365234375,8.344285011291504,9.619627952575684,10.150522232055664,10.388051986694336,10.12639331817627,7.826347827911377,7.0939531326293945,7.549472808837891,5.775012016296387,2.9932093620300293,3.088306188583374,3.248549461364746,3.8199760913848877,4.444354057312012,3.7405173778533936,2.6042776107788086,1.5882645845413208,0.8585852980613708,1.1129416227340698
1.0089669227600098,1.7448279857635498,2.235055685043335,1.3838862180709839,0.5265681743621826,-0.1891002058982849,-1.1852072477340698,-1.428888201713562,-0.052146390080451965,0.7914066314697266,1.184369683265686,1.9665744304656982,3.1539764404296875,3.4921679496765137,3.8307158946990967,4.127172946929932,4.34284782409668,4.640767574310303,4.403666019439697,4.478431701660156,4.523570537567139,3.7327778339385986,5.181970596313477,7.87431526184082,9.588623046875,10.696676254272461,10.3480224609375,9.44332218170166,8.641942977905273,7.984354496002197,7.375926971435547,6.551243305206299,6.62552547454834,6.342759132385254,5.638699531555176,4.918889999389648,4.402936935424805,3.7920167446136475,2.7672030925750732,2.1192376613616943,1.6409053802490234,1.936287522315979,2.491861581802368
2.085320472717285,2.6439690589904785,3.213547706604004,3.417081594467163,3.104677200317383,2.3073477745056152,1.8469263315200806,0.694377601146698,1.1970802545547485,1.8361581563949585,1.2422876358032227,1.2671478986740112,2.580418348312378,3.7166695594787598,4.486324310302734,4.978409290313721,4.986057281494141,4.361515045166016,4.2545905113220215,4.495389938354492,4.753006458282471,5.226518154144287,7.154992580413818,8.292604446411133,8.252002716064453,8.510215759277344,8.88053035736084,8.762009620666504,8.506573677062988,8.833523750305176,8.202658653259277,7.864659786224365,8.362086296081543,8.360137939453125,7.83524227142334,7.032359600067139,6.021061420440674,4.397275447845459,2.968496084213257,2.489490509033203,2.1058273315429688,2.465749740600586,2.096332550048828
1.7326654195785522,2.7144641876220703,4.334729194641113,6.3564348220825195,6.124411106109619,5.194947242736816,3.2552435398101807,1.40023672580719,0.4059537351131439,-0.1552996039390564,-0.8169248104095459,-0.9051274657249451,0.47265544533729553,2.3482437133789062,3.6877174377441406,4.57867431640625,5.209475994110107,5.118294715881348,5.630566596984863,5.521324634552002,8.020110130310059,7.91704797744751,7.612676620483398,6.77935266494751,5.86822509765625,5.731360912322998,6.426478385925293,7.42254638671875,8.421311378479004,9.63819408416748,9.615316390991211,9.160385131835938,9.596426963806152,9.52370548248291,8.885671615600586,8.236442565917969,6.8990373611450195,4.784700870513916,3.7508251667022705,3.174173355102539,2.8439693450927734,2.978909730911255,1.9811649322509766
2.077787160873413,3.5145208835601807,4.648138999938965,4.917935371398926,3.7813730239868164,3.230043888092041,2.6626570224761963,2.19858717918396,1.456716775894165,0.31411197781562805,0.09833475947380066,0.45360657572746277,0.9257673025131226,1.7795597314834595,2.9682555198669434,3.968071937561035,4.587320327758789,5.164006233215332,5.963149070739746,6.476849555969238,7.331040382385254,6.869389533996582,6.146280288696289,5.174201965332031,4.675319194793701,5.029590129852295,5.176607608795166,5.746544361114502,7.759894371032715,9.678427696228027,10.135122299194336,10.049510955810547,10.556221961975098,10.941472053527832,10.355500221252441,8.687225341796875,6.264880657196045,4.291107177734375,3.9157185554504395,4.003103733062744,3.865468978881836,2.698138475418091,1.229844093322754
1.694206953048706,2.9884653091430664,3.5728251934051514,2.3622705936431885,0.844582200050354,0.0974976196885109,0.42595750093460083,0.32668712735176086,-0.20956571400165558,-0.8217663168907166,-0.6998248100280762,0.22935648262500763,1.7534074783325195,3.158583164215088,4.444005012512207,5.20538330078125,5.284337520599365,5.518527030944824,5.678980350494385,5.2946391105651855,4.23488712310791,3.573058843612671,2.6973841190338135,1.7978546619415283,1.8981544971466064,3.3327651023864746,4.762692451477051,6.089912414550781,8.461264610290527,10.497138977050781,11.220271110534668,11.623963356018066,12.2346773147583,12.514376640319824,11.110221862792969,8.50096607208252,5.814891815185547,4.8163957595825195,4.690178871154785,5.474083423614502,4.856534481048584,2.5005838871002197,1.9124071598052979
