data/wind_data/wind_33_3.json
{"header": {"parameterUnit": "KT", "parameterCategory": 2, "nx": 256, "ny": 198, "lo1": 44.73521041870117, "la1": -3.236724853515625, "lo2": 111.26478576660156, "la2": 43.468475341796875, "dx": 0.2609002888202667, "dy": -0.23708222806453705, "refTime": "2025-02-20 09:00:00", "forecastTime": 0, "parameterNumber": 2, "parameterNumberName": "eastward_wind"}, "data":
[rows 152 to 170 of 198, columns 0 to 43 of 256]
-0.6441699266433716,-1.7564830780029297,-1.069028615951538,-0.7918091416358948,-1.3795616626739502,-1.9886804819107056,1.0948705673217773,4.463001728057861,5.4414167404174805,6.471185207366943,8.186872482299805,9.765092849731445,10.734391212463379,10.79355239868164,11.331218719482422,12.935297966003418,14.0819673538208,13.065255165100098,10.288490295410156,8.576499938964844,7.977462291717529,8.228558540344238,7.885718822479248,7.700500011444092,7.6836934089660645,5.098226070404053,4.533592700958252,3.0267579555511475,1.708634614944458,1.5988329648971558,1.0387250185012817,-0.645841658115387,-4.681700229644775,-8.158955574035645,-9.329965591430664,-9.25685977935791,-8.70425796508789,-7.097496509552002,-2.5573134422302246,-1.582397699356079,-2.3183209896087646,-4.150136470794678,-5.930429935455322,-5.086146354675293
1.7801544666290283,-0.22913768887519836,-0.16628137230873108,0.4705575108528137,0.5444371700286865,-0.6776074767112732,1.4743098020553589,4.429734230041504,5.099694728851318,6.4111785888671875,8.048370361328125,8.993494987487793,9.516359329223633,10.109317779541016,11.798576354980469,13.59351921081543,12.721558570861816,9.881696701049805,8.149070739746094,7.9482855796813965,7.962390899658203,7.829042911529541,6.655523777008057,6.736988544464111,5.2062578201293945,3.7648112773895264,2.144850015640259,-0.35849520564079285,-1.5146034955978394,-1.1015229225158691,-1.8449991941452026,-4.06346321105957,-7.37373685836792,-9.97536849975586,-11.281496047973633,-11.303532600402832,-9.755130767822266,-7.350918292999268,-4.733992576599121,-4.476262092590332,-4.486259460449219,-4.658187389373779,-4.483734130859375,-3.182568073272705
1.2575474977493286,0.37265443801879883,0.9660202860832214,1.828729271888733,2.721727132797241,1.036213755607605,1.6600062847137451,4.303248882293701,5.159701347351074,6.408991813659668,8.00072956085205,9.030404090881348,10.192591667175293,11.71146297454834,13.02141284942627,13.63171672821045,11.371048927307129,8.550556182861328,7.192677021026611,7.023103713989258,7.18626594543457,6.4150896072387695,5.605823040008545,4.174873352050781,2.5629518032073975,1.3922183513641357,-0.9015976190567017,-2.959289312362671,-3.5532312393188477,-3.973102331161499,-5.258018493652344,-6.863574504852295,-7.835328578948975,-8.090108871459961,-9.02586555480957,-10.365248680114746,-9.625246047973633,-7.019096851348877,-5.74224328994751,-5.558241367340088,-5.744533061981201,-5.187568187713623,-3.874255418777466,-2.6068124771118164
0.1058257594704628,-0.3701108992099762,0.4365076720714569,2.0242063999176025,3.8657732009887695,2.623755693435669,2.6018364429473877,3.9754204750061035,4.807958602905273,5.885515213012695,7.788557052612305,9.253873825073242,10.75308609008789,12.012374877929688,11.864557266235352,10.749777793884277,8.647624015808105,6.8842010498046875,6.013866901397705,5.692626476287842,5.185660362243652,4.2561235427856445,3.158919095993042,1.8574398756027222,0.4224231541156769,-1.698622465133667,-4.034315586090088,-5.136631965637207,-5.814531326293945,-7.463916778564453,-9.321913719177246,-9.979691505432129,-8.35427188873291,-5.800472736358643,-5.137924671173096,-6.064154148101807,-6.637085437774658,-6.025320529937744,-6.294726848602295,-6.234857082366943,-5.954925060272217,-5.363509178161621,-4.509060382843018,-3.586962938308716
1.07914400100708,-0.36601123213768005,-0.4355742037296295,1.412099003791809,4.311509132385254,4.002011299133301,3.821265935897827,3.8757407665252686,4.320223808288574,5.646320343017578,7.843688011169434,9.197952270507812,10.120447158813477,11.029926300048828,10.892101287841797,8.74614429473877,6.2611565589904785,5.217627048492432,5.232962608337402,5.704748630523682,4.938472747802734,3.2945592403411865,1.7702836990356445,0.6876943111419678,-1.023370623588562,-3.155616521835327,-5.4941558837890625,-7.117649555206299,-7.143035411834717,-6.2931013107299805,-6.08970832824707,-6.710559844970703,-7.440139293670654,-7.192126750946045,-4.378892421722412,-2.96293306350708,-2.0184614658355713,-1.3332887887954712,-2.227780818939209,-4.331018447875977,-5.503014087677002,-5.142580986022949,-4.602884769439697,-4.079862594604492
3.265442132949829,0.3871845304965973,-0.3036566972732544,1.1622886657714844,4.3039116859436035,5.02702522277832,4.921525955200195,4.750344276428223,4.4488677978515625,5.674553394317627,7.723278045654297,9.144514083862305,9.35175609588623,9.359394073486328,9.226734161376953,7.6931281089782715,6.1280741691589355,5.945801734924316,6.3092041015625,6.361440181732178,4.44160270690918,2.1151084899902344,0.35127872228622437,-0.21183772385120392,-2.8072876930236816,-5.8382110595703125,-8.14870834350586,-8.354001998901367,-6.083560943603516,-2.8186511993408203,-0.8768234848976135,-0.32498645782470703,-1.8472626209259033,-3.8739683628082275,-3.83447265625,-0.12492358684539795,1.8678926229476929,2.2658424377441406,1.9461982250213623,-0.9938417673110962,-3.306688070297241,-3.0659947395324707,-3.084233522415161,-3.560335159301758
4.430928707122803,1.3216370344161987,0.9156337380409241,1.389150619506836,3.837160348892212,5.428195953369141,5.480429172515869,5.040713787078857,4.708701133728027,5.653804779052734,7.53751277923584,8.917093276977539,9.061914443969727,8.147150993347168,7.077800273895264,6.1574296951293945,5.50210428237915,5.142327308654785,4.426008224487305,2.105365037918091,1.879604697227478,0.4595605432987213,-0.26432928442955017,-0.9497723579406738,-1.7013229131698608,-3.5119786262512207,-5.416916847229004,-5.163460731506348,-1.2130194902420044,2.66373610496521,3.5923526287078857,4.0479817390441895,3.608983278274536,1.382408857345581,0.7884008288383484,3.088594675064087,4.110843181610107,3.0943684577941895,2.585110664367676,1.1305068731307983,-0.12560589611530304,0.13171769678592682,-0.5147007703781128,-1.723202109336853
3.5842232704162598,2.159595251083374,3.2102489471435547,2.9881625175476074,4.9162917137146,6.684382915496826,6.560785293579102,5.025815010070801,4.875973224639893,6.059390544891357,7.298481464385986,8.006213188171387,7.3734941482543945,5.783965110778809,4.358602046966553,3.6770365238189697,3.543459892272949,3.910747766494751,1.6812763214111328,-0.012516455724835396,0.04559331014752388,-0.5675287842750549,-0.727199375629425,-1.4905239343643188,-0.5286996960639954,1.1236587762832642,2.2663588523864746,3.534933567047119,6.563943386077881,8.222410202026367,7.849257946014404,6.740504264831543,7.100240230560303,5.845704078674316,5.149633407592773,4.50217342376709,3.7194719314575195,2.390336275100708,1.497233510017395,1.1774513721466064,1.3833284378051758,2.268829107284546,2.4100191593170166,1.600471019744873
3.006237506866455,2.728543519973755,5.557527542114258,6.218432426452637,7.776736736297607,9.361377716064453,8.00760555267334,4.149544715881348,4.3004231452941895,7.228704929351807,7.747102737426758,7.030308723449707,5.693416118621826,4.011483192443848,2.956916332244873,2.962458610534668,4.355915546417236,5.77614164352417,3.486478328704834,-0.3822413682937622,-1.9017986059188843,-1.638392686843872,-1.6783918142318726,-0.36638742685317993,3.9025070667266846,7.728984832763672,10.187280654907227,12.096198081970215,12.689878463745117,10.013175964355469,7.688595294952393,4.286036968231201,2.392753839492798,3.3346974849700928,5.987868785858154,6.028894901275635,4.614571571350098,3.8380019664764404,3.803788900375366,4.391935348510742,5.22468900680542,5.803332328796387,5.245387554168701,3.541891574859619
8.185300827026367,8.456361770629883,9.013275146484375,11.27252197265625,12.428290367126465,12.598682403564453,8.755516052246094,4.217050075531006,4.843400955200195,8.765390396118164,10.106802940368652,7.980867385864258,5.186806678771973,3.923107862472534,4.250936985015869,5.5727667808532715,7.750791549682617,8.54853630065918,6.459012508392334,1.968560814857483,-1.1707208156585693,-1.245619773864746,0.7148977518081665,5.606071472167969,9.297208786010742,9.872544288635254,9.878135681152344,8.62019157409668,7.095104694366455,2.7746286392211914,2.4831511974334717,2.3137576580047607,1.3393958806991577,1.073616623878479,3.689467668533325,6.077479362487793,6.156055927276611,5.815473556518555,5.719247341156006,5.798303604125977,6.49832820892334,6.713907718658447,6.501143932342529,5.963072299957275
12.631905555725098,12.71313190460205,14.374817848205566,16.65616798400879,16.504776000976562,14.27954387664795,9.213130950927734,5.74416971206665,6.777002334594727,10.370532035827637,12.6043701171875,10.63278865814209,6.348387718200684,4.519534587860107,5.717050552368164,7.544797420501709,8.931617736816406,8.55085277557373,6.51857328414917,2.421731472015381,1.1925876140594482,1.8029420375823975,3.1066489219665527,6.4487128257751465,8.364518165588379,2.2313859462738037,0.3796667158603668,1.2519118785858154,1.5603445768356323,2.199523687362671,1.3787782192230225,1.2614729404449463,1.397623062133789,1.5524766445159912,5.008162021636963,6.966906547546387,7.349979877471924,7.562256336212158,7.908501148223877,6.805769443511963,5.666098594665527,5.234622478485107,6.291345596313477,7.59700345993042
13.628968238830566,15.892498016357422,18.17201042175293,19.14756202697754,19.051816940307617,15.498241424560547,10.522954940795898,7.842637062072754,10.113348007202148,13.410569190979004,13.83240032196045,12.050768852233887,8.756909370422363,7.031107425689697,7.4675469398498535,7.908846855163574,7.2044997215271,6.745359420776367,3.762164831161499,3.2652463912963867,3.029839038848877,3.654566764831543,5.857006072998047,3.770092725753784,-0.21737433969974518,-0.2628510594367981,-0.2718173563480377,-0.6633144617080688,-0.7851370573043823,-0.9175583720207214,-0.5867176651954651,0.27249589562416077,1.0430008172988892,1.7731602191925049,3.6196846961975098,6.502819538116455,7.074557781219482,5.916444778442383,5.505011081695557,6.971224308013916,5.376621246337891,5.971446990966797,8.310820579528809,8.632561683654785
14.20002269744873,19.214834213256836,20.570951461791992,19.411880493164062,18.998130798339844,16.489368438720703,13.266043663024902,11.602274894714355,13.549500465393066,14.917222023010254,12.922039031982422,9.8298921585083,7.5881218910217285,7.844533443450928,9.058220863342285,8.418554306030273,5.906804084777832,6.204063892364502,4.32539701461792,3.2488555908203125,6.4749884605407715,7.168487548828125,2.7608754634857178,-3.266559600830078,-0.790045976638794,-0.18389470875263214,-1.5731449127197266,-2.140204429626465,-2.497629404067993,-2.813912868499756,-2.563815116882324,-2.0669286251068115,-1.6440809965133667,-1.2424566745758057,-0.4312012493610382,1.3160079717636108,4.093245983123779,6.181731700897217,6.522132873535156,6.906439304351807,9.411005973815918,10.465381622314453,8.850358009338379,9.02501106262207
15.917746543884277,22.552507400512695,21.669721603393555,18.063074111938477,15.788029670715332,14.534062385559082,15.329809188842773,15.940109252929688,16.490036010742188,15.201104164123535,13.866469383239746,11.893311500549316,9.818192481994629,10.511750221252441,11.721588134765625,10.172011375427246,7.573001861572266,6.609898567199707,3.4411075115203857,1.3094303607940674,4.870213985443115,4.827028274536133,1.6163909435272217,-0.33672451972961426,-0.13506262004375458,-1.530047059059143,-2.5840423107147217,-3.1682817935943604,-3.40205979347229,-3.739960193634033,-4.014713287353516,-3.9724435806274414,-3.98909592628479,-3.9494788646698,-3.6685426235198975,-3.1587541103363037,-1.3945409059524536,1.8048511743545532,3.865009069442749,4.818244934082031,7.244997501373291,9.239302635192871,10.287731170654297,8.37547492980957
17.399511337280273,23.023508071899414,19.526962280273438,14.725096702575684,12.929725646972656,12.105114936828613,14.84643268585205,17.239341735839844,18.313093185424805,17.556848526000977,17.717849731445312,17.18073844909668,15.449165344238281,14.781346321105957,15.813213348388672,16.810020446777344,14.474028587341309,7.216280460357666,2.694448947906494,3.4465994834899902,5.753506183624268,4.82412052154541,2.2829158306121826,0.817625880241394,-0.5328330397605896,-2.2914364337921143,-2.9030065536499023,-3.5707600116729736,-3.62764310836792,-3.385577917098999,-3.4088294506073,-3.6101367473602295,-3.9665865898132324,-4.167393684387207,-4.156510829925537,-4.114736080169678,-3.554062843322754,-2.377448797225952,-1.0756937265396118,0.303022563457489,2.4528696537017822,4.906971454620361,6.195946216583252,7.0547075271606445
17.99932861328125,20.893720626831055,15.946928977966309,11.245165824890137,12.316383361816406,13.297540664672852,15.513208389282227,17.57563591003418,18.784461975097656,18.797496795654297,20.263343811035156,21.985689163208008,21.22180938720703,19.877464294433594,20.213937759399414,21.209321975708008,16.026641845703125,6.264439105987549,4.014979362487793,6.178204536437988,7.427572727203369,5.308113098144531,2.8156790733337402,1.2449254989624023,-0.28146252036094666,-1.388384461402893,-2.0674922466278076,-2.6228907108306885,-2.6220431327819824,-2.1321699619293213,-1.5471571683883667,-1.4867905378341675,-1.8383392095565796,-1.8825961351394653,-1.7175564765930176,-1.475525975227356,-1.131764531135559,-0.8086711168289185,-0.39597460627555847,0.12499796599149704,1.3301008939743042,4.104683876037598,5.979772090911865,5.098988056182861
18.54336929321289,19.440471649169922,13.682758331298828,9.884306907653809,12.74603271484375,16.620859146118164,19.198862075805664,18.99696159362793,17.521535873413086,17.474178314208984,19.340227127075195,22.143651962280273,22.667896270751953,22.044342041015625,21.247404098510742,21.798635482788086,15.149368286132812,6.037954807281494,6.414254665374756,8.21286678314209,8.323088645935059,6.528712749481201,4.064207077026367,2.72890305519104,1.4042302370071411,1.0241975784301758,0.5010621547698975,-0.17819152772426605,-0.33624163269996643,0.09465982764959335,0.8144110441207886,1.3781219720840454,1.511278748512268,1.9026103019714355,2.501377820968628,3.122239828109741,3.784337043762207,4.1714863777160645,4.069228649139404,4.090467929840088,4.197555065155029,4.955572605133057,6.593144416809082,6.197818756103516
18.494714736938477,18.292648315429688,12.679991722106934,9.367696762084961,12.007195472717285,15.69451904296875,19.26045799255371,20.2149658203125,18.45743179321289,17.666316986083984,18.657215118408203,20.365215301513672,21.283525466918945,21.473787307739258,20.847246170043945,20.3178653717041,14.758371353149414,7.492642402648926,7.592634677886963,9.423666954040527,9.48630142211914,8.36052417755127,6.50649881362915,5.487302303314209,4.238979816436768,3.675733804702759,3.3875861167907715,2.841784954071045,2.552072525024414,2.677971601486206,3.335341453552246,4.325423717498779,5.113283157348633,5.794107913970947,6.487545967102051,7.256662368774414,8.010221481323242,8.372559547424316,8.42444133758545,8.99660873413086,9.40947437286377,8.469587326049805,7.554356098175049,7.187675952911377
15.819369316101074,17.135265350341797,13.198500633239746,11.049335479736328,12.89672565460205,13.355615615844727,14.834696769714355,15.222949028015137,15.972004890441895,17.063480377197266,18.768159866333008,20.07096290588379,19.207687377929688,18.089324951171875,18.831212997436523,20.423551559448242,16.845535278320312,10.086334228515625,8.568291664123535,9.588817596435547,9.23154354095459,9.579069137573242,9.172338485717773,8.666977882385254,7.740916728973389,6.78096342086792,6.259305477142334,5.7931227684021,5.363839626312256,5.229061603546143,5.68339204788208,6.630683422088623,7.514441013336182,7.842133522033691,8.234012603759766,9.284486770629883,10.68400764465332,11.898394584655762,12.819498062133789,13.784470558166504,13.773536682128906,11.91694164276123,9.481280326843262,8.281339645385742
