data/wind_data/wind_52_8.json
{"header": {"parameterUnit": "KT", "parameterCategory": 2, "nx": 256, "ny": 198, "lo1": 44.73521041870117, "la1": -3.236724853515625, "lo2": 111.26478576660156, "la2": 43.468475341796875, "dx": 0.2609002888202667, "dy": -0.23708222806453705, "refTime": "2025-02-21 04:00:00", "forecastTime": 0, "parameterNumber": 2, "parameterNumberName": "eastward_wind"}, "data":
[rows 152 to 170 of 198, columns 88 to 131 of 256]
44.97304153442383,43.061744689941406,40.835784912109375,40.108642578125,41.22930145263672,42.15528106689453,41.102108001708984,37.42036437988281,34.2996826171875,34.973670959472656,39.348636627197266,42.06949234008789,40.5795783996582,37.500911712646484,35.668190002441406,35.61133575439453,35.78304672241211,35.503204345703125,35.00453567504883,34.215576171875,33.31016159057617,33.25532531738281,34.453086853027344,36.245086669921875,37.673126220703125,38.56343078613281,39.08926010131836,38.441646575927734,37.10643768310547,37.034324645996094,38.187740325927734,38.739620208740234,38.740455627441406,39.077537536621094,39.548709869384766,38.5664176940918,36.24576950073242,35.78422546386719,38.32914352416992,40.58232498168945,40.85508346557617,41.566368103027344,43.880802154541016,45.39181900024414
45.20015335083008,43.53395462036133,41.270084381103516,40.785545349121094,42.72013473510742,44.22968673706055,43.07335662841797,38.94083023071289,33.33636474609375,31.051877975463867,34.74869155883789,40.93470764160156,43.0378532409668,39.77290344238281,35.39619827270508,33.07185363769531,33.1270637512207,34.48053741455078,35.679141998291016,35.58552551269531,34.559268951416016,34.01927185058594,34.62940979003906,36.073917388916016,37.76395034790039,39.15941619873047,39.72629165649414,38.59488296508789,36.59043502807617,36.2022705078125,37.95109176635742,39.10169219970703,38.833282470703125,38.38028335571289,37.976558685302734,37.13690185546875,35.953311920166016,36.26161193847656,38.4351692199707,39.83794021606445,40.07706069946289,41.528892517089844,43.724952697753906,44.51786804199219
45.46623611450195,44.0849609375,41.809059143066406,40.92585754394531,42.89741516113281,44.66661071777344,43.229190826416016,39.323204040527344,34.14078903198242,30.063798904418945,31.17395782470703,36.9736213684082,41.745399475097656,41.590423583984375,38.35557174682617,35.16237258911133,33.94404602050781,34.73276901245117,35.66213607788086,35.226959228515625,33.97157669067383,33.395870208740234,33.82239532470703,34.995704650878906,36.90633773803711,38.8059196472168,39.28058624267578,37.701499938964844,35.636749267578125,35.27216720581055,37.26839828491211,38.75629425048828,38.21055221557617,37.434810638427734,37.55241012573242,37.60023498535156,36.661014556884766,35.95866394042969,36.584774017333984,37.6943473815918,39.39433288574219,42.27238845825195,44.42490005493164,44.32268524169922
45.5468635559082,44.63966751098633,42.43224334716797,40.24379348754883,40.711151123046875,42.1981086730957,41.81504440307617,39.72180938720703,36.60499572753906,32.23781967163086,30.01186180114746,32.88453674316406,37.425537109375,39.72486877441406,39.21321105957031,37.665531158447266,36.87954330444336,37.33380126953125,37.59725570678711,36.286983489990234,34.2613410949707,33.34617233276367,33.58915710449219,34.352630615234375,36.17806625366211,38.399784088134766,38.691585540771484,36.75008773803711,35.12601852416992,35.50270080566406,37.57841873168945,38.95773696899414,38.06367492675781,37.00936508178711,38.006126403808594,39.6959342956543,38.90724182128906,35.9417724609375,34.119224548339844,35.15852355957031,38.579341888427734,42.61732482910156,44.73594284057617,44.248348236083984
45.50839614868164,44.511749267578125,41.8999137878418,38.415889739990234,37.32609939575195,38.480472564697266,40.13998794555664,40.746822357177734,38.78902816772461,34.421382904052734,30.80352210998535,30.97149658203125,33.569698333740234,36.101680755615234,37.5863151550293,38.03599548339844,38.156620025634766,38.680606842041016,38.96660614013672,37.885982513427734,35.840728759765625,34.572303771972656,34.631526947021484,35.34702682495117,36.841678619384766,38.935630798339844,39.35539627075195,37.60260772705078,36.386085510253906,36.95292663574219,38.51149368286133,39.271968841552734,38.27444076538086,37.502052307128906,39.01918411254883,41.338924407958984,40.97629165649414,37.66366195678711,34.41420364379883,34.17804718017578,37.333248138427734,41.45622634887695,43.82405090332031,43.901981353759766
45.045684814453125,43.44894027709961,41.23481369018555,37.58409881591797,35.310367584228516,36.64678955078125,39.05807113647461,40.1270751953125,39.26896667480469,36.5198860168457,32.929344177246094,30.675128936767578,30.754369735717773,32.6260986328125,34.98317337036133,36.828853607177734,38.08963394165039,38.83725357055664,38.900848388671875,38.306278228759766,37.125308990478516,35.906280517578125,35.584320068359375,36.63404083251953,38.491947174072266,40.3207893371582,41.06438446044922,40.30108642578125,39.206241607666016,38.72271728515625,38.681400299072266,38.566856384277344,38.31950378417969,38.69816589355469,40.26162338256836,41.85177993774414,41.70230484008789,40.12004089355469,38.40910339355469,37.13071823120117,37.43982696533203,39.62834930419922,42.002235412597656,43.26469802856445
44.30949401855469,42.31776809692383,40.67554473876953,38.20453643798828,35.02782440185547,34.17212677001953,36.70513916015625,39.96807098388672,40.46664810180664,36.9585075378418,32.728694915771484,30.664308547973633,30.428478240966797,31.309072494506836,32.87416076660156,34.76459503173828,36.78230667114258,38.05049133300781,38.11940383911133,38.055198669433594,38.06852340698242,37.32208251953125,36.587337493896484,37.539955139160156,39.87862777709961,41.75918197631836,42.595767974853516,42.54042434692383,41.65865707397461,40.253910064697266,38.845489501953125,38.15540313720703,38.67989730834961,39.66949462890625,40.476200103759766,41.09905242919922,41.679351806640625,42.017822265625,41.7213134765625,40.75239944458008,39.793609619140625,39.915836334228516,41.2913818359375,42.92909240722656
44.29790115356445,42.290794372558594,40.4291877746582,38.39627456665039,35.73693084716797,33.78827667236328,34.575313568115234,37.50922775268555,39.754432678222656,38.34782409667969,34.629493713378906,31.82008171081543,30.148656845092773,29.796302795410156,31.54609489440918,33.8874626159668,35.59544372558594,36.67431640625,37.10371398925781,37.57279968261719,38.321868896484375,38.2052116394043,37.4289665222168,37.84336853027344,39.80972671508789,41.85382080078125,43.10963439941406,43.646263122558594,42.94308090209961,41.16952896118164,39.68085479736328,39.27122116088867,39.58793640136719,39.819889068603516,39.549922943115234,39.56723403930664,40.94672775268555,42.46839904785156,42.14794158935547,40.42311477661133,39.27336502075195,39.77632141113281,41.47093200683594,43.10831069946289
44.672725677490234,42.688682556152344,40.47575378417969,38.79423141479492,37.469146728515625,35.742225646972656,34.03256607055664,34.022369384765625,36.157371520996094,37.8583984375,36.84660720825195,34.92702102661133,33.25617980957031,31.364423751831055,30.965740203857422,32.969242095947266,35.2296257019043,36.69478225708008,37.61626052856445,38.031639099121094,38.289363861083984,38.18633270263672,37.6055793762207,37.57667922973633,38.63949203491211,40.312198638916016,42.06101989746094,43.518550872802734,43.31007766723633,41.486576080322266,40.26327133178711,40.40670394897461,40.50798416137695,39.702415466308594,38.80707931518555,39.14929962158203,40.94359588623047,42.23941421508789,41.165252685546875,38.47125244140625,36.80202102661133,37.94123840332031,40.7978630065918,42.86147689819336
44.681697845458984,43.28824234008789,41.88935470581055,40.39643478393555,38.62331771850586,36.6130256652832,34.59636688232422,33.46914291381836,34.42084503173828,36.204742431640625,36.280029296875,35.34710693359375,35.6239128112793,35.705718994140625,34.47332000732422,34.060203552246094,35.42679977416992,37.718807220458984,39.789581298828125,40.20413589477539,39.24174499511719,38.124656677246094,37.43198776245117,37.510345458984375,38.1416130065918,39.05413818359375,40.423099517822266,42.01142883300781,42.30046081542969,41.084266662597656,40.22521209716797,40.49680709838867,40.590206146240234,39.74542999267578,38.99806213378906,39.507816314697266,40.87363815307617,41.323421478271484,39.9886589050293,37.74557113647461,36.45645523071289,37.707557678222656,40.74612808227539,42.80719757080078
44.86172866821289,44.61521530151367,43.88611602783203,41.68989562988281,38.987396240234375,37.38527297973633,36.684906005859375,35.646358489990234,34.68093490600586,34.80744552612305,35.01988220214844,34.49022674560547,34.72285079956055,36.12760925292969,37.19013595581055,37.34016036987305,37.37477111816406,38.471744537353516,40.82506561279297,42.2133903503418,41.32538986206055,39.3484992980957,37.66239547729492,37.25825119018555,38.085140228271484,39.19180679321289,40.09074783325195,40.51072692871094,40.32380676269531,39.876216888427734,39.829769134521484,40.297821044921875,40.60465621948242,40.32233428955078,39.93919372558594,40.30670166015625,41.0831298828125,40.72053909301758,39.13412094116211,37.79587173461914,37.57521438598633,38.772064208984375,40.95863342285156,42.43400573730469
45.56769943237305,45.342063903808594,44.32939529418945,42.285491943359375,40.43463134765625,39.718379974365234,39.27252197265625,37.77085876464844,35.53361511230469,34.22496032714844,34.075992584228516,33.874874114990234,33.79563522338867,34.750003814697266,36.6524543762207,38.723663330078125,39.55841827392578,39.29963684082031,39.74491500854492,41.34751892089844,42.197288513183594,41.471920013427734,39.721927642822266,38.00189971923828,37.68265151977539,39.10133361816406,40.6700439453125,40.7233772277832,39.730648040771484,39.22201919555664,39.59714126586914,40.16619110107422,40.49921798706055,40.57273483276367,40.459720611572266,40.81974792480469,41.503570556640625,40.7344856262207,38.73774719238281,37.900943756103516,38.76482391357422,40.17267608642578,41.28165817260742,41.890586853027344
46.006683349609375,44.85919189453125,43.74633026123047,43.02445983886719,42.60580062866211,42.01744842529297,40.8455924987793,38.96022415161133,36.63005447387695,34.84076690673828,34.28291702270508,34.106082916259766,33.828304290771484,34.26005172729492,35.81087112426758,38.003238677978516,39.903663635253906,40.16724395751953,39.29073715209961,39.37859344482422,40.80845642089844,41.87691116333008,41.386512756347656,39.686500549316406,38.361328125,38.964054107666016,40.80548095703125,41.44862747192383,40.617122650146484,39.72711181640625,39.579376220703125,39.789405822753906,39.96323776245117,39.98381423950195,39.937286376953125,40.63711166381836,41.89554214477539,41.44681167602539,39.22138214111328,38.08361053466797,39.293617248535156,41.27904510498047,42.346736907958984,42.36592483520508
45.344017028808594,44.125118255615234,43.772735595703125,43.92047119140625,43.747222900390625,42.8166618347168,41.42342758178711,39.851314544677734,38.05604553222656,36.404541015625,35.470481872558594,34.92713928222656,34.271087646484375,34.33127975463867,35.76361846923828,37.61686706542969,38.9782829284668,39.6135139465332,39.35030746459961,39.047847747802734,39.79830551147461,40.932151794433594,41.15122604370117,40.37514877319336,39.59882736206055,39.70740509033203,40.61257553100586,41.39989471435547,41.36222839355469,40.66303634643555,40.01328659057617,39.64862060546875,39.391990661621094,39.20967483520508,39.200077056884766,39.9943733215332,41.550601959228516,41.89536666870117,40.3328857421875,38.901885986328125,39.31536102294922,41.123939514160156,42.63941955566406,42.98930358886719
44.84693145751953,44.18936538696289,43.93464279174805,43.801456451416016,43.486602783203125,42.78729248046875,41.804893493652344,40.7240104675293,39.486610412597656,37.9893913269043,36.43174362182617,35.22750473022461,34.65931701660156,34.94706726074219,36.03559494018555,37.445499420166016,38.38432312011719,38.780860900878906,39.172447204589844,39.64836883544922,39.9908561706543,40.1395263671875,40.04728317260742,39.89188003540039,40.162261962890625,40.745914459228516,41.0032844543457,41.078731536865234,41.15467071533203,40.8914909362793,40.35755157470703,39.68524932861328,38.987022399902344,38.775177001953125,39.085426330566406,39.83888244628906,41.03755569458008,41.68589782714844,41.072689056396484,40.102325439453125,39.79985427856445,40.421043395996094,41.58102798461914,42.54138946533203
45.191978454589844,44.3249397277832,43.394493103027344,42.91310501098633,42.83336639404297,42.64651107788086,42.12084197998047,41.41058349609375,40.425262451171875,38.80827331542969,36.757293701171875,35.30413818359375,35.209259033203125,35.8564567565918,36.28287887573242,36.8350830078125,37.91581726074219,39.02580261230469,39.91874694824219,40.508277893066406,40.32258605957031,39.54157638549805,38.75259017944336,38.692665100097656,39.904396057128906,41.57233810424805,41.93685531616211,41.04352951049805,40.41950607299805,40.33304214477539,40.017303466796875,39.1931037902832,38.4345703125,38.6135368347168,39.48102569580078,40.22811508178711,41.017032623291016,41.6122932434082,41.40717697143555,40.77166748046875,40.34837341308594,40.404361724853516,40.866798400878906,41.46989440917969
45.435523986816406,43.99195861816406,42.701904296875,42.1930046081543,42.308128356933594,42.46245574951172,42.252349853515625,41.63245391845703,40.54279708862305,38.88890838623047,37.11982727050781,36.107154846191406,36.09850311279297,36.304691314697266,36.10817337036133,36.39002227783203,37.971920013427734,39.76819610595703,40.785057067871094,41.05527114868164,40.46923828125,39.265907287597656,38.197486877441406,38.03578567504883,39.34608840942383,41.424163818359375,42.05670928955078,40.637630462646484,39.40945053100586,39.44993209838867,39.44460678100586,38.702972412109375,38.20783233642578,38.8526496887207,40.10612106323242,40.88255310058594,41.33381652832031,41.84456253051758,41.852054595947266,41.223358154296875,40.58498001098633,40.4494514465332,40.77962875366211,41.23311996459961
45.19523620605469,43.6821403503418,42.497772216796875,41.98895263671875,42.024322509765625,42.17240905761719,41.965240478515625,41.24644470214844,40.08183670043945,38.76838302612305,37.83340072631836,37.353126525878906,36.81748580932617,36.13901901245117,35.83616638183594,36.62894058227539,38.55215835571289,40.3570556640625,41.133121490478516,41.09050750732422,40.393836975097656,39.306549072265625,38.5782585144043,38.61211395263672,39.55930709838867,41.00189971923828,41.0450553894043,39.268028259277344,38.02511978149414,38.45587921142578,39.085018157958984,38.88227462768555,38.7686653137207,39.631202697753906,40.87485122680664,41.50386428833008,41.54637908935547,41.86252212524414,42.17527770996094,41.64591598510742,40.677879333496094,40.146148681640625,40.50625991821289,41.41655349731445
44.96641540527344,43.5321159362793,42.40715789794922,41.723777770996094,41.48821258544922,41.44853973388672,41.16990280151367,40.40623474121094,39.44347381591797,38.876556396484375,38.69340515136719,38.21010208129883,37.0880012512207,36.00544738769531,35.96681594848633,37.21562576293945,39.04102325439453,40.570167541503906,41.349605560302734,41.19662094116211,40.25081253051758,39.3629150390625,39.313106536865234,39.699462890625,40.15503692626953,40.54775619506836,39.783782958984375,37.828224182128906,36.76891326904297,37.606998443603516,38.97837829589844,39.48411560058594,39.6938591003418,40.538509368896484,41.47532653808594,41.76205062866211,41.51655197143555,41.56734848022461,42.02920913696289,41.85129928588867,40.89521789550781,40.135711669921875,40.153602600097656,40.99759292602539
