data/wind_data/wind_16_7.json
{"header": {"parameterUnit": "KT", "parameterCategory": 2, "nx": 256, "ny": 198, "lo1": 44.73521041870117, "la1": -3.236724853515625, "lo2": 111.26478576660156, "la2": 43.468475341796875, "dx": 0.2609002888202667, "dy": -0.23708222806453705, "refTime": "2025-02-19 16:00:00", "forecastTime": 0, "parameterNumber": 2, "parameterNumberName": "eastward_wind"}, "data":
[rows 140 to 159 of 198, columns 88 to 131 of 256]
77.89875793457031,77.7156982421875,77.82205963134766,77.63046264648438,77.67652130126953,78.23067474365234,77.62177276611328,76.29002380371094,77.3534927368164,79.84070587158203,80.1158676147461,78.96311950683594,78.66999053955078,80.89755249023438,83.3536148071289,84.29879760742188,85.57083129882812,88.1589584350586,89.19852447509766,86.40511322021484,81.8445053100586,79.79318237304688,80.46259307861328,82.09784698486328,83.16091918945312,83.60131072998047,83.846435546875,83.8781509399414,83.86287689208984,85.10501098632812,87.21466064453125,87.86750793457031,86.46757507324219,84.3028793334961,83.51708221435547,84.37486267089844,85.23503875732422,85.18405151367188,84.88777923583984,85.20137786865234,85.53822326660156,84.50502014160156,83.04407501220703,83.21040344238281
77.17595672607422,76.77731323242188,76.16845703125,75.54805755615234,75.8167724609375,76.31519317626953,75.34993743896484,74.44654083251953,76.2295150756836,78.48810577392578,77.72110748291016,75.93147277832031,75.22312927246094,77.60139465332031,80.88872528076172,82.34135437011719,82.54341888427734,84.33130645751953,86.03547668457031,85.07569885253906,82.86668395996094,81.26698303222656,80.49593353271484,80.16556549072266,79.77246856689453,79.33068084716797,78.8515853881836,78.9107437133789,79.56333923339844,81.2447280883789,83.64820861816406,84.68716430664062,83.75659942626953,82.43505096435547,82.22370147705078,82.46314239501953,82.33711242675781,81.8146743774414,81.39803314208984,81.6159896850586,81.76524353027344,80.37808990478516,78.99628448486328,79.21520233154297
75.48468780517578,75.00753021240234,73.7482681274414,73.15973663330078,74.16183471679688,74.4957046508789,73.03400421142578,72.71793365478516,75.07670593261719,76.86100769042969,75.52859497070312,73.17701721191406,72.70642852783203,74.68604278564453,77.71353149414062,79.45699310302734,79.68061828613281,80.7935791015625,82.67057037353516,83.61333465576172,83.22078704833984,81.11489868164062,78.69532775878906,77.26274871826172,76.30570220947266,75.29623413085938,74.51488494873047,74.8282241821289,76.22450256347656,78.42533111572266,80.34943389892578,80.85731506347656,80.16632080078125,79.66179656982422,79.47420501708984,79.25499725341797,79.09124755859375,78.76932525634766,78.8608627319336,79.79534912109375,79.79976654052734,78.12147521972656,76.5561294555664,76.2785415649414
72.3849868774414,72.31884765625,71.1551513671875,70.68445587158203,71.80205535888672,72.26551055908203,71.53731536865234,72.28075408935547,74.35258483886719,74.67676544189453,72.89984893798828,71.15354919433594,70.9598617553711,72.06517028808594,74.17173767089844,75.66807556152344,77.05561828613281,78.50212097167969,80.32109069824219,81.72193145751953,81.89981079101562,79.46759796142578,76.17940521240234,74.2289810180664,73.70939636230469,73.0272216796875,72.15013885498047,72.19342803955078,73.6012191772461,75.65119934082031,76.75927734375,76.72566223144531,76.45246887207031,76.571533203125,76.6722640991211,76.78483581542969,76.9710464477539,76.61735534667969,77.01774597167969,78.86146545410156,79.10086822509766,77.34939575195312,75.17073822021484,73.86507415771484
68.94070434570312,69.48637390136719,68.7637710571289,68.10279083251953,69.15432739257812,70.12490844726562,70.21803283691406,71.17733764648438,72.18724822998047,71.44924926757812,70.32513427734375,69.81803894042969,70.05705261230469,70.2441635131836,71.49040985107422,72.37359619140625,74.28251647949219,76.59635162353516,78.54633331298828,79.55595397949219,78.99494934082031,76.60533142089844,74.1935043334961,72.43524169921875,71.52310180664062,70.71685791015625,70.11215209960938,70.47163391113281,71.97071838378906,73.51604461669922,74.08219146728516,74.07691192626953,74.1578140258789,74.6681137084961,75.27164459228516,75.53702545166016,75.25628662109375,75.07632446289062,76.64495086669922,78.96483612060547,78.91375732421875,76.78194427490234,73.81056213378906,71.21543884277344
66.98467254638672,66.78289794921875,66.24735260009766,65.5965805053711,66.50824737548828,67.72765350341797,68.2316665649414,68.60159301757812,68.93667602539062,68.47798156738281,68.38871002197266,68.84183502197266,69.28178405761719,69.14088439941406,70.0922622680664,70.93732452392578,71.94229125976562,74.08794403076172,75.79058837890625,76.46023559570312,75.7270736694336,73.86824798583984,72.01470184326172,70.31317901611328,68.97539520263672,68.35380554199219,68.99089813232422,70.5342025756836,72.05628204345703,72.80966186523438,72.73347473144531,72.53605651855469,73.00623321533203,73.96451568603516,74.40776824951172,74.25089263916016,74.14775085449219,75.24776458740234,77.43409729003906,78.53911590576172,77.36978912353516,74.70567321777344,71.59942626953125,69.0937728881836
66.8277587890625,64.59453582763672,63.21747589111328,62.57883834838867,63.520103454589844,65.18770599365234,66.11234283447266,66.27632904052734,66.39201354980469,66.35807037353516,66.75873565673828,67.21317291259766,67.99637603759766,68.6227035522461,68.69879150390625,68.6307144165039,69.59629821777344,72.2617416381836,73.8875732421875,73.2584457397461,71.59030151367188,70.50377655029297,69.68736267089844,67.92514038085938,66.40657043457031,66.6943588256836,68.37149047851562,70.20073699951172,71.52110290527344,72.04135131835938,71.83904266357422,71.76872253417969,72.24885559082031,72.85324096679688,73.22575378417969,72.67678833007812,73.40033721923828,75.46733856201172,76.34552001953125,75.71250915527344,74.2712173461914,72.11344146728516,69.73847961425781,67.83318328857422
65.38326263427734,62.577552795410156,60.41913604736328,59.49546432495117,60.41705322265625,62.39887237548828,63.76612854003906,64.28401184082031,64.4030532836914,64.5073013305664,64.7922592163086,65.38726806640625,66.65955352783203,66.84406280517578,66.33301544189453,66.92938995361328,68.40927124023438,70.24280548095703,70.84061431884766,68.89900970458984,66.81669616699219,67.3123779296875,68.73336029052734,67.5531234741211,65.62924194335938,65.52875518798828,67.0266342163086,68.56253814697266,69.85113525390625,70.8525619506836,71.20496368408203,71.04985809326172,70.86114501953125,70.98760986328125,70.31770324707031,70.79163360595703,73.07257080078125,74.22193908691406,73.35791778564453,72.26583862304688,70.82161712646484,69.03550720214844,67.47379302978516,66.1694107055664
61.536155700683594,59.50749206542969,58.08427810668945,57.39602279663086,57.8680534362793,59.47248458862305,60.815956115722656,61.58708190917969,62.123634338378906,62.128631591796875,62.42344665527344,63.36341857910156,64.26873779296875,64.49691009521484,64.79618072509766,66.65972137451172,67.40751647949219,67.45768737792969,66.49200439453125,64.54680633544922,63.81639862060547,65.95963287353516,68.77458953857422,68.58464050292969,66.63153839111328,65.45116424560547,65.84651184082031,67.17051696777344,68.67195129394531,69.733154296875,69.97740936279297,69.64773559570312,69.02604675292969,68.10597229003906,68.1291732788086,70.15137481689453,72.01087188720703,71.57203674316406,70.66507720947266,69.17717742919922,66.8329849243164,65.14002990722656,64.6189956665039,64.42889404296875
57.59727478027344,55.97308349609375,55.53790283203125,56.48139190673828,56.80632781982422,56.75544357299805,57.29695129394531,58.45252990722656,59.55263900756836,59.18949890136719,60.187744140625,61.36315155029297,61.83600997924805,62.63890838623047,65.48684692382812,67.36502838134766,66.22782135009766,63.27384567260742,61.862125396728516,62.60471725463867,63.81719207763672,65.88426971435547,68.09263610839844,68.6162109375,67.51889038085938,66.04781341552734,65.80138397216797,66.6611328125,67.33706665039062,67.41084289550781,67.3881607055664,67.3699951171875,66.8423843383789,66.23365020751953,67.37801361083984,69.46818542480469,69.74483489990234,69.26903533935547,68.43444061279297,66.0343246459961,63.24271011352539,62.25261306762695,62.604434967041016,62.97026062011719
54.286563873291016,54.0526123046875,54.04547882080078,54.487483978271484,54.29730987548828,54.2485466003418,55.026466369628906,56.24701690673828,57.03424835205078,56.46174621582031,58.77836990356445,60.436973571777344,60.08856201171875,62.17643356323242,65.6415786743164,66.70909118652344,64.58282470703125,61.82426834106445,61.457420349121094,62.75897216796875,63.80599594116211,64.64439392089844,65.73432159423828,66.78352355957031,66.95970153808594,66.0394058227539,65.3509292602539,64.87907409667969,64.27001953125,63.863834381103516,64.17767333984375,65.00563049316406,65.10824584960938,65.67675018310547,67.70709991455078,68.25498962402344,66.92564392089844,66.32550048828125,65.98394775390625,63.94411087036133,61.09691619873047,59.8610954284668,60.40410614013672,60.966304779052734
52.291473388671875,52.48707580566406,52.465763092041016,52.6093635559082,52.873775482177734,53.53775405883789,54.30010223388672,54.87086486816406,55.0355110168457,54.995750427246094,58.09495162963867,60.044246673583984,59.701629638671875,62.079139709472656,65.51290130615234,66.00250244140625,64.38874053955078,62.8563346862793,62.443511962890625,62.84294891357422,62.4325065612793,61.28948211669922,62.07659149169922,64.3460464477539,65.27984619140625,64.57386779785156,63.294281005859375,62.10552978515625,61.44898223876953,61.50149154663086,62.501548767089844,63.54228210449219,64.69779968261719,66.74244689941406,67.61539459228516,65.69912719726562,63.878353118896484,63.9055290222168,64.0689468383789,61.835350036621094,58.53230285644531,57.05813980102539,57.47648620605469,58.00559997558594
51.40107727050781,51.34728240966797,51.40107727050781,52.00406265258789,52.84532165527344,53.618194580078125,53.96945571899414,54.08106231689453,54.21332931518555,54.80896759033203,57.46642303466797,59.58345413208008,59.947261810302734,61.773677825927734,64.95071411132812,65.97960662841797,64.58101654052734,62.86167907714844,62.50287628173828,61.73692321777344,58.55915069580078,57.31885528564453,60.51033020019531,63.30194091796875,63.32171630859375,61.984703063964844,60.55084228515625,59.88431930541992,59.82219696044922,60.31086349487305,61.36574935913086,63.10078430175781,65.57494354248047,66.87193298339844,65.4544677734375,63.11454391479492,61.993045806884766,62.14680099487305,61.26183319091797,58.34083938598633,55.62067794799805,54.63529968261719,54.665863037109375,54.71114730834961
50.56929397583008,50.50260543823242,50.76582717895508,51.94464111328125,53.27655792236328,53.96637725830078,54.069122314453125,54.001399993896484,54.2576904296875,55.06424331665039,57.214744567871094,59.2169303894043,60.13325500488281,61.49174880981445,63.721370697021484,64.99036407470703,63.60675048828125,62.12855529785156,62.263973236083984,60.140071868896484,56.369178771972656,57.36572265625,61.26047134399414,62.36051940917969,61.082374572753906,59.60084533691406,58.55173873901367,58.32651138305664,58.7123908996582,59.60978698730469,60.879249572753906,63.1687126159668,65.20117950439453,64.64427185058594,62.45651626586914,60.78886795043945,59.986732482910156,58.78717041015625,56.43665313720703,54.42241668701172,53.55559158325195,52.787166595458984,51.87225341796875,51.66454315185547
50.017147064208984,49.672264099121094,50.277835845947266,51.89822006225586,53.51449966430664,54.23309326171875,54.1995735168457,54.16591262817383,54.5616455078125,55.15381622314453,56.79254913330078,58.51100540161133,59.85337448120117,61.204566955566406,62.464664459228516,62.71688461303711,61.557376861572266,61.26327896118164,61.54027557373047,58.96653366088867,56.51634216308594,58.46283721923828,60.859474182128906,60.25443649291992,58.57497024536133,57.386112213134766,56.69367599487305,56.8585319519043,57.96338653564453,59.16511535644531,60.02483367919922,61.6828498840332,62.85969543457031,61.61795425415039,59.494102478027344,57.844425201416016,55.760337829589844,52.823917388916016,50.82638931274414,50.76310729980469,50.83664321899414,49.58442306518555,48.75398635864258,49.847354888916016
49.730018615722656,49.104957580566406,50.24937057495117,51.93054962158203,53.4846076965332,54.321128845214844,54.31281280517578,54.12135696411133,54.13471984863281,54.56740188598633,55.932682037353516,57.406368255615234,58.94268798828125,60.25851058959961,61.03452682495117,60.78351593017578,59.98293685913086,60.040931701660156,59.53468322753906,57.40559768676758,56.24330139160156,57.5041618347168,58.26251220703125,57.519920349121094,56.83552169799805,56.265892028808594,55.69024658203125,56.24057388305664,57.5911750793457,58.15185546875,58.57089614868164,59.755149841308594,59.874122619628906,58.15918731689453,55.848365783691406,52.97211837768555,49.46188735961914,46.7925910949707,46.05118179321289,46.69301986694336,46.73802947998047,46.15739059448242,47.0484619140625,49.59258270263672
49.785545349121094,48.93334197998047,49.610748291015625,51.45479965209961,53.4949951171875,54.34068298339844,54.238983154296875,53.53595733642578,53.35312271118164,53.92034149169922,55.044857025146484,56.14858627319336,57.44636535644531,58.421077728271484,58.96433639526367,59.049476623535156,58.7135124206543,57.99257278442383,56.4879035949707,54.824790954589844,54.37881088256836,54.67819595336914,54.62553405761719,54.81416320800781,55.270503997802734,55.168235778808594,55.08327102661133,56.19684600830078,57.22526931762695,57.577369689941406,58.006446838378906,57.876312255859375,56.25078201293945,53.395015716552734,49.54158401489258,46.0141716003418,44.36186218261719,43.73991775512695,43.645503997802734,44.31581497192383,44.93484115600586,45.75429153442383,47.63732147216797,50.213924407958984
49.719764709472656,48.689605712890625,48.34941482543945,50.23799133300781,53.26618576049805,54.353885650634766,54.05507278442383,53.03871154785156,52.59281921386719,53.08478546142578,54.12285232543945,55.1881217956543,55.92929458618164,56.24017333984375,56.48476791381836,56.717742919921875,56.38531494140625,55.03622817993164,53.071449279785156,51.86629867553711,51.7978515625,51.41246032714844,50.92082595825195,51.70268249511719,53.08980941772461,53.93654251098633,55.04759979248047,56.013572692871094,56.155113220214844,55.61802291870117,53.9981575012207,51.45914840698242,48.42755126953125,44.994022369384766,42.49449157714844,42.459293365478516,43.06680679321289,42.96415328979492,43.56649398803711,45.07188415527344,46.2773551940918,47.35047912597656,48.76503372192383,50.428321838378906
49.36595153808594,48.47002029418945,47.46052169799805,48.98647689819336,52.703590393066406,54.317100524902344,53.53185272216797,52.30899429321289,52.07202911376953,52.032203674316406,52.756011962890625,53.687522888183594,54.22757339477539,54.46847915649414,54.333457946777344,53.982666015625,53.27322006225586,52.209590911865234,50.88893508911133,49.96681594848633,49.634178161621094,48.93168258666992,48.31914138793945,49.05670166015625,50.60785675048828,51.99361038208008,53.1453971862793,53.1636962890625,52.170345306396484,49.78063201904297,46.301998138427734,43.220680236816406,41.10362243652344,40.55891036987305,41.27348709106445,42.23939895629883,42.46455001831055,42.840187072753906,44.592796325683594,46.74330139160156,48.0830192565918,48.65740203857422,48.93057632446289,49.43769836425781
49.04446792602539,48.41846466064453,47.003631591796875,47.9180793762207,51.52387237548828,53.67264175415039,52.64461898803711,51.230613708496094,50.736087799072266,50.3744010925293,50.70943069458008,51.2122802734375,51.88532638549805,52.40437316894531,52.509639739990234,51.83218765258789,50.80046463012695,49.86893844604492,49.34834289550781,49.4373779296875,49.17414474487305,48.185882568359375,47.509490966796875,47.86092758178711,48.72148132324219,49.76711654663086,50.218868255615234,49.52439880371094,47.690303802490234,44.456398010253906,41.16967010498047,39.342445373535156,39.77351760864258,41.22206115722656,41.98341751098633,41.760311126708984,41.62864303588867,42.91238021850586,45.516571044921875,47.673927307128906,48.46976852416992,48.217979431152344,47.6121940612793,47.514591217041016
