data/wind_data/wind_59_4.json
{"header": {"parameterUnit": "KT", "parameterCategory": 2, "nx": 256, "ny": 198, "lo1": 44.73521041870117, "la1": -3.236724853515625, "lo2": 111.26478576660156, "la2": 43.468475341796875, "dx": 0.2609002888202667, "dy": -0.23708222806453705, "refTime": "2025-02-21 11:00:00", "forecastTime": 0, "parameterNumber": 2, "parameterNumberName": "eastward_wind"}, "data":
[rows 133 to 151 of 198, columns 132 to 175 of 256]
7.293877124786377,14.512171745300293,24.59733772277832,30.11709976196289,31.63880157470703,32.30219650268555,35.617679595947266,40.558860778808594,43.0289192199707,42.68489456176758,43.04998016357422,45.63338851928711,48.49443817138672,48.40818786621094,45.537574768066406,42.126678466796875,40.2567253112793,40.11343002319336,40.056976318359375,39.68951416015625,40.676734924316406,42.79573440551758,44.311798095703125,44.328216552734375,41.94556427001953,40.518558502197266,41.327911376953125,40.989837646484375,40.01742172241211,39.82406234741211,39.88557815551758,39.735355377197266,39.23120880126953,38.77669143676758,38.356746673583984,37.70744323730469,37.01309585571289,36.124332427978516,36.39037322998047,38.026947021484375,36.51911926269531,37.487640380859375,38.01101303100586,30.196989059448242
14.20313549041748,23.47840690612793,33.40430450439453,40.81547927856445,43.03586196899414,43.76224899291992,44.220733642578125,43.94841384887695,43.632232666015625,42.47456741333008,42.934852600097656,44.7506103515625,44.3329963684082,41.893333435058594,40.1823844909668,39.78508377075195,40.181453704833984,40.89382553100586,42.070186614990234,43.088844299316406,44.50178146362305,46.39616012573242,47.40998458862305,45.23895263671875,41.736427307128906,41.02714920043945,41.424163818359375,41.48211669921875,40.531288146972656,39.9139404296875,40.12523651123047,40.38462448120117,40.234867095947266,39.79194641113281,38.97509765625,37.66704177856445,36.09248352050781,34.3596076965332,34.34955596923828,35.93812561035156,35.16899490356445,34.414817810058594,36.75533676147461,37.427616119384766
26.7825927734375,28.260751724243164,33.91817092895508,42.05174255371094,46.06047439575195,46.74786376953125,45.101985931396484,43.08468246459961,41.50364685058594,39.84205627441406,39.70313262939453,41.00130844116211,41.2769660949707,40.64657974243164,40.20013427734375,39.72880554199219,38.66316604614258,38.45391082763672,40.90544509887695,42.42146682739258,42.18431854248047,42.06890869140625,41.36280059814453,40.691856384277344,40.566551208496094,40.353599548339844,40.77106475830078,41.41510772705078,40.65652847290039,39.693702697753906,39.85224914550781,40.16339874267578,40.1748046875,40.032859802246094,39.420772552490234,38.30128860473633,36.752559661865234,35.67240524291992,35.433990478515625,35.90699005126953,32.26593017578125,30.123079299926758,31.132579803466797,37.6904296875
37.87033462524414,41.15604019165039,43.19277572631836,45.893218994140625,47.05400466918945,44.23640441894531,39.62118911743164,36.593692779541016,35.379695892333984,34.946685791015625,36.570945739746094,40.69696044921875,44.06710433959961,45.70588302612305,45.46771240234375,44.71476745605469,44.15914535522461,43.31133270263672,41.95671463012695,39.39118957519531,37.99300003051758,38.85449981689453,39.93998718261719,40.370845794677734,40.28407287597656,39.7871208190918,39.5299072265625,39.30177688598633,38.20488739013672,36.84758377075195,36.099613189697266,36.46964645385742,37.544105529785156,38.48356628417969,38.6187744140625,37.2641716003418,35.14332962036133,34.66769027709961,33.940914154052734,33.146339416503906,32.100563049316406,32.89835739135742,38.098751068115234,31.661623001098633
45.66909408569336,50.62945556640625,48.783199310302734,43.73571014404297,40.22260665893555,37.408546447753906,34.93411636352539,34.26197052001953,35.539833068847656,37.39718246459961,38.515045166015625,40.283935546875,42.77104949951172,43.77071762084961,42.834327697753906,41.53608703613281,41.80194091796875,43.09529495239258,41.26462173461914,38.670047760009766,38.96262741088867,40.826072692871094,42.08833694458008,41.709503173828125,40.84391784667969,40.517398834228516,40.964393615722656,40.7196159362793,39.56839370727539,38.858062744140625,39.184165954589844,39.658531188964844,39.66413879394531,39.72867202758789,40.35189437866211,40.35608673095703,39.738773345947266,38.577423095703125,36.78071212768555,36.17223358154297,36.80653762817383,36.00801467895508,32.30224609375,24.502920150756836
47.66108322143555,47.71772766113281,41.312374114990234,36.01480484008789,34.17443084716797,33.24663162231445,31.969926834106445,34.83952713012695,39.43961715698242,42.00677490234375,42.91275405883789,44.143951416015625,44.95759963989258,44.37796401977539,42.02920150756836,40.09487533569336,41.6114387512207,43.426170349121094,41.1165885925293,39.05428695678711,39.97643280029297,41.95991516113281,43.75178146362305,44.34882354736328,43.36921691894531,42.31449890136719,42.64451217651367,42.81813049316406,42.08607482910156,41.70172119140625,41.52756881713867,40.95735549926758,40.23362350463867,39.43558883666992,38.36815643310547,35.41535949707031,36.12808609008789,38.01066589355469,35.836002349853516,33.17591094970703,35.80137634277344,36.24817657470703,30.774658203125,24.156570434570312
43.486881256103516,38.42732238769531,32.650421142578125,32.276397705078125,34.980995178222656,35.80160140991211,34.248050689697266,33.85303497314453,34.910762786865234,35.95760726928711,36.66651916503906,38.14330291748047,39.33702850341797,38.92293930053711,37.819366455078125,38.985816955566406,42.466495513916016,43.92626190185547,41.386024475097656,39.69218444824219,40.654747009277344,42.731956481933594,44.69724655151367,45.8776741027832,45.37980270385742,44.102779388427734,43.75043487548828,43.54846954345703,42.528560638427734,41.878021240234375,41.50871658325195,40.67230987548828,39.93683624267578,38.602725982666016,38.71979522705078,38.326358795166016,34.16135025024414,32.651039123535156,33.51393127441406,33.751712799072266,34.35110092163086,28.134424209594727,18.094100952148438,18.952577590942383
35.42699432373047,32.515594482421875,32.61275863647461,35.73230743408203,38.219886779785156,39.81575393676758,41.50354766845703,41.44051742553711,41.24031066894531,41.294254302978516,39.97977066040039,40.026607513427734,41.762939453125,42.17198181152344,40.671470642089844,40.5953483581543,43.353759765625,44.04148864746094,40.32467269897461,38.43788146972656,39.24308776855469,41.22397232055664,42.76764678955078,42.716678619384766,42.33171463012695,42.223175048828125,41.948219299316406,40.85002899169922,38.88772964477539,36.299530029296875,34.35390853881836,34.018733978271484,34.351646423339844,36.025264739990234,36.952938079833984,35.2284049987793,35.12092971801758,36.145408630371094,37.45710754394531,35.70082092285156,32.49974822998047,28.43507957458496,25.33490562438965,26.098299026489258
34.6104736328125,33.433929443359375,36.78252029418945,39.72587585449219,41.377803802490234,43.70344924926758,44.43531036376953,44.187347412109375,45.28963851928711,44.85315704345703,40.81052780151367,40.103981018066406,43.32661819458008,44.57047653198242,44.28007888793945,44.81049346923828,46.50169372558594,46.65916442871094,45.35368347167969,45.36127853393555,46.07670211791992,46.5964241027832,46.9257926940918,46.384361267089844,44.32011413574219,40.74974822998047,40.380531311035156,41.57012176513672,42.00541687011719,41.29022216796875,40.063236236572266,39.075096130371094,38.5876579284668,39.78169250488281,37.99684143066406,35.198516845703125,37.14912414550781,40.72141647338867,42.98055648803711,38.82794952392578,30.901960372924805,30.80963706970215,35.5988883972168,39.82163619995117
38.46537780761719,38.420318603515625,41.09750747680664,42.16492462158203,43.276885986328125,45.68358612060547,45.92616653442383,45.429901123046875,46.580467224121094,47.115379333496094,45.275455474853516,43.805206298828125,44.278011322021484,45.17951202392578,45.40336608886719,46.043460845947266,46.52016067504883,45.74018859863281,44.822208404541016,44.4391975402832,44.62721633911133,44.85173416137695,45.001739501953125,45.86247634887695,47.327754974365234,46.923065185546875,43.459346771240234,40.396175384521484,38.93536376953125,38.26954650878906,37.872352600097656,38.01185989379883,38.78495788574219,38.161991119384766,39.001441955566406,42.76313018798828,44.407352447509766,43.76591873168945,43.66334533691406,36.42985534667969,28.51803970336914,31.658838272094727,41.09647750854492,44.28112030029297
41.725914001464844,42.85261154174805,43.12913513183594,42.0235595703125,42.484336853027344,45.61723327636719,47.98094177246094,49.27400207519531,51.335601806640625,52.357704162597656,49.48658752441406,45.345001220703125,42.6551513671875,42.018333435058594,42.95079040527344,43.79621505737305,43.94637680053711,42.88811111450195,41.73744201660156,41.35746765136719,41.7115364074707,42.01890563964844,41.79072570800781,42.089839935302734,43.128089904785156,42.9263801574707,40.84486770629883,38.10161590576172,35.905487060546875,35.39672088623047,36.710330963134766,38.700157165527344,38.80401611328125,38.08563995361328,42.61794662475586,48.30678939819336,47.87567901611328,46.166221618652344,46.94404602050781,41.311744689941406,32.84166717529297,31.001745223999023,35.85032272338867,38.2459602355957
42.79016876220703,43.22657012939453,39.90852355957031,37.77763748168945,39.89384460449219,43.1661262512207,46.29069900512695,49.104637145996094,49.22300338745117,46.94988250732422,43.47895812988281,39.713897705078125,38.52775955200195,39.68927764892578,40.64778137207031,40.948219299316406,40.91745376586914,40.34553527832031,39.22330093383789,38.67807388305664,39.27701950073242,40.49797439575195,41.1102294921875,40.726951599121094,41.30780792236328,41.74873352050781,40.44529724121094,38.98012161254883,37.643959045410156,37.566532135009766,39.43208694458008,39.37980270385742,36.75037384033203,42.559608459472656,46.25993347167969,46.10005569458008,47.52970886230469,47.188594818115234,41.017860412597656,31.29020881652832,21.66989517211914,18.875043869018555,20.249290466308594,23.992137908935547
40.2746696472168,37.687015533447266,33.063358306884766,31.856203079223633,34.182762145996094,35.858985900878906,37.64706039428711,40.989891052246094,40.05740737915039,38.3773307800293,38.624900817871094,38.53059005737305,38.59401321411133,38.302818298339844,37.94824981689453,37.4584846496582,37.01935577392578,36.61811065673828,35.522056579589844,34.84785079956055,35.36193084716797,36.68883514404297,37.73884582519531,37.624691009521484,37.96480941772461,38.98028564453125,38.2800178527832,36.308536529541016,34.541542053222656,34.48297882080078,36.95043182373047,37.064109802246094,36.9893913269043,40.31157302856445,45.499839782714844,44.42911911010742,36.67535400390625,30.61762809753418,28.00012969970703,20.682493209838867,15.334966659545898,20.42329978942871,26.259592056274414,28.130491256713867
44.964622497558594,47.13766860961914,48.29574203491211,49.187313079833984,49.56344985961914,48.24513244628906,47.213802337646484,47.9031867980957,46.62105178833008,42.19205856323242,39.403953552246094,38.6233024597168,38.013458251953125,37.15559768676758,36.667236328125,36.38017654418945,35.917728424072266,35.1532096862793,33.02859115600586,31.230649948120117,30.847543716430664,31.578880310058594,32.68286895751953,33.49088668823242,34.49317169189453,35.39341735839844,36.1755256652832,36.868141174316406,35.00527572631836,33.12925338745117,34.18380355834961,35.428287506103516,36.37064743041992,38.68465805053711,41.801727294921875,36.05429458618164,27.29645538330078,20.576099395751953,19.767732620239258,21.111658096313477,23.583078384399414,31.296981811523438,34.913909912109375,29.107845306396484
48.71920394897461,50.90997314453125,49.69001388549805,48.49092102050781,48.23272705078125,46.95564651489258,44.80419158935547,44.78065490722656,45.822593688964844,43.069217681884766,37.23309326171875,35.27329635620117,36.14437484741211,36.18532180786133,35.68872833251953,36.36761474609375,36.688716888427734,35.396095275878906,33.263526916503906,31.696121215820312,31.867088317871094,32.68495559692383,33.19041442871094,33.310462951660156,33.76997375488281,34.75584030151367,35.42401123046875,36.491119384765625,37.052276611328125,35.87635040283203,35.15983963012695,34.78264617919922,33.75072479248047,37.04800796508789,39.73381042480469,34.277931213378906,27.12485694885254,22.51398277282715,21.43838882446289,22.20090675354004,24.419029235839844,29.922550201416016,29.415311813354492,24.764652252197266
48.68424987792969,49.02825164794922,48.16159439086914,48.43876647949219,49.27885437011719,49.10331726074219,49.26678466796875,49.39856719970703,48.58133316040039,46.08537673950195,39.03603744506836,35.53516387939453,35.4617805480957,33.35866928100586,32.39119338989258,33.05352783203125,33.54367446899414,32.211875915527344,30.08659553527832,29.368078231811523,30.362775802612305,30.93279457092285,31.989728927612305,34.05349349975586,34.418052673339844,34.00044250488281,33.47496795654297,33.477264404296875,34.40525436401367,34.10529327392578,33.46562194824219,34.11549758911133,34.64213562011719,36.4847526550293,38.02564239501953,34.16339874267578,28.177152633666992,24.429916381835938,23.598047256469727,24.565929412841797,25.25919532775879,24.12403678894043,21.69541358947754,20.531034469604492
48.55549621582031,48.562015533447266,49.551944732666016,50.68454360961914,50.05077362060547,48.918907165527344,48.68431854248047,48.3426628112793,46.17107391357422,43.929283142089844,41.92075729370117,38.50764846801758,36.701602935791016,35.71523666381836,34.32439041137695,33.766700744628906,33.39566421508789,32.39759063720703,30.824716567993164,29.38921356201172,27.870662689208984,27.573274612426758,29.39308738708496,31.54829216003418,32.023963928222656,31.907917022705078,32.28955078125,32.63665771484375,32.2313232421875,31.881248474121094,31.996231079101562,33.41054916381836,35.653526306152344,36.95987319946289,38.04279327392578,38.04959487915039,33.713417053222656,28.625776290893555,27.509624481201172,29.41737937927246,29.65911293029785,24.85240936279297,21.878459930419922,21.870193481445312
50.85136032104492,50.866268157958984,52.20634078979492,52.351463317871094,49.990177154541016,47.788021087646484,46.56380081176758,45.582035064697266,44.63752365112305,41.24510192871094,35.560768127441406,33.95201873779297,34.07337188720703,33.146080017089844,33.077606201171875,32.55117416381836,31.579246520996094,30.333660125732422,29.06618881225586,27.652315139770508,26.65998077392578,26.741479873657227,27.4248104095459,29.42138671875,31.093050003051758,31.275711059570312,31.475942611694336,31.960994720458984,31.898611068725586,31.911291122436523,32.39738464355469,33.85136032104492,35.87687683105469,36.277652740478516,36.62071228027344,36.36298751831055,33.22993469238281,30.996143341064453,30.68765640258789,31.871042251586914,34.95212173461914,36.01877212524414,36.37160873413086,37.7953987121582
51.96625900268555,51.962947845458984,52.13768005371094,51.187320709228516,48.10011672973633,43.24515151977539,40.123931884765625,38.8419075012207,35.53483963012695,30.920812606811523,29.237808227539062,30.338146209716797,30.686471939086914,30.080047607421875,29.563932418823242,29.597789764404297,29.54195785522461,29.324169158935547,29.232145309448242,30.079397201538086,30.258588790893555,30.00614356994629,30.159679412841797,29.1190185546875,29.34419822692871,31.618515014648438,31.87270164489746,29.597503662109375,29.074857711791992,30.93851089477539,32.79143524169922,33.42243576049805,34.48202896118164,36.89120864868164,36.760467529296875,33.73905563354492,31.958158493041992,31.789133071899414,32.20123291015625,35.28169631958008,40.36151885986328,42.53144454956055,41.14990234375,39.06260681152344
