data/wind_data/wind_Surface_55.json
{"header": {"parameterUnit": "KT", "parameterCategory": 2, "nx": 255, "ny": 198, "lo1": 44.73521041870117, "la1": -3.236724853515625, "lo2": 111.26478576660156, "la2": 43.468475341796875, "dx": 0.26192745566368103, "dy": -0.23708222806453705, "refTime": "2025-02-21 07:00:00", "forecastTime": 0, "parameterNumber": 2, "parameterNumberName": "eastward_wind"}, "data":
[rows 171 to 189 of 198, columns 86 to 128 of 255]
-13.231739044189453,-10.479419708251953,-7.108696937561035,-6.576138019561768,-8.515985488891602,-10.525765419006348,-12.362332344055176,-12.610491752624512,-12.86875057220459,-9.633234977722168,-7.705052375793457,-7.877536296844482,-6.052247047424316,-6.458266258239746,-9.78929615020752,-11.094320297241211,-9.196808815002441,-9.0789794921875,-7.829545497894287,-3.5839853286743164,0.28014999628067017,3.5248911380767822,5.537110328674316,7.645538806915283,11.612948417663574,6.172445774078369,-0.44794732332229614,-0.399425208568573,1.411508321762085,4.4029717445373535,9.910822868347168,12.687342643737793,3.7877795696258545,-4.87058162689209,-4.77504825592041,-4.916458606719971,-4.620944976806641,-2.8826425075531006,-1.6997520923614502,-3.3951785564422607,-4.250091552734375,-1.9596264362335205,-0.3637172281742096
-12.794445037841797,-7.372252941131592,-5.599837303161621,-6.886537551879883,-7.848297595977783,-8.612473487854004,-11.954734802246094,-14.250350952148438,-13.671760559082031,-10.486104965209961,-8.486339569091797,-7.6827850341796875,-8.103989601135254,-8.966902732849121,-11.791315078735352,-11.440372467041016,-10.469252586364746,-8.474933624267578,-6.082068920135498,0.7377744913101196,4.308217525482178,1.7725214958190918,1.077426791191101,5.2987380027771,11.345187187194824,6.145824432373047,-0.022365015000104904,1.3985618352890015,4.102672100067139,6.0821309089660645,11.022525787353516,13.864749908447266,6.286689281463623,-2.506516456604004,-3.767958879470825,-3.083939790725708,-1.954002022743225,-0.9504559636116028,-0.9867821931838989,-2.765460968017578,-3.641836166381836,-2.3020122051239014,-0.7435921430587769
-14.631134033203125,-10.670740127563477,-6.604255199432373,-7.129360675811768,-7.95733642578125,-7.205710411071777,-8.564346313476562,-10.944520950317383,-12.124002456665039,-11.755727767944336,-7.606302738189697,-5.369134426116943,-8.706689834594727,-10.293031692504883,-10.055553436279297,-11.4710693359375,-7.598146438598633,-4.3917975425720215,-0.7654560804367065,6.343584060668945,9.508967399597168,4.337296009063721,1.8634849786758423,6.375600814819336,10.04002571105957,11.467655181884766,10.678573608398438,6.456573963165283,5.498483657836914,10.004018783569336,10.531912803649902,1.9571136236190796,-4.293389797210693,-4.166060447692871,-3.0493252277374268,-2.541445016860962,-1.0205646753311157,-0.14347106218338013,-1.0051652193069458,-2.577023983001709,-3.156360387802124,-2.1607506275177,-1.2720931768417358
-9.901371955871582,-8.022006034851074,-5.8224687576293945,-4.83552885055542,-3.778252124786377,-4.414300441741943,-7.134119033813477,-8.494267463684082,-9.635675430297852,-7.746343612670898,-5.515399932861328,-5.080217361450195,-5.417884826660156,-4.983640193939209,-3.709233283996582,-5.486666202545166,-7.726795196533203,-4.232229709625244,2.74690842628479,8.386286735534668,9.16450309753418,7.394458293914795,7.108928680419922,7.4668498039245605,7.477370262145996,10.515107154846191,13.016226768493652,8.386505126953125,6.265926837921143,9.763683319091797,1.6515237092971802,-6.256165027618408,-4.423256874084473,-3.663416624069214,-2.8945648670196533,-1.5014736652374268,-0.03857184574007988,-1.1115561723709106,-2.06147837638855,-2.9369254112243652,-2.8726205825805664,-2.0632736682891846,-1.9334036111831665
-2.178276300430298,-4.3942766189575195,-4.3374786376953125,-2.585268259048462,-1.0061087608337402,-4.153631687164307,-8.868120193481445,-9.754891395568848,-8.35998249053955,-7.306466579437256,-4.808500289916992,-3.99409818649292,-3.5846641063690186,-2.707163095474243,-0.9555909633636475,0.46480536460876465,0.35836201906204224,1.4707196950912476,5.68143367767334,8.494949340820312,6.782566070556641,8.001214027404785,8.827054023742676,5.619017124176025,4.440342426300049,7.101248264312744,12.105127334594727,12.172797203063965,11.726816177368164,3.1203434467315674,-6.996427059173584,-6.447556495666504,-3.222222089767456,-2.307464838027954,-1.8451340198516846,-1.5690293312072754,-1.6940536499023438,-2.4747414588928223,-3.402677059173584,-2.8802077770233154,-3.153134822845459,-2.9056742191314697,-2.029215097427368
1.1840862035751343,1.8748862743377686,0.8142402768135071,0.20241625607013702,-1.005834937095642,-4.786718845367432,-7.741715908050537,-9.488241195678711,-11.571821212768555,-10.122865676879883,-5.4077839851379395,-3.592778205871582,-0.11481394618749619,2.8570446968078613,1.3637315034866333,0.7747191786766052,3.3845396041870117,6.417570114135742,9.942179679870605,9.83116626739502,7.6389899253845215,9.421265602111816,9.923357009887695,5.831689357757568,5.452025413513184,9.747930526733398,12.493813514709473,13.357239723205566,4.898075580596924,-6.691654205322266,-6.99768590927124,-3.2823452949523926,-3.2686679363250732,-3.6692748069763184,-3.821866989135742,-3.219896078109741,-2.5886073112487793,-3.064331531524658,-3.2805705070495605,-3.274502754211426,-3.1102139949798584,-3.2470734119415283,-3.1196553707122803
0.01295041386038065,2.5240113735198975,3.980987310409546,3.3142404556274414,1.1351344585418701,-1.2432001829147339,-2.6181180477142334,-4.728776454925537,-8.330609321594238,-8.061376571655273,-5.643161296844482,-3.335625410079956,2.502732038497925,7.05458927154541,2.331097364425659,-2.0497848987579346,2.4381284713745117,9.11320686340332,10.352717399597168,6.755214691162109,6.589778900146484,9.229186058044434,8.250086784362793,5.321372985839844,3.8930823802948,5.260306358337402,6.9273247718811035,0.769960343837738,-7.761816024780273,-8.109286308288574,-4.919670104980469,-3.8908274173736572,-3.4676191806793213,-3.1047232151031494,-2.824106216430664,-2.8489818572998047,-2.5645129680633545,-2.484518051147461,-2.9483015537261963,-2.918842315673828,-3.566166639328003,-3.8353970050811768,-3.799285888671875
-1.813178539276123,-1.5039118528366089,-0.43933871388435364,0.7988637089729309,1.400766372680664,0.9631479382514954,-0.0051757278852164745,-1.3478541374206543,-2.732637643814087,-2.580315589904785,-1.4773470163345337,-0.14209145307540894,2.684743881225586,5.084805488586426,2.4225757122039795,-0.7538988590240479,2.2449469566345215,8.423396110534668,9.257615089416504,4.782218933105469,4.477015972137451,7.472410202026367,7.725178241729736,5.97975492477417,5.489191055297852,6.115805149078369,0.8896625638008118,-6.163562774658203,-8.154531478881836,-6.485838413238525,-4.260679244995117,-3.6868882179260254,-3.43527889251709,-2.453623056411743,0.023217659443616867,-0.462380051612854,-2.163123846054077,-0.9742860198020935,-2.0628583431243896,-2.793210029602051,-2.904060125350952,-3.936336040496826,-4.841540336608887
-5.5823540687561035,-4.003212928771973,-2.9596989154815674,-2.2702674865722656,-1.5773240327835083,-2.305877208709717,-5.009923458099365,-7.598506927490234,-8.448904991149902,-7.550215244293213,-6.536181926727295,-6.359618663787842,-5.406200408935547,-1.7651801109313965,0.7014163732528687,0.8041317462921143,0.85582435131073,2.4633355140686035,3.9485301971435547,3.5098044872283936,3.639669179916382,5.509636402130127,5.726498126983643,5.29124116897583,4.52335786819458,3.9584949016571045,1.1915026903152466,-2.982506275177002,-2.350506067276001,-0.14273664355278015,-1.4240856170654297,-3.1226468086242676,-2.7494921684265137,-1.7032599449157715,0.001807195832952857,1.648954153060913,0.8453725576400757,-1.253943920135498,-1.792967677116394,-1.9155433177947998,-2.548290252685547,-3.157827138900757,-4.305003643035889
-4.751460552215576,-1.984102487564087,-0.8362646698951721,-1.819996953010559,-7.254742622375488,-14.682698249816895,-19.92987060546875,-22.708629608154297,-23.531476974487305,-21.098535537719727,-15.8681058883667,-12.467705726623535,-10.567985534667969,-8.50279426574707,-8.0214262008667,-6.433112144470215,-3.5536980628967285,-1.2720385789871216,1.581710696220398,3.0943164825439453,2.6535637378692627,2.355198383331299,3.4190449714660645,4.848910808563232,4.276988983154297,3.6571171283721924,2.1679141521453857,-0.7510272264480591,0.04270352050662041,2.2585020065307617,1.089133620262146,-2.832573890686035,-3.0595762729644775,-0.37643328309059143,0.9561429023742676,0.6543071269989014,0.2866309881210327,0.6509658098220825,0.29491665959358215,-0.11190736293792725,-1.3076575994491577,-2.12149715423584,-2.359652042388916
-3.224275827407837,-1.8438419103622437,-3.0526304244995117,-8.154489517211914,-14.969438552856445,-19.91118049621582,-22.981185913085938,-25.508337020874023,-26.90108871459961,-24.839038848876953,-18.353239059448242,-12.832845687866211,-9.650075912475586,-7.213463306427002,-5.716136932373047,-4.543178558349609,-2.4617063999176025,-0.9378737807273865,-1.1090487241744995,-1.775626301765442,-1.607346534729004,-0.9763577580451965,0.3275127112865448,1.598010778427124,2.856487274169922,3.1010396480560303,-1.107958436012268,-2.651128053665161,0.7296116352081299,1.982653021812439,1.0397236347198486,-0.28359684348106384,-0.6926875114440918,0.024067237973213196,1.2707213163375854,0.2394016683101654,-0.7015726566314697,0.88814377784729,1.7598848342895508,1.7728497982025146,1.463924527168274,0.9697896838188171,-0.6938177347183228
-3.6136209964752197,-4.223770618438721,-7.399391174316406,-11.088808059692383,-14.135640144348145,-15.622032165527344,-15.874540328979492,-18.53421974182129,-22.004362106323242,-21.53750991821289,-20.12164306640625,-14.938240051269531,-10.094427108764648,-7.075013637542725,-5.191635608673096,-3.7144806385040283,-2.4584338665008545,-2.2140121459960938,-2.1523852348327637,-2.704533100128174,-3.016310453414917,-1.6947423219680786,0.15716588497161865,0.5110489130020142,-1.1104850769042969,-3.2140891551971436,-3.9118154048919678,-2.1854357719421387,1.3170067071914673,1.2359919548034668,0.13222000002861023,1.3046746253967285,1.4943634271621704,1.177474021911621,0.7732211947441101,-0.05594058334827423,-0.02231203392148018,0.10141798853874207,0.36870846152305603,2.453242301940918,4.099722385406494,3.4864492416381836,1.3970261812210083
-5.319124221801758,-7.29326057434082,-9.341812133789062,-9.97877311706543,-8.212516784667969,-5.210051536560059,-2.2827868461608887,-2.657264471054077,-10.657547950744629,-17.316190719604492,-18.33246612548828,-13.972084999084473,-11.363224983215332,-9.414105415344238,-8.258251190185547,-6.921725273132324,-5.295675277709961,-4.5280632972717285,-4.311827659606934,-4.256734848022461,-3.926393747329712,-3.160721778869629,-1.7330563068389893,-1.9157637357711792,-4.120573997497559,-5.850100040435791,-6.0055389404296875,-2.0311038494110107,0.39464491605758667,0.11491172760725021,0.5909625291824341,1.426072597503662,1.2916381359100342,1.3227512836456299,1.420758843421936,1.438254714012146,-0.7716283202171326,-2.7505033016204834,-0.7813547849655151,2.1696360111236572,4.280574321746826,3.537804365158081,2.159109354019165
-7.856412410736084,-8.408374786376953,-7.276317119598389,-5.676391124725342,-4.1449127197265625,-2.4227800369262695,-0.4048459529876709,0.7482894062995911,-2.9052162170410156,-10.225576400756836,-15.144009590148926,-16.144681930541992,-13.466889381408691,-11.736189842224121,-11.526870727539062,-9.026132583618164,-6.7071852684021,-5.349425315856934,-4.945816516876221,-5.743084907531738,-6.707272052764893,-6.358731746673584,-5.3832173347473145,-5.997574806213379,-6.960311412811279,-6.315761089324951,-2.7300026416778564,-0.494314044713974,0.9118903279304504,1.1733366250991821,1.1676554679870605,1.2200297117233276,0.7309615612030029,0.2444472759962082,0.30575335025787354,1.116347074508667,-1.2511807680130005,-1.8850769996643066,1.074634313583374,3.0054867267608643,3.8611483573913574,1.0841907262802124,-2.436676025390625
-7.948464393615723,-7.278173923492432,-5.317986965179443,-2.718097448348999,-0.8993785381317139,-1.3593674898147583,-0.26993152499198914,1.252169132232666,1.9074020385742188,-4.835314750671387,-13.314040184020996,-13.716983795166016,-13.097673416137695,-10.753973007202148,-9.044694900512695,-9.119319915771484,-7.429035186767578,-5.164128303527832,-2.430192232131958,-3.038469076156616,-7.184305667877197,-8.061433792114258,-7.502240180969238,-9.910161972045898,-10.853948593139648,-7.534200191497803,-5.702066421508789,-5.0302324295043945,-3.326673984527588,-2.0004544258117676,-0.5880131125450134,-1.4818036556243896,-1.1000087261199951,-0.21032817661762238,-1.3210514783859253,-1.2343716621398926,-1.1589713096618652,1.2139184474945068,3.5691215991973877,3.057255268096924,2.4798619747161865,0.1900341808795929,-2.956270456314087
-6.667847156524658,-5.260162353515625,-3.2025630474090576,-1.6869980096817017,-1.3917236328125,-1.297855019569397,0.4152889847755432,1.6266580820083618,3.151149034500122,1.604878306388855,-4.476428508758545,-8.918354988098145,-11.33556079864502,-11.3125638961792,-8.413959503173828,-7.167025089263916,-8.354023933410645,-8.01800537109375,-6.0778422355651855,-5.1105637550354,-7.240696430206299,-8.800233840942383,-9.699698448181152,-12.471872329711914,-9.360184669494629,-5.958357810974121,-6.096405029296875,-6.536616802215576,-5.165149688720703,-3.488734483718872,-3.862117290496826,-4.913540840148926,-3.1313726902008057,0.35122713446617126,1.230916142463684,0.4324778616428375,0.5251582860946655,1.6868939399719238,2.1606645584106445,2.4669883251190186,1.8393689393997192,0.2305513620376587,-0.6913250088691711
-4.69272518157959,-3.2216556072235107,-1.6499760150909424,-0.5951545238494873,-0.5990632176399231,-0.7399671673774719,0.40225356817245483,1.1060631275177002,1.8278552293777466,2.1327412128448486,-1.4611021280288696,-7.2025065422058105,-10.82577133178711,-10.599356651306152,-8.980820655822754,-7.799284934997559,-7.58730936050415,-7.0421462059021,-8.398645401000977,-11.286431312561035,-9.857540130615234,-6.044277191162109,-5.959636688232422,-10.525439262390137,-8.497575759887695,-3.923532009124756,-4.541149139404297,-7.199108123779297,-6.98582124710083,-5.154934406280518,-5.159893035888672,-4.934210300445557,-2.9828455448150635,-0.925432562828064,0.34101465344429016,1.3031851053237915,1.7874432802200317,3.2539165019989014,5.7647528648376465,5.4288835525512695,2.468316078186035,0.9237750172615051,2.5894036293029785
-3.1297757625579834,-1.5335423946380615,-0.38317325711250305,0.4786417782306671,0.49705296754837036,0.08399352431297302,0.208917036652565,1.3019713163375854,1.705390453338623,-1.0829710960388184,-6.164623260498047,-11.418347358703613,-11.91639518737793,-8.551389694213867,-6.921295166015625,-9.161171913146973,-9.752211570739746,-8.455610275268555,-8.412981986999512,-9.543354988098145,-6.298033714294434,-0.020033637061715126,1.6563048362731934,-3.870692491531372,-8.582390785217285,-7.7651190757751465,-6.050837516784668,-4.537168502807617,-5.758907318115234,-6.960759162902832,-5.5016889572143555,-3.3873581886291504,-1.9589924812316895,-1.1791459321975708,-0.4697979986667633,0.23633795976638794,1.5886894464492798,4.142473220825195,5.482160568237305,2.7634708881378174,2.7113711833953857,3.8104991912841797,4.989531993865967
-1.857998013496399,-0.3596869707107544,1.0088746547698975,2.1080923080444336,2.369683027267456,1.852686882019043,1.3998451232910156,1.6676191091537476,1.5221214294433594,-2.1050853729248047,-8.91366958618164,-15.341690063476562,-16.26451301574707,-12.231124877929688,-9.26118278503418,-8.60530948638916,-9.367044448852539,-9.67288875579834,-10.1904296875,-7.234724998474121,-4.6262006759643555,-2.3651394844055176,-3.6496737003326416,-6.9848737716674805,-7.664621353149414,-7.561277866363525,-6.422703266143799,-3.015416383743286,-0.8631172776222229,-2.1462762355804443,-4.48313570022583,-2.685030937194824,-0.8364415764808655,-0.025412097573280334,-0.5083441138267517,-1.611122727394104,-1.2466496229171753,-1.3321512937545776,-1.953510046005249,-0.9716072082519531,1.7811156511306763,3.882767677307129,3.452934503555298
