data/wind_data/wind_34_2.json
{"header": {"parameterUnit": "KT", "parameterCategory": 2, "nx": 256, "ny": 198, "lo1": 44.73521041870117, "la1": -3.236724853515625, "lo2": 111.26478576660156, "la2": 43.468475341796875, "dx": 0.2609002888202667, "dy": -0.23708222806453705, "refTime": "2025-02-20 10:00:00", "forecastTime": 0, "parameterNumber": 2, "parameterNumberName": "eastward_wind"}, "data":
[rows 114 to 132 of 198, columns 43 to 85 of 256]
-6.932413101196289,0.4840947091579437,-5.12205171585083,-4.191070556640625,-0.8337202072143555,-1.4341542720794678,-5.407009601593018,-9.159672737121582,-8.445952415466309,-7.87611198425293,-8.424600601196289,-9.775238037109375,-10.526232719421387,-11.014988899230957,-11.789216995239258,-10.784969329833984,-9.759414672851562,-8.797487258911133,-8.854379653930664,-8.838173866271973,-7.698561191558838,-6.952780723571777,-6.656019687652588,-6.0874786376953125,-5.97452974319458,-5.466344356536865,-4.597616672515869,-3.0321478843688965,-1.1863058805465698,0.4428102672100067,2.377747058868408,4.916334629058838,6.996959209442139,8.269562721252441,8.779814720153809,8.236635208129883,7.995399475097656,8.43667984008789,9.861665725708008,12.42301082611084,12.431838989257812,11.994757652282715,13.854938507080078
-2.2986843585968018,5.828345775604248,-0.06674140691757202,-3.3520257472991943,-2.074794054031372,-7.511087417602539,-11.162252426147461,-12.423750877380371,-11.664793968200684,-10.160597801208496,-8.711772918701172,-7.4901933670043945,-6.609530925750732,-7.06886100769043,-7.065333843231201,-7.105404853820801,-6.951159477233887,-6.699215888977051,-6.6941986083984375,-6.140807151794434,-5.435412883758545,-5.575312614440918,-5.306380748748779,-4.656927108764648,-3.6656527519226074,-2.8170483112335205,-2.7494378089904785,-2.4111592769622803,-2.0841658115386963,-1.2189126014709473,0.710120677947998,3.7852020263671875,6.461529731750488,7.6318678855896,8.268754005432129,8.369380950927734,8.529945373535156,9.018844604492188,10.177990913391113,11.122716903686523,11.234762191772461,12.398258209228516,15.237627983093262
-8.355945587158203,-4.238622188568115,-7.005042552947998,-11.119585990905762,-10.072793006896973,-12.769015312194824,-13.347610473632812,-12.078145980834961,-9.450182914733887,-7.839641094207764,-5.587386131286621,-5.189885139465332,-4.781867980957031,-4.019435882568359,-3.6536712646484375,-4.39173698425293,-4.733680248260498,-4.412655830383301,-3.9499640464782715,-1.8676015138626099,-1.3240981101989746,-2.5518295764923096,-2.638573169708252,-2.5037479400634766,-0.7539553642272949,0.48295438289642334,-0.05247350037097931,-2.0233042240142822,-4.610719680786133,-3.8967909812927246,-1.5756853818893433,2.0116138458251953,5.031787395477295,6.646738529205322,7.136133193969727,7.729311466217041,7.412532329559326,8.180344581604004,9.476128578186035,11.127449989318848,10.481255531311035,11.42022705078125,14.827265739440918
-11.90030288696289,-13.902180671691895,-14.608511924743652,-14.270956039428711,-8.558036804199219,-6.901117324829102,-10.298006057739258,-9.711976051330566,-6.835856914520264,-5.411129951477051,-4.666252136230469,-4.112656593322754,-4.108499050140381,-2.7072041034698486,-2.2042269706726074,-2.3154406547546387,-1.2889840602874756,-1.2430919408798218,-0.008649153634905815,3.2003142833709717,4.032741069793701,2.2475192546844482,1.0434072017669678,0.28702229261398315,0.6861891150474548,1.2882765531539917,1.6699697971343994,-3.271763801574707,-4.576090335845947,-3.2762861251831055,-3.163236379623413,-0.23819883167743683,2.252779245376587,4.534067630767822,5.675952911376953,5.8144917488098145,5.190350532531738,6.767867565155029,7.437353610992432,9.351855278015137,8.777462005615234,12.12637996673584,10.41146183013916
-14.359752655029297,-14.793231964111328,-12.893155097961426,-8.396450996398926,-3.543886423110962,-0.860450804233551,-2.929184913635254,-6.247314929962158,-2.1936123371124268,-0.8728374242782593,-1.29855477809906,-1.4007997512817383,-0.8805059194564819,-0.07331683486700058,1.0448815822601318,1.8248341083526611,1.5226553678512573,2.7076244354248047,2.922020673751831,8.584020614624023,11.075494766235352,7.964040756225586,5.133884906768799,3.2884674072265625,1.4832351207733154,1.9637068510055542,-0.4740524888038635,-2.187770366668701,0.1387159526348114,-3.0689737796783447,-4.061283111572266,-1.4063245058059692,2.5758180618286133,3.752408504486084,3.671833038330078,4.335614204406738,4.091922283172607,4.663214683532715,4.93240213394165,6.498777866363525,7.176914691925049,11.500585556030273,7.6591949462890625
-13.273372650146484,-9.857551574707031,-9.076676368713379,-5.421567916870117,-1.9110023975372314,3.81341552734375,3.8933465480804443,2.637579917907715,5.830023288726807,1.96187162399292,-0.8595075011253357,-1.285129427909851,0.8676450252532959,3.173630714416504,4.092278957366943,5.0266804695129395,4.1849284172058105,5.573450565338135,10.537300109863281,14.243206024169922,13.328330993652344,10.737269401550293,7.815952777862549,4.145512104034424,1.8396847248077393,-0.6721540093421936,-0.4451327323913574,3.998626232147217,-1.579856276512146,-4.7680792808532715,-4.38029670715332,-2.0555264949798584,2.8941125869750977,5.236504554748535,6.829009532928467,7.503057479858398,5.982196807861328,4.719019412994385,4.122025966644287,5.683337688446045,6.089625835418701,9.16275405883789,7.2332763671875
-11.648945808410645,-9.563289642333984,-7.845953464508057,-5.352100372314453,-0.7716646194458008,2.9518134593963623,7.476334095001221,12.592617988586426,5.638282775878906,-2.292509078979492,-3.943922758102417,-3.6202471256256104,-2.142003059387207,-0.6457523107528687,-0.7896866798400879,0.03768645226955414,-0.6435685157775879,2.629653215408325,6.284667491912842,10.835600852966309,11.333683967590332,11.77653980255127,9.1478910446167,5.202290058135986,-0.7037917375564575,-1.9635752439498901,5.110837936401367,7.240141868591309,-1.3477506637573242,-4.490381240844727,-3.5260379314422607,-1.5435785055160522,1.3144752979278564,4.820440769195557,7.823380470275879,7.968930244445801,7.471853256225586,8.79336166381836,6.416715621948242,7.047277450561523,8.318119049072266,9.688385963439941,8.558307647705078
-8.807135581970215,-9.413529396057129,-8.242756843566895,-7.31093692779541,-5.4865193367004395,-3.0060465335845947,-3.5283961296081543,-3.7023041248321533,-6.982132911682129,-7.331061840057373,-6.194125652313232,-5.34471321105957,-4.121009826660156,-2.943378210067749,-2.4899373054504395,-1.6031166315078735,0.35335540771484375,3.6929328441619873,5.862711429595947,8.28387451171875,11.443395614624023,14.541329383850098,8.967257499694824,3.8444387912750244,-2.303257703781128,-2.0590898990631104,5.5514421463012695,4.200554370880127,0.016390196979045868,-2.6371216773986816,-2.5917136669158936,-1.8904412984848022,-1.663974642753601,1.0319463014602661,4.048921585083008,6.267628192901611,7.64959716796875,7.9132609367370605,6.765963554382324,8.877795219421387,9.365015029907227,10.623266220092773,9.527796745300293
-8.29984188079834,-8.756169319152832,-7.0682597160339355,-6.284791469573975,-5.131030559539795,-2.5253067016601562,0.7549068331718445,-1.7484385967254639,-5.613935470581055,-6.603824615478516,-4.913000583648682,-4.412233829498291,-3.6729800701141357,-3.8308393955230713,-3.5199570655822754,-0.7707850337028503,1.2711741924285889,4.030456066131592,6.256322383880615,8.545025825500488,11.54813289642334,14.522536277770996,8.489559173583984,5.13655424118042,-0.10089462995529175,-0.3388751149177551,1.0350406169891357,-2.6657981872558594,-1.9486324787139893,-0.9018352031707764,-0.5680492520332336,-0.08913695067167282,0.1852901130914688,0.5545935034751892,0.23295274376869202,2.037330150604248,5.292425632476807,6.842622756958008,6.356266021728516,8.618398666381836,10.507095336914062,11.24981689453125,11.141334533691406
-6.362277030944824,-5.678457260131836,-6.435393810272217,-6.497295379638672,-5.313746929168701,-4.203059196472168,-2.9955992698669434,-5.527406215667725,-5.4434404373168945,-3.4075584411621094,-4.19743013381958,-4.815652370452881,-4.563555717468262,-4.288495063781738,-1.255658745765686,-0.007974181324243546,1.4619942903518677,3.7593631744384766,6.473262310028076,9.095311164855957,12.323463439941406,11.43440055847168,8.662802696228027,5.662199020385742,1.7447806596755981,-1.126431941986084,-5.0544939041137695,-1.891771912574768,-0.530235230922699,0.21774832904338837,1.1661354303359985,1.6237103939056396,2.6717097759246826,2.563140630722046,1.7642831802368164,1.4387829303741455,2.3152713775634766,4.745316505432129,4.515622615814209,7.191635608673096,11.33012580871582,10.99266242980957,9.529412269592285
-2.800560712814331,-2.132228136062622,-6.594244480133057,-5.4059576988220215,-4.575193405151367,-4.693545818328857,-1.4556092023849487,-4.22922420501709,-0.5029190182685852,-1.0451353788375854,-1.3118878602981567,-2.42203426361084,-1.629324197769165,-0.9997513294219971,2.4144482612609863,1.4315783977508545,1.7838902473449707,3.18809175491333,5.187598705291748,7.3796796798706055,9.109642028808594,8.924352645874023,8.441075325012207,4.313093662261963,1.7631993293762207,-2.2863218784332275,-2.6348483562469482,-0.42774930596351624,-0.1979581117630005,0.7663958072662354,1.89668869972229,2.9031453132629395,3.7548916339874268,2.97092604637146,2.401639223098755,1.8975684642791748,3.5279133319854736,3.8110764026641846,4.578072547912598,6.710155487060547,11.527153015136719,11.350418090820312,7.239619731903076
-0.8406882882118225,-0.22270768880844116,-5.96782922744751,-2.8654017448425293,7.668097019195557,1.9266608953475952,-3.2957215309143066,1.2956688404083252,-1.7209573984146118,0.14747940003871918,4.378271579742432,3.231506824493408,2.479018211364746,0.15359726548194885,2.3457462787628174,3.5385851860046387,3.874258041381836,6.073338031768799,8.138771057128906,8.45849895477295,7.212984561920166,5.3827595710754395,2.2761764526367188,3.542813777923584,-0.6043879389762878,-2.6369941234588623,-0.17765498161315918,0.03451709821820259,0.7549883127212524,1.8010209798812866,3.069148302078247,3.56721830368042,3.314866304397583,2.751518964767456,2.197087049484253,2.5729386806488037,2.1890690326690674,4.683472633361816,6.7801618576049805,6.434449195861816,11.046167373657227,10.328417778015137,1.4650741815567017
1.1172256469726562,2.712890386581421,0.4177568256855011,5.390526294708252,16.710044860839844,7.026119232177734,-0.9501770734786987,-1.038540005683899,-0.31823042035102844,12.37925910949707,14.043974876403809,2.0607357025146484,-0.9754546284675598,-2.4932286739349365,-1.9503647089004517,0.9881155490875244,5.993278503417969,7.742534160614014,8.552151679992676,8.348166465759277,7.871811866760254,3.7087807655334473,1.8674315214157104,-1.9308586120605469,-2.788055658340454,-0.5024010539054871,0.2148679941892624,0.7438092827796936,1.26951265335083,3.2551980018615723,3.3604578971862793,2.9281370639801025,2.130805015563965,2.1391818523406982,1.0543160438537598,2.1375503540039062,1.855018138885498,5.789579391479492,6.652294158935547,5.83147668838501,9.019760131835938,8.42719841003418,1.7020344734191895
1.7936153411865234,3.8592631816864014,4.707072734832764,8.017151832580566,12.046852111816406,-1.011203646659851,0.19442126154899597,-0.010466266423463821,9.799314498901367,23.56552505493164,9.581686973571777,-5.028398513793945,-3.6861259937286377,-3.2582435607910156,-2.3245062828063965,-1.8767203092575073,3.4100074768066406,7.536849498748779,7.882948398590088,13.205506324768066,6.821165561676025,-1.9510283470153809,-3.8471274375915527,-4.221701622009277,-1.5263056755065918,-1.3802669048309326,-0.27016481757164,-0.9533525705337524,1.348954200744629,3.0484204292297363,3.7273852825164795,2.8227555751800537,2.6836488246917725,1.6115714311599731,1.4741531610488892,2.105004072189331,2.3940253257751465,4.026944160461426,5.552975177764893,6.281167984008789,6.331943035125732,7.501430988311768,7.078915119171143
-1.6118535995483398,0.7025465965270996,3.883962392807007,8.3141508102417,11.361119270324707,11.725618362426758,7.740006446838379,10.7162504196167,15.51500415802002,11.757030487060547,-4.6251397132873535,-8.855780601501465,-4.963111400604248,-3.9857046604156494,-1.6324961185455322,0.05210469663143158,2.124239444732666,7.788410663604736,8.29305648803711,10.72824478149414,-0.4790346622467041,-3.3036553859710693,-6.509045600891113,-3.010568857192993,-3.107515811920166,-2.2616472244262695,-2.3014400005340576,-1.3456157445907593,1.0290974378585815,2.4096579551696777,3.195805072784424,3.2624831199645996,2.3679537773132324,0.9535109996795654,-0.09746793657541275,1.5476741790771484,2.3901376724243164,4.804703235626221,3.235912799835205,3.2762887477874756,6.627366542816162,9.672087669372559,9.722417831420898
0.8558000922203064,2.2569222450256348,5.543370723724365,8.021750450134277,8.082854270935059,11.9602632522583,19.463218688964844,19.967256546020508,12.032130241394043,-0.5683256387710571,-9.919230461120605,-7.0660786628723145,-6.0560383796691895,-5.773225784301758,-4.631999969482422,-1.0985069274902344,2.21315860748291,6.395915985107422,8.78171157836914,3.41274356842041,-2.7446701526641846,-3.215806245803833,-4.663382530212402,-2.730954170227051,-3.489043951034546,-3.7550160884857178,-1.9162094593048096,0.5152963399887085,0.12607067823410034,0.23800590634346008,-0.25194767117500305,0.8652821779251099,1.929033637046814,1.6335495710372925,0.7974468469619751,1.8101837635040283,2.7937920093536377,4.6578755378723145,3.7134335041046143,2.5908925533294678,6.041283130645752,9.238364219665527,12.597540855407715
7.587436676025391,12.092288970947266,17.83584213256836,20.76759147644043,21.31527328491211,22.73646354675293,23.82193374633789,16.30661964416504,1.7251754999160767,-9.361818313598633,-10.635635375976562,-8.29738998413086,-7.446138858795166,-6.68656587600708,-5.5953192710876465,-2.319345474243164,2.2234573364257812,5.607324123382568,4.176202774047852,-1.114361047744751,2.970665693283081,-2.5464112758636475,-3.046868085861206,-2.432480812072754,-2.5760931968688965,-2.724090576171875,-1.5574066638946533,-0.9053012132644653,-2.6696126461029053,-3.2147696018218994,-0.021161727607250214,1.921899437904358,1.8135930299758911,0.8418225049972534,2.7320854663848877,3.0165553092956543,5.095598220825195,4.967688083648682,6.484525680541992,4.607248783111572,4.934932231903076,9.898994445800781,14.562182426452637
8.320155143737793,18.000686645507812,27.551584243774414,32.47977828979492,31.808565139770508,30.36867904663086,17.075571060180664,5.1652631759643555,-2.916592836380005,-5.216934680938721,-7.803432941436768,-8.35261344909668,-8.2802734375,-7.305386543273926,-6.228492736816406,-1.8299884796142578,5.625471591949463,-0.5968328714370728,-2.4895646572113037,2.565431594848633,-1.49077308177948,-2.2092621326446533,-1.2429319620132446,-0.9143355488777161,-0.5208943486213684,-0.46237730979919434,-0.629038393497467,-2.220741033554077,-3.1508100032806396,-3.2546815872192383,0.9518554210662842,4.198997497558594,5.838554859161377,5.48090124130249,5.4751152992248535,4.6090803146362305,5.795628547668457,5.306757926940918,7.567295551300049,7.839328765869141,9.82956600189209,12.399165153503418,15.79781723022461
17.851970672607422,30.974332809448242,29.308246612548828,24.81908416748047,19.4128475189209,18.137577056884766,13.642719268798828,2.939699172973633,-0.41339388489723206,-3.989468812942505,-6.41775369644165,-8.09538745880127,-8.066739082336426,-7.1217570304870605,-7.066214084625244,-1.567118763923645,-2.977353811264038,-2.559617757797241,3.3281426429748535,2.0444183349609375,-1.3892816305160522,-1.7761441469192505,0.4630858302116394,0.39536070823669434,0.16347506642341614,0.5253539681434631,1.2128140926361084,0.39980408549308777,-0.974104106426239,-0.6329951286315918,4.500911235809326,8.048108100891113,7.327853202819824,7.93610954284668,6.1882500648498535,5.3865766525268555,5.247072219848633,5.799010276794434,7.319375991821289,8.203180313110352,11.601131439208984,11.799572944641113,13.765767097473145
