data/wind_data/wind_11_3.json
{"header": {"parameterUnit": "KT", "parameterCategory": 2, "nx": 256, "ny": 198, "lo1": 44.73521041870117, "la1": -3.236724853515625, "lo2": 111.26478576660156, "la2": 43.468475341796875, "dx": 0.2609002888202667, "dy": -0.23708222806453705, "refTime": "2025-02-19 11:00:00", "forecastTime": 0, "parameterNumber": 2, "parameterNumberName": "eastward_wind"}, "data":
[rows 76 to 94 of 198, columns 44 to 87 of 256]
-1.085708498954773,-1.193748950958252,-1.3082290887832642,-1.4145410060882568,-1.3989675045013428,-1.3021899461746216,-1.2108176946640015,-1.113741159439087,-0.9357918500900269,-0.6706504225730896,-0.3999359905719757,-0.22224703431129456,-0.1122150793671608,-0.04195829853415489,0.10700030624866486,0.38383498787879944,0.7757090330123901,1.1338452100753784,1.279310941696167,1.2188284397125244,1.1100674867630005,1.1194887161254883,1.2841508388519287,1.4849787950515747,1.6033328771591187,1.602150559425354,1.5144226551055908,1.396480917930603,1.3049734830856323,1.2605109214782715,1.260866641998291,1.2512935400009155,1.1899648904800415,1.1134995222091675,1.0723210573196411,1.0872435569763184,1.118058681488037,1.1210362911224365,1.1443449258804321,1.2215656042099,1.3322569131851196,1.471962571144104,1.6303174495697021,1.7188693284988403
-0.10407517850399017,-0.2953422963619232,-0.46409526467323303,-0.6285514235496521,-0.6828687787055969,-0.6560533046722412,-0.5864465832710266,-0.43051451444625854,-0.15012960135936737,0.08511275798082352,0.19443336129188538,0.23020489513874054,0.35023221373558044,0.5741190910339355,0.7648296356201172,0.9329590201377869,1.1757181882858276,1.4619219303131104,1.6207104921340942,1.616307020187378,1.5723439455032349,1.6306157112121582,1.8381348848342896,2.072641134262085,2.1617162227630615,2.0772461891174316,1.9382126331329346,1.8331512212753296,1.8072471618652344,1.8861706256866455,2.065366268157959,2.2683932781219482,2.363818645477295,2.2821648120880127,2.059816837310791,1.7945163249969482,1.5873730182647705,1.477534294128418,1.4528168439865112,1.5091614723205566,1.657989501953125,1.8998639583587646,2.187349557876587,2.354430675506592
0.6280251145362854,0.3664836883544922,0.17796073853969574,0.06405138224363327,-0.01662888377904892,-0.05915083363652229,-0.016445420682430267,0.17134447395801544,0.45318472385406494,0.6040483713150024,0.5436838865280151,0.48294585943222046,0.6688092947006226,1.052708625793457,1.3894888162612915,1.5965571403503418,1.7084481716156006,1.790678858757019,1.8534071445465088,1.8780245780944824,1.944109320640564,2.0730865001678467,2.2432780265808105,2.3521199226379395,2.3288214206695557,2.2270686626434326,2.165766954421997,2.171882152557373,2.2205517292022705,2.3031299114227295,2.439207077026367,2.625318765640259,2.7842721939086914,2.8057751655578613,2.6139941215515137,2.246954917907715,1.855804681777954,1.6033793687820435,1.558201551437378,1.6593925952911377,1.8439338207244873,2.0873899459838867,2.322909116744995,2.4175941944122314
1.110716462135315,0.8718621134757996,0.6309447884559631,0.48982369899749756,0.4792483150959015,0.4970104396343231,0.5806695222854614,0.8219903707504272,1.065531611442566,1.0257023572921753,0.7409393191337585,0.6243770718574524,0.9089190363883972,1.389577031135559,1.8019258975982666,2.049968719482422,2.1713340282440186,2.216506242752075,2.2633280754089355,2.3422815799713135,2.424694061279297,2.502173900604248,2.5314836502075195,2.4781856536865234,2.3502097129821777,2.217782974243164,2.163090705871582,2.220789909362793,2.341482400894165,2.4389731884002686,2.525193929672241,2.6192314624786377,2.6826224327087402,2.6456551551818848,2.504833698272705,2.265547037124634,1.9419441223144531,1.6358810663223267,1.4749648571014404,1.5088379383087158,1.6701326370239258,1.8926842212677002,2.0716207027435303,2.0723164081573486
1.6362062692642212,1.3185625076293945,1.0633033514022827,0.8555598855018616,0.8142738938331604,0.9596349000930786,1.2375643253326416,1.5863245725631714,1.772345781326294,1.581871747970581,1.156150460243225,0.9673175811767578,1.2437071800231934,1.725739598274231,2.110804557800293,2.345674753189087,2.497218608856201,2.5967907905578613,2.708313226699829,2.8553340435028076,2.9807260036468506,3.008152961730957,2.9076716899871826,2.725876808166504,2.5355310440063477,2.404158592224121,2.3525805473327637,2.358372926712036,2.3983798027038574,2.4654250144958496,2.5656321048736572,2.670121669769287,2.6901798248291016,2.562720537185669,2.343780755996704,2.117569923400879,1.8696773052215576,1.6105798482894897,1.4187177419662476,1.3373095989227295,1.3566668033599854,1.4498053789138794,1.5160409212112427,1.419943928718567
2.011369466781616,1.7940632104873657,1.3505793809890747,1.1507586240768433,1.201621413230896,1.4812359809875488,1.9454280138015747,2.3879902362823486,2.512892246246338,2.2523787021636963,1.875089168548584,1.7428988218307495,1.9554649591445923,2.3054587841033936,2.5940756797790527,2.796335458755493,2.941312551498413,3.052057981491089,3.133155345916748,3.1993165016174316,3.254831314086914,3.2659449577331543,3.168407917022705,2.9674978256225586,2.7373645305633545,2.5780088901519775,2.5573630332946777,2.6464223861694336,2.751842498779297,2.837076187133789,2.918246269226074,2.981424570083618,2.9680216312408447,2.8339343070983887,2.6026089191436768,2.3212146759033203,1.997796893119812,1.650151014328003,1.3341509103775024,1.0882090330123901,0.8951385021209717,0.7545274496078491,0.6441102623939514,0.5034793615341187
2.5904102325439453,2.3445801734924316,1.8590826988220215,1.4875514507293701,1.648512840270996,2.1754541397094727,2.8345413208007812,3.3018863201141357,3.3286092281341553,3.057084321975708,2.8184900283813477,2.790503740310669,2.934521198272705,3.1360607147216797,3.3389713764190674,3.5458037853240967,3.709181308746338,3.7687788009643555,3.6830732822418213,3.5024259090423584,3.3274261951446533,3.1742305755615234,3.0169577598571777,2.8637733459472656,2.698127031326294,2.5119259357452393,2.4267919063568115,2.5533297061920166,2.836012363433838,3.1478238105773926,3.3710246086120605,3.44946026802063,3.3999383449554443,3.271658420562744,3.0656909942626953,2.7364821434020996,2.277937889099121,1.7337870597839355,1.141343593597412,0.5687680840492249,0.08009987324476242,-0.27862071990966797,-0.4967368543148041,-0.5895029902458191
3.597663640975952,2.788090944290161,2.297252655029297,1.9456567764282227,2.2205958366394043,3.0205883979797363,3.8605384826660156,4.2841691970825195,4.251603603363037,4.054684638977051,3.9293174743652344,3.9504318237304688,4.0203704833984375,4.083084583282471,4.196710109710693,4.392236709594727,4.566117286682129,4.560260772705078,4.317054748535156,3.943000316619873,3.569558620452881,3.2610924243927,3.0004284381866455,2.759373903274536,2.5305631160736084,2.3363800048828125,2.226466417312622,2.277318239212036,2.5174598693847656,2.8850085735321045,3.2640905380249023,3.534627676010132,3.639029026031494,3.590437889099121,3.389155387878418,3.021934747695923,2.465611457824707,1.7050421237945557,0.8043708205223083,-0.03235907852649689,-0.653583824634552,-1.0469831228256226,-1.205143690109253,-1.1554548740386963
5.173450946807861,3.931818723678589,2.9162471294403076,2.6249308586120605,3.0112838745117188,3.952969551086426,4.762660980224609,4.99699068069458,4.9861555099487305,5.011704921722412,5.060290336608887,5.119439601898193,5.165082931518555,5.184813022613525,5.243184566497803,5.343121528625488,5.327023506164551,5.063220977783203,4.645507335662842,4.249969482421875,3.93794322013855,3.6684632301330566,3.361583709716797,3.019101619720459,2.6948976516723633,2.4688079357147217,2.388986349105835,2.4350833892822266,2.5469892024993896,2.6940407752990723,2.8833000659942627,3.1290102005004883,3.3877196311950684,3.5244665145874023,3.3909761905670166,2.947995185852051,2.271082878112793,1.3997091054916382,0.41430091857910156,-0.44233381748199463,-0.9700971245765686,-1.1318439245224,-0.9613468647003174,-0.6101795434951782
5.7125773429870605,5.5231404304504395,4.170927047729492,3.8813679218292236,4.238579273223877,5.11843204498291,5.585129261016846,5.516255855560303,5.488682746887207,5.687298774719238,5.95434045791626,6.144339561462402,6.2249040603637695,6.252729415893555,6.304193496704102,6.2644877433776855,5.978796005249023,5.492178440093994,4.971531391143799,4.5253801345825195,4.235515594482422,4.054361820220947,3.819056272506714,3.465951681137085,3.08459210395813,2.840363025665283,2.830012798309326,2.980111837387085,3.102738857269287,3.1069116592407227,3.0701560974121094,3.0686843395233154,3.1311404705047607,3.173496723175049,3.0604004859924316,2.7173988819122314,2.1395034790039062,1.4072705507278442,0.6457860469818115,-0.024193571880459785,-0.42341673374176025,-0.42088863253593445,-0.046090517193078995,0.5386953949928284
5.165060043334961,5.987428188323975,5.3752617835998535,5.298846244812012,5.936053276062012,6.735265731811523,6.5863118171691895,6.235525608062744,6.142077922821045,6.365800857543945,6.749105930328369,7.058349132537842,7.167568206787109,7.179748058319092,7.171992778778076,6.97624397277832,6.517331123352051,5.996022701263428,5.580819129943848,5.229517936706543,4.89764928817749,4.6009650230407715,4.313597679138184,3.985536575317383,3.6364166736602783,3.393589973449707,3.3643393516540527,3.486201286315918,3.6073110103607178,3.6952991485595703,3.755939245223999,3.7301418781280518,3.5599074363708496,3.240705966949463,2.8710529804229736,2.5485851764678955,2.27964448928833,2.006265878677368,1.6446889638900757,1.2316198348999023,0.973564088344574,0.9970115423202515,1.315660834312439,1.8511018753051758
4.519395351409912,5.621760368347168,6.042572021484375,6.393240928649902,7.924046993255615,8.628828048706055,7.809999942779541,7.148261547088623,6.901978969573975,7.083932876586914,7.496820449829102,7.8871259689331055,8.077399253845215,8.118858337402344,8.063645362854004,7.819410800933838,7.337721824645996,6.809968948364258,6.440464019775391,6.179032802581787,5.871439456939697,5.475367069244385,5.058694362640381,4.683741092681885,4.391442775726318,4.212619304656982,4.109309673309326,4.005383491516113,3.9394657611846924,4.0095648765563965,4.205598831176758,4.354619026184082,4.219620704650879,3.7461698055267334,3.167602062225342,2.7497310638427734,2.6219494342803955,2.642174243927002,2.5868422985076904,2.412665843963623,2.2883193492889404,2.421966552734375,2.7935893535614014,3.266742467880249
4.87379264831543,5.44251823425293,6.2050042152404785,6.7131757736206055,8.192070007324219,11.460606575012207,8.894404411315918,7.803404331207275,7.601832866668701,7.729621410369873,8.167532920837402,8.56164264678955,8.7247314453125,8.737278938293457,8.72232437133789,8.667265892028809,8.441451072692871,8.057901382446289,7.652044773101807,7.280989646911621,6.924637317657471,6.538979530334473,6.123152732849121,5.748115062713623,5.474580764770508,5.291992664337158,5.0817179679870605,4.7692670822143555,4.482331275939941,4.378007411956787,4.470059394836426,4.576105117797852,4.47558069229126,4.083831787109375,3.563123941421509,3.17697811126709,3.0842795372009277,3.1820101737976074,3.1965367794036865,3.0860464572906494,3.0844156742095947,3.34623384475708,3.7946839332580566,4.236532688140869
5.9882402420043945,5.961925983428955,6.484766960144043,7.237908363342285,9.029339790344238,12.995261192321777,9.787972450256348,8.319738388061523,8.312410354614258,8.423906326293945,8.7950439453125,9.133273124694824,9.239089012145996,9.188508033752441,9.174689292907715,9.280567169189453,9.361176490783691,9.252978324890137,8.957606315612793,8.567769050598145,8.151457786560059,7.740469932556152,7.33629846572876,6.937429904937744,6.573244571685791,6.246789455413818,5.933372497558594,5.637302398681641,5.386570453643799,5.216601371765137,5.128032207489014,5.033039093017578,4.850910663604736,4.572078704833984,4.25627326965332,4.0467305183410645,4.042237281799316,4.126976490020752,4.014883041381836,3.7779910564422607,3.721323251724243,3.8981270790100098,4.140272617340088,4.387712001800537
6.766661643981934,6.477572917938232,6.957036972045898,7.9194488525390625,10.427006721496582,13.1391019821167,9.989114761352539,8.80714225769043,9.163841247558594,9.343838691711426,9.521149635314941,9.655481338500977,9.724185943603516,9.77176570892334,9.855783462524414,10.005802154541016,10.132783889770508,10.108184814453125,9.928065299987793,9.684990882873535,9.422466278076172,9.113387107849121,8.717114448547363,8.216615676879883,7.6367597579956055,7.05254602432251,6.605617046356201,6.369227409362793,6.276010513305664,6.239339351654053,6.206607341766357,6.086637496948242,5.864163398742676,5.652088642120361,5.504181385040283,5.465223789215088,5.5512919425964355,5.562834739685059,5.262603759765625,4.82676362991333,4.600632190704346,4.4527587890625,4.286314487457275,4.24979829788208
7.316374778747559,7.1502838134765625,7.598650932312012,8.738607406616211,10.973867416381836,11.668767929077148,10.274354934692383,9.642709732055664,9.893926620483398,10.084939002990723,10.360963821411133,10.566957473754883,10.610474586486816,10.6628999710083,10.798307418823242,10.913738250732422,10.884255409240723,10.703314781188965,10.521150588989258,10.460326194763184,10.437973976135254,10.304244041442871,9.959465026855469,9.375914573669434,8.629426956176758,7.873818397521973,7.326756954193115,7.138782978057861,7.188394069671631,7.2967658042907715,7.401671886444092,7.456053256988525,7.427723407745361,7.310029983520508,7.124481678009033,6.962932586669922,6.880219459533691,6.6796369552612305,6.197732925415039,5.589901924133301,5.090721130371094,4.643449306488037,4.285320281982422,4.188625335693359
8.236810684204102,8.064022064208984,8.51953411102295,9.576367378234863,10.240035057067871,10.308253288269043,10.57620620727539,10.22521686553955,10.57276725769043,11.013520240783691,11.325725555419922,11.56752872467041,11.746231079101562,11.95870590209961,12.121994972229004,12.079453468322754,11.774552345275879,11.368510246276855,11.114036560058594,11.105705261230469,11.204636573791504,11.182043075561523,10.916316986083984,10.400640487670898,9.665703773498535,8.840950965881348,8.232669830322266,8.026219367980957,8.069568634033203,8.193615913391113,8.38970947265625,8.635332107543945,8.821741104125977,8.853781700134277,8.668893814086914,8.319456100463867,7.896213531494141,7.394486427307129,6.788508415222168,6.092132091522217,5.401111602783203,4.835904121398926,4.507665157318115,4.514605522155762
9.393135070800781,9.020602226257324,8.95938491821289,9.267656326293945,9.530571937561035,10.159846305847168,10.820448875427246,11.1288423538208,11.460474014282227,11.901167869567871,12.037323951721191,12.35479736328125,12.631553649902344,12.978285789489746,13.192289352416992,13.053143501281738,12.616020202636719,12.146683692932129,11.881370544433594,11.861876487731934,11.959935188293457,11.974908828735352,11.795661926269531,11.462143898010254,11.03286361694336,10.421035766601562,9.64590835571289,9.092134475708008,8.888669967651367,8.842270851135254,8.980563163757324,9.3416748046875,9.72325325012207,9.851001739501953,9.657061576843262,9.348668098449707,8.968114852905273,8.516413688659668,7.977749347686768,7.219435691833496,6.339616298675537,5.6022725105285645,5.306029319763184,5.437465667724609
9.979411125183105,9.914715766906738,9.263944625854492,8.75781536102295,9.116490364074707,10.090785026550293,11.014874458312988,11.543971061706543,12.003469467163086,12.530025482177734,12.101119995117188,12.200761795043945,13.080554962158203,13.665351867675781,13.668278694152832,13.21692180633545,12.600034713745117,12.151976585388184,12.068175315856934,12.269834518432617,12.53117561340332,12.669663429260254,12.642086029052734,12.500576972961426,12.295577049255371,11.970585823059082,11.334066390991211,10.568942070007324,10.039863586425781,9.738717079162598,9.679862022399902,9.945026397705078,10.303589820861816,10.3827543258667,10.149592399597168,9.950094223022461,9.872570991516113,9.860912322998047,9.60871696472168,8.851676940917969,7.790433406829834,6.7671990394592285,6.337161064147949,6.499756813049316
