data/wind_data/wind_70_1.json
{"header": {"parameterUnit": "KT", "parameterCategory": 2, "nx": 256, "ny": 198, "lo1": 44.73521041870117, "la1": -3.236724853515625, "lo2": 111.26478576660156, "la2": 43.468475341796875, "dx": 0.2609002888202667, "dy": -0.23708222806453705, "refTime": "2025-02-21 22:00:00", "forecastTime": 0, "parameterNumber": 2, "parameterNumberName": "eastward_wind"}, "data":
[rows 95 to 113 of 198, columns 172 to 214 of 256]
4.584262371063232,5.353091716766357,5.89945125579834,5.959689140319824,6.072707653045654,6.027462482452393,5.574899196624756,-2.473666191101074,-5.162818908691406,-2.2073309421539307,-3.642303943634033,-3.71163010597229,0.6709897518157959,-3.956425905227661,-11.956668853759766,-8.403596878051758,1.469923734664917,9.24223518371582,10.269221305847168,1.2782471179962158,-4.05783224105835,0.6838840246200562,4.511127948760986,6.89432430267334,-2.9317808151245117,-17.62401008605957,-11.088157653808594,-1.4937084913253784,3.420814037322998,-7.439896583557129,-1.0959080457687378,0.18597078323364258,-1.2023957967758179,3.0037968158721924,-1.3827563524246216,-9.069812774658203,-9.38301944732666,-7.236424446105957,-4.725183963775635,-4.142683982849121,-3.837308645248413,-1.3604573011398315,-2.0154480934143066
4.48919677734375,5.207310199737549,5.252401828765869,5.458426475524902,6.6141581535339355,6.778660774230957,5.033004283905029,-4.778582572937012,-5.435810565948486,-3.6752896308898926,-5.09679651260376,-4.420775413513184,-1.5272486209869385,-6.847327709197998,-12.03571605682373,-5.990182399749756,4.6789445877075195,11.565104484558105,8.97917652130127,1.188746452331543,1.0973297357559204,2.083872079849243,4.600066184997559,8.244365692138672,1.4208918809890747,-16.675336837768555,-11.119091987609863,-2.683124303817749,1.8243509531021118,-9.592263221740723,-3.408810615539551,-2.075718402862549,-0.10868850350379944,2.3106753826141357,-3.736785650253296,-9.119738578796387,-8.64223575592041,-6.189630031585693,-5.629807949066162,-5.195718765258789,-2.7795186042785645,-3.480684280395508,-3.127500534057617
3.5833094120025635,4.860536098480225,4.675002098083496,4.9655938148498535,6.43875789642334,6.952732563018799,3.06612491607666,-6.6392502784729,-5.597610950469971,-4.477786540985107,-6.1881537437438965,-5.401549816131592,-4.458049774169922,-10.065174102783203,-10.909161567687988,-1.7882317304611206,7.936692714691162,11.347228050231934,6.745377540588379,3.4489500522613525,4.910962104797363,3.2662131786346436,2.095763921737671,4.690645694732666,0.5502735376358032,-15.24560546875,-13.253870964050293,-5.18547248840332,-3.5860249996185303,-9.197077751159668,-4.925930976867676,-2.005321979522705,1.1178900003433228,4.015399932861328,-0.9871983528137207,-8.819567680358887,-8.256155014038086,-6.086554050445557,-5.404213905334473,-3.8775241374969482,-6.663341999053955,-3.397686004638672,-1.0969575643539429
4.172138690948486,4.108394145965576,4.002830505371094,4.603104114532471,5.672611236572266,6.680820465087891,0.23805111646652222,-7.322169303894043,-5.597017288208008,-5.813490390777588,-7.258618354797363,-5.330569267272949,-6.565185070037842,-11.684822082519531,-8.644862174987793,3.1002440452575684,11.699562072753906,10.233671188354492,4.394752025604248,7.487644195556641,7.7871928215026855,3.349212169647217,0.9773461818695068,7.256574630737305,0.3749443590641022,-19.79672622680664,-11.390290260314941,-5.289035797119141,-3.319084882736206,-7.014004707336426,-5.741997718811035,-0.7905208468437195,0.31342989206314087,-3.11008620262146,-2.180377721786499,-4.293313503265381,-9.484684944152832,-6.513088226318359,-4.721074104309082,-3.6187222003936768,-6.721338272094727,-3.151024341583252,-1.2312371730804443
4.207698345184326,3.0713274478912354,1.5605579614639282,3.684537649154663,4.584799289703369,5.8522443771362305,-2.400952100753784,-7.2096476554870605,-5.166095733642578,-6.681358337402344,-7.398114204406738,-5.519956588745117,-9.307026863098145,-11.090625762939453,-6.06645393371582,5.344518184661865,14.178049087524414,6.971767425537109,0.965661883354187,8.180784225463867,8.559293746948242,1.2049235105514526,2.526154041290283,5.163880825042725,-2.9326064586639404,-18.708683013916016,-11.728239059448242,-5.874665260314941,1.927843451499939,-3.873331069946289,-6.418222427368164,-2.7273223400115967,-5.5928826332092285,-4.935383319854736,-1.3443015813827515,-2.5385854244232178,-7.465378284454346,-7.8795013427734375,-5.447567939758301,-3.1051478385925293,-4.2318010330200195,-4.719729900360107,-2.385531425476074
4.588080406188965,3.427069664001465,1.236567497253418,1.857284665107727,3.3229103088378906,4.581037998199463,-5.019593715667725,-7.194870471954346,-4.522751331329346,-5.4065937995910645,-5.639503002166748,-7.002037048339844,-10.917879104614258,-9.986372947692871,-4.751584053039551,5.632778167724609,12.361328125,5.203829765319824,0.36373844742774963,7.44096565246582,8.097609519958496,1.3815224170684814,2.2977566719055176,5.86235237121582,-1.0798701047897339,-12.990801811218262,-10.209053993225098,-5.981398105621338,1.5223407745361328,-0.6812437176704407,-3.7829840183258057,-6.290678024291992,-7.161230087280273,-4.142251491546631,0.21181264519691467,-5.298144817352295,-6.773932933807373,-6.752321243286133,-5.164700508117676,-3.081746816635132,-3.4325077533721924,-3.7506134510040283,-1.8535043001174927
3.997520923614502,3.3564300537109375,2.7625601291656494,2.7724993228912354,3.447774887084961,3.7897238731384277,-6.13006067276001,-7.513061046600342,-4.70189905166626,-4.578255653381348,-5.149886131286621,-9.47629165649414,-10.600595474243164,-9.517654418945312,-4.353102207183838,6.562376499176025,12.069594383239746,7.104673862457275,3.4007163047790527,6.985268592834473,6.220863342285156,2.047985792160034,1.6520271301269531,5.867524147033691,-0.8412458300590515,-13.764037132263184,-9.726805686950684,-7.934889793395996,-1.8991286754608154,3.2037041187286377,-2.2861838340759277,-7.793859958648682,-8.038263320922852,-4.568225383758545,-1.6019313335418701,-6.025018215179443,-6.025699615478516,-5.843357563018799,-5.237016201019287,-3.3270623683929443,-3.6514320373535156,-1.2434213161468506,-3.0006368160247803
4.181236743927002,3.7835981845855713,4.076555252075195,3.8967301845550537,3.292956829071045,1.8046175241470337,-5.163364410400391,-6.510295391082764,-4.475902557373047,-3.395768880844116,-5.812483310699463,-10.716150283813477,-10.159383773803711,-9.768190383911133,-4.042940616607666,6.982360363006592,12.264952659606934,7.299110412597656,5.166009902954102,5.9195380210876465,2.1462557315826416,2.081113576889038,1.1093671321868896,3.9925007820129395,-5.130949020385742,-12.530168533325195,-7.70335054397583,-7.0257368087768555,-5.613776683807373,0.9763171076774597,1.9445961713790894,-7.007067680358887,-9.659334182739258,-4.201056480407715,-0.9689044952392578,-3.285099983215332,-5.840342998504639,-3.242767333984375,-2.191291332244873,-2.1661970615386963,-4.3548197746276855,0.1517028659582138,-2.6192822456359863
4.171566009521484,3.888327121734619,4.170518398284912,5.334512710571289,4.5985307693481445,2.1781728267669678,-3.3299357891082764,-5.998203754425049,-3.901984930038452,-2.4480948448181152,-7.02334451675415,-10.586288452148438,-8.530771255493164,-8.501449584960938,-4.421061992645264,6.37827205657959,12.945058822631836,7.463176727294922,3.1833415031433105,0.05425115302205086,-1.4249006509780884,4.000746726989746,0.2680847644805908,0.04227093234658241,-5.007564544677734,-7.839120388031006,-4.091752529144287,-7.549246311187744,-10.611649513244629,-2.0705056190490723,2.290032148361206,-5.90460729598999,-9.324953079223633,-1.6915686130523682,2.7688753604888916,-5.027195453643799,-6.7236456871032715,0.44808855652809143,1.893928050994873,-2.2628331184387207,-4.807896614074707,-2.1574878692626953,-1.6824601888656616
3.9121246337890625,4.563160419464111,4.501783847808838,5.790063381195068,5.181737899780273,2.8274002075195312,-2.931039333343506,-5.708730220794678,-3.2970151901245117,-2.595043182373047,-9.277174949645996,-9.655478477478027,-7.354462146759033,-6.006584644317627,-2.239776372909546,6.487139701843262,13.087477684020996,7.679039001464844,-0.8987423181533813,-5.514060974121094,0.3500259518623352,4.917254447937012,-1.3283119201660156,-3.781522512435913,-1.642521858215332,-1.4148106575012207,1.4173555374145508,-9.031518936157227,-10.81869888305664,-4.910770416259766,-1.9571131467819214,-6.658473014831543,-6.913315773010254,-1.0789258480072021,1.0897173881530762,-7.473665237426758,-6.220798015594482,0.219256192445755,-0.3959992825984955,1.341907024383545,-1.2183592319488525,-3.266700029373169,-3.889106035232544
3.9539573192596436,4.485839366912842,4.273778438568115,4.284707546234131,4.447383403778076,1.6968529224395752,-3.8081700801849365,-5.3771467208862305,-2.9975790977478027,-3.5677690505981445,-9.519476890563965,-8.419137001037598,-7.159243583679199,-4.6498188972473145,0.5146247148513794,6.893097877502441,11.51785659790039,11.416586875915527,-1.7439924478530884,-6.314496994018555,-0.5538969039916992,4.349945545196533,-1.0278021097183228,-3.860243797302246,0.5314959287643433,1.0411369800567627,0.5178669095039368,-2.266106128692627,-9.402172088623047,-8.857285499572754,-7.5613508224487305,-5.866510391235352,-5.95430326461792,-2.382657051086426,-0.647329568862915,-6.69551944732666,-7.169796943664551,-3.740934133529663,-3.18088960647583,2.3619983196258545,1.3939639329910278,-1.3499351739883423,-2.7206618785858154
2.7929277420043945,3.730806827545166,4.5012311935424805,4.914507865905762,4.493803024291992,1.9587104320526123,-1.9854604005813599,-2.8781445026397705,-0.7985156774520874,-3.1839640140533447,-8.284086227416992,-7.090256214141846,-6.867356300354004,-4.6291327476501465,-0.5131050944328308,4.560168743133545,8.770112991333008,14.606856346130371,0.3942470848560333,-6.885980129241943,-1.3272323608398438,1.9639073610305786,-1.966426134109497,-2.8353888988494873,0.9896438717842102,2.8673338890075684,-2.16701078414917,1.7995048761367798,-3.4651854038238525,-14.327974319458008,-6.7419514656066895,-5.879148960113525,-6.593945026397705,-3.153041124343872,-2.0886096954345703,-7.8600850105285645,-5.2605719566345215,-1.9848977327346802,-4.669626235961914,3.4164938926696777,5.098170757293701,2.0619421005249023,-0.7116495966911316
2.237110137939453,3.530721664428711,4.904322624206543,5.995560646057129,5.46263313293457,1.1560382843017578,-1.3606326580047607,-2.622645378112793,2.478325605392456,0.20794068276882172,-5.769718647003174,-5.137610912322998,-6.32659387588501,-5.704127311706543,-3.202601671218872,0.03005971945822239,7.057458400726318,15.086984634399414,4.886499404907227,-6.3415117263793945,-1.3275896310806274,-2.4165594577789307,-4.712843418121338,-0.9295293688774109,2.6084916591644287,3.538703203201294,-0.5921693444252014,0.4678024649620056,0.2914426326751709,-15.14328384399414,-9.86294174194336,-5.548659324645996,-4.011097431182861,-6.866888046264648,-6.102412700653076,-8.554022789001465,-3.489898204803467,0.4002228081226349,-4.4338908195495605,-0.9811068177223206,4.3567986488342285,5.079880237579346,1.621205449104309
3.7620809078216553,4.061476230621338,5.216745853424072,4.559229373931885,0.6761675477027893,-2.9375901222229004,-4.017703056335449,-3.3014180660247803,-1.4541057348251343,1.5180423259735107,-0.4906289577484131,-4.082344055175781,-5.748271465301514,-7.199494361877441,-6.273798942565918,-1.9360918998718262,6.668440818786621,11.161294937133789,11.614930152893066,-0.8523615598678589,-3.8023245334625244,-5.683159351348877,-4.981969356536865,-0.16548188030719757,3.338639259338379,2.0184473991394043,1.7009644508361816,-0.7766997814178467,1.9185004234313965,-11.252914428710938,-13.87916374206543,-4.632887363433838,0.32391637563705444,-8.142439842224121,-3.148616313934326,0.781148374080658,-4.109886169433594,-0.3937748074531555,-8.421278953552246,-3.3027446269989014,3.918900728225708,5.639354228973389,2.5569987297058105
2.5948328971862793,2.7940478324890137,1.570000410079956,-2.9465746879577637,-5.19235897064209,-5.2906575202941895,-5.4640913009643555,-4.6840009689331055,-5.2162675857543945,-4.541673183441162,-3.443397283554077,-2.9307141304016113,-4.053055286407471,-8.362558364868164,-9.478446960449219,-3.95505428314209,1.5467565059661865,3.918440818786621,11.869524955749512,4.625159740447998,-5.875694751739502,-5.576622486114502,-3.966566801071167,-2.2121775150299072,-0.679024338722229,-0.92084801197052,2.4168646335601807,-3.424607038497925,3.758120059967041,-7.461411952972412,-16.392425537109375,-4.824295520782471,-0.8128703236579895,-6.797730445861816,-8.164584159851074,0.029007548466324806,-0.02023712731897831,-3.0769107341766357,-9.197418212890625,-6.345926761627197,2.85402512550354,2.2167365550994873,0.4433835446834564
-1.2917201519012451,-2.947614908218384,-5.036945343017578,-5.834277153015137,-6.389697551727295,-6.1993303298950195,-5.208845138549805,-4.098195552825928,-3.8868255615234375,-4.516390800476074,-4.656569480895996,-3.1486399173736572,-2.5765151977539062,-6.777889251708984,-12.86974811553955,-7.051097393035889,-1.7532023191452026,-0.2343452125787735,6.504135608673096,9.893091201782227,0.3023582398891449,-5.255873203277588,-4.222814559936523,-5.084300518035889,-3.1695644855499268,-0.5003147721290588,1.6544768810272217,-4.1070098876953125,6.29065465927124,-0.6797502040863037,-18.085872650146484,-3.998115062713623,-1.7638416290283203,-5.20477294921875,-5.288321018218994,-3.0536558628082275,-1.3628292083740234,-1.897688388824463,-8.885260581970215,-5.737104892730713,-3.552497148513794,-4.510165214538574,-0.3500185012817383
-6.380087375640869,-7.002265930175781,-6.483630180358887,-5.289759159088135,-6.5317888259887695,-5.877075672149658,-5.088657855987549,-3.108691930770874,-0.9528679251670837,-0.4214514195919037,-1.471121072769165,-0.9202964305877686,1.609670639038086,-5.329063415527344,-10.425448417663574,-3.238104820251465,2.698437213897705,1.8438212871551514,5.048285961151123,10.477604866027832,10.303085327148438,-0.8414434194564819,-5.613471984863281,-6.192005634307861,-1.182837724685669,1.2387642860412598,-0.400152325630188,-1.4679994583129883,6.133266448974609,0.758352518081665,-17.161134719848633,-4.370805263519287,3.81827974319458,1.2501649856567383,-0.6879249811172485,-1.2140109539031982,-5.872575283050537,0.20155782997608185,-0.4481959640979767,-3.136720895767212,-2.3515987396240234,-3.167879104614258,-1.0152925252914429
-5.8245768547058105,-8.7896146774292,-8.389357566833496,-5.766144752502441,-5.334315299987793,-6.333955764770508,-4.314263343811035,-0.2328539788722992,2.6927976608276367,3.146183967590332,2.8046820163726807,4.4091715812683105,8.581534385681152,-1.821078896522522,-8.686263084411621,-2.902937650680542,1.6416280269622803,5.448476791381836,5.8987040519714355,10.586125373840332,12.651230812072754,6.591014385223389,-3.6545073986053467,-4.1976399421691895,-1.3408935070037842,-2.6142959594726562,-1.5292304754257202,1.774215817451477,1.5443708896636963,0.5093079209327698,-13.106734275817871,-7.141240119934082,1.7708693742752075,6.865786075592041,6.612624645233154,-0.8546531796455383,-7.807358264923096,1.2747596502304077,4.583362579345703,-1.1102876663208008,-1.8195055723190308,8.195838928222656,0.9961163997650146
-2.1158878803253174,-10.027384757995605,-10.83961009979248,-6.937072277069092,-7.818172454833984,-9.751460075378418,-3.270357131958008,3.7135095596313477,7.448408603668213,6.488085746765137,6.280477523803711,7.14759635925293,10.945966720581055,2.7792887687683105,-4.513937473297119,-4.683482646942139,-1.7188239097595215,6.489136219024658,7.618744850158691,7.409925937652588,9.995595932006836,8.054498672485352,4.881746292114258,-1.5553007125854492,-3.826855421066284,-5.2838521003723145,0.4461876451969147,0.023863535374403,-6.5775885581970215,1.1653555631637573,-3.9908945560455322,-13.318857192993164,-2.905952215194702,6.060338497161865,10.781908988952637,2.015887498855591,-6.8112945556640625,1.7366639375686646,4.441197872161865,1.1257106065750122,4.467065334320068,9.182839393615723,-0.19467344880104065
