data/wind_data/wind_30_3.json
{"header": {"parameterUnit": "KT", "parameterCategory": 2, "nx": 256, "ny": 198, "lo1": 44.73521041870117, "la1": -3.236724853515625, "lo2": 111.26478576660156, "la2": 43.468475341796875, "dx": 0.2609002888202667, "dy": -0.23708222806453705, "refTime": "2025-02-20 06:00:00", "forecastTime": 0, "parameterNumber": 2, "parameterNumberName": "eastward_wind"}, "data":
[rows 95 to 113 of 198, columns 176 to 219 of 256]
9.51687240600586,9.47860050201416,9.255253791809082,8.451342582702637,6.533883094787598,4.375075817108154,3.4295613765716553,2.3008668422698975,2.307901382446289,1.4734869003295898,-4.019665241241455,1.8387380838394165,13.223649024963379,11.624483108520508,2.533889055252075,-0.7424989938735962,-0.6495322585105896,-0.277377188205719,-0.5847809910774231,-1.0835720300674438,-2.64249849319458,-4.554725646972656,1.1454622745513916,1.4577271938323975,-2.329962968826294,-0.9139798879623413,1.2096784114837646,9.86678695678711,13.548103332519531,12.627102851867676,11.954646110534668,10.9502592086792,11.973283767700195,5.294713497161865,8.015801429748535,13.106867790222168,19.214948654174805,21.42703628540039,20.713125228881836,20.763883590698242,20.795358657836914,19.98623275756836,19.570781707763672,19.684614181518555
9.291814804077148,9.25378131866455,8.607698440551758,6.812785625457764,4.224886894226074,2.2921483516693115,1.9742827415466309,1.8062251806259155,1.5762394666671753,0.6991771459579468,-6.946328639984131,8.402237892150879,17.61139488220215,10.603365898132324,2.474747896194458,1.4646780490875244,1.5000715255737305,1.6352877616882324,1.183214545249939,0.1483079344034195,-0.491355299949646,-2.7953946590423584,-3.653700351715088,2.8459644317626953,3.0265607833862305,2.1008307933807373,8.311907768249512,13.07077693939209,14.523852348327637,12.693289756774902,11.9962158203125,11.819917678833008,10.837038040161133,7.306757926940918,11.67951774597168,18.344125747680664,20.944072723388672,22.1306095123291,22.78985595703125,22.974971771240234,22.627710342407227,21.65395164489746,20.96376609802246,19.748807907104492
8.6796236038208,8.232617378234863,6.841622829437256,4.8303751945495605,3.005315065383911,2.054370880126953,2.5663044452667236,2.958742618560791,2.6579930782318115,1.1040287017822266,0.08473612368106842,12.901622772216797,17.19447898864746,8.426234245300293,2.832383155822754,4.077122211456299,3.3867712020874023,3.4081790447235107,2.9074578285217285,1.8021214008331299,0.4041663408279419,4.005464553833008,6.810781478881836,9.62021541595459,9.349959373474121,6.424134254455566,10.384265899658203,14.745579719543457,14.873625755310059,13.13675594329834,12.249921798706055,12.795215606689453,11.566064834594727,11.293511390686035,15.766053199768066,19.45913314819336,19.613473892211914,21.502201080322266,24.971790313720703,25.13763999938965,24.47018051147461,23.933700561523438,22.771907806396484,20.76333236694336
7.8885579109191895,7.198643207550049,6.052656173706055,5.089888095855713,4.607489109039307,4.665582180023193,5.238600254058838,5.893205642700195,5.293618679046631,3.5333964824676514,6.3766350746154785,16.394081115722656,15.04857063293457,8.321223258972168,5.57526969909668,5.471806526184082,4.970325469970703,5.093499183654785,4.240964412689209,2.7963309288024902,-0.4803714156150818,2.801663875579834,10.155874252319336,12.648693084716797,11.999144554138184,9.321720123291016,10.102357864379883,10.840191841125488,12.456581115722656,13.697680473327637,13.840904235839844,13.349531173706055,14.442647933959961,14.096196174621582,14.161585807800293,17.5443172454834,19.03036117553711,14.13589859008789,20.143047332763672,24.593795776367188,25.234384536743164,25.570308685302734,25.44891929626465,23.372802734375
7.45019006729126,7.221036434173584,6.928290367126465,6.5725531578063965,5.946801662445068,6.709280014038086,7.231706619262695,8.184331893920898,7.5858154296875,5.7671122550964355,4.828571319580078,15.7854642868042,15.886493682861328,10.865793228149414,9.370794296264648,7.07758903503418,6.362977981567383,7.000201225280762,6.424534320831299,4.327811241149902,1.9924417734146118,-0.5738232731819153,7.843985557556152,14.385660171508789,14.701000213623047,13.726051330566406,14.127983093261719,14.757125854492188,13.276034355163574,14.970237731933594,16.52446746826172,14.969268798828125,14.337739944458008,16.20637321472168,19.14943504333496,18.373933792114258,18.39404296875,21.985445022583008,24.609819412231445,24.094873428344727,25.1402587890625,26.045530319213867,26.599590301513672,26.135303497314453
7.998447895050049,7.942090034484863,7.891041278839111,7.7528157234191895,7.2372612953186035,7.307765483856201,7.217535495758057,7.651528358459473,7.560375690460205,8.086918830871582,-0.47597736120224,12.084528923034668,17.652624130249023,13.752032279968262,12.207918167114258,9.404799461364746,8.051493644714355,8.849154472351074,8.449695587158203,7.0393524169921875,5.243810176849365,-0.17408552765846252,3.599191904067993,12.796967506408691,17.570934295654297,16.365550994873047,14.778820037841797,13.939193725585938,13.240324020385742,17.270198822021484,18.951045989990234,16.77561378479004,16.224258422851562,15.82612133026123,17.839555740356445,19.42568588256836,21.88128662109375,26.564125061035156,26.91791343688965,24.343494415283203,24.930301666259766,25.700899124145508,26.386737823486328,26.991893768310547
8.498871803283691,8.628610610961914,8.85569953918457,8.85779094696045,8.547541618347168,7.450810432434082,5.795278549194336,4.821684837341309,5.550746917724609,7.53718900680542,0.9336463809013367,9.897700309753418,18.430007934570312,16.569538116455078,13.487493515014648,10.994650840759277,10.023889541625977,10.930232048034668,10.251379013061523,9.624785423278809,3.2553529739379883,5.582345008850098,9.550358772277832,9.619806289672852,15.05640697479248,18.828472137451172,17.05293846130371,16.30044937133789,18.151647567749023,21.086505889892578,21.187429428100586,19.049072265625,18.19203758239746,17.84504508972168,19.638553619384766,16.100767135620117,16.951196670532227,23.93828582763672,26.81359100341797,26.303184509277344,25.843929290771484,25.653560638427734,25.994569778442383,25.84718132019043
8.905414581298828,9.793547630310059,10.346062660217285,10.127946853637695,9.067426681518555,6.750325679779053,3.8911893367767334,2.173581838607788,3.0045998096466064,4.863545894622803,3.790802240371704,9.770195960998535,19.359142303466797,18.209932327270508,13.178315162658691,11.06865119934082,11.536783218383789,12.326764106750488,11.70801830291748,11.779081344604492,12.28855037689209,13.9205322265625,15.961844444274902,17.207408905029297,13.707274436950684,16.28600311279297,19.10561180114746,18.113306045532227,18.770809173583984,22.212085723876953,22.89366340637207,20.48508644104004,19.558849334716797,19.796045303344727,22.31815528869629,12.05803394317627,12.239585876464844,21.90639305114746,26.01346778869629,27.49700355529785,29.224079132080078,27.512487411499023,25.952207565307617,26.20033836364746
10.508871078491211,11.215500831604004,11.46203899383545,10.672673225402832,9.16641616821289,6.5055060386657715,3.776730537414551,2.2494075298309326,1.5268217325210571,3.05587100982666,5.3040924072265625,6.3174638748168945,15.911147117614746,16.49857521057129,12.865384101867676,11.86172866821289,13.003118515014648,13.005461692810059,12.222912788391113,13.54648494720459,15.221368789672852,16.374605178833008,17.30855369567871,17.703962326049805,18.352014541625977,15.181357383728027,16.123153686523438,18.426435470581055,18.899532318115234,21.32610321044922,23.357097625732422,21.04373550415039,20.074726104736328,20.466943740844727,23.613689422607422,18.532869338989258,12.643301963806152,18.986326217651367,24.859586715698242,26.725080490112305,30.856870651245117,30.426437377929688,28.144319534301758,28.888505935668945
12.017508506774902,12.092755317687988,12.138520240783691,11.45244312286377,9.934657096862793,8.019614219665527,5.689605712890625,4.368776321411133,3.8002896308898926,3.6118478775024414,6.223985195159912,2.0143001079559326,13.893644332885742,15.232080459594727,12.840581893920898,12.753703117370605,13.105486869812012,13.005416870117188,12.445137023925781,14.785571098327637,15.775294303894043,15.677123069763184,16.314863204956055,17.240629196166992,19.343547821044922,21.15431022644043,20.758800506591797,20.722238540649414,20.877782821655273,17.59331703186035,19.297679901123047,21.92740821838379,21.832164764404297,21.920337677001953,23.752365112304688,24.271644592285156,19.423969268798828,21.835546493530273,26.71525764465332,28.209604263305664,31.55702018737793,31.63348960876465,30.423133850097656,29.913818359375
12.784266471862793,12.793611526489258,13.075156211853027,12.81175708770752,11.440797805786133,9.792657852172852,7.7030744552612305,6.339389324188232,5.78270959854126,5.153995990753174,7.2313313484191895,0.473671019077301,13.487015724182129,14.743555068969727,11.887261390686035,12.151236534118652,13.401812553405762,13.181891441345215,12.647522926330566,15.48926067352295,16.673696517944336,16.050987243652344,16.779695510864258,17.55950355529785,18.829090118408203,20.905776977539062,21.494117736816406,21.135332107543945,21.10521697998047,18.86601448059082,15.866617202758789,18.595623016357422,21.886474609375,23.766700744628906,24.675392150878906,26.194616317749023,21.1455020904541,12.854263305664062,18.986495971679688,24.077672958374023,30.113048553466797,32.8762092590332,32.06056594848633,23.479639053344727
13.325042724609375,13.482215881347656,13.824825286865234,13.788152694702148,12.790072441101074,11.979353904724121,10.40384578704834,9.055157661437988,7.7293901443481445,6.713566303253174,8.14266300201416,5.270193576812744,12.433846473693848,15.82646369934082,9.321228981018066,9.705094337463379,12.32284164428711,13.354581832885742,13.923615455627441,16.423349380493164,18.526884078979492,17.073726654052734,16.354001998901367,17.649995803833008,18.253108978271484,17.798933029174805,18.17861557006836,19.082122802734375,20.178178787231445,21.152921676635742,21.5887393951416,22.338581085205078,22.456979751586914,22.267732620239258,25.06304931640625,26.662769317626953,26.176088333129883,16.83540153503418,17.41786766052246,25.218647003173828,29.24549102783203,30.651762008666992,32.3341064453125,29.86208152770996
13.733588218688965,13.746586799621582,13.813206672668457,14.145813941955566,14.268610000610352,13.819108009338379,12.893915176391602,11.729348182678223,10.047616004943848,8.645198822021484,8.840838432312012,9.199674606323242,11.98412799835205,17.15193748474121,10.645597457885742,8.173590660095215,9.805436134338379,11.829429626464844,14.34244155883789,17.524959564208984,19.36850357055664,17.51369285583496,15.77074146270752,15.603731155395508,16.83659553527832,17.04908561706543,17.213573455810547,17.5202693939209,18.56660270690918,21.100980758666992,22.119056701660156,21.955833435058594,22.069143295288086,24.158666610717773,26.878437042236328,26.753276824951172,26.52906608581543,24.424190521240234,18.946739196777344,15.003998756408691,22.770700454711914,18.59687614440918,19.75984001159668,28.30202865600586
14.150168418884277,13.751944541931152,13.639725685119629,13.999212265014648,14.914134979248047,15.046481132507324,13.876688003540039,13.107961654663086,11.934235572814941,10.006237983703613,9.52087116241455,9.516910552978516,10.442195892333984,17.090600967407227,15.80591869354248,11.98963451385498,10.988617897033691,11.860410690307617,13.98397445678711,16.600543975830078,18.256851196289062,18.147512435913086,17.21956443786621,16.364809036254883,16.095247268676758,17.54191017150879,17.29872703552246,18.027353286743164,13.945873260498047,16.51961326599121,21.64405059814453,22.166215896606445,22.585346221923828,25.662952423095703,26.232345581054688,27.029218673706055,26.89299774169922,25.604021072387695,22.59772491455078,23.762069702148438,27.146387100219727,17.513635635375977,18.736860275268555,29.991418838500977
15.158036231994629,14.55408000946045,13.954779624938965,13.817476272583008,14.914514541625977,15.257217407226562,13.429658889770508,12.91618537902832,13.627264976501465,12.773575782775879,11.415782928466797,11.222047805786133,11.556132316589355,14.505403518676758,20.059778213500977,17.37903594970703,14.967926025390625,14.11162281036377,14.586840629577637,15.942183494567871,17.39017677307129,18.564956665039062,18.916339874267578,18.58534049987793,18.40568733215332,18.996530532836914,18.332746505737305,19.532182693481445,18.4727725982666,18.854761123657227,22.073081970214844,24.324337005615234,22.56428337097168,24.892824172973633,26.01250648498535,26.81497573852539,25.92198944091797,25.947050094604492,28.48239517211914,32.663516998291016,27.43540382385254,21.876354217529297,28.558012008666992,34.812744140625
16.297786712646484,15.538625717163086,14.596261024475098,14.258411407470703,15.332134246826172,15.163257598876953,13.906009674072266,13.72792911529541,14.613364219665527,15.67924690246582,14.631056785583496,14.003750801086426,14.52970027923584,11.991189002990723,17.89731216430664,21.360776901245117,19.472412109375,17.018489837646484,15.739945411682129,16.119518280029297,18.085338592529297,18.806955337524414,19.04880714416504,19.32154655456543,19.26699447631836,18.553184509277344,18.41940689086914,20.07061195373535,20.416053771972656,20.093219757080078,22.371362686157227,25.22238540649414,26.618330001831055,26.59125328063965,25.945049285888672,26.35282325744629,25.495487213134766,26.952430725097656,30.446247100830078,33.50954055786133,29.607213973999023,21.358877182006836,27.46732521057129,35.99995803833008
17.17462158203125,15.93610668182373,14.730904579162598,14.031394004821777,14.365069389343262,14.903061866760254,16.071495056152344,16.748788833618164,17.143634796142578,17.0759220123291,16.25098419189453,15.378265380859375,15.700061798095703,16.159860610961914,13.934983253479004,20.42195701599121,23.008188247680664,20.52985382080078,18.137022018432617,17.311904907226562,17.960826873779297,17.885822296142578,18.433334350585938,18.601408004760742,17.533157348632812,15.846179008483887,17.22393798828125,19.533126831054688,21.16301727294922,21.71310806274414,21.091636657714844,21.915863037109375,24.632566452026367,27.51651954650879,26.22110939025879,25.246936798095703,26.671283721923828,28.647218704223633,30.447078704833984,31.188819885253906,32.31036376953125,24.014537811279297,25.33139419555664,34.669097900390625
17.185792922973633,16.548444747924805,17.15259552001953,18.8023738861084,19.540433883666992,19.48497772216797,19.404098510742188,18.399782180786133,18.44329833984375,18.317949295043945,17.796585083007812,17.650815963745117,17.76755142211914,16.9893741607666,18.758283615112305,15.894890785217285,23.575687408447266,24.032928466796875,21.516538619995117,18.989656448364258,17.528179168701172,17.061120986938477,16.890056610107422,16.6998291015625,14.618829727172852,13.117353439331055,14.361079216003418,16.957670211791992,21.466190338134766,24.296005249023438,23.436954498291016,24.594680786132812,26.950014114379883,28.00792694091797,26.696434020996094,25.906496047973633,27.279312133789062,28.423311233520508,28.85890007019043,29.862091064453125,31.669734954833984,29.154170989990234,24.619815826416016,31.13083839416504
16.65439224243164,18.03120994567871,20.848114013671875,21.4752197265625,18.11096954345703,17.135894775390625,12.444799423217773,12.878610610961914,19.196674346923828,18.854379653930664,19.588136672973633,21.201099395751953,20.621049880981445,19.439220428466797,21.90581703186035,18.67192268371582,21.92673683166504,26.9676456451416,24.087881088256836,19.264047622680664,16.86204719543457,16.578384399414062,15.488905906677246,12.159132957458496,12.308491706848145,12.109533309936523,10.268028259277344,11.377391815185547,17.63068389892578,24.84847640991211,22.743127822875977,20.370115280151367,24.98797035217285,27.76723289489746,26.644187927246094,25.63176727294922,26.91162109375,28.057559967041016,29.221813201904297,29.8929443359375,30.113309860229492,29.216739654541016,24.894210815429688,27.4929256439209
