data/wind_data/wind_49_9.json
{"header": {"parameterUnit": "KT", "parameterCategory": 2, "nx": 256, "ny": 198, "lo1": 44.73521041870117, "la1": -3.236724853515625, "lo2": 111.26478576660156, "la2": 43.468475341796875, "dx": 0.2609002888202667, "dy": -0.23708222806453705, "refTime": "2025-02-21 01:00:00", "forecastTime": 0, "parameterNumber": 2, "parameterNumberName": "eastward_wind"}, "data":
[rows 19 to 37 of 198, columns 88 to 131 of 256]
19.521121978759766,20.2987117767334,19.483610153198242,19.361024856567383,20.599119186401367,21.273109436035156,20.61725616455078,19.79276466369629,20.409164428710938,21.955045700073242,22.556306838989258,23.462936401367188,25.28817367553711,26.307571411132812,26.916614532470703,26.061540603637695,24.282373428344727,24.016502380371094,26.19575309753418,27.90960693359375,28.66715431213379,28.833784103393555,29.007078170776367,28.771160125732422,27.563884735107422,25.96921157836914,24.664369583129883,24.109107971191406,23.40259552001953,21.724857330322266,21.9295654296875,22.532167434692383,20.835817337036133,19.11071014404297,19.156490325927734,18.944639205932617,21.738426208496094,24.271224975585938,23.783710479736328,21.83642578125,20.87513542175293,20.95891571044922,18.967756271362305,15.797942161560059
19.40660285949707,20.516788482666016,20.879947662353516,20.863651275634766,21.245704650878906,21.776927947998047,21.685226440429688,21.26760482788086,21.680932998657227,23.092058181762695,23.939985275268555,24.451005935668945,25.090778350830078,25.988319396972656,27.51064109802246,28.119768142700195,26.858613967895508,25.309980392456055,26.08201026916504,28.071760177612305,29.682950973510742,30.37519645690918,30.188173294067383,29.63924217224121,28.507516860961914,25.917186737060547,23.914716720581055,23.603595733642578,23.81825065612793,23.186349868774414,22.735946655273438,22.410438537597656,20.20197105407715,19.234697341918945,19.735326766967773,18.881563186645508,21.276880264282227,23.540990829467773,23.070859909057617,22.13304328918457,22.046972274780273,21.668319702148438,19.414125442504883,16.23600196838379
19.59785270690918,20.019315719604492,21.004358291625977,22.011356353759766,22.575733184814453,22.778242111206055,22.882795333862305,23.072490692138672,23.418161392211914,24.125244140625,24.847267150878906,25.089982986450195,24.997230529785156,25.340286254882812,26.337060928344727,27.38523292541504,27.851057052612305,27.57213592529297,27.89870262145996,29.314998626708984,30.678022384643555,31.143125534057617,30.653013229370117,29.85410499572754,28.350831985473633,25.545387268066406,23.470565795898438,23.372907638549805,24.302217483520508,23.92103385925293,22.929391860961914,21.56060791015625,19.36255645751953,19.049413681030273,21.372716903686523,21.44745635986328,20.73986053466797,21.68143653869629,21.51294708251953,22.377613067626953,23.390018463134766,22.473247528076172,19.710651397705078,17.05768585205078
20.64555549621582,20.253173828125,20.90161895751953,22.296689987182617,23.410999298095703,23.937477111816406,24.45880889892578,25.17450714111328,25.46427345275879,25.47328758239746,25.670068740844727,25.516748428344727,24.897743225097656,24.37774658203125,24.406009674072266,25.519512176513672,27.45647621154785,29.248401641845703,30.301427841186523,31.058395385742188,31.688621520996094,31.655649185180664,30.755090713500977,29.58151626586914,27.729829788208008,25.172517776489258,23.20073890686035,23.058671951293945,23.68930435180664,23.515121459960938,22.566579818725586,21.22772979736328,19.712736129760742,18.747663497924805,20.817493438720703,22.75563621520996,21.527917861938477,21.423847198486328,20.746747970581055,22.5698184967041,23.399572372436523,21.85171890258789,19.47718048095703,18.531082153320312
22.119762420654297,21.487804412841797,21.498363494873047,22.418102264404297,23.506778717041016,24.40164566040039,25.18910026550293,25.86292839050293,26.13129234313965,25.967668533325195,25.732603073120117,25.199581146240234,24.28201675415039,23.467649459838867,23.470218658447266,24.859647750854492,27.300674438476562,29.617006301879883,30.923887252807617,31.577478408813477,32.134071350097656,32.34889221191406,31.444669723510742,29.680007934570312,27.600330352783203,25.490970611572266,23.75324058532715,23.02094078063965,23.013315200805664,23.375059127807617,22.731643676757812,21.225034713745117,19.954788208007812,19.102670669555664,20.314817428588867,21.953510284423828,22.256080627441406,21.85982894897461,21.75555419921875,22.083192825317383,21.58048439025879,20.99013328552246,19.453739166259766,19.802522659301758
23.19650650024414,23.228986740112305,22.880395889282227,22.911548614501953,23.304489135742188,23.961341857910156,24.68276023864746,25.26690101623535,25.68995475769043,25.738569259643555,25.564062118530273,25.182992935180664,24.4367733001709,23.77949333190918,24.053752899169922,25.345108032226562,27.389816284179688,29.21064567565918,30.171201705932617,30.861604690551758,31.84724998474121,32.43946838378906,31.869098663330078,30.367469787597656,28.599828720092773,26.870580673217773,25.347801208496094,23.993703842163086,23.263212203979492,23.935646057128906,23.98119354248047,21.869354248046875,19.77930450439453,19.44085121154785,20.284103393554688,21.49515724182129,22.70479965209961,21.963830947875977,22.496402740478516,21.6516170501709,21.134328842163086,20.850852966308594,19.6785831451416,20.8609561920166
23.19041633605957,24.09994125366211,24.195438385009766,23.742090225219727,23.54855728149414,23.78399658203125,24.258155822753906,24.9285945892334,25.731739044189453,26.256662368774414,26.40353012084961,26.297136306762695,25.69202995300293,24.814023971557617,24.661123275756836,25.479032516479492,26.951190948486328,28.159374237060547,28.798734664916992,29.566415786743164,30.8500919342041,31.77312469482422,31.724306106567383,31.14320945739746,30.207841873168945,28.80714225769043,27.172948837280273,25.49879264831543,24.21573257446289,24.206256866455078,24.832561492919922,23.6671142578125,21.0726261138916,20.192426681518555,21.080982208251953,21.94835090637207,22.591083526611328,22.42074966430664,22.208528518676758,22.147687911987305,22.287796020507812,21.028085708618164,20.50105094909668,21.987239837646484
22.730735778808594,23.748682022094727,24.402557373046875,24.463422775268555,24.438095092773438,24.420703887939453,24.467607498168945,25.026649475097656,25.974414825439453,26.772418975830078,27.06106948852539,26.816377639770508,25.966373443603516,24.741147994995117,24.002302169799805,24.39079475402832,25.44851303100586,26.404150009155273,27.172639846801758,28.159412384033203,29.574586868286133,30.846080780029297,31.48101234436035,31.68347930908203,31.392601013183594,30.201427459716797,28.22544288635254,26.08393096923828,24.295839309692383,23.338878631591797,23.92904281616211,24.73322868347168,23.61656951904297,22.112327575683594,22.381786346435547,23.492021560668945,23.51676368713379,22.873126983642578,21.398311614990234,21.910131454467773,22.737943649291992,21.995073318481445,22.079622268676758,22.7305908203125
22.25555419921875,22.94454574584961,23.915307998657227,24.67239761352539,24.9603271484375,24.741872787475586,24.443405151367188,24.675260543823242,25.378530502319336,26.026294708251953,26.117630004882812,25.625802993774414,24.8176326751709,23.860877990722656,23.119476318359375,23.21157455444336,23.93377113342285,24.853778839111328,25.843616485595703,26.968107223510742,28.449758529663086,29.931650161743164,30.910274505615234,31.343008041381836,31.23091697692871,30.1274471282959,27.905126571655273,25.235170364379883,22.985462188720703,21.771709442138672,22.264854431152344,24.0898380279541,25.06269645690918,24.396730422973633,23.941972732543945,24.60943031311035,24.74759292602539,23.567964553833008,21.55521583557129,21.450572967529297,22.812164306640625,23.164756774902344,22.708723068237305,22.0727596282959
21.829906463623047,22.266735076904297,23.148923873901367,23.96487045288086,24.26506233215332,24.125774383544922,23.92322540283203,23.959632873535156,24.24422836303711,24.504240036010742,24.518762588500977,24.34819221496582,24.125520706176758,23.821393966674805,23.48624610900879,23.283334732055664,23.560955047607422,24.28606414794922,25.198001861572266,26.286619186401367,27.609176635742188,28.845792770385742,29.643259048461914,29.975561141967773,29.82567024230957,28.916460037231445,27.009794235229492,24.50304412841797,22.354087829589844,21.19074821472168,21.371274948120117,22.83829689025879,24.494735717773438,25.11351776123047,24.91436004638672,25.0229549407959,25.248912811279297,24.298240661621094,22.575416564941406,21.87873077392578,23.291017532348633,23.82562828063965,22.512895584106445,21.780597686767578
21.280521392822266,21.62535858154297,22.1926326751709,22.66596221923828,22.833616256713867,22.951019287109375,23.141254425048828,23.34732437133789,23.63229751586914,23.834060668945312,24.02886390686035,24.171070098876953,24.128660202026367,24.02503776550293,24.02362632751465,23.891714096069336,23.93141746520996,24.381507873535156,25.082918167114258,25.99411964416504,27.037527084350586,27.971799850463867,28.52410125732422,28.614389419555664,28.323820114135742,27.72690773010254,26.662803649902344,24.997901916503906,23.21552848815918,21.781381607055664,21.229001998901367,21.91490364074707,23.30478286743164,24.34503173828125,24.606473922729492,24.60283088684082,24.928836822509766,24.766143798828125,23.638837814331055,22.722658157348633,23.619102478027344,24.094453811645508,23.08202362060547,22.677387237548828
20.366138458251953,20.743864059448242,21.239614486694336,21.549745559692383,21.667945861816406,21.959753036499023,22.499637603759766,23.056394577026367,23.577781677246094,24.031984329223633,24.357955932617188,24.4155216217041,24.18012237548828,23.986326217651367,24.06368064880371,24.244461059570312,24.38732147216797,24.618928909301758,25.004152297973633,25.74010467529297,26.763957977294922,27.735523223876953,28.172216415405273,27.99104881286621,27.565614700317383,27.235048294067383,26.77234649658203,25.834657669067383,24.46136474609375,22.89107894897461,21.70212745666504,21.682401657104492,22.542470932006836,23.430892944335938,23.831283569335938,23.895845413208008,24.32586669921875,24.81155014038086,24.229724884033203,23.028156280517578,23.228330612182617,24.177330017089844,24.04030990600586,23.287704467773438
19.49759292602539,19.88894271850586,20.524185180664062,21.020992279052734,21.283788681030273,21.65275001525879,22.220701217651367,22.900562286376953,23.658836364746094,24.312429428100586,24.59748077392578,24.61037254333496,24.507545471191406,24.398380279541016,24.511232376098633,24.765670776367188,24.97130584716797,24.925518035888672,24.904253005981445,25.32924461364746,26.351947784423828,27.351728439331055,27.780336380004883,27.727127075195312,27.57256507873535,27.31218147277832,26.792552947998047,25.998743057250977,25.00474739074707,23.913888931274414,22.989782333374023,22.601211547851562,22.8043270111084,23.250947952270508,23.59853744506836,23.76700782775879,24.14064598083496,24.684539794921875,24.226165771484375,22.73416519165039,22.15616798400879,23.202049255371094,23.75335693359375,22.707523345947266
19.365995407104492,19.651887893676758,20.240581512451172,20.947111129760742,21.492721557617188,21.893272399902344,22.353239059448242,22.933000564575195,23.69731903076172,24.44458770751953,24.865633010864258,24.997800827026367,25.132184982299805,25.326156616210938,25.50601577758789,25.679615020751953,25.708236694335938,25.32822036743164,24.885208129882812,24.92389488220215,25.70823097229004,26.614238739013672,27.191913604736328,27.432140350341797,27.562150955200195,27.288511276245117,26.49261474609375,25.626699447631836,24.959646224975586,24.541276931762695,24.367055892944336,24.186582565307617,23.97630500793457,23.96297264099121,24.070201873779297,24.13274574279785,24.261812210083008,24.596961975097656,24.143024444580078,22.430509567260742,20.763023376464844,20.59709358215332,21.214845657348633,21.167438507080078
19.973552703857422,20.167009353637695,20.510650634765625,21.20047950744629,21.96697235107422,22.47229766845703,22.831480026245117,23.402843475341797,24.1374568939209,24.832889556884766,25.2851619720459,25.40964698791504,25.505762100219727,25.811403274536133,26.16905975341797,26.377256393432617,26.248851776123047,25.76955223083496,25.202722549438477,24.945556640625,25.28070640563965,25.980915069580078,26.6080322265625,26.982118606567383,27.113388061523438,26.870214462280273,26.227405548095703,25.431110382080078,24.89322280883789,24.671688079833984,24.75467872619629,24.855867385864258,24.79134750366211,24.789459228515625,24.83326530456543,24.63201141357422,24.346101760864258,24.519458770751953,24.421907424926758,22.811626434326172,20.10739517211914,18.152225494384766,18.0267276763916,19.031160354614258
20.718244552612305,21.124906539916992,21.48014259338379,22.016693115234375,22.7186279296875,23.2928524017334,23.673311233520508,24.16082000732422,24.872228622436523,25.458473205566406,25.635452270507812,25.381576538085938,25.185998916625977,25.437883377075195,25.809762954711914,26.061180114746094,25.999500274658203,25.910133361816406,25.793506622314453,25.6239013671875,25.543495178222656,25.70686149597168,26.1245174407959,26.463003158569336,26.567012786865234,26.46783447265625,26.164295196533203,25.625385284423828,25.05006980895996,24.532041549682617,24.21158218383789,24.23567008972168,24.54800796508789,25.007863998413086,25.299680709838867,25.081989288330078,24.565568923950195,24.522104263305664,24.75446319580078,23.73667335510254,20.988197326660156,18.059431076049805,16.45794677734375,16.766443252563477
21.1634464263916,21.93170928955078,22.60776138305664,23.160215377807617,23.690608978271484,24.173364639282227,24.459211349487305,24.73099708557129,25.226303100585938,25.625699996948242,25.484636306762695,24.950225830078125,24.58167266845703,24.72279930114746,25.030105590820312,25.344860076904297,25.56634521484375,25.953418731689453,26.42451286315918,26.65938949584961,26.39655113220215,25.91317367553711,25.760478973388672,26.00934410095215,26.183124542236328,26.238136291503906,26.3276309967041,26.198495864868164,25.66196060180664,24.74382781982422,23.76153564453125,23.400251388549805,23.869295120239258,24.634662628173828,25.22235107421875,25.273088455200195,24.886625289916992,24.597286224365234,24.689992904663086,24.361831665039062,22.66119956970215,19.80522346496582,16.874557495117188,15.355518341064453
21.19641876220703,22.141761779785156,23.079437255859375,23.778234481811523,24.24667739868164,24.546977996826172,24.64436912536621,24.720932006835938,25.015480041503906,25.283863067626953,25.17401885986328,24.66962432861328,24.229637145996094,24.20340919494629,24.48186492919922,24.966020584106445,25.471271514892578,26.14508628845215,26.87053108215332,27.318479537963867,27.10015106201172,26.438074111938477,25.911806106567383,25.83566665649414,25.769569396972656,25.924392700195312,26.65863800048828,27.085838317871094,26.651025772094727,25.545454025268555,24.125551223754883,23.263349533081055,23.433128356933594,24.074134826660156,24.734363555908203,25.110811233520508,24.980255126953125,24.518123626708984,24.29568862915039,24.234142303466797,23.516660690307617,21.431318283081055,18.26397132873535,15.502641677856445
20.755718231201172,21.712318420410156,22.641597747802734,23.315345764160156,23.73032569885254,24.082042694091797,24.32712745666504,24.441986083984375,24.47899627685547,24.58521270751953,24.690284729003906,24.541051864624023,24.184837341308594,23.891128540039062,23.98307228088379,24.536048889160156,25.30826187133789,25.994192123413086,26.619474411010742,27.084871292114258,27.179601669311523,26.914472579956055,26.551694869995117,26.117416381835938,25.52089500427246,25.619333267211914,26.749088287353516,27.417715072631836,27.177703857421875,26.30388641357422,24.862884521484375,23.598875045776367,23.178945541381836,23.47983741760254,24.100671768188477,24.708240509033203,24.75743293762207,24.188852310180664,23.712818145751953,23.56285285949707,23.050474166870117,21.59807586669922,19.24544334411621,16.682573318481445
