data/wind_data/wind_15_9.json
{"header": {"parameterUnit": "KT", "parameterCategory": 2, "nx": 256, "ny": 198, "lo1": 44.73521041870117, "la1": -3.236724853515625, "lo2": 111.26478576660156, "la2": 43.468475341796875, "dx": 0.2609002888202667, "dy": -0.23708222806453705, "refTime": "2025-02-19 15:00:00", "forecastTime": 0, "parameterNumber": 2, "parameterNumberName": "eastward_wind"}, "data":
[rows 120 to 139 of 198, columns 43 to 85 of 256]
19.967424392700195,21.779460906982422,22.762245178222656,23.19747543334961,22.83719825744629,21.90340232849121,19.272018432617188,13.58557415008545,6.686005592346191,2.193882465362549,0.8521707653999329,1.2253985404968262,3.2126941680908203,6.4369707107543945,8.153204917907715,7.970279693603516,8.342916488647461,8.952433586120605,8.95580005645752,9.825082778930664,12.517107963562012,15.486135482788086,15.462960243225098,9.896181106567383,3.547363758087158,5.155690670013428,12.936412811279297,18.880176544189453,18.749357223510742,15.65221881866455,10.867724418640137,6.779078960418701,4.951718330383301,4.830594539642334,6.513102054595947,8.680374145507812,10.095427513122559,10.479291915893555,9.691737174987793,7.917176723480225,6.6106061935424805,5.65591287612915,4.518956661224365
20.075122833251953,20.96673011779785,21.391380310058594,22.14613914489746,22.138338088989258,21.316377639770508,19.759143829345703,15.912318229675293,9.630375862121582,4.089532852172852,2.0978856086730957,3.170361042022705,5.375500202178955,7.741048812866211,8.498517990112305,8.132294654846191,8.608246803283691,9.19550895690918,9.23620319366455,10.650323867797852,13.62067985534668,15.13941764831543,12.652372360229492,7.212798118591309,5.849315166473389,10.619804382324219,16.465190887451172,17.694597244262695,15.911601066589355,13.768270492553711,10.795445442199707,8.125901222229004,6.84517240524292,5.888194561004639,6.176054954528809,7.529746055603027,8.91109561920166,10.578248977661133,12.117401123046875,11.396742820739746,9.147675514221191,6.832072734832764,6.0274224281311035
20.81955337524414,19.66510009765625,19.000152587890625,20.17989730834961,20.930299758911133,20.480262756347656,19.48732566833496,16.668651580810547,11.400786399841309,6.367358207702637,3.4315528869628906,3.2308082580566406,5.5450053215026855,7.70423698425293,7.442783355712891,6.988863945007324,8.192567825317383,9.064743041992188,9.6725492477417,11.83526611328125,13.143074989318848,11.137373924255371,8.241256713867188,8.439970970153809,12.134429931640625,15.828180313110352,16.57378578186035,14.769373893737793,12.98980712890625,12.044158935546875,11.199984550476074,10.557581901550293,10.068140983581543,8.94393539428711,7.797591686248779,7.545040607452393,8.187203407287598,9.671990394592285,12.081159591674805,13.59254264831543,12.179519653320312,7.825927734375,5.774282455444336
20.212926864624023,19.401084899902344,17.75356674194336,17.84596824645996,17.99614906311035,17.874774932861328,18.208072662353516,17.104093551635742,13.126221656799316,9.387808799743652,7.227705001831055,5.761584281921387,5.242484092712402,4.771982669830322,4.259303569793701,5.845542907714844,8.264670372009277,8.763877868652344,9.40541934967041,11.718878746032715,10.73281478881836,6.869486331939697,6.493229866027832,10.996652603149414,16.27029037475586,17.292409896850586,15.088749885559082,12.757484436035156,11.674659729003906,11.584468841552734,12.231505393981934,13.092424392700195,13.208850860595703,11.82400894165039,9.796890258789062,8.714515686035156,8.75711727142334,9.526044845581055,11.458535194396973,14.511093139648438,15.427107810974121,9.897964477539062,5.298520565032959
16.96710777282715,17.164573669433594,17.016448974609375,17.68135643005371,16.893524169921875,15.240050315856934,14.864904403686523,14.47085189819336,13.122709274291992,12.815999984741211,12.988419532775879,11.04875373840332,6.741299152374268,3.729335069656372,3.993936538696289,6.391845703125,7.6393537521362305,6.761377811431885,8.287105560302734,11.435522079467773,9.9697847366333,6.022167205810547,7.248260498046875,13.331352233886719,18.028831481933594,17.42129898071289,14.826666831970215,13.118680953979492,11.997130393981934,11.130167961120605,11.062541007995605,11.828351974487305,12.369178771972656,11.822773933410645,10.297550201416016,9.232025146484375,9.230916023254395,9.478373527526855,10.73595905303955,14.279057502746582,17.848865509033203,13.20115852355957,5.943359375
13.165013313293457,13.302024841308594,13.89258098602295,15.716232299804688,16.539838790893555,15.429559707641602,13.41934585571289,11.269460678100586,11.569862365722656,14.868768692016602,17.110939025878906,14.154677391052246,8.318679809570312,5.28353214263916,5.551955223083496,6.491756439208984,5.340732574462891,4.260457515716553,7.050351142883301,10.992116928100586,9.766877174377441,6.831202507019043,9.719581604003906,16.03836441040039,19.0135555267334,17.892499923706055,15.914446830749512,13.728288650512695,10.899480819702148,8.57783031463623,8.070433616638184,8.869169235229492,9.927803993225098,10.353144645690918,9.538336753845215,8.6361722946167,9.009397506713867,9.575358390808105,10.209205627441406,12.793069839477539,16.935789108276367,15.003680229187012,9.136125564575195
10.556007385253906,9.206600189208984,9.843306541442871,11.891777038574219,14.071555137634277,15.395621299743652,13.948190689086914,11.839385032653809,13.176589012145996,17.117658615112305,18.355146408081055,14.7570161819458,9.568254470825195,6.654620170593262,6.082046031951904,5.699056148529053,3.894033908843994,3.326338768005371,5.6777119636535645,8.283307075500488,7.297062397003174,6.918022632598877,11.126240730285645,16.820297241210938,18.963550567626953,18.06972885131836,16.025964736938477,13.143430709838867,9.979117393493652,8.244482040405273,7.7520599365234375,7.833343982696533,8.613003730773926,9.22952651977539,8.458292961120605,7.554521083831787,8.663905143737793,10.380661010742188,10.895719528198242,11.253341674804688,12.853289604187012,12.685035705566406,11.118695259094238
11.133866310119629,7.223258018493652,4.920279026031494,6.7285261154174805,9.772056579589844,12.62401008605957,13.0325345993042,13.928777694702148,16.937095642089844,18.9330997467041,17.41846466064453,13.747797966003418,9.895236015319824,7.389155387878418,6.773190975189209,6.625026226043701,5.369816780090332,3.9751739501953125,3.765411853790283,4.090694904327393,4.2208428382873535,6.5052490234375,11.063420295715332,15.35887622833252,17.273910522460938,17.09980583190918,15.624929428100586,13.172884941101074,10.533845901489258,8.8480224609375,8.038052558898926,7.893080234527588,8.767054557800293,9.793289184570312,9.178257942199707,8.023965835571289,8.827811241149902,10.563289642333984,10.732943534851074,9.685955047607422,8.240610122680664,8.840289115905762,8.629256248474121
12.357589721679688,8.78661060333252,2.8444440364837646,0.45937132835388184,2.9230101108551025,5.929936408996582,7.287174224853516,13.31824016571045,18.956764221191406,18.682313919067383,15.41834545135498,11.92249584197998,9.810799598693848,8.996260643005371,8.708971977233887,7.945463180541992,6.649028301239014,5.057638645172119,3.0848145484924316,2.0835282802581787,3.4514713287353516,7.57194709777832,11.647228240966797,13.839807510375977,14.322603225708008,14.023143768310547,13.68355655670166,12.50493335723877,10.294858932495117,8.777094841003418,8.592328071594238,8.9500093460083,9.735992431640625,10.850385665893555,10.71780014038086,9.454553604125977,9.511863708496094,10.596719741821289,10.602141380310059,8.466157913208008,4.0493388175964355,2.580357789993286,2.581113338470459
12.58888053894043,9.043853759765625,3.8174245357513428,-1.438297152519226,-3.2902438640594482,-2.3897769451141357,0.05015292018651962,8.311357498168945,18.376850128173828,17.951377868652344,13.337969779968262,10.429174423217773,10.239850997924805,10.247200012207031,9.816895484924316,8.97325611114502,7.926863193511963,5.885507583618164,2.847480297088623,1.9441264867782593,5.037871360778809,11.392327308654785,14.278985023498535,13.449177742004395,11.482682228088379,10.06001091003418,10.848917961120605,12.032669067382812,10.864075660705566,9.10816764831543,8.604708671569824,9.320490837097168,10.48200798034668,11.815324783325195,12.063274383544922,10.699163436889648,10.036438941955566,10.52639102935791,10.397476196289062,7.774420261383057,2.6508378982543945,-0.5732787847518921,0.8853139281272888
12.282937049865723,7.683351516723633,3.2544193267822266,-0.1667596399784088,-2.8274919986724854,-5.899568557739258,-4.0894317626953125,4.885652542114258,16.25250244140625,17.750526428222656,13.23828411102295,10.068479537963867,9.865110397338867,10.496207237243652,10.852080345153809,10.371086120605469,9.28793716430664,6.579022407531738,2.8479397296905518,2.6377058029174805,7.917750835418701,15.875261306762695,16.84749412536621,12.9159574508667,9.034027099609375,7.726621627807617,9.693891525268555,12.532004356384277,12.253775596618652,9.934090614318848,7.765972137451172,7.500673294067383,9.44265079498291,12.004951477050781,13.140012741088867,12.014604568481445,10.864039421081543,10.494800567626953,9.702662467956543,7.25553560256958,3.102933406829834,-0.27938660979270935,0.4239295721054077
11.95070743560791,7.496804237365723,3.450676202774048,1.3936876058578491,0.3731857240200043,-1.1675500869750977,-0.3887719213962555,5.806790828704834,12.114546775817871,14.440943717956543,13.638039588928223,11.259878158569336,9.555777549743652,9.665285110473633,10.41200065612793,10.622827529907227,10.486647605895996,8.230595588684082,4.383617877960205,4.750777244567871,12.208953857421875,18.891040802001953,17.316566467285156,11.921887397766113,7.843186378479004,7.523962020874023,10.106306076049805,12.737199783325195,12.812897682189941,10.79745864868164,8.022372245788574,6.084070205688477,7.554177761077881,11.308053970336914,13.731395721435547,12.995621681213379,11.675101280212402,11.32009220123291,9.881460189819336,6.883386135101318,3.3610353469848633,-0.8768550157546997,-2.658989429473877
11.319395065307617,8.802668571472168,6.242673397064209,4.30342960357666,3.043243646621704,2.5500259399414062,3.4130399227142334,5.4905924797058105,7.9579243659973145,10.305036544799805,12.07252311706543,11.560653686523438,9.461714744567871,8.546555519104004,8.884995460510254,9.676542282104492,10.618375778198242,9.24449348449707,6.453115940093994,8.171029090881348,16.298233032226562,19.603151321411133,16.144878387451172,11.282320022583008,8.891129493713379,9.401213645935059,10.915033340454102,11.902833938598633,12.019120216369629,11.200010299682617,9.438560485839844,7.078794002532959,6.648792743682861,9.638998031616211,13.126961708068848,13.412947654724121,11.94908332824707,12.00070571899414,11.562337875366211,8.365607261657715,4.083578586578369,-0.45977210998535156,-4.630211353302002
10.2429780960083,9.193249702453613,8.850591659545898,7.381569862365723,5.025993347167969,3.163468599319458,1.9139457941055298,1.7356038093566895,3.631783962249756,7.431354522705078,10.570756912231445,10.824085235595703,9.036310195922852,7.779584884643555,7.812233924865723,8.758374214172363,9.704121589660645,8.70545482635498,7.492690563201904,11.479789733886719,18.431608200073242,18.400287628173828,13.926074981689453,10.523879051208496,9.87588882446289,10.204668998718262,10.256613731384277,10.356611251831055,10.918564796447754,11.413653373718262,10.81009578704834,8.905435562133789,7.40759801864624,8.664146423339844,11.720444679260254,13.08073902130127,12.239471435546875,12.188459396362305,12.980937004089355,11.228272438049316,6.406393051147461,1.0223933458328247,-4.319839954376221
9.631431579589844,8.736931800842285,9.42442512512207,8.942628860473633,6.532802104949951,3.5588021278381348,0.6488215923309326,-0.7729498744010925,0.9198892116546631,4.797537326812744,8.39184856414795,9.574960708618164,8.741860389709473,7.537430763244629,7.047605514526367,7.530588626861572,8.096508979797363,7.368850231170654,7.762968063354492,13.01101303100586,17.822067260742188,15.946389198303223,11.433049201965332,9.35191535949707,9.440929412841797,8.875181198120117,7.584050178527832,7.649823188781738,9.397504806518555,11.205223083496094,11.670726776123047,10.508559226989746,9.083500862121582,9.401479721069336,11.405255317687988,12.850793838500977,12.910778045654297,13.252881050109863,14.377057075500488,13.634259223937988,9.448212623596191,4.046306133270264,-1.5038785934448242
9.437419891357422,8.159106254577637,9.296730995178223,10.028487205505371,8.206843376159668,5.424163818359375,2.8702147006988525,0.37750115990638733,-0.6145169734954834,1.1989129781723022,4.507458209991455,7.360857009887695,8.202112197875977,7.429425239562988,6.5274128913879395,6.266664505004883,6.437389373779297,6.121413230895996,7.902876853942871,12.719135284423828,15.363595008850098,13.462823867797852,10.583659172058105,9.881522178649902,9.498732566833496,7.363271236419678,4.712137699127197,4.590953826904297,6.82752799987793,9.449578285217285,11.16671085357666,11.419774055480957,10.84477710723877,10.940378189086914,11.97850227355957,12.834634780883789,13.283209800720215,14.673514366149902,16.562408447265625,15.949299812316895,11.846094131469727,7.351920127868652,3.0341925621032715
9.832259178161621,8.765073776245117,9.823920249938965,11.069002151489258,9.823302268981934,7.74005651473999,6.270292282104492,3.6345674991607666,0.22972317039966583,-0.8006408214569092,1.308227300643921,4.581183433532715,7.196374893188477,7.9812912940979,7.133509159088135,5.77217435836792,4.941169738769531,5.3812150955200195,8.299964904785156,11.621655464172363,12.475263595581055,11.250612258911133,10.849762916564941,11.214319229125977,10.281990051269531,7.774221897125244,5.442561149597168,4.509847640991211,5.054443836212158,7.049674034118652,9.513079643249512,10.970625877380371,11.394375801086426,11.804509162902832,12.23755168914795,12.382452964782715,12.974798202514648,15.285181999206543,18.121458053588867,18.142431259155273,13.608470916748047,8.767796516418457,6.203118324279785
10.504122734069824,10.153019905090332,10.937020301818848,11.80058765411377,10.85089111328125,9.002737998962402,8.229177474975586,7.1805033683776855,4.136295318603516,1.1417222023010254,0.6939715147018433,3.124979257583618,6.481792449951172,8.570890426635742,7.844523906707764,5.425205707550049,3.8352110385894775,5.032792091369629,8.14795207977295,10.116344451904297,10.142667770385742,10.044462203979492,10.99236011505127,11.660984992980957,11.063363075256348,9.61003589630127,8.406767845153809,7.120719909667969,5.696213245391846,6.164549827575684,8.624642372131348,10.571558952331543,10.95864200592041,10.893056869506836,10.995231628417969,11.174756050109863,12.359176635742188,15.354334831237793,18.57489013671875,19.377023696899414,15.3823823928833,9.45290470123291,6.913172245025635
10.819585800170898,10.854061126708984,11.28552532196045,11.809782981872559,11.192970275878906,9.63158130645752,8.868858337402344,8.805682182312012,7.561984539031982,5.282652854919434,3.8179659843444824,4.174050331115723,6.216699600219727,7.903846263885498,6.980745792388916,4.381913185119629,3.199676275253296,4.8637285232543945,7.114906311035156,8.103407859802246,8.675415992736816,10.194278717041016,11.794400215148926,12.308282852172852,11.980231285095215,11.567010879516602,11.054961204528809,9.581584930419922,7.515563488006592,6.995457649230957,9.116406440734863,11.275564193725586,10.879353523254395,9.098999977111816,8.661520004272461,9.807134628295898,12.100131034851074,15.38456916809082,18.387969970703125,19.44504737854004,17.077932357788086,11.476181030273438,7.377939701080322
10.470754623413086,10.896893501281738,11.0753173828125,11.255467414855957,10.996532440185547,10.157214164733887,9.593400001525879,9.600030899047852,9.241368293762207,8.113161087036133,7.090801239013672,6.683825492858887,6.774240016937256,6.657327175140381,5.249463081359863,3.3403730392456055,3.2876384258270264,4.722798824310303,5.545496940612793,6.005013942718506,7.514200687408447,10.34211540222168,12.912191390991211,13.958752632141113,13.836135864257812,13.270792007446289,12.377578735351562,10.820843696594238,9.028519630432129,8.396608352661133,10.076573371887207,12.265439987182617,11.397309303283691,8.007133483886719,7.105982780456543,9.8030366897583,13.345630645751953,16.23268699645996,17.959871292114258,18.501663208007812,17.577808380126953,13.709010124206543,8.444340705871582
