data/wind_data/wind_17_5.json
{"header": {"parameterUnit": "KT", "parameterCategory": 2, "nx": 256, "ny": 198, "lo1": 44.73521041870117, "la1": -3.236724853515625, "lo2": 111.26478576660156, "la2": 43.468475341796875, "dx": 0.2609002888202667, "dy": -0.23708222806453705, "refTime": "2025-02-19 17:00:00", "forecastTime": 0, "parameterNumber": 2, "parameterNumberName": "eastward_wind"}, "data":
[rows 152 to 170 of 198, columns 44 to 87 of 256]
24.38059425354004,24.475872039794922,24.238616943359375,23.25290298461914,22.75655174255371,22.884206771850586,22.863000869750977,23.42926597595215,24.191484451293945,23.941953659057617,22.894386291503906,22.210369110107422,22.080493927001953,21.65239906311035,20.031204223632812,18.383264541625977,19.19356346130371,19.943517684936523,19.824851989746094,19.429702758789062,19.151508331298828,18.993757247924805,18.535812377929688,17.94234275817871,17.773828506469727,18.237443923950195,18.582138061523438,18.388586044311523,17.719738006591797,16.806203842163086,16.137693405151367,15.54217529296875,14.278274536132812,13.388134956359863,13.201199531555176,13.337531089782715,11.364990234375,6.715442657470703,2.520927906036377,-1.2242584228515625,5.359288692474365,9.822225570678711,8.456711769104004,1.9191285371780396
23.91705894470215,23.532894134521484,22.997283935546875,22.448686599731445,22.103313446044922,22.35787582397461,22.254228591918945,22.468507766723633,22.62094497680664,22.18830680847168,21.51375389099121,21.145536422729492,20.631349563598633,20.045839309692383,18.88233757019043,18.109851837158203,19.970489501953125,20.531652450561523,18.848434448242188,17.2997989654541,16.70693016052246,16.537086486816406,16.223316192626953,15.706459045410156,15.662598609924316,16.34804344177246,16.996950149536133,16.5542049407959,15.351263999938965,14.397063255310059,13.931129455566406,13.465438842773438,12.088591575622559,11.230687141418457,11.387808799743652,10.908259391784668,8.3544340133667,3.529772996902466,-0.18459033966064453,-2.9633285999298096,-3.3885884284973145,6.518640995025635,9.192967414855957,4.163973331451416
23.527843475341797,22.93291473388672,22.379724502563477,22.152299880981445,22.202987670898438,21.83429718017578,21.59056854248047,21.505674362182617,21.483112335205078,21.388935089111328,21.082231521606445,20.43379020690918,19.411209106445312,19.1285400390625,19.127086639404297,19.749767303466797,21.16609764099121,19.757719039916992,16.61163330078125,15.053359985351562,14.961155891418457,15.025588035583496,14.747941017150879,14.291171073913574,14.405486106872559,14.854971885681152,14.749689102172852,13.293940544128418,11.65641975402832,11.049032211303711,11.32014274597168,11.28467845916748,10.287710189819336,9.542223930358887,9.968734741210938,9.616909980773926,6.812541961669922,2.5254933834075928,-0.3880065679550171,-2.863830327987671,-7.245227336883545,-0.678082287311554,6.476235389709473,3.8759615421295166
23.144439697265625,22.409223556518555,21.954898834228516,21.775230407714844,22.004737854003906,21.758087158203125,21.376569747924805,21.430612564086914,21.481950759887695,21.282299041748047,20.84354019165039,19.951417922973633,19.333187103271484,19.633338928222656,20.25434684753418,20.865867614746094,20.437984466552734,17.522239685058594,14.64193058013916,13.734944343566895,13.745747566223145,13.513457298278809,12.981172561645508,12.561963081359863,12.578729629516602,12.328158378601074,11.127498626708984,9.2965669631958,8.313191413879395,8.302155494689941,9.235008239746094,9.826706886291504,9.458999633789062,8.64783763885498,8.162869453430176,8.376973152160645,6.229349136352539,2.495814561843872,-0.020179487764835358,-3.8566887378692627,-10.351932525634766,-5.327679634094238,6.023128986358643,4.061706066131592
22.48078155517578,21.91904067993164,21.772907257080078,21.850305557250977,21.963672637939453,21.958877563476562,21.78345489501953,21.887378692626953,21.95492935180664,21.78767967224121,21.40422248840332,20.69854736328125,20.213193893432617,20.339872360229492,20.630064010620117,20.260908126831055,18.43598747253418,15.483254432678223,13.72635269165039,13.172124862670898,12.776450157165527,12.035077095031738,11.169849395751953,10.83679485321045,10.941222190856934,10.532386779785156,9.170183181762695,7.759916305541992,7.377720355987549,7.6389570236206055,8.251349449157715,9.149715423583984,9.356245994567871,8.490489959716797,7.238882541656494,7.185153484344482,6.013721466064453,2.848806381225586,0.4881197214126587,-2.534816265106201,-8.038399696350098,-9.219162940979004,2.8504743576049805,1.8907806873321533
21.50286293029785,21.459653854370117,21.84678077697754,22.12837791442871,22.32278823852539,22.349016189575195,22.1613826751709,22.220111846923828,22.51779556274414,22.788768768310547,22.680408477783203,21.645240783691406,20.50775146484375,20.242996215820312,20.067169189453125,18.92459487915039,16.707447052001953,14.568328857421875,13.5347318649292,12.57786750793457,11.58984661102295,10.737472534179688,9.97238826751709,9.766334533691406,9.950593948364258,9.619301795959473,8.412141799926758,7.068314075469971,6.996932506561279,7.2660417556762695,7.184100151062012,7.787291049957275,8.575584411621094,8.396718978881836,7.06866455078125,6.367697238922119,5.677229404449463,3.1253271102905273,0.29317325353622437,-1.8939391374588013,-3.8584299087524414,-10.555550575256348,-5.44071626663208,-2.7459819316864014
20.749465942382812,20.962299346923828,21.50387191772461,22.047039031982422,22.50651741027832,22.689603805541992,22.571136474609375,22.57015037536621,22.918785095214844,23.17633628845215,22.588891983032227,20.86317253112793,19.677127838134766,19.535320281982422,18.941743850708008,17.570749282836914,15.745195388793945,14.178352355957031,12.958701133728027,11.388216972351074,10.156347274780273,9.46337604522705,9.189179420471191,9.090118408203125,9.103521347045898,8.72657585144043,7.709728717803955,6.2828192710876465,6.277010440826416,6.72163200378418,6.648399353027344,7.046237468719482,8.001226425170898,8.352359771728516,7.122503280639648,6.19912576675415,5.887064456939697,3.5132784843444824,0.4224094748497009,-0.16952821612358093,0.15540964901447296,-8.679094314575195,-10.981058120727539,-7.781149387359619
20.316177368164062,20.661540985107422,21.25418472290039,21.77229118347168,22.302318572998047,22.607385635375977,22.461143493652344,22.382123947143555,22.490842819213867,22.10550308227539,21.046022415161133,19.346450805664062,18.50859832763672,18.25459098815918,17.31613540649414,15.99416732788086,14.410286903381348,12.779562950134277,11.426572799682617,9.99772834777832,8.880021095275879,8.369196891784668,8.430418014526367,8.520371437072754,8.48135757446289,8.14184856414795,7.262014389038086,6.146078109741211,5.858258247375488,6.4141387939453125,6.506683826446533,6.6104912757873535,7.37197732925415,8.179710388183594,7.58986234664917,6.911037921905518,6.566806316375732,3.58648943901062,1.4798095226287842,4.069199085235596,5.928238868713379,-2.97951340675354,-8.836860656738281,-8.893131256103516
20.507261276245117,20.9703426361084,21.471534729003906,21.702808380126953,21.793596267700195,21.760570526123047,21.669700622558594,21.844966888427734,21.83774757385254,20.77865982055664,19.439285278320312,18.606557846069336,17.943471908569336,17.227933883666992,15.671711921691895,14.074559211730957,12.528051376342773,11.094892501831055,9.933351516723633,8.75242805480957,7.839624404907227,7.540286064147949,7.77573823928833,8.065631866455078,8.146655082702637,8.05799388885498,7.500113010406494,6.815306663513184,6.181064128875732,6.378509998321533,6.729732990264893,6.684385299682617,6.720274448394775,7.522071838378906,7.669256687164307,7.658716201782227,8.130463600158691,5.810593128204346,2.873439311981201,4.287046909332275,8.831454277038574,2.880587339401245,-4.767101764678955,-7.978114604949951
20.62262725830078,21.462608337402344,22.04151725769043,22.10655403137207,21.88663101196289,21.583789825439453,21.461782455444336,21.585559844970703,21.440271377563477,20.421865463256836,19.52838134765625,19.24484634399414,18.102357864379883,16.62065315246582,14.679461479187012,12.891133308410645,11.546868324279785,10.205475807189941,8.890281677246094,7.785675525665283,7.07504415512085,7.007569789886475,7.442106246948242,7.821614742279053,8.0195951461792,8.179925918579102,8.090665817260742,7.829368591308594,7.215815544128418,6.71714448928833,6.8808159828186035,6.94502592086792,6.732215404510498,6.908924102783203,7.393904209136963,8.065549850463867,9.265395164489746,8.54816722869873,8.19554328918457,6.30093240737915,8.911423683166504,6.399729251861572,-1.5689349174499512,-7.540059566497803
21.58892250061035,22.400848388671875,22.578428268432617,22.476093292236328,22.079126358032227,21.675277709960938,21.48651885986328,21.39954948425293,21.101478576660156,20.510753631591797,19.944990158081055,19.156614303588867,17.63389015197754,16.12700080871582,14.507533073425293,13.010685920715332,11.16979694366455,9.410036087036133,8.11862564086914,7.1049275398254395,6.532700538635254,6.643528938293457,7.230060577392578,7.676740646362305,8.002166748046875,8.364638328552246,8.523005485534668,8.494300842285156,8.308942794799805,7.719047546386719,7.127190113067627,7.039493560791016,7.124143600463867,6.937118053436279,7.2694091796875,8.30315113067627,9.508340835571289,8.783711433410645,8.609333992004395,7.445363998413086,9.55210018157959,10.371960639953613,3.1587300300598145,-6.004288196563721
21.93597984313965,22.600534439086914,22.504179000854492,22.136194229125977,21.7652530670166,21.40718650817871,21.05101203918457,20.916950225830078,20.909996032714844,20.428802490234375,19.281888961791992,18.26119041442871,17.19584083557129,16.259597778320312,15.355488777160645,13.638568878173828,10.843220710754395,8.611187934875488,7.252908706665039,6.429846286773682,6.128854751586914,6.364658355712891,6.959421634674072,7.44596004486084,7.881337642669678,8.501628875732422,8.881044387817383,8.983633995056152,9.040206909179688,8.899888038635254,8.110224723815918,7.3968095779418945,7.495845794677734,7.5396833419799805,7.369865894317627,8.189784049987793,9.153202056884766,8.931217193603516,8.71397590637207,8.483026504516602,9.485301971435547,12.490524291992188,9.940251350402832,1.415831446647644
22.23186492919922,22.420795440673828,22.08533477783203,21.753232955932617,21.59952735900879,21.28931999206543,20.83563804626465,20.59273910522461,20.57317543029785,19.774185180664062,18.87769889831543,18.22637367248535,17.34355926513672,16.63018226623535,15.753726959228516,13.417506217956543,10.581732749938965,8.194679260253906,6.528990268707275,5.802553653717041,5.820220470428467,6.101727485656738,6.52195405960083,7.0297770500183105,7.576976776123047,8.368779182434082,9.031262397766113,9.294764518737793,9.548530578613281,9.745054244995117,9.395135879516602,8.480647087097168,7.9456400871276855,8.108892440795898,8.02682113647461,8.313652992248535,9.252439498901367,9.362737655639648,9.1089506149292,9.176513671875,10.376016616821289,10.976849555969238,13.405919075012207,8.05540943145752
21.802614212036133,22.238008499145508,22.17792510986328,21.84653663635254,21.51692771911621,21.184417724609375,20.787715911865234,20.52118682861328,20.17300033569336,19.493127822875977,19.230911254882812,18.56386947631836,16.868595123291016,15.17710018157959,13.857661247253418,12.31263542175293,10.399703025817871,8.162469863891602,6.297080993652344,5.50873327255249,5.574814796447754,5.7169036865234375,5.829734802246094,6.334665775299072,7.124969482421875,7.9951863288879395,8.808195114135742,9.308140754699707,9.676971435546875,10.072844505310059,10.207143783569336,9.818446159362793,9.054622650146484,8.606459617614746,8.698990821838379,8.850085258483887,9.424330711364746,9.681440353393555,9.86774730682373,9.863007545471191,10.989534378051758,11.12492847442627,12.1782808303833,11.055912971496582
20.54437828063965,21.604860305786133,22.074222564697266,21.864734649658203,21.39892578125,20.885099411010742,20.460256576538086,20.334829330444336,19.958070755004883,19.5163631439209,18.847702026367188,17.0800724029541,14.5260648727417,12.5576171875,12.026264190673828,11.688691139221191,10.430767059326172,8.404973030090332,6.504513740539551,5.6630988121032715,5.470664024353027,5.2353363037109375,5.030489921569824,5.427525520324707,6.387884140014648,7.398083686828613,8.27324390411377,9.003105163574219,9.584147453308105,9.953408241271973,10.24466609954834,10.498358726501465,10.409186363220215,9.742387771606445,9.16701889038086,9.163244247436523,9.603971481323242,9.96135425567627,10.442350387573242,10.835299491882324,11.371461868286133,11.8590669631958,11.174777030944824,11.873738288879395
19.67888641357422,21.02276611328125,21.52202606201172,21.188369750976562,20.57118797302246,20.082265853881836,20.26260757446289,20.411130905151367,19.959989547729492,19.167505264282227,17.728723526000977,15.415268898010254,13.168244361877441,11.845221519470215,12.084534645080566,12.096779823303223,10.91353702545166,8.94263744354248,7.022378921508789,6.140467166900635,5.548835754394531,4.803593635559082,4.385883331298828,4.593809604644775,5.436100959777832,6.56806755065918,7.559429168701172,8.372450828552246,9.111186027526855,9.664054870605469,10.068632125854492,10.50340461730957,10.957720756530762,10.867703437805176,10.03286075592041,9.44764518737793,9.48692512512207,9.833563804626465,10.548617362976074,11.10690689086914,11.406679153442383,11.808401107788086,11.191388130187988,11.283418655395508
19.335134506225586,20.076705932617188,20.38047981262207,20.267423629760742,19.98471450805664,20.099884033203125,20.42823600769043,19.862335205078125,19.167011260986328,18.398311614990234,16.604206085205078,14.75834846496582,13.240135192871094,12.441941261291504,12.672242164611816,12.41358470916748,11.243837356567383,9.43942642211914,7.586673736572266,6.776475429534912,5.949041366577148,4.677881717681885,3.989497184753418,4.020365238189697,4.579986095428467,5.612307548522949,6.705524921417236,7.589151382446289,8.349292755126953,9.073543548583984,9.801898956298828,10.420140266418457,10.839906692504883,11.037491798400879,10.631879806518555,9.930463790893555,9.582297325134277,9.486167907714844,10.18623161315918,11.023280143737793,11.473377227783203,11.5772123336792,11.001535415649414,11.328635215759277
19.410219192504883,20.073179244995117,20.20621109008789,19.913454055786133,19.91495132446289,20.23243522644043,19.57324981689453,18.601924896240234,18.084983825683594,17.2464542388916,15.946137428283691,14.779646873474121,13.501426696777344,12.745221138000488,12.7140474319458,12.232864379882812,11.179713249206543,9.70370101928711,8.118671417236328,7.39747953414917,6.626152515411377,5.08193302154541,3.9147894382476807,3.6541507244110107,4.022756576538086,4.83776330947876,5.881589412689209,6.782594203948975,7.519881725311279,8.390054702758789,9.331908226013184,10.0425443649292,10.406515121459961,10.534843444824219,10.433553695678711,9.827587127685547,9.514362335205078,9.559819221496582,9.819449424743652,10.926712989807129,11.630341529846191,11.577725410461426,11.181352615356445,11.189176559448242
19.698551177978516,20.39361572265625,20.501115798950195,20.064146041870117,19.71554946899414,19.115062713623047,18.075820922851562,17.589305877685547,17.294523239135742,16.599105834960938,15.833847999572754,14.947471618652344,13.539700508117676,12.817764282226562,12.720454216003418,12.014290809631348,10.98536205291748,9.863334655761719,8.697216033935547,8.068937301635742,7.414924621582031,5.864290714263916,4.250856876373291,3.5515613555908203,3.7484188079833984,4.421064853668213,5.350132465362549,6.239014148712158,6.874818801879883,7.680934429168701,8.754820823669434,9.495033264160156,9.699522018432617,9.660552978515625,9.762770652770996,9.224894523620605,8.821603775024414,9.573409080505371,9.691573143005371,10.671748161315918,11.777435302734375,11.776812553405762,11.780296325683594,11.023727416992188
