data/wind_data/wind_9_0.json
{"header": {"parameterUnit": "KT", "parameterCategory": 2, "nx": 255, "ny": 198, "lo1": 44.73521041870117, "la1": -3.236724853515625, "lo2": 111.26478576660156, "la2": 43.468475341796875, "dx": 0.26192745566368103, "dy": -0.23708222806453705, "refTime": "2025-02-19 09:00:00", "forecastTime": 0, "parameterNumber": 2, "parameterNumberName": "eastward_wind"}, "data":
[rows 133 to 151 of 198, columns 86 to 128 of 255]
3.6262893676757812,-0.1287345290184021,-0.4494784474372864,6.916079044342041,14.171319007873535,13.322042465209961,7.546576976776123,2.474099636077881,0.31680914759635925,0.4508582353591919,-0.12577947974205017,-2.5865023136138916,-4.456731796264648,-3.345672369003296,-3.1550559997558594,0.5454068779945374,9.362653732299805,14.393230438232422,12.15152359008789,9.607232093811035,8.633160591125488,6.614964485168457,4.52770471572876,3.1367249488830566,3.6058030128479004,4.2380805015563965,3.5195767879486084,3.313154935836792,3.983485698699951,4.437204360961914,5.251674652099609,5.030628681182861,4.779086112976074,5.105799198150635,4.990431308746338,5.0007524490356445,4.894342422485352,4.039912700653076,4.0620551109313965,2.5966827869415283,2.532559394836426,3.625096559524536,3.642033100128174
3.4031975269317627,-1.7870250940322876,1.7377077341079712,9.57553482055664,12.483480453491211,9.276143074035645,7.142866134643555,5.565966606140137,3.9112448692321777,2.8824520111083984,0.8871656060218811,-3.962002754211426,-6.6580610275268555,-3.6143269538879395,-3.110262155532837,1.4856014251708984,9.80131721496582,14.076549530029297,12.54099178314209,10.220030784606934,8.893506050109863,6.726794242858887,4.561460494995117,3.410892963409424,3.33707332611084,2.3942785263061523,3.338791608810425,4.063064098358154,4.047346115112305,4.554053783416748,5.012879371643066,4.6844868659973145,4.633853912353516,5.360887050628662,5.264349460601807,4.9123311042785645,4.245589733123779,3.503486394882202,2.065702438354492,1.0326154232025146,2.643129825592041,3.8673367500305176,5.036874294281006
5.144425868988037,3.1849894523620605,6.934465408325195,9.919876098632812,8.496249198913574,5.8339738845825195,6.105229377746582,5.937094211578369,4.618347644805908,2.3926172256469727,-0.951479971408844,-5.670577526092529,-7.475992679595947,-3.261559009552002,0.04914291948080063,4.451791286468506,10.784372329711914,12.767389297485352,12.018609046936035,10.569487571716309,7.908282279968262,5.5338287353515625,3.8423168659210205,3.6148569583892822,2.0250675678253174,2.3372743129730225,4.567458152770996,4.495990753173828,4.173852920532227,4.230766296386719,4.839493274688721,4.883871555328369,5.244589805603027,5.770104885101318,5.554014682769775,4.453636169433594,3.658754825592041,2.9360053539276123,1.8178845643997192,2.1178524494171143,3.4395573139190674,3.9591052532196045,5.239218711853027
8.187288284301758,8.686714172363281,11.607518196105957,9.802260398864746,5.740525722503662,3.8815672397613525,5.742426872253418,7.432898044586182,5.027568817138672,0.8043678402900696,-3.358537197113037,-7.555151462554932,-6.959456443786621,-2.076016426086426,2.0302464962005615,6.151115417480469,11.087084770202637,13.255035400390625,12.51895523071289,10.846672058105469,6.940123081207275,4.419036865234375,2.381474256515503,2.787184476852417,1.883182406425476,2.222687005996704,3.618781328201294,2.6548192501068115,3.4133925437927246,3.7442896366119385,4.7162885665893555,5.122544288635254,5.845860004425049,5.9878692626953125,5.410604000091553,4.582695484161377,3.870619297027588,3.677686929702759,4.472726345062256,3.093229055404663,1.8588364124298096,1.9625457525253296,1.7745851278305054
11.806644439697266,9.81463623046875,10.633478164672852,7.857041835784912,3.084650754928589,1.675403118133545,3.595160484313965,7.532211780548096,9.210564613342285,3.87418794631958,-4.7558674812316895,-9.248647689819336,-6.134541034698486,-1.3744617700576782,2.528656244277954,7.113639831542969,11.470952987670898,13.382346153259277,12.478232383728027,9.478958129882812,5.7669267654418945,3.1052467823028564,1.8145811557769775,0.6566107869148254,1.3134362697601318,2.23600435256958,1.7965093851089478,1.2636114358901978,2.6181254386901855,4.61897087097168,4.721541881561279,4.819930076599121,5.702523231506348,5.617580890655518,5.6958327293396,4.734046936035156,4.359676361083984,5.442550182342529,7.2495317459106445,7.024588584899902,1.9027003049850464,1.3405430316925049,1.1049940586090088
14.450325965881348,10.287233352661133,8.21010684967041,4.830525875091553,1.0016566514968872,0.6145844459533691,2.4462924003601074,4.079441070556641,8.868308067321777,7.832144260406494,-3.716015338897705,-9.179239273071289,-4.23766565322876,0.38347139954566956,3.169416904449463,7.334665298461914,11.530888557434082,13.038119316101074,11.474234580993652,7.371613502502441,3.344228506088257,1.997137427330017,-0.07076402753591537,-0.3128878176212311,1.668033480644226,1.5285406112670898,0.9606896638870239,1.9965574741363525,3.2302517890930176,4.681695461273193,4.375964164733887,3.167036533355713,5.669329643249512,6.787454128265381,6.303056240081787,4.719532012939453,4.982056617736816,7.468220233917236,10.040329933166504,9.215381622314453,5.775290012359619,4.811006546020508,4.443496227264404
12.348464965820312,12.809113502502441,9.808363914489746,4.580018043518066,2.4342756271362305,3.350259304046631,2.8110480308532715,0.9867827892303467,3.304539680480957,4.404765605926514,-3.9506161212921143,-6.681227684020996,-0.07862865924835205,4.31400203704834,5.2696452140808105,7.090607643127441,10.956756591796875,11.022492408752441,8.555097579956055,3.8646156787872314,1.649971842765808,-0.6606333255767822,-1.1899712085723877,0.6325135231018066,1.562208652496338,2.497170925140381,0.1552998423576355,3.349576234817505,5.399045944213867,5.224205017089844,4.9698052406311035,3.980872392654419,4.989577770233154,5.881008625030518,5.715893268585205,5.134677410125732,5.6714630126953125,8.590359687805176,10.164071083068848,8.279705047607422,7.306028366088867,6.7550787925720215,7.185434818267822
12.007479667663574,12.376744270324707,12.689654350280762,8.335944175720215,4.255071640014648,3.0802817344665527,0.8045534491539001,-1.6041069030761719,-0.6128123998641968,-1.6424962282180786,-6.269189357757568,-2.935600996017456,5.124759674072266,8.698585510253906,7.328758716583252,6.566906929016113,8.255684852600098,7.896682262420654,4.782191753387451,2.510902166366577,-0.1727740317583084,-0.7931901216506958,0.29734566807746887,0.7954598665237427,1.801146388053894,2.5181448459625244,3.1260807514190674,3.4803738594055176,5.789839744567871,6.466527462005615,4.617464542388916,4.041687488555908,4.344829082489014,4.769054412841797,4.955911159515381,4.800076484680176,4.121706485748291,7.753350734710693,8.38682746887207,3.253910779953003,4.097311019897461,5.855561256408691,6.90040397644043
5.309719085693359,5.894512176513672,10.353036880493164,10.429886817932129,4.0322442054748535,-0.9012857675552368,-3.923245429992676,-5.1802077293396,-5.010712146759033,-5.822490215301514,-4.162800312042236,2.5991737842559814,10.291810989379883,12.696215629577637,8.27336311340332,5.328863143920898,5.672980308532715,5.16033935546875,3.4824087619781494,0.7280049920082092,-0.7292219996452332,-0.46432629227638245,0.6573647856712341,1.2612385749816895,2.0046164989471436,3.5908725261688232,3.7740254402160645,4.860101699829102,4.125801086425781,3.9969429969787598,5.665651321411133,4.712353706359863,3.881293535232544,3.9198451042175293,3.4507639408111572,3.557413339614868,4.821386814117432,4.584771633148193,1.393693208694458,-0.31937623023986816,4.773311138153076,9.408588409423828,7.730719566345215
-2.386430263519287,-1.5276036262512207,4.402195930480957,10.736100196838379,4.5611701011657715,-5.310903072357178,-9.51502799987793,-9.111124038696289,-7.472912311553955,-7.086424350738525,-2.2139508724212646,7.365053653717041,15.232109069824219,15.881577491760254,8.359452247619629,3.0030405521392822,2.5273923873901367,2.3767361640930176,2.269468069076538,-0.2887682616710663,-1.5054377317428589,0.24585506319999695,1.148452639579773,2.1735589504241943,2.804903984069824,3.4185562133789062,2.562671661376953,4.6626081466674805,4.879648208618164,4.7304840087890625,4.338259696960449,2.8948965072631836,4.094071865081787,4.38736629486084,2.666600227355957,-0.09576056897640228,-1.4746296405792236,-2.279597043991089,-1.5742886066436768,0.09611385315656662,7.5817437171936035,9.657801628112793,3.3193204402923584
-3.9090733528137207,-2.3389134407043457,-0.7078302502632141,6.508922576904297,5.31855583190918,-8.214348793029785,-14.06179428100586,-10.745524406433105,-8.205909729003906,-7.449244499206543,-0.8089867234230042,11.339698791503906,18.701465606689453,13.391613006591797,3.773426055908203,-0.2075883150100708,-0.26613399386405945,-0.4227708578109741,-0.7847595810890198,-2.2548208236694336,-0.8132073879241943,0.8079288005828857,0.4003591537475586,1.4551341533660889,1.6789878606796265,2.9953932762145996,2.4615485668182373,4.750123977661133,5.724685192108154,4.917298793792725,4.2553629875183105,2.3453762531280518,2.8578689098358154,4.774213790893555,4.64201021194458,0.21738384664058685,-2.8909904956817627,-4.132891654968262,-2.2354280948638916,2.2409322261810303,10.514934539794922,12.825102806091309,7.950400352478027
-3.6433541774749756,-2.648131847381592,-2.586416006088257,2.1891841888427734,3.8917198181152344,-7.749105930328369,-14.399943351745605,-10.358070373535156,-8.129182815551758,-6.068253517150879,0.27384045720100403,11.164904594421387,13.176151275634766,5.14550256729126,-0.2516050636768341,-2.5913214683532715,-2.374866485595703,-2.0321168899536133,-2.320233106613159,-2.2067084312438965,-0.7787740230560303,1.0477826595306396,-0.6096476316452026,-1.151017665863037,0.7759029865264893,2.1290829181671143,3.2462284564971924,4.252074241638184,5.742641925811768,4.506077289581299,3.316035509109497,4.029412746429443,3.436964750289917,4.212314605712891,4.67840051651001,2.8155272006988525,1.1873531341552734,-1.1989459991455078,-0.7716718316078186,4.57896614074707,11.377300262451172,14.884265899658203,14.336587905883789
-4.041067123413086,-3.9599592685699463,-3.980022430419922,-1.223196268081665,2.2999794483184814,-5.454276084899902,-12.703972816467285,-9.704961776733398,-6.7055277824401855,-4.578930377960205,-0.5803655385971069,6.310962677001953,4.796064853668213,0.48456254601478577,-0.8212831616401672,-3.576817512512207,-4.067755699157715,-3.318265199661255,-2.029259204864502,-1.170791506767273,-0.4795556664466858,0.3956018090248108,-0.6319785714149475,-0.9755582809448242,0.6278184652328491,1.5122294425964355,2.8222289085388184,4.078917980194092,4.43411111831665,3.7602720260620117,5.298200607299805,7.516403675079346,4.810196876525879,2.699688196182251,2.422560214996338,3.9550082683563232,6.961355209350586,5.157776832580566,5.172875881195068,8.866230010986328,12.326621055603027,14.35033893585205,15.45346736907959
-5.017910957336426,-3.64888334274292,-3.3287763595581055,-2.202000141143799,2.415977716445923,0.4888223707675934,-7.993680953979492,-10.655766487121582,-8.903229713439941,-6.818355083465576,-4.575973987579346,-1.1830488443374634,0.10225925594568253,1.5094484090805054,-0.8694562315940857,-5.079630374908447,-4.6285929679870605,-3.212575674057007,-1.283160924911499,-0.2786370515823364,-0.3951044976711273,0.10915438830852509,0.7292112112045288,0.4796488583087921,-0.14059759676456451,2.384457588195801,3.9045825004577637,3.2766213417053223,3.567479133605957,4.791114807128906,7.939026832580566,10.700590133666992,7.737638473510742,2.1772730350494385,0.9455704689025879,3.504953622817993,7.341639518737793,9.097697257995605,11.15223217010498,11.909366607666016,11.404335975646973,14.60468578338623,17.64928436279297
-6.340860843658447,-3.3305153846740723,-0.49795952439308167,-0.33634480834007263,-0.1280553638935089,1.9116195440292358,-4.294610500335693,-11.52527904510498,-11.106616973876953,-11.299749374389648,-9.089107513427734,-6.387962818145752,-2.5834238529205322,0.5696752667427063,-1.7672713994979858,-3.9676408767700195,-2.8723249435424805,-1.8670704364776611,-0.4401232898235321,0.07683826237916946,0.04512224346399307,0.2943226397037506,1.3566378355026245,2.2863597869873047,1.2991151809692383,3.403569221496582,4.7137322425842285,3.3646514415740967,4.2334465980529785,6.471999168395996,9.36078929901123,10.44676399230957,5.81096887588501,0.821864902973175,1.1735256910324097,3.734610080718994,7.945763111114502,11.577629089355469,13.368593215942383,12.493053436279297,11.521127700805664,13.32140064239502,16.176267623901367
-4.343367576599121,-2.9809818267822266,-1.6242506504058838,-0.7360908389091492,-0.728135883808136,0.6407476663589478,-5.076882839202881,-14.04199504852295,-15.127684593200684,-13.212908744812012,-10.595438957214355,-8.507901191711426,-4.7845563888549805,-0.1766284704208374,-1.822341799736023,-3.646242141723633,-0.9512879252433777,-0.0905071496963501,0.3096294403076172,0.2157709300518036,0.8766615390777588,0.718759298324585,1.6302216053009033,2.9813640117645264,2.1964170932769775,4.125087738037109,5.239839553833008,5.366703033447266,6.36228609085083,6.963294982910156,6.986943244934082,3.188150405883789,-1.2509793043136597,-1.2337183952331543,1.5480247735977173,6.410297393798828,11.126485824584961,12.206342697143555,12.18794059753418,13.518253326416016,13.862068176269531,13.711509704589844,14.81165885925293
-4.632073402404785,-4.51420783996582,-5.006332874298096,-3.379647970199585,-0.866464376449585,-2.376107931137085,-4.181164264678955,-7.348417282104492,-11.137046813964844,-10.544611930847168,-8.828116416931152,-5.761981964111328,-1.4424954652786255,1.6693472862243652,-1.0542339086532593,-3.057072401046753,-0.668986976146698,1.4197560548782349,1.7685679197311401,1.288888692855835,1.777374029159546,1.2680468559265137,2.412748098373413,2.948133707046509,2.2661941051483154,3.663249969482422,4.668696880340576,8.102544784545898,6.863748550415039,1.9695448875427246,1.4530826807022095,-1.6145069599151611,-4.35313081741333,-2.2297255992889404,2.5106191635131836,9.870736122131348,12.830561637878418,11.625535011291504,11.648449897766113,12.118988990783691,10.55742359161377,10.27680778503418,14.105452537536621
-3.689840078353882,-6.6315693855285645,-9.776270866394043,-7.93953275680542,-1.3253480195999146,1.320174217224121,-1.9631468057632446,-5.05730676651001,-8.931812286376953,-9.205735206604004,-5.999598503112793,-2.0576958656311035,1.276749610900879,0.15280786156654358,-0.7077387571334839,-0.8668485879898071,0.5224101543426514,3.209071159362793,3.812007188796997,3.8399853706359863,3.2525432109832764,3.19968843460083,3.4251320362091064,1.5382319688796997,1.297857403755188,2.572709798812866,6.275505542755127,8.301506996154785,0.28313928842544556,-4.07152795791626,-1.25766122341156,-2.3764984607696533,-3.420942544937134,-1.9484561681747437,3.9166557788848877,11.134296417236328,11.494033813476562,3.65518856048584,-2.593733072280884,-2.2585651874542236,-1.1796443462371826,4.253684997558594,12.661505699157715
-3.5490429401397705,-7.892372131347656,-9.835700988769531,-7.983258247375488,-3.953263998031616,0.5251243114471436,-0.7500156164169312,-2.283886194229126,-5.903408050537109,-9.312460899353027,-5.197280406951904,-2.015169858932495,-0.01963088847696781,2.3926868438720703,4.00766134262085,3.405928134918213,3.125917673110962,3.8605875968933105,4.543094158172607,5.048000335693359,4.276823997497559,4.4597859382629395,5.619373798370361,1.9997385740280151,-0.0738711729645729,2.446981191635132,3.5533344745635986,0.7270633578300476,-3.250528335571289,-3.8349523544311523,-2.5585148334503174,-1.3395702838897705,0.1343882828950882,2.716834783554077,6.074831962585449,10.137045860290527,4.552145004272461,-6.1089677810668945,-8.902884483337402,-9.196999549865723,-6.226464748382568,1.9447420835494995,8.858735084533691
