data/wind_data/wind_49_0.json
{"header": {"parameterUnit": "KT", "parameterCategory": 2, "nx": 255, "ny": 198, "lo1": 44.73521041870117, "la1": -3.236724853515625, "lo2": 111.26478576660156, "la2": 43.468475341796875, "dx": 0.26192745566368103, "dy": -0.23708222806453705, "refTime": "2025-02-21 01:00:00", "forecastTime": 0, "parameterNumber": 3, "parameterNumberName": "northward_wind"}, "data":
[rows 152 to 170 of 198, columns 43 to 85 of 255]
8.325020790100098,13.663707733154297,14.621082305908203,9.593408584594727,2.8165035247802734,3.156384229660034,9.765878677368164,14.639111518859863,15.029808044433594,18.08602523803711,14.810246467590332,7.6411614418029785,4.7311930656433105,3.9403727054595947,2.0882253646850586,-0.9167813062667847,-2.2028121948242188,-0.6904034614562988,2.3217062950134277,4.693967819213867,5.8318772315979,7.204953670501709,6.363162994384766,4.719106197357178,6.696582794189453,12.16283130645752,11.126727104187012,8.183130264282227,7.092023849487305,6.138652801513672,4.77316951751709,4.720853328704834,5.5819315910339355,8.249423027038574,8.639792442321777,8.376651763916016,7.00430154800415,5.736724376678467,0.9882116913795471,-4.480017185211182,-4.790703296661377,-3.8934781551361084,-5.731457233428955
2.297501564025879,3.6660428047180176,3.704568862915039,2.9605281352996826,0.7896494269371033,-1.493264079093933,0.04482734575867653,7.392963409423828,9.901308059692383,9.49866008758545,4.4237380027771,0.7641680836677551,2.3313241004943848,2.7100393772125244,1.9939368963241577,-0.270740807056427,0.26139724254608154,3.389392614364624,4.3507795333862305,3.562326669692993,3.905830144882202,4.22055196762085,4.260692596435547,3.1028733253479004,3.595236301422119,7.291572570800781,8.702258110046387,7.439957141876221,8.550952911376953,8.634689331054688,6.24782657623291,5.487590789794922,7.274275779724121,6.871331214904785,5.958073139190674,5.138330936431885,5.647707462310791,3.5540568828582764,0.6532918810844421,-0.5940334796905518,-1.2006067037582397,-2.642505168914795,-2.375816583633423
0.5962226390838623,0.18837782740592957,0.461728036403656,1.5129196643829346,1.694790005683899,-1.043516755104065,-3.9525585174560547,-0.9855381846427917,1.0300981998443604,0.6804656386375427,-0.6330133080482483,-0.7928049564361572,-1.081844687461853,-0.038196563720703125,1.1166850328445435,2.0516037940979004,4.009716033935547,5.442132472991943,3.774733066558838,1.2017425298690796,4.488771438598633,6.778493404388428,8.71707820892334,8.878022193908691,9.353009223937988,10.530513763427734,13.161731719970703,13.637849807739258,13.565170288085938,13.44321346282959,13.329496383666992,13.772109985351562,11.798860549926758,7.180869102478027,4.136295795440674,3.0172719955444336,2.7634661197662354,2.124040365219116,1.0348670482635498,4.247575283050537,4.37031364440918,-1.813909888267517,-4.105582237243652
3.2760372161865234,3.0800228118896484,1.0974857807159424,-0.07288141548633575,1.3023983240127563,2.173562526702881,-0.15910270810127258,-1.8270353078842163,-2.312567949295044,-3.3091657161712646,-4.9640278816223145,-5.369823455810547,-3.9332120418548584,-1.2742029428482056,1.9055259227752686,4.54735803604126,6.778181552886963,5.4079670906066895,1.964781403541565,-1.2250491380691528,4.9760918617248535,9.34672737121582,9.255346298217773,8.7603120803833,8.552300453186035,9.557609558105469,10.519820213317871,10.565277099609375,11.398040771484375,9.164148330688477,7.818196773529053,9.392056465148926,11.613968849182129,11.931544303894043,9.172698020935059,5.2311577796936035,3.0954532623291016,7.262908458709717,8.376587867736816,9.893237113952637,8.011120796203613,0.881368100643158,-1.8020634651184082
3.1030566692352295,4.6257500648498535,2.09311842918396,-0.4807889461517334,-0.2136419415473938,1.1298168897628784,0.46254780888557434,-1.5699665546417236,-3.0992798805236816,-4.577512264251709,-5.756593227386475,-5.581772327423096,-4.12991189956665,-1.2582648992538452,2.899759531021118,6.267053604125977,8.31704330444336,5.794092178344727,-0.5885332822799683,-2.9978606700897217,4.060616493225098,7.6798787117004395,6.150262832641602,4.725287437438965,4.711030006408691,5.6522674560546875,5.351587295532227,4.259477615356445,4.871753215789795,2.706700325012207,0.5011154413223267,0.4166141450405121,3.0302047729492188,8.214251518249512,9.76551342010498,7.324031352996826,5.769988536834717,10.068577766418457,10.502615928649902,10.89531421661377,10.473284721374512,9.011962890625,6.080671310424805
-1.7452257871627808,4.226199150085449,3.8567678928375244,2.5444273948669434,2.0002522468566895,1.4150561094284058,1.14272141456604,1.146044135093689,1.0501198768615723,0.5207940936088562,0.04773803427815437,0.4720962345600128,1.0945018529891968,2.4274559020996094,4.927343368530273,7.733870506286621,8.498522758483887,4.674328327178955,0.26554322242736816,1.2081626653671265,4.013052463531494,5.782859802246094,4.589019775390625,3.8431503772735596,4.362265110015869,5.298715591430664,5.49607515335083,6.070835590362549,6.494967937469482,5.417062759399414,5.444981098175049,4.747925758361816,4.341616153717041,6.68091344833374,10.507267951965332,12.631457328796387,12.020930290222168,12.421463966369629,10.928908348083496,10.445560455322266,12.395491600036621,14.327909469604492,12.374171257019043
-6.908644199371338,0.2654082775115967,9.037309646606445,9.43164348602295,8.878767013549805,6.8089752197265625,6.089228630065918,8.307330131530762,10.881847381591797,12.05359935760498,12.236001968383789,11.992975234985352,9.7568359375,8.624507904052734,9.291363716125488,9.573814392089844,8.391548156738281,6.154892444610596,6.1812052726745605,7.717297077178955,6.436071872711182,5.69770622253418,4.1936163902282715,3.7075259685516357,4.641046524047852,5.296435832977295,6.0506486892700195,6.276726245880127,7.576530933380127,10.634127616882324,12.870523452758789,12.071824073791504,13.214153289794922,14.128920555114746,15.845246315002441,19.170764923095703,14.007821083068848,12.636445045471191,12.752983093261719,13.63962459564209,13.331280708312988,14.882555961608887,13.867805480957031
-6.830497741699219,-5.417928218841553,7.395065784454346,10.820168495178223,12.08180046081543,13.877654075622559,14.57410717010498,13.81600284576416,12.248332023620605,12.581192970275879,14.242029190063477,13.243463516235352,11.154180526733398,11.402318000793457,11.855770111083984,10.919268608093262,10.289987564086914,11.91386604309082,12.85454273223877,10.727097511291504,8.037760734558105,6.639265537261963,5.967851638793945,5.162053108215332,4.698190212249756,4.131717681884766,3.1977365016937256,1.1333649158477783,0.5358637571334839,4.546042442321777,7.996776103973389,10.620481491088867,12.805468559265137,18.92606544494629,18.05994987487793,17.535247802734375,12.630378723144531,11.72667407989502,13.461190223693848,18.149791717529297,17.020341873168945,15.736538887023926,14.731351852416992
-4.43217658996582,-6.355265140533447,-1.019618272781372,1.5918165445327759,0.8996264338493347,3.17728328704834,6.190102577209473,5.326874732971191,0.9284844398498535,-1.4777753353118896,0.24092523753643036,1.4532794952392578,4.729114055633545,7.698434829711914,8.413402557373047,4.6271491050720215,4.632233619689941,7.495941162109375,9.135605812072754,7.1944169998168945,6.683295726776123,8.216564178466797,7.700114727020264,6.44851541519165,5.073405742645264,2.9841489791870117,1.2136222124099731,-0.20605787634849548,-1.7027239799499512,-1.1172491312026978,0.5716236233711243,3.763462781906128,4.906215667724609,10.517186164855957,12.52115249633789,12.516010284423828,12.756452560424805,12.966970443725586,13.684849739074707,14.300881385803223,14.692216873168945,13.89139461517334,11.484050750732422
-4.338850021362305,-5.6047258377075195,-3.3027381896972656,-3.111799955368042,-4.809964656829834,-6.381156921386719,-4.948549747467041,-1.2645591497421265,-1.194409966468811,-3.877527952194214,-3.805257797241211,-0.4635962247848511,5.99613094329834,5.780889511108398,-0.9309422969818115,-5.016758441925049,-1.6735830307006836,1.4906105995178223,3.820369243621826,3.2202014923095703,4.87598180770874,6.4586710929870605,7.268533706665039,6.96054744720459,5.512991428375244,3.740304470062256,3.1072990894317627,3.2345006465911865,3.022315740585327,2.3927395343780518,1.3480207920074463,-0.205030620098114,-0.6935263276100159,1.8481401205062866,5.754384517669678,8.57120132446289,10.578739166259766,10.546102523803711,10.410056114196777,7.1061906814575195,6.1187334060668945,6.550168514251709,4.135289669036865
-5.014423847198486,-5.294291019439697,0.6978550553321838,4.852679252624512,4.720379829406738,3.748521327972412,1.101615071296692,-0.5798252820968628,-0.11847222596406937,0.07472383975982666,2.5264008045196533,7.061503887176514,6.4212517738342285,-1.471130132675171,-8.109792709350586,-5.522517681121826,0.6153572201728821,5.105663299560547,5.469785213470459,5.246293067932129,5.415611743927002,5.441213607788086,5.870119571685791,6.938661098480225,6.895857334136963,6.168144226074219,6.467220783233643,6.707629680633545,6.433990478515625,5.676629543304443,4.072849273681641,1.9046247005462646,-0.32247835397720337,0.10268963128328323,2.9071121215820312,4.5722503662109375,4.202277183532715,3.108421802520752,4.771164894104004,5.999021053314209,5.690025806427002,5.678776741027832,5.535849571228027
-7.697216987609863,-6.585833549499512,-0.9698211550712585,7.867719650268555,10.431498527526855,9.249842643737793,2.6778087615966797,-2.4264907836914062,-1.1809136867523193,3.007463216781616,6.824420928955078,6.724978446960449,-1.5822218656539917,-7.378630638122559,-4.81560754776001,-0.08425862342119217,3.31528639793396,5.207444667816162,6.734728813171387,6.1181135177612305,5.688800811767578,5.1847357749938965,5.171418190002441,6.561887264251709,6.837061405181885,6.677731513977051,7.479464530944824,7.497556209564209,6.95430850982666,6.302245616912842,5.999610900878906,4.951718330383301,3.2936065196990967,1.688981294631958,1.2840486764907837,1.1454453468322754,-0.19745101034641266,-1.1237130165100098,1.5577411651611328,4.130579471588135,5.189930438995361,4.926423072814941,5.216658592224121
-5.910655498504639,-7.295677661895752,-6.29233455657959,-2.1882712841033936,1.2329699993133545,1.5690438747406006,-0.583082914352417,0.00271062133833766,4.104933738708496,4.8534698486328125,3.919015645980835,1.6222021579742432,-1.0322457551956177,1.6344300508499146,3.4004313945770264,3.818000078201294,2.980726480484009,2.601762533187866,5.411248683929443,5.011388778686523,4.705260276794434,4.480001926422119,3.9743378162384033,4.95068883895874,4.412775993347168,3.807615280151367,4.538084030151367,4.987916469573975,4.884623050689697,5.14068078994751,5.843618392944336,5.654648780822754,5.666285991668701,3.7086901664733887,2.1136250495910645,1.6109901666641235,1.0630881786346436,0.22130988538265228,-0.4281691312789917,-0.6864848732948303,-0.450863778591156,-1.6281589269638062,-1.8413981199264526
2.0322601795196533,-2.26532244682312,-3.5930287837982178,-4.6450114250183105,-3.939899444580078,-1.2168961763381958,5.010814189910889,8.974818229675293,5.664727210998535,1.3461934328079224,0.39079931378364563,4.316184043884277,8.043830871582031,9.202326774597168,8.255793571472168,5.858668327331543,2.372734308242798,2.795480966567993,4.011023998260498,3.446884870529175,3.4906258583068848,3.4408395290374756,3.3760135173797607,2.966672420501709,2.2877299785614014,1.9050369262695312,2.1967601776123047,2.897939920425415,3.590993881225586,4.444941997528076,4.813814163208008,4.870323181152344,5.319367408752441,5.13236141204834,4.60599946975708,4.190559387207031,3.571099042892456,2.381831645965576,0.3721439242362976,-2.4632322788238525,-5.091233253479004,-5.904664516448975,-4.423898696899414
5.985403060913086,4.786823749542236,5.723025321960449,5.8276166915893555,6.121617317199707,6.709053993225098,8.558515548706055,6.409487724304199,-0.8550273776054382,-0.7333793044090271,4.210692405700684,7.891651153564453,10.186064720153809,9.71313190460205,7.2506513595581055,4.4142045974731445,2.574847459793091,3.7122340202331543,3.6140077114105225,2.970017194747925,2.7054543495178223,2.447730302810669,2.1984927654266357,1.6368883848190308,1.769480586051941,2.2596700191497803,2.693279981613159,3.461555004119873,4.1117963790893555,4.769186973571777,5.46494197845459,5.902511119842529,6.104427337646484,6.328125953674316,6.517333030700684,6.571045875549316,6.135269641876221,4.774953842163086,2.1966803073883057,-3.0336194038391113,-8.785751342773438,-10.11355972290039,-7.408880710601807
7.146307945251465,10.031988143920898,10.956904411315918,10.881054878234863,10.909392356872559,7.899274826049805,2.055392265319824,-0.5726855993270874,-0.5358509421348572,4.003686428070068,6.237151622772217,6.666328430175781,5.357810020446777,3.3990020751953125,2.379011392593384,1.9550037384033203,3.196531057357788,4.360646724700928,3.720867156982422,3.1397604942321777,2.191070079803467,1.437718391418457,0.8456388711929321,1.0728331804275513,1.9622344970703125,3.223524570465088,3.9923057556152344,4.685103893280029,5.222217559814453,6.0944905281066895,6.8652496337890625,7.311367034912109,7.46608304977417,7.810291290283203,8.196272850036621,8.152027130126953,7.362217426300049,5.846676349639893,2.5278737545013428,-4.538248062133789,-11.740201950073242,-14.245884895324707,-12.312479019165039
8.5872163772583,7.995742321014404,3.6967945098876953,0.21818764507770538,0.15191179513931274,0.6163398623466492,-0.03294770047068596,3.2028119564056396,8.854342460632324,8.600749969482422,7.832587718963623,5.252054691314697,1.4070591926574707,-1.122058391571045,0.6919616460800171,2.8127737045288086,4.440380573272705,4.184867858886719,4.020971775054932,3.4225196838378906,2.1048474311828613,1.0754071474075317,0.49404531717300415,1.1030659675598145,2.208221673965454,3.3924450874328613,4.565040111541748,5.500197410583496,6.281723976135254,7.027334690093994,7.359096527099609,7.49879264831543,7.571649074554443,8.048844337463379,8.02207088470459,7.503852844238281,6.38819694519043,4.65217924118042,0.8391542434692383,-3.516728162765503,-7.731306552886963,-11.452064514160156,-12.517987251281738
4.576075553894043,0.5337119102478027,-2.473573684692383,-3.4319753646850586,-2.602536916732788,1.124102234840393,6.565279006958008,8.873112678527832,9.889444351196289,10.173308372497559,7.341817855834961,3.833829402923584,0.22978045046329498,0.43001219630241394,2.430022954940796,4.0912394523620605,4.601738929748535,4.306023597717285,3.948700428009033,3.188175678253174,2.56034255027771,1.854044795036316,1.5959064960479736,1.6829659938812256,2.3951547145843506,3.236732244491577,4.397578239440918,5.520295143127441,6.360610485076904,6.490619659423828,6.200769901275635,5.847431182861328,5.310711860656738,4.737226963043213,4.334191799163818,4.009921550750732,3.7320199012756348,2.200103521347046,0.6362248659133911,0.8841772675514221,-0.22948671877384186,-4.794200897216797,-8.638922691345215
0.7232888340950012,0.5797547698020935,1.6993387937545776,3.093071699142456,4.923794746398926,7.050285339355469,11.284788131713867,10.597389221191406,7.069910049438477,5.324175834655762,1.8655880689620972,0.2640843987464905,0.025493808090686798,1.8324443101882935,2.857496976852417,4.0699381828308105,4.102590560913086,3.902352809906006,3.3250396251678467,2.870405435562134,2.6574671268463135,2.7814114093780518,2.825726270675659,2.49528169631958,2.539123296737671,3.241143226623535,4.216262340545654,5.152617931365967,5.594622611999512,5.15952205657959,4.242023468017578,3.306701183319092,2.2177553176879883,0.9541140198707581,-0.10498256981372833,0.11060869693756104,0.6132055521011353,0.9369359016418457,2.5514206886291504,5.3511762619018555,7.084191799163818,3.47660493850708,-3.993406295776367
