data/wind_data/wind_14_5.json
{"header": {"parameterUnit": "KT", "parameterCategory": 2, "nx": 256, "ny": 198, "lo1": 44.73521041870117, "la1": -3.236724853515625, "lo2": 111.26478576660156, "la2": 43.468475341796875, "dx": 0.2609002888202667, "dy": -0.23708222806453705, "refTime": "2025-02-19 14:00:00", "forecastTime": 0, "parameterNumber": 2, "parameterNumberName": "eastward_wind"}, "data":
[rows 114 to 132 of 198, columns 88 to 131 of 256]
44.143985748291016,42.8009147644043,42.67438507080078,42.745635986328125,42.55698013305664,42.45541763305664,42.86626052856445,44.127166748046875,45.49430465698242,46.503116607666016,46.66617202758789,46.31759262084961,44.999000549316406,42.84756851196289,40.741790771484375,39.95085144042969,40.64657211303711,41.58200454711914,41.26008224487305,40.72032165527344,42.039127349853516,44.0355110168457,45.050262451171875,45.143497467041016,44.687625885009766,43.55937194824219,42.07157516479492,41.26931381225586,41.432796478271484,41.75047302246094,42.09324264526367,42.082298278808594,40.99189758300781,38.72663497924805,36.8370361328125,37.04496383666992,38.239585876464844,38.81848907470703,37.66872787475586,35.77207565307617,34.774173736572266,34.2130126953125,33.352359771728516,31.67776870727539
45.21662139892578,43.99576950073242,43.98084259033203,43.71541976928711,42.81934356689453,42.20256423950195,42.6496696472168,44.06644821166992,45.67178726196289,46.941585540771484,47.393524169921875,46.93791961669922,45.17162322998047,42.66576385498047,40.53352355957031,39.85393524169922,40.5704460144043,41.40350341796875,41.102542877197266,40.46543502807617,41.407081604003906,43.10155487060547,43.71232604980469,43.94046401977539,44.295562744140625,43.79385757446289,41.87966537475586,40.48058319091797,40.32963943481445,40.59467697143555,40.75508499145508,40.62223815917969,39.623756408691406,37.4674072265625,36.42741012573242,37.634918212890625,38.6336669921875,38.11368942260742,36.64305877685547,34.80689239501953,34.13565444946289,34.53556442260742,34.506317138671875,32.669898986816406
46.21897506713867,45.50031280517578,45.5805549621582,45.37057113647461,44.41658020019531,42.84480285644531,42.713966369628906,43.694114685058594,45.71833801269531,47.48187255859375,48.26716232299805,47.50384521484375,45.50977325439453,43.18409729003906,41.099815368652344,40.18546676635742,40.66557312011719,41.430179595947266,41.31117630004883,40.772491455078125,41.21266174316406,42.352516174316406,42.227901458740234,42.53038787841797,43.77375030517578,43.82144546508789,41.47492218017578,39.701656341552734,39.73408508300781,40.2977409362793,40.38129425048828,39.651885986328125,38.459930419921875,36.82881164550781,36.772552490234375,38.50795364379883,39.22257614135742,37.98517608642578,35.79283905029297,33.801979064941406,33.70493698120117,35.03666687011719,35.68634033203125,33.9664306640625
44.916175842285156,45.256431579589844,45.9019775390625,45.87485122680664,45.27992630004883,43.99386215209961,43.514869689941406,43.422607421875,44.73918914794922,47.36946105957031,48.355892181396484,47.33633804321289,45.6967658996582,43.454437255859375,41.32281494140625,40.25467300415039,40.499916076660156,41.34105682373047,41.52800750732422,40.93108367919922,40.95341873168945,41.163238525390625,40.78009033203125,41.88372802734375,43.58453369140625,43.36233139038086,40.785789489746094,39.36185836791992,39.92573928833008,40.519901275634766,40.09767532348633,38.65092468261719,37.28595733642578,36.697265625,37.66046142578125,39.34199523925781,39.379005432128906,37.07638168334961,34.336341857910156,33.1565055847168,34.18140411376953,36.201290130615234,37.01060485839844,35.59664535522461
43.911380767822266,44.93667984008789,46.136985778808594,46.585670471191406,45.9928092956543,45.44917297363281,43.43696594238281,43.968936920166016,46.61576461791992,48.07249450683594,48.07168197631836,46.92030334472656,44.7094841003418,42.185829162597656,40.43359375,39.77727508544922,39.878318786621094,40.79118347167969,41.31972885131836,40.826148986816406,40.5767936706543,40.16581344604492,40.09479522705078,41.60476303100586,42.02831268310547,42.027381896972656,40.67001724243164,39.998435974121094,39.9979248046875,39.95273208618164,39.40460968017578,37.78682327270508,36.10829162597656,36.43379211425781,38.61562728881836,39.87175369262695,38.36045455932617,35.369712829589844,33.3238410949707,33.36249923706055,34.68154525756836,36.27023696899414,36.101654052734375,34.14191818237305
43.4559440612793,44.74230194091797,46.026485443115234,46.45051193237305,46.44085693359375,46.26567077636719,46.38344955444336,47.072872161865234,47.72578811645508,47.804771423339844,47.17424774169922,45.544891357421875,43.22908020019531,41.22532653808594,40.18117141723633,39.820045471191406,39.513980865478516,40.23282241821289,40.95988464355469,40.819541931152344,40.25323486328125,39.994380950927734,40.10139846801758,39.949066162109375,39.84467315673828,40.58762741088867,41.30255126953125,40.52345275878906,38.725059509277344,38.21498107910156,38.350730895996094,37.22984313964844,35.827823638916016,37.31870651245117,39.51426696777344,39.435035705566406,36.128456115722656,33.07601547241211,32.379459381103516,32.44181823730469,32.696353912353516,33.590755462646484,33.39031219482422,30.860313415527344
43.9230842590332,45.3127555847168,46.534210205078125,46.091064453125,45.71586227416992,46.137638092041016,47.1544075012207,48.33717727661133,48.90829086303711,48.35704040527344,46.6392936706543,44.18632888793945,42.0246467590332,40.81599426269531,40.500244140625,40.159088134765625,39.670291900634766,40.00698471069336,40.6934814453125,40.68693923950195,40.08403778076172,39.374420166015625,38.80223846435547,38.660789489746094,39.23088455200195,40.44501495361328,40.55659866333008,39.10866165161133,37.113739013671875,36.044437408447266,36.090206146240234,36.448692321777344,36.12375259399414,38.58965301513672,39.5063362121582,35.44198226928711,31.437057495117188,31.684865951538086,32.05918502807617,29.808767318725586,28.240877151489258,27.756282806396484,26.125402450561523,22.859106063842773
44.627967834472656,46.110530853271484,46.91996765136719,46.43796920776367,45.23203659057617,44.448429107666016,46.441776275634766,49.62112045288086,50.29841995239258,48.26465606689453,45.21980285644531,43.03025436401367,42.170372009277344,41.65140914916992,40.78708267211914,39.54603576660156,38.91752243041992,39.56988525390625,40.43011474609375,40.15309524536133,39.544437408447266,38.70604705810547,37.984214782714844,38.242305755615234,38.806480407714844,39.822662353515625,38.617462158203125,38.081661224365234,37.52346420288086,33.4704704284668,32.63132095336914,35.85538864135742,37.397525787353516,38.15134811401367,36.78095245361328,32.700401306152344,31.215055465698242,33.1609001159668,32.414791107177734,28.618709564208984,26.132232666015625,25.819377899169922,23.696176528930664,16.585660934448242
47.057029724121094,48.45824432373047,48.426143646240234,47.482948303222656,45.62810134887695,44.33749771118164,46.98075485229492,51.18899917602539,50.99882125854492,47.85418701171875,45.58734130859375,44.906429290771484,44.14706039428711,42.034332275390625,39.149391174316406,37.29712677001953,37.24301528930664,38.66837692260742,39.67985534667969,39.51498794555664,38.88658142089844,38.36139678955078,38.09542465209961,38.64448165893555,38.593379974365234,38.35224151611328,37.44905471801758,38.676734924316406,39.06608963012695,37.11853790283203,36.790218353271484,38.74783706665039,39.31857681274414,39.74842834472656,41.614315032958984,43.09991455078125,40.779693603515625,35.07410430908203,29.868215560913086,26.72015953063965,24.74274253845215,22.069047927856445,17.96272850036621,13.50847339630127
49.7076301574707,51.07955551147461,51.27086639404297,49.76081848144531,47.62504959106445,47.11261749267578,49.907814025878906,51.7059440612793,50.49967575073242,48.90427017211914,47.89741897583008,46.31427001953125,43.187808990478516,39.20448684692383,36.1113395690918,35.2888298034668,36.07402420043945,37.6064338684082,38.73432922363281,38.835540771484375,38.802547454833984,38.584869384765625,38.20323944091797,38.8663215637207,38.87955856323242,37.7945671081543,37.864845275878906,39.304054260253906,39.756103515625,38.57278060913086,38.076507568359375,38.26990509033203,38.66443634033203,39.647605895996094,41.71339416503906,43.15614318847656,39.79890060424805,32.966522216796875,27.868310928344727,26.59956169128418,26.486295700073242,23.9793643951416,18.706735610961914,14.019159317016602
51.06137466430664,51.401275634765625,51.19405746459961,50.6126823425293,50.337684631347656,50.890933990478516,51.71836471557617,52.7668342590332,52.589073181152344,49.72776412963867,46.07474899291992,42.82740020751953,40.020389556884766,38.003047943115234,36.970882415771484,36.60948944091797,36.97359085083008,37.340553283691406,37.763404846191406,38.887516021728516,38.100337982177734,37.81125259399414,38.31460189819336,38.39118957519531,38.3115348815918,37.03260040283203,37.2649040222168,39.011409759521484,39.56541442871094,38.36443328857422,37.37004852294922,37.29240036010742,37.0506477355957,38.003116607666016,39.715911865234375,40.81378173828125,38.334224700927734,33.60419845581055,30.870954513549805,30.437091827392578,28.68253517150879,23.0501651763916,16.704265594482422,13.244497299194336
50.565914154052734,50.12361145019531,50.90098571777344,52.24632263183594,52.741615295410156,52.81450271606445,52.60874557495117,52.032447814941406,49.60834884643555,45.64021301269531,42.23164749145508,40.5455207824707,40.04179000854492,39.61691665649414,38.5825309753418,37.26262283325195,36.58564758300781,36.5733528137207,37.080570220947266,38.42994689941406,39.583160400390625,39.019325256347656,39.02547836303711,36.63497543334961,35.98320388793945,37.67310333251953,39.20048904418945,39.89100646972656,38.82830810546875,36.989742279052734,36.78532791137695,36.50168228149414,34.99244689941406,35.29595184326172,37.29393005371094,38.1729736328125,37.06682205200195,35.55091094970703,34.22266387939453,31.254392623901367,25.752952575683594,19.951017379760742,16.154462814331055,14.623462677001953
49.95199203491211,50.32974624633789,51.39692687988281,50.969696044921875,50.69499588012695,50.204891204833984,49.18553161621094,47.77721405029297,45.57380676269531,42.938232421875,40.782737731933594,39.66525650024414,39.0706901550293,38.16950607299805,36.84918975830078,35.668243408203125,35.405067443847656,35.9747314453125,37.10738754272461,38.080467224121094,39.521907806396484,40.51626968383789,39.0628547668457,38.3377571105957,36.14992141723633,34.586978912353516,41.82416915893555,41.11323547363281,37.3712043762207,35.6416015625,35.63447570800781,35.4715576171875,34.96968460083008,36.18804931640625,37.98209762573242,38.49530029296875,37.55851745605469,35.80210876464844,32.02987289428711,25.35497283935547,18.64129066467285,14.663683891296387,13.054839134216309,13.32637882232666
49.712928771972656,50.28794860839844,50.57062530517578,49.615962982177734,48.96138381958008,48.825599670410156,48.265106201171875,46.9405403137207,44.69472885131836,41.94015884399414,39.67930603027344,38.03577423095703,36.53583526611328,35.231849670410156,34.46885299682617,34.43638229370117,35.03690719604492,35.9106559753418,36.99565124511719,37.9061164855957,38.159095764160156,39.079410552978516,40.35195541381836,37.60905838012695,39.019554138183594,37.359642028808594,35.47664260864258,36.9881591796875,33.742122650146484,30.468172073364258,31.585773468017578,34.15708923339844,36.1749153137207,37.66823959350586,38.40010452270508,37.38386154174805,35.216552734375,31.056854248046875,23.553600311279297,16.537546157836914,13.108287811279297,12.189217567443848,12.938295364379883,13.842875480651855
49.70538330078125,48.71727752685547,49.35044479370117,49.270198822021484,48.9038200378418,48.577362060546875,47.787662506103516,46.00621795654297,42.86171340942383,40.067901611328125,38.526222229003906,36.86888122558594,34.76470947265625,33.337833404541016,33.14377975463867,33.771366119384766,34.51875305175781,35.27743911743164,36.201961517333984,37.123313903808594,36.972965240478516,37.40475082397461,40.51900100708008,37.983909606933594,37.729862213134766,40.802574157714844,28.726238250732422,25.463218688964844,25.464630126953125,28.39044761657715,31.042226791381836,33.085906982421875,37.301239013671875,41.17796325683594,39.328392028808594,31.44001579284668,22.643320083618164,15.848479270935059,11.650904655456543,9.934198379516602,10.049534797668457,11.054475784301758,12.195834159851074,12.230581283569336
49.541969299316406,47.85459518432617,47.73380661010742,48.26058578491211,48.0778694152832,47.107486724853516,45.967952728271484,44.17745590209961,41.024112701416016,38.66651153564453,37.945194244384766,37.14686965942383,35.622432708740234,34.15829849243164,33.48896026611328,33.43435287475586,33.56692123413086,34.170894622802734,35.24002456665039,36.09978103637695,35.80169677734375,37.64519119262695,40.04617691040039,36.270721435546875,40.25272750854492,40.936790466308594,23.348400115966797,19.059345245361328,24.66942596435547,28.854543685913086,31.278451919555664,33.91084289550781,41.15477752685547,48.494510650634766,38.275474548339844,18.939380645751953,10.43722915649414,8.419170379638672,7.774858474731445,7.8298187255859375,8.64311408996582,10.106989860534668,10.949350357055664,11.571392059326172
49.31919479370117,48.44912338256836,47.643768310546875,47.132205963134766,47.70581817626953,47.24030685424805,44.813636779785156,42.67035675048828,41.13679504394531,39.11691665649414,37.86319351196289,37.41319274902344,36.97635269165039,35.853057861328125,34.34060287475586,33.29998016357422,32.84634780883789,33.36460494995117,34.6271858215332,35.748191833496094,35.06966781616211,37.67951202392578,38.80355453491211,35.355262756347656,40.99927520751953,39.94972610473633,21.42891502380371,14.966732025146484,22.721712112426758,28.077091217041016,29.705652236938477,35.10520553588867,43.30775833129883,41.46174240112305,24.906089782714844,11.467840194702148,7.131614685058594,5.92466402053833,5.410213947296143,6.605448246002197,8.3954496383667,9.240415573120117,9.660211563110352,9.812878608703613
51.39665222167969,50.43396759033203,49.59608459472656,49.51036834716797,49.326316833496094,48.76546096801758,47.82987594604492,45.957881927490234,42.47774887084961,37.61309051513672,35.59455108642578,35.192386627197266,34.39170455932617,33.3881950378418,32.41433334350586,31.754257202148438,31.37904930114746,31.96500587463379,33.94313430786133,35.39411926269531,34.74032211303711,36.76287078857422,37.10322189331055,34.06383514404297,38.334197998046875,37.14306640625,18.297035217285156,6.654258728027344,14.563258171081543,23.389114379882812,28.87090492248535,33.20832061767578,30.022323608398438,21.060842514038086,12.57850170135498,7.0734944343566895,5.468001365661621,4.925078868865967,5.167225360870361,6.331991672515869,7.14115047454834,7.785512447357178,8.706985473632812,9.740248680114746
52.107093811035156,52.2047233581543,52.390384674072266,51.273799896240234,49.011070251464844,47.758174896240234,47.40980529785156,46.01788330078125,41.216365814208984,34.81099319458008,33.10363006591797,33.55034637451172,32.80392837524414,31.891870498657227,31.310684204101562,30.91476821899414,30.853376388549805,31.789052963256836,33.93708801269531,34.65366744995117,33.20228576660156,34.10857391357422,34.11189270019531,32.92890167236328,34.34639358520508,27.72359848022461,8.204670906066895,0.8481977581977844,10.944714546203613,20.520034790039062,28.069900512695312,34.185089111328125,28.109291076660156,15.4120454788208,8.199779510498047,5.560455799102783,4.7857346534729,4.20576810836792,3.8488595485687256,3.9701316356658936,5.0780415534973145,6.59128475189209,8.712961196899414,11.260039329528809
