data/wind_data/wind_66_1.json
{"header": {"parameterUnit": "KT", "parameterCategory": 2, "nx": 256, "ny": 198, "lo1": 44.73521041870117, "la1": -3.236724853515625, "lo2": 111.26478576660156, "la2": 43.468475341796875, "dx": 0.2609002888202667, "dy": -0.23708222806453705, "refTime": "2025-02-21 18:00:00", "forecastTime": 0, "parameterNumber": 2, "parameterNumberName": "eastward_wind"}, "data":
[rows 0 to 18 of 198, columns 43 to 85 of 256]
-9.014111518859863,-8.632010459899902,-7.951333045959473,-7.526521682739258,-7.3236494064331055,-7.246328830718994,-7.287293910980225,-7.419497013092041,-7.570979595184326,-7.589571475982666,-7.377190589904785,-6.523617744445801,-5.664595603942871,-5.276655197143555,-5.602148532867432,-7.4994120597839355,-8.362634658813477,-6.659383773803711,-5.290155410766602,-4.794978618621826,-6.014407157897949,-9.33303165435791,-9.9631986618042,-7.836270332336426,-6.929044723510742,-6.99685525894165,-7.420809268951416,-7.974599838256836,-7.274768829345703,-6.041666030883789,-5.588685512542725,-5.474823474884033,-5.4520440101623535,-5.569825172424316,-5.993996620178223,-6.064739227294922,-5.104335784912109,-4.293622970581055,-4.160161018371582,-4.028008937835693,-3.7583656311035156,-3.5026907920837402,-3.275437116622925
-9.039703369140625,-8.58873462677002,-8.052350997924805,-7.680782794952393,-7.3227949142456055,-7.15692138671875,-7.300650119781494,-7.620814323425293,-8.0310640335083,-8.245327949523926,-7.994100093841553,-6.795737266540527,-5.65349006652832,-5.337741851806641,-6.0655388832092285,-8.250178337097168,-9.018708229064941,-6.971815586090088,-5.588524341583252,-6.01633882522583,-7.516411781311035,-9.65943717956543,-9.826814651489258,-8.240463256835938,-7.426148414611816,-7.289767742156982,-7.556558132171631,-7.891502857208252,-7.301024913787842,-6.414300918579102,-5.9204487800598145,-5.527748107910156,-5.333344459533691,-5.357118129730225,-5.802545547485352,-5.976161003112793,-5.1006622314453125,-4.397179126739502,-4.394434928894043,-4.294268608093262,-3.9674017429351807,-3.6954498291015625,-3.557231903076172
-8.322087287902832,-8.19720458984375,-8.292572975158691,-8.001214027404785,-7.5765533447265625,-7.257880210876465,-6.865121364593506,-7.057031631469727,-7.768157005310059,-8.154918670654297,-8.146496772766113,-7.520245552062988,-6.839150905609131,-6.498563766479492,-6.821902275085449,-8.267127990722656,-9.17739200592041,-8.716940879821777,-7.983379364013672,-7.335407257080078,-7.79944372177124,-9.120024681091309,-9.286810874938965,-8.57911491394043,-8.013822555541992,-7.584984302520752,-7.5419921875,-7.657525539398193,-7.321222305297852,-6.875689506530762,-6.416765213012695,-5.979432582855225,-5.881478786468506,-5.72601318359375,-5.3139848709106445,-5.0683064460754395,-4.917299270629883,-4.735805511474609,-4.585373401641846,-4.459142684936523,-4.26666784286499,-4.079793930053711,-3.95707631111145
-8.744624137878418,-8.762067794799805,-9.188200950622559,-9.173274040222168,-8.727824211120605,-8.309746742248535,-7.783184051513672,-7.243105888366699,-7.388210773468018,-8.24704647064209,-8.361551284790039,-7.4106221199035645,-7.070913314819336,-8.386371612548828,-8.581446647644043,-8.67811107635498,-8.8503999710083,-9.246889114379883,-9.023154258728027,-8.774157524108887,-8.755644798278809,-8.92833423614502,-9.076689720153809,-8.956964492797852,-8.570052146911621,-8.172592163085938,-7.941923141479492,-7.78516960144043,-7.627196311950684,-7.405801773071289,-6.835341453552246,-6.21921968460083,-6.078075885772705,-5.919987678527832,-5.117980480194092,-4.489390850067139,-4.5702972412109375,-4.532016754150391,-3.9237468242645264,-4.236410140991211,-4.246370315551758,-4.196938514709473,-4.2993597984313965
-11.395319938659668,-10.835651397705078,-10.199177742004395,-9.77701473236084,-10.321547508239746,-12.029526710510254,-12.00971794128418,-9.143232345581055,-7.740615367889404,-8.346617698669434,-7.269623279571533,-5.009201526641846,-5.7724714279174805,-12.658520698547363,-10.694770812988281,-8.477252960205078,-6.887467861175537,-7.7497124671936035,-8.473166465759277,-9.874592781066895,-10.41811466217041,-10.110784530639648,-10.026861190795898,-9.582342147827148,-8.87813949584961,-8.414234161376953,-8.29379940032959,-8.497648239135742,-8.294174194335938,-7.894916534423828,-7.155457973480225,-5.949943542480469,-5.165329933166504,-5.8250603675842285,-5.763038635253906,-5.349203586578369,-4.545748710632324,-3.0892210006713867,-0.2188815325498581,-3.1043541431427,-3.4753577709198,-3.6043596267700195,-4.519853115081787
-11.5431547164917,-8.852252960205078,-8.39515209197998,-7.611032009124756,-5.936687469482422,-9.347739219665527,-12.695446014404297,-8.306649208068848,-6.809428691864014,-7.841858386993408,-7.500619411468506,-9.117040634155273,-12.257583618164062,-12.694600105285645,-10.205240249633789,-7.58961296081543,-6.787514686584473,-7.933174133300781,-9.160566329956055,-9.379350662231445,-9.965289115905762,-10.36806869506836,-10.186413764953613,-8.919413566589355,-7.951175212860107,-7.201087474822998,-6.715839385986328,-6.410091400146484,-6.524387836456299,-7.5755414962768555,-7.594526290893555,-5.196667194366455,-1.6236004829406738,-2.329615831375122,-6.539761066436768,-8.198026657104492,-6.005356788635254,-3.2368597984313965,-5.050807476043701,-6.485523700714111,-2.566498279571533,-1.4301832914352417,-6.014960765838623
-11.096674919128418,-8.397777557373047,-10.388226509094238,-9.667119026184082,-4.307125091552734,-7.3409743309021,-12.802746772766113,-9.527128219604492,-7.976470470428467,-8.977823257446289,-9.6204195022583,-10.356940269470215,-11.079571723937988,-10.980541229248047,-10.310091972351074,-9.066716194152832,-8.171229362487793,-8.88729190826416,-9.552160263061523,-9.391704559326172,-9.91248893737793,-10.60037612915039,-10.26486587524414,-9.485469818115234,-8.457076072692871,-7.009742736816406,-5.828333854675293,-4.636813163757324,-5.609203338623047,-8.03228759765625,-7.205026149749756,-5.442018985748291,-2.8261632919311523,-2.130866527557373,-8.024079322814941,-9.93483829498291,-8.359992980957031,-6.008303165435791,-8.113642692565918,-5.2647600173950195,-2.7517638206481934,-3.1327853202819824,-3.8199071884155273
-9.725072860717773,-8.907368659973145,-10.764899253845215,-10.292928695678711,-6.237020969390869,-7.591771125793457,-10.038248062133789,-9.930307388305664,-8.499878883361816,-9.17564582824707,-10.744470596313477,-10.846112251281738,-11.32886791229248,-11.612140655517578,-11.302366256713867,-10.339107513427734,-8.346500396728516,-7.550690650939941,-7.628873825073242,-9.244646072387695,-9.906116485595703,-8.806893348693848,-9.323204040527344,-9.446366310119629,-8.003859519958496,-6.216101169586182,-4.7627153396606445,-1.7192884683609009,-2.56552791595459,-9.019234657287598,-7.71908712387085,-6.3159637451171875,-4.367457866668701,-4.688336372375488,-7.713071823120117,-10.151833534240723,-11.732319831848145,-8.813736915588379,-6.973944187164307,-4.571596622467041,-3.539625644683838,-2.9233107566833496,-2.8170151710510254
-9.784158706665039,-11.705467224121094,-11.122565269470215,-7.88479471206665,-7.279322147369385,-9.757363319396973,-11.393500328063965,-10.562569618225098,-9.443079948425293,-9.393534660339355,-9.73603630065918,-11.110410690307617,-11.809748649597168,-11.438077926635742,-11.01585865020752,-10.182947158813477,-8.920581817626953,-7.800137996673584,-8.219746589660645,-9.566934585571289,-9.645119667053223,-8.602751731872559,-8.966452598571777,-9.577311515808105,-8.067327499389648,-7.348031044006348,-4.9529242515563965,-3.6110432147979736,-6.529315948486328,-6.3294854164123535,-6.949485778808594,-5.451007843017578,-4.154790878295898,-4.253712177276611,-6.036790370941162,-10.067564010620117,-12.505892753601074,-8.690298080444336,-4.82927942276001,-4.264091491699219,-4.604283809661865,-3.487792491912842,-5.117352485656738
-8.332849502563477,-10.674890518188477,-11.0781888961792,-10.020661354064941,-10.170880317687988,-12.190472602844238,-11.72539234161377,-10.330021858215332,-9.736879348754883,-8.96321964263916,-8.001041412353516,-9.3642578125,-11.435521125793457,-10.75356388092041,-10.761065483093262,-10.406143188476562,-9.174020767211914,-7.1309685707092285,-7.226255893707275,-8.818268775939941,-10.090214729309082,-10.077280044555664,-9.761398315429688,-9.087339401245117,-8.941951751708984,-8.338208198547363,-6.90690803527832,-7.064906120300293,-7.8998589515686035,-7.496293067932129,-6.645034313201904,-5.362991809844971,-4.448514461517334,-2.646580219268799,-0.9741615056991577,-8.139379501342773,-13.52548599243164,-10.329712867736816,-4.067748069763184,-6.531469821929932,-6.996886730194092,-4.601377010345459,-4.596436977386475
-8.372103691101074,-8.932060241699219,-10.920012474060059,-11.848308563232422,-10.491022109985352,-10.220352172851562,-10.343835830688477,-10.8394775390625,-9.513323783874512,-8.676568031311035,-9.70688533782959,-11.47172737121582,-10.703818321228027,-10.405219078063965,-10.62930965423584,-10.276510238647461,-9.172783851623535,-6.162362575531006,-4.846317291259766,-7.496381759643555,-9.331573486328125,-9.936491966247559,-11.060128211975098,-11.18653392791748,-10.335333824157715,-8.418066024780273,-8.437227249145508,-8.7565336227417,-7.2368011474609375,-6.297086238861084,-5.7908430099487305,-6.075857162475586,-5.197572231292725,-4.772888660430908,-5.109705924987793,-7.113707065582275,-11.05185604095459,-10.881674766540527,-8.345004081726074,-7.8354387283325195,-6.5568766593933105,-4.595670223236084,-2.8240201473236084
-11.56437873840332,-10.251114845275879,-9.372041702270508,-9.934771537780762,-9.218164443969727,-8.664595603942871,-9.277877807617188,-10.133367538452148,-10.399311065673828,-10.030430793762207,-9.980714797973633,-11.226272583007812,-11.347393035888672,-11.017251014709473,-11.329347610473633,-10.41932201385498,-9.918376922607422,-7.91721773147583,-5.88985013961792,-7.074939727783203,-7.163561820983887,-7.221698760986328,-10.297087669372559,-11.73462200164795,-11.53736400604248,-8.581125259399414,-8.014595985412598,-8.108262062072754,-6.655378341674805,-6.306795597076416,-5.8547844886779785,-5.2928290367126465,-4.9697747230529785,-4.7629852294921875,-5.334258556365967,-8.382969856262207,-11.512150764465332,-10.857964515686035,-9.240158081054688,-7.611274242401123,-6.715389728546143,-5.7826128005981445,-4.180561542510986
-11.990128517150879,-9.735865592956543,-7.372905254364014,-7.214024543762207,-10.962898254394531,-11.237393379211426,-9.777989387512207,-9.220983505249023,-10.416916847229004,-11.553613662719727,-9.580873489379883,-9.99882698059082,-10.457602500915527,-10.839188575744629,-11.369954109191895,-11.790084838867188,-11.85033130645752,-10.868598937988281,-9.972579956054688,-9.180805206298828,-7.393739223480225,-6.407567977905273,-9.180485725402832,-11.337249755859375,-11.171638488769531,-9.71190357208252,-8.379308700561523,-7.845217227935791,-7.132429599761963,-6.370923042297363,-6.096856594085693,-5.521478176116943,-4.075625419616699,-2.6158664226531982,-4.618938446044922,-8.890783309936523,-12.043997764587402,-11.099518775939941,-8.817732810974121,-7.786652565002441,-7.361565589904785,-6.414847373962402,-6.863515853881836
-11.25129508972168,-10.40970516204834,-7.685324668884277,-8.544719696044922,-12.820954322814941,-12.333956718444824,-9.993959426879883,-10.665325164794922,-11.274765014648438,-9.992537498474121,-9.499749183654785,-9.022955894470215,-7.879396438598633,-8.18339729309082,-9.91057014465332,-12.689837455749512,-12.249469757080078,-9.979903221130371,-9.496458053588867,-10.009361267089844,-10.204069137573242,-10.723902702331543,-11.148831367492676,-9.090710639953613,-8.657681465148926,-11.695056915283203,-10.790611267089844,-7.890817642211914,-7.250709056854248,-5.610618591308594,-6.40424919128418,-6.616534233093262,-3.387253522872925,-3.0274035930633545,-8.692256927490234,-12.404123306274414,-14.361431121826172,-11.051346778869629,-8.499468803405762,-8.461380004882812,-8.179770469665527,-8.059484481811523,-8.582502365112305
-10.560670852661133,-11.829703330993652,-12.522132873535156,-13.488980293273926,-13.474867820739746,-11.844860076904297,-10.999053001403809,-10.685449600219727,-10.84688663482666,-10.756577491760254,-10.1721773147583,-7.692428112030029,-6.131857395172119,-5.627439498901367,-7.817397594451904,-12.769987106323242,-12.23497486114502,-11.192319869995117,-10.671903610229492,-11.158390998840332,-11.014065742492676,-10.484471321105957,-10.629544258117676,-10.437216758728027,-11.609990119934082,-12.5958890914917,-11.462684631347656,-8.448569297790527,-6.695273399353027,-6.840149402618408,-9.375679969787598,-8.394112586975098,-4.360592842102051,-7.826972484588623,-13.283000946044922,-13.014100074768066,-12.225789070129395,-10.533120155334473,-9.436504364013672,-8.826887130737305,-8.898149490356445,-8.92821979522705,-9.075990676879883
-11.697823524475098,-12.78603458404541,-12.81082820892334,-12.365711212158203,-11.776198387145996,-11.883424758911133,-10.043693542480469,-8.504281044006348,-9.664161682128906,-11.597517967224121,-10.676671028137207,-7.782196998596191,-6.436949253082275,-6.756763458251953,-11.951462745666504,-13.327693939208984,-12.59359073638916,-11.650938034057617,-11.608628273010254,-11.32703971862793,-10.948257446289062,-10.99431037902832,-11.348207473754883,-11.968978881835938,-13.146820068359375,-12.565386772155762,-10.330641746520996,-8.81855297088623,-8.92101764678955,-9.8339262008667,-10.257124900817871,-8.489693641662598,-8.319640159606934,-10.131370544433594,-10.646187782287598,-10.61119556427002,-10.898653984069824,-10.637622833251953,-9.504106521606445,-9.383265495300293,-9.420164108276367,-8.9932279586792,-9.855361938476562
-13.261200904846191,-12.232635498046875,-12.930936813354492,-12.435342788696289,-11.629136085510254,-11.557537078857422,-12.09574031829834,-11.583602905273438,-11.239253044128418,-11.51583194732666,-11.171696662902832,-10.316206932067871,-10.369169235229492,-12.4351806640625,-14.975481986999512,-13.231749534606934,-11.309648513793945,-11.532109260559082,-11.982202529907227,-11.474440574645996,-11.070910453796387,-11.239359855651855,-11.911993980407715,-12.50208854675293,-12.036153793334961,-10.765664100646973,-9.602835655212402,-8.981389999389648,-9.36028003692627,-10.22206974029541,-9.318018913269043,-8.62978744506836,-9.429350852966309,-10.047492027282715,-9.957560539245605,-10.46818733215332,-10.609330177307129,-10.386119842529297,-9.545328140258789,-9.98574447631836,-9.733160018920898,-9.304475784301758,-10.247305870056152
-15.135952949523926,-13.493255615234375,-12.038615226745605,-11.799288749694824,-10.473856925964355,-11.74329948425293,-14.346067428588867,-13.107499122619629,-10.695877075195312,-10.59715461730957,-11.766850471496582,-12.456442832946777,-12.802017211914062,-13.448738098144531,-13.390807151794434,-11.957018852233887,-11.43236255645752,-12.159655570983887,-11.662353515625,-11.787032127380371,-11.193410873413086,-10.74140453338623,-11.111627578735352,-11.393917083740234,-11.685482025146484,-11.064957618713379,-10.195735931396484,-9.874255180358887,-10.502201080322266,-11.076787948608398,-9.200212478637695,-9.004522323608398,-9.3331298828125,-10.065113067626953,-10.626016616821289,-10.402461051940918,-10.75131893157959,-10.82662582397461,-10.044661521911621,-10.139801025390625,-9.983908653259277,-10.307173728942871,-10.16528606414795
-13.99601936340332,-14.158616065979004,-13.009140014648438,-12.519168853759766,-12.667421340942383,-13.901862144470215,-14.183067321777344,-11.93637466430664,-11.145115852355957,-12.39993953704834,-12.726028442382812,-13.287961959838867,-12.865189552307129,-12.950282096862793,-12.916891098022461,-12.145389556884766,-12.217571258544922,-12.105113983154297,-10.860570907592773,-10.325202941894531,-10.544425010681152,-11.150591850280762,-11.443025588989258,-11.289831161499023,-11.897130012512207,-11.614130020141602,-11.153975486755371,-11.434988021850586,-11.747965812683105,-11.633321762084961,-9.922870635986328,-9.68553352355957,-10.091791152954102,-10.534442901611328,-10.44191837310791,-10.813875198364258,-11.159960746765137,-11.147971153259277,-10.341269493103027,-10.408219337463379,-10.608393669128418,-10.697793006896973,-10.550031661987305
