data/wind_data/wind_52_8.json
{"header": {"parameterUnit": "KT", "parameterCategory": 2, "nx": 256, "ny": 198, "lo1": 44.73521041870117, "la1": -3.236724853515625, "lo2": 111.26478576660156, "la2": 43.468475341796875, "dx": 0.2609002888202667, "dy": -0.23708222806453705, "refTime": "2025-02-21 04:00:00", "forecastTime": 0, "parameterNumber": 2, "parameterNumberName": "eastward_wind"}, "data":
[rows 152 to 170 of 198, columns 44 to 87 of 256]
52.10927200317383,52.95987319946289,52.846641540527344,52.88546371459961,54.43101501464844,57.18996810913086,58.87837219238281,57.95479965209961,55.51728439331055,53.23080062866211,52.23419189453125,52.6363410949707,53.64421081542969,54.687923431396484,54.59648132324219,53.1416130065918,51.70891189575195,51.11094284057617,51.141700744628906,51.468788146972656,52.07577896118164,52.699703216552734,52.81233215332031,52.33440399169922,51.65970993041992,51.36901092529297,51.539756774902344,51.691444396972656,51.175514221191406,49.94571304321289,48.92168426513672,48.723567962646484,48.91617202758789,49.061859130859375,49.26898956298828,49.35418701171875,49.2453727722168,48.996578216552734,48.450801849365234,47.62820816040039,46.7964973449707,46.278568267822266,46.252906799316406,46.02214813232422
51.97648620605469,52.1611213684082,51.9930419921875,52.58435821533203,55.01313400268555,57.96626281738281,58.352256774902344,56.1484260559082,54.0994873046875,53.251834869384766,53.096439361572266,52.860748291015625,52.67910385131836,53.22956466674805,53.8126106262207,53.03281021118164,51.15484619140625,49.71115493774414,49.470252990722656,49.857147216796875,50.34083557128906,50.814090728759766,51.1728515625,51.262325286865234,50.99321365356445,50.6021614074707,50.36296844482422,49.99812316894531,49.318904876708984,48.74966049194336,48.80934524536133,49.3912353515625,49.918785095214844,49.955467224121094,49.447776794433594,48.84663772583008,48.52388381958008,48.22928237915039,47.566314697265625,46.843990325927734,46.415496826171875,46.22827911376953,45.9966926574707,45.677886962890625
50.90171432495117,51.24453353881836,51.580116271972656,52.79323959350586,55.62821960449219,58.01006317138672,57.363182067871094,55.07390594482422,53.77448272705078,53.576087951660156,53.30389404296875,52.46073532104492,51.6359977722168,51.952484130859375,53.11036682128906,52.93939971923828,50.80010986328125,48.78038024902344,48.34711837768555,48.675601959228516,48.976478576660156,49.48727798461914,50.25605773925781,50.79803466796875,50.72840881347656,50.0247917175293,48.833030700683594,47.64768600463867,47.30940246582031,48.054569244384766,49.089168548583984,49.72941207885742,49.84929656982422,49.585174560546875,49.21356964111328,49.02650833129883,48.79533004760742,48.072967529296875,47.097320556640625,46.565185546875,46.531131744384766,46.56254959106445,46.396141052246094,45.9935417175293
49.87811279296875,50.64136505126953,51.541568756103516,53.297630310058594,56.053489685058594,57.649131774902344,56.652896881103516,54.80430221557617,53.881221771240234,53.48165512084961,52.68328094482422,51.34966278076172,50.35020446777344,51.01210021972656,52.71278381347656,52.71400833129883,50.501190185546875,48.72147750854492,48.667442321777344,49.101558685302734,49.2073974609375,49.42821502685547,50.02313995361328,50.54961013793945,50.42302322387695,49.3848762512207,47.647281646728516,46.212677001953125,46.128807067871094,47.10507583618164,48.16223907470703,48.885826110839844,49.3355598449707,49.59674835205078,49.780521392822266,49.790611267089844,49.28902816772461,48.1062126159668,46.926082611083984,46.481876373291016,46.53103256225586,46.60062026977539,46.57194137573242,46.19621276855469
49.436004638671875,50.39896774291992,51.746376037597656,53.87966537475586,56.33311462402344,57.382564544677734,56.45210266113281,54.84870910644531,53.7022705078125,52.84648132324219,51.59082794189453,49.93302536010742,49.29026794433594,50.71295928955078,52.6189079284668,52.4783821105957,50.78310775756836,50.06397247314453,50.68851852416992,51.20331954956055,50.79545593261719,50.13418960571289,49.88548278808594,49.85139465332031,49.41712951660156,48.36014938354492,46.995811462402344,45.96138381958008,45.73554229736328,46.29306411743164,47.28614807128906,48.35237121582031,49.2850227355957,50.03350067138672,50.383365631103516,50.21049499511719,49.46658706665039,48.297088623046875,47.304534912109375,46.85260772705078,46.598758697509766,46.3369026184082,46.32500457763672,46.20159149169922
49.258392333984375,50.370635986328125,52.180171966552734,54.577789306640625,56.591129302978516,57.24478530883789,56.48089599609375,54.75603103637695,53.01953887939453,51.75223922729492,50.45079040527344,49.32650375366211,49.60993576049805,51.27919387817383,52.673126220703125,52.74842071533203,52.406776428222656,52.65727615356445,53.12403106689453,52.92914581298828,51.92328643798828,50.616943359375,49.50186538696289,48.73391342163086,48.11676788330078,47.5789909362793,47.081607818603516,46.51131057739258,46.175201416015625,46.545082092285156,47.40580749511719,48.33686447143555,49.3122673034668,50.281494140625,50.79963302612305,50.6213493347168,49.974464416503906,49.27214813232422,48.602481842041016,47.74235153198242,46.82023239135742,46.35552215576172,46.4517936706543,46.27099609375
49.094058990478516,50.55780029296875,52.9027214050293,55.26566696166992,56.70322799682617,57.201942443847656,56.43030548095703,54.334861755371094,52.09946060180664,50.648921966552734,49.973323822021484,50.124725341796875,50.88956832885742,51.797882080078125,52.90473175048828,54.07173156738281,54.694698333740234,54.41938400268555,53.78760528564453,53.20499801635742,52.4066047668457,51.04490280151367,49.48031997680664,48.35048294067383,47.8183708190918,47.730323791503906,47.67692184448242,47.29129409790039,46.94968032836914,47.09932327270508,47.584503173828125,48.28000259399414,49.454681396484375,50.82466506958008,51.62465286254883,51.54233932495117,51.013519287109375,50.511390686035156,49.81968307495117,48.71491241455078,47.6584358215332,47.055294036865234,46.717994689941406,45.98004150390625
49.390323638916016,51.14931106567383,53.5550422668457,55.34013366699219,56.41743850708008,56.94375228881836,56.201480865478516,53.97308349609375,51.51319122314453,50.244075775146484,50.404701232910156,51.04001235961914,51.276485443115234,51.94501495361328,53.66203308105469,55.21342468261719,55.247676849365234,54.15678024291992,53.366939544677734,53.283512115478516,53.09049987792969,51.92761993408203,50.25769805908203,49.08856201171875,48.635162353515625,48.47993850708008,48.140296936035156,47.545326232910156,47.13115310668945,47.15810775756836,47.57625198364258,48.593875885009766,50.184871673583984,51.818382263183594,52.77499008178711,52.72867202758789,52.00677490234375,51.124996185302734,50.362178802490234,49.68733596801758,48.911556243896484,47.96953201293945,46.931182861328125,45.83903121948242
50.32839584350586,52.0036735534668,53.65147018432617,54.715023040771484,55.672821044921875,56.4262580871582,55.760318756103516,53.6057014465332,51.598426818847656,50.854209899902344,50.99542236328125,50.86356735229492,50.885841369628906,52.20008087158203,54.030662536621094,54.90029525756836,54.33865737915039,53.39338684082031,53.087913513183594,53.55693435668945,53.6843147277832,52.658817291259766,51.206016540527344,50.28559494018555,49.79507064819336,49.15264892578125,48.12769317626953,47.13972473144531,46.80909729003906,47.29206848144531,48.354591369628906,49.73847579956055,51.3021240234375,52.75151824951172,53.47993469238281,53.20060348510742,52.23035430908203,51.32941818237305,50.89689254760742,50.705230712890625,50.090293884277344,48.836769104003906,47.32996368408203,46.035255432128906
51.186302185058594,52.476016998291016,53.26009750366211,53.868003845214844,54.80194091796875,55.45616912841797,54.76388168334961,53.43031692504883,52.45350646972656,52.00136184692383,51.215118408203125,50.2589111328125,50.70915603637695,52.29658126831055,53.5123291015625,53.7725944519043,53.487709045410156,53.185970306396484,53.245033264160156,53.4802360534668,53.25901412963867,52.586700439453125,51.97980499267578,51.51713562011719,50.83345031738281,49.62556457519531,48.07244873046875,46.9071159362793,46.92185592651367,48.13850784301758,49.730201721191406,51.14657974243164,52.426570892333984,53.35539627075195,53.51312255859375,52.88312530517578,52.001953125,51.52647018432617,51.64401626586914,51.6639518737793,50.799930572509766,49.307491302490234,47.66687774658203,46.117347717285156
51.144466400146484,52.20096969604492,52.61900329589844,52.94625473022461,53.57788848876953,53.9205322265625,53.861427307128906,53.77720642089844,53.83195114135742,53.02201843261719,51.17793655395508,50.231781005859375,50.76083755493164,51.54843521118164,52.18684387207031,52.95585632324219,53.4825439453125,53.414390563964844,52.92530059814453,52.25739669799805,51.82958221435547,52.037567138671875,52.450809478759766,52.34580993652344,51.52476119995117,50.108055114746094,48.49646759033203,47.5191535949707,47.80470275878906,49.0665168762207,50.62101745605469,52.14695739746094,53.326847076416016,53.68844223022461,53.11065673828125,52.22631072998047,51.677677154541016,51.76873016357422,52.16764831542969,52.006961822509766,51.104042053222656,49.72831726074219,47.855934143066406,45.930301666259766
50.15456771850586,51.222999572753906,51.45248794555664,51.558101654052734,51.9952278137207,52.63584518432617,53.52918243408203,54.67046356201172,54.67570114135742,53.02515411376953,51.419517517089844,50.61923599243164,49.969024658203125,49.87760543823242,51.15955352783203,52.77445983886719,53.42193603515625,52.89921188354492,51.659385681152344,50.49187469482422,50.41201400756836,51.487728118896484,52.48606491088867,52.518157958984375,51.68862533569336,50.450477600097656,49.33134078979492,48.79735565185547,48.90176010131836,49.594608306884766,50.93594741821289,52.61578369140625,53.69276428222656,53.52519226074219,52.485103607177734,51.537254333496094,51.206485748291016,51.4351692199707,51.76881790161133,51.85667419433594,51.4388313293457,49.87318420410156,47.677703857421875,46.11063766479492
48.33955001831055,49.42684555053711,49.67561340332031,49.91707229614258,50.71125411987305,52.11003875732422,53.86679458618164,54.76698684692383,54.08798599243164,52.84312438964844,51.8135871887207,50.13380432128906,48.63218688964844,49.026039123535156,50.59150695800781,51.749755859375,52.078983306884766,51.59300231933594,50.34077072143555,49.243473052978516,49.53101348876953,50.91814422607422,52.05726623535156,52.14872360229492,51.36513900756836,50.522987365722656,50.13162612915039,49.98646545410156,49.819091796875,50.05466079711914,51.14326477050781,52.64456558227539,53.407676696777344,52.91040802001953,51.635475158691406,50.49645233154297,50.09260940551758,50.41645812988281,51.10391616821289,51.56218719482422,51.05881881713867,49.56709671020508,47.99650192260742,46.95242691040039
46.11895751953125,47.235050201416016,47.887779235839844,48.67774963378906,50.07749938964844,51.996002197265625,53.53817367553711,53.7714958190918,53.32096481323242,52.90486526489258,51.35877227783203,49.17613983154297,48.43511962890625,48.84846115112305,49.2175407409668,49.69422912597656,50.33203887939453,50.396392822265625,49.525821685791016,48.73274230957031,49.118324279785156,50.3221321105957,51.242225646972656,51.21873092651367,50.64691162109375,50.36955261230469,50.54875946044922,50.60380554199219,50.4099006652832,50.58810806274414,51.4442024230957,52.40248107910156,52.60297393798828,51.8397331237793,50.50153732299805,49.40671157836914,49.204071044921875,49.7932014465332,50.51682662963867,50.640933990478516,50.07548141479492,49.22868728637695,48.26883316040039,46.936527252197266
44.03784942626953,45.33625030517578,46.37917709350586,47.634456634521484,49.335269927978516,51.107364654541016,52.25988006591797,52.77867889404297,53.1824951171875,52.460269927978516,50.38975143432617,49.13994598388672,48.82461929321289,47.96443557739258,47.395687103271484,48.13088607788086,49.185272216796875,49.33585739135742,48.81412887573242,48.63261795043945,49.15917205810547,49.884178161621094,50.185672760009766,49.99606704711914,49.87684631347656,50.15568542480469,50.532806396484375,50.598724365234375,50.63844299316406,51.10726547241211,51.766807556152344,51.94145965576172,51.393917083740234,50.40962219238281,49.422664642333984,48.93270492553711,49.030418395996094,49.351985931396484,49.46527862548828,49.26304626464844,48.93718719482422,48.4160041809082,47.39519500732422,46.027915954589844
42.662750244140625,43.847015380859375,44.77347946166992,46.10470199584961,47.911476135253906,49.74067306518555,51.31233215332031,52.55023193359375,52.81740188598633,51.563114166259766,50.08860397338867,49.38862609863281,48.357059478759766,46.89181137084961,46.677085876464844,47.79762649536133,48.44379806518555,48.12724304199219,48.01411056518555,48.69563674926758,49.55834197998047,49.811439514160156,49.402137756347656,49.037452697753906,49.27078628540039,49.858699798583984,50.20903396606445,50.27083206176758,50.623863220214844,51.364044189453125,51.673770904541016,50.99479675292969,49.78078079223633,48.83736801147461,48.57148361206055,48.73628616333008,48.78429412841797,48.50860595703125,48.10062789916992,47.74102020263672,47.39966583251953,46.93120193481445,46.335693359375,45.778480529785156
41.68037033081055,42.35848617553711,43.06991958618164,44.51679611206055,46.652774810791016,48.98728561401367,50.95389175415039,51.9012336730957,51.64094543457031,50.61201095581055,49.51752471923828,48.61814880371094,47.682518005371094,46.963096618652344,47.30550765991211,48.108314514160156,47.90305709838867,47.22871398925781,47.55616760253906,48.83418655395508,49.91868591308594,49.93341827392578,49.12188720703125,48.60811996459961,48.908226013183594,49.47938919067383,49.7143440246582,49.79293441772461,50.329349517822266,51.02281951904297,50.76876449584961,49.40776443481445,47.987548828125,47.55313491821289,47.990234375,48.300270080566406,47.91993713378906,47.10453414916992,46.34129333496094,45.87974166870117,45.79533004760742,46.038551330566406,46.349464416503906,46.2738151550293
40.62961959838867,41.12263107299805,42.054527282714844,43.77662658691406,46.039241790771484,48.31060791015625,49.81529235839844,50.19415283203125,49.836734771728516,48.93928146362305,47.94459915161133,47.6887321472168,47.88314437866211,47.929473876953125,48.17916488647461,48.34315872192383,47.753761291503906,47.197021484375,47.69272232055664,48.95753860473633,49.97976303100586,49.89109802246094,49.0138053894043,48.51799011230469,48.77692794799805,49.17881393432617,49.20787048339844,49.171539306640625,49.53680419921875,49.74673080444336,48.9556884765625,47.55340576171875,46.793643951416016,47.10414505004883,47.61991882324219,47.44123077392578,46.538414001464844,45.41960906982422,44.676795959472656,44.714664459228516,45.489952087402344,46.462379455566406,46.89237976074219,46.4205207824707
40.035499572753906,40.76265335083008,41.85750961303711,43.315738677978516,45.100059509277344,46.88102340698242,47.840267181396484,47.7935676574707,47.34532165527344,46.80866622924805,46.6922492980957,47.511653900146484,48.542022705078125,48.850547790527344,48.645565032958984,48.29323196411133,47.85817337036133,47.72465896606445,48.22355270385742,49.181034088134766,49.88462829589844,49.598121643066406,48.78905487060547,48.474647521972656,48.64744567871094,48.71092224121094,48.416221618652344,48.23170852661133,48.3337287902832,48.07435607910156,47.10293197631836,46.27172088623047,46.32048034667969,46.777828216552734,46.819026947021484,46.2057991027832,45.2219123840332,44.42018508911133,44.329837799072266,45.05314254760742,46.19171905517578,47.04054641723633,47.092620849609375,46.31095886230469
