data/wind_data/wind_18_7.json
{"header": {"parameterUnit": "KT", "parameterCategory": 2, "nx": 256, "ny": 198, "lo1": 44.73521041870117, "la1": -3.236724853515625, "lo2": 111.26478576660156, "la2": 43.468475341796875, "dx": 0.2609002888202667, "dy": -0.23708222806453705, "refTime": "2025-02-19 18:00:00", "forecastTime": 0, "parameterNumber": 2, "parameterNumberName": "eastward_wind"}, "data":
[rows 40 to 59 of 198, columns 44 to 87 of 256]
-5.53761100769043,-5.013255596160889,-4.427687644958496,-3.9569222927093506,-3.5955727100372314,-3.3898849487304688,-3.508500814437866,-3.886096239089966,-4.364686489105225,-5.190435409545898,-6.497576713562012,-7.655328273773193,-8.070735931396484,-7.640565395355225,-6.666015148162842,-5.6371378898620605,-4.855557918548584,-4.3963704109191895,-4.3765130043029785,-4.941347599029541,-5.842217445373535,-6.411820888519287,-6.5658488273620605,-6.467721462249756,-6.00968599319458,-5.4051513671875,-4.897463798522949,-4.639649391174316,-4.115769386291504,-3.0929107666015625,-2.289228916168213,-1.7255115509033203,-1.579060435295105,-1.8463490009307861,-1.8321458101272583,-1.999544620513916,-2.1658499240875244,-1.9452379941940308,-1.9074612855911255,-1.3602980375289917,-0.2348814606666565,0.4323635697364807,0.44027549028396606,-0.269744336605072
-5.360528469085693,-4.761543273925781,-4.1649346351623535,-3.700469732284546,-3.222686529159546,-2.8450307846069336,-2.817535877227783,-3.077442169189453,-3.5698962211608887,-4.234283924102783,-5.2559685707092285,-6.3416523933410645,-6.962615013122559,-6.956753730773926,-6.5141282081604,-5.896341800689697,-5.122657299041748,-4.281211853027344,-3.8402340412139893,-4.182885646820068,-5.1964006423950195,-5.870110988616943,-5.910572052001953,-5.871667861938477,-5.7139573097229,-5.430716514587402,-5.311882495880127,-5.434985637664795,-5.182148456573486,-4.2571892738342285,-3.3188960552215576,-2.671762466430664,-2.3690619468688965,-2.402872323989868,-2.3791451454162598,-2.397214651107788,-2.5929458141326904,-2.186965227127075,-1.9437228441238403,-2.0325100421905518,-1.4407389163970947,-0.6164455413818359,0.5165953040122986,1.2034218311309814
-4.773238182067871,-4.138330936431885,-3.538450002670288,-3.1393532752990723,-2.777669906616211,-2.557234525680542,-2.5278725624084473,-2.502617835998535,-2.6634743213653564,-2.9372506141662598,-3.4610376358032227,-4.378809928894043,-5.318734169006348,-5.955987453460693,-6.220677852630615,-6.093124866485596,-5.564009666442871,-4.720245838165283,-3.8732593059539795,-3.5130720138549805,-3.9661386013031006,-4.771364212036133,-5.016793727874756,-4.941303730010986,-4.986316204071045,-5.178274154663086,-5.588473796844482,-5.897955894470215,-5.786472797393799,-5.193526268005371,-4.664776802062988,-4.464057445526123,-4.23998498916626,-3.689314365386963,-3.062790870666504,-3.0231082439422607,-3.070647716522217,-2.6231157779693604,-2.0578160285949707,-2.1233131885528564,-1.8275446891784668,-1.2966512441635132,-0.5187570452690125,0.839350163936615
-3.6058449745178223,-3.084984540939331,-2.4892632961273193,-2.1116626262664795,-2.0143814086914062,-2.251589059829712,-2.4447736740112305,-2.271235942840576,-2.0575942993164062,-2.0444023609161377,-2.053992986679077,-2.3038530349731445,-2.873522996902466,-3.5843348503112793,-4.3254523277282715,-4.889747619628906,-4.967289447784424,-4.517106533050537,-3.7327005863189697,-2.8816144466400146,-2.4570846557617188,-2.995126247406006,-3.707249164581299,-4.096673011779785,-4.426510334014893,-4.662537097930908,-4.934789180755615,-5.161141872406006,-5.216393947601318,-5.226959705352783,-5.274040222167969,-5.42040491104126,-5.310594081878662,-4.652273178100586,-3.7892794609069824,-3.2299466133117676,-2.8018953800201416,-2.2864460945129395,-2.126814842224121,-2.1757521629333496,-1.659462332725525,-1.087536096572876,-0.8793490529060364,-0.4365912973880768
-2.328681468963623,-1.97614324092865,-1.5192240476608276,-1.2831742763519287,-1.4335905313491821,-1.8963098526000977,-2.2058990001678467,-2.1669411659240723,-1.9934871196746826,-1.9409453868865967,-1.7643311023712158,-1.4260101318359375,-1.183637261390686,-1.1383953094482422,-1.398743748664856,-1.987154245376587,-2.496170997619629,-2.5975069999694824,-2.3527944087982178,-1.8571988344192505,-1.232089638710022,-1.2062898874282837,-2.0444819927215576,-2.829658269882202,-3.609440565109253,-4.017159938812256,-4.047930717468262,-4.064759254455566,-4.209945201873779,-4.439545631408691,-4.566788196563721,-4.76655912399292,-5.012190341949463,-4.812436103820801,-4.215734481811523,-3.615417003631592,-2.9322361946105957,-2.209648847579956,-2.034104824066162,-2.005249261856079,-1.6869738101959229,-1.0627564191818237,-0.7737346291542053,-0.9440785646438599
-1.3829402923583984,-1.2516868114471436,-1.1517268419265747,-1.120078682899475,-1.3870538473129272,-1.7253800630569458,-1.8278465270996094,-1.9111179113388062,-2.002392292022705,-1.9453479051589966,-1.7738063335418701,-1.47539222240448,-0.9739195704460144,-0.33185163140296936,0.25346338748931885,0.5115031003952026,0.4870077967643738,0.3254016637802124,0.10054842382669449,-0.20674119889736176,-0.37982451915740967,-0.14345376193523407,-0.566866397857666,-1.309778094291687,-2.061344861984253,-2.5894787311553955,-2.72238826751709,-2.7612006664276123,-2.895907402038574,-3.1566426753997803,-3.338310718536377,-3.4325649738311768,-3.643841505050659,-3.958932399749756,-4.076919078826904,-3.9060218334198,-3.415039300918579,-2.7666611671447754,-2.3750643730163574,-2.134692668914795,-1.6273599863052368,-0.9737930297851562,-0.7033025026321411,-0.8342036008834839
-0.6416686773300171,-0.7609942555427551,-1.0662175416946411,-1.2701995372772217,-1.4625425338745117,-1.5357508659362793,-1.4425628185272217,-1.5077191591262817,-1.6075466871261597,-1.4500510692596436,-1.1821650266647339,-1.0512809753417969,-0.8475187420845032,-0.30582621693611145,0.4657829999923706,1.2154161930084229,1.7623056173324585,2.0082831382751465,1.8599032163619995,1.2942578792572021,0.521334171295166,0.24051180481910706,0.21495895087718964,-0.19745057821273804,-0.48852628469467163,-0.7104225754737854,-0.9113181233406067,-1.1661159992218018,-1.4006959199905396,-1.6345996856689453,-1.9101179838180542,-2.1499381065368652,-2.306889533996582,-2.585697889328003,-3.152963399887085,-3.674014091491699,-3.816215753555298,-3.4712765216827393,-2.829237222671509,-2.2516114711761475,-1.7081210613250732,-1.1801642179489136,-0.8192693591117859,-0.7171818614006042
0.19447126984596252,-0.04082363471388817,-0.45538997650146484,-0.8748987317085266,-1.1022862195968628,-1.04346764087677,-0.8780437707901001,-0.8795507550239563,-0.8942633271217346,-0.6771865487098694,-0.2712772786617279,0.010958070866763592,0.08658785372972488,0.24738003313541412,0.6779348254203796,1.3210479021072388,1.9368345737457275,2.3391246795654297,2.3577256202697754,1.9155110120773315,1.2124196290969849,0.5784711837768555,0.4812390208244324,0.2878358066082001,0.15489237010478973,0.17332935333251953,0.12032186985015869,-0.12008726596832275,-0.3939879834651947,-0.5859087705612183,-0.75084388256073,-1.0566438436508179,-1.3538328409194946,-1.561076283454895,-1.9884614944458008,-2.6656737327575684,-3.2690961360931396,-3.432711362838745,-3.1034207344055176,-2.5703041553497314,-2.0448620319366455,-1.6170837879180908,-1.381499171257019,-1.2359803915023804
1.1338026523590088,0.9673559665679932,0.7873757481575012,0.48194071650505066,0.24345234036445618,0.21225880086421967,0.2569575309753418,0.19386069476604462,0.08724778890609741,0.16405145823955536,0.48370006680488586,0.947420060634613,1.1895040273666382,1.1961718797683716,1.3113349676132202,1.6426758766174316,2.0375871658325195,2.29560923576355,2.409815549850464,2.2245001792907715,1.669943928718567,1.0249810218811035,0.8407365083694458,0.8340023159980774,0.5566190481185913,0.29706069827079773,0.16937562823295593,0.15427693724632263,0.12165087461471558,0.11247596144676208,0.07109284400939941,-0.22358478605747223,-0.6911503076553345,-0.994029700756073,-1.1965138912200928,-1.5590976476669312,-2.0283336639404297,-2.3858871459960938,-2.47453236579895,-2.329653263092041,-2.1627869606018066,-2.1833581924438477,-2.2099153995513916,-1.9466747045516968
2.1143124103546143,2.0162694454193115,2.1057496070861816,2.15303111076355,2.1045987606048584,2.1033775806427,2.097608804702759,1.9011714458465576,1.5424137115478516,1.2906073331832886,1.273611068725586,1.5168758630752563,1.8302239179611206,2.0044853687286377,2.115508556365967,2.2467968463897705,2.3364994525909424,2.2835638523101807,2.270357131958008,2.3438029289245605,2.136286497116089,1.657608151435852,1.4516335725784302,1.6548842191696167,1.6131929159164429,1.2443171739578247,0.8693583011627197,0.73637855052948,0.831671953201294,1.0240904092788696,1.0229604244232178,0.6279041171073914,0.012818261981010437,-0.41034820675849915,-0.6069858074188232,-0.7596545815467834,-0.9160293936729431,-1.158575177192688,-1.439892292022705,-1.5888375043869019,-1.7453453540802002,-2.1477346420288086,-2.474452495574951,-2.259634256362915
3.180135726928711,3.1376962661743164,3.179594039916992,3.3318018913269043,3.535046339035034,3.728839874267578,3.84248423576355,3.6972296237945557,3.2973008155822754,2.8535726070404053,2.4941728115081787,2.3035776615142822,2.321058750152588,2.510188102722168,2.740089178085327,2.8877553939819336,2.9016852378845215,2.686094045639038,2.376999855041504,2.401928424835205,2.628185749053955,2.6074140071868896,2.4224586486816406,2.557343006134033,2.897355318069458,3.015082836151123,2.7724649906158447,2.3202476501464844,2.054410696029663,2.1009981632232666,2.099966049194336,1.7118189334869385,1.0960863828659058,0.5857923626899719,0.21042583882808685,-0.060946397483348846,-0.19907942414283752,-0.37079837918281555,-0.6710577011108398,-0.9188083410263062,-1.0825881958007812,-1.4418113231658936,-1.9530116319656372,-2.06939959526062
3.79825496673584,4.044920444488525,4.0785298347473145,4.1188859939575195,4.2888946533203125,4.602505207061768,4.927292823791504,5.035600662231445,4.855007171630859,4.536388397216797,4.15512228012085,3.7429392337799072,3.4264421463012695,3.31070876121521,3.362233877182007,3.4829628467559814,3.5912587642669678,3.5196402072906494,3.156961679458618,2.883237838745117,3.1031649112701416,3.573199510574341,3.7180917263031006,3.714682102203369,4.0375285148620605,4.435865879058838,4.4478044509887695,4.007271766662598,3.477877140045166,3.191760778427124,3.0481395721435547,2.7568917274475098,2.320406436920166,1.848671555519104,1.3103833198547363,0.7813433408737183,0.39908841252326965,0.0763406977057457,-0.24461007118225098,-0.4680524170398712,-0.5423281192779541,-0.6441360116004944,-1.028264045715332,-1.3833800554275513
4.186849594116211,4.676836967468262,4.902218341827393,4.992766857147217,5.092779636383057,5.338271617889404,5.693645477294922,5.975698471069336,5.989599704742432,5.805869102478027,5.5704874992370605,5.265193939208984,4.918163776397705,4.630032062530518,4.416125297546387,4.292762279510498,4.3060479164123535,4.3749189376831055,4.2259063720703125,3.8880341053009033,3.801576852798462,4.212499618530273,4.768374443054199,5.017241954803467,5.162126541137695,5.383488178253174,5.39974308013916,5.019175052642822,4.520995140075684,4.1618781089782715,3.89486026763916,3.518477201461792,3.154569625854492,2.814952850341797,2.312776565551758,1.7072420120239258,1.2404580116271973,0.8166996836662292,0.40645256638526917,0.06462449580430984,-0.10294636338949203,-0.11443258076906204,-0.13608603179454803,-0.29580163955688477
4.668793678283691,5.167159557342529,5.57874059677124,5.817928791046143,5.968470096588135,6.163895606994629,6.470012664794922,6.75547456741333,6.862802982330322,6.776346683502197,6.616755962371826,6.440902233123779,6.212661266326904,5.930014610290527,5.610117435455322,5.317458152770996,5.20211124420166,5.1926164627075195,5.133673667907715,4.971532821655273,4.7936110496521,4.8525872230529785,5.254395961761475,5.7650227546691895,6.0880961418151855,6.213974475860596,6.086254119873047,5.742433547973633,5.348979473114014,5.026922225952148,4.7106523513793945,4.1365156173706055,3.5637736320495605,3.1653950214385986,2.832669973373413,2.49302339553833,2.2034707069396973,1.9380993843078613,1.5985229015350342,1.1830016374588013,0.7811848521232605,0.5588386654853821,0.6344268321990967,0.8342512249946594
5.390768051147461,5.563169002532959,5.9467597007751465,6.341990947723389,6.630876541137695,6.916417121887207,7.2317094802856445,7.5096964836120605,7.6852498054504395,7.769932270050049,7.744162082672119,7.620595932006836,7.4177165031433105,7.122331619262695,6.724489212036133,6.326408386230469,6.143858432769775,6.102422714233398,6.0724053382873535,5.974435806274414,5.763586521148682,5.59327507019043,5.734018802642822,6.145978927612305,6.5509033203125,6.766011714935303,6.745810508728027,6.506491661071777,6.216792106628418,5.913829803466797,5.49342679977417,4.804563522338867,4.008063316345215,3.4034006595611572,3.1029586791992188,3.0089900493621826,2.957211494445801,2.9122886657714844,2.8407936096191406,2.6336169242858887,2.2720491886138916,1.9094356298446655,1.790810227394104,1.9476572275161743
6.14301872253418,6.215701103210449,6.480291366577148,6.906665325164795,7.2954792976379395,7.5940141677856445,7.892210006713867,8.274897575378418,8.669275283813477,8.985196113586426,9.150308609008789,9.134988784790039,8.914810180664062,8.491477012634277,7.951866149902344,7.487990379333496,7.227355480194092,7.119552135467529,7.0764055252075195,6.9954962730407715,6.764191150665283,6.508975028991699,6.493699550628662,6.732011318206787,7.019001007080078,7.172957420349121,7.246104717254639,7.194360256195068,7.064863681793213,6.82841157913208,6.326165676116943,5.577004432678223,4.7590107917785645,4.085179328918457,3.7303333282470703,3.671632766723633,3.70676326751709,3.7705271244049072,3.850282669067383,3.887139320373535,3.829318046569824,3.636326551437378,3.3870623111724854,3.236919641494751
6.858861923217773,6.808096408843994,7.119030475616455,7.694159507751465,8.215383529663086,8.540337562561035,8.820561408996582,9.300787925720215,9.914462089538574,10.42418098449707,10.733041763305664,10.853602409362793,10.710285186767578,10.22748851776123,9.57140827178955,8.969449996948242,8.534510612487793,8.261669158935547,8.113324165344238,8.03554630279541,7.89907169342041,7.636209487915039,7.437772750854492,7.446169853210449,7.596136093139648,7.715365886688232,7.791001319885254,7.79813289642334,7.743262767791748,7.57253360748291,7.152415752410889,6.490695953369141,5.803110599517822,5.278422832489014,4.994783878326416,4.911314964294434,4.905555248260498,4.914034366607666,4.921660423278809,4.95872688293457,5.065338134765625,5.165397644042969,5.123958110809326,4.936852931976318
8.096643447875977,7.89117956161499,8.008527755737305,8.517644882202148,9.118417739868164,9.580967903137207,9.978302001953125,10.489200592041016,11.148963928222656,11.777114868164062,12.227843284606934,12.474546432495117,12.458959579467773,12.094021797180176,11.450920104980469,10.706280708312988,10.03248405456543,9.528454780578613,9.210755348205566,9.092340469360352,9.049724578857422,8.85240364074707,8.504701614379883,8.224115371704102,8.14950180053711,8.284137725830078,8.42333984375,8.40125846862793,8.260709762573242,8.085139274597168,7.8018035888671875,7.355004787445068,6.960110187530518,6.771358966827393,6.726492881774902,6.714890480041504,6.678646087646484,6.590100288391113,6.455324649810791,6.335484981536865,6.2963457107543945,6.424470901489258,6.617248058319092,6.6792521476745605
9.393304824829102,9.481831550598145,9.494887351989746,9.68720531463623,10.056397438049316,10.503029823303223,11.015470504760742,11.581759452819824,12.168073654174805,12.738747596740723,13.249451637268066,13.649267196655273,13.842647552490234,13.699772834777832,13.22534465789795,12.522662162780762,11.736523628234863,11.019316673278809,10.503459930419922,10.233428955078125,10.139228820800781,9.962251663208008,9.563017845153809,9.137587547302246,8.880691528320312,8.878349304199219,8.99644660949707,9.016071319580078,8.858120918273926,8.632570266723633,8.399974822998047,8.174967765808105,8.071731567382812,8.211705207824707,8.493555068969727,8.70370101928711,8.749013900756836,8.660741806030273,8.494208335876465,8.244973182678223,7.965285778045654,7.848062038421631,7.997316360473633,8.191312789916992
10.32118034362793,10.746908187866211,11.034468650817871,11.246095657348633,11.51858139038086,11.909050941467285,12.35590934753418,12.80496597290039,13.242996215820312,13.655043601989746,14.054337501525879,14.448944091796875,14.780555725097656,14.92108154296875,14.773819923400879,14.2861967086792,13.52883243560791,12.699775695800781,11.996827125549316,11.536087036132812,11.273725509643555,10.984894752502441,10.558777809143066,10.144099235534668,9.894814491271973,9.810935020446777,9.755821228027344,9.689568519592285,9.586658477783203,9.473718643188477,9.360642433166504,9.30996322631836,9.362052917480469,9.602437973022461,9.988009452819824,10.37325668334961,10.60753345489502,10.645201683044434,10.526158332824707,10.24335765838623,9.87917709350586,9.62165355682373,9.607368469238281,9.716365814208984
