data/wind_data/wind_34_6.json
{"header": {"parameterUnit": "KT", "parameterCategory": 2, "nx": 256, "ny": 198, "lo1": 44.73521041870117, "la1": -3.236724853515625, "lo2": 111.26478576660156, "la2": 43.468475341796875, "dx": 0.2609002888202667, "dy": -0.23708222806453705, "refTime": "2025-02-20 10:00:00", "forecastTime": 0, "parameterNumber": 2, "parameterNumberName": "eastward_wind"}, "data":
[rows 160 to 179 of 198, columns 132 to 175 of 256]
41.12041091918945,45.15435791015625,47.13620376586914,46.996429443359375,47.18589401245117,46.910282135009766,43.860504150390625,39.51304626464844,36.835113525390625,35.5791015625,34.98096466064453,33.603248596191406,32.27715301513672,30.165761947631836,26.796140670776367,22.893585205078125,21.03363800048828,19.148794174194336,23.365589141845703,24.514041900634766,32.88935852050781,34.588401794433594,31.200580596923828,28.091981887817383,26.78205680847168,23.995311737060547,22.287200927734375,25.341373443603516,30.165687561035156,32.966148376464844,32.52386474609375,30.711212158203125,31.090078353881836,34.21622848510742,38.78043746948242,42.34485626220703,45.360530853271484,47.95580291748047,48.24102783203125,47.9583740234375,48.40568161010742,48.847286224365234,48.722190856933594,48.853240966796875
37.888404846191406,39.84605407714844,41.60111618041992,42.625431060791016,44.91910171508789,46.93116760253906,46.251007080078125,43.86624526977539,41.092350006103516,38.7386360168457,38.12708282470703,34.68394088745117,28.817434310913086,29.26566505432129,32.70675277709961,28.060659408569336,25.762983322143555,22.371313095092773,11.500702857971191,14.60933780670166,24.44676399230957,33.572120666503906,32.57334899902344,27.13753890991211,27.709014892578125,29.27937126159668,29.356245040893555,30.995563507080078,34.80364227294922,36.63034439086914,38.00946044921875,39.22623062133789,42.154422760009766,44.60640335083008,48.78303146362305,50.57810974121094,49.77305221557617,48.19875717163086,48.00946807861328,48.801815032958984,49.462398529052734,50.097923278808594,50.39002990722656,50.31993865966797
38.766143798828125,41.069950103759766,43.05556869506836,45.08403015136719,47.63447952270508,49.42692565917969,49.09539031982422,46.8415412902832,43.38404083251953,40.80990219116211,40.63227081298828,35.07948303222656,26.24759292602539,27.999156951904297,35.22012710571289,34.2765998840332,29.526823043823242,24.82338523864746,11.83123779296875,9.658315658569336,19.744022369384766,28.941627502441406,28.306228637695312,24.249168395996094,27.95105743408203,29.699533462524414,30.057754516601562,35.26247024536133,39.40450668334961,40.67082977294922,41.965965270996094,43.62696075439453,44.69469451904297,45.16676712036133,46.2287712097168,46.96765899658203,47.374202728271484,48.23655319213867,49.286380767822266,49.824161529541016,50.347938537597656,50.99126052856445,51.16093444824219,50.859222412109375
41.027137756347656,43.30720138549805,45.33274459838867,47.32697296142578,48.718849182128906,48.55156707763672,47.19816207885742,45.6606330871582,43.204219818115234,42.17325973510742,43.112464904785156,37.87461853027344,28.996414184570312,29.37737274169922,34.57566833496094,35.71318054199219,32.51068115234375,27.81360626220703,19.303478240966797,11.032939910888672,15.467689514160156,23.261220932006836,26.581926345825195,25.737751007080078,25.74262237548828,25.063417434692383,30.917224884033203,39.82831954956055,42.73402786254883,42.896514892578125,43.45115280151367,44.44601058959961,44.800025939941406,44.32108688354492,44.03843307495117,45.09320831298828,47.302162170410156,49.08723831176758,49.69829559326172,50.4116096496582,51.58600616455078,52.01633834838867,51.49739074707031,51.08284378051758
41.05998611450195,42.00593948364258,42.761009216308594,43.88903045654297,44.84046173095703,44.29368591308594,43.80209732055664,44.10590744018555,43.235294342041016,43.33761215209961,45.65976333618164,42.60780715942383,33.1444091796875,30.028356552124023,33.378902435302734,34.632713317871094,32.71534729003906,29.714027404785156,25.286043167114258,17.546354293823242,15.101532936096191,20.2111873626709,24.0019474029541,27.07976531982422,29.590185165405273,32.84320831298828,38.67965316772461,42.935646057128906,44.124786376953125,44.813594818115234,45.40365982055664,46.03096389770508,47.414337158203125,47.25762176513672,45.84442138671875,45.86943817138672,46.88713455200195,48.06103515625,49.656959533691406,51.94252395629883,53.22840118408203,52.644065856933594,51.936561584472656,52.074466705322266
40.39537048339844,40.312931060791016,39.846351623535156,39.975772857666016,40.48390197753906,40.92620849609375,41.78579330444336,42.7698974609375,43.71310806274414,45.176998138427734,46.79289627075195,44.442535400390625,36.2186393737793,31.221050262451172,32.863922119140625,34.22031021118164,32.738128662109375,30.942646026611328,28.58183479309082,24.167285919189453,19.969526290893555,21.0413761138916,25.387636184692383,29.229137420654297,32.99989318847656,38.647132873535156,43.43465805053711,45.179771423339844,46.179691314697266,47.847755432128906,49.229774475097656,50.292354583740234,50.36361312866211,48.83451843261719,46.77830505371094,45.77490997314453,45.845916748046875,47.38692092895508,50.465999603271484,53.28702926635742,53.776573181152344,53.12763595581055,53.135704040527344,53.481163024902344
42.136775970458984,41.98295211791992,40.847015380859375,39.443172454833984,39.285606384277344,40.5005989074707,41.86637878417969,43.543968200683594,46.161224365234375,47.303619384765625,45.940792083740234,42.899681091308594,37.777618408203125,34.008975982666016,33.88847351074219,34.74852752685547,33.842247009277344,32.21855163574219,30.924457550048828,28.448001861572266,24.753173828125,24.5535888671875,30.000106811523438,34.97418975830078,39.02254104614258,43.683502197265625,47.365577697753906,49.337852478027344,50.26668167114258,50.60678482055664,50.97422790527344,51.531063079833984,51.406097412109375,49.5791015625,47.043521881103516,45.818790435791016,46.28287887573242,48.36628341674805,51.52446365356445,53.313846588134766,53.72285079956055,54.42008972167969,55.16862487792969,55.33280563354492
45.3065185546875,44.95144271850586,43.69388198852539,42.511226654052734,43.10588073730469,44.71826171875,45.8575553894043,46.92809295654297,47.6782341003418,46.07953643798828,42.764991760253906,40.08975601196289,38.14471435546875,36.28530502319336,35.05845260620117,35.01801300048828,34.7966194152832,33.07857894897461,31.472064971923828,30.182926177978516,28.001705169677734,28.43073844909668,33.632442474365234,39.35283279418945,44.065494537353516,47.987030029296875,50.217247009277344,50.83538055419922,51.27376174926758,51.74869918823242,51.78506851196289,51.76503372192383,51.039634704589844,48.93989562988281,47.133155822753906,46.59891128540039,47.79301452636719,50.35133361816406,52.221534729003906,52.94575119018555,54.02075958251953,56.27595138549805,57.82223892211914,58.00644302368164
46.847930908203125,47.73115539550781,48.036285400390625,48.350440979003906,48.60628128051758,47.64344024658203,45.59799575805664,44.0268669128418,43.09720230102539,41.13671875,38.498069763183594,37.33308410644531,37.16791915893555,36.32720184326172,35.407997131347656,35.3348503112793,35.23435974121094,33.60070037841797,31.1411190032959,30.21347999572754,30.670921325683594,32.54450225830078,36.425453186035156,41.2130241394043,45.6795539855957,49.085060119628906,50.95069885253906,51.74436950683594,52.67012023925781,53.67608642578125,54.27433776855469,54.04948043823242,51.79536819458008,48.748390197753906,47.41139602661133,48.15185546875,50.09393310546875,51.89387130737305,53.11855697631836,54.165645599365234,55.32429122924805,57.94893264770508,59.83058547973633,59.91622543334961
49.195343017578125,49.9583854675293,49.36836624145508,47.65056228637695,44.51206588745117,40.68077850341797,38.073246002197266,37.43947982788086,37.22257614135742,36.10734558105469,35.236778259277344,35.01085662841797,34.717323303222656,34.69044876098633,35.52280807495117,36.4167594909668,36.357421875,35.2685661315918,32.92816162109375,30.83637809753418,31.36813735961914,34.29206848144531,38.11227798461914,41.969207763671875,45.479156494140625,48.21762466430664,49.819732666015625,50.992218017578125,52.37977981567383,53.481449127197266,53.76659393310547,52.57988739013672,49.85493087768555,47.624237060546875,47.65765380859375,49.60886764526367,52.158138275146484,53.9012336730957,55.31260681152344,56.5238037109375,57.10675048828125,59.40631866455078,61.708984375,60.849998474121094
46.78433609008789,43.89278030395508,40.27261734008789,36.439605712890625,33.23818588256836,31.72845458984375,31.893104553222656,32.61671447753906,33.0356330871582,33.608924865722656,33.26343536376953,31.998170852661133,32.02653884887695,33.8564453125,36.28937530517578,38.034549713134766,38.54606628417969,37.36473846435547,35.149208068847656,33.21353530883789,32.805484771728516,34.48116683959961,37.221065521240234,40.38618469238281,43.4660758972168,46.235172271728516,48.24483108520508,48.901275634765625,48.10045623779297,46.949031829833984,46.92732620239258,47.97611999511719,48.75862503051758,48.918819427490234,49.466461181640625,51.39289093017578,53.84562683105469,55.722900390625,57.603858947753906,58.35910415649414,58.10369110107422,60.88717269897461,62.91123580932617,61.70075225830078
34.615257263183594,31.286449432373047,28.197389602661133,26.398971557617188,26.307811737060547,27.462421417236328,29.194854736328125,30.80242347717285,32.06103515625,32.15678405761719,30.424678802490234,29.990243911743164,32.01698303222656,35.16246795654297,38.007137298583984,39.49062728881836,38.76461410522461,36.52606964111328,34.9576416015625,34.87803649902344,35.92963409423828,37.29049301147461,38.73126220703125,40.89096450805664,43.57930374145508,46.180362701416016,47.98434066772461,48.848716735839844,48.841331481933594,48.029273986816406,47.75206756591797,48.507171630859375,49.471004486083984,50.157588958740234,50.75114440917969,51.86585235595703,53.79591369628906,56.91148376464844,60.06510925292969,60.64265441894531,59.466365814208984,60.9627799987793,63.615055084228516,63.1732292175293
24.09230613708496,22.84324073791504,21.976871490478516,22.769399642944336,24.611948013305664,26.794113159179688,28.665952682495117,29.617862701416016,29.567243576049805,28.79025650024414,29.008773803710938,31.293315887451172,34.66521453857422,37.8612174987793,39.64829635620117,38.8110237121582,36.221004486083984,34.49568176269531,34.685279846191406,36.01512145996094,37.810157775878906,39.69630432128906,41.49055099487305,43.5103759765625,45.664100646972656,47.35011672973633,48.65499496459961,50.46873092651367,51.2675666809082,49.77334976196289,48.56422805786133,48.78157043457031,49.66108322143555,50.320045471191406,50.685997009277344,51.99146270751953,55.27494430541992,59.55466079711914,62.37760543823242,62.620689392089844,61.53323745727539,62.05137634277344,63.95936965942383,63.9354248046875
20.30675506591797,20.96636199951172,22.01140594482422,23.761186599731445,25.64617919921875,26.861234664916992,26.79588508605957,26.190431594848633,26.30257225036621,27.78908348083496,30.477663040161133,33.93490219116211,37.36804962158203,39.66506576538086,39.421810150146484,37.01844787597656,34.95633316040039,34.69942855834961,35.6727409362793,37.063560485839844,38.416683197021484,39.69786834716797,41.199440002441406,43.09022521972656,45.09626388549805,47.32453536987305,50.194339752197266,51.45773696899414,49.53370666503906,48.096435546875,48.581241607666016,49.13931655883789,49.287139892578125,49.64179992675781,50.948486328125,53.85017395019531,58.0386848449707,61.85470199584961,63.659568786621094,64.0895767211914,64.07710266113281,64.21955108642578,64.66439819335938,64.70417785644531
19.79922866821289,21.626012802124023,23.110177993774414,24.51441764831543,25.504100799560547,25.770841598510742,25.510305404663086,25.965526580810547,27.503952026367188,29.898622512817383,32.731689453125,35.87560272216797,38.67228317260742,39.58782196044922,38.29021072387695,36.92722702026367,37.04686737060547,37.6947021484375,37.846683502197266,37.604915618896484,37.455421447753906,37.83626174926758,39.013545989990234,40.92371368408203,43.744564056396484,46.96382522583008,47.43872833251953,45.20878601074219,45.13813400268555,47.33295822143555,48.60134506225586,48.77762985229492,49.56219482421875,51.351627349853516,53.845184326171875,57.053131103515625,60.35808563232422,62.756378173828125,64.22933197021484,65.65226745605469,66.67863464355469,66.22493743896484,65.2734146118164,65.51933288574219
19.675729751586914,20.651260375976562,21.20265769958496,22.280088424682617,23.760141372680664,25.284650802612305,26.734577178955078,28.213191986083984,30.093542098999023,32.230438232421875,34.53498840332031,36.9990234375,38.588497161865234,38.61072540283203,38.43280792236328,39.437255859375,40.6058349609375,40.214866638183594,38.1895866394043,36.084632873535156,35.327354431152344,36.18891906738281,37.99291229248047,40.37770462036133,41.936466217041016,40.464168548583984,38.719390869140625,40.854190826416016,44.740867614746094,47.23245620727539,48.04338836669922,49.17112350463867,51.415321350097656,54.210205078125,56.928096771240234,59.58210372924805,62.012901306152344,63.90871810913086,65.75574493408203,67.8138656616211,68.4960708618164,67.19540405273438,66.06271362304688,66.13919830322266
20.140243530273438,20.05828857421875,20.141082763671875,21.27968978881836,23.242877960205078,25.52338409423828,27.7804012298584,30.101781845092773,32.23719024658203,33.855289459228516,35.494407653808594,37.053646087646484,38.07149887084961,39.2171516418457,41.04427719116211,42.52733612060547,42.073944091796875,39.73378372192383,36.90119171142578,35.12425994873047,34.99027633666992,36.15232849121094,37.966758728027344,38.16361999511719,36.45174789428711,36.39967346191406,38.99003601074219,42.63673400878906,45.688846588134766,47.29148864746094,48.70567321777344,50.97246551513672,53.910831451416016,56.752628326416016,59.16178512573242,61.304176330566406,63.272705078125,65.374755859375,67.89019012451172,69.59394073486328,68.85331726074219,67.00016021728516,66.45848083496094,66.49101257324219
20.896137237548828,21.642250061035156,22.67198944091797,23.995237350463867,25.556856155395508,27.52802276611328,29.83307456970215,32.15214157104492,34.00136184692383,35.3322868347168,36.505130767822266,37.854915618896484,39.81793975830078,42.22059631347656,43.620018005371094,43.01490783691406,40.912593841552734,38.363067626953125,36.408660888671875,35.62765884399414,36.19182586669922,37.07805252075195,36.18764114379883,35.50467300415039,36.8474235534668,39.09098815917969,41.93578338623047,44.86526870727539,46.86402893066406,48.310611724853516,50.42929458618164,53.488800048828125,56.6275749206543,59.06388473510742,61.04711151123047,62.96883773803711,65.087646484375,67.6847915649414,69.80812072753906,69.76881408691406,67.82516479492188,66.56793975830078,66.74886322021484,66.68690490722656
22.373037338256836,24.399991989135742,26.73218536376953,28.4659423828125,29.563873291015625,30.823122024536133,32.68217086791992,34.82712173461914,36.664485931396484,37.9918212890625,39.35154342651367,41.31053924560547,43.40583038330078,44.2578239440918,43.285186767578125,41.61198806762695,40.09612274169922,38.776546478271484,37.81582260131836,37.55855178833008,38.15477752685547,37.945281982421875,36.585166931152344,37.06374740600586,39.23440170288086,41.637454986572266,44.1805305480957,46.66630935668945,48.76415252685547,50.75702667236328,53.40569305419922,56.59183120727539,59.31769943237305,61.35304641723633,63.140846252441406,64.8474349975586,66.95049285888672,69.17486572265625,69.8727798461914,68.48066711425781,66.93204498291016,66.77930450439453,67.09537506103516,66.91899108886719
25.950061798095703,27.95956039428711,30.34220314025879,32.151947021484375,33.254188537597656,34.40975570678711,36.2098274230957,38.36125564575195,40.2994384765625,42.011474609375,43.82512283325195,45.0969123840332,44.428707122802734,42.23451614379883,40.940338134765625,40.52762985229492,39.79404067993164,39.15457534790039,38.806312561035156,38.6372184753418,38.14242935180664,37.27901840209961,37.30370330810547,38.70454788208008,40.77301788330078,43.16151428222656,45.90682601928711,48.70606231689453,51.08211898803711,53.258819580078125,55.7568244934082,58.321044921875,60.358612060546875,61.82771682739258,63.07889938354492,64.51114654541016,66.73998260498047,68.63601684570312,68.6622314453125,67.529541015625,66.97157287597656,67.17255401611328,67.35160064697266,67.50231170654297
