data/wind_data/wind_51_3.json
{"header": {"parameterUnit": "KT", "parameterCategory": 2, "nx": 256, "ny": 198, "lo1": 44.73521041870117, "la1": -3.236724853515625, "lo2": 111.26478576660156, "la2": 43.468475341796875, "dx": 0.2609002888202667, "dy": -0.23708222806453705, "refTime": "2025-02-21 03:00:00", "forecastTime": 0, "parameterNumber": 2, "parameterNumberName": "eastward_wind"}, "data":
[rows 152 to 170 of 198, columns 44 to 87 of 256]
5.19881534576416,4.062830448150635,3.99580979347229,4.142938613891602,4.158906936645508,-0.7388033270835876,-8.709223747253418,-9.936293601989746,-0.4054310619831085,0.7374535202980042,-3.193732738494873,-7.066726207733154,-9.147420883178711,-9.274031639099121,-6.451952934265137,-2.879492998123169,-2.7530481815338135,-3.141279935836792,-3.6180083751678467,-3.503026008605957,-3.47316575050354,-2.3071749210357666,-0.13108335435390472,1.1108518838882446,1.4612224102020264,0.007658497430384159,0.04609754681587219,0.8152418732643127,1.797677993774414,2.4464962482452393,3.376852035522461,5.4496307373046875,6.79008150100708,6.374146938323975,5.580023288726807,6.767073154449463,9.173833847045898,11.154767036437988,12.096305847167969,12.993915557861328,13.760017395019531,13.802372932434082,14.05029296875,14.14090633392334
8.33806324005127,7.304233074188232,7.345638751983643,6.327669620513916,3.2985825538635254,-2.739227056503296,-8.543615341186523,-6.778401851654053,1.9648200273513794,-2.6923623085021973,-5.5616302490234375,-6.999039649963379,-7.320254802703857,-6.680307865142822,-4.487934589385986,-3.162637710571289,-3.856234312057495,-3.749521493911743,-2.4978621006011963,-1.773828387260437,-2.53883957862854,-2.2033708095550537,-0.9538677334785461,-0.2738341987133026,-0.6818541884422302,-0.3106212913990021,1.236830472946167,1.5290275812149048,2.2992074489593506,3.9346444606781006,5.622234344482422,5.440360069274902,4.400751113891602,4.749410152435303,6.408578872680664,8.380975723266602,9.758857727050781,11.59237003326416,13.646188735961914,15.484930038452148,14.510623931884766,13.429956436157227,13.406691551208496,12.131952285766602
6.711365699768066,6.875791549682617,6.844424247741699,5.274722576141357,2.339503049850464,-1.2312326431274414,-3.973691701889038,-1.4708236455917358,-0.7471834421157837,-3.888336181640625,-4.412594318389893,-4.39224910736084,-4.635598659515381,-4.849682807922363,-4.586322784423828,-5.184515953063965,-4.890368938446045,-1.8130297660827637,1.492398977279663,2.1446101665496826,0.7989293336868286,-0.9874587059020996,-1.7384772300720215,-1.7424218654632568,-2.7146825790405273,-2.9329423904418945,-2.4646947383880615,-0.7276224493980408,2.2187466621398926,3.953099489212036,5.518062591552734,6.443020820617676,6.053737640380859,6.2105021476745605,7.2995171546936035,8.235770225524902,9.87568187713623,12.861077308654785,15.833686828613281,14.816109657287598,12.44362735748291,12.677433013916016,12.566534996032715,9.982070922851562
7.588181495666504,6.912046909332275,4.821410179138184,2.514892101287842,0.8133010864257812,0.9107280373573303,0.6705346703529358,-0.1307249367237091,-2.481126308441162,-3.6214871406555176,-3.9329376220703125,-3.230970859527588,-3.2164883613586426,-3.3177146911621094,-3.473071336746216,-4.8267693519592285,-5.007172584533691,0.039247434586286545,3.1290197372436523,3.7469727993011475,2.38010835647583,0.8845425844192505,-0.09359855949878693,-0.678703784942627,-1.2531243562698364,-1.726684331893921,-0.7165927290916443,3.2665464878082275,3.9705283641815186,3.9045801162719727,4.384031772613525,6.022183895111084,6.5785627365112305,6.510965347290039,7.4103922843933105,8.477227210998535,11.112761497497559,14.975808143615723,15.287272453308105,12.406512260437012,11.890448570251465,11.946161270141602,9.58302116394043,8.810745239257812
8.427913665771484,6.898029804229736,5.71346378326416,4.999980926513672,2.0834951400756836,2.5093460083007812,3.447080373764038,1.9195791482925415,-0.15574780106544495,-0.7498638033866882,-0.25915277004241943,-0.3639521300792694,-0.8580085039138794,-1.0170611143112183,-1.8507559299468994,-3.576032876968384,-2.305809736251831,1.5906875133514404,3.6282200813293457,4.165958404541016,3.2989683151245117,3.3152897357940674,2.7222375869750977,1.7722978591918945,1.9755947589874268,3.068817615509033,6.458924770355225,7.146121978759766,4.170905590057373,3.3247737884521484,4.433780193328857,5.544125080108643,5.738844394683838,6.271421432495117,8.399365425109863,10.91147232055664,13.51962661743164,15.883271217346191,13.703804016113281,11.230340003967285,11.650139808654785,10.539627075195312,6.665452480316162,10.701567649841309
8.414429664611816,7.6119489669799805,8.314416885375977,8.901069641113281,5.960805416107178,4.540063858032227,5.044654846191406,4.977016925811768,4.101558685302734,3.038320541381836,2.592029094696045,1.5235068798065186,0.13943852484226227,-0.9925370812416077,-2.2725627422332764,-1.4885220527648926,0.8589722514152527,2.5402770042419434,3.062908887863159,3.3960161209106445,3.486729383468628,4.034351825714111,4.112987995147705,2.7086737155914307,1.98751699924469,3.925027847290039,8.538604736328125,8.141969680786133,4.572900772094727,3.139599561691284,3.763850450515747,4.641599655151367,5.265059471130371,7.0290751457214355,9.702787399291992,12.243675231933594,13.792884826660156,14.43421459197998,12.323654174804688,9.8549165725708,8.184961318969727,7.646632671356201,8.916614532470703,12.418740272521973
9.040054321289062,8.293963432312012,9.50606918334961,9.900152206420898,8.101037979125977,5.858364105224609,4.202938556671143,3.7268877029418945,2.9054458141326904,1.695359706878662,0.9289944171905518,1.621993064880371,1.9224430322647095,0.5524401068687439,0.20485642552375793,2.4555184841156006,3.5872809886932373,2.853756904602051,1.4972293376922607,2.529784917831421,3.7833855152130127,4.049767971038818,4.4374098777771,3.7197751998901367,2.522360324859619,4.589498996734619,8.710561752319336,8.889375686645508,5.824676990509033,3.6067397594451904,3.2180652618408203,3.7816126346588135,4.974284648895264,5.926689147949219,6.873438835144043,8.673524856567383,11.001747131347656,10.400519371032715,9.649261474609375,10.082296371459961,11.158756256103516,11.726982116699219,11.149438858032227,11.51572322845459
10.210905075073242,7.839178562164307,6.867432594299316,5.484821796417236,4.7696051597595215,3.863658905029297,1.869476079940796,1.4989464282989502,0.3802317976951599,1.3258734941482544,0.8028042912483215,1.0271562337875366,1.2984567880630493,0.8626027703285217,2.713899612426758,4.247437953948975,4.185744285583496,2.716174602508545,1.910858154296875,2.764821767807007,3.584747314453125,3.7235794067382812,4.285398483276367,4.585417747497559,4.577962875366211,6.084588527679443,8.096113204956055,7.60571813583374,5.521464824676514,4.279957294464111,4.024466514587402,4.112826824188232,4.105348110198975,4.601066589355469,6.123598575592041,6.04241943359375,6.521200180053711,9.277990341186523,11.478730201721191,11.947924613952637,11.372300148010254,10.599721908569336,10.124524116516113,10.469667434692383
10.471759796142578,7.973458766937256,4.674380779266357,2.479233980178833,1.6366208791732788,1.689849853515625,1.5243208408355713,1.7258663177490234,0.8237079381942749,2.370631456375122,2.4651615619659424,1.4752719402313232,1.2002432346343994,2.4615046977996826,3.642524242401123,4.488804340362549,4.059323310852051,2.9307234287261963,2.8841068744659424,2.9704349040985107,2.7654483318328857,2.925312042236328,4.159242153167725,5.403991222381592,6.458998680114746,7.4809417724609375,7.266641139984131,5.826718330383301,4.886387825012207,4.744904041290283,4.810441970825195,4.1450066566467285,3.9157612323760986,5.7155561447143555,5.828919887542725,5.819358825683594,7.6952223777771,9.411970138549805,9.857596397399902,9.363277435302734,8.811479568481445,7.83638334274292,7.566323280334473,9.063920021057129
11.525267601013184,10.00260066986084,6.052333354949951,5.029587745666504,4.768248558044434,3.216195821762085,1.2400784492492676,1.0135319232940674,2.2745230197906494,3.4003992080688477,3.2591166496276855,1.5464805364608765,2.2395548820495605,2.3458943367004395,3.3782644271850586,3.245248794555664,2.930640935897827,3.04123854637146,4.5458455085754395,3.8796727657318115,2.388326406478882,2.1520066261291504,3.5912954807281494,5.186199188232422,6.390873432159424,6.7979912757873535,5.750075817108154,4.671759605407715,4.545906066894531,4.876979351043701,4.970581531524658,4.586997985839844,5.284886360168457,6.164305686950684,6.11216402053833,6.28216552734375,7.200395107269287,7.271029949188232,7.534220218658447,7.821637153625488,6.789779186248779,5.296280860900879,6.701249122619629,8.60069751739502
12.395476341247559,11.834077835083008,9.256854057312012,9.282768249511719,9.135238647460938,6.959173202514648,3.318300724029541,2.1296606063842773,3.655431032180786,4.135913372039795,3.379228353500366,3.0481417179107666,3.235773801803589,2.6318142414093018,1.9066087007522583,0.5789856910705566,1.5874395370483398,4.3931145668029785,6.497181415557861,4.711584091186523,2.724757432937622,2.0059447288513184,2.644249439239502,3.5414204597473145,4.303536891937256,4.514260292053223,4.0635294914245605,3.8022875785827637,4.246065616607666,4.764736175537109,4.936216354370117,5.464288711547852,4.891657829284668,5.5397138595581055,6.151309013366699,6.381040573120117,6.202380180358887,5.8636040687561035,6.1204514503479,5.850881576538086,4.69989013671875,4.37539529800415,6.510564804077148,7.541958808898926
11.377344131469727,9.238957405090332,7.199385643005371,6.503039360046387,5.876961708068848,5.345354080200195,4.4248151779174805,5.26948881149292,5.991470813751221,5.445491790771484,4.2060441970825195,4.362005710601807,3.6378445625305176,2.4334359169006348,1.2951045036315918,1.9251211881637573,3.957257032394409,5.576714992523193,5.8881611824035645,4.272284030914307,2.7976088523864746,2.0145087242126465,1.7339239120483398,2.08575701713562,2.701261281967163,2.8301799297332764,2.929889678955078,3.4165894985198975,4.175555229187012,4.679189205169678,5.256494998931885,5.570647239685059,3.9204680919647217,4.289765357971191,4.987118721008301,5.436651229858398,5.188642501831055,4.549820899963379,3.8613810539245605,3.234377384185791,3.3025472164154053,3.846550226211548,4.309089660644531,4.228025436401367
11.005030632019043,9.216736793518066,5.615401744842529,2.8983778953552246,1.7247247695922852,4.33212423324585,6.867325782775879,7.790173053741455,6.936750411987305,5.4357829093933105,4.721206188201904,3.831312417984009,4.3407301902771,5.588857173919678,4.841306209564209,3.071199893951416,3.3083949089050293,3.7263970375061035,3.7036616802215576,3.1933324337005615,2.352870464324951,2.607983350753784,2.222726583480835,1.7629971504211426,1.9642120599746704,2.138044595718384,2.5046331882476807,3.3202576637268066,4.243265151977539,4.746124267578125,5.373757362365723,4.668524742126465,1.9320735931396484,2.541975498199463,3.368640422821045,3.76712965965271,3.3550071716308594,2.4775753021240234,2.1398682594299316,2.229752779006958,2.5572776794433594,2.2826833724975586,0.38057342171669006,-0.8118026256561279
12.11855697631836,12.003931045532227,10.309303283691406,7.817383766174316,6.401083946228027,7.0399956703186035,7.834290027618408,7.034136772155762,6.133992671966553,5.128848075866699,4.0486249923706055,4.620209693908691,5.883397579193115,3.784823179244995,2.7728114128112793,1.7886179685592651,1.4538681507110596,1.853932499885559,2.0196306705474854,1.9080809354782104,1.8491384983062744,3.052288770675659,2.9109573364257812,1.2944865226745605,0.7661371231079102,1.2096500396728516,2.0698235034942627,2.8409135341644287,3.3039495944976807,3.9094791412353516,4.271246910095215,1.5081197023391724,-0.41242069005966187,0.552980363368988,1.49446439743042,1.5475430488586426,1.142616868019104,1.0695327520370483,1.7674047946929932,2.2813220024108887,2.1225194931030273,1.3731709718704224,-0.5761139392852783,-2.9825589656829834
12.428609848022461,12.96904182434082,13.495867729187012,13.94840145111084,13.05046272277832,8.757760047912598,5.28528356552124,5.467813014984131,4.545133590698242,3.6302905082702637,3.0987486839294434,4.83621072769165,2.4796972274780273,3.0588672161102295,0.6999143362045288,-0.4524211585521698,0.1759488880634308,0.4620453417301178,1.0877622365951538,1.2654221057891846,1.5634907484054565,2.098174810409546,1.771710991859436,-0.3155423402786255,-0.790759801864624,0.2133079320192337,0.9563944339752197,1.1943527460098267,1.679382562637329,2.3226747512817383,0.8809334635734558,-1.7894538640975952,-1.9235340356826782,-1.1993987560272217,-0.6097410321235657,-0.41111448407173157,-0.15804514288902283,0.4320223331451416,1.4137498140335083,2.1530730724334717,2.1633553504943848,1.9315894842147827,-0.7631691694259644,-3.8887386322021484
6.306777000427246,7.614457130432129,8.239301681518555,7.124024868011475,6.074237823486328,4.5024943351745605,4.011597156524658,4.379444122314453,3.558656930923462,4.2138285636901855,4.480555534362793,1.885881781578064,1.6037553548812866,1.7174946069717407,-0.2525308132171631,-1.0865767002105713,-0.638778805732727,-0.3907112181186676,0.7114279270172119,1.0980141162872314,1.021484613418579,0.8910230398178101,0.2122350037097931,-1.54994535446167,-1.5153461694717407,-0.7822030186653137,-0.5566628575325012,-0.484501451253891,-0.2189169079065323,-0.8216378092765808,-2.8177099227905273,-3.7184269428253174,-3.233675718307495,-2.581698179244995,-1.8767585754394531,-1.1589049100875854,-0.47023025155067444,0.058373358100652695,0.7226415276527405,1.2904980182647705,3.0792908668518066,0.6917257905006409,-3.437229633331299,-5.351001262664795
-0.3990841209888458,1.275956392288208,1.1331671476364136,0.3215603530406952,0.6659404635429382,2.666069984436035,3.9833245277404785,5.054274082183838,4.708373546600342,3.63596773147583,1.9228847026824951,0.0584811270236969,0.132806658744812,0.09774211794137955,-0.2290361076593399,-0.9424854516983032,-1.114680290222168,-0.4098320007324219,0.6867462396621704,0.8200939893722534,0.4344378709793091,0.2917967140674591,-0.5086911916732788,-1.8209152221679688,-1.9125787019729614,-1.9455156326293945,-2.52799654006958,-2.7019896507263184,-3.114121913909912,-4.255411148071289,-5.182069778442383,-4.843754291534424,-4.0505218505859375,-3.099398612976074,-2.197173595428467,-1.4531928300857544,-0.6817185878753662,-0.24289464950561523,0.9105768799781799,2.1020514965057373,4.304718494415283,1.2667932510375977,-4.571419715881348,-5.584551811218262
-2.376546859741211,-0.7909913063049316,0.8972985744476318,2.1093358993530273,2.4325268268585205,3.68056058883667,4.173782825469971,3.3451802730560303,1.1633926630020142,-0.3845008611679077,-1.3610447645187378,-1.9510514736175537,-2.095607280731201,-0.9218642711639404,-0.00825874786823988,-0.6840797662734985,-0.9277533888816833,0.16507300734519958,1.0045063495635986,0.7464174032211304,0.6304522752761841,0.18766972422599792,-1.0124651193618774,-1.8641865253448486,-2.7982661724090576,-4.221488952636719,-5.179970741271973,-5.235317707061768,-5.631288051605225,-6.189734935760498,-6.044154644012451,-5.128545761108398,-4.087822437286377,-3.1472606658935547,-2.5116610527038574,-2.235928535461426,-1.6891491413116455,-0.7330635190010071,0.8957964777946472,3.342082977294922,4.45688009262085,4.815374374389648,-1.5000557899475098,-5.625384330749512
-1.7944986820220947,0.14067235589027405,1.790028691291809,3.1087353229522705,4.511340141296387,3.320380210876465,0.27998408675193787,-1.3570188283920288,-2.358193874359131,-2.2950429916381836,-2.278345823287964,-2.659987449645996,-2.5978312492370605,-0.8701257109642029,0.16610778868198395,-0.20083224773406982,-0.3458024263381958,0.772461473941803,1.4438815116882324,1.1687206029891968,1.1023602485656738,-0.1601140797138214,-1.2719236612319946,-2.4517412185668945,-4.7198004722595215,-6.512507915496826,-6.669010639190674,-6.650259494781494,-6.70551872253418,-6.698997974395752,-6.0139031410217285,-5.043221473693848,-4.093843936920166,-3.4476327896118164,-3.1644022464752197,-3.2009267807006836,-2.594548225402832,-0.8808499574661255,0.725625216960907,3.004498243331909,5.044956684112549,6.287413597106934,6.2828850746154785,0.7226585149765015
