data/wind_data/wind_38_7.json
{"header": {"parameterUnit": "KT", "parameterCategory": 2, "nx": 256, "ny": 198, "lo1": 44.73521041870117, "la1": -3.236724853515625, "lo2": 111.26478576660156, "la2": 43.468475341796875, "dx": 0.2609002888202667, "dy": -0.23708222806453705, "refTime": "2025-02-20 14:00:00", "forecastTime": 0, "parameterNumber": 2, "parameterNumberName": "eastward_wind"}, "data":
[rows 120 to 139 of 198, columns 88 to 131 of 256]
86.5447769165039,85.69151306152344,84.41259002685547,83.87830352783203,83.86834716796875,84.22298431396484,85.1431655883789,86.5,87.68045806884766,88.20787811279297,88.29098510742188,88.48177337646484,89.04817199707031,89.99681854248047,91.24267578125,92.60658264160156,93.82335662841797,94.70448303222656,95.26217651367188,95.59000396728516,95.76731872558594,95.90381622314453,96.1986083984375,96.81967163085938,97.63973236083984,98.2166976928711,98.30453491210938,98.25065612792969,98.49153900146484,99.04798889160156,99.6715087890625,100.15727996826172,100.5051498413086,100.79622650146484,101.14967346191406,101.69950866699219,102.32141876220703,102.8998031616211,103.40715026855469,103.55897521972656,104.02519226074219,104.14984893798828,102.42868041992188,100.41495513916016
85.84038543701172,84.8337631225586,83.68299865722656,83.22935485839844,83.50775146484375,84.2361068725586,85.23676300048828,86.4530258178711,87.44756317138672,87.80924987792969,87.94817352294922,88.54942321777344,89.6564712524414,90.90444946289062,92.0895767211914,93.197998046875,94.17733764648438,94.9192886352539,95.38240051269531,95.63927459716797,95.84650421142578,96.15086364746094,96.64100646972656,97.38655853271484,98.31121826171875,98.96078491210938,98.88623809814453,98.41007995605469,98.29344177246094,98.80033874511719,99.61234283447266,100.40281677246094,101.126220703125,101.63984680175781,101.87821960449219,102.23670196533203,102.66987609863281,103.04421997070312,103.52204132080078,103.57005310058594,103.05613708496094,102.38573455810547,101.3548812866211,99.95860290527344
85.2267074584961,83.99230194091797,83.06997680664062,82.82075500488281,82.97113037109375,83.48161315917969,84.46553039550781,85.78462219238281,86.90219116210938,87.50411224365234,88.02302551269531,89.04012298583984,90.44441223144531,91.71449279785156,92.7253189086914,93.66472625732422,94.59124755859375,95.39031982421875,95.93037414550781,96.2223129272461,96.49205017089844,96.97152709960938,97.64727020263672,98.3912124633789,99.13731384277344,99.62726593017578,99.45514678955078,98.86184692382812,98.61439514160156,99.09046173095703,99.97948455810547,100.84187316894531,101.64506530761719,102.21773529052734,102.40589141845703,102.47019958496094,102.7205581665039,103.02847290039062,103.25176239013672,103.25259399414062,101.97818756103516,100.32304382324219,99.7333755493164,99.29337310791016
84.3606948852539,83.51678466796875,82.72276306152344,82.24226379394531,82.04610443115234,82.29544830322266,83.3177261352539,84.83100128173828,86.12003326416016,87.10353088378906,88.2446060180664,89.78145599365234,91.40753173828125,92.64691162109375,93.51024627685547,94.30682373046875,95.12049102783203,95.86692810058594,96.51726531982422,97.1136703491211,97.7389907836914,98.43169403076172,99.10121154785156,99.63037109375,100.02281188964844,100.23539733886719,100.11534118652344,99.79612731933594,99.68869018554688,100.03904724121094,100.77327728271484,101.5893783569336,102.4530029296875,103.0798568725586,103.25357055664062,103.04299926757812,102.87613677978516,103.10106658935547,103.33879089355469,102.87596893310547,100.87657928466797,98.93138885498047,98.68224334716797,99.34300994873047
82.8370361328125,82.83686065673828,82.40841674804688,81.69126892089844,81.15838623046875,81.37847900390625,82.58695220947266,84.24199676513672,85.6499252319336,86.91436004638672,88.46694946289062,90.3348388671875,92.16577911376953,93.59322357177734,94.62879943847656,95.44827270507812,95.98854064941406,96.29541015625,96.73918151855469,97.58195495605469,98.69429016113281,99.69022369384766,100.27291870117188,100.54231262207031,100.76138305664062,100.96611022949219,101.0220718383789,100.93779754638672,100.90950012207031,101.12156677246094,101.6673583984375,102.4636459350586,103.37599182128906,104.07176208496094,104.22825622558594,103.95323944091797,103.5362319946289,103.43951416015625,103.27334594726562,102.01815795898438,99.95372009277344,98.74397277832031,98.6881103515625,99.4526138305664
81.33512115478516,81.9026107788086,81.96536254882812,81.41866302490234,80.89630889892578,81.327880859375,82.77989959716797,84.43292999267578,85.80509948730469,87.18746948242188,88.7843246459961,90.45820617675781,92.18157958984375,93.91295623779297,95.44889068603516,96.54610443115234,96.93466186523438,96.84170532226562,96.9547348022461,97.6748046875,98.78521728515625,99.80721282958984,100.40484619140625,100.73464965820312,101.18543243408203,101.77079010009766,102.18699645996094,102.30986785888672,102.2717056274414,102.30726623535156,102.6048583984375,103.22193145751953,103.92562103271484,104.52200317382812,104.79640197753906,104.67194366455078,104.35236358642578,103.86939239501953,102.77500915527344,100.98194885253906,99.59333038330078,99.23680114746094,99.47666931152344,99.66412353515625
80.63240051269531,81.35309600830078,81.62696838378906,81.29558563232422,81.16090393066406,82.11054229736328,83.88743591308594,85.37384033203125,86.29759216308594,87.36103820800781,88.80791473388672,90.2073974609375,91.70236206054688,93.66966247558594,95.65190887451172,97.00094604492188,97.4847412109375,97.45662689208984,97.5153579711914,97.97607421875,98.68746948242188,99.44540405273438,100.24388885498047,101.0791244506836,101.8846664428711,102.60201263427734,103.15097045898438,103.467529296875,103.56843566894531,103.59088134765625,103.70492553710938,103.94088745117188,104.21786499023438,104.53665924072266,105.04389953613281,105.05941772460938,104.61073303222656,103.59619140625,102.05851745605469,100.40912628173828,99.88870239257812,99.6225357055664,99.23591613769531,99.21610260009766
80.5372085571289,81.27567291259766,81.45504760742188,81.2922134399414,81.64447021484375,83.0735855102539,85.06912994384766,86.27099609375,86.52765655517578,86.96188354492188,88.15568542480469,89.80950927734375,91.8315658569336,94.28729248046875,96.42388153076172,97.5304946899414,97.85694885253906,97.92023468017578,97.97251892089844,98.17871856689453,98.65217590332031,99.38582611083984,100.43775177001953,101.71180725097656,102.74263000488281,103.21649932861328,103.35987854003906,103.53276062011719,103.80561065673828,104.1312026977539,104.46662902832031,104.71963500976562,104.78858947753906,104.86824035644531,105.26121520996094,105.23096466064453,104.15728759765625,102.63927459716797,101.26995849609375,100.58110809326172,100.14321899414062,99.55824279785156,98.6128921508789,98.57217407226562
80.84590911865234,81.64366149902344,81.63701629638672,81.5179672241211,81.98522186279297,83.40755462646484,85.2048568725586,86.27086639404297,86.44583129882812,86.67012786865234,87.65375518798828,89.76676940917969,92.91694641113281,96.35601806640625,98.48865509033203,98.7637939453125,98.3664779663086,98.0810317993164,97.7208480834961,97.43040466308594,97.87842559814453,99.16564178466797,100.8546371459961,102.41702270507812,103.34305572509766,103.39002990722656,102.91666412353516,102.62586212158203,102.89979553222656,103.67084503173828,104.56869506835938,105.15715789794922,105.22826385498047,105.22604370117188,105.43003845214844,104.94921112060547,103.26569366455078,101.4101333618164,100.42389678955078,100.37323760986328,99.97374725341797,98.77403259277344,97.8898696899414,98.28020477294922
81.33129119873047,82.42996215820312,82.04544830322266,81.4940414428711,81.68475341796875,82.93321228027344,84.2965316772461,85.47257232666016,86.79090881347656,87.39936065673828,87.76131439208984,89.75274658203125,93.7611312866211,98.13385772705078,100.35863494873047,99.990234375,98.92475128173828,98.22259521484375,97.46440887451172,96.73686981201172,97.02869415283203,98.7645492553711,101.12199401855469,102.79802703857422,103.28402709960938,102.94287109375,102.28958892822266,101.8157730102539,101.92738342285156,102.77117156982422,103.8697280883789,104.53256225585938,104.6350326538086,104.76800537109375,104.86143493652344,103.86880493164062,101.71135711669922,99.784912109375,99.30551147460938,99.31703186035156,98.5357666015625,97.37261199951172,97.21660614013672,97.96601867675781
81.33778381347656,82.93777465820312,82.05635833740234,80.7156982421875,80.73995971679688,82.28190612792969,83.75630950927734,85.16365051269531,88.0015869140625,89.43356323242188,88.74478912353516,89.8561782836914,93.91758728027344,98.46882629394531,100.79552459716797,100.67718505859375,99.68588256835938,98.69557189941406,97.67852783203125,96.83576965332031,96.9260025024414,98.47785186767578,100.71151733398438,102.07245635986328,102.14312744140625,101.74890899658203,101.5379409790039,101.58541107177734,101.76290130615234,102.04936981201172,102.34273529052734,102.4930191040039,102.62955474853516,103.05200958251953,103.09435272216797,101.74034881591797,99.35449981689453,97.54801177978516,97.20487976074219,97.08438873291016,96.05473327636719,95.81719207763672,95.94396209716797,97.36546325683594
81.01122283935547,81.83403778076172,80.92498016357422,79.87554168701172,80.6131820678711,82.7603530883789,84.50240325927734,86.14453125,89.5699691772461,91.47850036621094,90.34445190429688,90.72066497802734,94.08482360839844,97.74661254882812,99.55364227294922,99.76640319824219,99.27544403076172,98.3682632446289,97.26407623291016,96.50860595703125,96.66729736328125,97.90019226074219,99.44029998779297,100.20088195800781,100.18379974365234,100.18382263183594,100.63204193115234,101.30573272705078,101.6510009765625,101.43374633789062,100.7727279663086,100.06524658203125,99.99153137207031,100.41961669921875,100.2764663696289,98.33638763427734,95.41666412353516,93.79627990722656,93.77312469482422,94.10693359375,94.05712890625,94.39044952392578,95.23150634765625,96.15803527832031
80.68109893798828,80.54832458496094,80.02725219726562,80.13607788085938,81.87593841552734,84.26083374023438,85.63529205322266,86.94580841064453,90.18933868408203,92.26972961425781,91.7837142944336,92.37379455566406,94.52227020263672,96.21808624267578,96.92191314697266,97.21602630615234,97.23290252685547,96.69927215576172,95.81011199951172,95.2247314453125,95.52945709228516,96.47352600097656,97.30743408203125,97.72261810302734,98.00532531738281,98.5217056274414,99.35565948486328,100.18863677978516,100.50868225097656,100.05116271972656,98.97685241699219,97.85370635986328,97.57303619384766,97.90191650390625,96.38028717041016,92.87257385253906,90.27723693847656,89.48856353759766,89.92050170898438,91.13619995117188,92.44700622558594,93.29141235351562,93.64948272705078,94.04993438720703
80.68839263916016,80.40821075439453,80.93666076660156,81.84635925292969,83.43134307861328,85.2366943359375,86.01287841796875,86.72586822509766,89.31856536865234,91.41897583007812,91.90628814697266,93.37093353271484,94.52011108398438,94.01314544677734,93.47115325927734,93.74833679199219,94.11598205566406,94.00189208984375,93.47016906738281,93.11563110351562,93.4140396118164,94.00504302978516,94.40462493896484,94.80412292480469,95.54527282714844,96.5546646118164,97.42898559570312,97.96163177490234,98.09764099121094,97.77861785888672,96.87879943847656,95.803955078125,95.62886810302734,94.79715728759766,91.0968017578125,87.24124908447266,85.87786102294922,85.92352294921875,86.57766723632812,88.06391906738281,90.12014770507812,91.04312896728516,91.25387573242188,91.21038055419922
81.58905792236328,81.82209777832031,82.6290054321289,83.61837768554688,84.53489685058594,85.23868560791016,85.32979583740234,85.63480377197266,87.24518585205078,89.01055145263672,90.43183898925781,92.4373550415039,92.97369384765625,91.51524353027344,90.44205474853516,90.46650695800781,90.62373352050781,90.52944946289062,90.3866958618164,90.33275604248047,90.32534790039062,90.3276138305664,90.51522827148438,91.1700439453125,92.27733612060547,93.52349090576172,94.39628601074219,94.73047637939453,94.76531982421875,94.71930694580078,94.14168548583984,93.71809387207031,93.36125183105469,90.82286834716797,86.45022583007812,83.59330749511719,83.15023803710938,83.66089630126953,84.21031951904297,85.35521697998047,87.04859161376953,88.19712829589844,88.44611358642578,87.97686767578125
81.32477569580078,83.46188354492188,84.42790985107422,84.73988342285156,84.93531799316406,84.69080352783203,84.07059478759766,84.10213470458984,84.81157684326172,85.6633071899414,87.37043762207031,89.75080108642578,90.19133758544922,88.78447723388672,87.79081726074219,87.38912200927734,86.79435729980469,86.4625244140625,86.72340393066406,86.8505630493164,86.40652465820312,85.82613372802734,85.90397644042969,86.8326187133789,88.0944595336914,89.38334655761719,90.3897933959961,90.77084350585938,90.87660217285156,90.93647766113281,90.71269226074219,90.57361602783203,89.72604370117188,86.84551239013672,83.50030517578125,81.67838287353516,81.86251831054688,82.27774047851562,82.63896942138672,82.99053192138672,84.10893249511719,85.39840698242188,85.01525115966797,83.5483169555664
80.12036895751953,82.90174102783203,84.3592300415039,84.67720031738281,85.1287612915039,84.86570739746094,83.33211517333984,82.2352294921875,82.00694274902344,82.17892456054688,83.6065673828125,85.87494659423828,86.56784057617188,85.65725708007812,84.74424743652344,83.87333679199219,82.6751480102539,82.23775482177734,82.84559631347656,83.06989288330078,82.43006134033203,81.6219711303711,81.44824981689453,82.23577880859375,83.6312255859375,85.10053253173828,86.13204956054688,86.46245574951172,86.76707458496094,86.81166076660156,86.69577026367188,86.33633422851562,85.03360748291016,82.98731994628906,81.54351806640625,81.02735900878906,80.7920150756836,80.58465576171875,80.41464233398438,80.72737121582031,81.10449981689453,81.02259063720703,79.57002258300781,78.37850952148438
79.60572052001953,81.05255889892578,82.276123046875,83.44630432128906,85.15884399414062,85.60802459716797,82.8913345336914,79.2341079711914,77.59158325195312,78.23809051513672,80.11227416992188,82.11782836914062,82.85011291503906,82.18773651123047,81.2296371459961,80.33661651611328,79.13005065917969,78.50383758544922,79.03280639648438,79.3616714477539,78.76777648925781,77.86568450927734,77.40013885498047,77.95475769042969,79.51432037353516,81.24319458007812,81.98014831542969,82.20050811767578,82.48170471191406,82.30386352539062,81.81503295898438,81.30528259277344,81.13959503173828,80.35506439208984,79.31111145019531,79.04216766357422,79.50692749023438,79.55007934570312,79.16848754882812,78.52397918701172,77.41465759277344,75.20084381103516,72.68006896972656,70.9035873413086
78.97627258300781,78.71034240722656,80.03347778320312,82.49636840820312,84.88074493408203,85.5103759765625,82.1070785522461,75.95858764648438,72.29135131835938,73.66541290283203,77.15060424804688,79.4542236328125,79.8326416015625,78.8552474975586,77.72647094726562,77.24790954589844,76.52998352050781,75.47264099121094,75.18781280517578,75.18923950195312,74.68751525878906,73.99267578125,73.6474838256836,74.05498504638672,75.43682861328125,77.0218505859375,77.33487701416016,77.3304214477539,77.42463684082031,77.27061462402344,76.90016174316406,76.75960540771484,77.51325988769531,77.69986724853516,78.1470947265625,77.87115478515625,77.34923553466797,77.40325927734375,77.095703125,74.98754119873047,71.94330596923828,68.67474365234375,65.80078125,64.31718444824219
77.66024017333984,76.99283599853516,78.39402770996094,81.2011947631836,83.43063354492188,83.81124114990234,81.07723236083984,74.46092987060547,68.70233917236328,69.34784698486328,74.24856567382812,77.61905670166016,77.5968246459961,75.7023696899414,73.92992401123047,73.61150360107422,73.60752868652344,72.4550552368164,71.21289825439453,70.67896270751953,70.42581176757812,69.96245574951172,69.37944793701172,69.41561126708984,70.61082458496094,71.99801635742188,72.00713348388672,72.0979232788086,72.1666030883789,72.42064666748047,72.45841979980469,73.19003295898438,74.66629028320312,75.74371337890625,77.02922058105469,77.00489044189453,75.46536254882812,73.42549133300781,72.325927734375,70.17840576171875,66.34473419189453,62.8370246887207,60.64295959472656,60.008544921875
