data/wind_data/wind_41_9.json
{"header": {"parameterUnit": "KT", "parameterCategory": 2, "nx": 256, "ny": 198, "lo1": 44.73521041870117, "la1": -3.236724853515625, "lo2": 111.26478576660156, "la2": 43.468475341796875, "dx": 0.2609002888202667, "dy": -0.23708222806453705, "refTime": "2025-02-20 17:00:00", "forecastTime": 0, "parameterNumber": 2, "parameterNumberName": "eastward_wind"}, "data":
[rows 152 to 170 of 198, columns 172 to 214 of 256]
6.773768424987793,6.668524742126465,5.13267707824707,0.9229757785797119,-1.7321490049362183,0.2580703794956207,3.3376379013061523,4.483582019805908,5.045658111572266,6.439571857452393,8.369101524353027,8.89696979522705,7.766054630279541,6.2873454093933105,5.788664817810059,6.607457160949707,7.592350482940674,7.599972248077393,6.38578462600708,4.951403617858887,4.529419898986816,5.072242259979248,5.407211780548096,4.996704578399658,4.948302268981934,6.197297096252441,7.432774066925049,7.593270301818848,7.3787126541137695,7.475651264190674,7.618088245391846,7.239579677581787,6.973183631896973,7.455738544464111,8.474613189697266,9.650954246520996,10.524457931518555,11.077881813049316,11.898863792419434,13.296897888183594,15.304702758789062,15.830218315124512,14.652756690979004
7.678663730621338,7.399228572845459,5.247603416442871,0.9511083960533142,-2.4833714962005615,-2.014861822128296,0.9410226941108704,3.007810115814209,3.986433267593384,5.064383029937744,6.1617021560668945,6.6406378746032715,6.586265563964844,6.3095574378967285,6.545612812042236,7.080394744873047,6.577569007873535,4.785369873046875,3.197097063064575,3.0372602939605713,3.9535164833068848,4.7775750160217285,4.324254035949707,3.137254238128662,3.440814256668091,5.346062660217285,7.0107245445251465,7.042265892028809,6.115531921386719,5.630035400390625,5.781465530395508,6.192638874053955,6.205974102020264,6.270909786224365,6.848442554473877,7.94569206237793,8.964548110961914,9.80340576171875,11.415817260742188,14.30017375946045,17.09159278869629,18.053403854370117,17.050926208496094
8.29289722442627,7.50631856918335,4.846959114074707,1.2077070474624634,-2.387486457824707,-3.7692363262176514,-2.6098291873931885,-0.5449930429458618,2.0126612186431885,4.784107208251953,6.356732368469238,6.421810150146484,5.596668720245361,5.4424028396606445,6.058326721191406,6.269405841827393,4.7599406242370605,2.6330974102020264,2.5508999824523926,3.8665168285369873,4.97536563873291,5.0859150886535645,4.192325115203857,3.5764455795288086,4.19476318359375,5.309703826904297,5.715941429138184,4.938859939575195,3.9066624641418457,3.604630470275879,3.939251184463501,4.530602931976318,4.858734607696533,4.961688041687012,5.67233419418335,6.914743423461914,8.1611967086792,9.788311958312988,12.553145408630371,16.043428421020508,19.436511993408203,20.279531478881836,17.946691513061523
7.090124607086182,6.634847640991211,4.7408318519592285,1.1563374996185303,-2.877336025238037,-4.699050426483154,-3.828502893447876,-1.2915701866149902,1.5998525619506836,3.7366652488708496,4.529021739959717,4.202353000640869,4.063701629638672,4.786362171173096,5.515498638153076,5.2462592124938965,3.0857386589050293,2.238825798034668,3.3680992126464844,4.469049453735352,4.458735942840576,4.120272636413574,4.234531402587891,4.769600868225098,5.159111022949219,4.913984298706055,3.8988940715789795,2.4611175060272217,1.6240519285202026,1.8566794395446777,2.7736165523529053,3.7087087631225586,4.549221992492676,5.26691198348999,6.307663917541504,7.2171502113342285,7.741787433624268,9.295398712158203,12.993167877197266,17.628772735595703,21.36541748046875,20.454023361206055,16.054141998291016
5.937739849090576,5.148772239685059,3.819791078567505,1.2888429164886475,-1.539667010307312,-2.3640034198760986,-1.6686233282089233,-0.4495626986026764,-0.03538580238819122,0.361652135848999,1.2355023622512817,2.0152833461761475,2.9720535278320312,4.136785984039307,4.311463832855225,2.8827052116394043,2.1922366619110107,3.2866873741149902,4.0462327003479,3.4690747261047363,2.794421911239624,2.994976758956909,3.783137083053589,4.437036037445068,4.250770568847656,3.1871087551116943,1.6752129793167114,0.5819674134254456,0.5244068503379822,1.1290615797042847,2.3958239555358887,4.026975154876709,5.542125225067139,6.850437164306641,7.651490211486816,8.016005516052246,8.213303565979004,9.541479110717773,12.644351959228516,16.23979377746582,17.197782516479492,14.490145683288574,12.31021785736084
4.527716636657715,2.8675966262817383,1.80685555934906,1.229354977607727,0.7058591842651367,0.37561485171318054,-0.5247960090637207,-1.8635319471359253,-2.50331449508667,-1.4232285022735596,0.43023964762687683,1.7949793338775635,2.193164587020874,1.6936023235321045,0.976232647895813,1.4826503992080688,3.492901563644409,4.944154739379883,4.259598255157471,2.4817543029785156,1.4431748390197754,1.5196926593780518,2.360808849334717,2.957106351852417,2.8128139972686768,1.9468441009521484,1.0516598224639893,0.9213032722473145,1.1005091667175293,1.309653401374817,2.164729356765747,3.8541829586029053,5.558220863342285,7.088284015655518,8.045136451721191,8.429689407348633,8.294503211975098,9.40595817565918,10.776472091674805,10.978872299194336,9.1074857711792,7.92014217376709,9.213991165161133
1.9151898622512817,0.6395485401153564,0.30915001034736633,1.1960662603378296,2.2656333446502686,1.5572974681854248,-1.3397926092147827,-3.324756622314453,-3.0177628993988037,-1.2213481664657593,0.34467628598213196,0.5253819823265076,-0.33277609944343567,-0.4714258015155792,0.11109554767608643,1.8562955856323242,3.836185932159424,4.40300989151001,3.1577558517456055,1.3979301452636719,0.1729746162891388,0.1644500494003296,1.225167155265808,2.251725673675537,2.523188591003418,2.0164079666137695,1.5645595788955688,1.6485151052474976,1.7435882091522217,1.7642513513565063,2.115278720855713,3.0141851902008057,4.1237993240356445,5.49797248840332,7.24696159362793,8.438579559326172,8.54653263092041,8.606596946716309,8.424073219299316,7.022204399108887,4.766280174255371,4.235198497772217,6.398865699768066
1.2073185443878174,0.6637434363365173,0.410900741815567,0.9380523562431335,1.6107996702194214,0.535044252872467,-1.812846064567566,-2.5151917934417725,-1.3029932975769043,0.19060064852237701,0.5426223278045654,-0.6370041370391846,-1.0554516315460205,-0.147538423538208,1.009261131286621,2.1461122035980225,3.091764450073242,3.1748530864715576,2.1557252407073975,0.5334423780441284,-0.49319905042648315,-0.1965923011302948,0.8906694054603577,1.905847430229187,2.419361114501953,2.335116147994995,2.097486972808838,1.9038105010986328,1.7854317426681519,2.00307297706604,2.29689884185791,2.4597856998443604,2.636033058166504,3.544095039367676,6.094953536987305,8.296981811523438,8.54443645477295,7.854241847991943,7.5970778465271,5.968190670013428,3.7285521030426025,3.185861349105835,5.102882385253906
1.9226511716842651,1.0489938259124756,-0.1980685442686081,-0.7459883093833923,-0.6227667331695557,-0.9910306334495544,-1.2145003080368042,-0.3840431571006775,0.9338949918746948,1.8168647289276123,1.7175699472427368,1.0919833183288574,0.8578655123710632,1.190199851989746,2.0626072883605957,2.9442577362060547,3.194312334060669,2.850839853286743,1.8435297012329102,0.5868216753005981,0.07502219080924988,0.4699047803878784,1.3210688829421997,2.2965176105499268,3.068265676498413,3.106823444366455,2.423443555831909,1.419877290725708,0.7365010976791382,1.0024595260620117,1.6757054328918457,2.198817491531372,2.491844654083252,3.5044267177581787,6.286980152130127,8.57260513305664,8.4017972946167,7.424922466278076,6.524784564971924,4.927052974700928,3.676008701324463,4.147984981536865,5.94816255569458
2.1104066371917725,0.9688740372657776,-0.9427153468132019,-2.136624336242676,-2.405947208404541,-1.8071378469467163,-0.5287140607833862,0.9201068878173828,1.8475862741470337,2.3831276893615723,2.823293447494507,3.0578551292419434,2.579021692276001,1.9055885076522827,2.2977004051208496,2.7252631187438965,2.4269490242004395,2.0493226051330566,1.616269588470459,1.0912461280822754,0.9253111481666565,0.9545322060585022,1.0935524702072144,1.663730263710022,2.5135691165924072,2.616297721862793,1.7074717283248901,0.6356123685836792,-0.3115628659725189,-0.7368124127388,-0.3108460605144501,0.6507801413536072,1.8752244710922241,4.033727169036865,7.015899181365967,8.400476455688477,7.782840251922607,6.301281929016113,5.003549575805664,4.10568380355835,3.8639745712280273,5.216686725616455,6.838096618652344
1.9273643493652344,1.050310492515564,-0.6307505369186401,-1.5759639739990234,-1.0802067518234253,0.2064608633518219,1.5079472064971924,2.3199572563171387,2.4266796112060547,2.8104567527770996,3.57255220413208,4.136495113372803,3.5711212158203125,2.304050922393799,1.7646079063415527,1.5016099214553833,1.5372525453567505,1.8303784132003784,1.935506820678711,1.786588430404663,1.5406898260116577,1.3537342548370361,1.0184725522994995,0.5316928625106812,0.4043612480163574,0.3973065912723541,0.5184438228607178,0.6846805214881897,0.36242038011550903,-0.5444892048835754,-1.0794591903686523,-0.6057601571083069,0.9760288000106812,3.5516889095306396,6.214987277984619,7.359989166259766,6.640684127807617,5.3095011711120605,5.148288249969482,5.995765209197998,6.618183612823486,6.760610580444336,6.176692008972168
0.817900538444519,0.026624135673046112,-0.5863179564476013,-0.8306087255477905,0.08325160294771194,1.1167570352554321,1.9451100826263428,2.7346913814544678,3.278207540512085,4.025918483734131,4.593440532684326,4.984709739685059,4.493056774139404,3.134824752807617,1.5921478271484375,0.5751633048057556,0.852439284324646,1.7390855550765991,2.364865779876709,2.505800247192383,2.2170116901397705,1.9953434467315674,1.649984359741211,0.6506627798080444,-0.3832104504108429,-0.6629126071929932,-0.04185083508491516,0.5772539973258972,0.7044241428375244,0.31805869936943054,-0.33855122327804565,-0.4301535487174988,0.7348816990852356,2.6097075939178467,4.503077030181885,5.24055814743042,4.696553707122803,4.8445940017700195,6.282586097717285,7.910409450531006,8.67733097076416,8.026419639587402,5.785333156585693
1.146958827972412,-0.7104036808013916,-0.3665940463542938,1.0290274620056152,1.843829870223999,1.6417515277862549,1.9961681365966797,3.1784472465515137,4.836830139160156,6.11277437210083,6.0229997634887695,5.851008892059326,5.725164413452148,4.533719539642334,2.3393380641937256,0.5710870027542114,0.3886373043060303,1.3239421844482422,2.3926095962524414,2.885099172592163,2.6580874919891357,2.1557798385620117,1.7153613567352295,1.4662100076675415,0.8348012566566467,0.21086761355400085,-0.10576986521482468,-0.32550254464149475,-0.5009108781814575,-0.29777079820632935,0.06738829612731934,0.42826491594314575,1.120939016342163,2.0691323280334473,2.62847900390625,2.932987928390503,4.0549798011779785,5.754339218139648,6.7392425537109375,7.161857604980469,7.760033130645752,7.718739986419678,6.493476390838623
2.5800538063049316,1.3177011013031006,2.1130285263061523,4.082171440124512,4.275618076324463,2.858182430267334,2.6598494052886963,4.289427280426025,6.808136940002441,8.113790512084961,7.146778583526611,6.190454959869385,6.0487236976623535,5.423464775085449,3.9110605716705322,2.24989652633667,1.3463062047958374,1.528790831565857,2.2095797061920166,2.622915506362915,2.5537900924682617,2.108487367630005,1.8425095081329346,1.9806076288223267,1.5387513637542725,0.588873565196991,-0.39314189553260803,-1.3735393285751343,-1.704864263534546,-0.7820815443992615,0.49171340465545654,1.3147308826446533,1.6428804397583008,1.715120792388916,2.1203036308288574,3.582486629486084,5.855034828186035,6.923658847808838,6.127763271331787,5.543429374694824,5.83363151550293,6.993844509124756,8.32059097290039
3.19864821434021,3.039990186691284,4.281591892242432,5.385549545288086,4.64755392074585,3.4538447856903076,3.3703227043151855,4.853183746337891,7.298367500305176,8.919435501098633,8.479575157165527,7.019261360168457,5.916358470916748,5.290701866149902,4.811279296875,4.039504051208496,3.0123579502105713,2.3698740005493164,2.188026189804077,2.1012935638427734,1.9716830253601074,1.9577703475952148,2.3667380809783936,2.5741357803344727,1.886082410812378,0.6103092432022095,-0.5725690722465515,-1.549954891204834,-1.1151630878448486,0.5476815700531006,1.801776647567749,2.2779276371002197,2.066261053085327,1.9015165567398071,2.7000961303710938,4.688056945800781,6.526233196258545,6.473813056945801,5.351226329803467,4.252463340759277,4.266330718994141,6.701773643493652,10.111390113830566
3.7508623600006104,4.070175647735596,4.743818283081055,4.3942179679870605,3.489985942840576,3.2285144329071045,3.3254189491271973,4.316442966461182,6.6348652839660645,9.194417953491211,10.061675071716309,8.307477951049805,5.74948263168335,4.541331768035889,4.6279377937316895,4.6571736335754395,3.9428558349609375,2.862929582595825,1.9935119152069092,1.462683916091919,1.374799370765686,1.923156976699829,2.759246349334717,2.8276705741882324,1.861908197402954,0.49265676736831665,-0.6412675380706787,-1.069604754447937,0.6597926616668701,2.6163694858551025,3.173737049102783,2.9665732383728027,2.6483702659606934,2.6371889114379883,3.557384490966797,5.178010940551758,6.119121074676514,5.750226974487305,4.701003551483154,3.7111263275146484,4.110543727874756,7.181363105773926,11.04410171508789
4.836448669433594,4.532669544219971,3.9038946628570557,3.0690762996673584,2.666754961013794,2.775367021560669,3.0635955333709717,4.065742492675781,6.266379356384277,9.016077041625977,10.439987182617188,9.048664093017578,6.227344036102295,4.668340682983398,4.621411323547363,4.642012119293213,3.876936435699463,2.5650806427001953,1.474866509437561,1.0415095090866089,1.522902011871338,2.473113775253296,3.081892490386963,2.7171785831451416,1.4312556982040405,-0.0436524860560894,-1.3171966075897217,-1.1320281028747559,1.8530133962631226,3.935199737548828,3.9011783599853516,3.479191541671753,3.4811580181121826,3.6707749366760254,4.495604991912842,5.998468399047852,6.116405963897705,4.994987487792969,4.125679016113281,4.189291477203369,5.482218265533447,8.120420455932617,11.415566444396973
5.741085529327393,4.7721757888793945,3.269943952560425,2.987898588180542,3.494551658630371,3.6537413597106934,3.738049030303955,4.568066596984863,6.377971172332764,8.471254348754883,9.805749893188477,9.593006134033203,8.032380104064941,6.786471843719482,5.996030330657959,4.690454006195068,3.094663619995117,1.713383436203003,0.9636457562446594,1.1304447650909424,2.0963096618652344,3.183306932449341,3.5497043132781982,2.9021811485290527,1.562619686126709,0.008850788697600365,-1.832518458366394,-1.2620859146118164,1.8064378499984741,3.930253744125366,4.173262596130371,3.64042329788208,3.8535537719726562,4.122461318969727,4.8858642578125,6.520293235778809,6.119116306304932,4.229215145111084,3.540626049041748,4.719485282897949,6.9000115394592285,9.198184967041016,11.766202926635742
6.873262882232666,6.012320518493652,3.792001485824585,2.777414321899414,3.482875347137451,4.203945159912109,4.415962219238281,4.648017883300781,5.502286434173584,7.0087504386901855,8.681689262390137,10.023451805114746,10.330926895141602,9.871100425720215,8.379156112670898,5.388563632965088,2.6427149772644043,1.333263635635376,1.1708431243896484,1.7343107461929321,2.5900673866271973,3.4490597248077393,3.835730791091919,3.2984001636505127,1.9387227296829224,0.3414478302001953,-1.1885298490524292,-0.3012999892234802,1.7185983657836914,3.5523035526275635,4.376945495605469,3.811664581298828,3.642860174179077,3.6424787044525146,4.556363105773926,6.356588363647461,5.976911544799805,4.135404586791992,3.3937273025512695,4.594355583190918,6.831675052642822,8.788002967834473,10.677825927734375
