data/wind_data/wind_57_4.json
{"header": {"parameterUnit": "KT", "parameterCategory": 2, "nx": 256, "ny": 198, "lo1": 44.73521041870117, "la1": -3.236724853515625, "lo2": 111.26478576660156, "la2": 43.468475341796875, "dx": 0.2609002888202667, "dy": -0.23708222806453705, "refTime": "2025-02-21 09:00:00", "forecastTime": 0, "parameterNumber": 2, "parameterNumberName": "eastward_wind"}, "data":
[rows 95 to 113 of 198, columns 176 to 219 of 256]
3.7311384677886963,3.5165328979492188,3.7595279216766357,3.526047706604004,3.023592710494995,2.342834234237671,3.2189455032348633,3.467719554901123,3.507861852645874,3.6508126258850098,5.695614814758301,9.323734283447266,11.739367485046387,10.934186935424805,7.462648391723633,7.809687614440918,8.14881706237793,8.384474754333496,8.50090503692627,8.251943588256836,7.619700908660889,7.389857292175293,13.771734237670898,17.862462997436523,16.143688201904297,15.8544282913208,17.207414627075195,21.789581298828125,18.9638671875,19.55057716369629,20.053508758544922,18.362577438354492,17.664039611816406,22.432296752929688,26.946653366088867,21.52385139465332,19.87659454345703,22.054763793945312,24.08647346496582,25.465824127197266,26.697336196899414,27.9302978515625,27.63878631591797,27.024372100830078
4.812164306640625,3.7815091609954834,3.6225314140319824,3.3403584957122803,2.74328351020813,1.9804283380508423,2.6768524646759033,3.6739611625671387,3.868739604949951,4.37009859085083,6.110813140869141,11.473167419433594,12.65617561340332,10.942835807800293,7.934582233428955,7.3946123123168945,7.088552474975586,7.392800331115723,7.346917152404785,7.2103142738342285,6.919224739074707,6.720754623413086,11.714897155761719,14.017126083374023,11.752631187438965,12.161355018615723,15.189872741699219,18.30218505859375,17.90131950378418,19.324947357177734,18.547147750854492,17.930089950561523,16.74175453186035,21.338565826416016,25.764354705810547,23.67254066467285,21.223474502563477,22.64750862121582,24.755231857299805,25.560752868652344,26.466209411621094,27.975238800048828,28.8653507232666,28.743438720703125
7.211555004119873,5.8248138427734375,5.1341729164123535,4.471232891082764,3.503737449645996,2.528869390487671,2.890714168548584,3.9309091567993164,4.28421688079834,4.968190670013428,8.840553283691406,12.043427467346191,11.978982925415039,11.506121635437012,9.632752418518066,7.693225860595703,6.9531569480896,7.125696659088135,7.000575065612793,6.925900459289551,6.453648090362549,6.682682514190674,9.53551197052002,10.75015926361084,10.517165184020996,11.403074264526367,13.525813102722168,15.530970573425293,15.975785255432129,16.82145881652832,20.354108810424805,18.547679901123047,16.913150787353516,19.295019149780273,23.816804885864258,24.010221481323242,22.718647003173828,24.557994842529297,24.284746170043945,24.244338989257812,24.654958724975586,25.603168487548828,27.39569854736328,27.64863395690918
10.17524242401123,8.618783950805664,7.855067729949951,7.468114376068115,5.941924571990967,4.436729907989502,3.9033329486846924,4.420181751251221,4.73040771484375,5.090094566345215,10.474400520324707,11.571969032287598,13.05311107635498,12.643939018249512,10.72587776184082,8.397127151489258,7.3623833656311035,7.010662078857422,6.841397762298584,6.508237838745117,5.952754020690918,7.64211368560791,9.694747924804688,11.000423431396484,11.348745346069336,11.016961097717285,13.342123985290527,15.612345695495605,15.828083992004395,17.286243438720703,18.7587947845459,18.48261070251465,17.393125534057617,18.773263931274414,21.31590461730957,20.59458351135254,22.83614730834961,23.0633602142334,24.146434783935547,23.874475479125977,26.253721237182617,28.367244720458984,29.748905181884766,28.203062057495117
12.716605186462402,11.493685722351074,10.61009693145752,10.379402160644531,9.495223999023438,8.002120971679688,6.798017978668213,6.185672283172607,6.945745468139648,8.330058097839355,9.200492858886719,13.522207260131836,16.039113998413086,14.600820541381836,12.446900367736816,9.895055770874023,8.176908493041992,7.2826080322265625,6.846639633178711,6.145366668701172,6.152223110198975,8.247132301330566,11.026658058166504,13.19784927368164,15.018335342407227,13.895524978637695,13.967765808105469,16.34671401977539,18.166122436523438,19.17007064819336,18.47443962097168,19.98223304748535,19.349365234375,18.948638916015625,19.959997177124023,21.11509895324707,22.60979652404785,23.96750831604004,24.599079132080078,24.1307430267334,24.594552993774414,25.3889217376709,25.514917373657227,25.645631790161133
14.328444480895996,13.546586036682129,12.921594619750977,12.410233497619629,12.111969947814941,11.477816581726074,10.33951187133789,9.35948657989502,10.662764549255371,12.876355171203613,15.961801528930664,15.52341079711914,17.214946746826172,16.74944496154785,15.492338180541992,12.932343482971191,10.572220802307129,9.371119499206543,8.816543579101562,8.324758529663086,8.589576721191406,10.209512710571289,12.994244575500488,15.07714557647705,17.886524200439453,18.439775466918945,16.172786712646484,17.35031509399414,21.203859329223633,21.438982009887695,21.36764144897461,21.690662384033203,21.57247543334961,21.05695152282715,21.017452239990234,22.372859954833984,22.831079483032227,23.444753646850586,25.3204345703125,25.21153450012207,23.556480407714844,22.08061408996582,22.47978401184082,24.513093948364258
16.56838607788086,15.256921768188477,14.541921615600586,14.203999519348145,14.070528030395508,14.251413345336914,13.493638038635254,12.396212577819824,13.33540153503418,16.095666885375977,19.74622344970703,20.652339935302734,18.96916961669922,16.750829696655273,16.589916229248047,16.28223991394043,14.785019874572754,13.30733871459961,12.598271369934082,12.621395111083984,13.470680236816406,14.791210174560547,16.615495681762695,18.597278594970703,18.944677352905273,21.527210235595703,21.260906219482422,19.007598876953125,20.95416831970215,24.485872268676758,24.159204483032227,23.11464500427246,22.78106689453125,23.270971298217773,23.849061965942383,24.399799346923828,24.13425636291504,24.16575813293457,25.627887725830078,25.77952766418457,25.3330078125,25.329601287841797,26.564424514770508,28.192367553710938
17.4415340423584,17.063188552856445,16.38846778869629,16.092702865600586,15.676145553588867,15.719793319702148,15.550485610961914,14.819920539855957,15.298898696899414,16.627023696899414,20.69011878967285,22.6513614654541,22.76122283935547,21.404081344604492,19.660425186157227,19.587949752807617,19.43672752380371,18.25018310546875,17.22445297241211,17.337656021118164,18.196985244750977,19.510478973388672,20.845170974731445,21.486583709716797,22.568710327148438,22.81275749206543,24.472610473632812,23.06587028503418,20.819202423095703,24.628095626831055,27.57946014404297,26.286893844604492,25.1082763671875,25.84136390686035,26.415605545043945,26.96986961364746,24.300931930541992,26.01165199279785,27.16503143310547,27.477201461791992,27.301227569580078,27.818574905395508,29.91045570373535,31.648664474487305
17.020814895629883,17.383644104003906,17.755815505981445,17.60980796813965,16.851383209228516,16.163028717041016,16.213884353637695,16.501108169555664,16.909393310546875,18.04075050354004,20.55260467529297,23.388233184814453,24.741945266723633,23.51063346862793,21.22636604309082,21.353151321411133,21.946584701538086,21.85506248474121,21.63921546936035,21.594011306762695,21.432193756103516,21.711843490600586,22.300573348999023,23.489641189575195,24.19342041015625,25.747800827026367,26.484899520874023,25.15529441833496,23.716026306152344,23.251617431640625,26.775150299072266,27.193941116333008,27.561742782592773,29.137035369873047,29.718217849731445,28.288066864013672,26.706613540649414,26.4053897857666,27.355857849121094,28.733186721801758,29.343671798706055,29.658275604248047,30.94011878967285,32.189903259277344
17.445627212524414,17.49916648864746,18.316591262817383,18.65939712524414,18.087181091308594,17.509929656982422,17.007179260253906,17.593482971191406,18.74280548095703,19.983488082885742,21.899303436279297,24.68332862854004,25.937782287597656,24.11739158630371,21.47962188720703,21.284433364868164,22.3778076171875,22.896726608276367,23.576393127441406,24.010425567626953,23.056432723999023,21.83418083190918,21.801021575927734,22.70960807800293,24.805912017822266,26.695554733276367,27.02300453186035,26.009552001953125,25.223669052124023,23.921173095703125,25.414276123046875,27.44510269165039,29.296863555908203,30.711679458618164,31.575525283813477,29.692975997924805,27.687570571899414,27.519412994384766,29.441755294799805,31.02244758605957,31.420930862426758,31.49125862121582,31.64423370361328,32.447452545166016
17.880781173706055,17.60287094116211,18.3382511138916,18.778871536254883,18.927621841430664,18.87164306640625,18.470674514770508,18.689451217651367,19.759733200073242,21.211055755615234,22.800352096557617,23.54399871826172,26.58322525024414,25.924114227294922,22.67397117614746,20.82050323486328,21.311832427978516,22.049440383911133,23.29392433166504,24.496355056762695,23.748414993286133,21.745651245117188,21.021080017089844,21.48069190979004,22.91440200805664,24.823503494262695,26.364269256591797,26.908334732055664,26.35515022277832,25.809030532836914,21.85684585571289,24.817737579345703,28.803985595703125,30.834035873413086,32.70979309082031,32.70121383666992,31.170568466186523,28.39927101135254,28.995943069458008,31.230960845947266,33.15834426879883,32.41400909423828,31.76891326904297,32.81182861328125
18.43792152404785,17.778705596923828,18.063077926635742,18.53081512451172,18.633100509643555,19.6409854888916,19.29615020751953,19.58441925048828,20.0905704498291,20.312795639038086,23.016925811767578,23.783184051513672,21.891826629638672,25.669431686401367,26.85831642150879,23.222856521606445,21.476930618286133,21.6781005859375,22.665678024291992,25.061967849731445,25.9197998046875,23.268781661987305,21.8188419342041,22.143714904785156,22.566377639770508,23.67521095275879,25.621381759643555,26.39866065979004,26.247177124023438,25.573604583740234,25.684858322143555,28.005704879760742,29.26645278930664,29.815793991088867,32.61476135253906,34.938655853271484,34.282901763916016,32.27301025390625,30.666017532348633,30.18866539001465,33.59782028198242,34.214054107666016,32.1939697265625,33.11304473876953
19.110963821411133,18.441621780395508,18.317434310913086,18.836889266967773,18.86048698425293,19.24160385131836,20.033002853393555,20.157604217529297,20.01959228515625,19.518165588378906,22.33270835876465,23.633188247680664,23.64317512512207,27.2513484954834,28.881582260131836,24.971704483032227,22.372346878051758,23.1925048828125,24.651390075683594,26.74464988708496,27.858694076538086,25.77129554748535,23.715608596801758,22.719396591186523,22.16718292236328,22.76495933532715,24.86876106262207,25.533763885498047,25.198902130126953,25.777019500732422,27.173702239990234,28.358617782592773,28.952083587646484,27.59151840209961,30.039249420166016,33.753929138183594,35.32612609863281,35.15838623046875,33.021690368652344,31.184341430664062,32.42775344848633,34.914955139160156,34.762210845947266,34.46723175048828
19.503416061401367,19.30183219909668,19.167951583862305,19.340063095092773,19.309734344482422,19.426908493041992,20.07197380065918,20.513469696044922,20.05510902404785,20.20699119567871,21.9204158782959,23.547103881835938,26.001497268676758,29.12199592590332,27.971960067749023,25.87706184387207,24.88091278076172,25.815731048583984,27.032705307006836,28.32438087463379,28.978918075561523,27.632938385009766,24.928733825683594,22.982498168945312,22.02832794189453,21.904457092285156,24.182228088378906,25.915740966796875,25.572307586669922,26.873043060302734,29.107688903808594,29.594013214111328,28.068649291992188,28.408212661743164,31.270753860473633,34.21803283691406,33.62028503417969,32.960269927978516,34.884300231933594,35.845767974853516,33.95680618286133,33.479148864746094,32.45436477661133,35.83599090576172
19.496498107910156,19.961566925048828,20.187965393066406,20.244190216064453,20.4034366607666,20.694339752197266,20.7773380279541,20.628597259521484,20.056589126586914,20.29682731628418,22.312580108642578,23.903518676757812,25.83979606628418,29.601280212402344,28.328596115112305,26.609333038330078,25.60305404663086,26.61487579345703,28.678510665893555,29.664825439453125,29.355350494384766,28.2110652923584,25.62105369567871,23.61810302734375,22.570545196533203,22.11578369140625,23.4311466217041,26.190574645996094,26.91727638244629,28.237470626831055,30.637020111083984,31.329200744628906,28.728010177612305,28.956504821777344,32.84443664550781,35.92051696777344,34.29471206665039,31.90884780883789,33.955562591552734,37.02604293823242,35.343955993652344,34.892879486083984,34.29823684692383,36.772377014160156
19.57845115661621,20.631668090820312,21.223756790161133,21.235219955444336,21.053064346313477,21.046037673950195,21.244407653808594,21.094091415405273,20.801273345947266,21.18114471435547,22.76431655883789,24.605438232421875,27.354074478149414,27.811731338500977,27.204017639160156,30.154916763305664,29.421537399291992,27.09062957763672,27.101022720336914,28.624147415161133,29.29540252685547,28.20253562927246,26.10624122619629,24.768985748291016,23.415956497192383,22.76792335510254,24.039480209350586,27.220962524414062,28.91789436340332,30.32946014404297,31.80520248413086,32.559898376464844,31.536876678466797,31.20805549621582,33.382904052734375,35.85232162475586,35.87447738647461,34.82979202270508,35.54029846191406,36.83310317993164,36.371185302734375,35.395347595214844,36.371009826660156,38.885032653808594
20.25182342529297,21.18717384338379,21.330278396606445,21.0593318939209,20.730737686157227,21.077930450439453,22.00704574584961,22.878751754760742,23.821931838989258,24.34022331237793,25.168779373168945,27.311708450317383,28.24567413330078,29.04920196533203,30.705286026000977,32.82408142089844,31.049907684326172,27.621984481811523,26.40336799621582,28.09198760986328,29.95328712463379,29.799217224121094,28.88292694091797,27.771053314208984,26.87026023864746,26.203449249267578,26.8016414642334,29.751686096191406,32.1391487121582,33.325584411621094,33.61000442504883,32.58125686645508,32.56288146972656,33.902732849121094,34.84604263305664,35.84937286376953,36.85268020629883,37.668277740478516,38.219608306884766,38.5753059387207,37.9867057800293,36.58464050292969,36.31114196777344,38.52928924560547
22.064544677734375,22.68660545349121,23.147798538208008,23.686006546020508,23.640897750854492,24.370283126831055,25.238859176635742,25.847293853759766,26.490278244018555,27.358783721923828,28.13020133972168,29.497608184814453,30.679567337036133,31.290550231933594,32.10590744018555,31.387876510620117,31.2934627532959,28.56989860534668,25.962289810180664,26.31133460998535,28.286457061767578,29.267377853393555,29.807186126708984,29.672311782836914,28.881290435791016,28.24959373474121,28.143348693847656,30.467117309570312,34.26133728027344,35.67061233520508,34.39622116088867,32.78248977661133,33.19180679321289,34.8017463684082,35.48334503173828,36.367401123046875,37.76404571533203,38.532955169677734,39.00874710083008,39.993072509765625,39.79740905761719,38.1386604309082,37.206260681152344,38.34878158569336
24.439849853515625,24.751842498779297,26.18408966064453,27.64862823486328,28.126445770263672,28.65846824645996,25.991151809692383,26.704143524169922,27.729726791381836,27.413122177124023,25.969635009765625,26.600482940673828,28.766376495361328,31.6018009185791,30.721418380737305,33.032554626464844,34.73056411743164,30.938322067260742,26.526121139526367,25.694150924682617,27.667470932006836,29.47965431213379,29.75725746154785,30.044878005981445,30.56171989440918,30.67736053466797,29.072797775268555,28.585424423217773,32.90565490722656,37.16387939453125,36.47285461425781,33.66163635253906,33.66532516479492,35.802520751953125,37.29905319213867,38.60703659057617,39.34286117553711,38.9287223815918,38.90639114379883,39.95057678222656,40.209503173828125,38.30160140991211,36.586673736572266,37.242984771728516
