data/wind_data/wind_18_2.json
{"header": {"parameterUnit": "KT", "parameterCategory": 2, "nx": 256, "ny": 198, "lo1": 44.73521041870117, "la1": -3.236724853515625, "lo2": 111.26478576660156, "la2": 43.468475341796875, "dx": 0.2609002888202667, "dy": -0.23708222806453705, "refTime": "2025-02-19 18:00:00", "forecastTime": 0, "parameterNumber": 2, "parameterNumberName": "eastward_wind"}, "data":
[rows 19 to 37 of 198, columns 86 to 128 of 256]
-11.063183784484863,-10.300952911376953,-9.084541320800781,-7.878154754638672,-7.327625751495361,-7.141836643218994,-6.324759006500244,-5.441870212554932,-5.9423651695251465,-6.487438201904297,-7.218188285827637,-5.944591522216797,-9.63620376586914,-8.400203704833984,-7.4832353591918945,-7.505882263183594,-4.545903205871582,-3.1115987300872803,-9.727806091308594,-8.651656150817871,-9.669763565063477,-8.8032808303833,-7.511322975158691,-5.396843910217285,-6.161657333374023,-8.139710426330566,-8.919367790222168,-7.198200702667236,-6.260108947753906,-8.33869457244873,-8.019887924194336,-7.175230503082275,-6.453319549560547,-6.94858455657959,-6.303930759429932,-5.206814289093018,-6.16671895980835,-4.857417583465576,-4.25294828414917,-5.747478485107422,-6.8431830406188965,-5.890000343322754,-3.8889870643615723
-9.585278511047363,-9.118331909179688,-8.418970108032227,-7.207652568817139,-7.0213446617126465,-7.820037364959717,-6.929662704467773,-4.9076313972473145,-2.794494152069092,-2.361387014389038,-9.378463745117188,-5.436345100402832,-8.67522144317627,-6.6761155128479,-3.733717679977417,-3.9439620971679688,-7.496757984161377,-8.459312438964844,-8.098998069763184,-8.03395938873291,-9.034088134765625,-8.666765213012695,-9.559208869934082,-7.750707626342773,-6.186904430389404,-8.489330291748047,-7.768128395080566,-5.268899440765381,-4.5693359375,-6.731780529022217,-5.236720085144043,-9.723756790161133,-7.332100868225098,-6.932112693786621,-7.068446159362793,-7.1934943199157715,-6.330272674560547,-2.5231423377990723,-6.53138542175293,-8.399386405944824,-5.630329608917236,-2.7249104976654053,-4.0926737785339355
-8.68877124786377,-8.664165496826172,-8.246542930603027,-7.689199447631836,-7.752060890197754,-7.952121734619141,-6.045002460479736,-4.405367374420166,-7.346635341644287,-11.079565048217773,-8.930240631103516,-7.250360488891602,-8.842517852783203,-7.577342987060547,-4.929535388946533,-3.902172565460205,-6.795866012573242,-7.123440265655518,-3.5943689346313477,-2.925887107849121,-10.613106727600098,-8.434619903564453,-9.190699577331543,-8.876766204833984,-8.711966514587402,-8.373043060302734,-7.620718479156494,-5.913723945617676,-5.104698181152344,-6.4886603355407715,-9.262679100036621,-10.34288215637207,-7.627933502197266,-5.785367012023926,-5.629231929779053,-6.005651473999023,-7.019676208496094,-7.723225116729736,-8.345246315002441,-8.437593460083008,-6.394913673400879,-2.1765377521514893,-3.3421473503112793
-8.022130012512207,-8.256057739257812,-8.477438926696777,-8.052192687988281,-7.513789176940918,-6.661736965179443,-5.314957141876221,-4.518165111541748,-7.4093337059021,-8.855031967163086,-6.716489791870117,-6.876497745513916,-10.722041130065918,-7.747756481170654,-5.6001787185668945,-6.301912784576416,-6.071449279785156,-4.78098726272583,-4.567668437957764,-5.705475330352783,-9.869922637939453,-10.506439208984375,-8.510941505432129,-8.897088050842285,-7.066352844238281,-5.720574855804443,-6.411284446716309,-6.4517717361450195,-7.574465751647949,-7.36124849319458,-9.353060722351074,-9.614407539367676,-7.073130130767822,-4.249793529510498,-4.7714385986328125,-10.269744873046875,-9.612129211425781,-8.686319351196289,-8.901469230651855,-8.631026268005371,-5.553904056549072,-4.940872669219971,-5.531203269958496
-8.056982040405273,-7.949546813964844,-7.7245402336120605,-7.598297595977783,-7.571600914001465,-6.392670631408691,-5.220630645751953,-4.309125900268555,-4.2033233642578125,-3.4687840938568115,0.09483715146780014,-6.725834369659424,-13.200512886047363,-8.185035705566406,-5.525609493255615,-5.604230880737305,-5.9007792472839355,-5.97145938873291,-7.062057971954346,-7.063700199127197,-9.446393966674805,-10.899487495422363,-9.931396484375,-9.186285018920898,-6.894797325134277,-7.189869403839111,-8.155638694763184,-7.5781941413879395,-8.550078392028809,-8.752442359924316,-9.160089492797852,-8.232181549072266,-7.296401023864746,-5.849084854125977,-7.300027847290039,-9.249402046203613,-8.702237129211426,-6.78877067565918,-8.981287956237793,-8.74450969696045,-8.538187980651855,-8.176180839538574,-7.502604961395264
-8.054658889770508,-7.917880535125732,-7.7239813804626465,-7.659632682800293,-7.051024436950684,-6.484075546264648,-5.702709197998047,-4.927759170532227,-3.793524980545044,-1.4379794597625732,-4.274494171142578,-13.237014770507812,-9.173312187194824,-7.294687271118164,-6.000564098358154,-5.295754432678223,-5.098572254180908,-4.805261135101318,-5.47934627532959,-6.23370885848999,-7.8900227546691895,-9.730056762695312,-8.921606063842773,-7.1761932373046875,-5.473669052124023,-12.297682762145996,-10.876347541809082,-8.004162788391113,-7.827836513519287,-6.246623516082764,-6.876712799072266,-6.833434104919434,-7.671536445617676,-7.21762752532959,-5.167823314666748,-5.442128658294678,-8.077651023864746,-6.799676895141602,-7.991614818572998,-8.571830749511719,-7.832128524780273,-7.520612716674805,-7.79444694519043
-7.557941436767578,-7.199902534484863,-7.211704730987549,-7.242475986480713,-7.035004615783691,-6.5923333168029785,-5.760559558868408,-4.146880149841309,-1.2253715991973877,-3.4646108150482178,-11.674936294555664,-10.088878631591797,-8.00685977935791,-6.94451904296875,-5.919275760650635,-6.091071128845215,-5.924319267272949,-5.62845516204834,-5.996461868286133,-7.093865394592285,-8.191256523132324,-9.168601989746094,-8.738926887512207,-8.369290351867676,-8.918423652648926,-10.110138893127441,-10.019007682800293,-8.78212833404541,-7.748762130737305,-6.612082481384277,-6.322900295257568,-6.674596309661865,-8.014262199401855,-7.921762466430664,-5.274020671844482,-6.025050163269043,-5.840278625488281,-7.1468119621276855,-3.328630208969116,-6.764915943145752,-6.098153114318848,-6.6107988357543945,-8.394495010375977
-7.502398490905762,-6.88215446472168,-7.038998603820801,-7.094860076904297,-6.892088413238525,-6.553371429443359,-5.723397254943848,-4.575683116912842,-4.131436347961426,-8.84250545501709,-10.321324348449707,-7.692496299743652,-8.226093292236328,-7.868134021759033,-8.015463829040527,-8.148236274719238,-7.690667152404785,-7.306856155395508,-7.247775554656982,-8.025264739990234,-8.907238960266113,-9.66076946258545,-9.872617721557617,-9.437901496887207,-9.36940860748291,-9.806140899658203,-10.166171073913574,-8.592156410217285,-6.952023029327393,-6.474074840545654,-7.090062141418457,-6.916587829589844,-6.819690227508545,-7.254138946533203,-7.195844650268555,-6.398996353149414,-6.357120513916016,-2.9436964988708496,0.6776537299156189,-7.655572891235352,-6.209750175476074,-4.258877754211426,-5.411541938781738
-7.633185863494873,-7.089262962341309,-7.097982406616211,-6.937997341156006,-6.619262218475342,-6.443309783935547,-6.2169270515441895,-6.590536594390869,-7.8450775146484375,-8.082113265991211,-8.961263656616211,-9.498895645141602,-10.204710960388184,-10.132070541381836,-10.317021369934082,-9.84411334991455,-9.229865074157715,-9.049116134643555,-9.12415599822998,-9.488444328308105,-9.944010734558105,-10.238375663757324,-10.224061965942383,-9.668304443359375,-10.005115509033203,-10.289252281188965,-9.764749526977539,-8.52376937866211,-7.847071170806885,-7.659111022949219,-7.165957927703857,-6.540286540985107,-6.490501880645752,-7.294562339782715,-7.163814067840576,-6.5917439460754395,-4.737076282501221,-3.78994083404541,-5.488912582397461,-7.6153130531311035,-6.126888751983643,-3.2521896362304688,-2.103031873703003
-7.429747104644775,-7.495220184326172,-7.276906490325928,-6.913803577423096,-6.373485088348389,-6.218495845794678,-6.584461212158203,-7.168086051940918,-7.001986503601074,-6.859861373901367,-8.72497844696045,-10.862407684326172,-11.020207405090332,-10.385946273803711,-9.393778800964355,-9.156717300415039,-8.80345630645752,-9.41201400756836,-10.76346206665039,-11.252524375915527,-11.353108406066895,-11.381510734558105,-10.649212837219238,-9.889019012451172,-9.99094295501709,-10.3594331741333,-9.713736534118652,-9.311319351196289,-9.65617847442627,-8.471100807189941,-6.622274875640869,-6.326938629150391,-7.0415472984313965,-6.951887607574463,-7.392782688140869,-7.6898112297058105,-5.87244176864624,-4.5990447998046875,-5.772558212280273,-5.0483293533325195,-4.548827171325684,-5.910802841186523,-5.49445104598999
-7.323110580444336,-7.5982184410095215,-7.45342493057251,-6.868928909301758,-6.442630767822266,-6.093189716339111,-6.501402854919434,-7.05244255065918,-6.477324485778809,-6.505878448486328,-8.398347854614258,-9.722060203552246,-8.661484718322754,-7.987891674041748,-8.279727935791016,-8.928497314453125,-8.582761764526367,-8.67076301574707,-9.192412376403809,-10.686083793640137,-12.119754791259766,-12.20899486541748,-11.056880950927734,-10.029311180114746,-9.960272789001465,-9.967041969299316,-9.346981048583984,-9.360345840454102,-7.765124320983887,-8.236400604248047,-8.228890419006348,-6.634311199188232,-8.298314094543457,-6.209150314331055,-6.327156066894531,-7.8238525390625,-6.801442623138428,-6.255477428436279,-6.475257873535156,-5.380115032196045,-3.7386951446533203,-5.5497965812683105,-5.819559097290039
-7.16195821762085,-7.254210472106934,-7.330840587615967,-6.8618927001953125,-6.755494594573975,-6.27087926864624,-6.705487251281738,-7.271393299102783,-7.53335428237915,-7.20944356918335,-7.0714569091796875,-8.014876365661621,-7.25954008102417,-7.140555381774902,-8.042104721069336,-7.875455379486084,-7.846538066864014,-8.332564353942871,-8.097658157348633,-8.275657653808594,-9.747089385986328,-10.894131660461426,-9.837485313415527,-8.913093566894531,-9.169134140014648,-9.140462875366211,-8.480733871459961,-8.073969841003418,-7.397355079650879,-8.437682151794434,-7.875944137573242,-7.859350681304932,-8.051077842712402,-6.319101810455322,-7.228919506072998,-7.704806804656982,-6.972728729248047,-7.358604907989502,-6.797911167144775,-7.165438175201416,-4.97968864440918,-3.505892038345337,-5.199594497680664
-6.61020040512085,-6.675568580627441,-6.82954216003418,-7.077511310577393,-7.12984561920166,-6.801054000854492,-7.257966995239258,-7.133384704589844,-7.524893283843994,-7.76673698425293,-7.456384181976318,-7.441152572631836,-7.437994003295898,-7.2296037673950195,-7.4308085441589355,-7.073798179626465,-7.184675693511963,-7.268313884735107,-7.451413631439209,-7.683873176574707,-7.8098368644714355,-8.205158233642578,-8.280543327331543,-7.839930534362793,-7.57668924331665,-7.467261791229248,-7.840274333953857,-8.467364311218262,-9.377347946166992,-9.543268203735352,-8.917839050292969,-8.190845489501953,-7.261167526245117,-7.122941017150879,-6.5702409744262695,-5.933642387390137,-6.017080307006836,-6.880975246429443,-7.205305576324463,-9.032278060913086,-7.996063232421875,-3.964843988418579,-4.564274787902832
-7.770275592803955,-7.451924800872803,-7.414658546447754,-7.963850498199463,-7.6481757164001465,-7.346930027008057,-7.3450212478637695,-7.15343713760376,-7.045145511627197,-7.299246788024902,-7.392339706420898,-7.176057815551758,-7.079087257385254,-6.983706951141357,-6.852005481719971,-6.852656364440918,-6.597713470458984,-6.4722795486450195,-6.4155592918396,-6.7647175788879395,-7.156863212585449,-7.565408706665039,-8.08130168914795,-7.729968070983887,-7.209892272949219,-6.646635055541992,-8.721933364868164,-10.763178825378418,-11.38325309753418,-11.262444496154785,-10.419109344482422,-9.905387878417969,-8.766509056091309,-8.573602676391602,-7.050942420959473,-5.258955001831055,-4.043620586395264,-3.8875350952148438,-4.183535575866699,-6.009036064147949,-8.645288467407227,-7.366703510284424,-4.86583948135376
-8.490234375,-8.251590728759766,-8.610212326049805,-8.288249015808105,-8.244060516357422,-8.164594650268555,-7.890094757080078,-7.9938507080078125,-7.505847454071045,-7.254550933837891,-6.89204740524292,-6.859041213989258,-6.679355621337891,-6.5785136222839355,-6.571537971496582,-6.454632759094238,-6.109130382537842,-5.843320846557617,-5.799636363983154,-5.845652103424072,-6.085256576538086,-6.474514484405518,-6.926024436950684,-6.604907512664795,-6.4607415199279785,-5.799744129180908,-7.522722244262695,-9.572977066040039,-10.12878131866455,-11.340892791748047,-11.64969539642334,-10.163567543029785,-8.519495010375977,-8.414148330688477,-7.179564952850342,-6.125618934631348,-4.334404468536377,-2.7047815322875977,-2.366482734680176,-1.6729321479797363,-2.728296995162964,-5.398067951202393,-5.5326642990112305
-8.679290771484375,-8.127561569213867,-7.932028770446777,-8.332841873168945,-8.564294815063477,-8.638290405273438,-8.91912841796875,-9.268754959106445,-9.254437446594238,-8.557464599609375,-7.225203037261963,-6.4012322425842285,-6.578101634979248,-6.437984466552734,-6.571373462677002,-6.1008381843566895,-5.687750339508057,-5.544101715087891,-5.8181352615356445,-5.939480781555176,-5.538370609283447,-5.133072853088379,-5.203798294067383,-4.953879356384277,-5.0338616371154785,-3.998155355453491,-3.6717634201049805,-4.599050998687744,-5.877973556518555,-8.464286804199219,-9.294922828674316,-8.240596771240234,-7.227680206298828,-7.648446559906006,-6.904634475708008,-5.807595252990723,-4.927119731903076,-4.389737606048584,-2.6300151348114014,-0.9992102384567261,0.12471000850200653,-1.1335070133209229,-1.7007988691329956
-9.204215049743652,-8.681012153625488,-8.581099510192871,-8.776461601257324,-9.198644638061523,-9.536666870117188,-9.64826488494873,-9.663671493530273,-9.55407428741455,-8.651989936828613,-6.920042514801025,-6.229122161865234,-6.550265312194824,-6.388244152069092,-6.348728656768799,-5.784402847290039,-5.234231948852539,-5.36706018447876,-6.707032680511475,-6.897592067718506,-6.281110763549805,-5.505372047424316,-4.799882888793945,-3.619119167327881,-2.6738386154174805,-2.2825400829315186,-1.1528576612472534,-0.1474538892507553,-1.1701072454452515,-2.274034261703491,-3.9362025260925293,-4.48948335647583,-3.4235687255859375,-4.791029930114746,-5.981266975402832,-5.979089736938477,-5.064030170440674,-4.431741714477539,-4.101662635803223,-3.288527250289917,-2.0764589309692383,-0.6446766257286072,-0.09049440175294876
-8.472966194152832,-8.932303428649902,-9.094614028930664,-9.341830253601074,-9.570168495178223,-9.711431503295898,-9.652826309204102,-9.368325233459473,-9.032740592956543,-8.363409042358398,-7.019327640533447,-5.667850017547607,-6.024722099304199,-6.884523868560791,-6.183129787445068,-5.612643241882324,-5.471251964569092,-5.351319789886475,-6.418578624725342,-6.625267505645752,-6.122470378875732,-6.057399272918701,-5.118264675140381,-3.2784223556518555,-1.5753633975982666,-0.5172539353370667,0.22257143259048462,0.07715156674385071,0.33601510524749756,0.9688966274261475,0.2343810498714447,0.002233571372926235,-0.16095376014709473,-1.2188252210617065,-3.574435234069824,-5.298764228820801,-5.42231559753418,-5.0526018142700195,-5.0704240798950195,-4.996203422546387,-4.427065849304199,-3.5317819118499756,-2.5607237815856934
-6.246635913848877,-7.976105213165283,-8.060348510742188,-8.56668758392334,-8.90707778930664,-9.22399616241455,-9.045262336730957,-8.560200691223145,-8.211719512939453,-7.803238391876221,-6.822108745574951,-5.476381301879883,-4.515227794647217,-5.476589202880859,-5.040404796600342,-3.915717124938965,-4.048513412475586,-3.701395273208618,-5.307883262634277,-5.467787265777588,-4.537090301513672,-4.309533596038818,-3.2422564029693604,-2.159313201904297,-1.1691858768463135,-0.20765751600265503,0.5349376201629639,0.8637028336524963,0.7837924957275391,0.8353430032730103,1.5496845245361328,1.596766710281372,1.0212829113006592,0.34536901116371155,-1.4783787727355957,-3.9363911151885986,-5.074038505554199,-5.417532444000244,-5.8723297119140625,-6.112245559692383,-5.7868475914001465,-5.085873603820801,-4.54784631729126
