data/wind_data/wind_31_9.json
{"header": {"parameterUnit": "KT", "parameterCategory": 2, "nx": 256, "ny": 198, "lo1": 44.73521041870117, "la1": -3.236724853515625, "lo2": 111.26478576660156, "la2": 43.468475341796875, "dx": 0.2609002888202667, "dy": -0.23708222806453705, "refTime": "2025-02-20 07:00:00", "forecastTime": 0, "parameterNumber": 2, "parameterNumberName": "eastward_wind"}, "data":
[rows 57 to 75 of 198, columns 0 to 42 of 256]
9.416864395141602,9.771221160888672,10.487428665161133,12.16753101348877,14.202977180480957,14.650106430053711,15.184081077575684,16.001127243041992,15.824667930603027,13.847618103027344,11.28272533416748,9.487115859985352,8.427834510803223,7.525086402893066,6.754049301147461,6.372706890106201,6.052933692932129,5.4488139152526855,4.807582855224609,3.828002691268921,3.0733304023742676,3.052438259124756,3.432422637939453,3.7969164848327637,3.866063356399536,3.7034690380096436,3.5105180740356445,3.2340846061706543,3.034788131713867,3.4010238647460938,4.230690002441406,5.0302510261535645,5.299409866333008,4.86104679107666,3.9877679347991943,3.196652889251709,2.87549090385437,3.10530948638916,3.544598340988159,3.9093804359436035,4.168256759643555,4.236607074737549,4.0076470375061035
8.8311128616333,9.047690391540527,10.2482271194458,12.156503677368164,14.67885684967041,15.503878593444824,15.986845016479492,16.874042510986328,17.44719696044922,16.72208023071289,14.957443237304688,13.119494438171387,11.545975685119629,10.053998947143555,8.923971176147461,8.28577709197998,7.553554534912109,6.349034309387207,5.186803817749023,4.002022743225098,2.8355846405029297,2.408916473388672,2.55538010597229,2.8660945892333984,3.0162768363952637,2.9694550037384033,2.733916997909546,2.4858040809631348,2.7234840393066406,3.4814388751983643,4.218747615814209,4.759459018707275,5.0314412117004395,4.858014106750488,4.294326305389404,3.567887783050537,2.9315459728240967,2.5464284420013428,2.5196287631988525,2.87463116645813,3.4660089015960693,3.8232016563415527,3.6389405727386475
8.379152297973633,8.663122177124023,10.5173921585083,12.522183418273926,14.684062957763672,15.62657356262207,15.948135375976562,16.48332977294922,17.31695556640625,17.740400314331055,17.162757873535156,15.709050178527832,13.678678512573242,11.655730247497559,10.413101196289062,9.542534828186035,8.165331840515137,6.327311038970947,4.777193546295166,3.7827229499816895,2.7033884525299072,2.003035306930542,1.864363670349121,2.0264852046966553,2.293307304382324,2.502354860305786,2.4524166584014893,2.5512962341308594,3.3368163108825684,4.170229434967041,4.632943630218506,4.790047645568848,4.841338157653809,4.8027119636535645,4.640982151031494,4.299027919769287,3.729928731918335,2.9692914485931396,2.323089361190796,2.1295933723449707,2.4791042804718018,2.974609136581421,3.128200054168701
8.077783584594727,8.843239784240723,11.11668872833252,13.249272346496582,14.905434608459473,15.959835052490234,16.14870834350586,16.071813583374023,16.65634536743164,17.52602767944336,17.74878692626953,16.80991554260254,14.735047340393066,12.6775484085083,11.451175689697266,9.996459007263184,7.709102630615234,5.2707085609436035,3.488678216934204,2.807842254638672,2.3479654788970947,1.8680413961410522,1.6099436283111572,1.5951436758041382,1.8796429634094238,2.2985100746154785,2.674650192260742,3.42211651802063,4.474626541137695,5.162415504455566,5.263415336608887,5.114278316497803,4.991745948791504,4.982845783233643,5.068739414215088,5.1062235832214355,4.8068342208862305,4.033200263977051,3.0279417037963867,2.25691556930542,1.9949042797088623,2.153311014175415,2.423970937728882
7.905661106109619,9.153114318847656,11.38138484954834,13.606489181518555,15.088160514831543,16.31362533569336,16.526060104370117,16.055646896362305,16.170089721679688,16.737096786499023,16.889921188354492,15.993057250976562,14.184601783752441,12.704124450683594,11.474839210510254,9.355833053588867,6.531766891479492,3.937678575515747,2.1708669662475586,1.6936396360397339,1.7810567617416382,1.7576968669891357,1.7767233848571777,1.8174242973327637,2.034001111984253,2.4578330516815186,3.200603485107422,4.378891468048096,5.506537437438965,6.119007587432861,6.060605049133301,5.7034173011779785,5.468234062194824,5.480961799621582,5.637411594390869,5.759134292602539,5.608586311340332,4.985707759857178,3.95615816116333,2.9464104175567627,2.253406047821045,1.9521100521087646,2.0050437450408936
7.834287643432617,9.124515533447266,11.21391487121582,13.490532875061035,15.00756549835205,16.060691833496094,16.29491424560547,15.687163352966309,15.423088073730469,15.647451400756836,15.388612747192383,13.958107948303223,12.479317665100098,11.70388126373291,10.387125968933105,8.08491039276123,5.570733547210693,3.4459164142608643,1.9568135738372803,1.4135080575942993,1.6431024074554443,1.8002195358276367,2.06119704246521,2.3897511959075928,2.6621997356414795,3.0652260780334473,3.906973361968994,5.100993633270264,6.2314300537109375,6.934996604919434,6.989143371582031,6.6310648918151855,6.312784194946289,6.2523393630981445,6.316898822784424,6.306500434875488,6.048221111297607,5.443597316741943,4.523200035095215,3.5230937004089355,2.7024192810058594,2.191535234451294,2.0471324920654297
7.174190998077393,9.931462287902832,11.177922248840332,13.046014785766602,14.630839347839355,15.376484870910645,15.498734474182129,14.914119720458984,14.424805641174316,14.192219734191895,13.116072654724121,11.454483032226562,10.79776382446289,10.34044361114502,8.91217041015625,6.945074081420898,5.068720817565918,3.555713415145874,2.523083209991455,1.9835790395736694,2.1178228855133057,2.353961706161499,2.5393784046173096,2.9424850940704346,3.34256649017334,3.8603389263153076,4.749331474304199,5.923455715179443,7.0943603515625,7.836234092712402,7.9470648765563965,7.688873291015625,7.433597564697266,7.278163433074951,7.096542835235596,6.77675724029541,6.267117023468018,5.555222988128662,4.689296722412109,3.7679495811462402,2.9439501762390137,2.381540060043335,2.151851177215576
5.995709419250488,8.384060859680176,10.116301536560059,11.936182975769043,13.500802993774414,14.183572769165039,14.044782638549805,13.226426124572754,12.424298286437988,11.387950897216797,9.855250358581543,9.282966613769531,9.469941139221191,8.906229972839355,7.5479655265808105,6.073497772216797,4.7159013748168945,3.557619571685791,2.7631454467773438,2.44073748588562,2.7415761947631836,3.2681121826171875,3.526182174682617,3.7089781761169434,3.9731569290161133,4.526704788208008,5.564936637878418,6.949782371520996,8.2438383102417,8.923927307128906,8.914837837219238,8.637468338012695,8.449578285217285,8.275712966918945,7.8721466064453125,7.195962429046631,6.359151840209961,5.4882025718688965,4.632622241973877,3.802145004272461,3.0539965629577637,2.478231906890869,2.112464427947998
4.6131720542907715,9.194864273071289,9.925544738769531,11.016229629516602,11.938302040100098,12.721874237060547,12.308603286743164,10.851218223571777,9.314299583435059,7.791736602783203,7.326791286468506,7.959375858306885,8.16466999053955,7.537938594818115,6.6219635009765625,5.827876567840576,5.0503716468811035,4.100040435791016,3.135528564453125,2.664301872253418,3.0740396976470947,4.028776168823242,4.770592212677002,5.006170749664307,4.998116493225098,5.328136444091797,6.380277633666992,7.840907573699951,9.07120132446289,9.666069030761719,9.703230857849121,9.495392799377441,9.21216869354248,8.866907119750977,8.360596656799316,7.577043533325195,6.550391674041748,5.461758613586426,4.450292110443115,3.5869178771972656,2.9297080039978027,2.444301128387451,2.0110931396484375
3.133671283721924,7.183108329772949,7.89720344543457,8.881444931030273,9.226454734802246,10.190900802612305,9.76353931427002,7.657461643218994,5.4730634689331055,4.800878047943115,5.868742942810059,6.826290130615234,6.793760299682617,6.283261299133301,5.929821968078613,5.8182902336120605,5.503265857696533,4.690260887145996,3.5832090377807617,2.7675230503082275,2.998405933380127,4.220999240875244,5.542761325836182,6.242419719696045,6.367039680480957,6.488151550292969,7.15624475479126,8.17066478729248,9.021280288696289,9.572476387023926,9.948112487792969,10.081819534301758,9.763501167297363,9.12925910949707,8.46318244934082,7.794826984405518,6.921292781829834,5.733649253845215,4.3920769691467285,3.227090835571289,2.4950757026672363,2.112165927886963,1.7499427795410156
2.720991849899292,4.03236722946167,5.024893283843994,5.956598281860352,6.200658321380615,6.9209794998168945,6.068080902099609,4.031283378601074,2.876922845840454,3.45035457611084,4.712521553039551,5.476381778717041,5.528709888458252,5.335213661193848,5.374580383300781,5.5442094802856445,5.306779384613037,4.637576103210449,3.7046730518341064,2.866396427154541,2.826345682144165,3.909435272216797,5.4385480880737305,6.593231678009033,7.185491561889648,7.416848182678223,7.663574695587158,8.001465797424316,8.326770782470703,8.823348999023438,9.560758590698242,10.073099136352539,9.930619239807129,9.23788070678711,8.472824096679688,7.876806735992432,7.221405506134033,6.1322174072265625,4.607353210449219,3.1119048595428467,2.0843100547790527,1.5437222719192505,1.2087442874908447
3.0723459720611572,2.6410880088806152,2.95977520942688,3.381523609161377,3.5723888874053955,3.5757675170898438,2.687453269958496,1.8295540809631348,1.896390676498413,2.656506061553955,3.516356945037842,4.172793865203857,4.51689338684082,4.672231197357178,4.791068077087402,4.7245588302612305,4.459409236907959,4.013293266296387,3.4682674407958984,2.9539287090301514,2.8230581283569336,3.4188497066497803,4.641090393066406,5.958662986755371,6.9543914794921875,7.521321773529053,7.696190357208252,7.5473713874816895,7.441715240478516,7.9150590896606445,8.835850715637207,9.523688316345215,9.609874725341797,9.199445724487305,8.614200592041016,8.040064811706543,7.3750786781311035,6.318872928619385,4.792255401611328,3.189784526824951,1.9563442468643188,1.1543506383895874,0.6359286308288574
3.113415002822876,2.10780930519104,1.6467232704162598,1.5153813362121582,1.9727962017059326,1.4147838354110718,0.5927371978759766,0.4111085832118988,1.0498638153076172,1.7923340797424316,2.54042387008667,3.3489344120025635,3.8734610080718994,4.058150291442871,4.08542013168335,3.9927639961242676,3.6873950958251953,3.085209846496582,2.596203088760376,2.499696731567383,2.626354932785034,2.9263699054718018,3.6300864219665527,4.840528964996338,6.080109596252441,6.780488014221191,6.773345470428467,6.474241733551025,6.564557075500488,7.259134292602539,8.143765449523926,8.761950492858887,9.025705337524414,9.009411811828613,8.74601936340332,8.246413230895996,7.472286224365234,6.298405647277832,4.761851787567139,3.183577299118042,1.884037733078003,0.9547449350357056,0.2835199534893036
2.97613525390625,2.2122113704681396,1.1904911994934082,0.6241686344146729,1.465820074081421,0.47943297028541565,-0.8069256544113159,-0.6878916621208191,0.08339127898216248,0.7980381846427917,1.7195234298706055,2.539954900741577,2.8682568073272705,3.2220895290374756,3.69888973236084,3.8636021614074707,3.486689567565918,2.601384162902832,1.8003671169281006,1.6211042404174805,1.8113138675689697,2.105008602142334,2.589169502258301,3.4940922260284424,4.47233247756958,5.000782489776611,5.155416011810303,5.4497504234313965,6.130258560180664,6.9463958740234375,7.596090316772461,8.063321113586426,8.40918254852295,8.637341499328613,8.63722038269043,8.279565811157227,7.497565269470215,6.266641616821289,4.722076892852783,3.1448984146118164,1.7624677419662476,0.7304787635803223,-0.03515975549817085
2.588404893875122,2.1221213340759277,0.9064804911613464,0.30969589948654175,1.2508138418197632,0.026353400200605392,-1.2932881116867065,-1.3863840103149414,-0.9691659212112427,-0.15057694911956787,0.7148836851119995,1.2698603868484497,1.6269837617874146,2.3870582580566406,3.223224401473999,3.71589994430542,3.5951192378997803,2.840705156326294,1.9258521795272827,1.278931975364685,0.996086597442627,1.055850625038147,1.4329612255096436,2.0874950885772705,2.947857618331909,3.860896348953247,4.728199005126953,5.522909641265869,6.166904449462891,6.647490978240967,7.05611515045166,7.429703235626221,7.790525913238525,8.13031005859375,8.337395668029785,8.177068710327148,7.4676079750061035,6.275628089904785,4.816055774688721,3.254503011703491,1.7234764099121094,0.468584805727005,-0.4823186993598938
2.0702946186065674,2.0382838249206543,0.9421299695968628,0.5614023208618164,1.5216481685638428,0.1296512931585312,-1.3079400062561035,-1.9723235368728638,-1.7767693996429443,-1.2931935787200928,-0.804772138595581,-0.10530116409063339,0.7053921222686768,1.6281297206878662,2.5829198360443115,3.347838878631592,3.6426286697387695,3.3965139389038086,2.7794406414031982,1.954899787902832,1.337214469909668,1.2487435340881348,1.616843819618225,2.351201295852661,3.414841890335083,4.649039268493652,5.694429874420166,6.241832733154297,6.293964862823486,6.263205051422119,6.462221145629883,6.7968525886535645,7.143795490264893,7.5859246253967285,8.040118217468262,8.104702949523926,7.477941513061523,6.29225492477417,4.860495567321777,3.327450752258301,1.754042625427246,0.313618540763855,-0.862333357334137
1.9406946897506714,2.872544765472412,1.4056955575942993,0.9395947456359863,1.8968528509140015,0.34307846426963806,-1.432745099067688,-2.4471123218536377,-2.6045823097229004,-2.571406841278076,-2.223191976547241,-1.1156295537948608,0.21704693138599396,1.3550633192062378,2.3246614933013916,3.1001479625701904,3.544731616973877,3.6333909034729004,3.346371650695801,2.828604221343994,2.472656011581421,2.644237518310547,3.208759069442749,4.035139560699463,4.9872565269470215,5.91855001449585,6.598983287811279,6.755068778991699,6.433720588684082,6.075346946716309,6.005232810974121,6.190707206726074,6.5314621925354,7.101226806640625,7.751559734344482,7.983148574829102,7.460160255432129,6.3203558921813965,4.8661017417907715,3.3100790977478027,1.7855366468429565,0.39240312576293945,-0.7852990031242371
1.995077133178711,1.0592451095581055,0.44563472270965576,0.3708125054836273,1.4363274574279785,-0.2825779914855957,-2.006636381149292,-2.9017367362976074,-3.284841537475586,-3.2442681789398193,-2.621126651763916,-1.443440318107605,0.15658850967884064,1.6886544227600098,2.7490553855895996,3.367421865463257,3.6236367225646973,3.5045835971832275,3.0706536769866943,2.7169981002807617,2.7649734020233154,3.2672622203826904,4.01745080947876,4.888260364532471,5.713201522827148,6.28960657119751,6.654420375823975,6.785240173339844,6.591769218444824,6.174845218658447,5.854501724243164,5.84298038482666,6.169125080108643,6.7878522872924805,7.418771266937256,7.6268205642700195,7.189656734466553,6.216672420501709,4.8779120445251465,3.366762638092041,1.9580352306365967,0.7911232113838196,-0.17957887053489685
1.6969728469848633,-0.5253877639770508,-1.0664350986480713,-0.7215954065322876,0.3650935888290405,-1.4068717956542969,-2.7280585765838623,-3.1895341873168945,-3.1319046020507812,-2.609807014465332,-1.9666507244110107,-1.2087115049362183,0.33427706360816956,2.2965757846832275,3.670311689376831,4.16587495803833,4.064188003540039,3.514921188354492,2.67993426322937,2.0595920085906982,2.0467958450317383,2.5223371982574463,3.237797498703003,4.062512397766113,4.837304592132568,5.444964408874512,6.025330543518066,6.6175360679626465,6.867086410522461,6.593838691711426,6.136112689971924,5.934856414794922,6.14889669418335,6.631463527679443,7.030492782592773,7.0475850105285645,6.621081829071045,5.831991195678711,4.719983100891113,3.384523391723633,2.1445531845092773,1.2344884872436523,0.545395016670227
