data/wind_data/wind_51_6.json
{"header": {"parameterUnit": "KT", "parameterCategory": 2, "nx": 256, "ny": 198, "lo1": 44.73521041870117, "la1": -3.236724853515625, "lo2": 111.26478576660156, "la2": 43.468475341796875, "dx": 0.2609002888202667, "dy": -0.23708222806453705, "refTime": "2025-02-21 03:00:00", "forecastTime": 0, "parameterNumber": 2, "parameterNumberName": "eastward_wind"}, "data":
[rows 60 to 79 of 198, columns 0 to 43 of 256]
18.77300453186035,17.59613609313965,16.93105697631836,16.818782806396484,17.09861946105957,17.026018142700195,16.472158432006836,15.833995819091797,15.35658073425293,14.979449272155762,14.578625679016113,14.152759552001953,13.903120040893555,13.80624008178711,13.591132164001465,13.324345588684082,13.360401153564453,13.937843322753906,14.800436019897461,15.458242416381836,15.668952941894531,15.728294372558594,15.718545913696289,15.088961601257324,13.635796546936035,12.475370407104492,11.867015838623047,11.454012870788574,11.433440208435059,11.904267311096191,12.313467025756836,12.2304105758667,11.8574800491333,11.578850746154785,11.350971221923828,10.904568672180176,10.46004867553711,10.509795188903809,11.049466133117676,11.571028709411621,11.709061622619629,11.45712661743164,11.142548561096191,11.155399322509766
19.962154388427734,18.904109954833984,18.507326126098633,18.69683074951172,18.602951049804688,17.813249588012695,17.095199584960938,16.843841552734375,16.936080932617188,16.98146629333496,16.785707473754883,16.41975975036621,16.00331687927246,15.673236846923828,15.484292984008789,15.342222213745117,15.297603607177734,15.56113338470459,16.11347007751465,16.705387115478516,17.128314971923828,17.25877571105957,17.12968635559082,16.80945587158203,16.078617095947266,15.137022972106934,14.295022964477539,13.483419418334961,12.833574295043945,12.70840835571289,12.957426071166992,13.07374382019043,12.89765453338623,12.621672630310059,12.528251647949219,12.656173706054688,12.792036056518555,12.753573417663574,12.67147159576416,12.697469711303711,12.798501014709473,12.832361221313477,12.64984130859375,12.428633689880371
20.92562484741211,20.293743133544922,20.434938430786133,20.75913429260254,20.09891700744629,18.84635353088379,18.36725616455078,18.785472869873047,19.376571655273438,19.542875289916992,19.162660598754883,18.508541107177734,17.886255264282227,17.440906524658203,17.223583221435547,17.25547218322754,17.381378173828125,17.599044799804688,17.91582489013672,18.287057876586914,18.688610076904297,18.924474716186523,18.734827041625977,18.169204711914062,17.526813507080078,16.90829086303711,16.505277633666992,16.196426391601562,15.552513122558594,14.696024894714355,14.101234436035156,13.842302322387695,13.772252082824707,13.834600448608398,13.886357307434082,14.054054260253906,14.416624069213867,14.764616012573242,14.807255744934082,14.590880393981934,14.384159088134766,14.320697784423828,14.350406646728516,14.22209644317627
21.734514236450195,22.39877700805664,22.252477645874023,22.210575103759766,21.809019088745117,21.300840377807617,21.288352966308594,21.691762924194336,21.98935890197754,21.876609802246094,21.315359115600586,20.461570739746094,19.63877296447754,19.08954429626465,18.860692977905273,18.903968811035156,19.102783203125,19.38820457458496,19.67888641357422,19.956707000732422,20.23674201965332,20.44763946533203,20.324478149414062,19.797374725341797,19.092670440673828,18.434104919433594,18.08816146850586,18.1002254486084,18.024892807006836,17.55512046813965,16.819107055664062,16.035816192626953,15.417027473449707,15.16379451751709,15.246016502380371,15.589420318603516,16.161649703979492,16.737152099609375,16.911531448364258,16.570772171020508,16.036245346069336,15.690054893493652,15.651625633239746,15.8148832321167
22.46879768371582,22.613420486450195,22.818613052368164,22.749011993408203,22.91840362548828,23.054712295532227,23.031307220458984,22.925373077392578,22.63041114807129,22.18568229675293,21.681684494018555,21.122417449951172,20.593286514282227,20.305503845214844,20.3005313873291,20.41279411315918,20.554306030273438,20.734268188476562,20.970531463623047,21.28242301940918,21.5736141204834,21.69503402709961,21.52303695678711,21.103626251220703,20.534029006958008,19.958667755126953,19.658145904541016,19.762937545776367,19.907541275024414,19.726179122924805,19.22954750061035,18.598636627197266,17.922950744628906,17.376420974731445,17.112804412841797,17.19776153564453,17.687026977539062,18.432275772094727,18.94884490966797,18.817018508911133,18.128170013427734,17.377946853637695,17.00665855407715,17.015424728393555
23.786848068237305,25.59897804260254,25.00617218017578,24.005456924438477,23.995702743530273,24.273540496826172,23.957056045532227,23.441869735717773,22.826316833496094,22.09406089782715,21.49875259399414,21.18906021118164,21.10605239868164,21.302532196044922,21.778610229492188,22.219715118408203,22.350297927856445,22.23609733581543,22.17888069152832,22.32011604309082,22.53199577331543,22.611772537231445,22.409635543823242,22.00973892211914,21.502349853515625,21.088212966918945,20.991796493530273,21.270095825195312,21.695205688476562,21.777753829956055,21.386436462402344,20.8199462890625,20.30171775817871,19.900596618652344,19.620323181152344,19.431060791015625,19.354305267333984,19.615419387817383,20.12993049621582,20.405933380126953,20.135974884033203,19.548328399658203,19.011920928955078,18.753311157226562
25.48208236694336,26.856046676635742,26.16216468811035,24.88516616821289,24.61117935180664,25.103832244873047,25.025331497192383,24.58531379699707,24.072593688964844,23.458520889282227,22.911184310913086,22.79120445251465,23.108400344848633,23.627656936645508,24.152070999145508,24.46042251586914,24.379148483276367,23.967126846313477,23.51782989501953,23.24936866760254,23.171249389648438,23.167329788208008,22.997112274169922,22.583871841430664,22.107595443725586,21.767940521240234,21.710918426513672,22.106870651245117,22.744609832763672,23.2618465423584,23.319150924682617,22.93619728088379,22.4390869140625,22.078161239624023,21.936073303222656,21.99298667907715,21.938016891479492,21.718074798583984,21.665056228637695,21.806150436401367,21.732595443725586,21.308900833129883,20.790504455566406,20.475114822387695
26.829008102416992,26.176057815551758,26.178861618041992,25.73440933227539,25.55946922302246,26.078832626342773,26.360233306884766,26.21396255493164,25.82432746887207,25.485721588134766,25.24109649658203,25.256450653076172,25.5990047454834,25.94271469116211,26.032705307006836,25.82907485961914,25.41581916809082,24.953161239624023,24.528257369995117,24.230825424194336,24.127769470214844,24.10690689086914,23.90662956237793,23.437759399414062,22.912424087524414,22.61153221130371,22.617740631103516,22.837718963623047,23.277406692504883,23.8753719329834,24.31892967224121,24.415382385253906,24.2093448638916,23.908985137939453,23.736860275268555,23.820484161376953,23.943256378173828,23.83847999572754,23.62082290649414,23.503131866455078,23.441686630249023,23.20854949951172,22.750694274902344,22.302324295043945
27.888996124267578,27.39862823486328,27.325851440429688,27.357187271118164,27.073387145996094,27.46770477294922,27.956829071044922,28.131975173950195,27.86500358581543,27.438831329345703,27.04947853088379,26.767526626586914,26.69797706604004,26.70339012145996,26.61484718322754,26.357410430908203,25.900636672973633,25.50309944152832,25.281557083129883,25.20503044128418,25.397300720214844,25.732099533081055,25.896974563598633,25.64509391784668,25.076032638549805,24.622934341430664,24.470041275024414,24.3536319732666,24.230697631835938,24.324831008911133,24.653013229370117,25.089454650878906,25.437959671020508,25.570405960083008,25.571184158325195,25.598865509033203,25.660871505737305,25.610342025756836,25.437244415283203,25.234159469604492,25.077655792236328,24.89177703857422,24.577253341674805,24.203367233276367
28.77457046508789,28.890838623046875,29.009153366088867,28.97396469116211,28.64155387878418,29.053064346313477,29.617294311523438,29.93980598449707,29.851486206054688,29.304868698120117,28.526058197021484,27.85686492919922,27.53667640686035,27.513593673706055,27.630483627319336,27.67112159729004,27.45994758605957,27.117630004882812,26.897525787353516,26.934829711914062,27.261335372924805,27.741836547851562,28.171876907348633,28.337907791137695,28.106441497802734,27.670198440551758,27.281991958618164,26.82839584350586,26.142318725585938,25.472143173217773,25.19818115234375,25.501577377319336,26.115184783935547,26.656679153442383,27.03135871887207,27.302860260009766,27.510543823242188,27.579559326171875,27.43498420715332,27.1993350982666,27.024553298950195,26.853282928466797,26.568742752075195,26.17654800415039
29.666791915893555,30.504322052001953,30.940208435058594,30.730379104614258,30.509241104125977,30.8878116607666,31.27168846130371,31.392475128173828,31.218036651611328,30.656145095825195,29.820898056030273,29.138221740722656,28.90374755859375,29.006322860717773,29.2706298828125,29.550363540649414,29.550378799438477,29.25156021118164,28.96175765991211,28.93107032775879,29.144079208374023,29.44133186340332,29.782508850097656,30.102294921875,30.165910720825195,29.851953506469727,29.308958053588867,28.72350311279297,28.073570251464844,27.307655334472656,26.654735565185547,26.52202033996582,26.97085952758789,27.696693420410156,28.379993438720703,28.906038284301758,29.366708755493164,29.73343276977539,29.809263229370117,29.602834701538086,29.31960105895996,29.0826358795166,28.846879959106445,28.495624542236328
31.383821487426758,32.556766510009766,33.00032424926758,33.02682876586914,32.841861724853516,32.95171356201172,33.03544235229492,32.84920120239258,32.38163375854492,31.843746185302734,31.474096298217773,31.31667709350586,31.21043586730957,31.11968994140625,31.145105361938477,31.354894638061523,31.41790008544922,31.08360481262207,30.636659622192383,30.4012393951416,30.38086700439453,30.41855812072754,30.5334529876709,30.74001693725586,30.879127502441406,30.657451629638672,29.999752044677734,29.260725021362305,28.751882553100586,28.457292556762695,28.204790115356445,28.0576114654541,28.319604873657227,29.010923385620117,29.840808868408203,30.564382553100586,31.154521942138672,31.62925910949707,31.950031280517578,32.068748474121094,31.968748092651367,31.70180892944336,31.32433319091797,30.852012634277344
33.638980865478516,36.226810455322266,35.86005401611328,35.84536361694336,35.57655715942383,35.39215087890625,35.19084548950195,34.82691192626953,34.29905700683594,33.848716735839844,33.69601821899414,33.751766204833984,33.700965881347656,33.37120819091797,33.020179748535156,32.91250228881836,32.87176513671875,32.65536880493164,32.29230880737305,31.902185440063477,31.60607147216797,31.471389770507812,31.520071029663086,31.647077560424805,31.583614349365234,31.124982833862305,30.390623092651367,29.677196502685547,29.128440856933594,28.89639663696289,28.984670639038086,29.270610809326172,29.712186813354492,30.307167053222656,31.036537170410156,31.83425521850586,32.52959060668945,33.01408004760742,33.33869934082031,33.59672927856445,33.84266662597656,34.002559661865234,33.867767333984375,33.3692512512207
35.74479293823242,38.12282943725586,38.12691116333008,38.12163162231445,37.918251037597656,37.569759368896484,37.0914192199707,36.564083099365234,36.0589485168457,35.624080657958984,35.2916145324707,35.02724075317383,34.71631622314453,34.32662582397461,34.09170150756836,34.12382507324219,34.187171936035156,34.11412811279297,33.90884017944336,33.59210968017578,33.19782638549805,32.889705657958984,32.796791076660156,32.78001022338867,32.455810546875,31.835281372070312,31.259916305541992,30.844139099121094,30.447463989257812,30.08577537536621,29.920333862304688,30.129871368408203,30.673704147338867,31.27101707458496,31.8701114654541,32.55135726928711,33.274635314941406,33.86974334716797,34.216068267822266,34.39864730834961,34.63282012939453,34.97373580932617,35.188720703125,35.10797119140625
37.838958740234375,40.142704010009766,40.21514129638672,39.68357849121094,39.255035400390625,38.705467224121094,38.01414489746094,37.368614196777344,36.893611907958984,36.577571868896484,36.3069953918457,35.87128448486328,35.286869049072266,34.94366455078125,35.1473274230957,35.630455017089844,35.906341552734375,35.885345458984375,35.70364761352539,35.43256378173828,35.07663345336914,34.70532989501953,34.42808532714844,34.14638137817383,33.58561706542969,32.93288040161133,32.54898452758789,32.359130859375,32.139713287353516,31.91704559326172,31.743593215942383,31.74053382873535,32.02549743652344,32.467674255371094,32.958900451660156,33.522579193115234,34.16642379760742,34.74464416503906,35.13288497924805,35.32258987426758,35.421329498291016,35.51347351074219,35.60668182373047,35.699947357177734
39.958518981933594,41.838661193847656,41.54487991333008,40.68402099609375,40.09318161010742,39.50532150268555,38.870765686035156,38.400638580322266,38.250709533691406,38.24462127685547,38.05634689331055,37.5410041809082,36.97452163696289,36.77643585205078,37.083980560302734,37.609947204589844,37.87910461425781,37.79427719116211,37.553916931152344,37.31431198120117,37.06280517578125,36.76945114135742,36.43644332885742,35.957191467285156,35.22068405151367,34.4549560546875,34.02885818481445,33.89371109008789,33.76051330566406,33.5606689453125,33.431678771972656,33.484867095947266,33.76552963256836,34.16590118408203,34.580421447753906,35.07728958129883,35.66298294067383,36.17611312866211,36.549903869628906,36.77656173706055,36.871097564697266,36.76949691772461,36.538169860839844,36.384620666503906
42.21519470214844,42.373165130615234,42.294437408447266,41.897010803222656,41.66858673095703,41.34079360961914,40.85778045654297,40.58013153076172,40.71815490722656,40.827091217041016,40.44953155517578,39.80610656738281,39.29802703857422,38.89015579223633,38.65665817260742,38.76912307739258,38.96938705444336,38.95634460449219,38.83811569213867,38.841556549072266,38.91948318481445,38.93402099609375,38.788150787353516,38.29769515991211,37.46753692626953,36.67289733886719,36.20930480957031,36.01677322387695,35.88246536254883,35.64154815673828,35.37881851196289,35.351783752441406,35.67825698852539,36.121246337890625,36.45965576171875,36.7835693359375,37.25810241699219,37.77846145629883,38.1557502746582,38.364288330078125,38.489898681640625,38.447532653808594,38.17536544799805,37.81500244140625
45.01355743408203,44.10575866699219,43.77663040161133,43.750736236572266,43.93950271606445,43.982940673828125,43.74033737182617,43.42477035522461,43.33792495727539,43.16584396362305,42.603389739990234,41.879581451416016,41.11701202392578,40.251766204833984,39.56559753417969,39.47745132446289,39.73693084716797,39.80824661254883,39.650672912597656,39.63843536376953,39.94133377075195,40.40296173095703,40.724422454833984,40.510555267333984,39.83217239379883,39.23832702636719,38.95095443725586,38.78457260131836,38.676204681396484,38.56603240966797,38.36880874633789,38.27259063720703,38.46332931518555,38.75464630126953,38.89162826538086,38.97295379638672,39.23837661743164,39.59111785888672,39.81601333618164,39.86201477050781,39.89531707763672,39.91661834716797,39.81623840332031,39.570926666259766
48.123802185058594,46.30115509033203,45.588478088378906,45.759986877441406,45.98099899291992,46.168052673339844,46.07703399658203,45.6399040222168,45.112979888916016,44.522926330566406,43.91581726074219,43.31340789794922,42.61591339111328,41.83942794799805,41.23322677612305,41.16960144042969,41.47039794921875,41.56444549560547,41.2147102355957,40.815006256103516,40.79801559448242,41.20515441894531,41.71371078491211,41.84218978881836,41.53395462036133,41.31318283081055,41.41495132446289,41.49536895751953,41.38212966918945,41.30027389526367,41.386566162109375,41.491477966308594,41.485557556152344,41.43763732910156,41.38029479980469,41.356510162353516,41.444129943847656,41.50699234008789,41.39280700683594,41.174808502197266,41.10520553588867,41.13825225830078,41.10713577270508,41.02897644042969
51.18952560424805,50.20003890991211,49.08384323120117,48.40743637084961,47.867122650146484,47.52287292480469,47.1024169921875,46.5028076171875,45.79923629760742,45.188419342041016,44.861541748046875,44.73965835571289,44.61185073852539,44.390018463134766,44.15766906738281,44.14639663696289,44.33979034423828,44.33308029174805,43.86541748046875,43.16864013671875,42.7437629699707,42.803504943847656,43.0478630065918,43.14309310913086,43.05506896972656,43.02473068237305,43.20791244506836,43.366641998291016,43.30510330200195,43.27469253540039,43.47307586669922,43.65962219238281,43.650848388671875,43.566043853759766,43.512062072753906,43.56409454345703,43.70051193237305,43.62545394897461,43.17304611206055,42.605674743652344,42.40719985961914,42.4029541015625,42.29183578491211,42.13895797729492
