data/wind_data/wind_67_6.json
{"header": {"parameterUnit": "KT", "parameterCategory": 2, "nx": 256, "ny": 198, "lo1": 44.73521041870117, "la1": -3.236724853515625, "lo2": 111.26478576660156, "la2": 43.468475341796875, "dx": 0.2609002888202667, "dy": -0.23708222806453705, "refTime": "2025-02-21 19:00:00", "forecastTime": 0, "parameterNumber": 2, "parameterNumberName": "eastward_wind"}, "data":
[rows 60 to 79 of 198, columns 90 to 134 of 256]
14.232763290405273,14.5284423828125,14.710278511047363,14.71667766571045,14.532539367675781,14.220929145812988,13.919445037841797,13.652750015258789,13.31733512878418,12.885649681091309,12.411561965942383,11.949150085449219,11.466527938842773,10.98520278930664,10.680356979370117,10.646081924438477,10.653374671936035,10.435783386230469,10.011222839355469,9.722814559936523,9.680130958557129,9.441800117492676,9.173114776611328,8.738211631774902,9.380614280700684,11.086297035217285,13.041604042053223,14.06142807006836,12.145235061645508,9.713078498840332,8.553790092468262,9.116793632507324,10.17370319366455,10.37524127960205,10.159255981445312,10.085871696472168,9.857178688049316,9.327481269836426,9.020103454589844,8.872347831726074,8.596668243408203,7.992629051208496,7.389278888702393,7.052091598510742,6.9155049324035645
14.956396102905273,15.233485221862793,15.536210060119629,15.767122268676758,15.837629318237305,15.741462707519531,15.553422927856445,15.337604522705078,15.062701225280762,14.696892738342285,14.308747291564941,13.91334342956543,13.46432876586914,12.964003562927246,12.59282112121582,12.483869552612305,12.438488960266113,12.162457466125488,11.693415641784668,11.407672882080078,11.512056350708008,11.108168601989746,10.20393180847168,9.389966011047363,9.73108196258545,11.417682647705078,13.380023956298828,15.096514701843262,15.018708229064941,12.946707725524902,10.581660270690918,9.963934898376465,10.919116973876953,11.699721336364746,11.72385025024414,11.500739097595215,11.272942543029785,10.841105461120605,10.614202499389648,10.545891761779785,10.338054656982422,9.866676330566406,9.303139686584473,8.729154586791992,8.409444808959961
16.04003143310547,16.079151153564453,16.206138610839844,16.45278549194336,16.739774703979492,16.928314208984375,16.93747329711914,16.80521583557129,16.61407470703125,16.3795108795166,16.075092315673828,15.687788009643555,15.267014503479004,14.90351390838623,14.676403999328613,14.540847778320312,14.372222900390625,14.078180313110352,13.618103981018066,13.254026412963867,13.274648666381836,13.178360939025879,11.919645309448242,10.659725189208984,10.404326438903809,11.884056091308594,13.974451065063477,15.645428657531738,16.326135635375977,15.75599193572998,14.14388656616211,12.730114936828613,12.325716018676758,12.733872413635254,13.01115894317627,12.848751068115234,12.613903999328613,12.399977684020996,12.209476470947266,12.013700485229492,11.887592315673828,11.737427711486816,11.36429214477539,10.760923385620117,10.260939598083496
17.486677169799805,17.350507736206055,17.179964065551758,17.174131393432617,17.420007705688477,17.760839462280273,17.959827423095703,17.960533142089844,17.874361038208008,17.789100646972656,17.645774841308594,17.36795997619629,17.000629425048828,16.733257293701172,16.63359260559082,16.52043914794922,16.27859115600586,16.03558349609375,15.731729507446289,15.340620040893555,15.201586723327637,15.209953308105469,14.27703857421875,12.836101531982422,12.229879379272461,12.761881828308105,14.302213668823242,15.748198509216309,16.66701316833496,17.033466339111328,16.82476234436035,16.040283203125,14.79311752319336,14.043252944946289,14.021025657653809,14.16192626953125,14.102839469909668,14.024017333984375,13.984962463378906,13.74718952178955,13.461133003234863,13.367825508117676,13.234349250793457,12.872608184814453,12.34786605834961
18.885942459106445,18.83220672607422,18.580530166625977,18.322647094726562,18.296361923217773,18.5473575592041,18.834505081176758,18.91170310974121,18.828344345092773,18.785079956054688,18.815105438232422,18.820022583007812,18.73329734802246,18.63210105895996,18.56513786315918,18.395849227905273,18.099294662475586,17.902135848999023,17.790573120117188,17.46670913696289,17.2064208984375,17.028627395629883,16.61921501159668,15.533341407775879,14.813652038574219,14.736213684082031,15.095247268676758,15.560955047607422,16.238454818725586,17.191627502441406,18.06488609313965,18.294118881225586,17.59395980834961,16.361772537231445,15.546980857849121,15.455045700073242,15.612760543823242,15.698447227478027,15.8324556350708,15.788565635681152,15.42629623413086,15.089325904846191,14.89326286315918,14.701994895935059,14.330121040344238
20.107057571411133,20.21792221069336,20.07257652282715,19.807355880737305,19.631593704223633,19.671039581298828,19.862245559692383,19.9840087890625,19.885887145996094,19.705995559692383,19.663972854614258,19.82066535949707,20.09903335571289,20.358516693115234,20.435436248779297,20.220088958740234,19.832258224487305,19.692276000976562,19.783294677734375,19.757062911987305,19.373382568359375,18.60287094116211,18.396549224853516,17.933574676513672,17.279094696044922,17.317752838134766,17.039119720458984,16.325096130371094,16.248809814453125,17.22805404663086,18.641605377197266,19.40863800048828,19.407203674316406,18.87277603149414,18.011075973510742,17.383724212646484,17.165748596191406,17.172849655151367,17.380159378051758,17.544540405273438,17.42795753479004,17.18199348449707,16.883222579956055,16.56791114807129,16.236845016479492
21.353248596191406,21.543983459472656,21.495100021362305,21.336904525756836,21.24169921875,21.225595474243164,21.2523136138916,21.292165756225586,21.246753692626953,21.041236877441406,20.813817977905273,20.801300048828125,21.131851196289062,21.638513565063477,21.946609497070312,21.84084701538086,21.484577178955078,21.28763771057129,21.382387161254883,21.898027420043945,21.63216781616211,20.79446792602539,20.27928352355957,19.700780868530273,19.344621658325195,19.676109313964844,19.53791046142578,18.37091636657715,17.61264991760254,18.178020477294922,19.39240264892578,20.155725479125977,20.405471801757812,20.41595458984375,20.215679168701172,19.799270629882812,19.216304779052734,18.734580993652344,18.663450241088867,18.882970809936523,19.045339584350586,19.057842254638672,18.919652938842773,18.685848236083984,18.430156707763672
22.870330810546875,22.98518943786621,22.91815948486328,22.77680015563965,22.78006935119629,22.89913558959961,22.935699462890625,22.8560733795166,22.78125,22.715431213378906,22.54694938659668,22.347375869750977,22.40621566772461,22.799625396728516,23.209848403930664,23.257570266723633,22.928478240966797,22.512571334838867,22.548250198364258,23.18157958984375,23.244476318359375,23.048385620117188,22.5660343170166,21.633148193359375,21.183488845825195,21.406265258789062,21.505640029907227,20.702348709106445,19.936616897583008,20.201990127563477,21.083005905151367,21.575237274169922,21.579364776611328,21.529504776000977,21.58137321472168,21.622737884521484,21.3017635345459,20.68191146850586,20.227787017822266,20.253700256347656,20.53657341003418,20.705123901367188,20.6864070892334,20.63265037536621,20.623275756835938
24.540138244628906,24.592090606689453,24.488237380981445,24.287052154541016,24.248388290405273,24.433734893798828,24.572237014770508,24.47810173034668,24.315217971801758,24.314693450927734,24.38138198852539,24.29043960571289,24.16004180908203,24.268882751464844,24.600854873657227,24.7679500579834,24.48291778564453,23.809049606323242,23.572547912597656,24.123397827148438,24.23866081237793,24.320018768310547,24.239898681640625,23.67597198486328,23.189727783203125,23.10068702697754,23.038251876831055,22.521411895751953,21.939220428466797,22.12032127380371,22.984054565429688,23.615428924560547,23.542171478271484,23.218402862548828,23.03335952758789,22.974260330200195,22.857648849487305,22.562253952026367,22.141769409179688,21.98473358154297,22.191736221313477,22.431686401367188,22.488677978515625,22.498748779296875,22.59441566467285
26.17152976989746,26.25909996032715,26.223867416381836,26.025177001953125,25.88449478149414,25.974733352661133,26.124605178833008,26.055152893066406,25.824787139892578,25.766307830810547,25.95500946044922,26.094348907470703,26.04383087158203,25.998632431030273,26.16847038269043,26.41021728515625,26.276214599609375,25.70210838317871,25.168212890625,25.265188217163086,25.413196563720703,25.397377014160156,25.414533615112305,25.085668563842773,24.717988967895508,24.701801300048828,24.609390258789062,24.184383392333984,23.662202835083008,23.690797805786133,24.406606674194336,25.226667404174805,25.49907875061035,25.259746551513672,24.82178497314453,24.3675594329834,24.202486038208008,24.251489639282227,24.140182495117188,24.03002166748047,24.10010528564453,24.226877212524414,24.285598754882812,24.359539031982422,24.461978912353516
27.692781448364258,27.865755081176758,28.030231475830078,27.98516845703125,27.818218231201172,27.748159408569336,27.78980255126953,27.719196319580078,27.466493606567383,27.3067569732666,27.452672958374023,27.70451545715332,27.819074630737305,27.808462142944336,27.866731643676758,28.051393508911133,28.115615844726562,27.87622833251953,27.31586265563965,26.958999633789062,26.87598419189453,26.91092872619629,26.873188018798828,26.454639434814453,25.975582122802734,26.095876693725586,26.198131561279297,25.758241653442383,25.219566345214844,25.205989837646484,25.853059768676758,26.67295265197754,27.190959930419922,27.211393356323242,26.673660278320312,25.802885055541992,25.437726974487305,25.67810821533203,25.941320419311523,26.135751724243164,26.252378463745117,26.224618911743164,26.13249969482422,26.123979568481445,26.144960403442383
29.308917999267578,29.393049240112305,29.66924476623535,29.864465713500977,29.863872528076172,29.781278610229492,29.71105194091797,29.573625564575195,29.30382537841797,29.071983337402344,29.118457794189453,29.36571502685547,29.551706314086914,29.576122283935547,29.635852813720703,29.786211013793945,29.86783218383789,29.818401336669922,29.63384437561035,29.22418785095215,28.85509490966797,28.67253303527832,28.551124572753906,28.12216567993164,27.585182189941406,27.695188522338867,27.962404251098633,27.44997787475586,26.576784133911133,26.358173370361328,27.122787475585938,28.18199920654297,28.98822593688965,29.340343475341797,29.01529312133789,27.91366958618164,26.941190719604492,26.831775665283203,27.249801635742188,27.780719757080078,28.160696029663086,28.269729614257812,28.201379776000977,28.08663558959961,27.923295974731445
31.148578643798828,31.043489456176758,31.2153263092041,31.496875762939453,31.678220748901367,31.744802474975586,31.744504928588867,31.636451721191406,31.38467025756836,31.108999252319336,31.021713256835938,31.163164138793945,31.323984146118164,31.323884963989258,31.358842849731445,31.494632720947266,31.609025955200195,31.624223709106445,31.550777435302734,31.47600555419922,31.218496322631836,30.865060806274414,30.512575149536133,30.021211624145508,29.470909118652344,29.5018310546875,29.978652954101562,29.673643112182617,28.374467849731445,27.437047958374023,27.83855628967285,29.12645721435547,30.320261001586914,31.039039611816406,31.368122100830078,30.89813804626465,29.695037841796875,28.692363739013672,28.509235382080078,28.914506912231445,29.454479217529297,29.84932518005371,30.03372573852539,30.019981384277344,29.881072998046875
33.07928466796875,32.851749420166016,32.863887786865234,33.08628463745117,33.334007263183594,33.51578903198242,33.65425109863281,33.700347900390625,33.58534240722656,33.38736343383789,33.24748992919922,33.23507308959961,33.271480560302734,33.19338607788086,33.0953483581543,33.10427474975586,33.21262741088867,33.29691696166992,33.26604461669922,33.24150085449219,33.23294448852539,33.07784652709961,32.84013748168945,32.22673797607422,31.507320404052734,31.446304321289062,31.952978134155273,32.06909942626953,30.958860397338867,29.366207122802734,28.78780174255371,29.70399284362793,31.16651153564453,32.05118942260742,32.68528366088867,33.0628547668457,32.67683792114258,31.7023983001709,30.820154190063477,30.48697853088379,30.667034149169922,31.10751724243164,31.48518943786621,31.577171325683594,31.558908462524414
35.152523040771484,34.76083755493164,34.59214401245117,34.69902038574219,34.969425201416016,35.225589752197266,35.44652557373047,35.62759017944336,35.68258285522461,35.635555267333984,35.58071517944336,35.525177001953125,35.43863296508789,35.272830963134766,35.08951950073242,34.97209167480469,34.92729568481445,34.89177322387695,34.8362922668457,34.7819938659668,34.834903717041016,34.99003219604492,35.065040588378906,34.58610534667969,33.765804290771484,33.588314056396484,33.87678146362305,34.06120681762695,33.58150100708008,32.2645149230957,30.87864875793457,30.766902923583984,32.205535888671875,33.08816909790039,33.486576080322266,34.02989959716797,34.34242248535156,34.17374801635742,33.6297492980957,32.932762145996094,32.50049591064453,32.59650802612305,32.964176177978516,33.08894348144531,33.022342681884766
37.63248825073242,37.020362854003906,36.61212158203125,36.491329193115234,36.6693000793457,36.991050720214844,37.318809509277344,37.594322204589844,37.7342414855957,37.75592041015625,37.77336120605469,37.757232666015625,37.612205505371094,37.38446044921875,37.207000732421875,37.11776351928711,37.053001403808594,36.884254455566406,36.60600280761719,36.38576889038086,36.333553314208984,36.55868911743164,36.84465408325195,36.78788757324219,36.21068572998047,35.917327880859375,35.98353958129883,35.95013427734375,35.73676300048828,35.25752258300781,34.0409049987793,32.763450622558594,33.51679992675781,34.73479080200195,34.81466293334961,35.046974182128906,35.38096237182617,35.64607238769531,35.78669357299805,35.460594177246094,34.7854118347168,34.41028594970703,34.531944274902344,34.75142288208008,34.71834182739258
40.32009506225586,39.645668029785156,39.061256408691406,38.6927604675293,38.6431770324707,38.88055419921875,39.26502990722656,39.64846420288086,39.85157775878906,39.83539962768555,39.801429748535156,39.81569290161133,39.697425842285156,39.39509963989258,39.18095779418945,39.189308166503906,39.26266098022461,39.195499420166016,38.84135055541992,38.419883728027344,38.1842041015625,38.24143600463867,38.410911560058594,38.62157440185547,38.57621383666992,38.38113784790039,38.31816864013672,38.08758544921875,37.80628204345703,37.67458724975586,37.32749938964844,35.685325622558594,34.995304107666016,36.30852127075195,36.628501892089844,36.80477523803711,37.123390197753906,37.31683349609375,37.59095764160156,37.689910888671875,37.29133987426758,36.672454833984375,36.2703857421875,36.262569427490234,36.352046966552734
42.55270004272461,42.16423416137695,41.65790939331055,41.15345764160156,40.87161636352539,40.926292419433594,41.262577056884766,41.713871002197266,42.0235595703125,41.98847579956055,41.782569885253906,41.68952560424805,41.65598678588867,41.47479248046875,41.24915313720703,41.22388458251953,41.34403991699219,41.454036712646484,41.24258804321289,40.734718322753906,40.33292770385742,40.23694610595703,40.210880279541016,40.27377700805664,40.57884979248047,40.74639892578125,40.76630783081055,40.50472640991211,40.183250427246094,40.048011779785156,39.957603454589844,38.933753967285156,37.27901840209961,37.445987701416016,38.162139892578125,38.594852447509766,39.14607238769531,39.48896408081055,39.72844314575195,39.89385986328125,39.773136138916016,39.37218475341797,38.724605560302734,38.11138916015625,37.85270690917969
44.04186248779297,43.99656295776367,43.886009216308594,43.5975456237793,43.22755813598633,43.047489166259766,43.21376037597656,43.64287185668945,44.090049743652344,44.23454284667969,43.99418640136719,43.69601821899414,43.58211898803711,43.590309143066406,43.56060791015625,43.54478073120117,43.61602020263672,43.76019287109375,43.73778533935547,43.2773551940918,42.68569564819336,42.34593963623047,42.20318603515625,42.09223556518555,42.28776168823242,42.60907745361328,42.82136917114258,42.83736801147461,42.72179412841797,42.669315338134766,42.469181060791016,41.86715316772461,40.416595458984375,39.35826873779297,39.60771179199219,40.0992431640625,40.68801498413086,41.276634216308594,41.71044921875,41.96820068359375,41.981719970703125,41.895538330078125,41.587406158447266,40.84868240356445,40.11957931518555
45.145469665527344,45.22919464111328,45.41437911987305,45.549251556396484,45.467098236083984,45.26475524902344,45.22916793823242,45.491004943847656,45.91926574707031,46.26139831542969,46.26628494262695,45.99116897583008,45.740638732910156,45.719505310058594,45.89996337890625,46.023284912109375,46.05373764038086,46.14053726196289,46.26694107055664,46.02974319458008,45.41082000732422,44.724754333496094,44.285213470458984,44.20000076293945,44.206787109375,44.281097412109375,44.4913444519043,44.766361236572266,44.88874816894531,44.87483596801758,44.75519561767578,44.37441635131836,43.593082427978516,42.31068420410156,41.55729675292969,41.76780700683594,42.256065368652344,42.71167755126953,43.2033805847168,43.65045166015625,43.883365631103516,44.0251350402832,44.15633773803711,43.84169387817383,43.20266342163086
