data/wind_data/wind_34_8.json
{"header": {"parameterUnit": "KT", "parameterCategory": 2, "nx": 256, "ny": 198, "lo1": 44.73521041870117, "la1": -3.236724853515625, "lo2": 111.26478576660156, "la2": 43.468475341796875, "dx": 0.2609002888202667, "dy": -0.23708222806453705, "refTime": "2025-02-20 10:00:00", "forecastTime": 0, "parameterNumber": 2, "parameterNumberName": "eastward_wind"}, "data":
[rows 19 to 37 of 198, columns 44 to 87 of 256]
-5.35400390625,-5.728331089019775,-5.504508972167969,-5.564261436462402,-5.000246047973633,-5.339458465576172,-4.538602828979492,-3.496582269668579,-2.9898557662963867,-2.273035764694214,-1.7899543046951294,-1.6869381666183472,-1.0517014265060425,0.3813655376434326,1.7865320444107056,2.271360397338867,1.8785035610198975,1.2242871522903442,0.5011277198791504,0.10707028955221176,0.20212939381599426,0.48069775104522705,1.1379534006118774,2.008333206176758,2.7417023181915283,3.0636839866638184,2.982490301132202,2.3767359256744385,1.8708970546722412,1.858144998550415,2.4890244007110596,3.0688183307647705,3.234527111053467,3.052272081375122,2.262129306793213,1.2075777053833008,-0.15328899025917053,-0.7511411905288696,-1.3896654844284058,-1.3373697996139526,-0.9838886857032776,-0.9924452900886536,-0.8516820669174194,-0.7623192667961121
-4.040588855743408,-4.301955223083496,-4.085788726806641,-4.855982780456543,-4.594349384307861,-4.3106770515441895,-3.856829881668091,-2.4764509201049805,-2.2331717014312744,-2.124648094177246,-1.594807505607605,-1.322609543800354,-0.9473689198493958,0.39545491337776184,2.129220485687256,2.972491979598999,2.4708707332611084,1.2215019464492798,0.0663776621222496,-0.2851802706718445,0.22039692103862762,0.7299373745918274,1.1989386081695557,1.655314564704895,2.0606112480163574,2.3647029399871826,2.5436666011810303,2.3044352531433105,1.9912488460540771,2.0883545875549316,2.6510169506073,3.4101650714874268,3.8562912940979004,3.739478826522827,3.246840000152588,2.4567461013793945,1.0181139707565308,-0.3489275574684143,-1.7683467864990234,-1.7476141452789307,-0.6548580527305603,-0.06739166378974915,0.15395008027553558,0.618791401386261
-3.403503179550171,-3.8171746730804443,-3.1587464809417725,-3.9927845001220703,-4.926407814025879,-3.868851661682129,-3.4665400981903076,-2.883819103240967,-2.4605109691619873,-2.3028180599212646,-1.654267430305481,-1.047018051147461,-0.6667728424072266,0.2672356069087982,1.976809024810791,3.307973623275757,2.8422021865844727,1.1956301927566528,-0.18015770614147186,-0.4944173991680145,0.11857032775878906,0.8731131553649902,1.3383928537368774,1.4405134916305542,1.4600505828857422,1.6603060960769653,2.0143704414367676,2.293604850769043,2.4199838638305664,2.6758787631988525,3.053879499435425,3.7258481979370117,4.035567760467529,4.04375696182251,3.8229286670684814,3.180107593536377,1.7546676397323608,0.01818648912012577,-1.9390414953231812,-2.312549591064453,-1.1284148693084717,-0.21925991773605347,0.7559079527854919,2.01098370552063
-3.242046594619751,-4.278596878051758,-3.0615181922912598,-3.501006841659546,-4.624942779541016,-3.785123825073242,-2.8091773986816406,-3.289816379547119,-3.264644145965576,-3.039410352706909,-1.9440406560897827,-0.8135318756103516,-0.2745387554168701,0.2814847230911255,1.4207994937896729,2.962925672531128,2.9627182483673096,1.3381260633468628,-0.031584255397319794,-0.3517986238002777,0.023437878116965294,0.7542083859443665,1.285244107246399,1.236636996269226,0.970403790473938,1.0084487199783325,1.4525591135025024,2.1480391025543213,2.678591251373291,3.0512969493865967,3.3981480598449707,3.8509914875030518,4.206845283508301,3.9803812503814697,3.7371368408203125,3.109917402267456,1.8562980890274048,0.5071701407432556,-1.5543910264968872,-2.0063600540161133,-1.0020387172698975,-0.46808913350105286,0.538629949092865,2.1471309661865234
-3.8162121772766113,-4.083386421203613,-3.06423282623291,-3.468636989593506,-3.5396788120269775,-3.5436134338378906,-2.444249153137207,-3.0450949668884277,-3.5533673763275146,-3.6390182971954346,-2.736283779144287,-1.1290146112442017,-0.06027090549468994,0.6102930903434753,1.2527740001678467,2.3021154403686523,2.691089153289795,1.529013991355896,0.29535365104675293,-0.03527790680527687,0.30723631381988525,0.8734127879142761,1.1705348491668701,0.9229043126106262,0.562969446182251,0.5668897032737732,1.06526780128479,1.944848895072937,2.7894680500030518,3.500823736190796,4.0869317054748535,4.373039245605469,4.309023857116699,3.788273811340332,3.2871501445770264,2.55307674407959,2.0178871154785156,1.2232410907745361,-0.5404602885246277,-0.9129055142402649,-0.6367055773735046,-1.0774035453796387,-0.17866653203964233,1.578910231590271
-4.1252760887146,-3.387434959411621,-2.536036968231201,-3.241877555847168,-2.606813669204712,-3.1891531944274902,-2.3329944610595703,-2.891889810562134,-3.78753399848938,-4.433212757110596,-3.7937662601470947,-1.791512370109558,-0.32138383388519287,0.4753918945789337,1.2015622854232788,1.941455602645874,2.3545122146606445,1.5985443592071533,0.5235374569892883,0.174009770154953,0.8461172580718994,1.5009870529174805,1.4451940059661865,1.0485774278640747,0.8402866721153259,0.8964034914970398,1.231192708015442,2.0036661624908447,2.9888687133789062,4.037421226501465,4.928421497344971,5.1814141273498535,4.901723384857178,4.324304580688477,3.5296363830566406,2.8927669525146484,2.678492784500122,1.8979685306549072,0.853661835193634,0.35959064960479736,-0.2924453020095825,-0.9243082404136658,-0.16659961640834808,1.1222175359725952
-2.733535051345825,-3.635228395462036,-3.0924243927001953,-3.0898258686065674,-3.0176258087158203,-3.1634628772735596,-2.608858346939087,-3.5739376544952393,-4.313481330871582,-5.436800479888916,-4.712381362915039,-2.6206302642822266,-1.0370193719863892,-0.416244775056839,0.42155545949935913,1.5494232177734375,2.17254900932312,1.5611997842788696,0.8391693234443665,0.5210714340209961,1.1986136436462402,2.1248321533203125,2.223357677459717,2.0100111961364746,1.987980604171753,2.029935121536255,2.1732962131500244,2.5903217792510986,3.375244140625,4.320130825042725,5.173060894012451,5.729220867156982,5.918177127838135,5.709731578826904,4.990720272064209,4.366293907165527,3.759187936782837,3.2240817546844482,2.8323755264282227,1.8577829599380493,0.6711463332176208,0.13624274730682373,0.727074384689331,1.3229986429214478
-2.523664951324463,-2.849259853363037,-3.0943844318389893,-3.0883145332336426,-3.134767770767212,-2.9280097484588623,-3.410400867462158,-4.5394392013549805,-5.393859386444092,-5.531585216522217,-4.38524866104126,-2.9314820766448975,-1.6840472221374512,-0.8962507843971252,-0.3297761380672455,0.7048138976097107,1.8936939239501953,1.3437169790267944,1.0353494882583618,1.5118516683578491,2.012862205505371,2.6867692470550537,3.0831685066223145,3.266385316848755,3.3492510318756104,3.281137466430664,3.168959379196167,3.366626739501953,3.9531707763671875,4.539356708526611,5.134929180145264,5.858878135681152,6.5833563804626465,6.895829200744629,6.529735565185547,5.792025566101074,5.261009216308594,5.29840612411499,5.18983268737793,4.190061569213867,2.867011547088623,2.127645969390869,1.7986382246017456,2.0273056030273438
-2.3320889472961426,-2.1327931880950928,-2.5074234008789062,-2.6554315090179443,-2.4198238849639893,-3.0014569759368896,-3.9116718769073486,-4.144402503967285,-4.656255722045898,-4.685773849487305,-3.659818172454834,-2.116426944732666,-1.5243947505950928,-0.6682195663452148,0.10491479188203812,0.1177557185292244,1.2376199960708618,1.216228723526001,0.540600597858429,1.853395700454712,3.299553632736206,3.8665475845336914,4.059314727783203,4.410031318664551,4.789274215698242,4.655609607696533,4.380868434906006,4.546953201293945,4.990032196044922,5.230269432067871,5.526463031768799,6.078980922698975,6.876847267150879,7.3288774490356445,7.125096797943115,6.702011585235596,6.401688575744629,6.9402666091918945,7.030747890472412,6.050703048706055,4.96461820602417,4.3523664474487305,3.735943555831909,3.5122344493865967
-1.7963441610336304,-1.4668009281158447,-1.4425328969955444,-1.6356213092803955,-1.741377830505371,-2.4325103759765625,-2.147233247756958,-2.2364606857299805,-3.274768352508545,-3.475616693496704,-2.6027817726135254,-1.4118059873580933,-1.4952564239501953,-0.6605672836303711,0.8711919188499451,0.9632908701896667,0.7940069437026978,1.1693915128707886,0.3612421751022339,1.3006577491760254,3.603302001953125,4.983090877532959,5.301504611968994,5.647528648376465,6.225502014160156,6.450929641723633,6.268289089202881,6.301352500915527,6.435286521911621,6.378902435302734,6.475796222686768,6.959433078765869,7.6304192543029785,7.996400356292725,7.863360404968262,7.5853376388549805,7.25948429107666,7.322485446929932,7.487114906311035,6.92451286315918,5.807199954986572,5.319448947906494,5.1593852043151855,5.128893852233887
-0.42767003178596497,-0.2747294008731842,-0.21455320715904236,-0.42090001702308655,-0.7690326571464539,-0.77724689245224,-0.5444040894508362,-0.9092169404029846,-1.4306596517562866,-1.2062634229660034,-0.8891575932502747,-0.8680471181869507,-1.50260591506958,-0.6558931469917297,1.1477723121643066,1.9754631519317627,1.299081802368164,1.1223465204238892,1.0461633205413818,1.549329161643982,3.6572072505950928,5.3148417472839355,6.244727611541748,6.8192243576049805,7.646049499511719,8.384437561035156,8.343324661254883,8.01458740234375,7.949741363525391,7.994124889373779,7.909798622131348,8.144028663635254,8.738814353942871,9.152849197387695,9.210709571838379,8.912874221801758,8.276176452636719,7.50861930847168,7.241222858428955,6.82630729675293,6.1192216873168945,5.724278926849365,5.876289367675781,6.16269588470459
0.9215854406356812,1.0618278980255127,1.3101422786712646,1.419193983078003,0.9701440334320068,0.7175729274749756,0.4620974361896515,0.421738862991333,0.469107061624527,0.5669013857841492,-0.10147014260292053,-0.6635581851005554,-0.6120221018791199,0.7380285859107971,2.4452075958251953,2.5935893058776855,1.984204888343811,1.8650978803634644,1.9287960529327393,2.671553611755371,4.4963459968566895,5.69839334487915,6.732253074645996,7.702525615692139,8.76860523223877,9.708805084228516,9.989517211914062,9.623428344726562,9.387752532958984,9.51146125793457,9.45416259765625,9.44302749633789,9.981629371643066,10.527982711791992,10.561369895935059,10.088920593261719,9.321264266967773,8.346339225769043,7.590215682983398,6.955160617828369,6.337295055389404,6.051936149597168,6.144392967224121,6.306392192840576
1.547825574874878,1.8738667964935303,2.3715760707855225,2.7120540142059326,2.3690927028656006,1.9997533559799194,2.076551914215088,2.533520221710205,2.408034563064575,2.144484281539917,1.5985575914382935,0.6939844489097595,0.5880206227302551,2.0392160415649414,2.867121934890747,3.126006603240967,3.1866354942321777,3.421205759048462,3.6516523361206055,4.432034969329834,5.693336486816406,6.3975830078125,7.117745876312256,8.228710174560547,9.39527416229248,10.284895896911621,10.920533180236816,10.959095001220703,10.808756828308105,10.810440063476562,10.935163497924805,10.825700759887695,11.144261360168457,11.754541397094727,11.795419692993164,11.126806259155273,10.277276039123535,9.40604305267334,8.545068740844727,7.722575664520264,6.947726726531982,6.613173484802246,6.554001808166504,6.642338752746582
2.30195951461792,2.4859025478363037,2.828263998031616,3.290665864944458,3.737372398376465,3.8578195571899414,4.082916736602783,4.317656993865967,4.029971122741699,3.232123851776123,2.731417655944824,2.8678910732269287,3.6006813049316406,4.221559047698975,4.045098304748535,3.966609239578247,4.217233180999756,4.665192604064941,5.460972785949707,6.6168742179870605,7.347998142242432,7.828765869140625,8.125661849975586,8.800268173217773,9.774852752685547,10.733661651611328,11.501797676086426,11.824941635131836,11.797914505004883,11.560484886169434,11.930971145629883,12.133790016174316,12.238916397094727,12.721841812133789,12.94444465637207,12.3660249710083,11.345586776733398,10.459831237792969,9.673638343811035,8.83061695098877,8.086874961853027,7.676199436187744,7.581655502319336,7.678158760070801
3.9052655696868896,4.082659721374512,4.123717308044434,4.370887279510498,4.802520751953125,5.007726192474365,5.218039512634277,5.4460859298706055,5.5476579666137695,5.212225914001465,4.84586763381958,5.298816680908203,6.435708522796631,6.482117176055908,5.419757843017578,5.066585063934326,5.174854278564453,5.814026355743408,7.379796504974365,8.43674087524414,9.107075691223145,9.653129577636719,9.832024574279785,10.170979499816895,10.81732177734375,11.596124649047852,12.093025207519531,12.163597106933594,12.092203140258789,11.951212882995605,12.42043399810791,13.010159492492676,13.166367530822754,13.445594787597656,13.689480781555176,13.420296669006348,12.596965789794922,11.672442436218262,10.975452423095703,10.339631080627441,9.65322208404541,9.057478904724121,8.869898796081543,9.041857719421387
5.573513507843018,5.806390285491943,6.000413417816162,6.130735397338867,6.012463569641113,5.874576091766357,5.955489158630371,6.326270580291748,6.775801181793213,7.110879898071289,7.467577934265137,7.505161285400391,7.550784587860107,7.280281066894531,6.424806118011475,6.150280475616455,6.368363857269287,7.627909183502197,8.914560317993164,9.454569816589355,10.403047561645508,11.049875259399414,11.386540412902832,12.191823959350586,12.57626724243164,12.75146770477295,12.755536079406738,12.374237060546875,12.306009292602539,12.612314224243164,13.052852630615234,13.350188255310059,13.708105087280273,14.030141830444336,14.2692289352417,14.161688804626465,13.613544464111328,12.759252548217773,12.199472427368164,11.958953857421875,11.46680736541748,10.691426277160645,10.266423225402832,10.44433879852295
6.570189952850342,6.884247779846191,7.263034820556641,7.577147483825684,7.577659606933594,7.481747627258301,7.482727527618408,7.715280532836914,8.136313438415527,8.393138885498047,8.401823043823242,8.05820369720459,7.43858528137207,6.723618507385254,6.730210304260254,7.314223289489746,8.221721649169922,9.277527809143066,9.875715255737305,10.355259895324707,10.879666328430176,11.656571388244629,12.686382293701172,13.731300354003906,13.946791648864746,13.820940017700195,13.287487030029297,12.833550453186035,12.952638626098633,13.14068603515625,13.510251998901367,13.66153621673584,14.13780689239502,14.560966491699219,14.750136375427246,14.602410316467285,14.11767292022705,13.32131290435791,12.629138946533203,12.630646705627441,12.608399391174316,12.15998363494873,11.705803871154785,11.728226661682129
7.248067855834961,7.445211410522461,7.683421611785889,8.079018592834473,8.38467025756836,8.55968189239502,8.809844970703125,8.973457336425781,9.26627254486084,9.392745971679688,9.118817329406738,8.255216598510742,7.258658409118652,6.730135440826416,7.331337928771973,8.599872589111328,9.718527793884277,10.22555923461914,10.610652923583984,11.126206398010254,11.691901206970215,12.5122709274292,13.321928977966309,13.942118644714355,14.219772338867188,13.91406536102295,13.422930717468262,13.415716171264648,13.35673999786377,13.215213775634766,13.577716827392578,14.135397911071777,14.360664367675781,14.832720756530762,14.963306427001953,14.666054725646973,13.961933135986328,13.247920989990234,12.36136245727539,12.199667930603027,12.398366928100586,12.349715232849121,12.135973930358887,12.208937644958496
7.665554046630859,7.7569499015808105,7.708931922912598,7.969621658325195,8.350737571716309,8.707073211669922,9.138223648071289,9.504044532775879,9.870497703552246,9.85549259185791,9.52854061126709,8.73618221282959,7.990350723266602,7.923100471496582,8.538257598876953,9.433304786682129,10.150786399841309,10.729159355163574,11.259937286376953,11.803814888000488,12.535347938537598,13.067584037780762,13.134553909301758,13.25290298461914,13.216143608093262,12.982129096984863,12.896339416503906,12.790200233459473,12.71899127960205,13.301461219787598,13.590126037597656,13.537348747253418,14.018693923950195,14.332681655883789,14.404153823852539,14.112364768981934,13.378418922424316,12.659826278686523,11.727583885192871,11.218183517456055,11.23859691619873,11.32319164276123,11.286572456359863,11.386758804321289
