data/wind_data/wind_10_9.json
{"header": {"parameterUnit": "KT", "parameterCategory": 2, "nx": 256, "ny": 198, "lo1": 44.73521041870117, "la1": -3.236724853515625, "lo2": 111.26478576660156, "la2": 43.468475341796875, "dx": 0.2609002888202667, "dy": -0.23708222806453705, "refTime": "2025-02-19 10:00:00", "forecastTime": 0, "parameterNumber": 2, "parameterNumberName": "eastward_wind"}, "data":
[rows 152 to 170 of 198, columns 172 to 214 of 256]
4.31361198425293,6.0944294929504395,6.7941575050354,6.201054096221924,5.641415119171143,5.4972662925720215,5.502315521240234,5.71746826171875,6.346288681030273,7.6093902587890625,8.459982872009277,8.092793464660645,7.181172847747803,6.641473770141602,6.13242244720459,4.806337833404541,2.914438009262085,1.7527285814285278,2.094846725463867,3.5156185626983643,5.028653144836426,6.38668155670166,7.694849967956543,8.196374893188477,7.307486534118652,5.463734149932861,3.6162919998168945,2.773710250854492,3.7637364864349365,6.203780651092529,8.429757118225098,9.532490730285645,9.901766777038574,9.766624450683594,9.286882400512695,8.641716003417969,7.87965726852417,6.947225570678711,5.681633949279785,3.492901563644409,1.7496147155761719,1.9318853616714478,2.037348508834839
4.395486354827881,5.711077690124512,6.554622173309326,6.061621189117432,4.958317756652832,4.614215850830078,5.4555792808532715,6.377195835113525,6.376869201660156,6.410862445831299,6.829043388366699,6.772660255432129,6.018799304962158,5.208537578582764,4.595799446105957,3.6710939407348633,2.321530342102051,1.6149671077728271,2.358532428741455,3.971439838409424,5.782530307769775,7.397481441497803,8.553345680236816,8.770072937011719,7.798696517944336,6.1494460105896,4.427945613861084,3.1165382862091064,3.217031240463257,4.543717384338379,5.7342305183410645,6.583473205566406,7.686079502105713,8.481008529663086,8.25336742401123,6.853054046630859,5.658775806427002,5.782301425933838,6.366621494293213,5.480203151702881,4.098742961883545,3.6583244800567627,2.7800471782684326
5.530450344085693,6.026880264282227,6.455474853515625,5.946235179901123,4.5588765144348145,4.173092842102051,5.626330375671387,6.953890800476074,6.43075704574585,5.435347557067871,5.206517219543457,5.397508144378662,5.192569732666016,4.47317361831665,3.3938252925872803,2.062687873840332,0.9677765965461731,0.7073551416397095,1.641694188117981,3.304656982421875,5.239809989929199,6.965848445892334,7.702978610992432,7.876035690307617,7.673765182495117,6.903115272521973,5.486384391784668,3.9024553298950195,3.121983766555786,3.0997672080993652,3.063626289367676,3.2213761806488037,4.238658905029297,5.551397323608398,5.6397929191589355,4.685570240020752,4.249078750610352,5.233150959014893,6.63242244720459,6.349484920501709,4.980621337890625,4.569989204406738,3.785221576690674
5.9437761306762695,5.808769702911377,5.788641929626465,5.341775894165039,4.439624786376953,4.758684158325195,6.9419403076171875,8.620857238769531,7.651393413543701,5.510749340057373,4.205513954162598,4.1130571365356445,4.28756046295166,4.14571475982666,3.487170696258545,2.3462417125701904,1.2376034259796143,1.0895862579345703,1.9998852014541626,3.099907398223877,3.9557085037231445,4.681415557861328,5.055121898651123,5.584665775299072,6.270013809204102,6.420134544372559,5.297820091247559,3.6687750816345215,2.803844451904297,2.443094491958618,1.82061767578125,1.392123818397522,1.9907761812210083,2.9527218341827393,3.503596544265747,3.611043930053711,3.5939958095550537,4.454950332641602,5.775413990020752,5.4380598068237305,5.163997650146484,6.043274402618408,6.333158493041992
5.492631912231445,4.625796318054199,4.077118873596191,3.7070820331573486,3.695667028427124,5.203207492828369,8.21735954284668,10.22242259979248,9.238555908203125,6.766378879547119,4.447953701019287,3.4115257263183594,3.282748222351074,3.4459831714630127,3.607813596725464,3.5785300731658936,3.4299540519714355,3.5225491523742676,3.6321194171905518,2.946136713027954,1.7075673341751099,1.1370418071746826,1.6827443838119507,2.9650192260742188,4.243333339691162,4.780220031738281,4.426346302032471,3.9379220008850098,3.8020567893981934,3.2708163261413574,2.233856678009033,1.627865195274353,1.416358232498169,1.5600759983062744,1.7729896306991577,1.9838404655456543,3.0390114784240723,4.929189682006836,5.9813666343688965,5.7954630851745605,6.381758213043213,6.874241352081299,6.554749488830566
5.2706475257873535,4.049617290496826,3.0215139389038086,2.3313910961151123,2.692614793777466,5.113800048828125,8.788015365600586,10.48779010772705,9.615361213684082,7.67789888381958,5.055298328399658,2.798414468765259,2.126736640930176,2.5686492919921875,3.3767998218536377,4.494086265563965,5.5072102546691895,5.6739115715026855,4.35339879989624,1.629400610923767,-0.9547557234764099,-1.7847157716751099,-0.6581130027770996,1.4993153810501099,3.412926197052002,4.569784641265869,5.062173843383789,5.39186429977417,5.527966499328613,4.851554870605469,3.6938846111297607,2.283611297607422,0.7183996438980103,0.08842036873102188,1.0553048849105835,2.7376599311828613,4.467536449432373,6.291768550872803,6.575499534606934,5.310246467590332,5.279560565948486,7.253036022186279,8.218016624450684
5.39169454574585,4.7161478996276855,4.057976722717285,3.133831262588501,3.23297381401062,5.437682151794434,8.481147766113281,9.463618278503418,8.90541934967041,7.588007926940918,5.2235426902771,2.536863088607788,1.5031812191009521,2.507755994796753,4.489960670471191,6.018948078155518,6.329700469970703,5.282687664031982,3.088088274002075,0.5036303997039795,-1.308432936668396,-1.5035426616668701,-0.20605380833148956,1.8340386152267456,3.8729610443115234,5.345703125,6.404731273651123,7.399681568145752,7.838137626647949,6.726466655731201,4.576993465423584,2.4695162773132324,0.819261908531189,0.33176881074905396,0.8131974935531616,1.7974916696548462,4.389873027801514,6.804477691650391,6.574726581573486,5.152201175689697,6.025120258331299,9.301229476928711,9.425084114074707
5.586381912231445,5.643684387207031,5.950955390930176,5.32866096496582,5.056352615356445,6.389432430267334,8.078145980834961,8.385611534118652,8.187418937683105,7.56951379776001,5.70524263381958,3.281803846359253,2.5696606636047363,4.536749362945557,6.2215576171875,6.556656837463379,5.493377208709717,4.0486674308776855,2.9141080379486084,1.5838541984558105,0.8193612098693848,1.0456379652023315,1.3351774215698242,1.9803664684295654,3.598095655441284,5.951611042022705,8.244945526123047,9.859823226928711,9.662554740905762,7.465830326080322,4.816074371337891,2.5106167793273926,0.6992080211639404,0.015582049265503883,0.2626403570175171,1.4400612115859985,4.394015312194824,6.313803672790527,6.172034740447998,4.983373165130615,6.91042947769165,10.167580604553223,10.44762897491455
6.188838005065918,6.743751049041748,7.233839511871338,6.568461894989014,6.331582546234131,7.594491004943848,8.489535331726074,8.02469539642334,7.789586067199707,7.672680377960205,6.494647979736328,4.96128511428833,5.222005844116211,6.2120771408081055,6.290750980377197,5.832003593444824,5.28371524810791,5.176283359527588,4.900572776794434,3.7659752368927,2.554997444152832,2.2679028511047363,2.24279522895813,2.829169273376465,4.695610523223877,6.868867874145508,8.616634368896484,9.888025283813477,9.750317573547363,7.617334842681885,4.989997863769531,3.1616406440734863,1.9896847009658813,1.1017836332321167,0.5992788672447205,1.528026819229126,3.876492738723755,5.4124603271484375,4.921148300170898,4.209733009338379,6.539605140686035,9.735146522521973,10.43051815032959
7.1620025634765625,7.764254093170166,7.69740629196167,6.992961883544922,7.337691783905029,8.774758338928223,8.873475074768066,7.466271877288818,7.029846668243408,7.307248592376709,7.101646900177002,7.083836555480957,7.133866310119629,6.3230156898498535,5.6269378662109375,6.001266956329346,6.707223415374756,6.880675792694092,5.8483686447143555,3.9513378143310547,3.0942904949188232,4.062057018280029,4.369628429412842,3.3683438301086426,3.887180805206299,6.168416500091553,8.5704345703125,9.998177528381348,9.984432220458984,8.38493537902832,6.294044017791748,5.053915023803711,4.368414878845215,3.2390143871307373,2.147129774093628,2.1102468967437744,2.9863688945770264,3.8398597240448,3.344275951385498,2.645001173019409,4.705415725708008,8.544943809509277,10.429203033447266
7.591758728027344,7.730503559112549,7.5756940841674805,8.064375877380371,9.192337989807129,9.78610897064209,8.372773170471191,6.486211776733398,6.267185688018799,7.220407962799072,8.596236228942871,8.749654769897461,7.351712703704834,6.3455071449279785,6.892326354980469,7.60398530960083,6.69935941696167,5.571778297424316,5.4831438064575195,5.033154487609863,3.862614631652832,4.057159423828125,5.153439044952393,4.8534111976623535,4.690558910369873,6.139889240264893,8.281792640686035,9.953682899475098,10.748261451721191,10.177759170532227,8.619586944580078,7.24066686630249,6.323045253753662,5.234879970550537,4.101614952087402,3.2685978412628174,2.781003713607788,2.7488348484039307,2.349806547164917,1.5029916763305664,3.6939857006073,7.900454998016357,10.290760040283203
7.089932441711426,6.737570762634277,7.349705219268799,9.298686027526855,10.880532264709473,10.550273895263672,8.25855827331543,6.349682807922363,6.624911308288574,8.580486297607422,10.15998363494873,9.4973783493042,8.406159400939941,8.364652633666992,8.366785049438477,7.443700790405273,6.089865207672119,4.86533784866333,4.350224018096924,4.436390399932861,4.575190544128418,4.865847110748291,5.6146650314331055,5.975858211517334,6.281016826629639,7.364100933074951,8.57772159576416,9.549173355102539,10.726746559143066,11.608741760253906,11.012541770935059,9.325090408325195,7.843014240264893,6.813976764678955,5.776754379272461,4.5955986976623535,3.444913387298584,2.884481191635132,2.6132445335388184,2.982743978500366,5.753063201904297,8.312252044677734,9.274332046508789
6.3604912757873535,6.194774150848389,7.48897123336792,9.638589859008789,10.985540390014648,10.464003562927246,8.383424758911133,7.055046558380127,7.821262836456299,9.713492393493652,11.252156257629395,11.274900436401367,10.11059284210205,9.115243911743164,8.420547485351562,7.5229878425598145,6.584864139556885,5.684998989105225,4.691030979156494,4.078391075134277,4.2360968589782715,5.051506519317627,6.404764652252197,7.63260555267334,8.253793716430664,8.508480072021484,8.436222076416016,8.474143981933594,9.52446174621582,11.121277809143066,11.547837257385254,10.477639198303223,9.18639087677002,8.272196769714355,7.177621841430664,6.066944599151611,5.301866054534912,4.428383827209473,3.8159334659576416,5.111203193664551,7.763713359832764,8.920737266540527,8.567144393920898
5.662149429321289,6.178122520446777,7.719782829284668,9.424874305725098,10.148273468017578,9.30479907989502,7.617766380310059,7.062232971191406,8.403525352478027,10.585884094238281,12.2189302444458,12.1463623046875,10.211267471313477,8.555325508117676,8.753561019897461,9.367629051208496,8.508042335510254,6.608467102050781,4.810401916503906,3.8484230041503906,4.19628381729126,5.73197078704834,8.087189674377441,10.1148042678833,10.542683601379395,9.617964744567871,8.29887866973877,7.460100173950195,7.929859638214111,9.32582950592041,10.352103233337402,10.41982364654541,9.909478187561035,8.873624801635742,7.675097465515137,7.416019439697266,7.598421096801758,6.7375383377075195,5.332587718963623,5.839808464050293,7.895263195037842,9.007259368896484,8.360214233398438
4.218985557556152,5.841435432434082,7.752190589904785,8.971624374389648,8.970226287841797,7.779641628265381,6.637307643890381,6.964411735534668,8.429618835449219,9.654000282287598,10.053118705749512,10.243760108947754,10.612268447875977,10.161587715148926,8.871017456054688,8.279537200927734,8.329568862915039,7.704844951629639,6.3121161460876465,5.028799057006836,4.932304859161377,6.605893611907959,9.701522827148438,12.388823509216309,12.738408088684082,11.160826683044434,9.14222526550293,7.665316104888916,7.252018451690674,7.861488342285156,8.98750114440918,10.073020935058594,10.236746788024902,8.927186965942383,7.645561695098877,7.923608779907227,8.951864242553711,8.303868293762207,6.117421627044678,5.592405319213867,7.506076812744141,8.967327117919922,7.890626907348633
2.298517942428589,4.968177318572998,7.226287364959717,7.94881010055542,7.656496047973633,7.0902910232543945,7.334201335906982,7.557745933532715,6.416983604431152,5.793410778045654,6.6877312660217285,8.448321342468262,9.83493423461914,9.373650550842285,7.7179951667785645,7.070858001708984,7.770571231842041,8.214024543762207,7.627440929412842,6.609899997711182,6.356710433959961,7.845641136169434,10.712628364562988,13.029644012451172,13.527960777282715,12.665797233581543,11.105691909790039,9.325777053833008,8.055960655212402,7.8071184158325195,8.66611099243164,10.16388988494873,10.679818153381348,9.484088897705078,8.268945693969727,8.497941017150879,9.215486526489258,8.119540214538574,5.873954772949219,5.215360164642334,7.484608173370361,9.411124229431152,8.16972541809082
1.124902367591858,4.247190952301025,6.577149868011475,6.982918739318848,6.6743550300598145,7.011679649353027,8.198661804199219,7.598783016204834,4.649702548980713,3.024085283279419,3.9116978645324707,5.990814208984375,7.842831611633301,8.398881912231445,7.871301174163818,7.2761101722717285,7.088543891906738,7.172588348388672,7.238969326019287,7.27331018447876,7.778671741485596,9.212626457214355,11.110053062438965,12.344260215759277,12.960766792297363,13.414913177490234,13.089719772338867,11.765926361083984,10.287652969360352,9.503829956054688,9.819934844970703,11.0311918258667,11.6622314453125,10.797063827514648,9.82665729522705,9.885686874389648,9.008072853088379,6.763758182525635,5.930683612823486,6.980186462402344,8.864066123962402,9.363326072692871,8.54275894165039
1.8996903896331787,4.661474704742432,6.596574783325195,6.657026767730713,6.14902400970459,6.070054531097412,7.2985005378723145,7.799050807952881,5.1869049072265625,2.0697922706604004,2.142622709274292,4.591916084289551,6.708717346191406,7.545383930206299,8.036643981933594,8.059536933898926,7.009028434753418,6.070959091186523,6.20897912979126,7.171751022338867,8.434056282043457,9.762381553649902,10.963224411010742,11.708514213562012,12.295763969421387,13.256512641906738,14.205028533935547,14.141036033630371,13.243231773376465,12.410722732543945,12.174108505249023,12.822389602661133,13.227839469909668,12.550190925598145,12.155868530273438,12.005305290222168,9.551495552062988,6.9856181144714355,7.656403064727783,9.29921817779541,9.469734191894531,8.921918869018555,9.00387191772461
3.164198875427246,5.924035549163818,7.533946514129639,6.678856372833252,5.6012773513793945,5.4642815589904785,6.33680534362793,7.046851634979248,6.204731464385986,3.938680648803711,2.260432243347168,2.8477156162261963,4.953183650970459,7.389011859893799,9.180425643920898,8.925592422485352,6.943406581878662,5.647402286529541,6.142364501953125,7.495913028717041,8.558778762817383,9.449021339416504,10.684843063354492,11.706578254699707,12.263797760009766,13.187003135681152,14.796537399291992,15.876073837280273,15.739298820495605,15.003240585327148,14.535852432250977,14.858006477355957,15.150652885437012,15.132031440734863,15.258747100830078,14.237184524536133,11.524347305297852,9.793426513671875,9.83033275604248,9.803680419921875,9.356626510620117,9.912447929382324,11.133819580078125
