data/wind_data/wind_66_3.json
{"header": {"parameterUnit": "KT", "parameterCategory": 2, "nx": 256, "ny": 198, "lo1": 44.73521041870117, "la1": -3.236724853515625, "lo2": 111.26478576660156, "la2": 43.468475341796875, "dx": 0.2609002888202667, "dy": -0.23708222806453705, "refTime": "2025-02-21 18:00:00", "forecastTime": 0, "parameterNumber": 2, "parameterNumberName": "eastward_wind"}, "data":
[rows 114 to 132 of 198, columns 0 to 43 of 256]
21.967863082885742,22.422725677490234,22.278074264526367,21.776588439941406,22.14931297302246,21.96514320373535,22.43746566772461,23.91196060180664,24.296430587768555,22.808767318725586,20.484600067138672,18.83487319946289,18.189231872558594,17.569704055786133,16.510990142822266,14.768010139465332,13.392258644104004,13.937047958374023,13.72691822052002,11.753780364990234,11.168844223022461,11.728828430175781,13.447261810302734,15.609631538391113,17.2645206451416,17.16168212890625,15.523208618164062,14.760435104370117,16.273990631103516,18.99233627319336,21.577112197875977,23.39014434814453,24.44627571105957,24.74567222595215,24.313140869140625,23.11149787902832,21.36510467529297,20.292327880859375,20.115022659301758,19.81618309020996,18.509458541870117,17.020553588867188,16.25577163696289,17.73972511291504
23.902149200439453,24.162158966064453,23.35511589050293,21.81231117248535,21.52899742126465,21.52155303955078,22.160886764526367,22.870298385620117,22.07860565185547,20.175006866455078,18.281862258911133,17.315340042114258,16.979564666748047,16.752002716064453,16.246463775634766,14.581114768981934,12.918904304504395,12.414106369018555,11.371129035949707,10.408748626708984,10.405065536499023,11.036347389221191,12.46573543548584,14.296075820922852,15.593368530273438,15.460281372070312,14.129642486572266,12.873456954956055,12.950210571289062,14.466986656188965,16.927698135375977,19.3897762298584,21.25621223449707,22.38968849182129,22.877592086791992,22.75083351135254,22.036691665649414,21.4442195892334,21.088857650756836,20.54680061340332,19.60007667541504,18.764511108398438,17.739850997924805,18.9291934967041
23.34981346130371,24.528854370117188,23.732872009277344,21.460979461669922,20.953092575073242,22.244295120239258,22.422439575195312,20.902027130126953,18.701990127563477,17.348880767822266,16.589250564575195,16.242176055908203,16.26908302307129,16.136444091796875,15.404600143432617,13.312691688537598,10.683381080627441,9.114029884338379,9.01905632019043,9.40255355834961,9.896939277648926,10.875203132629395,12.174885749816895,13.558048248291016,14.433213233947754,14.093080520629883,12.96268367767334,12.240362167358398,12.247954368591309,12.70409107208252,13.902459144592285,15.59535026550293,17.252962112426758,18.69637107849121,19.84633445739746,20.515714645385742,20.720945358276367,20.91806411743164,21.30762481689453,21.281579971313477,20.540233612060547,19.577741622924805,18.531219482421875,18.66497039794922
21.44767189025879,23.62105941772461,23.22366714477539,20.626083374023438,20.36029624938965,22.165794372558594,20.8403377532959,17.652843475341797,15.411661148071289,14.942130088806152,14.99316120147705,14.888341903686523,14.903997421264648,14.929062843322754,14.323111534118652,11.315905570983887,7.670511722564697,6.882301330566406,7.822995185852051,8.580438613891602,9.434127807617188,10.651432991027832,12.043399810791016,13.213315963745117,13.75998592376709,13.186630249023438,11.73747444152832,10.96202564239502,11.321918487548828,11.943268775939941,12.61518383026123,13.514924049377441,14.387031555175781,15.489921569824219,16.648164749145508,17.52935218811035,18.311500549316406,19.252700805664062,20.540964126586914,21.502071380615234,21.368501663208008,20.31873321533203,18.928638458251953,17.714584350585938
20.823169708251953,22.81986427307129,22.408130645751953,19.71469497680664,20.114206314086914,20.752304077148438,18.090560913085938,14.625603675842285,13.014811515808105,12.638490676879883,12.686692237854004,13.021797180175781,13.811077117919922,14.729267120361328,13.246753692626953,9.571131706237793,7.204683303833008,6.935794830322266,7.665696144104004,8.240602493286133,8.925735473632812,10.111127853393555,11.60879135131836,12.79583740234375,13.273090362548828,12.73809814453125,11.10816764831543,9.73647689819336,9.736035346984863,10.501465797424316,11.2971830368042,12.01957893371582,12.493728637695312,13.231371879577637,14.116936683654785,14.982826232910156,16.03619956970215,17.24554443359375,18.823925018310547,20.48154640197754,21.47730255126953,21.388412475585938,20.798898696899414,20.013648986816406
20.81269645690918,22.0716495513916,21.43817710876465,18.75588035583496,19.477901458740234,18.796220779418945,15.740772247314453,12.809798240661621,11.47861099243164,10.810003280639648,10.862561225891113,11.843270301818848,13.655656814575195,14.319263458251953,12.311816215515137,9.65604019165039,7.697895526885986,7.546932220458984,7.775944232940674,7.675464630126953,8.051675796508789,9.310511589050293,10.912254333496094,12.136992454528809,12.659631729125977,12.304780006408691,10.90219783782959,9.296603202819824,8.694273948669434,9.190454483032227,9.96521282196045,10.476302146911621,10.745633125305176,11.324624061584473,12.135650634765625,13.046404838562012,14.207256317138672,15.587388038635254,17.179906845092773,18.881633758544922,20.04583168029785,20.41147804260254,20.499425888061523,21.03626823425293
20.08095359802246,20.751630783081055,20.10901641845703,17.841323852539062,18.376258850097656,17.028837203979492,14.59692668914795,11.912416458129883,10.838314056396484,9.533656120300293,9.848443031311035,11.755640029907227,13.746745109558105,13.972297668457031,11.81182861328125,9.2427339553833,7.693676948547363,7.326761722564697,7.085073471069336,6.676598072052002,6.970953464508057,8.412893295288086,10.090143203735352,11.215627670288086,11.775032997131348,11.742621421813965,10.876397132873535,9.457537651062012,8.48337173461914,8.308966636657715,8.662711143493652,9.078458786010742,9.788820266723633,10.662751197814941,11.350168228149414,11.86718463897705,12.817797660827637,14.396856307983398,16.282514572143555,17.85125160217285,18.510677337646484,18.394983291625977,17.971328735351562,18.31568145751953
18.803375244140625,18.963457107543945,18.406557083129883,16.969545364379883,17.1619930267334,15.709840774536133,13.716428756713867,11.07302188873291,10.359277725219727,9.054221153259277,9.415698051452637,11.787248611450195,13.714986801147461,13.50516414642334,10.847537994384766,7.906091213226318,6.620096683502197,6.385265827178955,6.197524070739746,6.128483772277832,6.594518661499023,7.692698955535889,9.01099967956543,9.991599082946777,10.701356887817383,11.02717399597168,10.743547439575195,9.764165878295898,8.699888229370117,7.919793605804443,7.947177886962891,9.414567947387695,11.474477767944336,11.647769927978516,11.054617881774902,11.542868614196777,12.748406410217285,14.33717155456543,16.167869567871094,17.14025115966797,17.166589736938477,15.921046257019043,14.364187240600586,14.406067848205566
18.285276412963867,17.982994079589844,17.25037384033203,16.30670738220215,16.244075775146484,14.82131576538086,12.565292358398438,10.419305801391602,9.808382987976074,8.572629928588867,8.918828010559082,11.300249099731445,13.601522445678711,12.909455299377441,9.554827690124512,6.445731163024902,5.710139274597168,5.983161926269531,6.093201637268066,6.169937610626221,6.655498027801514,7.41977071762085,8.28015422821045,9.08722972869873,9.87154483795166,10.431710243225098,10.547857284545898,9.980694770812988,9.143630981445312,9.047219276428223,10.435937881469727,12.863663673400879,14.205341339111328,12.36991024017334,10.625282287597656,11.661394119262695,13.477858543395996,15.260622024536133,16.653461456298828,16.668176651000977,15.823874473571777,15.657761573791504,14.813616752624512,14.164484977722168
18.620756149291992,18.042152404785156,16.976455688476562,15.990912437438965,15.889702796936035,14.137795448303223,11.685124397277832,10.612829208374023,9.857131958007812,8.054540634155273,8.05235767364502,10.98127555847168,13.831793785095215,11.953595161437988,8.404022216796875,6.292998790740967,5.840077877044678,5.826847553253174,5.9256391525268555,6.066478252410889,6.590338706970215,7.349359512329102,8.037726402282715,8.679380416870117,9.443129539489746,10.059329986572266,10.465202331542969,10.370454788208008,10.643682479858398,12.164145469665527,13.72321891784668,14.481733322143555,14.533312797546387,13.320367813110352,12.177167892456055,12.980419158935547,14.80251407623291,16.009212493896484,17.76886558532715,17.48363494873047,15.722123146057129,15.117181777954102,15.282367706298828,15.669112205505371
19.184709548950195,18.477397918701172,17.315885543823242,16.142383575439453,16.091968536376953,14.027472496032715,11.8869047164917,10.560273170471191,9.859272956848145,8.484447479248047,8.551528930664062,10.898477554321289,12.990082740783691,10.486895561218262,7.616391658782959,6.384341716766357,5.831197261810303,5.5037407875061035,5.349886894226074,5.4685378074646,6.105365753173828,7.080259799957275,7.878159046173096,8.402652740478516,9.083430290222168,9.764874458312988,10.553030014038086,11.128981590270996,12.172242164611816,13.578839302062988,14.159149169921875,14.161698341369629,14.251455307006836,14.522849082946777,15.2769136428833,15.793193817138672,16.80718231201172,15.724898338317871,19.683958053588867,17.6248779296875,13.782809257507324,13.89655590057373,16.860923767089844,17.162519454956055
19.897113800048828,19.262832641601562,18.104158401489258,16.56916046142578,16.713180541992188,14.893658638000488,12.41884994506836,10.671749114990234,10.217619895935059,9.475584983825684,9.472949028015137,10.750943183898926,11.318525314331055,9.451545715332031,7.07957124710083,5.8680620193481445,5.577744960784912,5.2949724197387695,4.734332084655762,4.681827068328857,5.455333232879639,6.6902360916137695,7.741891860961914,8.248462677001953,8.82115364074707,9.473992347717285,10.33724594116211,11.583332061767578,13.092598915100098,13.968160629272461,14.959851264953613,16.26936149597168,16.228361129760742,15.814236640930176,17.503374099731445,18.920812606811523,18.736238479614258,16.134658813476562,18.945980072021484,19.725759506225586,18.113557815551758,20.119997024536133,21.754154205322266,19.262134552001953
20.7553653717041,20.02840232849121,18.78832244873047,17.031770706176758,17.176090240478516,16.017419815063477,13.169062614440918,11.385204315185547,9.966039657592773,10.044401168823242,10.286477088928223,11.311213493347168,11.051997184753418,8.467154502868652,6.102810382843018,5.8887939453125,6.234005451202393,5.455155849456787,4.2816948890686035,3.9717800617218018,4.710304260253906,6.042969703674316,7.332282543182373,8.04936695098877,8.559276580810547,9.29732608795166,10.642154693603516,12.846226692199707,14.93487548828125,15.860655784606934,17.7441349029541,20.088287353515625,19.72606658935547,18.259531021118164,19.1748104095459,20.683902740478516,19.890371322631836,17.44561195373535,18.688270568847656,23.525033950805664,27.213668823242188,28.449003219604492,25.785640716552734,23.88937759399414
21.67765998840332,20.36965560913086,18.936477661132812,17.380144119262695,17.569793701171875,16.67941665649414,14.153806686401367,11.764801979064941,10.19595718383789,10.721287727355957,11.269303321838379,13.080818176269531,11.494544982910156,7.499317169189453,6.075558662414551,6.736722469329834,6.688594341278076,5.455488681793213,4.202401638031006,3.787562131881714,4.1328582763671875,5.121016979217529,6.410264492034912,7.406393527984619,8.027342796325684,9.053234100341797,11.7600736618042,15.299295425415039,17.440031051635742,19.002683639526367,21.75282859802246,23.863513946533203,23.20103645324707,21.53825569152832,20.999107360839844,21.263689041137695,21.041105270385742,20.83254051208496,23.399478912353516,27.132474899291992,27.58993911743164,26.439800262451172,26.127119064331055,26.35205841064453
22.38690948486328,20.51025390625,19.01030158996582,17.767183303833008,17.61667823791504,16.46977424621582,14.255866050720215,11.858824729919434,10.667834281921387,11.154703140258789,12.632806777954102,13.218154907226562,10.744564056396484,7.667852401733398,7.160652160644531,7.317496299743652,6.698904514312744,5.6597466468811035,4.581881999969482,4.069344997406006,3.964189291000366,4.34323787689209,5.35122537612915,6.386716365814209,7.157754898071289,8.621387481689453,12.618953704833984,16.859731674194336,18.549283981323242,21.816179275512695,25.374088287353516,25.619434356689453,24.260791778564453,23.506847381591797,23.318510055541992,23.55916976928711,24.081815719604492,25.466535568237305,26.664928436279297,25.689823150634766,23.29804801940918,23.54020118713379,25.202646255493164,25.72784996032715
22.566757202148438,20.88858985900879,19.56015968322754,18.430814743041992,17.597930908203125,16.520071029663086,15.20118236541748,13.469014167785645,11.658153533935547,11.21514892578125,11.258257865905762,12.180398941040039,11.31458854675293,9.084132194519043,7.899219989776611,7.407763481140137,6.945915222167969,6.293660640716553,5.126666069030762,4.322165012359619,3.9054360389709473,3.8532536029815674,4.529188632965088,5.371463298797607,6.202174186706543,8.231209754943848,13.117603302001953,16.5992431640625,18.612112045288086,23.491107940673828,26.000253677368164,24.280670166015625,23.488262176513672,24.459604263305664,25.07740020751953,24.674856185913086,24.889442443847656,26.173599243164062,26.803871154785156,25.678855895996094,24.94517707824707,24.611080169677734,22.61959457397461,22.079803466796875
22.523595809936523,21.391279220581055,20.38056755065918,19.393108367919922,18.008865356445312,17.026681900024414,16.199756622314453,15.682583808898926,13.381057739257812,13.047898292541504,12.025716781616211,13.173090934753418,12.74248218536377,10.603971481323242,8.407520294189453,7.197322845458984,6.9025726318359375,6.673090934753418,5.479817867279053,4.280357360839844,3.7588343620300293,3.556058168411255,3.990424633026123,4.651843070983887,5.655670642852783,8.246105194091797,12.458586692810059,16.12600326538086,21.451557159423828,26.200990676879883,25.167217254638672,23.110639572143555,23.335100173950195,24.5172061920166,24.728424072265625,24.51058578491211,25.080774307250977,26.570972442626953,27.449676513671875,27.258909225463867,26.322803497314453,23.009252548217773,20.181203842163086,22.487131118774414
22.62020492553711,22.061864852905273,21.407161712646484,20.498388290405273,18.62806510925293,17.027847290039062,16.24233627319336,16.934206008911133,15.578166007995605,14.366433143615723,13.331424713134766,13.32504653930664,13.238653182983398,12.05170726776123,9.560345649719238,7.3757100105285645,6.741304874420166,6.808618545532227,5.805822372436523,4.129749774932861,3.5946877002716064,3.4151742458343506,3.76300048828125,4.769745826721191,6.5038957595825195,9.728352546691895,13.85018539428711,20.212913513183594,27.147201538085938,28.34056854248047,24.46076774597168,23.172826766967773,24.103347778320312,24.87226104736328,25.161922454833984,26.00529670715332,26.627328872680664,26.195463180541992,24.74959373474121,23.86460304260254,22.98123550415039,21.327495574951172,22.234966278076172,27.882278442382812
22.598848342895508,22.771989822387695,22.517316818237305,21.824432373046875,19.617229461669922,17.273635864257812,16.44904327392578,17.056066513061523,16.098281860351562,14.607095718383789,13.593659400939941,12.708440780639648,12.417642593383789,12.524306297302246,10.952204704284668,8.55776309967041,7.082150459289551,6.530285358428955,5.421712398529053,3.712984085083008,3.4737930297851562,3.5412914752960205,4.035608768463135,5.789188861846924,9.377996444702148,13.8600492477417,18.217723846435547,24.217884063720703,29.312532424926758,28.36549186706543,25.210472106933594,24.9873104095459,26.469194412231445,27.693010330200195,28.46080780029297,29.416669845581055,26.674659729003906,22.13405418395996,19.569974899291992,20.1949520111084,21.526002883911133,23.44690704345703,27.535619735717773,32.33359146118164
