data/wind_data/wind_6_8.json
{"header": {"parameterUnit": "KT", "parameterCategory": 2, "nx": 256, "ny": 198, "lo1": 44.73521041870117, "la1": -3.236724853515625, "lo2": 111.26478576660156, "la2": 43.468475341796875, "dx": 0.2609002888202667, "dy": -0.23708222806453705, "refTime": "2025-02-19 06:00:00", "forecastTime": 0, "parameterNumber": 2, "parameterNumberName": "eastward_wind"}, "data":
[rows 133 to 151 of 198, columns 44 to 87 of 256]
60.580078125,62.10154342651367,63.552024841308594,63.57875061035156,62.475582122802734,62.0048713684082,61.44164276123047,59.6793212890625,57.63084030151367,55.94340896606445,54.897727966308594,54.718849182128906,54.99357604980469,55.066734313964844,55.47452926635742,56.947540283203125,58.70052719116211,59.74010467529297,60.36815643310547,60.98341751098633,61.90656280517578,63.01378631591797,63.56192398071289,63.764217376708984,64.16129302978516,64.45706939697266,64.29205322265625,64.08009338378906,64.31599426269531,64.53427124023438,63.842899322509766,62.033809661865234,59.79308319091797,58.22020721435547,58.08708190917969,58.90852737426758,59.5186767578125,59.044342041015625,57.83016586303711,57.12702560424805,56.775936126708984,56.87777328491211,58.7098503112793,60.67513656616211
59.28422164916992,60.843223571777344,61.88468551635742,61.85546875,61.298439025878906,60.79851150512695,60.060420989990234,58.80738830566406,57.31098937988281,55.47719955444336,54.02486801147461,54.12623596191406,55.48408126831055,56.17705535888672,55.475399017333984,54.82251739501953,55.37299728393555,56.551910400390625,58.13523864746094,59.81736373901367,61.18146514892578,62.39291763305664,63.64915466308594,64.77576446533203,65.40047454833984,65.22660064697266,64.49531555175781,63.99972152709961,64.18643951416016,64.25139617919922,63.1431770324707,61.00032043457031,59.07022476196289,58.557411193847656,59.32600784301758,60.04705810546875,60.12300491333008,60.22642135620117,60.445613861083984,60.15403747558594,58.787967681884766,57.07341003417969,57.42031478881836,59.310062408447266
58.35032272338867,59.676719665527344,60.14666748046875,59.927616119384766,59.68333053588867,58.90327835083008,57.658267974853516,56.958866119384766,56.78076934814453,55.967918395996094,54.60911178588867,54.22864532470703,55.3685188293457,56.26323699951172,55.03792190551758,52.913978576660156,52.3449592590332,53.510257720947266,55.699676513671875,58.191463470458984,60.30854034423828,62.07375717163086,63.74217224121094,65.13712310791016,65.61731719970703,65.00286102294922,63.89631271362305,63.044227600097656,62.91787338256836,62.94662094116211,61.956668853759766,60.00362014770508,58.63421630859375,59.25703430175781,61.001708984375,61.740482330322266,61.141597747802734,60.939937591552734,61.83966064453125,62.526729583740234,61.68071365356445,59.257503509521484,57.17224884033203,57.37757873535156
56.82773971557617,58.0914306640625,58.494529724121094,58.043983459472656,57.50113296508789,56.48366165161133,55.07643508911133,54.80992126464844,55.72440719604492,56.144134521484375,55.412899017333984,54.606163024902344,54.72483444213867,54.90988540649414,53.35774230957031,50.87608337402344,50.005340576171875,51.51238250732422,54.33914566040039,57.153438568115234,59.3753662109375,61.350162506103516,63.047054290771484,64.20406341552734,64.47489166259766,63.83417892456055,62.729801177978516,61.47068786621094,60.60553741455078,60.31452941894531,59.755340576171875,58.695125579833984,58.327178955078125,59.52273941040039,61.21469497680664,61.81427001953125,61.42829513549805,61.35603332519531,62.230079650878906,63.56291961669922,64.15171813964844,63.10164260864258,60.87556838989258,58.861934661865234
54.61235427856445,56.07016372680664,56.50701141357422,55.87314224243164,55.23078155517578,54.580909729003906,53.51219940185547,52.95986557006836,53.72831344604492,55.046749114990234,55.624629974365234,55.06516647338867,54.1580924987793,53.21294403076172,51.339054107666016,48.96078109741211,48.12432861328125,50.02848815917969,53.53627395629883,56.436893463134766,58.13795852661133,59.796966552734375,61.715293884277344,63.150962829589844,63.521480560302734,63.07894515991211,62.281097412109375,60.87998962402344,59.050025939941406,57.61143493652344,56.82066345214844,56.36964797973633,56.46415328979492,57.38414764404297,58.23883056640625,58.636940002441406,59.24139404296875,59.83106231689453,60.895877838134766,62.730743408203125,64.43285369873047,65.01327514648438,63.527748107910156,60.95904541015625
51.69365310668945,53.274803161621094,54.00670623779297,53.80679702758789,53.878902435302734,54.10544967651367,53.6595344543457,52.87125778198242,52.70242691040039,53.487667083740234,54.507598876953125,54.77293014526367,54.2210807800293,53.09391403198242,50.921287536621094,48.39254379272461,47.39931106567383,48.841880798339844,52.02214813232422,54.978981018066406,56.67321014404297,58.14986801147461,60.073387145996094,61.76439666748047,62.66361618041992,62.90027618408203,62.830928802490234,61.563175201416016,58.6719970703125,55.5776252746582,54.11445617675781,54.551902770996094,55.869285583496094,57.090797424316406,57.001399993896484,56.256309509277344,55.966407775878906,56.29855728149414,57.71560287475586,59.58798599243164,61.37474822998047,62.42434310913086,62.13369369506836,61.373592376708984
49.192256927490234,50.38022994995117,51.67079544067383,52.33989715576172,52.52322769165039,52.77238082885742,53.117408752441406,53.2763786315918,53.043052673339844,52.904296875,53.2148551940918,53.645713806152344,53.99263381958008,53.625579833984375,51.755035400390625,49.399139404296875,48.13930130004883,48.375179290771484,50.17441940307617,52.79645538330078,55.01665115356445,56.74996566772461,58.36968994140625,59.86465072631836,61.1491813659668,62.134742736816406,62.88644027709961,62.03458023071289,58.58706283569336,54.7435302734375,53.317527770996094,54.6621208190918,57.19318771362305,58.803077697753906,58.07745361328125,56.09941864013672,54.50336837768555,53.76021194458008,54.092498779296875,55.749916076660156,57.70180892944336,58.27141571044922,58.05690002441406,58.660953521728516
47.644142150878906,48.060447692871094,49.59766387939453,50.79548645019531,50.492286682128906,50.178226470947266,51.11167526245117,52.58052062988281,53.20050048828125,52.84576416015625,52.397743225097656,52.44430160522461,53.1213493347168,53.3123664855957,52.07424545288086,50.40559768676758,49.442501068115234,49.08491516113281,49.50193405151367,51.14560317993164,53.43854522705078,55.4411735534668,56.78360366821289,57.7120361328125,58.73757553100586,60.09943771362305,61.481563568115234,61.22014617919922,58.29359436035156,54.64263153076172,52.8676872253418,53.89659118652344,56.4671516418457,58.32138442993164,57.8948974609375,56.11930465698242,54.407875061035156,53.30035400390625,53.268218994140625,54.084197998046875,54.547882080078125,54.31996154785156,54.253257751464844,55.67570877075195
46.331443786621094,46.148475646972656,47.5323600769043,48.62694549560547,48.12919616699219,47.706974029541016,48.74685287475586,50.519813537597656,51.48122787475586,51.33539581298828,51.038089752197266,51.472938537597656,52.66261672973633,52.94538879394531,51.6254768371582,50.404850006103516,50.16550827026367,49.82343292236328,49.360538482666016,50.208641052246094,52.38749313354492,54.52869415283203,55.56303024291992,55.65045166015625,55.86676025390625,56.92356491088867,58.38656234741211,58.73543930053711,56.81174850463867,53.545326232910156,51.14092254638672,51.542842864990234,53.951934814453125,56.13433074951172,56.32969284057617,55.598228454589844,55.01528549194336,54.60780715942383,54.561038970947266,53.89368438720703,52.29082107543945,50.49666213989258,50.73051834106445,53.42905807495117
45.36846923828125,44.99667739868164,46.030643463134766,46.535091400146484,45.66670608520508,45.29869842529297,46.49485778808594,48.06285858154297,48.7608642578125,48.66663360595703,49.01601791381836,50.559635162353516,52.86142349243164,53.29645919799805,51.24861145019531,49.875728607177734,49.88389587402344,49.28426742553711,48.521366119384766,49.62289810180664,52.53418731689453,54.881282806396484,54.956581115722656,53.593017578125,52.71895217895508,53.0771598815918,54.26995086669922,55.19864273071289,54.33531951904297,51.77101516723633,49.46870803833008,49.681583404541016,51.78102111816406,53.87333679199219,54.84832763671875,55.213706970214844,55.83119201660156,55.78809356689453,55.836669921875,54.3757209777832,51.080509185791016,47.9608039855957,47.62331008911133,50.2952995300293
45.18058776855469,44.53681182861328,45.102901458740234,45.26567077636719,44.23286437988281,43.59907150268555,44.71736526489258,46.27157211303711,46.86658477783203,46.81993865966797,47.724647521972656,49.999881744384766,52.984779357910156,53.800724029541016,51.40449523925781,49.26043701171875,48.93391418457031,48.58040237426758,48.093284606933594,49.226646423339844,52.29267501831055,54.77001953125,54.250946044921875,51.48432159423828,49.2227668762207,48.96208953857422,50.211788177490234,51.79547882080078,52.21739196777344,50.975364685058594,49.40769958496094,49.166229248046875,50.489173889160156,52.426048278808594,54.079315185546875,55.240394592285156,56.42182922363281,56.278045654296875,55.56232833862305,53.778995513916016,50.2083625793457,46.16889953613281,44.83403015136719,46.86198806762695
44.99602508544922,44.332366943359375,44.7059211730957,45.04167938232422,44.42015838623047,43.64250946044922,43.926185607910156,45.0434455871582,45.841773986816406,46.292537689208984,47.77214813232422,50.53160858154297,53.45088577270508,54.14439010620117,51.47684097290039,48.455322265625,47.744510650634766,48.26571273803711,48.40834426879883,49.020042419433594,50.77586364746094,52.720664978027344,52.81835174560547,50.02743911743164,46.62666702270508,45.56779479980469,46.98179244995117,49.27851867675781,50.759033203125,50.7303466796875,49.93372344970703,49.47157287597656,50.038734436035156,51.3234748840332,53.088985443115234,54.85347366333008,55.98695373535156,55.53483581542969,54.28921127319336,52.51219177246094,49.46480941772461,45.276947021484375,42.79787826538086,44.097938537597656
44.656131744384766,44.439430236816406,45.05462646484375,45.76802062988281,45.73633575439453,44.76784896850586,43.86321258544922,44.03810119628906,44.933284759521484,45.92987060546875,47.65431594848633,50.659847259521484,53.833309173583984,54.52410125732422,51.465389251708984,47.7924690246582,46.723426818847656,47.81865310668945,49.112403869628906,49.68166732788086,49.630130767822266,50.057777404785156,50.56196212768555,49.48394012451172,46.592525482177734,44.515323638916016,45.236549377441406,47.794708251953125,50.20368576049805,51.227848052978516,51.07997512817383,50.02020263671875,49.18833923339844,50.07637405395508,52.62834548950195,54.678218841552734,54.84210205078125,53.7062873840332,52.112545013427734,50.04829025268555,47.62549591064453,45.013084411621094,43.09925842285156,43.51596450805664
44.865631103515625,44.97064208984375,45.848270416259766,46.721229553222656,46.98666763305664,45.805633544921875,43.74386215209961,42.932395935058594,43.850341796875,45.090858459472656,46.53766632080078,49.20859146118164,52.64667892456055,54.14388656616211,51.88400650024414,48.13042068481445,46.373252868652344,47.376731872558594,49.795101165771484,51.34522247314453,50.09872817993164,47.968994140625,47.875404357910156,48.459434509277344,47.3250846862793,45.313629150390625,45.157440185546875,47.8541259765625,50.9164924621582,52.356380462646484,51.689109802246094,49.75700378417969,48.806114196777344,50.23627471923828,52.884071350097656,54.49935531616211,54.32490539550781,52.866817474365234,50.43650817871094,47.46284484863281,45.45460891723633,44.781959533691406,44.53666305541992,45.05485153198242
44.94910430908203,44.95427322387695,46.12364196777344,47.38629150390625,47.71440887451172,46.17820739746094,43.5032844543457,42.33710479736328,43.51560974121094,45.27993392944336,46.73012161254883,48.744903564453125,51.415409088134766,52.911319732666016,51.68785095214844,48.800811767578125,46.88776397705078,47.33946228027344,49.95089340209961,52.4013671875,50.88763427734375,46.80660629272461,44.99146270751953,46.03852844238281,46.755977630615234,45.67481994628906,45.843666076660156,48.28199768066406,50.937217712402344,52.354618072509766,51.700382232666016,49.824222564697266,48.963932037353516,50.869205474853516,53.970001220703125,55.394290924072266,54.463199615478516,51.93925094604492,48.599788665771484,45.763431549072266,44.89649963378906,45.62982940673828,46.31285858154297,47.11260986328125
44.74009704589844,44.60581588745117,45.956695556640625,47.7978515625,48.29361343383789,46.28817367553711,43.19614791870117,41.95255661010742,43.40264892578125,45.76402282714844,47.70700454711914,49.5572509765625,51.329627990722656,52.02625274658203,50.94905090332031,48.76177215576172,46.87555694580078,46.69566345214844,48.83912658691406,51.350929260253906,50.27865982055664,45.7725944519043,42.4814338684082,43.16511154174805,44.92512893676758,45.18878173828125,45.92457580566406,47.763946533203125,49.763492584228516,50.88814163208008,50.65812301635742,49.579139709472656,48.751224517822266,50.238162994384766,53.58835220336914,55.09540557861328,53.40366744995117,50.808685302734375,48.4423713684082,46.45369338989258,45.856658935546875,46.66384506225586,47.374568939208984,47.92136001586914
44.480628967285156,44.30392074584961,45.68820571899414,47.693851470947266,48.23754119873047,46.211978912353516,43.21658706665039,41.92418670654297,43.099002838134766,45.3417854309082,47.52173614501953,49.695491790771484,51.51008224487305,51.91421890258789,50.4363899230957,47.69285202026367,44.86540603637695,43.84603500366211,45.653900146484375,48.485286712646484,48.3377685546875,44.722572326660156,41.3957405090332,41.26323699951172,43.026065826416016,44.42198944091797,45.67862319946289,46.91652297973633,48.075843811035156,48.87165832519531,48.96127700805664,48.18952560424805,47.313594818115234,48.04775619506836,50.55073547363281,52.43437576293945,52.08507537841797,50.24089431762695,48.161231994628906,46.66988754272461,46.393028259277344,47.10551834106445,47.716407775878906,48.10478591918945
44.449607849121094,44.130985260009766,45.28959655761719,46.912017822265625,47.00322723388672,45.00138473510742,42.56910705566406,41.66179275512695,42.6201286315918,44.31835174560547,46.196434020996094,48.51375198364258,50.7573356628418,51.56048583984375,49.82746124267578,45.958946228027344,41.88380813598633,40.320098876953125,42.13789367675781,45.239864349365234,46.22774124145508,43.95525360107422,41.15195846557617,40.675437927246094,42.347904205322266,44.35982894897461,45.911521911621094,46.75252914428711,47.12355422973633,47.497737884521484,47.465084075927734,46.38936233520508,44.94682693481445,44.96611785888672,47.015254974365234,49.4892692565918,50.62102127075195,49.99056625366211,48.398834228515625,46.965599060058594,46.4628791809082,46.7099494934082,47.34994125366211,48.23072052001953
44.60703659057617,44.155242919921875,44.851165771484375,45.793338775634766,45.275962829589844,43.15391540527344,41.16543197631836,40.85075759887695,42.01057052612305,43.39553451538086,44.74306869506836,46.61779022216797,48.5634765625,49.556396484375,48.38201141357422,44.744422912597656,40.824798583984375,39.40821075439453,40.8709831237793,43.19417953491211,44.3946533203125,43.11595916748047,40.97939682006836,40.681671142578125,42.316654205322266,44.469478607177734,46.42378234863281,47.79397201538086,47.970890045166016,47.138832092285156,45.87557601928711,43.98988723754883,42.21393966674805,42.28904342651367,44.47134017944336,47.28369903564453,49.28227615356445,49.92051315307617,49.12958526611328,47.69161605834961,46.80540084838867,46.84560775756836,47.57904052734375,48.353363037109375
