data/wind_data/wind_Surface_36.json
{"header": {"parameterUnit": "KT", "parameterCategory": 2, "nx": 255, "ny": 198, "lo1": 44.73521041870117, "la1": -3.236724853515625, "lo2": 111.26478576660156, "la2": 43.468475341796875, "dx": 0.26192745566368103, "dy": -0.23708222806453705, "refTime": "2025-02-20 12:00:00", "forecastTime": 0, "parameterNumber": 3, "parameterNumberName": "northward_wind"}, "data":
[rows 133 to 151 of 198, columns 0 to 42 of 255]
0.6114779710769653,2.6480391025543213,4.936522483825684,7.155413627624512,9.488626480102539,11.309720039367676,13.73042106628418,15.393465995788574,15.778799057006836,15.834418296813965,14.284696578979492,12.33702278137207,13.18408203125,11.977655410766602,11.21274185180664,9.96806526184082,9.06391716003418,9.553143501281738,7.905436038970947,6.659501075744629,4.43039608001709,2.3878235816955566,1.2337685823440552,2.570638418197632,6.908373832702637,10.960837364196777,14.39814567565918,14.570131301879883,10.771034240722656,5.416687488555908,2.479679822921753,4.7262396812438965,6.739709854125977,8.400435447692871,10.582046508789062,14.27987003326416,15.502626419067383,13.410030364990234,12.093628883361816,13.194633483886719,13.192987442016602,18.01128387451172,23.656551361083984
1.9808229207992554,3.841843366622925,5.746094703674316,7.555893898010254,9.912075996398926,12.36548137664795,14.217663764953613,15.324790000915527,16.34611701965332,16.64220428466797,14.423402786254883,11.689990997314453,11.595696449279785,11.043213844299316,12.062383651733398,11.269027709960938,11.803277015686035,11.793783187866211,9.418936729431152,9.21393871307373,8.303606986999512,8.585662841796875,8.576953887939453,7.924069404602051,9.37842082977295,13.446460723876953,17.380931854248047,15.506026268005371,9.13431453704834,8.347525596618652,7.781480312347412,9.775430679321289,10.615318298339844,12.195825576782227,15.174555778503418,15.990936279296875,13.87819766998291,13.751337051391602,14.026013374328613,16.335779190063477,19.469404220581055,26.22739028930664,29.113834381103516
3.154263496398926,5.018381595611572,6.540006637573242,8.012377738952637,11.26801586151123,12.631856918334961,13.3457612991333,13.703444480895996,15.260272026062012,16.489429473876953,14.633100509643555,10.815223693847656,10.850432395935059,10.47437858581543,11.741275787353516,11.144002914428711,13.749197006225586,12.998048782348633,14.203215599060059,12.84034252166748,10.562060356140137,10.962374687194824,11.342308044433594,10.581692695617676,9.781108856201172,12.186918258666992,11.847994804382324,9.217724800109863,7.302561283111572,10.521049499511719,12.186976432800293,14.155653953552246,14.532004356384277,15.201644897460938,16.18852996826172,11.393670082092285,13.628646850585938,18.569931030273438,20.021799087524414,20.56224250793457,26.033946990966797,26.692951202392578,22.747549057006836
4.1069512367248535,6.091801166534424,7.349682331085205,8.227526664733887,9.879355430603027,10.791186332702637,11.614299774169922,12.43581771850586,14.008352279663086,13.293707847595215,12.817885398864746,10.016925811767578,10.551308631896973,10.819437026977539,11.925203323364258,12.660738945007324,14.062901496887207,13.886415481567383,15.732946395874023,13.465954780578613,10.911548614501953,10.706522941589355,11.982869148254395,13.722678184509277,11.816560745239258,11.045846939086914,8.164563179016113,5.342880725860596,7.435220241546631,11.313616752624512,15.196480751037598,16.67583656311035,17.138349533081055,17.199893951416016,14.904431343078613,8.943460464477539,14.731462478637695,20.252578735351562,22.73934555053711,22.908090591430664,21.404191970825195,17.926097869873047,16.270410537719727
4.162620544433594,5.80975341796875,7.068344593048096,8.0194673538208,8.604928016662598,9.181561470031738,10.629864692687988,11.464445114135742,10.918184280395508,7.219928741455078,9.802465438842773,9.171395301818848,10.190010070800781,10.668721199035645,10.579651832580566,11.530525207519531,12.912403106689453,13.115156173706055,14.021035194396973,12.89024543762207,11.553330421447754,10.906783103942871,12.67258071899414,14.41517448425293,11.251751899719238,10.346177101135254,9.467977523803711,6.629576206207275,8.936380386352539,13.248611450195312,14.00181770324707,13.942151069641113,14.674697875976562,15.248369216918945,11.559922218322754,9.776997566223145,15.177284240722656,18.91286849975586,20.698875427246094,19.650236129760742,14.821573257446289,12.9708890914917,13.576912879943848
2.5684423446655273,3.086372137069702,4.7040910720825195,6.420645236968994,8.705950736999512,9.56571102142334,10.648093223571777,9.84977912902832,8.052154541015625,5.974696159362793,8.88184928894043,8.840204238891602,8.9735689163208,8.815746307373047,8.956567764282227,9.087247848510742,10.359458923339844,11.607649803161621,12.840449333190918,13.35906982421875,13.184886932373047,10.899430274963379,11.598234176635742,11.025280952453613,8.118292808532715,8.403079986572266,10.244893074035645,9.877715110778809,12.926326751708984,14.986454963684082,12.984024047851562,10.604114532470703,11.33743953704834,11.042935371398926,10.201730728149414,12.394440650939941,16.175907135009766,18.28322982788086,19.538169860839844,17.180160522460938,13.786246299743652,12.562366485595703,11.94092082977295
0.7671921849250793,0.12938636541366577,1.748189926147461,3.758995532989502,5.942653656005859,8.275501251220703,10.207487106323242,8.26398754119873,7.17164945602417,8.036991119384766,8.309527397155762,6.702165603637695,6.5963969230651855,4.832744121551514,4.3756937980651855,5.67827844619751,6.986534595489502,8.965118408203125,11.247889518737793,12.596306800842285,12.970112800598145,11.07416820526123,11.028376579284668,10.759770393371582,6.787808895111084,6.2220916748046875,6.347736835479736,8.830766677856445,10.100508689880371,9.347500801086426,11.19542121887207,10.656477928161621,10.59427547454834,10.725872039794922,13.326074600219727,14.363855361938477,17.018585205078125,15.210384368896484,16.897672653198242,16.150306701660156,14.832146644592285,13.283302307128906,12.04340648651123
-0.17327246069908142,-0.2314228117465973,0.6931852102279663,1.6543068885803223,3.7159807682037354,6.99390172958374,8.809085845947266,8.017330169677734,7.695029258728027,7.535261154174805,5.258413314819336,3.594459295272827,2.500990390777588,1.7183791399002075,1.6428196430206299,2.6434109210968018,3.5638630390167236,4.958368301391602,6.317943096160889,6.587477207183838,7.490353107452393,7.600625038146973,10.056827545166016,11.254619598388672,8.015107154846191,6.97360372543335,5.106342792510986,1.6332569122314453,-1.9471397399902344,-1.336943507194519,6.50696325302124,8.594548225402832,10.776896476745605,14.302614212036133,16.704143524169922,16.096189498901367,13.437422752380371,9.50338363647461,10.734384536743164,13.376924514770508,15.04315185546875,14.430459976196289,13.755165100097656
-0.3196062743663788,1.2586894035339355,1.5900599956512451,1.2096604108810425,2.377997636795044,6.537705421447754,8.090201377868652,8.164401054382324,7.521285057067871,5.198910713195801,3.2393152713775635,1.286483883857727,-0.3822382986545563,-0.7779949903488159,0.30275529623031616,1.068986415863037,2.0554447174072266,3.546180009841919,2.9921793937683105,-0.22425249218940735,0.6869067549705505,2.363138437271118,7.048113822937012,10.5484037399292,11.146392822265625,9.757501602172852,7.607038974761963,-0.8156336545944214,-3.9055263996124268,-3.1473565101623535,0.7055640816688538,5.776524543762207,11.755142211914062,15.920162200927734,15.32087230682373,13.070284843444824,5.522035121917725,3.036363124847412,5.9792070388793945,10.310436248779297,13.849995613098145,15.941234588623047,16.305936813354492
0.5869112014770508,2.544252872467041,2.528730630874634,1.749333143234253,1.972016453742981,4.616189002990723,6.156292915344238,7.183135986328125,5.924522399902344,3.7979071140289307,1.0624648332595825,-1.9729530811309814,-5.093634128570557,-7.476881504058838,-5.346165657043457,-2.758528709411621,0.4824969172477722,3.6502420902252197,4.883633613586426,1.3744943141937256,0.5668522119522095,5.25133752822876,7.492717266082764,10.99644947052002,13.7725191116333,11.784152030944824,6.302621364593506,3.4971649646759033,3.2654635906219482,-0.06574579328298569,-2.773914337158203,1.8707952499389648,8.245662689208984,11.931071281433105,9.569003105163574,4.15503454208374,-3.0257091522216797,-0.8423208594322205,2.375359296798706,11.6215181350708,14.962969779968262,17.830230712890625,16.94309425354004
2.237995147705078,2.8648414611816406,2.5123324394226074,1.632720708847046,2.266172409057617,3.9541728496551514,5.1985321044921875,6.356164455413818,4.911896705627441,1.5335172414779663,-2.3206405639648438,-6.182145595550537,-10.901132583618164,-14.109452247619629,-12.533869743347168,-10.643882751464844,-2.5723793506622314,4.840663909912109,8.876703262329102,7.790492534637451,6.022536277770996,10.50948715209961,8.022283554077148,9.892394065856934,11.618429183959961,8.444697380065918,3.1561217308044434,4.8744001388549805,3.5617175102233887,1.1983838081359863,-0.8265038728713989,0.7230778932571411,2.882439613342285,2.707029342651367,0.04509671777486801,-4.91748571395874,-7.273375511169434,-2.927424669265747,-4.591489315032959,12.278389930725098,17.46896743774414,18.602310180664062,15.80200481414795
3.3063716888427734,2.244720458984375,3.0634424686431885,2.4895594120025635,-0.9849048852920532,0.3000670373439789,3.8152763843536377,6.075055122375488,4.206446170806885,0.41854679584503174,-2.327824115753174,-5.366669178009033,-9.492505073547363,-13.77122688293457,-16.080812454223633,-15.263298034667969,-6.932555675506592,4.981184959411621,10.94068431854248,11.996432304382324,11.809537887573242,9.320479393005371,6.951841354370117,7.830214500427246,9.16965389251709,3.4646799564361572,-0.46323585510253906,-1.4952034950256348,-1.937535285949707,-0.48301172256469727,1.4095505475997925,1.0734206438064575,0.42269837856292725,-0.7108391523361206,-2.751481533050537,-4.970125198364258,-5.3408308029174805,-4.159436225891113,-8.681349754333496,4.736541271209717,16.897476196289062,17.98505401611328,14.8377685546875
3.5125043392181396,1.200122594833374,5.155689239501953,6.18560791015625,-4.204890727996826,-4.151077747344971,-1.187708854675293,2.5926120281219482,2.7717859745025635,1.0606396198272705,0.8433582782745361,0.8407519459724426,-0.8589035272598267,-4.492280960083008,-8.716120719909668,-10.490631103515625,-7.2222723960876465,1.9606136083602905,7.647613048553467,9.81824016571045,9.727754592895508,6.525193691253662,5.459784984588623,3.6317708492279053,5.101765155792236,1.4121357202529907,-0.8967936635017395,-4.845873832702637,-5.749029159545898,-3.0365359783172607,-0.6235952973365784,-0.11811021715402603,-0.842065691947937,-3.831735372543335,-5.068099021911621,-3.914529323577881,-2.0792839527130127,-2.9079670906066895,-5.210761070251465,-1.5743725299835205,11.477120399475098,16.089496612548828,15.02087688446045
4.785065650939941,3.067624807357788,8.105704307556152,9.445415496826172,-5.072824954986572,-6.646653175354004,-5.90338659286499,-3.37176775932312,0.32437369227409363,2.5426647663116455,5.444903373718262,7.581900596618652,8.602015495300293,6.314112663269043,1.7151697874069214,-0.175577774643898,-0.4982970952987671,2.6002771854400635,7.0556840896606445,6.4888458251953125,5.523272514343262,5.98056173324585,3.1634435653686523,1.2264550924301147,2.874964475631714,2.728717088699341,2.5997846126556396,-0.09219969809055328,-0.03361247107386589,-1.4494307041168213,-2.8888838291168213,-4.064424991607666,-6.4047088623046875,-8.308004379272461,-7.117341041564941,-4.097690582275391,-1.0739777088165283,-0.9484866261482239,-0.05511848255991936,2.067270040512085,7.927372932434082,12.40364933013916,14.402924537658691
8.408196449279785,10.589366912841797,12.626258850097656,11.841713905334473,2.899171829223633,-1.9163804054260254,-2.6878321170806885,-1.8949661254882812,1.4951680898666382,4.132969856262207,7.280603885650635,10.329678535461426,12.67222785949707,11.421061515808105,8.319798469543457,7.760152339935303,6.532386302947998,6.223343372344971,8.050905227661133,6.761582374572754,5.122427463531494,6.8293867111206055,7.4616169929504395,8.372544288635254,8.375447273254395,7.73525333404541,7.708951950073242,8.566551208496094,3.614928960800171,-4.822200775146484,-6.62490177154541,-8.027945518493652,-9.464839935302734,-8.32380199432373,-6.068545818328857,-4.686199188232422,-0.7612649202346802,1.991868019104004,4.974579334259033,6.517601490020752,6.922146320343018,8.166105270385742,13.030412673950195
11.620622634887695,18.257776260375977,16.37000846862793,14.626870155334473,14.753569602966309,10.542271614074707,8.177231788635254,7.053334712982178,7.170267581939697,6.970859527587891,7.135233402252197,8.013751029968262,10.236234664916992,10.641036987304688,11.518285751342773,11.929840087890625,11.308382034301758,9.64266586303711,7.374284267425537,6.373425483703613,6.940954208374023,8.897527694702148,10.521320343017578,7.437342643737793,7.1480841636657715,8.359360694885254,8.268258094787598,3.165562868118286,-3.462641716003418,-5.359096527099609,-4.780426502227783,-4.524832725524902,-5.810075283050537,-6.28281307220459,-6.225813388824463,-8.581172943115234,-3.709256649017334,3.3219900131225586,6.352344036102295,6.014217376708984,5.277964115142822,7.5643086433410645,13.440048217773438
10.964156150817871,16.951509475708008,16.48708724975586,15.977704048156738,18.619050979614258,17.15782356262207,15.351303100585938,12.98930835723877,12.357242584228516,11.542866706848145,10.14526081085205,7.869694709777832,7.396163463592529,7.134067535400391,9.193768501281738,11.802376747131348,12.786906242370605,11.300227165222168,7.568933010101318,6.640361309051514,6.666469573974609,6.059365272521973,4.7403364181518555,0.8602960109710693,2.4052069187164307,-0.5224974155426025,-1.7700321674346924,-6.511443138122559,-5.539056777954102,-2.658437728881836,-2.4793455600738525,-3.6848742961883545,-4.9818010330200195,-5.060528755187988,-5.749203681945801,-7.3423004150390625,-3.558471918106079,3.912604331970215,4.667932510375977,5.283051013946533,7.030147075653076,10.540657043457031,14.001943588256836
6.834258079528809,7.950260639190674,13.217900276184082,17.385509490966797,18.82756996154785,18.243104934692383,15.37759780883789,13.05760383605957,15.43265151977539,13.48892879486084,12.86977767944336,14.162005424499512,10.123160362243652,8.105057716369629,7.855093479156494,9.377188682556152,10.534934043884277,8.977029800415039,8.028118133544922,8.367216110229492,6.298254013061523,1.6374024152755737,-0.45148807764053345,0.7800225615501404,-0.6447245478630066,-5.668615341186523,-6.356205463409424,-5.157180309295654,-3.661271095275879,-3.714400053024292,-4.230281829833984,-4.60466194152832,-4.284006595611572,-3.6344411373138428,-2.345249652862549,-1.989180088043213,0.521409809589386,3.7071330547332764,3.5752007961273193,5.630723476409912,8.835824966430664,11.619928359985352,13.196236610412598
3.4280457496643066,0.6472872495651245,8.978378295898438,16.949588775634766,18.70632553100586,15.760968208312988,11.406889915466309,10.867984771728516,15.592899322509766,13.36286735534668,14.422592163085938,17.337915420532227,13.872577667236328,11.707311630249023,9.473100662231445,8.443414688110352,8.286735534667969,7.537558555603027,8.41343879699707,5.938745975494385,2.890690326690674,-0.18297256529331207,-3.362215280532837,-2.4455254077911377,-4.358425140380859,-4.781861782073975,-4.597893714904785,-4.625411510467529,-4.164079666137695,-2.836610794067383,-2.469205141067505,-2.617492437362671,-1.807442307472229,-0.32338109612464905,1.192778468132019,0.381221204996109,0.8943408131599426,1.4991849660873413,2.190403461456299,3.903062343597412,6.282703399658203,8.433079719543457,10.823129653930664
