data/wind_data/wind_42_2.json
{"header": {"parameterUnit": "KT", "parameterCategory": 2, "nx": 256, "ny": 198, "lo1": 44.73521041870117, "la1": -3.236724853515625, "lo2": 111.26478576660156, "la2": 43.468475341796875, "dx": 0.2609002888202667, "dy": -0.23708222806453705, "refTime": "2025-02-20 18:00:00", "forecastTime": 0, "parameterNumber": 2, "parameterNumberName": "eastward_wind"}, "data":
[rows 38 to 56 of 198, columns 0 to 42 of 256]
-18.530948638916016,-18.283599853515625,-17.97264862060547,-18.499038696289062,-18.722257614135742,-14.554587364196777,-13.419804573059082,-13.568056106567383,-13.001582145690918,-13.026849746704102,-14.298017501831055,-16.14578628540039,-16.741107940673828,-16.250513076782227,-15.3054838180542,-15.055665969848633,-15.959554672241211,-16.64100456237793,-15.70727252960205,-14.897741317749023,-15.96922492980957,-17.509632110595703,-17.54697608947754,-16.455801010131836,-15.479009628295898,-14.761870384216309,-14.296893119812012,-14.528359413146973,-14.803202629089355,-14.655735969543457,-13.540380477905273,-11.363567352294922,-10.448312759399414,-10.662297248840332,-9.730192184448242,-12.711657524108887,-13.163278579711914,-10.595245361328125,-10.822968482971191,-11.780014991760254,-12.834580421447754,-12.578641891479492,-12.449491500854492
-17.558332443237305,-17.66510009765625,-17.78815460205078,-18.56262969970703,-19.133682250976562,-15.333076477050781,-13.952652931213379,-12.97115421295166,-11.48583698272705,-11.834617614746094,-13.16716194152832,-15.072032928466797,-16.433834075927734,-17.161108016967773,-16.62789535522461,-15.98862075805664,-16.26137351989746,-16.491487503051758,-16.052804946899414,-15.78081226348877,-16.0932674407959,-16.137588500976562,-15.484421730041504,-15.05581283569336,-14.68970775604248,-14.027901649475098,-13.334388732910156,-13.990650177001953,-15.046095848083496,-14.457180976867676,-13.425609588623047,-11.659890174865723,-10.675382614135742,-11.157182693481445,-10.852564811706543,-11.660938262939453,-12.499775886535645,-10.2914457321167,-9.762633323669434,-10.007630348205566,-10.939414978027344,-11.79649829864502,-11.450900077819824
-14.99685001373291,-16.111934661865234,-16.829771041870117,-17.7686767578125,-18.46730613708496,-14.926986694335938,-12.961316108703613,-11.9713716506958,-11.6453275680542,-13.21160888671875,-14.403536796569824,-15.424363136291504,-16.29787826538086,-17.22368049621582,-17.088199615478516,-16.337387084960938,-15.917614936828613,-16.294897079467773,-16.870759963989258,-16.64344024658203,-15.539987564086914,-14.983322143554688,-15.005492210388184,-14.827882766723633,-14.239221572875977,-14.036762237548828,-13.750529289245605,-14.015968322753906,-15.290760040283203,-14.615883827209473,-13.176952362060547,-12.467992782592773,-11.963189125061035,-11.49632453918457,-12.52682876586914,-11.159058570861816,-9.767607688903809,-10.939766883850098,-12.576308250427246,-13.93122673034668,-14.087983131408691,-13.363903999328613,-11.706732749938965
-13.808846473693848,-14.581822395324707,-15.99643611907959,-16.983591079711914,-17.865877151489258,-16.27027130126953,-15.377158164978027,-14.183731079101562,-13.554393768310547,-14.611115455627441,-15.167641639709473,-15.473481178283691,-15.126340866088867,-14.510222434997559,-14.116437911987305,-13.75289535522461,-14.084789276123047,-15.155848503112793,-16.10995864868164,-16.13355255126953,-15.292152404785156,-14.907611846923828,-15.041389465332031,-14.319170951843262,-13.84764575958252,-14.272701263427734,-14.691330909729004,-13.989273071289062,-15.646811485290527,-15.71088981628418,-13.119860649108887,-11.671130180358887,-13.982564926147461,-13.952534675598145,-12.911520004272461,-11.348897933959961,-8.565102577209473,-11.541962623596191,-15.333791732788086,-15.366942405700684,-16.44664764404297,-15.299389839172363,-9.83024787902832
-14.323440551757812,-14.679288864135742,-16.458629608154297,-18.118518829345703,-19.169523239135742,-18.658830642700195,-18.85346221923828,-18.286666870117188,-17.783002853393555,-16.79094123840332,-14.974632263183594,-13.493310928344727,-11.98489761352539,-9.965544700622559,-8.857681274414062,-9.271080017089844,-11.563334465026855,-13.525595664978027,-14.3962984085083,-15.15012264251709,-15.133200645446777,-14.889915466308594,-14.514272689819336,-13.960295677185059,-14.78774356842041,-15.516162872314453,-15.043130874633789,-14.37611198425293,-15.085996627807617,-14.938882827758789,-12.963849067687988,-10.693098068237305,-12.414213180541992,-13.425732612609863,-9.853116989135742,-10.399299621582031,-10.956826210021973,-11.834539413452148,-14.047581672668457,-16.473608016967773,-18.138286590576172,-14.08332633972168,-9.990355491638184
-15.066823959350586,-15.382762908935547,-16.960765838623047,-18.707216262817383,-18.57491111755371,-17.83760643005371,-17.932579040527344,-15.982934951782227,-16.072494506835938,-15.034738540649414,-14.34047794342041,-11.816972732543945,-8.428744316101074,-6.47241735458374,-7.374887943267822,-9.894424438476562,-12.726049423217773,-13.618170738220215,-13.84439754486084,-14.97909164428711,-15.16566276550293,-14.646672248840332,-13.85287857055664,-13.66009521484375,-14.827934265136719,-15.82583236694336,-14.554372787475586,-14.606969833374023,-14.84290885925293,-14.573525428771973,-13.770371437072754,-11.9229154586792,-9.491110801696777,-10.085893630981445,-11.458414077758789,-12.722867012023926,-14.293190002441406,-11.340930938720703,-10.279791831970215,-16.13023567199707,-16.260770797729492,-11.6255464553833,-11.26330280303955
-14.9365816116333,-15.857101440429688,-16.405193328857422,-16.76187515258789,-15.371865272521973,-13.293506622314453,-12.76567268371582,-8.858255386352539,-7.988441467285156,-6.798255443572998,-6.080043315887451,-5.436494827270508,-4.776402473449707,-6.424182891845703,-10.606045722961426,-14.38650894165039,-15.856736183166504,-15.593253135681152,-15.061293601989746,-15.034236907958984,-15.060680389404297,-14.018635749816895,-13.05401611328125,-13.087651252746582,-13.12531852722168,-14.082548141479492,-14.215471267700195,-14.465441703796387,-14.269624710083008,-13.629402160644531,-12.847586631774902,-11.602241516113281,-10.36868667602539,-10.697203636169434,-11.943108558654785,-13.50978946685791,-13.674833297729492,-12.223249435424805,-10.425551414489746,-12.385869026184082,-13.378576278686523,-12.16635799407959,-13.586424827575684
-13.657896041870117,-16.004528045654297,-16.027685165405273,-15.92092227935791,-14.520185470581055,-11.724711418151855,-10.571552276611328,-6.919307708740234,-5.288792133331299,-5.3948822021484375,-7.43941068649292,-10.295980453491211,-9.695889472961426,-10.610037803649902,-16.08064842224121,-19.254817962646484,-17.995702743530273,-16.289236068725586,-15.53359317779541,-15.077470779418945,-14.899463653564453,-13.66636848449707,-12.293112754821777,-12.187273979187012,-12.18779182434082,-13.412834167480469,-14.464498519897461,-14.979442596435547,-13.83538818359375,-12.648919105529785,-13.143697738647461,-13.529062271118164,-12.958349227905273,-13.295125961303711,-13.337553977966309,-13.636470794677734,-13.6641845703125,-13.801060676574707,-13.54919719696045,-11.886475563049316,-11.658781051635742,-14.502158164978027,-14.408352851867676
-11.765783309936523,-13.295936584472656,-14.245444297790527,-16.14021873474121,-15.930709838867188,-12.704221725463867,-9.676582336425781,-5.914462089538574,-3.2119734287261963,-5.593753814697266,-10.29291820526123,-13.566710472106934,-14.961053848266602,-19.008005142211914,-21.364540100097656,-18.607866287231445,-14.789305686950684,-13.863852500915527,-14.455196380615234,-14.634952545166016,-14.3898286819458,-13.55602741241455,-12.169864654541016,-12.103495597839355,-11.703685760498047,-12.293622016906738,-13.843301773071289,-14.4241304397583,-13.130571365356445,-10.93368148803711,-11.647544860839844,-13.246335983276367,-13.292122840881348,-14.859485626220703,-14.747118949890137,-13.35326099395752,-11.586267471313477,-9.05814266204834,-11.05091381072998,-14.427732467651367,-13.304503440856934,-12.49021053314209,-14.534318923950195
-9.914728164672852,-10.856992721557617,-11.476078987121582,-13.784528732299805,-15.635366439819336,-13.859441757202148,-11.029751777648926,-9.098346710205078,-6.175434112548828,-6.681270599365234,-11.933701515197754,-15.776754379272461,-19.100666046142578,-19.983741760253906,-15.794130325317383,-9.49186897277832,-8.08055305480957,-12.044534683227539,-14.444247245788574,-14.3756103515625,-13.92275333404541,-13.302913665771484,-12.1699800491333,-11.395812034606934,-10.915338516235352,-11.233987808227539,-12.93045425415039,-12.943841934204102,-13.041227340698242,-13.31943130493164,-13.558550834655762,-14.440241813659668,-15.459946632385254,-14.020539283752441,-12.84046745300293,-12.216459274291992,-11.69743537902832,-9.673877716064453,-12.760414123535156,-13.523728370666504,-13.2791109085083,-14.508482933044434,-13.5908784866333
-7.815011978149414,-9.68657398223877,-10.504408836364746,-11.673322677612305,-13.291190147399902,-10.944391250610352,-8.766766548156738,-7.443122386932373,-7.248655319213867,-7.070842266082764,-12.187886238098145,-15.525498390197754,-16.939455032348633,-13.828180313110352,-8.263293266296387,-6.706722259521484,-8.545448303222656,-11.220885276794434,-13.437602043151855,-14.030363082885742,-13.425802230834961,-12.845240592956543,-12.003019332885742,-11.145478248596191,-10.956518173217773,-11.513041496276855,-13.273719787597656,-12.478559494018555,-11.85219669342041,-13.563275337219238,-13.573915481567383,-12.291864395141602,-12.590153694152832,-11.129240036010742,-8.726490020751953,-8.622905731201172,-10.726115226745605,-9.983782768249512,-11.635370254516602,-11.527424812316895,-10.69629192352295,-13.451498985290527,-15.159071922302246
-5.574832916259766,-7.2617268562316895,-7.726070880889893,-8.015421867370605,-10.252811431884766,-7.612246513366699,-4.736402988433838,-3.2197325229644775,-4.958797931671143,-7.556583881378174,-7.08966064453125,-13.065319061279297,-14.577017784118652,-13.551368713378906,-12.127189636230469,-10.668999671936035,-10.282156944274902,-10.928272247314453,-11.654518127441406,-12.860580444335938,-13.304774284362793,-12.839019775390625,-12.292789459228516,-11.545332908630371,-11.20536994934082,-12.577347755432129,-14.240684509277344,-13.143312454223633,-12.434225082397461,-14.183826446533203,-14.005844116210938,-12.85400676727295,-13.630066871643066,-13.574609756469727,-9.995270729064941,-7.562089920043945,-12.255609512329102,-14.1616849899292,-10.236005783081055,-9.620713233947754,-10.312566757202148,-14.058836936950684,-15.444879531860352
-4.149367809295654,-3.3406260013580322,-2.762878656387329,-2.9537341594696045,-4.4171624183654785,-3.469296932220459,-1.9173942804336548,-0.7520164847373962,-1.8513436317443848,-3.1062536239624023,-3.724224328994751,-11.13508415222168,-19.989091873168945,-21.228750228881836,-20.57389259338379,-17.529712677001953,-13.218501091003418,-9.910447120666504,-9.734565734863281,-12.058964729309082,-13.023536682128906,-12.719526290893555,-12.573129653930664,-12.237114906311035,-12.250768661499023,-13.967314720153809,-14.218538284301758,-12.650797843933105,-11.239179611206055,-12.333670616149902,-13.700456619262695,-13.419819831848145,-12.588395118713379,-10.31939697265625,-9.546462059020996,-11.706402778625488,-13.633888244628906,-13.702265739440918,-12.49763011932373,-11.532963752746582,-11.162856101989746,-12.078861236572266,-14.0429105758667
-6.193827152252197,-1.804017424583435,-0.16062228381633759,0.6708182096481323,1.3152656555175781,1.4823042154312134,0.9059119820594788,0.008452273905277252,1.9402852058410645,1.7024537324905396,-8.127447128295898,-15.078277587890625,-19.234142303466797,-20.185396194458008,-19.73389434814453,-17.19498634338379,-13.179651260375977,-9.74763298034668,-10.960884094238281,-13.379920959472656,-13.09303092956543,-12.343609809875488,-12.07289981842041,-12.165485382080078,-11.84050464630127,-12.398045539855957,-11.987480163574219,-9.919768333435059,-9.07473087310791,-14.020811080932617,-14.114917755126953,-12.241622924804688,-11.913847923278809,-10.956194877624512,-10.163924217224121,-10.316789627075195,-12.350770950317383,-11.298787117004395,-11.603673934936523,-12.646756172180176,-12.073405265808105,-12.267020225524902,-12.534505844116211
-2.9373271465301514,-0.23016035556793213,-1.1839873790740967,-0.49019569158554077,4.077992916107178,2.650916337966919,0.39189088344573975,-4.837252616882324,-5.186351299285889,-2.3407349586486816,-9.816034317016602,-10.894159317016602,-11.852818489074707,-13.628741264343262,-14.228202819824219,-14.819811820983887,-14.595090866088867,-13.780064582824707,-13.700908660888672,-14.907671928405762,-13.471168518066406,-12.065841674804688,-11.109869003295898,-10.605605125427246,-10.123858451843262,-10.473637580871582,-9.970651626586914,-10.262078285217285,-10.995949745178223,-11.413393020629883,-9.983416557312012,-8.36508560180664,-9.260162353515625,-10.141134262084961,-8.621674537658691,-10.247057914733887,-11.575319290161133,-12.889020919799805,-13.381536483764648,-12.618149757385254,-11.383520126342773,-11.65617561340332,-11.647934913635254
-4.395438194274902,-4.45653772354126,-3.1708569526672363,-2.4336624145507812,0.6842641830444336,-2.4541540145874023,-6.6471991539001465,-9.020357131958008,-6.004514694213867,-3.4303572177886963,-5.88377046585083,-4.953780651092529,-1.5732786655426025,-3.2766919136047363,-5.963965892791748,-8.506269454956055,-12.454930305480957,-14.405390739440918,-12.476370811462402,-11.569670677185059,-13.134032249450684,-12.592511177062988,-11.11744213104248,-9.217061042785645,-8.435924530029297,-8.490399360656738,-8.391779899597168,-8.645095825195312,-9.981281280517578,-10.476027488708496,-8.689935684204102,-9.27987003326416,-11.105128288269043,-11.414880752563477,-10.260147094726562,-9.73605728149414,-11.445127487182617,-13.299173355102539,-13.372814178466797,-11.617901802062988,-9.946714401245117,-11.222933769226074,-11.992036819458008
-6.167606830596924,-6.50076150894165,-6.357316017150879,-6.188726425170898,-5.725456714630127,-9.928025245666504,-10.52431583404541,-6.891176223754883,-6.758261203765869,-6.137217044830322,-4.1313557624816895,-5.375279903411865,-5.291640758514404,-4.868251323699951,-5.16964054107666,-8.253825187683105,-11.280071258544922,-10.352534294128418,-7.847180366516113,-5.8595099449157715,-6.370748519897461,-9.933520317077637,-10.933220863342285,-8.987907409667969,-7.306763172149658,-7.328091144561768,-7.710212707519531,-8.557695388793945,-9.611224174499512,-9.22672176361084,-9.110010147094727,-10.474650382995605,-12.097556114196777,-10.851552963256836,-9.852865219116211,-9.994077682495117,-10.025538444519043,-10.42676830291748,-11.682279586791992,-12.387711524963379,-12.155284881591797,-10.601134300231934,-11.353156089782715
-7.478776931762695,-7.964432716369629,-8.201071739196777,-8.26430606842041,-8.237076759338379,-10.745003700256348,-10.57737922668457,-10.567305564880371,-13.184698104858398,-14.965713500976562,-12.963944435119629,-10.794002532958984,-11.608320236206055,-11.526533126831055,-11.695518493652344,-11.68271255493164,-10.327961921691895,-7.059646129608154,-1.916070818901062,-1.2374898195266724,-6.311567783355713,-9.599699974060059,-12.302973747253418,-11.372623443603516,-9.100311279296875,-7.495121479034424,-8.323183059692383,-8.858983993530273,-9.507829666137695,-9.589615821838379,-10.788131713867188,-12.139283180236816,-11.51150894165039,-10.736652374267578,-10.602593421936035,-10.78862190246582,-9.439244270324707,-8.23244857788086,-12.187416076660156,-11.005610466003418,-11.522527694702148,-12.066913604736328,-12.115367889404297
-8.277353286743164,-8.63653564453125,-8.529487609863281,-7.802289962768555,-6.608395099639893,-8.912476539611816,-9.231548309326172,-8.538653373718262,-10.133600234985352,-12.528295516967773,-14.269831657409668,-13.66391372680664,-12.573262214660645,-12.678827285766602,-12.6829252243042,-12.80007553100586,-13.46502685546875,-10.897377014160156,-4.789480686187744,-3.6554484367370605,-10.571969985961914,-10.710110664367676,-10.698126792907715,-11.649666786193848,-11.83620548248291,-9.449448585510254,-8.442007064819336,-8.805891036987305,-9.714670181274414,-11.114645957946777,-12.68905258178711,-12.301474571228027,-10.836921691894531,-10.870783805847168,-11.066434860229492,-11.130560874938965,-10.698529243469238,-10.545572280883789,-11.065934181213379,-11.675312995910645,-11.263182640075684,-10.85460376739502,-12.412951469421387
