data/wind_data/wind_19_2.json
{"header": {"parameterUnit": "KT", "parameterCategory": 2, "nx": 256, "ny": 198, "lo1": 44.73521041870117, "la1": -3.236724853515625, "lo2": 111.26478576660156, "la2": 43.468475341796875, "dx": 0.2609002888202667, "dy": -0.23708222806453705, "refTime": "2025-02-19 19:00:00", "forecastTime": 0, "parameterNumber": 2, "parameterNumberName": "eastward_wind"}, "data":
[rows 133 to 151 of 198, columns 172 to 214 of 256]
5.407291889190674,7.031593322753906,3.3735735416412354,7.016147613525391,6.396806240081787,3.5033013820648193,0.7003434896469116,-1.0396502017974854,1.4960150718688965,6.06973123550415,9.037858963012695,9.862448692321777,5.0257110595703125,1.4000318050384521,2.358276605606079,-1.4758204221725464,-0.8749857544898987,-0.36163023114204407,1.3026148080825806,2.6613929271698,-0.950299084186554,1.733032464981079,6.2881340980529785,10.751429557800293,14.343607902526855,18.39425277709961,22.499385833740234,26.906469345092773,31.06473159790039,31.10086441040039,31.45908546447754,36.78726577758789,39.02363204956055,34.56657409667969,38.36316680908203,24.68581199645996,12.601099967956543,17.290157318115234,26.004899978637695,30.638717651367188,33.46025848388672,37.34652328491211,45.036842346191406
9.32267951965332,8.980491638183594,4.944639205932617,7.296066761016846,3.755375862121582,2.7778570652008057,1.6144953966140747,2.3151543140411377,3.6573705673217773,7.324769020080566,10.92310905456543,11.012890815734863,6.22612190246582,2.112726926803589,2.473825216293335,4.354290962219238,2.4584574699401855,1.1790679693222046,2.95158314704895,4.046113014221191,5.598731994628906,8.935260772705078,10.462270736694336,11.066703796386719,12.757378578186035,15.490106582641602,18.319807052612305,23.7063045501709,29.456472396850586,33.8837890625,38.48548889160156,39.678955078125,33.04615783691406,29.290891647338867,34.521244049072266,29.191553115844727,13.461036682128906,14.369946479797363,25.05008888244629,32.67211151123047,35.59013366699219,37.408729553222656,39.1920051574707
4.623630046844482,3.247974395751953,3.868274211883545,7.035617351531982,9.48582649230957,5.795642852783203,1.8028414249420166,2.2665653228759766,3.994908332824707,6.6193084716796875,4.795383453369141,2.430623769760132,1.4978621006011963,1.8376883268356323,1.3368374109268188,0.8664590716362,1.749618649482727,3.14760160446167,4.306634426116943,5.49043083190918,7.461160659790039,7.771525859832764,7.030600070953369,7.881415367126465,10.970495223999023,14.990519523620605,18.2547550201416,21.403709411621094,25.607521057128906,29.339229583740234,34.32429122924805,32.24331283569336,25.797197341918945,27.688339233398438,32.2074089050293,29.633989334106445,17.577402114868164,19.898916244506836,27.99928092956543,33.23532485961914,35.69910430908203,33.802696228027344,38.503265380859375
-0.3161134421825409,0.6084722280502319,4.974468231201172,9.2322998046875,10.050296783447266,3.6383731365203857,5.96622896194458,11.587233543395996,14.316414833068848,14.045746803283691,7.8523850440979,1.861411690711975,1.648952603340149,1.8861339092254639,1.9501769542694092,2.5116240978240967,2.876582622528076,3.917574644088745,6.0664191246032715,7.241462707519531,7.6226606369018555,8.77419662475586,9.441768646240234,11.099272727966309,14.145508766174316,18.198335647583008,21.363941192626953,22.518415451049805,21.28571891784668,25.203142166137695,26.410137176513672,25.073841094970703,27.158292770385742,29.206684112548828,28.175378799438477,24.64205551147461,19.805885314941406,23.811573028564453,27.566158294677734,29.38370704650879,31.10071563720703,30.302452087402344,34.47113037109375
3.1653950214385986,5.9706010818481445,8.93288803100586,11.876076698303223,13.744969367980957,16.472936630249023,16.972877502441406,12.758387565612793,9.597618103027344,8.309589385986328,4.572387218475342,3.027571201324463,3.229212522506714,2.2847278118133545,2.5646376609802246,2.2196831703186035,2.5319433212280273,4.75377893447876,5.751908302307129,6.151834011077881,6.472723960876465,7.930373191833496,10.696533203125,14.113632202148438,15.533207893371582,17.228424072265625,18.134815216064453,17.92708396911621,18.743988037109375,19.194665908813477,19.145952224731445,19.405982971191406,21.44448471069336,25.525388717651367,23.830259323120117,18.896812438964844,18.055084228515625,20.837182998657227,22.51523780822754,22.543521881103516,24.4892578125,24.617094039916992,29.307357788085938
10.644123077392578,12.988773345947266,16.59026527404785,18.03695297241211,16.105384826660156,12.084973335266113,7.974026203155518,3.2599637508392334,1.9875160455703735,2.3011302947998047,2.8728630542755127,3.963416576385498,1.1334655284881592,-0.45196419954299927,1.822209358215332,1.5037246942520142,1.5989224910736084,4.974884033203125,6.037329196929932,8.122896194458008,8.678985595703125,8.562762260437012,9.924378395080566,11.578469276428223,13.182768821716309,13.798359870910645,12.976654052734375,11.08060073852539,11.99854564666748,11.060226440429688,11.770730018615723,10.866669654846191,12.779959678649902,17.39682388305664,18.812292098999023,16.195486068725586,13.167375564575195,14.335016250610352,16.090593338012695,15.72655963897705,17.73859214782715,19.49595832824707,23.57014274597168
15.888469696044922,17.933151245117188,19.20372772216797,17.436168670654297,12.56355094909668,6.486024379730225,2.640016555786133,1.6483885049819946,1.5607000589370728,1.8444647789001465,3.3820648193359375,-2.2413716316223145,-3.542361259460449,0.26528018712997437,1.8689920902252197,2.0454792976379395,3.0247886180877686,5.510034561157227,8.249014854431152,9.703062057495117,10.634613037109375,11.749279975891113,12.809910774230957,14.785236358642578,14.902371406555176,14.100594520568848,12.845213890075684,8.209574699401855,6.854304790496826,10.017049789428711,11.394783020019531,8.199323654174805,7.305397987365723,9.477038383483887,9.48235034942627,10.682324409484863,6.89979887008667,6.909158229827881,8.594781875610352,12.547764778137207,14.736190795898438,17.707382202148438,17.800296783447266
18.798498153686523,20.481800079345703,18.890380859375,15.629633903503418,10.495957374572754,2.555671453475952,0.6980771422386169,2.421408176422119,2.8416547775268555,2.802560806274414,1.1312153339385986,-1.0292755365371704,1.0402469635009766,4.083269119262695,6.161623954772949,6.317566871643066,5.0457305908203125,5.973714828491211,8.5966157913208,10.127772331237793,9.983860969543457,11.331336975097656,14.249520301818848,15.992085456848145,15.34605598449707,14.627599716186523,15.925217628479004,16.1422119140625,12.651422500610352,10.834036827087402,10.577715873718262,11.405437469482422,11.756301879882812,12.682206153869629,12.542176246643066,12.447990417480469,9.972379684448242,7.027497291564941,6.112890243530273,7.099911689758301,8.64323902130127,11.68989372253418,12.686858177185059
18.57493019104004,17.2802734375,13.580201148986816,11.16396713256836,4.942689895629883,-0.3360916078090668,1.2510969638824463,3.2930567264556885,2.951540231704712,2.469273328781128,1.3642561435699463,2.636955738067627,4.8578948974609375,7.23907995223999,7.2338337898254395,5.909463882446289,6.329257965087891,8.324623107910156,10.501176834106445,10.9729642868042,11.998257637023926,13.156228065490723,14.690364837646484,15.736042022705078,14.364547729492188,12.45710277557373,11.704263687133789,13.93360710144043,15.081806182861328,15.273744583129883,14.776144981384277,13.94143009185791,14.47529125213623,15.297385215759277,13.191214561462402,10.404487609863281,7.332518100738525,4.662421703338623,5.12822961807251,6.2850751876831055,7.496366500854492,9.744388580322266,10.517915725708008
13.565768241882324,12.034929275512695,9.501221656799316,5.021198272705078,-1.834244966506958,-1.6404333114624023,-0.7458614110946655,-0.7281811237335205,2.0954761505126953,3.6333987712860107,2.2936851978302,1.8747401237487793,4.123444557189941,4.311842441558838,3.220257520675659,3.5875630378723145,5.809114933013916,8.591450691223145,10.180673599243164,10.603903770446777,12.279228210449219,14.499897003173828,16.0801944732666,16.356374740600586,15.243953704833984,14.590164184570312,13.284357070922852,13.428045272827148,14.751998901367188,16.039304733276367,16.634611129760742,14.962370872497559,14.771857261657715,14.537814140319824,11.17239761352539,6.969027519226074,3.902942419052124,1.2938517332077026,1.5408668518066406,2.4222452640533447,3.431760787963867,3.374191999435425,6.812906265258789
12.095989227294922,8.743973731994629,3.96880841255188,0.3652231693267822,0.3809381127357483,0.29171738028526306,-0.8336236476898193,-1.7946735620498657,-3.3313257694244385,-5.405346393585205,-5.57145881652832,-4.227003574371338,-3.099975109100342,-2.4249587059020996,-1.1659739017486572,0.34590351581573486,2.1267147064208984,3.895540237426758,5.403892993927002,7.596403121948242,10.688814163208008,13.806729316711426,15.351997375488281,16.459970474243164,16.718971252441406,15.831615447998047,15.321721076965332,15.733640670776367,16.230566024780273,17.886253356933594,16.227516174316406,14.701770782470703,16.863344192504883,16.36394691467285,10.661104202270508,7.281993865966797,3.226306676864624,-0.11708575487136841,-1.407100796699524,-2.7103490829467773,-1.011154055595398,4.157433986663818,3.863117218017578
2.595001220703125,1.383636474609375,0.0866956114768982,-2.7681987285614014,-7.0662312507629395,-9.961160659790039,-11.916985511779785,-11.311430931091309,-8.954732894897461,-3.9089114665985107,-0.20345494151115417,-0.679366946220398,-0.9268020391464233,-0.8039385676383972,-0.9665439128875732,0.2638317048549652,1.2910152673721313,2.9858028888702393,5.299063682556152,7.825791358947754,10.207666397094727,12.212592124938965,14.055004119873047,16.389915466308594,17.5561580657959,16.897022247314453,17.328489303588867,19.596811294555664,21.287677764892578,21.934825897216797,17.22899055480957,14.568899154663086,15.543785095214844,14.236083030700684,9.024370193481445,6.306357383728027,2.403136968612671,2.43377685546875,3.1548423767089844,3.3013052940368652,4.832108020782471,2.8679189682006836,-1.7639429569244385
-7.516936302185059,-5.852161884307861,-3.8567442893981934,-5.912315368652344,-9.991888046264648,-13.554513931274414,-14.423796653747559,-9.665133476257324,-2.9788074493408203,1.1203032732009888,0.038366980850696564,-1.0679200887680054,-0.9071837067604065,0.04140891879796982,1.7198474407196045,4.11718225479126,5.608323574066162,5.830066680908203,7.581891059875488,10.77354621887207,12.744282722473145,12.570128440856934,13.65822982788086,15.68761157989502,16.912508010864258,16.432214736938477,17.26219940185547,20.774913787841797,22.09559440612793,19.9210262298584,18.34814453125,19.56072425842285,18.597007751464844,11.349128723144531,3.6448681354522705,3.4313583374023438,7.04624605178833,2.644322633743286,-3.0287435054779053,-3.9631149768829346,-2.647395372390747,-1.1226685047149658,-2.2995667457580566
-9.818300247192383,-9.092185974121094,-8.709967613220215,-5.354146957397461,-3.578561305999756,-3.0936172008514404,-4.153328895568848,-7.828239440917969,-4.5298051834106445,-2.2307727336883545,-1.4465447664260864,-0.27629542350769043,2.0342774391174316,4.310371398925781,5.61720085144043,7.509925365447998,9.529465675354004,10.403792381286621,11.34224796295166,13.47725772857666,15.305174827575684,16.602575302124023,18.360462188720703,20.478038787841797,20.466413497924805,18.45423126220703,17.479127883911133,18.330341339111328,16.45946502685547,14.892125129699707,16.583925247192383,20.793106079101562,10.270012855529785,2.752462387084961,5.527478218078613,8.825613975524902,14.333405494689941,7.735981464385986,-0.683882474899292,-3.616225242614746,-4.114464282989502,-3.666659355163574,-3.5419535636901855
-15.150299072265625,-12.47346019744873,-8.21977424621582,-3.291490316390991,0.5140403509140015,3.2318034172058105,1.389680027961731,-2.552617073059082,-0.3393222391605377,1.4132261276245117,3.133880615234375,4.311923503875732,5.214658737182617,6.245370388031006,7.545173645019531,8.758583068847656,10.839276313781738,12.940364837646484,14.55741024017334,16.501012802124023,19.296588897705078,22.076778411865234,24.412376403808594,27.20694351196289,26.8381404876709,23.25773811340332,19.53373908996582,16.366846084594727,13.086716651916504,10.11506175994873,8.83227825164795,2.8959789276123047,-0.6737470626831055,4.100834846496582,11.68912124633789,15.342679977416992,18.30805778503418,8.315163612365723,-0.6806068420410156,-3.6496715545654297,-4.89321231842041,-4.752777099609375,-3.1083977222442627
-11.709526062011719,-9.4210786819458,-6.659966468811035,-4.41010856628418,-1.8538998365402222,0.9928140640258789,-0.7641814351081848,-0.583309531211853,2.1583454608917236,3.915905475616455,4.20857572555542,4.677793502807617,6.020825386047363,7.158710956573486,8.856975555419922,8.703520774841309,9.588016510009766,12.20962142944336,14.779356002807617,17.72001075744629,21.483478546142578,24.25103187561035,25.71828842163086,27.765575408935547,27.22462272644043,23.75469398498535,19.430530548095703,15.123831748962402,14.311052322387695,12.591399192810059,5.719674587249756,-2.1987366676330566,-1.2741495370864868,4.224915027618408,11.06826114654541,15.298678398132324,10.249177932739258,1.6392366886138916,-2.8165791034698486,-4.388876914978027,-4.705752849578857,-3.4496724605560303,-2.2994751930236816
-9.596141815185547,-10.019749641418457,-8.149785995483398,-5.724512577056885,-4.254080772399902,-2.2543277740478516,-0.14502358436584473,0.9000097513198853,3.1174933910369873,4.416384220123291,4.678743839263916,5.036001205444336,6.703982830047607,8.519733428955078,11.079288482666016,9.703032493591309,8.01079273223877,11.069107055664062,15.759293556213379,19.860233306884766,23.040468215942383,25.04528045654297,25.798112869262695,26.38924789428711,25.402790069580078,22.855268478393555,21.18475914001465,18.008790969848633,13.935558319091797,13.18582820892334,8.221451759338379,2.060100793838501,0.5044440627098083,1.376573085784912,3.7715518474578857,2.7194454669952393,0.28396880626678467,0.20382994413375854,-1.8916113376617432,-3.3474650382995605,-3.2292518615722656,-1.3063554763793945,-0.2812187671661377
-6.705270767211914,-6.963198184967041,-5.327179431915283,-2.9844629764556885,-2.647210121154785,-1.673967957496643,0.4588475823402405,2.4456565380096436,4.315351486206055,5.471093654632568,6.446985721588135,7.5430588722229,9.148776054382324,11.020115852355957,12.961143493652344,12.64612102508545,11.926542282104492,14.523019790649414,18.16048812866211,20.621492385864258,22.28359031677246,24.026742935180664,24.839746475219727,24.175479888916016,23.25623893737793,23.637075424194336,24.020675659179688,21.99237823486328,15.037877082824707,13.302748680114746,14.960912704467773,10.051408767700195,4.779807090759277,2.421133518218994,1.770185112953186,1.9552273750305176,2.246199131011963,2.4155216217041016,1.2758512496948242,-0.24682791531085968,-0.37269482016563416,1.3377443552017212,2.5541317462921143
-1.6453936100006104,-2.1681103706359863,-0.8712893724441528,-0.42874962091445923,-0.8817606568336487,0.3347592055797577,2.3251447677612305,4.069380760192871,5.418150901794434,6.810800552368164,8.774248123168945,10.748563766479492,12.017077445983887,13.359124183654785,13.865586280822754,12.956876754760742,13.472471237182617,15.678248405456543,17.895240783691406,18.518001556396484,18.584272384643555,20.67482566833496,22.36444091796875,20.809377670288086,20.56671714782715,24.6513729095459,26.478759765625,25.552478790283203,18.36846923828125,14.039856910705566,15.471665382385254,15.70724105834961,11.422473907470703,5.677260398864746,4.006084442138672,4.60856819152832,6.650390625,8.116973876953125,8.07976245880127,5.989435195922852,3.4039037227630615,2.443223237991333,4.847447872161865
