data/wind_data/wind_32_2.json
{"header": {"parameterUnit": "KT", "parameterCategory": 2, "nx": 256, "ny": 198, "lo1": 44.73521041870117, "la1": -3.236724853515625, "lo2": 111.26478576660156, "la2": 43.468475341796875, "dx": 0.2609002888202667, "dy": -0.23708222806453705, "refTime": "2025-02-20 08:00:00", "forecastTime": 0, "parameterNumber": 2, "parameterNumberName": "eastward_wind"}, "data":
[rows 133 to 151 of 198, columns 0 to 42 of 256]
-2.5444834232330322,-5.645664215087891,-7.986418724060059,-10.043574333190918,-11.644307136535645,-11.322800636291504,-11.30219554901123,-10.553566932678223,-10.534533500671387,-9.305932998657227,-8.585550308227539,-9.137749671936035,-10.039856910705566,-10.913321495056152,-11.9580659866333,-12.697357177734375,-12.941362380981445,-13.527589797973633,-12.555499076843262,-12.392763137817383,-12.898231506347656,-13.14621353149414,-9.891440391540527,-4.269104480743408,-3.135047674179077,-2.425741672515869,0.5442343354225159,7.027924060821533,13.606695175170898,15.600062370300293,10.695526123046875,7.388338088989258,7.902665615081787,8.158734321594238,11.304997444152832,20.079383850097656,20.82920265197754,5.415581226348877,-0.8115903735160828,1.781660556793213,3.585421323776245,7.7690749168396,11.87239933013916
-3.5492944717407227,-6.510173320770264,-8.556999206542969,-10.37706470489502,-11.700224876403809,-8.521332740783691,-8.611065864562988,-7.897118091583252,-6.843902111053467,-6.826592445373535,-8.995888710021973,-11.608413696289062,-12.850319862365723,-13.457382202148438,-14.127847671508789,-14.555522918701172,-15.26435375213623,-15.933767318725586,-15.428483009338379,-15.717676162719727,-16.638477325439453,-16.860031127929688,-15.119608879089355,-11.161055564880371,-10.33034610748291,-9.561687469482422,-4.909768104553223,3.9288735389709473,13.488622665405273,13.974151611328125,11.77949047088623,11.402180671691895,11.139284133911133,11.039084434509277,17.34749984741211,27.200843811035156,14.407642364501953,-0.6521626710891724,-0.2565191686153412,4.74784517288208,11.147010803222656,14.379522323608398,14.599135398864746
-3.9553382396698,-6.684183120727539,-8.211515426635742,-9.885652542114258,-10.81592082977295,-5.812127113342285,-6.465782642364502,-5.408961772918701,-6.018423080444336,-8.145193099975586,-10.685210227966309,-12.903656005859375,-14.157258987426758,-14.51787281036377,-15.11821460723877,-15.51243782043457,-15.946995735168457,-16.966339111328125,-18.30486297607422,-20.007431030273438,-19.85641098022461,-17.236909866333008,-14.896894454956055,-9.118169784545898,-3.0970301628112793,-3.902890920639038,-4.265389442443848,2.6606409549713135,13.699578285217285,15.305289268493652,14.932701110839844,16.07642364501953,17.451318740844727,19.369070053100586,24.800439834594727,21.94629669189453,3.7292685508728027,0.9534512162208557,5.263774394989014,12.963116645812988,18.842256546020508,16.131649017333984,14.525848388671875
-3.671931266784668,-5.7162933349609375,-6.805291652679443,-7.631471157073975,-7.973221778869629,-5.460686683654785,-4.871797561645508,-5.220815181732178,-7.126055717468262,-9.446869850158691,-11.842439651489258,-14.499488830566406,-15.024934768676758,-15.161043167114258,-14.937666893005371,-15.089098930358887,-16.179370880126953,-18.414840698242188,-20.704425811767578,-21.978736877441406,-21.083436965942383,-14.499249458312988,-7.485016345977783,-4.694271087646484,4.887793064117432,7.299102783203125,3.4016456604003906,2.460202217102051,10.294624328613281,15.583155632019043,16.058462142944336,15.304974555969238,17.884807586669922,14.420392036437988,17.997356414794922,8.674555778503418,-3.4002044200897217,5.4659199714660645,10.318503379821777,15.005688667297363,14.914913177490234,7.5868635177612305,0.4032489061355591
-3.2580220699310303,-4.726195812225342,-5.490952014923096,-5.307847499847412,-3.4791066646575928,-3.9564061164855957,-4.610289096832275,-6.607691764831543,-8.614826202392578,-11.06177043914795,-13.30870532989502,-15.35477066040039,-15.081704139709473,-14.306488990783691,-13.60313606262207,-14.39431095123291,-15.858945846557617,-17.201608657836914,-19.34879493713379,-20.700769424438477,-21.181987762451172,-17.906034469604492,-7.010049343109131,-3.01179575920105,1.5232232809066772,4.394958972930908,3.851921558380127,3.8790855407714844,7.63355016708374,11.182164192199707,13.034034729003906,11.136738777160645,13.892073631286621,12.708918571472168,6.271780967712402,-4.849709987640381,-1.4487475156784058,5.68162727355957,11.369905471801758,11.4847993850708,5.8860697746276855,-1.399397850036621,-4.060718059539795
-2.8156068325042725,-4.153522968292236,-5.055945873260498,-5.006468296051025,-3.26186466217041,-4.546374797821045,-7.1244893074035645,-9.910284042358398,-11.591883659362793,-13.014137268066406,-13.97392749786377,-13.723029136657715,-13.472433090209961,-13.35722827911377,-13.165700912475586,-13.887200355529785,-15.156631469726562,-16.30022621154785,-17.071561813354492,-15.939587593078613,-14.983698844909668,-9.16198444366455,-2.4235079288482666,-2.5859663486480713,1.0310702323913574,2.6728503704071045,2.6048102378845215,4.576081275939941,10.09994125366211,10.27489185333252,12.394942283630371,11.733548164367676,5.463504314422607,-3.247933864593506,-8.167757987976074,-6.719715595245361,1.5710183382034302,7.636058330535889,10.069459915161133,9.504024505615234,2.310206413269043,1.5864824056625366,3.159972906112671
-2.5005462169647217,-4.168684005737305,-5.557197093963623,-6.468327045440674,-6.9066643714904785,-7.965383052825928,-10.6730375289917,-13.204205513000488,-14.716742515563965,-15.272442817687988,-13.918983459472656,-11.847455978393555,-11.39197063446045,-12.217774391174316,-12.98829174041748,-14.454193115234375,-15.157976150512695,-12.967180252075195,-9.245905876159668,-5.597661018371582,-5.858986854553223,-3.76167631149292,-1.6038209199905396,-4.502300262451172,-1.8799983263015747,3.5395116806030273,5.672730922698975,8.328300476074219,11.755044937133789,7.723583698272705,8.519200325012207,1.8566356897354126,-7.0456976890563965,-10.87256908416748,-9.299628257751465,-4.483951091766357,6.328367710113525,12.56451416015625,10.867964744567871,11.248470306396484,9.362496376037598,6.587156772613525,3.3155815601348877
-2.936537981033325,-4.944435119628906,-7.09983491897583,-9.193248748779297,-10.909899711608887,-12.444390296936035,-13.240680694580078,-13.350584030151367,-14.516788482666016,-14.701542854309082,-13.220513343811035,-10.428486824035645,-9.140018463134766,-10.111700057983398,-12.01080322265625,-12.498187065124512,-10.285860061645508,-6.9967265129089355,-3.503571033477783,-1.2543063163757324,0.2960875332355499,-0.4582555294036865,-2.708336591720581,-1.418091058731079,-0.5518468618392944,2.855696439743042,11.031787872314453,10.843958854675293,13.696721076965332,9.358996391296387,2.4931068420410156,-1.860750436782837,-5.378756999969482,-4.603644847869873,-0.8817743062973022,5.309955596923828,6.140631198883057,3.4921014308929443,12.594487190246582,17.7325382232666,14.143454551696777,5.833432197570801,-1.8151638507843018
-3.8839073181152344,-6.2691144943237305,-8.9954833984375,-12.023396492004395,-12.613250732421875,-13.101947784423828,-13.37365436553955,-13.901920318603516,-15.1239595413208,-14.7405366897583,-11.484376907348633,-9.770803451538086,-5.046379089355469,-5.820075988769531,-9.406058311462402,-9.399389266967773,-7.720330715179443,-7.328201770782471,-3.616265296936035,0.3433372378349304,-0.8487270474433899,-1.1710543632507324,-0.601057231426239,4.156492233276367,6.042388439178467,9.129638671875,13.289396286010742,8.706738471984863,10.630036354064941,6.0843353271484375,0.6616289019584656,-0.8632729053497314,1.0002936124801636,2.244832754135132,10.056925773620605,15.081143379211426,14.008336067199707,7.812880039215088,8.280628204345703,11.618974685668945,8.516684532165527,0.07231404632329941,6.377358913421631
-4.816950798034668,-7.309558868408203,-9.49073600769043,-12.516189575195312,-13.728360176086426,-14.557548522949219,-14.462325096130371,-14.283414840698242,-11.627582550048828,-10.659088134765625,-8.799335479736328,-7.09571647644043,-3.9331719875335693,-5.657839775085449,-7.813923358917236,-7.89799690246582,-8.075521469116211,-7.339385509490967,-3.0936765670776367,-1.9375946521759033,-2.4509873390197754,2.312675714492798,8.423303604125977,11.458911895751953,13.445367813110352,15.002820014953613,11.07589054107666,7.054301738739014,8.99093246459961,6.767040729522705,3.53377366065979,1.0945639610290527,3.1182823181152344,7.086205005645752,14.75570297241211,19.197917938232422,11.507678985595703,5.86554479598999,12.486839294433594,10.855530738830566,1.603550672531128,1.3514026403427124,16.476512908935547
-5.8077616691589355,-8.007831573486328,-8.644147872924805,-10.478398323059082,-14.351079940795898,-12.876458168029785,-14.21025562286377,-12.585245132446289,-7.4946441650390625,-6.158100605010986,-9.11625862121582,-9.37878704071045,-9.418682098388672,-9.868595123291016,-10.458118438720703,-10.650811195373535,-8.763545989990234,-6.378200531005859,-6.284122467041016,-5.291687488555908,0.06679581105709076,10.93310260772705,14.791873931884766,12.390559196472168,11.831298828125,10.951148986816406,8.600017547607422,10.249897003173828,12.46208381652832,11.178338050842285,7.132144451141357,4.4410080909729,5.645602703094482,12.097559928894043,15.79204273223877,9.288032531738281,3.3622519969940186,13.348493576049805,17.5725040435791,15.144461631774902,4.611637115478516,9.039287567138672,12.366427421569824
-6.118690013885498,-8.178321838378906,-7.915564060211182,-7.83582067489624,-11.690570831298828,-12.99584674835205,-12.249176025390625,-10.139246940612793,-7.376485347747803,-9.32878589630127,-12.525951385498047,-13.836115837097168,-14.721037864685059,-14.515174865722656,-13.454240798950195,-12.238702774047852,-8.8588285446167,-6.477470874786377,-4.427199840545654,0.7299271821975708,7.371518611907959,16.272235870361328,16.22187042236328,13.286845207214355,11.54644775390625,7.913734436035156,10.1483736038208,9.441749572753906,9.701796531677246,11.864787101745605,11.006765365600586,12.25481128692627,15.404476165771484,15.917257308959961,10.611845016479492,8.177411079406738,9.979107856750488,12.359786987304688,14.32660961151123,13.594563484191895,8.803234100341797,3.903520345687866,3.0405516624450684
-5.590503692626953,-7.794958591461182,-8.047943115234375,-7.426611423492432,-9.089794158935547,-13.461297988891602,-12.891368865966797,-12.422624588012695,-11.502289772033691,-10.965287208557129,-10.811910629272461,-10.573869705200195,-11.340697288513184,-12.518255233764648,-10.826969146728516,-7.5739641189575195,-5.505639553070068,-4.7685370445251465,-0.8352858424186707,5.427156448364258,12.05285358428955,15.778895378112793,14.167032241821289,14.71357536315918,15.6256685256958,15.530752182006836,13.889845848083496,11.461801528930664,12.844924926757812,15.201264381408691,16.241657257080078,15.277022361755371,14.25755500793457,9.882574081420898,6.814305782318115,10.686573028564453,11.360601425170898,9.529481887817383,10.909146308898926,12.393528938293457,7.866675853729248,2.1086504459381104,4.617499828338623
-4.653195858001709,-7.1675543785095215,-8.387388229370117,-8.64760971069336,-9.868297576904297,-13.977327346801758,-13.809852600097656,-12.999425888061523,-11.126313209533691,-8.624155044555664,-6.942820072174072,-6.356884479522705,-6.3953704833984375,-6.945937633514404,-6.515384197235107,-3.937032699584961,-2.1967592239379883,-1.4164388179779053,3.597393274307251,10.145709991455078,13.630120277404785,14.349454879760742,12.87631893157959,13.093629837036133,15.248674392700195,15.267436981201172,14.081077575683594,13.843550682067871,16.516685485839844,16.56415557861328,14.654526710510254,13.26137638092041,3.5796432495117188,3.4747426509857178,5.970226764678955,7.254707336425781,7.545246601104736,6.985811233520508,6.474551200866699,7.820602893829346,5.0104475021362305,2.85473895072937,5.104735374450684
-3.272494316101074,-5.948042869567871,-7.792726516723633,-9.324064254760742,-10.767855644226074,-12.30392837524414,-11.392220497131348,-9.718048095703125,-7.255549907684326,-5.655867576599121,-5.703203201293945,-5.432778358459473,-5.787806987762451,-4.492617607116699,-0.5035425424575806,-0.3696683943271637,-2.0006625652313232,2.218151330947876,10.127248764038086,13.32725715637207,13.120804786682129,13.021434783935547,9.65948486328125,9.989862442016602,9.213455200195312,11.372010231018066,12.656001091003418,14.040644645690918,16.12092399597168,16.18471908569336,10.12447738647461,8.260703086853027,8.96878433227539,5.204609394073486,3.923646926879883,4.40770149230957,2.7933897972106934,1.5973409414291382,0.79020094871521,1.6051559448242188,0.12229125946760178,3.270475387573242,1.244097113609314
-1.8356415033340454,-4.535155296325684,-6.525854110717773,-8.707754135131836,-9.581038475036621,-9.061341285705566,-7.700244903564453,-5.418262004852295,-3.9761359691619873,-5.221601963043213,-5.799602508544922,-4.8268303871154785,-3.17828106880188,-0.6501562595367432,1.1118868589401245,2.112058162689209,3.2188615798950195,7.217057228088379,12.066900253295898,13.636860847473145,13.665655136108398,12.675238609313965,12.454656600952148,9.493982315063477,5.667843341827393,6.250031471252441,7.888232707977295,12.223527908325195,6.8889079093933105,3.7997889518737793,8.192484855651855,8.625382423400879,7.613343238830566,4.987892150878906,1.6802561283111572,2.7562575340270996,1.6728014945983887,-1.5254168510437012,-3.5036466121673584,-1.9001421928405762,-1.9570913314819336,-2.773902416229248,-6.136135101318359
-0.9820520281791687,-3.6821341514587402,-5.466643333435059,-7.065526485443115,-7.088051795959473,-6.577489852905273,-4.9932146072387695,-2.646873712539673,-2.6368520259857178,-4.427148818969727,-4.942598819732666,-3.9376823902130127,-1.9688124656677246,-0.8310692310333252,1.2312663793563843,5.9757466316223145,7.369717121124268,8.393893241882324,11.407084465026855,14.68854808807373,16.127582550048828,13.932662010192871,12.395896911621094,10.808660507202148,8.236092567443848,7.324384689331055,9.29282283782959,6.425699710845947,5.825922012329102,4.936179161071777,5.476256370544434,6.751224517822266,6.216094970703125,3.628801107406616,0.7314540147781372,2.73512601852417,1.5684891939163208,-2.6431570053100586,-4.904787540435791,-5.384385108947754,-6.027824401855469,-9.603864669799805,-11.343599319458008
-0.5158596634864807,-3.272217273712158,-4.633484363555908,-4.943564414978027,-4.507358074188232,-4.632993698120117,-3.10239577293396,-0.34822574257850647,-1.3370296955108643,-2.8386056423187256,-3.0730104446411133,-1.637637972831726,-0.5817111730575562,0.2750665545463562,5.369408130645752,9.57573413848877,8.920279502868652,9.634642601013184,12.923383712768555,14.379363059997559,14.279149055480957,13.859589576721191,12.268216133117676,12.697324752807617,11.131047248840332,8.575151443481445,6.94252872467041,6.0689568519592285,5.808960437774658,2.435605049133301,2.3631603717803955,0.8320103287696838,-1.2433176040649414,-1.9498590230941772,-0.4401119649410248,0.6116251349449158,-2.049286365509033,-4.664759159088135,-6.494919776916504,-8.164398193359375,-9.465886116027832,-13.390348434448242,-13.107393264770508
-0.4727216362953186,-2.882169008255005,-3.5990023612976074,-2.8279285430908203,-1.4120917320251465,-2.631251573562622,-0.5358604192733765,2.382355213165283,0.7094112038612366,-0.5341928005218506,-0.518987238407135,1.5906404256820679,3.2714431285858154,5.125479221343994,8.010761260986328,9.777963638305664,9.80302619934082,11.640837669372559,12.449434280395508,13.244292259216309,13.275193214416504,14.725170135498047,15.255354881286621,15.3029203414917,13.215270042419434,8.466917037963867,5.203981399536133,4.934208869934082,2.056436061859131,0.6192867755889893,-2.2115092277526855,-3.9240314960479736,-4.405436992645264,-4.0351409912109375,-2.935924768447876,-3.033315896987915,-6.644231796264648,-4.755207538604736,-8.331592559814453,-10.694995880126953,-12.314493179321289,-14.700303077697754,-13.05724811553955
