data/wind_data/wind_52_2.json
{"header": {"parameterUnit": "KT", "parameterCategory": 2, "nx": 256, "ny": 198, "lo1": 44.73521041870117, "la1": -3.236724853515625, "lo2": 111.26478576660156, "la2": 43.468475341796875, "dx": 0.2609002888202667, "dy": -0.23708222806453705, "refTime": "2025-02-21 04:00:00", "forecastTime": 0, "parameterNumber": 2, "parameterNumberName": "eastward_wind"}, "data":
[rows 171 to 189 of 198, columns 129 to 171 of 256]
-3.927371025085449,-1.1112936735153198,-0.3179663419723511,-3.255188465118408,-6.039285659790039,-6.063859939575195,-5.2735466957092285,-6.050387382507324,-6.417445182800293,-6.448119640350342,-6.429359436035156,-5.90185022354126,-5.240935802459717,-5.132229804992676,-5.171309947967529,-4.97269868850708,-4.626308917999268,-4.2746171951293945,-4.169175624847412,-4.488915920257568,-5.2191996574401855,-6.401394367218018,-8.148712158203125,-10.42581558227539,-12.715460777282715,-14.386628150939941,-15.762914657592773,-16.835834503173828,-17.4868106842041,-17.28623390197754,-15.220365524291992,-11.743661880493164,-9.19229507446289,-6.564462184906006,-3.328070878982544,-0.5571398138999939,0.9413388967514038,0.38213780522346497,-0.6736379861831665,1.419932246208191,2.2125158309936523,0.4816911518573761,-4.323080539703369
-2.8459064960479736,-2.3651034832000732,-1.9209543466567993,-2.3204407691955566,-3.6352250576019287,-5.946226596832275,-5.129453659057617,-4.314840793609619,-5.478419780731201,-5.852847576141357,-5.825370788574219,-5.111942768096924,-4.4293904304504395,-4.345483303070068,-4.6972270011901855,-5.214135646820068,-5.498119831085205,-5.354000091552734,-4.831967830657959,-4.45598840713501,-4.476412773132324,-5.36661434173584,-6.780189514160156,-8.31338882446289,-9.941176414489746,-11.760138511657715,-13.518549919128418,-14.47730541229248,-14.696693420410156,-14.905689239501953,-15.300858497619629,-14.81141185760498,-12.90951919555664,-10.530491828918457,-7.797695636749268,-5.5459113121032715,-3.7695391178131104,-0.10436330735683441,1.4967753887176514,-3.0663135051727295,-2.4519457817077637,-3.1592929363250732,-7.018986701965332
-2.4435575008392334,-2.9092342853546143,-3.1481995582580566,-3.330672264099121,-3.6158106327056885,-4.458878040313721,-3.4300734996795654,-3.69038724899292,-4.063140392303467,-4.844727993011475,-4.622908115386963,-4.031998634338379,-3.6705329418182373,-4.0035014152526855,-4.559927940368652,-5.132843017578125,-5.541932582855225,-5.78905725479126,-5.658236503601074,-5.258004188537598,-4.769951343536377,-4.8181233406066895,-5.678341388702393,-7.021358966827393,-8.608746528625488,-10.35107707977295,-12.232744216918945,-13.195478439331055,-13.417717933654785,-14.000566482543945,-15.464987754821777,-16.66560935974121,-16.78484344482422,-15.666686058044434,-13.078753471374512,-9.899247169494629,-8.047090530395508,-7.434950351715088,-7.238656997680664,-7.554922103881836,-8.199466705322266,-8.015127182006836,-7.257492542266846
-2.2538535594940186,-3.0743088722229004,-4.010714530944824,-4.382452011108398,-3.96248197555542,-3.6267597675323486,-3.183495283126831,-3.4513607025146484,-3.9049248695373535,-4.190992832183838,-3.758774995803833,-3.0147054195404053,-3.0145742893218994,-3.341571569442749,-3.539214611053467,-3.8484530448913574,-4.277570724487305,-4.828738212585449,-5.333827018737793,-5.2666778564453125,-4.57299280166626,-4.119266033172607,-5.004303932189941,-7.117415904998779,-8.993091583251953,-10.424250602722168,-11.914149284362793,-12.637483596801758,-12.684365272521973,-13.158720016479492,-14.307988166809082,-15.519771575927734,-16.88703727722168,-17.858156204223633,-17.573137283325195,-16.370101928710938,-15.641033172607422,-15.009636878967285,-14.713597297668457,-14.105691909790039,-12.447746276855469,-10.537774085998535,-8.259413719177246
-2.241894006729126,-2.863520860671997,-3.8510260581970215,-4.750888824462891,-4.7168097496032715,-4.145353317260742,-3.663892984390259,-3.415180206298828,-3.54488205909729,-3.4676148891448975,-2.9419710636138916,-2.5846879482269287,-2.600597620010376,-2.680368661880493,-2.6343955993652344,-2.769559144973755,-3.0639488697052,-3.434758186340332,-3.8288984298706055,-4.017900466918945,-3.8752517700195312,-3.7159180641174316,-4.602512836456299,-6.731564521789551,-9.039214134216309,-10.513259887695312,-11.536148071289062,-12.143387794494629,-12.426005363464355,-13.018960952758789,-13.795619010925293,-14.856261253356934,-16.49716567993164,-17.82240867614746,-18.833921432495117,-19.48365592956543,-19.917287826538086,-20.105180740356445,-19.888580322265625,-19.190349578857422,-17.20872688293457,-14.357436180114746,-12.052490234375
-2.153043031692505,-2.552201271057129,-3.228740692138672,-3.9763643741607666,-4.380074977874756,-4.1294379234313965,-3.5043723583221436,-3.1383919715881348,-2.9780969619750977,-2.797290563583374,-2.5294556617736816,-2.623701810836792,-2.8147385120391846,-2.8560101985931396,-2.665928602218628,-2.6126060485839844,-2.6633458137512207,-2.638007402420044,-2.641169786453247,-2.719869613647461,-2.850332021713257,-3.3381898403167725,-4.667063236236572,-6.645132541656494,-8.591303825378418,-9.708745956420898,-10.456437110900879,-11.130054473876953,-11.670934677124023,-12.183137893676758,-12.509428977966309,-13.09739875793457,-14.656689643859863,-16.496479034423828,-18.321998596191406,-19.953914642333984,-20.861650466918945,-21.117023468017578,-21.331636428833008,-21.11438751220703,-19.67958641052246,-17.681865692138672,-16.23349380493164
-1.9951510429382324,-2.296081781387329,-2.6844942569732666,-2.982442855834961,-3.3242645263671875,-3.5096404552459717,-3.0750277042388916,-2.6353728771209717,-2.3046715259552,-2.079028367996216,-2.1759157180786133,-2.570920705795288,-2.9137473106384277,-3.0181562900543213,-2.863724946975708,-2.7281031608581543,-2.6631886959075928,-2.304962158203125,-2.075511932373047,-2.1819348335266113,-2.4170331954956055,-3.0726356506347656,-4.809957504272461,-7.010316848754883,-8.825909614562988,-9.730162620544434,-10.179047584533691,-10.814836502075195,-11.566372871398926,-11.807583808898926,-11.889007568359375,-12.794322967529297,-14.412055015563965,-15.83566665649414,-17.121477127075195,-18.577146530151367,-19.74795913696289,-20.57547378540039,-21.163053512573242,-21.26884651184082,-20.83291244506836,-20.020788192749023,-18.87882423400879
-1.8226717710494995,-2.0773580074310303,-2.34871506690979,-2.4026238918304443,-2.682732582092285,-2.965214729309082,-2.7618658542633057,-2.314396381378174,-1.9964568614959717,-1.7673258781433105,-1.8522340059280396,-2.3785271644592285,-2.8095297813415527,-3.0354042053222656,-3.226848602294922,-3.230877637863159,-2.943154811859131,-2.3929548263549805,-2.016510486602783,-2.0482757091522217,-2.5120198726654053,-3.2068679332733154,-5.114023208618164,-7.699584484100342,-9.380200386047363,-9.877720832824707,-10.13713550567627,-10.852178573608398,-12.025693893432617,-12.963824272155762,-13.85885238647461,-15.21635913848877,-16.660730361938477,-17.808147430419922,-18.95611000061035,-20.127803802490234,-20.940155029296875,-21.307462692260742,-21.32929801940918,-21.0972843170166,-20.75105857849121,-20.14280128479004,-19.188199996948242
-2.3120527267456055,-2.6372475624084473,-2.801217794418335,-2.5270919799804688,-2.472963333129883,-3.050734519958496,-3.063619613647461,-2.4430770874023438,-1.9370607137680054,-1.8518003225326538,-1.9267213344573975,-2.3813750743865967,-2.838829755783081,-3.1613636016845703,-3.5031933784484863,-3.606563091278076,-3.2594850063323975,-2.7061588764190674,-2.2769076824188232,-2.1420109272003174,-2.8203330039978027,-3.9455716609954834,-6.029139995574951,-8.444769859313965,-9.7409086227417,-10.515341758728027,-11.567225456237793,-12.95605182647705,-14.085437774658203,-14.68608570098877,-15.763837814331055,-17.465824127197266,-18.954490661621094,-19.966075897216797,-20.744462966918945,-21.418176651000977,-21.83395004272461,-21.90290069580078,-21.636430740356445,-21.362274169921875,-21.201696395874023,-20.773252487182617,-19.923866271972656
-0.2753400206565857,-0.7399022579193115,-1.9079132080078125,-2.195626974105835,-1.8962445259094238,-2.0768656730651855,-2.46370267868042,-2.4518191814422607,-2.212146282196045,-2.288965940475464,-2.3342511653900146,-2.456740379333496,-2.8096823692321777,-3.159977912902832,-3.5638325214385986,-3.676826238632202,-3.6112518310546875,-3.227144956588745,-2.730360746383667,-2.455235004425049,-3.284510850906372,-4.845285415649414,-7.140664100646973,-9.172019958496094,-10.025803565979004,-11.344391822814941,-13.130345344543457,-14.446855545043945,-14.997475624084473,-15.063191413879395,-16.15625,-17.765148162841797,-18.585660934448242,-19.08016014099121,-19.576658248901367,-20.054067611694336,-20.497636795043945,-20.912988662719727,-21.234853744506836,-21.34166717529297,-21.304960250854492,-21.17435646057129,-20.9227294921875
-2.014261245727539,-0.06514868885278702,-0.938086748123169,-1.3868353366851807,-1.8127291202545166,-1.7600393295288086,-1.5678406953811646,-1.7959109544754028,-2.1831917762756348,-2.5591988563537598,-2.797304153442383,-2.7186951637268066,-2.7587268352508545,-3.0293209552764893,-3.3758223056793213,-3.673053026199341,-3.9964795112609863,-4.001947402954102,-3.6253609657287598,-3.1987979412078857,-4.049241542816162,-5.995416164398193,-8.013298034667969,-9.49181842803955,-10.28316593170166,-11.661147117614746,-13.262368202209473,-13.966108322143555,-13.935959815979004,-13.870227813720703,-14.611078262329102,-15.697522163391113,-16.732036590576172,-17.67905616760254,-18.502735137939453,-19.280109405517578,-19.784603118896484,-19.89415740966797,-19.903366088867188,-20.006641387939453,-20.17024803161621,-20.405513763427734,-20.658960342407227
-0.601263701915741,-1.2731798887252808,-1.5089302062988281,-1.3336087465286255,0.0019273823127150536,0.1936957985162735,-0.8213052749633789,-1.282776951789856,-1.636759877204895,-2.411644220352173,-2.7630374431610107,-2.9151854515075684,-2.94581937789917,-2.8093905448913574,-2.998218059539795,-3.639183759689331,-4.361037731170654,-4.9648542404174805,-5.084150791168213,-4.746551990509033,-5.274328708648682,-7.0302534103393555,-8.444518089294434,-9.357848167419434,-10.116424560546875,-11.360740661621094,-12.397000312805176,-12.3876314163208,-12.278068542480469,-12.619119644165039,-13.950994491577148,-16.070423126220703,-18.220823287963867,-20.110973358154297,-21.86903953552246,-23.12459945678711,-23.49807357788086,-23.39093017578125,-23.149198532104492,-22.841827392578125,-22.35426139831543,-21.768278121948242,-21.326061248779297
-2.661703586578369,-0.38309887051582336,-1.514130711555481,-1.342119574546814,2.3697867393493652,2.953495502471924,0.961725115776062,-0.8513562679290771,-1.4016574621200562,-2.0240442752838135,-2.7636852264404297,-3.2611119747161865,-2.9723315238952637,-2.3214688301086426,-2.4268956184387207,-3.1245992183685303,-4.268304824829102,-5.470100402832031,-6.212308406829834,-6.437116622924805,-7.079384803771973,-8.131616592407227,-8.598095893859863,-8.707324028015137,-9.060589790344238,-9.883691787719727,-10.287729263305664,-9.81092357635498,-9.509658813476562,-10.342751502990723,-12.659811973571777,-15.603404998779297,-18.325912475585938,-20.609310150146484,-22.396514892578125,-23.513935089111328,-23.848344802856445,-24.024642944335938,-23.894426345825195,-23.89270782470703,-23.771106719970703,-23.47603988647461,-23.2669734954834
-1.9204012155532837,-1.5907328128814697,-2.175046682357788,-3.2773122787475586,-1.3701480627059937,1.4449365139007568,0.5212664008140564,-0.6696915030479431,-1.0693354606628418,-1.3865022659301758,-2.2112960815429688,-2.6574714183807373,-2.420825481414795,-1.8496005535125732,-1.770698070526123,-2.292194366455078,-3.7397689819335938,-5.461057662963867,-6.8857102394104,-7.853753089904785,-8.628195762634277,-9.11810302734375,-8.526870727539062,-7.6683454513549805,-7.40981388092041,-7.931382656097412,-8.255659103393555,-8.243335723876953,-8.72614574432373,-9.522150039672852,-10.863532066345215,-13.105036735534668,-15.6932954788208,-17.819177627563477,-18.802709579467773,-19.4432430267334,-20.073104858398438,-22.495464324951172,-23.079410552978516,-22.646425247192383,-22.15513038635254,-22.266769409179688,-22.799577713012695
-1.5856014490127563,-2.1965906620025635,-2.0270743370056152,-4.2983574867248535,-0.925247311592102,-0.5933076739311218,-0.8362342119216919,-1.0149257183074951,-0.6683033108711243,-0.3058894872665405,-0.628862202167511,-1.1797274351119995,-1.2268810272216797,-1.2029582262039185,-1.1895722150802612,-1.5487643480300903,-3.185777187347412,-5.269482612609863,-7.137949466705322,-8.37545394897461,-9.034866333007812,-9.391939163208008,-8.475041389465332,-6.718292236328125,-5.596088409423828,-5.366490364074707,-5.16457462310791,-4.654760837554932,-4.421926498413086,-5.067650318145752,-6.157793998718262,-6.957892417907715,-8.594549179077148,-8.906022071838379,-7.1828999519348145,-8.764097213745117,-12.08941650390625,-16.79146957397461,-19.780912399291992,-20.144561767578125,-19.657264709472656,-20.310731887817383,-21.18869400024414
0.6603716611862183,-2.3118057250976562,-3.017235040664673,-1.5517578125,-2.235291004180908,-2.883279323577881,-1.8721046447753906,0.5147742033004761,1.4563167095184326,1.906562089920044,2.1165876388549805,1.9358614683151245,1.2023869752883911,0.279224693775177,-0.4159780442714691,-1.6477547883987427,-3.1897687911987305,-4.8301167488098145,-6.447445392608643,-7.884012699127197,-8.716885566711426,-8.794207572937012,-7.801007270812988,-5.8801589012146,-4.057255268096924,-2.76995587348938,-1.7741682529449463,-1.4523855447769165,-1.624266266822815,-0.4076744019985199,1.7374048233032227,0.8573411107063293,-2.67153000831604,-3.1692023277282715,-2.926769971847534,-3.7524325847625732,-7.2813897132873535,-11.695956230163574,-15.20518970489502,-16.90691375732422,-17.89635467529297,-18.887598037719727,-19.17879295349121
0.6171358227729797,1.2513294219970703,-1.9889408349990845,-2.931183099746704,-2.5551037788391113,-1.7320901155471802,1.049166202545166,3.0624101161956787,3.579045534133911,4.140618801116943,4.255209445953369,3.897230386734009,3.4881622791290283,2.884730577468872,1.182342290878296,-1.8356801271438599,-3.6039719581604004,-4.324559211730957,-5.375842571258545,-6.820560932159424,-8.080402374267578,-9.411457061767578,-9.739635467529297,-8.829449653625488,-8.01492977142334,-7.807842254638672,-8.373604774475098,-9.92548942565918,-11.730244636535645,-10.790242195129395,-7.358227729797363,-5.000592231750488,-5.494016170501709,-6.302246570587158,-7.311431407928467,-8.479042053222656,-10.91388988494873,-12.86806869506836,-14.077942848205566,-15.158835411071777,-16.773725509643555,-16.99958610534668,-15.997111320495605
0.2673298716545105,1.1361016035079956,1.177785038948059,-1.580288052558899,-1.2615822553634644,-1.7303458452224731,-1.1756418943405151,1.2207326889038086,3.018544912338257,4.0209550857543945,3.605273723602295,1.6446586847305298,1.9307856559753418,2.683300256729126,0.35272902250289917,-2.5242819786071777,-4.573479652404785,-5.822335720062256,-6.974895000457764,-6.871721267700195,-6.4861979484558105,-6.427837371826172,-6.792422294616699,-8.417245864868164,-10.321929931640625,-11.195152282714844,-11.109391212463379,-13.050695419311523,-13.607433319091797,-14.867273330688477,-15.178804397583008,-13.428742408752441,-13.024986267089844,-14.742277145385742,-16.3491268157959,-17.77787208557129,-17.905620574951172,-16.626428604125977,-14.520763397216797,-12.561686515808105,-12.418423652648926,-10.223565101623535,-7.533055305480957
2.9489152431488037,2.5051822662353516,0.6464234590530396,-0.6337206363677979,-1.5202598571777344,-2.6345674991607666,-5.242222309112549,-5.1941752433776855,-3.324268341064453,-1.3810020685195923,0.3906593322753906,0.9117168188095093,-1.6849591732025146,-2.774506092071533,-3.432333469390869,-2.5822484493255615,-2.8269107341766357,-3.244661569595337,-3.553147077560425,-4.081594467163086,-5.168421268463135,-6.079791069030762,-5.539770126342773,-4.97390604019165,-4.943963527679443,-5.682325839996338,-5.393595218658447,-6.0170087814331055,-7.737811088562012,-10.423916816711426,-12.99368667602539,-14.842768669128418,-15.10555648803711,-15.06458568572998,-15.157752990722656,-16.525774002075195,-17.196483612060547,-15.934995651245117,-11.328472137451172,-5.9405341148376465,-6.593719482421875,-7.805452823638916,-8.33764362335205
