data/wind_data/wind_Surface_10.json
{"header": {"parameterUnit": "KT", "parameterCategory": 2, "nx": 255, "ny": 198, "lo1": 44.73521041870117, "la1": -3.236724853515625, "lo2": 111.26478576660156, "la2": 43.468475341796875, "dx": 0.26192745566368103, "dy": -0.23708222806453705, "refTime": "2025-02-19 10:00:00", "forecastTime": 0, "parameterNumber": 2, "parameterNumberName": "eastward_wind"}, "data":
[rows 19 to 37 of 198, columns 129 to 171 of 255]
-3.243680715560913,-3.3391895294189453,-3.4144577980041504,-3.7037415504455566,-4.197123050689697,-4.317167282104492,-3.908824920654297,-3.5918452739715576,-3.7256593704223633,-4.092287540435791,-4.453051567077637,-4.522797107696533,-4.2128167152404785,-3.6401214599609375,-3.3305952548980713,-3.14676570892334,-2.7864174842834473,-2.8401236534118652,-3.2198121547698975,-3.5567924976348877,-3.9769225120544434,-4.195889949798584,-4.065334320068359,-3.9038283824920654,-3.873173475265503,-3.902484893798828,-3.63248348236084,-3.2161645889282227,-3.082446336746216,-3.506176233291626,-4.145288467407227,-3.8953046798706055,-3.089552402496338,-2.785797595977783,-2.0460848808288574,-1.5703750848770142,-1.4805881977081299,-2.3648431301116943,-3.8636927604675293,-4.219594478607178,-3.7829232215881348,-3.4385762214660645,-3.714674949645996
-3.400390386581421,-3.232377767562866,-3.4240379333496094,-3.95491099357605,-4.246209621429443,-4.330947399139404,-4.368462562561035,-4.234878063201904,-4.075526714324951,-4.30017614364624,-4.933074951171875,-5.336009979248047,-5.143045902252197,-4.467034816741943,-3.5123748779296875,-3.0460236072540283,-3.1011157035827637,-3.0666637420654297,-3.425668716430664,-4.157661437988281,-5.005409240722656,-4.936212539672852,-4.454990863800049,-4.679540157318115,-4.429933071136475,-3.8209784030914307,-3.1079933643341064,-2.4514658451080322,-2.166592597961426,-3.361856698989868,-5.480190753936768,-5.992705345153809,-3.9865221977233887,-1.373775601387024,-0.855902373790741,-2.599872589111328,-5.3306732177734375,-5.499967098236084,-3.6733882427215576,-4.443573474884033,-5.603349208831787,-5.4764933586120605,-4.444852352142334
-3.865950584411621,-3.362377405166626,-3.760833978652954,-4.23885440826416,-4.365326881408691,-4.66687536239624,-5.123694896697998,-5.084601879119873,-4.631545066833496,-4.423928260803223,-4.844258785247803,-5.579331398010254,-5.740453720092773,-5.008382797241211,-4.081897258758545,-3.8668129444122314,-4.210634708404541,-4.170416831970215,-4.399885177612305,-5.2170329093933105,-5.499022960662842,-4.933612823486328,-4.553515911102295,-4.659180164337158,-3.6299779415130615,-2.360264301300049,-1.7011862993240356,-1.7749831676483154,-2.1804327964782715,-4.036508560180664,-7.346378326416016,-7.466485023498535,-3.9026660919189453,-0.7138944268226624,-1.7934011220932007,-4.770328044891357,-7.748017311096191,-7.481293678283691,-4.794513702392578,-5.438633918762207,-6.171660423278809,-5.759889125823975,-4.985213756561279
-4.7873077392578125,-4.2413129806518555,-4.6200127601623535,-4.720416069030762,-4.396753311157227,-4.8315582275390625,-5.594080924987793,-5.581792831420898,-4.9781951904296875,-4.257481575012207,-4.197994232177734,-5.69638729095459,-6.369030475616455,-5.001107692718506,-3.6729249954223633,-4.327045440673828,-5.9792633056640625,-6.6326141357421875,-6.2258219718933105,-5.4398112297058105,-4.607486248016357,-4.086238384246826,-3.9217629432678223,-3.466031789779663,-2.4239895343780518,-1.8327414989471436,-1.7977041006088257,-2.979874849319458,-6.283153057098389,-8.796486854553223,-8.548720359802246,-6.423155307769775,-3.800787925720215,-3.2775356769561768,-5.160065650939941,-5.967499732971191,-6.557087421417236,-6.9611101150512695,-5.570825099945068,-5.407431125640869,-5.8482890129089355,-5.5246195793151855,-4.861395359039307
-5.81538724899292,-5.569329261779785,-5.595128536224365,-5.129235744476318,-4.700101852416992,-4.9937591552734375,-5.508479595184326,-5.462891101837158,-4.918436527252197,-4.200796604156494,-4.817593097686768,-6.886807918548584,-6.353635311126709,-3.543905735015869,-2.6168437004089355,-4.7596116065979,-7.697629451751709,-8.744293212890625,-6.849269390106201,-4.7127366065979,-4.04159688949585,-3.4877877235412598,-2.8315038681030273,-2.134298801422119,-1.9285662174224854,-2.5959627628326416,-4.368022918701172,-7.179752349853516,-9.205209732055664,-9.907255172729492,-8.550731658935547,-6.412415981292725,-5.130228519439697,-4.478251934051514,-4.789400100708008,-6.437569618225098,-7.067066669464111,-6.110861301422119,-5.5475616455078125,-5.152761459350586,-5.117168426513672,-5.065704345703125,-4.788028240203857
-6.522040843963623,-6.323230266571045,-5.734376907348633,-5.2968902587890625,-5.268610000610352,-5.3796706199646,-5.559874057769775,-5.400475978851318,-5.050169944763184,-5.502864837646484,-7.085089683532715,-7.455397605895996,-5.230700969696045,-2.776639938354492,-3.7370338439941406,-7.1898674964904785,-8.650252342224121,-8.556140899658203,-6.9866204261779785,-4.592820644378662,-3.6952459812164307,-3.051197052001953,-2.020634889602661,-1.6956232786178589,-3.134058713912964,-5.649750709533691,-8.021149635314941,-9.809525489807129,-10.400267601013184,-9.252301216125488,-8.100776672363281,-7.255290508270264,-6.526854515075684,-5.601781845092773,-5.568718910217285,-6.685537338256836,-6.8973469734191895,-6.032346248626709,-5.538855075836182,-5.370692729949951,-4.887418270111084,-4.729418754577637,-4.538780689239502
-6.693700313568115,-6.265291213989258,-6.149045944213867,-5.5455217361450195,-5.135141849517822,-5.687049388885498,-6.216684341430664,-6.28217887878418,-6.475862979888916,-7.112899303436279,-7.595355987548828,-7.231119632720947,-6.15433406829834,-5.215490341186523,-5.039967060089111,-6.872137546539307,-8.570472717285156,-7.831797122955322,-6.5160722732543945,-4.912556171417236,-3.0000693798065186,-2.190016269683838,-3.5606937408447266,-4.618460655212402,-6.761940956115723,-9.171298027038574,-9.840280532836914,-9.86532974243164,-8.950860977172852,-8.48674201965332,-7.882040977478027,-7.261484622955322,-7.727781772613525,-6.775813102722168,-5.691092014312744,-7.075268268585205,-7.542436599731445,-6.444066047668457,-5.743190765380859,-5.291654586791992,-4.84447717666626,-4.526569366455078,-3.9535794258117676
-7.369410514831543,-6.638709545135498,-6.371698379516602,-5.854990482330322,-5.615572452545166,-5.840753555297852,-6.30423641204834,-6.937460422515869,-7.3522539138793945,-7.434251308441162,-7.50358772277832,-7.702371597290039,-7.491442680358887,-6.760883331298828,-6.557538986206055,-6.974527359008789,-6.931596755981445,-6.674712657928467,-5.856043815612793,-3.777622938156128,-2.4932854175567627,-4.8257246017456055,-7.526411533355713,-7.5638837814331055,-9.248627662658691,-11.036846160888672,-9.72290325164795,-8.933652877807617,-8.923407554626465,-8.140115737915039,-7.3265910148620605,-7.274310111999512,-7.914760589599609,-8.005498886108398,-7.272505283355713,-6.886092662811279,-6.932916641235352,-6.592886924743652,-6.081209182739258,-5.310625076293945,-4.709897994995117,-4.267177581787109,-3.4443039894104004
-6.752202987670898,-6.207414150238037,-6.394061088562012,-6.3780598640441895,-5.56589412689209,-5.620810031890869,-6.526914119720459,-7.325099945068359,-7.7737507820129395,-7.913451671600342,-7.921937465667725,-7.870537281036377,-7.693929672241211,-7.546196937561035,-7.45137357711792,-6.920797824859619,-6.329707622528076,-5.931069374084473,-5.098180294036865,-4.303450107574463,-5.697971343994141,-7.881280899047852,-8.467802047729492,-9.216144561767578,-10.289429664611816,-9.970366477966309,-9.420175552368164,-9.067965507507324,-8.62195110321045,-8.332266807556152,-7.710623264312744,-7.1266021728515625,-7.441150188446045,-8.681072235107422,-8.770087242126465,-7.679300308227539,-7.1266584396362305,-6.782968521118164,-6.1459760665893555,-5.37162446975708,-4.51652193069458,-3.884735345840454,-3.281505823135376
-6.435982704162598,-6.753686904907227,-6.563229084014893,-6.638333797454834,-6.016165733337402,-6.112290859222412,-6.6590142250061035,-7.522651195526123,-8.339184761047363,-8.761124610900879,-8.601876258850098,-8.270232200622559,-8.133491516113281,-7.877435207366943,-7.412880897521973,-6.8457112312316895,-5.959759712219238,-4.910101890563965,-5.20934534072876,-7.716936111450195,-8.4483003616333,-7.8036370277404785,-8.647984504699707,-9.074247360229492,-9.430936813354492,-9.945538520812988,-9.438304901123047,-8.869494438171387,-8.66855525970459,-8.408095359802246,-7.9620842933654785,-7.087261199951172,-7.154156684875488,-8.736332893371582,-9.36579704284668,-8.460095405578613,-7.928674221038818,-7.193576812744141,-6.1609978675842285,-5.359996318817139,-4.455447196960449,-3.6332929134368896,-2.9284658432006836
-7.577545166015625,-8.571080207824707,-6.281253337860107,-5.726073741912842,-6.986309051513672,-7.31263542175293,-6.435293197631836,-6.348175525665283,-7.616496562957764,-9.262287139892578,-9.651503562927246,-8.959757804870605,-8.43882942199707,-8.207109451293945,-7.985565185546875,-7.449905872344971,-6.12680196762085,-5.43034029006958,-7.215449810028076,-9.583044052124023,-9.705344200134277,-8.722738265991211,-8.410161018371582,-8.847426414489746,-9.469059944152832,-9.39736270904541,-9.253863334655762,-9.099173545837402,-8.530868530273438,-8.089953422546387,-7.959542751312256,-7.464171886444092,-7.692905426025391,-8.808601379394531,-9.285172462463379,-8.894646644592285,-8.373772621154785,-7.453718185424805,-6.274364471435547,-5.390609264373779,-4.504880905151367,-3.5117781162261963,-2.1899266242980957
-7.917022228240967,-7.864964962005615,-6.471366882324219,-6.4863362312316895,-7.672356128692627,-7.585797309875488,-7.0582170486450195,-5.773611068725586,-5.826094150543213,-9.020610809326172,-10.932778358459473,-10.24708080291748,-9.182829856872559,-8.734663009643555,-8.520846366882324,-8.118565559387207,-7.423803329467773,-7.647225856781006,-8.776816368103027,-9.773260116577148,-9.70775318145752,-9.362231254577637,-8.96825122833252,-9.073603630065918,-9.102212905883789,-9.052553176879883,-9.266968727111816,-9.10751724243164,-8.6046142578125,-8.098793029785156,-8.065464973449707,-8.181962013244629,-8.373680114746094,-8.596511840820312,-8.770515441894531,-9.045992851257324,-8.742937088012695,-7.638049602508545,-6.412509918212891,-5.43179178237915,-4.3861470222473145,-3.4884889125823975,-2.71470308303833
-7.090099334716797,-7.164519309997559,-6.4213433265686035,-5.74671745300293,-6.2264909744262695,-8.214103698730469,-9.511923789978027,-7.369117736816406,-5.757418155670166,-8.19224739074707,-10.95832633972168,-11.230514526367188,-10.247993469238281,-9.339431762695312,-8.74924087524414,-8.460695266723633,-8.126115798950195,-8.585063934326172,-9.495759010314941,-9.825014114379883,-9.858477592468262,-9.736592292785645,-9.50101375579834,-9.348228454589844,-9.135483741760254,-9.114800453186035,-9.174646377563477,-9.166831016540527,-8.886594772338867,-8.517749786376953,-8.288434028625488,-8.429271697998047,-8.580911636352539,-8.537393569946289,-8.5557279586792,-8.887565612792969,-8.763723373413086,-7.743369102478027,-6.505025386810303,-5.602817058563232,-4.823991298675537,-4.59633207321167,-4.998496055603027
-5.535674571990967,-6.480569839477539,-6.434084415435791,-5.705253601074219,-5.203067779541016,-5.502776145935059,-6.893952369689941,-9.19224739074707,-10.954602241516113,-11.377680778503418,-10.480888366699219,-10.702999114990234,-11.255899429321289,-10.384369850158691,-9.290095329284668,-9.306488990783691,-9.285090446472168,-9.090063095092773,-9.413935661315918,-9.624053001403809,-9.62190055847168,-9.512102127075195,-9.41368293762207,-9.154739379882812,-9.181267738342285,-9.197343826293945,-9.138960838317871,-9.137669563293457,-8.993700981140137,-8.732159614562988,-8.435901641845703,-8.47314167022705,-8.62083911895752,-8.58887767791748,-8.497818946838379,-8.663888931274414,-8.722681045532227,-7.9310784339904785,-6.882216930389404,-6.064753532409668,-5.4853515625,-5.676377296447754,-5.533242225646973
-1.3275105953216553,-2.713496685028076,-3.4491918087005615,-3.1938424110412598,-2.787181854248047,-3.646146535873413,-6.351248741149902,-9.83601188659668,-11.802066802978516,-11.79273509979248,-11.361351013183594,-10.79218864440918,-10.87588882446289,-11.052481651306152,-9.807205200195312,-9.410294532775879,-9.626307487487793,-9.374672889709473,-9.716066360473633,-9.669418334960938,-9.471158027648926,-9.347509384155273,-9.105855941772461,-8.945853233337402,-9.11656665802002,-9.339866638183594,-9.253448486328125,-9.343977928161621,-9.133068084716797,-8.688779830932617,-8.461456298828125,-8.449809074401855,-8.6142578125,-8.70451831817627,-8.510126113891602,-8.403993606567383,-8.628591537475586,-8.273170471191406,-7.184663772583008,-6.173236846923828,-5.482011318206787,-5.1568603515625,-4.005089282989502
3.3745336532592773,3.131965160369873,1.8894896507263184,1.6329175233840942,1.9780906438827515,1.6873117685317993,-1.4958267211914062,-8.345491409301758,-13.695130348205566,-14.156088829040527,-12.835631370544434,-11.732041358947754,-11.210285186767578,-10.664045333862305,-9.874454498291016,-9.188983917236328,-9.713767051696777,-9.766106605529785,-9.557892799377441,-9.65056037902832,-9.472928047180176,-9.391962051391602,-8.878653526306152,-8.745139122009277,-8.870623588562012,-9.189645767211914,-9.504695892333984,-9.320033073425293,-8.872289657592773,-8.431605339050293,-8.298696517944336,-8.378937721252441,-8.575257301330566,-8.633401870727539,-8.32385540008545,-8.214908599853516,-8.615419387817383,-8.490907669067383,-7.421417236328125,-6.380021572113037,-5.552688121795654,-4.717136383056641,-3.466254234313965
2.650038719177246,5.057710647583008,6.500064373016357,6.982341766357422,7.106470108032227,6.282003402709961,4.271520137786865,-2.4786691665649414,-11.956929206848145,-15.630258560180664,-14.953262329101562,-13.216405868530273,-11.434039115905762,-10.244754791259766,-9.925137519836426,-9.289134979248047,-9.242949485778809,-9.833775520324707,-9.625508308410645,-9.645339965820312,-9.232800483703613,-9.098699569702148,-8.798965454101562,-8.542449951171875,-8.69477367401123,-9.104339599609375,-9.454869270324707,-9.291260719299316,-8.703779220581055,-8.228672981262207,-8.079277992248535,-8.282034873962402,-8.472339630126953,-8.299053192138672,-8.018473625183105,-8.130946159362793,-8.405771255493164,-8.151805877685547,-7.419305801391602,-6.670383930206299,-6.235764980316162,-5.624693393707275,-4.811243057250977
0.4509175419807434,3.0177879333496094,4.50195837020874,6.586095333099365,8.321171760559082,8.697012901306152,5.934253692626953,4.045218467712402,0.5970638394355774,-7.06877326965332,-12.749999046325684,-14.268674850463867,-11.801488876342773,-9.8779935836792,-9.606781959533691,-8.599698066711426,-8.321395874023438,-9.430060386657715,-9.680591583251953,-9.849979400634766,-9.492162704467773,-9.011152267456055,-8.586037635803223,-8.351688385009766,-8.320395469665527,-8.758131980895996,-9.201004981994629,-9.127829551696777,-8.646024703979492,-8.191906929016113,-8.032122611999512,-8.157000541687012,-8.173135757446289,-7.95861291885376,-7.848117828369141,-7.89141845703125,-7.792929172515869,-7.548336982727051,-7.238385200500488,-7.110317230224609,-7.203875541687012,-6.894860744476318,-7.002566337585449
-1.5339819192886353,0.8025846481323242,2.244948148727417,4.732192039489746,6.669392108917236,10.05591106414795,8.074440002441406,3.7359375953674316,1.0666671991348267,-3.844424247741699,-8.411195755004883,-11.508333206176758,-12.659012794494629,-9.756487846374512,-9.17245101928711,-8.397769927978516,-7.340658187866211,-8.191499710083008,-9.172355651855469,-10.012101173400879,-9.792082786560059,-9.205644607543945,-8.569403648376465,-8.30145263671875,-8.289297103881836,-8.688854217529297,-9.112061500549316,-9.022790908813477,-8.535415649414062,-8.188447952270508,-8.140180587768555,-8.096646308898926,-7.845378875732422,-7.566495418548584,-7.509727478027344,-7.505033016204834,-7.319446563720703,-7.016945838928223,-6.898473262786865,-7.205086708068848,-7.493865013122559,-7.405457019805908,-7.945656776428223
