data/wind_data/wind_34_7.json
{"header": {"parameterUnit": "KT", "parameterCategory": 2, "nx": 256, "ny": 198, "lo1": 44.73521041870117, "la1": -3.236724853515625, "lo2": 111.26478576660156, "la2": 43.468475341796875, "dx": 0.2609002888202667, "dy": -0.23708222806453705, "refTime": "2025-02-20 10:00:00", "forecastTime": 0, "parameterNumber": 2, "parameterNumberName": "eastward_wind"}, "data":
[rows 80 to 99 of 198, columns 0 to 43 of 256]
53.501670837402344,54.27394104003906,55.291568756103516,56.84359359741211,58.577903747558594,58.9669075012207,58.8434944152832,58.70011901855469,58.52165222167969,58.194461822509766,57.6961669921875,57.04856872558594,56.480857849121094,56.26966094970703,56.575557708740234,57.35971450805664,58.41065216064453,59.35386276245117,60.028541564941406,60.475242614746094,60.6807975769043,60.64655685424805,60.483131408691406,60.289554595947266,60.181793212890625,60.36769104003906,60.878814697265625,61.44112014770508,61.79401779174805,61.84033966064453,61.68856430053711,61.56526565551758,61.565372467041016,61.58567428588867,61.575897216796875,61.616943359375,61.74409484863281,61.880619049072266,62.000389099121094,62.10269546508789,62.16415023803711,62.114009857177734,61.82131576538086,61.342430114746094
56.3233642578125,56.85679244995117,57.9634895324707,59.66226577758789,61.54773712158203,61.88579177856445,61.49314880371094,61.13924026489258,60.980167388916016,60.87934494018555,60.65553283691406,60.235408782958984,59.754150390625,59.426109313964844,59.466983795166016,60.063323974609375,61.05085372924805,61.97477722167969,62.6905403137207,63.31114196777344,63.744789123535156,63.89882278442383,63.869407653808594,63.79473876953125,63.752262115478516,63.88728713989258,64.25273895263672,64.670166015625,64.87187194824219,64.78168487548828,64.5525894165039,64.43462371826172,64.50648498535156,64.63471984863281,64.7171859741211,64.74222564697266,64.75431060791016,64.81900787353516,64.9952621459961,65.1670150756836,65.24095916748047,65.28058624267578,65.177734375,64.8468017578125
59.67569351196289,59.61371994018555,60.86410140991211,62.815834045410156,64.55747985839844,64.66240692138672,64.20217895507812,63.99661636352539,64.03195190429688,64.0949935913086,64.01165008544922,63.74460983276367,63.34457778930664,62.86215591430664,62.54119873046875,62.80118179321289,63.6048583984375,64.436767578125,65.0894546508789,65.72071075439453,66.29711151123047,66.62673950195312,66.70980834960938,66.62821960449219,66.49575805664062,66.4423828125,66.54927825927734,66.76080322265625,66.84891510009766,66.67364501953125,66.39653015136719,66.27037048339844,66.3859634399414,66.62419128417969,66.81981658935547,66.90158081054688,66.85102844238281,66.78197479248047,66.89869689941406,67.09264373779297,67.11475372314453,67.04527282714844,66.9760971069336,66.77915954589844
61.835411071777344,61.377174377441406,62.42682647705078,64.18061065673828,65.95755004882812,66.2506332397461,66.0580062866211,66.1646728515625,66.46053314208984,66.64872741699219,66.66011810302734,66.53580474853516,66.26031494140625,65.69205474853516,65.07206726074219,65.01848602294922,65.62428283691406,66.34021759033203,66.90402221679688,67.444091796875,68.07099151611328,68.65728759765625,69.01058197021484,69.03367614746094,68.82918548583984,68.59822082519531,68.51093292236328,68.58367156982422,68.62503814697266,68.4706039428711,68.2109375,68.03449249267578,68.04742431640625,68.2352294921875,68.48849487304688,68.67265319824219,68.64967346191406,68.50005340576172,68.52290344238281,68.70588684082031,68.74002075195312,68.6424331665039,68.54875183105469,68.39952087402344
63.33901596069336,62.722877502441406,63.17670822143555,64.2623062133789,66.0024185180664,66.78443908691406,67.03116607666016,67.36237335205078,67.78412628173828,68.0471420288086,68.15281677246094,68.2212905883789,68.14766693115234,67.65404510498047,66.8971939086914,66.58050537109375,67.0297622680664,67.7844467163086,68.38201904296875,68.87020874023438,69.49351501464844,70.2536849975586,70.85488891601562,71.06206512451172,70.87066650390625,70.50729370117188,70.24647521972656,70.14441680908203,70.05760955810547,69.87641143798828,69.6836929321289,69.5551528930664,69.47296905517578,69.49352264404297,69.67853546142578,69.924560546875,70.03351593017578,69.98217010498047,70.01874542236328,70.21341705322266,70.32810974121094,70.30606842041016,70.24093627929688,70.1138916015625
64.72196197509766,63.62443542480469,63.73043441772461,64.79291534423828,66.16218566894531,67.04955291748047,67.65242004394531,68.24419403076172,68.79580688476562,69.18987274169922,69.42513275146484,69.6515121459961,69.76515197753906,69.44232940673828,68.70781707763672,68.18497467041016,68.42101287841797,69.1737060546875,69.87120819091797,70.37317657470703,70.91239929199219,71.58413696289062,72.1899642944336,72.4696044921875,72.37381744384766,72.05963134765625,71.7720947265625,71.58480072021484,71.39649200439453,71.19463348388672,71.09449005126953,71.09427642822266,71.04624938964844,70.96180725097656,70.9800033569336,71.12566375732422,71.26801300048828,71.37223815917969,71.55010986328125,71.80841064453125,72.02633666992188,72.11626434326172,72.05794525146484,71.86847686767578
66.17713165283203,64.4579086303711,64.33963775634766,65.68772888183594,66.6310806274414,67.25126647949219,67.93610382080078,68.75666809082031,69.5267562866211,70.22193908691406,70.77733612060547,71.16560363769531,71.35391235351562,71.15933227539062,70.55818939208984,69.99063873291016,69.99430084228516,70.5634994506836,71.2441635131836,71.74000549316406,72.12686920166016,72.54476165771484,72.94573211669922,73.21449279785156,73.29669952392578,73.25833129882812,73.24845886230469,73.25049591064453,73.1445541381836,72.99602508544922,72.96354675292969,73.05059051513672,73.09712982177734,73.04222106933594,72.96353912353516,72.95413970947266,72.99217987060547,73.08324432373047,73.29874420166016,73.57977294921875,73.80996704101562,73.92351531982422,73.8555679321289,73.58468627929688
69.01028442382812,67.295654296875,66.83265686035156,67.70398712158203,68.34693145751953,68.71154022216797,69.29013061523438,70.16891479492188,71.00878143310547,71.79529571533203,72.52230834960938,73.02920532226562,73.22410583496094,73.09740447998047,72.67147827148438,72.16938781738281,71.96339416503906,72.24354553222656,72.76532745361328,73.15193939208984,73.31896209716797,73.41778564453125,73.5727767944336,73.7825927734375,74.00517272949219,74.2693099975586,74.65605926513672,75.07305908203125,75.28079223632812,75.22410583496094,75.1471176147461,75.19328308105469,75.25960540771484,75.26107025146484,75.20258331298828,75.15365600585938,75.07190704345703,74.9922103881836,74.99310302734375,75.09440612792969,75.20052337646484,75.21790313720703,75.08907318115234,74.7791519165039
72.61263275146484,70.36134338378906,69.86190032958984,70.3127670288086,70.82011413574219,71.07951354980469,71.60999298095703,72.45249938964844,73.1665267944336,73.75269317626953,74.34205627441406,74.76561737060547,74.89362335205078,74.85213470458984,74.65419006347656,74.29137420654297,74.01656341552734,74.14766693115234,74.59741973876953,74.9279556274414,74.93212127685547,74.79125213623047,74.74526977539062,74.8507308959961,75.06795501708984,75.41029357910156,76.01087188720703,76.78116607666016,77.33796691894531,77.4938735961914,77.43207550048828,77.36990356445312,77.31178283691406,77.2595443725586,77.21300506591797,77.1706771850586,77.04875183105469,76.8109130859375,76.52478790283203,76.30633544921875,76.1880111694336,76.09032440185547,75.9161376953125,75.59471130371094
75.49108123779297,72.98274230957031,72.01116180419922,72.03370666503906,72.48502349853516,72.72554016113281,73.0373306274414,73.62196350097656,74.27362823486328,74.86054229736328,75.3551025390625,75.65563201904297,75.75634002685547,75.86200714111328,75.9788818359375,75.91361236572266,75.82740783691406,76.06017303466797,76.59051513671875,76.99707794189453,77.01316833496094,76.80486297607422,76.64423370361328,76.61888122558594,76.71199035644531,76.95767211914062,77.49996185302734,78.33612823486328,79.05921936035156,79.34923553466797,79.34175872802734,79.27682495117188,79.18692779541016,79.05950164794922,78.9567642211914,78.90339660644531,78.78766632080078,78.46994018554688,77.97435760498047,77.46630859375,77.11367797851562,76.92378997802734,76.7661361694336,76.48238372802734
77.85383605957031,75.19156646728516,73.60979461669922,73.0506591796875,73.51013946533203,73.7618408203125,73.69346618652344,73.83502197265625,74.3560791015625,75.00875854492188,75.5390853881836,75.81575775146484,75.91242218017578,76.11310577392578,76.49614715576172,76.81478881835938,77.04459381103516,77.4946517944336,78.1633071899414,78.67532348632812,78.79761505126953,78.64714050292969,78.45227813720703,78.31670379638672,78.2983169555664,78.43802642822266,78.83826446533203,79.5505599975586,80.28417205810547,80.6672134399414,80.68333435058594,80.57270812988281,80.4781723022461,80.36951446533203,80.25202178955078,80.17094421386719,80.06686401367188,79.7457046508789,79.1377182006836,78.42916870117188,77.8394775390625,77.46747589111328,77.24127197265625,76.98587799072266
79.46745300292969,77.32295989990234,76.09098052978516,75.42253875732422,75.84168243408203,76.12918090820312,76.00653839111328,75.8567123413086,75.96685028076172,76.35818481445312,76.79173278808594,76.99989318847656,76.93839263916016,76.91045379638672,77.19095611572266,77.63162231445312,78.0632553100586,78.61868286132812,79.32991027832031,79.89999389648438,80.09776306152344,79.9754638671875,79.722900390625,79.52909851074219,79.50052642822266,79.6406478881836,79.96408081054688,80.51233673095703,81.1468734741211,81.57083129882812,81.6734848022461,81.57794952392578,81.40071105957031,81.21013641357422,81.08633422851562,81.03052520751953,80.91574096679688,80.5365982055664,79.86048889160156,79.0743637084961,78.33468627929688,77.72215270996094,77.25860595703125,76.89075469970703
80.44603729248047,79.23590087890625,78.9320297241211,78.56045532226562,78.8503646850586,79.13558197021484,79.0660400390625,78.72089385986328,78.44760131835938,78.47906494140625,78.69680786132812,78.813720703125,78.65772247314453,78.38610076904297,78.3420639038086,78.62429809570312,79.10374450683594,79.73238372802734,80.44954681396484,81.04963684082031,81.31758117675781,81.21581268310547,80.92240905761719,80.67416381835938,80.63917541503906,80.8099594116211,81.10513305664062,81.51222229003906,81.99149322509766,82.38997650146484,82.5909652709961,82.5995864868164,82.43698120117188,82.15664672851562,81.90621185302734,81.7562026977539,81.5566177368164,81.06665802001953,80.32696533203125,79.54684448242188,78.82694244384766,78.13999938964844,77.4961166381836,76.97479248046875
81.06177520751953,80.50996398925781,80.75476837158203,80.74054718017578,81.0403823852539,81.4058609008789,81.38555145263672,80.96968078613281,80.42575073242188,80.05809783935547,80.04254150390625,80.18038940429688,80.1761474609375,79.95672607421875,79.7334976196289,79.77507019042969,80.15628814697266,80.8258285522461,81.61752319335938,82.3122787475586,82.68355560302734,82.64720916748047,82.3134765625,81.97827911376953,81.86953735351562,81.98085021972656,82.18634796142578,82.4349365234375,82.74528503417969,83.06378936767578,83.31854248046875,83.44506072998047,83.40058135986328,83.1816635131836,82.85509490966797,82.54492950439453,82.21185302734375,81.67031860351562,80.93354034423828,80.23004913330078,79.64222717285156,79.05724334716797,78.43163299560547,77.86023712158203
81.41935729980469,81.14418029785156,81.69752502441406,82.18820190429688,82.69412231445312,83.35143280029297,83.6047592163086,83.26287078857422,82.55557250976562,81.87799072265625,81.54625701904297,81.54353332519531,81.64166259765625,81.6232681274414,81.45333099365234,81.32296752929688,81.45875549316406,81.9430160522461,82.6791000366211,83.42265319824219,83.93077850341797,84.01187896728516,83.67794036865234,83.22125244140625,82.94355773925781,82.87913513183594,82.911865234375,82.98169708251953,83.12200164794922,83.36019897460938,83.67498779296875,83.97120666503906,84.1600570678711,84.19158935546875,84.0355453491211,83.75717163085938,83.37691497802734,82.8228530883789,82.13961029052734,81.50487518310547,80.94904327392578,80.36969757080078,79.7507553100586,79.18579864501953
82.66847229003906,82.20801544189453,82.73185729980469,83.4412841796875,84.0839614868164,85.00521087646484,85.55422973632812,85.36906433105469,84.68559265136719,83.85848999023438,83.1856460571289,82.83224487304688,82.83443450927734,83.00228881835938,83.066162109375,82.98321533203125,82.90359497070312,83.02163696289062,83.44884490966797,84.09492492675781,84.68894958496094,84.92707061767578,84.69991302490234,84.22765350341797,83.79052734375,83.49972534179688,83.3451156616211,83.31195831298828,83.40409851074219,83.65229797363281,84.05927276611328,84.52850341796875,84.94461059570312,85.24132537841797,85.33338928222656,85.22100830078125,84.88825225830078,84.31861877441406,83.63842010498047,82.95799255371094,82.24059295654297,81.46955108642578,80.74391174316406,80.27932739257812
84.63197326660156,84.0870361328125,84.25418853759766,84.73259735107422,85.15524291992188,86.04029846191406,86.83218383789062,86.9114761352539,86.36962127685547,85.5343017578125,84.59976959228516,83.90084075927734,83.75545501708984,84.02641296386719,84.33507537841797,84.46693420410156,84.40554809570312,84.29100036621094,84.37989044189453,84.78990173339844,85.33638763427734,85.67735290527344,85.61358642578125,85.23849487304688,84.74809265136719,84.26803588867188,83.90904998779297,83.7822494506836,83.90504455566406,84.23859405517578,84.72587585449219,85.25045776367188,85.71289825439453,86.07572174072266,86.267333984375,86.2541275024414,86.00580596923828,85.50901794433594,84.86970520019531,84.13859558105469,83.26441192626953,82.34132385253906,81.62743377685547,81.41403198242188
86.57107543945312,86.46001434326172,86.49595642089844,86.64344787597656,86.67449951171875,87.30474853515625,88.20783233642578,88.53873443603516,88.25250244140625,87.62398529052734,86.68755340576172,85.8050308227539,85.4781265258789,85.68115997314453,86.02809143066406,86.23847961425781,86.23204040527344,86.11121368408203,86.09807586669922,86.33504486083984,86.71484375,86.95307159423828,86.88379669189453,86.56427764892578,86.08243560791016,85.49252319335938,84.94035339355469,84.62564849853516,84.6435546875,84.9610595703125,85.47002410888672,85.98102569580078,86.37615203857422,86.64881896972656,86.79143524169922,86.79610443115234,86.63848114013672,86.29302978515625,85.82075500488281,85.17402648925781,84.29407501220703,83.3873062133789,82.82451629638672,82.8084716796875
88.52772521972656,88.93436431884766,89.13862609863281,89.1213607788086,88.95217895507812,89.20997619628906,89.89876556396484,90.40930938720703,90.43301391601562,90.08659362792969,89.4275894165039,88.61247253417969,88.11759185791016,88.09843444824219,88.1919174194336,88.11832427978516,87.90818786621094,87.76505279541016,87.83964538574219,88.1233901977539,88.41632080078125,88.47587585449219,88.2681655883789,87.9128189086914,87.43721771240234,86.817626953125,86.13943481445312,85.6136474609375,85.43006896972656,85.59925079345703,86.01612854003906,86.49053192138672,86.82656860351562,86.98751831054688,87.04398345947266,87.04185485839844,86.9433822631836,86.73271179199219,86.42797088623047,85.95310974121094,85.2257080078125,84.4610595703125,84.02611541748047,83.99677276611328
90.54890441894531,90.5671157836914,90.7558364868164,90.7215576171875,90.41450500488281,90.21186828613281,90.5634536743164,91.28695678710938,91.76824188232422,91.78431701660156,91.36187744140625,90.64143371582031,90.12022399902344,89.97407531738281,89.7602767944336,89.21953582763672,88.61236572265625,88.31352233886719,88.486572265625,88.94110870361328,89.33096313476562,89.4560546875,89.33605194091797,89.03787994384766,88.59490966796875,87.99072265625,87.23672485351562,86.51637268066406,86.0553207397461,85.9396743774414,86.12814331054688,86.48226165771484,86.76254272460938,86.84918975830078,86.83527374267578,86.81965637207031,86.80207824707031,86.75140380859375,86.62577819824219,86.32819366455078,85.8105697631836,85.27823638916016,84.93798065185547,84.76520538330078
