data/wind_data/wind_58_5.json
{"header": {"parameterUnit": "KT", "parameterCategory": 2, "nx": 256, "ny": 198, "lo1": 44.73521041870117, "la1": -3.236724853515625, "lo2": 111.26478576660156, "la2": 43.468475341796875, "dx": 0.2609002888202667, "dy": -0.23708222806453705, "refTime": "2025-02-21 10:00:00", "forecastTime": 0, "parameterNumber": 2, "parameterNumberName": "eastward_wind"}, "data":
[rows 57 to 75 of 198, columns 0 to 43 of 256]
-8.42318058013916,-9.442909240722656,-9.760754585266113,-10.314363479614258,-10.505514144897461,-10.75859260559082,-10.783195495605469,-10.599969863891602,-11.011977195739746,-11.344369888305664,-11.346233367919922,-11.326683044433594,-11.465909004211426,-11.247811317443848,-10.643135070800781,-10.277493476867676,-10.240588188171387,-10.64557933807373,-11.473491668701172,-12.040024757385254,-12.359333038330078,-12.688155174255371,-11.804140090942383,-10.213062286376953,-10.180800437927246,-10.99852180480957,-11.67516803741455,-11.999361991882324,-12.096211433410645,-12.034788131713867,-12.148812294006348,-12.449139595031738,-12.737796783447266,-12.904522895812988,-13.106987953186035,-13.288348197937012,-13.416086196899414,-13.502702713012695,-13.717028617858887,-14.059000015258789,-14.133094787597656,-13.963968276977539,-13.807405471801758,-13.966655731201172
-7.493749141693115,-8.490314483642578,-8.649523735046387,-9.277937889099121,-9.865972518920898,-9.7792329788208,-9.837531089782715,-9.342339515686035,-9.410820007324219,-9.81931209564209,-9.956679344177246,-9.987617492675781,-10.120658874511719,-10.088476181030273,-9.97905445098877,-9.869405746459961,-9.448440551757812,-9.25545597076416,-10.095553398132324,-11.106050491333008,-11.411643981933594,-11.301194190979004,-10.681541442871094,-9.913228988647461,-9.577406883239746,-9.56546688079834,-9.94925308227539,-10.31873893737793,-10.47713851928711,-10.552388191223145,-10.729354858398438,-11.06760025024414,-11.32473087310791,-11.423728942871094,-11.62501049041748,-11.896610260009766,-12.11782455444336,-12.22920036315918,-12.44774341583252,-12.772753715515137,-12.846949577331543,-12.702186584472656,-12.566308975219727,-12.568503379821777
-6.458320140838623,-7.48600959777832,-7.468791484832764,-7.936419486999512,-8.759563446044922,-8.43840503692627,-8.642874717712402,-8.321125984191895,-8.318403244018555,-8.494226455688477,-8.516218185424805,-8.593863487243652,-8.713295936584473,-8.814263343811035,-8.903032302856445,-8.863351821899414,-8.544546127319336,-8.341499328613281,-8.708334922790527,-9.4487886428833,-10.047350883483887,-10.114736557006836,-9.674972534179688,-9.225016593933105,-8.802556991577148,-8.363588333129883,-8.355046272277832,-8.494173049926758,-8.642044067382812,-8.789101600646973,-8.9091157913208,-9.127829551696777,-9.480908393859863,-9.717341423034668,-9.700979232788086,-9.866580963134766,-10.346536636352539,-10.680899620056152,-10.938104629516602,-11.270116806030273,-11.515728950500488,-11.508784294128418,-11.323369979858398,-11.181292533874512
-5.3168768882751465,-6.50089693069458,-6.22567892074585,-6.232789516448975,-6.944704055786133,-6.800621032714844,-6.968025207519531,-6.750295162200928,-6.874948024749756,-6.9843645095825195,-7.1261162757873535,-7.268937587738037,-7.326672554016113,-7.4122467041015625,-7.540957450866699,-7.606856346130371,-7.518052577972412,-7.471099376678467,-7.686911582946777,-8.21306037902832,-8.671195030212402,-8.649853706359863,-8.301694869995117,-7.993773460388184,-7.670382022857666,-7.281123638153076,-7.028623580932617,-6.901754379272461,-6.950417518615723,-7.085202217102051,-7.067552089691162,-7.074446201324463,-7.3500261306762695,-7.695749282836914,-7.594493389129639,-7.3871870040893555,-7.91367244720459,-8.723814964294434,-9.321444511413574,-9.689644813537598,-10.068668365478516,-10.282846450805664,-10.242569923400879,-10.142776489257812
-4.27838659286499,-4.929129600524902,-4.639911651611328,-4.379680633544922,-4.69063138961792,-4.83344841003418,-4.867166042327881,-4.49398946762085,-4.616606712341309,-4.818221092224121,-5.208957195281982,-5.691108703613281,-5.880067348480225,-5.832407474517822,-5.863422393798828,-6.072467803955078,-6.310711860656738,-6.415513038635254,-6.527407646179199,-7.026291370391846,-7.573730945587158,-7.664098262786865,-7.160976409912109,-6.4863176345825195,-6.184035778045654,-6.140814304351807,-5.87345027923584,-5.527002811431885,-5.449758052825928,-5.51638650894165,-5.537991046905518,-5.474629878997803,-5.538345813751221,-5.686870574951172,-5.753929138183594,-5.779717922210693,-6.187811851501465,-6.959438323974609,-7.7354021072387695,-8.202134132385254,-8.685637474060059,-9.050848960876465,-9.139739036560059,-9.192325592041016
-3.1333906650543213,-3.366792678833008,-2.936802387237549,-2.537926435470581,-2.0969624519348145,-2.310335397720337,-2.5820226669311523,-2.1780524253845215,-2.065840244293213,-2.2123727798461914,-2.736391544342041,-3.4391965866088867,-3.9398772716522217,-4.108252048492432,-4.234076976776123,-4.4926438331604,-4.822812080383301,-5.121910572052002,-5.341727256774902,-5.777459621429443,-6.345215797424316,-6.585244178771973,-6.331694602966309,-5.682316780090332,-5.040884017944336,-4.702621936798096,-4.569807052612305,-4.413279056549072,-4.252620697021484,-4.1564621925354,-4.205236911773682,-4.146424770355225,-4.042408466339111,-4.087616443634033,-4.278195858001709,-4.70371150970459,-5.290239334106445,-5.872631072998047,-6.383987903594971,-6.756031036376953,-7.130601406097412,-7.5893049240112305,-7.800288200378418,-7.893339157104492
-1.430020809173584,-0.1842350959777832,-0.5875837802886963,-0.5152872800827026,0.18262703716754913,0.7989234328269958,0.2530580759048462,0.10691966861486435,0.1564440280199051,0.422802209854126,0.11457807570695877,-0.8638166785240173,-1.694189190864563,-2.14902925491333,-2.551297187805176,-2.9608333110809326,-3.2828781604766846,-3.5729079246520996,-3.898210048675537,-4.419516563415527,-5.033290863037109,-5.330500602722168,-5.289647579193115,-5.083166122436523,-4.713401794433594,-4.015299320220947,-3.395310163497925,-3.268954038619995,-3.3445260524749756,-3.299098253250122,-3.223259449005127,-3.075887441635132,-2.753570079803467,-2.39217472076416,-2.4155166149139404,-2.9093406200408936,-3.6418471336364746,-4.424127578735352,-4.999853610992432,-5.294534683227539,-5.484227180480957,-5.792242527008057,-6.125117778778076,-6.326213359832764
0.661352813243866,1.4980182647705078,1.6737748384475708,1.907308578491211,2.2486391067504883,3.2055647373199463,3.260706901550293,2.7842562198638916,2.2388556003570557,2.3691136837005615,2.5465917587280273,1.9672991037368774,0.9055119752883911,-0.050702404230833054,-0.757612943649292,-1.323230504989624,-1.7066600322723389,-1.9932961463928223,-2.306175708770752,-2.845661163330078,-3.5515787601470947,-3.9936482906341553,-4.1309404373168945,-4.132563591003418,-4.0089616775512695,-3.498164653778076,-2.8140716552734375,-2.3454959392547607,-2.3188304901123047,-2.5781219005584717,-2.5968289375305176,-2.351430892944336,-2.112405300140381,-1.618658423423767,-1.0794001817703247,-1.0046271085739136,-1.489709496498108,-2.2901172637939453,-3.0881032943725586,-3.6374905109405518,-3.9387028217315674,-4.12135648727417,-4.377179145812988,-4.623228073120117
2.955134630203247,5.734361171722412,5.132607936859131,5.28179931640625,5.6397175788879395,5.733020305633545,5.436394691467285,4.894059181213379,4.633266925811768,4.964479446411133,5.393404960632324,4.896331310272217,3.5205602645874023,2.2843995094299316,1.2913689613342285,0.42792177200317383,-0.10171347111463547,-0.3004368245601654,-0.5263515710830688,-1.1505576372146606,-1.9542597532272339,-2.4765195846557617,-2.745067834854126,-2.9161229133605957,-2.9759676456451416,-2.597167730331421,-1.9330294132232666,-1.428027868270874,-1.2493685483932495,-1.3597053289413452,-1.5537248849868774,-1.5039600133895874,-1.2779561281204224,-0.8983210921287537,-0.28371089696884155,0.1620909869670868,0.15932928025722504,-0.1475515514612198,-0.7504004836082458,-1.4077907800674438,-1.9626027345657349,-2.4130101203918457,-2.696491003036499,-2.856224775314331
5.45369815826416,7.920379161834717,7.7818427085876465,8.328424453735352,7.961880207061768,7.655544757843018,7.6399245262146,7.011955738067627,6.5194549560546875,6.391252040863037,6.720937252044678,7.107704162597656,6.595868110656738,4.949547290802002,3.2901413440704346,2.172173023223877,1.5089290142059326,1.3261892795562744,1.2713958024978638,0.7756265997886658,-0.16144917905330658,-0.7753922939300537,-1.1729599237442017,-1.5205130577087402,-1.6856887340545654,-1.560733437538147,-1.078252911567688,-0.44044730067253113,-0.13329166173934937,-0.06663753092288971,-0.07849947363138199,-0.06333809345960617,-0.03375459834933281,0.11084332317113876,0.5691416263580322,1.241286039352417,1.5729962587356567,1.4252022504806519,1.2029412984848022,0.8917895555496216,0.344190388917923,-0.3542321026325226,-0.8377315402030945,-1.0939725637435913
7.644028663635254,8.725165367126465,9.078627586364746,10.056406021118164,9.814096450805664,8.721870422363281,8.775343894958496,8.673773765563965,8.385513305664062,8.293719291687012,7.8128662109375,7.483204364776611,7.704111099243164,8.017542839050293,7.080031394958496,5.15671968460083,3.4945735931396484,2.766801357269287,2.7341513633728027,2.563419818878174,1.8663902282714844,1.0497715473175049,0.5046917200088501,0.03263773024082184,-0.17581675946712494,-0.2489430457353592,-0.13330672681331635,0.3708726167678833,0.7603617310523987,0.8390166163444519,1.0308195352554321,1.1100261211395264,1.347217321395874,1.5039355754852295,1.4943222999572754,1.8023746013641357,2.483088970184326,2.8979790210723877,2.8386006355285645,2.5121617317199707,2.09381365776062,1.5262104272842407,0.9879944324493408,0.5835278034210205
9.569756507873535,10.832666397094727,10.747716903686523,11.189146041870117,11.39210033416748,10.165607452392578,9.837407112121582,9.945990562438965,9.874787330627441,9.651601791381836,9.492563247680664,8.777753829956055,7.976612091064453,7.946620464324951,8.621582984924316,8.751073837280273,7.402955532073975,4.986052989959717,3.865076780319214,3.9876391887664795,3.7723774909973145,2.9649715423583984,2.1234800815582275,1.6022752523422241,1.477487325668335,1.4583930969238281,1.259572148323059,1.1557756662368774,1.3564093112945557,1.4861098527908325,1.7556473016738892,1.9091216325759888,2.1296184062957764,2.490471363067627,2.6191279888153076,2.5874671936035156,2.7916259765625,3.3032541275024414,3.726200580596924,3.676060438156128,3.237274169921875,2.644041061401367,2.2057948112487793,1.9051035642623901
11.399942398071289,12.523566246032715,12.236079216003418,12.48030948638916,12.531225204467773,11.938355445861816,11.696876525878906,11.832425117492676,12.141488075256348,11.848997116088867,10.937448501586914,10.1600341796875,9.642038345336914,9.352950096130371,9.500992774963379,9.741639137268066,9.895122528076172,8.504436492919922,6.60850191116333,5.782549858093262,5.510308265686035,4.980954647064209,4.101980209350586,3.375164031982422,3.1738786697387695,3.242464780807495,3.0977184772491455,2.6083357334136963,2.284215211868286,2.1920034885406494,2.3270015716552734,2.6782114505767822,2.9021146297454834,3.1174070835113525,3.357271432876587,3.4375686645507812,3.4190220832824707,3.5869503021240234,3.909775733947754,4.079728603363037,3.8501102924346924,3.289360284805298,2.8988893032073975,2.8210196495056152
13.281431198120117,13.849109649658203,13.566740036010742,13.969025611877441,14.387064933776855,13.851944923400879,13.51312255859375,13.415630340576172,13.687164306640625,13.784917831420898,13.116937637329102,11.932286262512207,11.26119327545166,11.19615364074707,11.328669548034668,11.400301933288574,10.911028861999512,10.760858535766602,10.550898551940918,10.427715301513672,10.249456405639648,9.106701850891113,7.2878737449646,5.940343856811523,5.325760364532471,5.0836029052734375,4.809693336486816,4.3083415031433105,3.859616279602051,3.389519214630127,3.093607187271118,3.328933000564575,3.623669385910034,3.79325532913208,3.877516269683838,3.9509048461914062,4.08439302444458,4.255239486694336,4.340505123138428,4.263772010803223,4.00460147857666,3.5474863052368164,3.185298204421997,3.213975429534912
14.858185768127441,15.68517780303955,15.070818901062012,15.280081748962402,16.21824073791504,15.715028762817383,15.38134765625,15.209141731262207,15.317458152770996,15.58481502532959,15.419082641601562,14.767717361450195,14.156188011169434,13.969521522521973,13.72697925567627,13.433075904846191,12.980399131774902,12.758954048156738,13.048596382141113,13.266047477722168,13.44973373413086,13.583309173583984,12.975351333618164,10.99229621887207,8.973440170288086,8.274433135986328,7.571843147277832,6.466567516326904,5.684670448303223,5.100893020629883,4.360752582550049,4.113781929016113,4.2965407371521,4.373604774475098,4.188793659210205,4.136237621307373,4.47752571105957,4.931450366973877,5.145456314086914,4.866757392883301,4.392014980316162,3.90374493598938,3.540249824523926,3.3577823638916016
16.188207626342773,17.40389633178711,16.281827926635742,16.241355895996094,17.39930534362793,17.273168563842773,17.0612850189209,17.102460861206055,17.40700912475586,17.823951721191406,18.05485725402832,17.900978088378906,17.338438034057617,16.658222198486328,16.323942184448242,16.168167114257812,15.708711624145508,15.11471939086914,14.934494972229004,15.072532653808594,15.099839210510254,14.886767387390137,14.881708145141602,15.114888191223145,14.499556541442871,13.004877090454102,10.85374927520752,8.79033088684082,7.749040603637695,6.997061252593994,6.097323417663574,5.386265754699707,5.528601169586182,5.620110988616943,5.308340549468994,4.637197017669678,4.61478328704834,5.22227144241333,5.865339756011963,5.853974342346191,5.376404285430908,4.798132419586182,4.250311374664307,3.8415839672088623
17.474458694458008,19.50001335144043,17.893184661865234,17.422346115112305,18.451400756835938,18.45284652709961,18.391550064086914,18.670042037963867,19.152454376220703,19.568254470825195,19.847490310668945,19.528385162353516,18.897811889648438,18.427827835083008,18.42779541015625,18.638731002807617,18.31953239440918,17.53713035583496,16.83757972717285,16.894433975219727,17.058361053466797,16.50827407836914,16.11212921142578,16.695716857910156,17.47134780883789,16.78937339782715,14.214922904968262,11.57343578338623,10.11801528930664,8.752952575683594,7.600094318389893,6.900075912475586,6.690731525421143,6.633905410766602,6.664766788482666,6.261929988861084,5.729940414428711,5.650851726531982,6.21152400970459,6.710400581359863,6.615772247314453,6.094546794891357,5.335854530334473,4.687032222747803
18.549612045288086,18.97602653503418,18.724098205566406,18.48179054260254,19.24640655517578,19.147157669067383,19.278257369995117,19.894926071166992,20.52251434326172,20.89505386352539,20.802091598510742,20.206384658813477,19.800138473510742,19.597110748291016,19.72240447998047,20.209766387939453,20.21881103515625,19.44237518310547,18.73841667175293,18.706806182861328,18.969179153442383,18.795305252075195,18.50028419494629,17.9434871673584,17.460803985595703,17.54266357421875,16.962100982666016,14.87813663482666,12.143218040466309,10.042339324951172,8.843997955322266,8.441997528076172,7.896851062774658,7.332866191864014,7.268552303314209,7.190579891204834,6.949628829956055,6.677934646606445,6.711663722991943,7.137896537780762,7.421708106994629,7.136736869812012,6.365944862365723,5.50759744644165
21.174781799316406,20.71668243408203,20.42940330505371,20.307161331176758,20.939525604248047,20.70777130126953,20.79741859436035,21.392539978027344,21.815505981445312,21.763809204101562,21.305089950561523,20.917648315429688,20.944459915161133,20.898609161376953,20.92337989807129,21.486711502075195,21.767574310302734,20.985858917236328,20.1291446685791,19.891555786132812,20.055538177490234,20.33023452758789,20.359468460083008,19.08458709716797,16.888816833496094,16.10824966430664,17.030879974365234,17.529605865478516,15.518731117248535,12.18397331237793,10.000447273254395,9.351807594299316,8.846309661865234,8.204899787902832,7.883706569671631,7.850122451782227,7.893784046173096,7.786007404327393,7.652799606323242,7.676271438598633,7.7567877769470215,7.618624210357666,7.0859293937683105,6.347537517547607
