data/wind_data/wind_61_5.json
{"header": {"parameterUnit": "KT", "parameterCategory": 2, "nx": 256, "ny": 198, "lo1": 44.73521041870117, "la1": -3.236724853515625, "lo2": 111.26478576660156, "la2": 43.468475341796875, "dx": 0.2609002888202667, "dy": -0.23708222806453705, "refTime": "2025-02-21 13:00:00", "forecastTime": 0, "parameterNumber": 2, "parameterNumberName": "eastward_wind"}, "data":
[rows 38 to 56 of 198, columns 176 to 219 of 256]
-6.428284645080566,-8.422979354858398,-10.663021087646484,-11.672050476074219,-10.426822662353516,-7.652515888214111,-5.545853614807129,-4.910919189453125,-4.905289649963379,-5.028051853179932,-6.035223007202148,-7.568966865539551,-6.7923407554626465,-6.626169204711914,-5.82352352142334,-7.335768699645996,-8.600544929504395,-9.103536605834961,-9.482330322265625,-9.98227596282959,-10.198832511901855,-9.916974067687988,-9.513538360595703,-9.085838317871094,-8.921236038208008,-8.428373336791992,-7.519496917724609,-6.371623516082764,-5.378651142120361,-4.85784912109375,-4.540480136871338,-4.078344821929932,-3.780397891998291,-4.0008368492126465,-4.06147575378418,-3.796154499053955,-2.8145415782928467,-1.6940957307815552,-0.9992625117301941,-0.9324017763137817,-1.7204058170318604,-2.6441824436187744,-3.6617095470428467,-4.795892238616943
-7.744962215423584,-9.311479568481445,-9.010825157165527,-6.886660575866699,-3.5911965370178223,-2.464540958404541,-2.5313379764556885,-3.3429954051971436,-3.5140435695648193,-3.146404504776001,-4.6962385177612305,-6.692712306976318,-7.213918685913086,-6.8334455490112305,-7.150826454162598,-8.296079635620117,-9.817500114440918,-10.107474327087402,-9.955694198608398,-9.850693702697754,-10.207808494567871,-10.256749153137207,-9.863837242126465,-9.460213661193848,-9.152032852172852,-8.429542541503906,-7.338863372802734,-6.229659080505371,-5.503815174102783,-5.473095417022705,-5.617021560668945,-4.807939529418945,-3.7652297019958496,-3.936156749725342,-4.074955940246582,-3.7266311645507812,-2.8918676376342773,-2.0945305824279785,-1.603448748588562,-2.0106287002563477,-2.355557680130005,-2.8498611450195312,-3.708108425140381,-5.198635101318359
-7.59921407699585,-9.421414375305176,-8.162755966186523,-4.954281806945801,-2.560288906097412,-2.795520305633545,-2.4019694328308105,-4.4191718101501465,-5.605653762817383,-5.338629245758057,-5.855655193328857,-7.121415615081787,-8.274871826171875,-8.690653800964355,-8.839783668518066,-9.224359512329102,-9.988749504089355,-10.393548965454102,-10.073083877563477,-9.907181739807129,-10.34829044342041,-10.287343978881836,-9.73914623260498,-9.161422729492188,-8.717763900756836,-8.017765998840332,-7.2287116050720215,-6.768709182739258,-6.4153313636779785,-6.594683647155762,-6.732996940612793,-5.750518798828125,-4.736225128173828,-4.151914596557617,-3.9682259559631348,-3.7644193172454834,-3.4777870178222656,-3.7894012928009033,-2.888138771057129,-3.328218936920166,-3.3711605072021484,-3.179128885269165,-3.678058624267578,-4.900060653686523
-5.0829548835754395,-6.085811138153076,-5.751315116882324,-4.333748817443848,-2.450612783432007,-1.6377532482147217,-2.3235230445861816,-4.469415187835693,-6.080255031585693,-5.995837211608887,-5.681447505950928,-6.936530113220215,-9.0758695602417,-10.134960174560547,-9.765303611755371,-9.45261001586914,-9.671222686767578,-10.055127143859863,-9.956172943115234,-9.752786636352539,-9.826272010803223,-9.607355117797852,-9.052101135253906,-8.338709831237793,-7.784564018249512,-7.317941188812256,-7.007953643798828,-7.514564037322998,-7.286971569061279,-7.294161319732666,-7.355983257293701,-6.855327606201172,-5.810868740081787,-4.560957908630371,-3.7202048301696777,-3.834432601928711,-4.52197790145874,-5.048777103424072,-4.9566802978515625,-4.7320075035095215,-4.035057544708252,-3.252735137939453,-3.4375438690185547,-4.508396625518799
-3.449263572692871,-4.393667221069336,-3.879138946533203,-2.8846983909606934,-2.19136381149292,-1.5506550073623657,-2.3997201919555664,-3.624375820159912,-5.644495010375977,-6.31618070602417,-6.177786350250244,-6.905704975128174,-8.681497573852539,-10.12989330291748,-9.60957145690918,-9.217384338378906,-9.468886375427246,-9.79866886138916,-9.665120124816895,-9.533907890319824,-9.133252143859863,-8.52206802368164,-7.938222885131836,-7.55110502243042,-7.380748748779297,-6.921818733215332,-6.605600833892822,-7.735543727874756,-7.934607982635498,-7.477834701538086,-7.261359214782715,-6.917147636413574,-6.633561611175537,-4.631768703460693,-3.9075541496276855,-4.619898796081543,-5.346999645233154,-5.631755352020264,-6.055958271026611,-5.471049785614014,-4.398110866546631,-3.285069227218628,-3.3514151573181152,-4.387657165527344
-2.220146894454956,-2.0030629634857178,-1.5132390260696411,-0.9997362494468689,-1.1766884326934814,-1.5302249193191528,-3.4656174182891846,-5.089511394500732,-5.972757816314697,-8.457972526550293,-9.327412605285645,-9.337995529174805,-9.618115425109863,-10.52685546875,-10.731026649475098,-10.741355895996094,-10.518885612487793,-10.174894332885742,-9.628497123718262,-9.22346305847168,-8.430532455444336,-7.565662384033203,-7.027791976928711,-7.376906394958496,-7.847024917602539,-7.168318271636963,-7.335305690765381,-8.819296836853027,-9.717418670654297,-7.640320301055908,-7.8145928382873535,-7.440176486968994,-6.432794094085693,-4.480738162994385,-4.553127288818359,-5.566711902618408,-5.561643123626709,-5.429946422576904,-6.031369209289551,-5.999481201171875,-5.161031723022461,-3.9557323455810547,-3.716264009475708,-4.640312671661377
-3.098167896270752,-2.981379747390747,-1.9838464260101318,-1.5369447469711304,-1.9147483110427856,-2.2800302505493164,-3.9146509170532227,-4.742467403411865,-6.57850456237793,-9.778517723083496,-12.20789909362793,-12.517993927001953,-12.251307487487793,-13.002029418945312,-13.65043830871582,-13.312564849853516,-11.87458324432373,-10.485998153686523,-9.546189308166504,-8.562028884887695,-7.594769477844238,-6.860409259796143,-6.779582500457764,-7.691790580749512,-8.333503723144531,-10.057525634765625,-13.331404685974121,-11.982765197753906,-10.417091369628906,-8.886993408203125,-7.346196174621582,-7.583199977874756,-6.647511959075928,-5.356659412384033,-5.541574001312256,-6.58505392074585,-6.368595123291016,-5.494464874267578,-5.677727222442627,-6.34777307510376,-6.148471355438232,-4.965646743774414,-4.872036457061768,-5.2640275955200195
-3.699082374572754,-4.385608673095703,-4.047991752624512,-3.620962381362915,-3.9878342151641846,-3.789011001586914,-4.046322345733643,-5.3779683113098145,-6.073355197906494,-7.031828880310059,-10.75606632232666,-13.44511890411377,-14.15758228302002,-14.457437515258789,-14.060030937194824,-12.802762985229492,-11.144394874572754,-9.406586647033691,-8.195265769958496,-7.2945356369018555,-6.6278181076049805,-6.19209098815918,-6.370926380157471,-7.362497329711914,-8.123941421508789,-13.23074722290039,-16.28497886657715,-11.574488639831543,-8.856915473937988,-8.8059720993042,-6.140840530395508,-6.945887088775635,-7.695573329925537,-6.7509684562683105,-6.107152938842773,-7.113054275512695,-7.519109725952148,-6.879425048828125,-6.498978614807129,-6.149003982543945,-6.341917991638184,-5.495409965515137,-5.569917678833008,-5.954921245574951
-4.217299461364746,-4.753252983093262,-4.757976531982422,-4.411839485168457,-4.236887454986572,-4.56337833404541,-4.066960334777832,-5.1267476081848145,-5.666341304779053,-5.317493915557861,-5.795090198516846,-9.21764850616455,-12.234113693237305,-11.980713844299316,-11.256887435913086,-10.419424057006836,-8.943770408630371,-7.690831661224365,-6.805017948150635,-6.179708480834961,-5.834831714630127,-5.730718612670898,-5.886490821838379,-6.33779764175415,-6.582144260406494,-6.412001132965088,-4.873545169830322,-8.786200523376465,-8.825928688049316,-7.773977756500244,-6.580930709838867,-6.021129608154297,-7.3767313957214355,-7.455960273742676,-6.48444938659668,-6.474704742431641,-6.962833404541016,-7.18623161315918,-7.6127777099609375,-6.624405860900879,-6.135753154754639,-5.738113880157471,-6.124911785125732,-6.746390342712402
-6.143372535705566,-6.251115322113037,-6.350666046142578,-5.460099697113037,-4.493391513824463,-4.552608013153076,-5.996121406555176,-6.229759693145752,-6.25880765914917,-5.327712535858154,-4.156224727630615,-5.096729755401611,-6.637348175048828,-7.763898849487305,-7.96014404296875,-6.892083644866943,-6.0879740715026855,-5.910341739654541,-5.857399940490723,-5.713538646697998,-5.5045342445373535,-5.295963287353516,-5.44312047958374,-5.867709636688232,-6.256834983825684,-6.800406455993652,-7.546329975128174,-8.756306648254395,-9.715558052062988,-9.329245567321777,-7.665993690490723,-6.767983913421631,-6.66972017288208,-6.660540580749512,-6.736533164978027,-6.473016262054443,-6.135596752166748,-6.261265754699707,-7.164072513580322,-7.010781288146973,-6.096515655517578,-6.3790459632873535,-7.074644088745117,-7.217004776000977
-7.906002998352051,-7.321186542510986,-7.932851791381836,-7.315578937530518,-5.885019302368164,-5.379424095153809,-5.6575798988342285,-5.239896297454834,-5.499807834625244,-5.512700080871582,-6.712108135223389,-8.568483352661133,-7.316977500915527,-6.641101837158203,-5.812565326690674,-4.580437660217285,-4.32818078994751,-4.526238441467285,-4.657792568206787,-4.814701080322266,-4.819799900054932,-4.6931538581848145,-4.680427074432373,-5.2138142585754395,-5.503086566925049,-5.497167587280273,-6.1504807472229,-7.723475456237793,-9.93703842163086,-10.74448299407959,-9.227972030639648,-8.00757122039795,-6.6575188636779785,-6.65972900390625,-7.412680625915527,-7.3498311042785645,-6.830488204956055,-7.99777889251709,-8.859892845153809,-8.209261894226074,-8.412141799926758,-7.834994792938232,-8.006674766540527,-7.796640872955322
-7.836930751800537,-6.7875657081604,-8.152040481567383,-9.180652618408203,-7.707966327667236,-5.5911993980407715,-5.252745151519775,-4.717827320098877,-4.524773120880127,-4.744734764099121,-4.167736530303955,-4.393067359924316,-5.034715175628662,-4.598028659820557,-3.486133575439453,-3.4428813457489014,-4.020471572875977,-3.844522714614868,-3.3683271408081055,-3.2532095909118652,-3.400594472885132,-3.6987762451171875,-4.245512962341309,-4.626838684082031,-5.141117095947266,-5.302092552185059,-5.495112895965576,-6.319925308227539,-7.951921463012695,-8.813614845275879,-8.422825813293457,-7.741877555847168,-6.629532814025879,-6.636529922485352,-7.593247890472412,-8.37986946105957,-9.764618873596191,-11.724926948547363,-12.235790252685547,-11.033185005187988,-10.563724517822266,-9.6449556350708,-9.192214012145996,-8.141861915588379
-5.463120460510254,-3.5538694858551025,-3.539466142654419,-5.358892917633057,-6.3527326583862305,-5.282599925994873,-4.745996952056885,-5.307200908660889,-4.607821941375732,-3.075235605239868,-2.868929624557495,-2.1827728748321533,-2.2656664848327637,-2.5725760459899902,-2.666694164276123,-3.4209179878234863,-3.488790273666382,-2.8855056762695312,-2.2661781311035156,-1.9975230693817139,-2.185105800628662,-2.786494255065918,-3.6366240978240967,-4.199012756347656,-4.438061237335205,-4.537215232849121,-4.580358028411865,-5.028932571411133,-6.086523532867432,-6.745909214019775,-6.083622932434082,-5.408033847808838,-5.787778854370117,-6.4676103591918945,-7.34166955947876,-8.523634910583496,-10.829756736755371,-12.5015230178833,-12.935813903808594,-12.344840049743652,-10.755633354187012,-10.045379638671875,-10.1495361328125,-8.706916809082031
-3.37248158454895,-1.8109818696975708,-0.808332085609436,-1.1485525369644165,-1.4878042936325073,-1.0461747646331787,-1.239556074142456,-3.169184684753418,-3.892406702041626,-2.954526424407959,-2.3665597438812256,-1.9163274765014648,-1.5151574611663818,-2.132526159286499,-2.7185635566711426,-2.975754737854004,-2.406959056854248,-1.926809549331665,-1.807053565979004,-1.6769328117370605,-1.5301154851913452,-2.071233034133911,-2.9526021480560303,-3.698514223098755,-3.812448263168335,-3.3014495372772217,-2.6449272632598877,-2.608964443206787,-3.9790005683898926,-5.773704528808594,-5.754969120025635,-5.422629356384277,-6.215865135192871,-7.125055313110352,-7.299735069274902,-8.417859077453613,-8.950647354125977,-9.259642601013184,-9.836692810058594,-10.478978157043457,-7.412467002868652,-8.233138084411621,-8.600337982177734,-8.564462661743164
-1.1631625890731812,-0.024955622851848602,0.7917324900627136,0.6302052140235901,-0.8591529130935669,-0.9203551411628723,-1.0772334337234497,-1.6263160705566406,-2.676103353500366,-2.8936259746551514,-2.3275365829467773,-1.9806419610977173,-1.503772497177124,-1.434827446937561,-2.175426483154297,-2.0740020275115967,-2.0094361305236816,-1.7707836627960205,-2.1639180183410645,-1.9284477233886719,-1.3877761363983154,-1.6039588451385498,-2.3031129837036133,-2.7802798748016357,-2.960214376449585,-2.8083510398864746,-2.3755810260772705,-2.228322982788086,-3.3176448345184326,-5.11432409286499,-5.764486312866211,-4.882348537445068,-5.19184684753418,-6.717733860015869,-7.854352951049805,-7.62168025970459,-6.310462951660156,-5.809718132019043,-6.018945217132568,-5.705880165100098,-4.935972690582275,-4.724307060241699,-5.885035991668701,-6.861072540283203
-0.2278238832950592,0.5291785597801208,1.6432868242263794,2.0234951972961426,0.17027917504310608,-0.8951583504676819,-1.1881953477859497,-0.31283774971961975,-0.3217182755470276,-0.7404333353042603,-0.39113864302635193,-0.1791115403175354,-0.11260642111301422,-0.9388880729675293,-1.4385675191879272,-1.4739247560501099,-1.2453196048736572,-0.992855429649353,-1.510317087173462,-1.329870343208313,-0.9661393165588379,-0.9989545345306396,-1.430860161781311,-1.9122824668884277,-1.944890022277832,-1.8503808975219727,-1.3401732444763184,-0.879101574420929,-1.6699379682540894,-3.3227226734161377,-4.313085079193115,-3.2355830669403076,-2.963902711868286,-5.414052486419678,-7.5500288009643555,-7.6898627281188965,-6.786975383758545,-5.552231788635254,-5.267068386077881,-5.120196342468262,-5.147482872009277,-4.2903642654418945,-4.250547409057617,-6.807006359100342
-0.7019280195236206,-0.810483992099762,0.46320798993110657,1.6828693151474,0.669474184513092,-0.7300328612327576,-1.2251638174057007,-0.6244487762451172,0.9475746750831604,1.4297447204589844,1.7580127716064453,1.45183527469635,0.49035486578941345,-1.2430082559585571,-0.8349140286445618,-1.1857037544250488,-0.765175461769104,-0.7533748745918274,-0.990535318851471,-1.0370721817016602,-0.7304643988609314,-0.3831314146518707,-0.31623604893684387,-0.8718602657318115,-1.2345473766326904,-1.2809211015701294,-0.5543850660324097,0.4770545959472656,-0.47611895203590393,-2.62142276763916,-3.46044659614563,-2.5689120292663574,-2.1983401775360107,-4.52587890625,-6.910104274749756,-7.406607627868652,-7.073066711425781,-5.788043022155762,-5.053737640380859,-4.971712112426758,-4.984976291656494,-4.369119644165039,-3.912719249725342,-4.783421516418457
0.4391672611236572,-0.40921083092689514,0.1535671502351761,1.7337162494659424,2.3816771507263184,1.0043692588806152,-0.29919707775115967,-1.0282480716705322,0.2662389278411865,1.4978325366973877,2.194946527481079,1.5959467887878418,0.7458981275558472,-0.5817469358444214,0.0947321280837059,0.494184285402298,-0.07741785794496536,-0.08364304155111313,-0.08025713264942169,-0.32824116945266724,-0.16047433018684387,0.1472807377576828,0.38614094257354736,0.19867707788944244,-0.2941800355911255,-0.6717314124107361,-0.2918149530887604,1.0170594453811646,0.6034009456634521,-2.060828447341919,-2.9198691844940186,-1.8734017610549927,-0.9667977690696716,-3.340618371963501,-5.871120452880859,-5.851843357086182,-5.632965564727783,-5.358335971832275,-4.873448848724365,-4.765037536621094,-5.113974571228027,-5.369736671447754,-5.192246437072754,-4.905529975891113
1.9384844303131104,0.8653676509857178,0.10964551568031311,0.6431372165679932,2.081749200820923,2.058488130569458,1.0811402797698975,-0.08368708193302155,-0.16613750159740448,1.010283350944519,1.9052903652191162,1.5915510654449463,1.1102596521377563,-0.2493654489517212,1.0210915803909302,1.8828130960464478,1.1046364307403564,1.031808853149414,0.8217671513557434,0.6169060468673706,0.6289142966270447,0.6347416043281555,0.8488404750823975,0.9223001003265381,0.610588550567627,0.5706253051757812,0.8664501905441284,1.0510798692703247,1.3036317825317383,-0.288019597530365,-1.6242218017578125,-1.3802006244659424,-0.6392053365707397,-2.1250667572021484,-4.105043888092041,-4.243649959564209,-4.601574897766113,-5.210220813751221,-4.9729204177856445,-4.7675395011901855,-5.159789562225342,-5.908369064331055,-5.977978229522705,-5.090954780578613
