data/wind_data/wind_53_2.json
{"header": {"parameterUnit": "KT", "parameterCategory": 2, "nx": 256, "ny": 198, "lo1": 44.73521041870117, "la1": -3.236724853515625, "lo2": 111.26478576660156, "la2": 43.468475341796875, "dx": 0.2609002888202667, "dy": -0.23708222806453705, "refTime": "2025-02-21 05:00:00", "forecastTime": 0, "parameterNumber": 2, "parameterNumberName": "eastward_wind"}, "data":
[rows 57 to 75 of 198, columns 86 to 128 of 256]
-11.343358039855957,-12.698952674865723,-14.079766273498535,-15.175129890441895,-15.323894500732422,-13.360030174255371,-12.552300453186035,-12.542669296264648,-14.488602638244629,-14.340143203735352,-13.63315486907959,-13.470004081726074,-14.041542053222656,-12.794367790222168,-11.56264591217041,-10.623680114746094,-10.354146957397461,-10.646855354309082,-10.78339672088623,-9.816397666931152,-8.739148139953613,-10.036401748657227,-9.029533386230469,-9.248739242553711,-9.95398235321045,-10.502820014953613,-10.806736946105957,-10.556589126586914,-9.133049964904785,-7.036551475524902,-4.975337982177734,-6.89328670501709,-12.086764335632324,-14.067631721496582,-24.275211334228516,-29.075237274169922,-28.144433975219727,-26.184877395629883,-23.03598403930664,-18.841066360473633,-16.779600143432617,-16.56878089904785,-19.40692710876465
-12.569395065307617,-13.882874488830566,-14.341021537780762,-15.780197143554688,-15.934404373168945,-15.440363883972168,-15.462438583374023,-15.113322257995605,-15.94967269897461,-16.47705841064453,-16.780302047729492,-16.44633674621582,-15.877947807312012,-14.955647468566895,-13.292062759399414,-12.260372161865234,-11.508127212524414,-10.744556427001953,-10.203399658203125,-9.756759643554688,-9.695687294006348,-9.858719825744629,-9.525662422180176,-8.857840538024902,-8.531156539916992,-8.388915061950684,-8.339290618896484,-8.452123641967773,-7.876605987548828,-6.684866428375244,-8.092172622680664,-13.389378547668457,-19.238285064697266,-27.114139556884766,-28.908084869384766,-29.65916633605957,-25.39144515991211,-22.257062911987305,-23.90886116027832,-22.921245574951172,-18.628559112548828,-17.50743293762207,-21.13641357421875
-13.819412231445312,-14.791301727294922,-15.551682472229004,-16.6693115234375,-16.269216537475586,-16.449581146240234,-16.75896453857422,-16.341400146484375,-17.39183235168457,-17.671085357666016,-17.93535804748535,-17.472087860107422,-17.26214027404785,-16.56526756286621,-15.292360305786133,-14.416805267333984,-13.793416976928711,-13.348344802856445,-12.48548698425293,-11.30771541595459,-10.164902687072754,-9.615804672241211,-9.530074119567871,-9.193558692932129,-8.27592945098877,-7.455692291259766,-7.105664253234863,-7.2837066650390625,-7.749932289123535,-8.438594818115234,-10.542858123779297,-17.046720504760742,-23.899200439453125,-27.926774978637695,-28.113750457763672,-27.478256225585938,-26.591386795043945,-26.03448486328125,-25.338733673095703,-23.5075626373291,-21.06980323791504,-20.438377380371094,-21.827604293823242
-14.366667747497559,-15.500253677368164,-16.18915557861328,-16.42935562133789,-15.695634841918945,-16.398550033569336,-17.112119674682617,-17.27030372619629,-18.241317749023438,-18.867586135864258,-18.630062103271484,-18.15133285522461,-17.44819450378418,-16.86503028869629,-16.23289680480957,-15.729844093322754,-15.193703651428223,-15.239286422729492,-14.845683097839355,-13.572717666625977,-11.93079948425293,-10.491409301757812,-9.659893035888672,-9.372038841247559,-9.093661308288574,-8.293152809143066,-7.379842758178711,-7.280248165130615,-8.434549331665039,-9.375528335571289,-9.312029838562012,-15.246219635009766,-24.046415328979492,-24.6645450592041,-26.30489158630371,-25.565486907958984,-24.977418899536133,-24.814525604248047,-24.267370223999023,-21.20920181274414,-21.419706344604492,-23.60832405090332,-22.054454803466797
-14.972625732421875,-16.10806655883789,-16.19270133972168,-16.18498992919922,-16.592683792114258,-17.324604034423828,-18.18253517150879,-18.527528762817383,-19.171592712402344,-19.675315856933594,-19.156835556030273,-18.062946319580078,-17.112436294555664,-16.25750160217285,-15.706583023071289,-15.18703556060791,-15.076713562011719,-14.970873832702637,-14.890424728393555,-14.374295234680176,-13.3887300491333,-12.127063751220703,-10.887565612792969,-10.041203498840332,-9.805617332458496,-9.342377662658691,-8.428400993347168,-8.221611976623535,-9.335553169250488,-9.668705940246582,-10.213031768798828,-18.64122200012207,-25.06656265258789,-25.356281280517578,-25.62723159790039,-24.615074157714844,-24.117305755615234,-24.243459701538086,-23.74639129638672,-22.18241310119629,-24.199565887451172,-24.49338150024414,-22.549175262451172
-15.302003860473633,-15.80521011352539,-15.90143871307373,-16.08686065673828,-16.836435317993164,-18.214210510253906,-19.32762336730957,-20.059120178222656,-20.432586669921875,-20.459850311279297,-19.750051498413086,-18.489580154418945,-17.315649032592773,-15.90548038482666,-14.952406883239746,-14.186517715454102,-13.6712646484375,-13.347564697265625,-13.136739730834961,-13.263667106628418,-13.129924774169922,-12.921253204345703,-12.124481201171875,-10.855623245239258,-10.196955680847168,-9.931565284729004,-9.29328727722168,-9.149258613586426,-10.019498825073242,-10.455303192138672,-13.28586196899414,-20.953630447387695,-24.407960891723633,-24.967161178588867,-24.53704071044922,-23.676084518432617,-23.46037483215332,-23.8258113861084,-23.75049591064453,-23.61577606201172,-24.401973724365234,-24.445781707763672,-23.060420989990234
-14.69074535369873,-14.849367141723633,-15.396413803100586,-16.277973175048828,-17.67223358154297,-19.1367130279541,-20.171186447143555,-21.03407096862793,-21.574174880981445,-21.1602725982666,-19.935380935668945,-18.783676147460938,-17.822650909423828,-16.631820678710938,-15.341326713562012,-14.072249412536621,-12.95579719543457,-12.085858345031738,-11.38930892944336,-10.964906692504883,-11.298262596130371,-11.9708833694458,-12.146574020385742,-11.52169418334961,-10.590911865234375,-10.155085563659668,-9.69153118133545,-9.47258186340332,-10.130309104919434,-10.297452926635742,-13.261921882629395,-19.622577667236328,-22.78713607788086,-23.201326370239258,-22.58707046508789,-22.27541160583496,-22.407085418701172,-22.741939544677734,-22.221012115478516,-22.527650833129883,-23.659738540649414,-23.46402931213379,-22.86400604248047
-14.055845260620117,-14.532500267028809,-15.539071083068848,-16.43442726135254,-17.859529495239258,-19.45762825012207,-20.63428497314453,-21.408960342407227,-21.68634605407715,-21.015443801879883,-20.097030639648438,-19.299741744995117,-18.215171813964844,-17.005542755126953,-15.793303489685059,-14.472084999084473,-13.07441520690918,-11.717947959899902,-10.577620506286621,-9.70287799835205,-9.338083267211914,-9.844863891601562,-10.5530366897583,-10.829987525939941,-10.452073097229004,-9.77463436126709,-9.452054977416992,-9.375443458557129,-9.495137214660645,-9.046859741210938,-11.281991958618164,-17.093265533447266,-20.62344741821289,-23.006967544555664,-21.99188804626465,-21.483829498291016,-21.520126342773438,-20.743492126464844,-17.967205047607422,-19.181381225585938,-22.358945846557617,-22.414804458618164,-21.91234588623047
-14.414864540100098,-14.994686126708984,-15.80396842956543,-16.493976593017578,-17.697734832763672,-19.234846115112305,-20.445133209228516,-21.12397575378418,-21.31852149963379,-20.82476234436035,-20.170656204223633,-19.33045196533203,-18.389768600463867,-17.337684631347656,-16.120040893554688,-14.791600227355957,-13.383697509765625,-11.926626205444336,-10.483824729919434,-9.155123710632324,-8.138063430786133,-7.954699516296387,-8.499256134033203,-9.18020248413086,-9.589982032775879,-9.289694786071777,-8.688037872314453,-8.801751136779785,-8.857977867126465,-8.793071746826172,-11.482466697692871,-16.532821655273438,-19.310699462890625,-22.84604263305664,-22.390371322631836,-21.759584426879883,-20.820058822631836,-19.27977752685547,-17.664308547973633,-18.566987991333008,-20.89537239074707,-21.462554931640625,-21.026262283325195
-15.51682186126709,-15.927517890930176,-16.321773529052734,-16.7553768157959,-17.694347381591797,-19.049882888793945,-20.28154945373535,-20.94405746459961,-21.10417366027832,-20.828771591186523,-20.215238571166992,-19.48100471496582,-18.742761611938477,-17.842884063720703,-16.697307586669922,-15.327691078186035,-13.779232025146484,-12.148106575012207,-10.53424072265625,-9.05634593963623,-7.843986511230469,-7.073762893676758,-6.792919158935547,-7.327272415161133,-8.493810653686523,-9.192758560180664,-8.636218070983887,-8.111893653869629,-8.766727447509766,-10.381175994873047,-12.077560424804688,-14.89337158203125,-18.530439376831055,-21.59607696533203,-21.92415428161621,-21.315013885498047,-21.04727554321289,-20.305835723876953,-17.613630294799805,-15.485047340393066,-17.528535842895508,-20.517459869384766,-20.498779296875
-15.944550514221191,-16.58614158630371,-17.11501121520996,-17.50165557861328,-18.067686080932617,-19.08550262451172,-20.290441513061523,-21.129470825195312,-21.215612411499023,-20.80421257019043,-20.300065994262695,-19.784015655517578,-19.16643524169922,-18.334365844726562,-17.211637496948242,-15.76669979095459,-14.06137752532959,-12.199319839477539,-10.417181015014648,-8.990013122558594,-8.005891799926758,-7.145297050476074,-6.287838935852051,-6.062147617340088,-7.669234752655029,-10.085908889770508,-9.773841857910156,-8.164870262145996,-8.661991119384766,-8.936806678771973,-9.476167678833008,-14.79380989074707,-19.092050552368164,-18.837846755981445,-19.92654037475586,-19.815868377685547,-20.03666877746582,-20.547561645507812,-20.628421783447266,-20.07341194152832,-16.977441787719727,-14.727838516235352,-17.064844131469727
-15.883970260620117,-16.9627685546875,-17.739748001098633,-18.145872116088867,-18.49502944946289,-19.250152587890625,-20.347440719604492,-21.083494186401367,-21.060171127319336,-20.580785751342773,-20.0886173248291,-19.673431396484375,-19.225406646728516,-18.534433364868164,-17.470043182373047,-16.00380516052246,-14.196216583251953,-12.194911003112793,-10.241626739501953,-8.738714218139648,-7.902568817138672,-7.402231216430664,-6.6462531089782715,-5.85776948928833,-7.0426201820373535,-10.509678840637207,-11.182628631591797,-9.22044563293457,-8.97592544555664,-7.687594890594482,-9.183272361755371,-15.232477188110352,-18.728511810302734,-18.38916778564453,-18.112380981445312,-18.74556541442871,-19.097665786743164,-19.76658058166504,-19.863874435424805,-19.437461853027344,-19.243165969848633,-18.566261291503906,-17.144994735717773
-15.825312614440918,-16.987674713134766,-17.876113891601562,-18.339092254638672,-18.640361785888672,-19.15618324279785,-19.97212791442871,-20.62607765197754,-20.591392517089844,-20.090124130249023,-19.68271827697754,-19.466232299804688,-19.152921676635742,-18.539737701416016,-17.569997787475586,-16.16652488708496,-14.320565223693848,-12.224812507629395,-10.211756706237793,-8.613968849182129,-7.753985404968262,-7.544235706329346,-7.265307426452637,-6.487982273101807,-7.375513553619385,-11.40021800994873,-12.76257610321045,-10.755819320678711,-9.772270202636719,-7.5706562995910645,-10.565001487731934,-16.192760467529297,-17.296724319458008,-17.167098999023438,-16.383358001708984,-17.578983306884766,-18.389272689819336,-18.648162841796875,-18.5489501953125,-18.029821395874023,-17.5123348236084,-16.874847412109375,-16.206008911132812
-16.022871017456055,-16.994863510131836,-17.810020446777344,-18.324750900268555,-18.601625442504883,-18.94118881225586,-19.445377349853516,-19.855436325073242,-19.898361206054688,-19.725391387939453,-19.631393432617188,-19.47909164428711,-19.077497482299805,-18.422611236572266,-17.565818786621094,-16.39814567565918,-14.616537094116211,-12.313103675842285,-10.151402473449707,-8.584943771362305,-7.862721920013428,-8.075653076171875,-8.176239013671875,-7.532029151916504,-8.478744506835938,-12.198202133178711,-13.506706237792969,-11.684670448303223,-11.022485733032227,-8.571333885192871,-10.729124069213867,-15.51679515838623,-16.669254302978516,-16.58100128173828,-14.889861106872559,-14.945062637329102,-16.790237426757812,-17.096647262573242,-17.21472930908203,-16.689424514770508,-15.934223175048828,-15.242167472839355,-15.025927543640137
-16.020139694213867,-16.94398307800293,-17.817577362060547,-18.40996551513672,-18.727218627929688,-18.92014503479004,-19.115602493286133,-19.312837600708008,-19.54838752746582,-19.89422035217285,-20.114635467529297,-19.813268661499023,-19.09065055847168,-18.291370391845703,-17.607938766479492,-16.84135627746582,-15.314484596252441,-12.78017520904541,-10.170150756835938,-8.538877487182617,-8.248785972595215,-9.044599533081055,-9.636459350585938,-9.456509590148926,-10.297428131103516,-12.353251457214355,-13.275503158569336,-12.662294387817383,-12.044864654541016,-8.587126731872559,-9.793335914611816,-14.334864616394043,-15.523848533630371,-15.950662612915039,-15.725707054138184,-15.00643539428711,-14.716822624206543,-15.557109832763672,-16.001419067382812,-15.996686935424805,-15.41807746887207,-14.48515510559082,-14.026849746704102
-16.27337646484375,-16.903749465942383,-17.727998733520508,-18.417255401611328,-18.82554054260254,-19.025686264038086,-19.09636878967285,-19.161428451538086,-19.531076431274414,-20.343263626098633,-20.949260711669922,-20.75777244567871,-19.958131790161133,-19.04827880859375,-18.330717086791992,-17.614891052246094,-16.27220916748047,-13.880267143249512,-10.9810209274292,-8.933816909790039,-8.727253913879395,-9.859665870666504,-10.826944351196289,-11.22426986694336,-11.873255729675293,-12.760011672973633,-12.847369194030762,-12.209023475646973,-12.070429801940918,-8.409826278686523,-9.055654525756836,-11.825252532958984,-13.090773582458496,-14.0995512008667,-13.985025405883789,-13.968311309814453,-13.85096263885498,-13.648826599121094,-14.361804962158203,-15.09271240234375,-14.682272911071777,-13.582887649536133,-13.080510139465332
-16.54915428161621,-16.98735237121582,-17.6563663482666,-18.302515029907227,-18.836074829101562,-19.19976806640625,-19.252887725830078,-19.160085678100586,-19.423551559448242,-20.33187484741211,-21.31380271911621,-21.719953536987305,-21.38530921936035,-20.50244903564453,-19.591228485107422,-18.668106079101562,-17.290557861328125,-15.182708740234375,-12.595841407775879,-10.386043548583984,-9.635571479797363,-10.33695125579834,-11.432748794555664,-12.175162315368652,-12.832071304321289,-13.283906936645508,-13.097407341003418,-12.197028160095215,-11.284107208251953,-9.725983619689941,-10.427295684814453,-10.477401733398438,-11.556139945983887,-12.358592987060547,-12.78381633758545,-12.714529037475586,-12.522369384765625,-12.4768705368042,-13.028838157653809,-13.611245155334473,-13.049484252929688,-12.007174491882324,-11.669241905212402
-16.861276626586914,-17.13914680480957,-17.572303771972656,-18.128896713256836,-18.806903839111328,-19.309459686279297,-19.341461181640625,-19.11025619506836,-19.18986701965332,-19.909748077392578,-21.070764541625977,-22.349361419677734,-23.06635284423828,-22.532772064208984,-21.294288635253906,-19.909099578857422,-18.26527214050293,-16.423749923706055,-14.536839485168457,-12.6784086227417,-11.314632415771484,-11.020225524902344,-11.72256851196289,-12.416509628295898,-13.17323112487793,-14.035442352294922,-12.675148963928223,-11.230223655700684,-11.89746379852295,-12.412675857543945,-10.68277645111084,-10.072909355163574,-9.913934707641602,-10.33351993560791,-10.92064094543457,-11.334185600280762,-11.364766120910645,-11.317099571228027,-11.463340759277344,-11.382986068725586,-11.11365032196045,-10.723592758178711,-10.6294584274292
-16.937591552734375,-16.955406188964844,-17.161617279052734,-17.80368995666504,-18.77694320678711,-19.422630310058594,-19.466367721557617,-19.224424362182617,-19.264799118041992,-19.859912872314453,-20.941917419433594,-22.537017822265625,-24.16884994506836,-24.494449615478516,-23.21368408203125,-21.2811222076416,-19.320255279541016,-17.774742126464844,-16.64724349975586,-15.220467567443848,-13.310258865356445,-11.820269584655762,-11.773448944091797,-12.356361389160156,-13.256001472473145,-13.482524871826172,-12.009235382080078,-13.864527702331543,-13.14066219329834,-11.28891372680664,-9.617128372192383,-9.282547950744629,-8.624899864196777,-8.56737995147705,-9.219614028930664,-9.89085865020752,-10.097455024719238,-10.150594711303711,-9.986708641052246,-9.55208683013916,-9.281596183776855,-9.329218864440918,-9.58071517944336
