data/wind_data/wind_15_6.json
{"header": {"parameterUnit": "KT", "parameterCategory": 2, "nx": 256, "ny": 198, "lo1": 44.73521041870117, "la1": -3.236724853515625, "lo2": 111.26478576660156, "la2": 43.468475341796875, "dx": 0.2609002888202667, "dy": -0.23708222806453705, "refTime": "2025-02-19 15:00:00", "forecastTime": 0, "parameterNumber": 2, "parameterNumberName": "eastward_wind"}, "data":
[rows 100 to 119 of 198, columns 132 to 175 of 256]
94.37004089355469,94.04605102539062,93.49795532226562,93.05313110351562,92.92998504638672,93.39800262451172,94.29364776611328,94.90984344482422,94.6372299194336,93.33927917480469,91.74910736083984,90.73145294189453,90.3941879272461,90.51240539550781,90.6054916381836,90.38451385498047,89.72917175292969,88.73710632324219,87.89167022705078,87.39159393310547,86.96598815917969,86.51113891601562,86.99531555175781,87.78820037841797,86.52294158935547,84.12408447265625,82.24835968017578,80.6155776977539,78.81590270996094,77.28520202636719,76.64694213867188,76.92365264892578,77.08283996582031,76.48182678222656,75.31074523925781,73.89501953125,72.4591293334961,71.16995239257812,70.37718200683594,70.3632583618164,70.59410858154297,70.40390014648438,70.0287094116211,70.18221282958984
96.0596694946289,96.03156280517578,95.90383911132812,95.79711151123047,95.5030288696289,95.35456848144531,95.1881103515625,95.06517028808594,94.92720794677734,94.22391510009766,93.05956268310547,92.01912689208984,91.26258087158203,90.88763427734375,90.75316619873047,90.35344696044922,89.47449493408203,88.50957489013672,88.2635269165039,88.25613403320312,87.72488403320312,86.6997299194336,86.26460266113281,86.97860717773438,86.23098754882812,83.38300323486328,80.26032257080078,77.81484985351562,76.11015319824219,74.57232666015625,73.80532836914062,74.9881820678711,76.45440673828125,76.21866607666016,74.58494567871094,72.60957336425781,70.97885131835938,69.99302673339844,69.57041931152344,69.61670684814453,69.68183135986328,69.2549057006836,68.8156967163086,69.15772247314453
97.06580352783203,97.1186294555664,97.18971252441406,97.3198013305664,97.00499725341797,96.29264831542969,95.46527862548828,95.08545684814453,95.22576141357422,94.94292449951172,93.96353912353516,92.54805755615234,91.12153625488281,90.42296600341797,90.27938079833984,90.0849380493164,89.74445343017578,89.56368255615234,89.55440521240234,89.11570739746094,87.94575500488281,86.49560546875,85.58158111572266,85.06048583984375,83.7515640258789,81.58533477783203,78.90396881103516,75.86320495605469,73.43263244628906,72.89558410644531,73.38148498535156,74.128662109375,75.02672576904297,74.90743255615234,73.37837982177734,71.32576751708984,69.86865234375,69.37244415283203,69.07903289794922,68.64848327636719,68.42761993408203,68.16065216064453,67.80522155761719,68.14129638671875
96.8525161743164,96.82144927978516,96.77983856201172,97.07162475585938,96.99082946777344,96.27229309082031,95.69831085205078,95.6760025024414,95.59056091308594,94.9610595703125,94.07909393310547,92.92185974121094,91.52198791503906,90.53721618652344,89.98664093017578,89.8391342163086,90.05886840820312,90.09183502197266,89.70697021484375,88.84587860107422,87.4762191772461,85.78189086914062,84.26273345947266,83.05023956298828,81.37201690673828,79.31742858886719,77.50566864013672,75.30023193359375,73.17544555664062,72.58888244628906,73.3904800415039,73.92112731933594,73.50506591796875,72.85331726074219,71.78569030761719,70.08379364013672,68.6566162109375,68.23734283447266,68.10826110839844,67.5935287475586,66.977783203125,66.630126953125,66.4893798828125,66.8948745727539
95.65361785888672,95.68190002441406,95.49870300292969,95.53044891357422,95.73406219482422,95.56634521484375,95.4754638671875,95.81040954589844,95.69017028808594,94.78540802001953,93.6730728149414,92.47242736816406,91.29518127441406,90.40782928466797,89.65970611572266,89.02117919921875,88.70752716064453,88.64814758300781,88.49288177490234,87.72598266601562,86.28704071044922,84.41146850585938,82.43509674072266,80.77021789550781,79.14282989501953,77.4660873413086,76.15924835205078,75.11273193359375,73.76148223876953,72.65763854980469,72.43946075439453,72.54064178466797,71.97076416015625,70.85758972167969,69.73960876464844,68.46328735351562,67.41983032226562,67.04280090332031,66.87813568115234,66.77163696289062,66.2640609741211,65.42770385742188,64.82141876220703,64.93110656738281
94.29263305664062,94.35673522949219,94.18670654296875,93.9395523071289,94.29312133789062,94.67620849609375,94.89851379394531,95.25086975097656,95.04305267333984,94.03030395507812,92.76884460449219,91.4765396118164,90.42034149169922,89.56875610351562,88.51441955566406,87.42176055908203,86.88444519042969,87.06837463378906,87.33673095703125,86.55316925048828,84.68070983886719,82.38912963867188,80.3914566040039,79.09099578857422,78.0447006225586,76.7785873413086,75.22928619384766,73.5586929321289,72.0945816040039,71.06626892089844,70.6561050415039,70.71025848388672,70.81159210205078,70.31767272949219,69.17403411865234,67.87439727783203,66.85208129882812,66.40663146972656,66.16233825683594,66.04389953613281,66.10646057128906,65.78453826904297,65.1133804321289,64.65282440185547
94.20757293701172,93.99108123779297,93.70819091796875,93.2696304321289,93.1966552734375,93.2382583618164,93.37019348144531,93.67605590820312,93.44384002685547,92.73943328857422,91.74923706054688,90.12736511230469,88.48617553710938,87.39735412597656,86.63300323486328,86.21214294433594,86.07811737060547,85.78087615966797,85.04696655273438,83.75712585449219,81.97335052490234,80.03225708007812,78.94998168945312,78.67052459716797,77.93975830078125,76.4108657836914,74.46341705322266,72.24854278564453,70.24819946289062,69.08546447753906,68.92488098144531,69.25985717773438,69.46543884277344,69.15193939208984,68.20327758789062,67.04328918457031,66.26725769042969,66.08294677734375,66.11539459228516,66.04411315917969,66.28826904296875,66.65471649169922,66.38278198242188,65.66776275634766
94.80538177490234,94.17020416259766,93.34429931640625,92.65885162353516,92.089111328125,91.25748443603516,90.97594451904297,91.33744049072266,91.11397552490234,90.56550598144531,89.94349670410156,88.48712921142578,86.64349365234375,85.43217468261719,84.90068817138672,84.33808898925781,83.57353973388672,82.72885131835938,81.66876983642578,80.58317565917969,79.9599380493164,79.6298599243164,79.38591003417969,78.84040832519531,77.06856536865234,74.57310485839844,72.61134338378906,71.1880874633789,69.92002868652344,68.76335906982422,67.87354278564453,67.55854797363281,67.70295715332031,67.73686981201172,67.2234115600586,66.38536834716797,65.7853775024414,65.69952392578125,66.05297088623047,66.56233215332031,67.09659576416016,67.59368896484375,67.62562561035156,67.02706909179688
95.22220611572266,94.30590057373047,93.06265258789062,92.07035827636719,91.1897964477539,89.90657043457031,88.54273986816406,87.92329406738281,87.7890396118164,87.89104461669922,87.77925109863281,86.88765716552734,85.52590942382812,84.14143371582031,82.91291809082031,81.68241882324219,80.3043441772461,79.15491485595703,78.65558624267578,78.61064910888672,78.63147735595703,78.32705688476562,77.55280303955078,76.45873260498047,74.95989227294922,73.34451293945312,72.24761962890625,71.42781829833984,70.1090316772461,68.23614501953125,66.59437561035156,65.91437530517578,66.15686798095703,66.6143569946289,66.65614318847656,66.36358642578125,66.19406127929688,66.26473999023438,66.5901870727539,67.24288940429688,68.09988403320312,68.89205169677734,69.29452514648438,69.08763885498047
94.01127624511719,93.45665740966797,92.48268127441406,91.5617904663086,90.4745864868164,88.91580963134766,87.04893493652344,85.6312255859375,84.97833251953125,84.92697143554688,84.91889190673828,84.48194885253906,83.75991821289062,82.69972229003906,81.01206970214844,79.18990325927734,77.72811126708984,76.58274841308594,76.00961303710938,76.19806671142578,76.51030731201172,76.23041534423828,75.36087036132812,74.46864318847656,73.7202377319336,72.87740325927734,71.96903991699219,70.9590072631836,69.4847183227539,67.72491455078125,66.55233001708984,66.30695343017578,66.42003631591797,66.36209106445312,66.1725082397461,66.1024169921875,66.3234634399414,66.75475311279297,67.21409606933594,67.72344970703125,68.53585815429688,69.67992401123047,70.70060729980469,71.18587493896484
91.97730255126953,91.63786315917969,90.93441009521484,90.142578125,89.17485809326172,87.8475570678711,86.03031921386719,84.13870239257812,82.6576919555664,81.8760757446289,81.7406234741211,81.73397064208984,81.40243530273438,80.6525650024414,79.05884552001953,77.16242218017578,75.78687286376953,74.84671020507812,74.19027709960938,73.98280334472656,74.05695343017578,74.044189453125,73.59292602539062,73.02103424072266,72.72148132324219,72.45236206054688,71.8331069946289,70.8487319946289,69.57996368408203,68.32237243652344,67.7066421508789,67.72267150878906,67.59805297851562,66.99190521240234,66.3478775024414,66.17925262451172,66.56100463867188,67.17037963867188,67.71540832519531,68.21380615234375,68.94134521484375,70.09920501708984,71.43902587890625,72.52082061767578
89.42276000976562,89.20849609375,88.71685791015625,88.14532470703125,87.52101135253906,86.46788024902344,84.84294891357422,82.94075012207031,81.06847381591797,79.66474914550781,79.0592041015625,78.82909393310547,78.5102767944336,77.92215728759766,77.04940795898438,75.99500274658203,75.0348892211914,74.29051971435547,73.57920837402344,72.79916381835938,72.14849090576172,71.7570571899414,71.53840637207031,71.69357299804688,72.22261810302734,72.50078582763672,72.07891082763672,71.1290054321289,69.96507263183594,68.94395446777344,68.52226257324219,68.64453125,68.64954376220703,68.18255615234375,67.52571105957031,67.10572052001953,67.1868667602539,67.7165298461914,68.38626098632812,69.00277709960938,69.69522094726562,70.66329193115234,71.93984985351562,73.18977355957031
87.32479095458984,87.01737213134766,86.78717803955078,86.18611145019531,85.2933120727539,84.42262268066406,83.6496810913086,82.48245239257812,80.53823852539062,78.52993774414062,77.22705841064453,76.57350158691406,76.15992736816406,75.73351287841797,75.24418640136719,74.6124496459961,74.02456665039062,73.52079010009766,72.99720764160156,72.2878646850586,71.34245300292969,70.3485107421875,69.95542907714844,70.63402557373047,71.85415649414062,72.59933471679688,72.44976806640625,71.639404296875,70.5394058227539,69.51392364501953,68.91590118408203,68.83583068847656,68.95946502685547,68.95653533935547,68.74604034423828,68.44195556640625,68.28707885742188,68.45794677734375,68.93553161621094,69.60879516601562,70.40162658691406,71.32819366455078,72.38843536376953,73.39110565185547
86.6384506225586,86.00811767578125,85.56572723388672,84.977294921875,84.27816772460938,83.59140014648438,83.00877380371094,82.21907043457031,80.44221496582031,77.90695190429688,75.72554016113281,74.61896514892578,74.41221618652344,74.28594970703125,73.97985076904297,73.54305267333984,73.25361633300781,73.03714752197266,72.6365966796875,71.86880493164062,70.93598175048828,70.03327178955078,69.59757232666016,70.017578125,71.20912170410156,72.4490737915039,72.93231964111328,72.425537109375,71.26942443847656,70.00782775878906,69.14751434326172,68.9136962890625,69.11937713623047,69.48600006103516,69.78707885742188,69.7981948852539,69.52681732177734,69.27525329589844,69.41214752197266,70.06990051269531,70.99779510498047,71.9085464477539,72.60919189453125,73.08006286621094
86.46086120605469,85.82147979736328,85.2521743774414,84.6015625,84.08892822265625,83.59961700439453,82.76416778564453,81.4309310913086,79.6136474609375,77.44196319580078,75.42900085449219,74.14726257324219,73.7117919921875,73.5664291381836,73.36434936523438,73.15950775146484,72.967529296875,72.58757781982422,72.00560760498047,71.32430267333984,70.82731628417969,70.45130920410156,70.12487030029297,70.16448211669922,70.88215637207031,71.91930389404297,72.5850830078125,72.47541046142578,71.71624755859375,70.69562530517578,69.80621337890625,69.42105102539062,69.6519775390625,70.25360870361328,70.68240356445312,70.64634704589844,70.26580047607422,69.8867416381836,69.93267822265625,70.57369995117188,71.42394256591797,72.01468658447266,72.2495346069336,72.45860290527344
86.31410217285156,85.38677978515625,84.58113098144531,84.11444854736328,83.9409408569336,83.42037200927734,82.17787170410156,80.59524536132812,79.15546417236328,77.79367065429688,76.323974609375,74.97682189941406,74.09056091308594,73.64847564697266,73.44327545166016,73.26074981689453,72.86788177490234,72.18559265136719,71.39662170410156,70.8884506225586,70.84545135498047,70.93487548828125,70.73599243164062,70.34708404541016,70.45832824707031,71.16429901123047,71.88883209228516,72.00358581542969,71.6034164428711,70.99211120605469,70.40215301513672,70.27574157714844,70.7160415649414,71.2060546875,71.23329162597656,70.79044342041016,70.12250518798828,69.67597961425781,69.95585632324219,70.8506088256836,71.61163330078125,71.77459716796875,71.61321258544922,71.85214233398438
85.5482177734375,84.62603759765625,83.79012298583984,83.20970916748047,82.80519104003906,82.33780670166016,81.64778900146484,80.65670013427734,79.46837615966797,78.18746185302734,76.81334686279297,75.36717224121094,74.13420104980469,73.47008514404297,73.32609558105469,73.11113739013672,72.31620025634766,71.17051696777344,70.28166961669922,70.046142578125,70.3895263671875,70.76214599609375,70.73446655273438,70.42537689208984,70.2807388305664,70.535400390625,70.99256134033203,71.3809585571289,71.4769287109375,71.21444702148438,70.90995025634766,71.2567138671875,71.75450134277344,71.25753021240234,70.3069839477539,69.45758056640625,68.7647476196289,68.89643859863281,70.05863952636719,71.39686584472656,71.9388198852539,71.62162780761719,71.29827880859375,71.7081069946289
83.94043731689453,83.20354461669922,82.47801971435547,81.72645568847656,81.25813293457031,81.22644805908203,81.1346664428711,80.32350158691406,78.71587371826172,76.9466781616211,75.47209167480469,74.3138198852539,73.61825561523438,73.1907958984375,72.64134216308594,71.90604400634766,71.05089569091797,70.13653564453125,69.43301391601562,69.29845428466797,69.5940933227539,69.8678970336914,69.98553466796875,70.10870361328125,70.24869537353516,70.4430923461914,70.7675552368164,71.1812744140625,70.96240234375,70.69239044189453,71.43344116210938,71.88224792480469,70.80500030517578,69.43191528320312,68.49190521240234,67.80076599121094,67.9625473022461,69.310546875,71.01568603515625,72.03839874267578,71.91122436523438,71.38933563232422,71.6065444946289,72.47806549072266
81.75456237792969,81.15808868408203,80.8597640991211,80.5841293334961,80.44190979003906,80.29883575439453,79.744873046875,78.57292938232422,76.82149505615234,75.03596496582031,73.8617172241211,73.31769561767578,72.89484405517578,72.09126281738281,71.04814910888672,70.30419158935547,69.74173736572266,69.02481842041016,68.51174926757812,68.48643493652344,68.7223892211914,69.04562377929688,69.50547790527344,69.98869323730469,70.34941101074219,70.66423034667969,70.84723663330078,70.43773651123047,70.01500701904297,70.6285171508789,71.44107818603516,71.11442565917969,69.80030822753906,68.64801025390625,68.11180877685547,68.25878143310547,69.37806701660156,70.88341522216797,71.90646362304688,71.97969055175781,71.43583679199219,71.75849914550781,72.99075317382812,74.04322814941406
80.02865600585938,79.77522277832031,79.94290161132812,80.17610931396484,79.92266845703125,78.95549774169922,77.48336791992188,76.15233612060547,75.05181121826172,73.88043975830078,73.0236587524414,72.33283233642578,71.44833374023438,70.22846221923828,68.86933898925781,68.1532974243164,67.56039428710938,66.74662780761719,66.56493377685547,67.09418487548828,67.87603759765625,68.67591857910156,69.50830841064453,70.27532958984375,70.79151916503906,70.70128631591797,69.66897583007812,68.89692687988281,69.63788604736328,70.81049346923828,70.9572525024414,69.80160522460938,68.59567260742188,68.87612915039062,69.73259735107422,70.33014678955078,71.19778442382812,71.90107727050781,72.09632110595703,71.75554656982422,71.6319580078125,73.23333740234375,74.9104995727539,75.708251953125
