data/wind_data/wind_42_5.json
{"header": {"parameterUnit": "KT", "parameterCategory": 2, "nx": 256, "ny": 198, "lo1": 44.73521041870117, "la1": -3.236724853515625, "lo2": 111.26478576660156, "la2": 43.468475341796875, "dx": 0.2609002888202667, "dy": -0.23708222806453705, "refTime": "2025-02-20 18:00:00", "forecastTime": 0, "parameterNumber": 2, "parameterNumberName": "eastward_wind"}, "data":
[rows 171 to 189 of 198, columns 132 to 175 of 256]
9.82619571685791,11.224390983581543,13.8328218460083,17.888763427734375,21.159446716308594,20.924297332763672,17.88679313659668,14.56735897064209,11.852035522460938,9.536319732666016,9.903708457946777,10.175820350646973,9.002717971801758,8.201313972473145,7.05563497543335,5.29491662979126,3.9051718711853027,2.969114303588867,1.955411434173584,0.49398037791252136,-0.9509737491607666,-1.3956767320632935,-1.318145751953125,-1.4251402616500854,-1.0878844261169434,-0.0299072302877903,1.1229522228240967,2.0079362392425537,2.996814727783203,4.387129306793213,5.7660112380981445,7.255204200744629,9.915651321411133,12.89358139038086,13.928077697753906,15.535774230957031,17.12373924255371,17.740386962890625,18.444873809814453,18.814069747924805,20.61051368713379,21.942243576049805,22.274677276611328,23.116662979125977
7.893899917602539,9.938374519348145,12.950727462768555,16.526121139526367,18.398317337036133,17.40275764465332,15.707895278930664,13.79108715057373,11.230207443237305,9.145386695861816,9.59213638305664,10.311639785766602,9.26179027557373,8.244169235229492,6.947879791259766,5.261962890625,3.6604928970336914,2.0933542251586914,1.0927751064300537,0.5802649259567261,0.24000945687294006,0.0402209646999836,-0.3427749574184418,-0.6174900531768799,-0.1059289500117302,1.1675500869750977,2.5239429473876953,3.325138807296753,3.620698928833008,3.8988332748413086,4.612192630767822,5.671314239501953,7.487341403961182,9.770794868469238,12.061365127563477,14.377542495727539,16.558013916015625,17.087722778320312,17.20486831665039,17.43314552307129,19.229490280151367,20.923988342285156,22.056142807006836,23.07086753845215
7.366296768188477,8.309073448181152,10.711318969726562,13.531255722045898,14.520853996276855,13.891031265258789,13.74217700958252,13.01706314086914,10.771387100219727,8.944489479064941,8.993904113769531,9.785298347473145,9.507476806640625,8.26764965057373,6.427900314331055,4.6007208824157715,2.8951804637908936,1.6813684701919556,1.4820815324783325,1.66256582736969,1.7196589708328247,1.4447382688522339,0.7968411445617676,0.4257817268371582,1.0989773273468018,2.457670211791992,3.7016303539276123,4.415485382080078,4.618400573730469,4.582497596740723,4.602361679077148,4.836612701416016,5.455788612365723,6.85085916519165,9.173567771911621,11.653519630432129,14.051734924316406,15.496830940246582,15.953911781311035,16.47667121887207,17.814239501953125,19.347679138183594,20.370574951171875,21.018184661865234
8.78635025024414,8.702043533325195,9.330429077148438,10.600850105285645,11.19365119934082,11.25952434539795,11.779067993164062,11.627367973327637,10.025087356567383,8.6215181350708,8.326412200927734,8.37271785736084,8.025035858154297,6.98680305480957,5.6833977699279785,4.188581466674805,2.760681390762329,2.223522663116455,2.323119640350342,2.679948329925537,2.8625524044036865,2.541588306427002,1.912410020828247,1.7642390727996826,2.5356104373931885,3.796053409576416,4.966212749481201,5.6946539878845215,5.7918925285339355,5.386965274810791,4.852129936218262,4.606144905090332,4.708772659301758,5.355899333953857,6.588467597961426,8.31092357635498,10.289597511291504,12.064960479736328,13.384078025817871,14.839017868041992,16.0391902923584,16.683115005493164,17.058948516845703,17.558300018310547
10.877408027648926,11.012815475463867,10.744335174560547,10.173301696777344,10.055131912231445,10.367936134338379,10.139077186584473,9.472393035888672,8.275628089904785,7.669104099273682,7.44648551940918,6.642802715301514,5.573355197906494,5.162223815917969,4.955589771270752,4.342333793640137,3.5915026664733887,3.529707431793213,3.6225383281707764,3.6756205558776855,3.7113146781921387,3.5932159423828125,3.3034603595733643,3.271064519882202,3.932417154312134,5.128721714019775,6.217850685119629,6.826358795166016,6.817469120025635,6.253670692443848,5.549847602844238,5.139517307281494,5.181575775146484,5.5818071365356445,5.927303314208984,6.256373405456543,6.953794002532959,7.915510177612305,8.793428421020508,9.910572052001953,11.266521453857422,12.828886032104492,14.446550369262695,15.563009262084961
12.748445510864258,12.840457916259766,12.557801246643066,11.672418594360352,10.872618675231934,10.09424877166748,8.9946870803833,7.804457187652588,6.695944786071777,6.596413612365723,6.326148986816406,5.047323703765869,3.867384433746338,4.13778018951416,5.247382164001465,5.560924530029297,5.217833518981934,5.132265567779541,5.171044826507568,5.125820636749268,5.178258895874023,5.16904354095459,4.855556488037109,4.664921283721924,5.202549457550049,6.222034454345703,7.112631320953369,7.634683609008789,7.708143711090088,7.317829132080078,6.743973255157471,6.417909622192383,6.591726779937744,7.000226974487305,7.114786148071289,6.739368438720703,6.402235984802246,6.757328510284424,7.991775989532471,9.78967571258545,11.414512634277344,12.401742935180664,13.196231842041016,14.34799861907959
13.813385009765625,14.265337944030762,14.286755561828613,13.54481029510498,12.628437995910645,11.526080131530762,10.512176513671875,9.602120399475098,7.8792195320129395,6.652547359466553,5.763453960418701,4.558788299560547,4.03603458404541,4.824369430541992,6.206581115722656,7.02764368057251,7.097484588623047,6.920319557189941,6.838077068328857,6.9407782554626465,7.083733558654785,6.863804340362549,6.268387317657471,5.928341865539551,6.323410511016846,7.143974304199219,7.872166156768799,8.35806941986084,8.592872619628906,8.512587547302246,8.197139739990234,8.001263618469238,8.188287734985352,8.52507209777832,8.497978210449219,7.90645170211792,7.304330348968506,7.479128360748291,8.734724998474121,10.453336715698242,11.505614280700684,11.86313247680664,12.696742057800293,14.392208099365234
13.925443649291992,14.656855583190918,15.584983825683594,16.10526466369629,15.928089141845703,15.040884971618652,14.008353233337402,12.888959884643555,10.566571235656738,7.756768226623535,5.862523555755615,5.028903007507324,5.368476390838623,6.440718173980713,7.513921737670898,8.286678314208984,8.79490852355957,8.884781837463379,8.665138244628906,8.611822128295898,8.559907913208008,8.098919868469238,7.456766605377197,7.265398025512695,7.725443363189697,8.48762321472168,9.147016525268555,9.568102836608887,9.807490348815918,9.739476203918457,9.309276580810547,8.919400215148926,8.8876371383667,9.057682991027832,8.900444984436035,8.322332382202148,7.959611892700195,8.407212257385254,9.607295989990234,10.733077049255371,11.2976655960083,12.036503791809082,13.201902389526367,14.568584442138672
13.520135879516602,14.632074356079102,15.930908203125,17.064226150512695,17.87211036682129,16.853557586669922,15.396677017211914,14.02586555480957,11.380636215209961,8.048966407775879,6.007619380950928,5.834024906158447,6.740334510803223,7.8226189613342285,8.707589149475098,9.55691146850586,10.311570167541504,10.408117294311523,10.109156608581543,9.934375762939453,9.671135902404785,9.145947456359863,8.783536911010742,8.944488525390625,9.496624946594238,10.19509220123291,10.820960998535156,11.212065696716309,11.217726707458496,10.639025688171387,9.894445419311523,9.5850830078125,9.789870262145996,9.966923713684082,9.618877410888672,9.088635444641113,9.103928565979004,9.834951400756836,10.750210762023926,11.463691711425781,12.272721290588379,13.249438285827637,14.069568634033203,14.884500503540039
12.542455673217773,14.398347854614258,15.743484497070312,16.94313621520996,17.10123062133789,15.554993629455566,14.382349967956543,13.166417121887207,10.400731086730957,7.465480804443359,6.127560138702393,6.5918121337890625,7.6621413230896,8.718103408813477,9.702621459960938,10.639833450317383,11.111207008361816,10.927166938781738,10.799809455871582,10.8500394821167,10.657527923583984,10.289082527160645,10.227023124694824,10.641735076904297,11.263550758361816,11.837241172790527,12.241230964660645,12.333428382873535,11.932536125183105,11.215421676635742,10.789134979248047,10.883130073547363,11.223594665527344,11.322273254394531,11.110109329223633,11.095549583435059,11.64246940612793,12.50063705444336,13.243509292602539,13.839454650878906,14.276495933532715,14.397836685180664,14.496614456176758,15.072541236877441
11.133532524108887,13.226806640625,14.461048126220703,15.340411186218262,14.50954532623291,13.188714981079102,12.522963523864746,10.970901489257812,8.6559419631958,6.547307014465332,5.78153133392334,6.697623252868652,7.987072944641113,9.236262321472168,10.258651733398438,10.774805068969727,10.740126609802246,10.735758781433105,11.116747856140137,11.525408744812012,11.517230987548828,11.367460250854492,11.522354125976562,12.110340118408203,12.773693084716797,13.015440940856934,12.822178840637207,12.51817798614502,12.27034854888916,12.045125961303711,11.855091094970703,11.856426239013672,12.181147575378418,12.527870178222656,12.910971641540527,13.683146476745605,14.808808326721191,15.944652557373047,16.748130798339844,16.878671646118164,16.20693016052246,15.415608406066895,15.359854698181152,16.10454559326172
9.936943054199219,12.17005729675293,12.996325492858887,12.545249938964844,11.408432960510254,10.643011093139648,9.631694793701172,7.8203043937683105,6.054836750030518,4.540091514587402,4.570614337921143,5.884932994842529,7.817227840423584,9.339842796325684,9.878998756408691,9.80282974243164,9.750814437866211,10.209172248840332,11.041977882385254,11.51065444946289,11.776965141296387,12.283159255981445,12.850859642028809,13.382104873657227,13.53214168548584,13.21851921081543,12.942055702209473,12.899190902709961,12.77232837677002,12.468140602111816,12.228036880493164,12.466479301452637,13.15772533416748,13.910370826721191,14.811158180236816,16.137767791748047,17.75572967529297,19.178403854370117,19.638816833496094,18.755695343017578,17.364566802978516,16.73856544494629,17.15471839904785,18.13142967224121
7.825113773345947,10.316147804260254,10.879087448120117,9.457292556762695,7.406446933746338,6.3835954666137695,5.415266036987305,4.377164363861084,3.5504276752471924,2.9073405265808105,3.588226795196533,5.371945858001709,7.479220390319824,8.876972198486328,8.951726913452148,8.650729179382324,8.775819778442383,9.654220581054688,10.619512557983398,11.24752140045166,12.360560417175293,13.522500038146973,14.014933586120605,13.911613464355469,13.61904239654541,13.552526473999023,13.54655647277832,13.29953670501709,12.821818351745605,12.5260591506958,12.83211612701416,13.665729522705078,14.620729446411133,15.483400344848633,16.71172332763672,18.630064010620117,20.60371971130371,21.63562774658203,21.153949737548828,19.80006217956543,18.858051300048828,18.730331420898438,19.185688018798828,20.068195343017578
4.431397914886475,6.449820518493652,6.535290241241455,5.075681686401367,3.1782515048980713,2.3888051509857178,2.321805953979492,2.5415048599243164,2.784736156463623,2.933549404144287,3.8941762447357178,5.694952011108398,7.291471004486084,7.971705436706543,7.830327987670898,7.575936794281006,8.228660583496094,9.679816246032715,10.970643043518066,11.97681713104248,13.13379192352295,13.979389190673828,14.158082008361816,14.115915298461914,14.15936279296875,14.17684268951416,14.013715744018555,13.655879020690918,13.340341567993164,13.510528564453125,14.266580581665039,15.3253173828125,16.438453674316406,17.65068817138672,19.528038024902344,21.751873016357422,22.890514373779297,22.454334259033203,21.66016387939453,21.389131546020508,21.467287063598633,21.47805404663086,21.48475456237793,22.016254425048828
2.347154140472412,3.745269775390625,3.4153716564178467,2.2248125076293945,1.5038471221923828,1.4818017482757568,1.9530417919158936,2.6201937198638916,3.1993331909179688,3.6267154216766357,4.61362886428833,6.022007465362549,6.879793643951416,6.839656829833984,6.821298122406006,7.31256628036499,8.542119979858398,10.198822021484375,11.622454643249512,12.501648902893066,13.22822380065918,13.854510307312012,14.25656795501709,14.589656829833984,14.717926979064941,14.730234146118164,14.752768516540527,14.695945739746094,14.786140441894531,15.417081832885742,16.654298782348633,18.25938606262207,20.14408302307129,22.16889190673828,24.34848403930664,25.707223892211914,24.922391891479492,23.05698585510254,22.563173294067383,23.32689094543457,23.95710563659668,24.004737854003906,23.972503662109375,24.551334381103516
2.8405685424804688,3.0369722843170166,2.841336965560913,2.3164360523223877,1.5579321384429932,1.7998067140579224,2.9023313522338867,3.8314876556396484,4.127091884613037,4.298560619354248,4.8117780685424805,5.448814392089844,5.916048049926758,6.097004413604736,6.693506240844727,7.661471366882324,8.9254789352417,10.419733047485352,11.695631980895996,12.545729637145996,13.266595840454102,14.111071586608887,14.906698226928711,15.444621086120605,15.751839637756348,16.022157669067383,16.29498863220215,16.549392700195312,17.299760818481445,18.800947189331055,20.731605529785156,22.76372718811035,24.91497039794922,27.157541275024414,28.872465133666992,28.797657012939453,26.77987289428711,24.8922061920166,24.495361328125,24.757343292236328,25.01899528503418,25.3682804107666,26.141389846801758,27.443435668945312
4.897100448608398,5.1376166343688965,6.14408540725708,6.517457008361816,5.5915021896362305,4.58314323425293,4.409474849700928,5.018980503082275,5.543232440948486,5.8443217277526855,5.969756603240967,5.903231620788574,5.791691303253174,6.395658016204834,7.228278160095215,8.24551773071289,9.442687034606934,10.786197662353516,12.090458869934082,13.157073020935059,14.119915008544922,15.084686279296875,15.989397048950195,16.760915756225586,17.306123733520508,17.76665687561035,18.343828201293945,19.39739418029785,21.004396438598633,22.85660743713379,24.6420955657959,26.435386657714844,28.30925178527832,29.84786033630371,30.457902908325195,29.44593620300293,27.232807159423828,25.655622482299805,25.055683135986328,25.080591201782227,25.78850555419922,27.103933334350586,28.72803497314453,30.4168701171875
7.5719075202941895,7.798036575317383,8.839631080627441,10.322653770446777,10.798173904418945,10.31793212890625,9.02281379699707,7.663018226623535,7.084438323974609,7.094126224517822,7.4981536865234375,7.968896865844727,8.044218063354492,8.32027530670166,8.868673324584961,9.524625778198242,10.384244918823242,11.582819938659668,12.801874160766602,13.98906421661377,15.149986267089844,16.13547706604004,17.12962532043457,18.16434669494629,19.358745574951172,20.836380004882812,22.23622703552246,23.239225387573242,24.25764274597168,25.397497177124023,26.60866928100586,27.7030029296875,28.586416244506836,29.154930114746094,28.864290237426758,27.50560760498047,26.089618682861328,25.337926864624023,25.446273803710938,26.315174102783203,27.78485679626465,29.52068328857422,31.226552963256836,32.652000427246094
6.974537372589111,8.688043594360352,10.982026100158691,12.978476524353027,13.747931480407715,13.595171928405762,12.615670204162598,11.060041427612305,9.383476257324219,8.312395095825195,8.751481056213379,9.4559907913208,10.026018142700195,10.679014205932617,11.775273323059082,12.806525230407715,13.632148742675781,14.418678283691406,15.153882026672363,15.929933547973633,16.950801849365234,18.076082229614258,19.525358200073242,21.388025283813477,23.73821449279785,25.74248695373535,26.668554306030273,25.742332458496094,24.90801239013672,25.17618751525879,25.707294464111328,26.131383895874023,27.147464752197266,28.08352279663086,27.312755584716797,25.9941349029541,25.790218353271484,26.52909278869629,27.80666160583496,29.05332374572754,30.15117835998535,31.14305877685547,32.06523132324219,32.81496810913086
