data/wind_data/wind_65_4.json
{"header": {"parameterUnit": "KT", "parameterCategory": 2, "nx": 256, "ny": 198, "lo1": 44.73521041870117, "la1": -3.236724853515625, "lo2": 111.26478576660156, "la2": 43.468475341796875, "dx": 0.2609002888202667, "dy": -0.23708222806453705, "refTime": "2025-02-21 17:00:00", "forecastTime": 0, "parameterNumber": 2, "parameterNumberName": "eastward_wind"}, "data":
[rows 57 to 75 of 198, columns 176 to 219 of 256]
-5.622918605804443,-6.04755163192749,-5.476094722747803,-4.778996467590332,-4.955435752868652,-4.830804347991943,-4.716788291931152,-4.159456729888916,-4.19251012802124,-4.609374523162842,-4.184385299682617,-4.39065408706665,-5.015241622924805,-5.195702075958252,-4.899759769439697,-5.451938629150391,-5.738542079925537,-7.264460563659668,-7.887093544006348,-7.50681734085083,-6.904661655426025,-6.444284439086914,-6.0674614906311035,-6.412533283233643,-7.095727920532227,-7.294857501983643,-6.975674629211426,-6.860898494720459,-6.610887050628662,-5.474806308746338,-6.004330635070801,-9.606081008911133,-10.784307479858398,-9.680015563964844,-9.856334686279297,-10.603914260864258,-10.22683334350586,-9.263586044311523,-8.596481323242188,-8.734691619873047,-9.011590003967285,-9.568197250366211,-9.92391300201416,-9.822835922241211
-4.963075160980225,-5.8944220542907715,-5.428117275238037,-4.83097505569458,-4.895958423614502,-5.238029956817627,-4.954588413238525,-4.630804538726807,-4.332120895385742,-4.722158432006836,-4.642993450164795,-4.181939601898193,-4.019479751586914,-3.9821553230285645,-3.4766650199890137,-3.518266439437866,-4.587395191192627,-6.520003795623779,-6.963505268096924,-7.096526145935059,-7.109543323516846,-6.770299911499023,-6.363844871520996,-6.186618328094482,-6.463507652282715,-6.644815444946289,-6.387720584869385,-5.864266395568848,-4.736451148986816,-3.562178373336792,-4.842121124267578,-8.914570808410645,-10.022977828979492,-8.559977531433105,-8.107114791870117,-9.4478120803833,-9.526214599609375,-8.492820739746094,-7.8469109535217285,-8.240758895874023,-8.842625617980957,-9.290983200073242,-9.444842338562012,-9.203570365905762
-4.380051612854004,-5.048084735870361,-5.402295112609863,-5.137984752655029,-5.083357810974121,-5.75083065032959,-5.684711456298828,-4.808595180511475,-4.245301723480225,-4.645847320556641,-5.082381725311279,-4.286252021789551,-3.480555295944214,-3.0422346591949463,-2.817129135131836,-2.7170729637145996,-4.065243721008301,-5.3923821449279785,-5.721030235290527,-6.288597106933594,-7.0946526527404785,-7.290465354919434,-6.905935287475586,-6.364592552185059,-5.9476213455200195,-5.513415336608887,-5.320404052734375,-4.7920026779174805,-2.751523733139038,-1.6248198747634888,-4.3163371086120605,-8.179616928100586,-8.869443893432617,-7.21343994140625,-6.162003517150879,-7.44365930557251,-8.176363945007324,-7.5385637283325195,-7.146068572998047,-7.78517484664917,-8.745742797851562,-9.393218994140625,-9.344776153564453,-8.497020721435547
-4.57537841796875,-4.179676532745361,-4.701362133026123,-4.87122917175293,-5.121639728546143,-5.94343900680542,-6.500542640686035,-5.518603801727295,-4.497671604156494,-4.695678234100342,-5.154524326324463,-4.356257438659668,-3.2800936698913574,-2.5307188034057617,-2.3564302921295166,-2.4562137126922607,-3.4241654872894287,-4.402184009552002,-4.981517314910889,-5.737637042999268,-6.935738563537598,-7.627605438232422,-7.192494869232178,-6.307436466217041,-5.504950046539307,-4.421721935272217,-3.7991507053375244,-3.9619877338409424,-2.0974814891815186,-0.17613349854946136,-3.156841278076172,-6.788356304168701,-6.625303745269775,-5.138371467590332,-4.527879238128662,-6.391745090484619,-7.577242851257324,-6.890841484069824,-6.2874226570129395,-6.537049293518066,-7.315118789672852,-8.544069290161133,-8.709066390991211,-6.724109649658203
-5.269680976867676,-4.43248176574707,-4.326714038848877,-4.3408660888671875,-4.293200969696045,-4.958951950073242,-6.266313552856445,-6.593410968780518,-5.442172527313232,-4.719349384307861,-4.808265686035156,-4.394401550292969,-3.1665761470794678,-2.4832067489624023,-2.306312322616577,-2.580193519592285,-3.0478436946868896,-3.633208751678467,-4.445986270904541,-5.45658016204834,-6.554286956787109,-7.310698986053467,-6.912102699279785,-5.741015434265137,-4.69252347946167,-3.67545747756958,-2.726726770401001,-2.7639496326446533,-1.882785677909851,0.09587132930755615,-1.700407862663269,-4.918012619018555,-3.694551467895508,-2.323573112487793,-2.6186201572418213,-5.241378307342529,-6.986462116241455,-6.59605073928833,-5.889632701873779,-5.7480950355529785,-5.724157333374023,-5.927789688110352,-6.59461784362793,-6.34092903137207
-5.085976600646973,-5.2038421630859375,-4.764761924743652,-4.495065212249756,-4.0426530838012695,-4.062862396240234,-5.1951165199279785,-6.562747478485107,-6.292568206787109,-4.915195941925049,-3.9661779403686523,-3.742351531982422,-2.954608917236328,-2.478006362915039,-2.642822742462158,-3.0256693363189697,-3.21157169342041,-3.3375253677368164,-3.767376661300659,-4.6609272956848145,-5.573794364929199,-6.192803859710693,-6.081375598907471,-5.278650760650635,-4.299103736877441,-3.4547271728515625,-2.5972115993499756,-1.8125025033950806,-0.9459996819496155,0.03003596141934395,-1.1929433345794678,-3.0545873641967773,-1.4086500406265259,-0.04422079399228096,-0.3663040101528168,-3.239832878112793,-5.543889999389648,-5.82182502746582,-5.330894470214844,-4.804560661315918,-4.62459135055542,-4.185301303863525,-5.116459846496582,-6.575481414794922
-4.011829376220703,-4.948780059814453,-4.9872145652771,-4.644584655761719,-4.309602737426758,-4.148914813995361,-4.608038902282715,-5.608555793762207,-5.832424163818359,-5.039389133453369,-3.8387038707733154,-2.9065959453582764,-2.513378381729126,-2.347719430923462,-2.6127562522888184,-3.0574638843536377,-3.2182466983795166,-3.2571215629577637,-3.3637821674346924,-3.7064149379730225,-4.120398998260498,-4.443376541137695,-4.530656814575195,-4.110671520233154,-3.621485710144043,-3.383211374282837,-2.6615090370178223,-1.2999579906463623,0.30016374588012695,0.6638869047164917,-0.7738028764724731,-1.2732124328613281,-0.11880074441432953,1.164649248123169,1.086850643157959,-0.8822241425514221,-3.308135509490967,-4.4676384925842285,-4.611635684967041,-3.39882755279541,-2.502035617828369,-4.0590972900390625,-5.505377769470215,-5.5387654304504395
-2.586136817932129,-3.5827839374542236,-4.4323577880859375,-4.627440929412842,-4.518815994262695,-4.463042259216309,-4.53211784362793,-4.702236175537109,-4.763387680053711,-4.543632507324219,-3.9996869564056396,-3.004211664199829,-2.3554539680480957,-2.066857099533081,-1.915812611579895,-2.0440750122070312,-2.4036550521850586,-2.62018084526062,-2.631681442260742,-2.5463318824768066,-2.6668477058410645,-2.878314256668091,-2.8638272285461426,-2.314648151397705,-1.6924362182617188,-1.7837541103363037,-2.1226003170013428,-1.082281231880188,1.2089723348617554,2.0614395141601562,1.0247342586517334,0.8976004123687744,1.032332181930542,1.6298878192901611,1.0719434022903442,0.5903094410896301,-0.00815530028194189,-0.8750469088554382,-1.90376877784729,-1.2010897397994995,-2.582209825515747,-5.043920993804932,-6.028289318084717,-5.282652854919434
-1.371307611465454,-1.9079092741012573,-2.9699478149414062,-3.717212200164795,-4.040771007537842,-4.354857921600342,-4.769950866699219,-4.782049179077148,-4.276456832885742,-3.83282732963562,-3.6606805324554443,-3.2470765113830566,-2.628246545791626,-2.0194499492645264,-1.2747912406921387,-0.6698327660560608,-0.8598158359527588,-1.2705037593841553,-1.2431466579437256,-0.9764106869697571,-0.9476804137229919,-1.2445179224014282,-1.2721916437149048,-0.6781221032142639,-0.05026059225201607,-0.1007658839225769,-1.188251256942749,-0.8938469886779785,1.668524146080017,3.3169491291046143,3.43974232673645,3.5589096546173096,2.619685411453247,1.8270994424819946,1.168654441833496,1.396610140800476,2.181736707687378,2.923842430114746,2.402683973312378,-1.040348768234253,-5.195642948150635,-6.576724529266357,-7.16032600402832,-5.974715709686279
-0.8194265365600586,-0.8694943189620972,-1.5097991228103638,-2.3916501998901367,-2.9526352882385254,-3.334662437438965,-3.9772138595581055,-4.644570350646973,-4.524559020996094,-3.716905355453491,-3.130279064178467,-2.8066084384918213,-2.3046224117279053,-1.749552607536316,-1.047287106513977,-0.1991017609834671,0.2496458888053894,0.15344275534152985,0.07032695412635803,0.0980420857667923,0.06878025084733963,-0.06067376583814621,-0.022999152541160583,0.41888388991355896,0.5355483293533325,-0.23156042397022247,-1.5075308084487915,-1.0057357549667358,1.7233623266220093,3.6713907718658447,4.982020854949951,4.925875663757324,3.563197612762451,1.5105177164077759,1.698865532875061,2.500143051147461,3.4272007942199707,4.176726341247559,3.635871171951294,-1.7321968078613281,-6.330167770385742,-6.612591743469238,-7.435499668121338,-6.8161091804504395
-0.17150266468524933,-0.31078699231147766,-0.6818866729736328,-1.3432526588439941,-1.8750351667404175,-2.098487377166748,-2.3919382095336914,-3.0844175815582275,-3.8169894218444824,-3.7418670654296875,-2.927192211151123,-2.0971269607543945,-1.3968660831451416,-0.9381070137023926,-0.7737374901771545,-0.4024876654148102,0.34507474303245544,0.9211798906326294,0.8428167104721069,0.34867429733276367,0.126265749335289,0.18652278184890747,0.32774588465690613,0.5848026871681213,0.3482265770435333,-0.7452219128608704,-1.9557172060012817,-0.7603858709335327,2.1940884590148926,3.803347587585449,4.924583435058594,4.9554314613342285,3.0218026638031006,1.1962041854858398,1.7998619079589844,3.0446369647979736,3.5822291374206543,3.674445390701294,3.3153817653656006,-0.39959725737571716,-4.379873275756836,-3.369375228881836,-3.9919919967651367,-5.790610313415527
1.017443299293518,0.6326391100883484,0.04909524321556091,-0.702396035194397,-1.2442703247070312,-1.2887365818023682,-1.1068514585494995,-1.2883193492889404,-2.0944926738739014,-2.833286762237549,-2.5878548622131348,-1.7414889335632324,-0.7664949297904968,-0.14818651974201202,-0.24364475905895233,-0.401275098323822,0.07921694219112396,0.8380827903747559,0.910213053226471,0.24777288734912872,0.01718791015446186,0.20816007256507874,0.33069998025894165,0.3637672960758209,0.3908916711807251,0.2185872197151184,-1.0516573190689087,-1.471754789352417,1.7698222398757935,3.8205318450927734,4.644682884216309,5.022286415100098,4.020634174346924,1.8695363998413086,1.6467429399490356,2.861024856567383,3.118952989578247,2.253697395324707,1.3823190927505493,0.569736123085022,0.45908987522125244,1.634344458580017,-0.2066633254289627,-3.472320318222046
2.171398878097534,1.8674256801605225,1.2531108856201172,0.2700604200363159,-0.6812793016433716,-0.9861470460891724,-0.7020984292030334,-0.37403595447540283,-0.5912665724754333,-1.3549516201019287,-1.7648975849151611,-1.3908259868621826,-0.6482425928115845,0.0483236201107502,0.3156622350215912,0.14747560024261475,0.2934668958187103,0.8048067688941956,0.7265021204948425,0.07037393748760223,-0.034982938319444656,0.44358235597610474,0.7893761992454529,0.8373586535453796,1.0636394023895264,1.346815586090088,0.7711421251296997,-0.8319097757339478,-0.3497621715068817,2.3909497261047363,3.983212471008301,5.002684116363525,5.941178321838379,4.024424076080322,1.6777476072311401,1.7773739099502563,1.9164669513702393,0.8191986680030823,-0.028041068464517593,0.20607556402683258,1.298925518989563,2.3910655975341797,0.8282425999641418,-1.7615739107131958
2.9952704906463623,2.8555188179016113,2.3953216075897217,1.5495890378952026,0.44009140133857727,-0.44584473967552185,-0.6855872273445129,-0.39424610137939453,-0.0563034862279892,-0.13598518073558807,-0.634786069393158,-0.8571456074714661,-0.5686649680137634,-0.11818867921829224,0.3745960593223572,0.7375395894050598,0.9652961492538452,1.420891284942627,1.249804973602295,0.45687517523765564,0.2766219675540924,0.7389407157897949,1.3177826404571533,1.6115421056747437,1.7577265501022339,1.5439813137054443,1.303717017173767,1.515511155128479,0.7422990202903748,1.1312541961669922,2.8705482482910156,4.731457233428955,7.238929748535156,6.684582233428955,2.6689460277557373,1.3455625772476196,1.046653389930725,0.03620732203125954,-0.642235279083252,-0.5542303919792175,-0.005398393142968416,0.7706815600395203,0.7614004015922546,-0.7274450063705444
3.6703150272369385,3.6261942386627197,3.3043594360351562,2.658712863922119,1.7779937982559204,0.7705726027488708,-0.07204370945692062,-0.33956220746040344,0.016076425090432167,0.4744730591773987,0.37786999344825745,-0.14410337805747986,-0.23945121467113495,0.08901815116405487,0.4360986053943634,0.9169304370880127,1.367578387260437,1.9987727403640747,2.3737032413482666,1.683039665222168,1.2745426893234253,1.490742802619934,1.7650129795074463,1.9299750328063965,1.9492859840393066,1.3204495906829834,1.1880972385406494,2.2731597423553467,2.8028314113616943,2.117769956588745,2.6290204524993896,4.9419379234313965,7.387970447540283,7.683556079864502,3.4393959045410156,2.0197620391845703,1.4833699464797974,0.6510623693466187,0.07277265191078186,-0.3412344455718994,-0.34803107380867004,-0.10903492569923401,-0.03789302334189415,-0.8058149218559265
4.514185428619385,4.359530448913574,4.107722282409668,3.7197391986846924,3.111421585083008,2.3052170276641846,1.3283042907714844,0.5276610851287842,0.4886687397956848,1.0885905027389526,1.3862972259521484,0.8309958577156067,0.32741692662239075,0.45495733618736267,0.7543606162071228,1.0561192035675049,1.5270718336105347,2.17441987991333,3.086527109146118,2.833482503890991,2.1025068759918213,2.0302271842956543,2.0247817039489746,1.985970139503479,1.8675652742385864,1.516357183456421,1.544545292854309,2.150583505630493,3.038766622543335,4.21657133102417,4.148435592651367,5.308355808258057,6.939527988433838,6.878420352935791,3.05118989944458,2.9048051834106445,3.117732524871826,2.604613780975342,1.6880472898483276,0.7982003092765808,-0.2212902456521988,-0.5868749618530273,-0.751255989074707,-0.9481207132339478
5.55007791519165,5.335709095001221,4.980391025543213,4.670609951019287,4.321780204772949,3.753295421600342,2.915963888168335,2.0022084712982178,1.5903186798095703,2.0123653411865234,2.5551905632019043,2.3377022743225098,1.497856855392456,1.0488512516021729,1.2637473344802856,1.3632677793502808,1.5639704465866089,2.306783676147461,3.3399739265441895,3.432671308517456,2.0912837982177734,1.9738346338272095,2.068178176879883,2.0990395545959473,1.9400241374969482,1.7510056495666504,1.742486596107483,1.574399709701538,1.6105729341506958,3.9496536254882812,5.937930583953857,6.661886215209961,6.9461164474487305,5.449209690093994,2.32366681098938,3.875790596008301,5.0577826499938965,5.1988844871521,3.9630918502807617,2.2681026458740234,0.22372055053710938,-0.5966540575027466,-0.4417179524898529,-0.04230160266160965
6.8522257804870605,6.603365421295166,6.160924911499023,5.687474250793457,5.3440423011779785,4.953256607055664,4.316821098327637,3.5122323036193848,3.0289947986602783,3.2309699058532715,3.8159165382385254,4.088662624359131,3.4628713130950928,2.3598134517669678,2.206831932067871,2.014390468597412,1.4271365404129028,2.207232713699341,3.585442066192627,3.8732409477233887,2.105588674545288,1.6743680238723755,2.1951019763946533,2.398796558380127,2.248002052307129,1.8818061351776123,1.3634586334228516,0.3702491819858551,0.3159630000591278,2.9172990322113037,6.5368852615356445,9.1151123046875,8.742147445678711,5.714207649230957,3.5133020877838135,4.198534965515137,6.0385589599609375,6.80485725402832,5.614639759063721,3.3327784538269043,1.2101575136184692,0.2893376052379608,0.5917885899543762,1.7907674312591553
8.20678424835205,8.055888175964355,7.601827144622803,6.9691901206970215,6.3745222091674805,5.896971702575684,5.371082782745361,4.773826599121094,4.378905296325684,4.528198719024658,5.0438995361328125,5.445184230804443,5.342218399047852,4.0789031982421875,3.340245008468628,2.7339370250701904,2.1011109352111816,2.5904457569122314,4.31665563583374,4.708083152770996,2.5456504821777344,1.6394730806350708,2.4572770595550537,2.6657052040100098,2.451117515563965,1.8478797674179077,1.2487250566482544,-0.15070201456546783,0.6585865616798401,3.733583450317383,6.795079231262207,10.079720497131348,9.99282455444336,8.39924430847168,5.550943851470947,5.800503730773926,7.865532398223877,8.683363914489746,6.266836166381836,3.4002485275268555,2.341740608215332,1.8522436618804932,1.8481651544570923,3.4164235591888428
