data/wind_data/wind_2025-02-21_23.json
{"header": {"parameterUnit": "KT", "parameterCategory": 2, "nx": 255, "ny": 198, "lo1": 44.73521041870117, "la1": -3.236724853515625, "lo2": 111.26478576660156, "la2": 43.468475341796875, "dx": 0.26192745566368103, "dy": -0.23708222806453705, "refTime": "2025-02-21 23:00:00", "forecastTime": 0, "parameterNumber": 3, "parameterNumberName": "northward_wind"}, "data":
[rows 0 to 18 of 198, columns 172 to 214 of 255]
4.451497554779053,4.425065517425537,5.150475025177002,5.606658935546875,5.3624186515808105,5.079774856567383,4.893293857574463,4.74815034866333,4.537338733673096,4.402403354644775,4.308807373046875,3.9726924896240234,3.557126522064209,3.0497395992279053,2.537921667098999,2.34599232673645,2.3512022495269775,2.3902671337127686,2.395657777786255,2.441831588745117,2.463183641433716,2.3456568717956543,2.1026241779327393,1.581062912940979,1.0853493213653564,0.9202547669410706,0.9700990319252014,1.1780225038528442,1.2965530157089233,1.2822589874267578,1.250177025794983,1.181144118309021,0.7776567339897156,0.17335714399814606,-0.046711914241313934,-0.18181398510932922,-0.9677942991256714,-1.9863280057907104,-2.6503682136535645,-3.13677716255188,-3.0519843101501465,-3.239285469055176,-5.003830909729004
3.7327752113342285,3.852403163909912,4.491039276123047,4.959162712097168,4.926293849945068,5.002459526062012,5.254787445068359,5.333922386169434,5.220675945281982,4.846034049987793,4.162349700927734,3.7308855056762695,3.5696141719818115,3.2670388221740723,2.9544897079467773,2.9434826374053955,3.103564739227295,2.9522032737731934,2.6807188987731934,2.7988555431365967,2.9277114868164062,2.8808419704437256,2.5214147567749023,1.4738017320632935,0.6370505690574646,0.524182140827179,0.8425331115722656,1.499167561531067,1.8101387023925781,1.6247811317443848,1.4724022150039673,1.5246336460113525,1.1015452146530151,0.3150375187397003,-0.1846165806055069,-0.6042407751083374,-1.4595822095870972,-2.4598755836486816,-3.1017322540283203,-3.4381256103515625,-1.8763468265533447,-2.7693514823913574,-5.154780864715576
2.50016713142395,2.983475685119629,3.2381174564361572,3.4795427322387695,3.915027141571045,4.353168487548828,4.584248065948486,4.361666202545166,3.998744249343872,3.73842716217041,3.446930170059204,3.415651321411133,3.4482946395874023,3.3902809619903564,3.3301451206207275,3.174175977706909,3.123828887939453,3.360339879989624,3.5328168869018555,3.237299919128418,2.929077625274658,3.161869764328003,3.1852660179138184,2.547056198120117,1.9222010374069214,1.5072184801101685,1.4130549430847168,1.7063430547714233,1.9274845123291016,1.8172534704208374,1.450947642326355,1.1100157499313354,0.7886818647384644,0.3452894985675812,-0.08073130249977112,-0.6356998682022095,-1.4416271448135376,-2.412013053894043,-2.988365650177002,-3.1127753257751465,-2.998004674911499,-2.969417095184326,-5.248090744018555
-0.21916593611240387,1.055095911026001,1.689544439315796,1.9281749725341797,2.6272671222686768,3.106074094772339,3.0481560230255127,2.614508628845215,2.3911609649658203,2.611712694168091,3.135965347290039,3.5844063758850098,3.6653597354888916,3.584425687789917,3.679905891418457,3.7839365005493164,3.683155059814453,3.621466636657715,3.761171340942383,3.771158456802368,3.7150652408599854,3.7778639793395996,3.465932846069336,3.312361240386963,3.460442543029785,3.1089580059051514,2.471966028213501,2.3198282718658447,2.190789222717285,1.3028591871261597,0.42466869950294495,-0.011998015455901623,0.24057026207447052,0.7788782119750977,0.4903925359249115,-0.6975142955780029,-1.8595143556594849,-2.9890620708465576,-3.3636834621429443,-3.0611913204193115,-3.4317169189453125,-2.5262842178344727,-5.104924201965332
0.8073222637176514,1.5015820264816284,1.0879178047180176,0.9009127020835876,2.21985125541687,2.8719277381896973,2.7598724365234375,2.5369629859924316,2.6306817531585693,3.238823890686035,4.101512908935547,4.781754016876221,4.784570693969727,4.376972198486328,4.041159152984619,4.213540077209473,4.312676429748535,3.9150235652923584,3.8483190536499023,4.4004645347595215,4.819573879241943,4.816485404968262,4.346177577972412,4.0841875076293945,4.147968769073486,3.8124258518218994,2.9782912731170654,2.543814182281494,2.0248639583587646,1.2646151781082153,0.38577261567115784,-0.17122116684913635,0.2539389431476593,1.0590370893478394,0.9603263139724731,-0.987236499786377,-2.651956558227539,-3.364401340484619,-4.005313873291016,-3.7211010456085205,-3.5195319652557373,-4.066756725311279,-7.262606620788574
1.9173729419708252,2.640787363052368,2.273710250854492,1.9008527994155884,2.9940390586853027,3.4590156078338623,3.0408406257629395,3.317471981048584,3.5220134258270264,3.8615894317626953,4.620241641998291,5.182416915893555,5.066812992095947,4.790090084075928,4.506762504577637,4.354465961456299,4.2804436683654785,4.20289945602417,4.21002721786499,4.37631893157959,4.690248012542725,5.008544921875,4.928831577301025,4.378736972808838,4.148691177368164,4.113889694213867,3.5047733783721924,2.521026372909546,1.6441586017608643,1.1246744394302368,1.2140614986419678,0.9708027839660645,0.6587333679199219,0.7707557678222656,0.21345944702625275,-1.3017386198043823,-2.3432836532592773,-2.8753039836883545,-3.5557045936584473,-3.9307761192321777,-4.035304069519043,-5.264311790466309,-6.024625778198242
0.75742506980896,2.2156472206115723,1.7229444980621338,2.76228666305542,4.296135425567627,3.7113983631134033,2.9122822284698486,3.929905652999878,5.107597827911377,5.471423149108887,5.039995193481445,4.7593889236450195,4.83950138092041,5.270891189575195,5.118139266967773,4.511184215545654,4.1635518074035645,4.157275676727295,4.346468925476074,4.4365315437316895,4.435102462768555,4.500825881958008,5.090296745300293,4.817610740661621,4.613524436950684,4.570011138916016,3.6808273792266846,2.862894296646118,2.2626118659973145,1.7291374206542969,1.635594367980957,1.1379536390304565,1.1809478998184204,0.8794848322868347,0.942441999912262,-0.18483033776283264,-0.20220834016799927,-0.6825066208839417,-1.943683385848999,-1.7277274131774902,-2.071655511856079,-3.480896472930908,0.7798367142677307
1.108663558959961,1.6491128206253052,1.311596155166626,1.9794576168060303,3.8070902824401855,3.561774730682373,4.372072219848633,5.0611138343811035,3.5311439037323,4.446093559265137,4.69725227355957,4.902410507202148,5.391928195953369,5.921003341674805,6.001254558563232,4.964362621307373,4.3945136070251465,4.226802349090576,4.333822727203369,4.232738018035889,4.334106922149658,4.310740947723389,4.847169876098633,5.215025424957275,4.8694748878479,3.883533000946045,3.3514716625213623,3.222580909729004,3.227403402328491,2.950058698654175,2.2740256786346436,2.206723928451538,2.4172959327697754,2.367607593536377,1.2471213340759277,0.025932088494300842,-0.09952442348003387,0.5536219477653503,0.17494721710681915,-0.08160886913537979,-1.8508508205413818,-4.390249729156494,0.8039560317993164
1.5460790395736694,0.9930902123451233,0.025466984137892723,-0.2931717336177826,2.7188429832458496,5.502866268157959,6.359310626983643,5.4598917961120605,2.4726064205169678,3.128359317779541,4.2654805183410645,4.73962926864624,4.911092758178711,4.528265476226807,5.475286960601807,5.341212749481201,4.372374534606934,6.0419182777404785,5.2247114181518555,4.330110549926758,4.443243503570557,5.2372355461120605,5.754055976867676,5.490009307861328,4.915674686431885,5.429413795471191,5.42978048324585,4.843423843383789,4.295114517211914,3.961357593536377,3.805783987045288,3.5837910175323486,3.2922873497009277,2.542248487472534,0.8827356696128845,0.46421992778778076,0.3652760684490204,0.4944450259208679,1.9144643545150757,0.6184970736503601,-1.073196291923523,-1.1550668478012085,-1.8731251955032349
2.8931655883789062,2.069455146789551,1.5196080207824707,1.833679437637329,2.5893802642822266,3.287553548812866,4.464153289794922,5.15432596206665,6.031632900238037,5.54757833480835,5.970377445220947,4.492617130279541,4.604557991027832,4.086400032043457,3.8003766536712646,5.962421894073486,5.786752223968506,7.780325412750244,6.531606674194336,5.627401828765869,5.215863227844238,4.8864827156066895,4.859212398529053,5.403170585632324,6.151581287384033,5.693815231323242,6.090299606323242,5.469612121582031,4.100466728210449,3.808983087539673,3.456051826477051,4.4165544509887695,2.6992030143737793,1.174900770187378,0.9650143980979919,1.416295051574707,2.044468641281128,2.401772975921631,2.2921676635742188,1.1708414554595947,2.7006266117095947,1.5890929698944092,-0.8777825832366943
1.5317660570144653,1.9953280687332153,2.474072217941284,3.191952705383301,2.076728105545044,0.8302295804023743,3.3614585399627686,3.685502529144287,4.059717655181885,4.53971004486084,6.9041242599487305,5.76729679107666,3.6362853050231934,4.604221820831299,4.484372138977051,8.020406723022461,6.698107719421387,5.76377534866333,6.083940029144287,5.693271636962891,5.760643482208252,3.6837048530578613,3.584810972213745,4.71925687789917,4.896514415740967,2.8303868770599365,4.247189044952393,3.323183298110962,2.94976544380188,1.9083073139190674,0.9165577292442322,1.8613998889923096,1.6719316244125366,1.1929534673690796,0.5612435936927795,0.20111463963985443,1.7408279180526733,1.9120312929153442,-0.9398307800292969,-0.9153391122817993,1.6583887338638306,-0.40047815442085266,-1.6408095359802246
1.5351202487945557,0.08551058173179626,0.011844365857541561,1.2799218893051147,1.7526620626449585,2.2478644847869873,2.6334786415100098,3.155885696411133,3.3103318214416504,4.380207538604736,3.9948880672454834,4.4322190284729,2.483253240585327,6.801147937774658,5.874513149261475,5.760993957519531,5.446262359619141,3.471740961074829,6.366275787353516,5.772650718688965,4.6834516525268555,1.3916707038879395,3.151108503341675,4.178762435913086,3.0110137462615967,4.111031532287598,3.7665576934814453,2.8992936611175537,1.9678797721862793,1.3678584098815918,0.3040121793746948,-0.49523696303367615,1.7606313228607178,2.236539840698242,2.0990190505981445,0.9433146715164185,0.8211045265197754,-3.0196495056152344,-4.01508903503418,-1.9130873680114746,-0.8626337051391602,-1.1095694303512573,-1.976216197013855
1.1766949892044067,-0.11520414054393768,-1.1509521007537842,0.3377700448036194,1.7632592916488647,2.0633656978607178,3.862483024597168,4.619525909423828,5.38362455368042,4.592996597290039,1.8898212909698486,4.5126566886901855,7.03617000579834,5.94731330871582,5.506201267242432,2.974604368209839,5.418834209442139,6.3686604499816895,7.116257667541504,5.390616416931152,5.030673503875732,1.8124995231628418,2.8711016178131104,3.9564268589019775,4.420060634613037,6.351660251617432,4.322433948516846,3.4208385944366455,3.1597068309783936,2.0523152351379395,1.5521575212478638,1.2991756200790405,3.142080545425415,2.9958293437957764,2.1221022605895996,0.9736841320991516,-0.5896804928779602,-3.7092020511627197,-3.754915952682495,-1.9240260124206543,-2.2766830921173096,-2.2906205654144287,-1.1326318979263306
-1.0862034559249878,-1.4603238105773926,-2.014479160308838,-0.34525513648986816,1.8306877613067627,2.9429843425750732,2.8954739570617676,4.496238708496094,3.7598862648010254,3.3545711040496826,5.080212116241455,7.170483112335205,7.242042064666748,4.242697715759277,4.884532451629639,4.706704139709473,6.152115345001221,6.5271406173706055,3.015115261077881,4.461418628692627,7.055046558380127,6.1180195808410645,5.696290493011475,4.983748435974121,5.133188724517822,5.5379204750061035,4.92289924621582,4.19504976272583,4.4976067543029785,4.661442756652832,3.5408902168273926,3.514730930328369,1.8912861347198486,1.9046603441238403,1.712671160697937,-0.4401261508464813,-3.1723270416259766,-1.9572563171386719,-1.6768474578857422,-1.3159860372543335,-0.5488144755363464,-0.6542454361915588,0.43275880813598633
-1.1127214431762695,-2.0366148948669434,0.19823387265205383,2.056239128112793,2.9470951557159424,3.046391487121582,1.5803227424621582,2.7107229232788086,3.2462425231933594,3.1349856853485107,4.685424327850342,5.402075290679932,4.031446933746338,4.573891639709473,5.201059818267822,5.9485907554626465,6.165530204772949,4.307468891143799,3.0400474071502686,5.375324249267578,5.474009990692139,6.923919677734375,6.240602016448975,5.183934688568115,5.467138290405273,4.68930721282959,4.986614227294922,5.432365417480469,4.226982593536377,4.893971920013428,6.332481384277344,4.923609733581543,1.964108943939209,4.071652412414551,0.6943886876106262,-4.039365291595459,-2.614894390106201,-2.272747278213501,-1.3321822881698608,-1.126595139503479,1.4879125356674194,1.799541711807251,0.8082389235496521
-0.859736979007721,0.9209371209144592,2.5440316200256348,2.9961092472076416,4.126298904418945,2.836387872695923,2.624748706817627,1.3738306760787964,2.963153123855591,4.15397310256958,3.70324969291687,4.062124252319336,5.40659236907959,5.501430988311768,7.140111446380615,6.220840930938721,5.123869895935059,4.8756561279296875,7.035484790802002,5.842275619506836,3.944166421890259,5.706203460693359,5.6116623878479,5.019556999206543,5.086366653442383,4.945040225982666,4.8781843185424805,5.3069233894348145,4.561670780181885,5.392561912536621,5.474627494812012,4.3802266120910645,5.394847869873047,3.962742328643799,1.10800039768219,-0.38309502601623535,-0.43498679995536804,-0.43502435088157654,-0.5331318974494934,0.714233934879303,1.9092588424682617,1.2132725715637207,-0.6752030253410339
0.1470891684293747,1.5157771110534668,1.3769341707229614,1.575337529182434,3.559846878051758,3.329817533493042,2.0857741832733154,0.8855898380279541,3.8826377391815186,6.387763977050781,5.747608184814453,4.639532089233398,4.231602668762207,5.774917125701904,6.569304466247559,5.71541690826416,4.285725116729736,4.3153252601623535,5.935187816619873,5.1899943351745605,5.227655410766602,5.677967071533203,5.419980525970459,4.8456573486328125,4.829089641571045,5.473076820373535,5.960167407989502,5.986209869384766,5.755579471588135,5.051188945770264,2.289935827255249,4.740183353424072,3.8490025997161865,1.541969895362854,0.17771895229816437,2.463341236114502,0.703052818775177,2.3563613891601562,2.4184064865112305,2.9721786975860596,2.2966151237487793,0.7708715796470642,-0.4067102074623108
-0.6426689624786377,-1.2867422103881836,0.03421660140156746,1.423557996749878,2.9625604152679443,4.111550331115723,3.1172049045562744,2.477508544921875,4.497013092041016,6.0237274169921875,6.762709617614746,4.814655780792236,3.65755295753479,3.016752243041992,4.212749004364014,4.731352806091309,4.311339855194092,4.168534755706787,4.306917667388916,4.696232795715332,5.2765212059021,5.928023338317871,5.940249443054199,6.407879829406738,7.403009414672852,6.568464756011963,6.1366376876831055,5.704628944396973,6.304257869720459,3.2078158855438232,3.4834773540496826,0.7252815365791321,1.1500529050827026,0.5753589272499084,-2.276935577392578,-1.8778026103973389,-1.0422403812408447,2.267366409301758,4.217226505279541,2.222978353500366,1.1226881742477417,0.8407750129699707,0.3873891532421112
-0.21744953095912933,-0.4082156717777252,-1.4445244073867798,-0.7205873131752014,1.0218182802200317,2.062121868133545,1.5328305959701538,1.6437402963638306,2.9097862243652344,3.8830654621124268,4.853419303894043,4.560102939605713,2.802851676940918,1.674841284751892,3.617941379547119,3.596353054046631,5.204384803771973,5.206286907196045,4.491887092590332,4.99001407623291,5.316163539886475,5.465312957763672,7.139532089233398,8.215743064880371,6.410810947418213,6.39184045791626,6.057670593261719,6.1337456703186035,7.0870795249938965,7.15286111831665,4.2711639404296875,-1.9149941205978394,0.566808819770813,-0.1959235668182373,-1.4586600065231323,-2.2362074851989746,-2.4202795028686523,-1.8273142576217651,1.5230015516281128,1.460968017578125,1.4837367534637451,0.8417661786079407,1.0562851428985596
