data/wind_data/wind_Surface_25.json
{"header": {"parameterUnit": "KT", "parameterCategory": 2, "nx": 255, "ny": 198, "lo1": 44.73521041870117, "la1": -3.236724853515625, "lo2": 111.26478576660156, "la2": 43.468475341796875, "dx": 0.26192745566368103, "dy": -0.23708222806453705, "refTime": "2025-02-20 01:00:00", "forecastTime": 0, "parameterNumber": 3, "parameterNumberName": "northward_wind"}, "data":
[rows 171 to 189 of 198, columns 43 to 85 of 255]
9.213958740234375,12.512872695922852,11.311914443969727,11.979185104370117,14.633602142333984,19.322179794311523,17.557104110717773,9.11605453491211,4.069859981536865,3.4021425247192383,2.788353443145752,3.6265170574188232,5.231592655181885,5.878726482391357,5.361317157745361,4.494405746459961,4.528553009033203,4.834454536437988,4.540493488311768,4.534470081329346,4.054122447967529,4.279535293579102,4.1423139572143555,3.8143608570098877,3.693999767303467,3.685826301574707,3.677847385406494,3.458401918411255,2.817641019821167,2.1211812496185303,1.3886213302612305,0.8049792647361755,0.1039218157529831,-1.2168352603912354,-1.9884458780288696,-1.4352121353149414,-0.06479613482952118,1.4031380414962769,1.9226698875427246,1.8824071884155273,-0.519871711730957,-5.236403942108154,-8.899754524230957
11.699928283691406,15.132009506225586,14.701408386230469,18.55660629272461,20.703710556030273,16.379560470581055,7.379714012145996,0.9852099418640137,1.5959887504577637,2.976588249206543,3.69728946685791,4.4146833419799805,4.824516296386719,5.113638877868652,4.511547088623047,4.191439628601074,4.447779178619385,4.378891944885254,4.273573875427246,4.114110946655273,3.452744483947754,3.505328416824341,3.7098960876464844,3.6157350540161133,3.4384334087371826,3.151771306991577,2.893409252166748,2.45528507232666,1.5951257944107056,1.0194116830825806,0.6962984204292297,0.4779682159423828,-0.33422884345054626,-1.9139968156814575,-2.3876845836639404,-1.2868421077728271,1.0002350807189941,3.4769837856292725,4.459419250488281,4.231189250946045,0.7234160900115967,-3.751316785812378,-6.460301876068115
12.341827392578125,16.50328826904297,17.65381622314453,16.807165145874023,11.101564407348633,5.108147144317627,1.0917125940322876,3.1331546306610107,3.589132070541382,3.958224296569824,3.8849472999572754,4.041609287261963,3.834059715270996,3.8690173625946045,3.865601062774658,4.309873104095459,4.322337627410889,4.080545902252197,3.609267473220825,3.417928695678711,3.427741289138794,3.222658157348633,3.033173084259033,2.6480941772460938,2.192028045654297,1.9020670652389526,1.8260328769683838,1.626441240310669,1.0371592044830322,0.43190711736679077,0.04574836045503616,-0.1052321270108223,-0.8661796450614929,-1.5849218368530273,-1.6607505083084106,-1.1846288442611694,0.5399559140205383,3.0721864700317383,4.872626304626465,5.10192346572876,3.060353994369507,1.1463063955307007,0.10399916023015976
8.36532974243164,8.070963859558105,7.5286641120910645,2.84922194480896,-0.14497911930084229,1.1444118022918701,2.9537665843963623,3.7402961254119873,4.16176700592041,4.116832256317139,3.7123405933380127,3.4929580688476562,3.209117889404297,3.0694470405578613,3.529491424560547,3.9379048347473145,3.7713794708251953,3.626595973968506,3.1720545291900635,2.8005247116088867,2.9185352325439453,2.832686424255371,2.3388874530792236,1.7241789102554321,1.2490988969802856,1.2549877166748047,1.3624335527420044,1.1894404888153076,0.6615038514137268,-0.26774492859840393,-1.090679407119751,-1.3251432180404663,-1.431695580482483,-1.3147794008255005,-0.9439192414283752,-0.7414830327033997,0.0406227707862854,1.747353196144104,3.1929686069488525,4.028316974639893,4.047551155090332,5.591091156005859,4.591777801513672
3.5005600452423096,0.8260012865066528,-0.31179505586624146,-0.23660452663898468,1.3588730096817017,2.947833299636841,3.3729209899902344,3.5726451873779297,3.919811725616455,3.8827099800109863,3.6363329887390137,3.2732930183410645,3.0704598426818848,3.063546895980835,3.0600156784057617,2.9356777667999268,2.8726625442504883,2.775484085083008,2.440720796585083,2.0036497116088867,1.5786659717559814,1.4643186330795288,1.5673789978027344,1.5006051063537598,1.3252184391021729,1.3706738948822021,1.2677158117294312,0.7465015649795532,-0.10782384872436523,-1.389824390411377,-2.375833749771118,-2.2737231254577637,-1.623126745223999,-0.9802603125572205,-0.44140011072158813,-0.020524099469184875,0.6929606795310974,2.3056650161743164,2.9035263061523438,2.4996848106384277,1.4492844343185425,2.4777233600616455,3.183345079421997
0.2787295877933502,0.34875524044036865,1.1662180423736572,2.2656285762786865,2.540620803833008,2.7909488677978516,3.209108591079712,3.4453155994415283,3.1794779300689697,3.0510921478271484,3.285294532775879,3.312422037124634,3.2215936183929443,3.0903639793395996,2.456294059753418,1.9103692770004272,2.0076699256896973,1.8692628145217896,1.5612702369689941,1.354845643043518,1.0129426717758179,0.796764075756073,1.0606234073638916,1.5692158937454224,1.8552167415618896,1.8516072034835815,1.3544707298278809,0.3711671233177185,-0.9998399615287781,-2.2796177864074707,-2.7712435722351074,-2.327939033508301,-1.3649646043777466,-0.700084924697876,-0.23224523663520813,0.858806848526001,2.0815908908843994,2.1459760665893555,2.3157010078430176,2.156250476837158,0.3553895652294159,0.17834801971912384,3.0414814949035645
-0.7956568002700806,-0.9357898831367493,0.04527012258768082,1.3755775690078735,1.7299946546554565,1.9599181413650513,2.4017372131347656,2.6592564582824707,2.430744171142578,2.2334957122802734,2.691288471221924,3.164531707763672,3.35205340385437,2.9073941707611084,2.0695152282714844,1.552706003189087,1.905129313468933,2.2727439403533936,2.214900255203247,2.3818273544311523,2.5751841068267822,2.34670352935791,2.0331838130950928,2.1414785385131836,2.3969552516937256,2.201939105987549,1.3008480072021484,0.08776205778121948,-1.1729241609573364,-2.1066689491271973,-2.384072780609131,-2.121384859085083,-1.5376310348510742,-0.8488039374351501,0.290922611951828,1.8770954608917236,1.8670170307159424,0.1692725419998169,0.020501691848039627,2.564535140991211,3.498368263244629,4.093310832977295,5.5401082038879395
-2.3567490577697754,-2.780038595199585,-2.4806129932403564,-0.3569795787334442,0.6588696837425232,0.9250635504722595,1.2500345706939697,1.551697015762329,1.791723370552063,1.9522984027862549,2.548124074935913,2.9826560020446777,3.258305788040161,3.0971882343292236,2.7097091674804688,2.3903422355651855,2.807180643081665,3.599083662033081,3.935546875,4.02527379989624,4.210374355316162,4.137123107910156,3.634305238723755,3.3501815795898438,3.0974345207214355,2.456779718399048,1.47279953956604,0.52480149269104,-0.3524225056171417,-1.3289289474487305,-1.9996644258499146,-2.3532068729400635,-2.663273572921753,-2.193267583847046,0.14426037669181824,1.4153201580047607,1.1369270086288452,1.2465710639953613,0.2833864986896515,0.7109388113021851,3.7710280418395996,5.767910480499268,4.966696739196777
-4.441157341003418,-4.094883918762207,-4.216857433319092,-2.2244532108306885,-0.6569368839263916,-0.22748468816280365,-0.039383042603731155,0.15454456210136414,0.8428124785423279,1.106014609336853,1.5747686624526978,2.168161392211914,2.92928147315979,3.382949113845825,3.649099826812744,3.551640033721924,3.748781442642212,4.409893035888672,4.859114646911621,4.834627628326416,4.819769859313965,4.760365009307861,4.4513840675354,4.241912841796875,3.7592203617095947,2.973438262939453,2.1868274211883545,1.5509445667266846,0.45835283398628235,-0.8169339895248413,-1.8459559679031372,-2.937391519546509,-3.889080047607422,-3.7896223068237305,-0.5000039339065552,1.6767423152923584,1.6810553073883057,1.3298401832580566,-0.8473799824714661,-2.6163909435272217,-2.1221790313720703,-0.2651831805706024,-0.25718578696250916
-4.391605854034424,-3.6082894802093506,-3.906926155090332,-3.2403664588928223,-1.706469178199768,-1.175829291343689,-0.8136153817176819,-0.9704079627990723,-0.4293534755706787,0.0721902921795845,0.5572866797447205,1.164025068283081,2.138789653778076,2.914447784423828,3.2975168228149414,3.5048680305480957,3.92498517036438,4.546446800231934,5.021012306213379,5.1715240478515625,5.199047565460205,5.040553092956543,4.720164775848389,4.568898677825928,4.009317398071289,3.0051236152648926,2.7522339820861816,1.987310528755188,0.7274982333183289,-0.662954568862915,-2.1573386192321777,-3.284757375717163,-4.22999382019043,-4.31485652923584,-1.0325803756713867,1.4698245525360107,0.32893887162208557,-1.0775309801101685,-2.067089080810547,-2.7602829933166504,-3.642974376678467,-3.2047312259674072,-2.5452194213867188
-2.444711923599243,-2.1309778690338135,-2.5400948524475098,-2.9605040550231934,-2.169786214828491,-1.5337260961532593,-0.38742920756340027,-0.34708014130592346,-0.1759144514799118,0.2385828047990799,0.7337661385536194,1.158598780632019,1.8047754764556885,2.2911314964294434,2.6884102821350098,3.2168946266174316,3.8910508155822754,4.47251558303833,4.888179779052734,5.157724857330322,5.319665908813477,5.146729469299316,4.805224895477295,4.567467212677002,3.917299509048462,3.2161247730255127,3.004694938659668,2.1055831909179688,0.734934389591217,-1.2345020771026611,-3.3375468254089355,-4.339595794677734,-4.700203895568848,-4.675860404968262,-2.584505796432495,-0.009445777162909508,-0.011866660788655281,0.6222614645957947,1.5594003200531006,1.3298876285552979,0.9637880325317383,-0.775029182434082,-0.7232159972190857
-0.6836247444152832,-0.8265067338943481,-1.7152594327926636,-2.7792656421661377,-2.3791680335998535,-1.485422968864441,0.40129998326301575,0.8372315168380737,0.9610239267349243,1.1946055889129639,1.4676365852355957,1.7413133382797241,2.139723062515259,2.565747022628784,3.066602945327759,3.5121114253997803,4.016419887542725,4.4679131507873535,4.875304222106934,5.086781978607178,5.163878440856934,5.007914066314697,4.6367621421813965,4.372145175933838,3.7533750534057617,3.22471022605896,2.961409091949463,2.031278133392334,0.5925679206848145,-1.5728062391281128,-3.8191988468170166,-4.864345073699951,-4.927955627441406,-4.851509094238281,-4.033623218536377,-1.3687868118286133,1.1993740797042847,3.650137186050415,4.897042274475098,5.113624572753906,4.956902027130127,3.711113452911377,2.4864115715026855
-0.21602079272270203,-0.649454653263092,-2.3724944591522217,-3.1896159648895264,-2.3056414127349854,-1.5756417512893677,0.35324209928512573,1.2972023487091064,1.491005539894104,1.7529271841049194,1.9554171562194824,2.120405912399292,2.4394538402557373,2.906630039215088,3.4067726135253906,3.722127676010132,4.145410060882568,4.673969745635986,5.146153926849365,5.2178826332092285,5.288428783416748,5.17401647567749,4.699941158294678,5.060306072235107,4.086092948913574,3.4303345680236816,2.903998613357544,1.616672396659851,0.9249929189682007,-0.3902832865715027,-1.9721559286117554,-3.3061001300811768,-3.7154383659362793,-3.6124589443206787,-3.1427650451660156,-2.2083466053009033,-1.026053786277771,0.6633095145225525,2.611989736557007,4.409111976623535,5.156011581420898,3.84952712059021,1.369239330291748
-1.0480880737304688,-2.119936227798462,-3.358870506286621,-2.8447248935699463,-2.083920478820801,-1.5933605432510376,-0.10943389683961868,0.9681009650230408,1.491577386856079,2.020092725753784,2.3890299797058105,2.4565629959106445,2.594486951828003,2.983187675476074,3.3703317642211914,3.7865540981292725,4.279470920562744,4.861293315887451,5.388874053955078,5.550745010375977,5.578378677368164,5.49099063873291,5.007975101470947,4.808603763580322,4.612020969390869,4.126465797424316,2.9850101470947266,2.152327060699463,1.936530590057373,1.2611253261566162,0.16111600399017334,-1.330633282661438,-1.8633514642715454,-2.1847400665283203,-2.441831111907959,-2.573406219482422,-3.289785623550415,-3.397274971008301,-2.1057910919189453,-0.9276201128959656,-0.5448755025863647,-1.5572681427001953,-3.0642285346984863
-2.100334882736206,-2.194669246673584,-2.290285110473633,-1.533642292022705,-1.5174747705459595,-1.0063903331756592,0.05513512343168259,0.6484044790267944,1.2457005977630615,2.1211657524108887,2.6393589973449707,3.0085718631744385,2.9233503341674805,3.387634515762329,3.7980146408081055,4.086146354675293,4.398478031158447,4.891156196594238,5.385959148406982,5.4337334632873535,5.575631618499756,5.5274834632873535,5.203506946563721,4.682102203369141,4.605456829071045,4.532114505767822,3.6941304206848145,3.5401134490966797,3.679469347000122,3.334878921508789,1.7867484092712402,-0.7585606575012207,-2.8355965614318848,-4.533830642700195,-5.075060844421387,-4.75728178024292,-3.8595335483551025,-3.5006141662597656,-3.3507168292999268,-3.3425118923187256,-3.5856757164001465,-3.918097972869873,-4.08365535736084
-1.8103495836257935,0.08157600462436676,0.4322017431259155,0.24477386474609375,-0.6631804704666138,0.10383264720439911,0.9605025053024292,1.4286472797393799,1.6283694505691528,2.196535110473633,2.707951545715332,3.099311590194702,3.994641065597534,4.285298824310303,4.518176078796387,4.191256523132324,4.206298351287842,4.3241071701049805,4.796551704406738,5.186526775360107,5.50046443939209,5.652408599853516,5.1162896156311035,4.09294319152832,3.8949427604675293,4.279119968414307,4.0867486000061035,4.33807897567749,4.828166484832764,5.092775344848633,3.261570692062378,0.017511583864688873,-3.1113460063934326,-5.312931060791016,-5.1663665771484375,-4.8334879875183105,-3.9554615020751953,-3.968006134033203,-3.7627649307250977,-3.1742985248565674,-3.104612112045288,-3.3011786937713623,-3.832136869430542
0.31413769721984863,1.8962723016738892,2.620236396789551,1.2697858810424805,-0.5826177597045898,0.11510516703128815,1.7977553606033325,2.001972198486328,1.9591342210769653,2.3868095874786377,2.6739308834075928,3.3194360733032227,3.996872901916504,4.309725761413574,3.851762533187866,3.1368651390075684,2.902242422103882,3.3872182369232178,3.9711191654205322,4.840117931365967,5.369276523590088,5.286715030670166,4.480521202087402,3.624976396560669,3.37646222114563,3.706881284713745,3.826188564300537,3.8136308193206787,4.244061470031738,4.441863059997559,3.128257989883423,1.5761315822601318,0.18379434943199158,-1.7757174968719482,-2.4824681282043457,-2.4818058013916016,-2.7993195056915283,-3.3466384410858154,-3.344024181365967,-3.333845853805542,-3.261082410812378,-3.1521146297454834,-3.604741096496582
2.4495718479156494,2.8805267810821533,3.2588918209075928,1.1260433197021484,-1.300706386566162,-0.6369643211364746,1.4051806926727295,1.5050601959228516,1.6705135107040405,2.2181267738342285,2.691694498062134,2.853764295578003,3.3924622535705566,3.1925530433654785,2.7167587280273438,2.2801637649536133,1.8983060121536255,1.6536964178085327,2.5381033420562744,4.024994850158691,4.560410976409912,4.615723609924316,4.180184364318848,3.511291742324829,3.195178747177124,3.00068998336792,2.752138614654541,2.226402997970581,2.2793397903442383,2.196620225906372,1.6861381530761719,2.145435094833374,2.570208787918091,0.8487595915794373,-1.7441589832305908,-2.83569073677063,-3.0786123275756836,-3.2903337478637695,-3.2602593898773193,-3.5959503650665283,-3.9109394550323486,-3.7103445529937744,-3.619086980819702
3.4688050746917725,3.154298782348633,2.537205934524536,1.0251455307006836,-1.6067832708358765,-1.5819973945617676,-0.7032535672187805,-0.30762532353401184,0.7895434498786926,2.4748141765594482,2.929124593734741,2.4744198322296143,2.9237418174743652,2.7895591259002686,2.748962163925171,2.661971092224121,2.2391912937164307,1.3798482418060303,1.749216079711914,2.332263231277466,3.1183507442474365,4.059659004211426,4.20748233795166,4.074644088745117,3.5069010257720947,2.4272632598876953,2.1109273433685303,2.0010175704956055,1.0218150615692139,-0.06728046387434006,-0.6790241003036499,-0.30678409337997437,0.07599112391471863,-1.2455534934997559,-3.0415892601013184,-3.876882314682007,-4.330478668212891,-4.101395606994629,-3.90329909324646,-4.014816761016846,-4.13247013092041,-4.108685493469238,-3.8295652866363525
