data/wind_data/wind_66_8.json
{"header": {"parameterUnit": "KT", "parameterCategory": 2, "nx": 256, "ny": 198, "lo1": 44.73521041870117, "la1": -3.236724853515625, "lo2": 111.26478576660156, "la2": 43.468475341796875, "dx": 0.2609002888202667, "dy": -0.23708222806453705, "refTime": "2025-02-21 18:00:00", "forecastTime": 0, "parameterNumber": 2, "parameterNumberName": "eastward_wind"}, "data":
[rows 171 to 189 of 198, columns 132 to 175 of 256]
37.692508697509766,37.45628356933594,37.33454132080078,37.45124816894531,37.830936431884766,38.32077407836914,38.91160583496094,39.602760314941406,40.211753845214844,40.42570495605469,40.04927444458008,39.25789260864258,38.652366638183594,38.537593841552734,38.4722900390625,38.020198822021484,37.525177001953125,37.56966018676758,38.11711883544922,38.615867614746094,38.646724700927734,38.457481384277344,38.54078674316406,38.88535690307617,39.09754180908203,39.060943603515625,39.22309875488281,40.12715530395508,40.875301361083984,40.426536560058594,39.45267868041992,38.776153564453125,38.54408264160156,38.82938766479492,39.345237731933594,38.803245544433594,36.83497619628906,34.91363525390625,34.176666259765625,34.32685852050781,34.89464569091797,35.58003234863281,35.97727584838867,35.573673248291016
37.646156311035156,37.17903518676758,36.864070892333984,36.975650787353516,37.4782829284668,38.153602600097656,38.93387222290039,39.734310150146484,40.321510314941406,40.47758483886719,40.100494384765625,39.504783630371094,39.295257568359375,39.532649993896484,39.424110412597656,38.45622253417969,37.29606246948242,36.853580474853516,37.222442626953125,37.754093170166016,38.025367736816406,38.244144439697266,38.62257385253906,38.900489807128906,38.882537841796875,38.667625427246094,38.78553771972656,39.73684310913086,40.600379943847656,39.99574661254883,38.56199264526367,37.61787414550781,37.48051071166992,37.869327545166016,38.40741729736328,38.3327522277832,37.168663024902344,35.485137939453125,34.233314514160156,33.42293930053711,32.9786491394043,33.289546966552734,34.18362045288086,34.796321868896484
37.608482360839844,36.843143463134766,36.352054595947266,36.516822814941406,37.23356246948242,38.23810577392578,39.39056396484375,40.428653717041016,41.05274200439453,41.225738525390625,40.98683166503906,40.53371047973633,40.198673248291016,40.02805709838867,39.529502868652344,38.38555145263672,37.187294006347656,36.718360900878906,36.94914245605469,37.3182258605957,37.64181137084961,38.186973571777344,38.783912658691406,38.92680358886719,38.61101150512695,38.16054153442383,38.11616134643555,39.03071212768555,40.17496871948242,39.750606536865234,38.06800842285156,36.820465087890625,36.75227355957031,37.36899185180664,37.826499938964844,37.58030319213867,36.684852600097656,35.397029876708984,34.011959075927734,32.73533248901367,31.755653381347656,31.66095542907715,32.49533462524414,33.445892333984375
37.75743103027344,36.84316635131836,36.254051208496094,36.50946044921875,37.410091400146484,38.6968994140625,40.19527053833008,41.431400299072266,42.07124328613281,42.322898864746094,42.28260803222656,41.6184196472168,40.4856071472168,39.48658752441406,38.74985885620117,38.03128433227539,37.46104049682617,37.3136100769043,37.31103515625,37.23857498168945,37.46897888183594,38.26503372192383,38.98957061767578,38.95267868041992,38.378658294677734,37.69925308227539,37.49644470214844,38.391357421875,39.83614730834961,39.89825439453125,38.242103576660156,36.5670280456543,36.168663024902344,36.73188018798828,37.15345764160156,36.677711486816406,35.56867980957031,34.55023956298828,33.54054641723633,32.238338470458984,30.939186096191406,30.470844268798828,31.129669189453125,32.11823272705078
37.820281982421875,37.38129425048828,37.01103591918945,37.28771209716797,38.24360656738281,39.57281494140625,40.97492599487305,41.973236083984375,42.47706604003906,42.86552429199219,43.01905059814453,42.139678955078125,40.27730941772461,38.574913024902344,37.79737091064453,37.716392517089844,37.89100646972656,38.04612350463867,37.79222869873047,37.27001953125,37.3748664855957,38.32469177246094,39.133296966552734,39.0654296875,38.34432601928711,37.54767990112305,37.25943374633789,38.018043518066406,39.45034408569336,40.08756637573242,38.8828239440918,36.83535385131836,35.67641067504883,35.77308654785156,36.07563400268555,35.556617736816406,34.320526123046875,33.34414291381836,32.65900802612305,31.431188583374023,29.932701110839844,29.345115661621094,30.058101654052734,31.23185157775879
37.627044677734375,37.97792434692383,38.107215881347656,38.48260498046875,39.27885818481445,40.180564880371094,41.007049560546875,41.67814254760742,42.19817352294922,42.7884521484375,43.24778366088867,42.51128387451172,40.32665252685547,38.09181213378906,37.14521026611328,37.430419921875,38.10227584838867,38.485599517822266,38.21979904174805,37.50261306762695,37.3201789855957,38.13831329345703,39.09402847290039,39.295936584472656,38.646541595458984,37.76875686645508,37.30200958251953,37.64661407470703,38.77002716064453,39.81939697265625,39.40933609008789,37.47178649902344,35.62512969970703,34.91582107543945,34.77586364746094,34.20371627807617,32.99424743652344,31.861583709716797,31.017845153808594,29.914382934570312,28.72859764099121,28.395824432373047,29.293821334838867,30.838211059570312
37.33420181274414,38.00153732299805,38.482967376708984,39.11781311035156,39.83818817138672,40.37586212158203,40.837711334228516,41.459598541259766,42.1630744934082,42.83724594116211,43.419124603271484,42.962379455566406,40.751224517822266,38.10702896118164,36.84196853637695,37.18234634399414,38.07419204711914,38.65910339355469,38.647254943847656,37.99159622192383,37.37946319580078,37.74571228027344,38.8616943359375,39.65443801879883,39.329933166503906,38.24600601196289,37.30414962768555,37.0460205078125,37.695457458496094,38.87301254272461,39.36098098754883,38.22323226928711,36.19510269165039,34.564884185791016,33.59442901611328,32.75552749633789,31.667083740234375,30.41777992248535,29.31144905090332,28.460084915161133,27.944002151489258,28.028541564941406,28.966876983642578,30.62323570251465
37.08798599243164,37.71946716308594,38.419273376464844,39.283912658691406,40.03207015991211,40.46554946899414,40.91099548339844,41.695499420166016,42.60172653198242,43.23222351074219,43.46448516845703,42.966251373291016,41.161094665527344,38.64170837402344,37.12416458129883,37.20649719238281,38.07867431640625,38.805198669433594,39.03105163574219,38.460052490234375,37.50680923461914,37.40941619873047,38.65679931640625,40.1092643737793,40.227386474609375,38.92216110229492,37.253150939941406,36.25,36.39836502075195,37.46837615966797,38.62028503417969,38.69644546508789,37.179962158203125,34.923919677734375,32.99101257324219,31.621591567993164,30.577960968017578,29.62046241760254,28.714603424072266,28.105327606201172,27.8626708984375,28.01873779296875,28.759916305541992,30.19236183166504
37.16667556762695,38.018829345703125,38.953636169433594,39.65122985839844,39.99419403076172,40.311767578125,41.07620620727539,42.249446868896484,43.25616455078125,43.57434844970703,43.18345642089844,42.49523162841797,41.446739196777344,39.783138275146484,38.15885543823242,37.62449264526367,38.220829010009766,38.96769714355469,39.19034957885742,38.67485809326172,37.722721099853516,37.48751449584961,38.76443862915039,40.55902862548828,41.05510330200195,39.67729949951172,37.45347213745117,35.745357513427734,35.33351516723633,36.092430114746094,37.4456901550293,38.42814636230469,38.009742736816406,36.057167053222656,33.60303497314453,31.545066833496094,30.158605575561523,29.32777214050293,28.844566345214844,28.411848068237305,27.953617095947266,27.78655242919922,28.248809814453125,29.402841567993164
37.44484329223633,38.5218620300293,39.53171157836914,39.90522384643555,39.902896881103516,40.25518798828125,41.25770950317383,42.602935791015625,43.58917999267578,43.64374542236328,42.927345275878906,42.2808952331543,41.86788558959961,41.08470153808594,39.7191047668457,38.55147933959961,38.32074737548828,38.69635772705078,38.960304260253906,38.76877212524414,38.25069808959961,38.18732833862305,39.27873229980469,40.87811279296875,41.44852066040039,40.27309799194336,38.016998291015625,35.98213195800781,35.07846450805664,35.394866943359375,36.481353759765625,37.67897415161133,38.15403366088867,37.1312141418457,34.902442932128906,32.58975601196289,30.815813064575195,29.620948791503906,28.925437927246094,28.497177124023438,28.086633682250977,27.749998092651367,27.884485244750977,28.74516487121582
37.47888946533203,38.50957107543945,39.42839431762695,39.773006439208984,39.84465789794922,40.23916244506836,41.20170593261719,42.46558380126953,43.49850082397461,43.786903381347656,43.25828552246094,42.64298629760742,42.43956756591797,42.165367126464844,41.1755256652832,39.71282958984375,38.540130615234375,38.17694091796875,38.54525375366211,39.03843307495117,39.19795608520508,39.37150573730469,40.1028938293457,41.0999870300293,41.41517639160156,40.554325103759766,38.735111236572266,36.79676818847656,35.59349060058594,35.40655517578125,35.959625244140625,36.88481521606445,37.56382751464844,37.3247184753418,35.873294830322266,33.88113021850586,32.11512756347656,30.68662452697754,29.636917114257812,29.09083366394043,28.84960174560547,28.617998123168945,28.574993133544922,29.13263511657715
37.23779296875,37.891326904296875,38.69070053100586,39.27275848388672,39.69198989868164,40.2762565612793,41.23630905151367,42.42539596557617,43.5074348449707,44.11036682128906,43.91180419921875,43.26374053955078,42.84927749633789,42.72303009033203,42.14017868041992,40.701812744140625,39.07548522949219,38.30043411254883,38.74280548095703,39.76630783081055,40.48759078979492,40.737701416015625,40.91009521484375,41.20197296142578,41.296810150146484,40.747169494628906,39.369285583496094,37.581417083740234,36.14013671875,35.46611785888672,35.468017578125,35.97176742553711,36.595733642578125,36.82981872558594,36.232242584228516,34.874305725097656,33.418643951416016,32.212039947509766,31.265111923217773,30.6513614654541,30.337270736694336,30.199567794799805,30.258501052856445,30.717023849487305
37.036006927490234,37.13961410522461,37.71516799926758,38.60795974731445,39.648258209228516,40.6972770690918,41.73101806640625,42.80125045776367,43.75642013549805,44.262977600097656,44.08571243286133,43.50370788574219,43.039188385009766,42.88064956665039,42.5830078125,41.56281661987305,40.16325759887695,39.43714904785156,39.85103225708008,40.840110778808594,41.58745574951172,41.72367477416992,41.45524215698242,41.24866485595703,41.25544357299805,41.02556610107422,40.04402160644531,38.3979377746582,36.667842864990234,35.3774528503418,34.69129180908203,34.76144790649414,35.409942626953125,36.05293655395508,36.09568786621094,35.501312255859375,34.689483642578125,33.91191864013672,33.14238739013672,32.427860260009766,31.9611759185791,31.89845085144043,32.14923095703125,32.56790542602539
37.19658279418945,36.96088409423828,37.21564865112305,38.125282287597656,39.62815475463867,41.24200439453125,42.46462631225586,43.28141403198242,43.821014404296875,43.96088409423828,43.683414459228516,43.31789779663086,43.13680648803711,43.0949592590332,42.98611068725586,42.53724670410156,41.80225372314453,41.33539962768555,41.44148254394531,41.749698638916016,41.84677505493164,41.691490173339844,41.4824333190918,41.41146469116211,41.51776885986328,41.44546127319336,40.65039825439453,39.21889114379883,37.54254150390625,35.831085205078125,34.38189697265625,33.779685974121094,34.20106887817383,35.03270721435547,35.59339141845703,35.77510452270508,35.6380500793457,35.15888595581055,34.372493743896484,33.57797622680664,33.11213302612305,33.041683197021484,33.146636962890625,33.1877326965332
37.649044036865234,37.13446044921875,37.15194320678711,38.06099319458008,39.79967498779297,41.60377883911133,42.7280158996582,43.139564514160156,43.33270263671875,43.54452896118164,43.638084411621094,43.57908630371094,43.53683853149414,43.5531005859375,43.55282974243164,43.54795837402344,43.50408935546875,43.28270721435547,42.778778076171875,41.91127014160156,40.988677978515625,40.532318115234375,40.76079177856445,41.4377326965332,42.04747009277344,41.947349548339844,40.862586975097656,39.280784606933594,37.745445251464844,36.24934768676758,34.880218505859375,34.1094856262207,34.16326141357422,34.72180938720703,35.354427337646484,35.78694534301758,35.794708251953125,35.306827545166016,34.59575653076172,33.94496154785156,33.452842712402344,33.04379653930664,32.57066345214844,32.11882019042969
38.12845230102539,37.784122467041016,38.01727294921875,39.029815673828125,40.50489044189453,41.72121047973633,42.153106689453125,42.204315185546875,42.633846282958984,43.56803894042969,44.431671142578125,44.68531036376953,44.43830490112305,44.14943313598633,44.12173080444336,44.411834716796875,44.67135238647461,44.307472229003906,43.04005432128906,41.1599006652832,39.52227020263672,38.977115631103516,39.61471176147461,40.89118576049805,41.93583297729492,41.87406539916992,40.53184509277344,38.57513427734375,36.824745178222656,35.57040023803711,34.81783676147461,34.56583786010742,34.70882034301758,35.012550354003906,35.28924560546875,35.36189270019531,35.137596130371094,34.763587951660156,34.31071853637695,33.64484786987305,32.70497512817383,31.678062438964844,30.85126495361328,30.49675750732422
38.75871276855469,39.138710021972656,39.8399543762207,40.792110443115234,41.530181884765625,41.621803283691406,41.33763885498047,41.52802658081055,42.5949821472168,44.12857437133789,45.42771911621094,45.909828186035156,45.56243896484375,44.976844787597656,44.681270599365234,44.73114013671875,44.704978942871094,43.956260681152344,42.196083068847656,39.92169952392578,38.085933685302734,37.53443908691406,38.32719039916992,39.685428619384766,40.608360290527344,40.4679069519043,39.280887603759766,37.50764465332031,35.80315017700195,34.710182189941406,34.38320541381836,34.51155471801758,34.712181091308594,34.784793853759766,34.68650436401367,34.4348030090332,34.158782958984375,34.0080680847168,33.72525405883789,32.85092544555664,31.443157196044922,30.11391258239746,29.42561149597168,29.415727615356445
39.17313766479492,39.74516296386719,40.580867767333984,41.5328483581543,42.02113723754883,41.69869613647461,41.349082946777344,41.95989990234375,43.39096450805664,44.886470794677734,46.01981735229492,46.61614227294922,46.42227554321289,45.63496017456055,44.76478958129883,44.066097259521484,43.44572448730469,42.541954040527344,40.97954559326172,38.860267639160156,36.99055862426758,36.299560546875,36.903621673583984,37.93806076049805,38.43149185180664,38.195228576660156,37.491127014160156,36.422122955322266,35.21311950683594,34.38953399658203,34.173423767089844,34.25672149658203,34.25440216064453,34.03776550292969,33.66046142578125,33.23907470703125,32.96200942993164,32.85316467285156,32.53522872924805,31.647785186767578,30.382980346679688,29.33070182800293,28.81691551208496,28.65325927734375
39.78138732910156,39.31154251098633,39.53117370605469,40.70902633666992,41.82334899902344,41.94611358642578,41.903167724609375,42.865848541259766,44.422794342041016,45.536224365234375,46.11936950683594,46.48492431640625,46.266258239746094,45.08000946044922,43.43854522705078,42.128692626953125,41.38180923461914,40.79932403564453,39.750938415527344,37.963409423828125,36.10475158691406,35.255043029785156,35.635135650634766,36.229801177978516,36.174476623535156,35.85188293457031,35.69358444213867,35.362525939941406,34.695865631103516,34.112979888916016,33.85588073730469,33.73558044433594,33.48630142211914,33.03782272338867,32.46223068237305,31.898488998413086,31.52374839782715,31.32362174987793,31.030597686767578,30.419240951538086,29.637859344482422,28.941328048706055,28.412151336669922,28.033395767211914
