data/wind_data/wind_69_4.json
{"header": {"parameterUnit": "KT", "parameterCategory": 2, "nx": 256, "ny": 198, "lo1": 44.73521041870117, "la1": -3.236724853515625, "lo2": 111.26478576660156, "la2": 43.468475341796875, "dx": 0.2609002888202667, "dy": -0.23708222806453705, "refTime": "2025-02-21 21:00:00", "forecastTime": 0, "parameterNumber": 2, "parameterNumberName": "eastward_wind"}, "data":
[rows 100 to 119 of 198, columns 172 to 214 of 256]
8.015714645385742,8.418869972229004,9.260421752929688,10.067395210266113,10.69229507446289,11.143836975097656,11.890654563903809,12.267423629760742,12.340603828430176,12.29262638092041,12.418302536010742,13.035360336303711,14.288727760314941,16.795677185058594,19.156429290771484,20.267925262451172,19.149473190307617,18.93122100830078,18.6401424407959,17.938974380493164,17.740102767944336,18.721853256225586,19.47593116760254,18.670564651489258,17.43313980102539,18.125743865966797,20.44865608215332,21.970327377319336,21.290935516357422,20.414976119995117,21.046092987060547,22.465576171875,23.626035690307617,23.83392333984375,23.12203598022461,22.25535011291504,21.622018814086914,21.977764129638672,22.040260314941406,21.52554702758789,21.325773239135742,21.64073371887207,22.869365692138672
10.060606956481934,10.05044174194336,10.299654960632324,10.830291748046875,11.507611274719238,12.046173095703125,12.557672500610352,12.905619621276855,12.87049388885498,12.354809761047363,12.084640502929688,13.079246520996094,15.325016975402832,18.312911987304688,20.711362838745117,22.506376266479492,21.688018798828125,21.065805435180664,20.263275146484375,19.007123947143555,18.237415313720703,18.97575569152832,19.80557632446289,19.5398006439209,18.857879638671875,20.16871452331543,22.99848747253418,24.628583908081055,23.840133666992188,21.687875747680664,20.758394241333008,21.84185218811035,24.137300491333008,24.097034454345703,24.731006622314453,24.21729278564453,22.994056701660156,23.744094848632812,24.301069259643555,24.834434509277344,23.96147918701172,22.64656639099121,22.609745025634766
12.111048698425293,12.972347259521484,12.993422508239746,12.24769115447998,11.779951095581055,12.284018516540527,13.200116157531738,14.055168151855469,14.295819282531738,13.481444358825684,12.734216690063477,13.909394264221191,16.625322341918945,19.632678985595703,21.732301712036133,23.521728515625,23.845714569091797,23.514379501342773,21.921545028686523,20.584941864013672,19.6839542388916,19.7939453125,20.151996612548828,19.833961486816406,20.061010360717773,21.807695388793945,24.475040435791016,26.41263198852539,26.424867630004883,24.62360954284668,22.482789993286133,22.303043365478516,24.342775344848633,25.102134704589844,25.020536422729492,24.129785537719727,23.22532081604004,25.402502059936523,27.209741592407227,27.746633529663086,26.756084442138672,24.999296188354492,24.408388137817383
13.534846305847168,15.067801475524902,16.150718688964844,15.99357795715332,14.608619689941406,13.231804847717285,13.387962341308594,14.641108512878418,15.659309387207031,15.316659927368164,14.790815353393555,16.238401412963867,18.832258224487305,21.265365600585938,22.832815170288086,24.213645935058594,24.67860984802246,25.222082138061523,24.20575714111328,23.026695251464844,21.963211059570312,21.040363311767578,20.56131362915039,20.270240783691406,20.88132095336914,22.231204986572266,23.185287475585938,24.829914093017578,27.072072982788086,27.272367477416992,24.64362335205078,23.763917922973633,25.344581604003906,26.67061996459961,26.480873107910156,25.4537353515625,25.956710815429688,28.039655685424805,29.15471649169922,29.798704147338867,28.6474552154541,27.223234176635742,27.269115447998047
14.879751205444336,16.180822372436523,17.546525955200195,18.25189208984375,18.22791862487793,17.47701072692871,16.170730590820312,15.803750038146973,16.41065216064453,16.806743621826172,17.13579559326172,18.702713012695312,21.06336212158203,23.055034637451172,24.276187896728516,24.718740463256836,24.154699325561523,25.635780334472656,26.35007667541504,26.13155174255371,25.2386474609375,23.57421112060547,21.86256217956543,20.954673767089844,21.27100944519043,21.76438331604004,21.455812454223633,22.762737274169922,25.69137954711914,27.83281898498535,27.658292770385742,27.14322280883789,27.719486236572266,28.488447189331055,28.46015167236328,28.18890953063965,28.693281173706055,29.732131958007812,30.599933624267578,31.168777465820312,30.393516540527344,29.446598052978516,29.917924880981445
16.909099578857422,17.46845054626465,18.368675231933594,19.208003997802734,19.687204360961914,20.194671630859375,20.31029510498047,19.757307052612305,18.719558715820312,17.77469253540039,18.05660629272461,19.598709106445312,21.737293243408203,23.87820053100586,25.336254119873047,25.418474197387695,23.961856842041016,25.115385055541992,27.154430389404297,27.891407012939453,27.893110275268555,26.870426177978516,24.86187744140625,22.754053115844727,22.090951919555664,22.125085830688477,21.709705352783203,22.047569274902344,23.566499710083008,26.580984115600586,28.901723861694336,29.60622787475586,30.213783264160156,30.62059211730957,30.662031173706055,30.328998565673828,30.385202407836914,31.120237350463867,32.28386688232422,32.91689682006836,32.06776428222656,31.02649688720703,31.286701202392578
19.932973861694336,19.598304748535156,19.451004028320312,20.05887222290039,20.945903778076172,21.19068717956543,21.726600646972656,22.4473819732666,21.51246452331543,19.24601173400879,17.959028244018555,18.801748275756836,20.808631896972656,23.27055549621582,24.943790435791016,25.710866928100586,24.9035701751709,24.73942756652832,27.016841888427734,28.437725067138672,28.687685012817383,28.431943893432617,27.663280487060547,25.885250091552734,24.043325424194336,23.155696868896484,22.96833610534668,23.022197723388672,23.514423370361328,25.779916763305664,28.536706924438477,29.979751586914062,30.836275100708008,31.37735939025879,31.745431900024414,31.887773513793945,32.46583938598633,33.04188537597656,33.819522857666016,34.107749938964844,33.20533752441406,32.12770462036133,31.97870635986328
22.687774658203125,22.26565170288086,21.66545867919922,21.722829818725586,22.31260108947754,22.384370803833008,22.56242561340332,23.136926651000977,22.826942443847656,21.23898696899414,19.372173309326172,18.616840362548828,19.782819747924805,22.309314727783203,24.36132049560547,25.862369537353516,25.357437133789062,24.399930953979492,26.161344528198242,28.032371520996094,28.497451782226562,28.68728256225586,28.61250114440918,27.659690856933594,26.018712997436523,24.281492233276367,23.54405975341797,23.80394172668457,24.384366989135742,26.10770606994629,28.70185089111328,30.462783813476562,31.191560745239258,32.18813705444336,32.89052200317383,32.72161865234375,33.02652359008789,33.63318634033203,34.67176818847656,35.01811599731445,34.05188751220703,32.94581985473633,32.91548156738281
24.798336029052734,24.679805755615234,24.630178451538086,24.710094451904297,24.638412475585938,24.19955825805664,23.72970962524414,23.48305892944336,23.83829116821289,23.180017471313477,21.517675399780273,20.04848861694336,19.589183807373047,21.17403221130371,23.872642517089844,25.83842658996582,25.904808044433594,24.757776260375977,25.16135025024414,26.552204132080078,27.580102920532227,28.495336532592773,28.334796905517578,27.860063552856445,27.151655197143555,25.647666931152344,23.860843658447266,23.30131721496582,23.81776237487793,26.064762115478516,28.977243423461914,31.4466495513916,32.152191162109375,33.14805603027344,34.24739456176758,34.138545989990234,33.741783142089844,33.914737701416016,34.747100830078125,35.40740203857422,35.00828170776367,34.74332809448242,34.913543701171875
26.896013259887695,27.16489028930664,27.63494300842285,27.935100555419922,27.692453384399414,26.917865753173828,25.772968292236328,24.825027465820312,24.79253578186035,24.769132614135742,23.559219360351562,22.01439666748047,20.833162307739258,21.0991268157959,23.467967987060547,25.707786560058594,26.391220092773438,25.823171615600586,25.795612335205078,26.268476486206055,27.062362670898438,27.794452667236328,27.694490432739258,27.16644287109375,26.66541290283203,26.32815170288086,25.473365783691406,24.893577575683594,24.209022521972656,25.388931274414062,28.160736083984375,31.309547424316406,32.78076171875,33.9562873840332,35.10584259033203,35.251712799072266,34.80118179321289,34.89252471923828,35.33340072631836,35.974403381347656,35.90044021606445,36.02332305908203,36.339996337890625
29.483783721923828,29.648597717285156,30.025121688842773,30.30584716796875,30.01218032836914,29.30660057067871,28.502809524536133,27.57720947265625,26.672321319580078,26.096817016601562,25.735280990600586,24.767873764038086,23.73314666748047,23.747465133666992,24.830965042114258,26.5676212310791,27.04887580871582,26.981462478637695,27.23976707458496,27.414270401000977,27.83245086669922,27.80172348022461,27.17262840270996,26.134662628173828,25.299991607666016,25.37930679321289,25.9276123046875,26.626741409301758,26.622486114501953,26.4691104888916,27.855119705200195,30.773630142211914,32.74921417236328,34.34044647216797,35.40681457519531,35.595787048339844,35.32603454589844,35.242130279541016,35.98284912109375,36.87895202636719,36.99060821533203,37.271629333496094,37.2467041015625
31.530614852905273,31.923452377319336,32.4212760925293,32.290771484375,31.269149780273438,30.526201248168945,30.324935913085938,30.07497787475586,29.313100814819336,28.407976150512695,28.23700523376465,28.546123504638672,28.380468368530273,28.550832748413086,28.47108268737793,28.721529006958008,28.43341636657715,28.23959732055664,27.340206146240234,27.691810607910156,28.30479621887207,29.201683044433594,28.65923500061035,27.401592254638672,25.693470001220703,24.8245849609375,25.376142501831055,26.742202758789062,28.164037704467773,28.185758590698242,28.00434112548828,30.657562255859375,33.05927276611328,34.32044982910156,35.37666320800781,35.78649139404297,35.92057800292969,35.90726852416992,36.433345794677734,37.53466796875,38.469818115234375,38.633567810058594,38.18616485595703
33.798213958740234,34.21548843383789,34.18227005004883,33.238075256347656,32.187313079833984,31.906753540039062,31.876157760620117,31.97517204284668,31.66440773010254,31.337799072265625,31.34910011291504,32.0457649230957,31.945749282836914,31.62957000732422,30.92959976196289,30.760875701904297,30.93319320678711,30.52318572998047,29.3612003326416,28.38153839111328,28.470659255981445,29.658035278320312,28.962759017944336,27.89011001586914,26.438217163085938,25.24190330505371,25.35610580444336,26.530065536499023,28.251449584960938,28.49677848815918,27.862079620361328,30.165578842163086,33.6963005065918,34.96699523925781,35.03522872924805,35.87791442871094,37.23006820678711,37.58802032470703,37.47109603881836,38.34566116333008,39.69426345825195,39.611976623535156,39.17731857299805
36.041255950927734,35.92749786376953,34.84299850463867,33.55293273925781,32.9914436340332,33.088016510009766,33.52814483642578,33.72364044189453,33.44864273071289,33.48044967651367,33.637351989746094,34.04609298706055,34.044212341308594,32.462100982666016,31.211673736572266,31.827302932739258,32.85133361816406,32.82715606689453,32.35096740722656,29.987693786621094,29.521421432495117,30.289331436157227,29.26118278503418,27.683761596679688,26.789926528930664,25.835039138793945,25.933387756347656,27.152101516723633,28.18181610107422,28.32501792907715,27.781503677368164,28.461191177368164,33.25386047363281,37.5130615234375,36.55234909057617,36.037322998046875,37.87632369995117,39.20853042602539,39.46049880981445,40.38903045654297,41.023738861083984,40.22486877441406,40.13588333129883
38.098934173583984,37.472084045410156,36.28205871582031,35.25554656982422,34.28143310546875,33.66804504394531,33.80585861206055,34.35900115966797,34.824195861816406,35.202476501464844,35.9105224609375,35.852542877197266,35.28303146362305,34.31855010986328,32.6826286315918,31.724485397338867,32.362613677978516,33.56416702270508,33.36210250854492,32.14028549194336,31.704586029052734,31.368192672729492,30.79056167602539,29.125349044799805,28.168350219726562,27.49811553955078,27.760482788085938,28.724563598632812,30.31881332397461,30.55044937133789,29.64999008178711,29.394933700561523,33.52967834472656,39.62469482421875,40.689361572265625,38.99869155883789,39.87525939941406,41.91096878051758,43.54558563232422,44.91134262084961,43.24232482910156,41.034332275390625,42.08237838745117
39.46736145019531,38.8328971862793,37.9369010925293,36.526485443115234,34.724281311035156,33.38916778564453,33.0570068359375,33.55168914794922,34.47007369995117,35.552589416503906,36.74513626098633,36.8915901184082,36.11603546142578,35.274940490722656,34.28644943237305,32.70759201049805,32.020137786865234,33.24201965332031,34.727657318115234,35.05506896972656,34.044273376464844,32.10021209716797,31.15399932861328,30.962629318237305,29.9830265045166,29.14468002319336,28.57364845275879,28.787385940551758,29.546499252319336,30.540647506713867,31.203020095825195,31.73499870300293,34.130882263183594,39.39409255981445,42.76984405517578,41.837303161621094,41.77363586425781,43.6416015625,46.63591384887695,48.349456787109375,44.96693420410156,41.79326629638672,43.672454833984375
39.87593078613281,39.33802032470703,38.0433235168457,35.90316390991211,33.78666687011719,32.55302810668945,32.39175033569336,33.03387451171875,34.148136138916016,35.515445709228516,36.76252365112305,37.175384521484375,36.72017288208008,36.446651458740234,36.18898391723633,34.58481216430664,33.19967269897461,33.22715377807617,35.01205062866211,35.999935150146484,35.128414154052734,32.09843826293945,29.30974578857422,29.017324447631836,27.09446907043457,25.12897300720215,26.123674392700195,29.199724197387695,30.688949584960938,31.70792579650879,30.812559127807617,30.112850189208984,32.6431770324707,38.763145446777344,43.72607421875,43.63867950439453,43.4091796875,45.292442321777344,48.89762878417969,50.34681701660156,45.87305450439453,42.148765563964844,44.64409255981445
39.60169982910156,39.04606246948242,37.46072769165039,35.341880798339844,33.70262145996094,33.12300491333008,33.471519470214844,34.216819763183594,34.69999694824219,35.04572677612305,35.688297271728516,36.48128128051758,36.82110595703125,36.561946868896484,36.09568405151367,34.92925262451172,33.201698303222656,32.41753005981445,33.21024703979492,34.01066207885742,33.60224914550781,31.647674560546875,27.52410125732422,25.004154205322266,23.43074607849121,23.9693660736084,26.332260131835938,28.34616470336914,27.591672897338867,28.19129180908203,27.335357666015625,28.382572174072266,33.58802795410156,40.346004486083984,45.195037841796875,45.3940544128418,44.9630012512207,46.84518814086914,50.018524169921875,51.41359329223633,47.124202728271484,43.33339309692383,45.72039031982422
39.10776138305664,39.20439529418945,38.461029052734375,36.765907287597656,35.3458137512207,34.96952819824219,35.71366882324219,36.31472396850586,35.16953659057617,33.66860580444336,33.045841217041016,33.63304138183594,34.3136100769043,34.15381622314453,33.299781799316406,32.52405548095703,31.473974227905273,30.263797760009766,29.834335327148438,29.75762367248535,29.95038414001465,29.26997184753418,28.81167984008789,27.635290145874023,25.982580184936523,23.51657485961914,21.75526237487793,22.72924041748047,24.54296875,26.881620407104492,27.643836975097656,30.04427719116211,34.47885513305664,39.1286506652832,43.24393081665039,44.452552795410156,44.05161666870117,46.165496826171875,48.96553421020508,49.7808837890625,46.75787353515625,43.65688705444336,45.262638092041016
42.770751953125,42.111995697021484,40.83943176269531,40.76649856567383,40.53080749511719,40.40559387207031,41.04099655151367,41.72488784790039,40.45856475830078,37.50040817260742,34.71298599243164,33.393760681152344,32.94644546508789,32.734920501708984,32.555763244628906,32.46780776977539,32.04758071899414,30.307083129882812,28.098939895629883,26.367483139038086,25.783945083618164,26.348257064819336,27.85027503967285,29.03584098815918,29.157350540161133,24.575647354125977,18.629602432250977,20.573436737060547,24.407060623168945,27.010005950927734,28.964092254638672,30.440954208374023,33.723236083984375,37.31794738769531,40.95015335083008,42.13368606567383,41.515708923339844,43.396121978759766,45.213321685791016,45.49190902709961,44.2737922668457,40.61650466918945,42.24931716918945
