data/wind_data/wind_9_6.json
{"header": {"parameterUnit": "KT", "parameterCategory": 2, "nx": 256, "ny": 198, "lo1": 44.73521041870117, "la1": -3.236724853515625, "lo2": 111.26478576660156, "la2": 43.468475341796875, "dx": 0.2609002888202667, "dy": -0.23708222806453705, "refTime": "2025-02-19 09:00:00", "forecastTime": 0, "parameterNumber": 2, "parameterNumberName": "eastward_wind"}, "data":
[rows 0 to 19 of 198, columns 176 to 219 of 256]
-5.275082111358643,-7.817262172698975,-8.596244812011719,-8.411264419555664,-7.962656021118164,-7.228285789489746,-6.250979423522949,-5.486152172088623,-5.346437931060791,-5.3452606201171875,-5.405088424682617,-5.174644470214844,-4.591565132141113,-3.2109296321868896,-0.8771968483924866,0.026806190609931946,-0.5125056505203247,-1.2391276359558105,-2.100003957748413,-2.074213981628418,-1.6656023263931274,-2.406311511993408,-3.9563684463500977,-6.584155559539795,-9.067692756652832,-9.206605911254883,-8.573128700256348,-8.079617500305176,-7.8063435554504395,-8.440349578857422,-7.8987650871276855,-4.870913982391357,-2.677673816680908,-2.20857310295105,-1.5180530548095703,-0.3416997492313385,-1.0525826215744019,-3.5429372787475586,-3.224536180496216,-0.8640258312225342,-0.6903336048126221,-1.7532274723052979,-2.2022814750671387,-2.3580172061920166
-2.4484832286834717,-4.185150623321533,-5.721242904663086,-6.940049648284912,-6.686859607696533,-5.533636569976807,-4.160915374755859,-3.137373208999634,-3.0562920570373535,-3.373383045196533,-3.463195323944092,-3.2543489933013916,-3.4467554092407227,-2.1545982360839844,1.0274759531021118,2.137836217880249,1.4019496440887451,1.4423551559448242,1.6722726821899414,1.6758736371994019,1.5628067255020142,0.7090983986854553,-0.7469478249549866,-2.1584644317626953,-3.3719537258148193,-4.342907905578613,-5.1117024421691895,-5.135101318359375,-4.503667831420898,-4.012640953063965,-3.18550181388855,-1.3853302001953125,-0.2397482693195343,-0.3739086389541626,0.40935981273651123,2.142212390899658,0.9998081922531128,-2.342780113220215,-3.839616537094116,-4.008705139160156,-3.999452590942383,-3.9051737785339355,-4.024923324584961,-3.137690544128418
2.3083770275115967,3.1430130004882812,-0.5955264568328857,-5.953234672546387,-5.6555962562561035,-2.8952267169952393,0.5618663430213928,1.7379096746444702,-3.536550521850586,-7.423056602478027,-5.281641483306885,-2.5737860202789307,-1.7458887100219727,-0.9575067758560181,0.9160793423652649,1.4572397470474243,0.7746244072914124,1.8573623895645142,3.7945363521575928,3.4196419715881348,1.4876713752746582,-0.34462785720825195,-2.086519479751587,-1.8887662887573242,-0.9273767471313477,-1.5848933458328247,-2.3785407543182373,-1.5171293020248413,-0.6005447506904602,-0.7073900699615479,-0.32408201694488525,1.1122868061065674,1.7522857189178467,1.0998653173446655,1.7254215478897095,3.56870698928833,3.017017364501953,0.7297791838645935,-0.3061635196208954,-1.4292539358139038,-3.0432353019714355,-4.031369209289551,-2.5889084339141846,0.3822198510169983
6.735057830810547,7.541865825653076,3.7025904655456543,-1.2626746892929077,0.15725013613700867,2.525369167327881,5.121465682983398,6.398223876953125,1.057417869567871,-3.789958953857422,-2.0565025806427,0.279701292514801,0.8172640800476074,-0.48324882984161377,0.129452645778656,0.601036787033081,0.4461372494697571,1.1734905242919922,2.9618940353393555,2.395402193069458,0.30639201402664185,-1.0867031812667847,-2.586181879043579,-1.6314705610275269,0.49061036109924316,0.9263496398925781,0.28250911831855774,0.5920801162719727,1.3068699836730957,1.1372569799423218,1.2418909072875977,2.5231149196624756,2.472691059112549,1.9102402925491333,2.6272637844085693,3.292271852493286,2.7116641998291016,1.3725703954696655,1.3441389799118042,1.5020503997802734,-0.18986818194389343,-1.8422813415527344,-0.3375644087791443,2.5863840579986572
5.659946918487549,4.4328460693359375,4.22109842300415,5.447188854217529,8.67965316772461,10.561911582946777,10.178980827331543,8.858403205871582,10.90981388092041,12.81141185760498,10.154892921447754,7.905296802520752,7.167529582977295,-0.19941817224025726,-0.8195171356201172,0.045669183135032654,0.5140649080276489,-0.610338032245636,-2.5407018661499023,-3.282095432281494,-1.7791972160339355,-1.5050135850906372,-3.2067580223083496,-3.2766497135162354,-0.4537540376186371,2.9565844535827637,1.252246618270874,-1.5578372478485107,-2.1652371883392334,-0.854206383228302,-0.8720365762710571,0.2089231163263321,0.5279380679130554,2.056428909301758,-0.17206360399723053,-5.897879123687744,-7.531128406524658,-5.833743572235107,-2.959028482437134,-0.725639820098877,0.5531967878341675,-0.8624721169471741,-0.1974177360534668,0.6193126440048218
7.4680986404418945,6.378722667694092,5.544442176818848,5.352548599243164,6.574312686920166,7.838543891906738,8.281932830810547,8.21994686126709,8.287671089172363,9.921988487243652,10.968329429626465,9.018266677856445,8.635674476623535,3.3405251502990723,2.1332499980926514,-0.09569252282381058,-1.3984079360961914,-1.4268180131912231,-1.9582184553146362,-2.4006941318511963,-2.7967910766601562,-2.4620487689971924,-2.210474967956543,-1.042549967765808,-0.24817484617233276,-0.3729635179042816,-1.8525829315185547,-2.294785737991333,-1.012316107749939,0.5886415243148804,1.4280515909194946,0.4092644453048706,-0.15267565846443176,3.0761377811431885,0.4489840865135193,-4.616453647613525,-6.6073150634765625,-4.88107442855835,-3.4869537353515625,-2.8569254875183105,-2.0318572521209717,-0.9102022051811218,1.4691014289855957,3.9464054107666016
10.995328903198242,10.605904579162598,8.460886001586914,6.873537063598633,6.8276190757751465,7.672719478607178,8.394670486450195,9.056934356689453,9.758108139038086,10.062272071838379,7.599252700805664,4.430454730987549,4.246771335601807,2.525726318359375,4.1842122077941895,0.6686802506446838,-1.9466341733932495,-2.6726956367492676,-2.6268205642700195,-1.6993261575698853,-1.8709675073623657,-1.4626892805099487,-0.6475639939308167,0.0016528530977666378,-0.5262495875358582,-1.826377034187317,-3.245215892791748,-3.5158956050872803,-0.888827383518219,1.5364594459533691,1.3215854167938232,0.25028619170188904,-0.9391911029815674,2.2226366996765137,-2.792175769805908,-5.046733379364014,-4.7379984855651855,-3.379976987838745,-1.66989004611969,-1.0056250095367432,1.2492334842681885,1.035609483718872,4.04160737991333,5.710810661315918
10.197023391723633,10.395357131958008,9.606731414794922,8.872933387756348,8.615254402160645,8.565750122070312,8.910093307495117,9.90723705291748,10.791919708251953,9.86530590057373,7.021928787231445,4.988542079925537,4.635839462280273,5.3328166007995605,2.8534393310546875,4.645848274230957,-0.3693627715110779,-2.5795774459838867,-1.6091481447219849,0.14993874728679657,1.4248018264770508,-0.349770724773407,-0.8210180401802063,-1.296690821647644,-1.0199627876281738,-2.156859874725342,-4.106380939483643,-3.671419143676758,-0.01504457090049982,2.177762031555176,2.5326383113861084,1.5409903526306152,-1.5470242500305176,-2.5081677436828613,-5.012299537658691,-4.988989353179932,-5.567074775695801,-3.64087176322937,-1.3581069707870483,0.6813602447509766,1.8293732404708862,-0.9341046214103699,5.420585632324219,7.64709997177124
7.257241725921631,8.590087890625,9.361019134521484,9.210769653320312,9.533156394958496,9.914861679077148,10.07985782623291,10.661301612854004,11.111648559570312,9.739202499389648,7.23149299621582,5.602186679840088,4.705258846282959,4.65924072265625,2.2256627082824707,0.5935415029525757,4.410895347595215,4.842657089233398,-1.3741494417190552,0.7173449993133545,4.531443119049072,0.47220027446746826,-1.955513596534729,-4.020256996154785,-2.863699436187744,-2.055446147918701,-2.9205591678619385,-3.140003204345703,-0.20997384190559387,1.693001389503479,1.1201266050338745,-0.44603702425956726,-2.0457699298858643,-4.264443397521973,-5.160146236419678,-4.705191612243652,-6.304261684417725,-5.3692545890808105,-2.5449812412261963,0.5784909725189209,-0.1292009800672531,-1.0702250003814697,6.860984802246094,6.306235313415527
7.239506721496582,8.42017936706543,9.69218921661377,8.460508346557617,8.83535099029541,9.342222213745117,9.490593910217285,9.504339218139648,9.359618186950684,8.437926292419434,6.806117534637451,4.978485107421875,3.5046136379241943,2.224987268447876,0.6723214387893677,-1.7011075019836426,-0.2509259283542633,-3.1753029823303223,-5.301849365234375,-1.5461673736572266,3.3789007663726807,-1.8676763772964478,-5.445438861846924,-3.708972930908203,-1.4732507467269897,-0.1939394772052765,0.18322229385375977,0.2096710503101349,1.2453346252441406,2.216860294342041,0.6495736837387085,-1.6788679361343384,-4.171507835388184,-4.67615270614624,-4.492943286895752,-5.546847820281982,-6.563051700592041,-3.9414255619049072,-3.4325273036956787,1.8928838968276978,1.2404571771621704,2.50577712059021,3.469499111175537,1.416229248046875
7.345357894897461,7.875484466552734,7.779891490936279,7.161672592163086,7.6911444664001465,8.288384437561035,8.32923698425293,7.778990745544434,7.037158012390137,6.779353141784668,6.713470935821533,5.461948871612549,3.382901430130005,0.988387942314148,-1.7691096067428589,-2.839364528656006,-3.340273857116699,-4.376894950866699,-2.6435799598693848,-1.5537196397781372,-2.0056374073028564,-5.750955581665039,-5.281538963317871,-0.8691110014915466,1.3714652061462402,1.4625749588012695,0.9822814464569092,0.41773346066474915,1.0386059284210205,0.3732258379459381,-1.228628396987915,-3.8472626209259033,-5.355473518371582,-5.70053243637085,-5.618915557861328,-5.599594593048096,-4.788085460662842,-0.47568732500076294,-2.283301591873169,1.504692792892456,0.9812582731246948,4.146127223968506,0.36542949080467224,-3.6884055137634277
5.97363805770874,5.690989017486572,5.315427780151367,5.296696662902832,6.009016513824463,6.502931118011475,6.383713245391846,5.793286323547363,5.5030517578125,5.914829254150391,6.534365177154541,5.859554290771484,3.7177510261535645,0.3032899498939514,-3.2199010848999023,-4.631532669067383,-5.606513977050781,-7.781091213226318,-7.74278450012207,-5.306317329406738,-4.963894367218018,-5.493154525756836,-2.60502028465271,1.7727054357528687,3.8241031169891357,3.1332764625549316,0.6421207189559937,-1.105890154838562,-1.3064303398132324,-1.9730124473571777,-3.8593125343322754,-5.292169570922852,-5.17769718170166,-5.502962112426758,-4.749955654144287,-4.838098526000977,-5.019937038421631,-0.8406984806060791,-2.253620147705078,-3.7091405391693115,-2.31307315826416,2.301929473876953,0.7460500597953796,1.6135220527648926
3.7904810905456543,3.352748155593872,3.486572742462158,3.1394267082214355,3.531691312789917,5.37456750869751,5.786762237548828,5.127572059631348,4.552207946777344,4.5549211502075195,4.7932820320129395,4.57552433013916,3.2189157009124756,0.372166246175766,-2.733181953430176,-3.5803263187408447,-1.8792479038238525,-0.07096876949071884,0.4324541389942169,2.27020525932312,3.7572309970855713,4.548934459686279,1.247818946838379,-2.5704345703125,2.7878470420837402,3.3528151512145996,0.2731999158859253,-3.511640787124634,-5.142001628875732,-5.594980716705322,-6.355510234832764,-6.14009952545166,-5.335412979125977,-4.937429428100586,-4.36505651473999,-4.924879550933838,-4.919344902038574,-3.964386224746704,-4.0657477378845215,-3.5513916015625,-1.7901307344436646,0.8644628524780273,2.21866774559021,0.9122096300125122
2.9187819957733154,1.8669582605361938,2.33842134475708,1.9803506135940552,3.4919803142547607,4.845463275909424,4.929502964019775,4.484817981719971,3.3521888256073,3.1445608139038086,3.2403552532196045,3.590304374694824,2.645263671875,0.678502082824707,-1.5300894975662231,-2.039992332458496,-0.06611774861812592,2.729245185852051,5.727780818939209,7.410397052764893,4.382548809051514,-1.0327359437942505,-3.72027325630188,-2.848210573196411,0.41289669275283813,1.949837327003479,0.17646098136901855,-4.050356864929199,-6.616428852081299,-7.603923797607422,-8.40432071685791,-7.113282680511475,-5.880110263824463,-5.193437099456787,-4.362234115600586,-4.009482383728027,-3.434793710708618,-2.418954849243164,-4.103519916534424,-4.002160549163818,-1.9962265491485596,-0.8019385933876038,-1.2635657787322998,-2.031583786010742
6.162644386291504,3.6776113510131836,3.731389284133911,5.378734588623047,5.0095133781433105,1.4941266775131226,1.470373511314392,1.4042778015136719,1.5216610431671143,2.2438502311706543,2.9750380516052246,3.4309682846069336,2.3682022094726562,0.2912139892578125,-1.4291222095489502,-1.7548999786376953,-0.7453956604003906,1.0819764137268066,2.863629102706909,-2.1099624633789062,-5.532006740570068,-6.196585178375244,-5.11706018447876,-1.3221461772918701,1.8862191438674927,2.6151535511016846,-0.3775789141654968,-3.4621284008026123,-5.369995594024658,-7.449616432189941,-9.0646390914917,-7.150730133056641,-6.628198623657227,-5.0753302574157715,-4.106781005859375,-6.013068675994873,-5.149547100067139,-4.632217884063721,-6.557409763336182,-5.142417907714844,-4.1143317222595215,-3.5135719776153564,-4.1446852684021,-3.4272444248199463
6.835856914520264,8.001394271850586,7.377172946929932,8.042444229125977,1.0252275466918945,-0.4055798351764679,0.4898885488510132,0.32602015137672424,1.4316471815109253,2.744460105895996,2.7273287773132324,1.1282658576965332,-0.023524224758148193,-1.5488157272338867,-2.5812528133392334,-3.1122546195983887,-3.2207095623016357,-4.216224193572998,-8.350915908813477,-10.231836318969727,-7.678481578826904,-5.10857629776001,-5.032291889190674,-3.8541321754455566,0.8322479128837585,2.347747325897217,-0.506758451461792,-3.171123743057251,-4.5766191482543945,-6.823246479034424,-7.73704195022583,-6.813282489776611,-6.900684356689453,-6.155757904052734,-6.212305545806885,-6.563833236694336,-6.033185005187988,-5.604006767272949,-6.444674968719482,-3.4184093475341797,-4.78971529006958,-6.087141990661621,-4.485367774963379,-4.8861589431762695
6.628567218780518,3.677258014678955,1.938150405883789,0.2207416594028473,-1.0091811418533325,0.91957026720047,0.3706524670124054,0.41435348987579346,0.25235068798065186,-0.32463809847831726,-0.823842465877533,-1.1560564041137695,-2.216959238052368,-3.4818849563598633,-4.212996006011963,-4.887049674987793,-5.0656633377075195,-5.380914211273193,-7.591132164001465,-10.229318618774414,-10.010931015014648,-6.851015567779541,-5.205331325531006,-1.8226827383041382,1.1639800071716309,1.2437597513198853,-0.033521510660648346,-2.9186394214630127,-4.798436641693115,-6.514524936676025,-6.972112655639648,-6.988321304321289,-7.449642181396484,-7.1476359367370605,-6.7843017578125,-6.8949079513549805,-7.168849945068359,-6.1615309715271,-5.755611419677734,-3.193943500518799,-5.367203712463379,-5.756053924560547,-5.050451755523682,-5.533414363861084
2.761679172515869,-0.7694231867790222,-1.9050819873809814,-1.3405221700668335,-0.6202961802482605,-0.7192178964614868,-1.6511874198913574,-3.0013418197631836,-2.84035587310791,-0.6557507514953613,-0.7435385584831238,-1.454243540763855,-3.0613303184509277,-4.730090618133545,-5.365921497344971,-5.277657508850098,-5.011312484741211,-4.9174113273620605,-4.071845531463623,-2.3697590827941895,-3.5185279846191406,-3.750016689300537,-1.8964343070983887,-2.1797919273376465,1.1292204856872559,0.18386654555797577,-0.9145253896713257,-2.4265191555023193,-4.342134952545166,-5.914093017578125,-6.599979877471924,-8.071990013122559,-8.98405933380127,-7.951094627380371,-5.878284931182861,-5.641334533691406,-6.566109657287598,-6.213584899902344,-5.77593469619751,-5.09008264541626,-6.693789482116699,-6.963890552520752,-3.528709650039673,-6.015408992767334
1.142394781112671,-0.6997017860412598,-1.1057263612747192,0.04621374234557152,1.1368807554244995,-1.1307915449142456,-2.321100950241089,-4.804290294647217,-3.0140810012817383,-0.6370536088943481,-1.197218656539917,-0.9466984272003174,-2.602170467376709,-4.391334533691406,-5.283815383911133,-4.967525005340576,-4.522975444793701,-3.966686725616455,-2.0742523670196533,0.46061745285987854,-0.0329710952937603,-3.035956382751465,0.4365067780017853,-1.3307840824127197,-1.87346613407135,-1.244773507118225,-1.1083484888076782,-2.3328850269317627,-4.21780252456665,-6.255273818969727,-8.044252395629883,-9.513811111450195,-9.209136009216309,-7.770625591278076,-4.720264434814453,-4.504419803619385,-5.270103931427002,-6.469768047332764,-6.11088752746582,-5.036523342132568,-5.271339416503906,-5.90320348739624,-2.4580235481262207,-6.355493068695068
0.5799879431724548,0.12308745086193085,1.08066725730896,3.6523587703704834,3.193451404571533,-3.3339102268218994,-4.174814701080322,-3.017922878265381,-1.4679934978485107,-1.9077274799346924,-2.103043556213379,-1.365817904472351,-1.954145908355713,-2.9688260555267334,-3.657160758972168,-3.8597803115844727,-3.47318696975708,-2.5698180198669434,-0.9068563580513,-3.1585099697113037,-9.24670124053955,-7.467807292938232,-3.292860269546509,-1.1390217542648315,-2.8378021717071533,-2.1058695316314697,-1.7470064163208008,-3.467691659927368,-5.735871315002441,-7.8890604972839355,-9.536495208740234,-9.800049781799316,-8.570448875427246,-4.103411674499512,-3.119417667388916,-4.152050018310547,-5.387936115264893,-7.221227169036865,-7.767125129699707,-5.505791187286377,-2.869468927383423,-2.9724338054656982,-4.39443302154541,-7.213507652282715
