data/wind_data/wind_46_7.json
{"header": {"parameterUnit": "KT", "parameterCategory": 2, "nx": 256, "ny": 198, "lo1": 44.73521041870117, "la1": -3.236724853515625, "lo2": 111.26478576660156, "la2": 43.468475341796875, "dx": 0.2609002888202667, "dy": -0.23708222806453705, "refTime": "2025-02-20 22:00:00", "forecastTime": 0, "parameterNumber": 2, "parameterNumberName": "eastward_wind"}, "data":
[rows 60 to 79 of 198, columns 88 to 131 of 256]
18.326696395874023,18.093748092651367,17.72714614868164,17.35834312438965,17.104177474975586,16.968252182006836,16.83205795288086,16.598388671875,16.189844131469727,15.59598445892334,14.91923713684082,14.321496963500977,13.871744155883789,13.418423652648926,12.785285949707031,12.211249351501465,12.16444206237793,12.349122047424316,12.218927383422852,11.637231826782227,10.871880531311035,10.543599128723145,10.849418640136719,11.315449714660645,11.641097068786621,11.766461372375488,11.199642181396484,10.495403289794922,9.578462600708008,8.161775588989258,6.806087493896484,6.452587127685547,7.22377347946167,7.174637317657471,6.46603536605835,6.555618762969971,7.0254716873168945,7.185567855834961,7.5999860763549805,8.626846313476562,9.714317321777344,10.19387149810791,10.312328338623047,10.186552047729492
19.700702667236328,19.686195373535156,19.434349060058594,18.98798179626465,18.51926040649414,18.196109771728516,18.03166961669922,17.903362274169922,17.628602981567383,17.17207145690918,16.673046112060547,16.281234741210938,15.983810424804688,15.59549331665039,15.03005313873291,14.444596290588379,13.952482223510742,13.689652442932129,13.472366333007812,13.091790199279785,12.522109985351562,12.065994262695312,12.091273307800293,12.406719207763672,12.906383514404297,13.0989351272583,12.476471900939941,11.700316429138184,11.048977851867676,10.191206932067871,8.9330472946167,8.30560302734375,8.904448509216309,8.92187786102295,8.20892333984375,7.784667015075684,7.600583553314209,7.505376815795898,7.768205165863037,8.550317764282227,9.644394874572754,10.391767501831055,10.633803367614746,10.778714179992676
20.69260025024414,20.727964401245117,20.736589431762695,20.57356834411621,20.24080467224121,19.848522186279297,19.49308204650879,19.20203971862793,18.916553497314453,18.55802345275879,18.127286911010742,17.7796573638916,17.63719940185547,17.502206802368164,17.087080001831055,16.459068298339844,15.806753158569336,15.350767135620117,14.995786666870117,14.570353507995605,14.0735502243042,13.729519844055176,13.659686088562012,13.886292457580566,14.51284122467041,14.759273529052734,14.093655586242676,12.995786666870117,12.147615432739258,11.592642784118652,10.759652137756348,10.123357772827148,10.544342994689941,10.847539901733398,10.155014038085938,9.26959228515625,8.75036907196045,8.411779403686523,8.408132553100586,8.845967292785645,9.721454620361328,10.582695960998535,11.011866569519043,11.211833953857422
22.12948226928711,21.746122360229492,21.582292556762695,21.584300994873047,21.63591194152832,21.624069213867188,21.432401657104492,20.977338790893555,20.371044158935547,19.852521896362305,19.514333724975586,19.275711059570312,19.122089385986328,19.02676010131836,18.850984573364258,18.408206939697266,17.66926383972168,17.005220413208008,16.597782135009766,16.242849349975586,15.866874694824219,15.468631744384766,15.270241737365723,15.423308372497559,16.182313919067383,16.80208396911621,16.39578628540039,15.061574935913086,13.574742317199707,12.567181587219238,11.882448196411133,11.531408309936523,11.945425033569336,12.63301944732666,12.354640007019043,11.08898639678955,10.03297233581543,9.722805976867676,9.728742599487305,9.82009220123291,10.171608924865723,10.805144309997559,11.406103134155273,11.789801597595215
24.214473724365234,23.624958038330078,23.073610305786133,22.74109649658203,22.68732261657715,22.83570671081543,22.997774124145508,22.906246185302734,22.421720504760742,21.735631942749023,21.172218322753906,20.8347110748291,20.615985870361328,20.43069076538086,20.331804275512695,20.161865234375,19.609302520751953,18.879226684570312,18.33145523071289,17.95857048034668,17.68353843688965,17.36281967163086,16.96965789794922,16.89098358154297,17.574018478393555,18.665586471557617,18.98617172241211,17.94129180908203,16.042491912841797,14.216902732849121,12.928766250610352,12.418787002563477,12.827451705932617,13.885372161865234,14.47059440612793,13.505453109741211,11.816842079162598,11.076533317565918,11.342957496643066,11.538671493530273,11.456494331359863,11.489160537719727,11.79619026184082,12.27987289428711
25.696659088134766,25.52031707763672,25.175769805908203,24.73870086669922,24.33509063720703,24.077930450439453,24.00908660888672,24.063945770263672,24.07640266418457,23.888452529907227,23.49604606628418,22.989940643310547,22.417675018310547,21.854923248291016,21.59573745727539,21.610698699951172,21.45465660095215,20.94354820251465,20.28184700012207,19.769901275634766,19.504150390625,19.29546356201172,18.83163833618164,18.37478256225586,18.682851791381836,19.983318328857422,21.20305061340332,20.991365432739258,19.3258056640625,17.109905242919922,15.002819061279297,13.549668312072754,13.353577613830566,14.401264190673828,15.845793724060059,16.132307052612305,14.602120399475098,12.927233695983887,12.65354061126709,13.161558151245117,13.307965278625488,13.083541870117188,12.874429702758789,12.985633850097656
26.65228843688965,26.745534896850586,26.782079696655273,26.707748413085938,26.444744110107422,25.973196029663086,25.418212890625,25.015819549560547,24.91635513305664,25.07361602783203,25.283655166625977,25.265933990478516,24.78546714782715,23.919599533081055,23.200407028198242,22.88184928894043,22.76996612548828,22.635482788085938,22.3294734954834,21.919876098632812,21.577518463134766,21.307575225830078,20.860116958618164,20.222583770751953,19.912887573242188,20.763830184936523,22.57478141784668,23.62960433959961,22.83897590637207,20.71321678161621,18.107995986938477,15.831493377685547,14.618995666503906,14.86536693572998,16.268484115600586,17.707775115966797,17.589984893798828,15.916994094848633,14.485892295837402,14.370869636535645,14.759644508361816,14.87356948852539,14.638493537902832,14.402183532714844
28.68294906616211,28.623044967651367,28.55482292175293,28.483720779418945,28.34457015991211,28.00208282470703,27.37775421142578,26.603483200073242,25.990163803100586,25.825159072875977,26.12067222595215,26.529972076416016,26.53731918334961,25.988256454467773,25.252967834472656,24.642915725708008,24.272930145263672,24.106046676635742,23.95048713684082,23.838085174560547,23.834625244140625,23.717445373535156,23.184009552001953,22.38728141784668,21.783979415893555,21.946613311767578,23.38151741027832,25.213226318359375,25.746984481811523,24.478038787841797,21.850893020629883,18.998716354370117,17.182781219482422,16.628347396850586,16.96162223815918,18.038423538208008,19.051551818847656,18.727256774902344,17.359886169433594,16.356164932250977,16.170263290405273,16.277135848999023,16.241792678833008,16.06177520751953
31.596843719482422,31.518688201904297,31.33753204345703,31.04950714111328,30.660608291625977,30.16018295288086,29.49724769592285,28.64986228942871,27.774948120117188,27.197710037231445,27.170780181884766,27.499311447143555,27.64415740966797,27.339269638061523,26.77226448059082,26.149328231811523,25.73790740966797,25.675804138183594,25.720947265625,25.697507858276367,25.72501564025879,25.81123161315918,25.60545539855957,24.898475646972656,24.125402450561523,23.906951904296875,24.667322158813477,26.282602310180664,27.441558837890625,27.32807159423828,25.614843368530273,22.755704879760742,20.35761070251465,19.420578002929688,19.1746768951416,19.006607055664062,19.41963768005371,19.950288772583008,19.755821228027344,19.060890197753906,18.370258331298828,17.867984771728516,17.617277145385742,17.52610969543457
34.02292251586914,34.07110595703125,34.038272857666016,33.842979431152344,33.44771194458008,32.857093811035156,32.07920837402344,31.101648330688477,30.044239044189453,29.219470977783203,28.960601806640625,29.160720825195312,29.261699676513672,29.00515365600586,28.37199592590332,27.510393142700195,26.856657028198242,26.72941780090332,26.915298461914062,27.160188674926758,27.47218894958496,27.773691177368164,27.77665138244629,27.275981903076172,26.545364379882812,26.21576690673828,26.624927520751953,27.603559494018555,28.644058227539062,29.154123306274414,28.696807861328125,26.740642547607422,24.003942489624023,22.244626998901367,21.89136505126953,21.545156478881836,20.809879302978516,20.59861946105957,20.918792724609375,21.1517333984375,20.87911605834961,20.074554443359375,19.3355712890625,19.08209228515625
36.240257263183594,36.19833755493164,36.15083312988281,36.020729064941406,35.77010726928711,35.37835693359375,34.80093002319336,33.975425720214844,32.91835403442383,31.88962745666504,31.294397354125977,31.268966674804688,31.44716453552246,31.457326889038086,31.07981300354004,30.18532371520996,29.222084045410156,28.774063110351562,28.679250717163086,28.57145118713379,28.61113166809082,29.0224609375,29.551074981689453,29.56437110900879,28.962196350097656,28.468788146972656,28.70491600036621,29.38054084777832,30.048973083496094,30.63901138305664,30.967443466186523,30.331951141357422,28.24236488342285,25.75714874267578,24.446136474609375,24.205425262451172,23.546384811401367,22.434864044189453,21.998884201049805,22.374292373657227,22.7168025970459,22.34795570373535,21.56189727783203,21.100513458251953
38.745269775390625,38.57267761230469,38.35493850708008,38.099761962890625,37.8095703125,37.4793586730957,37.06523895263672,36.492916107177734,35.74659729003906,34.957618713378906,34.34284973144531,33.93494415283203,33.66830825805664,33.67217254638672,33.82282257080078,33.63326644897461,33.143123626708984,32.79847717285156,32.656314849853516,32.339412689208984,31.789772033691406,31.299856185913086,31.119915008544922,31.098779678344727,30.907835006713867,30.68163299560547,30.794151306152344,31.378196716308594,31.940242767333984,32.310306549072266,32.72750473022461,32.921756744384766,32.05721664428711,30.042753219604492,27.896465301513672,26.715139389038086,26.270429611206055,25.426061630249023,24.266862869262695,23.778926849365234,24.00801658630371,24.08443832397461,23.729631423950195,23.402864456176758
41.03042984008789,40.900718688964844,40.6488037109375,40.32307052612305,39.96902084350586,39.61433029174805,39.23535919189453,38.75413513183594,38.138458251953125,37.53665542602539,37.18613815307617,36.96824645996094,36.476409912109375,35.9138298034668,35.79697799682617,35.97488021850586,36.09751510620117,36.24920654296875,36.533206939697266,36.73106002807617,36.642765045166016,36.159236907958984,35.184913635253906,33.78812789916992,32.520259857177734,32.065826416015625,32.426326751708984,33.17316436767578,33.973419189453125,34.43193054199219,34.64883041381836,34.88236999511719,34.803871154785156,33.7758903503418,31.837913513183594,29.850799560546875,28.742671966552734,28.27541160583496,27.512710571289062,26.449020385742188,25.7507266998291,25.49802017211914,25.411766052246094,25.442005157470703
42.92400360107422,42.86837387084961,42.674285888671875,42.36378479003906,41.99686813354492,41.64870834350586,41.34123611450195,40.9892463684082,40.49115753173828,39.90806198120117,39.49864959716797,39.33635330200195,39.066131591796875,38.565277099609375,38.22343444824219,38.22015380859375,38.27853775024414,38.272891998291016,38.3664665222168,38.63404083251953,38.951229095458984,39.248844146728516,39.16019821166992,38.03120803833008,35.91215896606445,34.07890319824219,33.593994140625,34.30437088012695,35.4941520690918,36.356346130371094,36.68320083618164,36.78633499145508,36.90251922607422,36.596092224121094,35.28128433227539,33.267547607421875,31.588064193725586,30.790184020996094,30.384204864501953,29.68505859375,28.642433166503906,27.646970748901367,27.087480545043945,27.06024932861328
44.80587387084961,44.81882858276367,44.662841796875,44.34416961669922,43.91395950317383,43.484130859375,43.14043426513672,42.857398986816406,42.52424240112305,42.101688385009766,41.70256423950195,41.41093444824219,41.05720138549805,40.63884353637695,40.46490478515625,40.61225128173828,40.72963333129883,40.53857421875,40.229373931884766,40.04850387573242,39.94902038574219,39.88786697387695,39.908966064453125,39.67729949951172,38.75762939453125,37.284244537353516,35.94489669799805,35.526790618896484,36.33241653442383,37.65413284301758,38.492164611816406,38.67665100097656,38.68603515625,38.66801452636719,38.020999908447266,36.50324249267578,34.760257720947266,33.49931716918945,32.822837829589844,32.309356689453125,31.579914093017578,30.58785057067871,29.644617080688477,29.06990623474121
46.685760498046875,46.78459167480469,46.686859130859375,46.397220611572266,45.932003021240234,45.386539459228516,44.86478805541992,44.43415069580078,44.09296417236328,43.8005485534668,43.548099517822266,43.33391571044922,43.02959442138672,42.63340377807617,42.44943618774414,42.568603515625,42.72502517700195,42.6318244934082,42.32623291015625,41.967044830322266,41.57712936401367,41.16123962402344,40.68885040283203,40.041656494140625,39.3874626159668,38.95221710205078,38.47107696533203,37.79708480834961,37.566062927246094,38.252315521240234,39.41207504272461,40.27317810058594,40.432464599609375,40.319313049316406,40.08615493774414,39.29471206665039,37.92753601074219,36.492759704589844,35.40586471557617,34.668312072753906,34.00019073486328,33.2471923828125,32.48210144042969,31.766796112060547
48.35678482055664,48.52465057373047,48.4980583190918,48.29421615600586,47.92395782470703,47.4266357421875,46.88365936279297,46.347469329833984,45.8451042175293,45.432979583740234,45.15108108520508,44.99931716918945,44.8702278137207,44.694095611572266,44.571224212646484,44.563743591308594,44.55790328979492,44.469791412353516,44.34320068359375,44.15470504760742,43.801414489746094,43.31262969970703,42.64548873901367,41.66053771972656,40.65764617919922,40.102542877197266,39.86985778808594,39.58361053466797,39.251243591308594,39.30689239501953,40.02674865722656,41.07823944091797,41.7365608215332,41.77418899536133,41.675331115722656,41.49524688720703,40.80485534667969,39.588924407958984,38.30559539794922,37.30738067626953,36.505699157714844,35.716102600097656,34.99702453613281,34.36897277832031
49.84064865112305,50.0963134765625,50.13837814331055,49.97376251220703,49.68980407714844,49.38892364501953,49.08591842651367,48.6981315612793,48.165916442871094,47.60169219970703,47.108551025390625,46.79780960083008,46.651092529296875,46.56184387207031,46.49542999267578,46.43262481689453,46.35306930541992,46.33317184448242,46.40256881713867,46.42885971069336,46.287837982177734,46.00946044921875,45.47267532348633,44.44932174682617,43.220829010009766,42.29103088378906,41.703128814697266,41.18772888183594,40.67902374267578,40.44896697998047,40.88264083862305,41.77289962768555,42.631587982177734,42.9921760559082,43.01085662841797,43.1929931640625,43.29424285888672,42.668243408203125,41.404052734375,40.12192153930664,39.19467544555664,38.48377227783203,37.70995330810547,36.84647750854492
51.22789764404297,51.54241180419922,51.662742614746094,51.557247161865234,51.3525390625,51.223175048828125,51.20463943481445,51.14133071899414,50.852561950683594,50.29804992675781,49.64904022216797,49.07597732543945,48.686588287353516,48.44685363769531,48.28996276855469,48.171958923339844,48.064414978027344,48.0936279296875,48.314788818359375,48.536827087402344,48.60474395751953,48.58711242675781,48.391632080078125,47.68568801879883,46.54586410522461,45.325382232666016,44.216094970703125,43.39790344238281,42.70817565917969,41.99413299560547,41.80259323120117,42.46993637084961,43.26688003540039,43.8145751953125,44.117801666259766,44.53924560546875,45.29744338989258,45.64036178588867,44.79938888549805,43.21086883544922,41.86726379394531,41.13395690917969,40.59769821166992,39.70176696777344
52.529415130615234,52.834503173828125,53.02292251586914,53.068580627441406,53.03532791137695,53.04024887084961,53.14421844482422,53.27006530761719,53.258689880371094,53.00825500488281,52.49375534057617,51.79328536987305,51.063201904296875,50.460758209228516,50.075130462646484,49.88967514038086,49.78644561767578,49.818233489990234,50.076995849609375,50.38429641723633,50.56399917602539,50.75234603881836,50.82377243041992,50.40915298461914,49.584197998046875,48.55973815917969,47.34390640258789,46.284305572509766,45.57416534423828,44.660987854003906,43.66481399536133,43.455078125,44.10255813598633,44.7146110534668,45.1155891418457,45.61930465698242,46.50177764892578,47.594364166259766,47.95442581176758,46.98904037475586,45.28694534301758,43.85597610473633,43.12608337402344,42.55318069458008
