data/wind_data/wind_28_5.json
{"header": {"parameterUnit": "KT", "parameterCategory": 2, "nx": 256, "ny": 198, "lo1": 44.73521041870117, "la1": -3.236724853515625, "lo2": 111.26478576660156, "la2": 43.468475341796875, "dx": 0.2609002888202667, "dy": -0.23708222806453705, "refTime": "2025-02-20 04:00:00", "forecastTime": 0, "parameterNumber": 2, "parameterNumberName": "eastward_wind"}, "data":
[rows 171 to 189 of 198, columns 132 to 175 of 256]
4.763889789581299,6.078372955322266,7.150405406951904,7.097517967224121,6.555919170379639,6.260579586029053,6.363893032073975,6.7990241050720215,7.593386173248291,8.65947151184082,9.60843563079834,10.214624404907227,10.449371337890625,10.541685104370117,11.116190910339355,12.105634689331055,13.382789611816406,14.603492736816406,15.273384094238281,15.892444610595703,16.809022903442383,18.001867294311523,19.244653701782227,20.15911865234375,20.575685501098633,20.629013061523438,20.5891170501709,20.807764053344727,21.472501754760742,22.175151824951172,22.610767364501953,23.067283630371094,24.267480850219727,26.100542068481445,27.015380859375,27.751853942871094,29.355531692504883,30.418054580688477,30.918119430541992,31.721525192260742,28.38712501525879,28.940534591674805,31.50255584716797,33.11113739013672
6.360820293426514,7.173343181610107,7.620896339416504,6.928938388824463,5.929199695587158,5.457377910614014,5.662620544433594,6.4005560874938965,7.6293768882751465,8.945371627807617,9.673613548278809,9.63785457611084,9.320206642150879,9.474239349365234,10.36406135559082,11.794096946716309,13.418054580688477,14.420150756835938,15.234404563903809,16.407373428344727,17.803377151489258,19.106857299804688,20.033283233642578,20.571874618530273,20.780620574951172,20.725841522216797,20.693614959716797,20.93136215209961,21.391929626464844,21.77099609375,21.936973571777344,22.23366355895996,23.226940155029297,24.850078582763672,26.533695220947266,28.280033111572266,30.028255462646484,31.418174743652344,32.699867248535156,33.44026565551758,32.07899475097656,32.644771575927734,34.414085388183594,36.08610916137695
6.9182353019714355,7.565771579742432,8.008886337280273,7.72596549987793,7.24947452545166,6.877552032470703,6.793272495269775,7.314634323120117,8.340624809265137,9.088047981262207,9.036895751953125,8.491034507751465,8.212413787841797,8.77956485748291,10.065529823303223,11.837835311889648,13.139276504516602,13.977692604064941,15.307673454284668,17.095340728759766,18.814756393432617,20.091957092285156,20.87293815612793,21.253034591674805,21.301362991333008,21.155406951904297,21.12047004699707,21.37923812866211,21.894309997558594,22.433616638183594,22.872169494628906,23.39006996154785,24.288196563720703,25.538076400756836,27.18977165222168,29.327957153320312,31.123971939086914,32.35478210449219,33.2772216796875,34.23942565917969,34.31034851074219,34.08075714111328,34.29680633544922,34.859806060791016
7.538544654846191,7.8442792892456055,8.062719345092773,8.064356803894043,7.791882038116455,7.334254264831543,7.118402481079102,7.396634578704834,7.81752347946167,7.957178115844727,7.862624645233154,7.807901382446289,8.188847541809082,9.072415351867676,10.565631866455078,12.085871696472168,12.950878143310547,14.241727828979492,16.38370704650879,18.5093936920166,19.981189727783203,20.889760971069336,21.46768569946289,21.760854721069336,21.809974670410156,21.81245994567871,21.964344024658203,22.30190086364746,22.82419204711914,23.529560089111328,24.30843734741211,25.11213493347168,25.934022903442383,26.80038833618164,27.85673713684082,29.236482620239258,30.618633270263672,31.501413345336914,31.886075973510742,32.59880065917969,33.683780670166016,34.08897399902344,33.82414627075195,33.28948211669922
8.408607482910156,8.262433052062988,8.090929985046387,7.50482177734375,6.57275390625,5.857594966888428,5.7452592849731445,6.086920261383057,6.529784679412842,7.051695823669434,7.535406112670898,7.891193389892578,8.385138511657715,9.48004150390625,11.093554496765137,12.228611946105957,13.617061614990234,16.099628448486328,18.844663619995117,20.77159309387207,21.654664993286133,21.955610275268555,22.196374893188477,22.45343017578125,22.67839813232422,22.93682098388672,23.26744270324707,23.719789505004883,24.408145904541016,25.331790924072266,26.26458168029785,27.03512191772461,27.731054306030273,28.335159301757812,28.7297420501709,28.820018768310547,28.55097198486328,28.141067504882812,27.98640251159668,28.513011932373047,29.890316009521484,31.430770874023438,32.09971237182617,31.402578353881836
9.191581726074219,8.758922576904297,7.747438430786133,6.358719348907471,5.239955902099609,4.677445411682129,4.788586616516113,5.32042932510376,6.065731525421143,6.809662342071533,7.181020259857178,7.319255352020264,8.020354270935059,9.598653793334961,11.125053405761719,12.766328811645508,15.33481216430664,18.305952072143555,20.824060440063477,22.496768951416016,23.227558135986328,23.29513168334961,23.311676025390625,23.610654830932617,24.163270950317383,24.74238395690918,25.2121639251709,25.668798446655273,26.326427459716797,27.215211868286133,28.082447052001953,28.7315731048584,29.194238662719727,29.501434326171875,29.34554100036621,28.503374099731445,27.432769775390625,26.82993507385254,27.07190704345703,28.01026725769043,29.043441772460938,29.67902183532715,29.53561782836914,28.869394302368164
9.433935165405273,8.616171836853027,7.078130722045898,5.729629993438721,4.869686126708984,4.425217151641846,4.533830642700195,5.073577404022217,5.75540828704834,6.219613075256348,6.326035499572754,6.799145698547363,8.33941650390625,10.335236549377441,12.301107406616211,14.547468185424805,17.066673278808594,19.63170623779297,21.957502365112305,23.530641555786133,24.045562744140625,23.913658142089844,23.86687469482422,24.31646156311035,25.19780158996582,26.207176208496094,27.088956832885742,27.771453857421875,28.369770050048828,28.980226516723633,29.5085391998291,29.862092971801758,30.059001922607422,29.83961296081543,28.757741928100586,27.20856475830078,26.27775001525879,26.366430282592773,26.882339477539062,27.19119644165039,27.23459243774414,27.25105094909668,27.342790603637695,27.50201988220215
9.060338020324707,7.8244829177856445,6.63348913192749,5.842371940612793,5.11263370513916,4.661535739898682,4.764880657196045,5.204394817352295,5.586076259613037,5.7996745109558105,6.3764424324035645,7.984660625457764,10.24256420135498,12.333230972290039,14.26627254486084,16.419965744018555,18.869945526123047,21.353271484375,23.410520553588867,24.50249481201172,24.556957244873047,24.25273895263672,24.31781578063965,24.949344635009766,25.988845825195312,27.21065330505371,28.345722198486328,29.175865173339844,29.629655838012695,29.750160217285156,29.624969482421875,29.393932342529297,28.921104431152344,27.722328186035156,26.005184173583984,24.915302276611328,24.987686157226562,25.449630737304688,25.607160568237305,25.555105209350586,25.636009216308594,25.98177719116211,26.53200912475586,27.242549896240234
8.173205375671387,7.007927417755127,6.6021623611450195,6.303193092346191,5.711544990539551,5.3667521476745605,5.361698627471924,5.48473596572876,5.801925182342529,6.6639604568481445,8.382424354553223,10.522705078125,12.420742988586426,14.132024765014648,16.08210563659668,18.35404396057129,20.71479606628418,22.85463523864746,24.41164207458496,25.089675903320312,25.0950984954834,25.034757614135742,25.274442672729492,25.85725212097168,26.727476119995117,27.72690200805664,28.574953079223633,28.909433364868164,28.529695510864258,27.695924758911133,26.883140563964844,26.03890037536621,24.783945083618164,23.45562171936035,22.97649574279785,23.444377899169922,24.047693252563477,24.215124130249023,24.261812210083008,24.67413902282715,25.458162307739258,26.394704818725586,27.318870544433594,28.1662540435791
7.550860404968262,6.8384175300598145,6.941878318786621,6.8891987800598145,6.61588191986084,6.310178756713867,6.034012317657471,6.180141448974609,7.111292362213135,8.776918411254883,10.580877304077148,12.160449981689453,13.762444496154785,15.667948722839355,17.758874893188477,19.796253204345703,21.65385627746582,23.219118118286133,24.36847496032715,25.099506378173828,25.542028427124023,25.79761505126953,25.9528751373291,26.169689178466797,26.595335006713867,27.119741439819336,27.25814437866211,26.49517822265625,24.991615295410156,23.568071365356445,22.56262969970703,21.751115798950195,21.2751407623291,21.508377075195312,22.271286010742188,22.935277938842773,23.191152572631836,23.468765258789062,24.153532028198242,25.147327423095703,26.201324462890625,27.233642578125,28.19461441040039,29.00766944885254
7.637782573699951,7.039253234863281,7.215142726898193,7.414886951446533,7.348138809204102,7.007219314575195,6.823955535888672,7.381225109100342,8.536361694335938,9.803014755249023,11.104865074157715,12.751175880432129,14.816608428955078,16.92255210876465,18.7249698638916,20.272062301635742,21.7401123046875,23.121686935424805,24.290603637695312,25.138456344604492,25.59218406677246,25.672616958618164,25.544736862182617,25.392454147338867,25.243593215942383,24.87145233154297,24.03648567199707,22.760772705078125,21.331506729125977,20.164579391479492,19.582170486450195,19.736595153808594,20.46836280822754,21.4306640625,22.270828247070312,22.841432571411133,23.385055541992188,24.16482162475586,25.111482620239258,26.015090942382812,26.901199340820312,27.89332389831543,28.90869903564453,29.73392105102539
8.676811218261719,8.296401977539062,8.102473258972168,7.912360668182373,7.616753101348877,7.370239734649658,7.642753601074219,8.17651653289795,8.762216567993164,9.669547080993652,11.256851196289062,13.398270606994629,15.57876205444336,17.41056251525879,18.938390731811523,20.449800491333008,21.983524322509766,23.338899612426758,24.3256893157959,24.808799743652344,24.786575317382812,24.484766006469727,24.0972843170166,23.500812530517578,22.49156951904297,21.254131317138672,20.176084518432617,19.317686080932617,18.664377212524414,18.470245361328125,18.80689239501953,19.49433135986328,20.43797492980957,21.584911346435547,22.789142608642578,23.890920639038086,24.841693878173828,25.628734588623047,26.294511795043945,27.006633758544922,27.915401458740234,28.981117248535156,30.008304595947266,30.865760803222656
11.449256896972656,10.529803276062012,9.661458969116211,8.731310844421387,8.024635314941406,8.111754417419434,8.493597984313965,8.678699493408203,9.171825408935547,10.453038215637207,12.317965507507324,14.336485862731934,16.217529296875,17.904617309570312,19.573400497436523,21.284236907958984,22.778772354125977,23.80045509338379,24.24073028564453,24.045791625976562,23.38744354248047,22.57475471496582,21.60331916809082,20.30128288269043,18.848173141479492,17.633832931518555,16.87822914123535,16.693256378173828,17.094852447509766,17.830204010009766,18.665719985961914,19.6774845123291,21.00992774963379,22.594181060791016,24.151159286499023,25.410306930541992,26.29355812072754,26.965667724609375,27.72881507873535,28.744075775146484,29.868528366088867,30.91845703125,31.8361873626709,32.680686950683594
13.295685768127441,12.211443901062012,10.59458065032959,8.960073471069336,8.337138175964355,8.537697792053223,8.818440437316895,9.261079788208008,10.28658390045166,11.827095985412598,13.552482604980469,15.363919258117676,17.175058364868164,18.938512802124023,20.771629333496094,22.49756622314453,23.565696716308594,23.742511749267578,23.235576629638672,22.282724380493164,21.05539894104004,19.697900772094727,18.258682250976562,16.86359977722168,15.785562515258789,15.221354484558105,15.230823516845703,15.866572380065918,16.99232292175293,18.285444259643555,19.59009552001953,20.961029052734375,22.407032012939453,23.86369514465332,25.210947036743164,26.34541130065918,27.40005111694336,28.50661849975586,29.743471145629883,31.0686092376709,32.26892852783203,33.20002365112305,33.94424057006836,34.6357307434082
11.910677909851074,11.358807563781738,10.45118236541748,9.498808860778809,9.128778457641602,9.086247444152832,9.436603546142578,10.325700759887695,11.646754264831543,13.1687593460083,14.872735023498535,16.707046508789062,18.357200622558594,19.84244155883789,21.48179054260254,22.80979347229004,23.003671646118164,22.108640670776367,20.756887435913086,19.329063415527344,17.973669052124023,16.859275817871094,16.003477096557617,15.334718704223633,14.937834739685059,15.020666122436523,15.681859016418457,16.929889678955078,18.56919288635254,20.174610137939453,21.463829040527344,22.51047706604004,23.45746612548828,24.438152313232422,25.673660278320312,27.186384201049805,28.854869842529297,30.410686492919922,31.814218521118164,33.07072448730469,34.142417907714844,34.952877044677734,35.5361328125,36.04012680053711
12.627798080444336,11.264909744262695,10.909804344177246,10.63459587097168,10.345154762268066,10.272512435913086,10.83701229095459,11.993199348449707,13.285855293273926,14.607322692871094,16.181161880493164,17.85897445678711,19.170351028442383,20.222431182861328,21.255979537963867,21.693204879760742,21.05539894104004,19.659772872924805,18.096357345581055,16.9244327545166,16.517906188964844,16.60971450805664,16.57452392578125,16.224468231201172,15.921926498413086,16.262645721435547,17.372447967529297,18.944782257080078,20.598669052124023,21.90114402770996,22.6622371673584,23.332399368286133,24.286846160888672,25.54161834716797,27.130813598632812,28.861631393432617,30.678455352783203,32.26457214355469,33.50694274902344,34.47832107543945,35.28096008300781,35.861167907714844,36.24431228637695,36.56305694580078
15.8695707321167,14.218106269836426,13.663991928100586,14.068411827087402,14.103378295898438,13.302075386047363,13.319855690002441,14.234928131103516,15.202479362487793,16.16835594177246,17.30767822265625,18.452205657958984,19.37943458557129,20.081066131591797,20.47062110900879,20.205961227416992,19.239383697509766,17.971080780029297,17.02175521850586,16.87125015258789,17.370935440063477,17.876941680908203,17.91506576538086,17.61911964416504,17.439157485961914,17.86322593688965,19.079631805419922,20.76824378967285,22.293296813964844,23.31060028076172,24.077329635620117,25.176694869995117,26.630857467651367,28.20501708984375,29.77412223815918,31.1715145111084,32.513797760009766,33.626834869384766,34.37940216064453,34.93584442138672,35.47428512573242,35.982200622558594,36.332908630371094,36.460426330566406
18.355010986328125,17.34754753112793,17.850927352905273,19.41472625732422,19.982927322387695,18.789234161376953,18.260011672973633,18.109243392944336,17.972814559936523,18.01125144958496,18.1168155670166,18.4187068939209,18.991836547851562,19.369659423828125,19.32179069519043,19.0,18.41550064086914,17.6214599609375,17.352054595947266,17.723857879638672,18.389928817749023,18.847675323486328,18.88751220703125,18.855878829956055,19.127275466918945,19.70708465576172,20.912059783935547,22.691377639770508,24.180784225463867,25.275259017944336,26.43779182434082,27.933067321777344,29.449541091918945,30.741561889648438,31.77560043334961,32.62919235229492,33.40549850463867,33.98733139038086,34.404014587402344,34.86024475097656,35.392295837402344,35.781463623046875,35.715599060058594,35.02578353881836
20.170475006103516,20.64259910583496,22.503400802612305,24.624210357666016,25.732175827026367,25.398332595825195,25.35650062561035,24.93821144104004,23.74705696105957,21.71828269958496,19.798734664916992,18.971521377563477,18.771018981933594,18.581310272216797,18.239858627319336,18.127277374267578,18.193490982055664,18.150922775268555,18.50176239013672,18.966617584228516,19.46390151977539,19.83358383178711,20.196332931518555,20.72433853149414,21.42910385131836,22.267637252807617,23.540929794311523,25.014265060424805,26.130327224731445,27.25924301147461,28.582304000854492,30.04389762878418,31.317729949951172,32.1097412109375,32.55613327026367,33.00570297241211,33.52141571044922,34.08319091796875,34.648311614990234,35.055660247802734,34.87153244018555,33.86494827270508,32.296539306640625,30.578052520751953
