data/wind_data/wind_6_3.json
{"header": {"parameterUnit": "KT", "parameterCategory": 2, "nx": 256, "ny": 198, "lo1": 44.73521041870117, "la1": -3.236724853515625, "lo2": 111.26478576660156, "la2": 43.468475341796875, "dx": 0.2609002888202667, "dy": -0.23708222806453705, "refTime": "2025-02-19 06:00:00", "forecastTime": 0, "parameterNumber": 2, "parameterNumberName": "eastward_wind"}, "data":
[rows 76 to 94 of 198, columns 132 to 175 of 256]
-0.9351456165313721,-0.6025338172912598,-1.108993649482727,-1.949886441230774,-2.589515209197998,-3.2026469707489014,-3.3073883056640625,-3.010486602783203,-2.794464349746704,-2.698885679244995,-2.7031123638153076,-2.6145386695861816,-2.3320045471191406,-2.3819429874420166,-3.1476428508758545,-3.8981010913848877,-4.704734802246094,-5.1863112449646,-4.724535942077637,-3.8363609313964844,-3.1419591903686523,-3.1661956310272217,-3.6595137119293213,-4.016608238220215,-4.142100811004639,-4.449366092681885,-5.074804782867432,-5.885656833648682,-6.598060607910156,-7.155852794647217,-7.5682597160339355,-7.557243347167969,-7.168089866638184,-6.594424724578857,-5.811051845550537,-5.018479824066162,-4.322940349578857,-3.6812689304351807,-3.026616334915161,-2.2632863521575928,-1.3774182796478271,-0.48401761054992676,0.06980092823505402,0.12761537730693817
-1.1106469631195068,-1.1590962409973145,-1.4700831174850464,-1.89313805103302,-2.010006904602051,-1.9846148490905762,-1.6374309062957764,-1.7198234796524048,-2.0645101070404053,-2.554647207260132,-2.5594863891601562,-2.3284099102020264,-1.9695731401443481,-1.5147067308425903,-1.872069001197815,-2.4950475692749023,-2.9982287883758545,-3.2445669174194336,-2.955319404602051,-2.4851131439208984,-2.126042366027832,-2.0441811084747314,-2.6559321880340576,-3.2680888175964355,-3.3706815242767334,-3.703953504562378,-4.693880558013916,-5.94189453125,-6.7934136390686035,-7.273096084594727,-7.558053016662598,-7.389108657836914,-6.823938846588135,-6.112555027008057,-5.207402229309082,-4.242964267730713,-3.464890956878662,-2.8982226848602295,-2.3381104469299316,-1.7314202785491943,-1.2346701622009277,-0.7438696026802063,-0.03001817874610424,0.7688418626785278
-0.43276500701904297,-1.034213662147522,-1.1134742498397827,-1.0107972621917725,-0.8158086538314819,-0.5149168968200684,-0.3429768979549408,-0.3819209933280945,-0.8852910399436951,-1.8909353017807007,-2.2613844871520996,-2.0837478637695312,-2.001260757446289,-1.6807053089141846,-1.2825578451156616,-1.3579063415527344,-1.6567188501358032,-1.5851795673370361,-1.3267868757247925,-0.9707227945327759,-0.8175147771835327,-0.8138492107391357,-1.4935719966888428,-2.539677381515503,-2.6836419105529785,-2.880115270614624,-3.9781644344329834,-5.591373443603516,-6.74864387512207,-7.288947582244873,-7.256293773651123,-6.619099140167236,-5.750014781951904,-5.033404350280762,-4.324080467224121,-3.4163119792938232,-2.558795690536499,-2.035658121109009,-1.4769021272659302,-0.7397515177726746,-0.29097163677215576,-0.28193461894989014,-0.19625438749790192,0.35703930258750916
1.1585557460784912,0.14463244378566742,0.49014604091644287,1.011818766593933,1.1205722093582153,0.9551963210105896,0.5702992677688599,0.2809271216392517,0.023603161796927452,-0.675878643989563,-1.521735429763794,-1.6915360689163208,-1.7699179649353027,-1.7889732122421265,-1.2036373615264893,-0.6341817378997803,-0.5092480182647705,-0.20369383692741394,-0.13304999470710754,0.16746236383914948,0.3998095691204071,0.3523283302783966,-0.276798814535141,-1.673482060432434,-2.1012182235717773,-2.099850654602051,-2.939286708831787,-4.4125590324401855,-5.821106910705566,-6.658068656921387,-6.594396114349365,-5.615654468536377,-4.408654689788818,-3.6340596675872803,-3.276609420776367,-2.7679760456085205,-2.047130584716797,-1.5372560024261475,-0.9203062057495117,-0.0009210512507706881,0.7717630863189697,0.8504658341407776,0.4909748435020447,0.3309347927570343
3.4086575508117676,2.3623552322387695,2.7705485820770264,3.3143606185913086,3.1655402183532715,2.458249807357788,1.1156176328659058,0.4837180972099304,0.5208677649497986,0.6536070704460144,0.341035395860672,0.09057987481355667,-0.4178563356399536,-0.24154047667980194,-0.3979054093360901,0.019803758710622787,0.46379509568214417,0.896510899066925,0.8292111158370972,0.7881780862808228,1.2232252359390259,1.2803875207901,0.7264537811279297,-0.5738803148269653,-1.5348950624465942,-1.6387088298797607,-1.9977703094482422,-2.8162131309509277,-3.9701807498931885,-5.1020026206970215,-5.317760944366455,-4.474772930145264,-3.2754945755004883,-2.488576650619507,-2.36445951461792,-2.3111000061035156,-1.9774965047836304,-1.4553664922714233,-0.6351395845413208,0.4157975912094116,1.3262468576431274,1.651775598526001,1.3837411403656006,0.9450012445449829
6.274989128112793,4.879748821258545,4.724856376647949,4.923888206481934,4.746823787689209,3.9537904262542725,1.9721063375473022,0.9007264971733093,1.0129523277282715,1.5120420455932617,2.5724194049835205,3.204310178756714,2.988400936126709,2.965296506881714,1.7565199136734009,1.1625055074691772,1.3483099937438965,1.7816451787948608,1.7601649761199951,1.189670443534851,1.3757522106170654,1.728896975517273,1.2601042985916138,0.42961302399635315,-0.6573030352592468,-1.2138566970825195,-1.2913562059402466,-1.4084892272949219,-1.9647804498672485,-2.8629562854766846,-3.341207504272461,-2.9701976776123047,-2.3375556468963623,-1.8689405918121338,-1.8587366342544556,-1.9843872785568237,-1.9405789375305176,-1.4289318323135376,-0.42866307497024536,0.6597998738288879,1.439619779586792,1.7400875091552734,1.557512879371643,1.3284088373184204
8.85366439819336,7.2790093421936035,6.351412296295166,5.886889457702637,5.563241958618164,5.092053413391113,3.458479642868042,2.2207539081573486,2.0079894065856934,1.8433523178100586,2.873670816421509,4.0952582359313965,5.703508377075195,6.907418251037598,5.950957775115967,3.1461031436920166,2.669501304626465,2.729034900665283,2.5141358375549316,2.0631260871887207,1.5414698123931885,1.6201684474945068,1.3555629253387451,1.0229737758636475,0.32594940066337585,-0.4479876458644867,-0.44312483072280884,-0.3462653160095215,-0.6023086309432983,-1.0972474813461304,-1.3789570331573486,-1.3556797504425049,-1.3857791423797607,-1.4237059354782104,-1.5738717317581177,-1.719627022743225,-1.6753699779510498,-1.0878278017044067,-0.1146436557173729,0.7744138240814209,1.3089486360549927,1.4312121868133545,1.226546049118042,1.1169060468673706
10.04373836517334,8.927576065063477,7.8070244789123535,6.470204830169678,5.78474235534668,5.577958106994629,5.025836944580078,4.225653171539307,3.7125518321990967,2.9062016010284424,2.4422006607055664,3.4162120819091797,5.633172988891602,5.4270758628845215,10.603388786315918,7.228977203369141,4.273027420043945,3.929190158843994,3.3015832901000977,2.851367235183716,2.4747138023376465,1.7442129850387573,1.4369512796401978,1.3916906118392944,1.0091323852539062,0.386315256357193,0.4607947766780853,0.5370268821716309,0.3126194179058075,-0.0006170921842567623,-0.14886395633220673,-0.3425920307636261,-0.6476441621780396,-0.9065110087394714,-1.195536732673645,-1.3723063468933105,-1.2669957876205444,-0.5892598628997803,0.32080817222595215,0.9438999891281128,1.1866382360458374,1.1634736061096191,0.964447021484375,0.9075263738632202
11.287978172302246,10.417593955993652,8.946548461914062,7.117648601531982,5.885217666625977,5.91232967376709,6.338403701782227,6.408527374267578,6.581286907196045,5.72017765045166,4.219903469085693,4.426222801208496,6.257908821105957,7.636548042297363,6.952227592468262,11.656411170959473,6.249261379241943,4.748908042907715,4.3360676765441895,3.4766898155212402,3.0796658992767334,2.1539735794067383,1.677088737487793,1.7506895065307617,1.2966173887252808,0.895467221736908,0.9607706069946289,0.9997047185897827,0.8449485301971436,0.6388049125671387,0.4652004539966583,0.08377387374639511,-0.20764149725437164,-0.35862627625465393,-0.6789594888687134,-0.9228455424308777,-0.7355429530143738,-0.053966447710990906,0.7577158808708191,1.3331334590911865,1.467787504196167,1.4318974018096924,1.2477855682373047,1.0757694244384766
12.324751853942871,11.718833923339844,10.1917085647583,8.276473999023438,6.833202838897705,6.72475528717041,7.427416801452637,8.50173282623291,9.589962005615234,9.204765319824219,8.305449485778809,7.649633884429932,7.963917255401611,8.766626358032227,7.83213996887207,11.687575340270996,8.339506149291992,6.0592732429504395,5.6510210037231445,4.692070484161377,3.72173810005188,2.6386399269104004,1.8106250762939453,1.7590184211730957,1.7251919507980347,1.529718279838562,1.3086038827896118,1.1893301010131836,1.097630262374878,1.0517628192901611,0.8295333385467529,0.2916315495967865,0.13971669971942902,0.26457473635673523,0.05895313620567322,-0.39209863543510437,-0.17834946513175964,0.5765776634216309,1.331709861755371,1.8814723491668701,2.188917398452759,2.312995672225952,2.1347005367279053,1.7477933168411255
12.838996887207031,12.337747573852539,11.046977043151855,9.755231857299805,8.953878402709961,8.576849937438965,8.797161102294922,9.613036155700684,10.322074890136719,10.855663299560547,11.408733367919922,10.741389274597168,9.459867477416992,8.913206100463867,8.559426307678223,10.59262752532959,10.725199699401855,7.999836444854736,7.289854526519775,7.119229793548584,5.680424213409424,3.7649471759796143,2.9030864238739014,2.915597438812256,2.818288564682007,2.8946611881256104,2.4430136680603027,1.774880290031433,1.4809205532073975,1.4697030782699585,1.2152835130691528,0.6238901615142822,0.5997273921966553,0.8870009779930115,0.9111509919166565,0.5622560977935791,0.5696783065795898,1.2114557027816772,2.1386499404907227,2.6474804878234863,3.0639705657958984,3.4549355506896973,3.4543983936309814,2.9752349853515625
13.345163345336914,12.732647895812988,11.354073524475098,10.665639877319336,10.678511619567871,10.691096305847168,11.008932113647461,11.757760047912598,11.711777687072754,11.568170547485352,12.205961227416992,12.21579360961914,10.382237434387207,9.35765266418457,9.141846656799316,9.524463653564453,12.077637672424316,9.420570373535156,8.057053565979004,8.387709617614746,7.138054847717285,4.9634857177734375,4.585958957672119,5.086951732635498,5.147920608520508,5.000356674194336,4.5159525871276855,3.2624735832214355,2.2648372650146484,2.0468521118164062,1.839972734451294,1.351745843887329,1.2792874574661255,1.519270420074463,1.6785210371017456,1.7250763177871704,1.6578058004379272,1.934181571006775,2.876800060272217,3.5622146129608154,3.994563102722168,4.364754676818848,4.569643497467041,4.259579658508301
13.896870613098145,13.14124584197998,11.954034805297852,11.363924026489258,11.33251953125,11.79398250579834,12.752761840820312,14.178296089172363,14.171905517578125,13.240020751953125,13.384212493896484,13.118887901306152,11.456991195678711,9.754964828491211,8.756016731262207,9.33102035522461,12.189568519592285,10.26773452758789,8.549455642700195,7.5139689445495605,6.533510684967041,5.314852237701416,5.681552886962891,6.286137580871582,6.228655815124512,6.310680389404297,6.323627948760986,5.375723838806152,3.928877830505371,3.176131010055542,2.9432172775268555,2.8192062377929688,2.6157736778259277,2.5977718830108643,2.6857142448425293,2.681006669998169,2.5433902740478516,2.7156007289886475,3.568997383117676,4.359466075897217,4.841428756713867,4.985827922821045,5.030378818511963,4.913063049316406
14.173479080200195,13.77734661102295,12.905384063720703,12.12237548828125,11.763448715209961,11.97061538696289,12.914037704467773,13.964605331420898,14.5201416015625,14.316143035888672,14.491856575012207,13.227561950683594,11.351402282714844,10.537738800048828,8.893027305603027,9.715941429138184,11.422904968261719,10.46976375579834,8.736859321594238,7.688268661499023,6.333880424499512,5.392983913421631,6.257523059844971,6.547557353973389,5.990082740783691,6.003983497619629,6.713990211486816,6.94114875793457,5.939324855804443,5.003593444824219,4.713134288787842,4.76935338973999,4.583939075469971,4.45136833190918,4.529576778411865,4.134158611297607,3.4107816219329834,3.3224501609802246,4.245042324066162,5.171474456787109,5.583123683929443,5.55501651763916,5.30204963684082,5.06832218170166
14.596296310424805,14.278251647949219,13.740659713745117,12.959197044372559,12.475971221923828,12.056329727172852,11.96017074584961,13.168784141540527,14.29571533203125,14.924159049987793,14.609614372253418,12.103962898254395,12.144627571105957,10.39517879486084,9.096031188964844,9.510034561157227,10.326589584350586,9.81469440460205,7.730466842651367,9.243149757385254,8.252239227294922,6.230627536773682,6.415118217468262,6.787730693817139,6.194289684295654,6.130305290222168,7.056899070739746,7.981297492980957,7.687134265899658,6.800360679626465,6.385845184326172,6.467233657836914,6.573292255401611,6.73404598236084,6.943210124969482,6.502727031707764,5.082275867462158,4.014568328857422,4.813246250152588,6.023544788360596,6.5030999183654785,6.389967441558838,6.044509410858154,5.679378986358643
14.790104866027832,14.068347930908203,13.458276748657227,12.972521781921387,12.941492080688477,12.75291633605957,12.358550071716309,12.828813552856445,13.545212745666504,13.62260913848877,13.080382347106934,12.252585411071777,11.602243423461914,11.164923667907715,10.101301193237305,9.81196403503418,9.993261337280273,9.341350555419922,9.035820960998535,9.578177452087402,10.347922325134277,8.018949508666992,6.828791618347168,6.60634708404541,6.52589225769043,7.086887836456299,8.093291282653809,9.106233596801758,9.35294246673584,8.439443588256836,7.6663126945495605,7.744853496551514,8.194010734558105,8.78284740447998,9.053627967834473,8.489320755004883,6.994565010070801,5.231893539428711,5.327909469604492,6.680322170257568,7.499409198760986,7.515014171600342,7.1969709396362305,6.8427557945251465
15.71884822845459,14.602922439575195,13.47464656829834,12.763592720031738,12.79326057434082,12.973979949951172,13.062253952026367,12.813455581665039,12.66623306274414,12.011667251586914,11.002256393432617,10.292937278747559,11.345396995544434,12.80569839477539,11.062826156616211,10.2861967086792,9.90762996673584,8.777055740356445,8.508773803710938,10.055635452270508,10.752376556396484,9.812070846557617,7.770273685455322,6.191110134124756,6.234635353088379,7.762485980987549,9.46407413482666,10.480725288391113,10.982766151428223,10.217284202575684,8.658608436584473,8.131803512573242,8.676905632019043,9.423604011535645,9.903265953063965,9.507434844970703,8.359423637390137,6.7899088859558105,6.279042720794678,7.2206010818481445,8.219879150390625,8.53734302520752,8.217281341552734,7.639422416687012
17.826427459716797,16.163713455200195,14.179340362548828,12.785175323486328,12.594419479370117,12.860468864440918,12.958491325378418,12.628137588500977,11.710657119750977,10.319369316101074,9.015207290649414,8.455787658691406,10.197672843933105,13.414138793945312,11.726592063903809,10.59807300567627,9.895004272460938,9.072308540344238,9.038206100463867,9.872476577758789,10.436444282531738,10.234768867492676,8.82959270477295,7.1563262939453125,7.360333442687988,9.107237815856934,10.67276668548584,11.168098449707031,11.040106773376465,10.87026596069336,10.012320518493652,8.927713394165039,8.537653923034668,8.830182075500488,9.335980415344238,9.663483619689941,9.46517562866211,8.490767478942871,7.5449113845825195,7.696536064147949,8.563399314880371,9.157064437866211,8.853528022766113,8.13101577758789
18.917322158813477,16.596349716186523,14.40636920928955,13.12932300567627,12.984859466552734,13.184184074401855,13.224467277526855,12.533349990844727,11.067670822143555,9.288148880004883,8.277457237243652,8.819769859313965,10.915637969970703,12.352293014526367,11.585134506225586,10.838088989257812,9.931431770324707,9.455618858337402,9.613157272338867,10.076766014099121,10.447697639465332,10.485076904296875,9.609654426574707,8.955682754516602,9.935169219970703,11.096179008483887,11.401259422302246,10.8427095413208,9.540119171142578,9.213883399963379,9.556379318237305,8.471478462219238,8.697385787963867,9.223790168762207,9.501630783081055,9.834968566894531,10.194344520568848,10.019271850585938,9.02962875366211,8.236172676086426,8.558465957641602,9.293219566345215,9.238901138305664,8.80128002166748
