data/wind_data/wind_16_6.json
{"header": {"parameterUnit": "KT", "parameterCategory": 2, "nx": 256, "ny": 198, "lo1": 44.73521041870117, "la1": -3.236724853515625, "lo2": 111.26478576660156, "la2": 43.468475341796875, "dx": 0.2609002888202667, "dy": -0.23708222806453705, "refTime": "2025-02-19 16:00:00", "forecastTime": 0, "parameterNumber": 2, "parameterNumberName": "eastward_wind"}, "data":
[rows 100 to 119 of 198, columns 0 to 43 of 256]
85.23524475097656,85.44561004638672,85.42236328125,84.72760009765625,84.01701354980469,84.29950714111328,85.05730438232422,85.6003646850586,85.89002227783203,85.96150970458984,85.91636657714844,85.84941101074219,85.82874298095703,85.94719696044922,86.15912628173828,86.29320526123047,86.22451782226562,86.04248046875,85.9931869506836,86.13351440429688,86.23470306396484,86.12593078613281,86.00907135009766,86.12259674072266,86.40967559814453,86.55765533447266,86.2809066772461,85.71910858154297,85.31074523925781,85.25141906738281,85.2422866821289,84.9959716796875,84.6760025024414,84.6518325805664,84.93209838867188,85.07990264892578,84.93460083007812,84.86355590820312,84.94427490234375,85.06745147705078,85.4808349609375,86.35263061523438,87.453125,88.47808837890625
87.87554931640625,87.72467041015625,87.44204711914062,86.62252807617188,85.80905151367188,86.06822967529297,86.77413940429688,87.17281341552734,87.3544692993164,87.33250427246094,87.2365951538086,87.27529907226562,87.40679931640625,87.52580261230469,87.55548095703125,87.44895935058594,87.19635009765625,86.86383819580078,86.66996765136719,86.77210998535156,86.99630737304688,87.1470947265625,87.26500701904297,87.46698760986328,87.62390899658203,87.48131561279297,86.95669555664062,86.32274627685547,85.96289825439453,85.95895385742188,86.01878356933594,85.83683013916016,85.4688949584961,85.31951904296875,85.51660919189453,85.68126678466797,85.65068817138672,85.69352722167969,85.90586853027344,86.20555114746094,86.7027816772461,87.47923278808594,88.44825744628906,89.44200134277344
91.14354705810547,90.65036010742188,90.03924560546875,89.06880187988281,88.25302124023438,88.39310455322266,88.878662109375,88.9330825805664,88.82244110107422,88.74754333496094,88.7625961303711,88.99805450439453,89.30532836914062,89.38191223144531,89.22755432128906,88.95466613769531,88.55984497070312,88.12185668945312,87.80484771728516,87.6864013671875,87.73448944091797,87.900634765625,88.1867446899414,88.47069549560547,88.48714447021484,88.1386489868164,87.60138702392578,87.07965850830078,86.74298095703125,86.62052154541016,86.58642578125,86.45065307617188,86.12271881103516,85.82820129394531,85.782958984375,85.83380889892578,85.8377914428711,85.93653106689453,86.27133178710938,86.80087280273438,87.41986846923828,88.1334457397461,89.00686645507812,89.94058990478516
93.48283386230469,92.96257781982422,92.21844482421875,91.24295806884766,90.39403533935547,90.30953979492188,90.54962921142578,90.31230926513672,89.9747085571289,90.01604461669922,90.28179931640625,90.62467193603516,90.88200378417969,90.80496215820312,90.47454833984375,90.02459716796875,89.48531341552734,88.95571899414062,88.51036834716797,88.11917114257812,87.88512420654297,87.95670318603516,88.3213882446289,88.63429260253906,88.58753204345703,88.26622772216797,87.85572052001953,87.40352630615234,86.98894500732422,86.67179107666016,86.4503173828125,86.2744369506836,86.00321197509766,85.65050506591797,85.41541290283203,85.38722229003906,85.49942016601562,85.73328399658203,86.22053527832031,86.9775161743164,87.87190246582031,88.78907012939453,89.81179809570312,90.86494445800781
94.6908950805664,94.34081268310547,93.88848114013672,93.32840728759766,92.46676635742188,92.06846618652344,92.05638122558594,91.77022552490234,91.48387145996094,91.64398956298828,91.92369842529297,92.0316162109375,91.9837646484375,91.69644927978516,91.18489074707031,90.48511505126953,89.6900405883789,89.0774154663086,88.66331481933594,88.28877258300781,87.98733520507812,87.91209411621094,88.11572265625,88.34075164794922,88.30430603027344,88.07280731201172,87.71333312988281,87.23162841796875,86.75374603271484,86.36210632324219,86.06266021728516,85.84396362304688,85.65840911865234,85.46919250488281,85.35393524169922,85.42500305175781,85.68910217285156,86.12179565429688,86.81188201904297,87.76734924316406,88.9255599975586,90.10078430175781,91.39862060546875,92.8044662475586
95.69186401367188,95.51530456542969,95.2859115600586,94.8614273071289,93.92106628417969,93.30618286132812,93.13070678710938,92.83391571044922,92.63081359863281,92.7546615600586,92.78164672851562,92.49899291992188,92.09725189208984,91.6114273071289,90.97230529785156,90.16873931884766,89.4339370727539,88.98303985595703,88.65180206298828,88.26382446289062,87.87677001953125,87.64566040039062,87.69511413574219,87.80853271484375,87.75267028808594,87.64968872070312,87.50686645507812,87.2603530883789,86.99622344970703,86.7631607055664,86.54084014892578,86.34333801269531,86.22783660888672,86.19415283203125,86.22198486328125,86.35613250732422,86.67353057861328,87.21443176269531,88.0003662109375,89.0251235961914,90.21598815917969,91.39706420898438,92.87055969238281,94.46791076660156
96.64153289794922,96.52806091308594,96.1707763671875,95.33477020263672,94.06446075439453,93.08184814453125,92.65682983398438,92.43688201904297,92.45460510253906,92.60076904296875,92.48820495605469,92.0493392944336,91.5604476928711,91.10546875,90.53362274169922,89.92274475097656,89.48574829101562,89.17613220214844,88.7558822631836,88.23606872558594,87.68506622314453,87.25550079345703,87.09563446044922,87.0772705078125,87.08531951904297,87.25230407714844,87.45344543457031,87.50984191894531,87.449951171875,87.32390594482422,87.19403839111328,87.10567474365234,87.08295440673828,87.10628509521484,87.16438293457031,87.3216781616211,87.64726257324219,88.16634368896484,88.8470458984375,89.71751403808594,90.72217559814453,91.73564910888672,93.17781829833984,94.70797729492188
97.21216583251953,97.3350601196289,96.7959213256836,95.51277160644531,93.88261413574219,92.54976654052734,92.00773620605469,92.07565307617188,92.37260437011719,92.39552307128906,92.08840942382812,91.79035186767578,91.73555755615234,91.70132446289062,91.38323974609375,90.91421508789062,90.47016143798828,89.93260192871094,89.25935363769531,88.56592559814453,87.98252868652344,87.43154907226562,87.02742004394531,86.91020965576172,86.98778533935547,87.21284484863281,87.40614318847656,87.44384002685547,87.41883850097656,87.37515258789062,87.2901840209961,87.16477966308594,87.0553207397461,87.04377746582031,87.18352508544922,87.46927642822266,87.83958435058594,88.28089141845703,88.78699493408203,89.4458236694336,90.25096130371094,91.07266998291016,92.43721771240234,93.87845611572266
97.31201934814453,97.78814697265625,97.16707611083984,95.5334243774414,93.68172454833984,92.28994750976562,92.0617904663086,92.58926391601562,93.02287292480469,92.89092254638672,92.51763916015625,92.4374008178711,92.70797729492188,92.952880859375,92.8725814819336,92.42416381835938,91.68094635009766,90.78428649902344,89.99633026123047,89.4955825805664,88.98406219482422,88.2702407836914,87.84638977050781,87.85211944580078,87.82426452636719,87.7031478881836,87.54756927490234,87.3546371459961,87.2159423828125,87.10848236083984,86.99475860595703,86.88873291015625,86.8526382446289,86.94731903076172,87.19795989990234,87.56446075439453,87.96160125732422,88.34510040283203,88.72380065917969,89.21418762207031,89.83928680419922,90.50399780273438,91.80001831054688,93.33583068847656
97.03697967529297,97.53170776367188,96.93419647216797,95.21988677978516,93.36968994140625,92.16340637207031,92.35585021972656,93.20072174072266,93.79492950439453,93.8853988647461,93.79452514648438,93.89015197753906,94.14414978027344,94.36708068847656,94.32565307617188,93.83790588378906,93.00953674316406,92.1871109008789,91.73812866210938,91.49073028564453,90.87393188476562,90.12327575683594,89.75346374511719,89.55473327636719,89.23955535888672,88.89753723144531,88.48529052734375,87.94962310791016,87.4805679321289,87.2159194946289,87.1306381225586,87.14234924316406,87.22734069824219,87.44474029541016,87.85797119140625,88.42606353759766,89.0042495727539,89.46644592285156,89.80989074707031,90.1526107788086,90.5470962524414,90.9356689453125,91.95619201660156,93.51404571533203
96.48416137695312,96.71385192871094,96.11479949951172,94.34381103515625,92.65814971923828,91.9561538696289,92.61991882324219,93.60077667236328,94.22948455810547,94.39225006103516,94.43755340576172,94.69070434570312,94.9992446899414,95.10792541503906,94.9339599609375,94.48534393310547,93.90240478515625,93.42355346679688,93.3023681640625,93.07186126708984,92.32855224609375,91.6465835571289,91.20716094970703,90.87419891357422,90.8113784790039,90.69319152832031,90.12712860107422,89.36701965332031,88.74989318847656,88.33574676513672,88.03839874267578,87.81871795654297,87.75537109375,87.9786148071289,88.55783081054688,89.38233184814453,90.19926452636719,90.79083251953125,91.11284637451172,91.34245300292969,91.56051635742188,91.73313903808594,92.5118179321289,93.79170989990234
95.53839111328125,95.10050964355469,94.29264831542969,92.56639862060547,91.27801513671875,91.21453857421875,92.41920471191406,93.81906127929688,94.39535522460938,94.3428726196289,94.40213012695312,94.77035522460938,95.10589599609375,95.16202545166016,94.91288757324219,94.44489288330078,93.85979461669922,93.52715301513672,93.6888656616211,93.60501098632812,92.99109649658203,92.47634887695312,92.16305541992188,91.98747253417969,92.15130615234375,92.3077392578125,91.92855072021484,91.12531280517578,90.33956146240234,89.69700622558594,89.16905212402344,88.75116729736328,88.52019500732422,88.56135559082031,88.94403076171875,89.61241912841797,90.36209869384766,90.95264434814453,91.28788757324219,91.5465316772461,91.77958679199219,92.02149200439453,92.79879760742188,93.79528045654297
93.89612579345703,92.373046875,91.3244857788086,90.5389404296875,90.09124755859375,90.51264953613281,92.10887145996094,93.52334594726562,93.77281951904297,93.58322143554688,93.84150695800781,94.40218353271484,94.85383605957031,94.9557876586914,94.60713958740234,93.88662719726562,93.16252899169922,92.9865951538086,93.34871673583984,93.4389419555664,93.07587432861328,92.81346893310547,92.76019287109375,92.84046173095703,93.05767059326172,93.21834564208984,93.03031921386719,92.43125915527344,91.58615112304688,90.7125015258789,90.01887512207031,89.55115509033203,89.25724029541016,89.15921020507812,89.35161590576172,89.82666015625,90.42855072021484,90.95703887939453,91.34513092041016,91.73931121826172,92.08844757080078,92.51342010498047,93.34663391113281,94.10202026367188
92.12799072265625,89.9840087890625,89.09059143066406,89.3984375,89.4771728515625,90.06622314453125,91.552978515625,92.48075103759766,92.39340209960938,92.35831451416016,92.95791625976562,93.75462341308594,94.2492446899414,94.18761444091797,93.5703353881836,92.70930480957031,92.11117553710938,92.21118927001953,92.7897720336914,93.07481384277344,92.91697692871094,92.75263214111328,92.73980712890625,92.88777160644531,93.16786193847656,93.38849639892578,93.22085571289062,92.65330505371094,91.91441345214844,91.22186279296875,90.61946105957031,90.15485382080078,89.88536071777344,89.88490295410156,90.16270446777344,90.63246154785156,91.18244934082031,91.6913070678711,92.15365600585938,92.71344757080078,93.26170349121094,93.89739227294922,94.75216674804688,95.21143341064453
90.63279724121094,89.51954650878906,89.26686096191406,89.62802124023438,89.70018005371094,90.17524719238281,91.04115295410156,91.17760467529297,90.82186126708984,91.09564208984375,91.97823333740234,92.76331329345703,93.03765869140625,92.71153259277344,92.05834197998047,91.51515197753906,91.30935668945312,91.64310455322266,92.38565063476562,92.73161315917969,92.51152801513672,92.33234405517578,92.427734375,92.79356384277344,93.3206558227539,93.67628479003906,93.53575897216797,92.92340850830078,92.18488311767578,91.6134262084961,91.24010467529297,91.00686645507812,90.94245910644531,91.08818054199219,91.404052734375,91.82371520996094,92.3172378540039,92.81292724609375,93.2918701171875,93.9022445678711,94.56422424316406,95.29105377197266,96.07373809814453,96.43744659423828
89.7695083618164,89.85951232910156,90.20068359375,90.2870864868164,90.3858871459961,90.6530990600586,90.93572235107422,90.71316528320312,90.44076538085938,90.87812042236328,91.89082336425781,92.5757827758789,92.5145263671875,92.06478118896484,91.73970031738281,91.63179779052734,91.60488891601562,92.00202941894531,92.77049255371094,93.25675964355469,93.24933624267578,93.15324401855469,93.21591186523438,93.60775756835938,94.1488037109375,94.33544158935547,93.99918365478516,93.41595458984375,92.8540267944336,92.42357635498047,92.14590454101562,92.0350570678711,92.11376190185547,92.35340881347656,92.68196868896484,93.08407592773438,93.52403259277344,93.88087463378906,94.1905288696289,94.68590545654297,95.32276916503906,96.01814270019531,96.73347473144531,97.1637954711914
90.87179565429688,90.85932159423828,91.09062194824219,91.1786880493164,91.59850311279297,91.84514617919922,91.89600372314453,91.76023864746094,91.71046447753906,92.38877868652344,93.41748809814453,93.63053894042969,93.23387145996094,92.95817565917969,92.7804946899414,92.54309844970703,92.47906494140625,93.09610748291016,94.07633972167969,94.92469024658203,94.99304962158203,94.45820617675781,94.37396240234375,95.06713104248047,95.7397689819336,95.67865753173828,95.09376525878906,94.46908569335938,93.97114562988281,93.59253692626953,93.32588958740234,93.20570373535156,93.2738037109375,93.4952163696289,93.82987213134766,94.28485107421875,94.723876953125,94.95144653320312,95.07852935791016,95.34725189208984,95.73836517333984,96.20519256591797,96.7547378540039,97.1709976196289
93.22537994384766,92.55738067626953,92.41371154785156,92.55670928955078,93.20384979248047,93.48426818847656,93.49046325683594,93.38816833496094,93.62539672851562,94.50545501708984,95.3023681640625,95.22232818603516,94.7673568725586,94.64067840576172,94.39490509033203,94.03282165527344,93.94103240966797,94.46475982666016,95.47708892822266,96.55403900146484,96.91606903076172,96.49152374267578,96.01414489746094,96.19316864013672,96.49505615234375,96.40621948242188,96.01040649414062,95.55142211914062,95.15248107910156,94.84869384765625,94.61858367919922,94.51554870605469,94.58734893798828,94.78837585449219,95.09381103515625,95.48699188232422,95.81586456298828,95.96721649169922,95.9990463256836,96.04108428955078,96.1891860961914,96.43602752685547,96.71194458007812,96.8881607055664
95.36078643798828,94.58753967285156,94.4510269165039,94.65672302246094,95.3148422241211,95.62094116210938,95.55192565917969,95.4412612915039,95.68928527832031,96.47281646728516,97.24712371826172,97.54558563232422,97.32275390625,96.66278839111328,96.0869140625,96.12693786621094,96.218017578125,96.30567932128906,96.9537582397461,98.10041809082031,98.81744384765625,98.80747985839844,98.41985321044922,98.14910125732422,98.07205200195312,98.01246643066406,97.86801147460938,97.5931396484375,97.2249984741211,96.82156372070312,96.44487762451172,96.21662902832031,96.13671875,96.14766693115234,96.26952362060547,96.4753189086914,96.60952758789062,96.64794921875,96.62921142578125,96.65472412109375,96.80374908447266,96.9298095703125,96.93216705322266,96.81193542480469
97.49150085449219,96.85873413085938,96.92916107177734,97.24417114257812,97.77047729492188,98.06224060058594,98.03092956542969,97.89954376220703,98.09078216552734,98.77954864501953,99.24512481689453,99.64710998535156,99.87506103515625,99.66527557373047,99.20372009277344,98.76737976074219,98.45809936523438,98.57969665527344,99.13253021240234,99.87806701660156,100.5189208984375,100.80433654785156,100.70694732666016,100.44861602783203,100.1961441040039,99.9831314086914,99.7631607055664,99.46432495117188,99.09609985351562,98.64276123046875,98.16307830810547,97.75255584716797,97.40067291259766,97.22801208496094,97.25932312011719,97.3080825805664,97.18907928466797,97.01891326904297,96.97352600097656,97.04075622558594,97.12039947509766,97.09933471679688,96.93573760986328,96.60565948486328
