data/wind_data/wind_63_9.json
{"header": {"parameterUnit": "KT", "parameterCategory": 2, "nx": 256, "ny": 198, "lo1": 44.73521041870117, "la1": -3.236724853515625, "lo2": 111.26478576660156, "la2": 43.468475341796875, "dx": 0.2609002888202667, "dy": -0.23708222806453705, "refTime": "2025-02-21 15:00:00", "forecastTime": 0, "parameterNumber": 2, "parameterNumberName": "eastward_wind"}, "data":
[rows 171 to 189 of 198, columns 129 to 171 of 256]
20.484968185424805,21.194538116455078,22.142131805419922,22.617107391357422,22.116344451904297,21.067821502685547,20.424753189086914,20.496004104614258,20.88747787475586,21.153270721435547,20.932588577270508,20.104917526245117,19.051860809326172,18.308801651000977,18.0700740814209,18.042604446411133,17.9992733001709,18.248340606689453,19.017372131347656,19.996543884277344,20.65250015258789,20.80900764465332,20.749534606933594,20.605567932128906,20.41256332397461,20.563682556152344,20.81129264831543,20.2525577545166,18.76074981689453,16.946989059448242,15.464426040649414,14.712384223937988,14.801409721374512,15.483528137207031,16.006635665893555,15.563284873962402,14.010151863098145,12.57712173461914,12.358135223388672,12.52519416809082,11.682883262634277,10.578686714172363,10.478822708129883
21.37189483642578,21.9867000579834,22.70816993713379,23.0705509185791,22.617643356323242,21.64889907836914,20.986661911010742,20.98260498046875,21.413156509399414,21.830739974975586,21.74309539794922,21.11180877685547,20.231216430664062,19.49688720703125,19.112777709960938,18.859148025512695,18.47381019592285,18.29768180847168,18.859521865844727,20.01169776916504,20.952735900878906,21.254589080810547,21.263635635375977,21.280088424682617,21.20306396484375,21.287261962890625,21.511186599731445,21.091533660888672,19.684968948364258,17.805477142333984,16.068593978881836,14.834205627441406,14.33199405670166,14.839771270751953,15.95617961883545,16.203203201293945,14.82829761505127,12.853775978088379,12.146424293518066,12.97729206085205,13.647849082946777,13.086138725280762,12.222681999206543
21.23301887512207,22.088184356689453,22.859331130981445,23.112638473510742,22.624723434448242,21.83969497680664,21.396696090698242,21.49394989013672,21.969343185424805,22.432031631469727,22.48597526550293,22.05322265625,21.262311935424805,20.426433563232422,19.71839141845703,19.06472396850586,18.404476165771484,18.046281814575195,18.597827911376953,19.956491470336914,21.14736557006836,21.607013702392578,21.69564437866211,21.913122177124023,22.042268753051758,21.96965789794922,21.841236114501953,21.39166831970215,20.234798431396484,18.618528366088867,16.992830276489258,15.663788795471191,14.823397636413574,14.796710014343262,15.697394371032715,16.458179473876953,15.80813217163086,13.836545944213867,12.184402465820312,12.236621856689453,13.435770988464355,14.181344985961914,14.0767240524292
20.43571662902832,21.65656852722168,22.648151397705078,22.876428604125977,22.321718215942383,21.60443115234375,21.371156692504883,21.610076904296875,22.11531639099121,22.711149215698242,23.041276931762695,22.81232261657715,21.977022171020508,20.918617248535156,19.939865112304688,19.047677993774414,18.395551681518555,18.201231002807617,18.71185302734375,19.89314079284668,21.058029174804688,21.71852684020996,22.10076141357422,22.48928451538086,22.719127655029297,22.521265029907227,21.95577049255371,21.23116111755371,20.228605270385742,18.94834327697754,17.75988006591797,16.715965270996094,15.811734199523926,15.20576286315918,15.426127433776855,16.220422744750977,16.343568801879883,15.02389907836914,13.06334400177002,11.854180335998535,12.043878555297852,13.17389965057373,14.341381072998047
20.136693954467773,21.31060791015625,22.26695442199707,22.49582290649414,22.07625961303711,21.476194381713867,21.225011825561523,21.39731216430664,21.8855037689209,22.633846282958984,23.276348114013672,23.231096267700195,22.33523941040039,21.082843780517578,20.06089210510254,19.40912437438965,19.16550064086914,19.122835159301758,19.19392967224121,19.721473693847656,20.65602684020996,21.579912185668945,22.325584411621094,22.868295669555664,23.15789794921875,22.924158096313477,22.113300323486328,21.101945877075195,20.059574127197266,18.961475372314453,18.085887908935547,17.399658203125,16.647884368896484,15.842635154724121,15.628423690795898,16.00826072692871,16.139291763305664,15.457952499389648,14.063398361206055,12.545775413513184,11.751018524169922,11.985062599182129,13.152438163757324
20.547069549560547,21.571495056152344,22.37930679321289,22.487272262573242,22.106504440307617,21.56787872314453,21.18751335144043,21.211204528808594,21.649988174438477,22.45876693725586,23.231136322021484,23.189245223999023,22.211894989013672,21.010116577148438,20.306167602539062,20.269062042236328,20.52269172668457,20.36997413635254,19.8082275390625,19.593236923217773,20.248369216918945,21.273176193237305,22.126249313354492,22.78730583190918,23.285783767700195,23.271385192871094,22.5071964263916,21.331850051879883,20.148874282836914,19.059175491333008,18.243457794189453,17.69280433654785,17.053760528564453,16.324251174926758,16.117650985717773,16.382844924926758,16.220935821533203,15.40636920928955,14.307883262634277,13.24272632598877,12.490649223327637,12.213208198547363,12.576950073242188
20.964277267456055,21.887195587158203,22.613941192626953,22.53809356689453,21.99276351928711,21.416912078857422,21.02556037902832,21.04875946044922,21.56094741821289,22.440109252929688,23.217382431030273,23.07284927368164,21.996994018554688,20.933246612548828,20.65234375,21.033233642578125,21.41175651550293,21.076608657836914,20.186668395996094,19.648183822631836,20.068580627441406,20.950428009033203,21.663179397583008,22.277706146240234,23.00245475769043,23.44853401184082,23.106658935546875,22.04021453857422,20.72311019897461,19.459318161010742,18.455739974975586,17.856901168823242,17.393840789794922,16.836395263671875,16.615144729614258,16.80632972717285,16.682580947875977,15.767257690429688,14.561054229736328,13.658787727355957,13.107189178466797,12.942389488220215,13.147415161132812
21.51270866394043,21.913190841674805,22.291126251220703,21.983352661132812,21.300445556640625,20.851436614990234,20.720508575439453,20.89061737060547,21.615074157714844,22.761592864990234,23.484867095947266,23.06960105895996,21.910846710205078,21.01728057861328,20.93460464477539,21.27712059020996,21.41734504699707,20.97873878479004,20.200597763061523,19.768962860107422,20.117284774780273,20.788028717041016,21.24883270263672,21.681678771972656,22.465909957885742,23.244762420654297,23.462995529174805,22.92213249206543,21.74845314025879,20.353151321411133,19.079620361328125,18.262083053588867,17.847129821777344,17.448280334472656,17.018272399902344,16.743837356567383,16.421051025390625,15.766063690185547,14.848226547241211,14.067505836486816,13.654187202453613,13.649893760681152,13.853975296020508
22.814895629882812,22.196136474609375,21.70256805419922,21.062196731567383,20.45189666748047,20.334575653076172,20.656524658203125,21.149349212646484,22.082378387451172,23.306608200073242,23.870346069335938,23.218162536621094,21.948081970214844,21.008590698242188,20.79953384399414,20.961048126220703,21.012414932250977,20.74413299560547,20.22447967529297,19.886688232421875,20.11703109741211,20.656238555908203,21.008182525634766,21.33783531188965,21.97062110900879,22.717439651489258,23.247772216796875,23.311080932617188,22.772815704345703,21.72365379333496,20.447307586669922,19.266407012939453,18.304710388183594,17.4735164642334,16.6795711517334,15.990962028503418,15.286568641662598,14.539193153381348,13.951347351074219,13.818312644958496,14.067039489746094,14.236912727355957,13.993783950805664
24.533893585205078,23.205894470214844,21.865955352783203,20.80843162536621,20.214284896850586,20.32615852355957,21.03708267211914,21.935897827148438,22.941986083984375,23.870145797729492,24.128334045410156,23.49291229248047,22.364564895629883,21.262720108032227,20.553449630737305,20.37869644165039,20.5731143951416,20.654857635498047,20.377241134643555,19.983688354492188,19.951921463012695,20.367704391479492,20.848360061645508,21.241785049438477,21.715652465820312,22.217775344848633,22.68553924560547,23.07684898376465,23.21826934814453,22.839162826538086,21.777507781982422,20.176570892333984,18.311941146850586,16.58939552307129,15.241222381591797,14.1930513381958,13.260172843933105,12.514171600341797,12.273433685302734,12.652887344360352,13.306802749633789,13.633027076721191,13.33259105682373
25.807857513427734,24.60546875,23.144073486328125,21.73053741455078,20.79605484008789,20.84345245361328,21.75393295288086,22.898571014404297,23.84565544128418,24.417129516601562,24.43445587158203,23.92365264892578,23.09990882873535,22.07513427734375,21.008777618408203,20.299182891845703,20.276445388793945,20.502241134643555,20.362516403198242,19.958276748657227,19.80858612060547,20.106061935424805,20.7078800201416,21.302295684814453,21.696809768676758,21.91246795654297,22.13626480102539,22.50082778930664,22.84263801574707,22.74703025817871,21.80864906311035,19.941728591918945,17.4407958984375,14.948664665222168,13.050179481506348,11.79902172088623,11.083152770996094,10.892111778259277,11.061591148376465,11.326252937316895,11.658555030822754,12.042348861694336,12.295204162597656
26.634937286376953,25.92193603515625,24.76385498046875,23.228683471679688,21.991851806640625,21.810466766357422,22.6431827545166,23.804447174072266,24.674407958984375,25.012365341186523,24.877683639526367,24.479795455932617,23.970903396606445,23.264406204223633,22.2303524017334,21.091636657714844,20.325359344482422,20.181751251220703,20.149656295776367,19.920087814331055,19.795713424682617,20.0373477935791,20.6475887298584,21.35110092163086,21.70340347290039,21.671016693115234,21.601451873779297,21.584285736083984,21.485565185546875,20.977787017822266,19.763750076293945,17.80626106262207,15.411144256591797,12.986928939819336,11.084076881408691,9.993138313293457,9.625144958496094,9.617965698242188,9.740296363830566,9.985931396484375,10.467309951782227,11.151625633239746,11.832213401794434
27.235193252563477,26.99852752685547,25.990459442138672,24.4947509765625,23.38249969482422,23.25571060180664,23.916118621826172,24.847795486450195,25.53287124633789,25.707212448120117,25.491914749145508,25.2048397064209,24.87824249267578,24.2504940032959,23.24478530883789,22.061513900756836,20.82435417175293,19.9971981048584,19.82550048828125,19.886089324951172,19.949939727783203,20.163976669311523,20.6313533782959,21.14788818359375,21.38605308532715,21.2596492767334,20.82805061340332,20.136043548583984,19.122386932373047,17.638761520385742,15.816444396972656,13.961700439453125,12.273365020751953,10.764952659606934,9.538033485412598,8.741449356079102,8.23992919921875,7.969552040100098,8.136821746826172,8.756635665893555,9.602866172790527,10.44139575958252,11.181185722351074
27.42729377746582,27.779611587524414,27.03756332397461,25.627506256103516,24.68903160095215,24.797117233276367,25.512910842895508,26.213581085205078,26.582605361938477,26.600841522216797,26.388864517211914,26.104164123535156,25.638845443725586,24.751312255859375,23.638782501220703,22.645200729370117,21.519533157348633,20.280502319335938,19.66572380065918,19.708776473999023,19.919466018676758,20.146907806396484,20.41130256652832,20.715627670288086,20.872716903686523,20.565444946289062,19.582996368408203,17.986696243286133,15.834333419799805,13.380460739135742,11.269468307495117,9.900581359863281,8.995407104492188,8.295920372009277,7.705528736114502,7.1320366859436035,6.672009468078613,6.654019832611084,7.174447536468506,8.03336238861084,8.99842357635498,9.815984725952148,10.256646156311035
27.294097900390625,28.297422409057617,28.115631103515625,27.081937789916992,26.246994018554688,26.300691604614258,27.015634536743164,27.71554183959961,27.89253807067871,27.663278579711914,27.349693298339844,26.86812400817871,25.997276306152344,24.87370491027832,23.786436080932617,22.87980079650879,21.94033432006836,20.75767707824707,19.77423667907715,19.357959747314453,19.355257034301758,19.575119018554688,19.900178909301758,20.26171112060547,20.3503360748291,19.671791076660156,17.967418670654297,15.34026050567627,12.206916809082031,9.451128005981445,7.793447494506836,7.034862995147705,6.4956583976745605,5.908337593078613,5.519745349884033,5.531484127044678,5.903506755828857,6.376243591308594,7.016286849975586,7.944617748260498,8.975249290466309,9.813516616821289,10.078996658325195
27.015737533569336,28.64701271057129,29.10340118408203,28.568620681762695,28.115177154541016,28.282154083251953,28.791366577148438,29.144481658935547,29.10637092590332,28.74359893798828,28.18032455444336,27.329219818115234,26.265336990356445,25.284578323364258,24.37013053894043,23.316051483154297,22.199302673339844,21.082883834838867,19.928430557250977,19.00459861755371,18.62637710571289,18.88762855529785,19.521284103393555,19.998676300048828,19.88534164428711,18.696367263793945,16.255556106567383,12.96036434173584,9.725500106811523,7.569479942321777,6.671483516693115,6.281829833984375,5.790250778198242,5.408164024353027,5.632993221282959,6.299045562744141,6.65236759185791,6.608889102935791,7.0748291015625,8.044514656066895,8.978252410888672,9.678874015808105,9.809081077575684
27.062341690063477,28.571481704711914,29.694290161132812,30.050458908081055,30.086986541748047,30.38395118713379,30.901859283447266,30.924318313598633,30.223264694213867,29.2170467376709,28.143613815307617,27.138103485107422,26.427776336669922,25.90566062927246,25.07333755493164,23.63161277770996,22.10979461669922,20.972721099853516,19.959918975830078,19.039302825927734,18.610754013061523,18.908742904663086,19.52484130859375,19.708696365356445,18.942472457885742,17.082229614257812,14.265280723571777,11.144618034362793,8.818655967712402,7.956611633300781,8.127849578857422,8.332345008850098,8.297826766967773,8.43829345703125,8.823431015014648,8.950984001159668,8.344446182250977,7.647225379943848,7.739136219024658,8.08304214477539,8.090736389160156,7.866002082824707,7.30511474609375
28.354211807250977,28.82651138305664,29.94597053527832,31.18849754333496,31.87240219116211,32.28230285644531,32.856597900390625,32.63471221923828,31.07767105102539,29.25728416442871,27.945764541625977,27.189517974853516,26.8791446685791,26.555952072143555,25.68931007385254,24.126062393188477,22.3597412109375,20.946252822875977,19.941801071166992,19.38115692138672,19.24383544921875,19.42977523803711,19.61484146118164,19.135480880737305,17.653907775878906,15.494376182556152,12.995351791381836,10.738618850708008,9.598835945129395,9.744485855102539,10.479975700378418,11.120715141296387,11.749381065368652,12.546947479248047,12.9901704788208,12.462868690490723,11.122723579406738,9.794201850891113,8.757418632507324,7.658595561981201,6.244753360748291,4.753532886505127,3.4809069633483887
31.090839385986328,30.80523109436035,30.938499450683594,31.82269859313965,32.64068603515625,33.4078483581543,34.299198150634766,33.87908935546875,31.534826278686523,29.05010223388672,27.753849029541016,27.18637466430664,26.766321182250977,26.2778263092041,25.3417911529541,23.71901512145996,21.731225967407227,20.05681037902832,19.21674346923828,19.27766990661621,19.688310623168945,19.870744705200195,19.587871551513672,18.53451156616211,16.76590919494629,14.949592590332031,13.30631160736084,11.878499984741211,11.187487602233887,11.535171508789062,12.42421817779541,13.244782447814941,14.128347396850586,15.245565414428711,15.921839714050293,15.344133377075195,13.791041374206543,11.891477584838867,9.597064971923828,7.077228546142578,4.483537673950195,2.1261985301971436,0.6702386140823364
