data/wind_data/wind_60_6.json
{"header": {"parameterUnit": "KT", "parameterCategory": 2, "nx": 256, "ny": 198, "lo1": 44.73521041870117, "la1": -3.236724853515625, "lo2": 111.26478576660156, "la2": 43.468475341796875, "dx": 0.2609002888202667, "dy": -0.23708222806453705, "refTime": "2025-02-21 12:00:00", "forecastTime": 0, "parameterNumber": 2, "parameterNumberName": "eastward_wind"}, "data":
[rows 0 to 19 of 198, columns 180 to 224 of 256]
1.1462146043777466,3.5702972412109375,1.2409327030181885,-0.614160418510437,1.993889570236206,2.2436108589172363,-3.4827396869659424,-7.036837577819824,-6.378137111663818,-4.638468265533447,-1.923228144645691,-2.302577495574951,-5.735723495483398,-8.044260025024414,-9.38736629486084,-9.243521690368652,-8.154141426086426,-7.938772678375244,-8.267248153686523,-9.591238021850586,-10.584521293640137,-8.493125915527344,-6.392289161682129,-7.560127258300781,-8.159146308898926,-5.391536235809326,-3.8459231853485107,-5.684823513031006,-6.7905683517456055,-6.122420310974121,-5.907188415527344,-6.359699726104736,-7.563177108764648,-9.413445472717285,-8.873857498168945,-6.44256067276001,-4.555780410766602,-3.0873045921325684,-2.781388521194458,-3.070155620574951,-2.8145995140075684,-3.288573741912842,-6.146568775177002,-9.444598197937012,-11.738075256347656
1.833219051361084,4.044679641723633,-0.4581092298030853,-3.3673033714294434,0.4943266212940216,2.089334011077881,-2.7238945960998535,-5.226269245147705,-4.319299697875977,-1.977856159210205,2.086406946182251,1.7566598653793335,-2.604245662689209,-4.072183132171631,-3.1005561351776123,-2.9990532398223877,-4.268824100494385,-7.056252479553223,-9.175352096557617,-7.231900691986084,-4.479661464691162,-2.746201515197754,-2.4416720867156982,-5.524482727050781,-6.826393127441406,-3.1819076538085938,-1.5556272268295288,-4.308819770812988,-6.051877498626709,-6.081957817077637,-6.443434715270996,-7.44866418838501,-8.518332481384277,-9.022636413574219,-8.582961082458496,-7.810065746307373,-6.611922264099121,-5.197261810302734,-3.6635680198669434,-1.8683007955551147,-1.934057593345642,-2.778773784637451,-3.6337292194366455,-5.898625373840332,-10.680048942565918
2.1391873359680176,5.254702091217041,-0.20646776258945465,-3.7415106296539307,0.1431434154510498,2.946239709854126,1.1991969347000122,1.3323341608047485,3.9748823642730713,5.895074367523193,8.03930377960205,6.482110023498535,2.200976848602295,0.2581245005130768,0.4099716246128082,1.226816177368164,1.4246110916137695,-0.7775243520736694,-3.1069867610931396,-1.428589105606079,0.8105313181877136,0.7182425856590271,-0.4588150978088379,-2.9164137840270996,-4.2274580001831055,-2.374622344970703,-1.6768946647644043,-3.011323928833008,-4.043821334838867,-4.88307523727417,-5.238542556762695,-5.3952860832214355,-6.412407398223877,-7.688684463500977,-8.584081649780273,-9.308533668518066,-9.156790733337402,-7.713096618652344,-5.351452350616455,-2.877380609512329,-2.2511613368988037,-3.219675302505493,-3.769531726837158,-4.485113620758057,-7.674276828765869
2.0956780910491943,5.206210136413574,1.243784785270691,-1.7449164390563965,-0.17145635187625885,2.256403923034668,3.553419828414917,5.360222339630127,7.695743560791016,8.755121231079102,9.444250106811523,7.428657054901123,4.459312915802002,3.3302314281463623,2.812074661254883,3.632848024368286,4.387171745300293,3.0718748569488525,1.1281298398971558,1.4451156854629517,3.027120590209961,2.065127372741699,-0.22472812235355377,-1.4471408128738403,-2.3720874786376953,-2.118293285369873,-2.289141893386841,-2.6578528881073,-2.9124841690063477,-3.5610191822052,-3.4322080612182617,-2.818084716796875,-3.3294689655303955,-5.29135799407959,-7.465452194213867,-9.398850440979004,-9.84017276763916,-7.8431243896484375,-5.126979351043701,-3.273203134536743,-2.2936980724334717,-2.649799346923828,-2.645906448364258,-2.050379991531372,-3.8311381340026855
2.025686502456665,5.940999507904053,7.759974956512451,2.3189470767974854,-0.5775670409202576,1.0458364486694336,3.8379673957824707,3.110856294631958,-0.5579000115394592,1.88778555393219,3.553605794906616,3.021132469177246,1.70644211769104,1.9722511768341064,5.912660598754883,6.490846633911133,5.330336093902588,3.7759509086608887,1.8772971630096436,-2.042557716369629,-3.481907367706299,-0.24727752804756165,-2.8061628341674805,-4.139881610870361,-3.8193554878234863,-3.804380178451538,-3.846033811569214,-3.166402816772461,-1.9025602340698242,-0.08766958117485046,1.1279504299163818,1.1017791032791138,0.3241164982318878,-0.6026114225387573,-1.951964259147644,-6.833268642425537,-5.846348762512207,-1.443627119064331,-2.103231430053711,-5.628510475158691,-4.96234655380249,-5.448859214782715,-5.526493072509766,-6.342288494110107,-8.528398513793945
1.0971421003341675,2.4957098960876465,-0.3011346459388733,-3.038097858428955,-3.321887254714966,-0.3304135501384735,2.258755683898926,-2.602609872817993,-6.478177547454834,-5.178913593292236,-3.8385672569274902,-1.8440901041030884,-0.8037653565406799,1.2931592464447021,3.5026352405548096,2.9553258419036865,3.6451826095581055,0.29387998580932617,-3.3262529373168945,-5.504491329193115,-2.4822137355804443,-0.9386130571365356,-4.504612445831299,-6.059690952301025,-4.999833106994629,-4.846713066101074,-4.393223762512207,-4.061910629272461,-3.652383327484131,-1.3411682844161987,0.44779452681541443,2.48325252532959,1.9515198469161987,0.4941313862800598,-2.8093104362487793,-3.7676305770874023,-0.633160412311554,-9.010762214660645,-9.789368629455566,-7.927535057067871,-10.719983100891113,-13.03799057006836,-14.05262565612793,-15.48493766784668,-17.202077865600586
-3.9815735816955566,-4.414464950561523,-6.932034492492676,-8.082955360412598,-5.3910698890686035,-5.006652355194092,-6.075260162353516,-6.78245210647583,-7.932730197906494,-8.88805866241455,-6.4262285232543945,-3.1607651710510254,-1.5285755395889282,-0.3238539695739746,1.6431374549865723,3.366663932800293,0.001381974434480071,-3.4142987728118896,-6.304797649383545,-6.663327217102051,-5.405455589294434,-7.570982933044434,-5.218978404998779,-6.377203464508057,-5.0765581130981445,-5.98599100112915,-4.576735496520996,-3.5376360416412354,-2.92863130569458,0.6552349328994751,-0.1910547912120819,1.8039233684539795,0.256344735622406,-2.8745357990264893,-2.634925127029419,-2.64275860786438,-9.823708534240723,-20.083852767944336,-17.890914916992188,-17.039997100830078,-18.945234298706055,-19.632957458496094,-22.112548828125,-22.383827209472656,-21.453205108642578
-6.596508026123047,-5.592410564422607,-6.929555892944336,-9.887303352355957,-9.688386917114258,-11.431010246276855,-12.491925239562988,-9.567219734191895,-7.825211524963379,-6.913232326507568,-6.00692081451416,-3.092587947845459,-1.041885256767273,0.11755412071943283,2.7469277381896973,-3.1488003730773926,-10.266736030578613,-6.555355548858643,-6.3505120277404785,-6.717967987060547,-11.887653350830078,-14.867759704589844,-8.797239303588867,-9.040538787841797,-8.610128402709961,-7.9554762840271,-4.525333404541016,-1.3362066745758057,-0.5983477830886841,-1.8093713521957397,-1.0278916358947754,-1.8460326194763184,-5.026115417480469,-3.46059513092041,-5.641143321990967,-12.878082275390625,-20.88961410522461,-24.109777450561523,-23.689132690429688,-22.256511688232422,-23.695871353149414,-23.583078384399414,-25.413888931274414,-24.222240447998047,-22.385475158691406
-10.95322322845459,-8.32297134399414,-8.036803245544434,-11.775739669799805,-11.911432266235352,-14.081771850585938,-13.997207641601562,-10.106549263000488,-7.910672187805176,-9.92757797241211,-7.920863151550293,-4.733478546142578,-2.385305881500244,-3.35513973236084,-7.2846550941467285,-11.300048828125,-13.986568450927734,-11.047130584716797,-9.50108528137207,-9.450523376464844,-12.783970832824707,-16.572376251220703,-14.17524242401123,-12.465251922607422,-10.787405014038086,-8.935489654541016,-5.358327388763428,-3.450624704360962,-4.669848918914795,-4.906032562255859,-4.253608226776123,-7.128581523895264,-8.260492324829102,-10.738349914550781,-20.850683212280273,-26.591190338134766,-27.32581329345703,-27.215011596679688,-25.83884620666504,-24.09315299987793,-24.416683197021484,-24.688859939575195,-24.886857986450195,-24.42812156677246,-22.284366607666016
-11.178084373474121,-10.897310256958008,-11.876032829284668,-11.838897705078125,-11.07737922668457,-14.384200096130371,-14.331462860107422,-11.836583137512207,-11.048575401306152,-12.941305160522461,-10.986713409423828,-7.958240032196045,-5.545255661010742,-8.212230682373047,-12.258999824523926,-13.432011604309082,-13.313984870910645,-13.715351104736328,-13.911920547485352,-11.635825157165527,-11.520414352416992,-13.770339965820312,-13.692987442016602,-11.587386131286621,-9.021693229675293,-6.620467185974121,-4.286961078643799,-5.419780731201172,-6.953978538513184,-7.681196689605713,-11.876409530639648,-16.786422729492188,-19.112579345703125,-22.81940269470215,-25.16472625732422,-27.465316772460938,-28.08434295654297,-27.776145935058594,-26.913848876953125,-25.130735397338867,-24.672481536865234,-24.27730369567871,-25.19818687438965,-24.557476043701172,-22.393508911132812
-11.852499961853027,-11.817513465881348,-12.904528617858887,-12.833064079284668,-11.368918418884277,-13.769272804260254,-15.707645416259766,-14.135929107666016,-14.297768592834473,-15.163873672485352,-13.209236145019531,-10.301457405090332,-8.960308074951172,-10.364877700805664,-13.127245903015137,-14.143205642700195,-14.193592071533203,-15.301898002624512,-15.004812240600586,-12.88591480255127,-12.329184532165527,-12.122359275817871,-11.004871368408203,-8.911238670349121,-6.7789154052734375,-4.969863414764404,-4.091465950012207,-5.704716205596924,-7.644178867340088,-9.989095687866211,-16.468904495239258,-20.355207443237305,-22.35974884033203,-23.929431915283203,-24.49041175842285,-26.90157127380371,-26.596973419189453,-26.093570709228516,-26.032480239868164,-25.02143669128418,-24.18596649169922,-24.93004608154297,-25.498355865478516,-24.21010398864746,-23.033653259277344
-12.585948944091797,-11.72553825378418,-13.025217056274414,-13.281757354736328,-12.649592399597168,-16.069578170776367,-18.27820587158203,-17.286361694335938,-16.252117156982422,-15.44454288482666,-13.685526847839355,-11.302238464355469,-10.638477325439453,-11.527678489685059,-13.617220878601074,-14.515745162963867,-15.145821571350098,-16.084491729736328,-14.99600887298584,-13.322443008422852,-13.068241119384766,-12.940914154052734,-11.73593807220459,-9.723745346069336,-7.9763102531433105,-6.682216644287109,-6.079179286956787,-7.285198211669922,-9.805304527282715,-16.244709014892578,-21.174623489379883,-21.439849853515625,-22.577608108520508,-24.337121963500977,-26.063602447509766,-27.58130645751953,-27.000560760498047,-25.25959587097168,-24.27894401550293,-24.06254005432129,-24.829050064086914,-25.884990692138672,-25.213871002197266,-24.01757049560547,-22.06305503845215
-11.146111488342285,-12.534488677978516,-14.717198371887207,-15.689094543457031,-17.43588638305664,-19.661577224731445,-20.39578628540039,-18.90900993347168,-16.750303268432617,-15.017989158630371,-13.586423873901367,-12.268684387207031,-12.300488471984863,-13.0399808883667,-13.54133129119873,-12.984375,-13.052823066711426,-14.22380256652832,-14.608098983764648,-14.246352195739746,-13.43789291381836,-13.327342987060547,-12.559403419494629,-10.799779891967773,-9.11596965789795,-9.108622550964355,-10.025151252746582,-11.41754150390625,-17.006202697753906,-23.06464958190918,-19.88376235961914,-20.60002326965332,-24.26678466796875,-24.61778450012207,-24.054672241210938,-25.36224937438965,-27.01845932006836,-25.07797622680664,-23.6249942779541,-25.008888244628906,-26.59075355529785,-25.25356101989746,-23.341957092285156,-21.621957778930664,-19.164777755737305
-15.132811546325684,-16.05906105041504,-17.456401824951172,-18.054134368896484,-19.483600616455078,-20.98189353942871,-20.285400390625,-18.028461456298828,-15.715423583984375,-14.383024215698242,-13.79869270324707,-13.441123008728027,-13.456913948059082,-13.160125732421875,-12.012301445007324,-9.898691177368164,-8.888557434082031,-10.463128089904785,-13.943174362182617,-14.617177963256836,-13.90640926361084,-12.683881759643555,-11.157060623168945,-9.474553108215332,-9.52749252319336,-11.682953834533691,-13.85302448272705,-17.344440460205078,-23.18052101135254,-24.773311614990234,-23.995412826538086,-26.055387496948242,-27.413076400756836,-24.54359245300293,-22.52022933959961,-24.235902786254883,-26.42316436767578,-25.776988983154297,-24.43157196044922,-25.486343383789062,-25.598388671875,-23.032529830932617,-20.4469051361084,-18.079320907592773,-15.943549156188965
-18.03990936279297,-17.816070556640625,-17.29100799560547,-17.256515502929688,-17.88084602355957,-18.08243179321289,-16.914684295654297,-15.721294403076172,-15.311006546020508,-15.433731079101562,-15.118016242980957,-14.478238105773926,-13.364177703857422,-11.843582153320312,-9.943376541137695,-7.655587673187256,-6.216214179992676,-8.45750904083252,-12.53108024597168,-12.351350784301758,-11.965241432189941,-10.816932678222656,-9.972760200500488,-11.125455856323242,-12.442509651184082,-13.823324203491211,-17.414264678955078,-21.03590965270996,-20.47348976135254,-20.20722198486328,-23.506935119628906,-25.63007926940918,-24.232967376708984,-22.936792373657227,-22.891191482543945,-24.157228469848633,-26.213539123535156,-25.885305404663086,-24.60702896118164,-23.78352928161621,-22.415512084960938,-19.658201217651367,-17.264009475708008,-15.968076705932617,-16.13844108581543
-18.095399856567383,-16.989290237426758,-15.516519546508789,-14.428064346313477,-14.643023490905762,-16.109664916992188,-16.859569549560547,-16.779781341552734,-17.280616760253906,-17.59593391418457,-16.637516021728516,-14.766189575195312,-12.8631591796875,-10.794132232666016,-9.161660194396973,-8.51984691619873,-8.01432991027832,-8.793964385986328,-11.878192901611328,-11.71114444732666,-11.567124366760254,-11.62416934967041,-12.497499465942383,-14.2529935836792,-15.844136238098145,-19.046499252319336,-23.203113555908203,-24.90178680419922,-25.19036293029785,-25.95550537109375,-27.117477416992188,-25.632308959960938,-23.514902114868164,-24.267532348632812,-23.82912254333496,-24.674985885620117,-26.056392669677734,-25.043617248535156,-23.381914138793945,-21.405803680419922,-19.322223663330078,-17.125017166137695,-16.261259078979492,-17.005348205566406,-17.788190841674805
-16.809764862060547,-15.194560050964355,-13.62279224395752,-12.840452194213867,-14.913420677185059,-18.542451858520508,-19.76949119567871,-18.508512496948242,-18.653358459472656,-19.399309158325195,-17.975767135620117,-15.363201141357422,-13.223756790161133,-11.628654479980469,-10.954779624938965,-11.12212085723877,-10.646230697631836,-10.584649085998535,-15.075754165649414,-16.80906867980957,-14.793983459472656,-15.12125301361084,-16.62801170349121,-18.733978271484375,-21.558225631713867,-25.204288482666016,-26.34013557434082,-25.66242218017578,-24.88949203491211,-23.844228744506836,-24.73699188232422,-24.915332794189453,-24.33417510986328,-24.945125579833984,-23.929445266723633,-24.136320114135742,-24.39307975769043,-23.135496139526367,-20.893638610839844,-18.954137802124023,-17.486963272094727,-17.159381866455078,-18.35980987548828,-19.553924560546875,-19.817543029785156
-15.472827911376953,-13.861383438110352,-12.119603157043457,-12.134743690490723,-15.798247337341309,-19.25067901611328,-19.407363891601562,-18.728363037109375,-19.665191650390625,-20.514429092407227,-18.897422790527344,-17.012826919555664,-15.371757507324219,-14.062283515930176,-13.579490661621094,-12.840825080871582,-13.670947074890137,-15.95490550994873,-19.502153396606445,-20.688190460205078,-18.894378662109375,-19.59815788269043,-22.319568634033203,-25.263683319091797,-26.910655975341797,-26.918054580688477,-25.23949432373047,-23.438570022583008,-21.79554557800293,-22.532718658447266,-24.571758270263672,-24.959306716918945,-24.942060470581055,-24.691869735717773,-23.464529037475586,-23.045989990234375,-22.239587783813477,-20.71851348876953,-18.985565185546875,-17.78553581237793,-17.50221061706543,-18.718852996826172,-20.504253387451172,-21.514131546020508,-21.575212478637695
-14.258970260620117,-13.060318946838379,-11.513806343078613,-12.754425048828125,-16.548648834228516,-18.324203491210938,-20.178773880004883,-21.263349533081055,-21.484512329101562,-21.002918243408203,-19.88850975036621,-18.98508071899414,-17.25889015197754,-15.520615577697754,-14.787220001220703,-15.106670379638672,-16.87120819091797,-19.6998233795166,-21.999095916748047,-22.537141799926758,-22.461528778076172,-25.324068069458008,-28.63163948059082,-29.251537322998047,-27.894214630126953,-25.80325698852539,-24.362791061401367,-22.74570655822754,-22.00666618347168,-24.228748321533203,-25.5092830657959,-25.48748779296875,-25.096445083618164,-23.574499130249023,-21.726961135864258,-21.457914352416992,-21.07956886291504,-20.134292602539062,-18.79570770263672,-18.146089553833008,-18.835060119628906,-20.71316909790039,-22.022216796875,-22.42844581604004,-22.37860107421875
-14.398172378540039,-14.61645793914795,-14.893729209899902,-15.74312686920166,-16.661588668823242,-17.9183292388916,-20.645238876342773,-21.931970596313477,-21.98306655883789,-21.928468704223633,-20.811437606811523,-19.114831924438477,-17.35601234436035,-15.400853157043457,-14.989904403686523,-16.824424743652344,-19.39964485168457,-21.623611450195312,-23.527746200561523,-24.807762145996094,-27.175457000732422,-29.96748161315918,-30.597654342651367,-28.56180191040039,-25.776052474975586,-24.710250854492188,-23.436281204223633,-21.946189880371094,-22.27481460571289,-23.86849594116211,-24.66469955444336,-24.889554977416992,-23.284282684326172,-21.103450775146484,-20.01126480102539,-20.85787582397461,-21.02834701538086,-20.280696868896484,-19.499942779541016,-19.38599395751953,-20.328693389892578,-21.883214950561523,-22.6704158782959,-22.62594985961914,-22.697650909423828
