data/wind_data/wind_62_1.json
{"header": {"parameterUnit": "KT", "parameterCategory": 2, "nx": 256, "ny": 198, "lo1": 44.73521041870117, "la1": -3.236724853515625, "lo2": 111.26478576660156, "la2": 43.468475341796875, "dx": 0.2609002888202667, "dy": -0.23708222806453705, "refTime": "2025-02-21 14:00:00", "forecastTime": 0, "parameterNumber": 2, "parameterNumberName": "eastward_wind"}, "data":
[rows 95 to 113 of 198, columns 43 to 85 of 256]
-1.9714466333389282,-4.355557918548584,-2.681150197982788,-3.8974878787994385,-3.5245859622955322,-5.803035736083984,-6.299164295196533,-4.883861064910889,-4.453424453735352,-0.9857565760612488,-7.409743309020996,-3.121628761291504,-3.06652569770813,-2.4534754753112793,-1.9455028772354126,-0.11913882195949554,0.43721097707748413,0.9051526784896851,0.3690980076789856,-0.3339989483356476,-0.9533320069313049,-1.7482645511627197,-2.6656572818756104,-3.513556718826294,-4.107417583465576,-4.118520259857178,-3.8055472373962402,-3.5780222415924072,-3.5157687664031982,-3.5299293994903564,-3.387282371520996,-3.2798190116882324,-3.100264549255371,-2.82197642326355,-2.9613821506500244,-3.190138816833496,-3.9916110038757324,-5.424226760864258,-6.333273410797119,-6.666381359100342,-6.34096622467041,-5.199040412902832,-4.25009298324585
-1.4248182773590088,-5.175568580627441,-2.458671808242798,-3.868878126144409,-3.428051233291626,-5.232244968414307,-4.094534873962402,-2.8998830318450928,-2.9172589778900146,-0.7289838790893555,-4.727289199829102,-4.727010726928711,-3.3546321392059326,-1.4397028684616089,-1.4698306322097778,-0.005020346492528915,0.8518596887588501,0.9314588904380798,0.35010021924972534,-0.34419575333595276,-0.891254186630249,-1.5168262720108032,-2.890005350112915,-4.002651691436768,-4.458433628082275,-4.181875705718994,-3.731428861618042,-3.3422446250915527,-3.2107763290405273,-2.94649338722229,-3.0071029663085938,-3.025118350982666,-2.8513753414154053,-2.5033633708953857,-2.5033493041992188,-3.014470100402832,-4.140860557556152,-5.211699962615967,-5.5699028968811035,-5.783113479614258,-5.549234867095947,-4.622467041015625,-3.5504050254821777
-2.4171862602233887,-5.655498504638672,-2.1953284740448,-4.240266799926758,-2.831766128540039,-5.084693431854248,-2.0108518600463867,-2.6006579399108887,0.4260117709636688,-0.3082151412963867,0.6238527894020081,-3.8036201000213623,-3.021056652069092,-1.641593337059021,0.20234504342079163,-0.3283807337284088,0.6883441209793091,0.1527562439441681,-0.3796461820602417,-0.6071656942367554,-0.6595749855041504,-1.3720901012420654,-3.272235155105591,-4.472576141357422,-4.71476936340332,-4.07992696762085,-3.392753839492798,-2.980958938598633,-2.8096115589141846,-2.5486032962799072,-2.5541024208068848,-2.517646074295044,-2.3781914710998535,-2.3436672687530518,-2.4430150985717773,-3.023141384124756,-4.376672744750977,-5.136291980743408,-4.918302536010742,-4.921830654144287,-4.662333965301514,-3.7236855030059814,-2.4741687774658203
-4.374941825866699,-5.5530242919921875,-1.646070122718811,-4.478943347930908,-1.9476351737976074,-4.3231282234191895,-0.4525354206562042,-2.2106921672821045,1.6737697124481201,1.2407649755477905,3.047673225402832,0.6785290241241455,-0.7196716666221619,-2.8901994228363037,0.47148099541664124,-0.4699777066707611,-0.3711061477661133,-1.4283738136291504,-1.4922043085098267,-0.9388539791107178,-0.470801442861557,-1.784228801727295,-3.6436407566070557,-4.439871311187744,-4.403006076812744,-3.7815654277801514,-3.0539932250976562,-2.78256893157959,-2.6016688346862793,-2.2801289558410645,-2.3061273097991943,-2.449368715286255,-2.447279930114746,-2.4316956996917725,-2.5741822719573975,-3.181048631668091,-4.271791458129883,-4.545989513397217,-3.965785264968872,-3.7112107276916504,-3.4820024967193604,-2.7435412406921387,-1.5335659980773926
-5.254088878631592,-5.184928894042969,-1.2006345987319946,-4.258339881896973,-0.9786348938941956,-2.89875864982605,-0.331454873085022,-0.6852244734764099,1.6623029708862305,3.6539294719696045,3.282572031021118,4.38198709487915,1.3172484636306763,-1.7481942176818848,-2.399294853210449,-0.15957342088222504,-2.1929032802581787,-2.9652748107910156,-2.6960110664367676,-1.3576509952545166,-1.124373435974121,-2.7155709266662598,-3.96856689453125,-4.502009391784668,-4.138113021850586,-3.68338680267334,-3.002042293548584,-2.8373239040374756,-2.4649786949157715,-1.9378526210784912,-2.3407785892486572,-2.8846075534820557,-3.230229139328003,-3.257915735244751,-3.2585580348968506,-3.6620445251464844,-3.953662395477295,-3.3452682495117188,-2.740706443786621,-2.4618749618530273,-2.1292004585266113,-1.493945598602295,-0.5365154147148132
-4.589633464813232,-4.716148376464844,-1.3010575771331787,-3.774167060852051,-1.016213297843933,-1.3613665103912354,-0.34698063135147095,0.8629043102264404,2.9040279388427734,5.291477680206299,4.549648761749268,4.709352493286133,2.2122082710266113,4.310181617736816,-2.7928035259246826,-0.5529137849807739,-3.619105577468872,-4.436773777008057,-4.115360736846924,-2.4242827892303467,-2.4490621089935303,-3.5548012256622314,-4.3606157302856445,-4.802853107452393,-4.523707866668701,-4.500175952911377,-3.7072181701660156,-3.063962697982788,-2.5362071990966797,-2.2741410732269287,-2.88246750831604,-3.40576171875,-3.775085926055908,-3.7874960899353027,-3.6175968647003174,-3.2050235271453857,-2.697736978530884,-1.8097209930419922,-1.3220264911651611,-1.1305333375930786,-0.7500219941139221,-0.25854620337486267,0.25918006896972656
-3.4852888584136963,-3.882716417312622,-1.8794918060302734,-3.627380132675171,-1.1043117046356201,-0.26323363184928894,0.11067359149456024,2.822129487991333,4.843383312225342,6.43637228012085,4.380909442901611,3.5210208892822266,6.639466285705566,9.511808395385742,-1.0383310317993164,-4.569557189941406,-5.515328884124756,-6.124976634979248,-5.377909183502197,-3.766026020050049,-3.7416584491729736,-4.297560214996338,-5.118427753448486,-5.759896278381348,-5.662374973297119,-5.3504486083984375,-4.321535110473633,-3.671182155609131,-3.2256033420562744,-3.266103506088257,-3.6823954582214355,-4.129430294036865,-4.406177997589111,-4.168964385986328,-3.4787304401397705,-2.160698175430298,-1.1021925210952759,-0.42586976289749146,-0.3440169394016266,0.012440841645002365,0.5180538892745972,0.7209134697914124,1.0136245489120483
-2.4173762798309326,-2.2740590572357178,-2.498034715652466,-3.262085437774658,-2.6893179416656494,0.572903573513031,1.3477108478546143,4.518002986907959,6.938208103179932,5.455230236053467,5.887535095214844,5.1795196533203125,10.673791885375977,5.798922061920166,-4.3205037117004395,-10.199869155883789,-7.816843509674072,-7.5741190910339355,-6.249485492706299,-5.3714704513549805,-4.974808692932129,-5.373483657836914,-6.081513404846191,-6.878046035766602,-6.472645282745361,-5.895513534545898,-4.872640609741211,-4.663715839385986,-4.537643909454346,-4.490830421447754,-4.372346878051758,-4.369075298309326,-4.511540412902832,-3.8237409591674805,-2.4178507328033447,-0.9078885912895203,-0.29738855361938477,-0.08649338036775589,0.017923368141055107,0.6290674209594727,1.557063102722168,2.4053726196289062,2.548558235168457
-1.545318603515625,-0.47927549481391907,-2.5977489948272705,-2.11487078666687,-1.6107386350631714,1.271348476409912,4.205329895019531,6.371546268463135,7.6129302978515625,5.355960369110107,7.994723796844482,8.597366333007812,3.5655434131622314,-4.803531646728516,-12.23906135559082,-12.739155769348145,-10.059646606445312,-8.941971778869629,-7.50246524810791,-6.853232383728027,-6.067601680755615,-6.404276371002197,-6.879227161407471,-7.058382987976074,-6.6432108879089355,-5.714303016662598,-5.478428363800049,-5.921253681182861,-5.7069220542907715,-5.480473041534424,-5.210071086883545,-4.879812717437744,-4.137243270874023,-2.6637725830078125,-1.4410526752471924,-0.7692045569419861,-0.8078455924987793,-1.0285744667053223,-0.884638786315918,-0.053491026163101196,1.2760404348373413,3.3107330799102783,4.795490264892578
-0.8375261425971985,0.35727590322494507,-1.8552018404006958,-0.7800201773643494,3.1880905628204346,4.952108860015869,1.389778733253479,1.6029973030090332,3.171159505844116,4.401360511779785,4.670045852661133,-3.2814478874206543,-6.812105178833008,-13.25837230682373,-16.013023376464844,-12.807782173156738,-11.787900924682617,-10.376791000366211,-8.906697273254395,-8.074122428894043,-7.1622185707092285,-7.323876857757568,-7.234160423278809,-6.593861103057861,-7.276853561401367,-5.903584957122803,-5.668864727020264,-5.8152546882629395,-6.042942523956299,-6.213255882263184,-6.2992844581604,-5.460233688354492,-3.869253635406494,-2.2083122730255127,-1.6438230276107788,-1.8781397342681885,-2.3672618865966797,-2.8791210651397705,-2.80121111869812,-1.7806904315948486,-0.21201381087303162,2.0341179370880127,4.848269939422607
-0.0064422064460814,1.0911707878112793,-0.3545862138271332,4.725968837738037,-1.0656421184539795,-7.254486560821533,-4.974334716796875,-3.1435396671295166,-3.7055459022521973,-6.450916290283203,-9.288198471069336,-8.914109230041504,-12.964700698852539,-16.268775939941406,-15.652897834777832,-13.36190128326416,-12.600906372070312,-11.273025512695312,-9.739333152770996,-8.81458568572998,-7.914004325866699,-7.816373348236084,-7.440404891967773,-6.883214473724365,-7.298892021179199,-6.416592121124268,-5.621494293212891,-5.02515172958374,-5.846076011657715,-7.2958574295043945,-7.650226593017578,-6.279382228851318,-4.626551151275635,-3.2329509258270264,-2.50679349899292,-2.6515674591064453,-2.9847099781036377,-3.0056889057159424,-3.081310987472534,-2.4437389373779297,-0.5476956367492676,1.7953921556472778,4.225734710693359
1.3201446533203125,0.8742774128913879,5.712538719177246,-6.392486572265625,-7.571043968200684,-4.324807643890381,-5.321561813354492,-5.194832801818848,-7.87109375,-8.520159721374512,-10.89675235748291,-12.340846061706543,-14.240521430969238,-15.599821090698242,-14.79869270324707,-13.406901359558105,-12.252192497253418,-11.329438209533691,-10.219627380371094,-9.47641372680664,-8.807602882385254,-8.252154350280762,-7.177183628082275,-7.808017253875732,-7.623114109039307,-7.006347179412842,-6.040489196777344,-5.396772384643555,-5.793716907501221,-7.733339786529541,-8.25619125366211,-6.743065357208252,-4.918781280517578,-3.47802472114563,-2.3599061965942383,-2.022095203399658,-2.008519411087036,-1.653062343597412,-1.523072361946106,-1.595503330230713,-0.12806229293346405,2.5658512115478516,4.934612274169922
2.783642530441284,5.128511905670166,-5.222620487213135,-9.200592041015625,-3.1386771202087402,0.7819742560386658,-2.34971022605896,-3.1700167655944824,-5.683718681335449,-8.440411567687988,-11.052227020263672,-11.85764217376709,-14.1867036819458,-15.753365516662598,-14.861568450927734,-13.76801872253418,-12.179278373718262,-11.248125076293945,-10.064781188964844,-9.373108863830566,-8.87950325012207,-8.128442764282227,-7.7222747802734375,-8.606860160827637,-8.183472633361816,-7.620261192321777,-6.960809707641602,-6.353750228881836,-6.52803897857666,-7.322262287139893,-7.295999050140381,-6.072138786315918,-4.35269832611084,-2.87737774848938,-1.6061320304870605,-0.7263361215591431,-0.24438054859638214,0.21447308361530304,0.017262419685721397,-0.03913978859782219,1.1423826217651367,3.562832832336426,5.709068298339844
4.253047943115234,-1.3375201225280762,-12.010956764221191,0.4436834156513214,-3.8153398036956787,-3.7580769062042236,-7.7159647941589355,-6.475180625915527,-6.704402923583984,-7.254850387573242,-8.72036361694336,-12.225719451904297,-14.74491024017334,-14.941396713256836,-15.320878028869629,-14.556107521057129,-13.662463188171387,-12.65779972076416,-11.242101669311523,-9.627433776855469,-7.735945224761963,-7.230887413024902,-8.025577545166016,-8.360472679138184,-8.4783935546875,-8.279102325439453,-7.945150852203369,-7.369513988494873,-6.881188869476318,-6.545191764831543,-5.6073808670043945,-4.410550594329834,-3.4816622734069824,-2.7328593730926514,-1.3799141645431519,0.18004657328128815,1.3633973598480225,2.1752922534942627,2.1535253524780273,2.1511850357055664,3.3512213230133057,4.711953639984131,4.892448902130127
4.69362211227417,-7.748873233795166,-7.908452987670898,1.5922715663909912,-0.4323694705963135,-5.759316444396973,-7.5937323570251465,-8.862381935119629,-8.6707763671875,-8.439732551574707,-8.777290344238281,-10.075346946716309,-12.609750747680664,-14.587281227111816,-15.440284729003906,-15.498709678649902,-15.2800931930542,-14.617013931274414,-12.358209609985352,-10.108654975891113,-6.505360126495361,-6.111670017242432,-7.041103363037109,-7.516881465911865,-8.080239295959473,-9.163130760192871,-8.760499954223633,-7.403932571411133,-6.174370288848877,-5.119867324829102,-3.8720850944519043,-2.3474390506744385,-1.945711612701416,-2.4869563579559326,-2.056582450866699,-0.3898929953575134,1.4905190467834473,3.107887029647827,4.066474437713623,4.654620170593262,5.09336519241333,4.7335991859436035,4.317915439605713
-6.390014171600342,-10.712125778198242,0.8220646977424622,-0.14335587620735168,-2.210385799407959,-7.162283897399902,-10.46624755859375,-10.908934593200684,-11.052595138549805,-12.44386100769043,-12.082803726196289,-11.607697486877441,-12.588068008422852,-13.37097454071045,-14.416529655456543,-15.441222190856934,-15.347763061523438,-14.130454063415527,-11.734538078308105,-10.035257339477539,-7.335384368896484,-6.4124226570129395,-6.869176864624023,-7.358944416046143,-7.406962871551514,-8.000019073486328,-7.841673851013184,-7.072803497314453,-5.497078895568848,-4.431790351867676,-1.9273544549942017,-0.2059827446937561,1.0000232458114624,-0.49921149015426636,-2.4119796752929688,-1.6171565055847168,0.8104689121246338,3.2213971614837646,5.070096969604492,5.8702521324157715,6.238558769226074,5.7535295486450195,6.076108932495117
-13.353694915771484,-8.402956008911133,-1.7680492401123047,-0.6395214200019836,-4.974522113800049,-8.949767112731934,-10.57309341430664,-12.157288551330566,-13.45958137512207,-12.769450187683105,-12.147417068481445,-12.215038299560547,-12.0349702835083,-12.105416297912598,-12.836112022399902,-14.023290634155273,-14.181256294250488,-13.25101375579834,-12.618291854858398,-10.638619422912598,-8.541940689086914,-7.714888095855713,-7.664431571960449,-7.7031402587890625,-6.755123615264893,-5.408586502075195,-5.901212692260742,-5.9011383056640625,-4.7457122802734375,-2.649806022644043,-1.7869460582733154,1.4547488689422607,4.34597110748291,4.601202011108398,0.3725363612174988,-2.9427900314331055,-0.19464297592639923,3.6969454288482666,5.4708757400512695,6.672234535217285,7.524386405944824,7.864195823669434,6.456962585449219
-12.192402839660645,-7.46153450012207,-2.1746907234191895,-0.45488446950912476,-5.513651371002197,-7.497236251831055,-10.517265319824219,-11.436616897583008,-12.610873222351074,-13.013978004455566,-12.727238655090332,-13.289748191833496,-13.4071683883667,-12.795580863952637,-13.12951374053955,-13.316372871398926,-12.771154403686523,-12.113927841186523,-11.670984268188477,-8.37114429473877,-6.181750297546387,-5.300902843475342,-4.880977153778076,-4.493081092834473,-3.592581033706665,-3.904179811477661,-4.09501838684082,-2.7437925338745117,-1.2096353769302368,-2.153066873550415,-1.136672019958496,2.617091655731201,5.32582950592041,5.105939865112305,2.390228033065796,0.8709422945976257,3.1224143505096436,4.754347801208496,4.456547737121582,7.344909191131592,8.2489595413208,7.911311626434326,6.2171220779418945
-12.072447776794434,-7.456197261810303,-3.2716727256774902,2.8394691944122314,-2.8544929027557373,-7.122799396514893,-10.663116455078125,-11.452998161315918,-11.213528633117676,-11.692519187927246,-11.311629295349121,-11.802750587463379,-10.581038475036621,-10.106817245483398,-10.776531219482422,-10.168970108032227,-9.536805152893066,-8.341609001159668,-6.510133266448975,-3.483164072036743,-3.6970579624176025,-2.008561372756958,-2.1511738300323486,-1.3668361902236938,-1.1206748485565186,-2.2636921405792236,-0.8866601586341858,-0.976249098777771,1.2844599485397339,-2.1917669773101807,1.086435317993164,3.365018129348755,4.808441638946533,4.124929904937744,3.219778060913086,2.5402777194976807,3.337766170501709,4.09451150894165,4.12513542175293,7.894564151763916,10.123623847961426,7.276101589202881,3.009662389755249
