data/wind_data/wind_2_3.json
{"header": {"parameterUnit": "KT", "parameterCategory": 2, "nx": 256, "ny": 198, "lo1": 44.73521041870117, "la1": -3.236724853515625, "lo2": 111.26478576660156, "la2": 43.468475341796875, "dx": 0.2609002888202667, "dy": -0.23708222806453705, "refTime": "2025-02-19 02:00:00", "forecastTime": 0, "parameterNumber": 2, "parameterNumberName": "eastward_wind"}, "data":
[rows 171 to 189 of 198, columns 0 to 43 of 256]
21.67600440979004,21.528564453125,19.85188102722168,21.02248191833496,23.055973052978516,24.54104232788086,25.07866096496582,24.066370010375977,22.000085830688477,20.639461517333984,19.620338439941406,19.23775863647461,18.20231819152832,18.011137008666992,13.559331893920898,7.217634677886963,8.615419387817383,10.705846786499023,12.17208480834961,12.834131240844727,13.83006763458252,15.322037696838379,16.26018714904785,16.754405975341797,17.388193130493164,17.911853790283203,17.674217224121094,16.932329177856445,16.650630950927734,16.993595123291016,17.310379028320312,17.237165451049805,16.59421730041504,15.488677024841309,14.49948787689209,14.025660514831543,14.081067085266113,14.278904914855957,14.407737731933594,14.605430603027344,15.108480453491211,15.813435554504395,16.478248596191406,16.90822410583496
22.147794723510742,21.83462905883789,19.82808494567871,21.480310440063477,24.52229118347168,26.464313507080078,26.47255516052246,25.019412994384766,23.125856399536133,20.94447135925293,18.359838485717773,19.05275535583496,21.3538761138916,22.206981658935547,18.356849670410156,17.863183975219727,12.25883960723877,12.01712417602539,14.074636459350586,15.100341796875,15.012813568115234,14.957737922668457,15.294136047363281,15.74393367767334,16.2717342376709,16.827096939086914,16.948238372802734,16.964313507080078,17.591123580932617,18.421289443969727,18.802799224853516,18.710887908935547,18.074174880981445,16.90452003479004,15.84801959991455,15.362895011901855,15.271005630493164,15.191905975341797,15.09055233001709,15.210511207580566,15.637210845947266,16.467105865478516,17.465267181396484,18.188196182250977
25.13323211669922,22.3974552154541,18.820711135864258,19.91461944580078,23.02395248413086,25.321584701538086,25.47902488708496,23.99812889099121,23.07132911682129,20.736207962036133,18.595640182495117,21.273027420043945,22.920564651489258,22.31719207763672,17.227725982666016,19.946277618408203,17.426706314086914,16.1003475189209,16.20382308959961,17.183624267578125,18.59156608581543,18.711349487304688,17.017148971557617,15.49052906036377,15.650531768798828,16.796388626098633,17.50482749938965,17.903736114501953,18.717327117919922,19.533002853393555,19.764453887939453,19.695295333862305,19.377893447875977,18.600099563598633,17.733156204223633,17.19746208190918,16.857027053833008,16.469114303588867,16.141578674316406,16.062150955200195,16.362348556518555,17.09543228149414,18.17296028137207,19.086563110351562
28.79487419128418,25.35232162475586,18.79245948791504,17.1290225982666,19.40304946899414,24.305538177490234,25.824113845825195,21.4183292388916,19.701278686523438,20.321081161499023,20.466907501220703,22.289154052734375,23.251678466796875,21.341981887817383,20.44680404663086,19.487852096557617,17.347637176513672,14.472895622253418,13.0863676071167,14.729836463928223,18.176326751708984,20.022382736206055,18.888689041137695,17.320419311523438,17.435070037841797,18.567834854125977,19.151622772216797,19.12775421142578,19.322708129882812,19.597593307495117,19.712608337402344,19.96611976623535,20.225250244140625,20.0599422454834,19.566268920898438,19.02264404296875,18.419883728027344,17.818714141845703,17.253461837768555,16.95918083190918,17.316619873046875,18.064197540283203,18.789960861206055,19.481224060058594
27.934162139892578,25.111141204833984,19.016603469848633,17.35996437072754,25.39040184020996,32.319068908691406,31.773073196411133,21.581878662109375,16.936445236206055,16.746501922607422,17.73638916015625,20.14188575744629,21.984651565551758,20.063173294067383,17.25819969177246,16.23948097229004,15.791418075561523,14.989383697509766,14.120240211486816,14.655364990234375,16.64691734313965,17.845808029174805,17.072887420654297,15.940814971923828,16.301498413085938,17.684600830078125,18.545991897583008,18.815053939819336,19.278053283691406,19.90106773376465,20.40306282043457,20.870927810668945,21.47336196899414,21.861934661865234,21.558181762695312,20.81546974182129,19.8947696685791,19.037853240966797,18.091442108154297,17.679336547851562,18.121530532836914,18.65367317199707,19.199722290039062,19.849164962768555
26.295225143432617,26.087398529052734,24.520286560058594,27.152002334594727,31.855810165405273,34.15201950073242,30.989389419555664,24.021461486816406,19.38335418701172,16.902713775634766,16.37497901916504,18.319089889526367,20.64813804626465,20.2769718170166,17.74281120300293,16.519807815551758,17.049829483032227,17.951398849487305,18.173906326293945,18.13661766052246,18.486600875854492,18.02503204345703,16.208236694335938,14.967974662780762,15.422440528869629,17.230260848999023,18.559030532836914,19.228546142578125,19.864784240722656,20.436500549316406,20.982017517089844,21.564294815063477,22.247081756591797,22.721498489379883,22.27000617980957,21.25899887084961,20.445634841918945,19.81330108642578,19.302202224731445,18.99590301513672,18.667320251464844,18.335037231445312,18.670995712280273,19.652568817138672
24.94455337524414,25.397994995117188,27.531509399414062,30.758258819580078,32.62520980834961,33.543861389160156,30.008800506591797,27.840423583984375,25.695554733276367,22.920385360717773,20.10652732849121,20.122455596923828,21.43778419494629,21.779691696166992,21.00412940979004,20.343854904174805,20.39756202697754,20.844457626342773,21.213279724121094,21.27841567993164,20.881940841674805,19.386608123779297,17.24921226501465,16.16035270690918,16.844932556152344,18.66902732849121,20.418519973754883,22.04598045349121,22.96514320373535,22.31649398803711,21.738487243652344,21.809417724609375,21.990089416503906,21.961408615112305,21.225414276123047,20.244997024536133,19.82844352722168,21.150203704833984,22.273256301879883,21.5478515625,19.44626808166504,18.020999908447266,18.280351638793945,19.47744369506836
17.159629821777344,21.137847900390625,25.74286651611328,29.24615478515625,30.824447631835938,30.784746170043945,25.218172073364258,22.279638290405273,24.53263282775879,24.327421188354492,20.23751449584961,18.463926315307617,18.92070770263672,19.93992805480957,20.972400665283203,21.716163635253906,22.311378479003906,23.127559661865234,24.419204711914062,25.40453338623047,24.549678802490234,22.425392150878906,20.578157424926758,19.798145294189453,20.052915573120117,21.19841957092285,22.842918395996094,24.910634994506836,25.8436336517334,24.398752212524414,22.490524291992188,21.944278717041016,22.212018966674805,22.272863388061523,21.573091506958008,20.76711654663086,19.95953369140625,21.321866989135742,22.65896987915039,22.325700759887695,20.30794334411621,18.94920539855957,18.89011001586914,19.929533004760742
20.245101928710938,26.21245574951172,29.878196716308594,30.31092643737793,29.297468185424805,27.075363159179688,20.422128677368164,15.278121948242188,16.767669677734375,16.23831558227539,14.601383209228516,14.163661003112793,14.866703987121582,16.182661056518555,17.509809494018555,18.487043380737305,19.737661361694336,21.684581756591797,24.393842697143555,26.00530242919922,25.266769409179688,23.63987922668457,22.475072860717773,22.209585189819336,22.620283126831055,23.51715660095215,25.055648803710938,26.80148696899414,26.848224639892578,24.58169174194336,22.466171264648438,22.286497116088867,22.892702102661133,22.62786102294922,21.30270004272461,20.489229202270508,20.456405639648438,21.32790756225586,21.650266647338867,21.558284759521484,21.624040603637695,21.56104850769043,21.610422134399414,22.310409545898438
31.238935470581055,34.066162109375,33.663726806640625,31.870662689208984,29.401241302490234,26.48249053955078,22.244701385498047,16.052701950073242,11.59532642364502,10.43435287475586,11.377250671386719,12.39656925201416,12.69497299194336,13.313777923583984,14.153141021728516,14.982988357543945,17.481830596923828,20.592744827270508,23.596593856811523,24.687803268432617,23.799650192260742,22.57477569580078,22.1366024017334,22.656509399414062,23.660655975341797,24.612462997436523,25.605695724487305,26.34889030456543,25.830825805664062,24.0647029876709,22.641082763671875,22.591249465942383,23.06767463684082,23.17982292175293,22.471397399902344,21.67772674560547,21.40146827697754,21.15789222717285,20.39362144470215,19.92738914489746,20.334993362426758,20.890243530273438,21.433626174926758,22.14891815185547
35.68426513671875,35.7132568359375,34.29384231567383,33.26374053955078,31.570772171020508,28.562854766845703,25.305164337158203,21.354190826416016,14.701220512390137,10.369122505187988,10.28212833404541,11.348944664001465,11.95954418182373,12.506802558898926,13.630057334899902,15.601949691772461,18.09486198425293,20.716957092285156,23.876863479614258,24.732229232788086,23.51131248474121,22.214513778686523,22.300695419311523,23.23953628540039,24.401735305786133,25.180419921875,25.146472930908203,24.930978775024414,24.68745994567871,24.66810417175293,24.090980529785156,23.182035446166992,22.963943481445312,23.554183959960938,24.167917251586914,24.100440979003906,23.521820068359375,22.817384719848633,21.65399932861328,20.640832901000977,20.666122436523438,20.986223220825195,21.287338256835938,21.523786544799805
38.16709899902344,36.52956771850586,35.610931396484375,35.40325164794922,32.98710250854492,31.254600524902344,27.5274600982666,20.050676345825195,12.039907455444336,8.117655754089355,8.370463371276855,9.853227615356445,11.698999404907227,13.790390014648438,15.746212005615234,18.60428810119629,22.211923599243164,24.83412742614746,27.28582191467285,27.530725479125977,25.9400634765625,24.026046752929688,23.57438850402832,24.34273910522461,25.34171485900879,26.076967239379883,26.008193969726562,25.22899055480957,25.02827262878418,25.306793212890625,25.414255142211914,24.785505294799805,24.125614166259766,24.070039749145508,24.527681350708008,24.987407684326172,25.233781814575195,25.067628860473633,23.926250457763672,22.4892520904541,21.831531524658203,21.541257858276367,21.119312286376953,20.22663116455078
39.01201629638672,38.35143280029297,37.911354064941406,36.95746612548828,33.402671813964844,28.098033905029297,20.322246551513672,12.161771774291992,7.015763282775879,6.460260391235352,8.166646957397461,11.339972496032715,15.342781066894531,21.879467010498047,28.043825149536133,29.194534301757812,27.85993194580078,29.192832946777344,30.849044799804688,30.871816635131836,30.11151123046875,28.921430587768555,28.42934799194336,28.728849411010742,28.972320556640625,28.778827667236328,27.678508758544922,26.566478729248047,26.121545791625977,25.939472198486328,26.162189483642578,26.208505630493164,25.884721755981445,25.621530532836914,25.457599639892578,25.37802505493164,25.335866928100586,25.201074600219727,24.348270416259766,22.81812286376953,21.4671573638916,20.434595108032227,19.38264274597168,17.894947052001953
39.985626220703125,38.72207260131836,32.528541564941406,26.20104217529297,23.433853149414062,20.911157608032227,16.044700622558594,12.066047668457031,10.573718070983887,12.406656265258789,17.259140014648438,24.48805809020996,30.54192352294922,35.25510025024414,34.424644470214844,26.58812713623047,29.377212524414062,34.94758224487305,34.86439895629883,33.262115478515625,32.656089782714844,32.48235321044922,32.84393310546875,32.79965591430664,32.21152114868164,31.576330184936523,30.131561279296875,28.601194381713867,27.9335994720459,27.810287475585938,27.816434860229492,27.87628746032715,27.8536434173584,27.559650421142578,27.037931442260742,26.297523498535156,26.01548957824707,25.712085723876953,24.65680503845215,22.662485122680664,20.58475112915039,18.94394302368164,17.54168128967285,15.724149703979492
33.93919372558594,31.629892349243164,22.759517669677734,16.26984214782715,15.157691955566406,17.158241271972656,17.94661521911621,17.08002471923828,17.036684036254883,21.077220916748047,28.116554260253906,32.890846252441406,35.891841888427734,36.77100372314453,27.09029197692871,26.97779083251953,29.930601119995117,29.880033493041992,29.04769515991211,29.070985794067383,29.246686935424805,29.563974380493164,29.862571716308594,29.59459114074707,29.36992073059082,29.563688278198242,29.258224487304688,28.695194244384766,28.82862663269043,29.367984771728516,29.82567024230957,30.076955795288086,30.00204849243164,29.48668670654297,28.412158966064453,27.0814151763916,26.29578971862793,25.43537139892578,23.480928421020508,20.55429458618164,18.157211303710938,16.351652145385742,15.05053424835205,13.450698852539062
24.77768898010254,24.07450294494629,17.16182518005371,13.54689884185791,14.15701675415039,16.359668731689453,19.135334014892578,20.421043395996094,19.787616729736328,26.612058639526367,33.354862213134766,37.09080505371094,37.35873031616211,31.930028915405273,28.963319778442383,23.818490982055664,21.937959671020508,21.786930084228516,22.076932907104492,22.022462844848633,21.724077224731445,21.5419921875,21.18194580078125,20.878019332885742,21.280729293823242,22.172954559326172,23.38512420654297,24.805307388305664,26.37958526611328,27.807838439941406,29.057828903198242,30.19912338256836,30.928499221801758,30.76557731628418,29.32904624938965,27.487741470336914,26.753387451171875,24.7988338470459,20.715408325195312,17.323755264282227,15.161087036132812,13.029092788696289,11.789045333862305,10.47816276550293
22.471113204956055,21.993942260742188,19.439245223999023,19.09659194946289,17.64048194885254,15.028156280517578,12.489811897277832,12.77798843383789,24.234262466430664,33.63362503051758,38.412757873535156,38.75926971435547,34.41976547241211,30.2750244140625,22.929670333862305,18.39952278137207,17.25162124633789,17.698925018310547,16.704919815063477,14.225347518920898,12.519942283630371,11.768800735473633,11.829924583435059,12.120067596435547,12.673255920410156,13.990642547607422,16.276559829711914,18.98065185546875,21.458606719970703,23.579710006713867,25.538795471191406,27.689279556274414,29.841259002685547,31.35066795349121,31.212263107299805,29.58177375793457,28.096126556396484,23.41233253479004,17.84990882873535,14.800008773803711,12.478161811828613,10.207965850830078,9.049078941345215,7.83721923828125
22.829545974731445,24.06745147705078,24.78978729248047,23.41895294189453,15.111346244812012,6.8969621658325195,14.232612609863281,26.912433624267578,33.90266799926758,37.22787094116211,40.40046691894531,36.98948669433594,32.500999450683594,26.64165687561035,18.694299697875977,16.75160789489746,16.861101150512695,15.663274765014648,12.23247241973877,8.586002349853516,6.015902996063232,5.537775039672852,5.758411407470703,6.6560139656066895,8.054121017456055,9.856231689453125,12.240996360778809,14.964000701904297,17.609655380249023,19.863351821899414,21.361806869506836,23.2087345123291,26.0827693939209,28.793672561645508,30.282325744628906,29.744409561157227,26.304378509521484,20.510101318359375,16.350013732910156,13.854398727416992,10.8038911819458,8.68510627746582,7.511069297790527,5.901771545410156
22.4462890625,24.881866455078125,25.475587844848633,21.7921142578125,20.277769088745117,24.226604461669922,31.36478614807129,36.12171936035156,38.67898178100586,41.14481735229492,39.14070129394531,33.933746337890625,30.636079788208008,23.391809463500977,16.637971878051758,17.19559097290039,17.977052688598633,15.048630714416504,10.299147605895996,6.8116631507873535,5.475809097290039,4.848646640777588,4.881553649902344,5.688045501708984,7.006017208099365,8.89893913269043,11.12439250946045,13.246977806091309,14.937310218811035,15.866666793823242,16.12781524658203,16.356029510498047,17.519071578979492,19.60784149169922,21.5023193359375,22.53119468688965,20.61431312561035,17.217710494995117,14.925569534301758,12.32426643371582,9.6924467086792,7.9392547607421875,6.120400905609131,3.948270797729492
