data/wind_data/wind_27_2.json
{"header": {"parameterUnit": "KT", "parameterCategory": 2, "nx": 256, "ny": 198, "lo1": 44.73521041870117, "la1": -3.236724853515625, "lo2": 111.26478576660156, "la2": 43.468475341796875, "dx": 0.2609002888202667, "dy": -0.23708222806453705, "refTime": "2025-02-20 03:00:00", "forecastTime": 0, "parameterNumber": 2, "parameterNumberName": "eastward_wind"}, "data":
[rows 95 to 113 of 198, columns 172 to 214 of 256]
-4.729549884796143,-5.984987735748291,-6.737239837646484,-6.193936347961426,-5.981656074523926,-6.674731254577637,-7.757958889007568,-7.785951614379883,-7.092188835144043,-6.918271541595459,-5.98292350769043,-4.511251926422119,-3.6597464084625244,-2.4100852012634277,-2.0908641815185547,-4.950417995452881,-10.006309509277344,-11.29326343536377,-12.012188911437988,-12.247064590454102,-11.072775840759277,-9.272966384887695,-8.64444351196289,-7.794744491577148,-7.502699851989746,-7.9474639892578125,-7.310541152954102,-6.670008182525635,-6.363849639892578,-3.7183427810668945,-2.394901752471924,-3.2280080318450928,-4.05867862701416,-4.161456108093262,-2.5350542068481445,0.4615853726863861,4.874637126922607,7.1805033683776855,8.416396141052246,2.8166873455047607,-0.42305827140808105,1.504761815071106,5.701920032501221
-4.636470317840576,-5.841583728790283,-6.110733985900879,-5.545287609100342,-5.871618747711182,-6.794761657714844,-7.816072940826416,-7.8547515869140625,-7.595810890197754,-7.725096225738525,-6.956251621246338,-5.443375587463379,-3.907526731491089,-2.591798782348633,-2.490741014480591,-3.7925057411193848,-8.373875617980957,-8.433541297912598,-10.509064674377441,-12.458199501037598,-11.628094673156738,-10.050660133361816,-8.146317481994629,-6.821900367736816,-6.728007793426514,-7.372209548950195,-7.706714630126953,-8.437689781188965,-7.539809703826904,-4.57521390914917,-2.6757500171661377,-4.791211128234863,-6.346877098083496,-6.270544052124023,-4.771725177764893,-1.009390950202942,1.545021653175354,4.133072853088379,5.9417219161987305,2.620464324951172,0.7996292114257812,-1.2596017122268677,3.9245126247406006
-4.8813090324401855,-5.778166770935059,-5.766584396362305,-5.287167072296143,-5.6071977615356445,-6.310166358947754,-7.316211223602295,-7.556954383850098,-7.726876735687256,-8.095381736755371,-7.798543453216553,-6.284468650817871,-3.702221393585205,-3.115081787109375,-3.701857328414917,-4.193048000335693,-6.307933807373047,-6.251733779907227,-10.735639572143555,-12.657096862792969,-12.253087043762207,-10.515209197998047,-8.941349029541016,-7.841956615447998,-7.388830184936523,-6.724285125732422,-7.795289516448975,-9.701741218566895,-9.288379669189453,-6.4671783447265625,-4.129770278930664,-5.865292549133301,-6.978335380554199,-6.230079174041748,-5.054079532623291,-1.9705872535705566,-0.079338438808918,2.0311195850372314,3.0354137420654297,0.8250471353530884,1.1368467807769775,0.5466230511665344,1.2637262344360352
-4.849441051483154,-5.712358474731445,-5.588281631469727,-4.877622604370117,-4.882011890411377,-5.316959857940674,-6.25979471206665,-6.961619853973389,-7.574023723602295,-8.132646560668945,-8.078818321228027,-6.3870439529418945,-2.884408712387085,-2.933818817138672,-4.996644496917725,-4.440816402435303,-5.285057544708252,-6.470855712890625,-9.639069557189941,-11.894725799560547,-12.61318302154541,-11.893733024597168,-9.953038215637207,-8.962553024291992,-8.171323776245117,-4.542377948760986,-7.36247444152832,-10.448362350463867,-11.28962516784668,-9.511041641235352,-7.223176002502441,-7.0421552658081055,-6.128602027893066,-5.746813774108887,-5.93231201171875,-4.629890441894531,-1.9762436151504517,0.809411883354187,2.3199520111083984,1.0261855125427246,0.9213489890098572,0.9557436108589172,-0.6913878917694092
-3.8261983394622803,-4.840904235839844,-4.663511276245117,-4.075704574584961,-3.6207962036132812,-3.799959182739258,-4.723089218139648,-6.019822120666504,-7.237890720367432,-7.891445159912109,-7.5331621170043945,-5.597719669342041,-1.9989728927612305,-1.50373113155365,-4.352167129516602,-3.2480592727661133,-3.5882725715637207,-6.63978910446167,-8.31411361694336,-10.603402137756348,-12.428677558898926,-12.659615516662598,-11.526926040649414,-9.772058486938477,-7.705928802490234,-4.7037200927734375,-6.897613048553467,-9.816493034362793,-10.616318702697754,-9.860052108764648,-8.828054428100586,-6.6539130210876465,-4.169901371002197,-4.440525531768799,-5.670230388641357,-5.417424201965332,-2.782639265060425,0.1372680515050888,2.6997971534729004,3.046038866043091,4.593832492828369,1.0260093212127686,-4.033341407775879
-1.677669644355774,-2.48437237739563,-2.588491439819336,-2.316519260406494,-2.101505756378174,-2.2291624546051025,-3.340682029724121,-5.08026647567749,-6.661198616027832,-7.26577615737915,-6.478458404541016,-4.28511381149292,-1.4842132329940796,1.439347505569458,1.184496521949768,-1.6426805257797241,-1.7369422912597656,-4.981416702270508,-6.653666019439697,-8.679142951965332,-11.241339683532715,-12.08769416809082,-11.741643905639648,-10.290283203125,-9.485370635986328,-9.36685848236084,-7.0651445388793945,-7.639964580535889,-8.138422966003418,-8.377415657043457,-7.623818397521973,-6.127874851226807,-3.5221474170684814,-2.984799385070801,-4.888864040374756,-4.299317836761475,-1.918735384941101,-0.27715930342674255,2.0284132957458496,3.9055514335632324,4.467313766479492,-2.100125789642334,-5.158647060394287
0.6420856714248657,0.1239795982837677,0.23773527145385742,0.5312581062316895,0.03045559488236904,-0.5088721513748169,-2.0181517601013184,-4.241682052612305,-5.895236015319824,-6.271766662597656,-5.222526550292969,-2.8227038383483887,-1.418145775794983,2.3609697818756104,5.256528854370117,2.2208189964294434,-0.4346741735935211,-2.6296145915985107,-4.271684646606445,-6.032382965087891,-8.59760856628418,-10.0797700881958,-9.918831825256348,-9.475044250488281,-9.298630714416504,-9.754535675048828,-6.513871669769287,-5.027693271636963,-4.053830146789551,-5.555588722229004,-5.428557395935059,-3.57729434967041,-0.38071587681770325,-0.8856773376464844,-2.9953482151031494,-2.840738534927368,-1.1146492958068848,-0.8240112066268921,0.6458358764648438,4.547621726989746,3.4920129776000977,-1.31626558303833,-3.942441463470459
2.9197306632995605,2.4353599548339844,2.2433218955993652,2.70002818107605,2.0804903507232666,1.423984408378601,-0.07709310203790665,-2.6867611408233643,-5.085055828094482,-5.461057662963867,-4.109549045562744,-1.5960824489593506,-1.201096534729004,0.7899953722953796,4.743649482727051,1.8527977466583252,0.2832942306995392,-0.6211397051811218,-1.5290043354034424,-2.9187843799591064,-5.278857707977295,-7.226763725280762,-6.954768657684326,-7.2369914054870605,-7.320016384124756,-7.411763668060303,-5.8304443359375,-5.057563304901123,-1.856792688369751,-1.433741569519043,-2.516247510910034,-0.7755972743034363,3.036226272583008,2.7388646602630615,0.03929326310753822,-1.0579743385314941,0.49008214473724365,0.5924071669578552,2.2109782695770264,5.255109786987305,4.977784156799316,0.9965490102767944,-2.1302003860473633
4.596062660217285,3.7016265392303467,3.4190731048583984,4.300434112548828,3.8271028995513916,3.0763561725616455,1.6960117816925049,-0.8162805438041687,-3.9098050594329834,-4.750724792480469,-3.17857027053833,-0.7185384631156921,0.1205802783370018,1.5441349744796753,3.6701602935791016,1.4637585878372192,0.9458369016647339,-0.04539607837796211,0.13913603127002716,-0.7161633372306824,-1.855294108390808,-4.392836093902588,-4.5066118240356445,-5.614990234375,-6.732818126678467,-6.9995927810668945,-6.29965353012085,-4.051917552947998,-0.6408092975616455,0.9502113461494446,0.5650467872619629,1.8476568460464478,6.116151809692383,6.334979057312012,2.8839223384857178,1.6286134719848633,3.5890610218048096,4.925540447235107,4.830118179321289,5.8665032386779785,6.963107109069824,3.2149407863616943,0.8621126413345337
5.625429630279541,4.869332790374756,4.479367256164551,5.375522613525391,5.164405345916748,4.462684154510498,3.2675023078918457,1.141545295715332,-2.4610214233398438,-4.0155510902404785,-2.3353960514068604,0.12584993243217468,1.629186987876892,3.8295421600341797,3.9094269275665283,3.642731189727783,2.4716241359710693,-0.48227789998054504,0.9615083932876587,0.845483660697937,0.47131356596946716,-1.4097415208816528,-1.9290380477905273,-2.7648961544036865,-3.946248769760132,-4.546351909637451,-4.570545673370361,-2.8670589923858643,1.1694402694702148,2.635411024093628,2.781043529510498,3.279695749282837,6.886401653289795,8.808995246887207,6.942175388336182,6.577415466308594,8.364513397216797,9.017807006835938,7.21018648147583,5.528743743896484,7.609735488891602,6.388943672180176,4.189696311950684
5.580171585083008,5.186897277832031,5.215494632720947,6.202655792236328,6.651301860809326,6.477162837982178,5.409714698791504,3.8766069412231445,0.1805637627840042,-2.9165570735931396,-1.4623754024505615,0.8593332767486572,2.459834098815918,4.876620769500732,4.969224452972412,5.671473503112793,3.54062819480896,-0.1269294023513794,0.47311991453170776,0.7558234333992004,2.558791160583496,0.8149856925010681,0.40204036235809326,0.527241587638855,-2.40065860748291,-3.5977399349212646,-2.7642674446105957,-1.4296255111694336,-0.5098570585250854,3.06736421585083,5.422914981842041,5.289271831512451,6.620608329772949,9.060552597045898,10.73718547821045,10.05244255065918,9.543914794921875,9.81514835357666,10.788689613342285,8.894660949707031,7.642250061035156,8.84579086303711,7.61059045791626
5.8153533935546875,5.9595160484313965,6.0533766746521,6.721508979797363,7.367050647735596,7.457575798034668,6.653589725494385,5.036720275878906,2.4137110710144043,-0.6479762196540833,-1.0676443576812744,1.1511815786361694,2.9796409606933594,4.756312847137451,6.289412498474121,6.703925609588623,5.757754325866699,1.4495439529418945,-1.3474225997924805,0.06276733428239822,2.9987292289733887,2.5081677436828613,2.1870386600494385,2.6898250579833984,-0.8508673310279846,-2.6322689056396484,-0.7903905510902405,0.2891157567501068,-0.27255287766456604,2.003819227218628,3.9901885986328125,7.03305196762085,9.247194290161133,10.65324592590332,11.306333541870117,11.331293106079102,11.506693840026855,11.879075050354004,11.920585632324219,14.563220024108887,12.195140838623047,9.36538314819336,10.121418952941895
2.8011157512664795,3.2654287815093994,3.918808937072754,5.013493061065674,5.866694450378418,6.298827171325684,6.0718841552734375,4.67839241027832,3.282768964767456,2.2643909454345703,1.2361036539077759,1.3423616886138916,2.9082093238830566,4.2889275550842285,6.7541327476501465,7.3999924659729,7.464787483215332,3.5547292232513428,-2.2438724040985107,-1.0218770503997803,1.5810998678207397,3.2209272384643555,4.534164905548096,4.6088337898254395,0.8622437715530396,-1.7981754541397095,0.31288447976112366,1.627153754234314,1.8691993951797485,3.4193925857543945,7.361985683441162,10.75953483581543,11.460055351257324,11.503240585327148,12.613598823547363,14.079316139221191,14.544587135314941,13.746367454528809,13.094253540039062,14.05842113494873,16.76795196533203,13.001236915588379,10.840954780578613
-1.004088282585144,0.7354831099510193,2.603691577911377,4.321371078491211,5.186067581176758,4.9789137840271,3.6730363368988037,2.3464434146881104,2.2392730712890625,1.6095216274261475,-1.0700101852416992,-2.760136842727661,-0.007336433511227369,3.78471302986145,6.429603099822998,8.647115707397461,9.4130277633667,6.8713297843933105,-0.4257422387599945,-3.7630600929260254,-2.2246851921081543,1.3906182050704956,3.3220956325531006,2.850330352783203,1.606679916381836,0.03730130195617676,0.09174489974975586,2.020930051803589,3.1437833309173584,2.2308638095855713,7.2206525802612305,11.556426048278809,13.870931625366211,12.931839942932129,13.80205249786377,15.818429946899414,13.258474349975586,11.22851276397705,13.496562004089355,15.734636306762695,16.935440063476562,17.972797393798828,17.492855072021484
-3.7960495948791504,-1.2597635984420776,0.6753398776054382,1.9047858715057373,2.3049187660217285,1.5557200908660889,0.644126296043396,0.4195522964000702,-0.14972254633903503,-1.0599826574325562,-3.3846988677978516,-4.76491641998291,-3.63002610206604,-0.26090386509895325,5.465393543243408,9.567255973815918,11.744794845581055,12.462983131408691,5.239509582519531,-4.455883979797363,-5.495521068572998,-2.794949769973755,-1.8267381191253662,-1.0806313753128052,-0.06978628039360046,0.7234134674072266,-0.13278062641620636,2.0132806301116943,0.9480951428413391,-1.7282390594482422,4.811853885650635,10.218710899353027,13.777164459228516,12.273913383483887,13.031266212463379,14.752089500427246,14.003087043762207,12.169540405273438,14.997221946716309,16.885353088378906,17.72825050354004,18.26946258544922,18.675922393798828
-5.569269180297852,-2.9462807178497314,-0.8915978670120239,-1.1039727926254272,-2.7173898220062256,-4.046680927276611,-4.979763507843018,-4.781878471374512,-4.491662502288818,-3.9782168865203857,-3.5188188552856445,-3.0933306217193604,-2.7041592597961426,-0.2699233889579773,3.938326120376587,8.371292114257812,12.625715255737305,13.659268379211426,13.101858139038086,1.7756619453430176,-6.752591609954834,-6.909431457519531,-5.529548645019531,-2.868798017501831,-0.47555088996887207,0.7807798981666565,0.8795209527015686,1.8477270603179932,-3.2578372955322266,-4.653226852416992,1.6898014545440674,10.068602561950684,13.978665351867676,13.236433029174805,14.59225845336914,15.397248268127441,15.055563926696777,15.669473648071289,17.788511276245117,20.00112533569336,20.174148559570312,18.528127670288086,18.08769416809082
-5.3568291664123535,-3.981978178024292,-1.5945791006088257,-0.666842520236969,-3.5209784507751465,-5.910954475402832,-6.1059675216674805,-5.488804817199707,-5.627774238586426,-4.319998264312744,-1.6863856315612793,0.9614656567573547,1.72382390499115,0.6230334043502808,2.4491255283355713,6.870212554931641,10.253334999084473,13.765457153320312,14.529765129089355,11.035743713378906,-1.9570082426071167,-8.189867973327637,-5.537063121795654,-3.557520866394043,-1.7992050647735596,-1.026229739189148,-0.22348235547542572,0.9971561431884766,-3.948539972305298,-6.223691463470459,-0.11495320498943329,8.638933181762695,14.488975524902344,12.592185974121094,12.1804838180542,14.01539421081543,13.557719230651855,15.260518074035645,17.78803253173828,20.00049591064453,19.480215072631836,18.883323669433594,18.321876525878906
-4.827956199645996,-2.5902864933013916,-0.7006239295005798,0.7785524129867554,2.027869701385498,2.11194109916687,3.482419013977051,5.111979961395264,4.646535873413086,4.171170711517334,5.1562018394470215,9.039421081542969,4.112387657165527,-0.5341628789901733,1.0893560647964478,5.657712459564209,10.429515838623047,14.016509056091309,15.85246753692627,16.03512191772461,5.211256504058838,-7.3261027336120605,-7.063547611236572,-5.121507167816162,-3.365744113922119,-2.908740997314453,-0.9123228192329407,1.9011874198913574,0.23676206171512604,-1.9681169986724854,0.6880970597267151,5.797277450561523,10.626877784729004,12.616081237792969,10.326363563537598,11.468756675720215,14.486115455627441,17.5733585357666,19.489131927490234,19.277198791503906,18.250638961791992,17.715436935424805,16.3487548828125
-4.9895172119140625,-2.432258367538452,1.1129847764968872,1.5436930656433105,2.2562644481658936,4.0095953941345215,6.78173828125,9.351855278015137,10.522536277770996,10.829728126525879,10.271261215209961,6.057739734649658,-0.4814628064632416,-1.8171006441116333,0.3786768317222595,3.006046772003174,10.024226188659668,15.492227554321289,15.477699279785156,14.590808868408203,11.108048439025879,-0.053179945796728134,-7.72666072845459,-6.148056507110596,-4.269160270690918,-5.601190090179443,-3.337211847305298,-0.5569978952407837,0.7981658577919006,-2.067465305328369,-3.947909355163574,0.7950921654701233,6.353220462799072,11.356889724731445,9.845718383789062,9.599499702453613,12.322083473205566,15.625075340270996,18.214191436767578,15.29159927368164,13.783616065979004,15.969341278076172,15.510618209838867
