data/wind_data/wind_25_3.json
{"header": {"parameterUnit": "KT", "parameterCategory": 2, "nx": 256, "ny": 198, "lo1": 44.73521041870117, "la1": -3.236724853515625, "lo2": 111.26478576660156, "la2": 43.468475341796875, "dx": 0.2609002888202667, "dy": -0.23708222806453705, "refTime": "2025-02-20 01:00:00", "forecastTime": 0, "parameterNumber": 2, "parameterNumberName": "eastward_wind"}, "data":
[rows 0 to 18 of 198, columns 132 to 175 of 256]
3.7743659019470215,3.697345495223999,3.7247283458709717,3.798095941543579,3.808652400970459,3.8233907222747803,3.906005620956421,4.059882640838623,4.333101272583008,4.625364303588867,4.859573841094971,5.131071090698242,5.476643085479736,5.84981107711792,6.249772548675537,6.623286724090576,6.967910289764404,7.173480033874512,7.238765716552734,7.231945991516113,7.166372299194336,7.183511734008789,7.235021114349365,7.1605448722839355,7.057552337646484,7.137260913848877,7.263822555541992,7.290423393249512,7.2638397216796875,7.194748878479004,7.064303874969482,6.812758922576904,6.6640706062316895,6.757822513580322,6.7656073570251465,6.580666542053223,6.552891254425049,6.727223873138428,6.954627513885498,7.226329326629639,7.3765869140625,7.4379658699035645,7.635897159576416,7.870665550231934
3.3666439056396484,3.360344648361206,3.374830961227417,3.4166769981384277,3.426513671875,3.4968883991241455,3.6980254650115967,3.9205291271209717,4.224036693572998,4.519315242767334,4.6930036544799805,4.968235492706299,5.42091178894043,5.806248664855957,6.0510029792785645,6.302434921264648,6.547178268432617,6.581567287445068,6.456319808959961,6.433707237243652,6.445122241973877,6.414783477783203,6.341909408569336,6.201259613037109,6.042893409729004,5.995398998260498,6.025097846984863,5.9492902755737305,5.83329439163208,5.768643379211426,5.630284309387207,5.3571906089782715,5.303643226623535,5.574960231781006,5.705460071563721,5.640938758850098,5.747612953186035,6.0620293617248535,6.393375873565674,6.656371593475342,6.840632438659668,7.0373921394348145,7.210900783538818,7.261521816253662
2.7486798763275146,2.71061372756958,2.6995749473571777,2.721102714538574,2.724001407623291,2.804502248764038,2.999425172805786,3.1685454845428467,3.4552621841430664,3.792228937149048,4.04151725769043,4.308166027069092,4.626242160797119,4.881531238555908,5.042183876037598,5.274199485778809,5.459349632263184,5.370490074157715,5.2186503410339355,5.334429740905762,5.422606945037842,5.277795314788818,5.067549228668213,4.835855007171631,4.61984920501709,4.482577323913574,4.40471887588501,4.387996673583984,4.456197261810303,4.643224239349365,4.817549705505371,4.857197284698486,4.979570388793945,5.286303997039795,5.416276454925537,5.319401264190674,5.318388938903809,5.430147647857666,5.660227298736572,5.983749866485596,6.166782379150391,6.2162699699401855,6.276639938354492,6.388587474822998
2.241269826889038,2.1219778060913086,2.02549147605896,1.960290789604187,1.9379242658615112,2.0257351398468018,2.4211952686309814,2.3283143043518066,2.553744077682495,3.0418541431427,3.360520124435425,3.589979410171509,3.734546661376953,3.8389720916748047,3.956528902053833,4.227420806884766,4.3192901611328125,4.070816993713379,3.9731833934783936,4.101147651672363,4.162952899932861,3.9920995235443115,3.6447854042053223,3.317934274673462,3.2046608924865723,3.1186647415161133,2.964784622192383,3.080927848815918,3.411107063293457,3.8287954330444336,4.252607822418213,4.563915252685547,4.83733606338501,5.04747200012207,5.022158622741699,4.849242687225342,4.837374210357666,4.912853240966797,5.102381706237793,5.349036693572998,5.350831508636475,5.257668495178223,5.225725173950195,5.334173679351807
2.227897882461548,2.0968191623687744,1.8423691987991333,1.619816541671753,1.4119566679000854,1.100566029548645,3.164287567138672,0.9439747333526611,1.9656107425689697,3.1203744411468506,3.113891363143921,3.1855082511901855,3.2066760063171387,3.405898094177246,3.736828088760376,4.257729530334473,4.0087151527404785,3.3741819858551025,4.304745197296143,1.9676570892333984,1.9871946573257446,3.232264995574951,1.8666918277740479,1.5858768224716187,1.8882807493209839,1.874975562095642,1.710107684135437,2.405475616455078,3.121432065963745,3.33890700340271,3.5215682983398438,3.76664400100708,4.37654447555542,4.169174671173096,3.16558575630188,2.695004940032959,3.4106929302215576,4.336628437042236,4.640856742858887,4.06830358505249,3.5782253742218018,3.4209325313568115,3.0747435092926025,2.7306745052337646
2.090907335281372,2.0098378658294678,2.095749855041504,1.9672667980194092,1.6452932357788086,1.317764401435852,0.6831872463226318,1.1005239486694336,1.8147013187408447,3.1847774982452393,2.9346044063568115,2.663724422454834,2.3015389442443848,2.9146740436553955,3.0005693435668945,3.0642831325531006,1.9243708848953247,1.477208137512207,1.405943512916565,0.6627119779586792,0.7812578082084656,2.098393201828003,1.627545952796936,0.2943606972694397,0.6551080942153931,0.9587825536727905,1.0930514335632324,2.4988644123077393,2.7063024044036865,1.6836644411087036,2.20064377784729,2.04339337348938,2.798774480819702,2.966071844100952,3.271261692047119,2.278590202331543,3.3934407234191895,4.419938087463379,4.69825553894043,2.892951250076294,2.6602838039398193,2.813474178314209,2.3656373023986816,2.47566556930542
1.4714022874832153,1.4731944799423218,1.7431279420852661,1.82157301902771,1.4842673540115356,1.0548549890518188,0.8719664812088013,1.4356820583343506,1.489249348640442,1.2810732126235962,1.1450705528259277,1.6787432432174683,1.1486097574234009,1.3604748249053955,1.9352346658706665,2.295870780944824,0.3681386709213257,0.3827124834060669,1.2627769708633423,1.2139942646026611,0.9629379510879517,0.6254203915596008,0.3055540919303894,-0.3585825264453888,-0.3157336413860321,-0.08794915676116943,0.7760656476020813,1.2304576635360718,4.385267734527588,-0.14619353413581848,1.6117569208145142,1.3054510354995728,1.7853306531906128,3.62638783454895,4.446229457855225,2.542782783508301,2.6156187057495117,3.3623218536376953,2.8131792545318604,2.9879331588745117,3.4342072010040283,2.7106001377105713,2.4854001998901367,3.0729613304138184
0.6909902691841125,1.0380280017852783,1.2373285293579102,1.4995089769363403,1.6324249505996704,0.9488183259963989,1.0156134366989136,1.206056833267212,0.03710925951600075,-0.34358271956443787,0.2862990200519562,1.4697662591934204,0.45756351947784424,0.18770380318164825,1.0143288373947144,1.7619452476501465,1.3713016510009766,0.520431399345398,0.12049298733472824,-0.6754024624824524,0.6918047070503235,0.463827520608902,2.8446621894836426,-0.45627909898757935,-0.9866294860839844,-0.7533080577850342,-0.5337119698524475,-0.2596856653690338,1.0528632402420044,0.7552288770675659,2.339078664779663,1.8413702249526978,1.6535546779632568,3.5287508964538574,3.0944135189056396,1.8770312070846558,2.3424956798553467,3.3107411861419678,2.875917673110962,2.9060375690460205,3.399226665496826,2.0778861045837402,3.544735908508301,3.0080082416534424
-0.3506830334663391,0.46051862835884094,0.3062707185745239,1.1399757862091064,1.756199836730957,1.4079879522323608,0.43801552057266235,-0.4471313953399658,-0.5257959365844727,-0.8741810917854309,-0.7153920531272888,0.2727941870689392,0.08360130339860916,0.7692104578018188,0.18620547652244568,0.20673325657844543,0.633821427822113,0.3938204348087311,0.13076502084732056,-1.2832468748092651,4.715212345123291,0.613226056098938,1.5898463726043701,0.4594592750072479,-0.9053979516029358,-0.6161566972732544,-0.6021177768707275,-0.37388283014297485,0.6516692638397217,0.8263359665870667,1.7995004653930664,2.001739025115967,2.252117872238159,2.465553045272827,1.7691447734832764,1.7884889841079712,1.9855782985687256,2.8007967472076416,2.401700496673584,2.501328229904175,3.0432486534118652,2.248185873031616,2.456824541091919,3.438009738922119
-1.6425673961639404,-0.6184309720993042,0.5805702805519104,1.6695983409881592,1.9282035827636719,1.7244699001312256,0.2178506702184677,-1.281754970550537,-1.5442225933074951,-1.9112077951431274,-1.1229428052902222,-1.0835868120193481,-0.6667959690093994,-0.1621427983045578,-0.4306176006793976,0.3614480793476105,0.0989634096622467,0.6327738761901855,1.681148886680603,0.44815966486930847,-0.0927581936120987,-1.4172947406768799,0.6361461877822876,0.8920680284500122,-0.6209807395935059,0.8540056347846985,0.7468523979187012,-0.5747330188751221,0.07165446132421494,0.43027037382125854,0.846233606338501,1.1513389348983765,1.8879846334457397,2.0314719676971436,1.5192075967788696,1.695957064628601,1.2853786945343018,2.5009942054748535,2.092355489730835,1.4069297313690186,3.710244655609131,2.1687467098236084,3.5367650985717773,4.282151699066162
-0.9240401983261108,0.4954201877117157,2.2043333053588867,1.3776456117630005,-0.7180182933807373,-1.6320103406906128,-2.1480519771575928,-2.041858673095703,-2.5333592891693115,-2.752458095550537,-1.618613362312317,-2.0301713943481445,-1.4873782396316528,-1.3063890933990479,-1.397452473640442,-1.0205615758895874,-0.08934734016656876,0.590630829334259,0.5278875827789307,-0.3451715409755707,-1.3224234580993652,-1.6839312314987183,-0.06383877992630005,0.10566312819719315,0.021191559731960297,0.5057069063186646,0.05448935180902481,-1.076890468597412,-0.9609462022781372,-0.5536298751831055,-0.35926729440689087,0.4077897071838379,1.5222339630126953,1.9942364692687988,1.2763465642929077,1.278725266456604,1.124796986579895,1.8275281190872192,1.840381383895874,-0.08237234503030777,3.189436912536621,4.396634101867676,3.2756481170654297,3.9122085571289062
1.8085944652557373,1.8602412939071655,0.6645871996879578,-2.1944234371185303,-2.9586775302886963,-2.953608512878418,-2.9122297763824463,-2.7641375064849854,-2.9870622158050537,-3.452772378921509,-4.308712482452393,-3.586839437484741,-2.091447353363037,-2.17926025390625,-2.9498932361602783,-2.405078649520874,-0.5886368751525879,-0.784864604473114,-0.8051766157150269,-0.584644079208374,-1.8703136444091797,-2.3120670318603516,-1.2256512641906738,-0.3711686432361603,-0.1852513700723648,-0.928865373134613,-0.6705727577209473,-1.1863598823547363,-1.2976951599121094,-1.138154149055481,-0.3894716501235962,0.269822895526886,0.5142120122909546,1.7936815023422241,2.05599045753479,1.4951634407043457,1.7104548215866089,1.2498689889907837,1.7683521509170532,-1.0308260917663574,3.399627685546875,3.2389683723449707,1.3062480688095093,2.7663745880126953
-0.3720480501651764,-0.11901063472032547,-0.18530872464179993,-1.6496753692626953,-2.613753080368042,-2.8449597358703613,-3.3749754428863525,-3.308018207550049,-3.450204610824585,-4.705849647521973,-5.117546081542969,-3.5810635089874268,-2.8270139694213867,-3.2387375831604004,-3.1994919776916504,-2.961744546890259,-2.0874698162078857,-1.3299082517623901,-1.3327546119689941,-1.7219895124435425,-2.775707721710205,-2.9246408939361572,-1.9338716268539429,-0.95576012134552,-0.5329422354698181,-0.729841947555542,-1.3512928485870361,-1.0836918354034424,-1.2004811763763428,-0.46149545907974243,0.364579975605011,-0.19568364322185516,-0.9303109645843506,1.9957433938980103,3.9301271438598633,3.4626357555389404,3.0620715618133545,1.1505922079086304,1.742685317993164,2.117044448852539,2.3021399974823,1.9212185144424438,0.48899275064468384,1.0074446201324463
-1.178380012512207,-1.1448590755462646,-0.98982173204422,-1.800713062286377,-2.247476816177368,-3.0153086185455322,-4.064937591552734,-3.568711757659912,-3.5543673038482666,-5.451597213745117,-5.965330600738525,-3.966259002685547,-2.5446600914001465,-2.91672420501709,-3.2374935150146484,-2.56040096282959,-3.1276562213897705,-2.895996570587158,-2.9676284790039062,-3.109250545501709,-3.2576394081115723,-2.93171763420105,-1.9645732641220093,-1.538859486579895,-0.9887893795967102,-1.1033198833465576,-0.7217976450920105,-0.18363359570503235,-0.4385022222995758,0.16729280352592468,-0.43271028995513916,-2.0083231925964355,-2.0309369564056396,-0.007488931063562632,3.9278972148895264,3.9325690269470215,4.091738224029541,2.296018362045288,0.38628271222114563,0.026830272749066353,1.3311326503753662,0.3188523054122925,1.8226081132888794,0.06361617147922516
-1.5163695812225342,-0.5969737768173218,-0.2716531753540039,-3.730391025543213,-1.9463744163513184,-3.558697462081909,-3.9681358337402344,-4.028796195983887,-3.9492833614349365,-5.006624698638916,-5.7362470626831055,-4.468044757843018,-2.8791518211364746,-3.3481361865997314,-3.865557909011841,-2.7878570556640625,-4.066460132598877,-4.238317489624023,-4.1298933029174805,-3.7874958515167236,-3.3231163024902344,-2.7576794624328613,-2.053300142288208,-1.4309494495391846,-1.0624620914459229,-1.1975352764129639,-0.7130659818649292,-0.0718371719121933,0.7522972822189331,0.882354736328125,-0.10074173659086227,-0.36842554807662964,0.4432913661003113,-5.819194793701172,2.0104305744171143,-0.05666913837194443,1.9818990230560303,1.9326850175857544,0.7703349590301514,-0.7330399751663208,-0.5997048020362854,0.44598549604415894,0.24792954325675964,1.1262691020965576
-0.8241839408874512,-0.4142521619796753,-1.9676241874694824,-3.009136199951172,-2.477736234664917,-3.1971018314361572,-3.825286865234375,-4.1131391525268555,-3.7494373321533203,-4.130252361297607,-5.294840335845947,-5.8647966384887695,-4.909611701965332,-3.9625232219696045,-3.700963020324707,-3.9593300819396973,-5.1878838539123535,-5.01133394241333,-4.337789058685303,-3.6655588150024414,-3.0999982357025146,-2.7045340538024902,-1.9341832399368286,-0.7632724642753601,-0.6741529703140259,-1.7228974103927612,-1.8717690706253052,-1.0640636682510376,0.8768371343612671,0.6837630271911621,1.480649471282959,0.9622196555137634,1.7694928646087646,-3.7950212955474854,-2.2812836170196533,-1.8377015590667725,-0.9738917350769043,0.6126103401184082,0.8835366368293762,0.3983956277370453,-0.09477093815803528,-0.5200786590576172,-5.343837261199951,4.421230792999268
-0.9361104369163513,-0.4618639051914215,-3.389773368835449,-3.9846630096435547,-2.868985176086426,-3.191897392272949,-3.6510255336761475,-4.172968864440918,-4.0038161277771,-3.9401845932006836,-5.3630757331848145,-6.384446620941162,-5.5242486000061035,-5.167335510253906,-3.8695223331451416,-4.56940221786499,-5.193692207336426,-4.668140411376953,-4.175668239593506,-3.6490910053253174,-2.780177593231201,-1.7534358501434326,-1.2139921188354492,-0.26371338963508606,0.18323394656181335,-2.6846108436584473,-3.9753994941711426,-4.3196892738342285,-6.016932010650635,-8.340768814086914,0.808583676815033,2.006718158721924,2.269554615020752,1.5037734508514404,-0.6883852481842041,-3.484565019607544,-1.7509864568710327,-0.3119906485080719,0.174705371260643,1.4706441164016724,1.087196707725525,0.04688280448317528,-1.4994697570800781,0.4991610646247864
-2.3939571380615234,-2.7142908573150635,-3.654003620147705,-3.4703621864318848,-2.953108549118042,-2.8002750873565674,-3.380566358566284,-4.192051410675049,-4.220353603363037,-4.259189605712891,-4.346829891204834,-4.499644756317139,-6.229610919952393,-5.74267578125,-5.734780788421631,-4.547933101654053,-4.839338302612305,-3.8824100494384766,-3.166994094848633,-2.582397222518921,-2.020292043685913,-1.2113049030303955,-2.211858034133911,-2.626246929168701,0.6417238116264343,-1.8382058143615723,-6.259746074676514,-10.817215919494629,-9.520044326782227,-5.261688232421875,-4.039433479309082,-2.7440426349639893,-0.6113677620887756,0.2596087157726288,-0.8557044863700867,-2.1483981609344482,-1.9711813926696777,-2.2860825061798096,-1.311974048614502,3.0819191932678223,3.2541351318359375,1.2023462057113647,0.06774924695491791,2.042043685913086
-3.6890461444854736,-3.343733787536621,-2.614001989364624,-2.3523590564727783,-2.592344045639038,-3.3172194957733154,-3.864758014678955,-4.643418788909912,-2.181166172027588,-5.015273094177246,-4.002198696136475,-4.132709980010986,-6.438675403594971,-9.504022598266602,-5.027012825012207,-4.299821376800537,-5.519257545471191,-3.451889753341675,-1.5991487503051758,-1.7971205711364746,-2.424159049987793,-3.4763002395629883,-6.730210781097412,-5.036683559417725,-2.594383955001831,-4.737044811248779,-3.2954392433166504,-4.576409816741943,-4.220187187194824,-4.0217061042785645,-4.763396263122559,-4.796787261962891,-2.821349859237671,-1.4483528137207031,-1.5076782703399658,-2.021989345550537,-3.3695902824401855,-4.645725250244141,-1.8443297147750854,0.7792335748672485,3.2234768867492676,1.9957422018051147,-0.33072030544281006,1.5300486087799072
