data/wind_data/wind_51_2.json
{"header": {"parameterUnit": "KT", "parameterCategory": 2, "nx": 256, "ny": 198, "lo1": 44.73521041870117, "la1": -3.236724853515625, "lo2": 111.26478576660156, "la2": 43.468475341796875, "dx": 0.2609002888202667, "dy": -0.23708222806453705, "refTime": "2025-02-21 03:00:00", "forecastTime": 0, "parameterNumber": 2, "parameterNumberName": "eastward_wind"}, "data":
[rows 152 to 170 of 198, columns 0 to 42 of 256]
15.367707252502441,14.003911972045898,11.760435104370117,10.255149841308594,11.344518661499023,15.812994003295898,21.655284881591797,22.38679313659668,19.03265953063965,17.908769607543945,18.545169830322266,19.908023834228516,19.409320831298828,18.659366607666016,19.072128295898438,22.482044219970703,25.956195831298828,26.909635543823242,26.53658676147461,25.054706573486328,24.618005752563477,27.168886184692383,30.197795867919922,29.89588737487793,32.17586898803711,22.59032440185547,4.046304702758789,1.4885001182556152,3.166161298751831,2.8779094219207764,4.701240062713623,6.923451900482178,8.107918739318848,12.131460189819336,15.474709510803223,14.319101333618164,11.858403205871582,10.609307289123535,11.782731056213379,14.727940559387207,16.911062240600586,14.997607231140137,11.273971557617188
14.460617065429688,12.91777515411377,11.351551055908203,10.253134727478027,10.403685569763184,16.68326187133789,23.027570724487305,24.083049774169922,19.207469940185547,18.25400733947754,18.326961517333984,18.900897979736328,19.6004695892334,18.709415435791016,17.794208526611328,22.307878494262695,25.401012420654297,27.59429359436035,27.961814880371094,26.897171020507812,28.630706787109375,30.593406677246094,29.18104362487793,20.2515926361084,16.90007209777832,10.86918830871582,4.576473712921143,5.462985515594482,6.386692523956299,6.521128177642822,6.406406402587891,6.467484951019287,7.220855712890625,13.518122673034668,18.012676239013672,15.706119537353516,13.220748901367188,12.373663902282715,12.056782722473145,13.241745948791504,14.726354598999023,12.699106216430664,8.86182975769043
13.613778114318848,12.16085433959961,11.130021095275879,10.006430625915527,9.537151336669922,16.761381149291992,22.637052536010742,24.529802322387695,24.90148162841797,22.403024673461914,16.67888641357422,15.70198917388916,19.35854721069336,20.950929641723633,20.287687301635742,21.02596664428711,25.08180046081543,25.066415786743164,24.611616134643555,24.440031051635742,26.646583557128906,27.287487030029297,23.808168411254883,14.291272163391113,9.639607429504395,8.916362762451172,9.17623519897461,10.804035186767578,14.096917152404785,14.842666625976562,10.670975685119629,6.5622172355651855,8.915821075439453,16.31878662109375,16.29925537109375,13.556086540222168,12.125815391540527,11.618461608886719,10.85642147064209,10.774645805358887,9.984241485595703,6.645028114318848,4.227503776550293
12.957296371459961,12.183738708496094,11.84263801574707,11.332343101501465,10.458081245422363,15.866005897521973,21.981760025024414,28.011409759521484,26.938806533813477,24.98832130432129,19.138431549072266,17.59982681274414,19.462759017944336,22.434757232666016,22.459115982055664,21.67344093322754,23.848875045776367,22.371490478515625,21.16274070739746,23.88613510131836,24.059083938598633,21.382083892822266,17.37928581237793,14.159431457519531,12.535200119018555,11.194944381713867,8.832085609436035,7.517963409423828,7.06600284576416,3.402679204940796,0.20735983550548553,-0.7306453585624695,2.1013336181640625,6.625582218170166,10.371068000793457,11.61950397491455,11.007513046264648,10.563159942626953,7.53164005279541,3.780404567718506,2.139738082885742,1.0945475101470947,1.519907832145691
9.435674667358398,10.441038131713867,11.44456958770752,12.850634574890137,11.75302505493164,15.163851737976074,21.015405654907227,30.97342300415039,29.389421463012695,23.457542419433594,23.32575798034668,21.66317367553711,19.841033935546875,21.931734085083008,22.863483428955078,22.89409828186035,23.326099395751953,24.937969207763672,28.732938766479492,30.68143081665039,29.877798080444336,23.688100814819336,15.724815368652344,11.807818412780762,8.194009780883789,5.002039432525635,-0.3755802512168884,-3.6686651706695557,-3.7087302207946777,-2.240417003631592,-1.9212647676467896,-1.4666212797164917,-1.7164311408996582,-1.3785370588302612,-0.06835149228572845,4.7196364402771,11.28552532196045,15.242424964904785,13.236101150512695,2.2611403465270996,-5.077505111694336,-4.33051061630249,-2.448941230773926
6.435642242431641,8.08253288269043,10.11439323425293,11.731720924377441,11.87022876739502,17.480533599853516,22.32971954345703,28.452892303466797,34.198997497558594,25.751710891723633,21.90802764892578,22.256296157836914,18.99557113647461,19.96507453918457,21.622243881225586,22.14986228942871,23.672657012939453,26.153093338012695,29.080656051635742,31.42218780517578,28.137256622314453,18.591766357421875,6.248170375823975,1.3242957592010498,1.7286227941513062,-1.066324234008789,-5.213507175445557,-6.803719997406006,-3.978419780731201,-0.34465548396110535,1.8298770189285278,5.519911289215088,7.739239692687988,-0.559528112411499,1.1033101081848145,7.298691272735596,12.438251495361328,15.704145431518555,15.487224578857422,6.422473907470703,-2.745119571685791,-5.9674763679504395,-5.81478214263916
5.554469585418701,6.870166301727295,9.00238037109375,11.359663963317871,13.072283744812012,20.476451873779297,24.81953239440918,26.79542350769043,32.35570526123047,32.37102508544922,22.54845428466797,19.967519760131836,18.11260223388672,16.82526397705078,17.375242233276367,19.539409637451172,22.05611228942871,26.030202865600586,26.896503448486328,23.802637100219727,15.51769733428955,5.826144695281982,1.5326892137527466,-1.5571434497833252,-2.7994565963745117,-5.036618709564209,-7.997525691986084,-7.7662553787231445,-2.326594352722168,5.644693374633789,10.314007759094238,15.354937553405762,15.483461380004883,7.239501953125,4.42965841293335,8.278596878051758,11.148978233337402,5.652702331542969,4.407658100128174,3.80421781539917,4.126144886016846,0.9851285219192505,-4.172964572906494
4.529046535491943,5.342155933380127,8.766976356506348,12.163475036621094,14.38911247253418,21.474084854125977,28.16960334777832,28.436790466308594,29.7936954498291,32.6611328125,25.628826141357422,19.528745651245117,16.75710678100586,15.522173881530762,14.876291275024414,17.278547286987305,19.778060913085938,21.915067672729492,16.95795249938965,9.145187377929688,3.7243194580078125,0.6406289935112,-0.28332415223121643,-5.29904317855835,-5.966290473937988,0.17769068479537964,1.0697733163833618,1.5907669067382812,8.629840850830078,18.970291137695312,22.932104110717773,27.559558868408203,26.868133544921875,18.292884826660156,13.372076034545898,12.283622741699219,4.677932262420654,-4.101131439208984,-4.2471184730529785,-2.7319552898406982,1.5300302505493164,3.6162376403808594,-1.1581535339355469
3.591752529144287,4.734805107116699,8.976146697998047,12.44554328918457,16.006256103515625,22.057157516479492,30.424137115478516,30.499277114868164,27.626394271850586,30.35306167602539,23.002714157104492,15.461783409118652,14.175376892089844,13.144524574279785,11.779214859008789,13.49332332611084,15.047502517700195,17.368593215942383,13.685364723205566,3.415703535079956,-1.1273059844970703,-0.6537788510322571,-3.40388822555542,-3.0818605422973633,3.6439476013183594,13.317907333374023,19.648204803466797,22.421316146850586,26.411514282226562,25.789825439453125,25.383726119995117,18.136154174804688,8.539324760437012,6.901635646820068,9.915841102600098,10.086959838867188,-2.158595085144043,-7.870924949645996,-3.9158029556274414,-3.6017303466796875,1.1188403367996216,3.8930513858795166,1.238507628440857
2.7125134468078613,9.585103988647461,10.93482780456543,15.1087007522583,19.09903907775879,24.292190551757812,30.99192237854004,29.160537719726562,25.25383949279785,26.726045608520508,21.284019470214844,10.721752166748047,7.842716693878174,7.882361888885498,8.218356132507324,11.618290901184082,12.085386276245117,19.165164947509766,12.43864631652832,-2.0214648246765137,-4.029865264892578,-4.401005268096924,-0.5991575121879578,10.222315788269043,21.516036987304688,25.267520904541016,18.520172119140625,15.547297477722168,12.037875175476074,8.720328330993652,7.91431188583374,6.2151570320129395,2.725961923599243,1.3829491138458252,4.389487266540527,7.513399124145508,3.293684244155884,-4.50278377532959,-7.263801574707031,-5.740922927856445,1.077556848526001,3.812077283859253,-0.12021727114915848
5.537444591522217,9.856407165527344,13.673295021057129,21.432476043701172,24.641563415527344,26.298255920410156,28.853900909423828,25.564525604248047,23.672449111938477,24.658756256103516,28.29190444946289,19.02976417541504,9.265936851501465,7.450979709625244,7.561273574829102,8.757940292358398,14.919785499572754,10.905550956726074,-1.1913331747055054,-3.6118602752685547,-2.9925434589385986,-0.43504735827445984,11.016292572021484,26.834829330444336,18.629467010498047,6.922138690948486,2.2558982372283936,3.411957025527954,4.870567321777344,5.100261211395264,5.368974685668945,2.1170337200164795,2.277369976043701,0.9597107172012329,0.9422063231468201,1.5465657711029053,2.6243889331817627,6.21672248840332,7.068942070007324,3.837798833847046,1.078324317932129,-1.4448721408843994,-3.973168134689331
8.486525535583496,11.223372459411621,16.31403923034668,23.453571319580078,27.64525032043457,27.686681747436523,24.731569290161133,21.15993309020996,22.760801315307617,25.550504684448242,29.967342376708984,28.67805290222168,15.11217212677002,6.905150413513184,5.5484395027160645,7.431119441986084,5.046008586883545,-6.085286617279053,-9.004998207092285,-5.880616664886475,-3.2238810062408447,-2.262502670288086,3.5014779567718506,7.319034099578857,1.2593894004821777,-1.2821346521377563,1.9149744510650635,3.8811471462249756,2.345319986343384,-2.010956287384033,-0.9769165515899658,-1.7547409534454346,-1.464234471321106,-0.33528485894203186,2.396461009979248,2.35099196434021,0.7085690498352051,0.6251315474510193,1.3196266889572144,0.14950932562351227,-0.6933942437171936,-2.712641716003418,-6.568486213684082
10.674070358276367,15.453689575195312,18.12111473083496,20.02361297607422,23.865625381469727,24.38787269592285,19.7029972076416,18.701208114624023,24.026395797729492,26.71442985534668,31.778522491455078,22.58011245727539,6.794378757476807,0.9003413915634155,5.825114727020264,4.265555381774902,-12.127349853515625,-13.239803314208984,-9.447728157043457,-3.846514940261841,-0.20395849645137787,1.3865318298339844,2.3210387229919434,2.375286817550659,-5.5156450271606445,-10.11663818359375,-6.96449613571167,-3.4447872638702393,-0.007051074877381325,-0.45948290824890137,-4.597951412200928,-2.653754472732544,0.9689484238624573,2.4236795902252197,5.158786773681641,7.812452793121338,9.499493598937988,7.713718891143799,4.803784370422363,3.5083043575286865,-0.722975492477417,-5.0847554206848145,-2.447981834411621
11.933384895324707,18.465709686279297,17.07155990600586,13.886421203613281,15.063933372497559,15.704560279846191,14.331175804138184,18.849672317504883,24.761119842529297,26.868215560913086,16.6679630279541,0.4400644600391388,-3.4396274089813232,-0.46342259645462036,0.3713518977165222,-12.896075248718262,-18.65064239501953,-14.500473022460938,-7.620460033416748,0.5657402873039246,2.2525274753570557,1.0324087142944336,-0.7834582924842834,-1.6017054319381714,-10.245709419250488,-7.263481616973877,-6.38972806930542,-4.497333526611328,-1.3458441495895386,0.7218941450119019,-0.7438281178474426,-4.542597770690918,-1.6876336336135864,2.114017963409424,5.613028049468994,9.569497108459473,10.13331127166748,6.719357490539551,4.273611068725586,6.630096435546875,7.025290489196777,-0.4570005536079407,-2.3212623596191406
9.21950912475586,15.160484313964844,11.32017993927002,6.576059341430664,6.7649688720703125,7.673827171325684,11.42241382598877,17.55397605895996,21.98835563659668,14.087029457092285,-0.8603106737136841,-12.33851432800293,-11.13095760345459,-6.990285873413086,-8.355022430419922,-12.638863563537598,-14.394968032836914,-14.331648826599121,-0.3432590663433075,1.3540266752243042,-3.721120595932007,-5.053127288818359,-7.4478759765625,-11.768589973449707,-14.620514869689941,-13.269572257995605,-10.128776550292969,-8.490023612976074,-6.628755569458008,-3.6251094341278076,-0.5075222849845886,1.985641360282898,1.383841872215271,3.6470284461975098,5.653545379638672,7.325266361236572,7.027428150177002,4.711204528808594,3.037858247756958,2.634168863296509,6.349589824676514,5.399199962615967,0.4274333119392395
5.064365386962891,8.537489891052246,4.790904998779297,0.4791070818901062,1.7062565088272095,1.443242073059082,5.859883785247803,15.502415657043457,14.278197288513184,4.017394065856934,-4.3704681396484375,-15.139853477478027,-14.803452491760254,-11.7448148727417,-4.614251613616943,-4.09184455871582,-15.132308959960938,-7.921742916107178,1.09158456325531,-5.8974480628967285,-12.842747688293457,-14.284640312194824,-15.427599906921387,-15.350584983825684,-13.460698127746582,-11.230814933776855,-9.632733345031738,-8.109542846679688,-5.681199550628662,-3.004282236099243,-1.8963937759399414,-0.627647340297699,0.15797188878059387,1.6867196559906006,3.111783027648926,3.766587734222412,3.6358211040496826,2.9384140968322754,2.780003070831299,3.7298905849456787,4.914632320404053,6.892282009124756,3.29569149017334
2.090663433074951,4.641102313995361,1.4577666521072388,-1.1353418827056885,2.5158674716949463,3.3529255390167236,7.9637017250061035,15.125329971313477,15.776178359985352,4.246999740600586,-0.8043025135993958,-9.023317337036133,-11.046524047851562,-7.782164573669434,0.912924587726593,-5.4727783203125,-15.624180793762207,-2.805023193359375,-0.5996443033218384,-8.452789306640625,-11.696001052856445,-15.456390380859375,-16.52279281616211,-15.925127983093262,-14.2711181640625,-12.421601295471191,-10.473465919494629,-8.562975883483887,-6.453322410583496,-3.5054867267608643,-2.2126238346099854,-0.70606929063797,0.2685983180999756,0.7849200367927551,1.4195895195007324,1.1066312789916992,1.0490655899047852,1.6347160339355469,2.5176918506622314,3.1070287227630615,3.7018160820007324,4.7161383628845215,4.286978721618652
0.40146493911743164,1.082705020904541,-0.33574551343917847,-0.829109787940979,3.5473129749298096,6.709567070007324,11.187031745910645,13.918732643127441,3.9934048652648926,-6.397046089172363,-6.129188060760498,-6.4290642738342285,-5.461642742156982,-5.988826274871826,-7.064053535461426,-13.8031587600708,-13.669076919555664,-6.210264682769775,-3.2329492568969727,-11.442347526550293,-14.788021087646484,-16.663652420043945,-16.734172821044922,-15.469714164733887,-14.333998680114746,-12.779027938842773,-10.556002616882324,-7.853237628936768,-5.879522323608398,-3.8417060375213623,-2.717855930328369,-2.4035844802856445,-0.9893819093704224,-0.30375614762306213,-0.4825562834739685,-1.1015251874923706,-0.9741823077201843,0.21567769348621368,0.7268530130386353,0.2597362697124481,0.7800596952438354,2.4545867443084717,2.7021217346191406
-0.8589045405387878,-1.2223445177078247,-2.377878189086914,-1.5013608932495117,1.71821928024292,3.6550254821777344,6.245457649230957,1.4256770610809326,-6.63779878616333,-4.392613410949707,2.922401189804077,6.3134379386901855,6.785512924194336,-5.347213268280029,-15.830464363098145,-15.724822998046875,-10.092415809631348,-5.2556023597717285,-3.992058753967285,-12.747217178344727,-16.189292907714844,-17.091793060302734,-16.63668441772461,-15.221831321716309,-14.464016914367676,-13.177043914794922,-11.336939811706543,-8.382774353027344,-5.998726844787598,-4.000721454620361,-2.332726001739502,-3.164045572280884,-2.2148404121398926,-1.5407549142837524,-1.8132463693618774,-2.244964361190796,-2.0922019481658936,-1.3547266721725464,-1.5779688358306885,-2.2316479682922363,-1.2937675714492798,-1.489262580871582,-0.8296853303909302
