data/wind_data/wind_25_9.json
{"header": {"parameterUnit": "KT", "parameterCategory": 2, "nx": 256, "ny": 198, "lo1": 44.73521041870117, "la1": -3.236724853515625, "lo2": 111.26478576660156, "la2": 43.468475341796875, "dx": 0.2609002888202667, "dy": -0.23708222806453705, "refTime": "2025-02-20 01:00:00", "forecastTime": 0, "parameterNumber": 2, "parameterNumberName": "eastward_wind"}, "data":
[rows 152 to 170 of 198, columns 44 to 87 of 256]
23.900896072387695,23.557580947875977,23.37865447998047,23.499637603759766,22.979185104370117,20.631317138671875,16.8848819732666,14.082060813903809,13.817928314208984,16.068744659423828,18.81753158569336,18.980039596557617,16.403108596801758,14.167527198791504,14.786035537719727,17.413387298583984,19.809955596923828,21.126482009887695,21.74672508239746,21.87677001953125,21.809507369995117,22.254241943359375,23.232492446899414,23.771947860717773,23.231822967529297,22.11844253540039,21.27498435974121,20.499338150024414,18.724523544311523,15.481366157531738,11.485335350036621,7.96258544921875,6.1452436447143555,5.911388874053955,6.055764198303223,6.4795637130737305,7.7247443199157715,7.837386131286621,6.581974029541016,6.697748184204102,9.911410331726074,10.424689292907715,7.744123935699463,3.4832711219787598
23.09052848815918,22.792030334472656,23.474285125732422,24.98828125,25.318931579589844,22.730619430541992,18.17290496826172,14.912605285644531,15.17660903930664,18.120859146118164,20.467086791992188,19.32624626159668,15.713738441467285,13.187949180603027,13.7350492477417,16.064470291137695,18.108551025390625,19.602401733398438,21.101530075073242,22.32419204711914,22.895902633666992,23.263835906982422,23.864734649658203,24.311630249023438,24.008010864257812,23.053470611572266,21.954729080200195,20.689453125,18.687725067138672,15.622465133666992,11.950203895568848,8.678447723388672,6.5660319328308105,5.68721866607666,5.699954509735107,6.452077865600586,8.125487327575684,9.455328941345215,9.162111282348633,9.185920715332031,11.774718284606934,13.558616638183594,12.93937873840332,10.693674087524414
22.00657844543457,22.5438232421875,24.68486976623535,27.016328811645508,26.81479263305664,23.332128524780273,18.708995819091797,16.415422439575195,17.90850830078125,21.091533660888672,22.08022117614746,19.121347427368164,14.386323928833008,11.958803176879883,12.94143295288086,15.09818172454834,16.865999221801758,18.617740631103516,20.73978042602539,22.53899574279785,23.50162124633789,23.911481857299805,24.193910598754883,24.496471405029297,24.54178810119629,23.93893051147461,22.721418380737305,21.06136703491211,18.827253341674805,15.889569282531738,12.51663589477539,9.459732055664062,7.413896083831787,6.272692680358887,5.417461395263672,5.051830768585205,6.03562068939209,8.226604461669922,9.979667663574219,10.903572082519531,12.710103988647461,14.925858497619629,15.864099502563477,15.020357131958008
21.72731590270996,23.865821838378906,27.28830909729004,28.924528121948242,26.89199447631836,22.428709030151367,18.6569766998291,18.332382202148438,21.164241790771484,23.75788116455078,22.7136173248291,18.12516212463379,13.215415000915527,11.374719619750977,12.501090049743652,14.40888786315918,16.20793342590332,18.371295928955078,20.888694763183594,22.883760452270508,23.877830505371094,24.093839645385742,24.044816970825195,24.337635040283203,24.88726234436035,24.70591163635254,23.36733627319336,21.389354705810547,19.10432243347168,16.413288116455078,13.41800594329834,10.649605751037598,8.670390129089355,7.488636016845703,6.217156887054443,4.400435924530029,3.4798765182495117,4.810585021972656,7.693765640258789,10.13973617553711,11.688044548034668,13.790021896362305,16.259328842163086,16.895780563354492
21.86050796508789,26.11808204650879,30.08516502380371,29.79364585876465,25.6518497467041,20.926916122436523,18.872941970825195,20.59444236755371,23.964210510253906,25.120819091796875,22.097978591918945,16.712087631225586,12.588794708251953,11.616737365722656,12.697915077209473,14.465229034423828,16.448108673095703,18.848739624023438,21.5537052154541,23.672584533691406,24.355884552001953,23.758119583129883,23.117958068847656,23.71653938293457,25.086423873901367,25.404714584350586,24.029903411865234,21.92842674255371,19.745433807373047,17.230777740478516,14.386821746826172,11.848273277282715,10.082137107849121,8.943252563476562,7.660469055175781,5.194657802581787,2.4654722213745117,1.849281668663025,3.672595739364624,6.347414016723633,8.40301513671875,10.988176345825195,15.210545539855957,17.863805770874023
22.934019088745117,29.073644638061523,31.95747184753418,29.359477996826172,23.859111785888672,20.17451286315918,20.713335037231445,23.59638023376465,25.440717697143555,24.394304275512695,20.737056732177734,15.877105712890625,12.245570182800293,11.443034172058105,12.74259090423584,14.857358932495117,17.045989990234375,19.49497413635254,22.48356056213379,24.942096710205078,25.128957748413086,23.192291259765625,21.69090461730957,22.658445358276367,24.943119049072266,25.874086380004883,24.70066261291504,22.709447860717773,20.738080978393555,18.409297943115234,15.550135612487793,12.962457656860352,11.308672904968262,10.373783111572266,9.297872543334961,7.001843452453613,3.383500814437866,0.9158452749252319,1.1468205451965332,3.168050765991211,5.932553291320801,9.389945983886719,14.306060791015625,18.225414276123047
25.981098175048828,31.286060333251953,31.93653678894043,27.708751678466797,22.60772705078125,21.293319702148438,23.662031173706055,25.745479583740234,25.081151962280273,22.77431869506836,19.82625389099121,15.93233585357666,12.333145141601562,11.105443000793457,12.354621887207031,14.645340919494629,16.882362365722656,19.484647750854492,22.96921157836914,25.949628829956055,25.915332794189453,22.95713233947754,20.64922523498535,21.614395141601562,24.388992309570312,25.9036808013916,25.215391159057617,23.532983779907227,21.78194236755371,19.747661590576172,17.14511489868164,14.595348358154297,12.842256546020508,11.931619644165039,11.11994457244873,9.219046592712402,5.96538782119751,2.754769802093506,1.7506909370422363,2.9815309047698975,5.7189412117004395,9.244440078735352,13.770480155944824,17.743526458740234
27.154508590698242,30.870113372802734,30.88449478149414,27.23154640197754,23.67388153076172,23.51466178894043,25.301313400268555,25.57048797607422,23.895708084106445,22.12166404724121,20.130691528320312,16.658775329589844,12.843037605285645,11.042720794677734,11.717368125915527,13.662185668945312,15.948490142822266,18.94268798828125,22.78974723815918,25.98305320739746,26.1673583984375,23.292678833007812,20.668292999267578,21.09856605529785,23.625755310058594,25.504945755004883,25.556772232055664,24.434005737304688,22.880077362060547,21.043540954589844,18.874902725219727,16.703062057495117,14.983338356018066,13.913347244262695,13.157267570495605,11.626683235168457,8.830363273620605,5.987863063812256,4.745823383331299,5.386362075805664,7.072688102722168,9.643134117126465,13.229752540588379,16.387039184570312
26.743925094604492,29.941513061523438,30.70073699951172,28.554637908935547,26.25089454650879,25.832643508911133,25.719799041748047,24.359420776367188,23.013404846191406,22.385042190551758,20.714017868041992,17.138137817382812,13.537850379943848,11.806132316589355,11.872471809387207,13.107110977172852,15.31755256652832,18.512279510498047,22.248918533325195,25.23683738708496,25.791440963745117,23.743907928466797,21.436189651489258,21.207244873046875,22.86847686767578,24.72226905822754,25.665943145751953,25.49845314025879,24.342243194580078,22.54220962524414,20.509183883666992,18.62289047241211,17.136972427368164,16.025875091552734,15.146224021911621,13.820662498474121,11.37986946105957,8.588409423828125,7.234149932861328,8.020581245422363,9.516768455505371,11.03717041015625,13.015559196472168,14.692070007324219
26.97519302368164,29.175518035888672,29.72539710998535,29.279884338378906,28.791929244995117,27.632164001464844,25.159944534301758,23.223800659179688,23.16155242919922,23.06732940673828,20.562068939208984,16.500850677490234,13.686842918395996,12.845924377441406,13.037155151367188,13.859195709228516,15.624719619750977,18.384939193725586,21.62980842590332,24.3115234375,25.130599975585938,23.92326545715332,22.281558990478516,21.712142944335938,22.27930450439453,23.526165008544922,25.120784759521484,26.299654006958008,26.11979103088379,24.564971923828125,22.376943588256836,20.309539794921875,18.7943115234375,17.65991973876953,16.62713050842285,15.307004928588867,13.157672882080078,10.455084800720215,8.53317642211914,8.770734786987305,10.379752159118652,11.884576797485352,12.925806999206543,13.402691841125488
26.906208038330078,27.441469192504883,27.95235824584961,29.443994522094727,30.255159378051758,27.98428726196289,24.18647003173828,22.824506759643555,23.960479736328125,23.770599365234375,20.15460777282715,15.407587051391602,12.979921340942383,13.181955337524414,14.377120971679688,15.503874778747559,16.626686096191406,18.42251968383789,21.0247859954834,23.464473724365234,24.565793991088867,24.285612106323242,23.53680992126465,22.851491928100586,22.27276039123535,22.387924194335938,23.897733688354492,26.22738265991211,27.53091812133789,26.76218032836914,24.632919311523438,22.280359268188477,20.393136978149414,18.895967483520508,17.455232620239258,15.909711837768555,13.98869514465332,11.637312889099121,9.50533676147461,8.81152629852295,9.847098350524902,11.410599708557129,12.369426727294922,12.47513484954834
25.459896087646484,25.127721786499023,26.371366500854492,29.296152114868164,30.540252685546875,27.854249954223633,24.152864456176758,23.32342529296875,24.41205406188965,23.610912322998047,19.7663516998291,15.109023094177246,12.714180946350098,13.371337890625,15.351001739501953,16.94695281982422,17.84160041809082,18.983274459838867,20.93793487548828,22.950334548950195,24.248897552490234,25.053621292114258,25.479585647583008,24.870361328125,23.128847122192383,21.82192611694336,22.623823165893555,25.370563507080078,28.001731872558594,28.397695541381836,26.740848541259766,24.52271270751953,22.576473236083984,20.590599060058594,18.340681076049805,16.26333236694336,14.408076286315918,12.466611862182617,10.476724624633789,9.148040771484375,9.301878929138184,10.539642333984375,11.571467399597168,11.833613395690918
23.913705825805664,23.434234619140625,25.46733283996582,29.011178970336914,30.274301528930664,27.969722747802734,25.23865509033203,24.49740982055664,24.260875701904297,22.66031837463379,19.466583251953125,15.861376762390137,13.781450271606445,14.260425567626953,16.148265838623047,17.856155395507812,18.957841873168945,20.101505279541016,21.646940231323242,23.15401840209961,24.511913299560547,26.187604904174805,27.725696563720703,27.45478630065918,24.80538558959961,21.949800491333008,21.6605224609375,24.186508178710938,27.50467872619629,29.01181411743164,28.10769271850586,26.429540634155273,24.997119903564453,23.05298614501953,19.8882999420166,16.93207359313965,15.138993263244629,13.72818374633789,12.016283988952637,10.357159614562988,9.67606258392334,10.158612251281738,10.949313163757324,11.60312271118164
23.163944244384766,22.99863624572754,25.184600830078125,28.088186264038086,29.082380294799805,28.126428604125977,26.911632537841797,25.70448112487793,23.931934356689453,21.755882263183594,19.333463668823242,16.74153709411621,14.96152114868164,15.014946937561035,16.41877555847168,18.12457847595215,19.6131649017334,20.972606658935547,22.31045150756836,23.64214324951172,25.31964111328125,27.654003143310547,29.84641456604004,29.960552215576172,27.10521125793457,23.285362243652344,21.61139678955078,23.159971237182617,26.26441192626953,28.42950439453125,28.405622482299805,27.48829460144043,26.90584373474121,25.700471878051758,22.145938873291016,17.88164520263672,15.66174030303955,15.051258087158203,14.228822708129883,12.763141632080078,11.545415878295898,11.035978317260742,11.081072807312012,11.899813652038574
23.426589965820312,23.74837303161621,25.15679168701172,26.67548179626465,27.51459312438965,28.097177505493164,28.20402717590332,26.634626388549805,23.71028709411621,21.221498489379883,19.533639907836914,17.69744300842285,15.90201187133789,15.327472686767578,16.21884536743164,17.788131713867188,19.19961166381836,20.384660720825195,21.722091674804688,23.5700626373291,26.130353927612305,29.082124710083008,31.358543395996094,31.554607391357422,29.159107208251953,25.654664993286133,23.21309471130371,23.0168399810791,24.723665237426758,26.71945571899414,27.527910232543945,27.527795791625977,27.91184425354004,27.760150909423828,24.77562141418457,19.37678337097168,15.685626029968262,15.098682403564453,15.581827163696289,15.367266654968262,14.353403091430664,13.18065357208252,12.392478942871094,12.802002906799316
24.31151008605957,25.090211868286133,25.51875877380371,25.692766189575195,26.476682662963867,28.046382904052734,28.61753273010254,26.68609619140625,23.546485900878906,21.37181854248047,20.175012588500977,18.839635848999023,17.404016494750977,16.720470428466797,16.963857650756836,17.551555633544922,17.902372360229492,18.397611618041992,19.894588470458984,22.728673934936523,26.426067352294922,29.88144874572754,31.928268432617188,32.01388931274414,30.468523025512695,28.103534698486328,25.7898006439209,24.17415428161621,23.80332374572754,24.65105438232422,25.75217056274414,26.600914001464844,27.8265323638916,28.735702514648438,27.01335334777832,21.612035751342773,16.039213180541992,14.079294204711914,14.968005180358887,16.26536750793457,16.41555404663086,15.421500205993652,14.36416244506836,14.224916458129883
25.11904525756836,26.328031539916992,26.096309661865234,25.298171997070312,26.050769805908203,27.771991729736328,27.925193786621094,26.025367736816406,23.72319221496582,22.023269653320312,20.789642333984375,19.749549865722656,18.87411117553711,18.27182388305664,17.824573516845703,17.247026443481445,16.56113052368164,16.621374130249023,18.449352264404297,22.06732177734375,26.34330177307129,29.739994049072266,31.37968635559082,31.56059455871582,31.11419105529785,30.160728454589844,28.351804733276367,26.070764541625977,24.190458297729492,23.495393753051758,23.991737365722656,25.080820083618164,26.698678970336914,28.409164428710938,28.067028045654297,23.880855560302734,17.459854125976562,13.344647407531738,13.209136009216309,15.025044441223145,16.425594329833984,16.319997787475586,15.60375690460205,15.361543655395508
25.528688430786133,26.742053985595703,26.06572914123535,24.99931526184082,25.811378479003906,26.996198654174805,26.619869232177734,25.47416114807129,24.438465118408203,23.15165901184082,21.677915573120117,20.516061782836914,19.65070915222168,18.83270835876465,17.960224151611328,16.86016273498535,15.68217658996582,15.723806381225586,18.01233673095703,22.01906394958496,26.114595413208008,28.847370147705078,30.065065383911133,30.72186279296875,31.49958610534668,31.85405731201172,30.720779418945312,28.19318389892578,25.498937606811523,23.649139404296875,23.067262649536133,23.615861892700195,25.03261947631836,26.932687759399414,27.663663864135742,25.186460494995117,19.48921775817871,13.9782075881958,11.952838897705078,13.099185943603516,14.953927040100098,15.60051441192627,15.475957870483398,15.65379810333252
25.44190216064453,26.385229110717773,25.663433074951172,24.854368209838867,25.42412757873535,25.996749877929688,25.84389305114746,25.601215362548828,25.192489624023438,24.249496459960938,23.00604820251465,21.680713653564453,20.34705352783203,19.292810440063477,18.52372932434082,17.595958709716797,16.473196029663086,16.35161590576172,18.393667221069336,21.98661231994629,25.31641960144043,27.2960262298584,28.46136474609375,29.946842193603516,31.914579391479492,33.342464447021484,32.98347473144531,30.55369758605957,27.236759185791016,24.524961471557617,23.024839401245117,22.696592330932617,23.42078971862793,24.946285247802734,26.139156341552734,25.121980667114258,21.0823974609375,15.797689437866211,12.401617050170898,12.244174003601074,13.703221321105957,14.549385070800781,14.843121528625488,15.545880317687988
