data/wind_data/wind_52_1.json
{"header": {"parameterUnit": "KT", "parameterCategory": 2, "nx": 256, "ny": 198, "lo1": 44.73521041870117, "la1": -3.236724853515625, "lo2": 111.26478576660156, "la2": 43.468475341796875, "dx": 0.2609002888202667, "dy": -0.23708222806453705, "refTime": "2025-02-21 04:00:00", "forecastTime": 0, "parameterNumber": 2, "parameterNumberName": "eastward_wind"}, "data":
[rows 57 to 75 of 198, columns 129 to 171 of 256]
-10.992722511291504,-6.830862998962402,-1.0246225595474243,1.8643386363983154,0.8356248736381531,-3.569546699523926,-10.159010887145996,-6.472187042236328,-4.756946563720703,-7.3047027587890625,-10.612275123596191,-11.438273429870605,-9.730804443359375,-11.324983596801758,-11.943636894226074,-10.810152053833008,-12.01415729522705,-11.905061721801758,-11.33951473236084,-11.232093811035156,-12.231812477111816,-11.047874450683594,-10.592344284057617,-12.156721115112305,-11.958077430725098,-10.43359375,-11.279924392700195,-13.866096496582031,-12.172616004943848,-9.451740264892578,-10.040038108825684,-12.86023998260498,-13.676238059997559,-10.572816848754883,-10.026556015014648,-11.273090362548828,-10.879118919372559,-11.500380516052246,-12.935731887817383,-13.232216835021973,-12.732622146606445,-12.601057052612305,-12.590537071228027
-7.831742286682129,-5.6961588859558105,-2.1307194232940674,1.9915262460708618,-0.006017712876200676,-1.0900342464447021,-7.601561546325684,-8.054922103881836,-7.301874160766602,-7.513607978820801,-10.610722541809082,-11.135076522827148,-9.61672306060791,-10.730123519897461,-12.83741569519043,-10.482744216918945,-8.20189094543457,-8.49339771270752,-11.352285385131836,-11.445073127746582,-10.382450103759766,-9.591450691223145,-11.204094886779785,-11.2219877243042,-10.55374813079834,-10.941975593566895,-12.076395988464355,-11.74727725982666,-9.771717071533203,-10.073381423950195,-13.148123741149902,-12.697590827941895,-9.946748733520508,-9.469327926635742,-10.468647956848145,-9.753573417663574,-9.751795768737793,-10.9967679977417,-11.975202560424805,-12.678862571716309,-12.227139472961426,-12.334339141845703,-11.647002220153809
-3.9168310165405273,-2.54154634475708,-0.3144178092479706,-0.23157642781734467,2.295837163925171,1.525503396987915,-5.705258846282959,-6.825311183929443,-6.995615005493164,-9.691600799560547,-10.312792778015137,-9.616963386535645,-9.771939277648926,-11.62406063079834,-11.682647705078125,-11.078583717346191,-9.958662986755371,-9.164666175842285,-10.929778099060059,-11.564821243286133,-8.721151351928711,-7.199653148651123,-10.95593547821045,-10.578718185424805,-8.55273151397705,-11.608267784118652,-11.600549697875977,-7.56406831741333,-8.5225248336792,-12.40731143951416,-12.68757438659668,-10.884750366210938,-10.005613327026367,-10.46753215789795,-9.86049747467041,-9.785046577453613,-10.678281784057617,-10.891624450683594,-11.57713794708252,-11.265525817871094,-11.153441429138184,-11.441142082214355,-11.001693725585938
-6.524415493011475,-6.429354190826416,-5.579732894897461,-3.2211954593658447,3.2056539058685303,2.1620426177978516,-3.60575008392334,-7.338088512420654,-2.2929320335388184,-7.570727348327637,-9.2771577835083,-9.185718536376953,-10.450826644897461,-12.07342529296875,-10.523072242736816,-9.049433708190918,-9.96918773651123,-10.916455268859863,-9.456711769104004,-9.879916191101074,-9.678845405578613,-9.82095718383789,-10.600824356079102,-11.056596755981445,-10.277416229248047,-11.461983680725098,-11.218330383300781,-8.787361145019531,-11.991645812988281,-13.375720977783203,-11.046513557434082,-10.040236473083496,-11.877093315124512,-10.806839942932129,-8.671253204345703,-9.873937606811523,-9.748392105102539,-9.950703620910645,-11.061275482177734,-10.93321418762207,-10.478336334228516,-10.751800537109375,-10.536802291870117
-8.364655494689941,-8.82536792755127,-7.359464645385742,-3.452235698699951,1.1599699258804321,3.0231828689575195,-1.9193203449249268,-7.261131763458252,-7.055563449859619,-8.426085472106934,-8.459752082824707,-7.732045650482178,-10.957841873168945,-10.349344253540039,-10.25246524810791,-9.88293170928955,-9.933692932128906,-10.578160285949707,-10.236791610717773,-9.554999351501465,-9.5594482421875,-9.1504545211792,-9.3336820602417,-8.78555679321289,-9.435223579406738,-10.519804000854492,-10.64897632598877,-11.070733070373535,-10.525816917419434,-9.927529335021973,-8.95645523071289,-10.547465324401855,-11.204957962036133,-10.264922142028809,-8.839404106140137,-9.450607299804688,-9.24514389038086,-9.891007423400879,-10.578025817871094,-10.468509674072266,-10.025784492492676,-9.980154991149902,-9.621564865112305
-9.589934349060059,-7.17012357711792,-4.620170593261719,-2.151219129562378,0.5443994402885437,4.968484401702881,1.6351690292358398,-5.760348796844482,-7.89265775680542,-7.964288234710693,-8.312167167663574,-8.337498664855957,-10.41942024230957,-10.7021484375,-10.674543380737305,-10.02546215057373,-10.19835090637207,-10.055736541748047,-9.256664276123047,-7.773974418640137,-8.964261054992676,-9.487523078918457,-8.5407133102417,-8.000300407409668,-9.113161087036133,-8.245817184448242,-9.809645652770996,-12.380766868591309,-10.100131034851074,-9.730836868286133,-10.620545387268066,-9.865233421325684,-9.925812721252441,-10.628220558166504,-9.4932222366333,-8.50032901763916,-9.35610580444336,-8.669754028320312,-9.750616073608398,-10.153044700622559,-9.795013427734375,-9.526272773742676,-9.491782188415527
-9.902412414550781,-7.013377666473389,-4.415478229522705,-1.8362131118774414,-1.0187596082687378,4.560955047607422,4.94928503036499,-1.6480889320373535,-5.706575393676758,-7.086127758026123,-6.552048206329346,-5.421061992645264,-7.586913585662842,-8.617863655090332,-10.193314552307129,-9.657991409301758,-9.394269943237305,-9.527371406555176,-8.972322463989258,-7.912258625030518,-8.23543930053711,-9.628661155700684,-8.202914237976074,-7.767063140869141,-10.124567985534668,-9.052468299865723,-9.873420715332031,-11.173727989196777,-10.660627365112305,-9.84306812286377,-9.969708442687988,-10.335522651672363,-9.975149154663086,-9.912084579467773,-8.315824508666992,-7.7557759284973145,-7.9267897605896,-8.12392807006836,-9.387445449829102,-9.656415939331055,-9.7734375,-9.030832290649414,-9.048237800598145
-10.210474014282227,-7.848947048187256,-5.108334541320801,-2.6447436809539795,-1.9920897483825684,1.3969396352767944,3.3839685916900635,2.011197328567505,-3.09590220451355,-1.4981082677841187,-6.923981189727783,-6.70706033706665,-10.048042297363281,-10.685675621032715,-10.890183448791504,-10.183733940124512,-8.83901309967041,-9.227871894836426,-8.59843635559082,-8.244892120361328,-8.538637161254883,-8.526690483093262,-8.023428916931152,-8.464848518371582,-8.802152633666992,-8.212385177612305,-10.244830131530762,-10.462813377380371,-6.939384460449219,-9.946166038513184,-10.552055358886719,-9.38100814819336,-9.395743370056152,-8.72158432006836,-8.762096405029297,-8.290617942810059,-7.420307636260986,-7.452011585235596,-8.701803207397461,-9.123788833618164,-9.23842716217041,-8.591618537902832,-8.255955696105957
-9.867072105407715,-8.206432342529297,-6.531927585601807,-4.467004299163818,-2.693415880203247,0.05977722629904747,3.923539400100708,5.986353874206543,-0.2580904960632324,-2.584343433380127,-7.17503547668457,-6.245805740356445,-9.558632850646973,-7.769245147705078,-10.014076232910156,-10.758665084838867,-8.968178749084473,-8.054322242736816,-8.33486270904541,-8.03361988067627,-8.188754081726074,-8.138915061950684,-8.237007141113281,-7.96781587600708,-8.149654388427734,-9.13183879852295,-10.028237342834473,-9.121321678161621,-9.313543319702148,-10.343988418579102,-8.168127059936523,-8.508614540100098,-9.813681602478027,-7.870321273803711,-7.070130348205566,-7.197712421417236,-7.0029988288879395,-7.050669193267822,-7.867197036743164,-8.671442985534668,-8.416543006896973,-8.302103042602539,-7.416477203369141
-8.492941856384277,-7.4256367683410645,-7.148097991943359,-6.622199058532715,-4.67905330657959,-0.7627074122428894,4.514189720153809,4.7143659591674805,-4.374127388000488,-5.770901679992676,-8.028973579406738,-6.850285530090332,-8.625228881835938,-7.148496627807617,-8.011411666870117,-9.083388328552246,-8.717583656311035,-7.428442001342773,-7.164459705352783,-7.3220038414001465,-7.16629695892334,-8.629627227783203,-9.209497451782227,-8.629976272583008,-8.235215187072754,-8.549488067626953,-9.093047142028809,-9.626989364624023,-9.405523300170898,-7.788505554199219,-8.968308448791504,-9.318097114562988,-7.656894683837891,-7.636171340942383,-6.951890468597412,-7.110166072845459,-6.671741962432861,-6.8662614822387695,-7.060160160064697,-8.158239364624023,-7.786678314208984,-7.80233097076416,-6.909839153289795
-8.635490417480469,-7.718515396118164,-7.489761829376221,-7.156118869781494,-5.366917610168457,1.368728518486023,4.791834354400635,2.7855846881866455,-7.289104461669922,-5.270549774169922,-7.95550012588501,-5.616692066192627,-8.766656875610352,-7.912310600280762,-8.205292701721191,-7.464547634124756,-7.247753620147705,-6.818274974822998,-7.235056400299072,-6.742675304412842,-6.912893295288086,-7.88978910446167,-8.452874183654785,-8.054730415344238,-7.73913049697876,-8.104850769042969,-8.437888145446777,-8.66378402709961,-7.881844520568848,-7.547837734222412,-7.951855659484863,-6.863409996032715,-7.891735553741455,-7.690678596496582,-6.424237251281738,-7.158907890319824,-6.233117580413818,-6.754663944244385,-6.864459991455078,-7.228697299957275,-7.277890205383301,-7.1893134117126465,-6.835986614227295
-5.0390143394470215,-6.006908416748047,-8.092376708984375,-5.945035457611084,-2.274402379989624,3.013829231262207,4.042587757110596,1.551934003829956,-7.439225196838379,-3.7839624881744385,-8.297149658203125,-5.07338809967041,-8.688048362731934,-6.057851314544678,-9.23099136352539,-5.9429755210876465,-6.606329917907715,-6.011355400085449,-8.63099193572998,-6.53101921081543,-7.31419038772583,-8.317924499511719,-7.693922519683838,-7.872698783874512,-7.337820053100586,-7.821734428405762,-7.470401287078857,-7.337364673614502,-6.5079803466796875,-6.523373126983643,-6.599550247192383,-6.3024983406066895,-6.77813720703125,-6.292580604553223,-6.457981586456299,-6.5142822265625,-6.78567361831665,-6.633324146270752,-6.771756172180176,-6.682734966278076,-6.680553436279297,-6.524764060974121,-6.18508768081665
-3.8081862926483154,-5.588442802429199,-7.2532572746276855,-4.199389457702637,-1.9218040704727173,2.912398099899292,4.801920413970947,1.5180121660232544,-8.32003116607666,-3.0555620193481445,-7.015719890594482,-4.972153186798096,-9.010571479797363,-4.339648246765137,-9.325784683227539,-7.7868146896362305,-8.67873764038086,-7.511208534240723,-7.407317161560059,-6.554907321929932,-7.557438850402832,-8.394732475280762,-7.398573398590088,-6.982063293457031,-6.372424125671387,-8.631985664367676,-6.440509796142578,-6.157647609710693,-6.2940263748168945,-5.462608814239502,-5.833951473236084,-5.590737819671631,-5.833536624908447,-5.625166416168213,-5.9708170890808105,-5.990458011627197,-6.2300705909729,-6.2199554443359375,-6.281121730804443,-6.188425540924072,-6.188997268676758,-6.001174449920654,-5.655519485473633
-4.093257904052734,-6.6600213050842285,-7.001053333282471,-2.876016855239868,-0.39772123098373413,3.130581855773926,5.004458904266357,-1.8331822156906128,-8.166753768920898,-2.753636598587036,-6.448076248168945,-5.69140625,-8.065340995788574,-4.9367218017578125,-9.535547256469727,-7.227467060089111,-8.717402458190918,-7.857242107391357,-8.993978500366211,-7.408254623413086,-7.730503559112549,-6.928549289703369,-5.356849193572998,-8.148320198059082,-6.741002082824707,-7.651824474334717,-7.800236225128174,-5.67108154296875,-5.924362659454346,-5.141622066497803,-5.413049697875977,-5.05389928817749,-5.152620315551758,-4.9225897789001465,-5.156365871429443,-5.135056495666504,-5.588105201721191,-5.653891086578369,-5.739223480224609,-5.714236736297607,-5.732203960418701,-5.51072359085083,-5.2079572677612305
-3.650510787963867,-6.4113287925720215,-7.000941753387451,-1.5855426788330078,0.5602912902832031,3.5386314392089844,3.847944974899292,-4.578210830688477,-3.452692747116089,2.0997731685638428,-4.919917106628418,-7.681976795196533,-5.4931960105896,-5.558223724365234,-7.627737522125244,-6.36937141418457,-8.876336097717285,-8.716135025024414,-7.564548492431641,-6.807066440582275,-8.56127643585205,-8.48904800415039,-6.69221830368042,-6.524841785430908,-6.725029468536377,-6.5010833740234375,-6.731096267700195,-5.592764854431152,-5.1562371253967285,-4.310204982757568,-5.78192663192749,-4.448938369750977,-4.0855817794799805,-3.386826515197754,-4.6860575675964355,-4.273043155670166,-4.807694435119629,-4.85634183883667,-5.2476325035095215,-5.382207870483398,-5.506131649017334,-5.45444917678833,-5.154364109039307
-3.616089105606079,-6.497113227844238,-6.736729621887207,-1.654271125793457,0.9230132102966309,3.9148523807525635,2.7775990962982178,-6.02876615524292,-1.1856974363327026,0.17286600172519684,-5.815330982208252,-7.386293888092041,-5.504354000091553,-4.756123065948486,-6.557879447937012,-7.310724258422852,-7.769444465637207,-8.831358909606934,-7.656161308288574,-7.548800945281982,-9.965696334838867,-9.479941368103027,-6.279231548309326,-5.982820510864258,-6.476564884185791,-5.251428604125977,-6.270598888397217,-5.0400872230529785,-4.529853343963623,-4.403684616088867,-3.289822578430176,-5.101512908935547,-2.8630690574645996,-2.1476938724517822,-4.32200813293457,-3.7238223552703857,-4.5272040367126465,-4.316084861755371,-4.802401065826416,-4.998445987701416,-5.277022838592529,-5.264657974243164,-4.883823394775391
-3.677687644958496,-7.19338321685791,-6.675631523132324,-1.2437807321548462,2.202169418334961,4.459414958953857,2.6156535148620605,-3.734473705291748,-1.289566993713379,-5.890258312225342,-2.2354931831359863,-5.398045063018799,-6.485965728759766,-5.033726215362549,-6.116142272949219,-8.190168380737305,-6.516958236694336,-8.009249687194824,-9.084638595581055,-8.926304817199707,-8.377528190612793,-6.962372779846191,-4.124361038208008,-7.286028861999512,-8.291871070861816,-5.259747505187988,-3.006869316101074,-5.110857963562012,-4.3791823387146,-4.464827060699463,-2.9914190769195557,-2.3350727558135986,-4.0580267906188965,-2.7882754802703857,-3.8370156288146973,-3.660928249359131,-4.349919319152832,-4.435479164123535,-4.6542463302612305,-4.592027187347412,-4.775491237640381,-4.627653121948242,-4.466838836669922
-3.4675047397613525,-5.8744988441467285,-6.1488165855407715,-1.7056964635849,2.5660369396209717,4.6933722496032715,-0.11937996000051498,-4.805971622467041,-0.934274435043335,-3.183171510696411,-4.119075775146484,-4.721185207366943,-2.6843655109405518,-7.025943279266357,-5.401406764984131,-8.30024242401123,-6.561888217926025,-7.581707000732422,-8.054634094238281,-8.729970932006836,-8.328584671020508,-6.8364739418029785,-5.693208694458008,-7.643051624298096,-6.605734825134277,-4.697677135467529,-4.6063151359558105,-3.628045082092285,-3.4175631999969482,-2.490671157836914,-4.30819034576416,-1.9540618658065796,-4.3967156410217285,-3.2466869354248047,-4.089684963226318,-3.770944356918335,-4.3103203773498535,-4.510395526885986,-4.712043285369873,-4.458824157714844,-4.367364883422852,-4.20607328414917,-4.170154094696045
-2.0748326778411865,-4.808759689331055,-6.533398628234863,-3.002542018890381,1.022114872932434,0.9452545642852783,-3.5086772441864014,-3.035217761993408,1.5839149951934814,-2.5725796222686768,-4.109239101409912,-2.1661128997802734,-4.434232711791992,-5.5202317237854,-5.4614577293396,-6.713266849517822,-7.202186107635498,-6.7913336753845215,-8.389819145202637,-8.028236389160156,-7.79729700088501,-6.740321636199951,-6.588565349578857,-7.0437397956848145,-6.631748199462891,-4.176446914672852,-3.035900831222534,-4.255316734313965,-4.280808448791504,-3.1297130584716797,-3.198594331741333,-2.4797933101654053,-2.605487585067749,-4.01915979385376,-3.7279250621795654,-3.868889331817627,-3.970841646194458,-4.180941581726074,-4.431661605834961,-4.386058330535889,-4.3369646072387695,-4.260650157928467,-4.263624668121338
