data/wind_data/wind_45_8.json
{"header": {"parameterUnit": "KT", "parameterCategory": 2, "nx": 256, "ny": 198, "lo1": 44.73521041870117, "la1": -3.236724853515625, "lo2": 111.26478576660156, "la2": 43.468475341796875, "dx": 0.2609002888202667, "dy": -0.23708222806453705, "refTime": "2025-02-20 21:00:00", "forecastTime": 0, "parameterNumber": 2, "parameterNumberName": "eastward_wind"}, "data":
[rows 114 to 132 of 198, columns 88 to 131 of 256]
34.578330993652344,34.94325256347656,36.05356979370117,37.83689880371094,39.684627532958984,41.21543884277344,42.03816604614258,41.72346115112305,40.84107971191406,40.36684036254883,40.58832550048828,41.2260627746582,41.8589973449707,42.25895690917969,42.71372604370117,43.62296676635742,44.693153381347656,45.31800079345703,45.63401412963867,46.19617462158203,46.98430633544922,47.61304473876953,47.780216217041016,47.44576644897461,46.83262634277344,46.22964096069336,46.017913818359375,46.316715240478516,46.69132614135742,46.65789031982422,46.19733428955078,45.60818099975586,45.16472244262695,45.28287124633789,45.7808952331543,45.77088165283203,44.646148681640625,42.869937896728516,41.74705123901367,42.1422233581543,43.702449798583984,45.35892105102539,46.489688873291016,47.15043258666992
34.02688217163086,35.144737243652344,37.227718353271484,39.30366516113281,40.52275085449219,41.17461013793945,41.37864685058594,41.027610778808594,40.528480529785156,40.34991455078125,40.735870361328125,41.68085479736328,42.77116012573242,43.51054763793945,44.014583587646484,44.82948303222656,45.833831787109375,46.234153747558594,45.865211486816406,45.434566497802734,45.55388641357422,46.26498031616211,47.12568283081055,47.62480926513672,47.511695861816406,46.8320426940918,45.93330001831055,45.30636978149414,45.03581619262695,44.85974884033203,44.67333221435547,44.67210388183594,44.75141525268555,44.91871643066406,45.280216217041016,45.51174545288086,44.887752532958984,43.39656066894531,42.17790222167969,42.29991149902344,43.613887786865234,45.1820182800293,46.24355697631836,46.7404670715332
32.95440673828125,34.643218994140625,37.849334716796875,40.505043029785156,41.48705291748047,41.407344818115234,41.017337799072266,40.520294189453125,40.04802322387695,39.94412612915039,40.578636169433594,41.859519958496094,43.19832992553711,44.00752258300781,44.44442367553711,45.22822570800781,46.37932586669922,47.01934814453125,46.51104736328125,45.36408996582031,44.778873443603516,45.306732177734375,46.43516540527344,47.354496002197266,47.421932220458984,46.51221466064453,45.06258010864258,43.73293685913086,42.9716682434082,42.77462387084961,42.878639221191406,43.21834182739258,43.54024124145508,43.66059494018555,43.89007568359375,44.2324104309082,43.94565963745117,42.786136627197266,41.84500503540039,42.05260467529297,43.28804016113281,44.90757369995117,45.96318054199219,46.19326400756836
32.42657470703125,34.872657775878906,38.54475784301758,41.24537658691406,41.96515655517578,41.480133056640625,40.80023956298828,40.109737396240234,39.50857162475586,39.53239822387695,40.60844802856445,42.30222702026367,43.66452407836914,44.17466735839844,44.29167175292969,44.856143951416016,45.91478729248047,46.77927780151367,46.726318359375,45.8785514831543,45.24151611328125,45.44190979003906,46.221797943115234,46.87105178833008,46.535247802734375,45.050804138183594,43.211612701416016,41.903343200683594,41.329078674316406,41.160743713378906,41.094261169433594,41.20951843261719,41.4468994140625,41.5546989440918,41.869712829589844,42.4798583984375,42.439208984375,41.408851623535156,40.85375213623047,41.65594482421875,43.257633209228516,44.9466667175293,45.915706634521484,45.99092102050781
33.442230224609375,36.48033142089844,39.8814811706543,41.81198501586914,41.92974853515625,41.15297317504883,40.19548034667969,39.18123245239258,38.525169372558594,38.93479537963867,40.661895751953125,42.857418060302734,44.076969146728516,43.957271575927734,43.714813232421875,44.23424530029297,45.14826202392578,45.89310836791992,46.251522064208984,46.13540267944336,45.81172561645508,45.50892639160156,45.3433723449707,45.280094146728516,44.66222381591797,43.20820617675781,41.690040588378906,40.900390625,40.71309280395508,40.46040725708008,39.895267486572266,39.50436782836914,39.51416015625,39.50943374633789,39.618202209472656,40.14219284057617,40.38063430786133,40.02763366699219,40.28639221191406,41.7414436340332,43.533782958984375,44.79359436035156,45.15475845336914,44.78916931152344
35.47734451293945,38.340694427490234,40.86172103881836,41.76421356201172,41.481971740722656,40.55661392211914,39.2087516784668,37.97644805908203,37.825965881347656,39.11260986328125,41.39814376831055,43.43971252441406,43.741668701171875,42.69839096069336,42.34466552734375,43.378395080566406,44.56379699707031,45.18669891357422,45.55128479003906,45.61349868774414,45.16461944580078,44.23746109008789,43.248329162597656,42.70167922973633,42.48027801513672,42.150611877441406,41.606544494628906,41.07050323486328,40.71914291381836,40.32868194580078,39.62212371826172,38.87044143676758,38.3755989074707,37.89223861694336,37.480247497558594,37.53071594238281,37.98576736450195,38.84096145629883,40.361148834228516,42.22050094604492,43.27888107299805,42.96403121948242,42.03453826904297,41.65195846557617
37.82398223876953,39.43759536743164,40.707801818847656,41.017173767089844,40.59374237060547,39.445518493652344,38.02608108520508,37.247901916503906,38.04628372192383,40.245811462402344,42.561431884765625,43.45517349243164,42.23496627807617,40.460025787353516,40.40282440185547,42.1481819152832,43.82916259765625,44.51322555541992,44.39918899536133,43.69968032836914,42.754669189453125,41.891624450683594,41.29356002807617,41.20890808105469,41.618568420410156,42.06808853149414,42.04514694213867,41.46479034423828,40.716426849365234,40.113555908203125,39.63408279418945,39.06626510620117,38.2794303894043,37.19628143310547,36.06827163696289,35.53236770629883,36.119388580322266,37.7486457824707,39.72221755981445,41.06829071044922,40.78043746948242,39.1489372253418,38.03972244262695,39.0996208190918
39.40886306762695,39.568599700927734,40.16014099121094,40.33707809448242,39.63011169433594,38.33608627319336,37.43964385986328,37.71428298950195,39.416015625,41.60844039916992,43.009056091308594,42.45378112792969,40.32121276855469,38.72261428833008,39.170467376708984,41.073272705078125,42.69363021850586,43.00346374511719,42.02627182006836,40.54853057861328,39.74620056152344,39.94818878173828,40.600589752197266,41.2768440246582,41.82426452636719,42.17506408691406,42.18785095214844,41.7179069519043,40.91907501220703,40.14999008178711,39.7823371887207,39.620819091796875,39.14363479614258,37.859283447265625,35.813411712646484,34.21292495727539,34.410736083984375,35.922454833984375,37.091434478759766,37.327423095703125,36.79010009765625,36.0723876953125,36.82194137573242,40.040855407714844
40.29901123046875,40.20547103881836,40.502899169921875,39.911712646484375,38.48940658569336,37.50357437133789,37.905059814453125,39.65258026123047,41.624454498291016,42.52754211425781,42.24067306518555,40.8706169128418,39.19038391113281,38.5472412109375,39.39119338989258,40.775733947753906,41.27802276611328,40.592002868652344,39.23735427856445,38.194236755371094,38.37586212158203,39.39994430541992,40.39358901977539,40.99232482910156,41.327850341796875,41.6160774230957,41.96995162963867,42.113059997558594,41.74401092529297,41.019866943359375,40.427486419677734,40.16814422607422,39.84421157836914,38.78452682495117,36.34359359741211,33.59465408325195,32.62491226196289,33.26835632324219,33.83321762084961,34.54071807861328,35.681678771972656,36.90928649902344,38.95787048339844,42.59590530395508
41.123313903808594,41.88090896606445,41.81692886352539,40.00370407104492,37.88373947143555,37.54673385620117,39.35463333129883,42.036865234375,43.16094207763672,42.25761413574219,40.95063018798828,39.777496337890625,38.87338638305664,38.970577239990234,40.17287826538086,41.05144500732422,40.15184783935547,38.16537857055664,36.9010009765625,37.243377685546875,38.56059265136719,39.6661262512207,40.0493278503418,40.021697998046875,40.17150115966797,40.67992401123047,41.421783447265625,41.9770622253418,41.93028259277344,41.243900299072266,40.36666488647461,39.74156188964844,39.40916442871094,38.859432220458984,36.9001579284668,33.93592834472656,32.229583740234375,32.40651321411133,33.63667678833008,35.70990753173828,38.1336784362793,40.00199890136719,41.79911804199219,44.515220642089844
42.06239700317383,43.237060546875,42.71113586425781,40.576107025146484,38.78358840942383,39.03368377685547,41.43018341064453,43.68525695800781,43.33700942993164,41.546180725097656,40.34223937988281,39.53913879394531,38.9281120300293,39.29095458984375,40.63968276977539,41.083465576171875,38.9809684753418,36.20364761352539,35.32636642456055,36.54243850708008,38.3107795715332,39.40633010864258,39.755882263183594,39.811004638671875,39.97194290161133,40.3499755859375,40.79143524169922,40.987831115722656,40.75734329223633,39.9665641784668,38.9012565612793,38.20686340332031,38.20798873901367,38.51409149169922,37.59071731567383,35.31719970703125,33.83146286010742,34.48489761352539,36.456329345703125,38.60177993774414,40.63526916503906,42.487667083740234,44.15013885498047,45.512489318847656
42.6473388671875,43.07626724243164,42.3183479309082,41.101680755615234,40.45248794555664,41.18079376220703,43.39731216430664,44.877098083496094,44.09798049926758,42.3060188293457,40.65436553955078,39.37995529174805,38.891212463378906,39.73105239868164,41.09219741821289,40.88930892944336,38.266109466552734,35.47288513183594,34.56013107299805,35.409507751464844,37.07461166381836,38.65000534057617,39.85628128051758,40.5464973449707,40.651771545410156,40.40409469604492,40.02568054199219,39.3883056640625,38.54320526123047,37.72362518310547,37.005252838134766,36.7058219909668,37.23813247680664,38.33863067626953,38.4493408203125,36.775814056396484,35.185855865478516,35.877159118652344,37.89031982421875,39.584991455078125,41.201759338378906,42.74911117553711,43.43960189819336,42.7119255065918
42.40606689453125,42.18226623535156,41.657466888427734,41.510799407958984,41.73443603515625,42.74287796020508,44.98682403564453,46.679237365722656,46.19552993774414,44.20556640625,41.594905853271484,39.506778717041016,38.956520080566406,40.02764892578125,41.17623519897461,40.500038146972656,38.005332946777344,35.58557891845703,34.647132873535156,35.267120361328125,36.80598449707031,38.48576736450195,39.785003662109375,40.41060256958008,40.3249626159668,39.74562454223633,38.896209716796875,37.60075759887695,36.10323715209961,35.18669128417969,35.09576416015625,35.53857421875,36.408016204833984,37.79850387573242,38.377349853515625,37.030738830566406,35.301326751708984,35.69940948486328,37.62519454956055,39.44749450683594,41.00948715209961,41.47423553466797,39.946083068847656,37.36280059814453
41.646812438964844,41.281044006347656,41.02411651611328,41.513126373291016,42.35305404663086,43.65985870361328,46.11608123779297,48.251304626464844,48.232364654541016,46.04625701904297,42.72987365722656,40.073646545410156,39.3245735168457,40.14259719848633,40.658668518066406,39.4876823425293,37.26826858520508,35.650821685791016,35.55687713623047,36.665435791015625,37.961883544921875,38.970123291015625,39.552310943603516,39.665748596191406,39.242191314697266,38.37539291381836,37.18557357788086,35.619361877441406,34.17845153808594,33.69845199584961,34.22266387939453,34.7802848815918,35.28644943237305,36.22770690917969,36.53876495361328,35.331443786621094,34.0911979675293,34.870018005371094,37.14148712158203,39.48832702636719,41.300262451171875,40.75869369506836,37.48863983154297,34.20527267456055
40.56945037841797,40.165672302246094,40.245513916015625,41.45026397705078,42.989688873291016,44.34927749633789,46.71388626098633,49.37154006958008,49.682472229003906,47.0629997253418,43.519466400146484,41.078369140625,40.420860290527344,40.647117614746094,40.06407928466797,38.3810920715332,36.69559097290039,36.00589370727539,36.47419738769531,37.66444396972656,38.86051559448242,39.562557220458984,39.787715911865234,39.54169464111328,38.542110443115234,36.9372673034668,35.25458526611328,33.934547424316406,33.582237243652344,34.34381866455078,35.48139953613281,35.96425247192383,35.68325424194336,35.155921936035156,34.13328552246094,32.50511932373047,31.822906494140625,33.45438003540039,36.574275970458984,39.64262771606445,41.64093780517578,41.110286712646484,37.56480026245117,33.21150588989258
39.037654876708984,38.67654037475586,39.710994720458984,41.7839469909668,43.59430694580078,44.68976974487305,46.88252639770508,49.91618347167969,50.55028533935547,47.69425582885742,44.258995056152344,42.22057342529297,41.37546157836914,40.72836685180664,39.52094268798828,38.29715347290039,37.58140182495117,37.22998809814453,37.122379302978516,37.6175422668457,38.76852035522461,39.77227020263672,40.048851013183594,39.41155242919922,37.753875732421875,35.509307861328125,33.55219268798828,32.84942626953125,33.66054916381836,35.31364059448242,36.7536506652832,37.38835525512695,36.90608215332031,35.18553161621094,32.46910858154297,29.96392059326172,29.68448829650879,32.46529006958008,36.69622802734375,40.29973602294922,42.18824005126953,41.47933578491211,38.10139846801758,33.449989318847656
37.970428466796875,37.842960357666016,39.73253631591797,42.298763275146484,44.06260681152344,45.09825134277344,47.11946487426758,49.90234375,50.39904022216797,47.83879470825195,45.05462646484375,43.312530517578125,41.738426208496094,39.98069381713867,38.7247200012207,38.74681854248047,39.27620315551758,39.14699935913086,38.34869384765625,37.76952362060547,38.264404296875,39.45750427246094,39.93887710571289,38.84079360961914,36.446739196777344,33.79607009887695,32.04486846923828,31.851959228515625,32.57978439331055,33.37382507324219,34.122840881347656,35.162723541259766,35.668949127197266,34.371971130371094,30.932025909423828,27.737194061279297,27.923555374145508,31.830821990966797,36.94923782348633,40.56196975708008,41.64275360107422,40.36802673339844,37.873958587646484,34.12433624267578
37.96643829345703,38.07886505126953,40.33185577392578,43.10623550415039,44.978485107421875,46.19143295288086,47.54791259765625,49.081634521484375,49.18269348144531,47.565162658691406,45.722862243652344,44.0466194152832,41.735755920410156,39.21393966674805,38.06485366821289,38.747413635253906,39.96669006347656,40.46156692504883,39.89511489868164,38.76332092285156,38.37232971191406,39.226524353027344,39.67751693725586,38.13596725463867,35.1898078918457,32.412254333496094,30.802093505859375,30.062694549560547,29.374217987060547,28.676511764526367,28.80162239074707,30.595632553100586,32.2157096862793,31.903003692626953,28.63527488708496,25.463260650634766,26.3572940826416,30.966787338256836,36.23983383178711,39.35179138183594,39.72774887084961,38.04072570800781,36.51860046386719,34.97162628173828
38.09477233886719,38.55628204345703,41.0849494934082,43.984127044677734,46.08168029785156,47.29103469848633,47.769264221191406,48.17108154296875,47.85921859741211,46.897701263427734,46.016536712646484,44.57673263549805,42.041263580322266,39.31400680541992,37.8842887878418,38.115142822265625,39.06855010986328,40.270408630371094,40.862510681152344,40.0872688293457,39.0509147644043,38.961063385009766,38.76105499267578,37.04121017456055,34.40675354003906,32.198486328125,30.486413955688477,28.442180633544922,25.755327224731445,23.51425552368164,23.596616744995117,26.190641403198242,28.34650993347168,28.718172073364258,26.290002822875977,24.04128646850586,25.24565887451172,29.791595458984375,34.54445266723633,36.61026382446289,36.14007568359375,34.28959274291992,33.2368278503418,35.3110237121582
