data/wind_data/wind_37_7.json
{"header": {"parameterUnit": "KT", "parameterCategory": 2, "nx": 256, "ny": 198, "lo1": 44.73521041870117, "la1": -3.236724853515625, "lo2": 111.26478576660156, "la2": 43.468475341796875, "dx": 0.2609002888202667, "dy": -0.23708222806453705, "refTime": "2025-02-20 13:00:00", "forecastTime": 0, "parameterNumber": 2, "parameterNumberName": "eastward_wind"}, "data":
[rows 100 to 119 of 198, columns 88 to 131 of 256]
91.2528076171875,91.05943298339844,90.83970642089844,90.8021011352539,91.3615951538086,92.3409652709961,93.07958984375,93.7302017211914,94.79801177978516,96.00874328613281,96.87187957763672,97.2951889038086,97.25604248046875,96.83995819091797,96.35452270507812,96.2112808227539,96.60752868652344,97.1744384765625,97.89984893798828,99.14181518554688,100.58010864257812,101.7370834350586,102.62950134277344,102.89373779296875,102.13353729248047,100.99330139160156,100.32250213623047,100.02137756347656,99.57508850097656,98.97510528564453,98.61386108398438,98.79542541503906,99.38127899169922,99.80821990966797,99.64607238769531,98.98616790771484,98.5148696899414,99.13044738769531,100.75374603271484,101.9581069946289,101.79588317871094,100.70521545410156,99.73070526123047,98.97239685058594
91.46109008789062,91.10265350341797,90.71992492675781,90.61785125732422,91.22090911865234,92.35551452636719,93.31584930419922,94.08370208740234,95.0804672241211,96.199951171875,97.06795501708984,97.5340805053711,97.56361389160156,97.27500915527344,96.97184753417969,96.9851303100586,97.49519348144531,98.21503448486328,98.82649230957031,99.44823455810547,100.16606903076172,100.9686508178711,101.94725036621094,102.89360046386719,102.9622573852539,101.94570922851562,100.79348754882812,100.2122802734375,100.01751708984375,99.76761627197266,99.32302856445312,98.9875717163086,99.09819793701172,99.595458984375,100.02426147460938,99.86929321289062,99.38460540771484,99.68250274658203,101.2149429321289,102.71510314941406,102.93584442138672,102.0565414428711,100.99539184570312,100.11853790283203
91.27101135253906,90.86781311035156,90.62564086914062,90.75227355957031,91.44373321533203,92.58516693115234,93.55110168457031,94.04059600830078,94.57003784179688,95.60871887207031,96.72285461425781,97.26802825927734,97.21092224121094,96.93501281738281,96.77757263183594,96.8958511352539,97.3148193359375,97.83479309082031,98.27080535888672,98.71288299560547,99.16060638427734,99.525146484375,100.04449462890625,100.90381622314453,101.6197738647461,101.47723388671875,100.58216094970703,99.76964569091797,99.5923843383789,99.75921630859375,99.60444641113281,99.08753204345703,98.7796630859375,99.07709503173828,99.79324340820312,100.26042175292969,100.2097396850586,100.40869140625,101.67008209228516,103.38142395019531,104.2155990600586,103.61408233642578,102.14636993408203,100.63817596435547
91.07624816894531,90.71326446533203,90.67890167236328,91.03424072265625,91.76498413085938,92.78974151611328,93.76850128173828,94.08041381835938,94.10218048095703,94.68246459960938,95.80139923095703,96.62737274169922,96.8754653930664,96.7361068725586,96.3624496459961,96.03050994873047,96.04064178466797,96.4173812866211,96.86483001708984,97.1800308227539,97.43736267089844,97.73263549804688,98.102783203125,98.63125610351562,99.21178436279297,99.46562957763672,99.20117950439453,98.83491516113281,98.91231536865234,99.35130310058594,99.48821258544922,99.05870819091797,98.62665557861328,98.87823486328125,99.72892761230469,100.36125183105469,100.34601593017578,100.3987808227539,101.32185363769531,102.92652893066406,104.25615692138672,104.47356414794922,103.25016784667969,101.12747192382812
90.81158447265625,90.61402130126953,90.73408508300781,91.1760025024414,91.95858001708984,92.88162231445312,93.71952056884766,94.30892181396484,94.47930145263672,94.33113098144531,94.34963989257812,94.948486328125,95.95735168457031,96.65322875976562,96.47265625,95.63712310791016,94.85696411132812,94.60014343261719,94.7823486328125,95.06302642822266,95.28622436523438,95.63699340820312,96.24201965332031,96.84746551513672,97.26676177978516,97.49118041992188,97.50452423095703,97.45613098144531,97.72459411621094,98.33479309082031,98.75102233886719,98.62911224365234,98.34741973876953,98.58429718017578,99.41795349121094,100.05758666992188,99.91759490966797,99.59149169921875,99.98576354980469,101.15169525146484,102.47505187988281,103.24040222167969,103.016845703125,101.5863037109375
90.29530334472656,90.23131561279297,90.49092864990234,91.06336975097656,91.94599914550781,92.9676513671875,93.9343032836914,94.72151947021484,94.96295928955078,94.4281005859375,93.61661529541016,93.53988647460938,94.4644546508789,95.67619323730469,96.18473815917969,95.70170593261719,94.61881256103516,93.5633316040039,93.02082061767578,93.04524993896484,93.29602813720703,93.7776870727539,94.6570816040039,95.51298522949219,95.86077880859375,95.89236450195312,95.94601440429688,96.05764770507812,96.35819244384766,96.99468994140625,97.63105010986328,97.84264373779297,97.81179809570312,98.15519714355469,98.96405029296875,99.52503967285156,99.2830581665039,98.64998626708984,98.58655548095703,99.42127990722656,100.57439422607422,101.36738586425781,101.54313659667969,100.87713623046875
89.49271392822266,89.50440216064453,89.9131088256836,90.6773452758789,91.83008575439453,93.21109771728516,94.37451171875,94.9170150756836,94.56271362304688,93.60043334960938,92.90937805175781,93.2137680053711,94.29499053955078,95.22056579589844,95.4138412475586,94.90953063964844,93.91706085205078,92.79985809326172,92.07158660888672,92.00125885009766,92.36686706542969,92.98667907714844,93.96794891357422,94.90629577636719,95.14358520507812,94.88968658447266,94.81536102294922,95.03258514404297,95.4258041381836,96.04728698730469,96.72650146484375,97.11321258544922,97.29431915283203,97.8025131225586,98.65486145019531,99.08561706542969,98.60993957519531,97.71156311035156,97.3895034790039,98.02654266357422,99.13269805908203,100.08655548095703,100.44976043701172,99.85650634765625
88.6314468383789,88.89802551269531,89.37232971191406,90.12068939208984,91.62305450439453,93.55814361572266,94.62405395507812,94.20565795898438,92.96147918701172,92.09068298339844,92.2520523071289,93.23609924316406,94.3623046875,94.98079681396484,94.8544921875,94.11125946044922,92.96450805664062,91.80265808105469,91.139404296875,91.19425964355469,91.68402862548828,92.33903503417969,93.37137603759766,94.55626678466797,94.93941497802734,94.49434661865234,94.1611099243164,94.34020233154297,94.79540252685547,95.35665893554688,95.91695404052734,96.29150390625,96.54206848144531,97.13555908203125,98.04206085205078,98.3865737915039,97.66260528564453,96.49244689941406,95.9828872680664,96.58299255371094,97.77530670166016,98.7761459350586,99.1603775024414,98.50037384033203
87.95819091796875,88.60247039794922,89.1557388305664,89.81322479248047,91.4736328125,93.60716247558594,94.14761352539062,92.71489715576172,91.078857421875,90.86627197265625,91.96019744873047,93.17198944091797,93.7195816040039,93.68648529052734,93.39561462402344,92.92951202392578,92.20503234863281,91.30386352539062,90.5839614868164,90.2992935180664,90.34172821044922,90.63056945800781,91.6333999633789,93.3399887084961,94.4207763671875,94.2259292602539,93.65663146972656,93.57398223876953,93.9902572631836,94.54817962646484,94.99098205566406,95.19058990478516,95.31724548339844,95.92743682861328,96.9432601928711,97.22657775878906,96.27267456054688,94.96871948242188,94.50840759277344,95.16817474365234,96.2901382446289,97.20398712158203,97.599365234375,96.96540069580078
87.53419494628906,88.35162353515625,89.02375030517578,89.84650421142578,91.4144058227539,92.91732788085938,92.71703338623047,91.03445434570312,89.88581085205078,90.47106170654297,91.9134521484375,92.66395568847656,92.37342834472656,91.80329895019531,91.5513687133789,91.53690338134766,91.38687896728516,90.93234252929688,90.32157135009766,89.76168823242188,89.30207061767578,89.15016174316406,89.94261932373047,91.84209442138672,93.50862884521484,93.85057067871094,93.3973388671875,93.14866638183594,93.39619445800781,93.84645080566406,94.25823974609375,94.46368408203125,94.48695373535156,94.99689483642578,96.10888671875,96.57417297363281,95.64725494384766,94.30074310302734,93.96807861328125,94.75045013427734,95.64411163330078,96.11566925048828,96.32772827148438,96.04074096679688
87.14834594726562,87.95121002197266,88.68708801269531,89.66907501220703,90.87315368652344,91.45662689208984,90.85594177246094,89.81743621826172,89.65862274169922,90.59905242919922,91.55081939697266,91.60095977783203,91.0050277709961,90.56463623046875,90.60941314697266,90.85868072509766,90.92984008789062,90.73448944091797,90.43547821044922,90.1511001586914,89.81791687011719,89.54373931884766,89.95796203613281,91.51104736328125,93.18408966064453,93.81494140625,93.66217041015625,93.58704376220703,93.85385131835938,94.18126678466797,94.4841079711914,94.80736541748047,94.96835327148438,95.20475006103516,95.85478210449219,96.40677642822266,96.16344451904297,95.38411712646484,94.96626281738281,95.35638427734375,95.93164825439453,95.88499450683594,95.69146728515625,95.76002502441406
86.76477813720703,87.7112045288086,88.39740753173828,88.9429931640625,89.50287628173828,89.72030639648438,89.47013092041016,89.34071350097656,89.80601501464844,90.46165466308594,90.67556762695312,90.4959945678711,90.41838836669922,90.66234588623047,91.00951385498047,91.16484069824219,91.09803009033203,91.0067138671875,91.09666442871094,91.3758316040039,91.56596374511719,91.48743438720703,91.51069641113281,92.32752227783203,93.59387969970703,94.26476287841797,94.34142303466797,94.56318664550781,95.060546875,95.4409408569336,95.63833618164062,95.8957290649414,96.12054443359375,96.25142669677734,96.47610473632812,96.70502471923828,96.81033325195312,96.84107971191406,96.73371124267578,96.75428009033203,96.9373779296875,96.41561889648438,95.53341674804688,95.44428253173828
86.62938690185547,87.83003997802734,88.22429656982422,87.96197509765625,87.97478485107422,88.45088958740234,89.0169677734375,89.51102447509766,89.88490295410156,89.96846771240234,89.88134765625,90.0765151977539,90.74457550048828,91.50566101074219,91.88947296142578,91.83688354492188,91.68863677978516,91.75055694580078,92.11715698242188,92.75180053710938,93.37528228759766,93.6719741821289,93.61654663085938,93.73222351074219,94.37763214111328,94.99930572509766,95.27179718017578,95.70450592041016,96.42488098144531,96.94873046875,97.09883880615234,97.1074447631836,97.18633270263672,97.37777709960938,97.55714416503906,97.59329223632812,97.67163848876953,98.00296783447266,98.26927185058594,98.3093032836914,98.15202331542969,97.26334381103516,95.93267822265625,95.51477813720703
86.85684204101562,88.16861724853516,88.00909423828125,87.07731628417969,86.99517822265625,87.8919906616211,88.844482421875,89.35599517822266,89.58931732177734,89.69529724121094,89.94924926757812,90.63019561767578,91.58704376220703,92.2681884765625,92.37338256835938,92.23844146728516,92.36392211914062,92.79234313964844,93.28166198730469,93.8441390991211,94.60687255859375,95.37792205810547,95.69015502929688,95.4856185913086,95.42430114746094,95.82666778564453,96.32270812988281,96.835693359375,97.53762817382812,98.23688507080078,98.57740783691406,98.40225982666016,98.0987777709961,98.14395141601562,98.4017105102539,98.55305480957031,98.66392517089844,98.94696807861328,99.28679656982422,99.38768005371094,99.01416015625,97.93998718261719,96.61968994140625,96.1253662109375
87.57023620605469,88.52544403076172,87.72920227050781,86.54666137695312,86.4600601196289,87.22227478027344,87.94773864746094,88.47123718261719,89.13837432861328,89.99673461914062,90.94568634033203,91.89337921142578,92.55638122558594,92.73320007324219,92.59193420410156,92.56754302978516,93.00565338134766,93.78427124023438,94.46002960205078,94.90118408203125,95.44159698486328,96.3227767944336,97.09970092773438,97.16970825195312,96.8073501586914,96.79318237304688,97.24575805664062,97.84013366699219,98.45553588867188,99.08008575439453,99.56045532226562,99.5047836303711,99.00930786132812,98.73564147949219,98.84605407714844,99.08871459960938,99.3424301147461,99.67779541015625,99.83560943603516,99.7240982055664,99.41207122802734,98.59884643554688,97.4519271850586,96.92738342285156
88.73646545410156,88.87757873535156,87.60469818115234,86.58018493652344,86.32878112792969,86.38570404052734,86.60893249511719,87.44332885742188,88.92488861083984,90.46146392822266,91.7787094116211,92.83881378173828,93.35020446777344,93.28871154785156,93.09357452392578,93.1769027709961,93.71733856201172,94.64929962158203,95.57440185546875,96.09247589111328,96.34371948242188,96.87997436523438,97.7725601196289,98.37324523925781,98.3111343383789,98.02378845214844,98.05624389648438,98.51766967773438,99.14179229736328,99.65023040771484,99.9747085571289,99.94339752197266,99.51593780517578,99.16322326660156,99.15923309326172,99.34697723388672,99.60689544677734,99.96876525878906,100.08798217773438,99.95289611816406,99.85122680664062,99.29458618164062,98.30542755126953,97.77362060546875
89.32344055175781,89.00352478027344,87.7844009399414,87.01307678222656,86.49484252929688,86.00142669677734,86.02593994140625,87.14053344726562,88.95675659179688,90.55757141113281,91.7372055053711,92.69371795654297,93.3958969116211,93.80450439453125,94.04431915283203,94.28563690185547,94.72429656982422,95.51358032226562,96.47187805175781,97.13494110107422,97.32650756835938,97.5268783569336,98.18103790283203,99.01388549804688,99.40084838867188,99.1498794555664,98.80693817138672,99.02760314941406,99.67554473876953,100.14900207519531,100.23078918457031,100.0040512084961,99.62765502929688,99.4236068725586,99.52063751220703,99.72225189208984,100.01577758789062,100.47960662841797,100.84139251708984,100.78825378417969,100.59866333007812,100.304931640625,99.63600158691406,99.07244110107422
89.23387908935547,88.81818389892578,87.89051818847656,87.12220001220703,86.45086669921875,86.04084777832031,86.28990936279297,87.53772735595703,89.3246078491211,90.62264251708984,91.27478790283203,91.91964721679688,92.91600036621094,94.05457305908203,94.95466613769531,95.46525573730469,95.78509521484375,96.27828216552734,97.0578384399414,97.76224517822266,98.05091857910156,98.14069366455078,98.48837280273438,99.13906860351562,99.6867446899414,99.68360900878906,99.3592529296875,99.4271240234375,99.97433471679688,100.41340637207031,100.39351654052734,100.02769470214844,99.68514251708984,99.7664566040039,100.22722625732422,100.5583724975586,100.83893585205078,101.58344268798828,102.28462982177734,102.36485290527344,102.06981658935547,101.75492095947266,101.27543640136719,100.46856689453125
89.49986267089844,88.840576171875,87.83204650878906,86.9106216430664,86.19139862060547,86.08114624023438,86.71031951904297,88.03781127929688,89.73312377929688,90.8861083984375,91.21993255615234,91.54904174804688,92.55622863769531,94.0445327758789,95.37250518798828,96.12881469726562,96.40689086914062,96.66270446777344,97.24114227294922,97.9223861694336,98.26296997070312,98.33658599853516,98.59488677978516,99.14430236816406,99.67974853515625,99.88046264648438,99.85697174072266,100.0230484008789,100.41108703613281,100.674560546875,100.66081237792969,100.48723602294922,100.42979431152344,100.73530578613281,101.33883666992188,101.86801147460938,102.26588439941406,102.8917465209961,103.5489501953125,103.70304107666016,103.64269256591797,103.5361099243164,102.68045043945312,101.1051254272461
89.49555206298828,88.67500305175781,87.4124984741211,86.57683563232422,86.11211395263672,86.19064331054688,87.07988739013672,88.55017852783203,90.09381866455078,91.12933349609375,91.51252746582031,91.8374252319336,92.71825408935547,94.08871459960938,95.41374969482422,96.25739288330078,96.58949279785156,96.75716400146484,97.15996551513672,97.78376770019531,98.29659271240234,98.6287612915039,99.06752014160156,99.7208251953125,100.31246948242188,100.59678649902344,100.70482635498047,100.91461944580078,101.22924041748047,101.48370361328125,101.61688232421875,101.73225402832031,101.95880126953125,102.25996398925781,102.56324005126953,103.04401397705078,103.54226684570312,103.8283920288086,104.14823150634766,104.32669830322266,104.26779174804688,104.27806091308594,103.30136108398438,101.0680160522461
