data/wind_data/wind_58_8.json
{"header": {"parameterUnit": "KT", "parameterCategory": 2, "nx": 256, "ny": 198, "lo1": 44.73521041870117, "la1": -3.236724853515625, "lo2": 111.26478576660156, "la2": 43.468475341796875, "dx": 0.2609002888202667, "dy": -0.23708222806453705, "refTime": "2025-02-21 10:00:00", "forecastTime": 0, "parameterNumber": 2, "parameterNumberName": "eastward_wind"}, "data":
[rows 114 to 132 of 198, columns 0 to 43 of 256]
71.1628189086914,70.85121154785156,71.46922302246094,71.1427993774414,70.26685333251953,68.9670639038086,67.5394058227539,66.08060455322266,64.2015609741211,61.65400695800781,59.231468200683594,58.428470611572266,59.395084381103516,60.810543060302734,61.64015579223633,61.8646240234375,61.801700592041016,61.652015686035156,61.251708984375,60.391334533691406,59.208702087402344,58.24016189575195,57.350608825683594,56.16029357910156,55.145713806152344,55.1461296081543,56.19101333618164,57.70656204223633,59.041465759277344,59.63618850708008,59.34849548339844,58.72600173950195,58.7330207824707,59.568695068359375,60.409400939941406,60.02809524536133,57.812076568603516,54.54374313354492,51.95586395263672,51.07752227783203,51.59379196166992,52.603878021240234,53.59441375732422,54.74718475341797
71.98233795166016,71.41575622558594,72.2730484008789,72.46337127685547,72.25499725341797,71.62760162353516,70.50629425048828,68.88322448730469,66.64945220947266,63.72979736328125,60.80342483520508,59.33549880981445,60.03474426269531,61.7320671081543,63.02051544189453,63.48912811279297,63.3685302734375,63.05093002319336,62.71498107910156,62.26488494873047,61.72031784057617,61.4371223449707,61.29713821411133,60.74755096435547,59.768821716308594,58.969017028808594,58.85789108276367,59.48274230957031,60.33061981201172,60.638343811035156,60.02500534057617,58.912288665771484,58.35673522949219,59.062904357910156,60.606971740722656,61.56476593017578,60.86577606201172,58.34564208984375,55.35425567626953,53.597068786621094,53.4675407409668,54.112483978271484,54.71995544433594,55.48370361328125
72.80836486816406,71.9609146118164,73.17931365966797,73.91187286376953,74.45382690429688,74.52645111083984,73.7203598022461,71.95152282714844,69.43025970458984,66.38536071777344,63.33179473876953,61.370853424072266,61.3144645690918,62.5952033996582,64.04252624511719,64.91410064697266,64.84779357910156,64.13156127929688,63.45305633544922,63.24689865112305,63.47645568847656,63.90964889526367,64.32223510742188,64.5123291015625,64.26201629638672,63.520362854003906,62.7401237487793,62.51427459716797,62.72800827026367,62.67856979370117,61.785560607910156,60.2703742980957,59.016143798828125,59.019309997558594,60.4212532043457,62.21715545654297,62.86610794067383,61.6754150390625,59.15256118774414,57.04732131958008,56.44649124145508,56.8248405456543,56.89527130126953,56.75575637817383
73.7100830078125,72.81278228759766,74.08678436279297,75.01329040527344,76.12632751464844,76.77185821533203,76.21640014648438,74.37601470947266,71.72930145263672,68.81684875488281,66.07009887695312,64.1432113647461,63.57699966430664,64.08696746826172,65.01976013183594,65.97758483886719,66.21369171142578,65.3670425415039,64.26131439208984,63.946807861328125,64.62670135498047,65.60808563232422,66.29963684082031,66.74664306640625,67.04436492919922,66.99261474609375,66.61128997802734,66.26786041259766,66.05888366699219,65.61153411865234,64.5164566040039,62.85454177856445,61.14913558959961,60.32080841064453,60.75185012817383,62.257232666015625,63.59542465209961,63.70188522338867,62.39004135131836,60.46690368652344,59.39487075805664,59.597679138183594,60.13084030151367,59.784908294677734
75.322509765625,74.83089447021484,75.89678192138672,76.57816314697266,77.80280303955078,78.58357238769531,78.01748657226562,76.13201904296875,73.5837173461914,70.89400482177734,68.37571716308594,66.53016662597656,65.82791900634766,65.89403533935547,66.13444519042969,66.62028503417969,67.11504364013672,66.71083068847656,65.61506652832031,65.07612609863281,65.60710144042969,66.65294647216797,67.4813003540039,67.9327163696289,68.29981994628906,68.7899169921875,69.33502960205078,69.67281341552734,69.54740905761719,68.79474639892578,67.45451354980469,65.92708587646484,64.3639144897461,63.1433219909668,62.6241569519043,63.229190826416016,64.45803833007812,65.06564331054688,64.55384826660156,63.253562927246094,62.00473403930664,61.7818603515625,62.7420654296875,63.55681610107422
77.41985321044922,77.62960052490234,78.66146850585938,79.06010437011719,80.26551055908203,80.90235137939453,80.19363403320312,78.35816192626953,75.95842742919922,73.39266204833984,70.90901184082031,68.92684936523438,67.95110321044922,67.61195373535156,67.1468505859375,66.89163970947266,67.36729431152344,67.75959777832031,67.18441772460938,66.56230926513672,66.8043212890625,67.63111114501953,68.38129425048828,68.7483139038086,68.97045135498047,69.52230834960938,70.5406494140625,71.57857513427734,71.96851348876953,71.4296646118164,70.31990814208984,69.23591613769531,67.986083984375,66.63518524169922,65.77745819091797,65.89090728759766,66.63096618652344,66.9803695678711,66.39994812011719,65.4659423828125,64.48965454101562,63.70042419433594,64.14569091796875,65.72987365722656
78.6590347290039,79.31914520263672,80.49317169189453,81.07435607910156,82.58329010009766,83.25820922851562,82.58634185791016,80.99348449707031,78.90223693847656,76.55912017822266,74.1474838256836,71.99970245361328,70.638427734375,69.80400085449219,68.65966796875,67.641845703125,67.81515502929688,68.5056381225586,68.35737609863281,67.8330307006836,68.18582153320312,68.94908142089844,69.45394134521484,69.61776733398438,69.67071533203125,69.99057006835938,70.8453140258789,71.96578216552734,72.73350524902344,72.88140869140625,72.60894012451172,72.14424133300781,71.31343078613281,70.12317657470703,69.23530578613281,69.2428970336914,69.76924133300781,69.69319915771484,68.66180419921875,67.59430694580078,66.99697875976562,66.17777252197266,65.67606353759766,66.4289321899414
79.09601593017578,79.91207122802734,81.18708801269531,82.21792602539062,84.1757583618164,84.9516372680664,84.46670532226562,83.31303405761719,81.64987182617188,79.61531066894531,77.43030548095703,75.28455352783203,73.5810775756836,72.34446716308594,71.00934600830078,69.86956024169922,69.7256088256836,70.01153564453125,69.62527465820312,68.9878158569336,69.2894058227539,70.13133239746094,70.64070129394531,70.80013275146484,70.8310546875,70.87339782714844,71.17799377441406,71.83861541748047,72.61508178710938,73.30474090576172,73.71858215332031,73.78396606445312,73.5767593383789,72.98524475097656,72.36563873291016,72.48563385009766,72.71793365478516,71.98472595214844,70.76612854003906,69.9935531616211,70.06275177001953,69.5030746459961,67.92936706542969,66.99808502197266
79.34327697753906,79.46080017089844,80.77303314208984,82.18537902832031,84.34320068359375,85.19156646728516,85.04218292236328,84.57426452636719,83.64523315429688,82.11115264892578,80.21768188476562,78.23760986328125,76.38621520996094,74.78337097167969,73.47412872314453,72.79492950439453,72.8041763305664,72.89376831054688,72.25575256347656,71.00603485107422,70.40151977539062,70.8560562133789,71.45166015625,71.89925384521484,72.20001983642578,72.16702270507812,72.01696014404297,72.18319702148438,72.66270446777344,73.28825378417969,73.7678451538086,74.04763793945312,74.55882263183594,75.01374053955078,74.9234848022461,74.90765380859375,74.62678527832031,73.42739868164062,72.2211685180664,72.123291015625,72.74085235595703,72.21409606933594,70.04390716552734,67.92337799072266
79.47490692138672,77.88861083984375,78.97093963623047,80.38591003417969,82.08556365966797,82.74522399902344,82.8570327758789,83.0509262084961,83.0694580078125,82.4456787109375,81.20354461669922,79.76063537597656,78.29083251953125,76.749755859375,75.44898223876953,74.99028015136719,75.42721557617188,76.05081939697266,75.88060760498047,74.42808532714844,72.78131103515625,72.11009216308594,72.16988372802734,72.65313720703125,73.17508697509766,73.21658325195312,72.94786834716797,72.84173583984375,73.01005554199219,73.3028793334961,73.4001693725586,73.66000366210938,74.89151763916016,76.26911926269531,76.66865539550781,76.54275512695312,76.05245208740234,74.94136810302734,73.86309814453125,73.58341979980469,73.64747619628906,72.9714126586914,70.96542358398438,68.28144836425781
79.25008392333984,76.46675872802734,77.15303039550781,78.0848388671875,78.6683120727539,78.5790023803711,78.41853332519531,78.70247650146484,79.15816497802734,79.20072937011719,78.71022033691406,78.09071350097656,77.47915649414062,76.68318176269531,75.968017578125,75.85955810546875,76.6129379272461,78.01842498779297,79.05702209472656,78.49488830566406,76.55827331542969,74.60287475585938,73.55831146240234,73.63616180419922,74.11357116699219,74.15862274169922,73.7757339477539,73.3410415649414,73.2352294921875,73.34230041503906,73.21581268310547,73.65153503417969,75.52433776855469,77.3630142211914,78.10867309570312,78.25846862792969,77.7765121459961,76.73209381103516,75.853271484375,74.92597961425781,73.68531036376953,72.27354431152344,70.21502685546875,67.53810119628906
78.51998901367188,75.3770523071289,75.8237075805664,76.2463150024414,75.81402587890625,75.01372528076172,74.34546661376953,74.14929962158203,74.20653533935547,74.0397720336914,73.7018814086914,73.59130096435547,73.65558624267578,73.65171813964844,73.86267852783203,74.61956024169922,76.02200317382812,78.10855102539062,80.25017547607422,81.09121704101562,79.88773345947266,77.51104736328125,75.61710357666016,75.04654693603516,75.28948974609375,75.4256591796875,74.96228790283203,74.08123779296875,73.6742935180664,73.59168243408203,73.5517807006836,74.65177917480469,77.30501556396484,79.34207916259766,79.85769653320312,79.95101928710938,79.72465515136719,78.7259750366211,77.59429931640625,76.43981170654297,74.66828155517578,71.74132537841797,68.03540802001953,65.2463150024414
77.68146514892578,74.52544403076172,74.79769897460938,74.87799835205078,74.04529571533203,72.96373748779297,71.86593627929688,71.10629272460938,70.5423583984375,69.77228546142578,69.12024688720703,69.03512573242188,69.1597671508789,69.21949005126953,69.83221435546875,71.49398803710938,73.94600677490234,76.70858764648438,79.1843490600586,80.65718078613281,80.5362548828125,78.97681427001953,77.2588119506836,76.3681411743164,76.32330322265625,76.6085433959961,76.35436248779297,75.45526123046875,74.8126449584961,74.4585189819336,74.87886810302734,77.0602798461914,80.23703002929688,81.5958480834961,81.13782501220703,81.23957824707031,81.68461608886719,80.7214584350586,79.07891082763672,78.26386260986328,76.40363311767578,71.29487609863281,65.86853790283203,63.72905349731445
76.97422790527344,74.11429595947266,74.32548522949219,74.20407104492188,73.37667083740234,72.09751892089844,70.52700805664062,69.28595733642578,68.393798828125,67.41805267333984,66.60157775878906,66.33734893798828,66.17446899414062,65.7635269165039,65.97349548339844,67.81636810302734,71.08375549316406,74.56727600097656,77.12550354003906,78.38273620605469,78.53445434570312,77.89342498779297,77.07402801513672,76.58907318115234,76.63253021240234,77.01158905029297,77.0808334350586,76.67112731933594,75.97477722167969,75.65013122558594,76.78125,79.9317398071289,82.64147186279297,82.30205535888672,81.35649871826172,82.49442291259766,83.48538208007812,82.23650360107422,80.54422760009766,79.78910827636719,77.19920349121094,71.59622955322266,66.7562255859375,64.954345703125
76.2541275024414,73.836669921875,74.13631439208984,73.97252655029297,73.23535919189453,71.8243408203125,70.03239440917969,68.65045166015625,67.77882385253906,66.96113586425781,66.22138214111328,65.8309326171875,65.42243194580078,64.52107238769531,63.89585876464844,65.07624053955078,68.39173889160156,72.28028106689453,74.92640686035156,75.83979797363281,75.73629760742188,75.3848876953125,75.20217895507812,75.29631805419922,75.7005844116211,76.06916046142578,76.31584167480469,76.42214965820312,75.97140502929688,76.09388732910156,78.19757080078125,81.39081573486328,82.39155578613281,81.02702331542969,81.80858612060547,84.08091735839844,84.12963104248047,82.84162139892578,82.32670593261719,81.63851165771484,78.35739135742188,73.2718276977539,68.91191864013672,66.71155548095703
75.41947937011719,72.68111419677734,72.88920593261719,72.71734619140625,71.91181945800781,70.50303649902344,68.90853881835938,67.8990478515625,67.49291229248047,67.15982055664062,66.78060150146484,66.54500579833984,66.12467956542969,64.97852325439453,63.67720031738281,63.97781753540039,66.78705596923828,70.49176788330078,72.87532806396484,73.49864196777344,73.2975845336914,73.08753967285156,73.10173034667969,73.3895492553711,73.73323822021484,73.8340835571289,74.1640396118164,74.43668365478516,74.36262512207031,75.53848266601562,78.4903335571289,80.51411437988281,79.77388000488281,79.39046478271484,82.69914245605469,84.59847259521484,83.45841217041016,83.13195037841797,83.58393096923828,81.70470428466797,76.94619750976562,72.62725830078125,70.3571548461914,69.06500244140625
74.57526397705078,70.9837646484375,70.80073547363281,70.43183135986328,69.31973266601562,67.85501098632812,66.41427612304688,65.72377014160156,65.80973815917969,66.09452819824219,66.32794189453125,66.50359344482422,66.23013305664062,65.07495880126953,63.68765640258789,63.82516860961914,66.41040802001953,69.66436767578125,71.38644409179688,71.56200408935547,71.35962677001953,71.38177490234375,71.53097534179688,71.67920684814453,71.56626892089844,71.34478759765625,71.41716003417969,71.53079223632812,72.22552490234375,74.88418579101562,77.912109375,78.40254974365234,77.51800537109375,78.98690032958984,82.7381591796875,83.47781372070312,82.30448913574219,82.04420471191406,81.16681671142578,77.47252655029297,73.455078125,71.73767852783203,71.02886962890625,68.58213806152344
73.96533966064453,70.1943130493164,69.63226318359375,68.83910369873047,67.36184692382812,65.87252807617188,64.43708038330078,63.628623962402344,63.67401123046875,64.15380096435547,64.69197845458984,65.03907012939453,64.75621795654297,63.61501693725586,62.50082015991211,63.20248031616211,66.26061248779297,69.47123718261719,70.73348236083984,70.42793273925781,70.02229309082031,70.07308959960938,70.23236083984375,70.1247787475586,69.73252868652344,69.2669906616211,68.84757232666016,69.03302764892578,70.88341522216797,74.7600326538086,77.44622039794922,77.19098663330078,77.07513427734375,79.18330383300781,81.207763671875,81.59896850585938,81.66658782958984,80.28535461425781,76.64228820800781,72.99263763427734,71.30848693847656,70.62358093261719,69.22631072998047,67.32527160644531
73.52120208740234,69.8753662109375,69.21389770507812,68.0850601196289,66.3595962524414,65.07805633544922,63.855125427246094,62.957130432128906,62.742088317871094,62.99970626831055,63.34869384765625,63.46664047241211,62.93137741088867,61.64834976196289,60.6806640625,61.808677673339844,65.22677612304688,68.643310546875,70.04228210449219,69.71998596191406,69.12852478027344,68.95563507080078,68.89990997314453,68.61741638183594,68.1646728515625,67.56006622314453,67.10477447509766,67.63059997558594,70.97123718261719,75.8095474243164,77.83377075195312,77.46575164794922,78.50374603271484,79.94915771484375,79.99359893798828,80.72567749023438,80.72746276855469,76.7984619140625,72.15391540527344,70.4868392944336,70.11129760742188,69.58502197265625,69.44084167480469,68.377197265625
