data/wind_data/wind_29_6.json
{"header": {"parameterUnit": "KT", "parameterCategory": 2, "nx": 256, "ny": 198, "lo1": 44.73521041870117, "la1": -3.236724853515625, "lo2": 111.26478576660156, "la2": 43.468475341796875, "dx": 0.2609002888202667, "dy": -0.23708222806453705, "refTime": "2025-02-20 05:00:00", "forecastTime": 0, "parameterNumber": 2, "parameterNumberName": "eastward_wind"}, "data":
[rows 100 to 119 of 198, columns 0 to 44 of 256]
91.27808380126953,89.94358825683594,88.97049713134766,87.73011779785156,86.2320556640625,84.94168090820312,83.93307495117188,83.26118469238281,83.2115478515625,83.78941345214844,84.6291732788086,85.26447296142578,85.62054443359375,85.8833999633789,86.00874328613281,85.89210510253906,85.64471435546875,85.44645690917969,85.48780822753906,85.80729675292969,86.16805267333984,86.27678680419922,86.06204986572266,85.6600112915039,85.26829528808594,84.98587036132812,84.7948989868164,84.69140625,84.60466003417969,84.34783935546875,83.80498504638672,83.07344818115234,82.38065338134766,81.95191192626953,81.92176055908203,82.32783508300781,83.03199005126953,83.75275421142578,84.21340942382812,84.32810974121094,84.25691986083984,84.13715362548828,83.94026184082031,83.68768310546875,83.4445571899414
93.42623138427734,92.0477294921875,91.10330963134766,89.96464538574219,88.64906311035156,87.56169891357422,86.59757232666016,85.72484588623047,85.4340591430664,85.72091674804688,86.37734985351562,87.18899536132812,87.903564453125,88.52559661865234,88.92066955566406,88.80352783203125,88.3407974243164,87.95918273925781,87.89844512939453,88.1143798828125,88.39595031738281,88.51264190673828,88.33457946777344,87.95787048339844,87.5160903930664,87.00800323486328,86.48890686035156,86.14801788330078,86.055419921875,85.98259735107422,85.6846923828125,85.14407348632812,84.5048599243164,84.0006103515625,83.8113784790039,84.00850677490234,84.50672912597656,85.11408233642578,85.64037322998047,85.98716735839844,86.14739227294922,86.11595916748047,85.8812026977539,85.554443359375,85.26311492919922
95.17823028564453,93.48275756835938,92.45266723632812,91.6102523803711,90.69015502929688,89.87972259521484,89.0271224975586,88.04788970947266,87.47274780273438,87.32505798339844,87.56322479248047,88.38938903808594,89.50102233886719,90.45033264160156,91.01716613769531,91.04293823242188,90.70491790771484,90.37903594970703,90.26788330078125,90.3193588256836,90.43218994140625,90.40049743652344,90.1898193359375,89.91822814941406,89.51058959960938,88.86490631103516,88.16787719726562,87.70816040039062,87.51154327392578,87.37470245361328,87.1385498046875,86.78724670410156,86.38237762451172,86.04530334472656,85.92599487304688,86.09285736083984,86.46701049804688,86.93016052246094,87.4065933227539,87.81300354003906,88.04964447021484,87.99269104003906,87.62471771240234,87.12318420410156,86.6411361694336
96.11058807373047,94.23558044433594,93.15135192871094,92.47278594970703,91.84591674804688,91.33531951904297,90.7337646484375,89.78653717041016,89.0376968383789,88.74756622314453,88.85669708251953,89.62974548339844,90.9004898071289,92.03216552734375,92.67719268798828,92.85738372802734,92.7817153930664,92.67045593261719,92.60955810546875,92.53985595703125,92.42827606201172,92.24864196777344,91.98644256591797,91.65400695800781,91.1806411743164,90.5514144897461,89.87821197509766,89.34085083007812,88.9810791015625,88.70004272460938,88.42383575439453,88.16072845458984,87.95535278320312,87.85066223144531,87.88204193115234,88.0728988647461,88.33753204345703,88.55703735351562,88.81285095214844,89.18354797363281,89.4900894165039,89.40766143798828,88.85762023925781,88.07742309570312,87.2745361328125
96.26861572265625,94.31381225585938,93.16075134277344,92.41503143310547,91.93028259277344,91.58016967773438,90.98963165283203,89.96036529541016,89.28126525878906,89.28329467773438,89.65092468261719,90.41886901855469,91.59329223632812,92.74366760253906,93.46380615234375,93.77750396728516,93.93514251708984,94.14501953125,94.24576568603516,94.10871124267578,93.92432403564453,93.74552917480469,93.47096252441406,93.1007080078125,92.58528900146484,91.88276672363281,91.15242767333984,90.63178253173828,90.32132720947266,90.07982635498047,89.80950927734375,89.54003143310547,89.39813995361328,89.4621810913086,89.64936828613281,89.84278106689453,89.93728637695312,89.85696411132812,89.81103515625,90.06438446044922,90.42510986328125,90.46224975585938,89.97863006591797,89.0442123413086,87.84886169433594
95.13497924804688,93.42733001708984,92.46183776855469,91.8336410522461,91.55638122558594,91.1595230102539,90.32808685302734,89.20406341552734,88.84603881835938,89.43905639648438,90.18314361572266,90.82884979248047,91.69255828857422,92.68608093261719,93.44880676269531,93.86665344238281,94.24483489990234,94.7209243774414,94.94617462158203,94.84976959228516,94.68134307861328,94.51004791259766,94.3486328125,94.08342742919922,93.52784729003906,92.65670013427734,91.79364013671875,91.29985046386719,91.21504211425781,91.20106506347656,90.98601531982422,90.59859466552734,90.29341125488281,90.28791809082031,90.54715728759766,90.87054443359375,91.06756591796875,90.92247009277344,90.54254150390625,90.4084701538086,90.61007690429688,90.73255920410156,90.47401428222656,89.7622299194336,88.47063446044922
92.03072357177734,91.046630859375,90.5760269165039,90.29950714111328,90.23355865478516,89.58990478515625,88.47614288330078,87.44021606445312,87.66712188720703,88.94366455078125,89.8450698852539,90.24010467529297,90.83741760253906,91.74078369140625,92.61521911621094,93.21769714355469,93.87650299072266,94.61302947998047,94.90774536132812,94.89126586914062,94.9805679321289,95.18064880371094,95.15076446533203,94.52860260009766,93.61703491210938,92.79779052734375,92.22154998779297,91.84872436523438,91.6671142578125,91.55380249023438,91.39328002929688,91.00983428955078,90.52690124511719,90.33841705322266,90.58343505859375,91.01935577392578,91.3256607055664,91.30523681640625,90.94165802001953,90.47282409667969,90.202880859375,90.07320404052734,89.88602447509766,89.49606323242188,88.44425964355469
90.00212097167969,89.25621032714844,88.9058609008789,88.72188568115234,88.43858337402344,87.31101989746094,85.88397216796875,85.10653686523438,85.91094207763672,87.28642272949219,87.87399291992188,88.04644775390625,88.60440826416016,89.63707733154297,90.74227905273438,91.69361877441406,92.66499328613281,93.4406967163086,93.9249038696289,94.3266830444336,94.73335266113281,95.05169677734375,94.90288543701172,94.24097442626953,93.4202880859375,92.74378967285156,92.18846130371094,91.82723236083984,91.6434326171875,91.54354095458984,91.17124938964844,90.53231048583984,89.94905853271484,89.88542938232422,90.3084945678711,90.92039489746094,91.4793930053711,91.73824310302734,91.58756256103516,90.97278594970703,89.9986343383789,89.00151062011719,88.42049407958984,88.25435638427734,87.63082885742188
90.37490844726562,89.19605255126953,88.49528503417969,88.04833221435547,87.40859985351562,85.85900115966797,84.24906158447266,83.7876205444336,84.63837432861328,85.46004486083984,85.68182373046875,85.80696868896484,86.3584213256836,87.48458099365234,88.86616516113281,90.13300323486328,91.36991119384766,92.12891387939453,92.70880889892578,93.61499786376953,94.22916412353516,94.23494720458984,93.8827896118164,93.40210723876953,92.8558349609375,92.20536041259766,91.49980163574219,91.01899719238281,90.77159118652344,90.55999755859375,90.12445831298828,89.36689758300781,88.43820190429688,88.09783935546875,88.81755828857422,89.5766372680664,89.4959945678711,88.84959411621094,88.3250732421875,88.23233795166016,88.17513275146484,87.54501342773438,86.86644744873047,86.72410583496094,86.4220962524414
91.2441177368164,89.79962158203125,88.89058685302734,88.21220397949219,87.43694305419922,85.70909881591797,83.93397521972656,83.46696472167969,84.05733489990234,84.480712890625,84.5523452758789,84.67848205566406,85.25198364257812,86.46735382080078,88.00758361816406,89.38997650146484,90.66378021240234,91.361083984375,91.96134948730469,92.90425872802734,93.39714050292969,93.1441650390625,92.70277404785156,92.54534149169922,92.12128448486328,91.13945770263672,90.30621337890625,89.8455810546875,89.79450225830078,89.84429931640625,89.72114562988281,88.7007827758789,87.51498413085938,87.46582794189453,88.61042785644531,90.20896911621094,90.41168975830078,88.94554901123047,87.41561889648438,86.92874908447266,86.95712280273438,86.4172134399414,85.79510498046875,85.64395904541016,85.33290100097656
91.95855712890625,90.49105834960938,89.60977172851562,88.8700180053711,88.08666229248047,86.32193756103516,84.35347747802734,83.76243591308594,84.16700744628906,84.26453399658203,84.11735534667969,84.31315612792969,85.08092498779297,86.35903930664062,87.86626434326172,89.19953155517578,90.26081848144531,90.89818572998047,91.46479034423828,92.11063385009766,92.47328186035156,92.29067993164062,91.94807434082031,91.58979034423828,90.8880844116211,89.93714141845703,89.25569152832031,89.11126708984375,89.17013549804688,89.08506774902344,88.73006439208984,87.76145935058594,86.60950469970703,86.30398559570312,86.8525161743164,87.40179443359375,87.425537109375,86.97223663330078,86.48236083984375,86.23358917236328,85.88397216796875,85.40231323242188,85.26903533935547,85.31109619140625,84.90814971923828
92.70065307617188,91.17964172363281,90.26435852050781,89.51685333251953,88.77483367919922,87.07671356201172,85.2565689086914,84.7346420288086,84.71578979492188,84.2393569946289,83.94761657714844,84.38981628417969,85.43888854980469,86.66820526123047,88.00433349609375,89.22459411621094,90.00944519042969,90.42906951904297,90.93392944335938,91.53609466552734,91.79881286621094,91.5895004272461,91.24263763427734,90.71463775634766,89.90174865722656,89.0733413696289,88.58177185058594,88.55110168457031,88.62599182128906,88.4818344116211,88.0260009765625,87.20543670654297,86.252197265625,85.54225158691406,85.22396087646484,85.23362731933594,85.40298461914062,85.4550552368164,85.29510498046875,85.0194320678711,84.69762420654297,84.54022216796875,84.82711029052734,85.16148376464844,84.89054870605469
93.32020568847656,91.7981185913086,90.8196792602539,90.08345031738281,89.31706237792969,87.93458557128906,86.70491790771484,86.10266876220703,85.34529876708984,84.45645904541016,84.25581359863281,84.8690185546875,86.03431701660156,87.27735900878906,88.32149505615234,89.1637191772461,89.74039459228516,90.17879486083984,90.67694854736328,91.21468353271484,91.39263916015625,91.12511444091797,90.5666275024414,89.80764770507812,89.02471160888672,88.38636016845703,87.99237823486328,87.86729431152344,87.85914611816406,87.777587890625,87.50093078613281,87.02130126953125,86.41830444335938,85.7269515991211,85.05667877197266,84.69328308105469,84.77387237548828,84.93050384521484,84.7776107788086,84.3597183227539,83.90851593017578,83.6796646118164,83.90674591064453,84.34776306152344,84.27449798583984
93.97727966308594,92.58543395996094,91.6385498046875,90.83308410644531,90.0411376953125,89.24208068847656,88.53748321533203,87.56513214111328,86.27214813232422,85.3822250366211,85.2856216430664,85.86299133300781,86.94407653808594,88.05158996582031,88.77886962890625,89.25442504882812,89.78190612792969,90.3863754272461,90.77507781982422,90.96427154541016,91.01255798339844,90.73916625976562,89.94744873046875,88.79721069335938,87.79210662841797,87.24494171142578,87.08341217041016,87.12508392333984,87.19026184082031,87.17216491699219,87.06200408935547,86.88628387451172,86.5530014038086,85.85633850097656,84.9515609741211,84.4143295288086,84.47067260742188,84.60131072998047,84.26180267333984,83.56378173828125,82.87600708007812,82.4377670288086,82.53346252441406,83.02725219726562,83.12239837646484
95.02032470703125,93.82117462158203,92.8873519897461,91.84004211425781,91.17668914794922,90.84284973144531,90.23539733886719,89.00049591064453,87.59185791015625,86.77973175048828,86.66131591796875,87.10428619384766,87.93484497070312,88.74451446533203,89.28594970703125,89.66461181640625,90.15662384033203,90.69637298583984,90.88471221923828,90.747802734375,90.54339599609375,90.10220336914062,89.08891296386719,87.63274383544922,86.37647247314453,85.74811553955078,85.68941497802734,85.9294662475586,86.17781829833984,86.26268768310547,86.20893859863281,86.08354187011719,85.74320983886719,84.99370574951172,84.08778381347656,83.52645111083984,83.44637298583984,83.47581481933594,83.0723648071289,82.20521545410156,81.3794174194336,80.95295715332031,81.11827087402344,81.84161376953125,82.18451690673828
95.98277282714844,94.9629135131836,94.04573822021484,92.90019989013672,92.44468688964844,92.19086456298828,91.57211303710938,90.46282196044922,89.18730926513672,88.27796173095703,87.95164489746094,88.03269958496094,88.35184478759766,88.8828353881836,89.52283477783203,90.00201416015625,90.36530303955078,90.65953826904297,90.76691436767578,90.57025146484375,90.04582214355469,89.2238998413086,87.96641540527344,86.43545532226562,85.1449203491211,84.43608093261719,84.29252624511719,84.51374053955078,84.79154205322266,84.87123107910156,84.70555877685547,84.37337493896484,83.89582061767578,83.25616455078125,82.56832885742188,82.04718017578125,81.9073486328125,82.12841033935547,82.12681579589844,81.474853515625,80.60563659667969,80.13723754882812,80.31954956054688,81.16165161132812,81.77288818359375
95.89730072021484,95.0137939453125,94.27935791015625,93.47149658203125,93.19619750976562,92.84508514404297,92.37030792236328,91.66898345947266,90.62279510498047,89.62688446044922,89.02440643310547,88.60611724853516,88.36511993408203,88.57794952392578,89.12833404541016,89.61943054199219,89.94862365722656,90.27438354492188,90.49656677246094,90.32134246826172,89.67465209960938,88.56822967529297,87.10191345214844,85.65650939941406,84.59994506835938,83.98162078857422,83.67182159423828,83.580322265625,83.5805435180664,83.48316192626953,83.15380859375,82.64678192138672,82.12461853027344,81.63054656982422,81.09881591796875,80.71874237060547,80.75187683105469,81.24531555175781,81.73213195800781,81.63417053222656,81.00849914550781,80.40132904052734,80.31603240966797,80.80596160888672,81.35987091064453
95.18062591552734,94.31704711914062,93.80587005615234,93.45927429199219,93.31200408935547,92.90760803222656,92.6104736328125,92.25213623046875,91.4780502319336,90.5643081665039,89.77302551269531,89.02131652832031,88.4389877319336,88.29703521728516,88.57788848876953,89.03575134277344,89.54276275634766,90.06932830810547,90.35759735107422,90.17550659179688,89.48811340332031,88.27323913574219,86.84224700927734,85.6307373046875,84.80045318603516,84.22697448730469,83.82440948486328,83.60391998291016,83.50479125976562,83.31705474853516,82.81105041503906,82.03923034667969,81.2880859375,80.7440414428711,80.35162353515625,80.09551239013672,80.06201934814453,80.40914916992188,81.07115936279297,81.39409637451172,81.06600189208984,80.56814575195312,80.42115783691406,80.88069915771484,81.48397827148438
94.64511108398438,93.54962158203125,93.01481628417969,92.81570434570312,92.75077056884766,92.40299987792969,92.16316223144531,91.985595703125,91.5647964477539,90.85372161865234,89.94094848632812,89.04237365722656,88.43226623535156,88.28424072265625,88.56539916992188,89.08641815185547,89.64817810058594,90.12393951416016,90.2883071899414,89.96521759033203,89.19805145263672,88.04117584228516,86.82479858398438,85.86921691894531,85.13247680664062,84.53947448730469,84.16503143310547,84.03382110595703,84.04039764404297,83.86279296875,83.22927856445312,82.25358581542969,81.39669799804688,80.99454498291016,80.95266723632812,80.87873840332031,80.60426330566406,80.53583526611328,80.99503326416016,81.37252807617188,81.18791198730469,80.86082458496094,80.89820861816406,81.50877380371094,82.23395538330078
94.11375427246094,92.70528411865234,91.95526885986328,91.63509368896484,91.5982437133789,91.34397888183594,91.09391021728516,91.01961517333984,90.88546752929688,90.36846923828125,89.49373626708984,88.67545318603516,88.25390625,88.29271697998047,88.69789123535156,89.29409790039062,89.75232696533203,89.98429870605469,89.90676879882812,89.39369201660156,88.53546142578125,87.55934143066406,86.66230773925781,85.79790496826172,85.03954315185547,84.63827514648438,84.62409973144531,84.73649597167969,84.75289916992188,84.40454864501953,83.6161117553711,82.7011947631836,82.09716033935547,82.06700134277344,82.25542449951172,82.23931121826172,81.98430633544922,81.78369140625,81.80964660644531,81.82328033447266,81.60182189941406,81.32147216796875,81.48431396484375,82.16867065429688,82.72819519042969
