data/wind_data/wind_5_6.json
{"header": {"parameterUnit": "KT", "parameterCategory": 2, "nx": 256, "ny": 198, "lo1": 44.73521041870117, "la1": -3.236724853515625, "lo2": 111.26478576660156, "la2": 43.468475341796875, "dx": 0.2609002888202667, "dy": -0.23708222806453705, "refTime": "2025-02-19 05:00:00", "forecastTime": 0, "parameterNumber": 2, "parameterNumberName": "eastward_wind"}, "data":
[rows 140 to 159 of 198, columns 44 to 87 of 256]
80.1573486328125,81.83140563964844,83.18792724609375,83.98129272460938,84.85525512695312,85.41492462158203,84.86004638671875,83.85012817382812,83.1377944946289,82.50518035888672,81.50482177734375,79.96139526367188,78.33465576171875,77.44204711914062,77.61737060546875,78.8392562866211,80.0605239868164,80.10023498535156,79.37276458740234,78.716552734375,78.7331771850586,78.96039581298828,78.87762451171875,78.3590316772461,77.2629623413086,75.64115142822266,73.85842895507812,72.68205261230469,72.10627746582031,72.15349578857422,71.70808410644531,70.06124877929688,67.39012908935547,63.44595718383789,60.35587692260742,57.30569839477539,52.03705596923828,50.856746673583984,23.356916427612305,22.90886878967285,34.19893264770508,31.142745971679688,30.689804077148438,31.328170776367188
79.42610168457031,80.73192596435547,81.82832336425781,82.16132354736328,82.49478149414062,82.80459594726562,81.96332550048828,80.39677429199219,79.2269287109375,78.51356506347656,77.63140869140625,76.19630432128906,74.48648834228516,73.45315551757812,74.29254150390625,76.4380111694336,77.98127746582031,78.658447265625,78.71418762207031,78.20248413085938,77.73168182373047,77.28607940673828,77.04058074951172,76.63734436035156,75.75543975830078,74.12145233154297,72.67717742919922,71.5403823852539,71.08203887939453,70.84473419189453,70.70352172851562,69.38709259033203,66.89376068115234,62.38315200805664,59.797691345214844,55.4356803894043,51.57640075683594,46.351219177246094,15.174164772033691,23.625202178955078,34.45341873168945,28.96491050720215,33.81564712524414,33.764835357666016
78.2391357421875,79.16510009765625,79.66157531738281,79.32039642333984,78.9161605834961,78.92735290527344,78.25402069091797,76.73295593261719,75.38764190673828,74.66243743896484,74.06216430664062,73.20724487304688,71.86308288574219,70.91810607910156,72.45124816894531,75.1153335571289,76.59786224365234,77.6325454711914,78.40110778808594,78.50374603271484,77.6465072631836,76.1917953491211,75.21731567382812,74.841552734375,74.3035888671875,73.037841796875,71.6467514038086,70.41341400146484,69.72457885742188,69.06287384033203,68.94940185546875,67.84302520751953,65.7447509765625,61.47977828979492,58.695884704589844,55.007225036621094,50.673954010009766,46.53902053833008,23.489465713500977,24.021465301513672,31.726604461669922,31.439029693603516,38.23967361450195,41.152915954589844
76.88204956054688,77.51386260986328,77.3041763305664,76.29995727539062,75.24617767333984,74.71018981933594,74.14776611328125,73.07386779785156,72.06373596191406,71.5951156616211,71.33981323242188,71.05323791503906,70.34297180175781,69.77843475341797,71.4933853149414,74.42210388183594,75.93984985351562,76.28227996826172,76.63380432128906,76.87285614013672,75.92696380615234,74.04947662353516,72.33258056640625,71.65694427490234,71.42601776123047,70.85740661621094,69.5816879272461,68.0796890258789,66.94306945800781,66.38182830810547,65.92915344238281,65.11026763916016,63.809139251708984,60.77326965332031,57.643898010253906,54.77925491333008,50.485687255859375,47.92399597167969,38.90873718261719,30.655229568481445,31.02151870727539,35.310115814208984,44.828006744384766,52.45363998413086
75.69108581542969,75.67442321777344,74.9591064453125,73.69364929199219,72.29541778564453,71.10982513427734,70.18761444091797,69.39183807373047,69.0839614868164,69.45248413085938,69.900146484375,69.98986053466797,69.56414031982422,69.14865112304688,70.33551788330078,72.8264389038086,74.2481918334961,74.15702819824219,73.66141510009766,73.04399108886719,72.20968627929688,70.80013275146484,68.79298400878906,67.5138931274414,67.06127166748047,66.87256622314453,65.98966979980469,64.39234161376953,63.0702018737793,62.423439025878906,61.792301177978516,61.00880432128906,60.637962341308594,59.62692642211914,57.03788757324219,54.689552307128906,51.913856506347656,48.912353515625,46.66505432128906,41.78965377807617,38.11455535888672,42.41324996948242,53.16286849975586,60.567718505859375
74.23062896728516,73.3250732421875,72.18620300292969,70.93080139160156,69.48026275634766,68.04830932617188,67.009033203125,66.59644317626953,67.06182098388672,68.2496337890625,69.28044891357422,69.40977478027344,68.77112579345703,68.18043518066406,68.56041717529297,69.96649932861328,71.23754119873047,71.61988830566406,70.76872253417969,69.15869140625,68.003173828125,66.67818450927734,64.98064422607422,63.331966400146484,62.14305877685547,62.15353775024414,61.98520278930664,60.22694778442383,58.481868743896484,57.23323440551758,56.83759307861328,57.50654602050781,58.753753662109375,58.69566345214844,56.78111267089844,54.58945083618164,52.14613723754883,49.42865753173828,47.662452697753906,46.14985275268555,45.335750579833984,49.055335998535156,57.26881408691406,61.4843635559082
71.76725006103516,70.47840881347656,68.96758270263672,67.69654846191406,66.48466491699219,65.2259750366211,64.65545654296875,65.18859100341797,66.3790054321289,67.70033264160156,68.51497650146484,68.35179138183594,67.4952163696289,66.56242370605469,66.08454895019531,66.49407958984375,67.48937225341797,68.36825561523438,67.67576599121094,65.5118179321289,63.59445571899414,61.88298416137695,60.939979553222656,58.85087585449219,58.59939193725586,57.41746139526367,57.362430572509766,55.008750915527344,53.12059783935547,51.373504638671875,50.30469512939453,51.72621154785156,56.34195327758789,57.259918212890625,55.32284927368164,53.27178955078125,51.2260627746582,49.32957077026367,48.13494873046875,47.99087142944336,49.10718536376953,51.11001968383789,54.125736236572266,57.28654479980469
68.57244873046875,67.46080780029297,65.92406463623047,64.64997100830078,63.732872009277344,63.03214645385742,63.198062896728516,64.29862976074219,65.62406921386719,66.71871948242188,67.19621276855469,66.81627655029297,65.66471099853516,64.22915649414062,63.10758972167969,62.78923416137695,63.23066711425781,64.19954681396484,63.99045944213867,62.06993103027344,59.383872985839844,57.197044372558594,56.450870513916016,54.7086181640625,54.26507568359375,53.03616714477539,52.815792083740234,50.56008529663086,47.68228530883789,46.32875442504883,44.46843719482422,45.32876968383789,51.02165222167969,55.989803314208984,55.629085540771484,52.72180938720703,50.00780487060547,48.299896240234375,47.181365966796875,47.538211822509766,48.50333786010742,49.3934211730957,50.44624710083008,53.27422332763672
65.58621215820312,64.53758239746094,63.30066680908203,62.38576126098633,61.75096893310547,61.635711669921875,62.26942443847656,63.097328186035156,63.938697814941406,64.71331787109375,65.06253814697266,64.63252258300781,63.204444885253906,61.405609130859375,59.87003707885742,58.93787384033203,58.850589752197266,59.72290802001953,59.95606994628906,58.716434478759766,55.60826110839844,53.147186279296875,52.20172119140625,50.314857482910156,49.808841705322266,50.21751022338867,49.673187255859375,47.82038497924805,43.21171951293945,42.78346252441406,39.802467346191406,37.695167541503906,39.30083465576172,44.91489028930664,50.423789978027344,51.26323318481445,49.14288330078125,47.74154281616211,47.138824462890625,48.6767578125,50.85185623168945,52.246212005615234,52.413856506347656,54.793357849121094
62.9759635925293,61.724239349365234,60.98115921020508,60.757545471191406,60.43238830566406,60.46553421020508,61.08100128173828,61.51641845703125,61.73982620239258,61.95749282836914,62.02682876586914,61.54999542236328,60.02069854736328,57.99809265136719,56.29842758178711,55.31667709350586,55.13796615600586,55.57005310058594,55.787254333496094,55.203407287597656,52.179168701171875,49.72791290283203,48.0977668762207,46.076019287109375,46.21352767944336,47.40919494628906,47.338836669921875,45.89456558227539,40.04960250854492,39.680084228515625,37.692100524902344,30.992090225219727,29.5172176361084,36.53487014770508,44.68571853637695,47.37891387939453,45.65690994262695,44.18885803222656,44.85707092285156,47.42423629760742,49.46760177612305,50.88481903076172,53.817047119140625,57.9422492980957
60.40096664428711,59.248268127441406,58.955078125,59.22884750366211,59.0908317565918,59.05049514770508,59.41378402709961,59.55304718017578,59.3868408203125,59.0567626953125,58.61960220336914,57.88115310668945,56.155189514160156,54.00526428222656,52.571510314941406,51.974578857421875,51.76594543457031,51.69113540649414,51.69428253173828,51.444034576416016,48.99039840698242,46.46702194213867,44.25497817993164,42.234012603759766,42.890869140625,43.72343063354492,44.22919845581055,43.63853454589844,38.88562774658203,36.837120056152344,37.217681884765625,32.692626953125,31.306243896484375,37.488365173339844,44.0816650390625,45.91080093383789,42.9477653503418,39.12049865722656,38.70961380004883,40.20547866821289,42.68135452270508,46.971954345703125,52.898902893066406,57.180335998535156
57.90365219116211,57.179595947265625,57.14787292480469,57.56759262084961,57.538883209228516,57.31669616699219,57.31248092651367,57.216739654541016,56.86763381958008,56.08989715576172,54.99477767944336,53.69871139526367,51.8338508605957,49.922115325927734,48.91580581665039,48.677734375,48.537498474121094,48.19829177856445,47.96809768676758,47.697532653808594,45.70308303833008,43.21812057495117,40.56779861450195,38.701026916503906,39.302635192871094,38.94741439819336,39.277034759521484,40.28896713256836,38.76801300048828,36.18044662475586,37.67965316772461,38.7324333190918,39.53374099731445,42.4780387878418,44.67702102661133,44.61213302612305,42.33148956298828,38.69108963012695,34.36465072631836,33.30646896362305,36.84952163696289,43.65509796142578,51.150020599365234,54.00185012817383
55.69527053833008,55.261314392089844,55.36299133300781,55.8345832824707,55.84291458129883,55.22312545776367,54.76237106323242,54.51536560058594,54.003746032714844,52.79337692260742,51.06962585449219,49.288368225097656,47.57123565673828,46.19196701049805,45.567604064941406,45.42977523803711,45.414756774902344,45.20326614379883,44.80998992919922,44.21615219116211,42.480838775634766,40.092872619628906,37.269893646240234,35.589820861816406,36.28620910644531,35.083106994628906,34.63740539550781,36.43631362915039,38.045284271240234,37.33889389038086,38.03679275512695,40.42631530761719,42.488868713378906,44.15707778930664,44.67338562011719,43.54507827758789,43.14412307739258,41.698097229003906,34.7396354675293,31.12858772277832,34.161746978759766,40.785682678222656,48.80289077758789,51.72230911254883
53.7967643737793,53.45179748535156,53.6648063659668,53.959312438964844,53.70817184448242,52.72991180419922,51.896644592285156,51.4099235534668,50.59188461303711,49.09001159667969,47.131256103515625,45.29484939575195,43.88075637817383,42.85437774658203,42.287925720214844,42.05848693847656,42.120182037353516,42.18323516845703,41.67698287963867,40.762359619140625,39.42525863647461,37.48433303833008,34.76884460449219,33.659423828125,34.35009002685547,32.63737487792969,31.38944435119629,33.67619705200195,36.71250534057617,38.012264251708984,38.10926818847656,38.556060791015625,39.785247802734375,41.599830627441406,43.12419891357422,43.365264892578125,43.308135986328125,43.045413970947266,38.06999969482422,33.93321990966797,34.745365142822266,39.73762512207031,47.12831115722656,50.712242126464844
52.177364349365234,51.98131561279297,52.072139739990234,51.71894454956055,50.92805480957031,49.99460983276367,49.005279541015625,48.01169204711914,46.759159088134766,45.239322662353516,43.57631301879883,41.9805908203125,40.59000015258789,39.43313217163086,38.717891693115234,38.493595123291016,38.54947280883789,38.73756790161133,38.36220169067383,37.36793899536133,36.437137603759766,35.19654846191406,32.86841583251953,32.283023834228516,33.3969612121582,32.414955139160156,30.763137817382812,32.42289733886719,34.163211822509766,36.21889114379883,37.44711685180664,37.188140869140625,37.08919906616211,38.71565628051758,40.68965148925781,41.67010498046875,41.6303825378418,41.534454345703125,39.88449478149414,38.04193878173828,38.55302429199219,42.29574966430664,48.024147033691406,51.30653762817383
50.78045654296875,50.73786926269531,50.302425384521484,49.16918182373047,47.98493576049805,47.216949462890625,46.21452331542969,44.70902633666992,43.057334899902344,41.585636138916016,40.27970504760742,38.816925048828125,37.20622253417969,35.90333938598633,35.14440155029297,34.88998031616211,34.925933837890625,35.19184112548828,35.20656967163086,34.483863830566406,33.635955810546875,32.903995513916016,31.264028549194336,30.87661361694336,32.58383560180664,33.29674530029297,32.13013458251953,30.942089080810547,30.650964736938477,32.445682525634766,35.12855529785156,36.119239807128906,35.941871643066406,36.71266174316406,38.57862091064453,40.01448059082031,40.3008918762207,40.141357421875,40.25883865356445,41.23643493652344,43.469749450683594,47.03073501586914,51.15555953979492,54.073299407958984
49.48013687133789,49.25782775878906,48.17327880859375,46.570125579833984,45.31560134887695,44.520957946777344,43.437103271484375,41.68133544921875,39.8460578918457,38.46253967285156,37.265933990478516,35.64255905151367,33.75012969970703,32.52304458618164,31.997154235839844,31.580322265625,31.404720306396484,31.708093643188477,32.142330169677734,31.97249984741211,31.35331153869629,30.88469886779785,29.998422622680664,29.745136260986328,31.000797271728516,32.04060363769531,31.68009376525879,30.06577491760254,29.12063217163086,29.485994338989258,32.4682502746582,34.96510696411133,35.14027786254883,35.556541442871094,37.57914352416992,39.87238693237305,40.8595085144043,40.921749114990234,41.37344741821289,43.316612243652344,46.71950149536133,50.916141510009766,54.958656311035156,58.053470611572266
48.10778045654297,47.36627197265625,45.76222229003906,43.994171142578125,42.77372360229492,41.918216705322266,40.733577728271484,38.80419921875,36.7410888671875,35.45615005493164,34.58772659301758,33.052024841308594,30.896249771118164,29.5203800201416,29.148786544799805,28.673017501831055,28.272418975830078,28.470399856567383,29.16485595703125,29.6186580657959,29.531837463378906,29.260446548461914,28.962326049804688,29.24147605895996,30.196758270263672,30.525754928588867,30.3004093170166,29.54590606689453,28.699806213378906,29.176570892333984,31.62412452697754,34.87448501586914,35.470420837402344,35.26076889038086,36.9766960144043,39.951114654541016,42.562896728515625,43.9949951171875,44.61796951293945,46.08415985107422,49.12727737426758,53.13021469116211,56.85098648071289,59.79702377319336
46.45708084106445,45.22561264038086,43.271087646484375,41.52769088745117,40.349395751953125,39.386173248291016,38.124671936035156,36.07426071166992,33.70769119262695,32.207786560058594,31.674728393554688,30.804290771484375,28.903057098388672,27.194561004638672,26.592103958129883,26.245113372802734,25.971263885498047,26.19589614868164,26.885358810424805,27.599027633666992,27.81348419189453,27.839031219482422,28.02112579345703,29.127548217773438,30.746461868286133,31.27423667907715,30.792940139770508,30.456823348999023,29.617963790893555,29.743152618408203,32.63458251953125,36.04631423950195,37.272789001464844,36.53077697753906,36.724830627441406,39.11294937133789,42.79342269897461,46.02378463745117,48.137638092041016,49.647422790527344,51.64021682739258,54.28900146484375,57.29188537597656,59.59541320800781
44.47349166870117,42.98775863647461,40.9529914855957,39.315059661865234,38.10904312133789,36.90712356567383,35.481361389160156,33.54312515258789,31.29104232788086,29.66207504272461,29.006994247436523,28.456485748291016,27.014568328857422,25.20734977722168,24.42572784423828,24.340627670288086,24.374277114868164,24.759428024291992,25.263105392456055,25.7320499420166,25.892070770263672,26.137779235839844,27.002178192138672,28.698410034179688,31.227115631103516,32.875732421875,32.76229476928711,32.564998626708984,32.464054107666016,31.915494918823242,33.20760726928711,36.08973693847656,37.98686599731445,37.744834899902344,37.1154670715332,38.093597412109375,41.170631408691406,45.42744445800781,49.30599594116211,52.02143096923828,54.12116241455078,56.07672119140625,57.86996078491211,59.05232620239258
