data/wind_data/wind_12_4.json
{"header": {"parameterUnit": "KT", "parameterCategory": 2, "nx": 256, "ny": 198, "lo1": 44.73521041870117, "la1": -3.236724853515625, "lo2": 111.26478576660156, "la2": 43.468475341796875, "dx": 0.2609002888202667, "dy": -0.23708222806453705, "refTime": "2025-02-19 12:00:00", "forecastTime": 0, "parameterNumber": 2, "parameterNumberName": "eastward_wind"}, "data":
[rows 152 to 170 of 198, columns 0 to 43 of 256]
17.29903793334961,17.907581329345703,18.48649024963379,19.32024574279785,21.1127986907959,24.065853118896484,26.414546966552734,26.353404998779297,25.089183807373047,23.97832489013672,23.441179275512695,23.018648147583008,22.797283172607422,22.764925003051758,22.328481674194336,22.043453216552734,23.030019760131836,24.879858016967773,25.10495376586914,22.962556838989258,21.08357810974121,20.270103454589844,21.40070152282715,22.778066635131836,20.80158042907715,16.57589340209961,17.84571075439453,19.909286499023438,20.42995834350586,19.902549743652344,18.720611572265625,16.78693199157715,15.30881404876709,15.392341613769531,16.66025733947754,17.614362716674805,17.31649398803711,16.097780227661133,14.5496826171875,13.39852237701416,12.939240455627441,12.93730640411377,13.079689979553223,12.991059303283691
16.41262435913086,17.556875228881836,18.52214813232422,19.162179946899414,20.5406436920166,23.616514205932617,26.169248580932617,26.405092239379883,25.381336212158203,24.771242141723633,24.457712173461914,23.837690353393555,23.24009132385254,22.82615852355957,22.779727935791016,22.955978393554688,23.56233787536621,23.81339454650879,22.973234176635742,21.816482543945312,21.287870407104492,21.5961856842041,21.89828109741211,20.089092254638672,16.755508422851562,16.058238983154297,19.04970932006836,20.731361389160156,20.52569007873535,19.821575164794922,18.822860717773438,17.24207305908203,16.108736038208008,16.15335464477539,17.010547637939453,17.465595245361328,16.867919921875,15.380158424377441,13.538484573364258,12.214950561523438,12.01824951171875,12.62098503112793,13.057766914367676,12.773340225219727
17.192068099975586,18.710575103759766,19.866254806518555,20.322956085205078,21.09229278564453,23.28377914428711,25.724836349487305,26.737201690673828,26.44249725341797,25.69737434387207,24.965124130249023,24.472684860229492,23.91421890258789,23.377914428710938,23.569917678833008,23.836822509765625,23.300676345825195,22.51192855834961,21.844141006469727,21.126707077026367,20.78329086303711,20.973461151123047,20.368896484375,18.888431549072266,16.973506927490234,17.551761627197266,20.622303009033203,21.82764434814453,21.065135955810547,20.13468360900879,19.214628219604492,17.946630477905273,17.033126831054688,17.20547866821289,17.772747039794922,17.640954971313477,16.403520584106445,14.45241928100586,12.784318923950195,12.098849296569824,12.318842887878418,12.867297172546387,12.922054290771484,12.455535888671875
18.74262237548828,20.365394592285156,21.934707641601562,22.402097702026367,22.597299575805664,23.589876174926758,25.601032257080078,27.029775619506836,26.799264907836914,25.56650733947754,24.392656326293945,23.75260353088379,23.498863220214844,23.65815544128418,23.619935989379883,22.511478424072266,21.42261505126953,21.43864631652832,21.653839111328125,20.851234436035156,20.351789474487305,20.656347274780273,20.088655471801758,19.180044174194336,18.5239200592041,19.528535842895508,21.695539474487305,22.235857009887695,21.3820743560791,20.433393478393555,19.687564849853516,18.686786651611328,18.05411720275879,18.644392013549805,19.33241844177246,18.569419860839844,16.378767013549805,14.096501350402832,12.72856616973877,12.434714317321777,12.661428451538086,12.744781494140625,12.408528327941895,12.05766487121582
20.442279815673828,21.615217208862305,23.019643783569336,23.346311569213867,23.490859985351562,24.28310775756836,25.857419967651367,26.893199920654297,26.33094024658203,24.829076766967773,23.294540405273438,22.333375930786133,22.47323226928711,23.559040069580078,23.539199829101562,21.688962936401367,20.659624099731445,21.358640670776367,22.25086212158203,21.718202590942383,21.444860458374023,21.71693992614746,20.954891204833984,20.26908302307129,20.59295082092285,22.02701759338379,22.75533103942871,22.119022369384766,21.58916473388672,21.853391647338867,21.90448760986328,20.94712257385254,19.61895179748535,19.740407943725586,20.066959381103516,19.032621383666992,17.800554275512695,16.95799446105957,15.494108200073242,13.882126808166504,12.575531005859375,11.87760066986084,11.585298538208008,11.670845031738281
21.962759017944336,22.39484214782715,23.054786682128906,23.232954025268555,23.80808448791504,25.188419342041016,26.576231002807617,26.954938888549805,25.863136291503906,23.860647201538086,22.2312068939209,21.79784393310547,22.445959091186523,23.263038635253906,23.003005981445312,21.83861541748047,21.46231460571289,21.9311580657959,22.565998077392578,22.477710723876953,22.50181007385254,22.35591697692871,21.03038787841797,20.437477111816406,21.48982810974121,23.467117309570312,23.424428939819336,22.59956169128418,22.990318298339844,24.404577255249023,24.955860137939453,24.054885864257812,21.844892501831055,20.984806060791016,20.27937126159668,19.323957443237305,19.06793975830078,19.312402725219727,18.574256896972656,15.885537147521973,13.122907638549805,12.077327728271484,11.6973295211792,11.525212287902832
22.26101303100586,22.698339462280273,23.575773239135742,24.053600311279297,24.89693260192871,26.277969360351562,27.07346534729004,26.804264068603516,25.205734252929688,22.856504440307617,22.10557746887207,22.800254821777344,23.213911056518555,22.926549911499023,22.19915771484375,21.731313705444336,21.784347534179688,21.478147506713867,21.45387077331543,21.860971450805664,21.89337921142578,21.46162986755371,20.85950469970703,21.064422607421875,22.7531795501709,24.180824279785156,24.077192306518555,24.07012176513672,25.708494186401367,26.92086410522461,25.754085540771484,24.039608001708984,23.528793334960938,23.664295196533203,22.334651947021484,20.77581214904785,20.411928176879883,19.583114624023438,17.887115478515625,16.010509490966797,14.80083179473877,14.087185859680176,13.288106918334961,12.513689041137695
21.674758911132812,22.502729415893555,24.51579475402832,25.49496841430664,26.022340774536133,26.74656867980957,26.548465728759766,25.811508178710938,24.431732177734375,22.96721649169922,22.98797035217285,23.390336990356445,23.160676956176758,22.587522506713867,21.80247688293457,21.430164337158203,21.558597564697266,20.67031478881836,20.13924789428711,20.338871002197266,20.439699172973633,20.892919540405273,21.96394157409668,23.500083923339844,25.428239822387695,26.755094528198242,26.876876831054688,27.501131057739258,28.887948989868164,27.005325317382812,22.305557250976562,20.73769760131836,23.63980484008789,25.362255096435547,24.46337890625,23.251781463623047,21.827688217163086,18.80887222290039,16.554901123046875,15.36706256866455,15.078922271728516,15.256410598754883,15.02109432220459,14.170504570007324
21.986957550048828,23.84658432006836,26.639726638793945,27.54694175720215,27.176990509033203,26.39801025390625,24.837230682373047,24.63167953491211,24.599851608276367,23.81761360168457,23.45528793334961,22.852806091308594,21.96961784362793,21.598804473876953,21.59864616394043,21.999238967895508,22.254892349243164,20.372039794921875,19.33146858215332,20.530807495117188,21.33488655090332,22.623693466186523,25.07683563232422,27.428232192993164,28.86528205871582,28.30535888671875,27.633140563964844,29.107423782348633,28.961898803710938,22.628887176513672,17.80322265625,20.23325538635254,21.594472885131836,21.920351028442383,23.024738311767578,24.475414276123047,22.5382022857666,18.070226669311523,15.911076545715332,15.80638599395752,16.43535804748535,17.378726959228516,16.369239807128906,14.2571382522583
24.48530387878418,30.505691528320312,32.0848388671875,31.01171112060547,28.751779556274414,26.110431671142578,24.634260177612305,25.524995803833008,25.720067977905273,24.82040786743164,24.225383758544922,22.622724533081055,21.036535263061523,21.350217819213867,22.77191734313965,24.496084213256836,24.064823150634766,20.152809143066406,19.643474578857422,23.58402442932129,25.791013717651367,27.186634063720703,28.97323226928711,30.543039321899414,28.284236907958984,24.377071380615234,24.782062530517578,28.68353843688965,24.579166412353516,22.832279205322266,20.26426887512207,19.170612335205078,19.22644805908203,20.015094757080078,21.83531951904297,23.65178871154785,23.4285945892334,21.080591201782227,19.31842613220215,18.5972843170166,18.080364227294922,18.446762084960938,17.91604232788086,15.021014213562012
27.140945434570312,33.10161209106445,33.80461883544922,31.769275665283203,28.39763832092285,25.89655113220215,25.808958053588867,26.833860397338867,26.881311416625977,26.584566116333008,25.343534469604492,21.73178482055664,20.883892059326172,22.753150939941406,26.072046279907227,28.086715698242188,24.62672996520996,19.429338455200195,21.05886459350586,26.720050811767578,29.532957077026367,30.003217697143555,30.031639099121094,26.79522132873535,22.17860984802246,19.887168884277344,22.838788986206055,23.463417053222656,19.69742774963379,17.726720809936523,17.769285202026367,18.161205291748047,18.91421127319336,19.28287124633789,19.767831802368164,21.911354064941406,23.664573669433594,23.995370864868164,23.906017303466797,22.840450286865234,20.132341384887695,17.81231117248535,17.17209815979004,16.059720993041992
27.62942123413086,33.40263748168945,33.91130447387695,31.344324111938477,27.114368438720703,25.06126594543457,25.639074325561523,26.589563369750977,27.271230697631836,27.662580490112305,23.79827880859375,18.64573097229004,20.88153076171875,25.9125919342041,29.823383331298828,28.388486862182617,21.9420108795166,18.631681442260742,22.088682174682617,26.864578247070312,29.0613956451416,29.08793067932129,27.12063980102539,18.666894912719727,20.179502487182617,21.161304473876953,18.745546340942383,18.394868850708008,17.67763900756836,16.325716018676758,16.357954025268555,17.359010696411133,17.85699462890625,16.75247573852539,16.2917537689209,17.487607955932617,19.99776268005371,22.312389373779297,24.111072540283203,24.62168312072754,22.147741317749023,18.89145278930664,17.422435760498047,16.667863845825195
27.426342010498047,34.851924896240234,35.517459869384766,31.70563507080078,26.413894653320312,24.11050796508789,24.681886672973633,25.642610549926758,26.90127944946289,25.8143253326416,19.361228942871094,17.12701988220215,22.394929885864258,26.757110595703125,28.406578063964844,25.12291145324707,19.122459411621094,18.666912078857422,22.74832534790039,25.86574935913086,26.74712562561035,25.805816650390625,23.117237091064453,21.593339920043945,22.89668083190918,21.113895416259766,19.09191131591797,18.54063606262207,18.543285369873047,18.037994384765625,17.190345764160156,16.95400047302246,16.51757049560547,15.227526664733887,14.501474380493164,15.169697761535645,16.758649826049805,17.728429794311523,18.29047393798828,19.495933532714844,20.739028930664062,20.50151252746582,18.491830825805664,17.12055778503418
28.226646423339844,35.75658416748047,36.23394012451172,31.93781089782715,26.912948608398438,24.695409774780273,24.937105178833008,25.9401798248291,26.26696014404297,23.190664291381836,19.347469329833984,20.629003524780273,23.829227447509766,25.85945701599121,26.59804916381836,23.541173934936523,19.331130981445312,19.764610290527344,21.836212158203125,22.8363037109375,23.43357276916504,23.25494956970215,22.35346221923828,20.98422622680664,19.975746154785156,19.3004207611084,18.94314193725586,19.044124603271484,19.58111572265625,19.558963775634766,18.4516544342041,17.392614364624023,16.537263870239258,15.536340713500977,14.941572189331055,15.709501266479492,16.72957420349121,16.750991821289062,15.5316162109375,14.614957809448242,15.294914245605469,17.336288452148438,18.693086624145508,17.855485916137695
30.87233543395996,35.35106658935547,35.685489654541016,32.228851318359375,28.388690948486328,26.292217254638672,26.10509490966797,26.67779541015625,25.593297958374023,22.598512649536133,21.12864875793457,22.3657169342041,23.930557250976562,25.683095932006836,25.99386215209961,22.866472244262695,17.424062728881836,18.095069885253906,21.418180465698242,22.425668716430664,22.705896377563477,22.65735626220703,21.848567962646484,20.432390213012695,19.054723739624023,18.217235565185547,17.99970054626465,18.42641830444336,19.513032913208008,20.231698989868164,19.596406936645508,18.37274169921875,17.35334587097168,16.333080291748047,15.815996170043945,16.453235626220703,17.169635772705078,16.820322036743164,15.67542839050293,14.557954788208008,13.905431747436523,14.883716583251953,17.235027313232422,18.564834594726562
32.783660888671875,34.522953033447266,35.1558723449707,32.11381912231445,29.182737350463867,27.205116271972656,26.702810287475586,25.9940185546875,23.354427337646484,21.902347564697266,22.233951568603516,23.126970291137695,24.059432983398438,24.785385131835938,24.465600967407227,19.98430824279785,16.048192977905273,21.151885986328125,20.726787567138672,19.765422821044922,20.362075805664062,20.74785804748535,20.021377563476562,18.71556282043457,17.484676361083984,16.897119522094727,16.995214462280273,17.52640151977539,18.421308517456055,19.230514526367188,19.176076889038086,18.472431182861328,17.7586612701416,16.983074188232422,16.559024810791016,16.913227081298828,17.37785530090332,17.019983291625977,16.12596893310547,15.733351707458496,15.771736145019531,16.34159278869629,17.424936294555664,18.58946990966797
32.74435806274414,34.27592468261719,33.265174865722656,29.567903518676758,27.537208557128906,26.47032356262207,26.072303771972656,23.67795181274414,20.796390533447266,21.585344314575195,23.63071060180664,24.267553329467773,23.934911727905273,23.000606536865234,21.50468635559082,16.867168426513672,19.301532745361328,18.48021125793457,15.752752304077148,16.225971221923828,17.648296356201172,17.74102020263672,16.70018196105957,15.596725463867188,15.154927253723145,15.515504837036133,16.31699562072754,16.974132537841797,17.247976303100586,17.219099044799805,17.015296936035156,16.9283390045166,16.997989654541016,16.920013427734375,16.843095779418945,17.130939483642578,17.53997802734375,17.409807205200195,16.87865447998047,16.770490646362305,17.37569236755371,18.2797908782959,18.749814987182617,18.702566146850586
32.05513000488281,32.884918212890625,29.987079620361328,25.806367874145508,24.51387596130371,24.369253158569336,23.981632232666016,21.675434112548828,21.246103286743164,23.146482467651367,24.2938289642334,24.286880493164062,22.866886138916016,20.423887252807617,17.796602249145508,16.051700592041016,20.113174438476562,16.64931869506836,14.888419151306152,16.378211975097656,17.366313934326172,17.005983352661133,15.900599479675293,14.894071578979492,14.696394920349121,15.389275550842285,16.429155349731445,16.939783096313477,16.502307891845703,15.498583793640137,14.839070320129395,15.182465553283691,16.04615592956543,16.610408782958984,16.7810115814209,17.094829559326172,17.64608383178711,17.884536743164062,17.70077896118164,17.57420539855957,17.759105682373047,18.005334854125977,17.953399658203125,17.640491485595703
32.154197692871094,32.9199104309082,29.775592803955078,26.68815803527832,25.194595336914062,24.076868057250977,22.964126586914062,21.143512725830078,21.22018814086914,22.583345413208008,23.202150344848633,22.953964233398438,20.54970359802246,17.87990379333496,16.721805572509766,17.90073585510254,19.43037986755371,17.317363739013672,16.865489959716797,17.64034080505371,17.53114128112793,16.58549690246582,15.318795204162598,14.454621315002441,14.532774925231934,15.385823249816895,16.395374298095703,16.900903701782227,16.452199935913086,15.208490371704102,14.244426727294922,14.494181632995605,15.520695686340332,16.272687911987305,16.490276336669922,16.891704559326172,17.578041076660156,18.048173904418945,18.31743049621582,18.313631057739258,17.66559410095215,16.800159454345703,16.450258255004883,16.65719985961914
