data/wind_data/wind_7_2.json
{"header": {"parameterUnit": "KT", "parameterCategory": 2, "nx": 256, "ny": 198, "lo1": 44.73521041870117, "la1": -3.236724853515625, "lo2": 111.26478576660156, "la2": 43.468475341796875, "dx": 0.2609002888202667, "dy": -0.23708222806453705, "refTime": "2025-02-19 07:00:00", "forecastTime": 0, "parameterNumber": 2, "parameterNumberName": "eastward_wind"}, "data":
[rows 171 to 189 of 198, columns 172 to 214 of 256]
31.723684310913086,23.615840911865234,16.295129776000977,14.760499000549316,13.89627742767334,11.40688705444336,10.651464462280273,8.129225730895996,3.464480400085449,3.988342761993408,5.570491313934326,3.6962826251983643,4.729214191436768,5.951216220855713,5.753725051879883,6.86461877822876,7.533679008483887,7.399740219116211,9.399742126464844,12.314682960510254,14.036845207214355,15.526602745056152,16.98050880432129,19.16155433654785,20.31079864501953,21.272663116455078,21.52837371826172,22.062084197998047,21.8962345123291,22.388322830200195,22.646747589111328,24.233522415161133,20.614383697509766,18.782123565673828,22.9427490234375,26.115644454956055,26.815372467041016,22.38616371154785,-5.0904130935668945,-11.433220863342285,-6.324865818023682,-6.315120697021484,-6.15770959854126
24.846965789794922,17.74411392211914,14.392584800720215,18.600740432739258,20.025779724121094,17.396005630493164,14.572056770324707,9.605932235717773,7.7058000564575195,6.856616973876953,3.2999989986419678,2.9939279556274414,5.093079090118408,6.423186779022217,7.933272361755371,9.662293434143066,11.703123092651367,9.6731538772583,7.844183921813965,9.958478927612305,13.669896125793457,17.287208557128906,19.199031829833984,20.910125732421875,20.488170623779297,19.49700164794922,18.835031509399414,17.32021713256836,15.391529083251953,17.18657875061035,20.42629051208496,19.002727508544922,19.544109344482422,20.820222854614258,25.23208236694336,23.632055282592773,28.270273208618164,7.048388957977295,-8.985391616821289,-7.004193305969238,-7.37150239944458,-4.497019290924072,-1.9924479722976685
17.751550674438477,14.758658409118652,12.839996337890625,14.950020790100098,19.285892486572266,19.791362762451172,17.30208396911621,16.60578727722168,16.714168548583984,13.004042625427246,5.673329830169678,4.5558552742004395,6.219511032104492,9.166149139404297,11.605321884155273,13.876702308654785,16.40021514892578,14.744288444519043,9.908784866333008,9.648152351379395,14.090224266052246,15.897269248962402,17.698171615600586,22.915679931640625,25.498188018798828,22.881362915039062,22.257678985595703,23.548856735229492,24.479700088500977,23.12779426574707,20.697677612304688,21.337072372436523,14.724366188049316,9.873457908630371,13.503954887390137,21.510662078857422,11.915850639343262,-7.131038188934326,-6.016351222991943,-4.933196067810059,-0.4983832538127899,-1.7249057292938232,-1.9200336933135986
20.123849868774414,22.067737579345703,19.09066390991211,15.531745910644531,17.323801040649414,15.632574081420898,10.90677261352539,9.169336318969727,11.643789291381836,13.225545883178711,10.703923225402832,9.618955612182617,11.993250846862793,13.876293182373047,15.809731483459473,18.066688537597656,19.898292541503906,18.327829360961914,13.615839958190918,11.252034187316895,11.800320625305176,12.583830833435059,18.757986068725586,22.423250198364258,15.844216346740723,14.635367393493652,19.438806533813477,24.433719635009766,28.013885498046875,25.26780891418457,21.483375549316406,17.623493194580078,11.815975189208984,13.04300594329834,16.849130630493164,12.83166790008545,1.8024903535842896,-1.2227420806884766,-2.6015591621398926,-3.83343768119812,-3.035889148712158,-1.2429918050765991,-3.2858164310455322
8.147345542907715,11.968984603881836,15.046387672424316,13.84689712524414,10.229084968566895,6.892484188079834,8.561721801757812,12.227252006530762,14.232516288757324,14.212646484375,13.462215423583984,17.181594848632812,18.92550277709961,20.428752899169922,23.313932418823242,26.98141860961914,22.632728576660156,10.481026649475098,9.0973482131958,9.233465194702148,9.400679588317871,9.40086841583252,13.569985389709473,6.932585716247559,8.97298812866211,13.67857551574707,17.578983306884766,21.902862548828125,19.681495666503906,16.361865997314453,18.213851928710938,16.48427391052246,11.878084182739258,12.126799583435059,6.759067058563232,5.865194320678711,1.5391249656677246,2.8535404205322266,-1.0860990285873413,-0.17339187860488892,-2.4754106998443604,-3.1116831302642822,-5.399785995483398
2.389979124069214,3.2834689617156982,5.113943099975586,8.07497787475586,9.887579917907715,9.137932777404785,9.119851112365723,11.533620834350586,14.376105308532715,13.70981502532959,9.12269401550293,9.079315185546875,10.788244247436523,12.196125984191895,18.133514404296875,23.672456741333008,17.853397369384766,8.193852424621582,4.695981979370117,5.113546371459961,4.179018497467041,6.868014335632324,9.397979736328125,8.931291580200195,12.650737762451172,12.938745498657227,16.80962371826172,11.820890426635742,6.7679948806762695,9.273534774780273,13.775527954101562,9.842555046081543,2.919119358062744,8.127392768859863,3.4197325706481934,2.5471537113189697,3.4725961685180664,1.486894130706787,1.2319254875183105,-0.5536490678787231,-2.6865296363830566,-5.032866954803467,-4.085803031921387
1.3559000492095947,1.8124566078186035,3.305006265640259,4.727624893188477,4.731812000274658,3.9670658111572266,3.285813093185425,3.806809186935425,4.849980354309082,6.4026007652282715,7.064187526702881,8.569053649902344,9.99975299835205,11.776150703430176,13.064449310302734,16.53240966796875,12.752747535705566,6.067046165466309,4.702985763549805,6.020482063293457,4.2576470375061035,10.843169212341309,19.810277938842773,19.07008171081543,13.921164512634277,13.37595272064209,14.961073875427246,8.774662017822266,8.322128295898438,9.06594181060791,10.837881088256836,7.0572829246521,5.248505115509033,1.8225103616714478,2.3437092304229736,0.10828094929456711,-2.0357248783111572,-0.4999285042285919,-1.281252384185791,-2.654963970184326,-1.0615500211715698,-1.40022611618042,-1.4293851852416992
1.3412259817123413,1.916019320487976,2.1564905643463135,2.9928321838378906,3.702882766723633,3.8563804626464844,3.457204818725586,3.902539014816284,4.422749996185303,4.857767105102539,5.910860061645508,6.67770528793335,8.120247840881348,8.559910774230957,10.92467975616455,8.88814640045166,4.145636081695557,5.730589389801025,6.15773868560791,7.291491985321045,7.826474666595459,11.277898788452148,14.929804801940918,11.77745246887207,7.616766452789307,8.496528625488281,10.601513862609863,7.175873756408691,7.7721710205078125,9.334269523620605,11.432963371276855,6.521006107330322,0.29194220900535583,-5.343142509460449,-6.111611843109131,-4.007524490356445,-3.8989899158477783,-3.59612774848938,-2.7731921672821045,-0.2822675108909607,-0.42386627197265625,-0.6713661551475525,-0.19938501715660095
3.593510389328003,3.060652494430542,2.9560861587524414,3.49880051612854,3.9421300888061523,4.65659236907959,5.0833868980407715,5.620397567749023,5.992526054382324,5.5738348960876465,5.012918949127197,5.247501850128174,5.373292922973633,6.077682018280029,6.926243305206299,7.603929042816162,6.1876654624938965,5.9989824295043945,6.35586404800415,7.968079090118408,8.585305213928223,10.25015926361084,10.771154403686523,12.605721473693848,12.886157035827637,12.8161039352417,12.090522766113281,10.536737442016602,8.568254470825195,7.315145015716553,3.4153971672058105,0.0865168645977974,-1.6899956464767456,-3.064211845397949,-4.787143230438232,-5.092568874359131,-4.005791664123535,-3.7209279537200928,-2.6279428005218506,-1.4591206312179565,-0.5121666789054871,-0.36801278591156006,0.6248435378074646
5.233287811279297,4.974769115447998,4.367733955383301,4.649456977844238,4.691511154174805,5.2348551750183105,6.025508880615234,7.159364223480225,8.18317699432373,8.96509838104248,8.916528701782227,7.643862724304199,7.477293014526367,8.1295747756958,8.317172050476074,7.649221420288086,7.583152770996094,6.381991386413574,5.326972007751465,5.292901039123535,8.706177711486816,12.47390079498291,12.005266189575195,10.011149406433105,8.940803527832031,9.215599060058594,8.920426368713379,8.987176895141602,6.953377723693848,2.072014331817627,-1.559855341911316,-3.692344903945923,-4.730869770050049,-5.937455654144287,-5.97138786315918,-6.36593770980835,-5.484553337097168,-3.308403730392456,-2.2235915660858154,-0.9829485416412354,-0.1350109726190567,0.39448797702789307,1.0746675729751587
5.7998223304748535,5.446455955505371,4.749617576599121,5.213140487670898,5.22167444229126,5.572164058685303,5.9710259437561035,6.852088928222656,6.831823825836182,7.917054653167725,9.859166145324707,9.690428733825684,9.249255180358887,8.302135467529297,6.385595798492432,4.651212692260742,5.263086318969727,5.863965034484863,6.02651309967041,7.891350746154785,9.171446800231934,8.615538597106934,6.406424045562744,3.572727918624878,-1.9818511009216309,-0.013539052568376064,2.7986769676208496,1.1710864305496216,-2.5359699726104736,-4.18702507019043,-6.396329402923584,-7.808298110961914,-8.133513450622559,-5.824340343475342,-4.3253397941589355,-5.25494909286499,-5.091162204742432,-2.685455083847046,-1.37742280960083,-0.2154015600681305,0.09375662356615067,0.9859597086906433,1.8996107578277588
5.545650959014893,5.551531791687012,4.969240665435791,5.830563068389893,5.776418209075928,5.7026047706604,5.775629997253418,6.437068939208984,7.755796909332275,6.368972301483154,6.347476959228516,9.300324440002441,9.436610221862793,6.798915386199951,3.5302493572235107,3.6790823936462402,6.278928279876709,6.7053303718566895,4.420197486877441,4.913604259490967,5.560564994812012,4.325416564941406,0.8637980818748474,-1.4758917093276978,-2.509338617324829,-3.305666208267212,-4.798449993133545,-5.30051326751709,-6.927812099456787,-8.178077697753906,-8.453019142150879,-7.727572441101074,-5.121579647064209,-3.100186347961426,-3.1908936500549316,-2.3500216007232666,-3.434544563293457,-1.4721368551254272,-1.6591498851776123,-0.47226792573928833,0.33381327986717224,1.2069875001907349,2.373290777206421
6.031505584716797,6.617464542388916,5.6886138916015625,5.92051887512207,6.761043071746826,6.851102352142334,6.596968173980713,6.955090045928955,7.18341588973999,7.508528709411621,5.646624565124512,6.01822566986084,8.693538665771484,9.325552940368652,8.22240161895752,6.3054399490356445,6.8770599365234375,6.218778610229492,5.566565990447998,7.116247653961182,6.661067962646484,3.4844627380371094,1.024530291557312,-0.38197290897369385,-1.2417423725128174,-2.861950397491455,-5.169986724853516,-5.4588422775268555,-5.507656574249268,-6.394619464874268,-7.006911754608154,-7.087526321411133,-5.90744686126709,-4.2739176750183105,-3.8596279621124268,-2.1142525672912598,0.7158145904541016,0.6991972327232361,-1.3710414171218872,-2.622926712036133,-1.0163248777389526,0.6334877014160156,1.0794349908828735
5.527910232543945,6.537891864776611,4.823210716247559,3.204244375228882,4.748011112213135,7.465465545654297,8.119457244873047,7.5337419509887695,6.748318672180176,7.471252918243408,7.3160080909729,6.081101417541504,8.73011589050293,9.234692573547363,8.447211265563965,6.4156107902526855,5.61124849319458,3.200780153274536,2.4239702224731445,6.655765533447266,8.837910652160645,6.266404628753662,2.9417858123779297,1.116835117340088,0.2787390649318695,-0.3914862275123596,-0.7702327966690063,-0.49251940846443176,-0.868681013584137,-2.532043933868408,-3.7566933631896973,-4.082513809204102,-3.5878052711486816,-3.8431410789489746,-5.388894081115723,-5.227304458618164,-1.9842166900634766,-0.9654312133789062,-2.7689340114593506,-4.440018653869629,-3.8359861373901367,-0.3459957540035248,-1.964732050895691
6.07373571395874,6.245526313781738,5.931792259216309,5.544468402862549,3.7245306968688965,4.796016216278076,7.048245906829834,7.051451206207275,6.844423770904541,7.037611961364746,8.21340560913086,8.497963905334473,8.320306777954102,7.892757892608643,7.683981895446777,6.734936237335205,6.374680995941162,5.353986740112305,5.463751316070557,3.3149962425231934,5.556752681732178,8.074651718139648,6.0645647048950195,3.668557643890381,2.252835512161255,2.54364013671875,3.8682878017425537,3.7824289798736572,2.0301918983459473,-0.7514976263046265,-2.664550542831421,-3.157529592514038,-3.469778299331665,-5.111340522766113,-6.586792945861816,-4.6507463455200195,-3.4795455932617188,-3.6715731620788574,-5.477330684661865,-6.735389232635498,-5.016906261444092,-2.748084783554077,-4.404726505279541
6.000901699066162,5.331035614013672,5.3611249923706055,4.4593400955200195,4.736053466796875,5.399751663208008,3.6985042095184326,2.960770606994629,4.43390417098999,5.540977478027344,6.990531921386719,8.078500747680664,7.951444149017334,7.572134017944336,7.001020908355713,5.557188510894775,5.535186767578125,6.037245750427246,6.9807586669921875,5.514601230621338,3.9716882705688477,3.7827773094177246,5.893462181091309,5.8049774169921875,4.809793949127197,4.216451168060303,5.381133556365967,6.312241077423096,4.80440616607666,1.8856509923934937,-0.8983384370803833,-2.925201892852783,-4.483585357666016,-5.8130693435668945,-6.2521748542785645,-5.42482328414917,-5.3634867668151855,-6.912759304046631,-8.310843467712402,-7.599424362182617,-6.925965785980225,-5.912374973297119,-5.3225202560424805
6.431662559509277,6.218796730041504,4.587507724761963,4.409165382385254,5.0797119140625,6.370765686035156,3.1269166469573975,0.5788874626159668,0.9605212211608887,2.4183003902435303,6.4424943923950195,9.819437980651855,10.167351722717285,9.635246276855469,8.93843936920166,7.5579328536987305,6.80289363861084,6.146814346313477,6.014023303985596,5.723395347595215,3.8876407146453857,1.6924145221710205,2.8525121212005615,5.399884223937988,6.04179573059082,1.289174199104309,2.0953288078308105,3.3544301986694336,5.222302436828613,4.576427459716797,0.12240422517061234,-3.164595127105713,-4.807830333709717,-6.336584091186523,-7.448614597320557,-7.8529486656188965,-9.027631759643555,-8.850797653198242,-7.395584583282471,-5.853201389312744,-7.839324951171875,-8.342598915100098,-6.713979244232178
5.445891857147217,6.272207736968994,5.5198163986206055,4.053093433380127,4.689907550811768,2.274923086166382,-2.9678642749786377,-3.635293483734131,-2.094656229019165,1.7726799249649048,4.297364711761475,6.608937740325928,8.263875007629395,7.516579627990723,7.773521423339844,7.985286235809326,5.620428562164307,4.950789451599121,4.7027058601379395,3.4023115634918213,3.3877596855163574,3.560633897781372,4.44639253616333,6.023040294647217,6.589406490325928,3.718719720840454,1.8091312646865845,0.3195381760597229,-1.3392616510391235,-1.933887243270874,-3.0342471599578857,-5.909121513366699,-7.002511501312256,-7.372490882873535,-7.696910858154297,-7.353109359741211,-7.2694196701049805,-6.174332618713379,-5.976767063140869,-7.312808990478516,-8.20788288116455,-10.39877986907959,-9.235554695129395
0.8877890110015869,3.9275903701782227,4.743597030639648,2.3773255348205566,0.9263423085212708,-3.2763116359710693,-5.6756110191345215,-4.510397434234619,-3.713984489440918,-4.452701091766357,-3.7842419147491455,-1.4470126628875732,2.4722137451171875,5.183444976806641,6.022883415222168,5.091127872467041,4.65024995803833,4.686338424682617,3.5172476768493652,2.3980326652526855,4.0001726150512695,5.815891742706299,7.385608673095703,7.9366583824157715,7.10190486907959,7.104553699493408,3.4576809406280518,-0.9795252084732056,-4.528438568115234,-4.425158500671387,-5.618996620178223,-6.468348026275635,-6.934561252593994,-6.031701564788818,-6.410959720611572,-7.282580852508545,-7.329185485839844,-7.221761226654053,-6.748566150665283,-7.741452693939209,-8.629414558410645,-9.630010604858398,-11.271743774414062
