data/wind_data/wind_Surface_2.json
{"header": {"parameterUnit": "KT", "parameterCategory": 2, "nx": 255, "ny": 198, "lo1": 44.73521041870117, "la1": -3.236724853515625, "lo2": 111.26478576660156, "la2": 43.468475341796875, "dx": 0.26192745566368103, "dy": -0.23708222806453705, "refTime": "2025-02-19 02:00:00", "forecastTime": 0, "parameterNumber": 2, "parameterNumberName": "eastward_wind"}, "data":
[rows 171 to 189 of 198, columns 86 to 128 of 255]
-4.050803184509277,0.7825931906700134,2.957468032836914,-1.9601314067840576,-4.831981658935547,-2.663822889328003,-2.4863626956939697,-5.392917156219482,-7.985294342041016,-8.354541778564453,-12.628856658935547,-17.623449325561523,-12.250057220458984,-7.779779434204102,-9.240407943725586,-10.705300331115723,-12.341239929199219,-15.37592601776123,-14.814868927001953,-11.69199275970459,-8.638237953186035,-6.821303844451904,-6.495800018310547,-2.922351837158203,6.591652870178223,7.1826395988464355,2.65059494972229,-0.13348765671253204,3.025705099105835,3.728985548019409,6.128180027008057,14.770377159118652,22.205169677734375,12.525375366210938,0.37528350949287415,-2.0263826847076416,2.1486527919769287,5.598093509674072,3.9612412452697754,2.7078325748443604,1.7337279319763184,0.7141084671020508,0.36544984579086304
-6.633815288543701,-0.060190632939338684,1.6878148317337036,-0.8505159020423889,-1.603653907775879,-1.0965183973312378,-3.120375871658325,-5.9705328941345215,-7.799015522003174,-9.123022079467773,-11.5118989944458,-12.168030738830566,-10.623800277709961,-8.500890731811523,-10.569771766662598,-12.205843925476074,-12.08730697631836,-12.311092376708984,-13.809118270874023,-9.781559944152832,-3.580831527709961,-2.7822821140289307,-7.048192977905273,-4.092228889465332,5.9220805168151855,7.256279945373535,6.0524373054504395,3.794330358505249,5.84967565536499,5.424931049346924,6.508019924163818,13.598462104797363,14.788446426391602,7.310805320739746,-0.3205994963645935,-1.5106370449066162,1.819543719291687,2.702444553375244,2.070225954055786,1.7375468015670776,0.7512754201889038,-0.04660946875810623,-0.18804512917995453
-6.7878522872924805,-5.325219631195068,-2.9114038944244385,-3.5835602283477783,-3.2379274368286133,-2.9439799785614014,-4.631694793701172,-5.957261562347412,-6.090512275695801,-6.396880149841309,-7.283691883087158,-7.504697799682617,-8.565607070922852,-8.342412948608398,-8.145112037658691,-9.3457612991333,-9.419864654541016,-10.909790992736816,-10.489818572998047,-4.982370376586914,1.220004916191101,1.8634310960769653,-0.8642173409461975,0.10787834227085114,2.3155155181884766,6.929591655731201,10.909762382507324,8.812155723571777,7.631009578704834,10.743071556091309,15.98384952545166,14.230575561523438,7.453448295593262,2.1406588554382324,-0.5195104479789734,-0.5388986468315125,-1.1709660291671753,-0.3542294204235077,1.0595201253890991,1.2144476175308228,-0.07859398424625397,-0.9278138875961304,-0.9444014430046082
-6.907480239868164,-5.543677806854248,-5.817561626434326,-3.9533445835113525,-2.3445417881011963,-2.3780500888824463,-5.902284622192383,-5.756304740905762,-5.710306167602539,-3.8413567543029785,-1.1306363344192505,-3.7105796337127686,-6.938029766082764,-6.746556282043457,-4.97136926651001,-6.6961140632629395,-10.783218383789062,-10.571107864379883,-5.333678245544434,-2.31587815284729,-4.739785194396973,-1.4295029640197754,6.159191608428955,4.147596836090088,-3.257319927215576,4.181340217590332,16.31675148010254,10.57390308380127,4.8895978927612305,14.539819717407227,17.792362213134766,11.687007904052734,2.782846689224243,0.23182161152362823,-0.28805825114250183,-2.1053850650787354,-2.194027900695801,-0.5580065846443176,0.7465863823890686,0.770190954208374,-0.619796872138977,-1.4817825555801392,-1.4529329538345337
-4.214828014373779,-4.1603102684021,-3.966186761856079,-2.5459465980529785,0.8767257332801819,-1.570811152458191,-8.731620788574219,-9.81398868560791,-7.095924377441406,-5.613738059997559,-0.17348626255989075,-1.252990484237671,-5.528385162353516,-7.916924953460693,-7.814996719360352,-5.8060173988342285,-7.23968505859375,-8.949131965637207,-3.8476204872131348,-4.6434855461120605,-9.585418701171875,-3.4342970848083496,9.731385231018066,10.312868118286133,1.9629472494125366,6.767369270324707,16.276765823364258,9.576088905334473,8.210453033447266,15.452615737915039,18.464439392089844,8.313950538635254,-0.004381821025162935,-0.5139886736869812,-0.9056665301322937,-1.923814058303833,-1.2871017456054688,-0.3191145062446594,0.011110988445580006,0.20220062136650085,-0.5844939351081848,-1.8459256887435913,-2.2595291137695312
-1.096434235572815,-1.777117133140564,-2.9371278285980225,-3.5761656761169434,-1.3815059661865234,-4.1762495040893555,-9.807936668395996,-10.970050811767578,-10.971680641174316,-8.002655982971191,-3.875317096710205,-3.7538695335388184,-2.7406344413757324,-2.7588932514190674,-5.4050517082214355,-6.240895748138428,-5.263575077056885,-5.295173168182373,-3.5381057262420654,-4.320309638977051,-8.330537796020508,-3.056201934814453,6.0340094566345215,8.159003257751465,7.971116542816162,13.555709838867188,15.713384628295898,11.60658073425293,11.75379467010498,16.17830467224121,12.060422897338867,3.4478249549865723,-0.22872772812843323,0.2317207157611847,-0.7887822985649109,-0.8456419706344604,-0.05072762817144394,0.012866719625890255,-0.3840198814868927,-0.32269248366355896,-0.5409355759620667,-1.6097668409347534,-2.1645328998565674
-1.4317352771759033,-2.9283571243286133,-3.8691954612731934,-4.345232009887695,-4.211743354797363,-4.689971923828125,-4.824779987335205,-6.13778829574585,-9.340646743774414,-8.301085472106934,-6.150576591491699,-4.94372034072876,-1.490648627281189,0.681303858757019,-5.2669358253479,-9.157538414001465,-1.4390548467636108,4.087760925292969,2.6266989707946777,-0.6006948351860046,-3.312453508377075,-1.2631938457489014,2.358916997909546,1.6345971822738647,2.5852837562561035,8.730929374694824,14.08428955078125,15.319496154785156,15.409150123596191,12.278182983398438,4.021324157714844,0.921834409236908,2.8217008113861084,2.7155895233154297,0.8950842022895813,-0.731475830078125,-0.3799383044242859,0.06306082010269165,-0.11462626606225967,-0.6402007937431335,-0.6821591258049011,-1.1930924654006958,-1.6760690212249756
-2.594207525253296,-2.8113150596618652,-2.7207205295562744,-1.5853383541107178,-1.7555809020996094,-1.948417067527771,-0.313366562128067,-1.6048674583435059,-4.429524898529053,-3.738294839859009,-2.7111806869506836,-2.4775309562683105,-0.12769880890846252,1.9910157918930054,-2.5872180461883545,-7.137950897216797,-1.4403212070465088,4.5721611976623535,1.416641354560852,-3.511009693145752,1.0905026197433472,5.634790420532227,3.955785036087036,-0.5189638137817383,1.0980517864227295,8.509072303771973,12.721837043762207,12.05159854888916,9.246106147766113,6.585884094238281,3.597644805908203,2.7739226818084717,3.8725340366363525,3.8955118656158447,1.9031639099121094,-0.7557410001754761,-1.2296875715255737,-0.9479838609695435,-1.2396867275238037,-0.9754508137702942,-0.35651353001594543,-0.914939820766449,-1.2029342651367188
0.33407971262931824,-0.04231122508645058,0.7879694104194641,1.1571894884109497,0.36195048689842224,-0.732721745967865,-0.003882342018187046,0.05047433078289032,-1.02438223361969,-0.8454798460006714,-0.582777202129364,-0.16239608824253082,1.421372890472412,2.349693775177002,-0.734021782875061,-3.402637481689453,-0.6365176439285278,2.1161980628967285,-0.6406062245368958,-3.6473195552825928,0.6640071272850037,6.765294075012207,6.985885143280029,2.9007461071014404,-0.18241265416145325,3.444638729095459,10.642556190490723,6.282463073730469,2.418081283569336,4.89382266998291,7.049243450164795,4.656747817993164,2.353541612625122,2.2714626789093018,2.510348320007324,1.4897304773330688,0.30073779821395874,-0.13420885801315308,-0.9349391460418701,-0.48152241110801697,0.7794527411460876,-0.12609408795833588,-0.8953419923782349
3.9276533126831055,2.186431407928467,3.068760395050049,2.154266119003296,0.8060685992240906,-0.6934373378753662,-0.7541598677635193,0.5251416563987732,-0.031320467591285706,-1.273378610610962,-1.0701332092285156,-0.1624375283718109,1.8170298337936401,3.2679576873779297,1.5120981931686401,-0.363905131816864,0.5861931443214417,1.4698835611343384,-1.5044715404510498,-3.970322370529175,-0.6509569883346558,3.4470040798187256,4.463176727294922,2.4394607543945312,-3.196244478225708,-0.8152650594711304,5.41356086730957,0.7011045813560486,-3.487732410430908,4.055580139160156,9.31287956237793,5.544577598571777,1.0808502435684204,0.48894476890563965,0.9441404938697815,0.9416987895965576,0.593769907951355,-0.1328507512807846,-1.5933282375335693,-1.8527746200561523,-0.45566150546073914,0.4306168854236603,0.5120065212249756
3.149958848953247,2.426093101501465,3.316316843032837,1.7916488647460938,0.289970725774765,0.421968936920166,0.44516611099243164,-1.003718614578247,-3.7852537631988525,-3.3623104095458984,-1.6258536577224731,-0.9021176099777222,0.6565950512886047,2.6108169555664062,2.8966546058654785,2.0897483825683594,2.087122678756714,0.716667115688324,-2.5342957973480225,-2.8998706340789795,-0.14343908429145813,0.6196102499961853,0.1841484159231186,0.4325648248195648,-1.7487852573394775,-2.0131709575653076,-2.6702771186828613,-7.999671459197998,-5.6848273277282715,4.069728851318359,10.04839038848877,4.993338108062744,-1.0995378494262695,-1.267152190208435,-0.008986024186015129,1.8310632705688477,2.3675382137298584,1.2209316492080688,-0.21934382617473602,-0.8843355178833008,-0.1650712490081787,1.5773670673370361,2.7532222270965576
1.7914811372756958,1.7136090993881226,2.2605648040771484,0.9079298973083496,0.7477878332138062,1.386810302734375,0.08807544410228729,-3.3245623111724854,-6.213376045227051,-5.954500675201416,-5.275683879852295,-2.7819418907165527,-1.165389060974121,-0.6488766670227051,0.3722344934940338,1.2912505865097046,0.9544390439987183,-0.8001534938812256,-3.224411964416504,-3.961824655532837,-2.217470169067383,-2.6760616302490234,-3.679858684539795,-3.9670441150665283,-6.7045578956604,-9.157410621643066,-8.141508102416992,-6.579047679901123,-0.7427091002464294,3.9584743976593018,3.2398171424865723,1.4828221797943115,-0.09978841245174408,-1.9488415718078613,-2.996178150177002,0.8464846611022949,4.258330821990967,5.280554294586182,3.5811591148376465,1.4963592290878296,1.8280893564224243,3.3384475708007812,3.7828638553619385
2.2085373401641846,0.6662667989730835,0.29575926065444946,-0.08103715628385544,0.5008910298347473,0.5904179215431213,-0.8435767292976379,-3.062588691711426,-5.054757118225098,-6.613420009613037,-6.4640889167785645,-4.752524375915527,-2.9189260005950928,-1.2404084205627441,-0.6201901435852051,-1.9886189699172974,-3.9246697425842285,-5.114292621612549,-5.937430381774902,-6.569355010986328,-6.5562520027160645,-7.568902015686035,-9.670622825622559,-12.07632064819336,-14.238936424255371,-13.714187622070312,-12.076355934143066,-3.728994846343994,2.2626397609710693,2.76827073097229,-0.03218413144350052,-2.442570924758911,-0.7251654863357544,4.397608280181885,2.5258257389068604,0.722085177898407,3.4798965454101562,4.290624141693115,1.9556699991226196,1.4077763557434082,3.130779266357422,3.92602801322937,2.815185070037842
0.008927302435040474,-0.56048583984375,-1.2148385047912598,-1.6769094467163086,-1.4357317686080933,-1.281943678855896,-1.7907932996749878,-3.047417402267456,-5.363569259643555,-7.214761734008789,-8.673164367675781,-7.914957046508789,-4.555713653564453,-1.9484426975250244,-0.34234124422073364,0.6694395542144775,-0.9806901812553406,-3.977869749069214,-5.607234954833984,-7.128842353820801,-7.628659248352051,-7.57058572769165,-9.919511795043945,-15.35006332397461,-18.02606201171875,-12.717962265014648,-3.1911232471466064,1.6797616481781006,2.4684927463531494,3.9113965034484863,3.613725185394287,-0.06654004007577896,-1.1248403787612915,2.4919190406799316,2.8941047191619873,-0.9618512988090515,-2.4421164989471436,-3.220954418182373,-2.457056760787964,2.2837836742401123,6.431863307952881,8.025696754455566,6.703603267669678
-1.0268492698669434,-1.6905255317687988,-0.965337336063385,-1.3059992790222168,-1.9129645824432373,-1.9695652723312378,-2.2409796714782715,-2.5938796997070312,-5.987105846405029,-8.328164100646973,-7.962761402130127,-8.001736640930176,-6.815199375152588,-3.6445257663726807,0.3437820076942444,2.8017563819885254,2.608161211013794,-0.1806146204471588,-2.8770415782928467,-5.310674667358398,-6.239341735839844,-4.225119113922119,-7.1542181968688965,-14.20016098022461,-15.626225471496582,-8.554980278015137,-0.9308137893676758,0.9089024662971497,-0.2697998285293579,1.0910212993621826,2.3709943294525146,1.0699710845947266,-0.11600236594676971,-0.6030583381652832,-2.839387893676758,-5.379647254943848,-7.597778797149658,-7.589451789855957,-3.504808187484741,2.8632383346557617,8.503554344177246,8.89319896697998,6.883126258850098
1.3282076120376587,-0.648716151714325,-1.2709605693817139,-0.771340012550354,-0.6700077056884766,-1.910015344619751,-2.8546254634857178,-3.6982738971710205,-6.833346843719482,-8.417977333068848,-6.949463844299316,-6.029576301574707,-5.200632095336914,-2.6124300956726074,3.5382909774780273,4.830716133117676,3.6116464138031006,1.1248376369476318,-1.5501331090927124,-7.302028656005859,-9.460041999816895,-5.201747417449951,-6.5074310302734375,-9.925397872924805,-6.508327484130859,-3.691544771194458,-3.3662631511688232,-2.925719976425171,-0.9351277351379395,-1.5936816930770874,-5.43375301361084,-5.201281547546387,-2.33729887008667,-4.33748722076416,-8.04771614074707,-6.3539581298828125,-4.552093505859375,-2.6958959102630615,-0.8280889987945557,1.1637792587280273,5.247509956359863,6.0947489738464355,3.5419859886169434
3.1897432804107666,1.0623983144760132,-1.012762427330017,-1.9270802736282349,-1.5903549194335938,-1.80096435546875,-2.8916945457458496,-4.144303321838379,-7.050208568572998,-8.170866012573242,-8.09291934967041,-7.277035236358643,-3.9806041717529297,-0.41731274127960205,3.2367045879364014,3.7681665420532227,2.056442975997925,1.3033705949783325,-2.336982011795044,-9.20451545715332,-11.047196388244629,-7.917219638824463,-4.981924533843994,-4.253654956817627,-1.867743730545044,-1.7955652475357056,-5.887856960296631,-7.77054500579834,-6.423396587371826,-5.460093975067139,-5.242602825164795,-5.299185276031494,-5.535550594329834,-9.603190422058105,-11.135825157165527,-7.262995719909668,-7.452080726623535,-8.98996639251709,-6.255293369293213,-1.3848775625228882,0.8451299071311951,-1.1625690460205078,-0.43106091022491455
5.092980861663818,3.551072120666504,0.13915085792541504,-2.621006488800049,-2.7069039344787598,-1.7363840341567993,-1.9648555517196655,-3.802377939224243,-6.936387062072754,-8.435504913330078,-8.479792594909668,-9.07629108428955,-6.282721519470215,-4.172497749328613,-4.9537835121154785,-5.321432590484619,-2.159508466720581,0.27506813406944275,-2.5409748554229736,-6.404488563537598,-7.6888651847839355,-6.978883266448975,-5.344311237335205,-8.036195755004883,-10.223337173461914,-6.301591873168945,-2.4477550983428955,-3.875166654586792,-5.03458833694458,-4.301738262176514,-1.3278720378875732,1.621537446975708,-2.041632652282715,-8.540127754211426,-9.782561302185059,-7.748076438903809,-7.861771583557129,-11.417755126953125,-9.96859359741211,-2.3639442920684814,-2.171544313430786,-3.240473985671997,2.8280274868011475
5.755012512207031,5.60837984085083,1.9743053913116455,-2.0654709339141846,-2.8211705684661865,-1.2683955430984497,-0.7428524494171143,-1.5927053689956665,-3.961818218231201,-7.385036945343018,-9.01674747467041,-7.891690254211426,-6.201560020446777,-4.042483806610107,-2.085599184036255,-2.2384772300720215,-3.562486410140991,-3.325277328491211,-2.823833465576172,-2.0211822986602783,-3.7311387062072754,-6.39712381362915,-7.6707916259765625,-9.24462604522705,-10.970470428466797,-5.132627010345459,0.2584916949272156,1.2485815286636353,-0.19764436781406403,-1.5060052871704102,0.421467125415802,4.3737969398498535,-0.024084901437163353,-6.545513153076172,-5.071364879608154,-1.7496393918991089,-0.4570551812648773,-2.515481472015381,-3.634378671646118,-1.5484386682510376,-3.1575982570648193,-3.1532905101776123,2.2852160930633545
