data/wind_data/wind_66_4.json
{"header": {"parameterUnit": "KT", "parameterCategory": 2, "nx": 256, "ny": 198, "lo1": 44.73521041870117, "la1": -3.236724853515625, "lo2": 111.26478576660156, "la2": 43.468475341796875, "dx": 0.2609002888202667, "dy": -0.23708222806453705, "refTime": "2025-02-21 18:00:00", "forecastTime": 0, "parameterNumber": 2, "parameterNumberName": "eastward_wind"}, "data":
[rows 114 to 132 of 198, columns 86 to 128 of 256]
31.18002700805664,31.67545509338379,31.79023551940918,29.83342742919922,27.44993019104004,26.669300079345703,27.451940536499023,28.845375061035156,29.78899383544922,30.46615982055664,31.3142032623291,32.29452896118164,33.06496047973633,33.42660903930664,33.46763229370117,33.16706466674805,32.42866897583008,31.44342041015625,30.782459259033203,30.596040725708008,30.388704299926758,29.533498764038086,28.37497329711914,27.658159255981445,27.860546112060547,29.288236618041992,31.155994415283203,32.2298698425293,32.325843811035156,31.979005813598633,31.188383102416992,29.56509780883789,27.754119873046875,26.71501350402832,26.33922004699707,25.9508056640625,24.917985916137695,23.637720108032227,22.56543731689453,21.658571243286133,20.517196655273438,19.360136032104492,18.67905044555664
33.96153259277344,33.8290901184082,32.98936462402344,31.44144058227539,30.23108673095703,29.58167839050293,29.511009216308594,29.864604949951172,30.506635665893555,31.48541259765625,32.46247863769531,33.16716003417969,33.32677459716797,32.98646545410156,32.6441764831543,32.40537643432617,32.285240173339844,32.27241134643555,32.30233383178711,32.25115966796875,31.989398956298828,31.139057159423828,29.820777893066406,29.069435119628906,29.440052032470703,31.00231170654297,32.86052322387695,33.77283477783203,33.4686393737793,32.61147689819336,31.634361267089844,30.093883514404297,28.310880661010742,27.133127212524414,26.595491409301758,26.09951400756836,24.95319175720215,23.192626953125,21.368162155151367,20.007347106933594,19.097375869750977,18.269634246826172,17.643577575683594
35.8238525390625,34.75188446044922,34.30792236328125,34.08413314819336,33.391143798828125,32.17759704589844,31.079776763916016,30.654674530029297,31.06962013244629,31.923994064331055,32.45302963256836,32.42958068847656,32.333980560302734,32.54325866699219,33.110748291015625,33.656883239746094,34.08277130126953,34.613311767578125,34.907997131347656,34.596195220947266,33.87909698486328,32.61594772338867,30.61474609375,29.23234748840332,29.652128219604492,31.435453414916992,33.10218048095703,33.623077392578125,33.08983612060547,32.013248443603516,30.872854232788086,29.46478843688965,27.978755950927734,26.891708374023438,26.1619873046875,25.341602325439453,24.046972274780273,22.161962509155273,20.175355911254883,18.958024978637695,18.265390396118164,17.454544067382812,16.87896156311035
36.072513580322266,35.8053092956543,35.96552658081055,35.75402069091797,34.786373138427734,33.248687744140625,32.007362365722656,31.597122192382812,31.87196159362793,32.18630599975586,32.04933547973633,31.867555618286133,32.467247009277344,33.6567497253418,34.925045013427734,35.949459075927734,36.63981246948242,37.37441635131836,37.840782165527344,37.22557067871094,35.890625,34.304527282714844,32.174373626708984,30.319921493530273,30.070323944091797,31.331737518310547,32.53746032714844,32.59932327270508,32.000370025634766,31.016183853149414,29.68404197692871,28.312835693359375,27.206876754760742,26.191377639770508,24.97747802734375,23.624082565307617,22.199949264526367,20.582393646240234,19.06109046936035,18.495792388916016,18.126216888427734,17.178136825561523,16.51924705505371
37.74555969238281,37.3609504699707,36.75228500366211,35.90309143066406,34.8585319519043,33.84605407714844,33.19670867919922,32.93973159790039,32.73683166503906,32.43109893798828,32.247108459472656,32.5609016418457,33.49467086791992,34.70307540893555,36.011722564697266,37.425392150878906,38.61330032348633,39.62069320678711,40.27635192871094,39.719608306884766,37.993896484375,36.069091796875,34.39645004272461,33.15018081665039,32.39956283569336,32.458526611328125,32.67572784423828,32.14219665527344,31.378986358642578,30.3978328704834,28.800458908081055,27.30803680419922,26.417434692382812,25.2487850189209,23.309484481811523,21.483274459838867,20.308860778808594,19.24858283996582,18.105960845947266,17.697406768798828,17.741165161132812,17.346961975097656,16.87868309020996
37.55570602416992,36.55767059326172,35.94600296020508,35.581607818603516,35.178714752197266,34.73882293701172,34.26435470581055,33.58843231201172,32.74287796020508,32.385826110839844,32.753692626953125,33.55316162109375,34.59797286987305,35.810523986816406,37.184364318847656,38.802860260009766,40.19125747680664,41.113067626953125,41.647090911865234,41.31569290161133,39.81257247924805,37.85371780395508,36.5072135925293,36.00774002075195,35.503456115722656,34.84489440917969,34.06060791015625,32.79236602783203,31.557966232299805,30.22792625427246,28.26165771484375,26.506528854370117,25.49260139465332,23.955337524414062,21.524730682373047,19.70035171508789,19.07599449157715,18.709848403930664,17.847042083740234,17.112661361694336,17.109025955200195,17.424217224121094,17.610450744628906
36.15498352050781,35.32273483276367,35.484127044677734,35.64189529418945,35.5526008605957,35.08820724487305,34.35689163208008,33.50773620605469,32.92778778076172,33.14065933227539,33.910457611083984,34.829471588134766,35.82843017578125,37.032840728759766,38.2484016418457,39.408748626708984,40.40727615356445,41.05472183227539,41.37333297729492,41.2832145690918,40.50761413574219,39.20122146606445,38.298282623291016,38.18335723876953,37.948787689208984,36.97856140136719,35.34884262084961,33.35145950317383,31.627649307250977,30.039587020874023,27.830814361572266,25.772628784179688,24.50279998779297,22.640592575073242,20.063302993774414,18.49598503112793,18.518007278442383,18.72279930114746,18.055356979370117,17.095239639282227,16.9095401763916,17.523006439208984,18.174715042114258
35.08710861206055,35.24765396118164,36.309120178222656,36.535587310791016,36.21156692504883,35.54231262207031,34.828330993652344,34.43238830566406,34.504207611083984,34.991310119628906,35.61994934082031,36.17892837524414,36.44990158081055,36.284996032714844,35.8076286315918,35.72221374511719,36.75071334838867,38.29471206665039,39.34375,39.850425720214844,39.980403900146484,39.66641616821289,39.24706268310547,39.03120422363281,38.7362174987793,37.639251708984375,35.47526168823242,32.947959899902344,30.946361541748047,29.43255615234375,27.452255249023438,25.20606803894043,23.786434173583984,21.965625762939453,19.126577377319336,17.52492332458496,18.060327529907227,18.796035766601562,18.390174865722656,17.37378692626953,17.12206268310547,17.854503631591797,18.629650115966797
32.960235595703125,35.55743408203125,37.72880172729492,37.81907272338867,37.23247146606445,36.771114349365234,36.50139617919922,36.626529693603516,36.9136962890625,37.02412033081055,36.73251724243164,35.72599792480469,33.69559860229492,30.577856063842773,27.316904067993164,26.42605209350586,28.680086135864258,32.29891586303711,35.297889709472656,36.93675231933594,37.83143615722656,38.57796859741211,38.55068588256836,37.79043960571289,37.16949462890625,36.66901397705078,35.23481369018555,32.653099060058594,30.056964874267578,28.295413970947266,26.745481491088867,24.7199649810791,22.739242553710938,20.801654815673828,19.096721649169922,18.154197692871094,18.059181213378906,18.402137756347656,18.09041404724121,17.33089256286621,17.40178680419922,18.19664764404297,18.723360061645508
31.314104080200195,36.59689712524414,39.42951202392578,39.315189361572266,38.56127166748047,38.5356559753418,39.06285095214844,39.33387756347656,38.517250061035156,36.8821907043457,34.42893600463867,30.236112594604492,24.974063873291016,20.42725372314453,17.9692440032959,17.832033157348633,20.44281005859375,24.575815200805664,28.897531509399414,31.830158233642578,33.517032623291016,35.18875503540039,35.738563537597656,35.14955139160156,35.175506591796875,35.89308547973633,35.63008117675781,32.75535202026367,28.81122589111328,26.505083084106445,25.066509246826172,23.01198387145996,20.970346450805664,19.90277862548828,19.900625228881836,19.693828582763672,18.64707374572754,17.958568572998047,17.658245086669922,17.27509307861328,17.481870651245117,18.16915512084961,18.227304458618164
32.32461929321289,39.134552001953125,41.482120513916016,41.06327438354492,40.31131362915039,40.569923400878906,41.20430374145508,39.64349365234375,35.35923767089844,30.98574447631836,26.728822708129883,21.00447654724121,16.468669891357422,16.422470092773438,18.779699325561523,18.341201782226562,16.098365783691406,17.186355590820312,20.889230728149414,24.627002716064453,27.22623062133789,29.268638610839844,31.291658401489258,32.37111282348633,33.35153579711914,35.37336730957031,35.84495544433594,31.638839721679688,25.620025634765625,22.985326766967773,22.431123733520508,21.4696044921875,20.380290985107422,20.023269653320312,20.246320724487305,19.867204666137695,18.368263244628906,17.06939697265625,16.74187469482422,16.838302612304688,17.3023738861084,17.713233947753906,17.145811080932617
35.29216003417969,41.41190719604492,42.76954650878906,42.3671989440918,41.88239669799805,41.4984130859375,39.34365463256836,33.600135803222656,26.792818069458008,22.411298751831055,19.53679847717285,17.5123233795166,18.535959243774414,21.92426109313965,25.848575592041016,24.78749656677246,16.92074966430664,12.240583419799805,13.419623374938965,16.167497634887695,18.941686630249023,21.73037338256836,25.445768356323242,28.327133178710938,29.060171127319336,30.924551010131836,29.616535186767578,22.483734130859375,18.940170288085938,19.96367073059082,20.87247657775879,20.90067481994629,20.45020294189453,19.97378158569336,19.89468002319336,19.4163818359375,17.773555755615234,16.26487922668457,15.999984741210938,16.419654846191406,16.92149543762207,16.732704162597656,16.096160888671875
34.948158264160156,40.40525436401367,41.569602966308594,40.51100158691406,38.74022674560547,35.7999267578125,30.344310760498047,24.021451950073242,20.351011276245117,19.47590446472168,20.736330032348633,23.406044006347656,26.067813873291016,28.58336067199707,29.5372371673584,27.32428741455078,19.025596618652344,11.345552444458008,9.242599487304688,9.56032657623291,11.21196174621582,13.612224578857422,16.479787826538086,19.281042098999023,18.519847869873047,13.113251686096191,10.940539360046387,14.37291145324707,18.47643280029297,20.240785598754883,20.43082046508789,20.5151309967041,20.240365982055664,19.81293487548828,19.531280517578125,18.59320640563965,16.722089767456055,15.582842826843262,15.840718269348145,16.33589744567871,16.3234806060791,15.79623794555664,16.331478118896484
29.997800827026367,36.33492660522461,36.247501373291016,31.78905487060547,27.89081573486328,24.98103141784668,22.965267181396484,22.29999542236328,23.15453338623047,24.668872833251953,26.893186569213867,29.18608283996582,31.060754776000977,31.57976722717285,28.53954315185547,24.881797790527344,19.35126304626465,12.450132369995117,9.337564468383789,8.363402366638184,7.9619245529174805,8.305212020874023,8.99769401550293,9.622807502746582,10.532519340515137,11.430276870727539,12.652814865112305,15.59189510345459,18.809659957885742,20.499069213867188,20.57797622680664,19.993093490600586,19.388315200805664,19.326791763305664,19.003406524658203,17.457258224487305,15.87569522857666,15.556661605834961,16.06519317626953,16.213111877441406,15.913243293762207,15.983207702636719,17.45759391784668
27.461669921875,29.659011840820312,31.95220375061035,30.341934204101562,27.745023727416992,26.71595001220703,28.168773651123047,30.013776779174805,31.22429847717285,31.47126007080078,31.47172737121582,31.465150833129883,30.981252670288086,29.22353744506836,25.270587921142578,21.56903839111328,18.30662727355957,13.224474906921387,10.350008010864258,10.344904899597168,11.380499839782715,12.85853385925293,14.436775207519531,15.587138175964355,16.22096824645996,16.400463104248047,16.441633224487305,16.885347366333008,18.125354766845703,19.451946258544922,19.811635971069336,19.241195678710938,18.823530197143555,18.91126823425293,17.96907615661621,16.039321899414062,15.241633415222168,15.712015151977539,16.225080490112305,16.555938720703125,16.655168533325195,17.18233299255371,18.204689025878906
39.450740814208984,32.083351135253906,33.447200775146484,37.26606750488281,37.249549865722656,35.41653060913086,34.37732696533203,34.37252426147461,34.602684020996094,33.93666458129883,32.82964324951172,31.03346061706543,28.123828887939453,25.34754753112793,22.055625915527344,18.20645523071289,15.667627334594727,13.09061336517334,11.870012283325195,13.661293029785156,15.438157081604004,16.04650115966797,15.799561500549316,15.640288352966309,15.863700866699219,16.307540893554688,16.925594329833984,17.67851448059082,18.404640197753906,18.983407974243164,18.90204620361328,18.47287368774414,18.834007263183594,18.889751434326172,17.10488510131836,15.230979919433594,15.219036102294922,15.953828811645508,16.30844497680664,17.135210037231445,17.828516006469727,18.18425178527832,18.030813217163086
43.904911041259766,37.72793960571289,36.06448745727539,36.971458435058594,36.93153381347656,35.57001495361328,34.6428108215332,34.952701568603516,35.885231018066406,35.91374206542969,33.923675537109375,29.829742431640625,25.030542373657227,21.883037567138672,20.20588493347168,17.798904418945312,16.342567443847656,15.705092430114746,13.855583190917969,14.841832160949707,17.6766300201416,18.962263107299805,18.078479766845703,16.536479949951172,16.853681564331055,18.19340705871582,19.155471801757812,19.571670532226562,19.554044723510742,19.19566535949707,18.620454788208008,18.572139739990234,19.096698760986328,18.37566375732422,16.340240478515625,15.0551176071167,15.359601020812988,15.856749534606934,16.086423873901367,17.40903091430664,18.275558471679688,17.88950538635254,16.98641586303711
43.81908416748047,39.84720993041992,37.257171630859375,36.56475067138672,36.205360412597656,36.1016731262207,37.06184387207031,38.30934524536133,39.3299560546875,39.0870361328125,35.30939483642578,27.949552536010742,22.01246452331543,18.56564712524414,18.340085983276367,17.679183959960938,16.32066535949707,16.222990036010742,16.487316131591797,16.866300582885742,19.157243728637695,21.047321319580078,20.94906234741211,19.86325454711914,20.516984939575195,21.85028648376465,21.719270706176758,20.9979248046875,20.297788619995117,19.439022064208984,18.724367141723633,18.740671157836914,18.758960723876953,17.491804122924805,15.697041511535645,14.74558162689209,14.883731842041016,15.206915855407715,16.015926361083984,17.318735122680664,17.135639190673828,15.96293830871582,15.243603706359863
40.31840515136719,37.68013000488281,35.437889099121094,33.75998306274414,33.0838623046875,33.05221176147461,34.14392852783203,35.98338317871094,37.515995025634766,37.16870880126953,33.78516387939453,25.74825668334961,20.774837493896484,17.602081298828125,16.90152931213379,18.112672805786133,18.14022445678711,18.15574073791504,19.0063533782959,18.832460403442383,18.325908660888672,20.258028030395508,22.496789932250977,23.617650985717773,25.13901710510254,25.8830623626709,24.072969436645508,21.72507095336914,20.208681106567383,19.12924575805664,18.657001495361328,18.640066146850586,18.09221649169922,16.715778350830078,15.434864044189453,14.658698081970215,14.776601791381836,15.47404956817627,16.174856185913086,16.106550216674805,14.769989967346191,13.60134220123291,12.788240432739258
