data/wind_data/wind_11_1.json
{"header": {"parameterUnit": "KT", "parameterCategory": 2, "nx": 256, "ny": 198, "lo1": 44.73521041870117, "la1": -3.236724853515625, "lo2": 111.26478576660156, "la2": 43.468475341796875, "dx": 0.2609002888202667, "dy": -0.23708222806453705, "refTime": "2025-02-19 11:00:00", "forecastTime": 0, "parameterNumber": 2, "parameterNumberName": "eastward_wind"}, "data":
[rows 38 to 56 of 198, columns 129 to 171 of 256]
-1.8967976570129395,-0.7626737356185913,1.7807865142822266,2.686185836791992,7.611572265625,7.099814414978027,13.251099586486816,3.845364570617676,-2.184699296951294,3.5342414379119873,-6.066809177398682,-9.3715181350708,-8.604082107543945,-11.492398262023926,-9.52169418334961,-11.95144271850586,-8.441008567810059,-9.48765754699707,-9.210948944091797,-10.86936092376709,-10.999470710754395,-11.123212814331055,-10.910346984863281,-10.497954368591309,-10.207110404968262,-9.778043746948242,-9.702775001525879,-9.880029678344727,-9.89547061920166,-9.877508163452148,-10.203081130981445,-9.49473762512207,-9.277421951293945,-9.081464767456055,-8.837059020996094,-8.367077827453613,-7.555099964141846,-7.190298080444336,-6.725280284881592,-6.459582328796387,-6.923221111297607,-7.410298824310303,-7.760778903961182
-2.1743621826171875,-0.5754458904266357,1.8130053281784058,3.3921701908111572,7.96269416809082,8.512134552001953,12.48668098449707,7.378956317901611,3.887941837310791,-1.9893707036972046,-4.338632106781006,-7.43837833404541,-8.769194602966309,-9.47469711303711,-9.778393745422363,-10.23673152923584,-9.051100730895996,-9.30128288269043,-9.195239067077637,-9.857080459594727,-9.936385154724121,-10.617899894714355,-10.746642112731934,-10.268194198608398,-9.990409851074219,-9.980340957641602,-10.035483360290527,-10.426474571228027,-10.39959716796875,-10.197819709777832,-10.19824504852295,-9.52389144897461,-9.371603965759277,-8.963828086853027,-8.546675682067871,-8.19305419921875,-7.661114692687988,-7.37213659286499,-7.127936363220215,-7.147429466247559,-7.430676460266113,-7.365217208862305,-7.380158424377441
-2.0876376628875732,0.253001868724823,2.2520835399627686,4.425194263458252,6.514407634735107,10.70461368560791,13.869046211242676,8.38050651550293,-1.8391839265823364,-7.549262523651123,-5.887279510498047,-7.155370712280273,-9.614407539367676,-8.980043411254883,-9.437804222106934,-8.926177024841309,-9.073164939880371,-8.80888557434082,-9.377165794372559,-9.166390419006348,-9.398703575134277,-9.434248924255371,-10.103315353393555,-10.312081336975098,-9.918142318725586,-10.21042537689209,-10.373292922973633,-10.58782958984375,-11.133111953735352,-11.089153289794922,-10.387184143066406,-9.741446495056152,-9.357782363891602,-8.692208290100098,-8.222753524780273,-8.071073532104492,-7.866231918334961,-7.609892845153809,-7.585536479949951,-7.673263072967529,-7.852687358856201,-7.458032131195068,-7.195231914520264
-2.265634536743164,1.2917472124099731,2.5454940795898438,5.915722370147705,5.415526390075684,13.045494079589844,5.623861312866211,-1.4021340608596802,-9.1427640914917,-5.823270320892334,-8.24048900604248,-7.787900924682617,-8.994040489196777,-7.500654697418213,-9.979466438293457,-7.454258918762207,-9.347844123840332,-7.870370388031006,-9.086934089660645,-8.406984329223633,-8.93490219116211,-8.804752349853516,-9.135200500488281,-10.13676643371582,-10.418340682983398,-10.10103702545166,-10.131915092468262,-9.670063018798828,-11.290121078491211,-11.330001831054688,-10.545328140258789,-10.255921363830566,-9.347528457641602,-8.54345989227295,-8.042096138000488,-7.724963665008545,-7.634537220001221,-7.692554950714111,-7.644847869873047,-7.632919788360596,-7.973153114318848,-7.860579967498779,-7.878444671630859
-3.2694904804229736,0.4047844111919403,2.7116811275482178,4.816781997680664,5.89468240737915,10.907289505004883,-8.749628067016602,-0.6683884263038635,-10.470109939575195,-4.991621017456055,-10.213306427001953,-7.050456523895264,-9.33665943145752,-6.245428562164307,-10.069645881652832,-7.486838340759277,-8.831207275390625,-7.669785022735596,-8.039427757263184,-8.007065773010254,-8.138686180114746,-8.45663070678711,-9.102230072021484,-9.911200523376465,-10.187590599060059,-9.971940040588379,-9.515414237976074,-9.53684139251709,-10.251379013061523,-10.647744178771973,-10.726194381713867,-10.399316787719727,-9.577717781066895,-8.7380952835083,-8.193154335021973,-7.641960620880127,-7.558175563812256,-7.727991104125977,-7.8992533683776855,-7.882810592651367,-8.135334968566895,-8.259559631347656,-8.306991577148438
-4.484399318695068,-1.7069631814956665,2.4243478775024414,2.365823268890381,4.5548553466796875,4.327169895172119,-4.665618419647217,-4.3923420906066895,-9.048149108886719,-7.551219940185547,-10.185420989990234,-7.905940055847168,-8.748367309570312,-8.500301361083984,-7.9126787185668945,-9.172998428344727,-7.961554050445557,-8.35952091217041,-7.316017150878906,-7.7171220779418945,-7.526137351989746,-8.140153884887695,-8.887130737304688,-9.523836135864258,-9.588871955871582,-9.530673027038574,-9.26123332977295,-9.19571590423584,-9.48002815246582,-9.970733642578125,-10.349506378173828,-10.21428108215332,-9.716113090515137,-9.00341796875,-8.452773094177246,-7.9840216636657715,-7.779513359069824,-7.845950603485107,-8.21287727355957,-8.387985229492188,-8.450901985168457,-8.293563842773438,-8.331859588623047
-5.377511501312256,-4.431550979614258,1.2627322673797607,0.36007779836654663,2.9417638778686523,0.36657097935676575,5.304393768310547,-7.421323299407959,-6.86885929107666,-9.356450080871582,-8.513044357299805,-9.68065357208252,-5.964715957641602,-9.802345275878906,-6.374800205230713,-9.328798294067383,-7.580814361572266,-8.405102729797363,-7.509385108947754,-7.565581798553467,-7.539430618286133,-7.959303379058838,-8.60422420501709,-9.0783052444458,-9.19294261932373,-8.898902893066406,-8.639452934265137,-8.385612487792969,-8.730701446533203,-9.354640007019043,-9.694768905639648,-9.744524002075195,-9.524910926818848,-8.938468933105469,-8.54765796661377,-8.357463836669922,-8.251398086547852,-8.283320426940918,-8.585472106933594,-8.965982437133789,-8.98751163482666,-8.689091682434082,-8.571806907653809
-6.50484561920166,-6.57442569732666,-1.0716454982757568,-0.6165428757667542,-0.2918553352355957,0.11194130778312683,3.728543519973755,-4.541427135467529,-7.979722023010254,-9.864033699035645,-7.764836311340332,-9.131755828857422,-7.212249755859375,-7.847158432006836,-7.633057117462158,-7.885258197784424,-8.153335571289062,-7.797236919403076,-7.668882369995117,-7.401024341583252,-7.691230297088623,-8.054769515991211,-8.567428588867188,-8.935761451721191,-8.924139022827148,-8.705946922302246,-8.249344825744629,-7.9077959060668945,-8.020954132080078,-8.517995834350586,-8.897358894348145,-9.061918258666992,-8.921465873718262,-8.548822402954102,-8.304253578186035,-8.386205673217773,-8.430957794189453,-8.534175872802734,-8.897544860839844,-9.32690715789795,-9.587329864501953,-9.346099853515625,-9.035036087036133
-8.757635116577148,-8.426273345947266,-4.73068904876709,-1.5579921007156372,-4.088705539703369,-0.43947598338127136,0.012986677698791027,-0.2939232587814331,-11.316142082214355,-6.649811267852783,-9.854076385498047,-5.480721950531006,-9.571816444396973,-5.575120449066162,-8.807185173034668,-6.900692462921143,-8.554678916931152,-7.435269832611084,-7.280411720275879,-6.95073938369751,-7.6454997062683105,-8.535025596618652,-8.99030590057373,-9.076292991638184,-8.60283374786377,-8.483072280883789,-8.094096183776855,-7.852242469787598,-7.820470333099365,-8.023660659790039,-8.260517120361328,-8.375225067138672,-8.31993293762207,-8.131996154785156,-7.9882612228393555,-8.10462760925293,-8.28081226348877,-8.449764251708984,-8.898951530456543,-9.441130638122559,-9.93416690826416,-9.913819313049316,-9.563309669494629
-11.999086380004883,-10.7802095413208,-8.640206336975098,-3.139420747756958,-6.586501121520996,-2.7094030380249023,-3.1072936058044434,-2.9676826000213623,-12.636024475097656,-5.8572845458984375,-9.657273292541504,-4.853115081787109,-8.81221866607666,-5.58630895614624,-7.569841384887695,-6.95266580581665,-8.550219535827637,-7.495239734649658,-6.485805511474609,-6.315348148345947,-7.610603332519531,-9.140059471130371,-9.4893159866333,-9.060072898864746,-8.645406723022461,-8.678277969360352,-8.070380210876465,-8.00710678100586,-7.936246871948242,-8.094900131225586,-8.01555061340332,-7.951735496520996,-7.929256916046143,-7.877588272094727,-7.752921104431152,-7.8226213455200195,-7.989077091217041,-8.136906623840332,-8.668563842773438,-9.453526496887207,-9.958784103393555,-9.980727195739746,-9.835456848144531
-10.818275451660156,-11.376578330993652,-10.793441772460938,-5.210188388824463,-7.788522243499756,-5.975860118865967,-8.271951675415039,-6.688765048980713,-11.17702865600586,-8.085043907165527,-7.374879360198975,-7.4605817794799805,-6.1277995109558105,-6.8767900466918945,-4.5507307052612305,-7.754522323608398,-8.107454299926758,-7.30502986907959,-5.605223178863525,-6.302828311920166,-8.969740867614746,-10.228697776794434,-9.87678337097168,-8.637656211853027,-8.9105806350708,-8.682563781738281,-8.168076515197754,-8.10550308227539,-8.025566101074219,-8.346566200256348,-8.242698669433594,-7.936908721923828,-7.687262058258057,-7.7316975593566895,-7.6853227615356445,-7.705338954925537,-7.7169976234436035,-7.800790309906006,-8.075117111206055,-8.804210662841797,-9.459439277648926,-9.62012004852295,-9.55862045288086
-10.370911598205566,-11.801475524902344,-12.33590030670166,-8.773787498474121,-8.083534240722656,-8.057353019714355,-8.429184913635254,-8.762052536010742,-8.312234878540039,-8.536126136779785,-6.5038652420043945,-7.0496745109558105,-6.20147705078125,-5.741652488708496,-5.622575759887695,-7.459893703460693,-6.834775924682617,-5.872915744781494,-6.4392266273498535,-8.69124698638916,-11.38488483428955,-11.292074203491211,-9.597806930541992,-8.774465560913086,-8.953856468200684,-8.592171669006348,-8.122298240661621,-8.024107933044434,-8.142729759216309,-8.48633861541748,-8.80646800994873,-8.388647079467773,-7.758995532989502,-7.641846179962158,-7.506335735321045,-7.601911544799805,-7.555184841156006,-7.499906539916992,-7.603665828704834,-7.99387264251709,-8.599451065063477,-9.05768871307373,-9.152177810668945
-9.411518096923828,-10.714994430541992,-11.859712600708008,-11.134197235107422,-7.930903434753418,-9.63674545288086,-4.2042317390441895,-7.284817218780518,-7.8961687088012695,-6.665727615356445,-6.769787788391113,-5.936622619628906,-5.857949256896973,-5.541312217712402,-6.454126834869385,-6.740053176879883,-5.040933609008789,-5.376954078674316,-7.432063102722168,-9.694757461547852,-10.01097583770752,-9.965702056884766,-9.188783645629883,-8.845290184020996,-9.023110389709473,-8.61557388305664,-8.20875072479248,-8.003925323486328,-8.01810359954834,-8.36790943145752,-8.81135368347168,-9.064404487609863,-8.515056610107422,-7.825392246246338,-7.33639669418335,-7.30005407333374,-7.380351543426514,-7.455911159515381,-7.420114040374756,-7.4411540031433105,-7.820782661437988,-8.35425090789795,-8.675556182861328
-6.530020236968994,-10.03329849243164,-11.425670623779297,-11.512166976928711,-8.681373596191406,-11.513765335083008,-6.649428844451904,-8.850464820861816,-6.062714576721191,-6.865547180175781,-5.717004776000977,-5.807369232177734,-5.476559162139893,-5.805073261260986,-6.106415748596191,-5.7052531242370605,-5.058311939239502,-5.661054611206055,-8.013867378234863,-9.164105415344238,-9.654912948608398,-9.309542655944824,-8.824175834655762,-8.890832901000977,-8.926665306091309,-8.82347297668457,-8.36971664428711,-8.149026870727539,-8.052249908447266,-8.263562202453613,-8.560746192932129,-8.949283599853516,-9.032840728759766,-8.399348258972168,-7.707363128662109,-7.193722248077393,-7.188297748565674,-7.359055519104004,-7.508546829223633,-7.346148490905762,-7.337710380554199,-7.7389726638793945,-8.125740051269531
-6.9529829025268555,-9.511480331420898,-8.965483665466309,-10.179261207580566,-8.88825798034668,-12.31982135772705,-7.34149694442749,-8.736931800842285,-5.931898593902588,-6.386196613311768,-5.605890274047852,-5.464064598083496,-5.384190559387207,-5.517516136169434,-5.699471473693848,-5.7926506996154785,-5.938478469848633,-6.217733383178711,-7.006192684173584,-7.779284477233887,-8.279963493347168,-8.691129684448242,-8.269376754760742,-8.628448486328125,-8.462626457214355,-8.768190383911133,-8.54297924041748,-8.306051254272461,-8.280416488647461,-8.396791458129883,-8.428141593933105,-8.532513618469238,-8.70470905303955,-8.66093921661377,-8.24361515045166,-7.641847133636475,-7.194769382476807,-7.2125020027160645,-7.430671215057373,-7.48635721206665,-7.3396806716918945,-7.364691734313965,-7.573056697845459
-8.375901222229004,-8.632491111755371,-8.670897483825684,-9.387032508850098,-10.064709663391113,-10.955446243286133,-10.32143783569336,-5.642601013183594,-8.158419609069824,-4.80018949508667,-5.992999076843262,-4.945868968963623,-5.248017311096191,-5.188225269317627,-5.50167989730835,-6.012135028839111,-6.5888824462890625,-6.961064338684082,-7.100151538848877,-7.161867141723633,-7.562194347381592,-7.891716003417969,-7.76325798034668,-7.543918609619141,-7.8390889167785645,-8.24052906036377,-8.396618843078613,-8.439464569091797,-8.486924171447754,-8.659157752990723,-8.572381019592285,-8.421459197998047,-8.45579719543457,-8.52981948852539,-8.377622604370117,-7.944432258605957,-7.484747409820557,-7.215010166168213,-7.251445770263672,-7.4373087882995605,-7.412095069885254,-7.218954086303711,-7.189687252044678
-9.023968696594238,-8.42452335357666,-9.42322826385498,-8.125703811645508,-9.932899475097656,-10.53237533569336,-10.714011192321777,-5.485978603363037,-8.558117866516113,-4.294336795806885,-6.121679782867432,-4.450353622436523,-5.034291744232178,-4.968547344207764,-5.47128438949585,-5.833570957183838,-6.377209186553955,-6.642819881439209,-6.543976783752441,-6.948946952819824,-7.747474670410156,-7.896810054779053,-7.330079078674316,-6.847314834594727,-7.044027805328369,-7.433327674865723,-7.820096492767334,-8.25853443145752,-8.470636367797852,-8.621784210205078,-8.563766479492188,-8.448504447937012,-8.468171119689941,-8.57946491241455,-8.470267295837402,-8.21292781829834,-7.842387676239014,-7.458859920501709,-7.058410167694092,-6.993595123291016,-7.168165683746338,-7.139386177062988,-6.993746757507324
-9.965039253234863,-9.980770111083984,-9.384881973266602,-10.3919677734375,-10.399826049804688,-10.311911582946777,-10.383476257324219,-5.368195056915283,-8.637937545776367,-4.750832557678223,-5.77741003036499,-4.624292373657227,-4.584510326385498,-4.800962924957275,-5.073171615600586,-5.658300876617432,-6.000614643096924,-6.250885963439941,-6.4214186668396,-6.760558128356934,-7.21096658706665,-7.39611291885376,-7.106631755828857,-6.594966411590576,-6.453226566314697,-6.717132568359375,-7.200490951538086,-7.701755523681641,-8.127427101135254,-8.32375431060791,-8.305547714233398,-8.288836479187012,-8.430665969848633,-8.662495613098145,-8.724132537841797,-8.545598983764648,-8.181666374206543,-7.743058204650879,-7.103150367736816,-6.673535346984863,-6.737297534942627,-6.860876083374023,-6.7478742599487305
-12.139497756958008,-8.318740844726562,-10.237837791442871,-11.356095314025879,-13.322022438049316,-11.892144203186035,-8.328965187072754,-8.526040077209473,-5.648475646972656,-7.193097114562988,-4.576220512390137,-5.599400520324707,-4.100498676300049,-4.773133754730225,-4.508545398712158,-5.145266532897949,-5.320357799530029,-5.619591236114502,-5.677376747131348,-5.87189245223999,-6.194892883300781,-6.591376781463623,-6.637739181518555,-6.492920875549316,-6.331193923950195,-6.469201564788818,-6.782232284545898,-7.287815570831299,-7.6705756187438965,-7.854619979858398,-7.868466854095459,-7.865424633026123,-8.017498970031738,-8.34776496887207,-8.586676597595215,-8.569340705871582,-8.343326568603516,-8.025733947753906,-7.5533576011657715,-6.903111934661865,-6.533618450164795,-6.439607620239258,-6.363776683807373
