data/wind_data/wind_70_3.json
{"header": {"parameterUnit": "KT", "parameterCategory": 2, "nx": 256, "ny": 198, "lo1": 44.73521041870117, "la1": -3.236724853515625, "lo2": 111.26478576660156, "la2": 43.468475341796875, "dx": 0.2609002888202667, "dy": -0.23708222806453705, "refTime": "2025-02-21 22:00:00", "forecastTime": 0, "parameterNumber": 2, "parameterNumberName": "eastward_wind"}, "data":
[rows 152 to 170 of 198, columns 176 to 219 of 256]
38.345069885253906,38.071678161621094,37.87186813354492,35.6208381652832,33.179786682128906,32.15492248535156,31.812301635742188,30.7559871673584,27.507827758789062,25.407155990600586,30.006576538085938,35.807395935058594,39.54339599609375,38.85029220581055,38.03212356567383,39.09552001953125,39.097564697265625,34.285892486572266,29.71578025817871,28.938838958740234,29.051088333129883,24.55868148803711,14.12027645111084,9.914593696594238,11.688526153564453,14.49686336517334,17.301692962646484,19.98712158203125,19.675739288330078,18.40437126159668,18.286922454833984,19.74401092529297,21.954504013061523,23.814895629882812,23.428983688354492,24.039581298828125,24.471487045288086,23.155981063842773,22.21263313293457,19.93199348449707,18.20826530456543,20.386445999145508,25.199371337890625,26.848806381225586
41.95504379272461,40.48133850097656,38.01028823852539,34.540679931640625,30.214229583740234,26.01355743408203,23.891860961914062,24.45506477355957,22.85184669494629,23.621484756469727,28.334253311157227,32.6214714050293,33.603275299072266,33.17047119140625,35.00517272949219,35.75139617919922,30.10402488708496,26.1455135345459,22.936185836791992,20.52276039123535,17.52826690673828,12.983330726623535,10.022286415100098,11.035212516784668,11.974499702453613,12.570209503173828,14.420507431030273,15.701093673706055,16.057653427124023,16.651731491088867,17.796764373779297,19.49249267578125,21.39434814453125,22.24555206298828,23.4921817779541,23.029695510864258,21.325916290283203,20.470182418823242,21.50185203552246,21.50335121154785,21.369319915771484,20.742725372314453,22.26868438720703,23.912996292114258
36.44441604614258,35.55818557739258,30.402240753173828,25.983240127563477,24.506746292114258,21.044658660888672,18.956226348876953,20.407644271850586,20.17951774597168,20.070425033569336,22.53532600402832,24.596025466918945,27.152280807495117,29.45893096923828,31.182369232177734,27.988645553588867,14.677251815795898,9.424421310424805,8.543475151062012,7.2554216384887695,6.707961559295654,6.922542572021484,8.375807762145996,9.15890121459961,8.6939697265625,9.756882667541504,12.338811874389648,14.739900588989258,16.698057174682617,18.16236114501953,19.28097915649414,21.148212432861328,23.089557647705078,25.556962966918945,25.277742385864258,23.202695846557617,21.609439849853516,20.520639419555664,21.659526824951172,24.627525329589844,23.851964950561523,21.03022003173828,20.444808959960938,21.525569915771484
28.02353858947754,27.38051986694336,23.794628143310547,19.978553771972656,20.021244049072266,19.134017944335938,17.890960693359375,17.637893676757812,15.407583236694336,14.461928367614746,15.983241081237793,19.33029556274414,23.180706024169922,25.425373077392578,24.554208755493164,19.038299560546875,8.600584983825684,3.361212968826294,1.2161191701889038,0.8773297667503357,1.3491984605789185,3.2377707958221436,5.014786243438721,5.9162702560424805,7.2473320960998535,9.203511238098145,12.272817611694336,15.481925964355469,16.91538429260254,17.91160011291504,19.626331329345703,21.759071350097656,23.514646530151367,24.674081802368164,24.626855850219727,24.69243049621582,21.45646095275879,19.59041404724121,20.82415771484375,23.49267578125,22.117324829101562,18.62546730041504,17.34256935119629,17.633420944213867
18.50276756286621,21.608055114746094,21.239286422729492,18.4989013671875,16.288253784179688,15.36829662322998,15.23782730102539,14.511835098266602,13.729046821594238,11.64769172668457,11.106830596923828,13.760697364807129,17.242246627807617,19.43943977355957,16.92981719970703,12.387227058410645,8.04651165008545,4.282201290130615,1.9135297536849976,0.7796254754066467,0.4572257101535797,1.800007700920105,3.564941883087158,5.581097602844238,7.2753071784973145,8.81195068359375,12.058629989624023,14.752527236938477,16.61691665649414,18.121252059936523,20.238801956176758,22.321372985839844,23.030786514282227,23.651926040649414,24.342321395874023,23.376440048217773,18.867185592651367,16.2987117767334,15.59543514251709,16.0982608795166,16.7716121673584,15.312721252441406,14.864927291870117,16.148405075073242
11.259143829345703,16.653127670288086,18.70583152770996,16.89787483215332,13.482404708862305,12.267068862915039,12.63705062866211,12.915175437927246,13.155091285705566,13.280672073364258,10.877463340759277,10.099552154541016,14.56229305267334,17.90180015563965,15.177236557006836,10.478696823120117,4.730758190155029,0.8299392461776733,-0.25488758087158203,-0.17133957147598267,1.5139878988265991,4.36854362487793,6.903071403503418,7.9016265869140625,8.270271301269531,9.508938789367676,11.468436241149902,13.2247896194458,15.560762405395508,17.461790084838867,19.086156845092773,20.938188552856445,21.456037521362305,23.57240104675293,21.61273765563965,16.24429702758789,14.097576141357422,14.5499849319458,14.500629425048828,12.9385404586792,14.725482940673828,12.940868377685547,15.015754699707031,14.325935363769531
6.128579616546631,9.930258750915527,11.904648780822754,10.197254180908203,6.710029602050781,6.961404323577881,8.858498573303223,12.281200408935547,16.27446746826172,17.163360595703125,12.440576553344727,9.851059913635254,11.489697456359863,9.940427780151367,8.73457145690918,6.521029472351074,2.268425226211548,-0.3169974386692047,-0.7228063344955444,0.4138001501560211,3.453718423843384,6.252269268035889,8.194717407226562,9.353212356567383,9.600106239318848,10.628817558288574,11.364971160888672,11.911639213562012,13.977116584777832,15.208817481994629,16.21389389038086,16.43671417236328,18.5609188079834,18.840408325195312,17.2326602935791,13.850957870483398,12.042525291442871,11.049835205078125,9.465691566467285,6.55864953994751,9.663816452026367,9.709733009338379,15.17304515838623,4.914710998535156
3.5864431858062744,6.771337985992432,2.7853376865386963,0.3095128834247589,2.990831136703491,6.763150691986084,11.472987174987793,14.418418884277344,14.371268272399902,13.168208122253418,11.232599258422852,13.46319580078125,14.253212928771973,9.169862747192383,5.689941883087158,0.9040195345878601,-0.7346253395080566,0.5679165720939636,0.7936779260635376,1.7909901142120361,4.727720737457275,6.744162082672119,8.048044204711914,9.991199493408203,10.5171480178833,8.711277961730957,9.373037338256836,10.681427955627441,12.100006103515625,14.105151176452637,15.412036895751953,15.683701515197754,17.889806747436523,17.627288818359375,15.879739761352539,12.174674034118652,9.938185691833496,7.030290126800537,3.0223615169525146,1.8395615816116333,4.762303352355957,6.552463531494141,9.540898323059082,-5.1847381591796875
3.4485387802124023,8.643675804138184,2.579634666442871,0.9057275652885437,-1.4971709251403809,7.427582740783691,10.281274795532227,7.37275505065918,10.16809368133545,9.923877716064453,8.092256546020508,7.4746880531311035,3.509812355041504,0.029219454154372215,-2.729083776473999,-6.4205827713012695,-6.183507442474365,-3.922471046447754,-2.3069872856140137,-2.9838979244232178,-0.39190518856048584,1.6363030672073364,1.2872941493988037,2.0011677742004395,3.7861244678497314,6.043008327484131,8.401597023010254,7.896275520324707,8.740333557128906,12.517852783203125,15.3428373336792,15.686697959899902,16.95415687561035,17.121570587158203,14.363882064819336,11.036895751953125,9.023417472839355,5.23382568359375,-0.7315633893013,1.9366172552108765,-0.41241198778152466,-4.2873992919921875,-4.858227729797363,-12.21799373626709
2.4307587146759033,9.920341491699219,6.004587650299072,3.0131349563598633,5.975082874298096,10.11310863494873,3.024339437484741,-0.9313709139823914,1.5232313871383667,0.7683984041213989,-2.301358938217163,-4.14549446105957,-5.149158477783203,-5.46189022064209,-5.746610641479492,-5.203155517578125,-4.365246295928955,-5.483977794647217,-5.017971515655518,-2.7125020027160645,-0.054549284279346466,1.162778615951538,2.972109079360962,5.908568859100342,8.09573745727539,10.376744270324707,12.125885963439941,9.603684425354004,7.095460891723633,10.047269821166992,13.410516738891602,15.259557723999023,14.39513111114502,12.026928901672363,11.433591842651367,8.604756355285645,5.254565238952637,2.747868776321411,-2.0483510494232178,2.0876739025115967,6.570889949798584,0.20095284283161163,-11.793464660644531,-10.409834861755371
1.1332722902297974,2.146996021270752,1.9333103895187378,-1.632094144821167,-2.178798198699951,-3.4961607456207275,-6.582152366638184,-7.122757434844971,-6.0383734703063965,-6.282825469970703,-7.605311870574951,-8.20915412902832,-4.782342910766602,-2.7221570014953613,-1.0210657119750977,0.2762209177017212,2.1755897998809814,3.480587959289551,3.2221148014068604,5.128545761108398,7.567033767700195,9.036450386047363,10.071186065673828,10.814163208007812,11.358061790466309,10.927888870239258,9.110532760620117,7.347529888153076,8.215513229370117,10.530781745910645,12.344311714172363,12.557474136352539,11.538275718688965,9.649951934814453,7.717085838317871,2.992816925048828,1.332261085510254,1.0910838842391968,-0.0737178698182106,0.9640935063362122,6.141135215759277,-4.777577877044678,-14.019043922424316,-9.905159950256348
7.143551349639893,2.1448402404785156,-1.7598577737808228,-5.0309062004089355,-7.275236129760742,-8.541779518127441,-9.35276985168457,-9.04531478881836,-7.568079948425293,-6.998881816864014,-5.429006576538086,-1.6908868551254272,1.4866831302642822,3.934452533721924,5.078883647918701,5.045871734619141,4.221279144287109,4.673877239227295,7.098316669464111,9.489734649658203,10.036434173583984,9.061527252197266,7.1032795906066895,5.229028701782227,4.353888511657715,3.5016679763793945,3.9091544151306152,6.016105651855469,8.62189769744873,12.091975212097168,12.934904098510742,12.795502662658691,8.75450611114502,5.238718032836914,1.9651577472686768,-0.7874072194099426,-1.8282678127288818,-3.141045331954956,-1.5217535495758057,5.223406791687012,0.705461859703064,-9.745080947875977,-12.215479850769043,-7.809051990509033
11.395750045776367,7.512040138244629,1.2181816101074219,-4.196700096130371,-6.26650857925415,-7.68428897857666,-7.374217510223389,-5.045162200927734,-2.5149264335632324,-0.30491530895233154,0.9131356477737427,1.9848350286483765,3.2819488048553467,3.9487860202789307,3.477926015853882,2.935201644897461,3.104905366897583,3.2776098251342773,4.9842305183410645,7.0326762199401855,5.895196914672852,4.2404465675354,2.4177143573760986,0.10264789313077927,0.7335134148597717,2.6338605880737305,5.394994258880615,7.783833980560303,8.82313060760498,9.744760513305664,10.531536102294922,10.648805618286133,10.771782875061035,7.719855308532715,1.191192388534546,-2.321375608444214,-3.317781925201416,-2.2715773582458496,1.2541983127593994,6.167387962341309,1.4998763799667358,-7.493437767028809,-9.159358024597168,-3.748203754425049
12.63587474822998,11.807438850402832,9.228103637695312,1.7054592370986938,-3.74837064743042,-5.724425792694092,-2.7195887565612793,-0.9733468294143677,0.9672662019729614,2.173231601715088,3.0212621688842773,4.18923807144165,4.886420249938965,4.874029636383057,3.7141475677490234,2.8513057231903076,3.179450035095215,3.3543319702148438,4.306321620941162,4.98528528213501,4.428061008453369,4.221266746520996,2.4845523834228516,0.24070991575717926,1.4765090942382812,3.9992542266845703,5.345719337463379,5.871802806854248,6.221190929412842,8.076180458068848,9.022979736328125,9.49839973449707,9.734383583068848,4.268563270568848,-2.044086456298828,-3.9356157779693604,-3.258662700653076,-0.22929194569587708,4.221436023712158,8.417154312133789,9.751980781555176,1.1315973997116089,-3.02455735206604,0.7146384119987488
14.00525951385498,11.690765380859375,12.355401039123535,4.830745697021484,-1.3472492694854736,-0.546312153339386,1.4486172199249268,3.0379509925842285,3.3111443519592285,3.3832335472106934,4.047880172729492,4.950053691864014,5.318812847137451,5.338730335235596,4.140676975250244,3.2144644260406494,3.146301031112671,3.0544016361236572,3.4125280380249023,3.4563307762145996,6.820948600769043,7.062994003295898,8.22907543182373,3.549705743789673,2.0686354637145996,3.366713285446167,3.562243700027466,3.1397664546966553,3.4941463470458984,5.163511276245117,4.942526340484619,6.206434726715088,5.996998310089111,3.9268250465393066,1.1624927520751953,-0.8466676473617554,-0.6177029609680176,2.3929898738861084,6.751619338989258,8.028764724731445,10.236169815063477,6.429224014282227,3.909583568572998,6.834718704223633
15.8157377243042,14.920021057128906,12.35109806060791,6.786938667297363,3.235128402709961,3.2010319232940674,4.303952217102051,4.610159873962402,4.252919673919678,4.422774791717529,4.9639081954956055,5.327131748199463,5.785192966461182,5.950777530670166,5.309530258178711,4.3536295890808105,4.163638114929199,3.398728847503662,4.433448791503906,6.574422359466553,9.145862579345703,8.466930389404297,9.383756637573242,8.190763473510742,7.327175617218018,7.670688152313232,8.040327072143555,8.160786628723145,7.672783851623535,4.892704010009766,2.9111783504486084,2.9127936363220215,6.019245147705078,7.689845561981201,9.139739036560059,9.120762825012207,8.25960636138916,9.078543663024902,10.823355674743652,9.62732219696045,10.044944763183594,10.330557823181152,12.866448402404785,15.384925842285156
12.955394744873047,12.564205169677734,9.695453643798828,5.767388343811035,5.1454386711120605,6.468240737915039,6.6778244972229,6.731478214263916,5.840900421142578,5.417090892791748,5.887109756469727,6.442137241363525,6.9695210456848145,6.8481268882751465,5.999133110046387,4.343541145324707,3.7183220386505127,4.135491847991943,5.3926849365234375,9.432354927062988,11.997333526611328,11.198999404907227,9.532281875610352,8.990236282348633,9.38045883178711,9.934999465942383,10.718719482421875,12.85420036315918,13.623995780944824,9.255928039550781,5.5631256103515625,4.914370536804199,4.968400001525879,6.722607612609863,9.08981990814209,12.530583381652832,14.506418228149414,14.383273124694824,12.639180183410645,10.81532096862793,10.610084533691406,11.289016723632812,11.659390449523926,11.598077774047852
10.995433807373047,9.549875259399414,6.128746509552002,4.460949897766113,6.39391565322876,8.486676216125488,8.727425575256348,8.65713119506836,7.976828098297119,7.37323522567749,7.078505516052246,7.7290730476379395,8.021554946899414,7.857854843139648,5.733534336090088,4.674661159515381,0.6257086992263794,2.1251332759857178,4.061145782470703,8.037602424621582,9.964707374572754,9.26218318939209,7.228222370147705,6.457104206085205,7.031989097595215,7.69883918762207,7.892219543457031,10.02711296081543,13.978775978088379,13.952640533447266,12.640429496765137,11.540160179138184,10.6353178024292,10.974464416503906,12.054913520812988,13.826048851013184,15.266617774963379,15.095938682556152,15.781094551086426,14.35151481628418,12.256473541259766,10.40322208404541,9.73068904876709,10.38918399810791
10.501052856445312,10.031749725341797,8.384151458740234,7.168666362762451,7.418807506561279,9.250971794128418,10.418309211730957,10.280594825744629,10.099862098693848,9.64465045928955,8.321017265319824,8.972762107849121,8.653495788574219,8.156156539916992,5.7170939445495605,5.965784549713135,1.487451195716858,-0.37757793068885803,2.7012150287628174,4.7341718673706055,7.4709696769714355,7.461094856262207,6.949726104736328,8.748391151428223,10.131657600402832,10.434407234191895,11.618805885314941,12.520788192749023,13.962785720825195,15.204272270202637,16.007457733154297,15.920686721801758,13.992451667785645,12.226587295532227,13.58059310913086,15.821755409240723,17.027158737182617,18.24139976501465,17.441835403442383,16.131118774414062,13.789138793945312,11.596325874328613,10.525979995727539,8.693400382995605
