data/wind_data/wind_50_6.json
{"header": {"parameterUnit": "KT", "parameterCategory": 2, "nx": 256, "ny": 198, "lo1": 44.73521041870117, "la1": -3.236724853515625, "lo2": 111.26478576660156, "la2": 43.468475341796875, "dx": 0.2609002888202667, "dy": -0.23708222806453705, "refTime": "2025-02-21 02:00:00", "forecastTime": 0, "parameterNumber": 2, "parameterNumberName": "eastward_wind"}, "data":
[rows 80 to 99 of 198, columns 176 to 219 of 256]
42.355445861816406,42.460731506347656,42.32601547241211,42.05464553833008,41.700618743896484,41.38270568847656,41.17804718017578,41.06292724609375,40.97893524169922,40.85456466674805,40.64749526977539,40.278961181640625,39.652687072753906,38.91962814331055,38.44956588745117,38.58259582519531,39.07255935668945,39.31656265258789,39.01849365234375,38.30369186401367,37.511592864990234,36.880340576171875,36.5588493347168,36.60137176513672,36.91319274902344,37.439815521240234,37.976341247558594,38.27427673339844,38.312828063964844,37.80713653564453,36.5786018371582,35.35422134399414,35.4282112121582,36.84687805175781,37.59071350097656,36.72989273071289,35.27445602416992,34.33561325073242,34.114810943603516,34.06330108642578,33.68035888671875,33.00001907348633,32.428184509277344,32.29353332519531
44.53911590576172,44.61161422729492,44.527809143066406,44.338783264160156,44.05398178100586,43.72791290283203,43.44856262207031,43.26178741455078,43.13496017456055,42.956443786621094,42.65201950073242,42.23576354980469,41.71089553833008,41.1405029296875,40.77974319458008,40.92755126953125,41.32185363769531,41.54799270629883,41.3577880859375,40.80458068847656,40.194580078125,39.642208099365234,39.16022491455078,38.78105926513672,38.68303680419922,39.102142333984375,39.993709564208984,40.537193298339844,40.6480712890625,40.14333724975586,38.91417694091797,37.797996520996094,37.393917083740234,38.08842468261719,39.33234405517578,39.52815628051758,38.35763168334961,36.98701095581055,36.282310485839844,36.06068420410156,36.00296401977539,35.81652069091797,35.275901794433594,34.7105598449707
46.65699005126953,46.652381896972656,46.580718994140625,46.4550895690918,46.26643371582031,46.03575134277344,45.797264099121094,45.57651138305664,45.36715316772461,45.12287139892578,44.771549224853516,44.314422607421875,43.79837417602539,43.29242706298828,43.23030471801758,43.48992919921875,43.53432846069336,43.463409423828125,43.29988479614258,43.000667572021484,42.807716369628906,42.595542907714844,42.1185417175293,41.33695602416992,40.54914855957031,40.39099884033203,41.213016510009766,42.06692886352539,42.76702117919922,42.42905044555664,41.2649040222168,40.45722198486328,39.90717697143555,39.684879302978516,40.29645919799805,41.16659927368164,41.248992919921875,40.50447463989258,39.619686126708984,38.88227844238281,38.41107177734375,38.13905715942383,37.674461364746094,37.06949234008789
48.914634704589844,48.83943176269531,48.64949035644531,48.41819381713867,48.2372932434082,48.13216781616211,48.0436897277832,47.89395523071289,47.65250778198242,47.36786651611328,47.018829345703125,46.62724685668945,46.1690788269043,45.77329635620117,45.873287200927734,46.084346771240234,45.80546951293945,45.38492202758789,45.188331604003906,45.206459045410156,45.50440216064453,45.54763412475586,44.94426345825195,43.92403030395508,42.76625061035156,42.0287971496582,42.08646011352539,42.832637786865234,44.146854400634766,44.78689956665039,44.269142150878906,43.37641525268555,42.53006362915039,41.81391906738281,41.72292709350586,42.43052673339844,43.239017486572266,43.27845001220703,42.63858413696289,41.81007385253906,40.96405792236328,40.29952621459961,39.81355285644531,39.4058952331543
51.23914337158203,51.25811767578125,51.00685119628906,50.616249084472656,50.29315948486328,50.12129592895508,50.06285858154297,49.99694061279297,49.8368034362793,49.59156799316406,49.2894287109375,49.0179557800293,48.78266143798828,48.59425735473633,48.625247955322266,48.5970458984375,48.15341567993164,47.5239372253418,47.220420837402344,47.444923400878906,48.067787170410156,48.308780670166016,47.6223030090332,46.413963317871094,45.029205322265625,44.16806411743164,43.78604507446289,44.011383056640625,45.20356369018555,46.42550277709961,46.93217086791992,46.45121383666992,45.338172912597656,44.355628967285156,43.95181655883789,44.11448669433594,44.60849380493164,44.83857345581055,44.71612548828125,44.34778594970703,43.56898880004883,42.73725128173828,42.158084869384766,41.81190490722656
53.36363983154297,53.52092361450195,53.35226821899414,52.9224853515625,52.52147674560547,52.30412292480469,52.191200256347656,52.07300567626953,51.889373779296875,51.64453887939453,51.400123596191406,51.280941009521484,51.30491256713867,51.37802505493164,51.416812896728516,51.161922454833984,50.58924102783203,49.926422119140625,49.54885482788086,49.721885681152344,50.36482620239258,50.747337341308594,50.247344970703125,49.16572570800781,47.784542083740234,46.84830856323242,46.083091735839844,45.696800231933594,46.6108512878418,47.94038772583008,48.91354751586914,49.018089294433594,48.21997833251953,47.232852935791016,46.55931854248047,46.30525588989258,46.373958587646484,46.476715087890625,46.58090591430664,46.65809631347656,46.25217056274414,45.60200881958008,44.974308013916016,44.45553970336914
55.43088150024414,55.67790603637695,55.58884048461914,55.19597625732422,54.76362228393555,54.4576416015625,54.24007034301758,54.0617790222168,53.8845329284668,53.65731430053711,53.40098190307617,53.30537796020508,53.46242904663086,53.72812271118164,53.906394958496094,53.72235870361328,53.284446716308594,52.70073699951172,52.250240325927734,52.25212097167969,52.709712982177734,53.115840911865234,52.90788269042969,52.085567474365234,51.156368255615234,50.438255310058594,49.31743240356445,48.00261688232422,48.1036376953125,49.41008758544922,50.619911193847656,51.13604736328125,50.93958282470703,50.20512008666992,49.40913391113281,48.88376235961914,48.55474853515625,48.399017333984375,48.65517044067383,49.1473388671875,49.13083267211914,48.6603889465332,48.06517028808594,47.429443359375
57.5525016784668,57.831085205078125,57.859188079833984,57.66950225830078,57.32963180541992,56.83681869506836,56.31919860839844,55.9553108215332,55.728973388671875,55.50520324707031,55.2613410949707,55.18516540527344,55.38512420654297,55.7548713684082,55.995750427246094,56.06632614135742,56.01453399658203,55.59590148925781,55.100189208984375,55.04843521118164,55.36360549926758,55.57621383666992,55.43385314941406,54.87670135498047,54.504276275634766,54.61672592163086,53.784400939941406,51.98483657836914,50.68880844116211,51.0171012878418,51.90700149536133,52.77504348754883,53.21883010864258,52.73875427246094,51.982940673828125,51.448646545410156,50.9401969909668,50.613468170166016,50.90361022949219,51.57786178588867,51.73667907714844,51.424957275390625,50.99823760986328,50.42024230957031
59.88665771484375,59.99554443359375,60.004051208496094,60.06062316894531,59.99123001098633,59.483612060546875,58.71039962768555,58.06035232543945,57.601314544677734,57.2175178527832,56.94916534423828,56.9588508605957,57.24970245361328,57.658809661865234,57.86270523071289,58.06415557861328,58.37327194213867,58.329139709472656,57.993350982666016,57.854896545410156,57.97602844238281,57.90904235839844,57.464378356933594,56.96123504638672,57.049129486083984,57.8332633972168,57.84284210205078,56.44527053833008,54.642269134521484,53.835655212402344,53.991146087646484,54.60109329223633,54.92023468017578,54.54719161987305,54.213985443115234,54.017822265625,53.548126220703125,53.032989501953125,53.11786651611328,53.6293830871582,53.77294158935547,53.58769989013672,53.490936279296875,53.330848693847656
62.35577392578125,62.28203201293945,62.140769958496094,62.23128890991211,62.3879280090332,62.21677017211914,61.626197814941406,60.77511215209961,59.815589904785156,58.94358444213867,58.47510528564453,58.62557601928711,59.177799224853516,59.65354537963867,59.78715133666992,59.96782302856445,60.41054916381836,60.70027160644531,60.71813201904297,60.676116943359375,60.625282287597656,60.22524642944336,59.42098617553711,58.74392318725586,58.91856384277344,59.82261276245117,60.321353912353516,59.764896392822266,58.35468673706055,57.015525817871094,56.66971206665039,57.12233352661133,57.20356369018555,56.74501037597656,56.493080139160156,56.35052490234375,55.93941879272461,55.498435974121094,55.47273635864258,55.69193649291992,55.6951789855957,55.53853988647461,55.69556427001953,56.058380126953125
64.92786407470703,64.79867553710938,64.56372833251953,64.4648208618164,64.55261993408203,64.67292785644531,64.53435516357422,63.913612365722656,62.768123626708984,61.41743087768555,60.49993896484375,60.4613037109375,61.0669059753418,61.59456253051758,61.750423431396484,62.032508850097656,62.49464416503906,62.87186813354492,63.15568542480469,63.352474212646484,63.37186050415039,62.86418151855469,61.8350944519043,60.82333755493164,60.72163772583008,61.48851013183594,62.02915573120117,61.935482025146484,61.14414596557617,60.03281021118164,59.14292907714844,59.41096496582031,59.83355712890625,59.49577713012695,58.99237060546875,58.76471710205078,58.5372314453125,58.10786056518555,57.823490142822266,57.73527908325195,57.63336944580078,57.71630096435547,58.133453369140625,58.68425369262695
67.84082794189453,67.63179016113281,67.44544219970703,67.28550720214844,67.20463562011719,67.26515197753906,67.29527282714844,66.97923278808594,66.04266357421875,64.63036346435547,63.36040115356445,62.89067459106445,63.11444091796875,63.37701416015625,63.64545440673828,64.1881103515625,64.65850067138672,64.93820190429688,65.2940444946289,65.71145629882812,65.97950744628906,65.70818328857422,64.71056365966797,63.48134994506836,63.122650146484375,63.49930191040039,63.71839141845703,63.67206954956055,63.21690368652344,62.330116271972656,61.32524108886719,61.49468994140625,62.222694396972656,62.16290283203125,61.58782196044922,61.277469635009766,61.039608001708984,60.61277770996094,60.327816009521484,60.180458068847656,60.012264251708984,60.2124137878418,60.6865234375,61.167327880859375
70.91939544677734,70.56810760498047,70.32447052001953,70.15242004394531,70.0459213256836,70.05308532714844,70.05646514892578,69.81732177734375,69.0823745727539,67.89344024658203,66.67109680175781,65.98715209960938,65.7910385131836,65.68291473388672,65.91980743408203,66.43766784667969,66.8037109375,66.98406982421875,67.2490005493164,67.65189361572266,68.07535552978516,68.23888397216797,67.65705108642578,66.60704803466797,66.08622741699219,65.99219512939453,65.9305419921875,65.63815307617188,65.0854263305664,64.3329849243164,63.45013427734375,63.35068893432617,64.31757354736328,64.88047790527344,64.35840606689453,63.78506088256836,63.52120590209961,63.120269775390625,62.893802642822266,62.932132720947266,63.057403564453125,63.301124572753906,63.47267532348633,63.560760498046875
73.95934295654297,73.56045532226562,73.20953369140625,72.86418151855469,72.59356689453125,72.53963470458984,72.57227325439453,72.39059448242188,71.78314208984375,70.82747650146484,69.82091522216797,69.26438903808594,69.07147979736328,68.7761459350586,68.76728057861328,69.06547546386719,69.30638122558594,69.37251281738281,69.39287567138672,69.56970977783203,69.9432373046875,70.33184814453125,70.16500854492188,69.51160430908203,69.09356689453125,68.69189453125,68.30332946777344,67.97224426269531,67.3155746459961,66.53182220458984,65.83633422851562,65.66065216064453,66.466796875,67.28752899169922,67.20370483398438,66.76020050048828,66.29911804199219,65.67118072509766,65.470458984375,65.6793212890625,65.978271484375,66.25165557861328,66.28179931640625,66.14009094238281
76.87965393066406,76.50719451904297,76.20098114013672,75.78372955322266,75.34049224853516,75.13871765136719,75.14183044433594,75.02732849121094,74.55195617675781,73.73670959472656,72.84111022949219,72.45206451416016,72.33528137207031,71.87379455566406,71.7519302368164,71.99505615234375,72.11083221435547,72.02969360351562,71.87316131591797,71.89215087890625,72.1088638305664,72.40701293945312,72.34259033203125,71.96739196777344,71.77819061279297,71.38206481933594,70.72269439697266,70.27960205078125,69.75787353515625,69.01476287841797,68.36592864990234,68.19361877441406,68.67879486083984,69.22909545898438,69.41720581054688,69.43904876708984,69.09732818603516,68.5942153930664,68.44512939453125,68.61073303222656,68.81793975830078,68.99693298339844,68.86934661865234,68.6010971069336
79.78600311279297,79.35005187988281,79.078369140625,78.74111938476562,78.32966613769531,78.10869598388672,78.10547637939453,78.02861785888672,77.60184478759766,76.7978515625,75.9597396850586,75.65875244140625,75.5120620727539,74.9500732421875,74.69149017333984,74.68123626708984,74.56990814208984,74.47981262207031,74.47264099121094,74.60083770751953,74.7363510131836,74.80482482910156,74.60045623779297,74.30204010009766,74.24776458740234,73.984619140625,73.27088165283203,72.66520690917969,72.21387481689453,71.67557525634766,71.10734558105469,70.79694366455078,70.8201904296875,70.88439178466797,71.2691879272461,71.71837615966797,71.8453598022461,71.7622299194336,71.61251831054688,71.45103454589844,71.49983978271484,71.77787780761719,71.61929321289062,71.19214630126953
82.86373138427734,82.3261489868164,81.93315887451172,81.59737396240234,81.2965316772461,81.21035766601562,81.30612182617188,81.31107330322266,80.91697692871094,79.98224639892578,79.06063079833984,78.70569610595703,78.739501953125,78.45384979248047,78.01568603515625,77.546142578125,77.0417709350586,76.81172180175781,76.94819641113281,77.2590560913086,77.45167541503906,77.39523315429688,77.10906982421875,76.7891845703125,76.68567657470703,76.48969268798828,75.89444732666016,75.28682708740234,74.78376770019531,74.39350891113281,74.03614807128906,73.68740844726562,73.33348846435547,72.92036437988281,73.25757598876953,74.08432006835938,74.3675308227539,74.3122329711914,74.4921875,74.61881256103516,74.48003387451172,74.30818939208984,74.11006164550781,73.77880859375
86.09796142578125,85.56177520751953,85.02941131591797,84.59500122070312,84.3389892578125,84.37397003173828,84.5539779663086,84.60829162597656,84.25077819824219,83.28431701660156,82.21390533447266,81.66414642333984,81.86177825927734,81.95282745361328,81.56340789794922,80.89498138427734,80.16007232666016,79.68020629882812,79.67378234863281,79.92571258544922,80.11505126953125,80.03996276855469,79.697998046875,79.31190490722656,79.10324096679688,78.9024887084961,78.46722412109375,77.91426849365234,77.3241958618164,76.99015045166016,76.82691192626953,76.60679626464844,76.26583099365234,75.69277954101562,75.86582946777344,76.62154388427734,76.95575714111328,76.90377807617188,77.15814971923828,77.54048919677734,77.3704833984375,77.02567291259766,76.65779876708984,76.0849380493164
89.04088592529297,88.61144256591797,88.11212921142578,87.69437408447266,87.53276062011719,87.66189575195312,87.84429168701172,87.82610321044922,87.4423599243164,86.5347671508789,85.31299591064453,84.50794219970703,84.6124038696289,84.9017562866211,84.63468170166016,84.05907440185547,83.48705291748047,82.9732894897461,82.7221450805664,82.73258209228516,82.78288269042969,82.669677734375,82.30266571044922,81.88359832763672,81.56336212158203,81.2967300415039,80.95079040527344,80.37776184082031,79.80887603759766,79.35955810546875,79.129150390625,79.08795166015625,79.02448272705078,78.91372680664062,79.00911712646484,79.24754333496094,79.36717224121094,79.62161254882812,80.34027099609375,80.90896606445312,80.6314926147461,80.31729888916016,79.91532135009766,79.09939575195312
91.54912567138672,91.23918151855469,90.7965087890625,90.47911834716797,90.47843933105469,90.69099426269531,90.86402130126953,90.89308166503906,90.70000457763672,89.9268569946289,88.6480941772461,87.59454345703125,87.37336730957031,87.60717010498047,87.41942596435547,86.97637939453125,86.67070770263672,86.42394256591797,86.27641296386719,86.27699279785156,86.1692123413086,85.86615753173828,85.43018341064453,84.99769592285156,84.57479095458984,84.1490707397461,83.69241333007812,83.06893157958984,82.40186309814453,81.87296295166016,81.5047836303711,81.35226440429688,81.36006927490234,81.37505340576172,81.49967956542969,81.82710266113281,81.94429016113281,82.0886459350586,83.01451873779297,83.99281311035156,84.20333099365234,83.91138458251953,83.46167755126953,82.57614135742188
