data/wind_data/wind_65_8.json
{"header": {"parameterUnit": "KT", "parameterCategory": 2, "nx": 256, "ny": 198, "lo1": 44.73521041870117, "la1": -3.236724853515625, "lo2": 111.26478576660156, "la2": 43.468475341796875, "dx": 0.2609002888202667, "dy": -0.23708222806453705, "refTime": "2025-02-21 17:00:00", "forecastTime": 0, "parameterNumber": 2, "parameterNumberName": "eastward_wind"}, "data":
[rows 38 to 56 of 198, columns 176 to 219 of 256]
-10.135894775390625,-11.687430381774902,-9.260449409484863,-7.469176292419434,-5.322575569152832,-5.554526329040527,-6.860480785369873,-7.377840042114258,-6.856689453125,-6.034787654876709,-5.992920398712158,-4.974677562713623,-3.7600839138031006,-3.4386136531829834,-3.3321778774261475,-3.0018181800842285,-1.7609474658966064,-0.8327832818031311,-1.5443320274353027,-2.607755422592163,-2.8658034801483154,-3.389162540435791,-4.479064464569092,-5.214300155639648,-5.391218662261963,-4.689469814300537,-3.409491539001465,-3.049654483795166,-3.693912982940674,-3.542879104614258,-2.9559326171875,-2.543097734451294,-2.5734872817993164,-3.679859161376953,-4.754744529724121,-4.763216495513916,-3.915853977203369,-3.0962471961975098,-2.4704225063323975,-2.0468943119049072,-1.5352274179458618,-0.5602964162826538,0.6428784132003784,0.8850430250167847
-10.572915077209473,-13.74252700805664,-10.623266220092773,-7.726038932800293,-5.961765289306641,-6.156828880310059,-5.489248752593994,-5.330106258392334,-5.648022651672363,-5.8760905265808105,-5.74491548538208,-4.360208034515381,-3.7858431339263916,-3.583233594894409,-2.806832790374756,-1.58990478515625,-0.15385767817497253,0.4331538677215576,-0.5800086259841919,-2.0675089359283447,-2.608721971511841,-2.9703738689422607,-3.8964006900787354,-5.259720325469971,-5.556084632873535,-5.132384777069092,-4.111241817474365,-3.2659590244293213,-3.6514952182769775,-3.951648712158203,-3.2747435569763184,-2.443838357925415,-2.3449575901031494,-3.4062018394470215,-4.365670204162598,-3.9081385135650635,-2.6418027877807617,-1.8330210447311401,-1.5354317426681519,-0.7468515634536743,0.21652664244174957,0.8049759268760681,1.052193522453308,0.7504477500915527
-8.549657821655273,-12.539937019348145,-11.731982231140137,-8.922345161437988,-6.394753932952881,-5.508705139160156,-3.847637414932251,-3.2573604583740234,-4.516493320465088,-5.572594165802002,-5.052626609802246,-3.3470020294189453,-3.440408229827881,-3.067244291305542,-2.0742220878601074,-0.45796531438827515,0.8958539962768555,0.7648608684539795,-0.4938441216945648,-1.7078157663345337,-2.755549669265747,-3.381978750228882,-3.550807476043701,-5.019506931304932,-4.8401198387146,-4.729511737823486,-4.271187782287598,-3.337655782699585,-3.1253373622894287,-3.6134560108184814,-3.2322397232055664,-2.1370198726654053,-1.4832468032836914,-2.207257032394409,-2.9564907550811768,-2.0375616550445557,-0.5940700769424438,0.09070037305355072,0.1155790314078331,0.9835643768310547,1.947394847869873,1.860588788986206,0.8861387968063354,-0.3993555009365082
-6.116278171539307,-10.255783081054688,-12.051280975341797,-9.56777286529541,-6.531905651092529,-4.728940486907959,-3.1822612285614014,-2.915217876434326,-4.013167381286621,-5.176445007324219,-4.260697364807129,-2.5805087089538574,-2.5700747966766357,-2.2016055583953857,-1.148806095123291,0.3922794461250305,1.1762579679489136,0.6126555800437927,-0.5273979902267456,-1.823980689048767,-3.1525633335113525,-4.1504998207092285,-3.7340874671936035,-3.5600903034210205,-3.815861940383911,-3.313887119293213,-3.2419674396514893,-2.9634177684783936,-2.925394058227539,-3.3731327056884766,-2.884861469268799,-1.5573620796203613,-0.4528651237487793,-0.8391678929328918,-1.1300939321517944,0.3505178987979889,1.8374452590942383,2.1081671714782715,1.7788617610931396,2.0632309913635254,2.5887317657470703,1.5342962741851807,-0.5939371585845947,-2.167672872543335
-4.8448357582092285,-8.903151512145996,-11.377690315246582,-9.138102531433105,-6.28235387802124,-4.645797252655029,-3.923732042312622,-3.9347715377807617,-4.689167022705078,-4.516313552856445,-3.21049165725708,-2.1314735412597656,-1.5376683473587036,-1.098625659942627,-0.2938620448112488,0.6252698302268982,0.8029720187187195,0.18083888292312622,-0.7275439500808716,-2.0554161071777344,-3.492291212081909,-3.8859050273895264,-3.2022223472595215,-2.4161951541900635,-2.2765326499938965,-2.8048930168151855,-2.2338950634002686,-2.446877956390381,-2.6407299041748047,-3.1026830673217773,-2.879297971725464,-1.5337910652160645,-0.05897541344165802,0.3988513648509979,0.19618767499923706,1.1447776556015015,2.2438929080963135,2.341902494430542,1.6184073686599731,1.3060050010681152,1.4981482028961182,0.0484931506216526,-2.350717782974243,-3.497753381729126
-4.407673358917236,-6.8414835929870605,-9.410024642944336,-8.207863807678223,-5.3012919425964355,-3.942072629928589,-4.200292587280273,-4.028203964233398,-4.560727596282959,-3.9952926635742188,-2.4915049076080322,-1.60938560962677,-0.7656380534172058,-0.43578702211380005,-0.3396337032318115,0.3858148157596588,0.6505432724952698,0.14391165971755981,-0.5922604203224182,-1.6872440576553345,-2.6775360107421875,-2.8956761360168457,-3.4125449657440186,-2.7964110374450684,-0.9362536072731018,-1.6756142377853394,-2.2178666591644287,-2.2928659915924072,-2.0025110244750977,-2.3107643127441406,-2.7368550300598145,-1.8306893110275269,-0.04334510117769241,0.5911077260971069,-0.027260322123765945,-0.24511811137199402,0.37856608629226685,1.0962501764297485,0.23804648220539093,-1.0293117761611938,-1.1406769752502441,-1.8067035675048828,-2.8015918731689453,-3.4620540142059326
-4.02921199798584,-4.637749671936035,-6.9027180671691895,-6.823176860809326,-4.418063640594482,-3.163644552230835,-3.782541513442993,-3.303325653076172,-3.336042881011963,-3.667412757873535,-2.302738904953003,-1.0468320846557617,-0.45029860734939575,-0.6058204174041748,-0.9726873636245728,0.021466558799147606,0.6239528059959412,0.30902886390686035,-0.26433542370796204,-0.5526672005653381,-0.6900946497917175,-1.7411142587661743,-3.711883783340454,-3.461594581604004,-1.0212339162826538,-0.37068718671798706,-2.2512519359588623,-2.7458200454711914,-1.7360154390335083,-1.2004247903823853,-1.809249758720398,-1.82883620262146,-0.3964422047138214,-0.2198215126991272,-1.9186129570007324,-2.8084988594055176,-1.3532896041870117,-0.052193209528923035,-0.8062368035316467,-2.7233333587646484,-3.758772373199463,-3.483278512954712,-2.5351078510284424,-2.611937999725342
-2.5740582942962646,-2.4940764904022217,-5.301137447357178,-6.309126853942871,-4.053388595581055,-2.537475109100342,-3.4657857418060303,-2.9164350032806396,-2.5656769275665283,-2.898616313934326,-1.7621535062789917,-0.3265165686607361,-0.4054659605026245,-1.1837879419326782,-1.5760111808776855,-0.5844704508781433,0.03198021277785301,-0.157423198223114,-0.20954538881778717,0.3692445456981659,0.5767232179641724,-1.1556833982467651,-3.482383966445923,-3.04404354095459,-1.4590431451797485,-0.5515140295028687,-1.2231394052505493,-1.7910475730895996,-1.397148847579956,-0.4601137936115265,-0.8044885396957397,-1.4562784433364868,-1.0157220363616943,-1.3723541498184204,-3.3397762775421143,-3.937162399291992,-2.1397500038146973,-1.2535611391067505,-1.9077402353286743,-3.555849552154541,-5.175231456756592,-4.906195163726807,-3.1603996753692627,-2.246605157852173
-0.7174671292304993,-0.4437064230442047,-2.485581636428833,-5.1691083908081055,-4.847357749938965,-2.3721580505371094,-2.886669635772705,-2.872849225997925,-2.436108112335205,-2.0802061557769775,-0.8429893255233765,0.29462218284606934,-0.5007964968681335,-1.781556487083435,-2.0377068519592285,-1.1925634145736694,-0.8700437545776367,-1.0199565887451172,-0.5901051163673401,0.1689542531967163,0.18901018798351288,-0.8688629269599915,-1.8050634860992432,-1.916946530342102,-1.249394416809082,-0.5285202860832214,0.5217347145080566,0.7748938798904419,0.45142149925231934,0.9107556939125061,-0.0785079374909401,-1.2173638343811035,-1.5698490142822266,-2.099308967590332,-3.0947043895721436,-3.3598365783691406,-2.639394521713257,-2.738363265991211,-3.552264928817749,-4.813549041748047,-6.1589035987854,-6.024266719818115,-4.3103814125061035,-2.5187387466430664
1.249937891960144,1.1371917724609375,-0.13739372789859772,-1.9697535037994385,-3.1650283336639404,-2.336239814758301,-2.2105677127838135,-2.689016103744507,-2.2244646549224854,-1.370191216468811,-0.26656603813171387,0.5142709612846375,-0.23759712278842926,-1.6825218200683594,-2.1849019527435303,-1.4317082166671753,-1.25959050655365,-1.1759703159332275,-0.49122777581214905,-0.13720576465129852,-0.5995121598243713,-0.8793309330940247,-0.4959699511528015,-0.30697131156921387,-0.5514155626296997,0.1621551662683487,2.2517004013061523,2.994654417037964,2.917100667953491,2.5424652099609375,0.5874110460281372,-0.758941113948822,-1.167901635169983,-1.6954257488250732,-2.4441773891448975,-2.893092393875122,-2.934415817260742,-3.3316354751586914,-4.511919021606445,-6.331723213195801,-7.428491115570068,-6.603400707244873,-4.458817005157471,-2.6381797790527344
2.0573294162750244,1.8935720920562744,0.9761046171188354,1.1221306324005127,0.7706009745597839,-1.2169651985168457,-2.046788215637207,-2.190876007080078,-2.0524961948394775,-0.7365773916244507,0.30846327543258667,0.8923208713531494,0.6558148860931396,-0.4233788549900055,-1.3461108207702637,-1.1859328746795654,-1.134953260421753,-0.843758225440979,0.07560084760189056,0.4055415391921997,-0.3140883445739746,-0.5964443683624268,0.022532682865858078,0.5122992992401123,0.19840137660503387,1.0938446521759033,3.3453476428985596,4.159471035003662,4.457163333892822,3.5488598346710205,1.3642574548721313,0.4228978157043457,0.32410240173339844,-0.3562159538269043,-1.5531495809555054,-2.259577512741089,-2.926988124847412,-3.5294198989868164,-4.815175533294678,-6.489595890045166,-7.448314666748047,-6.52562141418457,-4.281267166137695,-2.6086299419403076
2.026994466781616,2.4738097190856934,2.0814266204833984,3.1715283393859863,3.8319954872131348,0.9534913301467896,-1.3358714580535889,-1.2638572454452515,-1.0612881183624268,0.07747489959001541,0.8292438387870789,1.2851464748382568,1.5741686820983887,1.1780915260314941,0.16176600754261017,-0.61317378282547,-0.6226917505264282,-0.13942386209964752,0.7986280918121338,1.3101682662963867,0.9393191337585449,0.39009156823158264,0.3605956435203552,0.6927834749221802,0.8351261615753174,1.8533700704574585,3.868011951446533,5.040005207061768,5.182638168334961,3.896519899368286,1.8867859840393066,1.1398476362228394,1.093855857849121,0.6751366257667542,0.13009916245937347,-0.6236778497695923,-1.934418797492981,-3.663869857788086,-5.236191272735596,-5.608413219451904,-5.760499000549316,-5.4673261642456055,-4.457937240600586,-3.095660448074341
2.1365017890930176,3.094311475753784,3.705659866333008,4.365971565246582,4.62159538269043,2.976027011871338,0.6531386375427246,-0.09910666942596436,0.2926780581474304,1.2160733938217163,1.4439301490783691,1.5544461011886597,1.888908863067627,1.9573270082473755,1.2841044664382935,0.031726934015750885,0.020239096134901047,1.0092711448669434,2.027921676635742,2.359848976135254,1.9981398582458496,1.3876280784606934,1.1933178901672363,1.3210251331329346,1.3757845163345337,2.1375482082366943,4.006066799163818,5.495780944824219,5.706035614013672,4.278499603271484,2.193000555038452,0.8142969012260437,0.4231070578098297,0.7617149353027344,1.518067479133606,1.164696455001831,-0.2274664342403412,-2.7566657066345215,-5.31024694442749,-5.589915752410889,-4.606033802032471,-3.6361210346221924,-3.349062204360962,-3.075512647628784
2.5627923011779785,3.6385817527770996,4.963284015655518,5.013134479522705,4.2240071296691895,3.679908275604248,2.7281134128570557,1.492314338684082,0.9140282869338989,1.5502076148986816,2.2942116260528564,2.251221179962158,2.079094171524048,2.0768818855285645,1.8268041610717773,0.652527391910553,0.5698679685592651,2.3206746578216553,3.7348170280456543,3.712721824645996,2.855747699737549,2.400474786758423,2.5534558296203613,2.3742363452911377,1.9187448024749756,2.713124990463257,4.320589065551758,5.610102653503418,5.616839408874512,4.243443489074707,2.3509418964385986,0.29649344086647034,-0.35034406185150146,0.8640753626823425,2.0759549140930176,1.9025683403015137,1.4539231061935425,-0.26688823103904724,-3.5899271965026855,-5.385842800140381,-4.1554765701293945,-2.8502004146575928,-2.274951219558716,-2.0597305297851562
2.6863837242126465,3.931793689727783,5.4523701667785645,4.695411205291748,2.7504677772521973,2.6504745483398438,3.091500759124756,2.9941442012786865,2.420485496520996,2.2488584518432617,3.2480101585388184,3.2368571758270264,2.6369545459747314,2.1992368698120117,1.8669005632400513,1.042926549911499,0.9649690985679626,3.1430914402008057,5.248366355895996,5.336553573608398,4.034679412841797,3.5201520919799805,3.6346795558929443,2.8250575065612793,1.9793167114257812,3.2474164962768555,4.660729885101318,5.662964820861816,5.282605171203613,3.977879524230957,2.516747236251831,0.8979513049125671,0.08353012800216675,0.9233794808387756,1.584621548652649,1.6820582151412964,2.5071356296539307,2.5389885902404785,-0.11299918591976166,-3.5354535579681396,-4.15119743347168,-2.9185781478881836,-2.0645086765289307,-1.2673946619033813
2.2637014389038086,3.493278741836548,5.551229476928711,4.638432025909424,1.4965230226516724,1.2574944496154785,2.6194686889648438,3.656985282897949,4.548318862915039,4.195974826812744,4.450628280639648,4.4390387535095215,3.7411725521087646,3.0137081146240234,2.167882204055786,1.4312487840652466,1.2481865882873535,3.276463747024536,6.000720977783203,6.919445037841797,5.588860034942627,4.360142230987549,3.898426055908203,2.7641475200653076,1.8692718744277954,2.5102553367614746,4.2972612380981445,5.790626525878906,5.386714935302734,3.7611472606658936,2.228081464767456,1.8157554864883423,1.314422845840454,1.1422910690307617,0.6720127463340759,0.6477637887001038,2.1064600944519043,4.260278701782227,3.402573347091675,-0.8118417859077454,-3.744607925415039,-3.1965761184692383,-2.040656328201294,-0.7077935338020325
1.8125629425048828,2.7715225219726562,5.010420322418213,5.392978191375732,2.1018776893615723,0.6646810173988342,2.71823787689209,3.850308895111084,5.554512023925781,6.382134914398193,5.9207611083984375,5.554965019226074,4.998467445373535,4.609468936920166,3.6578712463378906,2.1218860149383545,1.4626740217208862,2.882965326309204,5.773863315582275,7.399847984313965,6.733705520629883,5.12131929397583,4.240109443664551,3.4611361026763916,2.3827643394470215,1.8629969358444214,3.2533011436462402,4.863771438598633,5.518418788909912,4.5983710289001465,2.4846723079681396,2.241929292678833,2.0828006267547607,1.051719069480896,-0.11779002845287323,0.28367099165916443,2.033966302871704,4.3953423500061035,4.988260269165039,2.103875160217285,-1.8085529804229736,-2.6600756645202637,-1.8903447389602661,-0.286922425031662
1.7978235483169556,2.1440529823303223,3.729473114013672,5.361566543579102,3.831848382949829,1.6009812355041504,3.084803342819214,4.428711414337158,5.846657752990723,7.199073791503906,6.95543909072876,6.4666619300842285,6.271434307098389,6.247747421264648,5.916833400726318,3.597276210784912,1.7280006408691406,2.1566262245178223,4.593045234680176,6.8603315353393555,6.972555160522461,5.592322826385498,4.8629937171936035,4.513232707977295,3.5113210678100586,2.8743045330047607,3.357800006866455,4.058894634246826,4.672059535980225,5.220433235168457,3.913037061691284,3.2099671363830566,2.529676675796509,0.7203713655471802,-0.3117203712463379,0.914579451084137,2.7664387226104736,4.3449554443359375,4.979259967803955,3.820758104324341,0.6979473829269409,-0.9440750479698181,-1.2864102125167847,-0.5145953893661499
2.0823044776916504,1.8013497591018677,2.2836709022521973,3.650181770324707,4.3294267654418945,3.641824722290039,3.8350772857666016,5.156935691833496,6.157473564147949,7.389919281005859,7.566473484039307,7.3191609382629395,7.3415446281433105,7.858490467071533,8.201640129089355,5.935951232910156,2.3208346366882324,1.7098320722579956,3.3927738666534424,5.899764060974121,6.637590408325195,5.5831522941589355,4.975482940673828,5.104919910430908,5.096828460693359,4.673145294189453,4.014572620391846,3.8956198692321777,4.658145904541016,5.266745090484619,4.985414028167725,4.699663162231445,3.390062093734741,1.274700403213501,0.5927792191505432,2.0058000087738037,3.5940513610839844,4.480673313140869,4.813381195068359,4.875,2.817828893661499,0.7982243299484253,-0.31551605463027954,-0.8421319723129272
