data/wind_data/wind_Surface_39.json
{"header": {"parameterUnit": "KT", "parameterCategory": 2, "nx": 255, "ny": 198, "lo1": 44.73521041870117, "la1": -3.236724853515625, "lo2": 111.26478576660156, "la2": 43.468475341796875, "dx": 0.26192745566368103, "dy": -0.23708222806453705, "refTime": "2025-02-20 15:00:00", "forecastTime": 0, "parameterNumber": 2, "parameterNumberName": "eastward_wind"}, "data":
[rows 38 to 56 of 198, columns 172 to 214 of 255]
-11.414778709411621,-9.373050689697266,-7.510159492492676,-8.457798957824707,-11.793187141418457,-11.631843566894531,-9.363253593444824,-9.758417129516602,-9.981488227844238,-9.321078300476074,-10.485664367675781,-11.996857643127441,-13.156458854675293,-14.95033073425293,-16.10493278503418,-15.85201644897461,-15.532791137695312,-15.741616249084473,-16.170791625976562,-16.450124740600586,-16.531625747680664,-16.191688537597656,-15.450359344482422,-14.617918968200684,-13.87482738494873,-13.222697257995605,-12.595352172851562,-11.99875259399414,-11.276379585266113,-10.201396942138672,-10.478422164916992,-13.784271240234375,-15.769402503967285,-15.230942726135254,-14.940862655639648,-14.947478294372559,-14.098296165466309,-12.563530921936035,-11.620588302612305,-10.15178394317627,-8.327153205871582,-3.9261183738708496,-2.3090274333953857
-9.621066093444824,-11.691766738891602,-10.610467910766602,-10.248449325561523,-9.765847206115723,-7.557687759399414,-7.1956706047058105,-9.298992156982422,-9.214632034301758,-8.175257682800293,-10.46307373046875,-13.18297290802002,-13.647882461547852,-14.087369918823242,-14.419984817504883,-14.357421875,-15.439098358154297,-15.763751983642578,-15.74764633178711,-15.977317810058594,-15.883705139160156,-15.471685409545898,-14.685871124267578,-13.969022750854492,-13.39918327331543,-13.099181175231934,-12.733325004577637,-11.961140632629395,-10.811163902282715,-10.641683578491211,-13.052811622619629,-16.575904846191406,-17.28920555114746,-15.286084175109863,-14.366239547729492,-14.293625831604004,-13.746265411376953,-10.444640159606934,-4.870474815368652,-6.10032844543457,-7.978060722351074,-5.1193647384643555,-7.896561622619629
-9.952153205871582,-12.053019523620605,-11.422041893005371,-10.206714630126953,-7.3450727462768555,-5.053697109222412,-6.764578819274902,-8.625845909118652,-7.442696571350098,-7.737813472747803,-11.003347396850586,-13.259183883666992,-13.320337295532227,-13.253657341003418,-14.654997825622559,-15.321514129638672,-14.640617370605469,-14.270115852355957,-14.30069637298584,-14.144868850708008,-13.67281436920166,-13.125033378601074,-12.63202953338623,-12.310702323913574,-12.08503246307373,-11.965276718139648,-11.699531555175781,-10.654938697814941,-10.27175235748291,-11.976828575134277,-14.485516548156738,-16.810272216796875,-17.224477767944336,-15.546255111694336,-13.847514152526855,-12.991159439086914,-12.503214836120605,-10.246143341064453,-6.080846309661865,-8.148082733154297,-11.029013633728027,-12.999860763549805,-14.456888198852539
-11.32393741607666,-11.082801818847656,-10.057073593139648,-9.565537452697754,-8.776796340942383,-8.260579109191895,-8.514430046081543,-7.164888381958008,-7.5070295333862305,-10.992743492126465,-12.727071762084961,-12.787439346313477,-12.771111488342285,-12.994359970092773,-13.857453346252441,-15.180798530578613,-14.711601257324219,-13.67710018157959,-14.085187911987305,-14.353975296020508,-13.792316436767578,-12.880587577819824,-12.090572357177734,-11.700937271118164,-11.365488052368164,-10.84852409362793,-10.32278823852539,-10.132890701293945,-10.354470252990723,-9.914436340332031,-10.38996410369873,-13.75596809387207,-16.693361282348633,-16.280786514282227,-13.994719505310059,-12.430814743041992,-9.464611053466797,-4.590261459350586,-4.4535136222839355,-8.498040199279785,-14.715777397155762,-14.837705612182617,-14.52398681640625
-10.612678527832031,-9.428314208984375,-7.97728967666626,-7.985361099243164,-9.215070724487305,-10.29373550415039,-9.889615058898926,-9.133604049682617,-11.215106964111328,-13.480496406555176,-13.557287216186523,-12.920193672180176,-13.034256935119629,-14.280665397644043,-15.136436462402344,-14.431249618530273,-13.476543426513672,-12.917235374450684,-12.868410110473633,-12.889187812805176,-12.330050468444824,-11.4684419631958,-11.1373291015625,-10.738818168640137,-9.294516563415527,-7.980526447296143,-8.797575950622559,-10.517549514770508,-8.6594820022583,-7.231208801269531,-8.941217422485352,-10.67599105834961,-13.502937316894531,-15.827781677246094,-14.443131446838379,-10.510571479797363,-4.655128002166748,-4.739227771759033,-7.449090957641602,-10.16696834564209,-12.899234771728516,-13.204364776611328,-14.285146713256836
-9.769050598144531,-7.6913557052612305,-4.769400119781494,-5.683349132537842,-9.847423553466797,-11.651010513305664,-9.348620414733887,-8.74502182006836,-12.825096130371094,-14.759946823120117,-13.719259262084961,-13.369959831237793,-14.009570121765137,-13.6055908203125,-12.388947486877441,-12.244111061096191,-12.235897064208984,-11.355757713317871,-11.307682991027832,-11.804727554321289,-11.692307472229004,-11.484712600708008,-11.316854476928711,-10.33870792388916,-8.064560890197754,-6.679991722106934,-8.154437065124512,-8.179797172546387,-4.424825191497803,-5.8762993812561035,-10.959855079650879,-11.512720108032227,-11.066136360168457,-13.554779052734375,-11.705268859863281,-4.642183303833008,-4.624709606170654,-5.125515460968018,-5.059593677520752,-4.688691139221191,-6.113479137420654,-11.570749282836914,-13.480112075805664
-9.936383247375488,-7.3292317390441895,-5.138723373413086,-8.5631742477417,-12.475709915161133,-11.074355125427246,-8.692549705505371,-10.120543479919434,-14.028648376464844,-14.825384140014648,-13.447361946105957,-13.143632888793945,-13.277612686157227,-12.347952842712402,-10.507613182067871,-9.650185585021973,-11.830022811889648,-13.545717239379883,-12.854398727416992,-12.1456298828125,-12.233153343200684,-12.080732345581055,-11.198139190673828,-9.710298538208008,-8.19136905670166,-6.649730205535889,-6.261627674102783,-6.625247955322266,-5.125389099121094,-7.306844711303711,-12.246230125427246,-13.164365768432617,-10.063587188720703,-5.927728652954102,-8.254963874816895,-4.655425071716309,-4.0167155265808105,-5.586432456970215,-5.67527961730957,-6.285888195037842,-8.075236320495605,-11.628838539123535,-11.635543823242188
-9.916670799255371,-8.186028480529785,-8.396084785461426,-11.108277320861816,-10.358678817749023,-7.030792713165283,-11.096681594848633,-15.573774337768555,-14.571266174316406,-13.291699409484863,-12.876693725585938,-12.37382984161377,-12.473522186279297,-12.594346046447754,-12.36591911315918,-12.692371368408203,-13.104883193969727,-12.973859786987305,-12.235060691833496,-11.696349143981934,-11.260968208312988,-10.600614547729492,-9.626133918762207,-8.376779556274414,-6.798628330230713,-5.234440803527832,-6.522418022155762,-9.371343612670898,-9.498347282409668,-10.654420852661133,-13.006003379821777,-12.367420196533203,-9.233230590820312,-5.184919834136963,-5.511205196380615,-6.179869651794434,-7.464779853820801,-7.29526424407959,-7.164251327514648,-7.578862190246582,-11.513132095336914,-11.83713150024414,-11.516977310180664
-9.967451095581055,-8.68753719329834,-8.273075103759766,-8.293648719787598,-8.403074264526367,-10.303216934204102,-14.242862701416016,-15.877050399780273,-14.482976913452148,-13.651981353759766,-13.347896575927734,-11.945562362670898,-12.067037582397461,-12.690932273864746,-12.787250518798828,-13.52957820892334,-13.745626449584961,-12.958324432373047,-12.47921371459961,-11.631651878356934,-10.3220796585083,-9.155925750732422,-8.180357933044434,-7.5807929039001465,-6.595677852630615,-5.179154396057129,-4.8592848777771,-6.433263778686523,-8.7714262008667,-10.635382652282715,-11.499306678771973,-10.924421310424805,-7.759264945983887,-4.267066478729248,-4.624070167541504,-2.9484548568725586,-3.519782304763794,-6.4671525955200195,-6.7402544021606445,-9.182888984680176,-11.637777328491211,-11.159194946289062,-10.921855926513672
-10.168911933898926,-9.130589485168457,-8.739836692810059,-9.305543899536133,-10.14269733428955,-12.018495559692383,-13.673965454101562,-13.82193660736084,-13.618978500366211,-13.359095573425293,-12.95710563659668,-12.714198112487793,-13.433585166931152,-13.763589859008789,-13.688118934631348,-13.360536575317383,-12.631505012512207,-12.14771556854248,-11.67916202545166,-10.661301612854004,-9.793586730957031,-8.562275886535645,-7.870641231536865,-7.530689716339111,-7.060240745544434,-6.472006320953369,-5.504243850708008,-4.615825176239014,-6.3371968269348145,-10.030868530273438,-12.4163818359375,-12.297242164611816,-8.955503463745117,-5.485006809234619,-6.090794563293457,-3.966061592102051,-4.100736141204834,-4.937744140625,-5.755974292755127,-9.306802749633789,-10.788846015930176,-9.781485557556152,-9.102470397949219
-8.94715404510498,-9.126473426818848,-10.039262771606445,-10.216601371765137,-9.62341022491455,-9.746549606323242,-10.997903823852539,-12.773324012756348,-13.410983085632324,-11.636902809143066,-10.008740425109863,-11.402167320251465,-13.90494155883789,-13.396471977233887,-12.174535751342773,-12.673209190368652,-12.607081413269043,-11.949811935424805,-11.678987503051758,-11.237242698669434,-10.246538162231445,-9.081737518310547,-7.806694030761719,-6.822985649108887,-6.659602165222168,-6.477153301239014,-5.680445671081543,-5.315227508544922,-8.025835037231445,-12.209528923034668,-14.148250579833984,-13.411203384399414,-10.098235130310059,-5.535872936248779,-5.362100124359131,-3.2124340534210205,-6.082359790802002,-12.576566696166992,-11.804278373718262,-11.089343070983887,-10.163357734680176,-8.610941886901855,-7.375544548034668
-6.8581223487854,-8.460237503051758,-11.150158882141113,-10.45966911315918,-8.894851684570312,-9.561142921447754,-11.404114723205566,-12.638108253479004,-12.940874099731445,-12.55311393737793,-11.884590148925781,-12.188924789428711,-13.200895309448242,-13.322295188903809,-12.554413795471191,-12.143768310546875,-12.026434898376465,-11.893219947814941,-11.91767692565918,-11.720130920410156,-10.920552253723145,-8.970693588256836,-7.1885762214660645,-6.3727707862854,-6.065628528594971,-5.918272018432617,-5.9594011306762695,-6.896273612976074,-9.301342010498047,-11.290816307067871,-11.922137260437012,-13.078841209411621,-13.611534118652344,-11.118915557861328,-3.6743357181549072,-4.574299335479736,-10.436613082885742,-9.543883323669434,-8.529976844787598,-9.257080078125,-8.624123573303223,-7.323155403137207,-5.7929582595825195
-8.532474517822266,-9.848817825317383,-10.422564506530762,-9.869647979736328,-10.062885284423828,-11.20410442352295,-12.407075881958008,-13.736292839050293,-13.31335735321045,-11.091602325439453,-9.845613479614258,-10.263160705566406,-10.149580001831055,-11.812582015991211,-13.21377182006836,-11.662412643432617,-10.973405838012695,-11.085838317871094,-12.081329345703125,-12.418269157409668,-10.64460277557373,-8.568222045898438,-7.3640289306640625,-6.258549213409424,-5.262051105499268,-4.922499179840088,-5.478085041046143,-7.112869739532471,-9.712023735046387,-11.636141777038574,-11.868024826049805,-12.877274513244629,-13.705227851867676,-10.67907428741455,-3.3051295280456543,-3.454212188720703,-8.75135326385498,-8.675761222839355,-7.754571914672852,-6.556384563446045,-4.994508743286133,-4.2772216796875,-3.1248152256011963
-9.379767417907715,-9.685050010681152,-7.841320514678955,-7.193602085113525,-9.714641571044922,-11.63532543182373,-12.247233390808105,-12.706437110900879,-10.963809967041016,-6.798803806304932,-7.751494407653809,-12.749448776245117,-13.023138999938965,-11.206988334655762,-10.024897575378418,-9.400359153747559,-10.709331512451172,-11.353829383850098,-11.583356857299805,-11.65338134765625,-9.855056762695312,-8.144623756408691,-7.516341209411621,-6.8270344734191895,-5.517651081085205,-4.505032062530518,-4.669903755187988,-5.946465492248535,-8.382224082946777,-9.858777046203613,-10.217822074890137,-10.939867973327637,-11.195493698120117,-8.811036109924316,-3.0775561332702637,-2.932067394256592,-6.579007148742676,-6.505451202392578,-6.1608781814575195,-5.217801570892334,-3.81742262840271,-2.536438465118408,-1.0981932878494263
-10.048369407653809,-9.362671852111816,-7.386563777923584,-8.040722846984863,-10.624707221984863,-10.87741756439209,-9.554167747497559,-9.288079261779785,-9.660859107971191,-11.26521110534668,-13.057525634765625,-14.365382194519043,-11.80525016784668,-7.32014274597168,-6.0936737060546875,-7.104161739349365,-11.745220184326172,-13.800505638122559,-11.770890235900879,-10.269046783447266,-8.245676040649414,-7.316064834594727,-7.222729682922363,-6.854131698608398,-5.628507614135742,-4.444674968719482,-4.0816168785095215,-4.273647308349609,-6.100736141204834,-8.571702003479004,-8.959595680236816,-8.00572395324707,-7.488568305969238,-6.213301658630371,-2.8859152793884277,-2.977118730545044,-5.16627836227417,-4.793498516082764,-4.960005760192871,-4.5044145584106445,-2.960986614227295,-1.8472299575805664,-0.45455437898635864
-12.55278491973877,-11.623866081237793,-10.095694541931152,-9.372037887573242,-8.98481273651123,-8.526413917541504,-8.019121170043945,-9.639321327209473,-12.750154495239258,-13.6126127243042,-12.972387313842773,-11.811541557312012,-10.76846694946289,-9.882685661315918,-8.309104919433594,-8.500242233276367,-11.418925285339355,-12.969721794128418,-11.26908016204834,-9.319031715393066,-8.15983772277832,-7.903460502624512,-7.05894136428833,-6.007339954376221,-5.2060723304748535,-4.4714508056640625,-4.158329963684082,-3.7545056343078613,-4.336019992828369,-5.850414752960205,-6.901612758636475,-6.342573165893555,-4.031154632568359,-1.9894816875457764,-1.5603185892105103,-2.1871540546417236,-3.342228412628174,-4.415398120880127,-4.272564888000488,-3.484799861907959,-2.0809872150421143,-0.8821164965629578,0.5327459573745728
-11.868875503540039,-10.890478134155273,-9.563077926635742,-8.534623146057129,-7.458058834075928,-6.448938846588135,-6.436147689819336,-9.09212589263916,-12.26309585571289,-12.683028221130371,-12.715094566345215,-11.92724323272705,-10.40634822845459,-9.896247863769531,-9.439491271972656,-9.078880310058594,-9.789422035217285,-9.9151611328125,-8.631245613098145,-8.478285789489746,-8.218371391296387,-7.137178421020508,-6.03324031829834,-4.855649471282959,-4.583449840545654,-4.169966697692871,-3.886187791824341,-3.227468490600586,-2.853004217147827,-3.412716865539551,-4.777888774871826,-5.684560775756836,-4.108169078826904,-2.987799644470215,-2.2096669673919678,-2.444243907928467,-3.335620641708374,-3.6065311431884766,-3.1819443702697754,-1.9912431240081787,-0.7696102857589722,0.3564741313457489,1.4043744802474976
-11.403059959411621,-10.12066650390625,-9.031472206115723,-8.268450736999512,-6.220754623413086,-4.716114044189453,-8.601149559020996,-12.978242874145508,-12.500322341918945,-11.25870418548584,-10.72817325592041,-11.357542037963867,-11.703716278076172,-9.95991325378418,-8.536014556884766,-9.805819511413574,-9.930832862854004,-8.6572904586792,-8.567946434020996,-8.014365196228027,-6.089592933654785,-5.446332931518555,-5.682253837585449,-5.027639865875244,-4.297430515289307,-3.7079384326934814,-3.500734329223633,-2.9658713340759277,-2.5623435974121094,-3.1220312118530273,-3.424358367919922,-3.0235416889190674,-2.7873666286468506,-2.986213445663452,-3.3389334678649902,-2.1506481170654297,-0.3982151746749878,-0.009099327027797699,-0.9292858242988586,-0.576325535774231,0.45021915435791016,0.8127491474151611,1.4011929035186768
-10.54781436920166,-10.07040023803711,-9.435364723205566,-8.619342803955078,-7.3946332931518555,-7.372035980224609,-10.22260856628418,-12.057759284973145,-10.688267707824707,-8.411216735839844,-10.298505783081055,-12.483779907226562,-11.432694435119629,-9.7516450881958,-9.527204513549805,-11.004114151000977,-10.728300094604492,-9.483887672424316,-8.210775375366211,-6.828121662139893,-5.388259410858154,-4.554953098297119,-4.778167724609375,-5.107010841369629,-4.5182037353515625,-3.699563503265381,-3.2517080307006836,-2.789710521697998,-3.078862190246582,-3.857970952987671,-3.10184907913208,-1.144927978515625,-0.7116509675979614,-0.6466955542564392,-0.816107988357544,-0.6520843505859375,0.5154852271080017,0.3250093460083008,-0.9572551250457764,0.014885121956467628,1.3225561380386353,1.60643470287323,2.468080520629883
