data/wind_data/wind_54_6.json
{"header": {"parameterUnit": "KT", "parameterCategory": 2, "nx": 256, "ny": 198, "lo1": 44.73521041870117, "la1": -3.236724853515625, "lo2": 111.26478576660156, "la2": 43.468475341796875, "dx": 0.2609002888202667, "dy": -0.23708222806453705, "refTime": "2025-02-21 06:00:00", "forecastTime": 0, "parameterNumber": 2, "parameterNumberName": "eastward_wind"}, "data":
[rows 160 to 179 of 198, columns 0 to 43 of 256]
88.79672241210938,88.66425323486328,87.9163589477539,85.4544448852539,82.84125518798828,80.30415344238281,77.10128021240234,74.68925476074219,73.26280212402344,73.1392822265625,74.11050415039062,74.42049407958984,73.70919799804688,74.47650146484375,75.9610824584961,77.04374694824219,76.3424301147461,74.535888671875,72.51311492919922,71.12574768066406,70.53560638427734,69.95976257324219,68.83230590820312,66.97862243652344,63.78349685668945,59.56528854370117,55.867549896240234,52.59300994873047,49.286766052246094,48.68254089355469,50.13103103637695,51.957122802734375,53.53219985961914,53.00765609741211,51.21733474731445,49.75147247314453,48.70732879638672,47.96797561645508,46.935546875,45.620872497558594,44.673606872558594,43.91494369506836,42.60641098022461,41.51946258544922
89.70249938964844,92.91461181640625,91.37764739990234,86.72061157226562,82.74870300292969,79.51165008544922,77.24427032470703,76.0821533203125,74.87468719482422,74.42843627929688,74.4360122680664,73.20719146728516,72.0420913696289,72.67202758789062,74.31632232666016,75.81978607177734,75.6314468383789,73.5726318359375,72.21575927734375,72.00570678710938,72.01026916503906,71.7312240600586,70.88990020751953,68.46754455566406,63.63629150390625,59.68223571777344,57.39065170288086,54.0869026184082,51.579795837402344,50.4185676574707,51.114356994628906,52.51980209350586,52.84183883666992,52.044578552246094,50.896636962890625,49.884098052978516,48.57395553588867,47.125160217285156,45.90654754638672,45.037261962890625,44.42607116699219,43.672874450683594,42.41794967651367,41.31953430175781
90.96392822265625,93.62258911132812,91.2412338256836,85.3523941040039,81.22557830810547,79.40745544433594,79.184326171875,78.68366241455078,77.81721496582031,77.52196502685547,75.86073303222656,72.97456359863281,72.115966796875,72.54580688476562,73.307373046875,74.34092712402344,74.29312133789062,72.47781372070312,70.92062377929688,71.0275650024414,71.54786682128906,71.6859359741211,70.72151184082031,67.50066375732422,63.66210174560547,61.85742950439453,59.36440658569336,56.218074798583984,54.47605895996094,52.3834228515625,51.596248626708984,52.233943939208984,52.08806228637695,51.38848114013672,50.63669204711914,49.689022064208984,48.47323226928711,46.90523910522461,45.44253921508789,44.87450408935547,44.513484954833984,43.544898986816406,42.201141357421875,40.807716369628906
93.27898406982422,93.14443969726562,89.41834259033203,83.96639251708984,80.89427185058594,80.32035827636719,80.80570983886719,80.7157211303711,80.414794921875,78.99346923828125,75.63175201416016,73.84675598144531,74.27179718017578,74.04058074951172,73.70645141601562,74.07319641113281,74.40623474121094,73.54886627197266,71.3160171508789,69.90196990966797,69.6375732421875,69.38731384277344,68.21238708496094,65.30168151855469,63.49409103393555,63.2558708190918,61.060752868652344,58.16606521606445,56.35062026977539,53.79975128173828,51.76392364501953,51.56377029418945,51.513153076171875,51.061676025390625,50.27472686767578,49.32356643676758,48.10997772216797,46.60818099975586,45.56312561035156,45.0423583984375,44.145843505859375,43.00028610229492,41.570457458496094,39.72795867919922
95.9000244140625,93.04415130615234,88.5842056274414,84.98181915283203,83.4384765625,83.07025146484375,83.12910461425781,82.88094329833984,81.56277465820312,78.40454864501953,75.82606506347656,75.61768341064453,75.75205993652344,75.2248306274414,74.52375793457031,74.68309783935547,75.52201080322266,75.77055358886719,73.69587707519531,70.73905944824219,68.176513671875,66.10717010498047,64.447509765625,62.566898345947266,62.48301696777344,63.19353103637695,61.827632904052734,59.44291687011719,57.25922393798828,54.510231018066406,52.05389404296875,51.374366760253906,51.40211868286133,50.99094772338867,50.04045104980469,48.971168518066406,47.65763473510742,46.41029357910156,45.4622917175293,44.60575485229492,43.37413024902344,42.32693862915039,40.500579833984375,38.450096130371094
94.09577178955078,90.27124786376953,86.22368621826172,84.32221984863281,83.99580383300781,83.90601348876953,83.76688385009766,82.84290313720703,80.62843322753906,78.22720336914062,76.78915405273438,76.19929504394531,75.51802825927734,75.37919616699219,74.89585876464844,75.34129333496094,76.25872039794922,77.82699584960938,76.58443450927734,71.91036224365234,66.92382049560547,63.49911880493164,61.72677230834961,60.80544662475586,61.132179260253906,61.86735534667969,61.24940872192383,59.39902114868164,57.21451950073242,54.72956848144531,52.52473449707031,51.60790252685547,51.496280670166016,51.01703643798828,49.93058776855469,48.70750427246094,47.533775329589844,46.31839370727539,45.321380615234375,43.99196243286133,42.667728424072266,41.766326904296875,39.52173614501953,37.333587646484375
87.54487609863281,84.11824035644531,81.26236724853516,80.73531341552734,80.87747955322266,80.99983215332031,80.67626953125,79.35669708251953,77.7425537109375,76.61731719970703,75.32208251953125,74.5831527709961,74.00637817382812,74.23298645019531,74.32018280029297,74.49497985839844,75.46471405029297,78.85636138916016,77.43724060058594,71.17395782470703,66.15348815917969,63.256961822509766,61.39973831176758,60.55320358276367,60.58180236816406,60.45718765258789,59.41246032714844,57.87257385253906,56.26768493652344,54.467533111572266,52.74025344848633,51.75276184082031,51.43082046508789,50.879112243652344,49.81874084472656,48.58463668823242,47.39025115966797,46.13218688964844,45.176902770996094,43.71640396118164,42.370670318603516,41.125125885009766,38.71315002441406,36.647499084472656
78.94245910644531,75.60746002197266,74.3951644897461,75.2900161743164,75.84065246582031,76.06394958496094,75.52472686767578,73.96696472167969,72.52788543701172,71.51622009277344,70.54414367675781,70.47126007080078,70.4190902709961,71.13443756103516,71.43299102783203,71.5492172241211,73.46687316894531,76.02413177490234,73.82573699951172,68.89840698242188,65.5384292602539,63.35599899291992,61.69612121582031,61.07671356201172,60.5732536315918,59.11921310424805,57.25640106201172,55.767757415771484,54.68834686279297,53.65298080444336,52.45564651489258,51.518455505371094,51.0305290222168,50.487464904785156,49.59386444091797,48.40727996826172,47.110164642333984,45.8565559387207,44.90199661254883,43.57749938964844,42.31392288208008,40.42837905883789,38.34193801879883,36.60357666015625
68.36931610107422,66.02845001220703,66.01896667480469,67.68286895751953,68.79902648925781,69.29782104492188,68.49151611328125,66.33954620361328,64.50730895996094,63.683467864990234,63.1773681640625,63.731502532958984,64.37682342529297,65.177001953125,65.56388854980469,66.37095642089844,67.76652526855469,68.21028137207031,66.80099487304688,64.70063781738281,63.01915740966797,61.52622604370117,60.6522102355957,60.34768295288086,59.36919021606445,57.43361282348633,55.3596305847168,53.820640563964844,52.95372009277344,52.35324478149414,51.570579528808594,50.82573318481445,50.3309326171875,49.85756301879883,49.06957244873047,47.8472900390625,46.561485290527344,45.53174591064453,44.68031692504883,43.57984924316406,42.297218322753906,40.084964752197266,38.45391845703125,36.8200798034668
57.16529846191406,55.46794128417969,56.228694915771484,58.2930793762207,59.937767028808594,60.40094757080078,59.37049865722656,58.089237213134766,57.46685028076172,57.140621185302734,57.128379821777344,58.29823303222656,59.08190155029297,59.16291809082031,58.72786331176758,58.83401870727539,59.3355827331543,59.80862045288086,59.88795852661133,59.570457458496094,59.00740051269531,58.45732116699219,58.29826354980469,57.90421676635742,56.78465270996094,55.061397552490234,53.25693893432617,51.94318771362305,51.229610443115234,50.733192443847656,50.189693450927734,49.729034423828125,49.38500213623047,48.92112350463867,48.06031036376953,46.904415130615234,45.94167709350586,45.191287994384766,44.446414947509766,43.436119079589844,42.201107025146484,40.025482177734375,38.45292663574219,36.6823616027832
49.35453796386719,48.15308380126953,48.757442474365234,50.515586853027344,52.0953254699707,52.42394256591797,51.97317886352539,51.982269287109375,52.02402114868164,52.28262710571289,53.3154296875,54.336143493652344,53.75950241088867,52.66846466064453,51.810794830322266,51.72825241088867,52.49243927001953,53.46316146850586,54.19251251220703,54.65491485595703,55.05127716064453,55.39070510864258,55.31899642944336,54.613182067871094,53.54054641723633,52.22731018066406,50.8801155090332,49.91575622558594,49.3580207824707,48.911827087402344,48.53897476196289,48.309993743896484,48.0938606262207,47.57745361328125,46.711280822753906,45.90940475463867,45.35756301879883,44.763973236083984,44.10886764526367,43.12738800048828,41.995567321777344,40.02873992919922,38.169803619384766,36.220252990722656
44.349700927734375,43.9792366027832,43.59050750732422,44.35128402709961,46.00449752807617,46.476112365722656,45.899139404296875,45.37960433959961,45.326377868652344,46.20745086669922,47.66725158691406,48.08659744262695,47.81084442138672,48.37028884887695,48.12229537963867,47.86522674560547,48.49651336669922,49.148162841796875,49.65546417236328,50.445621490478516,51.432334899902344,51.97209548950195,51.80552291870117,51.16666030883789,50.296878814697266,49.24764633178711,48.2900505065918,47.73871994018555,47.32121276855469,46.92538833618164,46.66197967529297,46.609371185302734,46.47105026245117,45.97814178466797,45.30482864379883,44.90873336791992,44.63521957397461,44.16799545288086,43.587745666503906,42.66945266723633,41.74309158325195,39.851680755615234,37.64036178588867,35.59365463256836
39.84784698486328,41.03098678588867,39.73152542114258,39.56928253173828,41.07202911376953,41.36008834838867,40.0304069519043,38.6658821105957,38.38179016113281,39.29261016845703,40.88311767578125,42.0182991027832,44.01925277709961,45.324275970458984,44.91501235961914,44.89927673339844,45.33988571166992,45.38878631591797,45.54197692871094,46.46861267089844,47.623409271240234,48.17363357543945,47.95294189453125,47.29823684692383,46.763362884521484,46.217105865478516,45.62434005737305,45.262245178222656,44.99983596801758,44.76812744140625,44.633975982666016,44.68758010864258,44.67982482910156,44.401519775390625,43.97539138793945,43.749900817871094,43.66962814331055,43.40947723388672,42.898956298828125,42.15482711791992,41.19306564331055,39.161659240722656,36.64731216430664,34.75520706176758
35.180660247802734,36.41941833496094,35.61860656738281,35.37535095214844,36.560462951660156,36.72072219848633,35.11565017700195,33.440696716308594,32.89466857910156,33.576576232910156,35.16440200805664,36.98062515258789,39.128910064697266,39.23398208618164,39.1222038269043,40.43894577026367,41.361419677734375,41.249732971191406,41.28630447387695,42.33485794067383,43.3835334777832,43.7099723815918,43.56981658935547,43.42256546020508,43.359275817871094,42.97145462036133,42.59535598754883,42.38583755493164,42.40918731689453,42.409690856933594,42.48808288574219,42.73809051513672,42.93293762207031,42.861480712890625,42.57003402709961,42.43505859375,42.701194763183594,42.652191162109375,42.20595169067383,41.52220916748047,40.32801818847656,37.89958953857422,35.24422836303711,33.55240249633789
30.917388916015625,31.98345947265625,31.681324005126953,31.343366622924805,32.57711410522461,33.36283874511719,31.920557022094727,30.017559051513672,29.16526222229004,29.862018585205078,31.344438552856445,33.025882720947266,33.962867736816406,33.31400680541992,33.76511001586914,35.80333709716797,36.72298049926758,36.430076599121094,36.58911895751953,37.654117584228516,38.54230880737305,38.71818161010742,38.908145904541016,39.311195373535156,39.65245056152344,39.50977325439453,39.244049072265625,39.32954406738281,39.5557975769043,39.797237396240234,40.21208953857422,40.71254348754883,41.10886001586914,41.16495132446289,41.038909912109375,41.164276123046875,41.83074951171875,41.9613151550293,41.51777267456055,40.67280197143555,39.23443603515625,36.454654693603516,33.78940200805664,32.23305130004883
27.332021713256836,29.14310073852539,28.747709274291992,28.303159713745117,29.78040313720703,30.56536293029785,29.56206703186035,27.83159065246582,27.059566497802734,28.655323028564453,30.605276107788086,30.985029220581055,29.941198348999023,29.06369400024414,29.9244384765625,31.741750717163086,32.14756393432617,31.64004135131836,31.8302059173584,32.67894744873047,33.105133056640625,33.30290603637695,33.93429183959961,34.964874267578125,35.69386672973633,35.783687591552734,35.86948013305664,36.274085998535156,36.58381271362305,36.933631896972656,37.62258529663086,38.43719482421875,39.080162048339844,39.2894172668457,39.51937484741211,40.15310287475586,40.9668083190918,41.19384002685547,40.711944580078125,39.669612884521484,37.90790939331055,34.99852752685547,32.47065734863281,30.818708419799805
24.43231964111328,26.926746368408203,27.019773483276367,26.936511993408203,27.62913703918457,27.6319580078125,27.460315704345703,25.924575805664062,25.653575897216797,27.361055374145508,29.29399299621582,29.055438995361328,27.77967643737793,27.05060386657715,27.112689971923828,27.693410873413086,27.525779724121094,27.21486473083496,27.43967628479004,27.694162368774414,28.031400680541992,28.3072566986084,29.33892822265625,30.836368560791016,31.72149658203125,32.23155212402344,32.812286376953125,33.42624282836914,33.627098083496094,34.004150390625,34.919334411621094,36.063720703125,36.97152328491211,37.4607048034668,38.105369567871094,39.0919075012207,39.917572021484375,40.17145919799805,39.69585418701172,38.4460334777832,36.33420181274414,33.461429595947266,31.06422996520996,29.21959686279297
22.216794967651367,24.073835372924805,25.500051498413086,26.100555419921875,26.2625789642334,26.082571029663086,25.69132423400879,23.952926635742188,23.63239860534668,24.820938110351562,26.375606536865234,26.9302921295166,26.334453582763672,24.793210983276367,23.703420639038086,23.357887268066406,22.833253860473633,23.34134292602539,23.352256774902344,23.62375831604004,24.001346588134766,24.411148071289062,25.72378921508789,27.50956916809082,28.41019630432129,29.053592681884766,30.057653427124023,30.84699249267578,30.981725692749023,31.39557456970215,32.50923538208008,33.980621337890625,35.06816482543945,35.737030029296875,36.7231559753418,37.784847259521484,38.550994873046875,38.86035919189453,38.3389892578125,36.83258056640625,34.401756286621094,31.699472427368164,29.435943603515625,27.237436294555664
20.613788604736328,24.978670120239258,26.120067596435547,26.30082893371582,25.86911964416504,24.885498046875,23.948291778564453,22.09023094177246,21.52901268005371,22.094636917114258,23.409168243408203,23.956939697265625,23.015695571899414,21.631553649902344,20.2979679107666,19.49329376220703,19.258834838867188,20.163881301879883,20.285947799682617,20.90871810913086,21.524555206298828,21.877748489379883,23.540817260742188,25.578948974609375,26.499958038330078,26.92963409423828,27.780317306518555,28.47032356262207,28.68604850769043,29.115177154541016,30.333709716796875,31.99001693725586,33.2004280090332,34.180904388427734,35.30929183959961,36.143089294433594,36.72220993041992,36.89187240600586,36.15043640136719,34.35186767578125,31.940610885620117,29.55734634399414,27.20957374572754,25.204023361206055
19.70541763305664,27.68107032775879,28.12187385559082,27.097049713134766,24.71846580505371,23.224824905395508,23.20730972290039,21.322124481201172,20.26930809020996,20.11704444885254,20.90167808532715,21.10843276977539,20.096555709838867,18.779207229614258,17.634172439575195,17.079126358032227,17.41900062561035,17.747608184814453,18.503707885742188,19.60338020324707,19.689062118530273,20.188858032226562,22.74177360534668,24.883623123168945,25.53557777404785,25.894901275634766,26.49651336669922,26.798128128051758,26.745437622070312,26.983291625976562,28.04823112487793,29.691953659057617,31.151018142700195,32.490665435791016,33.53307342529297,34.06210708618164,34.47724151611328,34.41766357421875,33.293731689453125,31.361238479614258,29.239334106445312,26.937223434448242,24.64403533935547,22.96750831604004
