data/wind_data/wind_23_4.json
{"header": {"parameterUnit": "KT", "parameterCategory": 2, "nx": 256, "ny": 198, "lo1": 44.73521041870117, "la1": -3.236724853515625, "lo2": 111.26478576660156, "la2": 43.468475341796875, "dx": 0.2609002888202667, "dy": -0.23708222806453705, "refTime": "2025-02-19 23:00:00", "forecastTime": 0, "parameterNumber": 2, "parameterNumberName": "eastward_wind"}, "data":
[rows 95 to 113 of 198, columns 132 to 175 of 256]
26.24121856689453,25.559600830078125,25.523134231567383,25.735260009765625,25.835134506225586,26.54064178466797,27.213075637817383,27.437152862548828,27.483619689941406,27.206954956054688,26.79860496520996,26.697954177856445,26.677396774291992,26.298595428466797,25.5013370513916,24.311067581176758,23.515850067138672,23.0132999420166,22.425596237182617,22.664968490600586,23.809057235717773,24.171892166137695,23.584007263183594,23.025630950927734,22.337299346923828,22.793319702148438,23.37070655822754,23.66191291809082,23.734222412109375,24.283662796020508,24.454469680786133,23.660520553588867,22.393604278564453,20.708242416381836,19.162015914916992,17.137187957763672,13.986085891723633,11.304681777954102,9.49778938293457,8.192898750305176,7.629992485046387,7.763705253601074,8.085025787353516,8.229635238647461
25.504011154174805,24.664480209350586,23.768218994140625,23.342927932739258,23.92619514465332,25.69159698486328,26.480880737304688,26.69800567626953,26.77985191345215,26.582155227661133,26.1422061920166,25.942977905273438,26.267637252807617,26.441038131713867,25.85159683227539,24.57493019104004,24.073331832885742,23.961198806762695,23.312658309936523,23.87844467163086,24.658620834350586,23.87613868713379,23.52301788330078,23.149662017822266,22.53669548034668,22.136577606201172,21.98319435119629,22.56679344177246,23.519546508789062,24.66189956665039,24.7688045501709,23.3747501373291,21.77874755859375,19.871681213378906,17.70687484741211,15.666309356689453,13.00104808807373,10.14405345916748,7.854240894317627,6.951452255249023,7.393881320953369,8.112548828125,8.655097007751465,8.998891830444336
26.51725196838379,25.1763916015625,23.12474822998047,21.773218154907227,22.261415481567383,23.88563346862793,24.609880447387695,24.57438850402832,24.528549194335938,24.457731246948242,24.447750091552734,24.51572036743164,24.872997283935547,25.282554626464844,24.988393783569336,23.786212921142578,23.716110229492188,23.697311401367188,21.333263397216797,21.452733993530273,22.4490909576416,24.263317108154297,24.84503746032715,23.904184341430664,22.508176803588867,21.505828857421875,21.07021713256836,21.404897689819336,22.76093864440918,24.424057006835938,24.530920028686523,22.371212005615234,19.827743530273438,17.48957633972168,14.672974586486816,12.011554718017578,9.971219062805176,8.34453296661377,6.96144962310791,6.780195236206055,7.723750114440918,8.502891540527344,9.051994323730469,9.676531791687012
28.412073135375977,27.20906639099121,24.786916732788086,22.504222869873047,21.98878288269043,22.91728973388672,23.254718780517578,22.722244262695312,22.10619354248047,22.000415802001953,22.574905395507812,23.00458335876465,23.10343360900879,23.4643611907959,23.381855010986328,23.13420295715332,23.549579620361328,23.14946937561035,20.74921417236328,20.779315948486328,22.451562881469727,25.10599136352539,26.27655792236328,25.313600540161133,23.486364364624023,22.302001953125,21.584909439086914,21.111419677734375,21.895578384399414,23.275056838989258,23.32225227355957,21.273881912231445,17.520509719848633,13.97812271118164,11.32276439666748,9.81997299194336,9.781713485717773,9.890178680419922,8.838082313537598,8.21634578704834,8.68404483795166,9.075155258178711,9.358360290527344,10.198298454284668
28.842775344848633,27.703411102294922,25.282758712768555,22.559078216552734,21.368314743041992,21.632423400878906,21.897031784057617,21.42368507385254,20.90726661682129,21.25387954711914,21.866891860961914,22.220314025878906,22.257009506225586,22.43287467956543,22.306413650512695,22.5947208404541,23.959075927734375,23.479372024536133,20.856918334960938,20.42512321472168,23.221668243408203,26.08587646484375,27.563148498535156,27.02301597595215,25.504499435424805,24.0682373046875,23.788646697998047,23.701379776000977,23.618059158325195,23.37297248840332,22.53460693359375,19.623558044433594,14.984898567199707,11.657963752746582,10.74244499206543,11.099405288696289,11.817595481872559,11.930509567260742,11.052910804748535,10.272947311401367,10.034769058227539,10.115633010864258,10.26378345489502,10.99561882019043
28.448341369628906,26.57046890258789,23.999862670898438,21.371658325195312,19.698759078979492,19.426156997680664,19.826095581054688,19.972394943237305,20.245281219482422,20.971519470214844,21.834224700927734,21.92841148376465,21.750808715820312,21.937192916870117,22.243026733398438,23.28082847595215,24.096195220947266,23.587844848632812,22.4615478515625,21.788759231567383,23.661657333374023,26.299644470214844,27.799625396728516,28.489479064941406,28.06283950805664,27.157495498657227,27.46761131286621,27.31452178955078,26.663650512695312,25.44811248779297,22.866701126098633,19.308549880981445,15.813891410827637,13.465806007385254,12.884525299072266,13.463339805603027,13.88803482055664,13.63608455657959,13.007555961608887,12.47506046295166,12.053763389587402,11.904096603393555,12.185412406921387,12.890573501586914
26.77742576599121,24.764108657836914,22.452571868896484,20.204822540283203,18.484830856323242,18.056381225585938,18.59148406982422,19.274309158325195,19.781875610351562,20.218225479125977,21.084571838378906,21.97918701171875,21.95534324645996,21.75871467590332,22.83168601989746,24.21497917175293,22.894241333007812,22.534589767456055,22.35126304626465,22.639646530151367,24.26494598388672,26.11506462097168,27.672155380249023,28.768991470336914,29.439861297607422,29.749916076660156,28.138778686523438,27.01724624633789,27.05887222290039,26.643640518188477,24.475093841552734,21.57911491394043,19.052757263183594,16.85848617553711,15.930648803710938,16.320491790771484,16.367435455322266,15.680244445800781,15.079580307006836,14.794121742248535,14.515691757202148,14.128439903259277,14.219436645507812,14.87656021118164
24.515872955322266,22.51761245727539,19.984039306640625,17.613073348999023,16.835407257080078,17.465545654296875,18.414201736450195,18.936670303344727,18.951156616210938,19.165132522583008,20.085979461669922,21.29913330078125,22.31881332397461,23.129331588745117,23.29550552368164,23.10247039794922,23.304630279541016,22.255956649780273,21.425941467285156,22.484756469726562,24.392242431640625,26.246337890625,27.332408905029297,27.56488037109375,28.056705474853516,27.960092544555664,26.55936622619629,25.756919860839844,25.972843170166016,25.579654693603516,24.309814453125,22.872882843017578,20.94599151611328,18.485776901245117,16.992420196533203,17.002044677734375,17.096263885498047,16.59987449645996,16.09688377380371,16.028879165649414,16.110822677612305,16.000633239746094,15.962183952331543,16.08555030822754
23.42430877685547,21.25901985168457,18.144027709960938,14.957433700561523,14.336647033691406,16.129444122314453,17.84369468688965,18.46291160583496,18.450925827026367,18.793909072875977,19.71058464050293,21.205211639404297,22.017410278320312,22.68474578857422,23.96388053894043,24.472841262817383,23.230873107910156,22.244882583618164,22.30990982055664,23.301294326782227,24.88691520690918,26.286396026611328,26.582000732421875,25.904499053955078,25.969694137573242,26.479257583618164,26.385730743408203,26.244129180908203,25.984956741333008,25.20827293395996,24.078083038330078,22.698801040649414,21.23016357421875,19.68387222290039,18.398712158203125,17.86035919189453,17.736051559448242,17.453439712524414,17.05740737915039,17.005712509155273,17.239850997924805,17.45197296142578,17.536537170410156,17.440942764282227
23.067684173583984,21.077512741088867,17.63623809814453,13.558783531188965,11.926209449768066,13.635903358459473,16.220834732055664,17.93755531311035,18.887264251708984,19.628469467163086,20.27937889099121,21.14948272705078,21.43600845336914,22.602535247802734,24.399394989013672,25.538925170898438,25.372623443603516,24.41112518310547,23.662670135498047,23.896284103393555,24.891332626342773,25.83901596069336,26.05638885498047,25.749248504638672,25.821155548095703,26.257783889770508,26.680601119995117,26.75005340576172,26.212732315063477,25.364086151123047,24.524951934814453,23.697376251220703,22.96233558654785,22.337749481201172,21.717456817626953,21.22705841064453,20.882383346557617,20.4981746673584,20.0194091796875,19.644739151000977,19.292625427246094,18.874731063842773,18.47175407409668,18.04228973388672
21.789291381835938,19.989145278930664,16.864227294921875,12.933939933776855,10.936445236206055,11.996729850769043,14.938884735107422,17.852941513061523,19.782058715820312,20.813304901123047,21.326297760009766,21.8898983001709,22.247093200683594,23.4731388092041,24.696199417114258,25.86404037475586,26.653072357177734,26.744247436523438,26.613601684570312,26.347291946411133,26.135433197021484,26.109086990356445,26.023164749145508,25.903881072998047,26.142635345458984,26.427112579345703,26.712261199951172,26.928075790405273,26.812654495239258,26.227500915527344,25.62063217163086,25.429672241210938,25.470340728759766,25.2327880859375,24.534709930419922,23.892868041992188,23.55137825012207,23.337663650512695,23.052419662475586,22.34831428527832,21.203413009643555,20.214487075805664,19.703310012817383,19.399545669555664
20.375486373901367,18.374666213989258,15.657975196838379,12.786566734313965,10.882574081420898,11.359200477600098,13.673996925354004,16.925546646118164,19.886322021484375,21.789945602416992,22.5419921875,23.884546279907227,25.019607543945312,25.8206787109375,26.222497940063477,26.826919555664062,27.522844314575195,28.141084671020508,28.62596321105957,28.47435188293457,27.486738204956055,26.776094436645508,26.550565719604492,26.672239303588867,26.94903564453125,26.911113739013672,27.135337829589844,27.7508487701416,28.166973114013672,27.894636154174805,27.365224838256836,27.30352783203125,27.65545082092285,27.679738998413086,26.890188217163086,25.733875274658203,25.049224853515625,24.87839698791504,24.723791122436523,23.9902286529541,22.725364685058594,21.60574722290039,20.936765670776367,20.639101028442383
19.21698570251465,17.04354476928711,14.75302791595459,12.832134246826172,11.547456741333008,11.53429126739502,12.971485137939453,15.566627502441406,18.48250389099121,21.73051643371582,23.333972930908203,25.076066970825195,27.33596420288086,28.487987518310547,28.259117126464844,28.011432647705078,28.182226181030273,28.434511184692383,28.298036575317383,27.80816650390625,26.83770751953125,26.263099670410156,26.59309196472168,27.423320770263672,27.745119094848633,27.5758113861084,27.731801986694336,28.212736129760742,28.627660751342773,28.70196533203125,28.638473510742188,28.738250732421875,29.11355972290039,29.41973304748535,29.0572452545166,27.907875061035156,26.911184310913086,26.427820205688477,26.058040618896484,25.366317749023438,24.30143928527832,23.234230041503906,22.406742095947266,21.82353973388672
17.634166717529297,16.013877868652344,14.53192138671875,13.434769630432129,12.566508293151855,12.243803024291992,13.010259628295898,14.860949516296387,16.953678131103516,19.488065719604492,22.47946548461914,24.105220794677734,26.866138458251953,28.792564392089844,29.33013343811035,28.803844451904297,28.325050354003906,28.82940101623535,28.66037940979004,26.588760375976562,24.988420486450195,25.027402877807617,25.912208557128906,26.943588256835938,28.02276039123535,28.58962631225586,28.051410675048828,27.69671630859375,28.30337142944336,29.090431213378906,29.513147354125977,29.75831413269043,30.05465316772461,30.365625381469727,30.458391189575195,29.911893844604492,28.770849227905273,27.655921936035156,26.807579040527344,26.11066246032715,25.500810623168945,24.885757446289062,24.2113037109375,23.45489501953125
16.504613876342773,15.053214073181152,14.370001792907715,14.072386741638184,13.572811126708984,13.137415885925293,13.791757583618164,15.348736763000488,16.6715145111084,17.972213745117188,19.93643569946289,22.610248565673828,24.774822235107422,27.0026912689209,29.05171775817871,29.17372703552246,28.772605895996094,29.978343963623047,30.093109130859375,26.78179168701172,23.552492141723633,23.376956939697266,24.905187606811523,26.127117156982422,27.055532455444336,28.04292869567871,28.291454315185547,28.13136100769043,28.763378143310547,29.405933380126953,29.67871856689453,29.95143699645996,30.254745483398438,30.806467056274414,31.494667053222656,31.43520736694336,30.226001739501953,28.595230102539062,27.42751693725586,27.000394821166992,26.871061325073242,26.518890380859375,25.838090896606445,25.079837799072266
16.028263092041016,14.262017250061035,13.791276931762695,14.15827751159668,14.536959648132324,14.77517318725586,15.55655574798584,16.827041625976562,17.69507598876953,18.178203582763672,19.030719757080078,20.788005828857422,22.859455108642578,25.352855682373047,28.046371459960938,29.325658798217773,29.517417907714844,30.809513092041016,30.553319931030273,28.116573333740234,25.920738220214844,25.241111755371094,25.792205810546875,26.475643157958984,27.20655632019043,28.03970718383789,28.91459846496582,29.068443298339844,29.19598388671875,29.667949676513672,30.367956161499023,31.08487319946289,31.508432388305664,31.9896240234375,32.722328186035156,32.86408233642578,31.958269119262695,30.356706619262695,28.975046157836914,28.361957550048828,28.14020538330078,27.806638717651367,27.315515518188477,26.87921142578125
15.807894706726074,14.135748863220215,13.709382057189941,14.492743492126465,15.758943557739258,16.753686904907227,17.520305633544922,18.3507137298584,18.76337432861328,18.71491813659668,18.999441146850586,20.226314544677734,21.971927642822266,23.945587158203125,26.273099899291992,28.26170539855957,29.398761749267578,30.471439361572266,30.518482208251953,29.80588150024414,29.12433624267578,28.600704193115234,28.439861297607422,28.436307907104492,28.883577346801758,29.217355728149414,30.10910415649414,31.29655647277832,32.00653839111328,32.359779357910156,33.03440856933594,33.93509292602539,34.16304016113281,34.20936584472656,34.83555603027344,35.26247787475586,34.79738235473633,33.4124641418457,31.724863052368164,30.49843406677246,29.90476417541504,29.6645450592041,29.417325973510742,28.99959945678711
15.960206031799316,14.846870422363281,14.636281967163086,15.359061241149902,16.645601272583008,17.81663703918457,18.771625518798828,19.541019439697266,19.593717575073242,19.128467559814453,19.081024169921875,19.840473175048828,21.293609619140625,23.088205337524414,24.81706428527832,26.310935974121094,27.61223793029785,28.804706573486328,29.658946990966797,30.322254180908203,30.842750549316406,30.875104904174805,30.50130271911621,30.35457992553711,30.722793579101562,31.19537925720215,31.94573402404785,32.91277313232422,33.91203308105469,34.91981887817383,35.98423385620117,36.90123748779297,37.18217086791992,37.26295852661133,37.92878341674805,38.514503479003906,37.9954719543457,36.60831069946289,35.06439208984375,33.670433044433594,32.73613357543945,32.03105926513672,31.012508392333984,29.937883377075195
16.501922607421875,15.511635780334473,15.365056991577148,15.847365379333496,16.69192123413086,17.68062973022461,18.763425827026367,19.63977813720703,19.80910301208496,19.373199462890625,19.11295509338379,19.608741760253906,20.670761108398438,22.01252555847168,23.386470794677734,24.642728805541992,25.90277099609375,27.28319549560547,28.678442001342773,30.031673431396484,31.124902725219727,31.59807777404785,31.5743465423584,31.630142211914062,32.01343536376953,32.657676696777344,33.58971405029297,34.71006774902344,35.69794464111328,36.48884201049805,37.344242095947266,38.3587646484375,39.36494827270508,40.291351318359375,41.07969665527344,41.1585693359375,40.196224212646484,38.659698486328125,37.284488677978516,36.170806884765625,35.272300720214844,34.34556198120117,32.58421325683594,30.683063507080078
