data/wind_data/wind_15_9.json
{"header": {"parameterUnit": "KT", "parameterCategory": 2, "nx": 256, "ny": 198, "lo1": 44.73521041870117, "la1": -3.236724853515625, "lo2": 111.26478576660156, "la2": 43.468475341796875, "dx": 0.2609002888202667, "dy": -0.23708222806453705, "refTime": "2025-02-19 15:00:00", "forecastTime": 0, "parameterNumber": 2, "parameterNumberName": "eastward_wind"}, "data":
[rows 80 to 99 of 198, columns 86 to 128 of 256]
-4.819113254547119,-5.453583240509033,-6.03603458404541,-6.442192077636719,-6.4527268409729,-5.95549201965332,-5.034613609313965,-3.9816746711730957,-3.119433641433716,-2.571288585662842,-2.2703683376312256,-2.0092597007751465,-1.6491323709487915,-1.2706515789031982,-0.9910404682159424,-0.5996056199073792,0.2010270357131958,1.3675624132156372,2.496554136276245,3.022601842880249,3.085963726043701,3.139796257019043,2.8681790828704834,2.7729921340942383,2.93556809425354,2.863396406173706,3.0854392051696777,3.6751575469970703,4.616590976715088,5.760056495666504,6.4728498458862305,6.40428352355957,5.800002574920654,4.962841510772705,4.1887736320495605,3.954022169113159,4.249709606170654,4.624311923980713,4.806720733642578,4.686522483825684,4.121371746063232,3.3952789306640625,3.0253593921661377
-5.1528544425964355,-5.772587299346924,-6.021355152130127,-5.978564739227295,-5.756401538848877,-5.297425746917725,-4.56207799911499,-3.7925236225128174,-3.256808280944824,-2.9155352115631104,-2.6186749935150146,-2.27143931388855,-1.8046313524246216,-1.1931484937667847,-0.5576556324958801,-0.04924076050519943,0.5330303907394409,1.4629992246627808,2.5639476776123047,3.225614070892334,3.295867681503296,3.4670445919036865,3.6017351150512695,3.445019483566284,3.284335136413574,2.918548107147217,2.834953784942627,3.2857894897460938,4.047159194946289,4.879068851470947,5.507268905639648,5.880008697509766,5.78961181640625,5.00076150894165,3.781763792037964,2.8410327434539795,2.480950355529785,2.4941399097442627,2.9000418186187744,3.5480377674102783,3.924816608428955,3.862849473953247,3.6935386657714844
-5.673477649688721,-6.391168117523193,-6.4765753746032715,-6.047150135040283,-5.395394802093506,-4.585061550140381,-3.6514341831207275,-2.8724470138549805,-2.5659000873565674,-2.6896066665649414,-2.894834041595459,-2.8951878547668457,-2.5948891639709473,-2.002121686935425,-1.209537148475647,-0.4308899939060211,0.24031513929367065,1.0225509405136108,1.9317724704742432,2.6701602935791016,2.921105146408081,2.9727303981781006,3.200934886932373,3.3726515769958496,3.404204845428467,3.365922689437866,3.3828814029693604,3.539669990539551,3.8481600284576416,4.328121662139893,4.885648250579834,5.402469158172607,5.519961357116699,4.977850437164307,3.8965578079223633,2.6793088912963867,1.79999577999115,1.253976583480835,1.2156609296798706,1.8781344890594482,2.8429529666900635,3.5388853549957275,3.749805212020874
-5.885738372802734,-6.59808874130249,-6.81737756729126,-6.387323379516602,-5.464272975921631,-4.266621112823486,-3.035248041152954,-2.0939364433288574,-1.7146847248077393,-1.9315484762191772,-2.501354217529297,-3.0630831718444824,-3.2233328819274902,-2.8416717052459717,-2.068599224090576,-1.174864649772644,-0.36744973063468933,0.32451683282852173,0.9061316847801208,1.4977999925613403,2.0621302127838135,2.253847360610962,2.2872185707092285,2.399503707885742,2.631812810897827,3.284412384033203,3.973642587661743,4.217576026916504,4.16102933883667,4.137497425079346,4.472259521484375,4.960373878479004,5.027111530303955,4.621081352233887,3.914546489715576,2.8021316528320312,1.6508231163024902,0.8205692172050476,0.427356094121933,0.6547776460647583,1.3921246528625488,2.2554731369018555,2.857269287109375
-5.585752010345459,-5.896530628204346,-6.102208614349365,-5.871131420135498,-5.016517639160156,-3.7200839519500732,-2.4378855228424072,-1.5663644075393677,-1.2859060764312744,-1.5145089626312256,-2.0511622428894043,-2.713932514190674,-3.147209644317627,-2.9866082668304443,-2.268666982650757,-1.327891230583191,-0.516910195350647,-0.05684796720743179,0.12113741040229797,0.4237328767776489,1.0806349515914917,1.5711462497711182,1.5968140363693237,1.4775140285491943,1.6553138494491577,2.5469906330108643,3.756068706512451,4.466732978820801,4.510562896728516,4.1843671798706055,4.14116907119751,4.422833442687988,4.41876220703125,4.07216215133667,3.6933035850524902,3.0080606937408447,1.8862025737762451,0.9603815674781799,0.5747689008712769,0.60164475440979,0.8031584024429321,1.2383413314819336,1.8882038593292236
-5.015157699584961,-4.819038391113281,-4.522680759429932,-4.127807140350342,-3.469231128692627,-2.491778612136841,-1.4958144426345825,-0.9060499668121338,-0.937736988067627,-1.458405613899231,-2.1139423847198486,-2.630100965499878,-2.8510687351226807,-2.6161322593688965,-1.9426519870758057,-1.067564606666565,-0.3493039608001709,-0.13143028318881989,-0.22223106026649475,-0.058924753218889236,0.4748096466064453,0.9255409240722656,0.9515960812568665,0.7271932363510132,0.8065834045410156,1.6671595573425293,3.0482516288757324,4.109004020690918,4.333800315856934,3.893103837966919,3.5960652828216553,3.759397506713867,3.931243658065796,3.6889984607696533,3.2808656692504883,2.964721918106079,2.363278388977051,1.6286600828170776,1.2288672924041748,1.1077622175216675,1.0366199016571045,1.1687499284744263,1.69253671169281
-4.366832256317139,-3.9377517700195312,-3.1311092376708984,-2.328711748123169,-1.6553964614868164,-0.9912076592445374,-0.3653130829334259,-0.09302372485399246,-0.45886266231536865,-1.381730079650879,-2.3744280338287354,-2.928255081176758,-2.9276885986328125,-2.498487949371338,-1.8056124448776245,-0.9791613817214966,-0.23707833886146545,0.020557280629873276,-0.12366285920143127,-0.10624399036169052,0.13661602139472961,0.217511385679245,-0.014052561484277248,-0.2475776970386505,-0.091472327709198,0.7881333827972412,2.1668784618377686,3.299384355545044,3.6508238315582275,3.3513095378875732,3.0588228702545166,3.252565622329712,3.69274640083313,3.6699681282043457,3.0628106594085693,2.5400912761688232,2.2725465297698975,1.9533675909042358,1.5540903806686401,1.189300537109375,1.0915874242782593,1.4182448387145996,2.1398813724517822
-3.492929220199585,-2.8814287185668945,-2.000480890274048,-1.2153282165527344,-0.5982160568237305,-0.04833268001675606,0.384674996137619,0.46623021364212036,-0.12247426062822342,-1.3587327003479004,-2.6672470569610596,-3.332655429840088,-3.187627077102661,-2.6309945583343506,-2.0468926429748535,-1.4053882360458374,-0.5863964557647705,0.1150808036327362,0.3148609697818756,0.17922914028167725,-0.06416016817092896,-0.4746260941028595,-1.0509170293807983,-1.4213366508483887,-1.1118680238723755,0.005096865352243185,1.337911605834961,2.1598105430603027,2.4453577995300293,2.596867084503174,2.8224480152130127,3.167064666748047,3.4846205711364746,3.4381237030029297,2.8726589679718018,2.1468312740325928,1.683998703956604,1.3742142915725708,0.9701759815216064,0.6281808018684387,0.8491962552070618,1.7123262882232666,2.849776029586792
-2.1051576137542725,-1.2189081907272339,-0.5705805420875549,-0.34755367040634155,-0.2638462483882904,-0.05321617051959038,0.20853549242019653,0.28423839807510376,-0.22358886897563934,-1.4847612380981445,-2.951674699783325,-3.664634943008423,-3.3088290691375732,-2.633532762527466,-2.2993955612182617,-2.0301101207733154,-1.2665421962738037,-0.09314914047718048,0.6504904627799988,0.5365704894065857,-0.102389395236969,-0.9356808662414551,-1.74409818649292,-2.2937488555908203,-2.1908531188964844,-1.022836446762085,0.42565882205963135,1.143809199333191,1.2471551895141602,1.587870478630066,2.2300832271575928,2.6871352195739746,2.7135894298553467,2.459425687789917,2.0220208168029785,1.5286469459533691,1.1255625486373901,0.7264015674591064,0.3273769021034241,0.25680941343307495,0.8764205574989319,2.0735652446746826,3.271448850631714
0.06823749840259552,1.0130339860916138,1.111746072769165,0.4184262156486511,-0.42678093910217285,-0.9046181440353394,-0.9605040550231934,-0.7641066312789917,-0.7597411274909973,-1.5070698261260986,-2.824252128601074,-3.6033031940460205,-3.25553822517395,-2.641879081726074,-2.511617422103882,-2.407681465148926,-1.6615477800369263,-0.3957197368144989,0.566754937171936,0.6683371663093567,-0.007827779278159142,-1.1378008127212524,-2.2097439765930176,-2.878791093826294,-2.9625844955444336,-2.034980535507202,-0.5632994771003723,0.3225580155849457,0.5080643892288208,0.760138750076294,1.261340856552124,1.5037142038345337,1.2727171182632446,0.7811902761459351,0.34104469418525696,0.19598063826560974,0.38708072900772095,0.5021378397941589,0.46430838108062744,0.7083733677864075,1.442763328552246,2.3476922512054443,2.903278350830078
2.4746298789978027,2.856934070587158,2.122195243835449,0.637054979801178,-0.8861847519874573,-1.9409410953521729,-2.324345350265503,-2.0517008304595947,-1.5110352039337158,-1.506337285041809,-2.276695728302002,-2.947366952896118,-3.0597987174987793,-3.135859727859497,-3.2811949253082275,-2.9167191982269287,-1.9382820129394531,-0.8979409337043762,-0.10413457453250885,0.25162893533706665,-0.11353704333305359,-1.2246339321136475,-2.513993978500366,-3.233558416366577,-3.1193835735321045,-2.2740275859832764,-1.1114133596420288,-0.27883920073509216,0.11733783036470413,0.3208644688129425,0.4052313566207886,0.12230473011732101,-0.38279470801353455,-1.0167548656463623,-1.4813995361328125,-1.4073058366775513,-0.6789506673812866,0.2121141403913498,0.8080479502677917,1.3090343475341797,1.993869423866272,2.477193832397461,2.1945230960845947
3.904607057571411,3.1188151836395264,1.5577281713485718,-0.07035206258296967,-1.4542913436889648,-2.535724401473999,-3.068268060684204,-2.895139455795288,-2.312899112701416,-1.9803839921951294,-2.0783193111419678,-2.39947772026062,-3.1670167446136475,-4.16564416885376,-4.4345831871032715,-3.664539098739624,-2.694728374481201,-2.05971622467041,-1.4117058515548706,-0.728412926197052,-0.6448855400085449,-1.4012138843536377,-2.4736058712005615,-2.959439277648926,-2.4947330951690674,-1.6007846593856812,-0.952610969543457,-0.6926005482673645,-0.4903932213783264,-0.3137470483779907,-0.48006749153137207,-1.177297592163086,-2.0009942054748535,-2.6144802570343018,-2.8210136890411377,-2.4206974506378174,-1.3990123271942139,-0.18163882195949554,0.668082594871521,1.1715446710586548,1.8076961040496826,2.3239965438842773,1.8228400945663452
3.845188856124878,2.0459139347076416,0.0945054292678833,-1.2435612678527832,-2.1531474590301514,-3.004356622695923,-3.611266851425171,-3.7226102352142334,-3.5066211223602295,-3.1613526344299316,-2.719087600708008,-2.741642713546753,-3.8726043701171875,-5.131556987762451,-5.145826816558838,-4.295139789581299,-3.6659553050994873,-3.2704217433929443,-2.6105356216430664,-1.8040130138397217,-1.4422143697738647,-1.649445652961731,-1.968637228012085,-1.9121813774108887,-1.403791069984436,-0.8960812091827393,-0.8042103052139282,-0.9416840672492981,-0.9249259233474731,-0.9964362978935242,-1.722190260887146,-2.9298694133758545,-3.9091098308563232,-4.051750183105469,-3.4794626235961914,-2.4748246669769287,-1.285017967224121,-0.21278931200504303,0.3802451193332672,0.5809530019760132,0.9831318259239197,1.6703931093215942,1.5277601480484009
3.61991286277771,1.2543901205062866,-1.0738941431045532,-2.653909683227539,-3.577918529510498,-4.171067237854004,-4.43255090713501,-4.449786186218262,-4.444787502288818,-4.175871849060059,-3.703822612762451,-3.803959369659424,-4.7377142906188965,-5.537781238555908,-5.397701740264893,-4.727231979370117,-4.097064971923828,-3.5892982482910156,-3.146134376525879,-2.7154324054718018,-2.301272392272949,-1.8723056316375732,-1.3365238904953003,-0.8724029660224915,-0.6299468874931335,-0.6834965944290161,-0.8894757032394409,-0.9620682597160339,-0.9393736720085144,-1.3735982179641724,-2.803312301635742,-4.69833517074585,-5.8485941886901855,-5.359189033508301,-3.720857858657837,-1.9015692472457886,-0.5065273642539978,0.26227831840515137,0.39553555846214294,0.23859935998916626,0.320919930934906,0.7223165035247803,0.6942333579063416
3.278965950012207,0.42513710260391235,-2.464308023452759,-4.572227954864502,-5.489030838012695,-5.366349220275879,-4.705180644989014,-4.166140556335449,-4.173965930938721,-4.388214111328125,-4.394218921661377,-4.4780473709106445,-4.963648319244385,-5.533709526062012,-5.567298412322998,-4.834307670593262,-3.7838335037231445,-3.292322874069214,-3.45745587348938,-3.3767902851104736,-2.7659168243408203,-2.02396559715271,-1.2587729692459106,-0.6576951742172241,-0.40465179085731506,-0.44920429587364197,-0.6289771199226379,-0.7479720711708069,-0.8706119656562805,-1.4395695924758911,-3.011967182159424,-5.222564220428467,-6.639370441436768,-6.07375955581665,-3.8865559101104736,-1.4512031078338623,0.2788756787776947,0.8558457493782043,0.5799420475959778,0.19667644798755646,0.11013957113027573,0.059425000101327896,-0.4292311370372772
1.6849504709243774,-1.452614188194275,-4.273164749145508,-5.929242134094238,-6.063729763031006,-5.246347904205322,-4.465085506439209,-4.131640911102295,-4.175806999206543,-4.451816558837891,-4.470908164978027,-4.080531597137451,-4.049261569976807,-4.639973163604736,-4.912689208984375,-4.197857856750488,-2.9902026653289795,-2.55420184135437,-3.203683376312256,-3.607515573501587,-3.095893383026123,-2.051358461380005,-0.9667945504188538,-0.22652585804462433,-0.00010001943883253261,-0.011880510486662388,-0.041661664843559265,-0.24536490440368652,-0.7574942708015442,-1.5797315835952759,-2.8017308712005615,-4.5378098487854,-5.939464569091797,-5.826387405395508,-4.032773494720459,-1.6306430101394653,0.33014434576034546,1.0487186908721924,0.49680057168006897,-0.12331398576498032,-0.21424074470996857,-0.41977453231811523,-1.1760895252227783
0.11109575629234314,-2.3106303215026855,-4.335206031799316,-5.391329765319824,-5.296591281890869,-4.844006538391113,-4.965585231781006,-5.423568248748779,-5.459680557250977,-4.955883502960205,-4.102334022521973,-3.146754264831543,-2.6572842597961426,-2.71740984916687,-2.6551623344421387,-2.3180551528930664,-2.0972206592559814,-1.8026598691940308,-1.4645419120788574,-1.6908937692642212,-2.1613898277282715,-1.7078007459640503,-0.2824474275112152,0.8220841884613037,0.857659637928009,0.552581787109375,0.6124799251556396,0.5069132447242737,-0.3053770065307617,-1.630218267440796,-2.8839588165283203,-3.9395551681518555,-4.837946891784668,-5.035583972930908,-3.9940810203552246,-2.1480746269226074,-0.3831372857093811,0.5474197268486023,0.08022551983594894,-1.0184473991394043,-1.4147217273712158,-1.3571560382843018,-1.4739747047424316
0.1048664078116417,-1.444678783416748,-3.227083206176758,-4.667758464813232,-5.237756252288818,-5.342929840087891,-5.76805305480957,-6.292954444885254,-6.015843868255615,-4.77546501159668,-3.3120665550231934,-2.1887660026550293,-1.495676875114441,-1.116952896118164,-0.8098965287208557,-0.4291169345378876,-0.09477698802947998,0.03589533641934395,0.19008611142635345,0.48592379689216614,0.8925606608390808,1.0728445053100586,1.6366606950759888,2.234253168106079,2.072960615158081,1.3313649892807007,1.0110028982162476,0.9196419715881348,0.016810745000839233,-1.6366705894470215,-3.20284366607666,-4.0571088790893555,-4.465152263641357,-4.434487342834473,-3.7414684295654297,-2.5490894317626953,-1.3815886974334717,-0.6270027160644531,-0.8031184673309326,-2.07196307182312,-3.1272735595703125,-2.9075844287872314,-1.731378197669983
0.7812683582305908,-0.5409732460975647,-2.475350856781006,-4.444550037384033,-5.469151496887207,-5.473442554473877,-5.236687183380127,-5.003046989440918,-4.315753936767578,-3.0261847972869873,-1.7538069486618042,-1.0879626274108887,-0.7794179320335388,-0.22913874685764313,0.3010890781879425,0.45053815841674805,0.682033360004425,1.6363495588302612,3.1950910091400146,3.994807004928589,4.179932594299316,3.9751946926116943,3.531235456466675,3.789902448654175,3.7654523849487305,3.0383620262145996,1.8274282217025757,0.7356323599815369,-0.45376166701316833,-2.083710193634033,-3.6638290882110596,-4.464401721954346,-4.651845932006836,-4.362491130828857,-3.4408586025238037,-2.509831190109253,-2.0835518836975098,-1.9085499048233032,-1.9863877296447754,-2.987442970275879,-4.295685768127441,-4.048532962799072,-1.883268117904663
1.4101799726486206,0.4484001100063324,-1.1378450393676758,-3.056098222732544,-4.315865516662598,-4.36392879486084,-3.713616371154785,-2.945117473602295,-1.9992706775665283,-0.8410888910293579,-0.10281523317098618,-0.009954612702131271,0.23117215931415558,0.9272207617759705,1.0487992763519287,0.6396596431732178,1.1654599905014038,3.1812429428100586,5.523629188537598,6.695178031921387,7.083672046661377,7.343929290771484,6.369376182556152,4.807712554931641,4.348859786987305,4.148014545440674,3.062917470932007,1.1013164520263672,-0.9551824331283569,-2.803398370742798,-4.23809814453125,-4.8473920822143555,-4.716753959655762,-4.223353385925293,-3.0415778160095215,-1.9830738306045532,-2.1806724071502686,-2.8877065181732178,-3.164330244064331,-3.62212872505188,-4.368968963623047,-3.677548885345459,-1.291992425918579
