data/wind_data/wind_19_9.json
{"header": {"parameterUnit": "KT", "parameterCategory": 2, "nx": 256, "ny": 198, "lo1": 44.73521041870117, "la1": -3.236724853515625, "lo2": 111.26478576660156, "la2": 43.468475341796875, "dx": 0.2609002888202667, "dy": -0.23708222806453705, "refTime": "2025-02-19 19:00:00", "forecastTime": 0, "parameterNumber": 2, "parameterNumberName": "eastward_wind"}, "data":
[rows 114 to 132 of 198, columns 0 to 42 of 256]
-0.660729169845581,1.307029128074646,1.7770839929580688,1.7640907764434814,0.04975033551454544,1.5020642280578613,2.8724992275238037,3.9978933334350586,4.2137064933776855,2.60369610786438,-0.7991159558296204,-4.207181453704834,-5.691709518432617,-5.5657477378845215,-4.3061981201171875,-3.041846513748169,-4.0817742347717285,-5.835868835449219,-5.987754821777344,-4.276432991027832,-2.5002996921539307,-1.234599232673645,0.28890377283096313,2.4399120807647705,4.694307327270508,5.7541728019714355,5.151345729827881,3.8403639793395996,3.026801586151123,3.3510966300964355,4.606343746185303,5.829019546508789,6.290541648864746,6.416729927062988,6.9979352951049805,7.9024152755737305,8.660240173339844,9.546255111694336,10.956477165222168,12.22668743133545,12.145082473754883,10.592912673950195,8.427197456359863
1.0806474685668945,1.5544897317886353,2.3453316688537598,2.6513960361480713,0.36398547887802124,0.18001939356327057,0.831650972366333,2.0675883293151855,2.3043501377105713,0.6152922511100769,-2.2411274909973145,-4.262079238891602,-4.6171183586120605,-4.188480377197266,-3.8303377628326416,-4.257123947143555,-5.040032863616943,-4.849987030029297,-3.450181245803833,-1.6622250080108643,-0.5881118774414062,0.11681168526411057,1.3261643648147583,3.47910475730896,6.231224060058594,8.095726013183594,7.891628742218018,6.076817989349365,4.238799095153809,3.7749550342559814,4.794771671295166,6.110204696655273,6.692567825317383,7.041878700256348,7.816588401794434,8.577108383178711,9.125823974609375,10.230899810791016,11.913086891174316,12.812246322631836,11.962272644042969,10.022605895996094,7.893710613250732
1.8705651760101318,3.166623830795288,3.336609125137329,3.3026931285858154,0.8212760090827942,-0.5905960202217102,-1.0821374654769897,-0.6015010476112366,-0.6958350539207458,-2.0838027000427246,-3.720940113067627,-3.7927069664001465,-2.7756247520446777,-2.5292325019836426,-3.7452304363250732,-5.012607097625732,-4.822038173675537,-2.9744668006896973,-0.7643635272979736,0.8854435086250305,1.628053069114685,1.731183648109436,2.2672512531280518,3.994551181793213,6.722546577453613,9.385018348693848,10.281288146972656,8.722757339477539,6.047032833099365,4.2617621421813965,4.282873630523682,5.304926872253418,6.1761980056762695,7.033638000488281,8.21393871307373,9.1709566116333,10.092540740966797,11.790592193603516,13.562052726745605,13.763713836669922,12.215747833251953,10.036391258239746,7.678926467895508
2.155460834503174,5.0815229415893555,4.651455879211426,3.9581644535064697,1.0401558876037598,-0.9022055268287659,-2.25197172164917,-2.7619879245758057,-3.391444206237793,-3.8549909591674805,-3.2548110485076904,-1.2122535705566406,0.4472156763076782,-0.7241001725196838,-3.561506748199463,-4.498876571655273,-2.9188265800476074,-0.19436492025852203,1.9683536291122437,3.106714963912964,3.451167106628418,3.1298484802246094,3.001117467880249,4.103680610656738,6.606321334838867,9.38148021697998,11.007017135620117,10.38650131225586,7.853269577026367,5.253211498260498,4.071591377258301,4.458140850067139,5.568213939666748,6.853424072265625,8.179536819458008,9.299744606018066,10.737457275390625,12.958526611328125,14.68789005279541,14.605172157287598,13.029435157775879,10.702547073364258,7.860353469848633
2.6791303157806396,5.7527265548706055,5.6247711181640625,4.577060222625732,0.7904791831970215,-1.7731529474258423,-3.1550498008728027,-3.866525650024414,-4.5894598960876465,-4.373410224914551,-2.08363938331604,1.6968663930892944,3.706289052963257,1.111515760421753,-2.375979423522949,-2.4061005115509033,-0.1262429803609848,2.6020545959472656,4.408405780792236,4.888401508331299,4.317802906036377,3.772794723510742,3.8743038177490234,4.6972126960754395,6.579536437988281,8.743369102478027,10.096624374389648,10.19802474975586,8.730281829833984,6.51994514465332,4.813358306884766,4.385164260864258,5.182684898376465,6.520766258239746,7.9713287353515625,9.34540843963623,10.97886848449707,12.953482627868652,14.327051162719727,14.478337287902832,13.566380500793457,11.578370094299316,8.760459899902344
3.3123536109924316,5.764233112335205,6.089932441711426,4.909046649932861,0.5016940236091614,-3.0500295162200928,-3.9331188201904297,-4.10081672668457,-4.295201778411865,-3.9207096099853516,-1.4639309644699097,2.9096994400024414,5.327589988708496,2.6176302433013916,-0.3437063694000244,0.3473137319087982,2.9955062866210938,5.447092533111572,6.381303787231445,6.130142688751221,4.879661560058594,4.079761028289795,4.568415641784668,5.583243370056152,6.848780155181885,7.992284297943115,8.569247245788574,8.435795783996582,7.79642391204834,6.82425594329834,5.793003559112549,5.188544273376465,5.18931770324707,5.938136577606201,7.496300220489502,9.331283569335938,11.090859413146973,12.664457321166992,13.651776313781738,13.893424034118652,13.486740112304688,12.202452659606934,9.984436988830566
3.9150373935699463,6.430715560913086,6.449356555938721,4.67811918258667,0.2199918031692505,-3.191812753677368,-3.7227957248687744,-3.3243045806884766,-3.047543525695801,-2.760232448577881,-0.34365206956863403,4.1962080001831055,6.191732883453369,3.5164144039154053,2.1548221111297607,3.5514440536499023,6.062122344970703,7.932029724121094,8.102319717407227,7.393710136413574,6.075978755950928,5.068300247192383,5.223418712615967,6.09641695022583,6.8151326179504395,7.180540084838867,7.064248085021973,6.519772529602051,5.933346271514893,5.718478202819824,5.819591045379639,5.778073310852051,5.442048072814941,5.604917049407959,7.0049967765808105,9.080554008483887,11.137950897216797,12.84003734588623,13.686659812927246,13.556257247924805,13.046684265136719,12.462605476379395,11.102010726928711
4.497869491577148,7.496574401855469,6.710061073303223,3.6307337284088135,-1.0705232620239258,-2.7357680797576904,-2.662692070007324,-2.103299379348755,-1.6460691690444946,-0.7355896830558777,2.1032276153564453,5.844279766082764,6.429664611816406,4.2820000648498535,4.1232476234436035,5.424320697784424,7.357829570770264,8.741959571838379,9.598440170288086,9.391817092895508,8.143444061279297,6.652872085571289,6.1899094581604,6.71087646484375,6.710807800292969,6.286706924438477,5.603427886962891,4.798353672027588,4.250650882720947,4.42472505569458,5.199782848358154,5.705833911895752,5.5953569412231445,5.81847620010376,7.117598533630371,9.082151412963867,11.387236595153809,13.509438514709473,14.140267372131348,13.323640823364258,12.587458610534668,12.564061164855957,11.763710021972656
4.9300994873046875,6.963724136352539,5.691489219665527,1.8176891803741455,-3.095529794692993,-2.49780535697937,-2.0359609127044678,-1.6450942754745483,-1.0731899738311768,0.2832948863506317,2.902336359024048,5.6797943115234375,6.2034735679626465,5.181676864624023,4.777580738067627,4.902266025543213,5.831450939178467,8.376809120178223,10.419327735900879,11.128491401672363,9.008248329162598,7.191718101501465,7.1635212898254395,7.773386478424072,7.584350109100342,6.469202518463135,5.00305700302124,3.774343729019165,3.260140895843506,3.7848434448242188,4.963101387023926,5.737908363342285,5.8864216804504395,6.373612403869629,7.607640743255615,9.333806991577148,11.749862670898438,14.197795867919922,14.502608299255371,12.958953857421875,12.198909759521484,12.733480453491211,11.986797332763672
5.178396224975586,3.942270040512085,3.2916574478149414,0.33816012740135193,-3.494551181793213,-2.1758549213409424,-2.0912985801696777,-2.1990342140197754,-1.706114649772644,-0.3082282245159149,1.98197340965271,4.149223804473877,4.9596991539001465,5.039681911468506,4.258427619934082,3.9883713722229004,5.095605373382568,7.962504863739014,10.707432746887207,11.15857219696045,8.89201545715332,6.688526630401611,6.9901933670043945,8.142585754394531,8.360200881958008,7.220785617828369,5.655622482299805,4.432486057281494,4.022649765014648,4.665119171142578,5.7616753578186035,6.51478385925293,6.833670616149902,7.3440656661987305,8.311355590820312,9.697628021240234,11.990259170532227,14.479616165161133,14.739079475402832,12.98323917388916,12.32027530670166,12.837850570678711,11.362933158874512
5.403721809387207,1.9790427684783936,2.4354991912841797,1.106430172920227,-1.4600242376327515,-1.6268922090530396,-1.1587417125701904,-1.5576329231262207,-2.360783338546753,-1.1313174962997437,1.3825163841247559,2.917459726333618,2.9472153186798096,3.2519004344940186,4.322021961212158,5.313838958740234,5.797030925750732,7.338821887969971,9.944560050964355,10.76388168334961,8.528463363647461,5.906709671020508,5.666217803955078,6.839443683624268,7.617495536804199,7.141475200653076,6.039358139038086,5.159442901611328,5.053706645965576,5.66995096206665,6.4697184562683105,7.193437099456787,7.6439714431762695,7.973879814147949,8.666841506958008,9.904553413391113,11.960268020629883,14.14664077758789,14.764277458190918,14.001243591308594,13.571552276611328,12.918207168579102,9.770209312438965
5.698617935180664,3.7859911918640137,4.1200079917907715,2.7567172050476074,-0.5233049988746643,-2.350926160812378,-0.9256718754768372,0.281068354845047,0.2323496788740158,-0.31871268153190613,0.21841713786125183,0.9890088438987732,1.4761197566986084,3.443669319152832,5.479072093963623,6.325568675994873,6.228221416473389,6.445387840270996,8.430973052978516,9.85544204711914,8.806795120239258,6.0556159019470215,4.562886714935303,4.628068923950195,5.307572364807129,5.551602840423584,5.067031383514404,4.593140602111816,4.723388671875,5.281584739685059,5.952293872833252,6.732550144195557,7.255605697631836,7.576897144317627,8.444104194641113,9.700873374938965,11.128779411315918,12.756932258605957,14.337528228759766,15.528903007507324,15.205952644348145,12.496892929077148,7.970852375030518
5.851167678833008,6.711561679840088,5.706925868988037,2.421905279159546,-3.1569430828094482,-4.411147594451904,-2.221890926361084,-0.3147273361682892,0.8584519624710083,1.3210076093673706,0.5148557424545288,-0.3498276174068451,-0.2902654707431793,1.82456374168396,4.514353275299072,6.307176113128662,7.258962154388428,6.771701812744141,6.587922096252441,7.205613136291504,7.453953742980957,6.178906440734863,4.327415943145752,3.459686517715454,3.2583913803100586,3.1134557723999023,2.8236446380615234,2.8205058574676514,3.248682737350464,3.8697116374969482,4.690778732299805,5.6232404708862305,6.30437707901001,7.035620212554932,8.235749244689941,9.349023818969727,9.975698471069336,11.003750801086426,13.34913158416748,15.675848960876465,15.464509963989258,12.167375564575195,7.747974872589111
5.733779430389404,7.854635715484619,5.510453701019287,-0.07393372803926468,-7.276726245880127,-5.51201868057251,-3.4706780910491943,-1.8570129871368408,-0.5157192349433899,0.9339113831520081,0.583243727684021,-0.3830442726612091,-0.1663779318332672,0.8127466440200806,2.132596492767334,3.395414352416992,5.011472225189209,6.0204033851623535,6.002749443054199,5.660583019256592,5.7033209800720215,5.7895965576171875,4.831973075866699,3.395587205886841,2.495342254638672,1.4967167377471924,0.7857805490493774,0.9136372208595276,1.7308578491210938,2.869741201400757,4.240208625793457,5.252264022827148,5.9841108322143555,7.277976036071777,8.486207008361816,8.671492576599121,8.696666717529297,9.972325325012207,12.173074722290039,13.813425064086914,13.891385078430176,11.516870498657227,8.520870208740234
5.436158657073975,7.707277297973633,4.794717311859131,-1.9423264265060425,-9.041038513183594,-5.600209712982178,-3.5519206523895264,-2.352917194366455,-1.6938363313674927,-1.0656095743179321,-0.6804946660995483,-0.6697048544883728,-0.5992996692657471,-0.45264410972595215,0.22117674350738525,1.5067205429077148,2.58066463470459,3.3007543087005615,3.604001045227051,3.5339412689208984,3.3744707107543945,3.7277615070343018,4.588510036468506,4.570779800415039,3.252091646194458,1.6280195713043213,0.4447399377822876,0.17249040305614471,0.9930277466773987,2.852785110473633,4.925973892211914,5.830954074859619,6.4538750648498535,7.942483901977539,8.927268981933594,8.08962631225586,7.200537204742432,8.002586364746094,9.217489242553711,10.61598014831543,11.725385665893555,10.173251152038574,7.6305012702941895
4.89314603805542,7.392542839050293,4.803262233734131,-0.9886345863342285,-6.234972953796387,-4.191797733306885,-2.886761426925659,-2.161031723022461,-1.5797098875045776,-1.5997135639190674,-1.7879105806350708,-1.9907768964767456,-2.1377012729644775,-2.1721081733703613,-1.6747417449951172,-0.3159331977367401,1.229758620262146,1.9710640907287598,1.9074606895446777,1.605128288269043,1.7063978910446167,2.3316562175750732,3.236438512802124,3.692152738571167,3.0520944595336914,1.7554932832717896,0.554681122303009,-0.09843550622463226,0.49276265501976013,2.885495185852051,5.482243061065674,6.464608669281006,7.061374187469482,8.2214994430542,9.062331199645996,8.538007736206055,6.704335689544678,5.319280624389648,5.760359764099121,8.44652271270752,10.341543197631836,8.499003410339355,5.2095746994018555
4.299360275268555,6.691887855529785,5.049232482910156,1.8516241312026978,0.4011460840702057,-0.06886079162359238,-0.9761720299720764,-1.4831585884094238,-1.0551708936691284,-0.847716212272644,-1.4833482503890991,-2.4181647300720215,-2.84603214263916,-2.718998670578003,-2.2654411792755127,-1.3850014209747314,-0.30957797169685364,0.489592969417572,0.9227638840675354,1.3420394659042358,1.9448989629745483,2.9216320514678955,3.87003493309021,4.1192121505737305,3.474893569946289,2.3801865577697754,1.3323074579238892,0.5674183368682861,1.047220230102539,3.3105034828186035,5.656577110290527,6.856785297393799,7.787016868591309,8.636035919189453,9.262503623962402,9.052663803100586,6.886430740356445,4.650468826293945,5.9064764976501465,8.86872386932373,8.640007019042969,5.962541103363037,2.90407657623291
4.188078880310059,5.255309104919434,5.062936782836914,4.506905555725098,5.8122758865356445,4.602599620819092,1.9743824005126953,0.24612142145633698,-0.12726035714149475,0.11427784711122513,-0.25784310698509216,-1.1553599834442139,-1.6919727325439453,-1.5975781679153442,-1.1112885475158691,-0.6318886280059814,-0.24137620627880096,0.02270951122045517,0.39774125814437866,1.266366958618164,2.5319595336914062,4.051431655883789,5.253072261810303,5.60381555557251,5.053580284118652,4.0982561111450195,3.105086326599121,2.338602066040039,2.879225015640259,4.824170112609863,6.4819231033325195,7.514854431152344,8.578910827636719,9.485504150390625,9.748536109924316,8.6760835647583,6.07145881652832,5.052018165588379,8.199793815612793,9.608256340026855,5.389798641204834,2.4199066162109375,0.18706190586090088
4.443061351776123,3.8046910762786865,5.0522308349609375,6.3962836265563965,8.997536659240723,7.227758884429932,3.9903934001922607,2.0874557495117188,1.3153722286224365,1.336478590965271,1.3584431409835815,0.9694786667823792,0.6822258830070496,0.8463538885116577,1.17951500415802,1.316070556640625,1.1220719814300537,0.969280481338501,1.1923357248306274,2.000223398208618,3.433795690536499,5.011093616485596,6.295392990112305,6.832437992095947,6.479077339172363,5.4983439445495605,4.627758026123047,4.1949567794799805,4.881850719451904,6.6271162033081055,7.886377334594727,8.440861701965332,9.146934509277344,9.884295463562012,9.538856506347656,7.586025714874268,5.243603229522705,6.389807224273682,10.358477592468262,8.820585250854492,2.730036735534668,-0.47929465770721436,-2.3985915184020996
