data/wind_data/wind_41_9.json
{"header": {"parameterUnit": "KT", "parameterCategory": 2, "nx": 256, "ny": 198, "lo1": 44.73521041870117, "la1": -3.236724853515625, "lo2": 111.26478576660156, "la2": 43.468475341796875, "dx": 0.2609002888202667, "dy": -0.23708222806453705, "refTime": "2025-02-20 17:00:00", "forecastTime": 0, "parameterNumber": 2, "parameterNumberName": "eastward_wind"}, "data":
[rows 76 to 94 of 198, columns 0 to 42 of 256]
1.430456519126892,-1.9827919006347656,-1.6931021213531494,-2.1124045848846436,-1.9331586360931396,-3.443519115447998,-5.583680152893066,-7.785005569458008,-8.870124816894531,-8.39062786102295,-7.320500373840332,-6.308302402496338,-5.692216396331787,-5.465418815612793,-4.855515480041504,-3.788332939147949,-3.1178183555603027,-2.8881940841674805,-2.444077491760254,-1.9903767108917236,-1.8192459344863892,-2.0601940155029297,-2.406522512435913,-2.2628016471862793,-1.3199288845062256,0.1852453649044037,1.8367825746536255,3.4033164978027344,4.705772876739502,5.591067790985107,6.0394768714904785,5.8486809730529785,4.849027633666992,3.60886287689209,2.8280467987060547,2.553387403488159,2.638186454772949,3.0482373237609863,3.598017930984497,4.266161918640137,5.022963523864746,5.375277519226074,4.876359462738037
1.1008282899856567,-2.3214845657348633,-2.4171817302703857,-2.3524413108825684,-1.2528648376464844,-5.080992698669434,-7.8395891189575195,-9.023759841918945,-9.008100509643555,-8.749889373779297,-8.57532787322998,-8.308255195617676,-7.64845609664917,-7.046347618103027,-6.704585075378418,-5.193508625030518,-3.6212446689605713,-3.4065284729003906,-3.5610508918762207,-3.453090190887451,-3.176255941390991,-2.786991596221924,-2.3304147720336914,-1.5609736442565918,-0.4063670039176941,0.8297368884086609,1.8449766635894775,2.6485655307769775,3.386080503463745,4.093923568725586,4.472671985626221,4.050506591796875,3.1236727237701416,2.31850004196167,1.7121837139129639,1.329149842262268,1.4971297979354858,2.225428819656372,3.2404303550720215,4.447458267211914,5.498342037200928,5.621611595153809,4.657289981842041
0.6935856938362122,-2.5423479080200195,-3.581732749938965,-3.4276840686798096,-2.007141351699829,-6.446352481842041,-9.026012420654297,-9.84341049194336,-8.749089241027832,-8.259588241577148,-8.451621055603027,-9.444168090820312,-9.186759948730469,-7.75685453414917,-7.2580342292785645,-6.667724132537842,-5.052544593811035,-4.340267181396484,-4.944766044616699,-5.306346893310547,-5.310760021209717,-4.787696838378906,-3.7511141300201416,-2.3253884315490723,-0.7523409128189087,0.5423405766487122,1.335254430770874,1.8400753736495972,2.283930540084839,2.5493016242980957,2.397761821746826,1.9595534801483154,1.547788381576538,1.0261448621749878,0.30744853615760803,-0.06609617918729782,0.37212198972702026,1.5170464515686035,3.0489699840545654,4.705900192260742,5.860764503479004,5.76422643661499,4.573060035705566
0.5032070875167847,-3.1913511753082275,-5.176119327545166,-5.504988670349121,-4.412485122680664,-7.711575984954834,-9.140987396240234,-9.477521896362305,-8.174436569213867,-7.069798946380615,-7.582114219665527,-9.251822471618652,-9.842682838439941,-8.624338150024414,-7.153770923614502,-7.009028911590576,-6.971164226531982,-6.541271209716797,-6.768564224243164,-6.768484115600586,-6.355364799499512,-5.790300369262695,-4.918592929840088,-3.5888283252716064,-2.065232038497925,-0.8786829710006714,-0.24410727620124817,0.05878277122974396,0.1783539354801178,0.0610090009868145,-0.18002523481845856,-0.3734610676765442,-0.6822940707206726,-1.2893630266189575,-1.7515329122543335,-1.509354591369629,-0.528117299079895,1.0374534130096436,3.0160868167877197,4.922138214111328,5.938457012176514,5.539594650268555,4.220142841339111
0.45272964239120483,-5.283917427062988,-8.022400856018066,-8.505060195922852,-7.307531356811523,-8.57520580291748,-7.977328777313232,-7.60197639465332,-6.320384979248047,-5.280492305755615,-6.736820697784424,-8.467020988464355,-9.354388236999512,-9.576526641845703,-8.46869945526123,-7.1870574951171875,-7.690298080444336,-8.393050193786621,-8.54692554473877,-8.021875381469727,-7.005093574523926,-6.248584270477295,-5.873826026916504,-5.271579265594482,-4.3427276611328125,-3.5535662174224854,-3.2051846981048584,-3.057523488998413,-2.892426013946533,-2.7713608741760254,-2.8013157844543457,-3.0746583938598633,-3.5660173892974854,-3.9165778160095215,-3.6296157836914062,-2.5986106395721436,-1.0821174383163452,0.8214884996414185,3.0251495838165283,4.906946659088135,5.608018398284912,4.821933746337891,3.349576950073242
0.4550465941429138,-6.889485836029053,-10.367870330810547,-11.057010650634766,-9.264564514160156,-8.128713607788086,-5.639857769012451,-4.9976654052734375,-4.536008358001709,-5.026408672332764,-6.905359268188477,-8.30415153503418,-9.19748306274414,-10.298917770385742,-10.169861793518066,-8.885278701782227,-8.400958061218262,-8.866743087768555,-9.346888542175293,-9.47171401977539,-8.814041137695312,-7.902143478393555,-7.376238822937012,-7.179501533508301,-6.895601272583008,-6.562690258026123,-6.4189133644104,-6.287459373474121,-5.846987247467041,-5.344457626342773,-5.244489669799805,-5.616632461547852,-6.014987945556641,-5.823223114013672,-4.822824954986572,-3.201791286468506,-1.2401528358459473,0.9530544877052307,3.288996934890747,4.976398944854736,5.157205581665039,3.8196775913238525,2.1315393447875977
0.5566834211349487,-8.144682884216309,-11.290833473205566,-12.182218551635742,-10.095417022705078,-7.025062084197998,-4.238664150238037,-4.326021194458008,-5.386723518371582,-6.535799503326416,-7.802249431610107,-8.817535400390625,-10.149812698364258,-11.174551010131836,-11.07073974609375,-10.457802772521973,-9.831583023071289,-9.38784408569336,-9.203965187072754,-9.829486846923828,-10.241552352905273,-9.772870063781738,-9.053741455078125,-8.686100006103516,-8.582923889160156,-8.573807716369629,-8.556535720825195,-8.298458099365234,-7.645335674285889,-6.9444169998168945,-6.748043060302734,-7.017462730407715,-7.167013645172119,-6.6929144859313965,-5.488138675689697,-3.5952558517456055,-1.2609789371490479,1.3162224292755127,3.8795220851898193,5.414762020111084,5.131190776824951,3.173029661178589,1.0596338510513306
0.9952976107597351,-7.5853705406188965,-10.456876754760742,-11.697446823120117,-10.089980125427246,-6.745751857757568,-4.663529872894287,-5.300294399261475,-6.984536647796631,-7.867542743682861,-8.28996467590332,-9.378182411193848,-11.056556701660156,-11.592726707458496,-11.299300193786621,-10.986701011657715,-10.382719993591309,-9.508790016174316,-8.853906631469727,-9.006570816040039,-9.672348976135254,-9.983506202697754,-9.895748138427734,-9.563786506652832,-9.246688842773438,-9.166142463684082,-9.109289169311523,-8.672521591186523,-7.858994007110596,-7.127669334411621,-6.807150363922119,-6.876637935638428,-7.010350227355957,-6.6850504875183105,-5.552123546600342,-3.6110265254974365,-1.2706224918365479,1.4070273637771606,4.294731616973877,5.889676570892334,5.360249042510986,3.0302462577819824,0.4295874834060669
1.4972668886184692,-5.677229404449463,-8.522372245788574,-10.016422271728516,-8.790958404541016,-6.446244239807129,-4.5391621589660645,-5.759509563446045,-8.039596557617188,-8.485004425048828,-8.270942687988281,-9.343793869018555,-10.69715404510498,-10.996099472045898,-10.744657516479492,-10.436360359191895,-9.933125495910645,-9.255468368530273,-8.72827434539795,-8.60800838470459,-8.824031829833984,-8.951332092285156,-9.144208908081055,-9.542832374572754,-9.615975379943848,-9.134967803955078,-8.524383544921875,-7.876649379730225,-7.022459030151367,-6.189519882202148,-5.73341178894043,-5.65330171585083,-5.890632629394531,-6.072427749633789,-5.391830921173096,-3.5131161212921143,-1.2193411588668823,1.2639110088348389,4.259289741516113,5.95334005355835,5.3710455894470215,2.9967880249023438,0.12097704410552979
1.0993291139602661,-5.6078338623046875,-7.898836612701416,-9.043716430664062,-7.949280738830566,-6.736468315124512,-4.5407891273498535,-6.026257038116455,-8.344589233398438,-8.463467597961426,-7.814631938934326,-8.342721939086914,-9.513426780700684,-9.989812850952148,-9.842586517333984,-9.654963493347168,-9.384212493896484,-9.157069206237793,-9.199244499206543,-9.44013786315918,-9.472334861755371,-9.092150688171387,-8.516153335571289,-8.438600540161133,-8.948127746582031,-9.160948753356934,-8.424903869628906,-7.154314994812012,-5.959768295288086,-5.002944469451904,-4.435002326965332,-4.318480014801025,-4.509154319763184,-4.96161413192749,-4.9650068283081055,-3.650146961212158,-1.6401079893112183,0.8906448483467102,4.149730205535889,5.701408386230469,4.849937915802002,2.565324544906616,-0.2363584339618683
0.26319998502731323,-6.522972583770752,-8.242429733276367,-8.757601737976074,-7.46531867980957,-7.252665042877197,-5.8255438804626465,-6.750229835510254,-8.401206970214844,-8.238006591796875,-7.179992198944092,-7.0606255531311035,-8.151477813720703,-9.031787872314453,-9.12545394897461,-9.014433860778809,-9.08559513092041,-9.425955772399902,-9.94918441772461,-10.477007865905762,-10.507073402404785,-9.983168601989746,-9.132048606872559,-8.472551345825195,-8.364522933959961,-8.46094036102295,-8.174200057983398,-7.126682281494141,-5.61108922958374,-4.206057071685791,-3.3384714126586914,-3.182955741882324,-3.7369163036346436,-4.492766857147217,-4.650241374969482,-3.511107921600342,-1.9489022493362427,0.22149737179279327,3.8670639991760254,5.5430145263671875,4.188324451446533,1.7226698398590088,-0.7800680994987488
0.11655808240175247,-5.2605109214782715,-7.191377639770508,-7.442939281463623,-5.5440521240234375,-6.20711612701416,-6.374521732330322,-7.322342872619629,-8.148508071899414,-7.873335838317871,-6.966991901397705,-6.544303894042969,-7.009124279022217,-7.875678062438965,-8.333354949951172,-8.490110397338867,-9.011831283569336,-9.875533103942871,-10.597421646118164,-10.873381614685059,-10.60391902923584,-9.98330020904541,-9.409173011779785,-9.066564559936523,-8.912025451660156,-8.5348539352417,-7.797183990478516,-6.786821365356445,-5.435956954956055,-3.8762519359588623,-2.6945037841796875,-2.313825845718384,-3.0430688858032227,-4.692309856414795,-5.195266246795654,-3.3665504455566406,-1.5704667568206787,-0.08011770993471146,3.2422897815704346,5.045769214630127,3.5097711086273193,0.9140096306800842,-1.3157275915145874
0.3225823938846588,-2.1827778816223145,-4.525418281555176,-5.088457107543945,-3.1359002590179443,-3.802065372467041,-4.892491340637207,-6.4665069580078125,-7.13213586807251,-7.047041416168213,-6.916914939880371,-6.818078994750977,-6.489056587219238,-6.796633720397949,-7.639875888824463,-8.404647827148438,-9.347429275512695,-10.456136703491211,-11.2109956741333,-11.251596450805664,-10.551656723022461,-9.513625144958496,-8.737897872924805,-8.55516529083252,-8.836482048034668,-8.923800468444824,-8.334473609924316,-7.163962364196777,-5.671193599700928,-3.998660087585449,-2.61686372756958,-2.086057186126709,-2.4723358154296875,-4.002725601196289,-5.268054008483887,-3.6629881858825684,-1.251114845275879,0.18049949407577515,2.6984667778015137,3.982362747192383,2.5555214881896973,0.3436430096626282,-1.4470793008804321
0.2839564085006714,-1.2303625345230103,-2.2881243228912354,-2.831120014190674,-1.0943191051483154,-1.636352300643921,-2.751980781555176,-4.504642486572266,-5.492758274078369,-5.530561447143555,-5.817667484283447,-6.418546676635742,-6.2033915519714355,-6.033624172210693,-7.182075500488281,-8.6481351852417,-9.980657577514648,-11.035079956054688,-11.664795875549316,-11.700461387634277,-10.890105247497559,-9.463385581970215,-8.161571502685547,-7.5759196281433105,-7.8149943351745605,-8.385379791259766,-8.473384857177734,-7.79497766494751,-6.532831192016602,-4.80814790725708,-2.998760938644409,-1.9913969039916992,-1.9306620359420776,-2.7711293697357178,-3.8887691497802734,-3.0010838508605957,-0.9009703993797302,0.44616520404815674,2.409327983856201,3.177811861038208,1.7291556596755981,-0.045155495405197144,-1.2604568004608154
0.14414800703525543,-1.0867770910263062,-1.129716157913208,-1.31545889377594,0.5702559947967529,-0.17652013897895813,-1.2162188291549683,-2.816720962524414,-3.63822603225708,-3.823892831802368,-4.200329780578613,-5.08021879196167,-5.453817844390869,-5.2184529304504395,-6.240114212036133,-8.320417404174805,-10.095295906066895,-11.291053771972656,-11.856898307800293,-11.82804012298584,-10.911882400512695,-9.276337623596191,-7.658357620239258,-6.6236395835876465,-6.4521965980529785,-6.988497734069824,-7.576286792755127,-7.609261512756348,-6.896199703216553,-5.453417778015137,-3.5049145221710205,-1.8345791101455688,-1.0986334085464478,-1.3897206783294678,-2.3405988216400146,-1.6159687042236328,0.4129848778247833,1.0575264692306519,2.1866769790649414,3.004133701324463,1.672284483909607,-0.10162697732448578,-1.1212317943572998
0.13172154128551483,-1.1001746654510498,-0.7916853427886963,-0.63197261095047,1.3492190837860107,0.7849408388137817,-0.41194963455200195,-1.1905415058135986,-1.5062260627746582,-1.8344093561172485,-2.628607988357544,-3.6875717639923096,-4.338746547698975,-4.144737720489502,-4.696238994598389,-6.938452243804932,-9.115307807922363,-10.610916137695312,-11.420595169067383,-11.417318344116211,-10.451382637023926,-8.902009963989258,-7.28997802734375,-5.842318534851074,-5.096630096435547,-5.299466609954834,-5.955863952636719,-6.490045547485352,-6.489799499511719,-5.526400566101074,-3.6679203510284424,-1.7111655473709106,-0.41504818201065063,-0.054781731218099594,-0.6990317106246948,-0.4605109691619873,1.6043243408203125,2.412707805633545,2.5454506874084473,3.048114061355591,2.174637794494629,0.27981987595558167,-1.0157074928283691
0.21837781369686127,-1.6292544603347778,-0.6955453157424927,-0.41961491107940674,1.1636101007461548,1.1006594896316528,0.15722766518592834,-0.00741572817787528,0.4304085373878479,0.4440900385379791,-0.7134391069412231,-2.196300745010376,-3.2204809188842773,-3.1401631832122803,-3.2579727172851562,-5.096102237701416,-7.274514198303223,-8.816844940185547,-9.860151290893555,-10.407245635986328,-10.243579864501953,-9.432058334350586,-8.05160140991211,-6.160892009735107,-4.529885768890381,-3.9413652420043945,-4.307518005371094,-4.9299468994140625,-5.300093650817871,-5.014459133148193,-3.6536362171173096,-1.6024785041809082,0.09463265538215637,0.9154161810874939,0.8080483675003052,0.8052370548248291,2.221442222595215,3.423605442047119,3.423584222793579,3.2993156909942627,2.6296284198760986,0.8379055857658386,-0.8388354778289795
0.41160500049591064,-2.345524787902832,-1.1054885387420654,-0.746997058391571,0.32070666551589966,0.8968379497528076,0.6912137269973755,0.6832442283630371,1.4198579788208008,1.765985131263733,0.7991642355918884,-0.8480902314186096,-2.1377358436584473,-2.27795147895813,-2.260847568511963,-3.6371500492095947,-5.583251953125,-6.935335636138916,-7.877325057983398,-9.118942260742188,-10.572033882141113,-11.188352584838867,-10.278263092041016,-8.103913307189941,-5.540135383605957,-3.693898916244507,-3.150808334350586,-3.5424749851226807,-3.8875133991241455,-3.778578281402588,-3.0572123527526855,-1.50071120262146,0.42067793011665344,1.6471465826034546,1.9512419700622559,2.0079188346862793,2.742945909500122,3.7365963459014893,3.9498131275177,3.559596300125122,2.6991381645202637,1.1568424701690674,-0.6951799392700195
0.7224096059799194,-3.0380618572235107,-1.9168297052383423,-1.112350344657898,-0.30055227875709534,0.30887705087661743,0.8298821449279785,1.0512245893478394,1.7027560472488403,2.111905574798584,1.3856230974197388,-0.06276782602071762,-1.213503360748291,-1.4390857219696045,-1.6591626405715942,-2.8844587802886963,-4.552824020385742,-5.584725856781006,-6.291929244995117,-7.88010311126709,-10.395781517028809,-12.161872863769531,-12.075126647949219,-10.37314224243164,-7.657832622528076,-4.862162113189697,-2.9928388595581055,-2.5505266189575195,-2.799652099609375,-2.570561170578003,-1.835648536682129,-0.7712520360946655,0.6931794285774231,2.007956027984619,2.6357173919677734,2.8792989253997803,3.26419997215271,3.760519027709961,3.910151243209839,3.4508168697357178,2.3755078315734863,0.9048720002174377,-0.8127508759498596
