data/wind_data/wind_49_0.json
{"header": {"parameterUnit": "KT", "parameterCategory": 2, "nx": 255, "ny": 198, "lo1": 44.73521041870117, "la1": -3.236724853515625, "lo2": 111.26478576660156, "la2": 43.468475341796875, "dx": 0.26192745566368103, "dy": -0.23708222806453705, "refTime": "2025-02-21 01:00:00", "forecastTime": 0, "parameterNumber": 2, "parameterNumberName": "eastward_wind"}, "data":
[rows 57 to 75 of 198, columns 129 to 171 of 255]
-2.171767234802246,0.18487560749053955,0.7491560578346252,0.6177831292152405,-1.2621474266052246,-5.404987812042236,-8.573636054992676,-9.501474380493164,-9.560755729675293,-8.687880516052246,-8.420741081237793,-10.166556358337402,-11.277071952819824,-11.015353202819824,-10.75468635559082,-11.623044967651367,-12.169697761535645,-11.782915115356445,-11.752045631408691,-10.997029304504395,-9.93608570098877,-10.755475997924805,-10.809106826782227,-8.704560279846191,-8.653980255126953,-9.8985013961792,-8.873263359069824,-7.945924758911133,-8.910323143005371,-10.422698974609375,-10.285983085632324,-8.284481048583984,-8.016290664672852,-10.57619857788086,-11.314857482910156,-10.004136085510254,-10.11665153503418,-10.665196418762207,-10.573022842407227,-10.5423002243042,-11.281956672668457,-11.831596374511719,-11.972709655761719
-0.47429221868515015,0.9500648379325867,0.691672146320343,-0.03385305032134056,-0.598378598690033,-3.67423415184021,-7.4237165451049805,-8.507318496704102,-9.336877822875977,-8.79211139678955,-7.210470199584961,-8.758925437927246,-10.955367088317871,-10.37152099609375,-9.798676490783691,-10.7869291305542,-11.76082992553711,-9.85415267944336,-8.197297096252441,-10.001514434814453,-11.573863983154297,-10.364218711853027,-8.653528213500977,-8.692572593688965,-9.42459774017334,-9.048958778381348,-9.245668411254883,-10.12777042388916,-10.27872085571289,-9.517464637756348,-8.893922805786133,-9.249542236328125,-9.829075813293457,-10.162224769592285,-9.699435234069824,-8.685327529907227,-8.2821626663208,-9.075356483459473,-9.630837440490723,-9.855968475341797,-10.441422462463379,-10.994250297546387,-11.571290969848633
0.6799328923225403,1.6024526357650757,1.1989045143127441,-0.04219130426645279,0.23768752813339233,-1.3770315647125244,-6.9584455490112305,-8.224200248718262,-8.638115882873535,-9.444125175476074,-10.097899436950684,-10.456053733825684,-9.48219108581543,-9.563788414001465,-10.324793815612793,-10.159783363342285,-10.297779083251953,-10.574030876159668,-9.310361862182617,-9.17888355255127,-11.059751510620117,-9.669368743896484,-7.220476150512695,-8.278273582458496,-8.947072982788086,-7.6181817054748535,-7.8729753494262695,-8.841358184814453,-8.717779159545898,-7.477959632873535,-7.178961277008057,-9.58161449432373,-10.071945190429688,-8.528397560119629,-8.168352127075195,-8.644330978393555,-8.689306259155273,-8.70266342163086,-9.697675704956055,-10.08662223815918,-10.044241905212402,-10.485502243041992,-10.83266544342041
0.37491297721862793,1.2365150451660156,1.9023962020874023,1.036803126335144,0.5245773792266846,-0.019735531881451607,-4.67176628112793,-8.529366493225098,-8.385472297668457,-7.872339248657227,-8.349604606628418,-9.583724975585938,-10.513102531433105,-10.155792236328125,-9.74134349822998,-9.454122543334961,-8.841259956359863,-9.061461448669434,-10.317688941955566,-10.44379711151123,-8.77397346496582,-8.729469299316406,-9.962864875793457,-9.427989959716797,-8.097692489624023,-7.789574146270752,-8.654601097106934,-8.585711479187012,-6.958527088165283,-7.289552211761475,-9.144291877746582,-9.369405746459961,-8.733527183532715,-8.692068099975586,-8.25383472442627,-7.2385125160217285,-7.287477970123291,-7.797375679016113,-8.527289390563965,-9.162860870361328,-9.413810729980469,-9.767923355102539,-9.920732498168945
1.5155866146087646,1.8285337686538696,3.100996255874634,2.6041200160980225,1.5340200662612915,1.138828158378601,-1.6685856580734253,-8.019789695739746,-8.940889358520508,-8.572784423828125,-9.118179321289062,-9.076821327209473,-8.780433654785156,-8.924359321594238,-9.730036735534668,-9.551713943481445,-8.63359546661377,-8.050436973571777,-9.05443286895752,-10.202988624572754,-9.687594413757324,-8.377191543579102,-8.334088325500488,-8.877920150756836,-8.549113273620605,-7.9737935066223145,-7.938648223876953,-8.329263687133789,-8.34970474243164,-8.389848709106445,-7.974275588989258,-6.881343841552734,-7.808507919311523,-9.242135047912598,-7.698444843292236,-6.567687034606934,-6.864580154418945,-7.311318874359131,-8.25402545928955,-8.654706954956055,-8.787569046020508,-8.875592231750488,-8.682549476623535
1.5225735902786255,4.0724358558654785,4.078310966491699,3.838517189025879,3.122068166732788,1.680222749710083,-1.6974927186965942,-7.0144500732421875,-8.809263229370117,-9.587918281555176,-9.650334358215332,-9.023926734924316,-8.853493690490723,-8.994529724121094,-9.34010124206543,-9.698318481445312,-9.268996238708496,-8.3501615524292,-8.559372901916504,-8.974388122558594,-8.159802436828613,-8.073914527893066,-9.565967559814453,-9.04362678527832,-8.294652938842773,-7.989809513092041,-6.598108768463135,-7.289671421051025,-8.514972686767578,-7.496838092803955,-6.680472373962402,-6.669949531555176,-6.785493850708008,-7.441763401031494,-7.493781566619873,-6.787880897521973,-6.4292449951171875,-6.8089447021484375,-7.775509357452393,-8.287775993347168,-8.359432220458984,-8.519594192504883,-8.314644813537598
-0.1201772466301918,3.610971689224243,4.6895575523376465,4.085892200469971,3.709120988845825,3.9191408157348633,1.1219778060913086,-4.092916488647461,-6.604877948760986,-8.750726699829102,-9.420092582702637,-7.62860631942749,-6.847559452056885,-7.257687568664551,-7.820883750915527,-8.963031768798828,-9.248819351196289,-8.570841789245605,-8.602903366088867,-8.639486312866211,-7.890975475311279,-8.522042274475098,-9.329660415649414,-7.700958251953125,-7.85736083984375,-8.674646377563477,-7.107170581817627,-6.735860347747803,-7.585474967956543,-7.37327241897583,-6.675305366516113,-6.889050483703613,-7.289477825164795,-7.065526008605957,-6.383367538452148,-5.7951178550720215,-5.770547866821289,-6.1240363121032715,-7.02202033996582,-7.7769341468811035,-8.146829605102539,-8.244970321655273,-8.228921890258789
-1.462876319885254,2.1741740703582764,4.105403423309326,3.8592591285705566,3.757978677749634,3.9759998321533203,2.4631831645965576,-2.1510374546051025,-2.495131492614746,-3.6195263862609863,-6.831827163696289,-6.995935916900635,-8.143575668334961,-9.1865816116333,-9.135162353515625,-9.955564498901367,-10.250244140625,-8.926544189453125,-8.401752471923828,-8.362088203430176,-8.219714164733887,-8.314873695373535,-8.150259971618652,-7.602005481719971,-7.416962146759033,-6.392909049987793,-6.305665969848633,-7.456029415130615,-6.342381000518799,-5.670805931091309,-6.236298084259033,-6.9215407371521,-7.018126010894775,-6.673556804656982,-6.566434860229492,-6.201198577880859,-5.605891227722168,-5.741969108581543,-6.3606791496276855,-6.948231220245361,-7.767465591430664,-7.877310276031494,-7.983781814575195
-0.09493172913789749,0.8907853364944458,1.3910151720046997,2.8395771980285645,3.7210195064544678,3.78739333152771,3.8353965282440186,-0.5506072640419006,-2.451555013656616,-4.051151275634766,-7.472667217254639,-6.784657001495361,-7.850874423980713,-8.827780723571777,-8.585380554199219,-9.065070152282715,-9.606428146362305,-9.118868827819824,-8.651111602783203,-8.631111145019531,-8.190324783325195,-7.715039253234863,-7.7497029304504395,-7.738791465759277,-6.920482158660889,-5.894318103790283,-6.358918190002441,-6.506296634674072,-5.508857727050781,-6.012276649475098,-6.38706111907959,-5.907434463500977,-6.249122619628906,-6.775586128234863,-6.280898571014404,-6.029222011566162,-5.470333099365234,-5.339127540588379,-6.1395263671875,-6.566349506378174,-7.165800094604492,-7.40934419631958,-7.540392875671387
1.117716670036316,0.4927932620048523,-0.1036553755402565,0.9920675754547119,1.7547705173492432,2.631671190261841,3.119476795196533,-1.5070933103561401,-4.904682159423828,-6.408553123474121,-7.930689334869385,-6.982874870300293,-7.360196590423584,-8.017574310302734,-8.10586166381836,-8.355512619018555,-8.48769474029541,-8.510536193847656,-8.581642150878906,-8.059971809387207,-7.401817798614502,-7.305837631225586,-7.743706226348877,-7.71085262298584,-6.659047603607178,-5.813043117523193,-5.634892463684082,-5.4444260597229,-5.466660022735596,-5.2386794090271,-5.133437633514404,-5.69374418258667,-6.312995910644531,-6.524516582489014,-6.0163984298706055,-5.044029235839844,-4.931055545806885,-5.5214738845825195,-6.045220375061035,-6.503157615661621,-6.671830177307129,-6.859134674072266,-6.916864395141602
0.5688555836677551,0.033751893788576126,0.19757048785686493,-0.09002380073070526,-0.3231498897075653,1.8928606510162354,2.5610697269439697,-2.723843574523926,-5.852522373199463,-6.537208080291748,-6.913568496704102,-6.332889556884766,-7.1330246925354,-7.424115180969238,-7.667880058288574,-7.75295877456665,-7.997736930847168,-7.906891345977783,-7.704423904418945,-7.130991458892822,-6.636076927185059,-6.453991413116455,-6.672049045562744,-6.357045650482178,-5.778769493103027,-5.329930782318115,-5.275814056396484,-5.1012444496154785,-4.6784868240356445,-4.640694618225098,-4.679051876068115,-4.732112884521484,-5.2680888175964355,-6.075035095214844,-6.151669502258301,-5.870649814605713,-5.4582295417785645,-5.650984287261963,-6.034778118133545,-6.1575398445129395,-6.324306011199951,-6.338663578033447,-6.2785820960998535
-1.3208638429641724,-2.1975600719451904,-2.1767497062683105,-1.416450023651123,-0.7763034701347351,1.3564342260360718,1.9095162153244019,-3.4277403354644775,-6.101361274719238,-5.971653461456299,-5.980835914611816,-6.287776470184326,-6.8648457527160645,-6.684195041656494,-7.085966110229492,-7.206984519958496,-7.334640026092529,-6.120392322540283,-6.904812812805176,-7.360790729522705,-5.928442001342773,-5.774430274963379,-6.017440319061279,-5.610030651092529,-5.518529891967773,-5.295858860015869,-4.883862018585205,-4.591030120849609,-3.83660626411438,-3.587185859680176,-3.8320367336273193,-4.1137166023254395,-4.700299263000488,-5.26695442199707,-5.533324718475342,-5.80034065246582,-5.945250034332275,-5.9069600105285645,-5.911525726318359,-5.881472110748291,-5.8647260665893555,-5.813218593597412,-5.6845855712890625
-4.135056972503662,-4.345859050750732,-2.864807367324829,-1.2131882905960083,-1.0246355533599854,1.5639029741287231,1.8519741296768188,-4.5774688720703125,-6.722928047180176,-5.419510841369629,-4.78012228012085,-5.67357873916626,-7.2082672119140625,-6.410527229309082,-7.087914943695068,-7.79929256439209,-8.003015518188477,-7.904000282287598,-7.3159260749816895,-6.0377421379089355,-5.483692646026611,-5.633757591247559,-5.644317626953125,-5.429957389831543,-5.046370983123779,-5.222869396209717,-5.2270331382751465,-4.582666873931885,-3.8288285732269287,-3.5591955184936523,-3.7714836597442627,-4.113549709320068,-4.49952507019043,-4.9725847244262695,-5.247864246368408,-5.455975532531738,-5.5285210609436035,-5.494209289550781,-5.464595317840576,-5.402482509613037,-5.389819622039795,-5.247676372528076,-5.08862829208374
-5.157427787780762,-5.1664204597473145,-3.289677143096924,-1.6003025770187378,-0.7644713521003723,1.0940557718276978,-0.7984280586242676,-6.111293792724609,-5.427840232849121,-3.1600492000579834,-3.7837483882904053,-6.0693135261535645,-6.797242164611816,-5.85784912109375,-6.714304447174072,-7.611103534698486,-7.79824161529541,-7.169783592224121,-6.855381488800049,-6.549927711486816,-5.635418891906738,-4.6419291496276855,-4.5083441734313965,-5.034455299377441,-5.225372314453125,-5.254712104797363,-5.544497013092041,-5.110474586486816,-4.254015922546387,-3.8490347862243652,-3.773207187652588,-3.9887425899505615,-4.252692222595215,-4.795872211456299,-5.0301713943481445,-5.013298511505127,-5.030773639678955,-4.859134197235107,-4.6780900955200195,-4.599660396575928,-4.685906410217285,-4.66722297668457,-4.633594989776611
-4.9582905769348145,-4.560453414916992,-2.2711148262023926,-0.7934234738349915,0.20649373531341553,1.812849998474121,-2.0280370712280273,-5.872575283050537,-3.957068920135498,-2.86527681350708,-4.117217540740967,-6.5392584800720215,-6.539226055145264,-5.443458080291748,-5.973880290985107,-6.613255023956299,-6.763994216918945,-6.728736877441406,-6.12819766998291,-5.001138687133789,-5.084165573120117,-5.599362373352051,-4.671960830688477,-4.098270416259766,-4.783069133758545,-5.033900260925293,-5.2662458419799805,-5.240229606628418,-4.195926666259766,-3.920513868331909,-3.9666876792907715,-4.014072418212891,-4.219773292541504,-4.443181991577148,-4.815040588378906,-4.676181316375732,-4.641627788543701,-4.491252422332764,-4.1588921546936035,-3.861276626586914,-3.8701493740081787,-4.0206756591796875,-4.20521879196167
-5.143538951873779,-4.283348560333252,-1.6477339267730713,-0.0849367082118988,0.9021854400634766,2.4202723503112793,-1.10310697555542,-4.824645519256592,-3.9971001148223877,-4.1544013023376465,-4.560413360595703,-5.438329696655273,-6.064799785614014,-5.773850440979004,-5.9827775955200195,-6.474690914154053,-6.440064907073975,-6.452609539031982,-5.702353477478027,-4.7987565994262695,-5.133841514587402,-6.103447914123535,-5.375675201416016,-4.610640525817871,-4.691463947296143,-4.5168890953063965,-5.004706382751465,-5.0213422775268555,-4.703455448150635,-4.270092487335205,-3.6576344966888428,-3.685288906097412,-3.5855422019958496,-3.6763720512390137,-3.9951906204223633,-4.04634428024292,-4.189471244812012,-4.143189430236816,-4.031126022338867,-3.8176639080047607,-3.694005250930786,-3.7229714393615723,-3.7422802448272705
-5.885236740112305,-4.522902965545654,-0.6279476881027222,1.5438015460968018,1.9419234991073608,2.2427480220794678,-0.9131566286087036,-3.8756399154663086,-3.734759569168091,-4.318454742431641,-4.491060256958008,-4.475975036621094,-5.198020935058594,-5.734211444854736,-6.112448215484619,-6.546617031097412,-6.348433017730713,-5.7202630043029785,-5.598992824554443,-5.355258941650391,-5.132457733154297,-5.164722919464111,-3.486125946044922,-3.6530749797821045,-6.286799430847168,-6.263020038604736,-4.501776218414307,-4.658663749694824,-4.812839031219482,-4.27794075012207,-3.5130693912506104,-3.185995101928711,-3.2428715229034424,-3.400414228439331,-3.5487570762634277,-3.4158236980438232,-3.617027997970581,-3.931131601333618,-4.028144836425781,-3.9360055923461914,-3.8172106742858887,-3.6409575939178467,-3.4723775386810303
-5.939600467681885,-3.9181554317474365,-0.17628780007362366,2.201768398284912,2.659419059753418,1.625852108001709,-1.0851266384124756,-2.528498649597168,-1.4393631219863892,-1.8181979656219482,-4.321500301361084,-3.8468668460845947,-4.070899486541748,-5.360259532928467,-6.011970520019531,-6.3575119972229,-5.9098615646362305,-5.376080513000488,-5.297847270965576,-5.2888054847717285,-5.280293941497803,-4.71071195602417,-3.63108229637146,-4.497184753417969,-5.755598545074463,-5.702194690704346,-5.9017157554626465,-4.495184898376465,-2.5410661697387695,-3.829394817352295,-3.835196018218994,-2.912867307662964,-3.2916717529296875,-3.3764889240264893,-3.481257677078247,-3.1386959552764893,-3.1214487552642822,-3.590468406677246,-3.7255465984344482,-3.6946980953216553,-3.7433316707611084,-3.56599497795105,-3.385899782180786
-4.2592387199401855,-3.1294898986816406,-0.8275213241577148,0.660777747631073,1.2745410203933716,-0.34534239768981934,-2.2226710319519043,-1.0109015703201294,0.02369113080203533,-1.8001593351364136,-2.6162655353546143,-3.516331672668457,-4.1092448234558105,-4.480594635009766,-5.267272472381592,-5.527419090270996,-5.4499664306640625,-5.262706756591797,-5.153443336486816,-5.086224555969238,-4.894378185272217,-4.5743021965026855,-4.3369574546813965,-4.690043926239014,-5.357950687408447,-5.049632549285889,-4.406517028808594,-4.3119025230407715,-3.739659547805786,-3.6879522800445557,-3.6204288005828857,-3.1911420822143555,-3.3290321826934814,-3.3251237869262695,-3.138521194458008,-2.9044268131256104,-2.9050498008728027,-3.2363381385803223,-3.3166606426239014,-3.252354860305786,-3.173524856567383,-3.113849639892578,-3.147024631500244
