data/wind_data/wind_70_7.json
{"header": {"parameterUnit": "KT", "parameterCategory": 2, "nx": 256, "ny": 198, "lo1": 44.73521041870117, "la1": -3.236724853515625, "lo2": 111.26478576660156, "la2": 43.468475341796875, "dx": 0.2609002888202667, "dy": -0.23708222806453705, "refTime": "2025-02-21 22:00:00", "forecastTime": 0, "parameterNumber": 2, "parameterNumberName": "eastward_wind"}, "data":
[rows 120 to 139 of 198, columns 44 to 87 of 256]
114.20413208007812,113.3305892944336,111.83946228027344,109.26577758789062,106.3491439819336,103.82535552978516,101.27417755126953,98.06529998779297,94.29753112792969,90.98478698730469,89.49585723876953,90.01112365722656,91.13253021240234,91.65827178955078,91.42444610595703,90.14277648925781,87.42898559570312,84.27969360351562,82.2127685546875,81.69515991210938,82.78056335449219,84.81926727294922,86.40018463134766,87.27359771728516,87.88414764404297,87.40878295898438,85.30464172363281,82.95216369628906,81.87577056884766,82.27426147460938,83.25454711914062,83.75495147705078,83.78266906738281,83.46772003173828,81.9411849975586,79.54243469238281,78.2045669555664,78.62225341796875,79.71022033691406,80.49018859863281,80.58805084228516,80.31803131103516,80.28834533691406,80.2301025390625
113.24490356445312,112.23741149902344,109.86556243896484,106.25714874267578,102.89486694335938,100.44426727294922,97.99742889404297,95.04957580566406,92.43028259277344,91.08333587646484,91.2956771850586,92.1990737915039,91.99292755126953,90.16410064697266,88.09188842773438,86.5253677368164,85.14399719238281,84.20147705078125,84.01370239257812,84.21601104736328,85.02754974365234,86.36119842529297,87.17930603027344,87.57022094726562,87.21973419189453,84.9084701538086,82.0577621459961,81.36834716796875,82.68575286865234,83.96590423583984,84.31580352783203,84.01730346679688,83.53813934326172,83.05438232421875,82.10580444335938,80.32527160644531,78.5949478149414,78.13352966308594,78.783203125,79.48870086669922,79.67314147949219,79.53913879394531,79.31346893310547,78.77661895751953
112.51185607910156,110.49496459960938,106.8228759765625,102.81476593017578,99.91312408447266,97.83899688720703,95.84386444091797,94.01610565185547,92.82423400878906,92.8624038696289,93.88224792480469,93.80883026123047,91.07032775878906,87.3604736328125,85.32315063476562,85.12760162353516,85.30581665039062,85.36028289794922,85.33840942382812,85.2363510131836,85.83183288574219,87.01675415039062,87.52162170410156,86.9777603149414,84.96298217773438,81.99070739746094,80.72086334228516,82.08193969726562,83.91545867919922,84.56549072265625,84.37078857421875,84.0025405883789,83.54924774169922,83.02069091796875,82.34759521484375,80.928955078125,78.82167053222656,77.48993682861328,77.61055755615234,78.20565795898438,78.49720001220703,78.49488830566406,78.12214660644531,77.55061340332031
111.66206359863281,107.9698257446289,103.13817596435547,99.5595474243164,97.89307403564453,96.80921173095703,95.80717468261719,94.84600067138672,94.09893035888672,94.51685333251953,95.14625549316406,93.17571258544922,88.82318115234375,85.48072052001953,85.01749420166016,85.99781036376953,86.2558822631836,85.45536041259766,84.6269302368164,84.95511627197266,86.7038803100586,88.1119155883789,87.35553741455078,84.93777465820312,82.26940155029297,80.88011169433594,81.50215148925781,82.84080505371094,83.7012710571289,84.0965347290039,84.24580383300781,84.14146423339844,83.8908462524414,83.59048461914062,82.95387268066406,81.4351577758789,79.06939697265625,77.02223205566406,76.48912048339844,77.1982650756836,78.10462188720703,78.4619140625,78.00395965576172,77.5848388671875
109.98712158203125,104.83226776123047,99.76958465576172,97.22844696044922,97.14620208740234,97.58228302001953,97.39566802978516,96.12706756591797,94.8241195678711,94.86402893066406,94.14082336425781,90.72630310058594,87.1168212890625,86.05908966064453,86.63652038574219,86.77648162841797,85.88272857666016,84.51848602294922,84.01869201660156,85.9383544921875,88.72008514404297,88.72908020019531,85.819580078125,82.66597747802734,81.17076110839844,81.26239013671875,81.86155700683594,82.6432876586914,83.58551025390625,84.21299743652344,84.22085571289062,84.02285766601562,84.1229248046875,84.18522644042969,83.52610778808594,81.76904296875,79.12423706054688,76.75151062011719,75.94303894042969,76.64540100097656,77.93367004394531,78.93904876708984,78.98676300048828,78.75186920166016
107.12528991699219,101.62461853027344,97.65324401855469,96.69532012939453,97.96402740478516,98.99053192138672,98.47024536132812,96.53974151611328,94.93169403076172,94.11412048339844,91.89683532714844,88.64139556884766,87.07974243164062,87.40859985351562,87.62963104248047,86.83837127685547,85.70502471923828,84.5625,84.90332794189453,88.27198791503906,90.62681579589844,88.20325469970703,84.33062744140625,82.32056427001953,81.47721099853516,81.08605194091797,81.54022216796875,82.79276275634766,84.048828125,84.35970306396484,83.8225326538086,83.5574722290039,83.95905303955078,84.11613464355469,83.33081817626953,81.61578369140625,79.28759002685547,77.240478515625,76.36151123046875,76.60575103759766,77.62238311767578,79.00623321533203,79.65890502929688,79.67655181884766
103.55516052246094,99.54632568359375,97.7678451538086,98.20710754394531,99.2486801147461,98.71894836425781,97.1263198852539,96.11976623535156,95.30754852294922,93.0970687866211,89.95745849609375,88.18791198730469,87.97503662109375,88.16838073730469,88.02499389648438,87.26335906982422,86.30094146728516,85.42217254638672,86.76575469970703,90.6983642578125,90.90032958984375,86.82013702392578,83.8984375,82.8013916015625,81.81832885742188,81.17974853515625,81.5803451538086,82.70986938476562,83.5654525756836,83.4959945678711,83.05424499511719,83.15918731689453,83.50543212890625,83.3364486694336,82.61214447021484,81.34876251220703,79.75737762451172,78.46915435791016,77.638671875,76.92041015625,77.16162872314453,78.74700164794922,79.69864654541016,79.8710708618164
100.84082794189453,99.6927261352539,99.83724975585938,100.44815063476562,98.93739318847656,95.39592742919922,94.33515930175781,96.01606750488281,95.6208267211914,92.73208618164062,90.25810241699219,88.87528991699219,88.24940490722656,88.34201049804688,88.46202850341797,87.81134796142578,86.6960678100586,86.12915802001953,88.3427963256836,91.70085906982422,90.2235107421875,85.95093536376953,83.73946380615234,82.79971313476562,81.81983184814453,81.24957275390625,81.43647003173828,81.90300750732422,82.08262634277344,82.0958480834961,82.4459457397461,83.00467681884766,83.01289367675781,82.53273010253906,81.96847534179688,81.24684143066406,80.45221710205078,79.72474670410156,78.9666976928711,77.38993072509766,76.31190490722656,78.37920379638672,80.52739715576172,80.30760192871094
100.7020034790039,101.53804779052734,101.91858673095703,100.36103057861328,95.44818878173828,91.64007568359375,93.29912567138672,96.27998352050781,96.05547332763672,94.07428741455078,91.7563705444336,89.4109878540039,88.05180358886719,87.93419647216797,88.165771484375,87.81331634521484,86.95874786376953,86.87387084960938,89.20214080810547,91.49571228027344,89.7041244506836,86.09117126464844,83.91532897949219,82.70172882080078,81.65946197509766,81.05496215820312,81.04962921142578,81.24164581298828,81.32122039794922,81.68489074707031,82.55136108398438,83.14871978759766,82.88362884521484,82.18710327148438,81.73704528808594,81.63032531738281,81.51653289794922,80.8487319946289,80.05221557617188,78.46453857421875,75.68604278564453,77.55278015136719,82.3841552734375,81.42179870605469
102.51431274414062,102.99677276611328,101.43443298339844,96.87128448486328,91.22944641113281,90.68302917480469,94.85765838623047,97.55914306640625,97.43602752685547,95.57627868652344,92.21934509277344,89.02737426757812,87.66230010986328,87.9222183227539,88.42601013183594,88.24034881591797,87.7154769897461,87.85982513427734,89.68102264404297,91.2393798828125,89.7009506225586,86.70592498779297,84.40813446044922,82.74284362792969,81.52474975585938,81.02334594726562,81.17158508300781,81.44310760498047,81.60858917236328,82.10335540771484,83.03983306884766,83.5381088256836,83.00303649902344,82.01969146728516,81.69058227539062,82.25589752197266,83.0595932006836,82.4395523071289,80.76163482666016,79.22206115722656,76.20352935791016,76.36990356445312,82.97264862060547,83.16438293457031
103.39329528808594,101.43138122558594,97.72792053222656,92.68482971191406,89.07040405273438,92.32437896728516,98.0475845336914,99.51306915283203,97.99578857421875,94.77607727050781,90.87395477294922,88.62588500976562,88.6862564086914,89.72140502929688,90.0718994140625,89.45248413085938,88.94900512695312,89.07345581054688,89.93159484863281,90.85401916503906,90.06307220458984,87.62691497802734,84.9396743774414,82.74711608886719,81.55558013916016,81.49803924560547,81.9066162109375,82.01960754394531,81.892578125,82.15357208251953,82.8751449584961,83.40782165527344,83.04400634765625,82.1784439086914,82.19253540039062,83.06908416748047,84.0205307006836,83.60490417480469,81.60216522216797,79.73165130615234,77.25841522216797,76.17290496826172,81.0736083984375,83.60960388183594
101.8011245727539,97.84789276123047,94.056884765625,90.480712890625,88.98149871826172,94.79141998291016,100.96395874023438,99.91209411621094,96.13558959960938,92.32373046875,89.96904754638672,90.30614471435547,91.70188903808594,92.42037200927734,91.94672393798828,90.73999786376953,90.03865051269531,90.05461883544922,90.17255401611328,90.35498809814453,90.23745727539062,88.7177963256836,85.77777862548828,82.99627685546875,81.76187133789062,81.89631652832031,82.25426483154297,82.1150894165039,81.82205200195312,81.896728515625,82.35883331298828,82.83251953125,82.80836486816406,82.48893737792969,82.72147369384766,83.49899291992188,84.33818817138672,84.36973571777344,82.79461669921875,80.81755065917969,78.4273681640625,76.25070190429688,78.88619232177734,82.58851623535156
98.61701965332031,94.2362289428711,92.3368911743164,91.0593490600586,91.05339813232422,97.62854766845703,101.6298599243164,97.33149719238281,92.55229949951172,90.3468017578125,91.14888000488281,93.4288330078125,94.82697296142578,94.59884643554688,93.109130859375,91.25984954833984,90.3975601196289,90.53582000732422,90.6136245727539,90.67928314208984,90.79463195800781,89.54080963134766,86.54617309570312,83.55330657958984,82.080322265625,81.85946655273438,81.92345428466797,81.81513977050781,81.75321197509766,81.95559692382812,82.27900695800781,82.60595703125,82.77722930908203,82.7684555053711,82.94075012207031,83.57779693603516,84.66114044189453,85.10324096679688,83.65996551513672,81.69185638427734,79.71385955810547,77.10009765625,77.55513763427734,80.95207977294922
94.9223861694336,92.26903533935547,93.06640625,92.42618560791016,93.41992950439453,100.61444091796875,100.63278198242188,92.9566421508789,89.11825561523438,89.95928192138672,92.9579849243164,95.60295867919922,96.40880584716797,95.59539031982422,93.84008026123047,91.8987045288086,90.90193939208984,91.04698944091797,91.55482482910156,91.96894836425781,91.67195129394531,89.78334045410156,86.70343780517578,84.02532196044922,82.60208129882812,81.97045135498047,81.74585723876953,81.98794555664062,82.60260009765625,83.20904541015625,83.4186782836914,83.2713623046875,82.98851776123047,82.79950714111328,83.10952758789062,83.93325805664062,84.9400634765625,85.35228729248047,83.9917221069336,82.02588653564453,80.67452239990234,78.27546691894531,77.08362579345703,79.72382354736328
93.5483169555664,93.05331420898438,93.76983642578125,93.04827117919922,96.60845184326172,102.1093521118164,97.25125885009766,89.45861053466797,88.33279418945312,91.30643463134766,94.19300842285156,95.7947769165039,96.28160858154297,95.91590118408203,94.64334106445312,92.69270324707031,91.27242279052734,91.2353515625,92.12240600585938,92.7417221069336,91.903076171875,89.4549560546875,86.56242370605469,84.54153442382812,83.58780670166016,83.0899658203125,82.9159927368164,83.3500747680664,84.2096176147461,84.90926361083984,84.93832397460938,84.35748291015625,83.69402313232422,83.3280258178711,83.50277709960938,84.1561050415039,84.86405944824219,85.02214050292969,83.67659759521484,81.63890075683594,80.85762786865234,79.67510986328125,77.31329345703125,78.1636962890625
94.63966369628906,93.93856048583984,94.02452850341797,95.1854019165039,99.853271484375,99.80712890625,93.00263214111328,89.39994049072266,90.59419250488281,92.95860290527344,94.49739074707031,95.44815063476562,96.0340805053711,95.77046966552734,94.332763671875,92.18833923339844,90.7162857055664,90.72518157958984,91.69224548339844,92.36905670166016,91.60090637207031,89.59392547607422,87.47557067871094,86.05498504638672,85.38276672363281,85.01168823242188,84.78386688232422,85.0235824584961,85.7365493774414,86.35430908203125,86.314453125,85.6753921508789,84.90045928955078,84.24887084960938,83.92536163330078,84.07009887695312,84.35775756835938,84.20956420898438,82.8533706665039,80.8778305053711,80.39987182617188,80.45360565185547,78.53994750976562,77.29486846923828
95.47266387939453,94.52001953125,95.61004638671875,98.90721893310547,99.80181121826172,95.30118560791016,91.3687973022461,91.69165802001953,93.27120208740234,94.40387725830078,94.97283172607422,95.32516479492188,95.41336059570312,94.46199798583984,92.45429992675781,90.42013549804688,89.27750396728516,89.39019012451172,90.47010040283203,91.65568542480469,91.92137145996094,90.92501831054688,89.26009368896484,87.78535461425781,86.8251724243164,86.22943878173828,85.86061096191406,85.88794708251953,86.43328094482422,87.1026840209961,87.2940902709961,86.94709777832031,86.2862777709961,85.32437896728516,84.31194305419922,83.7214584350586,83.44071197509766,82.94950866699219,81.70874786376953,79.94978332519531,79.47439575195312,80.22126007080078,79.425048828125,77.50653076171875
96.13137817382812,95.74541473388672,98.35411071777344,100.54327392578125,97.22647857666016,92.99337005615234,92.57551574707031,94.10682678222656,95.1282958984375,95.23821258544922,94.96996307373047,94.6117172241211,93.88361358642578,92.36148834228516,90.38729858398438,88.83106231689453,88.0245132446289,88.14788055419922,89.42361450195312,91.24158477783203,92.23766326904297,91.60076904296875,89.97483825683594,88.494873046875,87.4899673461914,86.72361755371094,86.14521026611328,85.98875427246094,86.42540740966797,87.19117736816406,87.83349609375,88.13496398925781,87.81378173828125,86.61991882324219,84.95704650878906,83.53218841552734,82.56633758544922,81.75688934326172,80.65841674804688,79.15788269042969,78.42236328125,79.2127685546875,79.3702392578125,77.39834594726562
96.38203430175781,97.5114517211914,100.61749267578125,99.58513641357422,95.49641418457031,93.77672576904297,94.58013916015625,95.63432312011719,95.75077819824219,94.96553802490234,94.04839324951172,93.20909881591797,92.0787582397461,90.71035766601562,89.41739654541016,88.37586975097656,87.70130920410156,87.74691009521484,89.00604248046875,90.76309967041016,91.44915008544922,90.57919311523438,89.18177795410156,88.23992919921875,87.66041564941406,86.96459197998047,86.21753692626953,85.90245819091797,86.26057434082031,87.02154541015625,87.834716796875,88.53712463378906,88.5975112915039,87.5303726196289,85.63618469238281,83.6625747680664,82.18487548828125,81.16912841796875,80.0761489868164,78.68067932128906,77.7134780883789,78.03553771972656,78.35567474365234,76.4400405883789
97.05895233154297,99.66197967529297,100.75006866455078,98.1146469116211,95.64972686767578,95.26287841796875,95.71082305908203,95.85346221923828,95.2752685546875,94.04734802246094,92.8106460571289,91.95441436767578,91.2135238647461,90.4827651977539,89.67025756835938,88.73641967773438,88.0862045288086,88.12234497070312,88.78307342529297,89.4458999633789,89.55033111572266,89.11087799072266,88.51535034179688,88.02552795410156,87.50631713867188,86.69428253173828,85.80601501464844,85.4186019897461,85.72305297851562,86.40502166748047,87.13755798339844,87.81974792480469,88.08439636230469,87.30536651611328,85.38792419433594,83.14149475097656,81.47282409667969,80.42375183105469,79.5008544921875,78.49945068359375,77.58052825927734,77.0689468383789,76.74093627929688,75.01091003417969
