data/wind_data/wind_31_8.json
{"header": {"parameterUnit": "KT", "parameterCategory": 2, "nx": 256, "ny": 198, "lo1": 44.73521041870117, "la1": -3.236724853515625, "lo2": 111.26478576660156, "la2": 43.468475341796875, "dx": 0.2609002888202667, "dy": -0.23708222806453705, "refTime": "2025-02-20 07:00:00", "forecastTime": 0, "parameterNumber": 2, "parameterNumberName": "eastward_wind"}, "data":
[rows 0 to 18 of 198, columns 44 to 87 of 256]
-3.6676442623138428,-2.835785388946533,-2.5668697357177734,-2.7285196781158447,-2.4333698749542236,-1.9220761060714722,-2.0264077186584473,-2.199298620223999,-1.0403538942337036,0.33472830057144165,0.35016629099845886,-0.008793964982032776,-0.0880591869354248,-0.17853179574012756,-0.39226487278938293,-0.5092462301254272,-0.4892334043979645,-0.08467882126569748,0.8810409903526306,1.4648202657699585,1.495522379875183,2.057993173599243,3.1619253158569336,3.6700501441955566,3.7811269760131836,5.014919281005859,6.796893119812012,7.212972164154053,6.921125888824463,6.713257312774658,6.648406982421875,7.314826488494873,7.986210346221924,7.904623985290527,7.730006694793701,7.840607166290283,7.818633079528809,7.456815719604492,7.251678943634033,7.391140937805176,7.15981388092041,6.4311299324035645,6.0766520500183105,6.110808372497559
-4.827084541320801,-3.9627315998077393,-3.0758137702941895,-2.1560070514678955,-0.8826166391372681,-0.004163697361946106,-0.4545818865299225,-1.0671570301055908,-1.0076934099197388,-1.1820443868637085,-1.8950709104537964,-2.25614333152771,-1.924799919128418,-1.5481112003326416,-0.9940952658653259,-0.6035313606262207,-0.6739411950111389,-0.5976978540420532,-0.05903425067663193,0.4521957039833069,0.6601389646530151,0.9582558870315552,1.7828454971313477,3.109978437423706,4.505262851715088,6.106261730194092,7.11627197265625,6.8941521644592285,6.605727195739746,6.480159282684326,6.371800899505615,6.784472942352295,7.290371894836426,7.709381580352783,7.957292079925537,7.8858795166015625,7.940397262573242,7.949493885040283,7.562580585479736,6.8587141036987305,6.372920036315918,6.163711071014404,5.983539581298828,6.245071887969971
-7.357354640960693,-5.985278606414795,-4.415953159332275,-3.006350517272949,-2.1099536418914795,-1.9533817768096924,-1.8088833093643188,-1.4020296335220337,-1.5749176740646362,-2.1722326278686523,-2.3136954307556152,-1.920371174812317,-1.597877860069275,-1.625341773033142,-1.522360920906067,-1.1687003374099731,-0.9153374433517456,-1.1159056425094604,-1.2687935829162598,-0.9057784676551819,-0.37685126066207886,0.2502053380012512,1.1092069149017334,2.263509750366211,3.692744493484497,4.99653959274292,5.518691062927246,5.547256946563721,5.834514617919922,6.265170097351074,6.584105968475342,6.818336486816406,6.824580669403076,6.591143608093262,6.3064045906066895,6.476532936096191,7.050963401794434,7.073345184326172,6.3897833824157715,5.539031028747559,5.181173324584961,5.201906681060791,5.045458793640137,5.094933986663818
-9.125761032104492,-7.466867446899414,-5.69680118560791,-4.4127607345581055,-4.2291083335876465,-4.339672565460205,-3.161895990371704,-1.8883849382400513,-2.3748111724853516,-3.1566884517669678,-2.708595037460327,-1.7840723991394043,-1.447782039642334,-1.5863605737686157,-1.7860090732574463,-1.845062494277954,-1.7094656229019165,-1.9830247163772583,-2.483189105987549,-2.332754611968994,-1.62086820602417,-0.6260067224502563,0.2689012587070465,0.860037624835968,1.6734989881515503,2.4072580337524414,2.6620423793792725,3.088291883468628,3.866396903991699,4.4865641593933105,4.76179313659668,4.665402412414551,4.274134159088135,3.6146399974823,2.8079283237457275,2.763685941696167,3.58752703666687,4.028488636016846,3.834192991256714,3.4765615463256836,3.163121223449707,2.794243812561035,2.387406349182129,2.254477024078369
-11.410956382751465,-9.511650085449219,-7.758814811706543,-6.571013450622559,-5.2358856201171875,-3.7950687408447266,-3.3912177085876465,-4.077871322631836,-4.413875579833984,-3.7967936992645264,-3.4167191982269287,-3.1321773529052734,-3.0521981716156006,-3.350921869277954,-3.940642833709717,-4.759260654449463,-5.593809604644775,-6.233447074890137,-6.260007381439209,-5.6551055908203125,-4.609348773956299,-3.1788735389709473,-2.231600522994995,-2.222590684890747,-2.5222110748291016,-2.637859582901001,-2.336841344833374,-1.2737581729888916,-0.06265482306480408,0.4247680902481079,0.23821671307086945,-0.01844426430761814,-0.1549689918756485,-0.6211358308792114,-1.8496390581130981,-2.62182354927063,-1.4946097135543823,0.27006882429122925,1.190083622932434,1.4933595657348633,1.1613903045654297,-0.11635017395019531,-1.0350370407104492,-1.2499827146530151
-14.24832820892334,-12.259345054626465,-10.373481750488281,-8.739753723144531,-7.109947204589844,-6.3054375648498535,-6.801444053649902,-7.209569931030273,-6.727749824523926,-6.68157434463501,-7.4192728996276855,-7.764434814453125,-7.642085552215576,-7.499175548553467,-7.668392658233643,-8.026532173156738,-8.341121673583984,-7.938371181488037,-6.870637893676758,-5.520934104919434,-4.1500139236450195,-2.9174904823303223,-2.0397331714630127,-1.4384952783584595,-0.8992591500282288,-0.43721210956573486,-0.0713486298918724,0.5099756717681885,1.2562140226364136,1.678409457206726,1.7191358804702759,1.9880564212799072,2.6115942001342773,2.4803452491760254,1.5934561491012573,1.2249101400375366,1.8094556331634521,2.8707189559936523,3.66756534576416,3.5256667137145996,3.1742827892303467,3.1236281394958496,3.4389519691467285,3.532728672027588
-15.243907928466797,-13.922760009765625,-12.31049919128418,-10.938752174377441,-10.16185188293457,-10.060653686523438,-10.10568618774414,-9.785441398620605,-9.672414779663086,-10.41397476196289,-11.244622230529785,-11.440034866333008,-11.084635734558105,-10.628885269165039,-10.366305351257324,-10.23334789276123,-10.031281471252441,-9.180092811584473,-7.842526435852051,-6.400576591491699,-5.137808799743652,-4.071780204772949,-3.1934218406677246,-2.4205310344696045,-1.7963587045669556,-1.360551118850708,-0.8524190783500671,-0.0024049412459135056,0.9875220656394958,1.514503836631775,1.488603949546814,1.6509208679199219,2.1838581562042236,2.211531400680542,1.5485033988952637,1.1719846725463867,1.3704993724822998,1.8608310222625732,2.2854983806610107,2.3990261554718018,1.9011566638946533,1.5963884592056274,1.6200611591339111,1.872913122177124
-14.685367584228516,-14.363852500915527,-13.649334907531738,-13.004049301147461,-12.760161399841309,-12.707271575927734,-12.437531471252441,-11.906000137329102,-11.617911338806152,-11.68080997467041,-11.890291213989258,-12.06778335571289,-12.042759895324707,-11.86829948425293,-11.611017227172852,-11.349154472351074,-10.800297737121582,-9.796772956848145,-8.361928939819336,-6.919865131378174,-5.739834785461426,-4.738677978515625,-3.618974208831787,-2.5810658931732178,-1.8555175065994263,-1.4606094360351562,-1.0500622987747192,-0.2342289686203003,0.9012699723243713,1.9304496049880981,2.2790310382843018,2.4290008544921875,2.805406093597412,2.9961133003234863,2.5490331649780273,2.140928030014038,2.0241241455078125,2.487169027328491,2.842031478881836,3.0326671600341797,2.738744020462036,2.3048760890960693,2.687901258468628,3.6605772972106934
-13.710094451904297,-13.94462776184082,-14.128076553344727,-14.1790132522583,-14.083588600158691,-13.834757804870605,-13.417265892028809,-12.627169609069824,-11.746101379394531,-11.010540008544922,-10.66657829284668,-10.727941513061523,-10.940499305725098,-11.24563217163086,-11.366371154785156,-11.08926010131836,-10.35028076171875,-9.112557411193848,-7.792439937591553,-6.795526504516602,-5.909184455871582,-4.867835998535156,-3.5287156105041504,-2.472627878189087,-1.7576152086257935,-1.339606523513794,-1.0522710084915161,-0.49640125036239624,0.4039733409881592,1.4111552238464355,2.0543031692504883,2.0868642330169678,2.1927883625030518,2.661707639694214,2.4347355365753174,1.8738740682601929,1.6715842485427856,2.1185052394866943,2.3601253032684326,1.8652681112289429,1.6403323411941528,1.1270897388458252,1.4568299055099487,2.7438740730285645
-12.799079895019531,-13.015541076660156,-13.518399238586426,-13.974217414855957,-13.981416702270508,-13.448348999023438,-12.61932373046875,-11.743927001953125,-10.797430992126465,-9.908746719360352,-9.401322364807129,-9.172873497009277,-9.203882217407227,-9.45687198638916,-9.832924842834473,-9.697905540466309,-8.859891891479492,-7.6141276359558105,-6.595888137817383,-6.067701816558838,-5.4910197257995605,-4.485706806182861,-3.1993017196655273,-2.2536189556121826,-1.6522666215896606,-1.314876675605774,-1.1682807207107544,-0.8892487287521362,-0.3074628710746765,0.34940361976623535,0.9170694351196289,0.6315211653709412,0.5147048830986023,1.1675755977630615,1.2519505023956299,0.8860571384429932,1.2065342664718628,1.4402843713760376,0.30558308959007263,-0.7749018669128418,0.41739383339881897,0.7877859473228455,1.3323966264724731,2.34854793548584
-12.137752532958984,-12.11856746673584,-12.286388397216797,-12.580327987670898,-12.672245979309082,-12.104686737060547,-11.158989906311035,-10.129374504089355,-9.298078536987305,-8.613947868347168,-8.168522834777832,-7.773812294006348,-7.459239959716797,-7.3740010261535645,-7.6250104904174805,-7.726951599121094,-6.981635093688965,-5.8038010597229,-5.0181379318237305,-4.8138108253479,-4.498389720916748,-3.6533970832824707,-2.5629007816314697,-1.9063433408737183,-1.756221890449524,-1.9242041110992432,-2.169245481491089,-2.0601513385772705,-1.4713326692581177,-0.7955150604248047,-0.7785212397575378,-1.502545714378357,-1.5357887744903564,-0.7237583994865417,-0.5856837034225464,-0.769327700138092,-0.05224517732858658,-0.0774557963013649,-2.2695810794830322,-3.475456953048706,-1.029162883758545,-0.2952415347099304,0.6253564357757568,1.3921663761138916
-11.409018516540527,-11.36112117767334,-11.22180461883545,-10.952890396118164,-10.70051097869873,-10.301824569702148,-9.55471420288086,-8.515312194824219,-7.547427654266357,-6.840575695037842,-6.307956695556641,-5.953535556793213,-5.593062877655029,-5.37695837020874,-5.567692756652832,-5.573328971862793,-4.946237087249756,-4.048582553863525,-3.3472208976745605,-3.0181307792663574,-2.840275287628174,-2.423105239868164,-1.9071500301361084,-1.7672560214996338,-2.0737497806549072,-2.618009328842163,-3.1021499633789062,-3.3725743293762207,-2.6598799228668213,-1.7675626277923584,-1.8543428182601929,-2.725017786026001,-3.036694049835205,-2.5171585083007812,-2.3983511924743652,-2.487499713897705,-1.8394122123718262,-1.9241914749145508,-3.737761974334717,-4.296009540557861,-1.8433350324630737,-0.6193551421165466,-0.0558302104473114,0.49093344807624817
-11.04665470123291,-10.847892761230469,-10.500337600708008,-9.888276100158691,-9.164045333862305,-8.42391586303711,-7.514743328094482,-6.543209075927734,-5.729966640472412,-4.757938861846924,-3.9694104194641113,-3.3914880752563477,-3.080143928527832,-3.0365638732910156,-3.2346770763397217,-3.216287612915039,-2.9339447021484375,-2.3326830863952637,-1.6657241582870483,-1.345637321472168,-1.4955413341522217,-1.652978539466858,-1.8061854839324951,-2.2091434001922607,-2.5458686351776123,-2.9227993488311768,-3.471231698989868,-3.8215067386627197,-3.3822386264801025,-2.6339640617370605,-2.3213050365448,-2.9718542098999023,-3.766284227371216,-3.94915509223938,-3.600661039352417,-3.692049503326416,-3.720860242843628,-3.3508222103118896,-3.9037551879882812,-3.792452812194824,-1.9584351778030396,-1.2749078273773193,-0.0385948084294796,0.19346870481967926
-11.32194709777832,-11.017595291137695,-10.359367370605469,-9.447242736816406,-8.40123462677002,-7.218379497528076,-5.887826442718506,-4.559956073760986,-3.599804401397705,-2.653489589691162,-1.7473115921020508,-0.8293727040290833,-0.345409095287323,-0.5346695780754089,-0.9406490325927734,-1.143931269645691,-1.1527115106582642,-0.7414901256561279,-0.10694979131221771,0.14436903595924377,-0.27708613872528076,-1.1748257875442505,-2.2064156532287598,-2.9516351222991943,-3.0389552116394043,-3.007199764251709,-3.184671640396118,-3.4803972244262695,-3.7668416500091553,-3.202580213546753,-2.4208436012268066,-2.6814563274383545,-3.4939846992492676,-4.199567794799805,-4.3927717208862305,-4.716916561126709,-5.198758602142334,-4.294920921325684,-3.696150302886963,-3.567286729812622,-2.2165966033935547,-1.1805444955825806,-0.01347033679485321,0.2468273937702179
-11.73412799835205,-11.600849151611328,-10.955304145812988,-9.848462104797363,-8.427865028381348,-6.807905673980713,-5.0496931076049805,-3.4436066150665283,-2.3209822177886963,-1.2392781972885132,-0.36693623661994934,0.5226953625679016,1.0445972681045532,0.8290281891822815,0.3657126724720001,0.03499302268028259,-0.1890382319688797,0.046473681926727295,0.6973841786384583,1.0906254053115845,0.6539717316627502,-0.544051468372345,-1.9657541513442993,-2.9166321754455566,-2.9608068466186523,-2.6872894763946533,-2.751758337020874,-2.990373373031616,-3.2435250282287598,-2.8823657035827637,-2.539543867111206,-2.507446527481079,-3.0359625816345215,-4.182861328125,-4.9969401359558105,-5.359220027923584,-5.911938190460205,-5.435169219970703,-3.94316029548645,-3.4538414478302,-2.379964828491211,-1.2418888807296753,-0.35280320048332214,0.15671159327030182
-11.774885177612305,-11.704899787902832,-11.242019653320312,-10.188444137573242,-8.647076606750488,-6.941271781921387,-5.163412094116211,-3.489447832107544,-2.2144203186035156,-1.2559421062469482,-0.5011734962463379,0.062025997787714005,0.5474241971969604,0.7278820872306824,0.565873920917511,0.41475582122802734,0.29974159598350525,0.3173536956310272,0.6790071129798889,1.0055022239685059,0.7227222323417664,-0.14165018498897552,-1.0380886793136597,-1.6751493215560913,-1.9533801078796387,-1.8710801601409912,-1.9191224575042725,-2.086030960083008,-2.485433340072632,-2.8263373374938965,-2.7204227447509766,-2.3001272678375244,-2.8584303855895996,-4.451938152313232,-5.301479816436768,-5.222200393676758,-6.022148132324219,-6.355384349822998,-4.4698262214660645,-2.766212224960327,-1.7588368654251099,-1.0299277305603027,-0.35325515270233154,-0.17061381042003632
-11.447108268737793,-11.150167465209961,-10.505120277404785,-9.376858711242676,-7.956516265869141,-6.458325386047363,-4.940420627593994,-3.4719340801239014,-2.356226921081543,-1.4398233890533447,-0.8520802855491638,-0.34283363819122314,-0.016477130353450775,0.3578808307647705,0.7898262739181519,0.9248745441436768,0.7171741724014282,0.42391982674598694,0.352854460477829,0.4142410457134247,0.3134809732437134,-0.04322933778166771,-0.4622539281845093,-0.7911590933799744,-1.0469365119934082,-0.9821950197219849,-0.920482873916626,-1.1451400518417358,-1.9237271547317505,-2.5861194133758545,-2.1987459659576416,-2.161126136779785,-3.0026373863220215,-4.063800811767578,-4.641729831695557,-4.539564609527588,-5.658524036407471,-6.227538108825684,-4.264141082763672,-2.414180040359497,-1.3011640310287476,-0.11507067084312439,-0.08464818447828293,-0.5742248892784119
-10.883172988891602,-10.396044731140137,-9.458452224731445,-8.101125717163086,-6.777582168579102,-5.458505153656006,-4.192285060882568,-2.8509161472320557,-1.6831817626953125,-0.8790546655654907,-0.31139031052589417,0.1603514552116394,0.37432095408439636,0.5593739151954651,1.094297170639038,1.4537891149520874,1.330169677734375,0.7907081842422485,0.1561342030763626,-0.11087203025817871,-0.2086183875799179,-0.2852170169353485,-0.4657113552093506,-0.7166790962219238,-0.6977747082710266,-0.5430127382278442,-0.5079823732376099,-0.6548652052879333,-0.968633234500885,-1.4534661769866943,-1.3867530822753906,-2.094055414199829,-3.154047727584839,-3.536896228790283,-3.589233636856079,-3.432184934616089,-4.214038372039795,-5.0605363845825195,-4.18185567855835,-2.6546452045440674,-1.2113977670669556,-0.06153849512338638,0.30442410707473755,-0.18429306149482727
-9.984731674194336,-9.428533554077148,-8.348267555236816,-6.9747443199157715,-5.686585426330566,-4.748548984527588,-3.613393545150757,-2.2394611835479736,-0.8345645070075989,-0.0699789971113205,0.31137388944625854,0.7578803300857544,1.0265848636627197,1.1049975156784058,1.323094367980957,1.7320748567581177,1.9113304615020752,1.3926767110824585,0.4473626911640167,-0.18955616652965546,-0.48319971561431885,-0.5782674551010132,-0.7321082353591919,-0.7683058381080627,-0.6548494100570679,-0.4800158143043518,-0.2116878479719162,-0.2057301104068756,-0.3493834137916565,-0.6223468780517578,-0.8449245691299438,-1.54086434841156,-2.5390632152557373,-2.9091382026672363,-2.6440508365631104,-2.3185391426086426,-2.951460838317871,-3.8798320293426514,-4.076943874359131,-2.8362865447998047,-1.3144458532333374,-0.14628107845783234,0.7855583429336548,0.7875534892082214
