data/wind_data/wind_2025-02-19_20.json
{"header": {"parameterUnit": "KT", "parameterCategory": 2, "nx": 255, "ny": 198, "lo1": 44.73521041870117, "la1": -3.236724853515625, "lo2": 111.26478576660156, "la2": 43.468475341796875, "dx": 0.26192745566368103, "dy": -0.23708222806453705, "refTime": "2025-02-19 20:00:00", "forecastTime": 0, "parameterNumber": 2, "parameterNumberName": "eastward_wind"}, "data":
[rows 57 to 75 of 198, columns 43 to 85 of 255]
-9.768359184265137,-9.425436019897461,-9.195474624633789,-8.887407302856445,-8.687511444091797,-8.594240188598633,-8.623072624206543,-8.801361083984375,-8.723791122436523,-8.207643508911133,-7.637653827667236,-7.195215702056885,-6.615882873535156,-6.103640556335449,-6.152647972106934,-6.282395362854004,-6.073641300201416,-5.8695878982543945,-6.117369174957275,-6.515703201293945,-6.689899921417236,-6.524997234344482,-6.088525772094727,-6.0342607498168945,-6.794576168060303,-7.597366809844971,-6.9385986328125,-6.098364353179932,-6.1433515548706055,-6.177059173583984,-6.610020160675049,-6.744567394256592,-6.573555946350098,-6.410674095153809,-6.027220249176025,-5.765071868896484,-5.952932357788086,-5.806015491485596,-4.8444623947143555,-4.6167755126953125,-4.463542938232422,-3.767240047454834,-3.099468469619751
-9.600056648254395,-9.614598274230957,-9.181702613830566,-8.677035331726074,-8.444546699523926,-8.415648460388184,-8.383667945861816,-8.360630989074707,-8.469185829162598,-8.580145835876465,-8.405620574951172,-7.996694564819336,-7.64095401763916,-7.41670560836792,-7.103699207305908,-6.821143627166748,-6.609100818634033,-6.186818599700928,-6.4834747314453125,-7.240970611572266,-7.228216648101807,-6.75281286239624,-6.266671180725098,-6.1216816902160645,-6.392641067504883,-6.846490383148193,-6.312954902648926,-5.889377593994141,-5.866035461425781,-5.513336658477783,-5.527960300445557,-5.52439546585083,-5.581063747406006,-5.597508430480957,-5.046692848205566,-4.68773889541626,-5.257283687591553,-5.639975547790527,-4.474662780761719,-3.8605828285217285,-4.871318817138672,-4.290573596954346,-2.7934770584106445
-9.558234214782715,-9.639455795288086,-9.245196342468262,-8.814668655395508,-8.310781478881836,-8.331087112426758,-8.313248634338379,-8.264037132263184,-8.280384063720703,-8.2200927734375,-8.237828254699707,-8.127718925476074,-7.772365093231201,-7.586779594421387,-7.551483631134033,-7.024771690368652,-6.84602165222168,-7.134340763092041,-6.942996025085449,-6.788468837738037,-7.137059211730957,-7.435672760009766,-7.31193208694458,-6.940234184265137,-6.8173017501831055,-6.872492790222168,-6.340578079223633,-6.082573890686035,-6.251662254333496,-6.406792640686035,-6.125673294067383,-5.916312217712402,-6.041140079498291,-5.8004021644592285,-5.473799228668213,-5.6407928466796875,-5.813442707061768,-4.945921897888184,-3.610774040222168,-3.759551525115967,-4.941674709320068,-4.467568874359131,-3.6469643115997314
-8.861985206604004,-9.056538581848145,-9.06423568725586,-8.831066131591797,-8.478697776794434,-8.752300262451172,-8.703723907470703,-8.324946403503418,-8.182958602905273,-8.23436450958252,-8.279814720153809,-8.068485260009766,-7.775760650634766,-7.511004447937012,-7.319471836090088,-7.113735675811768,-6.701597213745117,-6.398074626922607,-6.723902225494385,-6.898260593414307,-6.525343418121338,-6.694002628326416,-7.208451747894287,-7.283989906311035,-7.391524314880371,-7.291290760040283,-6.494285583496094,-6.173604488372803,-6.54297399520874,-6.784142971038818,-6.891406059265137,-6.430271625518799,-6.077548980712891,-6.038707256317139,-5.992481708526611,-5.92811918258667,-5.144814968109131,-4.507566452026367,-4.309271812438965,-4.268605709075928,-3.8672738075256348,-3.746676445007324,-3.492664098739624
-8.486268043518066,-8.656356811523438,-8.856267929077148,-8.915722846984863,-8.759369850158691,-8.522931098937988,-8.322092056274414,-8.137968063354492,-7.97881555557251,-8.07490062713623,-8.252362251281738,-8.112992286682129,-7.9260945320129395,-7.752058506011963,-7.674317359924316,-7.294729709625244,-6.941110610961914,-7.0066070556640625,-6.942996025085449,-6.687498569488525,-6.3602294921875,-6.3112688064575195,-6.409695625305176,-6.26744270324707,-5.991879463195801,-6.4464921951293945,-7.085269451141357,-7.105861186981201,-6.945901870727539,-7.151790142059326,-6.9983015060424805,-6.076801776885986,-5.930674076080322,-6.4034624099731445,-6.168869495391846,-5.001228332519531,-4.444594860076904,-4.438441276550293,-3.9641284942626953,-3.6421408653259277,-3.3178327083587646,-3.1269614696502686,-2.9704930782318115
-8.30972671508789,-8.4398193359375,-8.694242477416992,-8.762626647949219,-8.682037353515625,-8.51078987121582,-8.339789390563965,-8.21751880645752,-8.1814603805542,-8.062725067138672,-7.80590295791626,-7.635910987854004,-7.584486484527588,-7.413095951080322,-7.151949405670166,-6.939737319946289,-6.883877754211426,-6.998115062713623,-6.830880641937256,-6.936388969421387,-7.237823963165283,-7.209312438964844,-7.210554599761963,-7.034252166748047,-6.686805248260498,-6.708434104919434,-6.388090133666992,-6.6895833015441895,-7.328210353851318,-6.632008075714111,-6.5710248947143555,-6.783439636230469,-6.648204803466797,-6.426242351531982,-5.442410945892334,-4.685089111328125,-4.775561809539795,-4.649133682250977,-4.2922797203063965,-3.9165120124816895,-3.549199104309082,-3.5257344245910645,-3.1554181575775146
-7.817065715789795,-8.025155067443848,-8.23807144165039,-8.556639671325684,-8.617667198181152,-8.452393531799316,-8.227272987365723,-7.958537578582764,-7.7184157371521,-7.445647716522217,-7.200845241546631,-7.0478315353393555,-6.868808269500732,-6.763957500457764,-6.662474632263184,-6.380702495574951,-6.091146945953369,-5.935653209686279,-6.032620429992676,-6.553386211395264,-6.9785990715026855,-7.111574172973633,-7.1441497802734375,-7.188147068023682,-7.473840713500977,-7.402386665344238,-7.175211429595947,-6.92952299118042,-6.610292911529541,-6.650861740112305,-6.5189337730407715,-5.61313533782959,-5.075345993041992,-5.912753105163574,-5.82012939453125,-4.792171478271484,-4.787794589996338,-4.81844425201416,-4.4625420570373535,-4.4335432052612305,-4.094537258148193,-3.658910036087036,-3.380317211151123
-7.358704090118408,-7.466584205627441,-7.636358261108398,-7.879227161407471,-8.175116539001465,-8.310343742370605,-8.151448249816895,-7.792919158935547,-7.387468338012695,-7.058182239532471,-6.8534016609191895,-6.540923118591309,-6.16353702545166,-5.977229595184326,-5.946431636810303,-5.883482933044434,-5.7038750648498535,-5.4769062995910645,-5.220841407775879,-5.189199447631836,-5.549192905426025,-5.978911399841309,-6.48897123336792,-7.163743019104004,-7.750513553619385,-7.714358806610107,-7.563854217529297,-7.554521083831787,-7.398711204528809,-7.656800746917725,-7.751193046569824,-6.945168495178223,-6.364039897918701,-5.957189559936523,-5.459299564361572,-5.107396125793457,-5.023351669311523,-5.1525139808654785,-5.049788951873779,-5.014288902282715,-4.582354545593262,-4.113701820373535,-3.768667221069336
-6.975492000579834,-7.01632833480835,-7.099352836608887,-7.28578519821167,-7.594662666320801,-7.8728814125061035,-7.846456527709961,-7.522182464599609,-7.016026973724365,-6.558884143829346,-6.302003860473633,-6.09821081161499,-5.784931659698486,-5.490766525268555,-5.433864593505859,-5.429477691650391,-5.247680187225342,-5.005664348602295,-4.8863043785095215,-4.908316612243652,-5.194826602935791,-5.660062313079834,-6.033214092254639,-6.345040321350098,-6.60545539855957,-6.934182167053223,-7.220250129699707,-7.424920558929443,-7.656961441040039,-7.7285895347595215,-7.802757263183594,-7.660364151000977,-7.266301155090332,-6.6350507736206055,-5.785703182220459,-5.136935234069824,-5.216806411743164,-5.270241737365723,-5.039763450622559,-4.932743072509766,-4.663609981536865,-4.494925498962402,-4.120288848876953
-6.606462001800537,-6.705382823944092,-6.748678207397461,-6.785498142242432,-6.925408840179443,-7.055078506469727,-7.11778450012207,-6.992422103881836,-6.493778228759766,-5.946094036102295,-5.643422603607178,-5.46309232711792,-5.192867279052734,-4.981247901916504,-4.945764064788818,-4.864906311035156,-4.708432197570801,-4.604440212249756,-4.634556293487549,-4.780942440032959,-4.996374607086182,-5.268781661987305,-5.543606281280518,-5.777714729309082,-5.979464530944824,-6.348658084869385,-6.896542072296143,-7.198617935180664,-7.124841213226318,-6.972260475158691,-6.828929901123047,-6.6397552490234375,-6.475592136383057,-6.214909553527832,-5.734739780426025,-5.325632572174072,-5.192266464233398,-5.064357280731201,-5.013089656829834,-4.983691692352295,-4.695521831512451,-4.37507963180542,-4.092355728149414
-6.469044208526611,-6.46824312210083,-6.364056587219238,-6.2643632888793945,-6.314406394958496,-6.314306735992432,-6.1951985359191895,-6.135803699493408,-5.856429576873779,-5.32892370223999,-4.998955726623535,-4.879515171051025,-4.702287197113037,-4.540142059326172,-4.468358516693115,-4.318160533905029,-4.1646037101745605,-4.131443977355957,-4.1841864585876465,-4.371490478515625,-4.618800163269043,-4.855523586273193,-5.1053876876831055,-5.304116725921631,-5.4719367027282715,-5.690688133239746,-6.1551079750061035,-6.61928653717041,-6.785677909851074,-6.727438926696777,-6.5288286209106445,-6.263238430023193,-6.021856307983398,-5.898035049438477,-5.727541446685791,-5.5696492195129395,-5.357584476470947,-5.115021228790283,-4.911603927612305,-4.771116733551025,-4.6178998947143555,-4.430007457733154,-4.222899436950684
-6.174749374389648,-6.145515441894531,-6.012019157409668,-5.827724456787109,-5.729060173034668,-5.687558650970459,-5.537860870361328,-5.359858512878418,-5.2126922607421875,-4.957000255584717,-4.671166896820068,-4.425079345703125,-4.249268054962158,-4.167176723480225,-4.088924407958984,-3.9526405334472656,-3.800734281539917,-3.787402868270874,-3.9710288047790527,-4.224434852600098,-4.463606357574463,-4.648999214172363,-4.8043718338012695,-5.022632598876953,-5.278029441833496,-5.5166850090026855,-5.783622741699219,-5.991542816162109,-6.09536075592041,-6.160985469818115,-6.182802200317383,-6.1206560134887695,-5.963174343109131,-5.674768924713135,-5.433705806732178,-5.3552422523498535,-5.239002704620361,-5.044605731964111,-4.913832664489746,-4.9150238037109375,-4.72589635848999,-4.429880142211914,-4.293281078338623
-5.856913089752197,-5.825832843780518,-5.629318714141846,-5.437510967254639,-5.326871395111084,-5.151037693023682,-4.964016914367676,-4.803187370300293,-4.69404411315918,-4.647463321685791,-4.5534186363220215,-4.278964042663574,-3.95625638961792,-3.769594192504883,-3.6140224933624268,-3.469196081161499,-3.46234393119812,-3.6154141426086426,-3.913834810256958,-4.200196743011475,-4.435227394104004,-4.624302864074707,-4.692420482635498,-4.811397075653076,-5.055737495422363,-5.310160160064697,-5.46583890914917,-5.5760111808776855,-5.703384876251221,-5.733643054962158,-5.753790855407715,-5.77815580368042,-5.681647300720215,-5.452282905578613,-5.213756084442139,-5.155827522277832,-5.294464111328125,-5.360418319702148,-5.2641072273254395,-5.182201862335205,-4.8820881843566895,-4.42263650894165,-3.9519073963165283
-5.375631332397461,-5.316751480102539,-5.2309112548828125,-5.138933181762695,-5.018050193786621,-4.844027519226074,-4.63531494140625,-4.424393653869629,-4.267660617828369,-4.252296447753906,-4.351628303527832,-4.2389936447143555,-3.9031713008880615,-3.53007173538208,-3.233267068862915,-3.1262545585632324,-3.23004412651062,-3.552644968032837,-3.941622495651245,-4.27282190322876,-4.554248332977295,-4.602875232696533,-4.515129089355469,-4.611610412597656,-4.872348308563232,-5.143657207489014,-5.3863630294799805,-5.484389781951904,-5.517204284667969,-5.611281394958496,-5.6457953453063965,-5.564080715179443,-5.415894508361816,-5.263510227203369,-5.103420734405518,-4.9972243309021,-5.223283767700195,-5.576557159423828,-5.576693534851074,-5.291108131408691,-4.84074592590332,-4.367336273193359,-3.8556673526763916
-4.805331707000732,-4.827486991882324,-4.805190563201904,-4.774601459503174,-4.755858421325684,-4.611855506896973,-4.309940338134766,-4.084068775177002,-3.96863055229187,-3.8745343685150146,-3.839489698410034,-3.785892963409424,-3.618454933166504,-3.3434197902679443,-3.0323069095611572,-2.866086959838867,-3.008753538131714,-3.485142469406128,-4.065078258514404,-4.482151508331299,-4.6622724533081055,-4.6293792724609375,-4.624783039093018,-4.722345352172852,-4.8162617683410645,-5.001697540283203,-5.29022216796875,-5.451725482940674,-5.524054050445557,-5.672825336456299,-5.693019866943359,-5.563320159912109,-5.494124412536621,-5.444159507751465,-5.286831855773926,-5.137649059295654,-5.1457719802856445,-5.233449459075928,-5.214555740356445,-4.938575267791748,-4.458916187286377,-3.9823081493377686,-3.442270517349243
-4.1436028480529785,-4.229425430297852,-4.317544937133789,-4.364700794219971,-4.425511360168457,-4.3665642738342285,-4.144464492797852,-3.9086124897003174,-3.720919609069824,-3.6005661487579346,-3.560554027557373,-3.5013620853424072,-3.3587615489959717,-3.156519651412964,-2.9784915447235107,-2.9306085109710693,-3.132011651992798,-3.5283992290496826,-3.980600357055664,-4.294549942016602,-4.465763568878174,-4.648431777954102,-4.838118076324463,-4.932784080505371,-4.969640254974365,-5.053390979766846,-5.197247505187988,-5.400405406951904,-5.5455322265625,-5.6188883781433105,-5.619048595428467,-5.50728178024292,-5.40364933013916,-5.370841979980469,-5.243585109710693,-5.029264450073242,-4.835273742675781,-4.661111831665039,-4.458640098571777,-4.2174882888793945,-3.880965232849121,-3.406735420227051,-2.828171730041504
-3.5980026721954346,-3.6777284145355225,-3.806123971939087,-4.022683143615723,-4.120181083679199,-4.042596817016602,-3.8544769287109375,-3.6236724853515625,-3.3743507862091064,-3.2199647426605225,-3.2399532794952393,-3.253481388092041,-3.2168071269989014,-3.2248592376708984,-3.1998181343078613,-3.189279556274414,-3.381270408630371,-3.6917214393615723,-3.9498229026794434,-4.131903171539307,-4.3341383934021,-4.532167911529541,-4.70820951461792,-4.882682800292969,-5.063021659851074,-5.177168846130371,-5.161530494689941,-5.176833629608154,-5.264611721038818,-5.34702730178833,-5.343611717224121,-5.297187328338623,-5.198390007019043,-5.060988903045654,-4.832427978515625,-4.593448162078857,-4.430768013000488,-4.202507972717285,-3.895979404449463,-3.573622703552246,-3.2517991065979004,-2.869493246078491,-2.389103889465332
-2.977430582046509,-3.11668062210083,-3.304298162460327,-3.5355513095855713,-3.6669070720672607,-3.58176851272583,-3.367007255554199,-3.0848543643951416,-2.8277273178100586,-2.6626012325286865,-2.641190767288208,-2.7181780338287354,-2.8997714519500732,-3.1486687660217285,-3.310466766357422,-3.4412238597869873,-3.6035497188568115,-3.7903802394866943,-3.927962064743042,-3.965120315551758,-4.09372091293335,-4.289102077484131,-4.50415563583374,-4.82656717300415,-5.119868755340576,-5.171745300292969,-5.026946544647217,-4.916995048522949,-4.931209087371826,-5.034860134124756,-5.009247779846191,-4.864426612854004,-4.697684288024902,-4.497201919555664,-4.348348140716553,-4.222996234893799,-3.928182601928711,-3.4756340980529785,-3.0855956077575684,-2.859189033508301,-2.6525230407714844,-2.3664844036102295,-2.0051679611206055
-2.243928909301758,-2.447509527206421,-2.6606626510620117,-2.838364839553833,-2.9548377990722656,-2.8799777030944824,-2.6989564895629883,-2.490774631500244,-2.310878038406372,-2.1548612117767334,-2.0475640296936035,-2.1494991779327393,-2.425304651260376,-2.840531349182129,-3.3591837882995605,-3.6503822803497314,-3.703415632247925,-3.6840522289276123,-3.6497862339019775,-3.633556842803955,-3.818981647491455,-4.164577960968018,-4.518101692199707,-4.876737117767334,-5.105524063110352,-5.130037784576416,-5.000072002410889,-4.8352179527282715,-4.704139232635498,-4.623428821563721,-4.504292011260986,-4.373178482055664,-4.211259841918945,-4.058074474334717,-3.953638792037964,-3.735618829727173,-3.454400062561035,-3.0571694374084473,-2.5623130798339844,-2.2364401817321777,-2.065969228744507,-1.9149984121322632,-1.6635658740997314
