data/wind_data/wind_Surface_31.json
{"header": {"parameterUnit": "KT", "parameterCategory": 2, "nx": 255, "ny": 198, "lo1": 44.73521041870117, "la1": -3.236724853515625, "lo2": 111.26478576660156, "la2": 43.468475341796875, "dx": 0.26192745566368103, "dy": -0.23708222806453705, "refTime": "2025-02-20 07:00:00", "forecastTime": 0, "parameterNumber": 2, "parameterNumberName": "eastward_wind"}, "data":
[rows 171 to 189 of 198, columns 172 to 214 of 255]
15.062729835510254,3.133033514022827,0.07759345322847366,4.698971748352051,6.624178886413574,2.6396093368530273,-2.0965938568115234,-3.3888304233551025,-2.8292784690856934,-1.5150843858718872,-0.31544622778892517,0.5002903938293457,0.9030366539955139,0.9145107865333557,0.40578970313072205,0.12720456719398499,0.6173413991928101,1.2928451299667358,1.4663233757019043,1.9246313571929932,3.788567066192627,7.685460567474365,12.542821884155273,16.394405364990234,18.29252052307129,18.4357852935791,17.990461349487305,18.11888885498047,19.760211944580078,20.38726043701172,20.90281105041504,21.156333923339844,18.471710205078125,18.040138244628906,19.422256469726562,19.65996742248535,18.667381286621094,16.547290802001953,11.917664527893066,5.885998249053955,0.17316509783267975,-2.4284071922302246,-1.1483172178268433
18.12721824645996,12.669769287109375,9.96178913116455,11.407723426818848,6.566652774810791,-2.7052714824676514,-4.296156883239746,-3.705961227416992,-3.638381004333496,-2.945862054824829,-1.7519608736038208,-0.17710570991039276,0.9285131096839905,1.1615232229232788,1.2833614349365234,1.7766187191009521,3.0418262481689453,4.419412612915039,4.550619125366211,4.598390579223633,6.298532009124756,9.321428298950195,12.858170509338379,16.67807960510254,18.585895538330078,18.099727630615234,17.795324325561523,18.35881233215332,19.724292755126953,21.334199905395508,21.933349609375,20.133737564086914,19.29464340209961,18.43320655822754,18.366121292114258,18.48940658569336,18.18716049194336,12.816659927368164,3.212521553039551,-3.838688850402832,-4.8360161781311035,-1.0230969190597534,1.428395390510559
13.72052001953125,10.209927558898926,8.704005241394043,11.227197647094727,10.875750541687012,3.639594316482544,-0.930439829826355,0.8953245282173157,2.1894192695617676,-0.6891714334487915,-3.0268232822418213,-2.1811153888702393,-0.8478195071220398,0.8864797353744507,3.5321598052978516,6.205569744110107,6.98087215423584,7.166289329528809,8.000926971435547,9.456833839416504,10.438427925109863,11.12944507598877,13.830536842346191,17.604814529418945,18.857513427734375,16.263717651367188,14.037837982177734,15.454961776733398,18.830303192138672,21.867263793945312,24.043418884277344,22.291166305541992,19.904081344604492,18.738178253173828,19.154630661010742,19.603919982910156,15.045930862426758,3.372622013092041,-2.766852378845215,-2.163571834564209,-2.012202262878418,0.7429056763648987,3.646573781967163
4.733057975769043,6.071857452392578,8.117989540100098,10.629549980163574,11.79197883605957,9.885934829711914,7.441054344177246,7.8122782707214355,7.376988410949707,3.7100703716278076,-1.0893815755844116,-3.7117884159088135,-2.755671501159668,0.014637183398008347,4.903485298156738,9.463508605957031,10.324316024780273,7.513466835021973,7.111975193023682,8.93394947052002,9.40994644165039,10.575847625732422,14.906661987304688,17.570510864257812,15.7832670211792,14.886408805847168,15.88385009765625,17.892250061035156,19.910707473754883,22.530675888061523,24.884489059448242,22.671361923217773,20.23833656311035,19.738576889038086,19.945985794067383,15.126697540283203,4.008108139038086,-0.713371753692627,1.4341338872909546,0.727672278881073,0.1485501229763031,2.322711706161499,6.288788318634033
-0.08495669811964035,1.5074111223220825,3.997753381729126,4.785376071929932,4.012233257293701,3.2178189754486084,3.8126537799835205,4.742437839508057,2.8608570098876953,1.9768925905227661,2.211362361907959,0.48424386978149414,-0.587237536907196,0.18287387490272522,6.201513290405273,12.348649024963379,11.790329933166504,9.05117416381836,8.711152076721191,9.220430374145508,9.224882125854492,12.569019317626953,17.424158096313477,16.769153594970703,14.001415252685547,15.23354434967041,19.227108001708984,20.8241024017334,20.098691940307617,21.743051528930664,24.92452049255371,24.55575942993164,20.876415252685547,20.385190963745117,14.533409118652344,3.655787706375122,-0.488152414560318,3.1699891090393066,4.935514450073242,1.533939242362976,0.10799723863601685,2.349034309387207,6.178542137145996
-1.2979756593704224,-0.9582585692405701,-0.5757690072059631,-0.19979718327522278,-0.4810788631439209,-0.2719707190990448,0.48778003454208374,1.2623881101608276,1.6791439056396484,1.7679927349090576,4.508934497833252,7.781391620635986,8.20484447479248,6.7514214515686035,10.523359298706055,13.291265487670898,7.456117153167725,5.726932048797607,10.04520034790039,12.356255531311035,11.968998908996582,13.776845932006836,16.94508171081543,15.766709327697754,13.35944652557373,15.865195274353027,21.739534378051758,21.833139419555664,17.429800033569336,19.65763282775879,23.480693817138672,22.251808166503906,15.859283447265625,5.133821964263916,-1.9853320121765137,-0.6094910502433777,2.2247610092163086,3.6218247413635254,3.656641721725464,1.158366322517395,0.2705609202384949,2.5017294883728027,4.0366435050964355
-4.724583148956299,-4.176538467407227,-3.956404209136963,-2.9805850982666016,-1.9901514053344727,-1.2704886198043823,-0.987755298614502,-0.09685961902141571,1.024651288986206,2.2747855186462402,4.269396781921387,6.3844194412231445,7.929537773132324,8.649008750915527,8.990731239318848,4.971309661865234,-1.004309892654419,-0.4045911431312561,2.813547372817993,5.69949197769165,9.621007919311523,14.396349906921387,17.95343017578125,16.690587997436523,15.096663475036621,18.753673553466797,21.58534812927246,17.000455856323242,14.194511413574219,17.575241088867188,17.462953567504883,9.196730613708496,-0.7191978096961975,-3.5814919471740723,-1.5808905363082886,-0.2672836184501648,-0.32089003920555115,-0.1682344675064087,1.1857681274414062,1.6313624382019043,2.0783445835113525,1.9514840841293335,1.964339256286621
-6.811192989349365,-5.866815090179443,-5.422245025634766,-4.450809001922607,-3.5085318088531494,-2.8750662803649902,-2.724926471710205,-2.3341245651245117,-1.643252968788147,-0.5779567360877991,0.35141393542289734,0.8272563219070435,1.1596297025680542,1.3282115459442139,-0.8533666133880615,-2.471621513366699,-0.5498139262199402,1.540969967842102,1.650828242301941,1.1851786375045776,3.6404759883880615,8.531990051269531,11.435333251953125,9.454517364501953,8.94504451751709,13.338573455810547,13.435433387756348,8.133918762207031,7.0259175300598145,8.254890441894531,4.1276960372924805,-1.5419933795928955,-2.4728925228118896,-2.1003708839416504,-3.269563913345337,-2.909496545791626,-1.3083218336105347,-0.4280845522880554,1.1452158689498901,1.5152417421340942,0.4261343777179718,-0.3059200048446655,0.46876290440559387
-5.379467964172363,-6.472339630126953,-6.964471817016602,-6.284848213195801,-5.843380928039551,-5.674509525299072,-5.77415132522583,-5.580228805541992,-4.836572170257568,-3.776916027069092,-2.7129340171813965,-1.5394128561019897,-0.9447805285453796,-1.623565673828125,-2.9817402362823486,-3.654125213623047,-4.204566478729248,-3.7825815677642822,-2.6956982612609863,-1.7402044534683228,0.23166553676128387,1.6463102102279663,1.5275132656097412,0.39970073103904724,1.3508062362670898,5.352756977081299,7.027298450469971,4.047214508056641,0.8778822422027588,-0.6925867795944214,-1.6500385999679565,-1.9748268127441406,-2.44425892829895,-2.8322176933288574,-2.5885417461395264,-2.7509896755218506,-2.0966732501983643,-0.8946179151535034,0.048321254551410675,-0.8386271595954895,-2.0169665813446045,-0.9939640164375305,0.06421519070863724
-5.76729154586792,-5.730251789093018,-6.764651775360107,-6.7539215087890625,-6.29822301864624,-6.670835971832275,-7.094483375549316,-7.266290664672852,-6.4407572746276855,-5.195897102355957,-3.90653133392334,-2.7018916606903076,-2.366827964782715,-3.9034502506256104,-5.991936206817627,-7.079587936401367,-7.432046890258789,-7.519800186157227,-6.583937168121338,-5.414178371429443,-4.837587356567383,-3.309319496154785,-2.270716428756714,-0.5788871645927429,0.2935869097709656,0.7221812605857849,0.43221554160118103,-2.1501917839050293,-4.724454402923584,-4.892553806304932,-3.8390018939971924,-3.2890241146087646,-2.541787624359131,-1.9006989002227783,-0.6704947352409363,-2.2559010982513428,-3.88728404045105,-3.1697475910186768,-3.397812604904175,-3.4411866664886475,-2.1729350090026855,-0.7275802493095398,0.6544944643974304
-6.175828456878662,-5.504477024078369,-5.818850994110107,-5.529903411865234,-4.4587721824646,-3.972546100616455,-4.6547932624816895,-6.564786434173584,-7.134983539581299,-6.410538673400879,-5.02178955078125,-3.674020528793335,-2.5469515323638916,-3.6177074909210205,-6.084488391876221,-7.516317844390869,-8.299665451049805,-8.591039657592773,-8.654237747192383,-7.735793590545654,-6.472282886505127,-5.527427673339844,-5.173821926116943,-4.13916540145874,-4.82101583480835,-5.704891204833984,-5.071954250335693,-3.961754322052002,-4.3635334968566895,-4.977348327636719,-3.163686752319336,-2.33144211769104,-1.6348159313201904,-1.1612967252731323,-0.7409512400627136,-2.026322364807129,-3.829314708709717,-4.535396099090576,-4.944118022918701,-3.8305206298828125,-2.1675500869750977,-1.249091386795044,-0.16384483873844147
-6.4032511711120605,-5.091610431671143,-4.5290446281433105,-4.199983596801758,-2.6618447303771973,-1.53006911277771,-0.7887021899223328,-2.1353306770324707,-4.471835613250732,-5.201183319091797,-4.02924108505249,-2.6487390995025635,-0.8077924251556396,-0.054737307131290436,-1.7783316373825073,-4.197778701782227,-5.739919662475586,-6.639518737792969,-7.544774532318115,-7.7785820960998535,-7.207616806030273,-6.3859052658081055,-6.183399677276611,-6.285727500915527,-6.052857875823975,-5.103183746337891,-4.416060447692871,-3.8405537605285645,-3.161536693572998,-2.9883148670196533,-2.0212647914886475,-1.0023201704025269,0.19554196298122406,0.8482680916786194,2.747342348098755,0.4502798914909363,-3.6713013648986816,-4.1800856590271,-4.993295192718506,-4.162232875823975,-2.771707057952881,-1.7124543190002441,-0.1934506595134735
-6.320784568786621,-5.343003749847412,-4.763045310974121,-3.9859824180603027,-2.4195609092712402,-1.3090016841888428,-0.23847493529319763,-0.043860871344804764,-1.1498441696166992,-2.5820698738098145,-3.0605740547180176,-2.250441312789917,-0.6571610569953918,0.6336646676063538,0.4378211200237274,-1.1351548433303833,-2.1461944580078125,-2.6596262454986572,-3.961007595062256,-4.859280109405518,-4.881727695465088,-4.395572662353516,-3.9786200523376465,-3.6883952617645264,-3.6160876750946045,-3.248530864715576,-2.2908525466918945,-1.2760056257247925,-0.8389506936073303,-0.9106072187423706,-0.7816788554191589,0.03784751892089844,0.4912540316581726,2.0219051837921143,2.2410728931427,-0.03393738344311714,-2.1861722469329834,-3.9579994678497314,-4.173764705657959,-4.251718997955322,-3.680694818496704,-2.029440402984619,-0.4077717065811157
-5.747335910797119,-5.354679107666016,-4.928954124450684,-4.383757591247559,-3.322042942047119,-2.204115629196167,-0.4332924783229828,0.20576147735118866,0.28862884640693665,0.43724769353866577,-0.2880256474018097,-1.0528302192687988,-0.9588561058044434,-0.40955671668052673,-0.0015070323133841157,-0.27476072311401367,-0.2317507266998291,0.6553268432617188,0.3511684536933899,-0.9491562247276306,-1.8534250259399414,-1.9381234645843506,-1.4957690238952637,-0.9793651700019836,-0.3858291208744049,0.15427345037460327,0.6330796480178833,0.9570183753967285,0.4087223410606384,-0.3948655426502228,-0.5613466501235962,0.16621753573417664,0.5751400589942932,0.6771655678749084,0.3722652196884155,0.23002900183200836,-1.1070499420166016,-3.4805495738983154,-4.038522720336914,-2.6872575283050537,-3.203542947769165,-2.8956990242004395,-0.8614193201065063
-4.7260260581970215,-5.081851482391357,-4.904502868652344,-4.707239151000977,-4.171753406524658,-3.2817492485046387,-1.8180866241455078,-0.45955735445022583,0.521211564540863,0.4111183285713196,-0.12538981437683105,-0.6675163507461548,-1.6398272514343262,-0.9545074105262756,0.48717841506004333,0.40749675035476685,0.6836563348770142,2.0182762145996094,2.796576738357544,2.4853718280792236,1.4284664392471313,0.7571479678153992,0.6754399538040161,1.0885251760482788,2.334455966949463,3.7895169258117676,4.184097766876221,3.0492238998413086,0.855741024017334,-0.49547451734542847,-0.86238032579422,-0.27399319410324097,-0.056838568300008774,0.19640222191810608,0.47521281242370605,0.47048667073249817,-1.5407754182815552,-4.805345058441162,-4.913290977478027,-2.3906538486480713,-3.031201124191284,-3.8438684940338135,-2.0425939559936523
-3.863473892211914,-3.7286536693573,-3.7898762226104736,-3.9698822498321533,-3.9366862773895264,-3.7047390937805176,-3.137641668319702,-2.5017716884613037,-1.6955777406692505,-1.4807770252227783,-1.6237990856170654,-1.7599601745605469,-1.6350350379943848,-0.8058071732521057,0.2179035097360611,0.7875818610191345,1.0608524084091187,1.5938127040863037,2.3787755966186523,3.3455824851989746,3.5901601314544678,3.5539793968200684,3.579786539077759,2.8486833572387695,4.510615825653076,6.0410847663879395,5.43271541595459,4.845943927764893,2.553398609161377,0.43083882331848145,-0.8061487078666687,-1.1337038278579712,-1.3216217756271362,-0.8119612336158752,-0.6827301383018494,-2.776613473892212,-5.037454605102539,-5.557091236114502,-4.474003314971924,-2.899614095687866,-3.4124221801757812,-4.637859344482422,-3.7370965480804443
-0.8986736536026001,-0.7212229371070862,-1.2198114395141602,-1.9731953144073486,-2.8078057765960693,-3.0847842693328857,-2.8779525756835938,-2.9882774353027344,-3.0190067291259766,-2.7305331230163574,-2.306429624557495,-1.584216594696045,-0.9243500828742981,-0.17425566911697388,0.5850606560707092,0.9430465698242188,1.3118996620178223,1.6569535732269287,2.653829336166382,3.2637295722961426,3.0254554748535156,3.498933792114258,4.098902702331543,3.663386106491089,4.989063262939453,7.052637577056885,6.106739044189453,5.543242454528809,4.219679832458496,1.6762303113937378,-0.46753641963005066,-1.4670509099960327,-1.71392023563385,-0.7148560285568237,-2.3696467876434326,-4.996423244476318,-5.323094367980957,-5.039148807525635,-3.7441442012786865,-2.293217182159424,-4.067082405090332,-5.867376327514648,-5.551074504852295
1.5049978494644165,1.6169203519821167,1.0337109565734863,-0.14660631120204926,-1.2207037210464478,-1.7855753898620605,-1.7837063074111938,-2.0868723392486572,-2.521868944168091,-2.2875969409942627,-1.729259967803955,-1.081392526626587,-0.15603362023830414,0.43540486693382263,0.8466284275054932,2.4052326679229736,2.4916272163391113,2.041790008544922,3.843790292739868,3.8413875102996826,1.8390742540359497,2.0519027709960938,3.1303915977478027,3.742587089538574,4.389876842498779,6.5884881019592285,7.08529806137085,5.128298759460449,2.9935717582702637,0.6590307950973511,-0.5347992181777954,-0.2820699214935303,0.2784126400947571,-0.1958296000957489,-2.20341420173645,-4.246020317077637,-4.9247517585754395,-4.710565090179443,-4.103681564331055,-4.475606441497803,-5.016751766204834,-5.873664855957031,-6.763801097869873
2.1217987537384033,2.931450605392456,2.88211989402771,1.9420684576034546,0.5158681273460388,-0.2025032788515091,0.10952012985944748,0.06515473872423172,-0.5799993872642517,-0.5172266960144043,-0.08493951708078384,0.381107896566391,0.47889816761016846,2.453765392303467,2.72995662689209,1.8799668550491333,2.1344335079193115,1.4575165510177612,4.031822681427002,4.428889274597168,2.86071515083313,3.188833713531494,3.60634183883667,4.6732916831970215,5.357130527496338,7.034172058105469,7.53228235244751,4.863536357879639,2.628584623336792,1.063056468963623,0.200775608420372,1.7673648595809937,1.6534401178359985,-0.41382429003715515,-1.7030816078186035,-3.698937177658081,-5.015430450439453,-5.26687479019165,-5.1722941398620605,-5.269049167633057,-5.425601005554199,-5.941005706787109,-6.35165548324585
