data/wind_data/wind_60_4.json
{"header": {"parameterUnit": "KT", "parameterCategory": 2, "nx": 256, "ny": 198, "lo1": 44.73521041870117, "la1": -3.236724853515625, "lo2": 111.26478576660156, "la2": 43.468475341796875, "dx": 0.2609002888202667, "dy": -0.23708222806453705, "refTime": "2025-02-21 12:00:00", "forecastTime": 0, "parameterNumber": 2, "parameterNumberName": "eastward_wind"}, "data":
[rows 95 to 113 of 198, columns 176 to 219 of 256]
9.348419189453125,8.202571868896484,7.477481365203857,6.726341724395752,5.93665885925293,7.10047721862793,5.703341007232666,9.447381973266602,6.558729648590088,4.410199165344238,7.7343525886535645,12.197263717651367,15.798820495605469,10.978013038635254,4.356408596038818,2.8551652431488037,4.413414478302002,6.348238945007324,6.985039710998535,7.1508917808532715,8.637038230895996,10.431485176086426,14.439326286315918,16.361791610717773,15.632453918457031,19.134981155395508,24.459701538085938,20.83195686340332,13.58021354675293,17.425661087036133,20.86054229736328,20.84125518798828,21.82452964782715,22.329547882080078,21.30022621154785,20.124103546142578,20.42546844482422,19.62445831298828,18.279258728027344,19.23801612854004,20.04648208618164,20.437501907348633,22.602176666259766,24.982439041137695
10.78514289855957,9.419783592224121,7.881579399108887,6.570311069488525,5.656964302062988,7.137090682983398,6.457212924957275,9.499161720275879,7.216889381408691,5.656650543212891,9.577791213989258,14.713783264160156,17.034217834472656,11.480899810791016,4.925893306732178,2.1562659740448,3.427358388900757,5.570388317108154,6.586979866027832,6.842419624328613,8.38653564453125,9.847776412963867,11.849213600158691,13.796175003051758,14.033839225769043,15.533635139465332,19.069747924804688,16.750885009765625,17.29529571533203,20.148107528686523,20.276817321777344,19.279247283935547,19.930906295776367,20.256101608276367,20.025146484375,19.91799545288086,21.01698875427246,21.51849365234375,21.083450317382812,21.527809143066406,21.699630737304688,21.678789138793945,22.206722259521484,24.272489547729492
11.831437110900879,11.144487380981445,9.58611011505127,7.606863975524902,6.204680919647217,7.483672142028809,7.619795799255371,9.58072566986084,8.698982238769531,8.719398498535156,12.668931007385254,16.93529510498047,15.915831565856934,9.868372917175293,5.435746669769287,3.149567127227783,3.9611430168151855,5.847297668457031,6.860260009765625,7.202422142028809,7.220251560211182,9.581786155700684,10.895960807800293,11.26534366607666,11.475915908813477,10.794748306274414,15.009064674377441,18.347883224487305,20.311735153198242,19.20746612548828,17.89029884338379,18.33985137939453,18.32143211364746,19.9183406829834,21.932876586914062,20.62721824645996,22.62506675720215,24.902231216430664,21.688518524169922,21.349063873291016,23.222360610961914,23.278797149658203,22.819263458251953,24.18453025817871
12.755534172058105,12.49024486541748,11.956013679504395,10.179627418518066,8.582603454589844,8.554960250854492,8.877579689025879,10.013223648071289,10.358560562133789,12.325472831726074,15.955818176269531,18.46522331237793,13.5862455368042,9.802369117736816,7.82594633102417,5.216280937194824,5.236822128295898,6.573219299316406,7.55236291885376,7.482906818389893,7.993765354156494,9.128155708312988,11.586099624633789,11.883952140808105,10.708867073059082,10.077330589294434,14.821470260620117,17.745847702026367,18.801963806152344,17.424806594848633,15.778606414794922,15.630576133728027,18.11722183227539,20.875106811523438,21.557228088378906,22.085006713867188,22.05959129333496,23.60702896118164,22.703115463256836,20.893857955932617,20.322925567626953,20.41205406188965,20.76219367980957,22.577293395996094
13.63222885131836,13.484726905822754,13.669229507446289,12.840341567993164,11.491297721862793,10.77363109588623,11.317220687866211,11.5901460647583,13.135526657104492,16.091413497924805,19.071260452270508,20.273740768432617,14.941967964172363,11.151963233947754,9.739760398864746,7.411831855773926,6.529141902923584,7.448755264282227,8.388124465942383,8.083222389221191,9.011445045471191,9.917752265930176,11.972867965698242,14.236520767211914,12.839095115661621,11.968743324279785,13.85141658782959,15.707197189331055,17.691097259521484,19.059993743896484,17.16712188720703,15.535470008850098,16.588687896728516,19.720544815063477,20.60619354248047,21.483314514160156,23.366376876831055,21.844467163085938,21.959339141845703,22.72325325012207,23.25788688659668,23.784915924072266,23.594396591186523,23.147037506103516
14.13586711883545,14.128713607788086,14.732765197753906,14.712200164794922,14.16030216217041,13.300985336303711,13.316742897033691,12.960380554199219,15.759428977966309,19.926013946533203,21.764482498168945,22.451467514038086,19.096942901611328,13.8294038772583,11.432888984680176,10.317882537841797,9.153517723083496,8.969970703125,9.163909912109375,9.354327201843262,10.036330223083496,12.132158279418945,13.865080833435059,17.48474884033203,17.815845489501953,15.928020477294922,15.364781379699707,16.596464157104492,19.01056671142578,20.8087100982666,20.151958465576172,18.722078323364258,17.963441848754883,19.5626277923584,22.015592575073242,23.564327239990234,23.463115692138672,21.61620330810547,21.547012329101562,22.650859832763672,23.7381649017334,24.87503433227539,25.404661178588867,25.599790573120117
18.25688362121582,15.162239074707031,14.417458534240723,15.443312644958496,15.965898513793945,15.3909912109375,14.974309921264648,14.295822143554688,17.12966537475586,21.12976837158203,23.500381469726562,24.242284774780273,21.50026512145996,17.075990676879883,13.164804458618164,11.670530319213867,11.408942222595215,10.553214073181152,10.017447471618652,11.117076873779297,12.995013236999512,15.248220443725586,17.96512222290039,19.380386352539062,21.391122817993164,21.035022735595703,20.544391632080078,19.91440200805664,21.332443237304688,23.438867568969727,24.323673248291016,23.12397575378418,21.744958877563477,21.775238037109375,23.007051467895508,25.049840927124023,25.7760009765625,23.798864364624023,22.180965423583984,22.869407653808594,23.74911117553711,24.60723304748535,25.32891082763672,26.39637565612793
20.9017276763916,19.464651107788086,16.793846130371094,15.839503288269043,16.304731369018555,16.63437271118164,16.478219985961914,16.255661010742188,18.074813842773438,20.976154327392578,23.923725128173828,24.692367553710938,23.01727867126465,20.238258361816406,15.059873580932617,12.697722434997559,13.66197681427002,13.568408012390137,13.197202682495117,14.56621265411377,16.947765350341797,19.04592514038086,19.860563278198242,21.370798110961914,22.88316535949707,24.217283248901367,25.071809768676758,25.31610679626465,25.870542526245117,26.262672424316406,27.635692596435547,27.759990692138672,26.89222526550293,26.44194984436035,26.039501190185547,27.673742294311523,26.328327178955078,26.047452926635742,25.533376693725586,24.619028091430664,24.629528045654297,25.49296760559082,26.620439529418945,27.41115379333496
21.32908058166504,21.417695999145508,21.72442054748535,20.219404220581055,17.767398834228516,16.677499771118164,17.02069664001465,18.27883529663086,19.550949096679688,21.668546676635742,24.09693717956543,25.124155044555664,23.982383728027344,22.421680450439453,18.41112518310547,16.130001068115234,16.487110137939453,17.170522689819336,17.803022384643555,18.909950256347656,20.274751663208008,21.14659881591797,21.746797561645508,22.69073486328125,25.446996688842773,28.322860717773438,28.489276885986328,28.202001571655273,28.546945571899414,28.802217483520508,29.541290283203125,30.829654693603516,31.18712615966797,31.527935028076172,30.916385650634766,30.105451583862305,29.706010818481445,28.68524169921875,27.621482849121094,26.71622657775879,26.4790096282959,27.127952575683594,29.016653060913086,30.114713668823242
21.414560317993164,20.960912704467773,22.579795837402344,23.952552795410156,22.803016662597656,19.63271141052246,17.683744430541992,18.892118453979492,20.332998275756836,22.269222259521484,24.749135971069336,25.4888916015625,25.052339553833008,23.543684005737305,21.027606964111328,19.445846557617188,19.760557174682617,19.307615280151367,19.39445686340332,21.5756893157959,23.276042938232422,23.358497619628906,23.412586212158203,24.08014488220215,26.40526008605957,28.97515106201172,30.091176986694336,30.86339569091797,30.513317108154297,30.6652889251709,30.929903030395508,32.210693359375,32.95795440673828,33.6102294921875,33.88493347167969,32.85239791870117,31.797386169433594,31.21624183654785,30.874900817871094,30.00418472290039,29.261201858520508,28.920124053955078,30.14226722717285,32.03731918334961
21.171537399291992,20.943817138671875,22.064062118530273,23.95809555053711,24.090890884399414,21.929405212402344,19.411048889160156,18.825719833374023,19.638547897338867,21.48790168762207,24.198047637939453,25.806941986083984,24.586299896240234,23.394914627075195,21.016145706176758,19.94536018371582,20.926816940307617,21.175813674926758,20.314407348632812,21.91644859313965,24.107332229614258,24.50050926208496,24.178010940551758,24.272357940673828,25.140960693359375,27.016618728637695,28.669818878173828,30.894641876220703,30.79710578918457,31.505674362182617,32.34492492675781,32.77113342285156,32.962223052978516,33.610328674316406,34.87910842895508,35.05439758300781,33.85854721069336,33.532283782958984,33.57257080078125,33.89307403564453,32.72220230102539,31.262174606323242,29.697803497314453,30.129640579223633
21.090085983276367,20.716522216796875,21.43379783630371,23.004993438720703,23.434423446655273,22.13064956665039,19.680545806884766,18.462169647216797,18.87136459350586,20.822500228881836,23.162670135498047,24.904726028442383,24.14196014404297,22.584354400634766,22.047073364257812,21.0425968170166,21.695594787597656,22.41090202331543,21.339689254760742,23.232524871826172,25.81149673461914,24.359649658203125,22.11123275756836,22.27440071105957,23.617578506469727,25.301170349121094,27.15492820739746,28.43070411682129,29.188369750976562,30.34175682067871,31.854528427124023,32.994537353515625,33.36054229736328,33.61863708496094,34.717411041259766,36.00514221191406,35.42302703857422,35.73037338256836,36.02682876586914,35.746952056884766,34.54859924316406,32.038421630859375,30.725770950317383,31.310741424560547
20.83901023864746,20.358304977416992,20.583913803100586,21.92151641845703,22.379213333129883,21.458171844482422,19.354154586791992,17.91965103149414,17.766740798950195,19.38026237487793,21.2687931060791,22.451780319213867,23.909666061401367,23.984134674072266,23.755468368530273,23.206960678100586,22.976913452148438,23.311738967895508,22.92352294921875,23.56147003173828,26.268230438232422,26.051237106323242,23.116310119628906,21.675317764282227,23.045310974121094,25.13721466064453,27.19435691833496,28.165063858032227,28.591161727905273,29.689727783203125,31.973560333251953,33.83469772338867,33.772708892822266,33.5156364440918,34.42122268676758,36.520965576171875,36.5899772644043,36.62643814086914,37.42228317260742,37.60853958129883,37.60259246826172,35.072120666503906,33.815895080566406,34.77452850341797
21.637744903564453,20.874910354614258,20.394472122192383,20.76447868347168,21.01974105834961,20.527873992919922,19.51966094970703,18.412639617919922,17.582195281982422,18.38922119140625,20.26885223388672,21.669429779052734,23.604679107666016,24.64177703857422,23.66270637512207,23.427228927612305,24.223373413085938,24.873210906982422,24.73021125793457,24.749814987182617,26.340381622314453,27.573942184448242,26.230600357055664,24.47509765625,24.639257431030273,26.024694442749023,27.979700088500977,29.276554107666016,29.47600746154785,30.399572372436523,32.42177200317383,33.819969177246094,32.69348907470703,31.67962646484375,33.26500701904297,35.658260345458984,36.383026123046875,35.38026428222656,35.9091682434082,37.59304428100586,38.484554290771484,37.39322280883789,36.29877471923828,37.201961517333984
22.584068298339844,22.422992706298828,20.880006790161133,19.758699417114258,19.74044418334961,19.947355270385742,19.437938690185547,18.78879165649414,18.43706512451172,19.354246139526367,21.514497756958008,22.75753402709961,24.404489517211914,25.03125,24.471065521240234,24.813186645507812,25.295454025268555,25.76483917236328,25.838014602661133,25.258665084838867,26.181684494018555,28.39066505432129,28.819013595581055,27.956859588623047,27.342653274536133,27.05315399169922,28.3750057220459,30.26372718811035,30.52117919921875,31.173059463500977,32.61863327026367,33.4473991394043,32.37321853637695,31.463218688964844,33.1823844909668,35.3119010925293,35.74582290649414,35.098445892333984,35.921653747558594,36.60669708251953,36.37114334106445,38.16272735595703,38.78046798706055,39.16009521484375
22.0914306640625,22.434429168701172,21.938629150390625,20.758726119995117,19.97740364074707,20.188493728637695,20.44348907470703,20.14267349243164,19.773969650268555,20.36897850036621,22.311628341674805,24.292098999023438,25.677034378051758,26.976442337036133,27.19386863708496,26.369640350341797,26.378780364990234,26.40507698059082,25.796974182128906,25.7274169921875,27.216949462890625,28.945858001708984,29.312755584716797,29.883718490600586,29.37769889831543,27.39578628540039,28.000530242919922,30.53249740600586,31.601152420043945,31.981468200683594,32.704925537109375,33.130897521972656,33.361324310302734,33.13332748413086,34.22832489013672,35.68778991699219,36.08668899536133,36.555633544921875,36.96202850341797,36.92121505737305,34.896202087402344,37.77397537231445,39.9012565612793,40.1763801574707
22.185239791870117,22.13463592529297,21.931262969970703,21.928852081298828,22.299379348754883,22.779481887817383,22.91944122314453,22.552898406982422,22.620466232299805,23.421493530273438,25.513927459716797,27.904315948486328,28.93505859375,30.662914276123047,32.116336822509766,30.77688217163086,27.711894989013672,26.47029685974121,25.96303367614746,27.12212562561035,28.65157127380371,29.183841705322266,28.489246368408203,28.469871520996094,29.032405853271484,28.371551513671875,28.90091896057129,32.06134796142578,34.00520706176758,34.33612823486328,34.37380599975586,33.94445037841797,34.3776969909668,35.333980560302734,36.20292282104492,37.02163314819336,37.60990524291992,37.804710388183594,37.6591796875,38.04911804199219,37.4078254699707,37.31902313232422,39.22944641113281,39.8201789855957
24.090496063232422,23.715194702148438,23.67841148376465,24.494091033935547,25.803447723388672,27.08696746826172,27.778106689453125,27.763328552246094,27.531400680541992,27.9482479095459,29.102310180664062,31.053464889526367,32.341407775878906,32.64897155761719,33.825313568115234,34.333099365234375,30.016077041625977,27.54960060119629,26.67355728149414,27.184803009033203,27.29986572265625,26.8482723236084,27.101945877075195,27.515785217285156,27.59288215637207,27.236196517944336,28.024703979492188,32.24021530151367,36.22617721557617,37.19172286987305,36.029090881347656,34.91501235961914,35.60654830932617,36.79925537109375,37.16440963745117,37.54212951660156,38.79060745239258,39.00870895385742,38.51951599121094,39.11528778076172,39.531333923339844,37.798282623291016,37.11082077026367,38.46625518798828
26.477819442749023,26.06971549987793,26.427539825439453,27.60076141357422,28.2458553314209,29.099788665771484,29.904062271118164,29.820016860961914,28.2603816986084,27.23178482055664,28.131139755249023,29.18636131286621,31.635438919067383,32.943389892578125,33.489501953125,33.61865997314453,32.03749084472656,28.79302406311035,26.985231399536133,26.160673141479492,26.281713485717773,27.027856826782227,27.952152252197266,28.27691650390625,28.168643951416016,28.938608169555664,28.467363357543945,29.297443389892578,33.954742431640625,38.177825927734375,37.804115295410156,36.280540466308594,36.64597702026367,37.88294982910156,38.375553131103516,39.19837951660156,40.32704162597656,39.81699752807617,39.18140411376953,39.640357971191406,39.717796325683594,37.52571487426758,35.04645919799805,35.490997314453125
