data/wind_data/wind_45_4.json
{"header": {"parameterUnit": "KT", "parameterCategory": 2, "nx": 256, "ny": 198, "lo1": 44.73521041870117, "la1": -3.236724853515625, "lo2": 111.26478576660156, "la2": 43.468475341796875, "dx": 0.2609002888202667, "dy": -0.23708222806453705, "refTime": "2025-02-20 21:00:00", "forecastTime": 0, "parameterNumber": 2, "parameterNumberName": "eastward_wind"}, "data":
[rows 19 to 37 of 198, columns 88 to 131 of 256]
-10.546866416931152,-10.77961254119873,-11.162277221679688,-11.04617977142334,-10.966428756713867,-11.020166397094727,-11.493819236755371,-12.185079574584961,-12.233948707580566,-11.715085983276367,-11.7778959274292,-12.060054779052734,-11.477372169494629,-10.885591506958008,-11.082916259765625,-11.273417472839355,-11.06912899017334,-10.843668937683105,-10.519659996032715,-9.775431632995605,-9.597237586975098,-9.803845405578613,-9.477659225463867,-9.110428810119629,-9.393234252929688,-9.857982635498047,-9.732527732849121,-9.224102973937988,-8.48985481262207,-8.326620101928711,-7.937104225158691,-6.944754600524902,-6.513731002807617,-6.8600664138793945,-6.450895309448242,-3.745750665664673,-5.3064093589782715,-10.211871147155762,3.7625949382781982,-8.398330688476562,-7.7115583419799805,-7.867366313934326,-7.405703067779541,-7.012645721435547
-11.42351245880127,-11.876559257507324,-12.277429580688477,-12.305804252624512,-12.126914024353027,-11.904603958129883,-11.736631393432617,-11.859450340270996,-12.039877891540527,-11.828901290893555,-11.659812927246094,-11.60523509979248,-11.532325744628906,-11.696104049682617,-11.979987144470215,-11.85856819152832,-11.27098560333252,-10.759893417358398,-10.537907600402832,-10.260945320129395,-9.881611824035645,-9.697660446166992,-9.320718765258789,-8.996389389038086,-9.263994216918945,-9.676703453063965,-9.653377532958984,-9.527175903320312,-9.421008110046387,-9.078306198120117,-8.435099601745605,-8.035260200500488,-7.741919994354248,-7.048769950866699,-6.047314643859863,-3.8577280044555664,-2.8731980323791504,-5.647015571594238,-8.44111156463623,-9.111978530883789,-8.522627830505371,-7.918821334838867,-6.907492160797119,-7.234413146972656
-12.73647689819336,-13.143603324890137,-13.203093528747559,-13.004490852355957,-12.598173141479492,-12.358885765075684,-12.230531692504883,-11.933394432067871,-11.672176361083984,-11.381017684936523,-11.094675064086914,-11.013381958007812,-11.269683837890625,-11.595499992370605,-11.72219467163086,-11.483592987060547,-10.891467094421387,-10.318717956542969,-10.191338539123535,-10.242780685424805,-10.056928634643555,-9.548200607299805,-8.872754096984863,-8.458625793457031,-8.516889572143555,-8.70984935760498,-9.094714164733887,-9.596539497375488,-9.616061210632324,-9.142712593078613,-8.68195629119873,-8.650994300842285,-8.748619079589844,-8.01097583770752,-6.848045825958252,-5.630821704864502,-4.595449447631836,-6.434067726135254,-7.067986965179443,-7.7233757972717285,-6.089410305023193,-7.057713031768799,-6.646990776062012,-7.936056613922119
-13.154553413391113,-13.493227005004883,-13.414958000183105,-13.122490882873535,-12.841569900512695,-12.795278549194336,-12.69947624206543,-12.307945251464844,-11.99021053314209,-11.785321235656738,-11.407068252563477,-10.931285858154297,-10.758394241333008,-10.97172737121582,-11.382231712341309,-11.393800735473633,-10.825048446655273,-10.060782432556152,-9.78692626953125,-9.834796905517578,-9.873193740844727,-9.413689613342285,-8.627758026123047,-8.040362358093262,-7.807808876037598,-7.930318355560303,-8.354362487792969,-8.933013916015625,-9.337418556213379,-9.616543769836426,-9.78161907196045,-9.863058090209961,-9.931313514709473,-9.735634803771973,-8.926105499267578,-7.713546276092529,-6.357815742492676,-5.39135217666626,-4.94233512878418,-3.8828961849212646,-4.999081611633301,-5.692061424255371,-6.074975967407227,-7.63310432434082
-12.775742530822754,-13.293184280395508,-13.275228500366211,-12.975868225097656,-12.716968536376953,-12.716866493225098,-12.630576133728027,-12.46336841583252,-12.383257865905762,-12.277752876281738,-11.886112213134766,-11.181635856628418,-10.600573539733887,-10.628649711608887,-11.101042747497559,-11.179797172546387,-10.712030410766602,-10.131686210632324,-9.801789283752441,-9.717005729675293,-9.685652732849121,-9.219464302062988,-8.477818489074707,-7.836897373199463,-7.380967617034912,-7.294887542724609,-7.51408576965332,-7.8314642906188965,-8.438234329223633,-9.552007675170898,-10.789817810058594,-11.262624740600586,-11.026339530944824,-10.813392639160156,-10.469464302062988,-9.44140625,-7.994346618652344,-6.363068580627441,-5.2062201499938965,-4.7374701499938965,-5.440685272216797,-6.130477428436279,-6.586245059967041,-7.093242168426514
-12.22549819946289,-12.691817283630371,-12.909348487854004,-12.694297790527344,-12.315503120422363,-12.21429443359375,-12.327933311462402,-12.34819221496582,-12.275943756103516,-12.23879623413086,-11.990642547607422,-11.412235260009766,-10.83032512664795,-10.69612979888916,-10.810827255249023,-10.664173126220703,-10.131876945495605,-9.713171005249023,-9.63849925994873,-9.770085334777832,-9.715255737304688,-9.24438762664795,-8.62442684173584,-7.978518962860107,-7.417250156402588,-7.042016983032227,-7.021181583404541,-7.173111915588379,-7.627553462982178,-8.409867286682129,-9.296271324157715,-9.72925090789795,-9.658413887023926,-10.070900917053223,-10.632193565368652,-10.162670135498047,-8.961676597595215,-7.7720160484313965,-6.7304582595825195,-6.175594806671143,-5.172666549682617,-5.603285312652588,-6.19487190246582,-6.506321907043457
-11.882712364196777,-12.169669151306152,-12.401652336120605,-12.219286918640137,-12.014033317565918,-12.041237831115723,-12.139531135559082,-12.043062210083008,-11.920512199401855,-11.948655128479004,-12.003060340881348,-11.786523818969727,-11.388771057128906,-10.963001251220703,-10.532273292541504,-10.039090156555176,-9.488947868347168,-9.272753715515137,-9.450620651245117,-9.68126392364502,-9.622893333435059,-9.215421676635742,-8.59754467010498,-8.010223388671875,-7.490342617034912,-7.080374240875244,-6.842215061187744,-6.893124103546143,-7.079404830932617,-7.257169723510742,-7.261203289031982,-6.977731704711914,-6.678382873535156,-7.077033996582031,-8.281828880310059,-9.065006256103516,-8.760110855102539,-7.973910331726074,-7.136805057525635,-7.2534685134887695,-4.9301958084106445,-5.2794623374938965,-6.16668176651001,-6.510952949523926
-11.926301002502441,-12.016395568847656,-12.119175910949707,-11.985685348510742,-11.901647567749023,-12.133833885192871,-12.273756980895996,-12.09696102142334,-11.930069923400879,-12.144688606262207,-12.446110725402832,-12.322052955627441,-11.826702117919922,-11.209378242492676,-10.585777282714844,-10.002950668334961,-9.5552978515625,-9.345720291137695,-9.419159889221191,-9.535673141479492,-9.443596839904785,-9.120508193969727,-8.66102123260498,-8.244771957397461,-7.83616828918457,-7.360876560211182,-7.076533317565918,-7.011620044708252,-6.89246940612793,-6.536862373352051,-6.063148498535156,-5.632715702056885,-5.445497989654541,-5.656420707702637,-6.211428165435791,-6.843507766723633,-7.082901954650879,-7.035980224609375,-7.022366523742676,-6.581594467163086,-5.3776679039001465,-5.262935638427734,-6.1532769203186035,-6.457418441772461
-12.217772483825684,-12.233549118041992,-12.239325523376465,-12.130531311035156,-12.204330444335938,-12.52232837677002,-12.711666107177734,-12.543070793151855,-12.381714820861816,-12.592961311340332,-12.857149124145508,-12.636919021606445,-11.983210563659668,-11.395792007446289,-10.949474334716797,-10.556329727172852,-10.149374008178711,-9.851351737976074,-9.833539009094238,-9.805253028869629,-9.5732421875,-9.176359176635742,-8.794608116149902,-8.4753999710083,-8.194135665893555,-7.868380546569824,-7.574565887451172,-7.375556468963623,-7.137929439544678,-6.832266330718994,-6.677167892456055,-6.545485973358154,-6.42209005355835,-6.6143622398376465,-6.94077730178833,-7.098656177520752,-7.0156097412109375,-6.944466590881348,-6.721607685089111,-6.402385711669922,-6.200409412384033,-6.650033473968506,-7.309007167816162,-7.899234294891357
-12.56934928894043,-12.665058135986328,-12.831486701965332,-12.842672348022461,-12.898126602172852,-13.169618606567383,-13.358320236206055,-13.14245891571045,-12.720751762390137,-12.50770092010498,-12.511956214904785,-12.438514709472656,-12.157930374145508,-11.806804656982422,-11.499776840209961,-11.26788330078125,-10.982693672180176,-10.734102249145508,-10.56533432006836,-10.367680549621582,-9.919812202453613,-9.43088436126709,-9.04738712310791,-8.803171157836914,-8.572663307189941,-8.442416191101074,-8.299726486206055,-8.094396591186523,-8.049978256225586,-8.078228950500488,-8.247363090515137,-8.270666122436523,-8.15554141998291,-8.233843803405762,-8.4952392578125,-8.730088233947754,-8.580768585205078,-8.082006454467773,-7.556778907775879,-7.508398532867432,-7.917019367218018,-8.32847785949707,-8.863076210021973,-9.022342681884766
-13.255476951599121,-13.31446647644043,-13.426587104797363,-13.477716445922852,-13.560762405395508,-13.701074600219727,-13.765762329101562,-13.437729835510254,-12.764643669128418,-12.184518814086914,-11.989163398742676,-12.102485656738281,-12.245070457458496,-12.154741287231445,-11.830098152160645,-11.620556831359863,-11.627179145812988,-11.541804313659668,-11.343395233154297,-10.978303909301758,-10.3706636428833,-9.781810760498047,-9.372172355651855,-9.17345905303955,-8.81769847869873,-8.608859062194824,-8.649293899536133,-8.739815711975098,-9.000706672668457,-9.17674446105957,-9.395730972290039,-9.466766357421875,-9.46279525756836,-9.560498237609863,-9.785796165466309,-10.043668746948242,-9.969207763671875,-9.490028381347656,-9.026949882507324,-8.95181941986084,-9.277746200561523,-9.483850479125977,-9.543071746826172,-9.352757453918457
-13.96484661102295,-13.640958786010742,-13.46773624420166,-13.509963989257812,-13.617110252380371,-13.67393684387207,-13.695343017578125,-13.52100658416748,-13.043304443359375,-12.478426933288574,-12.05732250213623,-11.95607852935791,-12.181432723999023,-12.312200546264648,-11.908266067504883,-11.581143379211426,-11.779594421386719,-11.93548583984375,-11.780957221984863,-11.486328125,-10.852253913879395,-10.078869819641113,-9.55701732635498,-9.249735832214355,-8.852433204650879,-8.538979530334473,-8.663955688476562,-9.026671409606934,-9.477187156677246,-9.641599655151367,-9.655295372009277,-9.595741271972656,-9.693655967712402,-10.112126350402832,-10.604069709777832,-10.796979904174805,-10.644052505493164,-10.265666961669922,-9.621479988098145,-9.334809303283691,-9.552652359008789,-9.667949676513672,-9.472270011901855,-9.041647911071777
-14.235651969909668,-13.66225528717041,-13.306879997253418,-13.3255033493042,-13.482407569885254,-13.605608940124512,-13.709325790405273,-13.737144470214844,-13.550921440124512,-13.139382362365723,-12.630488395690918,-12.294159889221191,-12.314746856689453,-12.308955192565918,-11.884073257446289,-11.472907066345215,-11.485074043273926,-11.665580749511719,-11.68382453918457,-11.417227745056152,-10.812167167663574,-10.018245697021484,-9.33747673034668,-8.903840065002441,-8.590179443359375,-8.4706392288208,-8.696231842041016,-9.1795015335083,-9.497337341308594,-9.426618576049805,-9.105424880981445,-8.88520336151123,-9.19070053100586,-9.969407081604004,-10.686079025268555,-10.898544311523438,-10.804815292358398,-10.511829376220703,-9.925166130065918,-9.483061790466309,-9.323090553283691,-9.239313125610352,-8.989778518676758,-8.476116180419922
-14.21606159210205,-13.677882194519043,-13.328542709350586,-13.362099647521973,-13.623905181884766,-13.888312339782715,-14.035387992858887,-14.032485008239746,-13.821199417114258,-13.427416801452637,-13.005524635314941,-12.66385555267334,-12.49173641204834,-12.249406814575195,-11.800087928771973,-11.386008262634277,-11.160798072814941,-11.077311515808105,-11.00232982635498,-10.723942756652832,-10.180828094482422,-9.493467330932617,-8.960267066955566,-8.629494667053223,-8.43186092376709,-8.493034362792969,-8.817375183105469,-9.081110000610352,-9.071257591247559,-8.78013801574707,-8.317386627197266,-8.050990104675293,-8.453417778015137,-9.315352439880371,-10.047375679016113,-10.398468017578125,-10.354975700378418,-10.029562950134277,-9.66663646697998,-9.34217357635498,-9.07082462310791,-8.875330924987793,-8.609126091003418,-8.10433578491211
-14.170886039733887,-13.723930358886719,-13.581225395202637,-13.737481117248535,-14.042715072631836,-14.384981155395508,-14.5804443359375,-14.475200653076172,-13.946698188781738,-13.223686218261719,-12.709809303283691,-12.308027267456055,-12.052740097045898,-11.840339660644531,-11.6107177734375,-11.326716423034668,-11.006721496582031,-10.804754257202148,-10.703648567199707,-10.432085990905762,-9.87644100189209,-9.280603408813477,-9.06351089477539,-9.183752059936523,-9.275982856750488,-9.248981475830078,-9.184224128723145,-9.147433280944824,-9.089917182922363,-8.845044136047363,-8.372597694396973,-7.936696529388428,-7.992806911468506,-8.484699249267578,-9.083728790283203,-9.534706115722656,-9.71979808807373,-9.71860122680664,-9.639630317687988,-9.545811653137207,-9.270829200744629,-8.689407348632812,-8.112405776977539,-7.515164852142334
-14.169351577758789,-13.893621444702148,-13.863608360290527,-13.915298461914062,-14.122485160827637,-14.631460189819336,-15.10986328125,-14.864119529724121,-13.869832992553711,-12.866497039794922,-12.181063652038574,-11.734383583068848,-11.482524871826172,-11.449629783630371,-11.592658996582031,-11.678716659545898,-11.468931198120117,-11.254156112670898,-11.348801612854004,-11.458375930786133,-11.222874641418457,-10.804122924804688,-10.735816955566406,-10.991893768310547,-11.007963180541992,-10.66763973236084,-10.236083984375,-9.978002548217773,-9.885787010192871,-9.698166847229004,-9.29344367980957,-8.756114959716797,-8.458504676818848,-8.446939468383789,-8.658994674682617,-9.054764747619629,-9.554412841796875,-9.920241355895996,-9.989622116088867,-9.865117073059082,-9.5686616897583,-8.940068244934082,-8.035337448120117,-7.447165012359619
-14.567946434020996,-14.386913299560547,-13.991655349731445,-13.589729309082031,-13.763862609863281,-14.574877738952637,-15.200136184692383,-14.841080665588379,-13.666863441467285,-12.541289329528809,-11.955073356628418,-11.840984344482422,-11.831779479980469,-11.88694953918457,-12.274603843688965,-12.736066818237305,-12.751093864440918,-12.567581176757812,-12.933046340942383,-13.424515724182129,-13.336464881896973,-12.776121139526367,-12.497806549072266,-12.644913673400879,-12.640494346618652,-12.258973121643066,-11.734776496887207,-11.308846473693848,-10.962718963623047,-10.633450508117676,-10.314026832580566,-10.015935897827148,-9.781651496887207,-9.406042098999023,-9.066969871520996,-9.168275833129883,-9.792991638183594,-10.381641387939453,-10.48718547821045,-10.28030776977539,-9.972490310668945,-9.629826545715332,-9.22828483581543,-8.790754318237305
-15.064019203186035,-14.861846923828125,-14.167723655700684,-13.471792221069336,-13.439723014831543,-14.195921897888184,-14.799727439880371,-14.59709644317627,-13.571556091308594,-12.581100463867188,-12.422179222106934,-12.897607803344727,-13.207574844360352,-13.340290069580078,-13.62440299987793,-14.101529121398926,-14.160307884216309,-13.98330020904541,-14.24272632598877,-14.681172370910645,-14.650297164916992,-14.000399589538574,-13.489703178405762,-13.515836715698242,-13.712735176086426,-13.537785530090332,-12.991747856140137,-12.451508522033691,-12.060456275939941,-11.752676010131836,-11.560884475708008,-11.503470420837402,-11.333797454833984,-10.73263168334961,-10.024124145507812,-9.910609245300293,-10.50751781463623,-11.076478958129883,-11.153328895568848,-11.017757415771484,-11.112775802612305,-11.32612133026123,-11.211856842041016,-10.655234336853027
-15.230107307434082,-15.076590538024902,-14.465555191040039,-13.87703800201416,-13.679288864135742,-14.066934585571289,-14.477368354797363,-14.54639720916748,-13.99813175201416,-13.436234474182129,-13.640213966369629,-14.248030662536621,-14.559924125671387,-14.57630729675293,-14.722882270812988,-15.044490814208984,-14.93183708190918,-14.630034446716309,-14.615617752075195,-14.798636436462402,-14.843583106994629,-14.546846389770508,-14.232047080993652,-14.123950958251953,-14.22661304473877,-14.082801818847656,-13.587827682495117,-13.218759536743164,-13.155553817749023,-12.871988296508789,-12.512471199035645,-12.545514106750488,-12.539959907531738,-11.94322395324707,-11.188748359680176,-11.120368003845215,-11.72293472290039,-12.297186851501465,-12.3914213180542,-12.242379188537598,-12.370136260986328,-12.747519493103027,-12.843957901000977,-12.282346725463867
