data/wind_data/wind_Surface_43.json
{"header": {"parameterUnit": "KT", "parameterCategory": 2, "nx": 255, "ny": 198, "lo1": 44.73521041870117, "la1": -3.236724853515625, "lo2": 111.26478576660156, "la2": 43.468475341796875, "dx": 0.26192745566368103, "dy": -0.23708222806453705, "refTime": "2025-02-20 19:00:00", "forecastTime": 0, "parameterNumber": 3, "parameterNumberName": "northward_wind"}, "data":
[rows 114 to 132 of 198, columns 0 to 42 of 255]
-6.2551960945129395,-5.672147274017334,-6.6823248863220215,-5.922286510467529,-4.1076483726501465,-3.4832277297973633,-4.223881721496582,-4.532527446746826,-3.6170263290405273,-2.9906232357025146,-2.4463016986846924,-2.1182429790496826,-2.2135586738586426,-3.219130516052246,-4.051337242126465,-3.9965806007385254,-1.3392460346221924,4.686856269836426,4.947871208190918,5.113847255706787,5.573902130126953,5.9222517013549805,5.590865612030029,5.112824440002441,3.1106231212615967,3.0692801475524902,3.115114688873291,3.3588593006134033,1.9288591146469116,0.2548098564147949,-1.6484121084213257,-2.63317608833313,-3.146491765975952,-4.49581241607666,-5.846630096435547,-5.917390823364258,-5.691262245178223,-5.485902786254883,-5.285362720489502,-4.409882545471191,-3.093855142593384,-1.7163277864456177,0.1643209159374237
-5.958698272705078,-5.960366725921631,-6.890145778656006,-5.588684558868408,-3.5503485202789307,-3.41080904006958,-3.110640525817871,-2.6278696060180664,-2.461299419403076,-2.43119478225708,-2.040785074234009,-1.6845301389694214,-1.5032391548156738,-2.0361857414245605,-3.2288949489593506,-3.346257448196411,-1.6651015281677246,4.791581153869629,5.415939807891846,5.1815571784973145,4.963938236236572,5.814700126647949,6.172733306884766,6.680312156677246,3.9606921672821045,4.052913665771484,4.278564453125,3.873748302459717,2.3774096965789795,1.5758893489837646,0.3473876714706421,-1.5378854274749756,-2.1612281799316406,-2.4846103191375732,-3.7537264823913574,-5.0363850593566895,-5.611508369445801,-5.428431987762451,-4.766368865966797,-3.3395745754241943,-1.798155665397644,-0.5934087038040161,1.0914157629013062
-6.115881443023682,-6.611225605010986,-6.505147457122803,-5.126582145690918,-3.4423928260803223,-2.145423412322998,-1.4855269193649292,-1.0275083780288696,-1.095152497291565,-1.3714282512664795,-1.3796924352645874,-1.4163813591003418,-1.2929576635360718,-1.7464691400527954,-2.8944551944732666,-3.480498790740967,-2.300098180770874,4.5270094871521,5.6366777420043945,5.590305328369141,5.666248798370361,6.281223773956299,7.516335487365723,7.964565277099609,6.868098735809326,6.324732303619385,5.220975875854492,3.904414176940918,3.0467586517333984,2.3626999855041504,1.8996198177337646,0.4633338153362274,-0.8475544452667236,-0.396902471780777,-0.7527346014976501,-2.451699733734131,-4.102881908416748,-4.9496169090271,-5.309506416320801,-5.459712982177734,-4.373664379119873,-1.2792980670928955,2.7186756134033203
-6.144652843475342,-5.760730743408203,-5.385685920715332,-4.965027809143066,-2.9828133583068848,-1.5788654088974,-0.6123831868171692,0.035885460674762726,0.27973461151123047,0.07948684692382812,-0.2889063358306885,-0.6780109405517578,-0.6802216172218323,-1.04038405418396,-1.9026801586151123,-2.7409260272979736,-1.8594024181365967,4.621703624725342,6.1889328956604,6.118105888366699,6.119023323059082,6.707846164703369,7.898192405700684,8.686694145202637,7.875339508056641,6.9532976150512695,5.665511131286621,4.149566650390625,3.4206395149230957,2.7383999824523926,3.0546414852142334,3.272920846939087,2.231213092803955,1.6485648155212402,1.3618674278259277,0.8991653919219971,0.49551576375961304,-0.9704499840736389,-3.0272581577301025,-4.869760036468506,-5.032386779785156,-3.586815357208252,0.2517583966255188
-6.084194183349609,-5.29959774017334,-4.840363025665283,-4.151589393615723,-2.7295117378234863,-1.4149408340454102,-0.2584530711174011,0.6593716740608215,1.226659893989563,1.270642638206482,0.8833972215652466,0.45274460315704346,0.35862505435943604,0.40634140372276306,0.16953803598880768,-1.0145527124404907,-0.24531212449073792,5.357990264892578,6.454585552215576,6.664130210876465,6.002507209777832,5.970117568969727,7.292240142822266,8.677986145019531,8.113606452941895,7.094388008117676,5.534352779388428,4.5319013595581055,3.681981325149536,3.717228412628174,4.264036655426025,4.992741107940674,4.6427741050720215,1.7351073026657104,-1.0702763795852661,-1.9503945112228394,-0.1422225385904312,-0.16056117415428162,-1.3473236560821533,-1.664027214050293,-1.674665927886963,-2.706782579421997,-1.541164517402649
-5.826046943664551,-4.7389678955078125,-4.088674545288086,-3.406540632247925,-2.2313027381896973,-1.2927536964416504,-0.21668237447738647,0.7659609913825989,1.4927732944488525,1.7449188232421875,1.7792869806289673,1.576845407485962,1.4324443340301514,1.768802523612976,2.001636266708374,0.7172552347183228,2.1617488861083984,6.156285762786865,6.559010982513428,6.692143440246582,6.832298278808594,5.512571811676025,6.913646221160889,8.103510856628418,7.133029460906982,5.9430413246154785,5.038347244262695,4.719715595245361,4.5552263259887695,4.895651817321777,5.382890701293945,4.243727684020996,0.643379807472229,-3.0207018852233887,-4.988687992095947,-6.0799970626831055,-5.039239406585693,-5.065756320953369,-4.960052967071533,-2.972379207611084,-0.6268244385719299,0.0857856273651123,1.588414192199707
-4.863779067993164,-3.768824577331543,-3.136991024017334,-2.403144359588623,-1.2667222023010254,-0.551472544670105,0.18514291942119598,0.895704984664917,1.6522194147109985,1.62715744972229,1.9926801919937134,2.0578951835632324,1.7677371501922607,2.0691335201263428,2.196873903274536,1.9121423959732056,4.5981597900390625,6.196935176849365,7.441078186035156,10.357599258422852,8.582992553710938,7.159961700439453,7.659848690032959,7.251348495483398,5.673590183258057,4.696375846862793,4.585215091705322,4.838118553161621,5.597135066986084,6.227687835693359,4.323811054229736,-0.18308864533901215,-2.26720929145813,-2.4106154441833496,-2.7605879306793213,-3.9412083625793457,-4.973932266235352,-6.021042823791504,-6.5792999267578125,-5.9568610191345215,-3.640868902206421,-2.7899138927459717,1.2532132863998413
-3.565349578857422,-2.5753538608551025,-2.1540780067443848,-1.6174684762954712,-0.5635516047477722,0.0010837416630238295,0.5309144258499146,1.1232811212539673,1.862973690032959,1.6406025886535645,1.8504068851470947,1.935742974281311,1.6161178350448608,1.7937651872634888,1.1500799655914307,3.1088860034942627,6.016514301300049,7.418752670288086,12.400699615478516,12.518082618713379,10.321504592895508,8.78707218170166,8.278993606567383,6.567999362945557,5.0859904289245605,3.9641501903533936,4.099345684051514,5.287611484527588,6.035727024078369,4.547672748565674,-0.6073922514915466,-1.9108860492706299,-0.23119443655014038,2.071451425552368,2.135709762573242,0.741730272769928,-1.1885814666748047,-2.036564350128174,-2.3777360916137695,-3.265170097351074,-5.086027145385742,-8.037212371826172,-6.434509754180908
-2.979276180267334,-1.95144522190094,-1.7146631479263306,-1.4534786939620972,-0.6014241576194763,-0.23876890540122986,0.1888274997472763,0.9259281754493713,1.6133674383163452,1.6386524438858032,1.4643419981002808,0.9850185513496399,0.7735474109649658,0.8773550391197205,-0.3719235062599182,5.122488498687744,7.4872660636901855,12.846407890319824,14.6111421585083,13.458562850952148,11.188918113708496,9.782319068908691,8.58230209350586,6.3398213386535645,4.987468242645264,3.814974784851074,4.244126796722412,3.8790228366851807,1.1136815547943115,-1.2175815105438232,-1.1814056634902954,0.2771819233894348,1.0096155405044556,1.918188214302063,3.2924132347106934,2.8271796703338623,1.059020757675171,-0.08405931293964386,0.5545044541358948,0.5959002375602722,-3.187385320663452,-7.3350701332092285,-10.904963493347168
-3.010467529296875,-2.2750768661499023,-2.191206216812134,-2.001904010772705,-1.4061620235443115,-1.1669657230377197,-0.4448844790458679,0.662175714969635,1.3301854133605957,1.2711470127105713,0.8335323333740234,0.034678827971220016,0.03756466507911682,-0.7247412800788879,0.4402988851070404,7.2679266929626465,12.63037395477295,14.807695388793945,14.458401679992676,13.046027183532715,11.391538619995117,10.343055725097656,8.806923866271973,6.6990790367126465,5.144908428192139,2.9946465492248535,1.590296745300293,-1.02022385597229,-2.892551898956299,-2.580045223236084,-0.29985249042510986,1.0225286483764648,0.9586998820304871,0.3789120018482208,1.317429780960083,2.0919811725616455,2.0392746925354004,0.3324517607688904,-0.8449110388755798,-1.1050693988800049,-2.780695676803589,-3.789201498031616,-3.6879706382751465
-3.0810558795928955,-3.2247979640960693,-3.1042182445526123,-3.0763092041015625,-2.750366449356079,-2.346348285675049,-0.9050835967063904,0.8108236789703369,1.3491582870483398,0.8045711517333984,0.276263564825058,-0.3282207250595093,-0.6922522783279419,-0.5436827540397644,3.9946835041046143,8.341814994812012,14.279922485351562,14.002169609069824,13.055355072021484,12.111924171447754,11.335779190063477,10.310656547546387,8.834943771362305,6.801853179931641,4.364450454711914,0.9032864570617676,-0.4564368426799774,-1.2200231552124023,-1.014901876449585,-1.7935711145401,-3.3243865966796875,-2.532759189605713,-0.7052234411239624,0.060601092875003815,-0.4858155846595764,0.20534566044807434,1.6323477029800415,0.2043284773826599,-2.542633056640625,-3.5052125453948975,-2.0063297748565674,-0.24530677497386932,1.0612401962280273
-3.554840326309204,-3.7498457431793213,-3.990288257598877,-4.0968732833862305,-3.638777256011963,-2.6405792236328125,-0.5139109492301941,1.13782799243927,1.2157938480377197,0.5633062720298767,-0.31701135635375977,-0.6212440729141235,0.17698830366134644,2.1224498748779297,5.742850303649902,11.049094200134277,13.804204940795898,12.25676441192627,11.901603698730469,11.42587661743164,10.989866256713867,10.4763822555542,9.0462646484375,6.844694137573242,3.8397305011749268,0.25828027725219727,-0.49949830770492554,-0.5805821418762207,-0.649203896522522,-2.001288414001465,-4.303359031677246,-4.899246692657471,-2.960620164871216,0.13931170105934143,0.624603807926178,0.15419359505176544,-0.12399660050868988,-0.6963180303573608,-2.350520610809326,-1.8344253301620483,0.9639500379562378,1.731749176979065,0.8099574446678162
-3.781517744064331,-3.93424129486084,-4.455774307250977,-4.500813007354736,-3.675861358642578,-1.9562801122665405,0.33876833319664,0.976679265499115,0.7504427433013916,-0.17991124093532562,-0.7308759689331055,0.9095469117164612,2.5367257595062256,3.542274236679077,5.43949031829834,10.556117057800293,11.760601043701172,11.108899116516113,11.330450057983398,11.154786109924316,10.38702392578125,9.706700325012207,8.67066764831543,7.763293743133545,5.49268913269043,1.385503888130188,-0.11336950212717056,-0.3116336762905121,-0.7496617436408997,-0.99302738904953,-1.17606520652771,-2.4529433250427246,-2.9710066318511963,-0.0077187540009617805,2.52413272857666,1.9540671110153198,-0.7158944010734558,-1.1570357084274292,1.1453793048858643,3.9217841625213623,5.295759201049805,4.371391773223877,2.7767980098724365
-3.8150103092193604,-3.721470832824707,-4.221445560455322,-4.197405815124512,-3.081883430480957,-1.019295573234558,0.5731514692306519,0.2504618465900421,-0.6214125752449036,-0.8729383945465088,0.5425964593887329,1.7377793788909912,2.2972090244293213,3.6476542949676514,6.639718532562256,8.930978775024414,9.396126747131348,9.802456855773926,10.073113441467285,10.055915832519531,9.198322296142578,8.35932731628418,7.278532028198242,7.093927383422852,6.081503868103027,4.355954647064209,3.531708002090454,3.423563003540039,2.4396896362304688,1.936276912689209,2.9357120990753174,2.1230242252349854,0.4022394120693207,0.988985538482666,2.4322798252105713,3.050320863723755,1.8433892726898193,1.5999633073806763,6.221576690673828,9.253689765930176,9.021907806396484,7.929876327514648,6.931857585906982
-3.7487287521362305,-3.2717463970184326,-3.4449007511138916,-3.3764166831970215,-2.0127804279327393,-0.12324238568544388,0.007444621529430151,-1.3682347536087036,-1.0527666807174683,0.741304337978363,0.7438593506813049,-0.5834903717041016,0.7163494229316711,3.340287446975708,5.306711673736572,6.3631415367126465,7.108232021331787,7.366641998291016,6.959812641143799,6.477523326873779,6.021103382110596,5.618725299835205,4.324993133544922,3.1766135692596436,3.6735475063323975,6.969400882720947,6.543013572692871,5.612366676330566,5.5010528564453125,5.928431987762451,7.638721466064453,7.1280598640441895,4.529444694519043,3.985919237136841,4.085903167724609,5.526063442230225,6.524843692779541,7.082388401031494,9.250452041625977,8.450387954711914,7.569182872772217,8.691919326782227,9.956128120422363
-3.550179958343506,-2.703357219696045,-2.5777299404144287,-2.3759942054748535,-0.6494936943054199,0.28457483649253845,-1.549087643623352,-2.0841801166534424,1.1891212463378906,1.8614753484725952,-0.33442822098731995,-1.7854886054992676,-0.5681900382041931,1.8857426643371582,3.571850299835205,4.577919960021973,5.00919246673584,4.380692481994629,3.356950283050537,2.2810134887695312,1.738948106765747,1.5928438901901245,1.0159794092178345,0.2589772045612335,1.867876410484314,6.8177714347839355,6.440873622894287,4.042110919952393,6.098562240600586,8.92304801940918,10.108393669128418,9.451264381408691,8.927123069763184,8.912911415100098,10.091312408447266,11.184077262878418,11.730229377746582,11.223323822021484,9.29694652557373,6.640336036682129,7.469637870788574,11.043919563293457,11.91547679901123
-3.3271920680999756,-2.5859198570251465,-2.062159299850464,-1.579982876777649,0.6625577807426453,-0.36150240898132324,-1.4684830904006958,0.5427109599113464,2.5451743602752686,2.249544858932495,0.7322288751602173,-0.945716381072998,-1.1485865116119385,0.55045485496521,2.6249239444732666,3.280343532562256,3.1570606231689453,2.6253256797790527,1.6958763599395752,0.6035606265068054,0.1065812036395073,0.8464103937149048,0.5172169804573059,-0.8169552683830261,-0.9446413516998291,2.6453824043273926,3.95405650138855,2.9580070972442627,6.355611801147461,10.092864990234375,5.591418266296387,6.2585673332214355,10.18789291381836,11.810659408569336,12.729389190673828,13.349720001220703,15.106754302978516,14.254678726196289,11.901329040527344,9.764080047607422,10.640531539916992,11.65061092376709,13.51568603515625
-3.3061721324920654,-2.4889135360717773,-1.7105517387390137,-0.7552983164787292,1.0561070442199707,0.10245787352323532,2.0803065299987793,3.0186169147491455,3.3616840839385986,3.050297737121582,1.919129490852356,0.25993937253952026,-0.3743477761745453,0.48882603645324707,2.0061123371124268,1.7155587673187256,1.770851731300354,1.6916072368621826,1.3312454223632812,0.6824641227722168,0.2622997760772705,1.1170110702514648,0.7479069828987122,-0.39982056617736816,-1.225023865699768,0.3513266146183014,3.8733432292938232,6.098485469818115,9.584733963012695,8.84734058380127,-1.0354350805282593,2.1673390865325928,6.49449348449707,6.418561935424805,5.819365501403809,7.940648555755615,11.970001220703125,13.849422454833984,14.13526725769043,13.568130493164062,12.857977867126465,11.628519058227539,13.82670783996582
-3.3432881832122803,-2.441574811935425,-1.4990572929382324,0.004239580128341913,0.8243429064750671,2.8432064056396484,4.4246602058410645,4.658714771270752,4.132897853851318,3.2113726139068604,2.3202028274536133,1.7419682741165161,2.0021917819976807,1.0034900903701782,1.0969129800796509,0.7030784487724304,0.6968597769737244,0.7366939783096313,1.044994831085205,0.847637414932251,-0.0887843519449234,-0.619620144367218,0.27215930819511414,1.037935733795166,2.1911425590515137,3.8880887031555176,7.162561416625977,9.76428508758545,11.6784086227417,3.336681365966797,-4.4733405113220215,-2.852450132369995,2.0647354125976562,3.7851414680480957,4.186363697052002,6.093717098236084,9.210521697998047,7.87141227722168,9.34961223602295,11.099167823791504,8.661018371582031,12.242599487304688,17.016082763671875
