data/wind_data/wind_65_9.json
{"header": {"parameterUnit": "KT", "parameterCategory": 2, "nx": 256, "ny": 198, "lo1": 44.73521041870117, "la1": -3.236724853515625, "lo2": 111.26478576660156, "la2": 43.468475341796875, "dx": 0.2609002888202667, "dy": -0.23708222806453705, "refTime": "2025-02-21 17:00:00", "forecastTime": 0, "parameterNumber": 2, "parameterNumberName": "eastward_wind"}, "data":
[rows 152 to 170 of 198, columns 86 to 128 of 256]
12.358196258544922,14.351706504821777,14.808485984802246,12.651575088500977,9.093183517456055,6.742866516113281,7.426945209503174,9.869370460510254,11.973005294799805,12.178631782531738,9.437963485717773,6.054853916168213,4.48701810836792,5.027770042419434,7.445760726928711,10.906517028808594,14.168768882751465,16.152175903320312,16.424781799316406,16.2611141204834,16.247875213623047,15.603224754333496,14.639032363891602,14.082076072692871,14.080145835876465,15.279540061950684,17.242191314697266,18.297975540161133,17.838539123535156,16.353866577148438,15.861082077026367,17.726348876953125,18.556007385253906,15.661385536193848,12.986079216003418,14.119184494018555,15.54742431640625,13.614559173583984,11.396382331848145,11.250080108642578,13.004240036010742,14.831888198852539,15.032504081726074
12.726861953735352,14.909231185913086,14.456070899963379,10.961714744567871,8.580220222473145,9.077784538269043,9.90831470489502,9.737316131591797,9.629681587219238,9.464803695678711,8.742452621459961,7.609496593475342,6.590953826904297,6.983583927154541,9.482216835021973,12.673297882080078,14.991482734680176,16.082111358642578,16.6534481048584,17.39179801940918,17.482946395874023,15.995770454406738,13.995185852050781,12.908774375915527,13.237957000732422,15.32170295715332,17.89015007019043,18.874401092529297,18.284217834472656,17.184879302978516,17.388765335083008,19.24919319152832,19.220243453979492,15.571378707885742,13.439116477966309,15.333393096923828,16.77286148071289,13.745331764221191,9.792400360107422,9.670504570007324,12.823447227478027,15.837362289428711,16.245624542236328
13.22231388092041,14.204203605651855,12.5474271774292,10.236030578613281,10.885905265808105,11.700398445129395,9.984461784362793,7.781862258911133,7.700149059295654,9.07864761352539,9.90113639831543,9.222415924072266,8.316658973693848,9.055086135864258,11.279397010803223,13.464679718017578,14.845008850097656,15.785959243774414,17.004743576049805,18.143714904785156,17.679468154907227,15.244583129882812,12.29387378692627,10.872377395629883,12.215645790100098,15.577672004699707,18.705106735229492,19.651472091674805,18.65146255493164,17.452606201171875,18.20474624633789,19.57783317565918,17.861488342285156,13.640057563781738,12.728730201721191,15.143403053283691,16.074214935302734,11.582674026489258,6.214828968048096,7.489513874053955,13.213839530944824,17.006540298461914,16.46524429321289
13.376886367797852,12.404346466064453,10.947713851928711,11.566944122314453,13.104730606079102,11.668728828430176,8.52635669708252,7.353874206542969,8.6835298538208,10.447100639343262,10.575509071350098,9.648500442504883,9.491334915161133,10.309306144714355,11.312978744506836,12.491814613342285,14.301795959472656,16.369159698486328,17.952722549438477,18.402000427246094,16.866060256958008,13.627289772033691,10.687931060791016,9.870447158813477,11.840293884277344,15.588735580444336,18.761625289916992,19.24056053161621,17.94504737854004,17.254472732543945,18.093822479248047,18.15204429626465,15.324563980102539,12.51772689819336,12.82802963256836,14.41836166381836,13.150097846984863,6.809396743774414,3.835515022277832,8.326055526733398,14.790332794189453,16.300052642822266,14.077349662780762
13.292205810546875,10.713486671447754,10.497121810913086,12.901658058166504,13.518153190612793,10.98787784576416,9.170003890991211,9.451848030090332,10.234511375427246,10.238186836242676,9.314885139465332,9.102303504943848,10.107320785522461,10.70486068725586,10.648423194885254,12.035191535949707,15.096921920776367,17.623537063598633,18.343639373779297,17.838134765625,15.722216606140137,12.184709548950195,9.940875053405762,10.198136329650879,12.019022941589355,14.920563697814941,17.950223922729492,18.045011520385742,16.272647857666016,15.941211700439453,16.738269805908203,16.408527374267578,14.865873336791992,14.080646514892578,14.120676040649414,13.063125610351562,8.806212425231934,3.904308557510376,5.875696182250977,12.31579875946045,15.725740432739258,13.345147132873535,10.492718696594238
14.315774917602539,10.931118965148926,11.16502857208252,13.466407775878906,13.849777221679688,12.948657035827637,12.483480453491211,11.31806755065918,9.623634338378906,8.22849178314209,7.775991439819336,8.673795700073242,10.205888748168945,10.976533889770508,11.514121055603027,13.529757499694824,16.22211456298828,17.483190536499023,17.333147048950195,16.66088104248047,14.574054718017578,11.157344818115234,9.59500503540039,10.647366523742676,12.114874839782715,13.38902473449707,15.293031692504883,16.430204391479492,15.558144569396973,14.662385940551758,14.395113945007324,14.86400032043457,16.02593231201172,16.582714080810547,15.041213989257812,10.593750953674316,5.833352565765381,5.68201208114624,11.13852310180664,15.739137649536133,14.387894630432129,9.93216323852539,8.321979522705078
17.012697219848633,14.464716911315918,13.535947799682617,13.99170207977295,15.257563591003418,16.73529052734375,15.700916290283203,11.777369499206543,8.344976425170898,7.305480480194092,8.025925636291504,9.380499839782715,10.621216773986816,11.458740234375,12.847829818725586,14.83879566192627,16.056577682495117,16.03952407836914,15.710978507995605,15.144898414611816,13.614534378051758,11.224089622497559,9.812344551086426,9.875727653503418,10.087485313415527,10.257816314697266,11.55920124053955,14.203798294067383,15.168999671936035,13.624399185180664,12.353837013244629,13.976757049560547,17.18828773498535,17.412935256958008,12.897326469421387,6.737186431884766,4.926097869873047,9.316309928894043,15.686786651611328,15.63427448272705,10.589733123779297,7.3184967041015625,8.011195182800293
19.210826873779297,19.102903366088867,17.752717971801758,16.76958465576172,18.425851821899414,19.93416404724121,17.2757511138916,11.963205337524414,8.824101448059082,8.914082527160645,9.877585411071777,10.378955841064453,10.76127815246582,11.609848022460938,13.310322761535645,14.678717613220215,14.713801383972168,14.111481666564941,13.882670402526855,13.78729248046875,13.552016258239746,12.425021171569824,10.208429336547852,8.385737419128418,7.371618747711182,7.212642192840576,8.846501350402832,12.043582916259766,13.946187973022461,12.564157485961914,11.862455368041992,14.725934028625488,18.122793197631836,15.767847061157227,8.04074478149414,3.3964078426361084,5.5493245124816895,11.922380447387695,16.712200164794922,13.815155982971191,8.278081893920898,6.651587963104248,7.955799579620361
19.331090927124023,21.143619537353516,21.45503044128418,21.557397842407227,22.59663963317871,21.960859298706055,17.92605209350586,13.368645668029785,11.574563026428223,11.773721694946289,11.712181091308594,10.919733047485352,10.618581771850586,11.368809700012207,12.720988273620605,13.515604972839355,13.268749237060547,12.758463859558105,12.649576187133789,13.05132007598877,13.518021583557129,12.725141525268555,10.260391235351562,8.197100639343262,7.005825519561768,6.563676834106445,8.40361499786377,11.23297119140625,12.014249801635742,11.031222343444824,12.895133972167969,17.31668472290039,18.982328414916992,12.736611366271973,3.799783945083618,2.434469699859619,6.874650955200195,12.352217674255371,14.94947338104248,13.473316192626953,9.690057754516602,7.1283278465271,7.47087287902832
18.67516326904297,20.993799209594727,22.783714294433594,24.19894790649414,24.8498592376709,23.02850341796875,19.369844436645508,16.443490982055664,14.979214668273926,14.003399848937988,13.069153785705566,12.099868774414062,11.133454322814941,10.8072509765625,11.303289413452148,12.253150939941406,12.712076187133789,12.532210350036621,12.44392204284668,12.735413551330566,12.502565383911133,11.353590965270996,9.750917434692383,8.723417282104492,7.969350814819336,7.716236114501953,9.27009391784668,10.631844520568848,9.271206855773926,9.123881340026855,14.533442497253418,20.248918533325195,19.435232162475586,11.01969051361084,3.855236053466797,4.160849094390869,8.183639526367188,11.480257034301758,13.574130058288574,14.554553985595703,12.008418083190918,7.86366081237793,6.820557594299316
18.897062301635742,20.960586547851562,22.31597137451172,23.25541114807129,23.74114990234375,22.842315673828125,21.050064086914062,19.115812301635742,16.775510787963867,14.763260841369629,14.139220237731934,13.484721183776855,11.171838760375977,9.464221954345703,10.212563514709473,12.37332534790039,13.38706111907959,12.768749237060547,12.23526382446289,12.409585952758789,11.92667007446289,10.431925773620605,9.162453651428223,8.594584465026855,8.467138290405273,8.981427192687988,9.782746315002441,8.471809387207031,5.956401348114014,8.344569206237793,16.33571434020996,22.183549880981445,19.823881149291992,12.014655113220215,7.391416072845459,7.8523101806640625,9.88269329071045,11.168603897094727,13.336825370788574,15.67596435546875,13.835794448852539,9.013984680175781,6.417768478393555
20.089113235473633,21.672021865844727,21.962024688720703,21.766782760620117,21.905229568481445,21.954763412475586,21.196300506591797,19.132722854614258,16.113420486450195,14.164796829223633,14.09561824798584,12.87397575378418,9.586892127990723,8.594549179077148,10.873476028442383,13.80246353149414,14.362532615661621,12.7711820602417,11.974260330200195,12.43927001953125,12.25554370880127,10.641162872314453,9.121511459350586,8.57309627532959,9.17085075378418,10.286125183105469,9.665000915527344,5.973174095153809,4.528494358062744,9.477656364440918,18.079147338867188,22.905155181884766,20.016250610351562,13.822243690490723,10.849124908447266,11.610788345336914,12.053604125976562,11.279364585876465,12.770569801330566,16.0596866607666,15.711304664611816,10.849516868591309,6.698197841644287
20.97374153137207,22.401914596557617,22.553834915161133,22.038984298706055,21.650728225708008,21.26877212524414,20.02750015258789,17.60337257385254,14.797142028808594,12.984685897827148,12.138458251953125,10.241477012634277,8.390597343444824,9.594663619995117,12.600543975830078,14.832756042480469,14.705367088317871,12.877583503723145,11.921489715576172,12.293521881103516,12.398099899291992,11.188409805297852,9.756302833557129,9.38613510131836,10.427149772644043,11.458155632019043,9.786004066467285,6.169495105743408,6.683104038238525,11.941034317016602,18.62809181213379,22.25034523010254,19.830039978027344,14.713626861572266,12.87468433380127,14.46238899230957,14.041966438293457,11.318136215209961,12.144126892089844,16.072233200073242,17.253103256225586,12.706032752990723,7.299985885620117
21.118925094604492,22.5692138671875,23.171058654785156,22.977506637573242,22.306730270385742,21.289878845214844,19.517385482788086,17.01101303100586,14.385483741760254,12.107817649841309,10.166634559631348,8.752182006835938,9.053030014038086,11.172607421875,13.342558860778809,14.540940284729004,14.673558235168457,13.446311950683594,11.858124732971191,11.555718421936035,12.018683433532715,11.481605529785156,10.344615936279297,10.278861045837402,11.320989608764648,11.796375274658203,10.034552574157715,8.341073036193848,10.273528099060059,14.149460792541504,18.084239959716797,20.720834732055664,19.52231216430664,15.900955200195312,14.540911674499512,15.523801803588867,14.68815803527832,12.172653198242188,12.743735313415527,15.827027320861816,17.35081672668457,14.15546703338623,8.591229438781738
21.18146514892578,22.201648712158203,22.90123748779297,23.1387996673584,22.661396026611328,21.602224349975586,19.82591438293457,17.316679000854492,14.652050971984863,12.315853118896484,10.438837051391602,9.565963745117188,10.194524765014648,11.476866722106934,12.657727241516113,13.853738784790039,14.82159423828125,14.048685073852539,11.578910827636719,10.562254905700684,11.430567741394043,11.687427520751953,10.882019996643066,10.977437019348145,11.622212409973145,11.13137435913086,9.791952133178711,10.222753524780273,12.910268783569336,15.567536354064941,17.561962127685547,19.133005142211914,19.07817268371582,17.545934677124023,16.045215606689453,14.58094596862793,13.120387077331543,12.950898170471191,14.280168533325195,15.659595489501953,16.274982452392578,14.92855167388916,10.971869468688965
21.178359985351562,21.405168533325195,21.80272674560547,22.405338287353516,22.57452964782715,21.762372970581055,19.94110870361328,17.496307373046875,15.158276557922363,13.484931945800781,12.29542350769043,11.334311485290527,10.838860511779785,10.925542831420898,11.850452423095703,13.540597915649414,14.821431159973145,14.001208305358887,11.49885368347168,10.337742805480957,10.974348068237305,11.608768463134766,11.712020874023438,12.041365623474121,11.839848518371582,10.270478248596191,9.48205280303955,11.437074661254883,14.68836498260498,16.47684097290039,17.007795333862305,17.714311599731445,18.82890510559082,19.083053588867188,17.165321350097656,13.456896781921387,11.326665878295898,12.597943305969238,15.267486572265625,16.586854934692383,16.43193817138672,15.407934188842773,13.259228706359863
20.85831069946289,20.3426570892334,20.586688995361328,21.571002960205078,22.32813262939453,21.8917236328125,20.181459426879883,17.81316566467285,15.851588249206543,14.870784759521484,14.121903419494629,12.878434181213379,11.545165061950684,10.94959545135498,11.690654754638672,13.412572860717773,14.485082626342773,13.611940383911133,11.915336608886719,11.117894172668457,11.085359573364258,11.547983169555664,12.595288276672363,13.352143287658691,12.130900382995605,9.578069686889648,9.297219276428223,12.304935455322266,16.117267608642578,17.20753288269043,16.024927139282227,15.773032188415527,18.285940170288086,20.594581604003906,18.661849975585938,13.931794166564941,11.592961311340332,13.059168815612793,16.026809692382812,18.020946502685547,18.009584426879883,16.67636489868164,15.118563652038574
20.70115852355957,19.817716598510742,20.04758071899414,21.03598976135254,21.855791091918945,21.75777816772461,20.49382209777832,18.393741607666016,16.679378509521484,15.904644012451172,15.180858612060547,13.940338134765625,12.530553817749023,11.666175842285156,12.100895881652832,13.608792304992676,14.542567253112793,13.884499549865723,12.785147666931152,12.219131469726562,11.802616119384766,12.072203636169434,13.591084480285645,14.547590255737305,12.548160552978516,9.12993335723877,9.017189979553223,12.607366561889648,16.588253021240234,17.29317283630371,15.02497673034668,13.975167274475098,16.779897689819336,20.928274154663086,20.105737686157227,15.514580726623535,13.680561065673828,15.371232986450195,17.59296989440918,18.773324966430664,18.87502098083496,18.062841415405273,16.74571990966797
21.52962875366211,20.360897064208984,20.007823944091797,20.37156105041504,20.903860092163086,20.957836151123047,20.133886337280273,18.628002166748047,17.272315979003906,16.362070083618164,15.601780891418457,14.600472450256348,13.405126571655273,12.597335815429688,12.889474868774414,14.103321075439453,15.0057954788208,14.858784675598145,14.134705543518066,13.376776695251465,12.768366813659668,13.158906936645508,14.917838096618652,15.915487289428711,13.403424263000488,9.200902938842773,8.833526611328125,12.524208068847656,16.209617614746094,16.74456024169922,14.442294120788574,13.059627532958984,15.147134780883789,19.45908546447754,20.489301681518555,17.162120819091797,15.313243865966797,16.77092742919922,18.675260543823242,19.14832305908203,18.694093704223633,18.153451919555664,17.580106735229492
