data/wind_data/wind_14_3.json
{"header": {"parameterUnit": "KT", "parameterCategory": 2, "nx": 256, "ny": 198, "lo1": 44.73521041870117, "la1": -3.236724853515625, "lo2": 111.26478576660156, "la2": 43.468475341796875, "dx": 0.2609002888202667, "dy": -0.23708222806453705, "refTime": "2025-02-19 14:00:00", "forecastTime": 0, "parameterNumber": 2, "parameterNumberName": "eastward_wind"}, "data":
[rows 95 to 113 of 198, columns 44 to 87 of 256]
9.06879997253418,8.117180824279785,8.137476921081543,8.745866775512695,9.464909553527832,10.027933120727539,10.434921264648438,10.475536346435547,10.092069625854492,11.792594909667969,10.16012954711914,7.787415504455566,7.4982686042785645,7.993144512176514,7.970919132232666,7.880434036254883,8.044509887695312,8.217533111572266,8.219722747802734,8.220669746398926,8.472884178161621,8.94382095336914,9.370895385742188,9.514311790466309,9.354998588562012,9.143913269042969,9.102457046508789,9.204011917114258,9.433890342712402,9.82286548614502,10.328237533569336,10.831293106079102,11.282355308532715,11.938620567321777,12.962920188903809,14.03309440612793,14.662318229675293,14.825484275817871,14.859296798706055,14.964799880981445,15.072831153869629,15.097630500793457,14.922804832458496,14.308236122131348
9.063030242919922,8.223759651184082,7.854206562042236,7.978906154632568,8.584307670593262,9.245920181274414,9.55964469909668,9.42282772064209,9.144121170043945,9.1829252243042,11.367829322814941,9.938326835632324,7.221436500549316,6.3202595710754395,6.63941764831543,7.505918502807617,8.45980453491211,8.89997386932373,8.621733665466309,8.317734718322754,8.598864555358887,9.257606506347656,9.82382583618164,10.023360252380371,9.833003997802734,9.538987159729004,9.481287002563477,9.74626636505127,10.186361312866211,10.717117309570312,11.355140686035156,12.003308296203613,12.52966594696045,13.099271774291992,13.949814796447754,14.925678253173828,15.599530220031738,15.832720756530762,15.8328857421875,15.800841331481934,15.785500526428223,15.765971183776855,15.656197547912598,15.179101943969727
9.792815208435059,9.295475959777832,8.506118774414062,8.104334831237793,8.249370574951172,8.658778190612793,8.846854209899902,8.609301567077637,8.199339866638184,8.198750495910645,8.57661247253418,10.981830596923828,9.532940864562988,7.806180477142334,7.010348320007324,7.976661205291748,9.466259002685547,9.814288139343262,9.195719718933105,8.988387107849121,9.487220764160156,10.014153480529785,10.243560791015625,10.274073600769043,10.21490478515625,10.08932876586914,10.03714370727539,10.353194236755371,11.041741371154785,11.790583610534668,12.51229476928711,13.288296699523926,14.014580726623535,14.587089538574219,15.162882804870605,15.840693473815918,16.407230377197266,16.68880271911621,16.753145217895508,16.67679786682129,16.493738174438477,16.262617111206055,16.065967559814453,15.75558090209961
10.726446151733398,10.20246410369873,9.316149711608887,8.707511901855469,8.657419204711914,8.650825500488281,8.378225326538086,7.787335395812988,7.32870626449585,7.4444260597229,8.355095863342285,7.967835426330566,7.970092296600342,12.451151847839355,11.77112865447998,10.195411682128906,10.231781959533691,10.316142082214355,10.34232234954834,10.878690719604492,11.336862564086914,11.239481925964355,10.825934410095215,10.598690032958984,10.738988876342773,10.972641944885254,11.09953784942627,11.358541488647461,11.94213581085205,12.74455738067627,13.519662857055664,14.25648021697998,15.007627487182617,15.649620056152344,16.170625686645508,16.685747146606445,17.17011833190918,17.529033660888672,17.675540924072266,17.615806579589844,17.38212013244629,17.147926330566406,17.03694725036621,17.031538009643555
11.365352630615234,10.703649520874023,9.744385719299316,8.871057510375977,8.755020141601562,8.548583984375,7.87535285949707,6.874351501464844,6.047346115112305,6.831876277923584,7.915605068206787,6.815713882446289,9.503889083862305,14.401028633117676,15.295196533203125,13.586716651916504,11.783387184143066,11.251530647277832,12.086493492126465,12.971711158752441,13.16754150390625,12.76733684539795,12.107778549194336,11.597945213317871,11.47724723815918,11.750195503234863,12.279616355895996,12.798860549926758,13.155917167663574,13.604251861572266,14.290873527526855,15.030621528625488,15.670400619506836,16.202699661254883,16.696447372436523,17.22764778137207,17.761476516723633,18.190502166748047,18.471981048583984,18.65011978149414,18.76908302307129,18.84969711303711,18.899948120117188,19.0613956451416
12.300878524780273,11.317253112792969,10.257030487060547,9.314787864685059,8.66468620300293,8.177614212036133,7.122238636016846,5.458515167236328,5.016327857971191,6.187135696411133,7.566425800323486,6.381216049194336,13.952109336853027,16.014049530029297,16.083406448364258,15.805848121643066,14.7250337600708,13.991498947143555,13.968148231506348,14.15699577331543,14.293401718139648,14.10860824584961,13.513982772827148,12.70625114440918,12.035672187805176,11.909173965454102,12.515518188476562,13.544391632080078,14.40318489074707,14.807695388793945,15.11501693725586,15.63817310333252,16.2767391204834,16.874692916870117,17.406137466430664,17.896921157836914,18.31264305114746,18.629446029663086,18.96336555480957,19.451396942138672,20.03972816467285,20.532609939575195,20.777202606201172,20.84522247314453
12.546910285949707,11.66020393371582,10.837430953979492,10.15064811706543,9.172300338745117,7.77943754196167,5.490243434906006,5.124377250671387,6.289795398712158,6.037535667419434,8.65466594696045,13.486785888671875,16.796571731567383,18.169883728027344,17.299253463745117,16.94971466064453,17.106637954711914,16.66431999206543,15.856282234191895,15.448225021362305,15.39457893371582,15.07391357421875,14.233055114746094,13.266509056091309,12.569999694824219,12.303887367248535,12.56251049041748,13.326147079467773,14.450068473815918,15.553532600402832,16.285871505737305,16.666065216064453,17.009111404418945,17.537071228027344,18.135448455810547,18.608545303344727,18.889902114868164,19.049774169921875,19.257585525512695,19.734880447387695,20.48249053955078,21.219280242919922,21.63909912109375,21.79744529724121
12.202510833740234,11.311944961547852,11.047616958618164,11.657597541809082,11.15989875793457,9.275691032409668,8.514222145080566,9.039095878601074,9.091070175170898,10.985443115234375,16.126394271850586,18.603466033935547,17.281219482421875,16.82771873474121,17.017803192138672,17.569042205810547,17.833932876586914,17.62212371826172,17.137630462646484,16.673765182495117,16.318174362182617,15.767581939697266,15.070219039916992,14.494905471801758,14.121514320373535,13.920422554016113,13.892960548400879,14.037675857543945,14.494629859924316,15.43805980682373,16.70445442199707,17.829879760742188,18.481382369995117,18.818742752075195,19.129980087280273,19.370458602905273,19.40631675720215,19.32508087158203,19.382959365844727,19.803030014038086,20.530731201171875,21.225656509399414,21.702131271362305,22.127811431884766
13.164009094238281,11.400740623474121,11.088204383850098,12.501116752624512,16.283950805664062,15.158841133117676,17.087541580200195,19.419418334960938,20.603778839111328,20.20099639892578,18.325054168701172,17.36873435974121,17.11808204650879,17.02826690673828,17.398395538330078,17.988300323486328,18.379039764404297,18.287324905395508,17.700422286987305,17.17816734313965,16.988723754882812,16.9694881439209,16.896753311157227,16.604171752929688,16.25545310974121,16.062711715698242,16.015918731689453,15.988151550292969,15.959037780761719,16.183368682861328,16.950950622558594,18.233448028564453,19.547788619995117,20.352476119995117,20.52753448486328,20.275754928588867,19.817590713500977,19.4632568359375,19.488466262817383,19.97587013244629,20.637596130371094,21.055709838867188,21.328458786010742,21.858247756958008
14.006880760192871,11.647461891174316,10.109832763671875,12.529712677001953,20.302955627441406,19.6226806640625,16.22197151184082,16.25560188293457,17.398048400878906,16.885719299316406,15.511178016662598,15.597406387329102,16.701047897338867,17.038318634033203,17.18507194519043,17.820688247680664,18.90916633605957,19.808835983276367,19.72686767578125,19.026931762695312,18.761367797851562,19.07962989807129,19.277305603027344,18.791492462158203,17.99947738647461,17.5778751373291,17.61976432800293,17.782913208007812,17.79994773864746,17.733726501464844,17.920080184936523,18.632755279541016,19.769489288330078,20.897266387939453,21.485937118530273,21.27250862121582,20.4970760345459,19.8169002532959,19.758068084716797,20.292539596557617,20.904817581176758,21.169971466064453,21.33196258544922,21.82597541809082
12.22390365600586,9.461557388305664,9.575887680053711,15.639579772949219,17.79616355895996,17.562681198120117,16.55274772644043,16.565101623535156,16.9844970703125,16.383270263671875,15.486250877380371,15.69263744354248,16.8284912109375,17.454696655273438,18.19228172302246,19.425704956054688,20.58449935913086,21.469152450561523,21.651180267333984,21.297386169433594,21.220584869384766,21.51217269897461,21.557161331176758,20.922264099121094,19.888046264648438,19.15481948852539,19.018634796142578,19.15227699279785,19.160633087158203,19.043516159057617,19.0959529876709,19.591432571411133,20.36083984375,21.12306022644043,21.68208122253418,21.783851623535156,21.4222412109375,20.998395919799805,20.861703872680664,21.034164428710938,21.393722534179688,21.8201847076416,22.355438232421875,22.984039306640625
11.71207332611084,8.058821678161621,11.20081901550293,15.876538276672363,16.946823120117188,17.55748748779297,18.043739318847656,18.47165870666504,19.111543655395508,19.638568878173828,19.4495906829834,18.867843627929688,18.85374641418457,19.7359561920166,21.33063316345215,22.61894416809082,23.114290237426758,23.11296272277832,22.978553771972656,22.990406036376953,23.098798751831055,23.07549476623535,22.7381591796875,21.992313385009766,21.0555362701416,20.351320266723633,20.071475982666016,20.042531967163086,19.970012664794922,19.82831382751465,19.894760131835938,20.478727340698242,21.333232879638672,22.003761291503906,22.414304733276367,22.6484375,22.650196075439453,22.512048721313477,22.40787124633789,22.3636417388916,22.47718048095703,22.90523910522461,23.69297218322754,24.60520362854004
13.267739295959473,10.885951042175293,13.542685508728027,15.1204195022583,16.823863983154297,18.67572021484375,19.70520782470703,20.009140014648438,20.244571685791016,20.89376449584961,21.725513458251953,22.340862274169922,22.847341537475586,23.84494972229004,24.99101448059082,25.440244674682617,25.10843276977539,24.598024368286133,24.371919631958008,24.41061019897461,24.345848083496094,24.00106430053711,23.372453689575195,22.450883865356445,21.44875717163086,20.644561767578125,20.169368743896484,20.029077529907227,20.07712173461914,20.197786331176758,20.50273895263672,21.183326721191406,22.199087142944336,23.1082763671875,23.766695022583008,24.24785614013672,24.538938522338867,24.582622528076172,24.473243713378906,24.365095138549805,24.325929641723633,24.483224868774414,25.015911102294922,25.89601707458496
14.587716102600098,13.46838665008545,16.288827896118164,16.34871482849121,17.454750061035156,19.417287826538086,21.16130828857422,21.783130645751953,21.728918075561523,21.848312377929688,22.490360260009766,23.46430206298828,24.572742462158203,25.684152603149414,26.31730842590332,26.23835563659668,25.88129234313965,25.76786231994629,25.839895248413086,25.694255828857422,25.2050724029541,24.46851348876953,23.57603645324707,22.57724380493164,21.530418395996094,20.56494140625,19.971805572509766,19.964921951293945,20.289417266845703,20.58775520324707,20.920955657958984,21.58126449584961,22.62349510192871,23.692562103271484,24.60105323791504,25.39899253845215,26.065702438354492,26.432615280151367,26.365827560424805,26.06083106994629,25.841283798217773,25.87110710144043,26.223249435424805,26.930126190185547
15.719446182250977,16.598146438598633,18.975173950195312,19.05424690246582,18.85736656188965,19.35555648803711,20.687042236328125,21.9757022857666,22.926244735717773,23.520132064819336,23.827045440673828,24.188499450683594,24.961868286132812,25.84538459777832,26.316104888916016,26.456401824951172,26.70926856994629,27.13438606262207,27.299489974975586,26.881406784057617,26.187108993530273,25.34135627746582,24.369251251220703,23.236125946044922,21.97210693359375,20.740230560302734,20.008808135986328,20.29937744140625,21.150680541992188,21.621517181396484,21.62421989440918,21.829620361328125,22.81489372253418,24.160268783569336,25.287668228149414,26.161039352416992,26.917882919311523,27.5899658203125,27.849254608154297,27.72980308532715,27.538612365722656,27.499481201171875,27.75298309326172,28.379440307617188
16.46377944946289,19.07421875,21.901107788085938,21.77100372314453,20.858884811401367,20.465728759765625,20.986417770385742,22.153749465942383,23.388532638549805,24.085596084594727,24.412443161010742,24.985492706298828,25.927539825439453,26.77422332763672,27.31235694885254,27.723817825317383,28.158512115478516,28.532310485839844,28.75332260131836,28.74274444580078,28.260820388793945,27.19869613647461,25.71249771118164,24.110074996948242,22.763154983520508,21.85181427001953,21.42437171936035,21.697431564331055,22.47699737548828,23.044147491455078,22.956619262695312,22.705713272094727,23.364511489868164,24.83126449584961,26.307109832763672,27.466718673706055,28.240093231201172,28.82811164855957,29.241819381713867,29.38806915283203,29.34135627746582,29.42342185974121,29.918081283569336,30.809383392333984
17.947477340698242,20.70284652709961,23.140233993530273,22.822263717651367,21.786827087402344,21.302120208740234,21.718414306640625,22.755075454711914,23.60776710510254,24.11582374572754,24.851381301879883,25.933032989501953,26.97435760498047,27.727909088134766,28.353626251220703,28.906042098999023,29.230253219604492,29.383508682250977,29.515092849731445,29.643535614013672,29.321935653686523,28.194787979125977,26.55289077758789,25.14829444885254,24.3452205657959,23.975894927978516,23.93202781677246,24.14373016357422,24.420368194580078,24.739797592163086,25.0202579498291,25.203369140625,25.66980743408203,26.648271560668945,27.92087745666504,29.154417037963867,29.910560607910156,30.195877075195312,30.389753341674805,30.43084144592285,30.469932556152344,31.02394676208496,32.19218063354492,33.60512924194336
20.765464782714844,23.351408004760742,24.358903884887695,23.556983947753906,22.150039672851562,20.980073928833008,21.019437789916992,21.717376708984375,22.659366607666016,23.5404052734375,24.92084503173828,26.329326629638672,27.431032180786133,28.12369155883789,28.708383560180664,29.254667282104492,29.602333068847656,29.860105514526367,30.03493881225586,29.744003295898438,28.560161590576172,26.74587631225586,25.19710922241211,24.55331802368164,24.51978874206543,24.3171443939209,23.87936019897461,23.764087677001953,24.33574676513672,25.561431884765625,27.014665603637695,28.2213134765625,29.165489196777344,29.947879791259766,30.619098663330078,31.033977508544922,31.22348976135254,31.463760375976562,31.56891441345215,31.496753692626953,31.814712524414062,32.91539764404297,34.37126922607422,35.629791259765625
22.93695831298828,26.111534118652344,26.653385162353516,25.48862648010254,23.804981231689453,22.012853622436523,21.025768280029297,21.04647445678711,22.199466705322266,24.368289947509766,26.785816192626953,28.76790428161621,30.352230072021484,31.15340232849121,31.1544246673584,30.747556686401367,30.350378036499023,29.81642723083496,28.735029220581055,26.49320411682129,23.686872482299805,21.30356788635254,19.870594024658203,19.5357608795166,19.817203521728516,19.172433853149414,18.742422103881836,20.057212829589844,22.2563533782959,24.378585815429688,25.886051177978516,26.868375778198242,28.23883056640625,29.547855377197266,30.13991355895996,30.143760681152344,30.136133193969727,30.49748420715332,30.710311889648438,30.773849487304688,31.287487030029297,32.96971130371094,34.66302490234375,35.35777282714844
