data/wind_data/wind_9_8.json
{"header": {"parameterUnit": "KT", "parameterCategory": 2, "nx": 256, "ny": 198, "lo1": 44.73521041870117, "la1": -3.236724853515625, "lo2": 111.26478576660156, "la2": 43.468475341796875, "dx": 0.2609002888202667, "dy": -0.23708222806453705, "refTime": "2025-02-19 09:00:00", "forecastTime": 0, "parameterNumber": 2, "parameterNumberName": "eastward_wind"}, "data":
[rows 95 to 113 of 198, columns 132 to 175 of 256]
27.368783950805664,27.420574188232422,27.29607582092285,26.956161499023438,26.79008674621582,26.967016220092773,27.358341217041016,27.55475425720215,27.006717681884766,25.820449829101562,24.690532684326172,23.808563232421875,23.009811401367188,22.106359481811523,20.984350204467773,19.801733016967773,18.918170928955078,18.682706832885742,19.185914993286133,19.881122589111328,19.907434463500977,19.114208221435547,18.09864044189453,18.03086280822754,19.033985137939453,19.822044372558594,19.63784408569336,19.160188674926758,19.203914642333984,19.703271865844727,20.573253631591797,21.571298599243164,22.03057861328125,22.142314910888672,22.80193328857422,23.980562210083008,24.864051818847656,24.680898666381836,23.28058433532715,21.18840789794922,19.124900817871094,17.874069213867188,17.46406364440918,16.990182876586914
29.397594451904297,28.73847007751465,27.93057632446289,27.12723731994629,26.56314468383789,26.722335815429688,27.584150314331055,28.3604736328125,28.359468460083008,27.636655807495117,26.637922286987305,25.51816177368164,24.186864852905273,22.8277645111084,21.65380096435547,20.526588439941406,19.34813690185547,18.596778869628906,18.795656204223633,19.485076904296875,19.57136344909668,18.95267105102539,18.530061721801758,19.233476638793945,20.408750534057617,20.964977264404297,20.62729835510254,20.14360809326172,20.473390579223633,21.035003662109375,21.31752586364746,21.857898712158203,22.42095184326172,22.68612289428711,23.03416633605957,23.77838897705078,24.608381271362305,25.007305145263672,24.23008155822754,21.819551467895508,19.555381774902344,18.99948501586914,18.841142654418945,17.789886474609375
31.228918075561523,30.276992797851562,28.72834587097168,27.459054946899414,26.689767837524414,26.9052734375,28.134830474853516,29.247617721557617,29.536422729492188,29.345958709716797,28.721332550048828,27.315675735473633,25.403099060058594,23.720176696777344,22.52338409423828,21.34248924255371,19.909870147705078,18.80840301513672,18.64975357055664,19.096254348754883,19.135149002075195,18.731685638427734,18.89642333984375,19.92320442199707,21.149484634399414,21.801132202148438,21.453231811523438,21.435136795043945,22.425703048706055,22.779342651367188,22.369823455810547,22.382667541503906,22.64113426208496,22.651365280151367,22.688007354736328,23.082836151123047,23.61337661743164,24.345739364624023,24.139333724975586,21.79100799560547,20.25612449645996,20.787269592285156,20.38471794128418,18.19561004638672
32.27955627441406,31.981430053710938,30.192989349365234,28.169273376464844,27.230091094970703,27.77967071533203,29.265140533447266,30.422426223754883,30.765695571899414,30.91444969177246,30.6514835357666,29.236553192138672,27.198476791381836,25.418642044067383,23.96718978881836,22.56012535095215,21.054096221923828,19.678016662597656,18.825822830200195,18.74308204650879,18.938570022583008,18.743244171142578,18.967912673950195,20.218435287475586,21.521007537841797,22.161758422851562,22.29447364807129,22.605289459228516,23.353515625,24.12786293029785,24.214143753051758,23.8067684173584,23.031333923339844,22.188434600830078,21.838123321533203,21.986610412597656,22.52329444885254,23.858728408813477,23.49769401550293,21.499723434448242,21.531326293945312,22.441802978515625,21.07309913635254,18.721811294555664
33.18754196166992,33.32939147949219,32.35934066772461,30.182506561279297,28.449344635009766,28.654216766357422,30.353527069091797,31.79222869873047,32.16830825805664,32.17623519897461,31.888811111450195,30.763948440551758,29.300941467285156,27.958036422729492,26.29827880859375,24.485082626342773,23.05934715270996,21.596553802490234,19.747962951660156,18.67098045349121,18.782541275024414,18.959064483642578,19.43193817138672,20.952051162719727,22.39706802368164,22.990434646606445,23.126256942749023,23.441320419311523,24.028623580932617,24.880964279174805,25.51954460144043,25.298725128173828,24.003122329711914,22.51494026184082,21.460285186767578,21.008651733398438,21.9566707611084,23.461414337158203,22.913366317749023,22.401065826416016,22.795650482177734,22.388456344604492,21.00999641418457,19.90899085998535
34.31573486328125,34.103240966796875,33.85986328125,32.895469665527344,31.20934295654297,30.334476470947266,31.286582946777344,32.80274963378906,33.30265808105469,32.872074127197266,32.19053649902344,31.51103973388672,30.896516799926758,30.054170608520508,28.604759216308594,26.96036720275879,25.68505859375,24.093612670898438,21.68039321899414,19.81723403930664,19.406055450439453,19.58112335205078,20.38924217224121,22.33872413635254,24.10253143310547,24.44816017150879,24.297870635986328,24.562440872192383,24.94569206237793,25.37801170349121,26.024580001831055,26.271604537963867,25.22606658935547,23.350135803222656,21.809831619262695,21.196346282958984,21.739652633666992,23.635066986083984,24.01375961303711,22.93882942199707,22.954193115234375,23.0947322845459,21.814476013183594,20.23609733581543
35.40363693237305,34.808433532714844,34.79913330078125,34.87057876586914,34.324432373046875,33.35952377319336,33.06656265258789,33.8018684387207,34.39303970336914,33.630401611328125,32.15003204345703,31.553987503051758,31.861616134643555,31.660736083984375,30.493633270263672,29.161964416503906,28.064136505126953,26.439350128173828,24.051725387573242,22.16310691833496,21.35223960876465,21.13974952697754,21.771018981933594,23.588401794433594,25.402828216552734,25.81475830078125,25.60116195678711,25.761241912841797,26.04834747314453,26.090553283691406,26.272619247436523,26.582597732543945,26.061208724975586,24.524662017822266,22.961193084716797,22.264413833618164,22.66876983642578,24.06717300415039,25.0404052734375,24.339872360229492,23.637310028076172,23.227333068847656,22.02355194091797,20.34901237487793
36.66786575317383,36.195045471191406,36.21406936645508,36.626678466796875,36.856388092041016,36.41265106201172,35.71208953857422,35.46756362915039,35.49368667602539,34.83934020996094,33.135398864746094,32.00309753417969,32.34478759765625,32.780426025390625,32.14082336425781,30.865306854248047,29.676918029785156,28.009803771972656,25.92985725402832,24.805009841918945,24.31298065185547,23.73538589477539,23.76909065246582,24.82369613647461,26.07463836669922,26.468891143798828,26.421152114868164,26.641813278198242,26.85136604309082,26.594379425048828,26.3230037689209,26.439327239990234,26.3452091217041,25.502891540527344,24.39911460876465,23.780271530151367,23.979785919189453,24.837766647338867,25.716753005981445,25.47738265991211,24.675397872924805,23.94805335998535,22.735767364501953,20.780229568481445
38.02328872680664,38.11286926269531,38.57218551635742,39.08160400390625,39.411537170410156,39.14313507080078,38.12598419189453,37.04756164550781,36.405418395996094,35.99618148803711,35.19993209838867,33.94231414794922,33.195594787597656,33.09516906738281,32.78668975830078,32.05986404418945,31.064064025878906,29.347606658935547,27.490163803100586,26.931665420532227,26.982566833496094,26.559396743774414,26.172897338867188,26.268770217895508,26.584877014160156,26.800743103027344,26.856666564941406,26.976795196533203,27.149070739746094,26.909774780273438,26.275768280029297,25.964448928833008,26.128223419189453,26.130163192749023,25.71916389465332,25.286788940429688,25.170175552368164,25.3870792388916,25.768604278564453,25.87314796447754,25.510326385498047,24.87566375732422,23.870105743408203,22.272844314575195
39.61278533935547,39.9927864074707,40.841854095458984,41.94040298461914,42.59228515625,41.98653030395508,40.10026550292969,38.05492401123047,36.97587203979492,36.92731475830078,37.07404327392578,36.36034393310547,34.72755813598633,33.12508773803711,32.3052978515625,32.379974365234375,32.519020080566406,31.552764892578125,30.00641441345215,29.340288162231445,29.154096603393555,28.49593162536621,27.749086380004883,27.40792465209961,27.266021728515625,27.23003387451172,27.326318740844727,27.405275344848633,27.358814239501953,27.0263729095459,26.38142967224121,25.945987701416016,26.176647186279297,26.689212799072266,26.851755142211914,26.652006149291992,26.422571182250977,26.29060935974121,26.114727020263672,26.00952911376953,26.02361488342285,25.75076675415039,24.974050521850586,23.87672996520996
41.01000213623047,41.67095184326172,42.820396423339844,44.28620529174805,45.029151916503906,44.13043212890625,41.76519012451172,39.271121978759766,37.97837448120117,38.02351379394531,38.32599639892578,37.74737548828125,35.89183807373047,33.304752349853516,31.50847053527832,31.673542022705078,32.825679779052734,33.10842514038086,32.322601318359375,31.697471618652344,31.429208755493164,30.479650497436523,28.802318572998047,27.723695755004883,27.806795120239258,28.15544891357422,28.127317428588867,27.94622802734375,27.706750869750977,27.258846282958984,26.763580322265625,26.585845947265625,26.869356155395508,27.32600975036621,27.588838577270508,27.671979904174805,27.840669631958008,28.013269424438477,27.810890197753906,27.32976531982422,27.07908058166504,26.924297332763672,26.328487396240234,25.561100006103516
41.78480529785156,42.98920440673828,44.466678619384766,45.69512176513672,45.8865852355957,44.823909759521484,42.97286605834961,41.1088752746582,39.923038482666016,39.517208099365234,39.143836975097656,38.159446716308594,36.39337921142578,33.87796401977539,31.57880210876465,31.02405548095703,31.958614349365234,32.75051498413086,32.712806701660156,32.54933166503906,32.674713134765625,32.26702117919922,30.667333602905273,28.978343963623047,28.691530227661133,29.115406036376953,28.99876594543457,28.566423416137695,28.251392364501953,27.901329040527344,27.605356216430664,27.66583824157715,27.970170974731445,28.14299774169922,28.125486373901367,28.299694061279297,28.921838760375977,29.663358688354492,29.92226219177246,29.590816497802734,29.19769859313965,29.00071907043457,28.56546974182129,27.87539291381836
42.619441986083984,43.78705596923828,45.24168014526367,46.005210876464844,45.56948471069336,44.60537338256836,43.81803894042969,43.05363082885742,42.15244674682617,41.15258026123047,39.93928527832031,38.61683654785156,37.162750244140625,35.219425201416016,33.03895950317383,31.669771194458008,31.558399200439453,31.92654037475586,32.12312316894531,32.345191955566406,32.797237396240234,33.130401611328125,32.64353942871094,31.334932327270508,30.364578247070312,30.006132125854492,29.434213638305664,28.81672477722168,28.655529022216797,28.740617752075195,28.99489974975586,29.57127571105957,30.06310272216797,29.918346405029297,29.351367950439453,29.11172866821289,29.57839584350586,30.448631286621094,31.129676818847656,31.324195861816406,31.28302001953125,31.32356071472168,31.219234466552734,30.716123580932617
44.329383850097656,44.49913024902344,44.93876266479492,45.128536224365234,44.7536506652832,44.358184814453125,44.401512145996094,44.29933166503906,43.57445526123047,42.3231315612793,40.879844665527344,39.68630599975586,38.662635803222656,37.2625617980957,35.30525588989258,33.46970748901367,32.5499153137207,32.386497497558594,32.467716217041016,32.69240951538086,33.095218658447266,33.61058807373047,33.776790618896484,33.067657470703125,31.87299156188965,30.819971084594727,29.762935638427734,28.891231536865234,28.767852783203125,29.229509353637695,30.067264556884766,31.41037368774414,32.549442291259766,32.50891876220703,31.62888526916504,30.850847244262695,30.620412826538086,31.02134895324707,31.794950485229492,32.48396301269531,32.88008117675781,33.16576385498047,33.44395446777344,33.429439544677734
46.2716178894043,45.14381790161133,44.09311294555664,43.70709991455078,43.91578674316406,44.340877532958984,44.58026885986328,44.37492752075195,43.76603698730469,42.85711669921875,41.7883415222168,40.90288162231445,40.2441520690918,39.262149810791016,37.63568878173828,35.933170318603516,34.94392395019531,34.63020324707031,34.50735092163086,34.48502731323242,34.57979965209961,34.69709777832031,34.62950897216797,34.04207992553711,33.004947662353516,31.78120231628418,30.378528594970703,29.261404037475586,29.056318283081055,29.541040420532227,30.485252380371094,32.03914260864258,33.252662658691406,33.1897087097168,32.68750762939453,32.47262191772461,32.24571990966797,32.24396514892578,32.9708137512207,34.04900360107422,34.8592414855957,35.31443786621094,35.6513671875,35.86570739746094
47.21298599243164,45.28543472290039,43.58639144897461,43.046234130859375,43.484275817871094,44.03908920288086,44.012916564941406,43.52928924560547,43.15399169921875,42.94583511352539,42.50145721435547,41.749271392822266,41.01533126831055,40.34268569946289,39.51840591430664,38.679542541503906,38.228267669677734,38.008174896240234,37.57136535644531,37.08341598510742,36.80318832397461,36.46151351928711,35.7796516418457,34.91038131713867,34.18318557739258,33.391685485839844,32.004302978515625,30.527587890625,29.953092575073242,30.174583435058594,30.73785400390625,31.856971740722656,32.630104064941406,32.06813430786133,31.5167236328125,32.08096694946289,32.84824752807617,33.2272834777832,33.925601959228516,35.279239654541016,36.7183837890625,37.721710205078125,38.318912506103516,38.652156829833984
47.17747497558594,45.34904098510742,43.978111267089844,43.480430603027344,43.59162902832031,43.65108108520508,43.1218376159668,42.433345794677734,42.41058349609375,42.854522705078125,42.63890075683594,41.5595588684082,40.64611053466797,40.52838134765625,40.8638801574707,41.1075553894043,41.16749572753906,41.039329528808594,40.52537155151367,39.75452423095703,39.024173736572266,38.22640609741211,37.06535720825195,35.8686408996582,35.26167297363281,35.06761932373047,34.40306854248047,33.193138122558594,32.239566802978516,31.85978126525879,31.792192459106445,32.191810607910156,32.627357482910156,31.985776901245117,31.076452255249023,31.47072982788086,32.71537780761719,33.67873764038086,34.48950958251953,35.76951599121094,37.421470642089844,39.00965118408203,40.31584930419922,41.134483337402344
47.097896575927734,45.8251953125,45.06448745727539,44.60182189941406,44.144744873046875,43.5064697265625,42.556644439697266,41.840328216552734,42.03955841064453,42.460323333740234,41.77503204345703,40.28950119018555,39.50197982788086,40.194923400878906,41.71480178833008,42.88813781738281,43.17887496948242,42.899688720703125,42.43571472167969,41.79013442993164,40.90045166015625,39.725677490234375,38.26344680786133,36.899269104003906,36.19247817993164,36.16799545288086,36.23169708251953,35.92424392700195,35.28837203979492,34.60165786743164,34.00031661987305,33.692840576171875,33.75238800048828,33.543548583984375,32.81935119628906,32.44569396972656,32.941104888916016,33.90860366821289,35.001644134521484,36.28911209106445,37.76438522338867,39.383575439453125,41.02384948730469,42.143829345703125
47.62587356567383,46.72208786010742,46.25246047973633,45.77838134765625,44.952518463134766,43.80343246459961,42.65864181518555,42.0802116394043,42.17903137207031,41.930870056152344,40.643768310546875,39.19114685058594,38.88188934326172,40.15898132324219,42.27248764038086,43.89017105102539,44.25807571411133,43.85185623168945,43.440704345703125,43.023746490478516,42.28168487548828,41.084415435791016,39.54069519042969,38.024757385253906,37.0568962097168,36.83517837524414,37.097442626953125,37.44087600708008,37.46565628051758,37.037574768066406,36.275882720947266,35.48917770385742,35.03621292114258,34.8808708190918,34.653926849365234,34.263336181640625,34.067874908447266,34.474117279052734,35.566349029541016,37.063270568847656,38.530609130859375,39.83330535888672,40.99933624267578,41.68062210083008
