data/wind_data/wind_33_5.json
{"header": {"parameterUnit": "KT", "parameterCategory": 2, "nx": 256, "ny": 198, "lo1": 44.73521041870117, "la1": -3.236724853515625, "lo2": 111.26478576660156, "la2": 43.468475341796875, "dx": 0.2609002888202667, "dy": -0.23708222806453705, "refTime": "2025-02-20 09:00:00", "forecastTime": 0, "parameterNumber": 2, "parameterNumberName": "eastward_wind"}, "data":
[rows 0 to 18 of 198, columns 88 to 131 of 256]
-11.593676567077637,-11.438680648803711,-11.117454528808594,-10.710382461547852,-10.51116943359375,-10.482931137084961,-10.757607460021973,-11.057397842407227,-10.822481155395508,-10.612386703491211,-10.96611213684082,-11.426246643066406,-11.804261207580566,-12.084540367126465,-12.201592445373535,-12.334836959838867,-12.559868812561035,-12.536441802978516,-12.195380210876465,-12.1658935546875,-12.45826244354248,-12.775803565979004,-13.09046745300293,-13.093347549438477,-12.81889820098877,-12.139287948608398,-11.346625328063965,-11.259390830993652,-11.357622146606445,-11.006567001342773,-10.600451469421387,-10.41917610168457,-10.2479248046875,-9.942233085632324,-9.783122062683105,-9.951105117797852,-9.959190368652344,-9.640870094299316,-9.523242950439453,-9.681418418884277,-9.76444149017334,-9.764002799987793,-9.69098949432373,-9.573038101196289
-10.49951171875,-10.29447078704834,-9.890362739562988,-9.427897453308105,-9.368168830871582,-9.532368659973145,-9.88281536102295,-10.32816219329834,-10.338775634765625,-10.347912788391113,-10.632823944091797,-10.965964317321777,-11.504789352416992,-11.964935302734375,-12.18662166595459,-12.270354270935059,-12.323421478271484,-12.424251556396484,-12.367227554321289,-12.261764526367188,-12.275779724121094,-12.487347602844238,-12.781004905700684,-12.734060287475586,-12.38987922668457,-11.743537902832031,-11.090142250061035,-11.002020835876465,-11.069552421569824,-10.807705879211426,-10.47861385345459,-10.37789535522461,-10.23505687713623,-9.776398658752441,-9.441977500915527,-9.516230583190918,-9.58467960357666,-9.573711395263672,-9.67615032196045,-9.813920021057129,-9.62635612487793,-9.155170440673828,-8.916902542114258,-8.830451965332031
-9.00971794128418,-8.942543983459473,-8.633156776428223,-8.234543800354004,-8.446764945983887,-9.027054786682129,-9.569013595581055,-10.052721977233887,-10.222182273864746,-10.352352142333984,-10.56882095336914,-10.771885871887207,-11.057655334472656,-11.393080711364746,-11.879276275634766,-12.181402206420898,-12.25307559967041,-12.345794677734375,-12.297079086303711,-12.083075523376465,-11.866317749023438,-11.88496208190918,-11.954214096069336,-11.635163307189941,-11.193278312683105,-10.871764183044434,-10.586522102355957,-10.413318634033203,-10.443544387817383,-10.664935111999512,-10.739190101623535,-10.525311470031738,-10.254030227661133,-9.858831405639648,-9.445734977722168,-9.197936058044434,-9.030771255493164,-9.0181245803833,-9.2619047164917,-9.579916954040527,-9.333492279052734,-8.683648109436035,-8.415867805480957,-8.275711059570312
-7.471035003662109,-7.510025978088379,-7.481691837310791,-7.4124674797058105,-7.866361618041992,-8.742403984069824,-9.481371879577637,-9.951414108276367,-10.22464656829834,-10.454521179199219,-10.628101348876953,-10.760099411010742,-10.78613567352295,-10.881092071533203,-11.310685157775879,-11.612302780151367,-11.703165054321289,-11.752449989318848,-11.715112686157227,-11.60623550415039,-11.422135353088379,-11.246918678283691,-10.90616226196289,-10.322089195251465,-9.903451919555664,-9.836091995239258,-9.875261306762695,-9.776323318481445,-9.805940628051758,-10.170477867126465,-10.430160522460938,-10.238258361816406,-9.915657043457031,-9.546825408935547,-9.08891773223877,-8.65279483795166,-8.388646125793457,-8.414934158325195,-8.744555473327637,-9.056544303894043,-8.707221031188965,-8.045226097106934,-7.750277519226074,-7.5124125480651855
-5.420848846435547,-5.363765239715576,-6.078689098358154,-7.04585075378418,-7.517322063446045,-8.010258674621582,-8.709245681762695,-9.402442932128906,-10.065406799316406,-10.3132963180542,-10.223854064941406,-10.364398002624512,-10.443299293518066,-10.411571502685547,-10.045724868774414,-9.63740348815918,-9.660603523254395,-9.624634742736816,-9.686681747436523,-10.286538124084473,-10.821720123291016,-10.555496215820312,-9.515783309936523,-8.578853607177734,-8.317075729370117,-8.269065856933594,-8.66635799407959,-8.93476676940918,-8.78607177734375,-8.564623832702637,-8.817863464355469,-9.09719181060791,-8.803863525390625,-8.099547386169434,-7.518213272094727,-7.447445392608643,-7.667055130004883,-7.876461029052734,-8.019556999206543,-8.01677417755127,-7.730292797088623,-7.201345920562744,-6.6134185791015625,-6.079213619232178
-5.643745422363281,-5.392107009887695,-5.477499008178711,-6.39588737487793,-7.765772342681885,-8.76695442199707,-9.489953994750977,-9.909476280212402,-10.2271728515625,-10.446901321411133,-10.446452140808105,-10.965794563293457,-10.949759483337402,-10.69968032836914,-10.010098457336426,-9.296080589294434,-9.115240097045898,-9.277031898498535,-9.515316009521484,-10.22608470916748,-10.30289077758789,-9.442827224731445,-8.513087272644043,-7.362504959106445,-8.223570823669434,-8.790462493896484,-8.880346298217773,-8.710155487060547,-8.467041969299316,-8.4702730178833,-8.807394981384277,-9.027203559875488,-8.536477088928223,-7.677513122558594,-6.9244184494018555,-6.781399726867676,-7.0934319496154785,-7.402811050415039,-7.562290668487549,-7.498392581939697,-7.173980712890625,-6.713329315185547,-6.250216960906982,-5.8018293380737305
-6.544374942779541,-6.200310707092285,-5.859261512756348,-6.598766326904297,-8.574117660522461,-9.860666275024414,-10.30794620513916,-10.196585655212402,-9.583073616027832,-9.413298606872559,-9.644868850708008,-10.457230567932129,-10.865328788757324,-10.593606948852539,-9.20725154876709,-7.952205181121826,-7.851930141448975,-7.915039539337158,-7.9056196212768555,-7.907532691955566,-7.096579074859619,-5.938364505767822,-6.04278039932251,-4.470311641693115,-7.0702667236328125,-8.406609535217285,-8.575106620788574,-8.447729110717773,-8.064878463745117,-8.043170928955078,-8.438261985778809,-8.69620418548584,-8.058855056762695,-7.161640644073486,-6.514561653137207,-6.541177749633789,-6.952322959899902,-7.19946813583374,-7.129729270935059,-6.8741230964660645,-6.600673198699951,-6.381896495819092,-6.165351867675781,-5.6616716384887695
-7.417764186859131,-6.779106140136719,-6.2268853187561035,-7.205636978149414,-9.14341926574707,-10.557273864746094,-10.898534774780273,-10.358272552490234,-9.319148063659668,-8.557297706604004,-8.425374984741211,-9.00534439086914,-9.602514266967773,-9.820209503173828,-8.428433418273926,-6.755194187164307,-7.675447940826416,-6.393740177154541,-6.9046735763549805,-6.841105937957764,-5.826328754425049,-3.772660493850708,-3.802488088607788,-5.738482475280762,-6.94792366027832,-8.450437545776367,-8.232420921325684,-8.086578369140625,-7.899020671844482,-7.886960983276367,-8.26053237915039,-8.150272369384766,-7.416090488433838,-6.560858726501465,-6.125187397003174,-6.37477445602417,-6.970316410064697,-7.092012405395508,-6.735743045806885,-6.371114730834961,-6.152709007263184,-6.165388107299805,-6.308099746704102,-6.042762756347656
-6.845002174377441,-5.992718696594238,-6.331856727600098,-7.8255133628845215,-8.673323631286621,-9.72441577911377,-9.070060729980469,-6.923649787902832,-8.293089866638184,-7.304092884063721,-6.607144832611084,-6.613890647888184,-6.399501800537109,-7.023427963256836,-7.123285293579102,-4.087332248687744,-7.065707683563232,-7.048022747039795,-7.186972618103027,-7.9963884353637695,-8.5582914352417,-5.731868267059326,-7.0897369384765625,-7.266491889953613,-7.688142776489258,-9.048994064331055,-8.398282051086426,-8.188277244567871,-7.355673789978027,-7.523387908935547,-8.322486877441406,-7.6366119384765625,-6.791924953460693,-6.152280807495117,-6.192142486572266,-6.522658824920654,-6.793160915374756,-6.611203670501709,-6.287602424621582,-6.002222061157227,-5.736589431762695,-5.87270450592041,-6.26047420501709,-6.25979471206665
-5.009113788604736,-4.437826156616211,-6.709227085113525,-7.571994781494141,-7.484903812408447,-8.176291465759277,-7.640402317047119,-8.88974380493164,-5.533285140991211,-6.185641765594482,-5.931051254272461,-7.176527500152588,-7.5274152755737305,-8.524003982543945,-9.45544719696045,-7.973649978637695,-6.99843168258667,-6.769433498382568,-6.890841484069824,-7.632600784301758,-8.46107006072998,-8.938859939575195,-9.254554748535156,-8.825223922729492,-8.081389427185059,-8.550719261169434,-8.47243595123291,-8.39995002746582,-7.090057373046875,-7.281506538391113,-8.412019729614258,-7.734285831451416,-6.587902545928955,-5.868147373199463,-5.990659236907959,-6.2358808517456055,-6.34986686706543,-6.165745735168457,-5.839973449707031,-5.481433868408203,-5.319583892822266,-5.660868167877197,-6.235071182250977,-6.165792942047119
-5.830367088317871,-4.9771575927734375,-5.911690711975098,-6.592958450317383,-7.267709732055664,-9.019868850708008,-8.515535354614258,-8.084569931030273,-7.043338298797607,-5.805196285247803,-7.118762493133545,-8.642887115478516,-9.485690116882324,-8.921196937561035,-8.296916007995605,-7.064603328704834,-6.666290760040283,-7.012722969055176,-6.6795973777771,-6.411979675292969,-6.94757080078125,-8.018492698669434,-8.003951072692871,-8.128254890441895,-8.617680549621582,-8.852684020996094,-7.996974945068359,-7.084009170532227,-6.525540828704834,-7.441697120666504,-8.422717094421387,-8.067411422729492,-6.662680625915527,-5.8557305335998535,-5.660492897033691,-5.639138221740723,-5.823119163513184,-5.876554489135742,-5.4678635597229,-4.994189739227295,-4.920924186706543,-5.277812957763672,-5.759982109069824,-5.643396854400635
-6.476926326751709,-6.205402851104736,-6.602558135986328,-6.756263732910156,-6.4076714515686035,-7.6284284591674805,-7.708508491516113,-7.437746047973633,-7.865127086639404,-8.009296417236328,-7.477872371673584,-7.0977678298950195,-7.720434665679932,-7.719656467437744,-7.566552639007568,-7.433114051818848,-8.333641052246094,-8.734257698059082,-8.144797325134277,-7.67492151260376,-8.054940223693848,-10.0359525680542,-10.570072174072266,-10.423358917236328,-9.868674278259277,-8.74035930633545,-7.2605180740356445,-6.149521827697754,-5.554734230041504,-7.550125598907471,-8.635157585144043,-7.9302287101745605,-6.578742504119873,-5.882256984710693,-5.8574323654174805,-5.623840808868408,-5.359930038452148,-5.358863353729248,-5.248528480529785,-4.857018947601318,-4.651127338409424,-4.803894996643066,-4.770565032958984,-4.700798034667969
-7.68256950378418,-7.824265003204346,-7.611623287200928,-7.533146858215332,-7.249924659729004,-7.285659313201904,-8.243534088134766,-7.838406562805176,-8.001285552978516,-7.85468864440918,-6.981369495391846,-6.142951488494873,-6.796752452850342,-7.9646782875061035,-7.870616912841797,-6.743795871734619,-6.771030426025391,-7.56235933303833,-8.003602027893066,-8.346291542053223,-8.357571601867676,-9.07933521270752,-9.170872688293457,-9.083183288574219,-9.231050491333008,-9.262201309204102,-7.622849941253662,-5.715066432952881,-5.521509170532227,-7.423922061920166,-8.086372375488281,-7.278001308441162,-6.157702922821045,-5.742084980010986,-6.111330032348633,-6.106136322021484,-5.2230634689331055,-4.863149166107178,-4.971256732940674,-4.934479713439941,-4.792105197906494,-4.622811317443848,-4.377892017364502,-4.119352340698242
-8.511261940002441,-8.694829940795898,-8.90406322479248,-8.666848182678223,-8.065105438232422,-8.622618675231934,-8.971772193908691,-8.295295715332031,-7.875176429748535,-7.100393772125244,-6.3175225257873535,-6.486258029937744,-7.751552104949951,-9.007502555847168,-8.26949691772461,-6.932924270629883,-7.1395792961120605,-8.056485176086426,-8.388681411743164,-8.663311958312988,-8.781576156616211,-9.363357543945312,-9.00273323059082,-9.296563148498535,-9.158683776855469,-8.737236976623535,-7.402792453765869,-5.912560939788818,-6.033749580383301,-7.303407669067383,-7.160597324371338,-6.350414276123047,-5.747447967529297,-5.477249622344971,-5.957424640655518,-6.199082374572754,-5.234090805053711,-4.720047473907471,-4.945491313934326,-4.92354154586792,-4.72655725479126,-4.621007919311523,-4.3592753410339355,-4.266847133636475
-9.026182174682617,-8.862858772277832,-8.840967178344727,-8.626571655273438,-8.441679000854492,-8.55370807647705,-8.463287353515625,-7.890453815460205,-7.539542198181152,-7.186066150665283,-7.691837310791016,-8.890702247619629,-10.743642807006836,-10.15421199798584,-8.806023597717285,-7.261755466461182,-7.858279228210449,-8.152122497558594,-7.894390106201172,-8.353099822998047,-8.678221702575684,-8.832230567932129,-9.214079856872559,-9.47529411315918,-8.810996055603027,-7.507297515869141,-7.013905048370361,-6.966830730438232,-6.538161754608154,-6.531063079833984,-6.600771903991699,-6.060037136077881,-5.649559497833252,-5.302496433258057,-5.443181991577148,-5.8928327560424805,-5.576176166534424,-4.952051162719727,-4.915222644805908,-4.73080587387085,-4.685074806213379,-4.6824517250061035,-4.291614055633545,-3.9653806686401367
-10.037551879882812,-8.972577095031738,-8.529027938842773,-8.635262489318848,-8.872537612915039,-8.873717308044434,-8.941737174987793,-8.44222640991211,-8.147391319274902,-8.441481590270996,-9.975584030151367,-10.999598503112793,-10.723194122314453,-10.085439682006836,-8.403294563293457,-7.9207916259765625,-7.641427516937256,-7.127089500427246,-6.930016994476318,-8.029433250427246,-8.588579177856445,-8.544621467590332,-8.628934860229492,-8.982017517089844,-8.241778373718262,-6.241927623748779,-7.069599151611328,-7.645946502685547,-6.99177885055542,-6.208768844604492,-6.537542343139648,-5.873447418212891,-5.824216365814209,-5.115086555480957,-5.180161952972412,-5.502294063568115,-5.802366733551025,-5.155587196350098,-4.708995342254639,-4.486377716064453,-4.7131667137146,-4.995540142059326,-4.451374530792236,-3.818669557571411
-10.645590782165527,-9.629522323608398,-9.136872291564941,-8.694101333618164,-9.012834548950195,-9.212420463562012,-9.399714469909668,-8.781108856201172,-7.956496715545654,-9.096334457397461,-10.669937133789062,-10.042863845825195,-9.131606101989746,-8.44945240020752,-8.00403881072998,-7.2857794761657715,-6.37197208404541,-6.402003765106201,-6.851994037628174,-8.647112846374512,-8.8596830368042,-7.848935127258301,-7.377211093902588,-7.55126428604126,-6.428954124450684,-5.526494979858398,-6.866232872009277,-7.767735004425049,-6.873895645141602,-6.682719707489014,-6.456936359405518,-5.299655914306641,-4.562163352966309,-4.565286159515381,-5.11310338973999,-5.219387531280518,-5.477610111236572,-5.230776309967041,-4.52223539352417,-4.262375831604004,-4.819279670715332,-5.219982624053955,-4.322078227996826,-3.2706470489501953
-9.832261085510254,-9.773747444152832,-9.912734031677246,-9.354058265686035,-9.569255828857422,-9.312023162841797,-8.966517448425293,-7.736598014831543,-7.743074893951416,-7.989203929901123,-9.785515785217285,-9.402705192565918,-8.125150680541992,-7.341050148010254,-7.636673450469971,-5.642732620239258,-2.9430251121520996,-3.7995123863220215,-6.3379292488098145,-9.70382022857666,-12.20150375366211,-7.759713172912598,-7.048701286315918,-6.423354148864746,-4.611941814422607,-5.528052806854248,-6.493381023406982,-6.587873935699463,-4.705407619476318,-7.248773574829102,-6.367165565490723,-5.797182559967041,-4.060888290405273,-3.854193925857544,-4.605498790740967,-5.227629661560059,-4.808984756469727,-5.184313774108887,-4.636046886444092,-4.262007713317871,-4.944746494293213,-5.1638312339782715,-4.0485711097717285,-2.5446183681488037
-10.494779586791992,-10.414011001586914,-10.267531394958496,-9.659040451049805,-9.194961547851562,-8.694823265075684,-8.235809326171875,-7.879202842712402,-8.180695533752441,-8.262434005737305,-9.125818252563477,-10.023087501525879,-9.833526611328125,-7.7988057136535645,-9.166254997253418,-8.75737190246582,-5.363276481628418,-1.9942089319229126,-8.790504455566406,-13.094801902770996,-11.435652732849121,-9.722339630126953,-8.456937789916992,-7.421672821044922,-7.239314556121826,-6.236012935638428,-6.128622531890869,-5.384804725646973,-6.336122035980225,-6.51001501083374,-7.403696060180664,-7.69101095199585,-5.3111066818237305,-4.262626647949219,-3.863487720489502,-4.680257320404053,-4.123348712921143,-5.306828022003174,-5.211885452270508,-4.532104015350342,-4.910676002502441,-4.886631011962891,-3.667116403579712,-2.1258482933044434
