data/wind_data/wind_12_5.json
{"header": {"parameterUnit": "KT", "parameterCategory": 2, "nx": 256, "ny": 198, "lo1": 44.73521041870117, "la1": -3.236724853515625, "lo2": 111.26478576660156, "la2": 43.468475341796875, "dx": 0.2609002888202667, "dy": -0.23708222806453705, "refTime": "2025-02-19 12:00:00", "forecastTime": 0, "parameterNumber": 2, "parameterNumberName": "eastward_wind"}, "data":
[rows 76 to 94 of 198, columns 176 to 219 of 256]
21.617469787597656,21.063526153564453,20.548622131347656,20.228490829467773,20.34617805480957,20.809789657592773,21.18285369873047,21.152664184570312,20.70086097717285,20.04861831665039,19.712255477905273,20.06305503845215,21.217193603515625,22.419191360473633,22.769472122192383,22.479272842407227,21.751359939575195,20.164052963256836,19.287839889526367,19.727863311767578,19.933181762695312,19.745269775390625,19.35285758972168,18.955764770507812,18.6662654876709,18.914875030517578,19.166202545166016,18.97831153869629,18.37556266784668,18.362407684326172,20.392045974731445,20.143095016479492,19.471731185913086,18.135765075683594,17.32369613647461,14.049053192138672,16.25344467163086,19.459516525268555,21.915687561035156,22.177194595336914,20.96898078918457,19.601398468017578,19.76022720336914,19.814682006835938
23.18755340576172,22.81267547607422,22.317169189453125,21.63838768005371,20.96875762939453,20.751035690307617,21.085050582885742,21.634864807128906,22.020368576049805,21.798660278320312,20.949909210205078,20.23722267150879,20.363012313842773,21.64594268798828,22.661781311035156,24.068620681762695,23.426816940307617,22.333375930786133,20.466808319091797,20.039518356323242,21.02480125427246,21.14053726196289,20.253896713256836,19.819480895996094,19.723438262939453,19.53000831604004,19.43669319152832,19.464763641357422,19.504714965820312,19.648332595825195,20.980440139770508,20.36301040649414,19.680662155151367,18.636089324951172,17.115571975708008,13.854130744934082,17.289501190185547,19.976402282714844,22.459300994873047,24.576284408569336,23.19341278076172,22.521699905395508,21.856420516967773,20.973834991455078
23.83920669555664,23.802940368652344,23.65730094909668,23.308563232421875,22.642765045166016,21.897802352905273,21.554065704345703,21.759897232055664,22.314697265625,22.77566146850586,22.705224990844727,21.888530731201172,21.04888916015625,21.103647232055664,22.113107681274414,23.753503799438477,24.626306533813477,24.301376342773438,22.75025749206543,21.046648025512695,21.198135375976562,22.031269073486328,21.461074829101562,20.86320686340332,20.966724395751953,20.635427474975586,20.100494384765625,20.1097412109375,20.90934944152832,21.53218650817871,21.666521072387695,21.006305694580078,19.741186141967773,18.353471755981445,17.850229263305664,17.02352523803711,15.848309516906738,16.15580940246582,20.929134368896484,24.121898651123047,25.131765365600586,25.316619873046875,22.2479305267334,21.611787796020508
23.31815528869629,23.58757209777832,23.84908676147461,24.051366806030273,24.036205291748047,23.715221405029297,23.176301956176758,22.720949172973633,22.6154727935791,22.861427307128906,23.15655517578125,23.002164840698242,22.52314567565918,21.779245376586914,22.167951583862305,23.038476943969727,24.32958984375,25.00676155090332,24.770235061645508,22.90593147277832,22.031911849975586,22.303133010864258,22.292428970336914,22.026729583740234,22.021373748779297,21.89125633239746,21.491594314575195,21.387096405029297,22.286123275756836,23.724782943725586,23.565975189208984,22.365692138671875,20.909408569335938,18.370365142822266,18.44583511352539,19.248231887817383,12.819242477416992,13.320441246032715,19.16509246826172,22.496301651000977,24.11326026916504,24.78066062927246,23.065868377685547,23.182546615600586
22.7027530670166,22.98979377746582,23.361207962036133,23.78601837158203,24.190284729003906,24.454256057739258,24.46696662902832,24.16901397705078,23.66075897216797,23.297266006469727,23.21491813659668,23.25800132751465,23.040311813354492,22.591672897338867,22.76463508605957,22.877010345458984,23.571109771728516,24.679344177246094,25.449478149414062,24.83225440979004,23.517732620239258,22.87129783630371,22.886693954467773,23.044612884521484,23.037416458129883,23.04793930053711,22.88495635986328,23.188648223876953,24.238462448120117,25.947141647338867,26.043277740478516,24.03660011291504,22.549335479736328,20.0877628326416,20.39786720275879,20.724397659301758,16.553871154785156,17.226253509521484,19.870803833007812,21.140316009521484,21.697099685668945,22.187789916992188,23.529991149902344,24.36235237121582
22.586517333984375,22.811660766601562,23.12986183166504,23.49608039855957,23.85683822631836,24.177867889404297,24.425371170043945,24.553241729736328,24.48715591430664,24.267621994018555,24.057350158691406,23.955745697021484,23.526330947875977,23.2364444732666,23.272247314453125,23.50067138671875,23.900711059570312,24.588075637817383,25.460262298583984,25.89850425720215,25.16901969909668,24.259902954101562,23.95395278930664,24.03272819519043,24.046045303344727,23.971508026123047,23.981393814086914,24.9102840423584,26.201614379882812,27.691679000854492,27.417678833007812,24.707155227661133,23.312625885009766,22.333467483520508,22.935161590576172,23.998268127441406,23.564268112182617,22.657886505126953,23.255029678344727,23.132457733154297,22.34293556213379,21.804784774780273,23.866437911987305,24.451133728027344
22.69452476501465,22.97274398803711,23.266721725463867,23.54987907409668,23.77034568786621,23.923141479492188,24.05514144897461,24.219690322875977,24.45706558227539,24.696842193603516,24.94841194152832,25.080673217773438,24.989431381225586,24.456880569458008,23.922121047973633,24.721033096313477,25.13675880432129,24.8328914642334,24.754304885864258,25.478178024291992,26.04229736328125,26.026987075805664,25.670236587524414,25.3702449798584,25.33917236328125,25.23277473449707,25.055152893066406,26.009450912475586,27.71587371826172,28.495315551757812,27.684974670410156,25.520326614379883,23.877702713012695,23.245677947998047,24.118927001953125,26.52713394165039,27.830875396728516,27.45086669921875,27.34918785095215,27.24070167541504,25.86372184753418,24.489070892333984,24.59547233581543,25.566272735595703
23.102876663208008,23.57137107849121,23.992542266845703,24.27248191833496,24.352874755859375,24.337541580200195,24.352001190185547,24.413267135620117,24.52862548828125,24.740678787231445,25.176475524902344,25.498552322387695,26.019529342651367,25.749826431274414,25.83812713623047,26.533187866210938,25.99199676513672,24.796794891357422,24.2755184173584,24.861652374267578,25.954408645629883,26.78661346435547,27.071609497070312,27.123233795166016,27.25276756286621,27.025972366333008,26.524412155151367,27.020082473754883,28.67009735107422,28.959293365478516,28.149429321289062,26.95682144165039,25.685707092285156,24.90216636657715,25.049848556518555,26.808700561523438,29.165203094482422,29.745676040649414,29.77234649658203,30.17829704284668,29.492321014404297,28.162660598754883,26.105947494506836,25.628870010375977
23.80439567565918,24.511375427246094,25.2309513092041,25.72332191467285,25.87092399597168,25.822385787963867,25.76093864440918,25.726898193359375,25.634763717651367,25.498506546020508,25.549386978149414,25.749530792236328,26.307825088500977,26.192054748535156,27.62114143371582,28.723529815673828,27.496057510375977,24.852567672729492,23.92481231689453,24.705856323242188,25.910192489624023,26.852231979370117,27.4676513671875,28.540565490722656,29.202293395996094,28.874998092651367,28.764089584350586,28.68572998046875,29.57068634033203,29.595252990722656,29.137907028198242,28.34020233154297,27.56049919128418,27.109975814819336,26.40061378479004,27.5067138671875,28.767316818237305,30.34906005859375,30.366870880126953,30.664813995361328,31.443208694458008,30.822134017944336,27.848352432250977,26.018535614013672
24.55790901184082,25.349323272705078,26.308094024658203,27.100000381469727,27.589157104492188,27.854284286499023,27.93532371520996,27.89160919189453,27.700904846191406,27.349111557006836,26.914764404296875,26.618392944335938,26.718637466430664,26.81851577758789,28.695703506469727,30.286161422729492,28.97353744506836,26.2011775970459,24.663496017456055,24.92467498779297,25.988107681274414,26.786468505859375,27.26523780822754,28.969545364379883,30.257341384887695,30.72020721435547,30.698945999145508,30.132465362548828,30.822010040283203,30.979129791259766,30.50865364074707,29.45654296875,29.075180053710938,28.955406188964844,28.311742782592773,29.299726486206055,30.579723358154297,30.771610260009766,30.010467529296875,30.080421447753906,31.237407684326172,31.4096736907959,28.81785011291504,26.887571334838867
25.628942489624023,26.1485652923584,27.00038719177246,27.85255241394043,28.56892204284668,29.191503524780273,29.648412704467773,29.855331420898438,29.786529541015625,29.467809677124023,28.930089950561523,28.310428619384766,27.844722747802734,28.188711166381836,29.571121215820312,31.224632263183594,29.69298553466797,27.472986221313477,26.300046920776367,25.90286636352539,25.984357833862305,26.115102767944336,26.842126846313477,28.74415397644043,30.52520179748535,31.663909912109375,31.52740478515625,30.773466110229492,31.60043716430664,32.393978118896484,32.84839630126953,31.057823181152344,30.22673225402832,30.681072235107422,30.401180267333984,30.804763793945312,31.42587661743164,31.42138671875,30.770984649658203,30.4569091796875,30.778379440307617,30.742870330810547,29.225807189941406,28.207244873046875
28.19257354736328,28.144865036010742,28.449909210205078,28.923805236816406,29.4365291595459,29.958038330078125,30.490312576293945,30.956132888793945,31.209875106811523,31.17083168029785,30.825450897216797,30.3732967376709,29.692520141601562,30.216102600097656,30.507253646850586,31.34203338623047,29.691591262817383,27.821483612060547,27.601686477661133,28.096031188964844,27.355722427368164,25.856657028198242,26.804956436157227,29.026390075683594,30.930870056152344,32.154075622558594,31.810514450073242,31.355566024780273,32.33938980102539,33.27613830566406,34.74095916748047,33.408992767333984,31.776098251342773,31.467100143432617,32.14181137084961,32.22634506225586,31.95293426513672,31.814390182495117,31.48552703857422,31.845518112182617,31.656347274780273,30.994773864746094,30.18351173400879,29.943180084228516
31.737957000732422,31.52167320251465,31.441240310668945,31.4439697265625,31.512529373168945,31.640167236328125,31.896642684936523,32.26266860961914,32.580810546875,32.704952239990234,32.518436431884766,32.19721603393555,31.772645950317383,32.371307373046875,32.15779495239258,31.71360206604004,30.21979522705078,28.776466369628906,29.04070281982422,30.120121002197266,29.452499389648438,27.313453674316406,27.830774307250977,29.84469985961914,31.56053924560547,32.762969970703125,32.37230682373047,31.8983211517334,32.7032585144043,34.12651062011719,36.05247497558594,35.37796401977539,34.06748962402344,32.849754333496094,33.61858367919922,33.55463409423828,32.78770446777344,32.19196701049805,32.057151794433594,32.7208366394043,32.806724548339844,32.38877868652344,31.692609786987305,31.418901443481445
33.56752395629883,33.748985290527344,33.83737564086914,33.85652160644531,33.902584075927734,33.98654556274414,34.14997863769531,34.40346145629883,34.612979888916016,34.59160614013672,34.27391815185547,33.680442810058594,33.591182708740234,34.41720199584961,34.1690559387207,33.28080749511719,31.537399291992188,29.746253967285156,29.75909996032715,30.765644073486328,30.734182357788086,29.309986114501953,29.37354850769043,30.189170837402344,31.281936645507812,33.07386779785156,32.9464225769043,32.357269287109375,32.89288330078125,34.658226013183594,36.524635314941406,36.83517837524414,36.47397994995117,34.669925689697266,34.899532318115234,34.84695053100586,33.68711853027344,33.13571548461914,33.01286697387695,33.113616943359375,33.37060546875,33.37605667114258,33.25295639038086,32.94948196411133
34.522056579589844,34.63731002807617,34.644935607910156,34.64442443847656,34.825382232666016,35.219234466552734,35.72956466674805,36.25054931640625,36.58444595336914,36.61006164550781,36.19981384277344,35.52745056152344,35.501708984375,36.048343658447266,35.721435546875,34.31745529174805,32.80867004394531,30.991626739501953,30.606447219848633,31.512325286865234,32.04842758178711,31.483917236328125,31.499597549438477,31.43385887145996,31.723339080810547,33.5238037109375,33.535423278808594,32.41608810424805,32.412410736083984,33.85697555541992,36.05910873413086,38.08301544189453,38.288475036621094,36.892704010009766,36.82240676879883,35.95542526245117,34.319698333740234,33.09221649169922,33.289093017578125,33.63084411621094,33.64200973510742,33.388362884521484,33.77388381958008,33.817264556884766
35.76917266845703,35.80875015258789,35.726070404052734,35.46812057495117,35.33230209350586,35.584869384765625,36.19196701049805,36.92238998413086,37.40511703491211,37.68749237060547,37.734039306640625,37.64183044433594,37.98390579223633,38.00689697265625,36.34086990356445,34.27275466918945,33.394771575927734,32.937591552734375,33.002227783203125,33.52965545654297,33.94353485107422,33.6819953918457,34.02137756347656,33.98512268066406,34.1247444152832,35.234580993652344,34.98772430419922,33.25743865966797,32.289695739746094,32.88204574584961,35.30198669433594,38.311553955078125,39.53059387207031,39.227020263671875,39.312381744384766,38.007686614990234,35.2045783996582,32.962642669677734,32.98379898071289,33.50357437133789,33.963661193847656,33.380252838134766,33.44356918334961,33.88032531738281
36.85289764404297,36.72819519042969,36.613243103027344,36.29887008666992,35.83012008666992,35.612613677978516,35.95756149291992,36.6934814453125,37.198974609375,37.62159729003906,38.231689453125,39.25387191772461,39.973411560058594,39.65074920654297,37.278507232666016,34.99202346801758,34.45663070678711,34.78421401977539,35.178043365478516,35.41379165649414,35.52755355834961,35.60393524169922,36.41812515258789,36.42695236206055,36.86482620239258,37.412532806396484,37.42684555053711,35.5179557800293,33.470088958740234,32.974708557128906,34.77179718017578,37.55484390258789,39.94599151611328,40.48317337036133,40.950279235839844,40.10274124145508,38.10636520385742,34.6511116027832,32.34922409057617,32.7723274230957,33.78390884399414,33.905460357666016,33.87348175048828,33.693973541259766
37.638038635253906,37.37779998779297,37.02987289428711,36.48563766479492,35.689910888671875,34.97539138793945,34.96954345703125,35.599884033203125,36.147926330566406,36.61419677734375,37.97600173950195,39.969547271728516,41.28928756713867,40.95576095581055,38.6053352355957,36.76325988769531,36.29603958129883,36.47371292114258,36.47587966918945,36.502716064453125,36.51017379760742,36.82773208618164,37.836585998535156,38.089481353759766,38.99839401245117,39.172698974609375,39.58769226074219,38.37336730957031,36.24574279785156,34.30592727661133,34.90810012817383,36.93992614746094,39.36787796020508,40.69926834106445,41.38413619995117,41.7519645690918,41.31427001953125,37.86802291870117,34.26327133178711,33.24646759033203,33.761512756347656,34.33509826660156,34.591896057128906,34.04630661010742
37.747955322265625,37.5023078918457,36.80298614501953,35.79365539550781,34.684871673583984,33.702877044677734,33.42654037475586,33.828121185302734,34.43864822387695,35.070350646972656,36.768192291259766,39.48849105834961,41.50511932373047,42.14635467529297,40.311134338378906,37.91195297241211,37.08768844604492,37.20166778564453,36.87453079223633,36.59309768676758,36.66758728027344,37.75419235229492,39.1982421875,39.715335845947266,40.1827278137207,40.781314849853516,40.525672912597656,40.25745391845703,39.7772331237793,37.15654373168945,35.49039840698242,36.41968536376953,38.5208625793457,40.32665252685547,41.32600402832031,42.447837829589844,42.95915985107422,40.73833084106445,37.261207580566406,35.2413330078125,35.10090255737305,35.321380615234375,35.17317199707031,34.33223342895508
