data/wind_data/wind_Surface_43.json
{"header": {"parameterUnit": "KT", "parameterCategory": 2, "nx": 255, "ny": 198, "lo1": 44.73521041870117, "la1": -3.236724853515625, "lo2": 111.26478576660156, "la2": 43.468475341796875, "dx": 0.26192745566368103, "dy": -0.23708222806453705, "refTime": "2025-02-20 19:00:00", "forecastTime": 0, "parameterNumber": 2, "parameterNumberName": "eastward_wind"}, "data":
[rows 171 to 189 of 198, columns 129 to 171 of 255]
-2.5903635025024414,-3.6669347286224365,-4.011636257171631,-3.939466714859009,-4.092029094696045,-3.9045355319976807,-3.3781991004943848,-2.871572256088257,-3.1467831134796143,-4.001463890075684,-4.367530822753906,-5.323360443115234,-5.827395915985107,-6.537796497344971,-7.506927013397217,-7.71363639831543,-7.302366733551025,-6.293816566467285,-4.7213454246521,-3.6519832611083984,-3.2267699241638184,-3.6188454627990723,-3.9654030799865723,-4.084040641784668,-3.1270463466644287,-1.3762491941452026,0.4592871069908142,1.6121455430984497,1.8750756978988647,2.5913853645324707,2.65509295463562,1.524865746498108,1.1543118953704834,1.8704674243927002,2.9976513385772705,3.245985746383667,3.6098361015319824,4.68398904800415,0.491057813167572,-4.0220255851745605,-3.8821752071380615,-2.0199735164642334,2.2635090351104736
-2.0674619674682617,-3.1528308391571045,-3.924114465713501,-3.748791217803955,-3.363953113555908,-3.3919425010681152,-3.439089775085449,-3.996403455734253,-3.8440427780151367,-4.009125709533691,-4.169890403747559,-4.985520839691162,-5.688657760620117,-7.0049872398376465,-7.086155891418457,-6.757673263549805,-6.231994152069092,-5.507572650909424,-4.646239757537842,-4.042110919952393,-3.857229232788086,-3.968376398086548,-3.589228630065918,-2.7847559452056885,-1.2864351272583008,0.1925687938928604,0.872521162033081,0.9725374579429626,1.422045350074768,2.6376147270202637,3.1535556316375732,2.7298245429992676,1.4845972061157227,1.836108922958374,2.919461965560913,3.604658603668213,3.8608734607696533,3.657335042953491,1.1270625591278076,-1.4564261436462402,-2.021829605102539,-0.44065654277801514,3.1828765869140625
-1.6212271451950073,-2.237518548965454,-2.8179595470428467,-3.0834856033325195,-2.624741315841675,-2.5845818519592285,-3.1206276416778564,-3.873070240020752,-3.9725117683410645,-3.984316825866699,-4.731686592102051,-4.76231575012207,-5.425800800323486,-6.289928913116455,-7.131442546844482,-6.694085597991943,-6.109986782073975,-5.492562294006348,-5.016927242279053,-4.773907661437988,-4.69903564453125,-4.150361061096191,-2.907292127609253,-1.2381064891815186,0.04025384038686752,0.5523405075073242,0.6090580821037292,0.525792121887207,0.9579805731773376,1.8190057277679443,1.9878545999526978,1.7545571327209473,1.8016483783721924,2.809528112411499,4.316165924072266,5.065714359283447,4.79522180557251,3.0290727615356445,0.4185808598995209,-0.5621899366378784,-0.5297524929046631,0.3953309655189514,2.312432289123535
-0.9422289133071899,-0.9611698985099792,-1.0115633010864258,-1.3479162454605103,-2.0725104808807373,-2.6676039695739746,-3.1520612239837646,-3.4424026012420654,-3.792490005493164,-4.527920722961426,-4.746496200561523,-4.895543575286865,-5.659154415130615,-6.345229625701904,-6.706781387329102,-6.785799980163574,-6.28147554397583,-5.672353744506836,-5.117887496948242,-4.849058628082275,-4.448557376861572,-3.3164587020874023,-1.7783042192459106,-0.5894337296485901,-0.11999950557947159,-0.20628099143505096,-0.08298954367637634,0.8872947096824646,1.922987699508667,1.8624048233032227,1.4675755500793457,1.2238218784332275,1.3589777946472168,1.8988291025161743,2.402435541152954,2.424577236175537,1.4182065725326538,-0.36152318120002747,-2.5040457248687744,-3.361586093902588,-2.6039581298828125,-1.13236403465271,0.05490551143884659
-0.6489186882972717,-0.22318986058235168,-0.2709845006465912,-0.9551619291305542,-1.971337080001831,-3.0044002532958984,-3.3577890396118164,-3.390878915786743,-3.6117382049560547,-4.612884044647217,-4.875168323516846,-5.097017765045166,-5.666902542114258,-6.1449408531188965,-6.093694686889648,-6.079346656799316,-5.616054058074951,-5.011781215667725,-4.333850383758545,-3.9092600345611572,-3.2165307998657227,-1.9568148851394653,-0.963104784488678,-0.5405913591384888,-0.5363211035728455,-0.4766398072242737,-0.07409653812646866,0.5863949656486511,1.3870151042938232,1.9800009727478027,1.9518007040023804,1.8096890449523926,1.7447848320007324,1.6585050821304321,1.211753249168396,-0.36577877402305603,-1.563120722770691,-2.270427942276001,-4.387532711029053,-5.481230735778809,-3.773982286453247,-1.7160708904266357,-0.5087067484855652
-0.5643379092216492,-0.21126726269721985,-0.6086718440055847,-1.3694487810134888,-2.1389803886413574,-3.029179573059082,-3.6651906967163086,-3.805900812149048,-3.856123208999634,-4.449657917022705,-4.912940979003906,-5.075985908508301,-5.562719821929932,-5.927165985107422,-6.044622898101807,-5.953002452850342,-5.7323079109191895,-4.995996475219727,-4.093900203704834,-3.234104633331299,-2.240499258041382,-1.2235743999481201,-0.5581620931625366,-0.3522088825702667,-0.27595871686935425,-0.09704802930355072,0.20623213052749634,0.7306899428367615,1.3143320083618164,1.7428447008132935,1.8968141078948975,1.717919945716858,1.4130345582962036,0.9637751579284668,0.3504997193813324,-0.2558409571647644,-1.1376506090164185,-2.1508233547210693,-3.1465883255004883,-3.9379491806030273,-3.716341733932495,-3.4469563961029053,-3.9652106761932373
-1.5213419198989868,-0.8117220997810364,-0.7523015737533569,-1.541196346282959,-2.3188819885253906,-2.7678778171539307,-3.3195245265960693,-3.5812816619873047,-3.653676986694336,-4.54633092880249,-4.606588363647461,-5.271909236907959,-5.4779815673828125,-5.880656719207764,-6.165500640869141,-5.999171733856201,-5.431135654449463,-4.570949077606201,-3.6277005672454834,-2.6930649280548096,-1.8457295894622803,-1.1388108730316162,-0.6335381269454956,-0.23028559982776642,0.2365466207265854,0.561145544052124,0.7770777940750122,1.032122015953064,1.395031213760376,1.695823311805725,1.5782363414764404,1.1361573934555054,0.7085289359092712,0.21493995189666748,-0.3786408603191376,-0.7197274565696716,-1.40526282787323,-2.5026156902313232,-3.730847120285034,-5.530900001525879,-6.339196681976318,-6.330970287322998,-6.816406726837158
-1.162658929824829,-1.3132256269454956,-1.4086261987686157,-1.8904943466186523,-2.6899774074554443,-2.8825254440307617,-3.294062376022339,-3.641181707382202,-3.8753139972686768,-4.122560501098633,-4.491942882537842,-5.040200233459473,-5.556799411773682,-5.959548473358154,-6.157086372375488,-5.5883893966674805,-4.581233024597168,-3.8944098949432373,-3.006589412689209,-2.343183994293213,-1.7145293951034546,-1.1444017887115479,-0.5965864658355713,0.06679902970790863,0.6951314806938171,1.0237668752670288,1.104779601097107,1.1808162927627563,1.5266588926315308,1.8088780641555786,1.4289087057113647,0.637432336807251,-0.1510060578584671,-1.0033687353134155,-1.651381254196167,-2.0057594776153564,-2.8923873901367188,-4.040666580200195,-4.760527610778809,-6.449947834014893,-7.404047012329102,-7.655918121337891,-6.891844749450684
1.196771264076233,0.7398712038993835,-0.08398354053497314,-1.3983876705169678,-2.774400472640991,-3.1434903144836426,-3.4918735027313232,-3.6812822818756104,-3.8086163997650146,-4.0998053550720215,-4.40065336227417,-4.948838233947754,-5.741448879241943,-6.102487564086914,-5.829800605773926,-4.827455997467041,-4.242808818817139,-3.5568487644195557,-2.853059768676758,-2.1356303691864014,-1.6370102167129517,-1.2784045934677124,-0.6248242259025574,0.3060148358345032,0.9408091902732849,1.1608567237854004,1.2179197072982788,1.292944312095642,1.487480640411377,1.5012030601501465,1.0523847341537476,0.17881958186626434,-1.0959357023239136,-2.5470361709594727,-3.5692524909973145,-3.9794797897338867,-4.467067718505859,-5.266198635101318,-5.905649185180664,-6.954617977142334,-7.356991291046143,-7.939579963684082,-8.765926361083984
2.6576671600341797,2.844282865524292,1.7424832582473755,-0.16672948002815247,-2.0707690715789795,-2.8428311347961426,-3.025146007537842,-3.3655683994293213,-3.7584478855133057,-3.975416660308838,-4.367470741271973,-5.058659076690674,-5.558419704437256,-5.56511926651001,-4.829478740692139,-4.1880574226379395,-3.3732755184173584,-3.0635156631469727,-2.8622243404388428,-2.295241355895996,-1.9633432626724243,-1.6377333402633667,-0.7263918519020081,0.5085766911506653,1.0582051277160645,1.123970866203308,1.2290382385253906,1.3478503227233887,1.2708135843276978,0.8070357441902161,0.38955390453338623,-0.12290100008249283,-1.8250385522842407,-3.8677027225494385,-4.779623031616211,-5.031469345092773,-5.117117404937744,-4.991121292114258,-5.422375679016113,-6.276381015777588,-6.801270008087158,-7.786442279815674,-9.014639854431152
0.6488773226737976,0.6077980995178223,-0.24418047070503235,-1.3007583618164062,-1.8010035753250122,-2.146650552749634,-2.4863994121551514,-3.3475944995880127,-3.7894287109375,-3.9114832878112793,-4.288339138031006,-5.15806245803833,-5.026993751525879,-4.714467525482178,-4.1074676513671875,-3.2150988578796387,-2.9277760982513428,-3.095780611038208,-3.152376174926758,-2.7781102657318115,-2.455707550048828,-1.8521164655685425,-0.6374343633651733,0.6650634407997131,1.2216615676879883,1.2005101442337036,1.0550987720489502,0.9548524618148804,0.7640847563743591,0.09200076013803482,-0.29696738719940186,-0.7050219774246216,-2.275897264480591,-3.8961968421936035,-4.7324676513671875,-5.127162456512451,-5.571702480316162,-5.282157897949219,-4.846956729888916,-5.028921604156494,-5.551307201385498,-6.8377532958984375,-8.684769630432129
-1.4481682777404785,-0.9823709726333618,-0.12589189410209656,-0.05273093283176422,0.8851460218429565,0.11502834409475327,-2.1882197856903076,-3.374582290649414,-3.170917510986328,-3.1522912979125977,-3.3626198768615723,-3.664201021194458,-3.6664206981658936,-3.2976973056793213,-2.784867525100708,-2.4769790172576904,-2.536287784576416,-2.9674150943756104,-3.153839588165283,-2.6998255252838135,-2.182798147201538,-1.6190983057022095,-0.4701325297355652,0.6919891238212585,1.3883506059646606,1.5819751024246216,1.175723671913147,0.4850081205368042,-0.1413877159357071,-0.9048150181770325,-1.0333619117736816,-0.9242957234382629,-1.5377867221832275,-2.6769778728485107,-4.013525009155273,-5.61710786819458,-6.599056720733643,-6.054009437561035,-5.2941155433654785,-5.066293716430664,-5.269975185394287,-5.844975471496582,-7.044642448425293
-3.8161160945892334,-3.296525001525879,-0.4910869598388672,1.3745564222335815,3.07188081741333,3.405277729034424,-0.15721377730369568,-2.93622088432312,-3.325010299682617,-2.846343755722046,-2.392082929611206,-2.194125175476074,-1.9678400754928589,-1.9646564722061157,-2.2094786167144775,-2.2418243885040283,-2.389373302459717,-2.8832550048828125,-3.21532940864563,-2.7465710639953613,-1.858070969581604,-1.1568995714187622,-0.4567778408527374,0.8123207092285156,1.7648587226867676,1.8479784727096558,0.8077967166900635,-0.7344608902931213,-1.779609203338623,-2.1457016468048096,-1.9956094026565552,-0.9219675064086914,-0.07314083725214005,-1.3347162008285522,-4.1929216384887695,-6.434434413909912,-7.6291399002075195,-7.411684513092041,-6.48471212387085,-5.742623329162598,-5.506566524505615,-5.9507622718811035,-6.621518611907959
-5.128353595733643,-2.1503214836120605,-0.6897791028022766,1.068655252456665,2.8349015712738037,2.3076319694519043,-0.9750506281852722,-3.3654556274414062,-3.732516288757324,-3.0546514987945557,-1.9438544511795044,-1.2477303743362427,-1.2404065132141113,-1.792720913887024,-2.168987274169922,-1.9267836809158325,-1.579260230064392,-1.7806460857391357,-2.3216989040374756,-2.170448064804077,-1.4059185981750488,-0.8078394532203674,-0.038562122732400894,1.1722499132156372,2.005941867828369,1.0747674703598022,-0.8607718348503113,-2.517791986465454,-3.3231089115142822,-3.3619565963745117,-2.085388422012329,-0.7191618084907532,-0.2626062333583832,-3.1047534942626953,-5.9441399574279785,-7.943034648895264,-8.495742797851562,-7.774166107177734,-6.052303314208984,-4.5563178062438965,-4.710784435272217,-6.279196262359619,-7.241963863372803
-4.158423900604248,-3.590503692626953,-2.320650100708008,1.8346490859985352,2.1280786991119385,-1.7228820323944092,-4.010289192199707,-4.475177764892578,-4.713610649108887,-4.438029766082764,-4.044552803039551,-3.842442035675049,-3.624650001525879,-2.7238833904266357,-1.7804045677185059,-1.3175948858261108,-1.2212355136871338,-1.7281328439712524,-2.0363173484802246,-1.1397532224655151,-0.09654019773006439,-0.0390615276992321,0.23071147501468658,1.3404353857040405,1.6086875200271606,0.6643285155296326,-1.5217547416687012,-3.877225160598755,-4.603177547454834,-2.725154399871826,-1.6880375146865845,-2.6273059844970703,-4.859447002410889,-7.360335350036621,-8.313777923583984,-8.723477363586426,-8.394513130187988,-6.863856792449951,-4.387450695037842,-3.0648694038391113,-4.991163730621338,-7.706974983215332,-7.949833393096924
-3.8595964908599854,-3.6127398014068604,-2.835228681564331,-1.2611958980560303,-2.5141162872314453,-5.3522772789001465,-5.900787353515625,-5.105168342590332,-4.4507365226745605,-4.266315460205078,-4.178263187408447,-4.020296573638916,-3.995763063430786,-3.770733118057251,-3.31375789642334,-2.905134916305542,-3.2943673133850098,-3.1022675037384033,-2.223237991333008,-0.32314079999923706,0.9327419400215149,0.540675163269043,0.3451862633228302,1.3557342290878296,2.0887513160705566,1.502073049545288,-0.4425790309906006,-3.6033143997192383,-5.600601673126221,-4.868332386016846,-4.2642822265625,-6.209933280944824,-8.233236312866211,-8.882227897644043,-9.125812530517578,-8.631577491760254,-6.902176380157471,-4.988255500793457,-2.6886816024780273,-2.360344409942627,-5.316925525665283,-7.222212314605713,-5.991344451904297
-4.211047172546387,-3.414555549621582,-2.2702431678771973,-2.603907823562622,-3.8345565795898438,-5.389819145202637,-5.418996810913086,-3.87070369720459,-2.190889358520508,-1.1132960319519043,-0.21222437918186188,0.14120417833328247,-1.0196518898010254,-3.204134464263916,-4.028746128082275,-4.102414131164551,-3.8807873725891113,-3.5554497241973877,-3.1585514545440674,-1.386040449142456,0.6581387519836426,1.2706940174102783,1.335472583770752,2.3974344730377197,3.1101369857788086,2.675752878189087,2.0192925930023193,-2.2624313831329346,-6.653957843780518,-6.752175331115723,-5.775572299957275,-7.0976128578186035,-8.416823387145996,-7.995789527893066,-7.21824836730957,-6.672143459320068,-5.845480442047119,-4.836646556854248,-2.7250618934631348,-1.8566415309906006,-2.873195171356201,-3.8723368644714355,-3.290224313735962
-3.5303263664245605,-1.4642828702926636,-1.7438099384307861,-2.760227680206299,-3.855100154876709,-4.236833095550537,-5.0256028175354,-3.120208978652954,-2.962028980255127,-2.6089632511138916,-1.1256835460662842,0.07566923648118973,-0.34171193838119507,-1.4593772888183594,-2.7404816150665283,-3.640986919403076,-3.0806379318237305,-1.5427287817001343,-0.4966076612472534,0.011170455254614353,0.7706754803657532,1.808459758758545,2.356687307357788,2.818704128265381,2.506866931915283,1.5262867212295532,-0.5253635048866272,-4.9785566329956055,-6.880596160888672,-3.760882616043091,-2.889028310775757,-4.399360656738281,-5.520703315734863,-5.245206356048584,-4.606634616851807,-4.694312572479248,-4.610694885253906,-3.265307664871216,-1.5357372760772705,-0.7804845571517944,-0.20127926766872406,-0.17608408629894257,-1.4377882480621338
-3.3948142528533936,0.41814619302749634,0.29523906111717224,-2.8830418586730957,-4.573646545410156,-6.024343490600586,-6.29036808013916,-4.766775608062744,-3.805196523666382,-2.2518303394317627,-1.1776318550109863,-1.5358552932739258,-2.246612548828125,-2.09587025642395,-2.0360116958618164,-2.533116579055786,-1.70669686794281,0.5816248655319214,1.4405473470687866,0.6888536214828491,0.13678719103336334,-0.029829856008291245,-0.2438896894454956,-0.5678561925888062,-1.1337851285934448,-1.7173166275024414,-3.9889075756073,-7.361279487609863,-5.340793609619141,0.24498794972896576,2.9340760707855225,1.350844383239746,0.2467697262763977,0.30621248483657837,-2.6192986965179443,-6.188079357147217,-5.097499847412109,-0.32084187865257263,3.471515417098999,4.169974327087402,2.004406690597534,-0.4376775622367859,-0.9333594441413879
