data/wind_data/wind_54_6.json
{"header": {"parameterUnit": "KT", "parameterCategory": 2, "nx": 256, "ny": 198, "lo1": 44.73521041870117, "la1": -3.236724853515625, "lo2": 111.26478576660156, "la2": 43.468475341796875, "dx": 0.2609002888202667, "dy": -0.23708222806453705, "refTime": "2025-02-21 06:00:00", "forecastTime": 0, "parameterNumber": 2, "parameterNumberName": "eastward_wind"}, "data":
[rows 20 to 39 of 198, columns 0 to 43 of 256]
-22.90371322631836,-25.078899383544922,-25.373470306396484,-21.22145652770996,-14.71661376953125,-16.950807571411133,-16.53799057006836,-17.03891372680664,-16.792306900024414,-16.277746200561523,-16.044233322143555,-16.22003173828125,-16.754661560058594,-17.204586029052734,-17.184993743896484,-16.749004364013672,-16.359107971191406,-16.313613891601562,-16.52339744567871,-16.77730941772461,-16.79844093322754,-16.378467559814453,-15.865191459655762,-15.505062103271484,-15.184289932250977,-14.79231071472168,-14.11931324005127,-13.104865074157715,-11.96450424194336,-10.94525146484375,-9.961596488952637,-8.596626281738281,-7.427420616149902,-7.2110676765441895,-7.513386249542236,-8.083709716796875,-8.121286392211914,-8.248005867004395,-9.22969913482666,-9.173405647277832,-8.374223709106445,-7.521774768829346,-7.311672687530518,-7.564441204071045
-20.485170364379883,-22.82784080505371,-23.268268585205078,-18.192407608032227,-8.254262924194336,-11.668416976928711,-11.76998519897461,-13.318111419677734,-14.474871635437012,-14.761661529541016,-14.875655174255371,-15.00786018371582,-15.512408256530762,-15.988357543945312,-16.002544403076172,-15.690991401672363,-15.3701810836792,-15.308948516845703,-15.651254653930664,-16.124692916870117,-16.43303871154785,-16.467716217041016,-16.043188095092773,-15.371033668518066,-14.903326988220215,-14.629266738891602,-14.184493064880371,-13.355769157409668,-12.31539535522461,-11.212882041931152,-10.040998458862305,-8.810420036315918,-7.874560356140137,-7.2709174156188965,-6.770332336425781,-6.186121463775635,-6.139348030090332,-6.521718502044678,-6.787045955657959,-7.668099880218506,-7.665212631225586,-7.179532527923584,-7.035027503967285,-7.6634650230407715
-17.813947677612305,-19.558446884155273,-19.275644302368164,-14.387568473815918,-3.6520509719848633,-6.135525703430176,-7.015036582946777,-8.602824211120605,-10.841946601867676,-12.44145679473877,-13.470865249633789,-13.804222106933594,-14.189911842346191,-14.668742179870605,-14.803479194641113,-14.548513412475586,-14.32168960571289,-14.216886520385742,-14.450214385986328,-15.131938934326172,-15.82425594329834,-16.09606170654297,-16.024089813232422,-15.651886940002441,-14.999178886413574,-14.429530143737793,-14.088555335998535,-13.692779541015625,-12.994772911071777,-11.890852928161621,-10.700155258178711,-10.033112525939941,-9.57525634765625,-8.774782180786133,-7.661290645599365,-7.0067458152771,-6.7500810623168945,-6.335999011993408,-7.079268932342529,-7.701959133148193,-7.602773189544678,-7.915573596954346,-8.022067070007324,-8.273824691772461
-12.092696189880371,-12.802582740783691,-11.276132583618164,-7.4417500495910645,-1.3242394924163818,-1.6292823553085327,-2.6291565895080566,-4.085000038146973,-6.470700263977051,-8.694426536560059,-10.449444770812988,-11.486705780029297,-12.32281494140625,-12.999563217163086,-13.480857849121094,-13.47179126739502,-13.157937049865723,-13.052388191223145,-13.226861953735352,-13.734637260437012,-14.656864166259766,-15.409757614135742,-15.516650199890137,-15.134336471557617,-14.831146240234375,-14.66788101196289,-14.250877380371094,-13.655981063842773,-13.030583381652832,-12.23937702178955,-11.56281566619873,-11.104113578796387,-10.586994171142578,-9.629263877868652,-8.489483833312988,-7.709733009338379,-7.134976387023926,-6.649803638458252,-6.621158123016357,-6.71885871887207,-6.982025146484375,-7.742879390716553,-8.412233352661133,-8.553291320800781
-7.268443584442139,-6.746793746948242,-5.005369186401367,-2.253795623779297,0.017185619100928307,0.3805099427700043,0.21815544366836548,-0.8672210574150085,-2.5978617668151855,-4.347182273864746,-5.574576377868652,-6.479846000671387,-8.120004653930664,-9.938005447387695,-11.265427589416504,-12.093962669372559,-12.225638389587402,-11.979009628295898,-11.974471092224121,-12.35257339477539,-13.041267395019531,-13.86204719543457,-14.579806327819824,-14.609156608581543,-13.934320449829102,-13.344602584838867,-13.292244911193848,-13.116032600402832,-12.513192176818848,-11.75307559967041,-11.160690307617188,-10.764506340026855,-10.280712127685547,-9.455425262451172,-8.489487648010254,-7.708087921142578,-7.031445503234863,-6.384477138519287,-5.5007405281066895,-5.49940824508667,-6.570976734161377,-7.190088748931885,-7.688167572021484,-8.543524742126465
-5.612905979156494,-3.7753231525421143,-2.6716699600219727,-2.0690832138061523,0.3435961902141571,0.9976617693901062,1.2192258834838867,0.17686991393566132,-0.6956981420516968,-1.0486552715301514,-0.9738270044326782,-0.5829845666885376,-1.8721227645874023,-4.82606315612793,-7.725706577301025,-9.809903144836426,-11.012862205505371,-11.407686233520508,-11.318571090698242,-11.459554672241211,-12.060567855834961,-12.737335205078125,-13.33045768737793,-13.872648239135742,-14.000067710876465,-13.330575942993164,-12.597569465637207,-12.37366008758545,-12.159648895263672,-11.393717765808105,-10.574920654296875,-10.101147651672363,-9.741336822509766,-9.17205810546875,-8.548623085021973,-7.915680885314941,-7.32767391204834,-6.65828800201416,-6.3660125732421875,-6.5773186683654785,-7.083893775939941,-7.144505500793457,-7.839610576629639,-9.08057975769043
-3.7833590507507324,-1.3843342065811157,-0.8351978063583374,-1.6514703035354614,0.507867157459259,1.3220720291137695,1.735876202583313,1.0529552698135376,0.4756169617176056,0.9973977208137512,2.0525994300842285,2.26139760017395,1.6923772096633911,-0.16150814294815063,-3.3955047130584717,-6.601018905639648,-8.992999076843262,-10.375067710876465,-10.867724418640137,-10.842296600341797,-11.08778190612793,-11.674824714660645,-12.211616516113281,-12.61911392211914,-13.161094665527344,-13.286581993103027,-12.681803703308105,-12.028276443481445,-11.806930541992188,-11.521262168884277,-10.744691848754883,-9.912077903747559,-9.35459041595459,-8.937753677368164,-8.6583833694458,-8.59144115447998,-8.460244178771973,-8.137948036193848,-7.852270126342773,-7.815250873565674,-7.911137104034424,-8.068832397460938,-8.635221481323242,-9.54839038848877
-0.5486955642700195,0.7654488682746887,0.8101169466972351,-0.21663238108158112,1.0415679216384888,1.6243342161178589,2.0841197967529297,2.24845814704895,2.18912672996521,2.9656729698181152,3.5291783809661865,2.035548448562622,0.7626710534095764,0.5149335265159607,-0.6575028300285339,-3.099876880645752,-6.221179485321045,-8.698569297790527,-10.10621452331543,-10.700778007507324,-10.795282363891602,-10.957374572753906,-11.174715995788574,-11.2350492477417,-11.317174911499023,-11.367518424987793,-11.005999565124512,-10.334815979003906,-9.917458534240723,-9.766059875488281,-9.384929656982422,-8.733238220214844,-8.282414436340332,-8.340045928955078,-8.700236320495605,-9.0701904296875,-9.065081596374512,-8.881523132324219,-8.916350364685059,-9.139071464538574,-8.960038185119629,-8.754653930664062,-9.08980941772461,-9.952314376831055
1.4616059064865112,1.9066503047943115,1.75935959815979,0.9117710590362549,2.1995906829833984,2.236067056655884,2.153242826461792,2.757272720336914,3.1492276191711426,3.647953987121582,2.2673888206481934,-0.23991023004055023,-1.2829737663269043,-0.9958775639533997,-0.710586428642273,-1.3080662488937378,-3.5583229064941406,-6.616466522216797,-8.67593765258789,-10.073665618896484,-10.712224006652832,-10.822446823120117,-10.786789894104004,-10.63243293762207,-10.505221366882324,-10.339971542358398,-9.926499366760254,-9.217784881591797,-8.671578407287598,-8.515563011169434,-8.398843765258789,-7.880922317504883,-7.248961925506592,-7.256370544433594,-8.134917259216309,-9.22282600402832,-9.533289909362793,-9.378458976745605,-9.498796463012695,-9.765195846557617,-9.714620590209961,-9.704835891723633,-10.00878620147705,-10.716255187988281
1.6626520156860352,2.206712245941162,2.1310341358184814,1.680618405342102,3.410569190979004,2.9551260471343994,1.8861557245254517,2.292880058288574,2.655824899673462,1.7896342277526855,-1.1100510358810425,-2.799215316772461,-2.587012767791748,-2.033849000930786,-1.6774522066116333,-1.8833943605422974,-2.586677074432373,-4.609503746032715,-6.739354610443115,-8.353911399841309,-9.698884010314941,-10.355657577514648,-10.374972343444824,-10.14934253692627,-9.981820106506348,-9.953259468078613,-9.749186515808105,-9.156473159790039,-8.517850875854492,-8.30884075164795,-8.559499740600586,-8.640681266784668,-8.08555793762207,-7.346447944641113,-7.193892478942871,-7.985504150390625,-9.148333549499512,-9.844701766967773,-10.041975021362305,-9.989018440246582,-9.848674774169922,-10.003819465637207,-10.633451461791992,-11.220702171325684
1.629278540611267,2.011385440826416,2.1220269203186035,2.462409496307373,4.104471206665039,3.497588872909546,1.8525502681732178,1.6272577047348022,1.154062271118164,-1.1366548538208008,-3.562445640563965,-3.969146251678467,-3.364515781402588,-2.6636922359466553,-2.270162582397461,-2.735584020614624,-3.2574918270111084,-3.591036319732666,-4.7845563888549805,-6.096721649169922,-7.479584693908691,-8.826662063598633,-9.500323295593262,-9.38481330871582,-9.000079154968262,-8.851944923400879,-8.862895965576172,-8.616547584533691,-8.135614395141602,-7.962352752685547,-8.461193084716797,-9.028206825256348,-8.852364540100098,-8.124351501464844,-7.625617980957031,-7.675865173339844,-8.238425254821777,-9.048042297363281,-9.654078483581543,-9.946060180664062,-10.01994800567627,-10.101365089416504,-10.4507417678833,-10.827545166015625
1.470501184463501,1.027069330215454,1.5900938510894775,3.3175461292266846,4.668459415435791,3.9757893085479736,2.436861276626587,1.380067229270935,-0.12685814499855042,-2.3570258617401123,-3.6874046325683594,-4.017906665802002,-3.7548344135284424,-3.0850181579589844,-2.591433048248291,-2.749809503555298,-3.415867805480957,-3.564680337905884,-3.575530767440796,-4.0944037437438965,-5.2603631019592285,-6.59918737411499,-7.823545455932617,-8.184757232666016,-7.778497695922852,-7.407302379608154,-7.588515758514404,-7.878321647644043,-7.8164567947387695,-7.649768352508545,-8.049760818481445,-8.82960033416748,-8.843438148498535,-8.06902027130127,-7.538372993469238,-7.616292476654053,-7.966285705566406,-8.284759521484375,-8.59260368347168,-9.039751052856445,-9.548648834228516,-10.00479793548584,-10.381409645080566,-10.574651718139648
1.7717739343643188,0.9867129325866699,1.7310144901275635,3.6884195804595947,4.2530670166015625,3.9746310710906982,3.229079246520996,1.6096291542053223,-0.1582278311252594,-1.780174970626831,-2.9782166481018066,-3.6263256072998047,-3.6383297443389893,-3.1389145851135254,-2.5361409187316895,-2.2676796913146973,-2.4911038875579834,-2.896230936050415,-2.8613948822021484,-2.5931100845336914,-3.256467580795288,-4.638168811798096,-5.764667510986328,-6.460376262664795,-6.430699825286865,-6.047867774963379,-6.060116767883301,-6.744594573974609,-7.3850250244140625,-7.483450889587402,-7.590150356292725,-8.239020347595215,-8.567061424255371,-7.960079193115234,-7.217874526977539,-7.2668914794921875,-7.680594444274902,-7.7640275955200195,-7.603851318359375,-7.79220724105835,-8.48838996887207,-9.14707088470459,-9.518901824951172,-9.750336647033691
2.496375799179077,2.372511625289917,2.6518208980560303,3.4118800163269043,3.4225785732269287,4.069820404052734,4.066784381866455,2.2664718627929688,0.5219536423683167,-0.7974814772605896,-2.104527235031128,-2.812448501586914,-2.864863634109497,-2.481518030166626,-1.952675461769104,-1.687379002571106,-1.615997552871704,-1.573323369026184,-1.7011414766311646,-1.573787808418274,-1.3929888010025024,-2.6863887310028076,-4.268186092376709,-4.998673439025879,-5.271369934082031,-5.088191986083984,-4.8987932205200195,-5.53934383392334,-6.5437493324279785,-7.074824333190918,-7.098288536071777,-7.392691135406494,-7.965071678161621,-7.9066314697265625,-7.067383289337158,-6.539821147918701,-6.6924238204956055,-6.981882572174072,-7.137454986572266,-7.33715295791626,-7.737865924835205,-8.15686321258545,-8.287875175476074,-8.649565696716309
2.4052441120147705,3.1344621181488037,3.161492347717285,3.0080528259277344,3.262169122695923,4.5131683349609375,4.4214253425598145,2.63078236579895,0.8859454393386841,0.13525716960430145,-0.7613818049430847,-1.461302399635315,-1.6779670715332031,-1.417994737625122,-1.0388422012329102,-1.0933306217193604,-1.2070811986923218,-0.8967803716659546,-0.6183440685272217,-0.8978056311607361,-0.7727664709091187,-1.1308876276016235,-2.8024213314056396,-4.187482833862305,-4.613559722900391,-4.519836902618408,-4.255465984344482,-4.677598476409912,-5.6522111892700195,-6.328282356262207,-6.403238773345947,-6.426512718200684,-6.935321807861328,-7.37882137298584,-6.866537094116211,-6.011265754699707,-5.774844646453857,-6.144704818725586,-6.639710903167725,-7.106808662414551,-7.437160015106201,-7.5855631828308105,-7.605457305908203,-7.808080196380615
1.8316411972045898,3.5028774738311768,3.4536397457122803,2.7101030349731445,2.924102783203125,4.086735248565674,4.0235676765441895,2.4339654445648193,0.7879383563995361,0.8675873875617981,0.6385948061943054,0.111914724111557,-0.23334304988384247,-0.34210556745529175,-0.37282583117485046,-0.5668708682060242,-0.6892029643058777,-0.5218532085418701,-0.30657586455345154,-0.6108652949333191,-1.0492501258850098,-0.9449970126152039,-1.616694688796997,-3.276303291320801,-4.255747318267822,-4.141682147979736,-3.8036439418792725,-4.065427303314209,-5.076845169067383,-5.867963790893555,-5.947118759155273,-5.7194437980651855,-6.010468006134033,-6.625678062438965,-6.460778713226318,-5.646731376647949,-5.209026336669922,-5.4262237548828125,-5.931277275085449,-6.540733814239502,-7.018253803253174,-7.365991115570068,-7.421544551849365,-7.3867082595825195
2.9683456420898438,4.53006649017334,4.069766521453857,2.445784330368042,0.786115825176239,2.447391986846924,3.411752223968506,1.5496538877487183,-0.0244644396007061,0.8711028695106506,1.5732358694076538,1.4887903928756714,1.1163007020950317,0.6128586530685425,0.09382934123277664,-0.18287475407123566,-0.12464803457260132,0.03161722049117088,0.013030308298766613,-0.4709303677082062,-1.204201102256775,-1.401033639907837,-1.3824437856674194,-2.2742180824279785,-3.567960500717163,-3.8194127082824707,-3.477261543273926,-3.604905843734741,-4.4831132888793945,-5.423637866973877,-5.626260280609131,-5.1139678955078125,-4.924105167388916,-5.534214973449707,-5.815507888793945,-5.255040168762207,-4.764871597290039,-4.829168319702148,-5.202398300170898,-5.698873519897461,-6.381593704223633,-6.953393459320068,-7.112667083740234,-6.943550109863281
4.995969295501709,5.864631175994873,4.853435039520264,2.06135892868042,-1.943306803703308,0.925371527671814,2.2616970539093018,0.20798735320568085,-1.0269865989685059,0.07524072378873825,1.5176498889923096,2.2411580085754395,2.159024477005005,1.5148190259933472,0.6410596966743469,0.24378810822963715,0.3947368264198303,0.5033162236213684,0.5030056238174438,0.125145822763443,-0.7286986112594604,-1.3823984861373901,-1.4531981945037842,-1.6675764322280884,-2.46456241607666,-3.124589681625366,-3.205328941345215,-3.3366501331329346,-3.810760498046875,-4.517937183380127,-4.937390327453613,-4.617421627044678,-4.06404972076416,-4.229791164398193,-4.805046081542969,-4.771037578582764,-4.390324115753174,-4.281214237213135,-4.544443130493164,-4.862298488616943,-5.396385192871094,-6.0747785568237305,-6.447755336761475,-6.400757312774658
5.351350784301758,6.546361923217773,5.3963942527771,2.18388032913208,-1.7302637100219727,-0.40187716484069824,0.6056592464447021,-0.21635811030864716,-0.9432844519615173,-0.46132445335388184,0.8649827241897583,2.192634344100952,2.542271375656128,2.0970170497894287,1.2450205087661743,0.6889679431915283,0.6931339502334595,0.8106554746627808,0.8730760216712952,0.8052253127098083,0.08747494220733643,-0.7252786159515381,-1.0528284311294556,-1.2428503036499023,-1.6473528146743774,-2.1700494289398193,-2.675826072692871,-3.0626323223114014,-3.2836368083953857,-3.5790843963623047,-3.8194456100463867,-3.7445876598358154,-3.3809854984283447,-3.1647884845733643,-3.543705463409424,-3.8861770629882812,-3.7922492027282715,-3.6852684020996094,-3.831378698348999,-4.176973819732666,-4.466393947601318,-4.964208126068115,-5.358325958251953,-5.582979679107666
5.13631534576416,6.546535491943359,5.524538516998291,2.524733781814575,-1.5698823928833008,-0.8084827661514282,0.19589011371135712,0.1006811186671257,-0.09049315005540848,0.12156296521425247,0.7166975140571594,1.7727551460266113,2.3458828926086426,2.2606446743011475,1.8421269655227661,1.3390649557113647,0.9865303039550781,0.9411826729774475,1.1173597574234009,1.1342788934707642,0.6636525392532349,0.0794060155749321,-0.2202940136194229,-0.39244943857192993,-0.8443433046340942,-1.3323824405670166,-1.7209481000900269,-2.3848371505737305,-2.7921142578125,-3.026862382888794,-3.118770122528076,-2.9640228748321533,-2.6413826942443848,-2.4023663997650146,-2.518129348754883,-2.919464349746704,-2.8729565143585205,-2.843600034713745,-2.9278411865234375,-3.374697685241699,-3.9412429332733154,-4.229674339294434,-4.332941055297852,-4.538180351257324
