data/wind_data/wind_1_1.json
{"header": {"parameterUnit": "KT", "parameterCategory": 2, "nx": 256, "ny": 198, "lo1": 44.73521041870117, "la1": -3.236724853515625, "lo2": 111.26478576660156, "la2": 43.468475341796875, "dx": 0.2609002888202667, "dy": -0.23708222806453705, "refTime": "2025-02-19 01:00:00", "forecastTime": 0, "parameterNumber": 2, "parameterNumberName": "eastward_wind"}, "data":
[rows 95 to 113 of 198, columns 86 to 128 of 256]
5.282559394836426,4.55042839050293,3.6975176334381104,3.3095293045043945,3.4621307849884033,3.4420700073242188,3.175600051879883,2.809866189956665,2.498959541320801,2.486302375793457,2.383197784423828,0.05247433856129646,-0.939357578754425,0.022110188379883766,1.026335597038269,3.9367446899414062,5.021622180938721,4.3684868812561035,3.0070462226867676,2.893822431564331,0.47581636905670166,-2.4416067600250244,-1.8839788436889648,-2.8649768829345703,-2.3506157398223877,-1.4556572437286377,0.943909227848053,5.430221080780029,6.568740367889404,5.64570951461792,2.4322750568389893,0.11674085259437561,-0.4054170250892639,1.7771459817886353,1.0409200191497803,-1.7324138879776,-0.03873778507113457,0.6597692966461182,0.8905413746833801,1.7017470598220825,-0.5087183713912964,-1.4544702768325806,-3.137413263320923
5.591379642486572,5.250251293182373,4.555893421173096,3.924532890319824,3.59660267829895,3.2099180221557617,2.844420909881592,2.5943920612335205,2.3744139671325684,2.2273452281951904,1.6715408563613892,0.32135629653930664,-1.0898246765136719,-0.013838761486113071,2.3461358547210693,5.547439098358154,6.257840156555176,4.012081623077393,2.799896478652954,4.683997631072998,2.995248317718506,-1.2099157571792603,-1.2238441705703735,-2.0782740116119385,-2.1994378566741943,0.3902478814125061,1.5210117101669312,3.2413599491119385,4.367624282836914,2.7421746253967285,-0.4218514859676361,-1.4753021001815796,-0.36445489525794983,3.4738004207611084,4.601511001586914,-1.8006913661956787,-1.2781106233596802,-0.4954904615879059,-0.9800089001655579,0.16708964109420776,3.4431381225585938,0.9956753849983215,0.642807126045227
5.71866512298584,5.389456748962402,5.145946979522705,4.8545427322387695,4.326183319091797,3.600471019744873,2.862051486968994,2.4594380855560303,1.6861845254898071,1.1430338621139526,1.3330254554748535,2.3096683025360107,0.9665085077285767,1.3218733072280884,3.5878865718841553,5.13953971862793,5.140744686126709,2.2132301330566406,2.713890790939331,4.7989277839660645,3.7820141315460205,-0.15561753511428833,-1.1929222345352173,-2.251716375350952,-2.7235920429229736,-3.076317071914673,-3.332490921020508,1.720114827156067,3.3080358505249023,2.001593828201294,2.090951442718506,1.9147357940673828,3.3561487197875977,6.430699825286865,7.530813694000244,1.2062957286834717,-1.670211672782898,-1.9049829244613647,-2.586036205291748,0.12953956425189972,3.81789493560791,2.6387441158294678,2.1035866737365723
5.6945953369140625,5.215441703796387,5.204128265380859,5.2125020027160645,4.907817840576172,4.619332790374756,4.070291519165039,3.0823333263397217,1.0489100217819214,0.2772522568702698,1.498475193977356,3.7943952083587646,3.757560968399048,2.751187801361084,3.1742424964904785,4.129673957824707,4.970046520233154,2.613607168197632,3.221904754638672,4.415908336639404,3.9058430194854736,0.936965823173523,-0.8989646434783936,-1.9028186798095703,-1.8830095529556274,-4.095762252807617,-4.426144599914551,1.8610774278640747,4.289970397949219,5.67720890045166,5.468738079071045,4.471426486968994,5.569028377532959,6.085946083068848,4.478787899017334,-0.42388269305229187,-2.333281993865967,-2.333407163619995,-1.875347375869751,-1.5921573638916016,0.8035345673561096,1.6334500312805176,1.8666096925735474
5.725155830383301,5.327609062194824,5.006719589233398,4.7620320320129395,4.842894554138184,5.08038854598999,5.309338092803955,3.613751173019409,2.239811897277832,1.783867597579956,2.6524884700775146,4.62681245803833,4.97055196762085,4.209966659545898,3.515676975250244,4.003544330596924,5.865240097045898,4.964705944061279,4.831614971160889,3.476395845413208,2.5715084075927734,1.575169563293457,0.1209985613822937,-2.2255661487579346,-2.0289132595062256,-3.7112858295440674,-2.380354404449463,-0.27280116081237793,3.82308030128479,7.9550461769104,7.003505706787109,3.1492321491241455,2.754882574081421,2.8383371829986572,0.8027057647705078,-2.62511944770813,-3.155951976776123,-2.947960138320923,-3.521263837814331,-2.246525287628174,0.08691522479057312,0.6436259746551514,-1.1205185651779175
6.041588306427002,5.520369529724121,4.71794319152832,4.474076271057129,4.738584518432617,5.303318977355957,5.216352939605713,4.121026515960693,5.061121940612793,4.370355606079102,3.341350555419922,4.0936408042907715,4.63355827331543,4.268548488616943,3.7311453819274902,4.721527576446533,7.065589904785156,6.585392951965332,5.851326942443848,3.9941117763519287,1.9415820837020874,1.538066029548645,0.5357181429862976,-3.1351850032806396,-3.930067539215088,0.20484736561775208,-0.6873581409454346,-1.0786917209625244,3.2458302974700928,5.495782375335693,4.0751166343688965,0.6371705532073975,0.11387431621551514,0.24051937460899353,-1.9784674644470215,-1.0010968446731567,-0.6328927874565125,-3.002711772918701,-3.480912923812866,-3.2640879154205322,-2.159043550491333,0.04899201542139053,-2.6993508338928223
6.944981575012207,6.04378604888916,4.771071434020996,4.314275741577148,4.404722213745117,4.925728797912598,5.031540870666504,5.468127250671387,6.194065570831299,5.391227722167969,4.482388496398926,4.390539646148682,4.074311256408691,3.2748281955718994,3.5264182090759277,5.155351161956787,6.800796985626221,6.139349460601807,5.185492515563965,3.3338534832000732,1.7887382507324219,1.0276949405670166,0.04900650307536125,-2.2869532108306885,-3.9685001373291016,0.12777359783649445,-0.47648659348487854,-0.3404618799686432,2.593033790588379,2.848450183868408,3.6608707904815674,2.9040088653564453,2.594679117202759,2.464853525161743,-2.795106887817383,-0.1415708214044571,0.7494500279426575,-1.9920098781585693,-3.154428720474243,-4.528893947601318,-4.81512451171875,-2.4956278800964355,-3.099560260772705
7.395306587219238,6.013611316680908,4.950153350830078,4.628198146820068,4.7039947509765625,5.534088611602783,5.132537364959717,4.473058223724365,3.9079411029815674,2.8456175327301025,3.1133692264556885,3.650786876678467,2.7153639793395996,3.159172296524048,4.511285305023193,5.415320873260498,5.394840717315674,4.387964725494385,3.2912099361419678,2.606403350830078,2.6519203186035156,1.211923599243164,-0.18127717077732086,1.420845627784729,-2.6122560501098633,-2.3210203647613525,-1.1561115980148315,0.6043436527252197,2.046710252761841,1.7170019149780273,3.1774685382843018,3.7264134883880615,4.097278118133545,2.0975921154022217,-3.3891263008117676,-1.28448486328125,-0.43944984674453735,-1.9871830940246582,-3.6555848121643066,-5.055362701416016,-4.676889896392822,-2.1457571983337402,-2.4175679683685303
7.368005275726318,5.122404098510742,4.558454513549805,5.196866512298584,5.457057476043701,6.474919319152832,4.433694839477539,2.5996179580688477,3.2344186305999756,4.242528915405273,4.597430229187012,5.051959991455078,4.6310014724731445,6.016035079956055,6.457681179046631,5.5584845542907715,4.012209892272949,2.165217638015747,2.350923538208008,3.0562124252319336,3.2512547969818115,1.9219449758529663,0.3666221797466278,4.398591041564941,1.0313974618911743,-2.049583911895752,-1.1614435911178589,0.18438033759593964,2.1051979064941406,2.021340847015381,1.4795702695846558,2.5881874561309814,4.531025409698486,1.174396276473999,-3.5457000732421875,-2.3740670680999756,-2.463824510574341,-3.0606179237365723,-4.544588088989258,-6.019933223724365,-4.6121721267700195,-1.6366245746612549,-1.4006143808364868
6.257370471954346,4.52435302734375,4.500391483306885,5.232827186584473,6.30535888671875,7.2450079917907715,4.600826740264893,2.787435531616211,4.6133503913879395,5.7465105056762695,5.587772846221924,6.952974319458008,6.753142356872559,5.951789855957031,7.271427154541016,7.189931869506836,5.719770431518555,2.643158197402954,2.160658359527588,2.593412160873413,2.9004671573638916,2.409789800643921,1.66448175907135,5.124721050262451,3.2803821563720703,-2.2706010341644287,-1.1107393503189087,-0.2545722424983978,1.4948163032531738,1.8419039249420166,0.2682626247406006,2.720628261566162,3.5334928035736084,-0.2548389136791229,-3.148303985595703,-3.1573104858398438,-3.5792477130889893,-5.311570644378662,-6.225187301635742,-6.26033878326416,-5.382781028747559,-4.310182094573975,-3.8039023876190186
6.046773910522461,3.973402976989746,4.0156683921813965,4.333924293518066,5.856297016143799,7.679044723510742,6.154454231262207,5.0273895263671875,6.245687961578369,5.618124008178711,5.755366802215576,7.790992259979248,7.880373477935791,6.080801486968994,6.704413890838623,7.4427618980407715,6.068032264709473,3.41182541847229,2.3866770267486572,1.699591875076294,2.6846673488616943,2.400989532470703,1.244856595993042,3.658266067504883,1.6719896793365479,-2.6376705169677734,0.0875992402434349,0.14029951393604279,-0.09356211870908737,-0.26857954263687134,1.0062100887298584,2.469304323196411,0.00919961929321289,-2.5252978801727295,-2.768678665161133,-3.8607053756713867,-5.174746036529541,-6.633163928985596,-7.170809745788574,-7.734684467315674,-5.495689868927002,-4.457365036010742,-6.326880931854248
5.192938804626465,4.0416059494018555,3.8391973972320557,3.3921473026275635,4.270091533660889,7.98493766784668,7.96606969833374,6.912082672119141,7.925142765045166,5.772945404052734,4.921736240386963,7.057450771331787,7.936136722564697,6.983195781707764,6.354655742645264,6.100566387176514,5.224764823913574,3.7344703674316406,2.1862266063690186,1.3307595252990723,2.2597312927246094,1.63181471824646,-0.7284774780273438,-0.3811046779155731,-1.0494370460510254,-0.3921383023262024,1.6706480979919434,0.5518421530723572,-2.159980058670044,-2.186798572540283,0.4579997956752777,1.5409907102584839,-2.4508848190307617,-3.4843218326568604,-2.4737133979797363,-3.8674066066741943,-5.891055583953857,-7.193260192871094,-7.4869561195373535,-7.863595962524414,-5.223068714141846,-3.823906898498535,-6.444894313812256
5.489786624908447,4.6637420654296875,4.215273857116699,3.7182323932647705,4.220199108123779,7.860857009887695,8.449227333068848,6.356377601623535,6.554310321807861,5.52431583404541,4.937905788421631,6.853972434997559,7.478978633880615,6.371107578277588,4.823783874511719,4.541656017303467,5.103411674499512,3.397369384765625,1.2739465236663818,0.9757027626037598,1.5579615831375122,-1.0931254625320435,-2.2140843868255615,-3.797760009765625,-1.0808874368667603,1.669556975364685,2.5109894275665283,-0.7674626708030701,-2.5689542293548584,-2.822803020477295,0.19506174325942993,0.010251380503177643,-2.901364803314209,-2.596745491027832,-2.1660141944885254,-4.954971790313721,-7.212741374969482,-7.861751556396484,-7.059755802154541,-6.530099868774414,-5.197352409362793,-3.7265539169311523,-5.56867790222168
6.433133125305176,5.832952499389648,5.232973575592041,4.479462146759033,4.386700630187988,7.253979682922363,8.066475868225098,6.63063907623291,5.489482402801514,5.152041435241699,4.817610740661621,5.89519739151001,6.816013813018799,4.556611061096191,2.6434390544891357,4.024914741516113,5.034460067749023,2.3580408096313477,0.7722421884536743,0.4516279101371765,-0.3201269209384918,-3.444235324859619,-2.8444035053253174,-4.627620220184326,-1.9249323606491089,3.3076131343841553,2.516324520111084,-0.7130091190338135,-1.829058289527893,-1.5783414840698242,0.06585047394037247,-0.8748214244842529,-3.3121228218078613,-2.9799232482910156,-3.4825479984283447,-6.813520908355713,-7.486239910125732,-6.854447364807129,-7.923581600189209,-8.727916717529297,-5.401656627655029,-2.966602325439453,-4.163723945617676
7.36384916305542,6.567955017089844,5.5645246505737305,5.016953945159912,4.822047233581543,6.535227298736572,7.775442600250244,6.8215508460998535,4.58310604095459,4.3116655349731445,5.429665565490723,6.1576104164123535,5.368373870849609,2.8661582469940186,2.953735589981079,5.039677619934082,5.626789569854736,1.1829888820648193,-0.3263380527496338,-0.14542829990386963,-1.3841896057128906,-3.180208206176758,-3.520444631576538,-5.390374660491943,-1.251486897468567,3.508183240890503,3.67806339263916,0.855111300945282,-0.6770731210708618,-0.6671412587165833,-1.2338650226593018,-0.42893877625465393,-1.4801278114318848,-3.083026647567749,-4.519776821136475,-6.359410762786865,-7.491240978240967,-5.267580032348633,-5.815811634063721,-11.272797584533691,-7.043196678161621,-2.024454355239868,-2.777271270751953
6.055325508117676,6.159293174743652,6.786962985992432,6.171411037445068,3.9255635738372803,5.236712455749512,7.207860946655273,6.709115982055664,4.217456817626953,3.5474777221679688,5.128310680389404,5.201517105102539,4.685571193695068,3.2722079753875732,4.003637313842773,6.028024673461914,5.327000617980957,1.7659802436828613,-1.792129635810852,0.029517997056245804,-0.38733989000320435,-0.9488959908485413,-2.4461510181427,-6.381455421447754,-2.4256176948547363,6.100957870483398,3.387918472290039,2.4133241176605225,0.02686956338584423,-1.4143526554107666,-2.2085485458374023,-1.7525461912155151,-1.1304759979248047,-1.1539257764816284,-3.994863986968994,-4.583016872406006,-6.269568920135498,-6.773703098297119,-5.159278392791748,-9.964272499084473,-6.445840358734131,-0.7110632061958313,-2.3787901401519775
4.1779046058654785,7.241297245025635,8.219242095947266,5.956405162811279,4.003708839416504,5.150750160217285,6.355820655822754,5.271842002868652,2.8408656120300293,2.6317293643951416,3.9806036949157715,4.212557792663574,4.338417053222656,3.8781633377075195,4.421840190887451,6.391970157623291,4.911648750305176,1.6701765060424805,-0.18937598168849945,2.720914125442505,2.800407648086548,0.7114209532737732,-2.4658539295196533,-5.397315979003906,-4.584957599639893,5.40247106552124,2.127894878387451,2.6403515338897705,-0.09693975746631622,-1.5708281993865967,-3.4445078372955322,-3.1945650577545166,-1.7643972635269165,-0.1823798567056656,-2.710529327392578,-5.561428070068359,-6.032074928283691,-7.774207592010498,-7.737785816192627,-9.09547233581543,-6.056864261627197,-1.600497841835022,-2.5628576278686523
5.58837366104126,9.147594451904297,9.117152214050293,5.94644021987915,3.9182329177856445,4.585522651672363,5.707005023956299,3.7222537994384766,1.0769293308258057,1.5282776355743408,2.671872138977051,3.565052032470703,3.978530168533325,4.104147434234619,5.1657938957214355,4.674755096435547,1.490625262260437,1.0072720050811768,0.563430666923523,1.767884373664856,1.2384945154190063,0.4050213396549225,0.480872243642807,-2.0865066051483154,-3.374971389770508,0.4634949862957001,0.710861086845398,1.1214492321014404,-1.1174523830413818,-2.1497435569763184,-4.479557514190674,-4.225179672241211,-1.4802721738815308,-0.4389805197715759,-3.3746087551116943,-5.140115261077881,-6.179544448852539,-7.428584575653076,-7.344707012176514,-7.365421772003174,-4.595667362213135,-2.577714681625366,-2.3116843700408936
6.802834987640381,8.639693260192871,8.142766952514648,5.24721097946167,2.5486690998077393,4.257357120513916,4.673712253570557,1.9683681726455688,0.5931917428970337,0.7091679573059082,1.4855399131774902,2.1039071083068848,3.051121950149536,4.6688971519470215,4.939900875091553,1.8941885232925415,0.42108792066574097,-0.3379294276237488,-1.3251010179519653,-2.045163154602051,0.6642826199531555,1.8827959299087524,2.109772205352783,2.0679450035095215,-0.8850084543228149,-2.721301317214966,-2.179170608520508,0.050132639706134796,-2.123440742492676,-3.4018192291259766,-4.768890380859375,-4.052602291107178,-2.1503384113311768,-2.3027994632720947,-4.088103771209717,-3.881800413131714,-5.059910297393799,-7.325734615325928,-6.173874855041504,-5.667357921600342,-4.386528015136719,-1.6833076477050781,-0.4801429808139801
