data/wind_data/wind_39_5.json
{"header": {"parameterUnit": "KT", "parameterCategory": 2, "nx": 256, "ny": 198, "lo1": 44.73521041870117, "la1": -3.236724853515625, "lo2": 111.26478576660156, "la2": 43.468475341796875, "dx": 0.2609002888202667, "dy": -0.23708222806453705, "refTime": "2025-02-20 15:00:00", "forecastTime": 0, "parameterNumber": 2, "parameterNumberName": "eastward_wind"}, "data":
[rows 133 to 151 of 198, columns 0 to 43 of 256]
39.541500091552734,39.44467544555664,38.659271240234375,37.53610610961914,37.046749114990234,36.788719177246094,36.13469314575195,35.31543731689453,34.4776611328125,33.53185272216797,32.88631057739258,32.43766784667969,31.736452102661133,30.733278274536133,29.658855438232422,28.72395896911621,27.916044235229492,27.29591941833496,27.121000289916992,27.53040885925293,27.92765998840332,28.499107360839844,29.790998458862305,31.839319229125977,34.32658386230469,36.5651969909668,37.75328826904297,40.82379913330078,43.51642608642578,44.26756286621094,45.807212829589844,48.70054244995117,51.61915588378906,54.13709259033203,57.00360870361328,58.39857482910156,55.15247344970703,50.25368881225586,49.5217399597168,51.54399108886719,53.67961502075195,55.360599517822266,56.511268615722656,55.443336486816406
39.028228759765625,38.86498260498047,38.07378387451172,37.0750617980957,36.30262756347656,35.56431579589844,34.660160064697266,34.07505416870117,33.529014587402344,32.74820327758789,32.12047576904297,31.421831130981445,30.55105209350586,29.676523208618164,28.89288330078125,28.318981170654297,27.83496856689453,27.37849235534668,27.2125244140625,27.269039154052734,27.722900390625,28.934829711914062,30.104246139526367,31.380338668823242,33.37812423706055,33.793087005615234,34.380550384521484,37.447059631347656,39.593711853027344,40.305057525634766,41.74365997314453,43.40782165527344,44.997989654541016,47.54532241821289,52.069759368896484,49.34621810913086,43.14318084716797,45.18682861328125,49.334930419921875,53.33115768432617,56.044769287109375,55.122623443603516,49.909542083740234,45.29679489135742
38.346229553222656,38.237335205078125,37.471763610839844,36.41667175292969,35.12454605102539,33.9562873840332,33.18861770629883,32.93060302734375,32.75221633911133,32.16872024536133,31.27613067626953,30.25491714477539,29.548702239990234,29.151206970214844,28.778297424316406,28.414051055908203,28.00353240966797,27.460926055908203,27.186084747314453,27.458589553833008,28.142261505126953,28.191259384155273,28.075454711914062,29.248003005981445,31.818326950073242,33.09998321533203,34.32139205932617,34.36479187011719,30.491565704345703,33.471431732177734,40.12931823730469,41.61479187011719,40.298805236816406,39.43187713623047,39.382102966308594,36.968101501464844,41.79121017456055,47.47652816772461,52.04882049560547,55.40078353881836,54.25649642944336,47.20176315307617,44.32012176513672,48.08034133911133
37.45644760131836,37.53908920288086,36.810760498046875,35.453758239746094,33.6065559387207,32.233055114746094,31.56966781616211,31.22241973876953,31.68684959411621,31.47850799560547,30.724960327148438,29.92882537841797,29.51934814453125,29.27692222595215,29.041040420532227,28.812259674072266,28.37604331970215,27.796953201293945,27.4599609375,27.40729331970215,28.008827209472656,27.386777877807617,27.53617286682129,28.29172706604004,27.963136672973633,30.76875877380371,29.58127212524414,22.25754737854004,26.890186309814453,33.529151916503906,38.879695892333984,41.08106994628906,40.56187438964844,38.709651947021484,36.61501693725586,34.90977096557617,36.484256744384766,39.152828216552734,41.815460205078125,43.38869094848633,42.80763626098633,42.035274505615234,42.67301559448242,45.94844436645508
36.43171310424805,36.38998794555664,35.600738525390625,34.15449905395508,31.968568801879883,30.59786033630371,30.136947631835938,29.558374404907227,29.361501693725586,29.598339080810547,29.92915153503418,29.650381088256836,29.519927978515625,29.95639419555664,29.836843490600586,29.283803939819336,28.554527282714844,27.501150131225586,27.507944107055664,27.656299591064453,26.593019485473633,27.783851623535156,23.77434730529785,25.37261390686035,27.49003791809082,31.95878791809082,26.22475242614746,23.0576171875,32.679195404052734,32.9935417175293,29.103206634521484,27.168601989746094,26.52350616455078,26.2188663482666,25.99813461303711,25.874156951904297,26.2262020111084,27.105403900146484,27.57965850830078,28.105430603027344,30.309345245361328,34.53461837768555,37.72367858886719,40.18299102783203
35.22706604003906,34.720523834228516,33.74089050292969,32.4947509765625,30.502811431884766,29.194738388061523,28.70703887939453,28.823162078857422,27.89101219177246,27.93994140625,29.384014129638672,29.84727668762207,29.739450454711914,29.98638153076172,29.929323196411133,29.047279357910156,27.512569427490234,26.588226318359375,27.171567916870117,28.07990837097168,27.137008666992188,27.938886642456055,22.7309513092041,21.418895721435547,32.523902893066406,36.577125549316406,27.520782470703125,26.48353385925293,37.71660614013672,38.1502799987793,28.945398330688477,20.661455154418945,18.251445770263672,20.061037063598633,22.330738067626953,24.395112991333008,25.081363677978516,24.275808334350586,21.979005813598633,18.47443962097168,18.59758949279785,23.4099063873291,29.077838897705078,33.864864349365234
34.05319595336914,33.020347595214844,31.984533309936523,30.88796615600586,29.59024429321289,28.094541549682617,28.16713523864746,27.014835357666016,22.562606811523438,24.389148712158203,28.31871223449707,29.643964767456055,29.0805721282959,28.86226463317871,28.830310821533203,28.226720809936523,26.359756469726562,24.77117156982422,26.02374839782715,27.95013999938965,28.84598731994629,28.08063316345215,23.05001449584961,25.212820053100586,29.486684799194336,30.78921890258789,25.845483779907227,27.548185348510742,37.1848258972168,40.29840087890625,36.05142593383789,28.79554557800293,24.476320266723633,24.20182991027832,26.751333236694336,30.60286521911621,32.88179397583008,32.63105773925781,30.023639678955078,26.144365310668945,20.788442611694336,16.335174560546875,18.667631149291992,23.00972557067871
33.153907775878906,32.165306091308594,31.23769760131836,30.208539962768555,28.93269920349121,28.352622985839844,27.087385177612305,25.051353454589844,22.225296020507812,23.29376983642578,27.270044326782227,29.50632667541504,28.973819732666016,28.38286590576172,28.434587478637695,28.106063842773438,26.678775787353516,23.78838539123535,27.77647590637207,28.884584426879883,29.190906524658203,27.10873031616211,24.74835777282715,27.9083194732666,30.190078735351562,28.234052658081055,24.494598388671875,26.364866256713867,32.95732498168945,38.174766540527344,41.37567901611328,39.939483642578125,33.673866271972656,24.032835006713867,21.970808029174805,29.188779830932617,35.91189956665039,38.39425277709961,38.596031188964844,37.32648849487305,33.541202545166016,26.83078384399414,22.8144474029541,22.482349395751953
32.451988220214844,31.69814682006836,30.967361450195312,30.12718963623047,28.749855041503906,28.39530372619629,25.29423713684082,20.959827423095703,23.57230567932129,24.960926055908203,28.096961975097656,27.904430389404297,27.614282608032227,28.091176986694336,28.542251586914062,28.12345314025879,26.576969146728516,26.67095947265625,28.219770431518555,27.74078941345215,27.48267364501953,26.524372100830078,25.359573364257812,27.455591201782227,31.436452865600586,32.020992279052734,30.7185001373291,30.786853790283203,33.584251403808594,37.29658889770508,41.596214294433594,44.836490631103516,41.847015380859375,30.300500869750977,27.05942153930664,31.356599807739258,33.450340270996094,35.907554626464844,39.47481155395508,41.77578353881836,40.775390625,38.489173889160156,34.94929504394531,31.936187744140625
32.02224349975586,31.12020492553711,30.383102416992188,29.625123977661133,28.775856018066406,27.557401657104492,24.40479278564453,20.951181411743164,25.32721519470215,27.125774383544922,26.89687728881836,26.32364845275879,26.96759796142578,27.712770462036133,27.826234817504883,27.440475463867188,26.420713424682617,26.474088668823242,26.920806884765625,26.641538619995117,26.790803909301758,26.46538543701172,24.133193969726562,24.390663146972656,27.91839599609375,30.078718185424805,31.0543270111084,31.74861717224121,32.18039321899414,34.79685592651367,39.82281494140625,43.590999603271484,44.414100646972656,35.43546676635742,26.34879493713379,24.19544792175293,28.0767822265625,33.635345458984375,37.68333435058594,40.60523986816406,42.47673416137695,44.02028274536133,43.53493881225586,40.71154022216797
31.84193992614746,30.41684913635254,29.505271911621094,28.97779655456543,28.11537742614746,26.65433692932129,23.76808738708496,25.569875717163086,26.899269104003906,26.297012329101562,26.22036361694336,26.86383056640625,27.312292098999023,27.489660263061523,27.577417373657227,27.271419525146484,26.45001983642578,25.850988388061523,25.55138397216797,25.316808700561523,25.869367599487305,24.2617244720459,19.822189331054688,20.604019165039062,23.064983367919922,23.396446228027344,25.851375579833984,28.13340187072754,28.630624771118164,30.54203224182129,35.17517852783203,38.853782653808594,39.66408157348633,37.96070861816406,34.62165451049805,31.07277488708496,28.726694107055664,30.439041137695312,32.69732666015625,35.699851989746094,40.0966911315918,44.195335388183594,45.592002868652344,42.949676513671875
31.472135543823242,29.872838973999023,29.020557403564453,28.823726654052734,28.032712936401367,27.14064598083496,26.801143646240234,27.435077667236328,26.201133728027344,25.286115646362305,25.723695755004883,26.270828247070312,26.50962257385254,26.649887084960938,26.816556930541992,26.714689254760742,26.25206756591797,25.713333129882812,25.118127822875977,24.74383544921875,23.8094539642334,19.478561401367188,16.22287368774414,18.669862747192383,21.048728942871094,21.701156616210938,22.53030776977539,23.624235153198242,24.052377700805664,25.894298553466797,30.104820251464844,34.91893768310547,37.28780746459961,38.28416061401367,32.749847412109375,25.31649398803711,19.46602439880371,19.598350524902344,22.193416595458984,26.26906967163086,32.778175354003906,39.03200912475586,41.78908920288086,41.241695404052734
30.802019119262695,29.746152877807617,29.168224334716797,29.169776916503906,29.067398071289062,28.42291831970215,27.655963897705078,26.41682243347168,25.22951316833496,24.512014389038086,24.488515853881836,24.321767807006836,24.40631103515625,24.835676193237305,25.07961654663086,25.42337989807129,25.546581268310547,24.986913681030273,24.173154830932617,23.384695053100586,21.395954132080078,17.467262268066406,16.908023834228516,19.578298568725586,22.446435928344727,22.857376098632812,25.917482376098633,22.292865753173828,19.326705932617188,21.94019317626953,27.053081512451172,32.65540313720703,37.82792282104492,37.742393493652344,35.33037567138672,30.655839920043945,25.596233367919922,24.489652633666992,24.341503143310547,24.165294647216797,27.8309326171875,33.17765426635742,36.37969970703125,38.10197067260742
30.169326782226562,29.69937515258789,29.322912216186523,29.356813430786133,30.25980567932129,30.04900360107422,27.911672592163086,25.40141487121582,24.09623146057129,23.602449417114258,22.945995330810547,21.9820613861084,22.235830307006836,23.064531326293945,23.42386817932129,23.573469161987305,24.30750846862793,24.203506469726562,22.47835350036621,19.626544952392578,16.762582778930664,13.783872604370117,14.060274124145508,17.969755172729492,21.541093826293945,26.55875015258789,27.174236297607422,19.12590217590332,17.41457748413086,21.305255889892578,25.61219596862793,29.356781005859375,33.2107048034668,35.75703430175781,39.056190490722656,39.962764739990234,37.58578109741211,33.92100524902344,30.615596771240234,27.839801788330078,27.255502700805664,29.543071746826172,31.426658630371094,32.20137023925781
29.76553726196289,29.16883087158203,29.079946517944336,29.424087524414062,30.825376510620117,30.84112548828125,28.49241828918457,25.104015350341797,23.154199600219727,22.218252182006836,21.498119354248047,20.988210678100586,21.06354331970215,21.72025489807129,22.491559982299805,22.56060791015625,23.1169376373291,22.97429656982422,20.51776123046875,18.05168342590332,16.135976791381836,12.821952819824219,11.237322807312012,16.916513442993164,21.583724975585938,24.968917846679688,21.518531799316406,17.52593421936035,19.162351608276367,20.49174690246582,23.03082847595215,25.37860870361328,28.15289306640625,32.22783660888672,37.71746063232422,41.954795837402344,40.88072204589844,36.62166213989258,33.42791748046875,29.505464553833008,26.28989601135254,24.565092086791992,22.67934226989746,22.665117263793945
29.400407791137695,28.5887393951416,28.788753509521484,29.436229705810547,30.84300422668457,30.834184646606445,28.415979385375977,24.47951316833496,20.880573272705078,20.27431297302246,20.867395401000977,21.17965316772461,21.07914161682129,21.64105224609375,22.528663635253906,22.395654678344727,21.988649368286133,21.9363956451416,20.048425674438477,20.12720489501953,24.33487892150879,24.637176513671875,18.766447067260742,16.941953659057617,23.41551971435547,21.322086334228516,18.882226943969727,19.694461822509766,20.538663864135742,21.73386001586914,22.85976219177246,23.818187713623047,25.503658294677734,28.941360473632812,33.609859466552734,37.13182067871094,37.324398040771484,36.11837387084961,34.28477096557617,28.593505859375,21.397294998168945,16.543399810791016,14.787273406982422,17.4752140045166
29.01103973388672,28.298614501953125,28.646318435668945,29.09107208251953,30.324243545532227,30.43535804748535,28.061214447021484,23.461214065551758,19.99884033203125,19.79595375061035,20.111221313476562,20.780624389648438,22.133319854736328,23.419723510742188,24.01108169555664,22.80251121520996,21.81604766845703,22.027978897094727,20.516122817993164,22.41501235961914,28.737606048583984,32.94113540649414,27.48920440673828,19.731996536254883,20.821840286254883,20.700347900390625,19.497283935546875,22.170854568481445,24.550003051757812,24.45863151550293,23.682636260986328,23.90277671813965,24.931455612182617,26.63913345336914,28.44277000427246,30.32038688659668,32.219905853271484,33.82210159301758,33.12505340576172,28.336557388305664,20.678115844726562,15.178421974182129,13.648384094238281,16.394020080566406
28.574077606201172,28.183073043823242,28.507844924926758,28.393159866333008,28.957393646240234,28.967390060424805,27.75381851196289,24.064456939697266,22.021541595458984,22.375911712646484,22.202058792114258,20.6171932220459,22.05070686340332,24.621360778808594,25.08600425720215,23.947233200073242,23.526195526123047,23.856590270996094,22.466278076171875,24.00165367126465,27.422954559326172,31.06753158569336,30.31293296813965,23.332855224609375,18.258760452270508,17.2051944732666,21.244121551513672,24.77544593811035,25.529144287109375,24.88015365600586,24.440462112426758,24.998857498168945,26.062753677368164,26.93326187133789,25.959228515625,25.708669662475586,28.3289852142334,32.09364700317383,31.928150177001953,25.315431594848633,19.49774169921875,16.89031982421875,16.19148063659668,17.64389991760254
27.71217155456543,27.214553833007812,27.386117935180664,27.244951248168945,27.050506591796875,26.740215301513672,26.001710891723633,24.999725341796875,25.162242889404297,25.202533721923828,25.102333068847656,23.198158264160156,21.559215545654297,23.350893020629883,25.243377685546875,25.062374114990234,25.00739860534668,24.51043128967285,23.254743576049805,24.151147842407227,25.85102653503418,27.215473175048828,29.599796295166016,25.916288375854492,17.937833786010742,18.06470489501953,22.955610275268555,25.275924682617188,25.18937873840332,24.51180076599121,24.55231285095215,25.193504333496094,26.714385986328125,27.692174911499023,27.139368057250977,26.983654022216797,26.404911041259766,26.05217170715332,22.907012939453125,18.179203033447266,17.326366424560547,18.587182998657227,18.81854248046875,19.26853370666504
