data/wind_data/wind_43_7.json
{"header": {"parameterUnit": "KT", "parameterCategory": 2, "nx": 256, "ny": 198, "lo1": 44.73521041870117, "la1": -3.236724853515625, "lo2": 111.26478576660156, "la2": 43.468475341796875, "dx": 0.2609002888202667, "dy": -0.23708222806453705, "refTime": "2025-02-20 19:00:00", "forecastTime": 0, "parameterNumber": 2, "parameterNumberName": "eastward_wind"}, "data":
[rows 40 to 59 of 198, columns 44 to 87 of 256]
-0.37770745158195496,-0.8724111914634705,-1.3416142463684082,-1.7862844467163086,-2.076586961746216,-2.166494607925415,-1.9639761447906494,-1.6932246685028076,-1.4591236114501953,-1.3098483085632324,-1.3062289953231812,-1.4940129518508911,-1.8244633674621582,-1.9876515865325928,-1.8905199766159058,-1.6843067407608032,-1.5061639547348022,-1.3717824220657349,-1.177065372467041,-0.9644085764884949,-1.024106502532959,-1.4594810009002686,-2.051630973815918,-2.4885668754577637,-2.6451809406280518,-2.8862087726593018,-3.361325979232788,-3.4754269123077393,-3.124912977218628,-2.8165640830993652,-2.7963011264801025,-2.707829713821411,-2.2919633388519287,-1.7850914001464844,-1.4839831590652466,-1.3294577598571777,-1.1730599403381348,-1.0021839141845703,-1.1245267391204834,-1.6200742721557617,-2.132596731185913,-2.4014904499053955,-2.2724053859710693,-1.9826335906982422
0.6896975040435791,0.32565316557884216,0.09221017360687256,-0.3186032474040985,-0.7972583174705505,-1.2720953226089478,-1.530726671218872,-1.5482033491134644,-1.3239129781723022,-0.7996745109558105,-0.234137162566185,0.17974074184894562,0.32090872526168823,0.2906031012535095,0.0920950323343277,-0.1657092571258545,-0.23503977060317993,-0.022952059283852577,0.24007391929626465,0.23121647536754608,-0.16967521607875824,-0.6609914898872375,-0.9598373174667358,-1.1093854904174805,-1.2666505575180054,-1.629905343055725,-2.163433074951172,-2.5533807277679443,-2.4521923065185547,-2.0462043285369873,-1.9427975416183472,-2.146024465560913,-2.2164947986602783,-1.991316318511963,-1.5949798822402954,-1.334755539894104,-1.1977152824401855,-1.0411266088485718,-1.083203911781311,-1.5348469018936157,-2.1004559993743896,-2.4798245429992676,-2.5829992294311523,-2.30826473236084
1.7806153297424316,1.6315785646438599,1.4445843696594238,1.2156418561935425,0.6825397610664368,0.01532951183617115,-0.6048246026039124,-0.9381123185157776,-1.015878438949585,-0.7036733031272888,-0.05761287733912468,0.715837299823761,1.3014284372329712,1.4882419109344482,1.3367878198623657,1.1386256217956543,1.1683517694473267,1.4191746711730957,1.7102237939834595,1.6301827430725098,1.103757381439209,0.6744548678398132,0.6164293885231018,0.6355913281440735,0.40618932247161865,-0.13367131352424622,-0.7378438711166382,-1.1058906316757202,-1.1050677299499512,-0.9774526357650757,-1.0690721273422241,-1.4413976669311523,-1.6906743049621582,-1.6375219821929932,-1.493232011795044,-1.2831140756607056,-1.0308001041412354,-0.9417548179626465,-0.981326162815094,-1.1882494688034058,-1.6526204347610474,-2.136655330657959,-2.41058611869812,-2.324794054031372
2.4425971508026123,2.478030204772949,2.455873489379883,2.4733002185821533,2.234363555908203,1.5908266305923462,0.8449680209159851,0.3372142016887665,0.07968538999557495,0.019115770235657692,0.1771668642759323,0.5885794758796692,1.0188716650009155,1.2785965204238892,1.371851921081543,1.4661047458648682,1.788983941078186,2.2332472801208496,2.6287410259246826,2.7776732444763184,2.5790672302246094,2.2249231338500977,1.9919352531433105,1.8610731363296509,1.6405112743377686,1.225321650505066,0.8969354033470154,0.753961443901062,0.6010181903839111,0.3170534074306488,-0.07150521129369736,-0.5202677845954895,-0.7257969379425049,-0.733130693435669,-0.7652294039726257,-0.7893193960189819,-0.6985592842102051,-0.5826206207275391,-0.6078188419342041,-0.751324474811554,-1.0952684879302979,-1.5244818925857544,-1.7645776271820068,-1.793444275856018
3.0166845321655273,3.204073905944824,3.1411800384521484,3.305464506149292,3.4247941970825195,3.139061212539673,2.605529308319092,2.152186393737793,1.7659215927124023,1.3926336765289307,1.1037241220474243,1.0456387996673584,1.2922717332839966,1.4777919054031372,1.628597378730774,1.7413028478622437,1.9847503900527954,2.322667360305786,2.8037545680999756,3.2929468154907227,3.5970025062561035,3.5106472969055176,3.092331647872925,2.6937921047210693,2.5896778106689453,2.6544156074523926,2.686075448989868,2.49836802482605,2.0094785690307617,1.3476299047470093,0.891008198261261,0.6756426692008972,0.5261699557304382,0.4026056230068207,0.29293838143348694,0.1948743611574173,0.09003143012523651,-0.014890979044139385,-0.1544954627752304,-0.3279401659965515,-0.5446751117706299,-0.8000954389572144,-0.9933362603187561,-1.0758271217346191
3.747344493865967,4.233436107635498,4.258241653442383,4.255544185638428,4.35495138168335,4.33677864074707,4.109910011291504,3.8938207626342773,3.6443774700164795,3.2515904903411865,2.817931652069092,2.5187439918518066,2.4903676509857178,2.5848777294158936,2.6443660259246826,2.6478869915008545,2.6853244304656982,2.7678987979888916,2.9844741821289062,3.4418716430664062,3.8759231567382812,4.069632053375244,3.992211103439331,3.8918654918670654,4.005828857421875,4.204005241394043,4.2089080810546875,3.8720147609710693,3.196607828140259,2.3859150409698486,1.8714219331741333,1.7032002210617065,1.680853247642517,1.5602103471755981,1.3930922746658325,1.2726531028747559,1.0739758014678955,0.7293022871017456,0.40348756313323975,0.2632322609424591,0.17546598613262177,-0.06759509444236755,-0.4070439040660858,-0.5270203351974487
3.836003541946411,4.715916156768799,5.21168851852417,5.476573467254639,5.602588176727295,5.484450817108154,5.242554664611816,5.122835159301758,5.202106952667236,5.211092948913574,4.971672058105469,4.659244060516357,4.364587306976318,4.142524242401123,3.947483777999878,3.841707229614258,3.9279308319091797,4.060515403747559,4.019325256347656,3.876148223876953,3.8864681720733643,4.1630024909973145,4.586528778076172,5.026895046234131,5.4164814949035645,5.548727512359619,5.306958198547363,4.802215099334717,4.257141590118408,3.701300859451294,3.192469358444214,2.819103717803955,2.6597402095794678,2.61430025100708,2.4932258129119873,2.320680618286133,2.0645484924316406,1.6091101169586182,1.0946818590164185,0.8736188411712646,0.952499508857727,0.7248413562774658,0.29017406702041626,0.11050226539373398
3.302767753601074,4.24562406539917,5.084522247314453,5.828773021697998,6.339974880218506,6.450685024261475,6.351553916931152,6.309366226196289,6.308960437774658,6.362257957458496,6.398085594177246,6.305589199066162,6.058087348937988,5.716326713562012,5.441232681274414,5.3440985679626465,5.348307132720947,5.451606273651123,5.486617565155029,5.197844982147217,4.8034892082214355,4.68783712387085,5.089338779449463,5.696774959564209,6.152785778045654,6.209305286407471,5.896268367767334,5.429030418395996,5.13789176940918,5.013588905334473,4.741994857788086,4.278787136077881,3.913924217224121,3.781675338745117,3.7255256175994873,3.519038200378418,3.1343681812286377,2.6153833866119385,2.045010566711426,1.5983006954193115,1.5282539129257202,1.473395824432373,1.17559814453125,0.9982194900512695
3.0826969146728516,3.83998441696167,4.6207594871521,5.347499847412109,5.899742126464844,6.3272504806518555,6.779506683349609,7.154970645904541,7.324583530426025,7.380857467651367,7.354570388793945,7.239117622375488,6.971374034881592,6.61909818649292,6.383355140686035,6.446957111358643,6.6402130126953125,6.74930477142334,6.790410995483398,6.703474521636963,6.489360332489014,6.221908092498779,6.122091770172119,6.199698448181152,6.371583938598633,6.521657943725586,6.471274375915527,6.365952014923096,6.32029914855957,6.301057815551758,6.248268127441406,5.941488265991211,5.4369940757751465,5.028359413146973,4.869248390197754,4.661318302154541,4.2516865730285645,3.77449369430542,3.262310743331909,2.671849012374878,2.3036906719207764,2.250805616378784,2.1248252391815186,1.9718217849731445
3.743238925933838,4.287505149841309,4.780405044555664,5.155871391296387,5.445459365844727,5.802217960357666,6.306578636169434,6.898875713348389,7.494444370269775,7.941191673278809,8.123958587646484,8.061070442199707,7.786260604858398,7.417701721191406,7.18134880065918,7.1888957023620605,7.36435604095459,7.537395477294922,7.693459510803223,7.769413471221924,7.798024654388428,7.744729518890381,7.485217094421387,7.141235828399658,6.8195624351501465,6.801003932952881,6.992239952087402,7.251116752624512,7.556648254394531,7.759453296661377,7.840048313140869,7.6569600105285645,7.105588912963867,6.471344470977783,6.031125545501709,5.770869255065918,5.460966110229492,4.943857669830322,4.361317157745361,3.8381783962249756,3.423699378967285,3.238525390625,3.167405128479004,2.96181583404541
4.788059234619141,5.356710433959961,5.7604660987854,5.917088031768799,5.99476957321167,6.143673419952393,6.393217086791992,6.734746932983398,7.193607807159424,7.640408992767334,7.983173847198486,8.194013595581055,8.247817993164062,8.249930381774902,8.244857788085938,8.198399543762207,8.1907377243042,8.231181144714355,8.28946590423584,8.414474487304688,8.562134742736816,8.608305931091309,8.495892524719238,8.232771873474121,7.930998802185059,7.727916717529297,7.710824966430664,7.909022808074951,8.238655090332031,8.598662376403809,8.855591773986816,8.846941947937012,8.569144248962402,8.025283813476562,7.499282360076904,7.02564001083374,6.6532416343688965,6.317296981811523,5.725303649902344,4.995239734649658,4.5838398933410645,4.420267105102539,4.212203502655029,4.016077995300293
6.173666000366211,6.531492233276367,6.872194290161133,7.139689922332764,7.331427574157715,7.504169464111328,7.666075229644775,7.780376434326172,7.8641557693481445,7.880496025085449,7.920388698577881,8.134662628173828,8.44180965423584,8.749510765075684,9.038895606994629,9.181197166442871,9.181631088256836,9.149755477905273,9.095839500427246,9.190458297729492,9.365753173828125,9.480865478515625,9.527229309082031,9.367735862731934,9.166364669799805,9.043349266052246,8.964509010314941,9.011937141418457,9.134437561035156,9.261205673217773,9.340775489807129,9.289027214050293,9.249226570129395,9.092572212219238,8.717737197875977,8.270678520202637,7.806757926940918,7.564752101898193,7.261236667633057,6.60971212387085,5.983436107635498,5.658270359039307,5.43595027923584,5.189708709716797
8.140039443969727,8.27482795715332,8.281070709228516,8.301396369934082,8.470159530639648,8.790481567382812,9.143135070800781,9.320284843444824,9.267109870910645,9.058675765991211,8.844759941101074,8.822393417358398,9.066932678222656,9.409160614013672,9.68178939819336,9.802632331848145,9.812896728515625,9.83088207244873,9.899579048156738,10.018536567687988,10.242280006408691,10.421814918518066,10.626097679138184,10.685215950012207,10.517696380615234,10.389960289001465,10.269794464111328,10.212392807006836,10.309582710266113,10.403066635131836,10.288613319396973,10.006217956542969,9.824506759643555,9.651162147521973,9.470561027526855,9.199746131896973,8.878255844116211,8.725005149841309,8.596891403198242,8.322117805480957,7.791003227233887,7.2079877853393555,6.815140724182129,6.4744157791137695
10.267467498779297,10.48288631439209,10.419361114501953,10.132264137268066,9.84447193145752,9.804800987243652,9.999689102172852,10.174962997436523,10.159662246704102,9.979264259338379,9.754582405090332,9.660005569458008,9.866686820983887,10.247063636779785,10.540339469909668,10.629461288452148,10.503581047058105,10.362940788269043,10.416008949279785,10.630050659179688,11.035825729370117,11.496463775634766,11.8118896484375,11.930940628051758,11.871413230895996,11.753128051757812,11.553315162658691,11.401057243347168,11.357105255126953,11.337618827819824,11.222228050231934,10.982261657714844,10.655359268188477,10.387749671936035,10.15506649017334,10.035490036010742,9.934765815734863,9.96083927154541,9.94335651397705,9.892078399658203,9.638612747192383,9.075959205627441,8.458971977233887,7.925252914428711
12.146026611328125,12.386405944824219,12.352743148803711,12.077892303466797,11.695670127868652,11.37900161743164,11.171562194824219,10.996906280517578,10.756489753723145,10.476431846618652,10.185664176940918,10.00976276397705,10.18157958984375,10.628371238708496,11.138570785522461,11.516688346862793,11.63284969329834,11.56335735321045,11.419262886047363,11.416630744934082,11.753555297851562,12.330379486083984,12.904197692871094,13.248897552490234,13.283242225646973,13.192992210388184,12.978812217712402,12.709954261779785,12.492841720581055,12.272618293762207,12.032035827636719,11.771489143371582,11.5309476852417,11.280038833618164,11.136055946350098,11.174524307250977,11.282594680786133,11.463827133178711,11.565149307250977,11.492560386657715,11.2789306640625,10.938826560974121,10.388748168945312,9.695290565490723
13.209616661071777,13.370010375976562,13.27193832397461,12.950034141540527,12.643647193908691,12.492067337036133,12.461384773254395,12.408734321594238,12.186356544494629,11.788686752319336,11.348628044128418,10.977840423583984,10.805630683898926,10.91884708404541,11.25304126739502,11.72726058959961,12.25732135772705,12.70974349975586,12.94289493560791,12.957558631896973,12.926230430603027,13.079984664916992,13.518150329589844,14.0946626663208,14.524621963500977,14.673666954040527,14.518081665039062,14.206998825073242,13.871146202087402,13.530254364013672,13.158641815185547,12.783191680908203,12.45073413848877,12.251039505004883,12.292644500732422,12.517973899841309,12.85800838470459,13.166821479797363,13.326289176940918,13.236215591430664,12.95654296875,12.663885116577148,12.301228523254395,11.733297348022461
13.246188163757324,13.358508110046387,13.342041969299316,13.138551712036133,12.874768257141113,12.752762794494629,12.882515907287598,13.222799301147461,13.624358177185059,13.833623886108398,13.72486400604248,13.418641090393066,12.99078369140625,12.580438613891602,12.275480270385742,12.159396171569824,12.320025444030762,12.755051612854004,13.44864273071289,14.109248161315918,14.462931632995605,14.54796028137207,14.571276664733887,14.783358573913574,15.214736938476562,15.687947273254395,15.853208541870117,15.68415641784668,15.385597229003906,15.040427207946777,14.63778018951416,14.210624694824219,13.864995002746582,13.694500923156738,13.750709533691406,14.009013175964355,14.386441230773926,14.725493431091309,14.949756622314453,15.05063247680664,14.907540321350098,14.604125022888184,14.228034019470215,13.826260566711426
13.349687576293945,13.531006813049316,13.676008224487305,13.65631103515625,13.467695236206055,13.322818756103516,13.383892059326172,13.680631637573242,14.172815322875977,14.819348335266113,15.315042495727539,15.489208221435547,15.323132514953613,14.962419509887695,14.49096393585205,13.914127349853516,13.361900329589844,13.046292304992676,13.19670581817627,13.860024452209473,14.773914337158203,15.574172973632812,16.022939682006836,16.157901763916016,16.290973663330078,16.50848388671875,16.697595596313477,16.732837677001953,16.610881805419922,16.367494583129883,16.07949447631836,15.80219841003418,15.662066459655762,15.588521003723145,15.623466491699219,15.838179588317871,16.10965347290039,16.351041793823242,16.521249771118164,16.720949172973633,16.80113983154297,16.65232276916504,16.30113983154297,15.893095016479492
14.593733787536621,14.812345504760742,15.057568550109863,15.15894889831543,15.056941032409668,14.87662124633789,14.767953872680664,14.795247077941895,14.957648277282715,15.264081954956055,15.648025512695312,15.976094245910645,16.144819259643555,16.1964111328125,16.126279830932617,15.84408950805664,15.312872886657715,14.636597633361816,14.020785331726074,13.814123153686523,14.250656127929688,15.226162910461426,16.41851234436035,17.323257446289062,17.80887794494629,17.924779891967773,17.787137985229492,17.629880905151367,17.42797088623047,17.279640197753906,17.210851669311523,17.22066879272461,17.30709457397461,17.385805130004883,17.47779655456543,17.650772094726562,17.891624450683594,18.151811599731445,18.345569610595703,18.519105911254883,18.613412857055664,18.558269500732422,18.326730728149414,17.922592163085938
16.61112403869629,16.792083740234375,17.02105140686035,17.112079620361328,17.0451602935791,16.90400505065918,16.75638198852539,16.663488388061523,16.586713790893555,16.534908294677734,16.52796173095703,16.591623306274414,16.649471282958984,16.75986099243164,16.900165557861328,16.977821350097656,16.863161087036133,16.488916397094727,15.884942054748535,15.191693305969238,14.72344970703125,14.858864784240723,15.735906600952148,17.04452896118164,18.356199264526367,19.217151641845703,19.329578399658203,19.00936508178711,18.593671798706055,18.274490356445312,18.190135955810547,18.302404403686523,18.55492401123047,18.777971267700195,18.977678298950195,19.155282974243164,19.410375595092773,19.71170997619629,20.008310317993164,20.291648864746094,20.476633071899414,20.479028701782227,20.252164840698242,19.80225944519043
