data/wind_data/wind_65_3.json
{"header": {"parameterUnit": "KT", "parameterCategory": 2, "nx": 256, "ny": 198, "lo1": 44.73521041870117, "la1": -3.236724853515625, "lo2": 111.26478576660156, "la2": 43.468475341796875, "dx": 0.2609002888202667, "dy": -0.23708222806453705, "refTime": "2025-02-21 17:00:00", "forecastTime": 0, "parameterNumber": 2, "parameterNumberName": "eastward_wind"}, "data":
[rows 114 to 132 of 198, columns 132 to 175 of 256]
14.983933448791504,11.892756462097168,8.852859497070312,7.349093914031982,7.738283634185791,9.250506401062012,11.068198204040527,12.239653587341309,11.879267692565918,10.410465240478516,8.753408432006836,9.334129333496094,10.376421928405762,10.79922866821289,11.866202354431152,13.92195987701416,15.089801788330078,15.118348121643066,14.585864067077637,13.773787498474121,13.807363510131836,15.470590591430664,17.393930435180664,18.78668975830078,19.787250518798828,19.859376907348633,19.248092651367188,19.390884399414062,21.172565460205078,23.714134216308594,24.006813049316406,21.45518684387207,19.352811813354492,19.697782516479492,21.198747634887695,22.2775821685791,22.77452850341797,23.860506057739258,25.359888076782227,26.154130935668945,25.889923095703125,24.45407485961914,23.23431396484375,22.56622314453125
15.768707275390625,14.665395736694336,9.755280494689941,6.064645767211914,5.576121807098389,7.220909118652344,9.523138999938965,11.009866714477539,11.756221771240234,11.78097915649414,10.780009269714355,9.637064933776855,9.605533599853516,10.167017936706543,12.06773567199707,15.253484725952148,17.797103881835938,19.01797866821289,19.543798446655273,19.061805725097656,17.721418380737305,17.044605255126953,17.9337215423584,19.442989349365234,20.585927963256836,21.42176628112793,22.490262985229492,24.210927963256836,25.965578079223633,25.91404914855957,23.77170753479004,21.30613136291504,20.447797775268555,21.456754684448242,22.823957443237305,23.06563949584961,23.484098434448242,25.116737365722656,26.237770080566406,25.69971466064453,24.353172302246094,22.885602951049805,21.40333366394043,20.836511611938477
12.965972900390625,15.459508895874023,12.967601776123047,6.736780643463135,4.461308479309082,5.385883331298828,7.256649971008301,8.05870246887207,7.915502071380615,8.785719871520996,10.060959815979004,10.088571548461914,9.013467788696289,7.942127227783203,9.428862571716309,13.524641990661621,17.35668182373047,20.043453216552734,21.877025604248047,22.659603118896484,22.108022689819336,20.790346145629883,19.771984100341797,19.78054428100586,20.812030792236328,22.453184127807617,24.162200927734375,25.242828369140625,25.019567489624023,23.988704681396484,23.092239379882812,22.210735321044922,22.110111236572266,22.789560317993164,23.23331069946289,24.030488967895508,24.95438575744629,25.303098678588867,24.061676025390625,21.8143310546875,20.21271324157715,19.977497100830078,20.148555755615234,20.348590850830078
9.472387313842773,12.097064971923828,13.395465850830078,9.884925842285156,5.492918968200684,5.041752338409424,5.387057304382324,4.480079650878906,4.044302940368652,6.397380352020264,8.629820823669434,9.025659561157227,8.031618118286133,8.172219276428223,9.907073020935059,12.36613655090332,14.63856315612793,16.463415145874023,18.388362884521484,20.13718032836914,20.455415725708008,19.43754768371582,18.79432487487793,19.38211441040039,20.594961166381836,21.784130096435547,22.679412841796875,23.236806869506836,23.518964767456055,23.900466918945312,24.238832473754883,24.108421325683594,23.723731994628906,24.01393699645996,24.959735870361328,25.5758113861084,24.502737045288086,21.439607620239258,18.379009246826172,16.702051162719727,16.99136734008789,18.767488479614258,20.443496704101562,21.778932571411133
7.899296283721924,8.95702838897705,9.564048767089844,10.208720207214355,7.04562520980835,5.29779052734375,4.154388904571533,2.1274161338806152,3.000136375427246,6.691815376281738,8.822006225585938,8.812830924987793,7.740808963775635,8.699938774108887,10.920161247253418,12.831222534179688,14.121112823486328,14.769180297851562,15.344708442687988,16.191246032714844,16.5129451751709,17.325298309326172,18.99346923828125,20.503328323364258,21.275083541870117,21.77860450744629,22.560115814208984,23.864519119262695,25.327777862548828,26.41124725341797,26.751224517822266,26.729562759399414,25.62356185913086,25.24566078186035,25.400941848754883,23.84742546081543,20.457027435302734,16.96182632446289,15.77324390411377,16.08543586730957,15.694496154785156,15.116718292236328,16.39316177368164,18.812990188598633
6.730599880218506,8.073734283447266,7.8748955726623535,8.242288589477539,6.883059501647949,5.055189609527588,3.994692325592041,1.244588017463684,4.094106674194336,8.066681861877441,9.62950325012207,9.119696617126465,8.893173217773438,10.028618812561035,11.828827857971191,13.604229927062988,15.044027328491211,15.544035911560059,15.236818313598633,15.479798316955566,16.998416900634766,19.47130584716797,21.3607234954834,21.998455047607422,22.09502410888672,22.680252075195312,23.772844314575195,25.276851654052734,27.45128059387207,28.970182418823242,29.043832778930664,28.491228103637695,28.10612678527832,27.021013259887695,25.540761947631836,24.070924758911133,21.04297637939453,18.457199096679688,19.56161880493164,23.778091430664062,25.135351181030273,18.547563552856445,14.81234073638916,15.21411418914795
4.146998882293701,4.000647068023682,3.3515188694000244,3.8105227947235107,3.8197340965270996,2.769531726837158,3.15497088432312,1.414103627204895,6.015026092529297,8.986574172973633,10.56298542022705,10.367620468139648,10.485982894897461,10.908312797546387,11.946508407592773,13.486944198608398,15.33169937133789,16.38548469543457,16.995285034179688,18.489835739135742,20.69228172302246,22.188865661621094,22.379470825195312,22.333396911621094,22.71290397644043,23.70269203186035,25.14564323425293,26.50467300415039,29.011768341064453,30.89142417907715,30.3626766204834,29.813106536865234,30.53184700012207,32.40127182006836,31.641586303710938,28.16029930114746,25.088611602783203,27.20598793029785,31.10588264465332,34.68833541870117,32.945823669433594,25.02280044555664,20.178403854370117,19.36673355102539
3.131809711456299,1.9223651885986328,0.9491415619850159,-0.7259257435798645,-0.9096867442131042,0.9783139824867249,0.03310699760913849,4.198311805725098,8.91515827178955,10.88536262512207,11.9257173538208,12.036497116088867,12.289588928222656,12.962772369384766,13.753600120544434,14.637892723083496,15.87865924835205,17.571306228637695,19.759143829345703,21.984636306762695,22.81011199951172,21.985815048217773,21.31135368347168,22.139976501464844,23.657188415527344,25.321882247924805,26.902563095092773,28.52854347229004,32.80071258544922,32.736839294433594,32.660499572753906,33.449214935302734,33.96294403076172,36.517974853515625,39.27176284790039,35.63206100463867,32.400596618652344,37.27644729614258,38.198638916015625,34.44048309326172,28.474864959716797,24.00530433654785,22.736597061157227,23.137378692626953
1.565560221672058,-1.6784058809280396,-4.11246919631958,-4.42091703414917,-2.7270302772521973,-1.1557250022888184,1.5785753726959229,6.3890604972839355,9.591662406921387,11.977334022521973,12.68578815460205,13.479206085205078,14.7144136428833,15.321733474731445,15.681012153625488,16.60383415222168,18.185081481933594,20.259174346923828,22.263612747192383,22.724594116210938,21.388940811157227,20.152969360351562,20.578262329101562,22.72244644165039,24.470287322998047,25.608121871948242,27.509952545166016,31.786422729492188,38.43333053588867,40.709266662597656,41.814781188964844,36.257205963134766,33.48785400390625,39.83979797363281,44.69671630859375,39.76826477050781,31.738365173339844,30.85862159729004,28.965700149536133,25.65847396850586,19.247228622436523,15.728439331054688,19.064441680908203,20.966567993164062
-1.7414321899414062,-6.949246883392334,-6.88307523727417,-3.4827561378479004,-1.227891206741333,0.8992818593978882,4.677210330963135,7.210006237030029,9.58202838897705,11.799812316894531,12.857393264770508,13.999771118164062,14.552160263061523,15.223504066467285,16.70384979248047,18.223285675048828,18.69045639038086,18.5402889251709,18.8810977935791,19.7876033782959,19.74127197265625,19.62042808532715,20.266510009765625,22.659948348999023,25.242706298828125,26.373289108276367,28.80355453491211,35.21249008178711,41.599491119384766,49.21434783935547,45.163734436035156,40.13992691040039,35.024410247802734,35.32225036621094,33.344669342041016,24.26857566833496,17.71441650390625,16.322242736816406,21.456741333007812,27.753564834594727,24.854116439819336,20.622264862060547,24.23909568786621,27.141571044921875
-5.307527542114258,-8.83837890625,-5.08139181137085,-1.6412992477416992,-0.48453274369239807,2.9274299144744873,6.52617883682251,8.164084434509277,9.661246299743652,11.642998695373535,12.726428031921387,12.734569549560547,13.156691551208496,13.979552268981934,14.528084754943848,14.34540843963623,13.739012718200684,13.825226783752441,14.721860885620117,16.744848251342773,17.756065368652344,18.67970848083496,20.688859939575195,23.91327476501465,28.92056655883789,33.1573600769043,35.5323371887207,39.305694580078125,43.81073760986328,47.60127639770508,42.42626953125,34.24418258666992,30.83213996887207,29.36456298828125,27.046178817749023,24.95644187927246,25.80727195739746,27.004695892333984,30.134824752807617,33.07866668701172,29.287912368774414,28.66459083557129,30.925594329833984,35.328857421875
-8.557456016540527,-7.037406921386719,-2.4728903770446777,-0.36647701263427734,1.0628811120986938,5.110569000244141,7.628535747528076,8.775120735168457,10.281264305114746,11.316930770874023,10.866759300231934,9.96950912475586,9.217995643615723,9.684300422668457,12.561849594116211,14.396439552307129,15.871444702148438,16.7582950592041,16.61978530883789,17.044532775878906,19.44754409790039,22.370262145996094,25.08342933654785,27.876741409301758,31.321203231811523,37.74249267578125,39.3956413269043,39.82495880126953,41.93572235107422,39.54136657714844,45.9238166809082,43.361968994140625,32.77570724487305,27.416078567504883,30.436609268188477,34.80154800415039,38.303627014160156,38.67853546142578,37.935516357421875,35.362518310546875,34.052433013916016,35.81098175048828,36.84578323364258,38.050357818603516
-8.641716003417969,-4.450162410736084,0.19655261933803558,1.3713864088058472,2.869337797164917,5.329644203186035,7.379082202911377,8.637857437133789,9.099858283996582,8.505967140197754,7.1651930809021,5.9155731201171875,5.859945774078369,12.684989929199219,22.410234451293945,26.81631088256836,22.591611862182617,21.355459213256836,24.888080596923828,28.295700073242188,31.361801147460938,32.15436935424805,32.29127883911133,34.24570846557617,36.67071533203125,39.319862365722656,37.42640686035156,35.91379928588867,34.887821197509766,29.660667419433594,28.519380569458008,28.5614070892334,27.441112518310547,28.66332244873047,34.25850296020508,41.52073287963867,45.57295227050781,44.53400802612305,39.57636260986328,34.10904312133789,33.126590728759766,36.21442413330078,40.041751861572266,40.54365921020508
-4.132694721221924,-0.46320927143096924,2.2925357818603516,2.7528398036956787,2.7804222106933594,4.18967342376709,5.4626336097717285,5.341625690460205,5.224127292633057,3.560340166091919,4.16986083984375,5.841775894165039,7.005250930786133,15.783875465393066,26.831480026245117,35.82246780395508,39.428401947021484,39.01132583618164,37.56514358520508,40.20115661621094,45.151248931884766,45.70296096801758,44.32587432861328,44.1639289855957,43.44709014892578,40.55918502807617,37.41771697998047,36.287418365478516,38.40336608886719,42.08146286010742,43.57646179199219,42.455833435058594,40.26425552368164,37.23259353637695,37.56796646118164,41.5313720703125,42.87112808227539,36.52479934692383,31.454776763916016,32.93526840209961,37.424068450927734,41.25545883178711,43.6769905090332,42.61502456665039
-1.321213960647583,1.4016642570495605,3.0111782550811768,3.3862240314483643,1.676666021347046,1.5273493528366089,3.0096380710601807,1.7436707019805908,0.6808033585548401,1.3578259944915771,9.709247589111328,16.700044631958008,17.52748680114746,21.5865535736084,28.552385330200195,35.917442321777344,43.9149284362793,45.39957046508789,42.96280288696289,43.922847747802734,45.82343292236328,44.199058532714844,42.42997741699219,41.239620208740234,38.33282470703125,37.60781478881836,39.613948822021484,41.729339599609375,45.53376007080078,49.13216781616211,48.871498107910156,46.339664459228516,42.52078628540039,39.57063674926758,38.95335388183594,39.476322174072266,40.22404098510742,40.57209014892578,41.05095291137695,42.76132583618164,44.48223876953125,45.027809143066406,43.954490661621094,40.870750427246094
-1.0330967903137207,0.5195583701133728,2.845630168914795,4.313190460205078,2.1901235580444336,0.41112861037254333,2.6179165840148926,0.7589399218559265,1.0082167387008667,4.378374099731445,12.226754188537598,20.349510192871094,26.053668975830078,31.027006149291992,35.1163444519043,38.2217903137207,43.90098190307617,48.27050018310547,44.697776794433594,42.08086395263672,41.66322326660156,40.424591064453125,38.828033447265625,37.920021057128906,37.87984085083008,38.01297378540039,39.02479934692383,40.992645263671875,42.91493225097656,43.94063186645508,44.78384780883789,44.93868637084961,42.874507904052734,40.3697509765625,38.985660552978516,38.75746154785156,40.51289749145508,42.76289749145508,43.39589309692383,43.10757827758789,41.920631408691406,40.560569763183594,38.51382827758789,36.489906311035156
-0.5024700164794922,2.812983512878418,6.926947593688965,6.082056522369385,3.410118818283081,2.0016231536865234,2.24666428565979,2.0498101711273193,4.685582637786865,8.473896026611328,12.337206840515137,17.434715270996094,26.181093215942383,34.5914421081543,39.32148361206055,41.204925537109375,43.984039306640625,45.65277099609375,41.56426239013672,37.10700607299805,36.33327865600586,36.98695755004883,36.67827606201172,35.842769622802734,36.34090042114258,36.980995178222656,37.63798141479492,39.47815704345703,40.58879470825195,41.30564880371094,43.017791748046875,43.64793014526367,41.11332321166992,37.9547233581543,36.02274703979492,35.646697998046875,36.155731201171875,36.14820861816406,34.05080795288086,33.039669036865234,34.81396484375,37.33793258666992,39.36783981323242,36.551025390625
3.971534490585327,5.563689708709717,7.149594783782959,6.234617233276367,4.220287799835205,0.462137907743454,-0.6590025424957275,7.578856945037842,15.216524124145508,16.820762634277344,15.198710441589355,15.56953239440918,24.8408203125,35.00008010864258,41.33662796020508,42.179893493652344,39.77812194824219,36.52584457397461,33.191646575927734,32.227027893066406,35.510929107666016,39.38145446777344,40.60387420654297,40.4923095703125,40.4208869934082,40.102142333984375,39.86647415161133,40.387596130371094,40.74569320678711,40.256107330322266,39.49285888671875,38.114131927490234,35.16843032836914,34.04312515258789,35.227630615234375,35.457157135009766,35.09271240234375,34.41887283325195,32.68686294555664,32.54494857788086,35.271400451660156,36.94191360473633,38.38386154174805,40.105037689208984
5.451751232147217,5.9817705154418945,6.265670299530029,4.990865707397461,1.8973151445388794,0.970537006855011,9.003074645996094,23.076005935668945,30.50815200805664,30.14299201965332,24.422216415405273,23.997739791870117,30.694210052490234,37.45217514038086,40.168540954589844,37.48395538330078,32.43805694580078,28.74268341064453,28.2174072265625,31.53839683532715,37.429691314697266,41.388240814208984,42.41426467895508,42.285369873046875,41.1100959777832,40.43288803100586,40.08476257324219,38.47547149658203,35.980308532714844,34.46694564819336,34.09791564941406,34.04380416870117,33.59098434448242,33.91692352294922,35.67089080810547,35.98630905151367,34.89642333984375,33.42516326904297,32.801631927490234,33.375732421875,34.280784606933594,34.250282287597656,33.755001068115234,33.3393440246582
