data/wind_data/wind_36_3.json
{"header": {"parameterUnit": "KT", "parameterCategory": 2, "nx": 256, "ny": 198, "lo1": 44.73521041870117, "la1": -3.236724853515625, "lo2": 111.26478576660156, "la2": 43.468475341796875, "dx": 0.2609002888202667, "dy": -0.23708222806453705, "refTime": "2025-02-20 12:00:00", "forecastTime": 0, "parameterNumber": 2, "parameterNumberName": "eastward_wind"}, "data":
[rows 57 to 75 of 198, columns 44 to 87 of 256]
-11.392218589782715,-11.852313041687012,-12.591399192810059,-13.288187980651855,-13.897842407226562,-14.463878631591797,-14.924565315246582,-15.39262866973877,-15.712455749511719,-15.804854393005371,-15.978882789611816,-16.208171844482422,-16.553892135620117,-16.84986114501953,-16.880708694458008,-16.91092300415039,-17.237346649169922,-17.94754409790039,-18.78520965576172,-19.466840744018555,-19.776432037353516,-19.75609016418457,-19.571063995361328,-19.54649543762207,-19.468643188476562,-19.181907653808594,-18.630361557006836,-18.402616500854492,-18.407089233398438,-18.323898315429688,-17.91298484802246,-17.458833694458008,-17.15523338317871,-17.083332061767578,-17.22543716430664,-17.325729370117188,-17.12809944152832,-16.701457977294922,-16.120702743530273,-15.343167304992676,-14.573484420776367,-13.99123477935791,-13.907161712646484,-14.332759857177734
-11.55805492401123,-11.973748207092285,-12.63776969909668,-13.332098007202148,-13.82371997833252,-14.206486701965332,-14.630938529968262,-15.195613861083984,-15.615382194519043,-15.74497127532959,-15.738846778869629,-15.84289836883545,-16.236736297607422,-16.74127197265625,-17.083179473876953,-17.21479606628418,-17.265316009521484,-17.38435935974121,-17.71082305908203,-18.334688186645508,-19.051395416259766,-19.40456771850586,-19.36825180053711,-19.179975509643555,-18.977611541748047,-18.512351989746094,-18.008745193481445,-17.775650024414062,-17.78765106201172,-17.634267807006836,-17.1676025390625,-16.526275634765625,-16.254196166992188,-16.206960678100586,-16.266511917114258,-16.316932678222656,-16.135574340820312,-15.713264465332031,-15.187326431274414,-14.804059028625488,-14.476163864135742,-14.243776321411133,-14.18804931640625,-14.278072357177734
-11.691081047058105,-12.038276672363281,-12.486593246459961,-12.983192443847656,-13.37460708618164,-13.676862716674805,-14.10753345489502,-14.661872863769531,-15.15727710723877,-15.384450912475586,-15.46725082397461,-15.588298797607422,-16.004274368286133,-16.616748809814453,-16.999990463256836,-17.229047775268555,-17.466684341430664,-17.688350677490234,-17.74236297607422,-17.799585342407227,-18.069887161254883,-18.567598342895508,-18.98422622680664,-18.915924072265625,-18.492883682250977,-18.025955200195312,-17.715740203857422,-17.44942283630371,-17.238801956176758,-16.875347137451172,-16.351303100585938,-15.943360328674316,-15.644065856933594,-15.413907051086426,-15.181437492370605,-15.25290298461914,-15.079239845275879,-14.718094825744629,-14.38022518157959,-14.243889808654785,-14.149853706359863,-13.918442726135254,-13.648420333862305,-13.434247016906738
-11.708176612854004,-12.027603149414062,-12.271907806396484,-12.459269523620605,-12.799741744995117,-13.11962890625,-13.478523254394531,-14.014106750488281,-14.445063591003418,-14.761390686035156,-14.950349807739258,-15.257894515991211,-15.817391395568848,-16.391090393066406,-16.76961326599121,-17.002086639404297,-17.27024269104004,-17.606943130493164,-17.809335708618164,-17.779626846313477,-17.775562286376953,-18.083187103271484,-18.5118465423584,-18.621299743652344,-18.334110260009766,-18.03335952758789,-17.758073806762695,-17.414541244506836,-16.941078186035156,-16.405242919921875,-16.05450439453125,-15.913290023803711,-15.507856369018555,-14.978157043457031,-14.473742485046387,-14.211960792541504,-13.913482666015625,-13.474990844726562,-13.260140419006348,-13.206320762634277,-13.191373825073242,-12.99802017211914,-12.674864768981934,-12.279897689819336
-11.443866729736328,-11.80552864074707,-11.98283863067627,-12.084166526794434,-12.359192848205566,-12.771623611450195,-13.080706596374512,-13.407333374023438,-13.75573444366455,-14.01254653930664,-14.229635238647461,-14.621028900146484,-15.158587455749512,-15.820778846740723,-16.329233169555664,-16.65474510192871,-16.820873260498047,-17.00502586364746,-17.24242401123047,-17.399492263793945,-17.341367721557617,-17.372217178344727,-17.585153579711914,-17.982385635375977,-17.854534149169922,-17.60787582397461,-17.23335075378418,-17.03892707824707,-16.654481887817383,-16.252002716064453,-15.830273628234863,-15.540221214294434,-15.21321964263916,-14.70602798461914,-14.18189525604248,-13.640082359313965,-13.081727981567383,-12.618133544921875,-12.264071464538574,-12.021370887756348,-11.832630157470703,-11.652787208557129,-11.357664108276367,-10.97675609588623
-10.904269218444824,-11.321969032287598,-11.577794075012207,-11.741768836975098,-12.00331974029541,-12.372367858886719,-12.813152313232422,-13.21711540222168,-13.460960388183594,-13.596831321716309,-13.729969024658203,-13.946493148803711,-14.249242782592773,-14.744123458862305,-15.332806587219238,-15.830859184265137,-16.13817024230957,-16.26385498046875,-16.302635192871094,-16.351537704467773,-16.490718841552734,-16.619165420532227,-16.80724334716797,-17.02555274963379,-16.99193000793457,-16.815113067626953,-16.4993839263916,-16.26692008972168,-16.214841842651367,-15.959161758422852,-15.547555923461914,-15.049354553222656,-14.70443344116211,-14.186429977416992,-13.664889335632324,-13.207085609436035,-12.734441757202148,-12.22825813293457,-11.681326866149902,-11.144820213317871,-10.728616714477539,-10.425599098205566,-10.162802696228027,-9.768434524536133
-10.369525909423828,-10.648848533630371,-10.93554973602295,-11.274824142456055,-11.58889102935791,-11.961679458618164,-12.409783363342285,-12.858607292175293,-13.167689323425293,-13.343426704406738,-13.457867622375488,-13.592052459716797,-13.743785858154297,-13.970564842224121,-14.309311866760254,-14.71280574798584,-15.06808090209961,-15.274648666381836,-15.330987930297852,-15.290078163146973,-15.400411605834961,-15.663070678710938,-15.877769470214844,-16.024658203125,-16.111440658569336,-16.19264793395996,-16.059093475341797,-15.749537467956543,-15.52407169342041,-15.400964736938477,-15.147439002990723,-14.641877174377441,-14.08962631225586,-13.53446102142334,-12.980151176452637,-12.508920669555664,-12.189351081848145,-11.750959396362305,-11.094606399536133,-10.433396339416504,-9.93700122833252,-9.6211519241333,-9.303213119506836,-8.894587516784668
-10.167380332946777,-10.196609497070312,-10.366536140441895,-10.69247055053711,-11.029987335205078,-11.413766860961914,-11.82229232788086,-12.328681945800781,-12.676712989807129,-12.895039558410645,-13.044589042663574,-13.118448257446289,-13.203177452087402,-13.387090682983398,-13.675792694091797,-13.958385467529297,-14.108890533447266,-14.14517879486084,-14.181148529052734,-14.218893051147461,-14.28123950958252,-14.424595832824707,-14.717130661010742,-15.093709945678711,-15.374076843261719,-15.457648277282715,-15.269052505493164,-15.097718238830566,-14.908109664916992,-14.667283058166504,-14.31989860534668,-13.925494194030762,-13.527792930603027,-13.08289909362793,-12.4171142578125,-11.809563636779785,-11.258535385131836,-10.775803565979004,-10.327730178833008,-9.798689842224121,-9.382863998413086,-8.94612979888916,-8.552033424377441,-8.131617546081543
-10.126928329467773,-10.065299987792969,-9.99064826965332,-10.190154075622559,-10.517120361328125,-10.812167167663574,-11.1516752243042,-11.53380012512207,-11.867332458496094,-12.104512214660645,-12.255775451660156,-12.379863739013672,-12.578272819519043,-12.897125244140625,-13.165275573730469,-13.21523380279541,-13.068400382995605,-12.982447624206543,-13.046339988708496,-13.112860679626465,-13.108011245727539,-13.170032501220703,-13.507770538330078,-13.995495796203613,-14.328630447387695,-14.409642219543457,-14.366606712341309,-14.304277420043945,-14.13325309753418,-13.827381134033203,-13.426775932312012,-12.968655586242676,-12.605681419372559,-12.246770858764648,-11.841714859008789,-11.293465614318848,-10.699987411499023,-10.087496757507324,-9.445283889770508,-9.01054573059082,-8.670417785644531,-8.278341293334961,-7.781197547912598,-7.264673709869385
-9.745523452758789,-9.74574089050293,-9.599969863891602,-9.705411911010742,-9.986902236938477,-10.235309600830078,-10.44009780883789,-10.707149505615234,-10.969019889831543,-11.119447708129883,-11.302038192749023,-11.478198051452637,-11.787407875061035,-12.191953659057617,-12.440232276916504,-12.429880142211914,-12.284188270568848,-12.195051193237305,-12.176907539367676,-12.146778106689453,-12.155950546264648,-12.290837287902832,-12.55045223236084,-12.8463134765625,-13.1327543258667,-13.359870910644531,-13.475746154785156,-13.458569526672363,-13.224757194519043,-12.740819931030273,-12.195100784301758,-11.847641944885254,-11.644776344299316,-11.36915397644043,-11.045077323913574,-10.65713882446289,-10.034174919128418,-9.289213180541992,-8.624399185180664,-8.158904075622559,-7.8610405921936035,-7.517848014831543,-7.08615255355835,-6.591048240661621
-9.01828384399414,-9.13418197631836,-9.08581256866455,-9.129982948303223,-9.408916473388672,-9.711854934692383,-9.882708549499512,-10.01853084564209,-10.150074005126953,-10.173608779907227,-10.320345878601074,-10.496194839477539,-10.803506851196289,-11.22239875793457,-11.536133766174316,-11.622884750366211,-11.561349868774414,-11.504039764404297,-11.432530403137207,-11.373443603515625,-11.446772575378418,-11.673057556152344,-11.920125961303711,-12.10001277923584,-12.216524124145508,-12.309320449829102,-12.360612869262695,-12.296797752380371,-11.981950759887695,-11.430075645446777,-10.879518508911133,-10.575671195983887,-10.478615760803223,-10.338899612426758,-10.076740264892578,-9.754427909851074,-9.292967796325684,-8.657666206359863,-7.906955242156982,-7.298267364501953,-6.928514003753662,-6.672783374786377,-6.351434707641602,-5.928405284881592
-8.149079322814941,-8.302165031433105,-8.425191879272461,-8.522900581359863,-8.7316312789917,-9.101487159729004,-9.360574722290039,-9.515230178833008,-9.52432632446289,-9.439117431640625,-9.451356887817383,-9.574233055114746,-9.805800437927246,-10.129470825195312,-10.437820434570312,-10.630914688110352,-10.626954078674316,-10.576404571533203,-10.531503677368164,-10.5010347366333,-10.551995277404785,-10.710996627807617,-10.911654472351074,-11.096890449523926,-11.198478698730469,-11.165431022644043,-11.019515991210938,-10.7878999710083,-10.455803871154785,-10.03658390045166,-9.667780876159668,-9.457743644714355,-9.377315521240234,-9.22059154510498,-8.914702415466309,-8.61312198638916,-8.333867073059082,-7.929366588592529,-7.353378772735596,-6.741004467010498,-6.2054338455200195,-5.864525318145752,-5.655742168426514,-5.3700079917907715
-7.353976726531982,-7.436507701873779,-7.672679901123047,-7.979879379272461,-8.19961166381836,-8.417692184448242,-8.649175643920898,-8.815013885498047,-8.866511344909668,-8.891690254211426,-8.844810485839844,-8.761544227600098,-8.922381401062012,-9.109158515930176,-9.306410789489746,-9.42783260345459,-9.494192123413086,-9.5526123046875,-9.574398040771484,-9.56619930267334,-9.580477714538574,-9.659605026245117,-9.770272254943848,-9.882567405700684,-9.940171241760254,-9.866926193237305,-9.637794494628906,-9.295741081237793,-8.999309539794922,-8.834704399108887,-8.747363090515137,-8.620718002319336,-8.40701961517334,-8.148412704467773,-7.889278411865234,-7.643955707550049,-7.386632442474365,-7.083865642547607,-6.70179557800293,-6.206886291503906,-5.640255451202393,-5.263416767120361,-5.169917106628418,-4.972168445587158
-6.647815227508545,-6.723298072814941,-7.011200428009033,-7.40654182434082,-7.623172760009766,-7.692022323608398,-7.800684928894043,-7.945453643798828,-8.0979642868042,-8.253769874572754,-8.292463302612305,-8.128808975219727,-8.127360343933105,-8.177898406982422,-8.243062973022461,-8.307724952697754,-8.362164497375488,-8.451045989990234,-8.545952796936035,-8.626225471496582,-8.705649375915527,-8.771936416625977,-8.782724380493164,-8.69070816040039,-8.531002044677734,-8.38338565826416,-8.253793716430664,-8.068975448608398,-7.887179851531982,-7.881491661071777,-7.9814581871032715,-7.896808624267578,-7.565796375274658,-7.256622791290283,-7.039486885070801,-6.827822685241699,-6.568245887756348,-6.262550354003906,-5.9563188552856445,-5.59791898727417,-5.193015098571777,-4.880159854888916,-4.717062950134277,-4.429075717926025
-5.87515926361084,-5.979694366455078,-6.271139144897461,-6.66276741027832,-6.877122402191162,-6.976433753967285,-7.046172618865967,-7.105347156524658,-7.238420486450195,-7.435134410858154,-7.545210361480713,-7.471124172210693,-7.326616287231445,-7.206096649169922,-7.136170387268066,-7.253211975097656,-7.393795490264893,-7.443412780761719,-7.4885687828063965,-7.535792350769043,-7.616168022155762,-7.673919677734375,-7.678335189819336,-7.514190673828125,-7.150294780731201,-6.8004865646362305,-6.609686851501465,-6.578886032104492,-6.6381754875183105,-6.784335613250732,-6.939988613128662,-6.972472190856934,-6.7891106605529785,-6.546101093292236,-6.2858123779296875,-5.9825286865234375,-5.642320156097412,-5.370785713195801,-5.142611980438232,-4.866317272186279,-4.6063232421875,-4.388864517211914,-4.146848678588867,-3.8218183517456055
-4.98796272277832,-5.120433807373047,-5.361343860626221,-5.655611991882324,-5.969274044036865,-6.218619346618652,-6.331161975860596,-6.366189956665039,-6.495852470397949,-6.666834354400635,-6.755829334259033,-6.669510364532471,-6.457939147949219,-6.255210876464844,-6.149504661560059,-6.2018351554870605,-6.325781345367432,-6.3813676834106445,-6.4369072914123535,-6.448764801025391,-6.478204727172852,-6.438567161560059,-6.352845191955566,-6.155337810516357,-5.84331750869751,-5.5213470458984375,-5.2726311683654785,-5.179807186126709,-5.294551849365234,-5.575405120849609,-5.831597805023193,-5.924744606018066,-5.88366174697876,-5.792495250701904,-5.600480556488037,-5.241940021514893,-4.84269905090332,-4.523562908172607,-4.309960842132568,-4.133543968200684,-3.954310894012451,-3.7974162101745605,-3.6392695903778076,-3.4186437129974365
-4.050228118896484,-4.197955131530762,-4.328575134277344,-4.479038715362549,-4.7914276123046875,-5.189571857452393,-5.467391490936279,-5.637172222137451,-5.7769904136657715,-5.8710174560546875,-5.816837310791016,-5.644174575805664,-5.4449543952941895,-5.301148891448975,-5.250847816467285,-5.281510353088379,-5.374568462371826,-5.421740531921387,-5.4204583168029785,-5.402211666107178,-5.369781970977783,-5.239758014678955,-5.13492488861084,-4.9188971519470215,-4.62717342376709,-4.347604274749756,-4.213395118713379,-4.271032810211182,-4.458155155181885,-4.7024149894714355,-4.930639743804932,-5.097192287445068,-5.211080074310303,-5.2714667320251465,-5.184764385223389,-4.883543491363525,-4.461506366729736,-4.092562198638916,-3.806339740753174,-3.5943689346313477,-3.4744977951049805,-3.4650394916534424,-3.457141160964966,-3.374711513519287
-3.141026735305786,-3.2498819828033447,-3.2794408798217773,-3.3130319118499756,-3.517754554748535,-3.903376579284668,-4.305963039398193,-4.622093677520752,-4.799019813537598,-4.789124965667725,-4.598753452301025,-4.365841388702393,-4.200144290924072,-4.162314414978027,-4.23335075378418,-4.348823070526123,-4.450989723205566,-4.472192764282227,-4.429630756378174,-4.3296356201171875,-4.178787708282471,-4.037798881530762,-3.926913261413574,-3.744936227798462,-3.5484938621520996,-3.4643046855926514,-3.5528299808502197,-3.7511396408081055,-3.9714462757110596,-4.1922383308410645,-4.44271993637085,-4.731747627258301,-4.992958068847656,-5.118519306182861,-5.064930438995361,-4.857989311218262,-4.536099910736084,-4.1694207191467285,-3.8434598445892334,-3.600863218307495,-3.4893901348114014,-3.5234224796295166,-3.5976579189300537,-3.59981107711792
-2.3068442344665527,-2.362396717071533,-2.309483528137207,-2.220402240753174,-2.2856645584106445,-2.5980114936828613,-2.995046377182007,-3.3398592472076416,-3.5288710594177246,-3.458547592163086,-3.213103771209717,-2.9616527557373047,-2.8383798599243164,-2.880272388458252,-3.0486977100372314,-3.2338476181030273,-3.3248660564422607,-3.299168348312378,-3.197453498840332,-3.0505902767181396,-2.8986637592315674,-2.797865629196167,-2.7243690490722656,-2.6468379497528076,-2.6442623138427734,-2.8155531883239746,-3.124126434326172,-3.4728176593780518,-3.80399751663208,-4.1260247230529785,-4.471101760864258,-4.830925464630127,-5.1281561851501465,-5.298855781555176,-5.327564239501953,-5.215070724487305,-4.970515727996826,-4.6294779777526855,-4.265446186065674,-3.972092390060425,-3.822214126586914,-3.802899122238159,-3.8414106369018555,-3.881298780441284
