data/wind_data/wind_20_6.json
{"header": {"parameterUnit": "KT", "parameterCategory": 2, "nx": 256, "ny": 198, "lo1": 44.73521041870117, "la1": -3.236724853515625, "lo2": 111.26478576660156, "la2": 43.468475341796875, "dx": 0.2609002888202667, "dy": -0.23708222806453705, "refTime": "2025-02-19 20:00:00", "forecastTime": 0, "parameterNumber": 2, "parameterNumberName": "eastward_wind"}, "data":
[rows 80 to 99 of 198, columns 180 to 224 of 256]
55.651519775390625,55.739749908447266,55.791969299316406,55.93892288208008,56.29441452026367,56.81684112548828,57.29462432861328,57.523834228515625,57.46611404418945,57.24589157104492,57.065704345703125,56.99401092529297,56.97775650024414,57.14072799682617,57.39951705932617,57.578617095947266,57.735687255859375,57.83183670043945,57.88795852661133,57.88150405883789,58.00477981567383,58.42314529418945,58.759117126464844,58.344512939453125,57.451934814453125,56.587562561035156,56.02589416503906,55.749107360839844,55.465599060058594,55.1234245300293,54.588191986083984,54.134891510009766,53.46597671508789,52.71327590942383,52.15802764892578,51.663639068603516,51.39827346801758,51.2302360534668,50.980159759521484,50.63875198364258,50.20028305053711,49.37924575805664,48.09975814819336,46.711509704589844,45.514923095703125
57.646461486816406,57.84928894042969,57.99323654174805,58.18739700317383,58.53794860839844,59.02392578125,59.44807434082031,59.67363357543945,59.73930358886719,59.6318473815918,59.475032806396484,59.30160903930664,59.130672454833984,59.26801681518555,59.551048278808594,59.59563064575195,59.55936813354492,59.65761947631836,59.933815002441406,60.13271713256836,60.13481903076172,60.27811050415039,60.68179702758789,60.590049743652344,59.773311614990234,58.62765121459961,57.72605895996094,57.44131088256836,57.34294509887695,57.12287902832031,56.70566940307617,56.245243072509766,55.58908462524414,54.94497299194336,54.09832763671875,53.298248291015625,52.703392028808594,52.59397506713867,52.715816497802734,52.56077194213867,51.983543395996094,51.155025482177734,50.16263198852539,48.89906311035156,47.5067138671875
59.67294692993164,59.94941711425781,60.19306945800781,60.47664260864258,60.82765579223633,61.16659164428711,61.36894226074219,61.42646408081055,61.452735900878906,61.47674560546875,61.481075286865234,61.28864288330078,61.05440902709961,61.29100799560547,61.689659118652344,61.60895919799805,61.33163070678711,61.313331604003906,61.56743240356445,61.920528411865234,62.025691986083984,62.02726745605469,62.37299346923828,62.517601013183594,61.806095123291016,60.75300598144531,59.87004089355469,59.39456558227539,59.373390197753906,59.53533935546875,59.268394470214844,58.49064254760742,57.44407653808594,56.885498046875,55.891109466552734,54.7694091796875,54.2238883972168,54.17359161376953,54.19601058959961,54.0247802734375,53.55983352661133,52.9294319152832,52.149784088134766,51.04110336303711,49.65386962890625
61.847599029541016,62.12174987792969,62.42085647583008,62.748992919921875,63.05073928833008,63.22271728515625,63.19001770019531,63.035831451416016,62.932533264160156,62.96022033691406,63.117088317871094,63.023109436035156,62.91718292236328,63.42737579345703,63.756431579589844,63.413570404052734,63.13045883178711,63.17046356201172,63.41547393798828,63.63050079345703,63.651485443115234,63.559478759765625,63.828433990478516,64.10711669921875,63.738529205322266,62.97309494018555,62.38694763183594,61.862632751464844,61.40078353881836,61.65765380859375,61.70357894897461,60.72404861450195,59.31792068481445,58.3680419921875,57.465972900390625,56.546348571777344,56.106834411621094,55.990478515625,55.75651931762695,55.32035446166992,54.930381774902344,54.59510803222656,54.01072311401367,53.08222961425781,51.9654426574707
63.959251403808594,64.10398864746094,64.30094146728516,64.54762268066406,64.79889678955078,64.95305633544922,64.89611053466797,64.66539764404297,64.4649658203125,64.41449737548828,64.53575897216797,64.58625030517578,64.7947998046875,65.45307922363281,65.64028930664062,65.14550018310547,64.9143295288086,65.08780670166016,65.35819244384766,65.50061798095703,65.32266235351562,65.03096771240234,65.19406127929688,65.5091323852539,65.40971374511719,65.03060150146484,64.65188598632812,63.930511474609375,63.34650802612305,63.249366760253906,63.17770767211914,62.5680046081543,61.69901657104492,60.43140411376953,59.00779342651367,58.05609130859375,57.53528594970703,57.31903076171875,57.007179260253906,56.507850646972656,56.32682418823242,56.400779724121094,56.03154373168945,55.15426254272461,54.18870162963867
65.84680938720703,65.80735778808594,65.81912231445312,65.94186401367188,66.17833709716797,66.42761993408203,66.53131103515625,66.43789672851562,66.27245330810547,66.19892120361328,66.24221801757812,66.29751586914062,66.59268951416016,67.1351318359375,67.29578399658203,66.88522338867188,66.6291275024414,66.8424301147461,67.1634750366211,67.1889419555664,66.82003784179688,66.3366928100586,66.51349639892578,66.79923248291016,66.71051788330078,66.39269256591797,66.2990493774414,65.84072875976562,65.27055358886719,64.72893524169922,64.53204345703125,64.05863952636719,63.90568542480469,62.6685905456543,60.928653717041016,59.793060302734375,59.28299331665039,59.1144905090332,59.05585861206055,58.488487243652344,58.00151062011719,57.86175537109375,57.53670120239258,56.82467269897461,56.089900970458984
67.56177520751953,67.43013763427734,67.33480834960938,67.42945861816406,67.71788787841797,68.05228424072266,68.29296112060547,68.39013671875,68.3620834350586,68.35224914550781,68.44227600097656,68.49907684326172,68.62435150146484,68.80650329589844,68.84398651123047,68.51819610595703,68.25639343261719,68.50255584716797,68.83155059814453,68.62574005126953,68.01736450195312,67.51754760742188,67.63565063476562,68.009765625,67.99142456054688,67.65458679199219,67.48628997802734,67.54196166992188,67.3509750366211,66.65132904052734,66.116943359375,65.71900939941406,66.24855041503906,65.33024597167969,63.11728286743164,61.47644805908203,60.747657775878906,60.453826904296875,60.53419494628906,60.20488739013672,59.735572814941406,59.40570068359375,58.95269775390625,58.3572998046875,57.98277282714844
69.40869903564453,69.26397705078125,69.16181945800781,69.31562042236328,69.67013549804688,70.01202392578125,70.23326110839844,70.3409423828125,70.35040283203125,70.43785858154297,70.6865005493164,70.88780975341797,70.89004516601562,70.7104721069336,70.46511840820312,70.10392761230469,69.86662292480469,70.16490173339844,70.54753875732422,70.35957336425781,69.48645782470703,68.80364990234375,68.82067108154297,69.32852172851562,69.506103515625,69.23788452148438,68.81671905517578,69.01272583007812,69.20430755615234,68.76136016845703,68.20435333251953,67.61775207519531,68.0120620727539,67.25935363769531,65.27703857421875,63.86640548706055,62.87654113769531,62.07463073730469,62.22700119018555,62.08835983276367,61.48019027709961,60.8967170715332,60.417179107666016,60.150611877441406,60.07846450805664
71.52322387695312,71.33709716796875,71.25967407226562,71.45521545410156,71.80799865722656,72.13558197021484,72.30381774902344,72.28897857666016,72.1630859375,72.18269348144531,72.4979248046875,72.87382507324219,72.8831787109375,72.49351501464844,72.01461791992188,71.58424377441406,71.38127136230469,71.6926498413086,72.16531372070312,72.19973754882812,71.3792495727539,70.39094543457031,70.2056655883789,70.73126220703125,71.04781341552734,70.91458129882812,70.43086242675781,70.32760620117188,70.59527587890625,70.3047103881836,70.0184326171875,69.72249603271484,69.45658111572266,69.29180145263672,67.47447967529297,66.36713409423828,65.6932601928711,64.77376556396484,64.75996398925781,64.45996856689453,63.50149154663086,62.810123443603516,62.65006637573242,62.66456985473633,62.44508361816406
73.80646514892578,73.57067108154297,73.5361557006836,73.69524383544922,73.90277862548828,74.0917739868164,74.15673065185547,74.0042724609375,73.76087188720703,73.69827270507812,73.98023986816406,74.29032897949219,74.19146728515625,73.76649475097656,73.23741149902344,72.73282623291016,72.58794403076172,72.92411041259766,73.39885711669922,73.56332397460938,72.95915985107422,72.09660339355469,71.95008087158203,72.29447937011719,72.42321014404297,72.30241394042969,71.96400451660156,71.63983917236328,71.68616485595703,71.590087890625,71.47882843017578,71.65528106689453,71.6911849975586,70.80693054199219,69.03250122070312,68.2809829711914,68.16868591308594,67.59649658203125,66.70348358154297,66.1551742553711,65.59635925292969,65.14390563964844,64.98107147216797,64.92668151855469,64.66374969482422
75.94116973876953,75.67020416259766,75.69581604003906,75.81504821777344,75.84071350097656,75.77841186523438,75.62320709228516,75.32255554199219,75.04264831542969,74.99681091308594,75.12094116210938,75.10885620117188,74.89466094970703,74.59614562988281,74.178955078125,73.70655059814453,73.63582611083984,74.01033782958984,74.38399505615234,74.41558074951172,73.88961029052734,73.30457305908203,73.36618041992188,73.73229217529297,73.77314758300781,73.39094543457031,72.95572662353516,72.52943420410156,72.54251861572266,72.76081085205078,72.78370666503906,72.7323989868164,73.08153533935547,72.53404998779297,71.51046752929688,70.12398529052734,69.2150650024414,68.79305267333984,67.97022247314453,67.06536102294922,66.62926483154297,66.41276550292969,66.27972412109375,66.40882873535156,66.55245971679688
77.82005310058594,77.49441528320312,77.54827117919922,77.66437530517578,77.54537200927734,77.2491455078125,76.87410736083984,76.448974609375,76.19620513916016,76.16822052001953,76.07017517089844,75.82875061035156,75.57283020019531,75.24961853027344,74.84142303466797,74.43952941894531,74.45052337646484,74.88123321533203,75.17373657226562,75.00640106201172,74.38678741455078,73.6800765991211,73.57168579101562,74.10803985595703,74.49641418457031,74.2673110961914,73.68142700195312,72.98136138916016,72.88282012939453,73.3626708984375,73.74651336669922,73.56098175048828,73.97653198242188,73.94322967529297,74.15083312988281,72.92252349853516,71.29885864257812,70.15215301513672,69.48507690429688,68.65863800048828,67.90025329589844,67.28959655761719,66.938232421875,67.24996948242188,67.81694793701172
79.33232879638672,78.98007202148438,79.05859375,79.21648406982422,79.0251693725586,78.61216735839844,78.16130828857422,77.73088836669922,77.47711181640625,77.26258087158203,76.94552612304688,76.7129898071289,76.4737319946289,76.05370330810547,75.54640197753906,75.10086822509766,75.00434112548828,75.25091552734375,75.24592590332031,74.80228424072266,74.20504760742188,73.48676300048828,73.02542114257812,73.26463317871094,73.74668884277344,73.90422058105469,73.54276275634766,72.78439331054688,72.38166809082031,72.95265197753906,73.84024047851562,73.92967224121094,74.44632720947266,74.98851776123047,75.82499694824219,75.10489654541016,73.17919921875,71.6248779296875,70.77665710449219,70.36286163330078,69.54757690429688,68.5618667602539,68.21510314941406,68.58819580078125,69.23805236816406
80.54289245605469,80.1371078491211,80.18272399902344,80.40693664550781,80.21595764160156,79.72891235351562,79.2926254272461,78.8907470703125,78.6027603149414,78.33028411865234,77.9072036743164,77.50662231445312,77.05143737792969,76.4798812866211,75.8913803100586,75.29663848876953,74.9248046875,74.9278793334961,74.69024658203125,74.10730743408203,73.74470520019531,73.36815643310547,72.85415649414062,72.68756103515625,72.90151977539062,73.14134979248047,73.13817596435547,72.75712585449219,72.21764373779297,72.4217300415039,73.28302764892578,73.79169464111328,74.23494720458984,75.34333038330078,76.62501525878906,76.54854583740234,75.0274429321289,73.06182861328125,72.03486633300781,72.14788818359375,71.62921142578125,70.23711395263672,69.47218322753906,69.85907745361328,70.631591796875
81.44096374511719,80.90560913085938,80.82218933105469,81.05592346191406,80.95831298828125,80.4753646850586,80.02046203613281,79.56649017333984,79.22419738769531,79.07449340820312,78.60853576660156,77.82804870605469,76.95703887939453,76.16607666015625,75.427734375,74.62483978271484,74.09303283691406,74.12877655029297,74.03663635253906,73.53373718261719,73.41883850097656,73.46856689453125,73.17848205566406,72.88340759277344,72.81500244140625,72.90487670898438,73.08260345458984,73.06427764892578,72.59518432617188,72.23185729980469,72.64924621582031,73.2557373046875,73.51866912841797,74.34894561767578,75.79872131347656,76.56863403320312,75.98483276367188,74.40425109863281,73.95074462890625,74.3069076538086,74.0279312133789,72.58030700683594,71.20706176757812,71.1222915649414,71.59457397460938
81.75806427001953,81.05828857421875,80.81737518310547,81.04818725585938,81.14726257324219,80.88195037841797,80.52687072753906,79.99794006347656,79.45650482177734,79.01993560791016,78.3396987915039,77.48698425292969,76.47980499267578,75.51533508300781,74.65017700195312,73.72795104980469,73.18763732910156,73.3255386352539,73.43900299072266,73.04530334472656,73.03669738769531,73.34626770019531,73.325927734375,73.1376953125,72.91655731201172,72.8692626953125,73.1243667602539,73.25016021728516,72.88232421875,72.3299331665039,72.39443969726562,72.82611846923828,72.83566284179688,72.85726928710938,73.85407257080078,75.12712097167969,75.79670715332031,75.40254974365234,75.00132751464844,75.47355651855469,75.41145324707031,74.194091796875,73.06262969970703,72.77337646484375,72.48726654052734
81.55476379394531,80.74055480957031,80.36715698242188,80.57788848876953,80.8690185546875,80.96035766601562,80.88973236083984,80.17520141601562,78.98152160644531,78.16231536865234,77.50172424316406,76.68883514404297,75.63714599609375,74.71165466308594,74.0408935546875,73.230712890625,72.64151763916016,72.71244049072266,72.9402847290039,72.74075317382812,72.79116821289062,73.25869750976562,73.48448944091797,73.36067962646484,72.91668701171875,72.61186981201172,72.82205200195312,72.96876525878906,72.68932342529297,72.28414154052734,72.38570404052734,72.61051940917969,72.27235412597656,71.5794448852539,71.8841552734375,73.17850494384766,74.67766571044922,75.37110137939453,75.18453979492188,75.6907730102539,76.11431884765625,75.47190856933594,74.53262329101562,74.12872314453125,73.59991455078125
80.9759750366211,80.17498016357422,79.74958801269531,79.83711242675781,80.15714263916016,80.54906463623047,80.57920837402344,79.59590148925781,77.89888000488281,76.80606842041016,76.38007354736328,75.78649139404297,74.87198638916016,74.06458282470703,73.48970794677734,72.80069732666016,72.19873809814453,72.14781188964844,72.35958862304688,72.42451477050781,72.67353820800781,73.2784652709961,73.68405151367188,73.6197738647461,73.0975570678711,72.5158462524414,72.31275177001953,72.26961517333984,72.09490203857422,71.93829345703125,72.26431274414062,72.3960189819336,71.84569549560547,70.99524688720703,70.87384033203125,71.88160705566406,73.54651641845703,74.94837188720703,75.15514373779297,75.68704223632812,76.29135131835938,76.37663269042969,75.94197845458984,75.78113555908203,74.90142059326172
79.96917724609375,79.30223846435547,78.97258758544922,78.91275024414062,79.0689468383789,79.57589721679688,79.60323333740234,78.27985382080078,76.49610137939453,75.44107818603516,74.93771362304688,74.57438659667969,74.20703125,73.85545349121094,73.42857360839844,72.57691955566406,71.80255126953125,71.60474395751953,71.7073974609375,71.8331069946289,72.12025451660156,72.76996612548828,73.42816162109375,73.6888427734375,73.44097900390625,72.78125762939453,72.10174560546875,71.7357177734375,71.58641052246094,71.57146453857422,71.99039459228516,72.01058959960938,71.35904693603516,70.80699157714844,70.97488403320312,71.56428527832031,72.61129760742188,74.65586853027344,75.10186767578125,74.76970672607422,75.51319885253906,76.3579330444336,76.65564727783203,76.69584655761719,75.94003295898438
78.74117279052734,78.11587524414062,77.83042907714844,77.71810913085938,77.80874633789062,78.28318786621094,78.34516906738281,76.97148895263672,75.25161743164062,74.24686431884766,73.47564697265625,72.9637451171875,73.05158233642578,73.35600280761719,73.12529754638672,72.15534210205078,71.29918670654297,71.168701171875,71.32839965820312,71.31532287597656,71.37194061279297,71.89197540283203,72.75285339355469,73.43780517578125,73.52737426757812,72.87847137451172,71.94368743896484,71.35186767578125,71.10028076171875,71.10029602050781,71.48885345458984,71.45821380615234,70.8229751586914,70.88674926757812,71.41216278076172,71.63552856445312,71.90780639648438,72.95671844482422,74.09131622314453,74.22518920898438,74.62627410888672,75.39238739013672,76.23234558105469,76.66268920898438,76.76744079589844
