data/wind_data/wind_17_4.json
{"header": {"parameterUnit": "KT", "parameterCategory": 2, "nx": 256, "ny": 198, "lo1": 44.73521041870117, "la1": -3.236724853515625, "lo2": 111.26478576660156, "la2": 43.468475341796875, "dx": 0.2609002888202667, "dy": -0.23708222806453705, "refTime": "2025-02-19 17:00:00", "forecastTime": 0, "parameterNumber": 2, "parameterNumberName": "eastward_wind"}, "data":
[rows 95 to 113 of 198, columns 132 to 175 of 256]
28.614763259887695,27.6146183013916,27.64838409423828,28.07046890258789,27.955631256103516,27.123348236083984,24.816692352294922,23.06766700744629,21.0870304107666,20.156282424926758,20.053312301635742,18.021793365478516,16.93248748779297,19.126192092895508,23.21000099182129,26.057575225830078,27.388473510742188,28.137996673583984,29.8836727142334,30.856775283813477,30.385652542114258,29.221410751342773,29.063621520996094,28.992019653320312,28.375274658203125,27.896377563476562,27.483177185058594,26.08456802368164,26.16405487060547,26.24873924255371,23.951709747314453,20.561521530151367,18.19302749633789,17.15867805480957,17.2552490234375,17.484113693237305,16.920841217041016,15.412028312683105,13.800973892211914,12.987282752990723,12.457870483398438,11.473250389099121,10.550803184509277,10.250088691711426
30.206153869628906,29.49530601501465,29.653167724609375,29.916723251342773,29.48520278930664,28.471927642822266,26.47492027282715,25.328487396240234,22.740962982177734,20.727455139160156,19.599899291992188,18.189496994018555,19.25821304321289,21.05710792541504,24.181774139404297,27.495954513549805,28.92137336730957,28.983741760253906,29.033632278442383,28.562114715576172,29.132774353027344,27.92770004272461,27.909934997558594,27.54467010498047,27.337038040161133,27.758663177490234,27.545503616333008,24.74957847595215,26.13240623474121,25.01412582397461,22.719484329223633,19.1383056640625,16.844993591308594,16.336484909057617,16.378047943115234,15.975278854370117,14.861367225646973,13.704469680786133,13.388805389404297,13.6060152053833,13.028836250305176,11.263715744018555,9.815529823303223,9.567737579345703
32.55257797241211,32.13867950439453,31.266942977905273,30.97755241394043,30.727432250976562,30.03986358642578,28.36467933654785,27.355785369873047,24.203453063964844,20.615514755249023,19.133344650268555,18.555349349975586,20.81682586669922,22.969776153564453,25.863250732421875,28.365468978881836,29.16583824157715,28.19083023071289,26.361238479614258,24.752622604370117,26.07891082763672,26.57805633544922,26.811214447021484,26.601350784301758,26.75469207763672,27.686952590942383,28.029033660888672,28.71539306640625,28.463642120361328,23.829952239990234,19.872047424316406,18.63113784790039,16.57242202758789,15.456975936889648,15.57418155670166,15.334355354309082,14.5039644241333,14.172739028930664,14.360978126525879,14.12778377532959,12.96518611907959,11.376770973205566,10.3991117477417,10.194561958312988
32.45145034790039,32.6854248046875,31.683263778686523,31.369342803955078,31.622392654418945,31.335363388061523,30.247119903564453,30.322433471679688,25.797019958496094,21.249895095825195,20.033485412597656,21.254074096679688,22.52640724182129,22.509361267089844,22.954965591430664,24.30735206604004,25.435338973999023,24.057008743286133,23.026023864746094,22.650096893310547,23.147205352783203,25.525901794433594,26.01305389404297,25.739402770996094,25.60100746154785,26.753210067749023,27.023984909057617,27.471920013427734,26.224496841430664,22.27159881591797,19.03908920288086,16.998777389526367,14.332780838012695,13.906192779541016,14.989572525024414,15.46148681640625,15.268891334533691,15.385107040405273,15.264745712280273,14.086413383483887,12.55757999420166,11.614083290100098,11.505500793457031,11.825053215026855
29.927459716796875,30.426654815673828,30.093494415283203,30.032306671142578,30.960233688354492,31.57340431213379,31.690786361694336,31.91762351989746,28.02303123474121,26.85582160949707,25.185096740722656,23.481578826904297,22.740848541259766,22.514095306396484,22.899410247802734,22.97234535217285,21.370275497436523,20.169218063354492,20.504331588745117,20.107961654663086,19.698270797729492,22.426788330078125,23.497556686401367,23.531124114990234,24.038379669189453,25.54867935180664,25.030229568481445,23.570903778076172,22.11751365661621,21.15508460998535,18.452274322509766,14.396203994750977,12.384730339050293,13.744075775146484,15.446005821228027,15.97317886352539,15.914114952087402,15.913078308105469,15.478572845458984,14.14245319366455,12.724817276000977,12.262859344482422,12.752634048461914,13.576016426086426
26.490646362304688,27.141014099121094,26.98511505126953,28.13534164428711,30.549083709716797,31.81023406982422,32.05166244506836,31.45294952392578,31.80099868774414,29.19780158996582,26.684825897216797,26.443172454833984,27.008243560791016,26.467437744140625,25.70349884033203,21.91339874267578,19.077510833740234,19.21932601928711,18.275239944458008,15.248632431030273,13.79699420928955,16.752321243286133,20.847959518432617,22.324417114257812,22.697507858276367,22.84482192993164,22.995075225830078,22.148778915405273,21.921722412109375,21.196630477905273,18.277019500732422,15.370440483093262,14.564071655273438,15.566790580749512,16.55189323425293,16.514095306396484,16.02813148498535,15.79877758026123,15.516765594482422,14.730066299438477,14.135104179382324,14.25177001953125,14.575531959533691,14.96010971069336
22.88968276977539,24.44967269897461,25.532508850097656,27.33327293395996,29.354400634765625,29.90302276611328,30.265413284301758,31.05708122253418,31.723834991455078,32.04480743408203,30.929492950439453,29.41364288330078,29.708980560302734,31.271766662597656,30.109621047973633,26.883869171142578,24.495180130004883,21.86270523071289,17.323209762573242,13.80941104888916,12.816370010375977,16.24785614013672,20.689647674560547,21.929298400878906,22.021621704101562,21.950044631958008,22.739498138427734,22.01909637451172,21.157703399658203,20.684999465942383,18.640470504760742,16.269418716430664,15.579374313354492,16.53466796875,17.554677963256836,17.214147567749023,16.328510284423828,15.915839195251465,16.128942489624023,16.307985305786133,16.172334671020508,16.086170196533203,15.846043586730957,15.424266815185547
20.955415725708008,22.66481590270996,24.197477340698242,26.389177322387695,28.35488510131836,28.941316604614258,29.392419815063477,30.72787094116211,31.69286346435547,32.51795959472656,33.313507080078125,30.365814208984375,28.831823348999023,30.585769653320312,31.32419204711914,31.61530303955078,30.971195220947266,28.873863220214844,25.496047973632812,21.96686363220215,18.140499114990234,18.689603805541992,20.213809967041016,21.578886032104492,22.604829788208008,22.900142669677734,22.670427322387695,22.817686080932617,22.411046981811523,21.90088653564453,20.72313117980957,17.66999626159668,15.46747875213623,16.530006408691406,17.39194679260254,16.911865234375,16.598155975341797,16.891399383544922,16.849285125732422,16.835189819335938,16.29340171813965,15.956262588500977,16.373647689819336,15.98935317993164
21.74178695678711,23.03447723388672,24.28326988220215,26.26882553100586,28.09189224243164,28.72527503967285,29.16642189025879,29.905542373657227,30.73900604248047,31.427236557006836,32.79465866088867,33.34465789794922,33.3870849609375,33.16086959838867,32.732730865478516,32.2105598449707,32.01647186279297,31.79254150390625,30.647207260131836,27.93467140197754,24.98171043395996,23.179367065429688,23.1923885345459,25.080732345581055,26.403865814208984,26.133913040161133,24.987197875976562,24.82623291015625,25.403148651123047,25.57893180847168,23.75952911376953,21.415199279785156,19.436050415039062,18.656007766723633,18.171567916870117,17.317455291748047,16.883277893066406,16.86176300048828,15.947602272033691,16.137332916259766,16.534021377563477,16.308902740478516,17.17717170715332,17.556203842163086
23.33980941772461,24.12183952331543,25.11850357055664,26.928176879882812,28.654582977294922,29.19999122619629,29.289690017700195,28.959815979003906,28.744815826416016,29.304513931274414,31.158777236938477,33.132850646972656,33.834869384765625,33.5570182800293,32.50589370727539,31.2010555267334,30.739648818969727,31.38065528869629,32.049224853515625,30.983192443847656,29.728580474853516,29.421037673950195,29.953359603881836,31.25179100036621,31.354482650756836,30.861007690429688,30.01156997680664,29.666501998901367,29.388519287109375,27.890125274658203,24.430089950561523,21.575849533081055,20.668100357055664,19.883689880371094,18.334680557250977,17.398181915283203,17.378253936767578,16.883148193359375,16.49114227294922,16.733413696289062,16.771060943603516,16.83538055419922,17.390546798706055,18.13256072998047
24.600919723510742,24.88640022277832,25.202890396118164,25.84284019470215,27.821117401123047,29.165998458862305,29.204313278198242,28.65037727355957,27.6909122467041,28.255184173583984,30.03770637512207,32.24848937988281,33.55514907836914,33.21771240234375,31.331098556518555,30.374786376953125,29.373170852661133,28.601364135742188,28.32064437866211,27.915687561035156,28.138877868652344,28.126813888549805,28.68466567993164,29.646209716796875,29.825637817382812,29.48897933959961,29.571945190429688,29.796703338623047,28.637418746948242,26.369033813476562,24.133464813232422,22.230260848999023,21.023298263549805,20.044429779052734,19.239334106445312,18.743988037109375,18.09068489074707,17.327314376831055,16.978845596313477,17.271467208862305,17.247875213623047,17.006877899169922,17.32346534729004,18.191715240478516
25.46467399597168,25.969837188720703,26.305646896362305,26.58501434326172,28.10523796081543,29.18416976928711,29.2226619720459,28.68316078186035,27.849679946899414,27.57560920715332,28.77334976196289,30.49968147277832,32.01816177368164,32.181583404541016,30.767051696777344,29.919532775878906,29.848758697509766,27.93501091003418,25.979839324951172,25.040409088134766,25.10129165649414,25.468984603881836,26.116661071777344,27.343889236450195,28.56599235534668,29.112939834594727,29.201295852661133,28.88204574584961,28.1475887298584,27.259689331054688,26.368919372558594,25.268497467041016,23.657304763793945,21.825571060180664,20.512052536010742,19.878206253051758,19.47509002685547,19.148595809936523,18.68198013305664,18.49938201904297,18.632781982421875,18.404518127441406,18.556509017944336,19.168533325195312
26.27008628845215,26.93865394592285,28.104785919189453,29.25954246520996,30.696372985839844,31.44270896911621,31.52933692932129,31.138715744018555,30.20534324645996,28.5209903717041,28.472562789916992,29.590736389160156,30.591890335083008,31.44774627685547,31.318822860717773,30.43260955810547,30.224308013916016,29.06314468383789,26.766693115234375,25.132877349853516,24.428722381591797,24.683574676513672,26.034912109375,27.616436004638672,28.7813777923584,29.200733184814453,29.222681045532227,28.771526336669922,28.305578231811523,28.023649215698242,27.935447692871094,27.489076614379883,26.01580810546875,23.770723342895508,22.06513214111328,21.358139038085938,21.427711486816406,21.49384117126465,21.167394638061523,20.681819915771484,20.188739776611328,19.998098373413086,20.03152847290039,20.4599666595459
26.009098052978516,26.867897033691406,27.764310836791992,28.87236785888672,29.88020133972168,30.925806045532227,31.501150131225586,31.82438087463379,31.52529525756836,30.25020408630371,29.46940803527832,29.535348892211914,30.11159896850586,30.611404418945312,31.014541625976562,30.760704040527344,30.569923400878906,30.08731460571289,28.796960830688477,27.54758071899414,26.728586196899414,26.69141960144043,27.763141632080078,28.843339920043945,29.364152908325195,29.502260208129883,29.53125762939453,29.61778450012207,29.70469856262207,29.723379135131836,29.55541229248047,28.756778717041016,26.92560386657715,24.607728958129883,22.866533279418945,22.158161163330078,22.179874420166016,22.351911544799805,22.302600860595703,21.871355056762695,21.219274520874023,20.58778953552246,20.530303955078125,21.256637573242188
25.45421600341797,26.55930519104004,27.77415657043457,28.517398834228516,28.528701782226562,28.924583435058594,29.167150497436523,29.776599884033203,30.096717834472656,29.719200134277344,29.254236221313477,29.048070907592773,29.438169479370117,30.10405731201172,30.536174774169922,30.67884063720703,30.89418601989746,30.87200355529785,30.060752868652344,29.126117706298828,28.624814987182617,28.272939682006836,28.339597702026367,28.976900100708008,29.63798713684082,30.063671112060547,30.14775848388672,30.237667083740234,30.3918514251709,30.282756805419922,29.844968795776367,28.96088409423828,27.812999725341797,26.215198516845703,24.397031784057617,23.273014068603516,23.136133193969727,23.291717529296875,23.24790382385254,22.95062255859375,22.653173446655273,22.483726501464844,22.502046585083008,22.774988174438477
25.94672966003418,26.663982391357422,27.48276138305664,28.514440536499023,28.268062591552734,28.026273727416992,27.660350799560547,27.79452896118164,27.838342666625977,27.52992057800293,26.90618133544922,25.807931900024414,25.024534225463867,25.134044647216797,25.732088088989258,26.444904327392578,27.225475311279297,27.900074005126953,28.23714256286621,28.122764587402344,27.797468185424805,27.660724639892578,27.833410263061523,28.377567291259766,28.958518981933594,29.362764358520508,29.500267028808594,29.58624839782715,29.877391815185547,30.146255493164062,30.068517684936523,29.435033798217773,28.824045181274414,28.066959381103516,26.754465103149414,25.50771713256836,24.98337745666504,24.958948135375977,24.94261360168457,24.84056282043457,24.91169548034668,25.140850067138672,25.25647735595703,25.037025451660156
26.044883728027344,26.91265296936035,27.651260375976562,28.92499351501465,29.233755111694336,29.02216148376465,28.35312271118164,28.08893585205078,27.53757667541504,26.62861442565918,25.37600326538086,23.66551399230957,22.003746032714844,21.374784469604492,22.21891212463379,23.778783798217773,24.877954483032227,25.20954132080078,25.054262161254883,24.47515869140625,23.483182907104492,22.629663467407227,22.530736923217773,23.25717544555664,24.284303665161133,25.280261993408203,25.94208335876465,26.383214950561523,27.096097946166992,27.906816482543945,28.382247924804688,28.377920150756836,28.26416015625,28.158044815063477,27.761938095092773,27.19095230102539,26.801870346069336,26.74655532836914,26.861305236816406,27.026348114013672,27.34721565246582,27.768381118774414,27.973161697387695,27.659921646118164
25.280637741088867,25.81270980834961,26.240421295166016,27.268444061279297,27.986614227294922,28.25988006591797,27.820777893066406,27.51394271850586,27.122150421142578,26.327327728271484,25.23493766784668,24.28280258178711,23.84307289123535,23.6981201171875,23.674541473388672,24.011337280273438,24.50558853149414,24.536462783813477,23.966360092163086,23.23037338256836,22.227346420288086,20.805517196655273,19.573719024658203,19.314678192138672,19.857677459716797,20.76010513305664,21.859636306762695,23.091222763061523,24.592700958251953,26.02427101135254,26.91328239440918,27.28660774230957,27.456684112548828,27.752912521362305,28.150121688842773,28.382837295532227,28.483299255371094,28.697357177734375,28.994915008544922,29.327425003051758,29.683446884155273,29.96333885192871,30.07480239868164,29.827802658081055
24.14739418029785,24.16714859008789,24.032094955444336,24.431079864501953,25.119735717773438,25.369117736816406,24.73957061767578,24.15367889404297,24.35236930847168,25.001569747924805,25.337839126586914,25.009592056274414,24.415143966674805,23.800975799560547,23.171241760253906,22.803380966186523,22.766542434692383,22.648897171020508,22.210975646972656,21.58177947998047,20.82748794555664,19.891948699951172,19.08605194091797,18.884672164916992,19.2617244720459,19.941740036010742,20.88682746887207,22.113122940063477,23.602197647094727,25.162017822265625,26.375593185424805,27.038400650024414,27.352312088012695,27.73198699951172,28.361848831176758,29.067596435546875,29.73242950439453,30.3370418548584,30.85576057434082,31.385671615600586,31.81730842590332,31.855188369750977,31.74245834350586,31.63800811767578
