data/wind_data/wind_53_0.json
{"header": {"parameterUnit": "KT", "parameterCategory": 2, "nx": 255, "ny": 198, "lo1": 44.73521041870117, "la1": -3.236724853515625, "lo2": 111.26478576660156, "la2": 43.468475341796875, "dx": 0.26192745566368103, "dy": -0.23708222806453705, "refTime": "2025-02-21 05:00:00", "forecastTime": 0, "parameterNumber": 3, "parameterNumberName": "northward_wind"}, "data":
[rows 133 to 151 of 198, columns 129 to 171 of 255]
-1.0631154775619507,-3.1867458820343018,-3.432223081588745,-0.7898603677749634,1.4911730289459229,1.5218539237976074,5.063531398773193,6.7158427238464355,6.8325066566467285,6.399513244628906,6.784912586212158,5.69852876663208,6.6848554611206055,5.253862380981445,9.848363876342773,13.557299613952637,14.592521667480469,10.020734786987305,7.11358642578125,6.624924659729004,5.88042688369751,7.097020149230957,8.123929977416992,8.85001277923584,10.235767364501953,9.216959953308105,9.358003616333008,8.348878860473633,6.918705463409424,5.687904357910156,5.264217376708984,4.504388332366943,2.1216654777526855,0.42448726296424866,0.31053122878074646,1.9109591245651245,4.889660358428955,5.181415557861328,2.135714054107666,-1.5739367008209229,-4.338196277618408,-6.264464855194092,-8.056432723999023
-0.9830538630485535,-3.253965377807617,-3.7106680870056152,-2.3058135509490967,0.07846016436815262,3.1758902072906494,6.282069683074951,11.575197219848633,14.46662712097168,15.666128158569336,15.718422889709473,12.714231491088867,11.312248229980469,11.299663543701172,12.775246620178223,12.177275657653809,11.838051795959473,8.868452072143555,7.86065673828125,9.792522430419922,9.127843856811523,12.20607852935791,11.510246276855469,12.533167839050293,12.844694137573242,11.736163139343262,10.473408699035645,7.6545000076293945,7.032068729400635,5.583627700805664,6.764537811279297,5.840544700622559,2.4679412841796875,0.3569176197052002,-0.19861441850662231,1.75187349319458,4.467371940612793,3.6385223865509033,-0.15663781762123108,-3.2605650424957275,-5.150152206420898,-5.77717924118042,-6.204329490661621
4.704234600067139,3.1478617191314697,2.495368003845215,3.892910957336426,4.150844573974609,8.500391006469727,9.94615650177002,12.207544326782227,14.193305015563965,16.944931030273438,19.215585708618164,18.5142765045166,12.858797073364258,12.878104209899902,11.839875221252441,10.132179260253906,10.193866729736328,10.666914939880371,11.235751152038574,13.396647453308105,12.330801010131836,15.214967727661133,15.122657775878906,14.427955627441406,13.223898887634277,12.1712646484375,11.111407279968262,9.06814956665039,8.70814323425293,8.342366218566895,7.8330397605896,5.105825424194336,1.755137324333191,0.29041042923927307,-0.31872686743736267,0.6026442646980286,1.6199370622634888,0.16587115824222565,-2.2109482288360596,-3.8463633060455322,-4.42128849029541,-4.924909591674805,-5.55225944519043
7.019283294677734,6.595056056976318,6.452829360961914,8.641758918762207,11.441826820373535,12.048624038696289,17.607643127441406,17.42414665222168,14.587251663208008,14.18857479095459,14.749711990356445,15.512360572814941,12.322256088256836,11.006921768188477,11.415569305419922,11.838149070739746,12.762537002563477,13.305859565734863,13.69090461730957,15.07004451751709,15.447591781616211,15.272623062133789,14.68080997467041,13.164193153381348,11.219663619995117,10.60741138458252,10.937389373779297,8.962075233459473,9.843851089477539,8.633193016052246,6.399775981903076,3.4630939960479736,1.66259765625,1.331421971321106,1.3815934658050537,1.4616905450820923,1.4217783212661743,0.29379355907440186,-1.7483739852905273,-3.206057071685791,-3.3349709510803223,-3.8883700370788574,-4.638920783996582
8.060062408447266,10.59736156463623,12.887886047363281,12.81861686706543,14.101242065429688,16.625789642333984,19.09133529663086,17.666109085083008,14.100530624389648,10.813726425170898,8.862905502319336,9.797747611999512,12.596539497375488,12.55095386505127,13.256927490234375,15.8489990234375,16.3076171875,15.679655075073242,15.070693016052246,14.792302131652832,14.158097267150879,12.682332038879395,11.202971458435059,10.043869972229004,8.053366661071777,7.553646087646484,10.09382152557373,11.027503967285156,9.211615562438965,7.761651992797852,5.833949089050293,4.25565767288208,2.9442014694213867,3.376553773880005,3.5891709327697754,4.021965503692627,4.431472301483154,2.790147304534912,0.5845092535018921,-0.886157214641571,-1.506149172782898,-2.2461392879486084,-3.350053548812866
14.31340217590332,16.57474708557129,20.02487564086914,19.917320251464844,15.190083503723145,13.392923355102539,13.809069633483887,13.7758207321167,12.496045112609863,10.629193305969238,12.261646270751953,13.355010032653809,12.60963249206543,15.19421672821045,16.218120574951172,16.89454460144043,16.28339385986328,15.348421096801758,14.157732009887695,13.10590648651123,10.00969409942627,8.55299186706543,6.945284366607666,7.166299343109131,8.073333740234375,7.718593597412109,9.099801063537598,12.690882682800293,11.646517753601074,9.339879989624023,7.509870529174805,7.3111162185668945,4.817595958709717,4.301313400268555,5.424951553344727,6.761515140533447,6.387349605560303,4.035613059997559,1.35743248462677,-0.972898006439209,-2.266127824783325,-2.820688247680664,-3.287029266357422
19.737932205200195,19.341262817382812,21.05303192138672,20.651504516601562,14.210902214050293,8.300270080566406,7.458235263824463,9.962493896484375,10.909049987792969,14.966769218444824,17.93011474609375,18.932218551635742,17.607585906982422,17.778823852539062,16.97927474975586,15.564502716064453,14.447741508483887,13.574028968811035,11.621603012084961,10.490289688110352,8.377069473266602,6.01806116104126,4.943188190460205,7.008772373199463,10.686884880065918,12.859556198120117,11.220849990844727,12.529354095458984,13.956308364868164,11.577199935913086,7.6192851066589355,7.2540998458862305,6.519694805145264,5.569161891937256,5.427832126617432,6.524316310882568,5.1758503913879395,2.3229949474334717,-0.1907254010438919,-2.5678608417510986,-3.6679794788360596,-3.321798801422119,-3.340451955795288
17.61277198791504,16.75650978088379,16.0097599029541,13.481225967407227,8.790390968322754,6.5533576011657715,7.476057529449463,9.120611190795898,11.339484214782715,15.34949779510498,17.98426055908203,19.403512954711914,17.000932693481445,17.465688705444336,15.217360496520996,13.310286521911621,12.481917381286621,12.23675537109375,9.746758460998535,9.275132179260254,7.165063858032227,4.970057010650635,5.810488700866699,8.844902038574219,12.351369857788086,15.175468444824219,14.826009750366211,12.09751033782959,12.138465881347656,13.144332885742188,9.007390022277832,8.11412239074707,8.8170166015625,6.5635576248168945,2.8769497871398926,2.1644034385681152,1.3060747385025024,0.15001527965068817,-1.3866381645202637,-2.9752068519592285,-2.6735939979553223,-0.8535051345825195,-0.5616695880889893
11.280400276184082,10.563789367675781,10.271392822265625,6.488656044006348,5.000551700592041,7.690807819366455,11.374783515930176,12.518439292907715,13.778254508972168,14.283599853515625,14.91513729095459,16.41223907470703,13.864554405212402,14.505014419555664,12.499248504638672,10.297527313232422,8.90455436706543,9.156579971313477,9.488837242126465,9.017057418823242,6.509276866912842,4.58717155456543,5.681906223297119,8.16854476928711,9.845687866210938,10.97242546081543,12.021040916442871,11.63801383972168,9.88410472869873,9.315550804138184,8.26781177520752,8.431628227233887,8.57958984375,5.886112689971924,2.7823469638824463,1.216536045074463,0.8614160418510437,1.0135748386383057,0.04045507311820984,-0.7594121098518372,0.564500093460083,2.4336166381835938,3.0449635982513428
9.842040061950684,10.331279754638672,9.676543235778809,5.994715213775635,7.260997295379639,12.11056900024414,15.064314842224121,15.644051551818848,15.006887435913086,13.239543914794922,12.038151741027832,12.090442657470703,11.219694137573242,10.76400375366211,9.481081008911133,7.559760570526123,5.59517240524292,5.1862945556640625,6.140754222869873,6.247982501983643,5.57533597946167,4.803021430969238,4.4901299476623535,5.604586601257324,6.9752984046936035,7.570454120635986,7.945174694061279,8.73202133178711,7.375660419464111,4.920050621032715,5.146391868591309,7.071959972381592,7.240221977233887,5.9953293800354,4.684790134429932,3.525752305984497,2.9909415245056152,2.909788131713867,2.808509111404419,1.9600783586502075,1.7888171672821045,2.8076822757720947,4.280483245849609
14.11437702178955,15.09504222869873,13.416975021362305,10.640655517578125,12.883400917053223,16.451969146728516,15.824151992797852,14.47723388671875,12.003182411193848,10.029741287231445,9.558578491210938,9.017733573913574,7.622387886047363,6.5053935050964355,5.9547600746154785,4.878677845001221,3.572432279586792,3.186779022216797,3.0846810340881348,3.2214419841766357,3.864096164703369,4.091694355010986,3.5178656578063965,3.7957870960235596,5.437685966491699,7.098951816558838,7.565328598022461,6.7791547775268555,5.639984130859375,4.91873836517334,6.370988368988037,8.357561111450195,8.540363311767578,7.77145528793335,6.608662128448486,6.070066452026367,5.829185962677002,4.730524063110352,3.84074330329895,3.763505220413208,2.793266534805298,1.967182993888855,2.7672698497772217
15.811993598937988,17.891313552856445,18.210786819458008,16.625226974487305,15.489439964294434,14.652924537658691,13.067331314086914,11.659860610961914,9.113903045654297,7.373814582824707,7.675848960876465,7.096187114715576,5.090649127960205,3.951789140701294,4.0830512046813965,3.6162643432617188,2.5714313983917236,2.626771926879883,2.967646837234497,3.3932106494903564,4.120916366577148,4.068216323852539,3.2176640033721924,3.332210063934326,4.9732818603515625,6.59890079498291,7.246249675750732,6.387701988220215,6.666511535644531,7.079342365264893,9.038731575012207,10.519150733947754,10.315075874328613,9.138723373413086,7.996198654174805,7.003958702087402,6.282878398895264,3.797239303588867,1.8336968421936035,0.8701286911964417,-0.05480694770812988,-1.377294659614563,-0.867375373840332
11.412041664123535,15.273260116577148,16.919645309448242,15.462359428405762,12.482405662536621,10.619444847106934,10.450348854064941,10.473186492919922,9.392987251281738,7.894725799560547,6.696680545806885,5.452610015869141,4.382368087768555,3.634834051132202,3.574455738067627,3.7985379695892334,2.7930681705474854,3.0918452739715576,4.104416847229004,4.6172194480896,4.8635406494140625,4.981799602508545,5.1299004554748535,5.241456508636475,6.279053688049316,6.948187828063965,7.685984134674072,7.426209449768066,7.059231758117676,8.477362632751465,10.609737396240234,10.898466110229492,9.770078659057617,8.603562355041504,7.5089006423950195,5.961308002471924,4.639711856842041,2.469686508178711,0.5140455961227417,-0.7734788656234741,-1.523013949394226,-1.9769585132598877,-1.0212819576263428
6.9315996170043945,8.942569732666016,9.640579223632812,9.160037994384766,8.603047370910645,8.387413024902344,8.455684661865234,8.417052268981934,8.283135414123535,7.4290690422058105,5.282078266143799,3.4716649055480957,2.555187225341797,1.992018461227417,2.1398463249206543,3.9448587894439697,4.74198055267334,4.471494197845459,4.488189697265625,5.237081050872803,6.343895435333252,6.759211540222168,7.491176605224609,7.159870147705078,6.045076847076416,5.95548677444458,6.6072773933410645,7.024397373199463,8.740509986877441,11.94565200805664,13.057964324951172,12.078575134277344,10.725196838378906,9.796746253967285,8.44743824005127,7.064333438873291,5.449622631072998,3.6850523948669434,1.7769842147827148,0.9827760457992554,-0.10558155924081802,-0.8793032169342041,-0.3143376111984253
4.884854316711426,5.129398345947266,6.093661308288574,7.495452880859375,8.258988380432129,7.454452991485596,6.2711615562438965,4.811805248260498,3.9996540546417236,3.666628360748291,2.555131435394287,1.1611076593399048,0.2828749418258667,0.37817177176475525,1.7141194343566895,4.167275428771973,5.558590412139893,4.472862720489502,4.275509834289551,5.258191108703613,6.268594264984131,7.387406349182129,7.319439888000488,6.598470211029053,5.327986240386963,5.424352169036865,5.854927062988281,8.23691177368164,13.139087677001953,15.0442533493042,13.685792922973633,12.313760757446289,11.132237434387207,10.182979583740234,8.835135459899902,8.11555004119873,7.217390060424805,5.958487033843994,4.6283392906188965,2.800579071044922,0.7112227082252502,-0.19710542261600494,0.7894357442855835
7.229557991027832,6.698964595794678,7.094273567199707,7.760798931121826,7.425868034362793,6.223226547241211,4.867905139923096,2.9976723194122314,1.7101073265075684,1.4826446771621704,1.6178784370422363,1.36704421043396,1.4854425191879272,2.3644609451293945,3.0558738708496094,3.9514262676239014,6.036774635314941,7.3792853355407715,7.245689392089844,6.775397300720215,5.84285831451416,6.204779624938965,7.238417625427246,7.3306732177734375,7.937175750732422,9.199731826782227,10.552828788757324,12.802624702453613,14.852904319763184,13.527758598327637,11.144668579101562,8.814814567565918,6.83604621887207,6.904855728149414,7.852346897125244,8.649242401123047,8.449845314025879,7.052941799163818,5.3902435302734375,3.1799118518829346,0.9765857458114624,0.13344909250736237,1.1650868654251099
8.692282676696777,6.1190185546875,6.101569652557373,6.3312296867370605,5.181229114532471,4.477975845336914,4.685697078704834,4.235851764678955,3.715083360671997,3.190652847290039,3.33872127532959,3.85880708694458,3.9429192543029785,3.8377456665039062,3.948129415512085,3.947067975997925,5.023390769958496,8.88442325592041,11.873592376708984,11.682069778442383,9.796988487243652,7.633584976196289,8.732661247253418,11.753641128540039,12.738631248474121,13.679079055786133,14.64147663116455,13.99284839630127,12.735133171081543,10.76026725769043,8.788158416748047,6.2289838790893555,4.243469715118408,4.599737644195557,6.063715934753418,7.3380632400512695,7.652842998504639,6.361466884613037,4.343537330627441,2.346496105194092,0.7276037335395813,-0.09199488162994385,0.7427909970283508
4.890718460083008,3.011275291442871,2.8281033039093018,4.671979904174805,6.821537017822266,6.67469596862793,6.2601423263549805,6.462111949920654,6.655697822570801,6.200263023376465,5.71994686126709,5.909494400024414,5.432913780212402,4.471871852874756,4.557526588439941,4.991438388824463,3.8367433547973633,3.4986724853515625,6.351731777191162,11.2901611328125,12.543034553527832,11.107582092285156,10.443266868591309,12.2955904006958,14.096109390258789,13.028937339782715,11.189446449279785,9.899428367614746,9.892757415771484,9.371582984924316,7.980427265167236,6.706131935119629,5.845043659210205,6.126734733581543,6.302796840667725,6.107772350311279,5.818714141845703,4.912795066833496,3.4797534942626953,2.224224328994751,1.8275173902511597,1.7848410606384277,2.292923927307129
3.328772783279419,3.311103582382202,2.2827186584472656,2.5865061283111572,6.136001110076904,8.856520652770996,7.8024516105651855,7.798288822174072,8.161498069763184,8.295014381408691,7.7035417556762695,7.523597240447998,7.65691614151001,7.558752536773682,6.912952899932861,6.526129722595215,6.110135555267334,3.37040638923645,1.9669814109802246,5.983577251434326,9.730984687805176,11.900805473327637,10.77245807647705,8.315220832824707,8.975680351257324,8.548551559448242,7.871176242828369,8.256088256835938,8.950432777404785,9.488906860351562,9.394856452941895,8.967241287231445,8.221582412719727,7.7733154296875,7.274177551269531,6.425785541534424,5.425021648406982,4.4186601638793945,3.524449348449707,3.124523401260376,3.1204895973205566,3.4453625679016113,3.504502058029175
