data/wind_data/wind_52_4.json
{"header": {"parameterUnit": "KT", "parameterCategory": 2, "nx": 256, "ny": 198, "lo1": 44.73521041870117, "la1": -3.236724853515625, "lo2": 111.26478576660156, "la2": 43.468475341796875, "dx": 0.2609002888202667, "dy": -0.23708222806453705, "refTime": "2025-02-21 04:00:00", "forecastTime": 0, "parameterNumber": 2, "parameterNumberName": "eastward_wind"}, "data":
[rows 114 to 132 of 198, columns 44 to 87 of 256]
40.23094177246094,39.89970016479492,37.35367965698242,35.73232650756836,35.69100570678711,36.50510025024414,37.68731689453125,38.517852783203125,38.55815887451172,38.28679656982422,38.10905838012695,38.1966552734375,38.584251403808594,39.2598876953125,40.02694320678711,40.58019256591797,40.975013732910156,41.022586822509766,40.65523910522461,40.231449127197266,40.22185134887695,40.611961364746094,40.96762466430664,41.201927185058594,41.11932373046875,40.795738220214844,41.09490966796875,42.121334075927734,43.20795822143555,43.609127044677734,42.862632751464844,41.537662506103516,41.13882827758789,39.48065185546875,33.85895538330078,27.95893096923828,25.75901222229004,26.941179275512695,29.351604461669922,30.81563949584961,28.343765258789062,25.89167594909668,28.64327049255371,32.56525421142578
41.72796630859375,42.646453857421875,40.925933837890625,39.638545989990234,39.231475830078125,39.663143157958984,40.528141021728516,41.32933044433594,41.81405258178711,41.83099365234375,41.511207580566406,41.19765853881836,41.092708587646484,41.389225006103516,42.19601821899414,43.153709411621094,43.85309600830078,43.95323944091797,43.470462799072266,42.83280944824219,42.492332458496094,42.60774230957031,42.94530487060547,43.09803009033203,42.78642272949219,42.57766342163086,43.342018127441406,44.542762756347656,44.967262268066406,44.694854736328125,43.751712799072266,41.236854553222656,37.76483154296875,34.896888732910156,32.10597229003906,29.307615280151367,30.657846450805664,34.335533142089844,33.81039047241211,30.402475357055664,27.838701248168945,29.552263259887695,32.95100021362305,35.593101501464844
40.034080505371094,41.19560623168945,41.624046325683594,42.188045501708984,43.37565994262695,44.662139892578125,45.08583068847656,44.957801818847656,45.094017028808594,45.15480041503906,44.88821792602539,44.81117630004883,45.01059341430664,45.32590866088867,46.01741027832031,46.867286682128906,47.42100524902344,47.540096282958984,47.31071472167969,46.81914138793945,46.30976867675781,46.104888916015625,46.252593994140625,46.658023834228516,47.323036193847656,47.81483459472656,47.901588439941406,47.397926330566406,46.123687744140625,44.756317138671875,42.8325080871582,39.65156936645508,36.44015884399414,34.62546920776367,33.84280776977539,34.20440673828125,36.088844299316406,34.505741119384766,30.18358039855957,29.123661041259766,31.895103454589844,35.72020721435547,37.53862762451172,37.73231887817383
41.79747772216797,41.876914978027344,42.47245407104492,43.078834533691406,45.15778350830078,48.10356521606445,49.44777297973633,49.2071647644043,48.73672103881836,48.50785446166992,48.31332015991211,48.62051010131836,49.40041732788086,50.131412506103516,50.74423599243164,51.15242385864258,51.12319564819336,50.8454475402832,50.54255676269531,50.231266021728516,50.171241760253906,50.310638427734375,50.38145446777344,50.64641189575195,51.151615142822266,51.44455337524414,51.291282653808594,49.86473846435547,47.51544952392578,45.032798767089844,42.28461456298828,40.75202560424805,40.73342514038086,38.19380569458008,36.19221878051758,36.14978790283203,33.74715042114258,30.857763290405273,31.725534439086914,34.6309814453125,38.50455093383789,42.14400863647461,42.416526794433594,39.32810592651367
46.51552963256836,45.46354675292969,44.14656448364258,43.77217483520508,45.499656677246094,49.1339111328125,52.12718200683594,53.13185501098633,52.9892692565918,52.60439682006836,52.00558853149414,51.609947204589844,51.9961051940918,52.41416931152344,52.70308303833008,52.970237731933594,52.94702911376953,52.644447326660156,52.208736419677734,51.841339111328125,51.94033432006836,52.20669937133789,52.36793899536133,52.55403137207031,52.65875244140625,53.07796096801758,53.239593505859375,51.685970306396484,48.64195251464844,45.74140930175781,44.48089599609375,44.50071334838867,44.710670471191406,42.50212860107422,36.595191955566406,30.944644927978516,30.163402557373047,32.31697463989258,35.422325134277344,38.476844787597656,40.95723342895508,43.34746551513672,42.031463623046875,36.314762115478516
44.93592071533203,45.094669342041016,44.114776611328125,44.07821273803711,45.513587951660156,49.209861755371094,53.27834701538086,54.827392578125,54.63960647583008,53.80868911743164,52.81038284301758,51.92338562011719,51.792598724365234,52.050384521484375,52.46689987182617,52.95070266723633,53.34843063354492,53.52753829956055,53.52002716064453,53.228153228759766,52.941490173339844,52.893890380859375,53.0756950378418,53.20671081542969,53.242393493652344,53.537254333496094,53.47233200073242,51.594886779785156,49.60082244873047,47.398738861083984,47.09145736694336,48.56452560424805,47.58999252319336,42.68690872192383,34.10650634765625,28.264331817626953,29.209623336791992,32.674888610839844,36.31714630126953,39.25270462036133,41.17840576171875,43.00769805908203,40.57235336303711,32.94355392456055
38.7291259765625,39.76907730102539,42.69892501831055,44.5001106262207,45.71431350708008,48.50014114379883,51.60527038574219,53.5367431640625,53.604148864746094,52.52364730834961,51.47602462768555,50.859764099121094,50.84981918334961,51.46870803833008,52.31737518310547,53.09326934814453,53.6141471862793,53.80770492553711,54.16305923461914,54.8299674987793,54.688289642333984,53.98793411254883,53.88359451293945,53.53041458129883,53.20124435424805,53.21417999267578,53.17898941040039,52.59390640258789,51.681480407714844,51.969844818115234,52.651031494140625,49.69603729248047,43.26129150390625,35.963531494140625,29.582630157470703,27.918746948242188,30.65875816345215,34.43840408325195,37.431671142578125,39.25303268432617,40.4404411315918,41.30771255493164,37.78971862792969,31.052066802978516
39.14959716796875,38.03201675415039,40.84025573730469,45.06870651245117,47.44614028930664,48.310829162597656,49.298404693603516,50.88185119628906,52.35649871826172,53.01244354248047,52.987369537353516,52.687339782714844,52.60760498046875,52.962833404541016,53.495216369628906,53.90058517456055,54.15547561645508,54.523040771484375,55.42634201049805,56.60294723510742,56.780189514160156,56.25993728637695,55.71271514892578,55.24606704711914,54.88511276245117,54.86128234863281,54.554359436035156,54.97740173339844,55.64014434814453,53.002777099609375,46.11622619628906,38.61756896972656,35.26533508300781,35.02555847167969,34.67393112182617,33.89902114868164,35.00053787231445,37.11027908325195,38.463401794433594,39.242942810058594,39.98886489868164,40.67470169067383,37.561283111572266,31.562742233276367
43.031185150146484,41.00300598144531,41.835899353027344,43.16142654418945,43.79514694213867,45.419132232666016,48.20999526977539,51.26552963256836,53.47256851196289,54.15013122558594,53.994224548339844,53.92643356323242,54.56631851196289,55.87548065185547,56.70535659790039,56.47474670410156,56.27068328857422,56.608795166015625,57.560882568359375,57.81740188598633,57.07603073120117,56.498138427734375,57.0756721496582,56.36967468261719,56.01205825805664,55.69462585449219,55.94709396362305,57.3065071105957,57.15194320678711,50.322322845458984,39.3361930847168,33.2630729675293,33.53719711303711,35.80052185058594,37.9323616027832,39.20161437988281,40.006465911865234,39.96571731567383,39.00414276123047,38.965152740478516,39.773895263671875,40.59539031982422,37.22362518310547,31.750652313232422
46.8519401550293,45.37816619873047,44.43315505981445,43.973602294921875,42.231178283691406,41.275203704833984,44.750083923339844,50.232845306396484,53.00685501098633,54.46201705932617,55.02946472167969,55.82895278930664,57.91969299316406,59.65224838256836,59.53057861328125,58.17230224609375,57.39131164550781,58.10604476928711,59.13587188720703,59.375709533691406,57.89254379272461,56.057037353515625,53.798858642578125,52.841880798339844,53.98577117919922,53.4661750793457,55.21556091308594,55.7464714050293,51.1390495300293,42.81627655029297,37.63862991333008,36.421661376953125,35.52516555786133,34.46330261230469,35.535762786865234,38.514312744140625,40.97236633300781,41.14312744140625,38.31764221191406,37.09294128417969,38.30208969116211,39.35935592651367,36.214839935302734,32.327754974365234
48.02232360839844,48.26852798461914,47.97769546508789,47.22218322753906,44.37764358520508,42.052974700927734,43.80315017700195,46.17203903198242,48.65734100341797,51.11126708984375,52.491878509521484,56.11933517456055,60.47291946411133,62.4912109375,61.2285041809082,58.34547805786133,57.31903076171875,60.14442825317383,62.91835403442383,61.4156608581543,55.50357437133789,49.907676696777344,50.98001480102539,53.201595306396484,51.26978302001953,50.80075454711914,52.849117279052734,50.28386688232422,42.84345245361328,38.131187438964844,36.39009475708008,34.70072555541992,32.70611572265625,31.609416961669922,33.11057662963867,36.318599700927734,39.0885009765625,40.351829528808594,36.94231033325195,33.83430862426758,35.51116943359375,36.785980224609375,35.045475006103516,32.75428771972656
46.730220794677734,48.67353439331055,49.79471969604492,50.62465286254883,48.679996490478516,47.83729553222656,47.09156799316406,47.9720344543457,47.13750457763672,48.899600982666016,51.34947204589844,53.20100021362305,56.096824645996094,57.95267868041992,57.51566696166992,56.33869171142578,57.43276596069336,61.882080078125,65.50996398925781,63.6385612487793,55.826961517333984,53.95191192626953,54.67197799682617,52.72418975830078,49.980464935302734,50.07931137084961,48.6713752746582,43.33119583129883,39.81449890136719,38.61321258544922,37.487281799316406,35.96705627441406,33.738800048828125,32.741268157958984,33.29804611206055,33.58460998535156,34.20452880859375,35.510498046875,34.13560485839844,31.639198303222656,33.28099822998047,34.548988342285156,33.607215881347656,31.039794921875
44.642051696777344,47.29194259643555,48.44865798950195,49.1759147644043,49.12825393676758,52.06174087524414,53.113311767578125,53.19122314453125,53.69248962402344,52.7005615234375,45.87699508666992,43.977909088134766,45.93385314941406,47.266326904296875,48.14426803588867,51.34128189086914,56.771121978759766,61.679443359375,65.29833984375,62.73841857910156,61.192649841308594,54.87122344970703,49.84339141845703,48.268714904785156,48.39537811279297,47.28068923950195,42.65782165527344,39.04570770263672,38.65227127075195,39.449462890625,39.94325637817383,39.86650466918945,39.00455856323242,37.530059814453125,34.52773666381836,28.436159133911133,25.019865036010742,27.655895233154297,30.95563507080078,30.530637741088867,30.908367156982422,32.42115020751953,31.338125228881836,28.138954162597656
42.26606369018555,44.820640563964844,45.46923065185547,45.01880645751953,46.8880500793457,51.68424606323242,57.11162567138672,57.61394500732422,56.199607849121094,52.12680435180664,44.915313720703125,43.23816680908203,43.08537292480469,40.72688293457031,40.43373489379883,44.508731842041016,49.48588180541992,53.386600494384766,58.16946029663086,58.14069366455078,53.313133239746094,49.28435516357422,48.670166015625,49.82786178588867,48.99095153808594,43.454345703125,38.28095245361328,36.83342361450195,37.31151580810547,37.92613983154297,38.396541595458984,40.24449920654297,41.7157096862793,38.93965148925781,30.446455001831055,20.293701171875,18.682498931884766,22.874576568603516,28.10342788696289,29.57695770263672,30.54762077331543,32.64457702636719,31.313377380371094,27.81583595275879
39.56755828857422,41.2244987487793,40.849403381347656,41.041053771972656,43.959861755371094,48.097503662109375,52.947025299072266,54.27814865112305,54.97711181640625,54.25925064086914,49.764278411865234,47.5998649597168,47.19270324707031,46.022422790527344,46.00393295288086,47.36787796020508,46.312313079833984,43.581485748291016,43.41385269165039,38.191349029541016,37.34892654418945,42.267032623291016,46.55412673950195,49.18170928955078,46.498390197753906,40.5282096862793,37.6958122253418,38.041961669921875,38.69134521484375,39.38355255126953,40.40644454956055,39.35401153564453,33.6659049987793,26.463232040405273,19.31907844543457,15.661850929260254,18.213010787963867,22.54644775390625,25.94007110595703,28.54510498046875,28.408573150634766,30.64055824279785,30.912696838378906,27.927616119384766
36.26447677612305,38.51100540161133,39.442195892333984,41.26481628417969,45.925682067871094,49.10317611694336,46.75525665283203,46.86216354370117,51.55064392089844,53.927154541015625,53.63531494140625,52.697444915771484,52.25839614868164,52.458072662353516,54.86943054199219,57.07212448120117,55.71749496459961,50.5552978515625,43.34831619262695,32.21904373168945,26.958999633789062,27.712665557861328,31.93039894104004,36.660343170166016,39.63884735107422,40.0512809753418,38.26219177246094,36.897151947021484,35.694549560546875,34.98506164550781,34.36506652832031,30.236371994018555,22.785062789916992,16.74919891357422,13.473106384277344,14.277009010314941,18.512075424194336,22.70474624633789,24.72539520263672,25.845260620117188,26.435583114624023,26.980178833007812,29.194189071655273,28.169307708740234
37.40559387207031,42.097076416015625,44.54638671875,45.1822509765625,44.9664306640625,42.94853210449219,36.43357849121094,35.569007873535156,41.533546447753906,46.01655578613281,48.75404739379883,50.339534759521484,51.21216583251953,53.2612190246582,58.93595504760742,62.88881301879883,62.350494384765625,58.590694427490234,52.369876861572266,42.916290283203125,34.29909133911133,28.683605194091797,26.317354202270508,28.273271560668945,29.485694885253906,24.085670471191406,17.689048767089844,17.630788803100586,20.348520278930664,22.267061233520508,22.771249771118164,21.013050079345703,18.746761322021484,16.403480529785156,14.58515453338623,15.0004243850708,19.461538314819336,23.788049697875977,25.687917709350586,26.66043472290039,28.650177001953125,28.829463958740234,29.353839874267578,28.347871780395508
41.252174377441406,44.15147399902344,40.968326568603516,35.23335647583008,33.67490768432617,35.802791595458984,24.51230812072754,22.763532638549805,30.497966766357422,36.29856872558594,40.81871795654297,44.28659439086914,46.85861587524414,50.46821212768555,57.892364501953125,63.75571823120117,64.65802001953125,64.32647705078125,60.353599548339844,52.30813217163086,43.44491958618164,38.6114387512207,33.42671585083008,28.932920455932617,26.03759002685547,23.63960838317871,24.73212432861328,26.961179733276367,28.27325439453125,28.27370834350586,26.862157821655273,26.696598052978516,27.5278263092041,25.708602905273438,22.337881088256836,20.136768341064453,22.3236083984375,25.76674461364746,28.114091873168945,29.997739791870117,32.4376220703125,33.20975112915039,31.47978401184082,29.16189193725586
40.08982849121094,34.16000747680664,26.597209930419922,26.577186584472656,33.63092041015625,40.21185302734375,20.795215606689453,18.12862205505371,26.098691940307617,30.634546279907227,33.57171630859375,36.753761291503906,40.72980499267578,45.76728439331055,53.079952239990234,59.69914627075195,63.0914306640625,63.967350006103516,61.24195861816406,53.23815155029297,46.30802917480469,43.420108795166016,41.11713409423828,38.365970611572266,36.15254211425781,33.77080154418945,32.107826232910156,32.63662338256836,34.42689514160156,36.02550506591797,36.086456298828125,35.58595657348633,34.5281982421875,33.103240966796875,30.352108001708984,26.763452529907227,26.397056579589844,28.46428871154785,31.31732940673828,33.863311767578125,36.36114501953125,37.21809387207031,35.45553207397461,32.24565887451172
