data/wind_data/wind_29_4.json
{"header": {"parameterUnit": "KT", "parameterCategory": 2, "nx": 256, "ny": 198, "lo1": 44.73521041870117, "la1": -3.236724853515625, "lo2": 111.26478576660156, "la2": 43.468475341796875, "dx": 0.2609002888202667, "dy": -0.23708222806453705, "refTime": "2025-02-20 05:00:00", "forecastTime": 0, "parameterNumber": 2, "parameterNumberName": "eastward_wind"}, "data":
[rows 114 to 132 of 198, columns 88 to 131 of 256]
35.25261688232422,35.59768295288086,35.47724151611328,35.08672332763672,34.758304595947266,34.63722610473633,34.64213180541992,34.649314880371094,34.603431701660156,34.53854751586914,34.5289306640625,34.50211715698242,34.330413818359375,33.93558883666992,33.539222717285156,33.72898483276367,34.31231689453125,34.5695686340332,34.49236297607422,34.38351058959961,34.31364059448242,34.3701286315918,34.82284164428711,35.31220245361328,34.96987533569336,33.80113983154297,31.81906509399414,30.066293716430664,29.000635147094727,28.407913208007812,28.380857467651367,29.517908096313477,29.71393585205078,27.9215145111084,27.525175094604492,26.72842025756836,25.50420570373535,23.82335090637207,22.79189109802246,22.530719757080078,22.474462509155273,21.96658706665039,20.162403106689453,17.094440460205078
36.03761672973633,35.86322021484375,35.42765426635742,35.03767395019531,34.83272171020508,34.72597885131836,34.57725143432617,34.43621826171875,34.36243438720703,34.43951416015625,34.69339370727539,34.99374771118164,35.09349822998047,34.80305480957031,34.29558181762695,33.99183654785156,34.111488342285156,34.28672790527344,34.23033905029297,34.211326599121094,34.304420471191406,34.42253112792969,34.739532470703125,35.223060607910156,35.15622329711914,34.27643966674805,32.78840637207031,30.884071350097656,29.152992248535156,28.131591796875,28.44825553894043,29.5734920501709,29.967374801635742,28.59192657470703,27.67627716064453,27.07195472717285,26.194223403930664,25.432941436767578,23.6203670501709,22.722835540771484,22.0537166595459,22.107595443725586,20.998903274536133,17.706666946411133
36.41916275024414,36.068782806396484,35.57548522949219,35.27237319946289,35.241477966308594,35.1712760925293,34.89863586425781,34.58970260620117,34.45620346069336,34.66362380981445,35.14895248413086,35.68427658081055,36.01708984375,35.89029312133789,35.43681716918945,34.970123291015625,34.65170669555664,34.590370178222656,34.57886505126953,34.454833984375,34.37246322631836,34.38167953491211,34.54551696777344,34.9286994934082,35.12466049194336,34.56911849975586,33.632999420166016,32.055152893066406,29.774486541748047,28.070226669311523,28.521404266357422,29.753808975219727,29.941808700561523,28.655494689941406,27.68331527709961,27.364248275756836,27.195093154907227,26.62282943725586,25.07525062561035,22.793107986450195,22.398210525512695,22.82668685913086,21.930795669555664,18.54615020751953
36.508384704589844,36.39413833618164,35.990623474121094,35.64553451538086,35.466636657714844,35.29735565185547,35.18212890625,35.26206970214844,35.58797836303711,36.146602630615234,36.781463623046875,37.276275634765625,37.50274658203125,37.36811065673828,36.92897033691406,36.35322189331055,35.80789566040039,35.411285400390625,35.217002868652344,35.07530975341797,34.88251495361328,34.71576690673828,34.58769989013672,34.539459228515625,34.639244079589844,34.447261810302734,33.90987777709961,32.9621696472168,30.701499938964844,28.721359252929688,28.941003799438477,29.677303314208984,29.508140563964844,28.48741340637207,27.34345054626465,26.19963264465332,25.994260787963867,26.36473274230957,25.55588722229004,23.37373161315918,22.685836791992188,23.242616653442383,22.49129867553711,18.97581672668457
36.49217224121094,36.52022933959961,36.04127883911133,35.57386016845703,35.295475006103516,35.21137619018555,35.40629959106445,35.989051818847656,36.86343765258789,37.721351623535156,38.355533599853516,38.690834045410156,38.69722366333008,38.43626022338867,38.02159881591797,37.536495208740234,37.1619873046875,36.93838119506836,36.711517333984375,36.4041633605957,36.00140380859375,35.49580001831055,34.91180419921875,34.21376037597656,33.75825500488281,33.584346771240234,33.271488189697266,32.70718002319336,31.01719856262207,29.68998146057129,29.63103675842285,29.509624481201172,29.219482421875,28.44111442565918,26.4102783203125,24.463298797607422,24.29850196838379,25.447900772094727,25.72364044189453,24.77069664001465,24.18537712097168,24.71921730041504,23.49419593811035,19.48975372314453
34.563236236572266,34.919677734375,34.88679885864258,34.929569244384766,35.20572280883789,35.58507537841797,36.18550109863281,37.10572052001953,38.01288986206055,38.64591979980469,39.035518646240234,39.159236907958984,38.96218490600586,38.6065559387207,38.33673095703125,38.172489166259766,38.09689712524414,38.14681625366211,38.114418029785156,37.817352294921875,37.20829772949219,36.315799713134766,35.32853698730469,34.352596282958984,33.630615234375,33.199737548828125,32.72064208984375,32.00864791870117,30.754379272460938,30.231948852539062,30.452392578125,30.201892852783203,29.781238555908203,28.298433303833008,25.42120933532715,23.921070098876953,23.995193481445312,25.096460342407227,25.831865310668945,25.122737884521484,23.902997970581055,23.644912719726562,22.80763816833496,20.332901000976562
31.6885986328125,32.13361740112305,32.505435943603516,33.202877044677734,34.34457015991211,35.79633712768555,37.17293930053711,37.989566802978516,38.256221771240234,38.44902038574219,38.76249694824219,38.92448806762695,38.76895523071289,38.59315872192383,38.6732063293457,38.9569091796875,39.242679595947266,39.43892288208008,39.40260314941406,38.913482666015625,37.97369384765625,36.74124526977539,35.42153549194336,34.31535720825195,33.70343780517578,33.35107421875,32.85718536376953,32.100189208984375,30.906936645507812,30.388172149658203,30.976593017578125,31.2159423828125,30.52057647705078,28.03807258605957,24.184045791625977,22.616382598876953,23.50262451171875,25.391801834106445,26.907712936401367,25.983829498291016,24.292911529541016,24.004383087158203,23.473337173461914,21.444141387939453
30.30069351196289,29.990873336791992,29.791969299316406,30.25111198425293,31.97433853149414,34.28642654418945,36.01316833496094,36.678592681884766,36.8320198059082,37.093502044677734,37.54801559448242,37.96186447143555,38.26824188232422,38.68151092529297,39.24692153930664,39.82386016845703,40.22998809814453,40.33140182495117,40.163272857666016,39.600563049316406,38.499176025390625,37.02266311645508,35.5428466796875,34.3128776550293,33.63164520263672,33.333717346191406,33.04954528808594,32.538597106933594,31.553424835205078,30.645004272460938,30.994693756103516,31.627283096313477,30.9467830657959,27.331573486328125,22.59535026550293,21.304244995117188,22.98431968688965,25.2691650390625,27.0399227142334,27.550601959228516,27.624425888061523,26.670827865600586,24.383739471435547,21.88819694519043
29.851097106933594,27.521995544433594,26.524768829345703,26.5245418548584,27.948123931884766,30.157712936401367,32.114051818847656,33.444942474365234,34.435604095458984,35.28921127319336,36.04446029663086,36.78068161010742,37.56803512573242,38.40578079223633,39.165470123291016,39.77991485595703,40.22569274902344,40.351383209228516,40.18878936767578,39.82310104370117,39.08058547973633,37.81565475463867,36.16672897338867,34.71973419189453,33.82394027709961,33.24717330932617,32.76767349243164,32.42039108276367,31.633014678955078,30.613515853881836,30.767192840576172,31.657573699951172,30.681665420532227,26.1505184173584,21.971435546875,21.368520736694336,22.384475708007812,23.702007293701172,25.308273315429688,27.29357147216797,28.216564178466797,26.45600128173828,23.495712280273438,21.365093231201172
30.005184173583984,26.10445785522461,24.12802505493164,23.53911781311035,24.474809646606445,26.343204498291016,28.407495498657227,30.362197875976562,32.05965042114258,33.43351745605469,34.59109878540039,35.67131042480469,36.68760681152344,37.54743194580078,38.26632308959961,38.901390075683594,39.4646110534668,39.86417770385742,40.00151824951172,39.98421096801758,39.69724655151367,38.85636901855469,37.12141418457031,35.123600006103516,33.84748458862305,32.965553283691406,32.22104263305664,31.629344940185547,30.82127571105957,29.995590209960938,29.880558013916016,30.65149688720703,29.83600616455078,25.26482582092285,22.391023635864258,22.095338821411133,21.317609786987305,21.298219680786133,22.78660774230957,24.528425216674805,24.67505645751953,23.46674156188965,21.570817947387695,21.285045623779297
28.05138397216797,25.192123413085938,24.03779411315918,23.603822708129883,24.150922775268555,25.713111877441406,27.862241744995117,30.006174087524414,31.716394424438477,33.082237243652344,34.384220123291016,35.49681091308594,36.27516174316406,36.74432373046875,37.109249114990234,37.64351272583008,38.42765808105469,39.26788330078125,39.87838363647461,40.13896942138672,40.08130645751953,39.570404052734375,38.05366134643555,35.59233856201172,33.584720611572266,32.376380920410156,31.580883026123047,30.761409759521484,29.95246124267578,29.23209571838379,28.522052764892578,29.019426345825195,28.736846923828125,25.298816680908203,22.952356338500977,21.821807861328125,20.2620906829834,20.2579288482666,20.54889488220215,20.908124923706055,21.25275993347168,20.84364128112793,20.078733444213867,21.113128662109375
25.12795639038086,24.66719627380371,25.444503784179688,25.812528610229492,26.207618713378906,27.483068466186523,29.65217399597168,32.05282211303711,33.960052490234375,35.350120544433594,36.4981575012207,37.174034118652344,37.32288360595703,37.262325286865234,37.094970703125,37.04623794555664,37.527809143066406,38.495906829833984,39.423500061035156,39.853336334228516,39.85029602050781,39.53984451293945,38.48603820800781,36.14225769042969,33.47672653198242,31.756261825561523,30.576828002929688,29.751205444335938,29.102798461914062,28.328800201416016,27.634153366088867,28.331350326538086,27.328479766845703,24.09253692626953,23.03567886352539,21.304283142089844,20.108985900878906,20.0201358795166,19.552865982055664,19.885141372680664,20.417247772216797,20.09551239013672,20.026330947875977,21.143646240234375
24.109542846679688,25.503475189208984,27.42681884765625,28.612689971923828,29.331066131591797,30.401264190673828,32.17463302612305,34.557613372802734,36.91307067871094,38.705623626708984,39.983245849609375,40.48947525024414,40.222068786621094,39.66933822631836,39.147132873535156,38.55048751831055,37.973052978515625,37.91859436035156,38.409671783447266,38.850440979003906,38.99462127685547,38.892852783203125,38.28396224975586,36.377925872802734,33.31279373168945,30.87397003173828,29.167360305786133,28.212583541870117,27.769887924194336,27.036136627197266,26.796770095825195,27.267488479614258,25.436471939086914,23.20875358581543,23.561681747436523,21.959453582763672,20.95345115661621,20.624135971069336,19.953859329223633,20.445844650268555,20.94404411315918,20.543569564819336,20.779579162597656,22.0185604095459
24.20505142211914,26.488306045532227,28.95238494873047,30.989431381225586,32.683841705322266,33.91526794433594,35.164520263671875,36.41181564331055,38.34551239013672,40.40693283081055,42.3978157043457,43.53237533569336,43.66033935546875,43.07187271118164,42.37474060058594,41.69426727294922,40.56792449951172,39.13611602783203,38.176307678222656,37.88582229614258,37.86936569213867,37.825496673583984,37.39725112915039,35.96166229248047,32.91352462768555,29.841554641723633,27.723661422729492,26.528724670410156,26.058855056762695,25.718149185180664,25.827186584472656,25.78219985961914,24.188364028930664,23.676259994506836,24.71449089050293,23.607580184936523,22.53685188293457,21.579317092895508,20.92903709411621,21.395156860351562,21.290250778198242,21.046783447265625,21.705900192260742,23.039825439453125
23.339365005493164,27.53011131286621,31.203603744506836,33.8626708984375,36.26023864746094,37.75259017944336,38.71262741088867,38.28653335571289,38.61695098876953,40.060523986816406,42.58588790893555,44.73538589477539,45.95180892944336,46.20058822631836,45.86956787109375,45.28151321411133,44.06959915161133,42.16279602050781,40.187110900878906,38.69400405883789,37.70524215698242,37.13294982910156,36.59152603149414,35.53168487548828,33.02620315551758,29.533039093017578,26.650362014770508,25.134601593017578,24.887380599975586,25.06305694580078,25.091896057128906,25.094743728637695,25.29142189025879,26.053585052490234,26.255901336669922,25.117366790771484,24.365873336791992,23.817182540893555,23.489055633544922,22.646320343017578,21.648117065429688,21.426441192626953,22.363447189331055,24.461008071899414
24.634124755859375,29.79854965209961,34.31105422973633,37.05910873413086,39.54020309448242,41.278682708740234,42.137691497802734,41.09916305541992,39.53719711303711,38.857200622558594,40.51648712158203,43.27783966064453,45.65414810180664,47.111209869384766,47.72801971435547,47.59425354003906,46.487586975097656,44.632362365722656,42.62860107421875,40.67652130126953,38.80581283569336,37.37004852294922,36.44961929321289,35.548377990722656,33.86233139038086,30.506139755249023,26.597028732299805,24.148134231567383,24.036090850830078,24.69863510131836,24.91283416748047,25.444211959838867,26.881120681762695,27.511096954345703,26.419322967529297,25.083171844482422,25.279132843017578,26.418981552124023,26.456945419311523,24.49054527282715,22.4580078125,21.76974868774414,23.22572898864746,25.3293399810791
28.61194610595703,31.300886154174805,35.82050704956055,39.529693603515625,42.23923873901367,43.6700439453125,43.75348663330078,42.97705078125,40.65189743041992,38.10688781738281,37.72590637207031,39.974483489990234,42.83598709106445,45.041282653808594,46.65327072143555,47.439395904541016,46.88671112060547,45.305809020996094,43.48768997192383,41.71579360961914,39.81965637207031,37.915443420410156,36.44107437133789,35.45051574707031,34.50223922729492,31.9986572265625,27.58916664123535,23.91231346130371,23.068510055541992,23.84404945373535,24.39996910095215,25.266857147216797,26.105558395385742,25.94442367553711,24.009754180908203,23.41914176940918,25.00984001159668,26.98506736755371,27.17221450805664,25.098730087280273,22.67081642150879,21.71612548828125,22.124847412109375,24.27437973022461
32.31962203979492,32.6939811706543,36.48933792114258,41.006690979003906,44.29950714111328,45.942508697509766,45.31266403198242,45.08751678466797,41.58653259277344,36.9112548828125,33.820098876953125,34.76103210449219,37.918312072753906,40.77334213256836,43.006797790527344,44.529754638671875,44.72978973388672,43.84461975097656,42.63170623779297,41.32903289794922,39.86211013793945,38.23408508300781,36.71852111816406,35.5348014831543,34.594688415527344,32.617008209228516,28.530704498291016,24.20354652404785,22.130847930908203,22.2825870513916,22.879899978637695,23.727895736694336,24.528770446777344,23.089323043823242,20.821971893310547,21.418222427368164,23.545406341552734,25.042415618896484,23.919219970703125,21.672367095947266,20.04549217224121,19.20153045654297,19.13683319091797,20.684301376342773
33.735904693603516,33.221405029296875,36.12358093261719,40.14369201660156,43.65764236450195,46.439002990722656,47.49269485473633,48.91336441040039,45.75760269165039,39.96513748168945,34.252559661865234,31.538148880004883,32.855525970458984,35.70036697387695,38.33674621582031,40.416343688964844,41.3134651184082,41.149200439453125,40.5944938659668,39.77195358276367,38.6142692565918,37.407814025878906,36.357181549072266,35.17626190185547,33.99009704589844,32.05719757080078,28.46344566345215,24.345504760742188,21.55266571044922,21.091917037963867,21.6533203125,22.680423736572266,22.999807357788086,20.817466735839844,19.2639102935791,20.455163955688477,22.539430618286133,23.644615173339844,23.058225631713867,20.26877212524414,18.33574867248535,15.870233535766602,18.50946044921875,19.533788681030273
