data/wind_data/wind_64_9.json
{"header": {"parameterUnit": "KT", "parameterCategory": 2, "nx": 256, "ny": 198, "lo1": 44.73521041870117, "la1": -3.236724853515625, "lo2": 111.26478576660156, "la2": 43.468475341796875, "dx": 0.2609002888202667, "dy": -0.23708222806453705, "refTime": "2025-02-21 16:00:00", "forecastTime": 0, "parameterNumber": 2, "parameterNumberName": "eastward_wind"}, "data":
[rows 114 to 132 of 198, columns 129 to 171 of 256]
3.3262486457824707,1.570777416229248,-0.7097602486610413,-2.7995193004608154,-3.132500171661377,-1.8521379232406616,-1.0919162034988403,-0.9000063538551331,0.3761795163154602,1.0553218126296997,1.3882085084915161,1.3254058361053467,0.31604039669036865,-1.0051288604736328,-1.497389554977417,-1.04043710231781,-0.15994392335414886,0.6519099473953247,1.601297378540039,3.169290781021118,4.893527984619141,4.959472179412842,3.407506227493286,1.8230290412902832,0.7648736834526062,0.23417344689369202,0.18234139680862427,0.5164617896080017,1.3471124172210693,2.819899797439575,4.983373165130615,7.844234943389893,10.688393592834473,12.249021530151367,12.38083267211914,11.230831146240234,9.531841278076172,8.329599380493164,7.880977153778076,7.375833034515381,6.2862348556518555,5.211323261260986,4.731724739074707
3.3732292652130127,1.4921658039093018,-0.8643052577972412,-3.0287535190582275,-3.6056525707244873,-2.1985630989074707,-0.5520356297492981,0.329843670129776,1.2966725826263428,1.6468563079833984,1.8594846725463867,1.6072173118591309,0.8943769335746765,0.380712628364563,0.9555888772010803,2.209857225418091,2.8760628700256348,2.4243056774139404,1.6894034147262573,1.900410771369934,3.0405054092407227,3.7088348865509033,3.148087739944458,1.899003505706787,0.9208171367645264,0.3076753318309784,0.550904393196106,1.4289439916610718,2.673248291015625,4.046855926513672,5.254688262939453,6.877274513244629,9.399660110473633,11.58095645904541,12.377959251403809,11.896533012390137,10.701705932617188,9.543386459350586,8.60297966003418,7.569338798522949,6.435399532318115,5.544502258300781,4.947784423828125
3.669424295425415,2.2454779148101807,0.29632094502449036,-2.003848075866699,-3.4010934829711914,-2.4840011596679688,-0.09874845296144485,1.8078416585922241,2.093675374984741,1.8854279518127441,1.8074774742126465,1.602807879447937,1.6628520488739014,2.4773077964782715,3.9121625423431396,5.027224540710449,5.057071685791016,3.7435340881347656,2.0999224185943604,1.069920539855957,0.5646637678146362,0.35107406973838806,0.7740070819854736,1.2811964750289917,1.5208561420440674,1.2439243793487549,1.3602627515792847,1.9318515062332153,2.745702028274536,3.6078696250915527,4.31078577041626,5.4863433837890625,7.661885738372803,9.761274337768555,10.806678771972656,11.396395683288574,11.447354316711426,10.643819808959961,9.393441200256348,8.064313888549805,7.173635005950928,6.516262531280518,5.586393356323242
3.2553834915161133,2.6069090366363525,1.6076489686965942,-0.08577600866556168,-1.7232861518859863,-1.6129331588745117,0.5037107467651367,2.4259235858917236,2.2213592529296875,1.618948221206665,1.2257393598556519,1.5652220249176025,2.84025239944458,4.599311828613281,6.116628170013428,6.347906112670898,5.365304946899414,3.94167160987854,2.5405521392822266,0.6244864463806152,-1.3344284296035767,-2.642305374145508,-2.36090087890625,-0.46008700132369995,2.1540610790252686,2.858685255050659,2.5276830196380615,2.356630563735962,2.316931962966919,2.527367115020752,3.3488621711730957,4.595392227172852,5.571592330932617,6.096299171447754,6.911040782928467,8.811928749084473,10.621838569641113,10.851534843444824,9.96896743774414,8.99209213256836,8.761351585388184,8.31866455078125,7.001909255981445
2.1334726810455322,1.4002273082733154,0.2132503241300583,-1.0001717805862427,-1.5367037057876587,-0.9074076414108276,0.6119389533996582,1.7573859691619873,1.665408968925476,1.2348493337631226,1.083282470703125,2.1399829387664795,4.07694149017334,5.924334526062012,6.825071334838867,6.303981781005859,5.103153228759766,4.07130241394043,2.5942327976226807,0.3643646240234375,-1.7882225513458252,-2.988996744155884,-2.951442003250122,-0.9203919768333435,2.600649356842041,3.751422882080078,3.3961989879608154,2.989684581756592,2.9211764335632324,3.486713171005249,4.715001106262207,5.327800273895264,4.293456077575684,3.3133432865142822,3.7873198986053467,5.723188400268555,7.960050582885742,8.823055267333984,8.6814546585083,8.929734230041504,9.793447494506836,9.791102409362793,8.575925827026367
0.7439253926277161,-0.9100557565689087,-2.9399988651275635,-3.954586982727051,-3.6066770553588867,-2.485050916671753,-1.0582365989685059,0.29643309116363525,1.059686303138733,1.2745611667633057,1.8213130235671997,3.272531509399414,5.038129806518555,6.243490219116211,6.300955295562744,5.348014831542969,4.711073875427246,4.093695163726807,2.6171913146972656,1.1229922771453857,0.08292795717716217,-0.308115154504776,-0.21299482882022858,1.1835294961929321,3.319411277770996,3.915698289871216,3.5014917850494385,3.256082534790039,3.8208909034729004,5.058142185211182,6.331135272979736,6.220390796661377,3.966413736343384,2.2487382888793945,2.605679512023926,3.971693277359009,5.481247425079346,5.936716079711914,6.186887741088867,7.535960674285889,9.562047004699707,10.457893371582031,9.574203491210938
-0.8586440682411194,-2.718271493911743,-4.884223937988281,-6.00097131729126,-5.849013328552246,-4.8148512840271,-3.0141210556030273,-0.8350372910499573,0.8022555708885193,1.763254165649414,2.9526591300964355,4.46614933013916,5.470455646514893,5.4205145835876465,4.492371082305908,3.8639609813690186,4.199512958526611,4.235129356384277,3.6335771083831787,3.0933749675750732,2.838960647583008,2.6714155673980713,2.452274799346924,2.4470319747924805,2.5104496479034424,2.418081760406494,2.3584556579589844,2.74918532371521,3.979975700378418,5.53837251663208,6.896583557128906,6.611340522766113,3.827803373336792,1.8663498163223267,2.8606626987457275,4.556154727935791,5.9250102043151855,5.4424662590026855,5.382447719573975,7.186570644378662,9.730342864990234,10.714908599853516,9.572649955749512
-2.199882984161377,-3.7665622234344482,-5.506109714508057,-6.39108943939209,-6.374998092651367,-5.351357936859131,-3.338195562362671,-1.0246261358261108,0.8208118677139282,2.229445219039917,3.9089837074279785,5.206173896789551,4.991003036499023,3.5727481842041016,2.659209966659546,3.248361587524414,3.9985060691833496,4.432076454162598,4.894526481628418,4.836972236633301,4.47930908203125,3.6236257553100586,1.8448810577392578,0.7943831086158752,0.5271589159965515,0.6621145009994507,1.0128915309906006,1.7295182943344116,3.1906914710998535,4.960463047027588,6.487585067749023,6.449601173400879,3.898693799972534,1.8750381469726562,3.169487476348877,5.891416072845459,8.086627960205078,7.258567810058594,6.3902130126953125,8.1348237991333,10.931148529052734,11.365514755249023,9.190688133239746
-3.9250733852386475,-5.387972831726074,-6.001187801361084,-5.805081844329834,-5.267649173736572,-4.043331146240234,-2.3097994327545166,-0.5768491625785828,1.0220321416854858,2.7291626930236816,4.4849677085876465,4.886200428009033,3.4675118923187256,1.7821062803268433,1.8030189275741577,2.8166747093200684,3.7588469982147217,4.710820198059082,5.14051628112793,4.934463977813721,4.745058536529541,3.0729997158050537,0.6090952157974243,-0.7755807042121887,-1.1493043899536133,-1.0952202081680298,-0.3566821813583374,0.9931120872497559,2.8080098628997803,4.353819847106934,5.527590274810791,5.906676769256592,4.509062767028809,2.2523884773254395,2.3673715591430664,5.555708885192871,8.556452751159668,8.233553886413574,6.528763771057129,7.579095840454102,10.888771057128906,12.055069923400879,9.27963924407959
-7.60200309753418,-7.554957866668701,-6.311227798461914,-5.180989742279053,-4.150659084320068,-2.7502381801605225,-1.144363284111023,0.3131149411201477,1.5506317615509033,2.8894760608673096,3.769758462905884,3.092545747756958,1.4671648740768433,0.5218241810798645,0.7978423237800598,1.5616106986999512,3.2302560806274414,4.495387554168701,4.17792272567749,3.8548927307128906,4.446290969848633,3.293951988220215,1.1464333534240723,-0.512284517288208,-1.290089726448059,-1.597761869430542,-0.8049735426902771,0.7336521744728088,2.5872802734375,4.042527675628662,5.09988260269165,5.443605422973633,5.173141002655029,2.911288022994995,0.9774428009986877,2.8951919078826904,6.893267631530762,8.421171188354492,6.318919658660889,6.04251766204834,9.217541694641113,12.34866714477539,10.822421073913574
-9.877204895019531,-7.766150951385498,-5.908442974090576,-4.9928483963012695,-4.069346904754639,-2.757875680923462,-0.787229597568512,0.9318755269050598,1.7313035726547241,2.075514793395996,1.62062668800354,0.3278506100177765,-0.9318340420722961,-1.4338109493255615,-1.4035923480987549,-0.44421130418777466,2.3590261936187744,3.408031702041626,2.009512424468994,1.8705612421035767,3.0727756023406982,3.866878032684326,3.370640516281128,1.9363219738006592,0.6388885974884033,-0.3418809175491333,-0.28066208958625793,0.5692924857139587,1.8026663064956665,3.484179973602295,5.157537937164307,5.165218830108643,5.441579341888428,3.9453060626983643,1.869447112083435,1.0307725667953491,4.236013889312744,7.8821024894714355,7.741764068603516,6.769891738891602,8.045764923095703,10.825265884399414,12.251132011413574
-8.941932678222656,-6.646085739135742,-5.316836833953857,-4.775656700134277,-4.656251907348633,-4.044852256774902,-1.831815242767334,-0.17341546714305878,0.24536171555519104,-0.016605224460363388,-0.8564151525497437,-2.171755313873291,-3.156540870666504,-3.3782451152801514,-3.1292037963867188,-1.434861183166504,1.862450122833252,0.9744374752044678,-0.5655738115310669,0.5683304667472839,2.039705753326416,3.914287567138672,4.254584789276123,3.9019412994384766,2.862086057662964,1.6540852785110474,1.2850055694580078,1.4775211811065674,1.6453012228012085,2.4750471115112305,3.76387357711792,4.356675148010254,4.881921768188477,5.506720066070557,4.7539496421813965,3.9182968139648438,4.1041436195373535,6.466567039489746,8.203313827514648,8.766292572021484,9.26695442199707,9.841355323791504,10.501917839050293
-7.9498982429504395,-6.312446594238281,-4.901230812072754,-4.631589889526367,-5.798094272613525,-6.2751054763793945,-4.263662338256836,-2.891162872314453,-2.8649420738220215,-3.627781629562378,-4.6524858474731445,-5.562236785888672,-5.495039939880371,-4.674172878265381,-3.237614631652832,-0.5236766338348389,2.253066301345825,0.8167539238929749,0.7861171960830688,1.1604045629501343,1.7434053421020508,2.828474283218384,3.529935359954834,4.088667869567871,4.340875625610352,4.041219234466553,3.0947837829589844,2.7403829097747803,2.899594306945801,2.9925081729888916,3.082634449005127,3.5917108058929443,4.498257160186768,6.244431495666504,7.804561138153076,7.673828601837158,6.873631000518799,6.574936866760254,7.590917587280273,8.507329940795898,9.063599586486816,9.17634391784668,9.094086647033691
-7.102962970733643,-4.969149112701416,-3.887706995010376,-4.683387756347656,-6.988941669464111,-8.071995735168457,-6.4175801277160645,-5.176250457763672,-5.76235294342041,-7.1806817054748535,-8.440024375915527,-8.470698356628418,-7.4481201171875,-5.784364700317383,-3.140371322631836,0.6620904803276062,5.028299808502197,4.359076976776123,1.8010133504867554,0.6745724678039551,0.9667528867721558,1.4741798639297485,2.9205079078674316,4.487430095672607,5.626653671264648,5.816628456115723,4.805107116699219,3.771519660949707,4.065515041351318,5.212711811065674,5.615274906158447,5.405131816864014,5.250515937805176,6.31434440612793,8.895400047302246,10.246715545654297,9.532336235046387,8.445058822631836,7.9833478927612305,8.217367172241211,8.350471496582031,8.190446853637695,7.738341331481934
-6.124117374420166,-3.2449846267700195,-2.9094743728637695,-4.410650253295898,-6.825317859649658,-8.009293556213379,-6.942531108856201,-6.587580680847168,-7.581928730010986,-8.82308292388916,-9.398660659790039,-8.683430671691895,-7.521636009216309,-5.765841960906982,-2.870374917984009,0.9692831039428711,6.047990798950195,6.820014476776123,3.5144808292388916,1.5346139669418335,0.709884524345398,-0.13634943962097168,1.1073572635650635,4.59221887588501,7.356542587280273,6.748208522796631,6.108094215393066,5.2054338455200195,5.040243148803711,6.318014621734619,7.7536702156066895,7.981736183166504,7.165138244628906,6.912603855133057,8.891852378845215,10.971054077148438,10.818031311035156,9.967864990234375,9.127435684204102,8.701447486877441,8.717106819152832,8.2967529296875,6.978790760040283
-5.818377494812012,-3.4162707328796387,-2.9631733894348145,-3.841435670852661,-5.327582836151123,-6.3631110191345215,-6.364160537719727,-6.8680500984191895,-7.84841251373291,-8.55726432800293,-8.245129585266113,-7.025148391723633,-5.850192070007324,-4.316658020019531,-1.4646152257919312,2.6303372383117676,6.989799976348877,7.24275016784668,4.4807233810424805,2.5804460048675537,1.9680097103118896,0.23768432438373566,-0.5262966752052307,2.325115919113159,6.816479206085205,7.768179893493652,6.83539342880249,6.242106914520264,5.882093906402588,6.278522491455078,8.088788986206055,9.033567428588867,8.318822860717773,7.733129501342773,8.986282348632812,10.900546073913574,11.133530616760254,10.61367130279541,10.224533081054688,10.255264282226562,10.169793128967285,9.20305061340332,7.6950297355651855
-5.921925067901611,-4.387178897857666,-3.330319404602051,-3.1832170486450195,-3.9061381816864014,-4.780244827270508,-5.126307010650635,-5.823298931121826,-7.070059776306152,-7.777616024017334,-6.868041038513184,-4.69188117980957,-2.0976288318634033,0.1230851411819458,2.375425338745117,3.87674880027771,4.2263383865356445,3.433805227279663,2.0498242378234863,2.2873921394348145,3.5451719760894775,2.9864261150360107,0.5551804900169373,0.465690940618515,3.7591350078582764,6.633875370025635,7.052772521972656,6.5464606285095215,6.282845497131348,6.14388370513916,7.151935577392578,8.997502326965332,9.382739067077637,8.95667552947998,9.220123291015625,10.431721687316895,11.227381706237793,11.358490943908691,11.410605430603027,12.018256187438965,12.421032905578613,11.22504711151123,8.782155990600586
-6.313343048095703,-4.935999870300293,-3.556034564971924,-3.095075845718384,-3.583246946334839,-4.032388210296631,-3.7021360397338867,-4.008224964141846,-5.338461399078369,-5.906065464019775,-4.870235919952393,-1.938564658164978,1.1785774230957031,2.219040632247925,1.7367619276046753,0.5693203806877136,-0.1685257852077484,-0.18790479004383087,-0.43863335251808167,-0.6747434139251709,1.6814521551132202,4.58198356628418,3.1094539165496826,1.958322525024414,2.2250144481658936,3.419827461242676,4.764730930328369,5.597919464111328,6.187025547027588,6.324967384338379,6.694230079650879,8.252239227294922,9.830160140991211,10.33170223236084,10.30602741241455,10.54959487915039,11.132585525512695,11.79265022277832,12.417947769165039,13.34052848815918,14.043744087219238,13.26792049407959,10.634334564208984
-6.474066734313965,-5.230757713317871,-3.880488634109497,-3.6003637313842773,-4.126141548156738,-4.2327070236206055,-3.7117066383361816,-3.9059324264526367,-4.383373737335205,-3.7428340911865234,-2.4133012294769287,-0.3544449210166931,-0.016051610931754112,-1.1317964792251587,-2.075551986694336,-2.369805335998535,-2.4338998794555664,-2.199956178665161,-1.913301944732666,-1.8823840618133545,-0.41823652386665344,2.814509153366089,3.564225196838379,3.0691916942596436,2.9939956665039062,2.851449966430664,3.254074811935425,3.8366756439208984,4.53795862197876,5.54863166809082,6.6552605628967285,8.148409843444824,9.604629516601562,10.481010437011719,11.068861961364746,11.280899047851562,11.087515830993652,11.270538330078125,12.353419303894043,13.853850364685059,14.648877143859863,13.908295631408691,11.677943229675293
