data/wind_data/wind_5_8.json
{"header": {"parameterUnit": "KT", "parameterCategory": 2, "nx": 256, "ny": 198, "lo1": 44.73521041870117, "la1": -3.236724853515625, "lo2": 111.26478576660156, "la2": 43.468475341796875, "dx": 0.2609002888202667, "dy": -0.23708222806453705, "refTime": "2025-02-19 05:00:00", "forecastTime": 0, "parameterNumber": 2, "parameterNumberName": "eastward_wind"}, "data":
[rows 95 to 113 of 198, columns 176 to 219 of 256]
12.01217269897461,11.77220630645752,11.409523963928223,10.22289752960205,8.756270408630371,7.57326602935791,6.430792331695557,5.37166166305542,5.136620044708252,6.635761260986328,9.419063568115234,12.1527681350708,12.82933521270752,11.775055885314941,11.391244888305664,12.297282218933105,13.1326904296875,13.471649169921875,13.100130081176758,11.772778511047363,10.142375946044922,9.735677719116211,10.662866592407227,11.919161796569824,13.130252838134766,14.343875885009766,15.863602638244629,17.105979919433594,17.029268264770508,16.017263412475586,15.037291526794434,14.33104419708252,14.144820213317871,14.095832824707031,13.333824157714844,11.939837455749512,11.002447128295898,11.080796241760254,11.890080451965332,12.3519287109375,11.71675968170166,10.809061050415039,10.084205627441406,9.503548622131348
13.118703842163086,13.56050968170166,12.96420955657959,11.337703704833984,9.538681983947754,7.62656307220459,5.483153820037842,3.765596389770508,3.010786294937134,4.29463005065918,7.334074974060059,10.354671478271484,11.34350872039795,10.812010765075684,11.152533531188965,12.610275268554688,13.850317001342773,14.587650299072266,14.60343074798584,13.804585456848145,12.945990562438965,12.58083438873291,12.463293075561523,12.311396598815918,12.750191688537598,14.031364440917969,15.559381484985352,16.554824829101562,16.863475799560547,17.002805709838867,16.857343673706055,16.117965698242188,15.526697158813477,15.086600303649902,14.038591384887695,12.945809364318848,12.818242073059082,13.44853687286377,14.118073463439941,14.303050994873047,13.950740814208984,13.589003562927246,13.222885131835938,12.53953742980957
14.298218727111816,14.818020820617676,14.335325241088867,12.70321273803711,10.821723937988281,9.049836158752441,6.831926345825195,4.171449661254883,2.582108497619629,3.4362504482269287,6.130619525909424,8.178031921386719,8.813141822814941,9.700658798217773,11.44726276397705,13.110884666442871,14.302836418151855,15.443739891052246,16.057092666625977,15.659055709838867,15.072396278381348,15.021660804748535,15.016029357910156,14.13508129119873,13.593618392944336,14.693375587463379,16.24224853515625,16.4250545501709,16.079883575439453,16.778305053710938,17.71700096130371,17.370019912719727,16.312408447265625,15.34829044342041,14.211712837219238,13.477121353149414,14.079964637756348,15.6184720993042,16.80426025390625,16.915510177612305,16.535564422607422,16.26587677001953,15.608637809753418,14.628827095031738
15.539958953857422,16.06464958190918,15.376324653625488,13.5720796585083,11.481513023376465,9.860183715820312,8.297432899475098,5.706778049468994,3.3401119709014893,3.5120491981506348,5.811334133148193,7.274704933166504,7.301692008972168,8.221362113952637,10.29797077178955,12.128454208374023,13.500686645507812,15.044775009155273,16.198253631591797,16.249103546142578,15.938064575195312,16.33199119567871,17.11737823486328,16.691333770751953,15.740616798400879,16.34937286376953,17.694759368896484,17.377761840820312,16.094409942626953,16.09792709350586,17.060205459594727,17.26243782043457,16.473201751708984,15.582290649414062,14.729157447814941,14.232405662536621,14.83065414428711,16.187654495239258,17.49416732788086,18.434717178344727,19.081623077392578,19.03251075744629,17.89293670654297,16.252849578857422
16.837421417236328,17.277969360351562,16.38083267211914,14.410518646240234,12.295695304870605,10.774332046508789,9.741703033447266,7.928938388824463,5.608982086181641,4.878698348999023,6.236779689788818,7.713628768920898,8.37666130065918,9.163670539855957,10.306723594665527,11.149711608886719,11.882038116455078,13.089412689208984,14.059684753417969,14.141051292419434,14.387552261352539,15.685935974121094,17.24591636657715,17.82611656188965,17.985857009887695,18.90995979309082,19.850439071655273,18.84273338317871,16.73187255859375,15.67681884765625,15.860546112060547,16.455537796020508,16.771629333496094,16.710765838623047,16.131826400756836,15.55133056640625,15.981681823730469,16.78402328491211,17.208620071411133,18.00718879699707,19.589492797851562,20.752105712890625,20.399307250976562,18.882266998291016
18.442180633544922,18.288007736206055,17.431285858154297,15.779765129089355,14.094921112060547,12.846985816955566,11.864825248718262,10.393057823181152,8.20947265625,6.850928783416748,7.559930324554443,9.075407028198242,10.007177352905273,10.995573997497559,11.811503410339355,11.766236305236816,11.67141342163086,12.291565895080566,12.74953556060791,12.52082633972168,12.438559532165527,13.476402282714844,14.986791610717773,16.137393951416016,17.67987060546875,19.856937408447266,21.403223037719727,20.708654403686523,18.200448989868164,16.148334503173828,15.442590713500977,16.086013793945312,17.412656784057617,18.3504638671875,18.157936096191406,17.42380714416504,17.591873168945312,18.12632179260254,18.12299346923828,18.179731369018555,19.136018753051758,20.719341278076172,21.776103973388672,21.390689849853516
20.246192932128906,19.38791847229004,18.671659469604492,17.62786102294922,16.339759826660156,15.223176956176758,14.288283348083496,13.040464401245117,11.035270690917969,9.178245544433594,9.24329948425293,10.697287559509277,11.990081787109375,13.502411842346191,14.69642162322998,14.313423156738281,13.311503410339355,13.270721435546875,13.767927169799805,13.82388973236084,13.335593223571777,13.119176864624023,13.578686714172363,14.387199401855469,15.875934600830078,18.346454620361328,20.834421157836914,22.223037719726562,21.24459457397461,18.295209884643555,16.07669448852539,16.089290618896484,17.63585090637207,19.15035057067871,19.47808074951172,19.184717178344727,19.494991302490234,19.909011840820312,19.853870391845703,19.86727523803711,20.218360900878906,20.93692970275879,21.925487518310547,22.829669952392578
21.902965545654297,21.23474884033203,20.74796485900879,19.880239486694336,18.564525604248047,17.30818748474121,16.496992111206055,15.759840965270996,14.382790565490723,12.229784965515137,11.018349647521973,11.981614112854004,13.784584999084473,15.470330238342285,16.905174255371094,17.44902801513672,16.92308807373047,15.950201034545898,15.38787841796875,15.456724166870117,15.658519744873047,15.626486778259277,15.225225448608398,14.755492210388184,14.981234550476074,16.5859432220459,19.3020076751709,22.01763153076172,23.4177188873291,21.64325714111328,17.94469451904297,16.141019821166992,17.285507202148438,19.1968994140625,19.902162551879883,20.05478286743164,20.896764755249023,21.54029083251953,21.542299270629883,21.87462615966797,22.565797805786133,22.802204132080078,22.85698127746582,23.805057525634766
22.538860321044922,22.506519317626953,22.72235679626465,22.531526565551758,21.624740600585938,20.497814178466797,19.714521408081055,19.15260124206543,18.011608123779297,15.616915702819824,13.171517372131348,13.027802467346191,15.035408020019531,17.116321563720703,18.55271339416504,19.566909790039062,19.529630661010742,18.069190979003906,16.43505859375,16.10675048828125,17.02232551574707,17.941804885864258,17.971351623535156,17.171693801879883,16.551942825317383,16.846864700317383,18.616939544677734,21.16661262512207,23.015344619750977,22.768138885498047,20.426477432250977,18.03387451171875,17.670202255249023,18.736244201660156,19.856210708618164,20.923669815063477,22.001100540161133,22.43889617919922,22.650646209716797,23.546018600463867,24.68962860107422,25.156124114990234,25.13448715209961,25.439538955688477
23.191076278686523,23.06294822692871,23.612031936645508,24.229873657226562,24.238784790039062,23.621089935302734,22.757179260253906,21.90764617919922,20.689064025878906,18.4241943359375,15.788474082946777,14.698687553405762,15.827001571655273,18.00826644897461,19.96656036376953,21.232337951660156,21.546646118164062,20.492929458618164,18.661731719970703,17.53423309326172,17.885839462280273,19.013248443603516,19.49073028564453,19.320829391479492,19.15249252319336,19.20098114013672,20.109214782714844,22.046798706054688,23.396520614624023,22.754423141479492,21.25790023803711,20.621427536010742,20.725900650024414,20.405427932739258,20.291698455810547,21.50484848022461,22.99020767211914,23.46759033203125,23.8571720123291,24.975866317749023,26.07752799987793,26.990535736083984,27.828706741333008,28.1400089263916
25.324726104736328,24.55544662475586,24.71586036682129,25.474943161010742,25.893173217773438,25.575517654418945,24.62819480895996,23.50436019897461,22.58917236328125,21.396867752075195,19.2216796875,17.163150787353516,17.141315460205078,19.09033966064453,21.409517288208008,22.822465896606445,23.140731811523438,22.510873794555664,21.48302459716797,20.53324317932129,19.867599487304688,19.83234214782715,20.213558197021484,20.724802017211914,21.012527465820312,21.022184371948242,21.816665649414062,23.629304885864258,25.114938735961914,24.80975914001465,23.045635223388672,21.964645385742188,22.38978385925293,22.799476623535156,22.48196029663086,22.770124435424805,23.744049072265625,24.50010108947754,25.42074966430664,26.554475784301758,27.272350311279297,28.166393280029297,29.472488403320312,30.613697052001953
27.25994873046875,26.75754737854004,26.689434051513672,27.27232551574707,27.812467575073242,27.479360580444336,26.023096084594727,24.416337966918945,23.975624084472656,24.171268463134766,22.778249740600586,20.053726196289062,19.10702133178711,20.645156860351562,22.86501693725586,24.493709564208984,25.052658081054688,24.628141403198242,23.922964096069336,23.06621742248535,21.912036895751953,21.326725006103516,21.86680793762207,22.57099151611328,22.454336166381836,22.202627182006836,22.95465087890625,24.579065322875977,26.29958152770996,26.977785110473633,26.120996475219727,24.948427200317383,24.386524200439453,23.88816261291504,23.846405029296875,24.899211883544922,26.00023651123047,26.402238845825195,27.013572692871094,27.815637588500977,28.357465744018555,29.152244567871094,30.176721572875977,31.622962951660156
27.806215286254883,28.025888442993164,28.273733139038086,29.019540786743164,29.966388702392578,29.880130767822266,27.98262596130371,25.694604873657227,25.178972244262695,26.048242568969727,25.691389083862305,23.263019561767578,21.422840118408203,21.874202728271484,23.616220474243164,25.47915267944336,26.541015625,26.611759185791016,26.27560806274414,25.404277801513672,23.91643524169922,23.235549926757812,24.180984497070312,25.153440475463867,24.882144927978516,24.330036163330078,24.41593360900879,25.249706268310547,26.69223403930664,27.969884872436523,28.457477569580078,28.511558532714844,27.927093505859375,26.321767807006836,25.335933685302734,26.361650466918945,27.87714958190918,28.612815856933594,29.227415084838867,29.91423797607422,30.109596252441406,29.967082977294922,30.284568786621094,31.896564483642578
27.672311782836914,28.01526641845703,28.757373809814453,29.926923751831055,31.213516235351562,31.58513069152832,30.188138961791992,27.837614059448242,26.552053451538086,26.94791030883789,27.2413387298584,25.890541076660156,23.86745262145996,23.102684020996094,24.085063934326172,25.973962783813477,27.47065544128418,28.132383346557617,28.383703231811523,28.053125381469727,26.901016235351562,26.12681007385254,26.577993392944336,27.411823272705078,27.476760864257812,26.764944076538086,26.34321403503418,26.650672912597656,27.18798065185547,27.94566535949707,29.177282333374023,30.546188354492188,30.828052520751953,29.60713768005371,28.155336380004883,28.032880783081055,28.854604721069336,29.620046615600586,30.51304054260254,31.59619140625,32.09587097167969,31.776201248168945,31.913707733154297,33.522037506103516
28.346975326538086,28.72486114501953,29.7283878326416,31.109996795654297,32.31577682495117,32.62176513671875,31.8001708984375,30.32118034362793,28.990161895751953,28.604921340942383,28.929332733154297,28.428701400756836,26.46209144592285,24.68754005432129,24.859329223632812,26.452682495117188,27.902158737182617,28.718610763549805,29.408363342285156,30.039636611938477,30.093549728393555,29.780187606811523,29.687753677368164,29.99018096923828,29.93499755859375,28.8607177734375,28.12221908569336,28.28965187072754,28.156057357788086,28.160919189453125,29.408958435058594,31.21221160888672,32.15154266357422,32.179847717285156,31.861642837524414,31.28104591369629,30.772422790527344,31.005741119384766,31.9689884185791,33.0231819152832,33.68409729003906,34.25558090209961,35.270755767822266,36.77846908569336
29.96314239501953,30.754825592041016,32.23719787597656,33.671356201171875,34.18846130371094,33.73170852661133,33.12242889404297,32.7877311706543,32.31834030151367,31.617341995239258,31.335376739501953,30.804107666015625,28.924753189086914,27.079055786132812,27.29619598388672,28.89695930480957,29.96718406677246,29.947845458984375,29.991003036499023,31.008670806884766,32.27193832397461,32.88865280151367,33.060218811035156,33.13042068481445,32.685611724853516,31.34684181213379,30.11603546142578,29.820575714111328,29.362503051757812,28.84482765197754,29.780698776245117,31.7844181060791,33.1269645690918,33.772438049316406,34.48659896850586,34.6550407409668,34.02157974243164,33.92808532714844,34.685977935791016,35.21686935424805,35.94050598144531,37.72268295288086,39.6243782043457,40.367706298828125
32.348533630371094,33.08823013305664,34.65559005737305,36.16680145263672,36.373085021972656,35.36377716064453,34.588096618652344,34.69544219970703,34.71269607543945,33.95839309692383,33.614463806152344,33.74161148071289,32.6442985534668,30.7036075592041,30.498144149780273,32.203670501708984,33.18208312988281,32.21937561035156,31.477922439575195,32.37043380737305,33.912452697753906,35.158790588378906,35.99269485473633,36.17200469970703,35.525447845458984,34.10748291015625,32.43115234375,31.443723678588867,30.614255905151367,29.815906524658203,30.39525032043457,32.270668029785156,33.965545654296875,35.00974655151367,35.7271614074707,36.067726135253906,36.45692825317383,37.289154052734375,37.66364288330078,37.18697738647461,37.97296905517578,40.7645263671875,42.91847610473633,42.594573974609375
34.98781967163086,35.21319580078125,36.410675048828125,37.89871597290039,38.25749969482422,37.42192840576172,36.86641311645508,36.651432037353516,35.48283767700195,34.11096954345703,34.35625076293945,35.59734344482422,35.61762237548828,34.0667610168457,33.383914947509766,34.73195266723633,35.53535079956055,34.556541442871094,33.97866439819336,34.663787841796875,35.93974685668945,37.63658905029297,39.067317962646484,39.014095306396484,37.76465606689453,36.04823684692383,34.04791259765625,32.72574996948242,32.01752471923828,31.344921112060547,31.457242965698242,32.71917724609375,34.368743896484375,35.674034118652344,36.25275421142578,36.88188552856445,38.69685363769531,40.57947540283203,40.47528839111328,39.32899475097656,40.45024490356445,43.587955474853516,44.18916320800781,41.34471130371094
36.87722396850586,36.89298629760742,37.5749397277832,38.7551383972168,39.5408821105957,39.98244857788086,40.396583557128906,39.436309814453125,36.8175163269043,34.82659912109375,34.78638458251953,35.76780700683594,36.45653533935547,36.25483703613281,35.61210250854492,35.891845703125,36.40133285522461,36.21165466308594,36.0145263671875,36.08584976196289,36.99509811401367,39.43346405029297,41.65121841430664,41.51168441772461,39.66411590576172,37.209228515625,34.62568283081055,33.41801071166992,33.47328186035156,33.17485809326172,32.708892822265625,33.095985412597656,34.39696502685547,36.02153778076172,37.30250549316406,38.6624641418457,41.009490966796875,42.9007568359375,42.48902893066406,41.50693893432617,43.53189468383789,45.71208572387695,42.65070724487305,37.99689865112305
