data/wind_data/wind_48_8.json
{"header": {"parameterUnit": "KT", "parameterCategory": 2, "nx": 256, "ny": 198, "lo1": 44.73521041870117, "la1": -3.236724853515625, "lo2": 111.26478576660156, "la2": 43.468475341796875, "dx": 0.2609002888202667, "dy": -0.23708222806453705, "refTime": "2025-02-21 00:00:00", "forecastTime": 0, "parameterNumber": 2, "parameterNumberName": "eastward_wind"}, "data":
[rows 38 to 56 of 198, columns 0 to 43 of 256]
-3.257629871368408,-5.306131362915039,-6.3022332191467285,-7.223114967346191,-7.101982593536377,-7.796241283416748,-8.19908332824707,-8.79570484161377,-9.452251434326172,-10.363202095031738,-10.734318733215332,-10.451717376708984,-10.003819465637207,-10.213346481323242,-10.905034065246582,-11.432733535766602,-11.662187576293945,-11.979076385498047,-12.540959358215332,-12.979331970214844,-12.870081901550293,-12.339262008666992,-11.4389066696167,-10.005651473999023,-8.431404113769531,-7.552856922149658,-7.555364608764648,-7.921658515930176,-8.076593399047852,-7.780444145202637,-7.071779251098633,-6.25134801864624,-5.739011764526367,-5.618318557739258,-5.578819751739502,-5.288930416107178,-4.721717357635498,-4.4019975662231445,-4.416600704193115,-4.372888088226318,-4.01314115524292,-3.4665799140930176,-3.0034663677215576,-2.705583095550537
-2.413259267807007,-5.721521377563477,-6.589198112487793,-7.440152645111084,-7.258881092071533,-7.950247764587402,-8.346129417419434,-8.60758113861084,-8.814408302307129,-9.295195579528809,-9.673558235168457,-9.636698722839355,-9.287088394165039,-9.44855785369873,-10.238107681274414,-10.998944282531738,-11.399792671203613,-11.775237083435059,-12.389283180236816,-12.9691743850708,-13.163331985473633,-13.045598983764648,-12.439963340759277,-11.104877471923828,-9.501402854919434,-8.445439338684082,-8.320549011230469,-8.644828796386719,-8.813252449035645,-8.52393913269043,-7.828359127044678,-6.907680511474609,-6.156833171844482,-5.91856050491333,-5.900589466094971,-5.75493860244751,-5.353222846984863,-5.027063846588135,-5.111368656158447,-5.291693210601807,-5.221405506134033,-4.872509479522705,-4.373273849487305,-3.916743278503418
-2.1893248558044434,-5.315546989440918,-6.543818473815918,-7.7834296226501465,-7.067346572875977,-7.457775115966797,-8.08273696899414,-8.098761558532715,-8.243870735168457,-8.525334358215332,-8.867334365844727,-8.878158569335938,-8.705657958984375,-8.976672172546387,-9.86562442779541,-10.719465255737305,-11.181900978088379,-11.525833129882812,-12.019743919372559,-12.594890594482422,-13.026785850524902,-13.193571090698242,-12.820892333984375,-11.705194473266602,-10.231401443481445,-9.128044128417969,-8.845548629760742,-9.097478866577148,-9.255979537963867,-8.972688674926758,-8.309897422790527,-7.355623245239258,-6.4232048988342285,-6.060528755187988,-6.191099643707275,-6.3960347175598145,-6.332582473754883,-6.122596740722656,-6.085149765014648,-6.216404914855957,-6.349678039550781,-6.2671990394592285,-5.8444037437438965,-5.2429399490356445
-2.3641088008880615,-4.522119998931885,-5.94428825378418,-7.584863662719727,-6.695984840393066,-6.974574089050293,-7.7615275382995605,-7.748185634613037,-8.032933235168457,-8.355378150939941,-8.692106246948242,-8.636353492736816,-8.589874267578125,-8.946208000183105,-9.749004364013672,-10.483479499816895,-10.915092468261719,-11.190763473510742,-11.520580291748047,-11.999617576599121,-12.556334495544434,-12.79584789276123,-12.616218566894531,-11.834507942199707,-10.528989791870117,-9.462791442871094,-9.122721672058105,-9.359615325927734,-9.535289764404297,-9.232783317565918,-8.612859725952148,-7.808505058288574,-6.9777398109436035,-6.479187488555908,-6.528838634490967,-6.888486862182617,-7.069431781768799,-7.153576850891113,-7.107826232910156,-7.066075325012207,-7.160574913024902,-7.245082855224609,-7.014383316040039,-6.486031532287598
-2.9182446002960205,-4.403114318847656,-5.517069339752197,-7.107553958892822,-6.97567892074585,-7.334584712982178,-7.672489643096924,-7.76032018661499,-8.1856107711792,-8.551740646362305,-8.915668487548828,-8.95576286315918,-9.012358665466309,-9.23450756072998,-9.702556610107422,-10.174312591552734,-10.548617362976074,-10.887370109558105,-11.20467472076416,-11.515867233276367,-11.899930000305176,-12.201711654663086,-12.219886779785156,-11.675347328186035,-10.674899101257324,-9.655192375183105,-9.193718910217285,-9.36142349243164,-9.647918701171875,-9.558354377746582,-9.210877418518066,-8.680068016052246,-8.029207229614258,-7.4981255531311035,-7.3436174392700195,-7.440944671630859,-7.572376251220703,-7.7988715171813965,-7.931603908538818,-7.930402755737305,-7.961911678314209,-8.076702117919922,-7.994462490081787,-7.665592670440674
-3.4946396350860596,-4.605238437652588,-5.464179992675781,-6.880725383758545,-7.465806484222412,-7.985718727111816,-7.916853427886963,-7.9680681228637695,-8.240821838378906,-8.498926162719727,-8.943909645080566,-9.224410057067871,-9.36122989654541,-9.402291297912598,-9.604212760925293,-9.97222900390625,-10.439549446105957,-10.899706840515137,-11.216479301452637,-11.364383697509766,-11.558091163635254,-11.850785255432129,-12.018454551696777,-11.7495756149292,-10.935833930969238,-9.940831184387207,-9.340780258178711,-9.380659103393555,-9.828131675720215,-10.189409255981445,-10.204588890075684,-9.861624717712402,-9.45289134979248,-8.994203567504883,-8.608030319213867,-8.417586326599121,-8.343978881835938,-8.493463516235352,-8.675424575805664,-8.7595796585083,-8.743132591247559,-8.740578651428223,-8.819160461425781,-8.680371284484863
-3.481787919998169,-5.0282158851623535,-5.99752140045166,-7.333751201629639,-7.86795711517334,-8.461726188659668,-8.023625373840332,-7.942924976348877,-8.182147026062012,-8.4100923538208,-8.868635177612305,-9.328911781311035,-9.551719665527344,-9.5676908493042,-9.659781455993652,-10.076923370361328,-10.744688034057617,-11.278145790100098,-11.4158935546875,-11.305281639099121,-11.344822883605957,-11.696995735168457,-12.088534355163574,-11.995528221130371,-11.298309326171875,-10.445406913757324,-9.88895034790039,-9.889418601989746,-10.290514945983887,-10.688706398010254,-10.840140342712402,-10.796069145202637,-10.690498352050781,-10.384270668029785,-9.97172737121582,-9.690926551818848,-9.524399757385254,-9.459059715270996,-9.416388511657715,-9.412980079650879,-9.381804466247559,-9.272229194641113,-9.321144104003906,-9.356048583984375
-3.445016860961914,-6.261141777038574,-6.802988529205322,-7.7616682052612305,-7.849305152893066,-8.622788429260254,-7.824290752410889,-7.676170825958252,-8.100034713745117,-8.568414688110352,-9.004043579101562,-9.361367225646973,-9.597034454345703,-9.757115364074707,-9.937178611755371,-10.400643348693848,-11.163238525390625,-11.727808952331543,-11.72963809967041,-11.409073829650879,-11.297354698181152,-11.589890480041504,-12.00999927520752,-12.065667152404785,-11.640030860900879,-11.051568031311035,-10.642507553100586,-10.541239738464355,-10.629257202148438,-10.726862907409668,-10.79689884185791,-11.033525466918945,-11.226480484008789,-11.189154624938965,-11.026005744934082,-10.826497077941895,-10.693483352661133,-10.482731819152832,-10.254597663879395,-10.042167663574219,-9.801435470581055,-9.644417762756348,-9.699522972106934,-9.714879989624023
-3.885801076889038,-6.5315728187561035,-6.964828014373779,-7.641093730926514,-7.5612921714782715,-8.324548721313477,-7.681212425231934,-7.632339000701904,-8.117709159851074,-8.735967636108398,-9.13553524017334,-9.288262367248535,-9.458361625671387,-9.871832847595215,-10.320116996765137,-10.805679321289062,-11.475630760192871,-12.059103965759277,-12.095598220825195,-11.645440101623535,-11.31055736541748,-11.445849418640137,-11.806801795959473,-11.87159252166748,-11.475940704345703,-11.022567749023438,-10.713324546813965,-10.502328872680664,-10.379781723022461,-10.285194396972656,-10.359925270080566,-10.6936674118042,-11.165632247924805,-11.521267890930176,-11.640556335449219,-11.5896577835083,-11.502037048339844,-11.338140487670898,-11.063655853271484,-10.66616439819336,-10.324263572692871,-10.095779418945312,-10.007883071899414,-9.798405647277832
-4.185696125030518,-6.366189479827881,-6.825458526611328,-7.47106409072876,-7.368085861206055,-7.794828414916992,-7.465709686279297,-7.534970283508301,-8.011028289794922,-8.714743614196777,-9.187450408935547,-9.271946907043457,-9.35146713256836,-9.855268478393555,-10.541394233703613,-11.075752258300781,-11.496960639953613,-11.832992553710938,-11.871417999267578,-11.537922859191895,-11.137567520141602,-11.009556770324707,-11.14781665802002,-11.117658615112305,-10.697946548461914,-10.219647407531738,-9.947379112243652,-9.844663619995117,-9.776643753051758,-9.700751304626465,-9.817585945129395,-10.26463794708252,-10.871496200561523,-11.540414810180664,-11.984295845031738,-12.1825590133667,-12.156109809875488,-11.896925926208496,-11.56001091003418,-11.197436332702637,-10.862214088439941,-10.466444969177246,-10.043489456176758,-9.546531677246094
-3.973113775253296,-5.37656307220459,-6.223217010498047,-7.384185791015625,-7.4202399253845215,-7.460597515106201,-7.174684524536133,-7.024555206298828,-7.5043721199035645,-8.328657150268555,-8.965229988098145,-9.230589866638184,-9.395793914794922,-9.709649085998535,-10.198358535766602,-10.68620777130127,-10.985980987548828,-11.045358657836914,-10.989677429199219,-10.834275245666504,-10.53206729888916,-10.278056144714355,-10.184606552124023,-10.018416404724121,-9.635130882263184,-9.211662292480469,-9.019025802612305,-9.06730842590332,-9.172051429748535,-9.317962646484375,-9.619645118713379,-10.07536506652832,-10.603130340576172,-11.291240692138672,-11.901520729064941,-12.29049301147461,-12.39439582824707,-12.266716003417969,-11.916120529174805,-11.428841590881348,-10.906847953796387,-10.338191986083984,-9.719344139099121,-9.007938385009766
-3.6180920600891113,-4.587523460388184,-5.1925368309021,-6.894351959228516,-7.477193832397461,-6.860097408294678,-6.7402262687683105,-6.426193714141846,-6.879486083984375,-7.575215816497803,-8.269091606140137,-8.684782981872559,-8.951798439025879,-9.107453346252441,-9.250981330871582,-9.475213050842285,-9.636648178100586,-9.625658988952637,-9.636614799499512,-9.723492622375488,-9.532879829406738,-9.271249771118164,-9.1322021484375,-8.967141151428223,-8.743021965026855,-8.51565170288086,-8.389915466308594,-8.440465927124023,-8.606612205505371,-8.919461250305176,-9.32229232788086,-9.767132759094238,-10.258715629577637,-10.825644493103027,-11.33694839477539,-11.733049392700195,-11.970173835754395,-12.027935981750488,-11.784266471862793,-11.229644775390625,-10.515327453613281,-9.875147819519043,-9.15246295928955,-8.330090522766113
-3.317140817642212,-3.11177134513855,-3.085073947906494,-5.078619956970215,-6.664886474609375,-6.007295608520508,-6.023935317993164,-5.637376308441162,-5.958498477935791,-6.503984451293945,-7.266127109527588,-7.681676387786865,-7.8938069343566895,-8.004497528076172,-7.987249374389648,-7.954340934753418,-7.848089694976807,-7.7022881507873535,-7.82476806640625,-8.147521018981934,-8.132771492004395,-7.931146144866943,-7.858798503875732,-7.82073450088501,-7.77976655960083,-7.730525493621826,-7.632928371429443,-7.60080099105835,-7.715433597564697,-8.04577350616455,-8.534632682800293,-9.046548843383789,-9.520166397094727,-9.910701751708984,-10.25157356262207,-10.537893295288086,-10.744062423706055,-10.980369567871094,-10.904328346252441,-10.479122161865234,-9.890469551086426,-9.301283836364746,-8.502434730529785,-7.594587326049805
-2.602398157119751,0.8070770502090454,-0.25993990898132324,-2.5829012393951416,-5.03122091293335,-5.479085922241211,-5.463371753692627,-4.966732978820801,-4.860477924346924,-5.226022243499756,-5.88908052444458,-6.229229927062988,-6.405121803283691,-6.588932514190674,-6.561349391937256,-6.331541538238525,-6.0195159912109375,-5.749218940734863,-5.885094165802002,-6.3701324462890625,-6.609745979309082,-6.595566749572754,-6.668004512786865,-6.741648197174072,-6.681763172149658,-6.547341346740723,-6.437521457672119,-6.445387363433838,-6.59207010269165,-6.996601104736328,-7.614016532897949,-8.163603782653809,-8.483478546142578,-8.612223625183105,-8.719392776489258,-8.785454750061035,-8.86447525024414,-8.988041877746582,-9.026911735534668,-8.973648071289062,-8.80215835571289,-8.269289016723633,-7.4396891593933105,-6.491705894470215
-1.1860041618347168,2.339754343032837,0.7320409417152405,-1.176417350769043,-3.4452109336853027,-4.831518173217773,-5.046431064605713,-4.5167646408081055,-4.05825138092041,-4.014552116394043,-4.375011444091797,-4.6411519050598145,-4.728339195251465,-4.876346111297607,-4.966029644012451,-4.792035102844238,-4.463865756988525,-4.2806572914123535,-4.514910697937012,-5.130252838134766,-5.5965800285339355,-5.780151844024658,-6.010830402374268,-6.182146072387695,-5.989170074462891,-5.534368991851807,-5.168672561645508,-5.163044452667236,-5.556204319000244,-6.269583702087402,-7.0293073654174805,-7.534205913543701,-7.677515029907227,-7.536447048187256,-7.291336536407471,-7.033347129821777,-6.815967082977295,-6.619364261627197,-6.6595001220703125,-6.830466270446777,-6.8859357833862305,-6.546948432922363,-5.825127124786377,-4.95371150970459
-0.07118995487689972,-0.7601277828216553,-0.3792667090892792,-0.8144609928131104,-1.9616836309432983,-3.436206340789795,-4.114271640777588,-3.920719623565674,-3.432537317276001,-3.0864243507385254,-3.1288299560546875,-3.320647716522217,-3.2569799423217773,-3.150237798690796,-3.3549771308898926,-3.462623119354248,-3.330810308456421,-3.3798296451568604,-3.86075496673584,-4.575882911682129,-5.166777610778809,-5.487538814544678,-5.6930670738220215,-5.847762107849121,-5.671462059020996,-5.17476749420166,-4.7469072341918945,-4.719149589538574,-5.159145832061768,-5.967780590057373,-6.830341339111328,-7.376551628112793,-7.430597305297852,-7.114773750305176,-6.514283180236816,-5.774068832397461,-5.078017711639404,-4.601938724517822,-4.455212116241455,-4.56917667388916,-4.563344955444336,-4.32346248626709,-3.8666388988494873,-3.196746826171875
0.4871920347213745,-0.3100428283214569,-0.24271260201931,-0.06017431616783142,0.04203431308269501,-1.3729304075241089,-2.3356027603149414,-2.777714490890503,-2.71160888671875,-2.254283905029297,-1.9523781538009644,-2.0865354537963867,-2.0708181858062744,-1.7422597408294678,-1.828466773033142,-2.259263753890991,-2.5635974407196045,-2.9084432125091553,-3.5205204486846924,-4.1554765701293945,-4.643707275390625,-4.914789199829102,-4.948604583740234,-4.953974723815918,-4.92374324798584,-4.808692455291748,-4.715442657470703,-4.891571998596191,-5.4534912109375,-6.209558486938477,-6.917450904846191,-7.298065662384033,-7.191967964172363,-6.718969821929932,-5.943637371063232,-4.936063289642334,-3.896973133087158,-3.078340530395508,-2.6488263607025146,-2.503875732421875,-2.3341147899627686,-2.0025858879089355,-1.6199665069580078,-1.119449257850647
0.919176459312439,0.5534189343452454,0.5180862545967102,0.9657766222953796,1.9644222259521484,0.7361690402030945,-0.29101479053497314,-1.0830484628677368,-1.5708101987838745,-1.425147294998169,-0.9311060905456543,-0.7567667365074158,-0.783969521522522,-0.6224356889724731,-0.6629688143730164,-1.2150335311889648,-1.8749971389770508,-2.423297166824341,-2.9242055416107178,-3.2594528198242188,-3.4447333812713623,-3.4922826290130615,-3.342024803161621,-3.1988391876220703,-3.358772039413452,-3.9101359844207764,-4.6377272605896,-5.320445537567139,-5.914440155029297,-6.358876705169678,-6.556911468505859,-6.445392608642578,-5.994477272033691,-5.316636085510254,-4.494284152984619,-3.5667476654052734,-2.6210391521453857,-1.7713783979415894,-1.2115321159362793,-0.8391934037208557,-0.40012529492378235,0.13659578561782837,0.6567125916481018,1.059455394744873
1.2581692934036255,1.4336923360824585,1.8387786149978638,2.284234046936035,3.263542652130127,2.433967351913452,1.353641390800476,0.8304113745689392,0.2546459436416626,-0.09130837768316269,0.04710002243518829,0.4504924416542053,0.613200843334198,0.4776400327682495,0.14834539592266083,-0.4504237174987793,-1.108852505683899,-1.5512359142303467,-1.7442644834518433,-1.7048826217651367,-1.5780609846115112,-1.4364252090454102,-1.2726006507873535,-1.308281660079956,-1.8576865196228027,-3.07071590423584,-4.647554874420166,-5.967258453369141,-6.54633092880249,-6.448507785797119,-5.933955669403076,-5.2235636711120605,-4.433834075927734,-3.599745273590088,-2.7089459896087646,-1.8023388385772705,-0.9344587922096252,-0.20430006086826324,0.3613928556442261,0.8520912528038025,1.398573875427246,2.003960371017456,2.5830960273742676,2.9797022342681885
