data/wind_data/wind_Surface_36.json
{"header": {"parameterUnit": "KT", "parameterCategory": 2, "nx": 255, "ny": 198, "lo1": 44.73521041870117, "la1": -3.236724853515625, "lo2": 111.26478576660156, "la2": 43.468475341796875, "dx": 0.26192745566368103, "dy": -0.23708222806453705, "refTime": "2025-02-20 12:00:00", "forecastTime": 0, "parameterNumber": 2, "parameterNumberName": "eastward_wind"}, "data":
[rows 171 to 189 of 198, columns 129 to 171 of 255]
-4.679339408874512,-4.715472221374512,-4.624617099761963,-4.6785407066345215,-4.552901744842529,-4.0110015869140625,-3.67722749710083,-4.813088417053223,-5.546584129333496,-5.997612476348877,-6.0220746994018555,-5.711366176605225,-6.661984920501709,-7.097878932952881,-7.7112345695495605,-7.9080986976623535,-7.991366386413574,-7.820613861083984,-7.97182559967041,-8.655590057373047,-9.242023468017578,-9.21484375,-8.597070693969727,-7.821723461151123,-6.989173889160156,-6.627972602844238,-7.202967643737793,-8.393383979797363,-8.675272941589355,-9.144267082214355,-10.283828735351562,-11.044829368591309,-10.670177459716797,-8.43395709991455,-5.617950439453125,-5.118379592895508,-5.586517810821533,-3.9972829818725586,-3.2781388759613037,-3.2493860721588135,-0.5802362561225891,4.610454082489014,6.298673629760742
-3.9219894409179688,-3.8200714588165283,-4.06649112701416,-4.295369625091553,-4.080043792724609,-3.652615785598755,-4.2666707038879395,-5.292236328125,-6.08256721496582,-6.135674953460693,-5.571468353271484,-4.971127986907959,-5.087831974029541,-5.467268466949463,-6.21935510635376,-6.916967391967773,-7.285606861114502,-7.703274250030518,-8.315439224243164,-8.871447563171387,-8.93520450592041,-8.450215339660645,-7.875197887420654,-7.509083271026611,-7.35822868347168,-7.464450359344482,-7.6466898918151855,-7.697683334350586,-6.906114101409912,-6.490536689758301,-6.585429668426514,-7.05429220199585,-7.35910701751709,-6.614691257476807,-5.68087100982666,-5.680002212524414,-6.030182361602783,-6.038712978363037,-4.623449325561523,-1.8155202865600586,0.9903698563575745,3.7285802364349365,5.831651210784912
-3.8588950634002686,-3.950117588043213,-4.155787467956543,-4.262207508087158,-4.138263702392578,-3.89922833442688,-4.170219421386719,-5.124430179595947,-5.82387113571167,-5.791553497314453,-5.085801601409912,-5.093868255615234,-5.272756576538086,-5.637897491455078,-5.804919242858887,-6.181321144104004,-6.9032135009765625,-7.544253826141357,-8.105419158935547,-8.385437965393066,-8.28307056427002,-7.754714012145996,-7.003254413604736,-6.463773250579834,-6.400156021118164,-6.858898639678955,-7.183457374572754,-7.6168012619018555,-7.71115779876709,-7.192213535308838,-6.76131534576416,-6.297086238861084,-5.578402996063232,-4.951822757720947,-4.80660343170166,-4.802645683288574,-5.5626373291015625,-7.863570690155029,-9.19400691986084,-7.069538116455078,-3.6306800842285156,-1.374436378479004,-0.8012078404426575
-3.792891263961792,-4.009910583496094,-3.9630861282348633,-4.202340602874756,-4.240991592407227,-4.040668964385986,-4.300022125244141,-5.354289531707764,-6.0294013023376465,-5.5232977867126465,-5.334274768829346,-5.593690395355225,-5.5645365715026855,-5.556061267852783,-5.598926067352295,-5.807919025421143,-6.470798492431641,-7.134839057922363,-7.65423583984375,-7.833710193634033,-7.7369866371154785,-6.9238104820251465,-5.846273422241211,-5.5740275382995605,-6.092952728271484,-6.5309834480285645,-6.499105453491211,-6.247894763946533,-6.213320732116699,-6.0844597816467285,-6.034795761108398,-6.0853190422058105,-5.076902866363525,-3.7795333862304688,-3.5635387897491455,-4.86827278137207,-7.222366809844971,-9.611502647399902,-10.90731430053711,-10.483776092529297,-8.117090225219727,-7.030956745147705,-7.044299125671387
-3.4294135570526123,-4.06128454208374,-3.8473689556121826,-3.9376354217529297,-4.234927654266357,-3.2439403533935547,-2.400524854660034,-4.212681293487549,-6.0368146896362305,-5.619342803955078,-5.004482269287109,-5.550026893615723,-5.535590648651123,-5.433583736419678,-5.482353687286377,-5.778238296508789,-6.47666597366333,-6.868353843688965,-7.130225658416748,-7.175286293029785,-6.689634799957275,-5.977834224700928,-5.311230659484863,-4.987001895904541,-5.213656425476074,-5.370377540588379,-5.247751235961914,-4.9727935791015625,-4.788783073425293,-5.017730712890625,-5.270012855529785,-4.979516983032227,-3.953230619430542,-3.096613883972168,-3.2085371017456055,-3.9889979362487793,-5.953301429748535,-8.298256874084473,-8.801617622375488,-7.800176620483398,-6.1680588722229,-5.290297508239746,-4.922566890716553
-2.9186062812805176,-3.5266618728637695,-3.0399293899536133,-3.005483627319336,-3.4305737018585205,-3.0026869773864746,-2.836580276489258,-4.274409770965576,-6.229024410247803,-5.5252909660339355,-4.2534708976745605,-4.915113925933838,-5.052486896514893,-5.076473712921143,-5.4158430099487305,-5.729649066925049,-6.297674179077148,-6.541442394256592,-6.70279598236084,-6.628454208374023,-6.036632537841797,-5.494353294372559,-5.098555088043213,-4.885645866394043,-4.650769233703613,-4.372994899749756,-4.175642013549805,-4.043538570404053,-3.93709135055542,-3.9838380813598633,-4.108458042144775,-3.930156946182251,-3.390277147293091,-3.1177175045013428,-3.7593154907226562,-4.485532760620117,-5.652909278869629,-6.7602972984313965,-6.015728950500488,-3.921464443206787,-4.013411045074463,-4.309905529022217,-5.367229461669922
-1.8476139307022095,-2.627962112426758,-2.3779687881469727,-2.866063356399536,-3.1627519130706787,-2.9197635650634766,-3.1443259716033936,-3.81790828704834,-5.355494976043701,-4.810532093048096,-3.6576149463653564,-4.130965232849121,-4.703765869140625,-4.99929666519165,-5.397293567657471,-5.658082008361816,-5.916438579559326,-6.198054790496826,-6.44921350479126,-6.201062202453613,-5.939067363739014,-5.6000213623046875,-5.1412353515625,-4.813366889953613,-4.579227924346924,-4.281455993652344,-4.0282979011535645,-3.7878167629241943,-3.8869681358337402,-3.9851315021514893,-3.3238933086395264,-2.915189743041992,-3.1440017223358154,-3.580305576324463,-4.153172492980957,-4.90479040145874,-5.997128963470459,-6.430780410766602,-5.045433521270752,-3.0105011463165283,-2.801908493041992,-3.657386541366577,-4.86586332321167
-1.0324980020523071,-1.7175685167312622,-1.9070274829864502,-2.3675026893615723,-2.4669435024261475,-2.476029634475708,-3.6143202781677246,-3.964329719543457,-4.256722927093506,-4.1015496253967285,-3.8731253147125244,-3.8666868209838867,-4.373529434204102,-5.149441719055176,-5.594259738922119,-5.795226573944092,-5.858208656311035,-5.953131198883057,-6.0531392097473145,-5.975063800811768,-5.677534580230713,-5.324996471405029,-4.809680938720703,-4.380743980407715,-4.168479919433594,-3.9979231357574463,-4.076354026794434,-4.125683784484863,-3.772134780883789,-3.1700756549835205,-2.7594008445739746,-2.7088961601257324,-3.215730905532837,-3.967424154281616,-4.413672924041748,-4.352694511413574,-4.805814266204834,-5.10780143737793,-3.508617639541626,-2.672978162765503,-3.1682276725769043,-3.7482359409332275,-4.087409496307373
-0.971647322177887,-1.073256492614746,-1.1544835567474365,-2.256520986557007,-2.5752034187316895,-2.6713180541992188,-3.2818996906280518,-3.2622768878936768,-3.32068133354187,-3.6919174194335938,-3.8232948780059814,-3.9036083221435547,-4.307943820953369,-5.013442516326904,-5.420417785644531,-5.456543445587158,-5.489761829376221,-5.495426654815674,-5.445590496063232,-5.387826442718506,-5.363340854644775,-4.981306076049805,-4.392269134521484,-4.132720947265625,-3.9154109954833984,-3.833503484725952,-3.853034257888794,-3.363713026046753,-2.621370792388916,-2.4411654472351074,-2.868093729019165,-3.037653923034668,-2.9037933349609375,-3.5435667037963867,-4.46560001373291,-4.180300712585449,-3.827665328979492,-4.014198303222656,-3.4234776496887207,-2.4928762912750244,-2.813612699508667,-3.2572617530822754,-3.680060863494873
-1.2813572883605957,-2.144775152206421,-2.229313611984253,-2.5832462310791016,-2.2026968002319336,-1.9388210773468018,-1.9750428199768066,-2.9564080238342285,-3.521108388900757,-3.168869733810425,-3.4805455207824707,-3.788384199142456,-4.058027267456055,-4.807502746582031,-5.221179962158203,-5.427560806274414,-5.395076751708984,-5.125560283660889,-4.962996482849121,-4.784733295440674,-4.494840621948242,-4.357670783996582,-4.290719509124756,-4.070514678955078,-3.723649263381958,-3.527343988418579,-3.3066084384918213,-2.526047706604004,-2.327237367630005,-2.9611785411834717,-3.502925157546997,-3.414309024810791,-2.834472417831421,-3.00115966796875,-4.162748336791992,-4.60666561126709,-3.1098647117614746,-3.2316558361053467,-3.724092960357666,-3.0707545280456543,-3.19627046585083,-3.740097761154175,-4.169928550720215
-0.8783168196678162,-1.0010906457901,-0.45759493112564087,-0.5826690196990967,-0.8027594685554504,-1.2372896671295166,-1.662773609161377,-2.2680115699768066,-1.9633930921554565,-2.2589545249938965,-3.2415475845336914,-3.6564526557922363,-4.338467597961426,-4.948538303375244,-5.333523273468018,-5.710104465484619,-5.603112697601318,-5.002864837646484,-4.046843528747559,-3.7161545753479004,-4.095446586608887,-4.442182540893555,-4.195432186126709,-3.6562094688415527,-2.916903018951416,-2.6922366619110107,-3.2558467388153076,-2.797435760498047,-2.937169313430786,-4.360583305358887,-4.088661193847656,-3.253898859024048,-2.3641302585601807,-2.329282283782959,-3.2745137214660645,-3.823336124420166,-2.1328182220458984,-1.8968957662582397,-2.981792449951172,-2.7739548683166504,-3.1998562812805176,-4.015101909637451,-4.867023944854736
1.5805460214614868,-0.2584599256515503,0.37847384810447693,0.8606094121932983,0.7209571599960327,-0.0727044939994812,-1.0462926626205444,-1.0454994440078735,-0.6674694418907166,-1.6118754148483276,-3.4462032318115234,-4.0011115074157715,-4.5820841789245605,-5.127518653869629,-5.541378974914551,-5.719809055328369,-5.636545658111572,-4.6024065017700195,-2.9673094749450684,-1.9522210359573364,-2.4868857860565186,-3.452613115310669,-2.8594417572021484,-1.9210271835327148,-1.2323111295700073,-1.466574788093567,-3.171602487564087,-3.2010040283203125,-3.3591792583465576,-5.02214241027832,-4.142134189605713,-2.3384053707122803,-1.5904372930526733,-2.033430337905884,-2.1932597160339355,-1.6730778217315674,-0.7418909072875977,-1.0660897493362427,-1.9710955619812012,-2.510226011276245,-3.8787195682525635,-4.770988941192627,-5.6951680183410645
3.8919529914855957,2.588325262069702,1.7084269523620605,1.8970859050750732,1.3967548608779907,0.5455344319343567,-0.8044246435165405,-2.461285352706909,-3.7958600521087646,-4.128787994384766,-4.535096645355225,-5.219999313354492,-4.746150970458984,-4.481835842132568,-4.800927639007568,-5.1168670654296875,-4.793622016906738,-3.1286706924438477,-1.7528101205825806,-0.3919171690940857,0.0498940534889698,-1.1498030424118042,-1.7205705642700195,-1.2759671211242676,-0.9560100436210632,-2.0321881771087646,-3.7959561347961426,-3.7802155017852783,-3.652709722518921,-4.803727626800537,-3.350914716720581,-1.5519472360610962,-2.187020778656006,-2.025315999984741,-0.7792518734931946,0.7185948491096497,0.177725151181221,-1.5838227272033691,-2.528036594390869,-3.074836015701294,-4.215053558349609,-5.326540470123291,-6.178586006164551
-0.2053149938583374,0.12060955166816711,1.8495988845825195,2.5362751483917236,0.30996108055114746,0.08514932543039322,-0.7821402549743652,-3.2110440731048584,-4.202279090881348,-3.9613900184631348,-4.068170070648193,-4.702560901641846,-4.10957145690918,-3.402846336364746,-3.0589661598205566,-3.504155397415161,-3.486971378326416,-1.4191203117370605,0.645978569984436,1.184590220451355,0.636234700679779,-1.0125924348831177,-1.602556824684143,-1.3135792016983032,-1.2343255281448364,-3.2442941665649414,-3.8836326599121094,-3.874284505844116,-4.023977279663086,-3.732525110244751,-1.9375513792037964,-2.1094777584075928,-2.8125479221343994,-0.2518882155418396,1.8487123250961304,0.8187307715415955,-2.789638042449951,-5.055798053741455,-4.261343955993652,-3.4831390380859375,-3.962566614151001,-4.997527599334717,-5.744613170623779
-3.4929137229919434,-5.332432270050049,-5.073382377624512,-4.4061126708984375,-4.018491744995117,-1.8890303373336792,-1.4979175329208374,-2.6963717937469482,-3.5596673488616943,-3.8707563877105713,-3.6120405197143555,-3.4478421211242676,-3.1739604473114014,-2.7716100215911865,-3.0884439945220947,-2.251506805419922,-2.556989908218384,-1.1425576210021973,1.3502095937728882,0.7001507878303528,-0.022951336577534676,-0.8321619033813477,-1.124575138092041,-1.0302733182907104,-1.0921471118927002,-4.355835914611816,-4.893536567687988,-3.1785197257995605,-3.482349395751953,-2.162933588027954,-1.732805848121643,-1.8580011129379272,-0.998668909072876,0.8345837593078613,1.2205160856246948,-2.351443290710449,-6.349341869354248,-6.79416561126709,-5.306084632873535,-4.40731954574585,-5.044546604156494,-5.805316925048828,-5.441734790802002
1.1690267324447632,-0.3278573751449585,-3.8798770904541016,-4.8203840255737305,-4.851678371429443,-3.428485155105591,-2.8626441955566406,-2.7851130962371826,-2.1832544803619385,-2.8287971019744873,-3.1101455688476562,-2.2418665885925293,-1.6508897542953491,-1.3713964223861694,-0.9545512795448303,0.5052094459533691,-0.6117445230484009,-0.4358435273170471,0.2946423590183258,-0.26421236991882324,0.0947316363453865,-0.4186179041862488,-0.8002830743789673,-1.0124456882476807,-0.5136528015136719,-4.254566669464111,-6.404199600219727,-3.683624505996704,-2.54923152923584,-3.747938394546509,-3.297820568084717,-2.5817759037017822,-2.1103503704071045,-2.1128814220428467,-2.608926773071289,-3.9324281215667725,-6.097803592681885,-7.306473255157471,-5.148680686950684,-5.060628414154053,-6.237677574157715,-5.989898204803467,-4.356701374053955
2.880272150039673,2.0176711082458496,0.47675880789756775,-1.9170783758163452,-3.342536211013794,-2.1993675231933594,0.3237157464027405,1.9477286338806152,1.5151957273483276,0.4120609164237976,-0.2321428656578064,-0.031114686280488968,0.22912389039993286,-0.3917044699192047,1.1812446117401123,2.538620710372925,0.7672982215881348,-0.8033430576324463,-0.8958140015602112,0.09392479807138443,0.5228467583656311,0.39781782031059265,0.9757768511772156,0.24148519337177277,-0.20327550172805786,-3.666156530380249,-6.3075079917907715,-3.5951831340789795,-3.201171875,-5.584390640258789,-7.597714424133301,-7.348326683044434,-6.930142402648926,-6.221264839172363,-6.4766740798950195,-7.605474472045898,-8.385759353637695,-6.590770721435547,-4.080824375152588,-3.7073779106140137,-4.135950088500977,-3.745781660079956,-2.965580940246582
-2.4669482707977295,-3.5169284343719482,1.6117452383041382,3.1866517066955566,0.18728604912757874,-1.432270884513855,-0.48946020007133484,1.4837205410003662,2.479628324508667,2.36135196685791,2.8243746757507324,2.5465197563171387,1.7639787197113037,0.3604111671447754,1.2077088356018066,1.9452060461044312,2.072439432144165,1.5792105197906494,-1.3750163316726685,-1.1550124883651733,1.44974946975708,2.4363582134246826,1.2407954931259155,-0.6766974925994873,-0.7411853075027466,-3.519697904586792,-5.706663131713867,-3.045732021331787,-3.9623618125915527,-6.674750804901123,-7.107821464538574,-6.588089466094971,-4.116559982299805,-3.2611279487609863,-5.836610317230225,-9.210114479064941,-8.231311798095703,-5.283197402954102,-3.603930950164795,-2.4079267978668213,-2.379143476486206,-2.426239013671875,-2.2416985034942627
-1.0734755992889404,-0.04949543997645378,-1.2633976936340332,-1.5434601306915283,-3.526557445526123,-6.207785129547119,-2.9972221851348877,1.755009412765503,3.5628035068511963,3.438147783279419,4.23036003112793,3.50502872467041,1.781164526939392,2.43263840675354,3.0722384452819824,2.659928798675537,2.734734535217285,3.3989994525909424,2.712177276611328,2.417026996612549,2.5855796337127686,3.0699706077575684,2.836308479309082,0.25069499015808105,-0.8720279335975647,-1.4205971956253052,-3.0910701751708984,-4.913029193878174,-6.9572930335998535,-4.517648220062256,-1.4067143201828003,-0.9324461221694946,0.5432044863700867,0.8185048699378967,-4.452802658081055,-7.9439520835876465,-7.170588970184326,-4.247596740722656,-0.32946160435676575,0.2762545347213745,-1.035151481628418,-2.891927480697632,-3.1299314498901367
