data/wind_data/wind_Surface_10.json
{"header": {"parameterUnit": "KT", "parameterCategory": 2, "nx": 255, "ny": 198, "lo1": 44.73521041870117, "la1": -3.236724853515625, "lo2": 111.26478576660156, "la2": 43.468475341796875, "dx": 0.26192745566368103, "dy": -0.23708222806453705, "refTime": "2025-02-19 10:00:00", "forecastTime": 0, "parameterNumber": 3, "parameterNumberName": "northward_wind"}, "data":
[rows 0 to 18 of 198, columns 86 to 128 of 255]
-5.3997273445129395,-5.328001976013184,-5.1395955085754395,-4.8859052658081055,-4.617893695831299,-4.480716705322266,-4.534302711486816,-4.609052658081055,-4.719606876373291,-4.691319465637207,-4.4922075271606445,-4.222976207733154,-3.8889238834381104,-3.7588958740234375,-3.792978286743164,-3.696852684020996,-3.5761749744415283,-3.6111738681793213,-3.68259334564209,-3.631124496459961,-3.512716770172119,-3.3226518630981445,-3.0796563625335693,-2.6976888179779053,-2.2774860858917236,-1.951058268547058,-1.6495482921600342,-1.2296969890594482,-0.9167067408561707,-0.7786559462547302,-0.6603811383247375,-0.6096386313438416,-0.7642413377761841,-1.1266435384750366,-1.4702160358428955,-1.7466293573379517,-1.782325267791748,-1.7330238819122314,-1.8555762767791748,-1.9871716499328613,-2.1195576190948486,-2.2071802616119385,-2.213381052017212
-5.391694068908691,-5.34537935256958,-5.178875923156738,-4.97379207611084,-4.770998954772949,-4.672702789306641,-4.750006675720215,-4.800133228302002,-4.8133544921875,-4.707066535949707,-4.484569072723389,-4.149891376495361,-3.706112861633301,-3.5276482105255127,-3.544254779815674,-3.5065228939056396,-3.4662818908691406,-3.4739651679992676,-3.50382137298584,-3.52176833152771,-3.5015218257904053,-3.4238719940185547,-3.220747947692871,-2.6987881660461426,-2.1371352672576904,-1.7839114665985107,-1.477116584777832,-1.058532476425171,-0.8095071315765381,-0.825401246547699,-0.7541727423667908,-0.5939677357673645,-0.7348989248275757,-1.2124449014663696,-1.5615090131759644,-1.768923044204712,-1.916064977645874,-2.0597472190856934,-2.2324118614196777,-2.349531412124634,-2.403687000274658,-2.3758232593536377,-2.2557592391967773
-5.407784938812256,-5.418189525604248,-5.283082485198975,-5.229363441467285,-5.285969257354736,-5.283795356750488,-5.258615493774414,-5.203094482421875,-5.055994510650635,-4.945809364318848,-4.903186321258545,-4.612387657165527,-4.14362907409668,-3.9029994010925293,-3.8457069396972656,-3.821727991104126,-3.7770352363586426,-3.6683051586151123,-3.6142001152038574,-3.712791681289673,-3.7961597442626953,-3.7493278980255127,-3.4313459396362305,-2.719278335571289,-2.1060118675231934,-1.8729743957519531,-1.6299024820327759,-1.2561182975769043,-1.0438876152038574,-1.0852267742156982,-1.0472749471664429,-0.8383479714393616,-1.0364066362380981,-1.6396026611328125,-2.022554397583008,-2.2659730911254883,-2.4385814666748047,-2.570871591567993,-2.724052906036377,-2.821537971496582,-2.8401734828948975,-2.7895827293395996,-2.7049717903137207
-5.374389171600342,-5.567398548126221,-5.629297256469727,-5.762446880340576,-6.005153656005859,-6.039158821105957,-5.921810626983643,-5.832732677459717,-5.687634468078613,-5.669524669647217,-5.763212203979492,-5.607685565948486,-5.2729620933532715,-4.841039657592773,-4.579684257507324,-4.594932556152344,-4.627852916717529,-4.400341987609863,-4.3852949142456055,-4.576902866363525,-4.667904376983643,-4.650691986083984,-4.127753734588623,-3.0403053760528564,-2.2456252574920654,-2.3741347789764404,-2.405759572982788,-2.2077298164367676,-2.0222485065460205,-1.929243803024292,-1.8017733097076416,-1.7000234127044678,-2.1139440536499023,-2.6402571201324463,-3.0400826930999756,-3.524265766143799,-3.7228288650512695,-3.803858995437622,-4.003605842590332,-4.006481647491455,-4.000519752502441,-4.036947250366211,-3.9851486682891846
-4.867389678955078,-5.042365074157715,-4.9815850257873535,-4.981953144073486,-5.179962158203125,-5.344504356384277,-5.38836145401001,-5.46965217590332,-5.512938976287842,-5.566051006317139,-5.570739269256592,-5.52023458480835,-5.40943717956543,-5.105700969696045,-4.834280490875244,-4.774278163909912,-4.62075138092041,-4.418571949005127,-4.383426189422607,-4.5860748291015625,-4.737911701202393,-4.666773319244385,-4.345386505126953,-3.821215867996216,-3.0617384910583496,-2.400923252105713,-2.389392852783203,-2.383094310760498,-2.3794918060302734,-2.2920727729797363,-2.288665533065796,-2.3660380840301514,-2.57149076461792,-2.9420523643493652,-3.411097764968872,-3.976335287094116,-4.184046268463135,-4.208489894866943,-4.318075656890869,-4.322869300842285,-4.385935306549072,-4.4410200119018555,-4.314979076385498
-4.705372333526611,-4.577446460723877,-4.228543281555176,-4.051797866821289,-4.12177038192749,-4.377079010009766,-4.660155296325684,-4.941939830780029,-5.08718729019165,-5.141689300537109,-5.158946514129639,-5.160358905792236,-5.188473701477051,-5.034375190734863,-4.780703544616699,-4.565919399261475,-4.277026176452637,-4.083377361297607,-3.836524486541748,-3.7889490127563477,-3.885288953781128,-3.944558620452881,-3.9163613319396973,-3.8621878623962402,-3.7999541759490967,-3.236494779586792,-2.7057478427886963,-2.5197267532348633,-2.465798854827881,-2.3137569427490234,-2.2260525226593018,-2.198681116104126,-2.2956082820892334,-2.763094902038574,-3.419384241104126,-3.9334189891815186,-4.08976411819458,-4.064058303833008,-4.058425426483154,-4.187790870666504,-4.241325378417969,-4.16264533996582,-3.9811415672302246
-4.610584259033203,-4.416853904724121,-3.8622355461120605,-3.816296339035034,-3.8124003410339355,-3.9284095764160156,-4.1999592781066895,-4.56638240814209,-4.827987194061279,-5.00124454498291,-5.159887313842773,-5.200728416442871,-5.20827579498291,-5.007241725921631,-4.668595790863037,-4.379689693450928,-4.063797950744629,-3.6663899421691895,-3.250194549560547,-3.0947012901306152,-3.0794458389282227,-3.1792991161346436,-3.0414795875549316,-2.7136740684509277,-2.6575140953063965,-3.093322277069092,-3.1689834594726562,-2.9501993656158447,-2.720059394836426,-2.331550359725952,-2.2234179973602295,-2.333726406097412,-2.579101085662842,-2.9864487648010254,-3.584867238998413,-4.093087673187256,-4.30052375793457,-4.318521499633789,-4.330016136169434,-4.3423991203308105,-4.222602367401123,-3.9545648097991943,-3.6824023723602295
-4.274198532104492,-3.9827451705932617,-3.549166440963745,-3.5241756439208984,-3.5298712253570557,-3.5647542476654053,-3.7567389011383057,-4.078724384307861,-4.347495079040527,-4.603548049926758,-4.719875335693359,-4.738589763641357,-4.687493801116943,-4.5179853439331055,-4.201118469238281,-3.828028440475464,-3.186546802520752,-2.484983205795288,-1.9738950729370117,-1.9834798574447632,-2.0739569664001465,-1.867371678352356,-1.3043066263198853,-0.8340169787406921,-0.8038325905799866,-1.1088447570800781,-1.9055615663528442,-2.4174983501434326,-2.272003650665283,-1.977888584136963,-1.9479964971542358,-2.566524028778076,-2.8582701683044434,-3.2355644702911377,-3.746583938598633,-4.191824436187744,-4.443993091583252,-4.424465656280518,-4.287961006164551,-4.024129867553711,-3.8181118965148926,-3.4717955589294434,-3.0712575912475586
-2.8192858695983887,-2.8795580863952637,-3.379727602005005,-3.3859996795654297,-3.6249403953552246,-3.8962273597717285,-4.044010639190674,-4.070996284484863,-4.0162577629089355,-4.066329002380371,-4.057704448699951,-4.12343692779541,-4.1411662101745605,-3.8754820823669434,-3.383774518966675,-2.6763381958007812,-1.7593584060668945,-0.8227427005767822,-0.34374940395355225,-0.5085647106170654,-0.8283246159553528,-0.5189787149429321,0.552900493144989,0.9581193327903748,0.5364315509796143,0.43750080466270447,-0.3737320005893707,-1.5789976119995117,-1.5303936004638672,-1.0970698595046997,-1.5073927640914917,-2.9084904193878174,-3.2433128356933594,-3.536339044570923,-3.946760416030884,-4.412909984588623,-4.609645366668701,-4.55190372467041,-4.270549774169922,-3.949019193649292,-3.759080410003662,-3.4251914024353027,-2.954439163208008
-0.31950974464416504,-0.8351154923439026,-2.6077749729156494,-2.988983631134033,-3.5367159843444824,-4.370365142822266,-4.410486221313477,-3.8990633487701416,-3.387326955795288,-3.0257036685943604,-2.980407238006592,-3.2411179542541504,-3.3003413677215576,-2.8305931091308594,-1.939382791519165,-0.9616517424583435,-0.11241775006055832,1.1028839349746704,1.270943284034729,1.0385295152664185,0.5318400859832764,0.10613327473402023,1.2008589506149292,0.15988363325595856,-0.9909023642539978,0.5778267979621887,0.6366148591041565,-0.4925359785556793,0.21249300241470337,0.11752581596374512,-2.2443501949310303,-3.337738275527954,-3.5190558433532715,-3.5401577949523926,-3.775601863861084,-4.040175914764404,-4.256191253662109,-4.438605308532715,-4.314791679382324,-4.1278252601623535,-3.9199280738830566,-3.5841639041900635,-3.1586034297943115
-1.496414303779602,-0.669853687286377,-2.4613585472106934,-3.752794027328491,-3.8944811820983887,-4.212010860443115,-3.874169111251831,-3.3152897357940674,-2.438886880874634,-1.7370365858078003,-1.8270102739334106,-2.144775629043579,-2.0726993083953857,-1.410398006439209,-0.5115593671798706,-0.26911503076553345,-0.2882154583930969,0.7491570711135864,-0.6597442626953125,-0.21937033534049988,0.5520182251930237,-2.285163640975952,-3.465176582336426,-3.440493106842041,-4.119536399841309,-3.821533203125,-2.4545304775238037,-0.9818769693374634,0.5734847187995911,-0.3542613089084625,-2.5329203605651855,-2.7056291103363037,-3.2064998149871826,-3.3078067302703857,-3.4558072090148926,-3.5411763191223145,-4.077685832977295,-4.266132354736328,-4.410192489624023,-4.524954795837402,-4.3728132247924805,-3.8945353031158447,-3.5595645904541016
-6.961989402770996,-4.348786354064941,-3.1594696044921875,-4.168260097503662,-3.849907636642456,-3.2353897094726562,-2.6060280799865723,-1.9660335779190063,-1.2266250848770142,-0.648900032043457,-0.9228410124778748,-1.0233616828918457,-0.6296324729919434,-0.2576889395713806,-0.3391605019569397,-1.747039794921875,-3.862048387527466,-4.77325439453125,-5.262954235076904,-4.736313819885254,-4.048398971557617,-5.382395267486572,-7.743074417114258,-6.4945244789123535,-5.333467960357666,-7.103297710418701,-6.979312896728516,-5.355032920837402,-4.174184322357178,-2.5194621086120605,-1.5932490825653076,-1.208348035812378,-1.8303797245025635,-1.8467316627502441,-2.8459458351135254,-3.7310574054718018,-4.30171537399292,-4.297526836395264,-4.599116802215576,-5.116096496582031,-5.06599235534668,-4.4341349601745605,-3.9021108150482178
-9.050004005432129,-6.6097307205200195,-3.687586545944214,-2.558065176010132,-2.1364800930023193,-1.459547996520996,-0.744468629360199,-0.2984241545200348,-0.5520193576812744,-0.7980118989944458,-1.6689610481262207,-1.4589784145355225,-0.920417308807373,-0.9290149211883545,-3.7921793460845947,-5.5689592361450195,-6.6640849113464355,-9.270408630371094,-8.083834648132324,-7.540722370147705,-6.824839115142822,-3.8489136695861816,-5.054165363311768,-5.996897220611572,-5.257537364959717,-6.028362274169922,-7.002334117889404,-7.770545959472656,-7.614442825317383,-5.688599109649658,-3.2750515937805176,-1.3650240898132324,-1.2249987125396729,-0.29435884952545166,-1.8215428590774536,-3.7140729427337646,-4.418651580810547,-4.610530376434326,-4.997226715087891,-5.52765417098999,-5.4134111404418945,-5.054633617401123,-4.665524005889893
-6.702301979064941,-5.503604412078857,-3.3745882511138916,-0.3821468651294708,0.7426921129226685,0.9766161441802979,0.5265095233917236,-0.640807032585144,-1.1872202157974243,-3.551964044570923,-4.045269012451172,-5.646810531616211,-6.108593463897705,-6.750002384185791,-7.6201171875,-8.332592010498047,-7.9241766929626465,-7.744993209838867,-7.274876594543457,-7.265077114105225,-4.268158435821533,-2.3466482162475586,-1.7930580377578735,-3.4353456497192383,-5.329905986785889,-6.043776035308838,-5.702960014343262,-6.398090362548828,-7.228890895843506,-7.8713226318359375,-6.422813892364502,-6.082286834716797,-4.462002277374268,-2.6211400032043457,-1.624039888381958,-3.0829837322235107,-4.130705833435059,-4.815860748291016,-5.161075592041016,-4.986206531524658,-4.964870452880859,-5.026492118835449,-5.172976016998291
-5.7795610427856445,-4.746322154998779,-2.172752857208252,0.4990271329879761,1.1212481260299683,-0.8128678202629089,-3.8188600540161133,-5.849410057067871,-5.163600444793701,-4.592516899108887,-6.144646644592285,-8.550506591796875,-9.159629821777344,-9.734916687011719,-8.439282417297363,-8.438854217529297,-9.151932716369629,-7.616233825683594,-7.22722864151001,-7.869100570678711,-7.043270587921143,-5.396402835845947,-0.255855917930603,-0.9823276400566101,-3.6696183681488037,-4.176297187805176,-3.366931438446045,-3.8009963035583496,-5.336458206176758,-6.709212779998779,-7.673434734344482,-8.32101058959961,-7.195225715637207,-6.296844482421875,-3.961712121963501,-3.0001325607299805,-3.0032742023468018,-3.570037364959717,-4.172780990600586,-4.102697372436523,-4.146459102630615,-4.217942237854004,-4.33553409576416
-5.6720781326293945,-4.502700328826904,-2.940725088119507,-2.924098491668701,-3.2390615940093994,-6.11656379699707,-8.742058753967285,-9.60498046875,-9.891935348510742,-7.418028831481934,-8.9664888381958,-8.010919570922852,-8.243914604187012,-7.675121784210205,-7.9234232902526855,-8.707980155944824,-8.916328430175781,-8.953195571899414,-8.523744583129883,-8.919225692749023,-11.026815414428711,-10.051280975341797,-6.054355144500732,-3.3995168209075928,-2.1243598461151123,-1.3754336833953857,-0.9780294299125671,-1.6384421586990356,-3.1080543994903564,-4.625167369842529,-5.59613561630249,-5.339984893798828,-6.036112308502197,-7.210973739624023,-5.703957557678223,-2.9285757541656494,-1.2678775787353516,-2.0899715423583984,-3.2056145668029785,-3.5033438205718994,-3.4560892581939697,-3.5246031284332275,-3.556222438812256
-5.684824466705322,-4.9273834228515625,-5.844515800476074,-7.514730930328369,-7.944991111755371,-8.996870040893555,-8.014250755310059,-8.355757713317871,-10.844639778137207,-10.329431533813477,-9.9104585647583,-8.559584617614746,-9.424051284790039,-9.923834800720215,-9.065893173217773,-8.528792381286621,-7.1453094482421875,-6.70093297958374,-6.1539154052734375,-7.333279132843018,-9.48105239868164,-10.934846878051758,-10.884575843811035,-7.4717535972595215,-3.850893020629883,-2.1166021823883057,-2.688269853591919,-4.06649923324585,-3.848676919937134,-4.3503570556640625,-3.7986221313476562,-3.629298686981201,-4.210263729095459,-5.394174098968506,-4.420541763305664,-2.032717704772949,-0.387172132730484,-1.917128562927246,-2.9996752738952637,-3.02481746673584,-2.855236530303955,-3.3264081478118896,-3.431472063064575
-7.331465721130371,-7.784297466278076,-8.854181289672852,-9.968108177185059,-10.206521034240723,-8.398232460021973,-7.3076653480529785,-8.19153881072998,-9.389660835266113,-8.96245288848877,-7.8511857986450195,-8.573473930358887,-8.565396308898926,-10.320282936096191,-9.089983940124512,-6.869648456573486,-5.03599214553833,-3.849379539489746,-3.510477304458618,-4.9630584716796875,-6.91859245300293,-8.484238624572754,-8.905003547668457,-8.335247039794922,-6.902676105499268,-6.4706339836120605,-6.462939739227295,-6.448237895965576,-5.792080402374268,-4.615315914154053,-4.3748459815979,-3.8453872203826904,-3.504438638687134,-3.4677772521972656,-3.760148048400879,-2.7534451484680176,-3.421607732772827,-3.979783296585083,-4.010764122009277,-3.324657917022705,-3.118307113647461,-3.5860579013824463,-3.8132076263427734
-9.490619659423828,-10.598907470703125,-10.449616432189941,-10.13448715209961,-9.75904369354248,-8.349472999572754,-9.285558700561523,-9.435748100280762,-8.645353317260742,-8.789141654968262,-7.3412089347839355,-7.136362552642822,-7.581305980682373,-7.652442455291748,-7.122012138366699,-6.4107441902160645,-5.215211391448975,-3.8416690826416016,-2.82061767578125,-4.532282829284668,-5.836236000061035,-6.80224084854126,-6.3983564376831055,-8.170567512512207,-9.002820014953613,-9.086182594299316,-8.59099006652832,-7.37528133392334,-7.511760711669922,-6.674386024475098,-6.193891525268555,-5.336580276489258,-3.563265085220337,-3.639326810836792,-5.386280536651611,-6.299597263336182,-6.740072250366211,-6.5747270584106445,-5.919444561004639,-4.949404239654541,-4.652126789093018,-4.6096673011779785,-4.880187511444092
