data/wind_data/wind_69_3.json
{"header": {"parameterUnit": "KT", "parameterCategory": 2, "nx": 256, "ny": 198, "lo1": 44.73521041870117, "la1": -3.236724853515625, "lo2": 111.26478576660156, "la2": 43.468475341796875, "dx": 0.2609002888202667, "dy": -0.23708222806453705, "refTime": "2025-02-21 21:00:00", "forecastTime": 0, "parameterNumber": 2, "parameterNumberName": "eastward_wind"}, "data":
[rows 95 to 113 of 198, columns 176 to 219 of 256]
1.3193845748901367,-0.13792245090007782,-0.4461531937122345,0.9469467997550964,2.379985809326172,3.4381585121154785,4.027027606964111,3.72411847114563,3.028911590576172,2.7367630004882812,3.758876323699951,6.5087199211120605,9.69982624053955,8.126508712768555,2.9080851078033447,2.3066916465759277,2.134899854660034,3.1768248081207275,5.453934669494629,7.281564712524414,7.439252853393555,7.819713115692139,8.090555191040039,8.816535949707031,9.548162460327148,9.231553077697754,12.445548057556152,9.875288009643555,5.523621559143066,5.0240559577941895,5.682674884796143,8.704954147338867,10.839038848876953,12.258949279785156,11.801531791687012,12.802106857299805,14.656617164611816,12.966511726379395,10.352554321289062,8.445782661437988,8.959275245666504,9.00957202911377,9.053985595703125,8.078874588012695
4.025650501251221,2.9329140186309814,1.7874000072479248,2.165473699569702,2.7390377521514893,4.563169479370117,5.721534252166748,5.369879722595215,4.189502716064453,3.5756325721740723,5.289106369018555,9.4695463180542,10.924938201904297,8.508929252624512,5.041224002838135,3.892528533935547,3.4020347595214844,2.9038641452789307,3.775994062423706,5.464101791381836,7.279012203216553,8.659931182861328,8.465588569641113,8.984919548034668,9.460049629211426,7.876171112060547,11.751570701599121,11.518280029296875,5.935329437255859,5.335812091827393,6.743480205535889,9.03807544708252,11.628443717956543,13.68416976928711,12.03558349609375,9.467747688293457,12.531725883483887,14.339190483093262,11.415637969970703,10.33169937133789,11.0700101852417,11.320204734802246,11.732686996459961,11.160333633422852
5.196891784667969,5.363733768463135,4.782715797424316,4.819301128387451,4.086034297943115,4.74853515625,6.1023430824279785,6.705002784729004,6.000938892364502,4.837226390838623,7.512955665588379,11.562129974365234,12.204453468322754,8.884953498840332,6.234899997711182,5.490706443786621,6.007019519805908,6.459240913391113,7.144784450531006,6.625516414642334,6.110660552978516,7.005449295043945,7.932828426361084,9.266366004943848,9.285165786743164,7.705038547515869,10.999981880187988,13.588946342468262,7.743698596954346,4.66619873046875,7.746912002563477,10.42353343963623,12.337491035461426,13.859785079956055,12.033415794372559,10.964366912841797,11.322782516479492,12.902129173278809,12.934783935546875,11.571017265319824,11.01252555847168,11.183431625366211,12.129350662231445,12.469427108764648
6.099984645843506,6.136534690856934,6.30155086517334,7.330434799194336,6.751514434814453,6.378265380859375,6.463717937469482,6.8787455558776855,7.151818752288818,6.015693187713623,9.61220932006836,11.987536430358887,11.837486267089844,7.338710308074951,5.525813579559326,5.382421970367432,6.272068977355957,6.611344337463379,7.395628452301025,8.056408882141113,7.941380977630615,7.062501430511475,7.631988525390625,9.540570259094238,9.876364707946777,9.06202507019043,11.119914054870605,13.621589660644531,9.518486022949219,7.424119472503662,10.556041717529297,12.37841510772705,12.792313575744629,13.84066104888916,13.951216697692871,14.485102653503418,13.809465408325195,14.838090896606445,14.122925758361816,11.500597953796387,10.303228378295898,10.896553993225098,12.121576309204102,13.269124031066895
5.659665107727051,6.161009311676025,6.199937343597412,7.757659912109375,8.398963928222656,8.364441871643066,8.324743270874023,8.003399848937988,7.92153787612915,7.603702545166016,11.174469947814941,12.641327857971191,11.600068092346191,7.371927738189697,5.962740898132324,6.14566707611084,6.791938781738281,6.817058563232422,7.3177032470703125,8.006264686584473,8.347620964050293,8.102126121520996,7.980794429779053,9.274967193603516,9.508624076843262,9.16053581237793,10.765359878540039,12.04236125946045,10.468893051147461,10.833040237426758,13.006417274475098,13.670572280883789,13.629881858825684,14.389955520629883,16.013784408569336,17.61224365234375,17.92056655883789,18.28135871887207,16.562715530395508,13.770142555236816,12.766642570495605,12.856698989868164,12.862570762634277,13.213629722595215
1.8934264183044434,4.181735992431641,5.939517021179199,7.626946926116943,8.979782104492188,9.643811225891113,9.910993576049805,9.839900016784668,9.828653335571289,9.54422378540039,12.537557601928711,14.060237884521484,13.126964569091797,9.440375328063965,7.9377946853637695,7.671823978424072,7.435657501220703,7.324580669403076,7.6616010665893555,8.085885047912598,8.692534446716309,8.501829147338867,8.311135292053223,9.060248374938965,8.867914199829102,8.299363136291504,9.766741752624512,11.002655029296875,11.54068374633789,12.317119598388672,13.373041152954102,13.912561416625977,14.071903228759766,14.0741605758667,15.891386032104492,17.828628540039062,19.866880416870117,19.39065933227539,16.73453140258789,15.416775703430176,15.205062866210938,15.074541091918945,13.93031120300293,13.174214363098145
-0.5691640377044678,0.4152543246746063,2.4150145053863525,5.112743377685547,8.287344932556152,10.765678405761719,11.414031982421875,11.697530746459961,12.399144172668457,12.10293960571289,13.35260009765625,14.469989776611328,13.014175415039062,9.230591773986816,8.37285041809082,8.331731796264648,7.939629077911377,7.642446994781494,8.142108917236328,9.137833595275879,9.681900024414062,8.666021347045898,8.228870391845703,9.23502254486084,9.031001091003418,8.658577919006348,9.322549819946289,11.341742515563965,13.197347640991211,14.763102531433105,13.648506164550781,15.613541603088379,16.05845069885254,15.583595275878906,16.55060577392578,18.601526260375977,19.19240951538086,18.051918029785156,17.30005645751953,17.78181266784668,17.851110458374023,17.40511131286621,15.980673789978027,13.783474922180176
0.6829407811164856,0.7036137580871582,0.32784295082092285,0.9534607529640198,3.219367027282715,6.957192420959473,10.231324195861816,12.692373275756836,14.78652286529541,15.173416137695312,14.674190521240234,14.693392753601074,11.796156883239746,7.793749809265137,6.973036289215088,7.598501205444336,8.964954376220703,9.004670143127441,9.604056358337402,10.997299194335938,11.35733699798584,10.310528755187988,8.818587303161621,8.864875793457031,10.225505828857422,9.81169605255127,9.647249221801758,11.85612678527832,14.519875526428223,16.705659866333008,15.710803985595703,14.095061302185059,12.426803588867188,13.668103218078613,16.567983627319336,17.574504852294922,15.37619686126709,14.667455673217773,16.457263946533203,19.13755989074707,20.43634796142578,19.392492294311523,18.10700035095215,17.349925994873047
2.0196330547332764,2.405595541000366,2.7755022048950195,2.43403697013855,2.1278722286224365,3.5242831707000732,5.849653720855713,9.776686668395996,14.38418197631836,17.096073150634766,16.823253631591797,16.248374938964844,13.088302612304688,8.625713348388672,6.704723358154297,7.732218265533447,10.251082420349121,10.644539833068848,11.04420280456543,12.275310516357422,11.946417808532715,11.397027015686035,10.150154113769531,8.65872859954834,9.742050170898438,12.480506896972656,10.726073265075684,11.459555625915527,14.505106925964355,16.60938262939453,15.582803726196289,15.770014762878418,17.329378128051758,19.01032257080078,19.668201446533203,21.188209533691406,21.225526809692383,19.353002548217773,19.50361442565918,21.876859664916992,23.474681854248047,22.597843170166016,21.538454055786133,21.30999755859375
3.7808644771575928,4.042041301727295,4.207437515258789,5.062699794769287,5.288076877593994,4.737029552459717,4.456058979034424,6.129969596862793,10.479806900024414,15.347162246704102,17.53624153137207,17.931743621826172,15.768670082092285,10.918155670166016,8.140952110290527,8.362504959106445,10.240985870361328,11.710140228271484,13.131243705749512,13.87811279296875,14.198848724365234,13.608384132385254,12.0342378616333,9.487832069396973,9.299613952636719,10.810796737670898,11.437324523925781,12.784879684448242,14.637985229492188,16.28030014038086,15.518102645874023,16.341157913208008,18.88204574584961,20.94584846496582,22.39687156677246,23.862346649169922,24.595455169677734,23.0568904876709,22.92157554626465,24.744644165039062,26.16262435913086,25.398147583007812,23.5410213470459,21.726337432861328
4.99775505065918,5.573483943939209,6.233276844024658,6.639848709106445,7.640096187591553,7.5015668869018555,6.141695499420166,5.7584662437438965,7.626659870147705,11.170979499816895,15.004073143005371,16.738065719604492,17.67292022705078,13.32651424407959,9.865723609924316,9.242087364196777,10.164313316345215,11.796040534973145,14.363242149353027,15.85727596282959,15.473698616027832,14.879890441894531,14.281911849975586,12.249387741088867,10.92422103881836,10.888484001159668,12.585423469543457,13.998531341552734,14.953862190246582,16.140905380249023,16.43267822265625,17.35204315185547,19.202560424804688,21.589170455932617,23.891794204711914,26.012659072875977,27.048320770263672,26.293874740600586,26.454540252685547,27.180219650268555,27.643144607543945,26.984661102294922,24.792461395263672,21.77763557434082
6.272803783416748,7.167461395263672,7.823050022125244,7.795200347900391,9.78769302368164,11.226600646972656,9.627287864685059,7.748116493225098,7.609832286834717,9.034045219421387,12.338258743286133,13.439396858215332,16.416149139404297,13.378911018371582,10.126404762268066,10.593754768371582,12.232634544372559,13.383358001708984,15.196718215942383,17.192907333374023,16.84787940979004,15.40173625946045,14.91284465789795,14.34308910369873,13.246294975280762,12.765097618103027,13.739688873291016,15.08761215209961,15.646397590637207,16.000219345092773,16.454029083251953,17.90690040588379,20.8606014251709,23.435461044311523,25.21456527709961,27.407251358032227,28.43077850341797,28.748788833618164,28.678688049316406,28.457761764526367,27.934764862060547,27.54244041442871,26.1757755279541,23.788555145263672
8.1163911819458,9.117956161499023,9.877464294433594,9.292718887329102,11.809117317199707,14.191628456115723,13.750222206115723,11.76352310180664,9.344188690185547,9.197929382324219,11.380328178405762,13.232831954956055,13.883240699768066,12.747366905212402,11.225303649902344,11.407049179077148,13.411317825317383,13.594518661499023,14.870393753051758,16.749330520629883,16.536792755126953,14.912617683410645,14.087571144104004,14.593137741088867,14.265753746032715,14.862279891967773,15.848188400268555,16.71622085571289,17.142913818359375,17.660709381103516,18.540193557739258,19.544170379638672,21.914081573486328,23.77736473083496,24.74506187438965,27.33026695251465,29.342975616455078,29.990488052368164,29.65241241455078,29.202129364013672,29.07611846923828,28.680564880371094,27.182992935180664,25.120256423950195
9.685909271240234,10.985940933227539,11.704195976257324,12.008890151977539,14.059642791748047,16.367979049682617,16.541419982910156,15.750299453735352,13.306634902954102,10.855351448059082,11.058825492858887,13.607158660888672,13.365230560302734,12.806535720825195,12.655069351196289,12.728948593139648,13.266278266906738,13.733123779296875,14.849520683288574,15.155548095703125,15.395621299743652,15.082883834838867,15.845183372497559,16.070486068725586,15.558189392089844,15.471977233886719,17.489986419677734,19.469728469848633,19.715007781982422,19.937847137451172,21.43259620666504,21.91712760925293,22.724241256713867,24.28915023803711,26.399229049682617,28.408952713012695,29.303056716918945,29.23310089111328,30.169185638427734,30.652158737182617,30.70804786682129,30.23339080810547,28.45407485961914,27.211833953857422
10.858450889587402,11.840576171875,12.864360809326172,14.679852485656738,17.120262145996094,18.793453216552734,18.864133834838867,17.838016510009766,17.121562957763672,14.389031410217285,12.341470718383789,13.573081016540527,14.480155944824219,13.44145679473877,12.517959594726562,13.371881484985352,14.042107582092285,14.25511646270752,14.203719139099121,14.188457489013672,14.9119291305542,16.160030364990234,17.353424072265625,17.92115592956543,18.075042724609375,17.78998374938965,18.919179916381836,22.179792404174805,23.130836486816406,22.56732940673828,23.361238479614258,24.28601837158203,24.507823944091797,25.86754035949707,28.155935287475586,29.80998992919922,30.343656539916992,30.04029655456543,31.17937469482422,31.768159866333008,31.77414321899414,31.91666030883789,31.469877243041992,30.540767669677734
12.557188034057617,13.897539138793945,15.557315826416016,17.211593627929688,19.1014347076416,20.281566619873047,20.277141571044922,19.833454132080078,19.26948356628418,17.261728286743164,14.779703140258789,14.666508674621582,15.652615547180176,15.210061073303223,14.068448066711426,12.744043350219727,14.827402114868164,16.348861694335938,16.74197769165039,17.67481231689453,18.92302894592285,20.325849533081055,21.130903244018555,21.424379348754883,20.927473068237305,20.5202693939209,21.203025817871094,24.174463272094727,26.2495174407959,26.259418487548828,26.095754623413086,26.073959350585938,26.464399337768555,27.26007080078125,28.95578956604004,30.779470443725586,31.240882873535156,31.29986572265625,32.037662506103516,32.615745544433594,33.019287109375,33.891021728515625,33.93308639526367,32.63660430908203
16.085506439208984,18.11793327331543,19.849584579467773,21.06001091003418,21.497970581054688,21.518617630004883,22.11696434020996,22.817901611328125,21.471343994140625,18.7924747467041,17.40304183959961,17.740331649780273,18.177661895751953,17.79959487915039,17.523731231689453,13.707200050354004,13.826173782348633,17.521329879760742,19.143835067749023,20.24554443359375,21.449298858642578,22.61095428466797,23.468477249145508,23.32022476196289,21.454940795898438,20.57404327392578,21.780290603637695,24.8603458404541,28.038293838500977,28.810077667236328,28.76911163330078,28.326759338378906,28.190832138061523,28.78565216064453,29.688610076904297,30.98768424987793,31.959627151489258,32.476959228515625,32.7508544921875,33.44511795043945,34.3221435546875,34.997100830078125,34.832054138183594,33.919517517089844
21.797412872314453,23.558395385742188,25.959630966186523,28.102622985839844,27.961767196655273,26.6193904876709,26.450454711914062,26.338035583496094,23.768136978149414,20.70953941345215,20.013124465942383,21.26988410949707,22.298084259033203,21.817903518676758,19.53767967224121,16.621814727783203,11.543689727783203,14.123025894165039,16.229808807373047,18.20126724243164,19.781097412109375,21.06275749206543,21.656503677368164,21.808202743530273,20.576587677001953,18.2349853515625,19.208627700805664,23.135229110717773,28.082561492919922,30.24853515625,29.91203498840332,28.8737735748291,29.363435745239258,30.557239532470703,31.173593521118164,31.960350036621094,33.425498962402344,33.91916275024414,33.528411865234375,34.46456527709961,35.04408645629883,34.696537017822266,34.805118560791016,35.0495719909668
28.426977157592773,29.737592697143555,31.80421257019043,33.254493713378906,32.25371551513672,30.502094268798828,29.28023910522461,27.768056869506836,24.775033950805664,22.05223274230957,21.356201171875,22.272201538085938,24.092206954956055,24.39792251586914,21.423864364624023,18.133451461791992,12.025212287902832,13.647161483764648,14.47470760345459,15.850238800048828,17.6149959564209,20.2860050201416,19.916305541992188,18.33003807067871,18.361181259155273,17.371747970581055,17.128192901611328,18.41387367248535,23.641529083251953,29.324861526489258,29.70331382751465,27.726234436035156,28.519468307495117,30.728668212890625,32.026329040527344,33.0752067565918,34.169342041015625,33.9672737121582,33.58332824707031,34.493324279785156,34.92162322998047,33.59756088256836,33.08742904663086,34.2028923034668
