data/wind_data/wind_52_2.json
{"header": {"parameterUnit": "KT", "parameterCategory": 2, "nx": 256, "ny": 198, "lo1": 44.73521041870117, "la1": -3.236724853515625, "lo2": 111.26478576660156, "la2": 43.468475341796875, "dx": 0.2609002888202667, "dy": -0.23708222806453705, "refTime": "2025-02-21 04:00:00", "forecastTime": 0, "parameterNumber": 2, "parameterNumberName": "eastward_wind"}, "data":
[rows 76 to 94 of 198, columns 0 to 42 of 256]
-4.237351894378662,-5.105317115783691,-5.235504627227783,-4.4596333503723145,-4.993113994598389,-7.86456823348999,-8.349776268005371,-4.881658554077148,0.18970943987369537,3.540214776992798,4.6770148277282715,5.32543420791626,6.949583530426025,6.2840576171875,4.31050968170166,4.474117755889893,7.657654285430908,9.454419136047363,7.476865768432617,5.524425506591797,4.747324466705322,3.8464460372924805,4.886791229248047,2.688720703125,0.5540245771408081,0.3898922801017761,-0.2745971083641052,-0.6991183757781982,-1.0185962915420532,-1.6427934169769287,-1.7838144302368164,-1.3941705226898193,0.4281121492385864,2.8814775943756104,1.4978504180908203,0.39781054854393005,1.724009394645691,2.7766735553741455,0.4119197726249695,1.0487451553344727,0.24297775328159332,-1.5334553718566895,-2.1540298461914062
-4.995746612548828,-5.430970668792725,-5.271496295928955,-5.486390590667725,-9.286581993103027,-11.325418472290039,-11.103527069091797,-7.269767761230469,-1.2624322175979614,3.1926755905151367,5.862401962280273,7.878474235534668,7.861527919769287,7.778717517852783,8.051846504211426,7.094796657562256,7.715539455413818,10.827437400817871,11.586063385009766,8.92121410369873,5.935993671417236,3.504671573638916,3.3104865550994873,3.224189043045044,3.204453945159912,2.589041233062744,1.4507721662521362,0.7837726473808289,0.1258956342935562,0.27153846621513367,1.2600218057632446,1.3666307926177979,1.2854408025741577,1.7549402713775635,2.4271769523620605,2.684631109237671,2.1738245487213135,4.15297794342041,2.4174752235412598,1.4892923831939697,1.6069625616073608,0.3658282458782196,-0.7723698019981384
-4.619173049926758,-3.978848457336426,-2.9048216342926025,-5.147546768188477,-9.954357147216797,-12.609807014465332,-13.330409049987793,-9.560550689697266,-2.6859633922576904,2.901898145675659,6.588626861572266,9.573923110961914,8.02195930480957,6.256717681884766,7.169577598571777,9.250173568725586,11.537524223327637,13.251446723937988,14.838765144348145,13.699885368347168,10.207462310791016,5.631297588348389,2.3800048828125,2.8051598072052,4.3883280754089355,4.725870132446289,4.432918071746826,3.9428529739379883,3.4964044094085693,3.7720842361450195,4.398024559020996,3.666023015975952,1.5108455419540405,0.5257912874221802,0.6996822953224182,1.649967908859253,3.215355396270752,3.7462191581726074,2.896373748779297,2.4596762657165527,2.6965508460998535,1.80318284034729,0.03731833025813103
-3.848489761352539,-2.2895212173461914,-3.2816050052642822,-5.55416202545166,-8.203118324279785,-11.970124244689941,-14.386646270751953,-11.981218338012695,-5.299619674682617,1.1878385543823242,5.701022624969482,9.618462562561035,8.899995803833008,6.7258195877075195,7.102856636047363,8.395758628845215,11.017271995544434,14.803813934326172,17.868955612182617,17.867435455322266,14.774155616760254,10.38733196258545,5.9367828369140625,3.9002459049224854,4.873312950134277,6.531113147735596,7.73887300491333,7.764312744140625,7.460509300231934,7.316502094268799,6.8070902824401855,5.3143744468688965,2.59596586227417,1.1716954708099365,0.4386560916900635,0.01296776719391346,0.7872968912124634,1.1003071069717407,0.7704108953475952,1.026591181755066,1.5736944675445557,1.4818295240402222,0.5597306489944458
-5.323848247528076,-5.1480584144592285,-6.000970840454102,-6.841891288757324,-7.566953182220459,-9.816913604736328,-12.940632820129395,-12.579245567321777,-7.787191867828369,-2.0265860557556152,3.242223024368286,8.55057144165039,11.405533790588379,12.910680770874023,15.371382713317871,17.95917320251465,17.91364288330078,16.15142822265625,17.873332977294922,20.1890926361084,18.484312057495117,14.507390975952148,10.98974323272705,8.040635108947754,6.1157145500183105,7.089419841766357,9.503486633300781,10.61065673828125,10.388887405395508,9.732473373413086,8.374484062194824,6.6891350746154785,4.715761661529541,3.0274457931518555,1.346618890762329,-0.11021795868873596,0.16137497127056122,1.445594072341919,1.593135118484497,0.3004312813282013,-1.3548610210418701,-0.5052743554115295,0.6838155388832092
-5.904824733734131,-6.6919121742248535,-7.563038349151611,-7.927379131317139,-7.803432941436768,-8.358448028564453,-10.317218780517578,-10.784859657287598,-8.359736442565918,-4.713682651519775,-0.4919374883174896,2.934922218322754,5.119009017944336,6.63688850402832,9.59581470489502,14.176275253295898,19.4053897857666,21.67816162109375,20.382612228393555,21.07489013671875,21.018020629882812,18.308120727539062,15.567460060119629,13.385263442993164,10.18022632598877,8.19560718536377,9.462651252746582,11.824610710144043,12.481703758239746,11.501723289489746,9.549437522888184,7.825357913970947,6.712422847747803,5.02282190322876,2.695551633834839,0.9311316609382629,1.4484012126922607,2.9736430644989014,3.5970003604888916,-0.13574686646461487,-4.649033546447754,-2.615823984146118,-0.11821019649505615
-5.754777908325195,-6.927463054656982,-8.086909294128418,-9.14120864868164,-8.886290550231934,-8.6981840133667,-8.844954490661621,-9.637333869934082,-9.483648300170898,-8.748345375061035,-7.684288024902344,-6.92410945892334,-6.18377685546875,-4.57528018951416,-1.1710811853408813,4.0247907638549805,10.43229866027832,17.63189697265625,20.58447265625,21.326873779296875,22.175031661987305,21.21869468688965,19.340011596679688,18.055419921875,15.599763870239258,11.878561973571777,9.509254455566406,10.91064739227295,12.95379638671875,13.213078498840332,11.14937686920166,9.008098602294922,8.12732219696045,6.537034034729004,4.40326452255249,2.9002232551574707,3.0471372604370117,3.6492505073547363,3.540026903152466,-1.1305999755859375,-5.025321006774902,-3.593376636505127,-2.2706856727600098
-5.014418125152588,-6.495204448699951,-7.753716468811035,-8.862483024597168,-8.909462928771973,-8.674297332763672,-8.009786605834961,-8.055309295654297,-7.188677787780762,-6.335413455963135,-6.330310344696045,-6.585256576538086,-6.960212230682373,-6.683530807495117,-4.960312843322754,-1.3706165552139282,4.310538291931152,11.510581970214844,17.193511962890625,19.922449111938477,22.003000259399414,22.693622589111328,21.88595199584961,21.39963722229004,19.94578742980957,16.497119903564453,13.563240051269531,11.899426460266113,12.191514015197754,13.258195877075195,12.440814018249512,10.143387794494629,8.896186828613281,7.6951398849487305,6.167715549468994,4.9859185218811035,4.583871841430664,4.466815948486328,2.8764851093292236,-1.4754670858383179,-2.377545118331909,-2.5732064247131348,-2.768134117126465
-3.7244575023651123,-5.399158000946045,-6.962620735168457,-8.360090255737305,-8.971833229064941,-8.143025398254395,-7.501133918762207,-7.8544697761535645,-8.136880874633789,-7.781080722808838,-7.659832000732422,-7.848526477813721,-8.474968910217285,-8.98288631439209,-8.343832969665527,-6.21114444732666,-1.9987902641296387,5.495596885681152,12.82895278930664,17.40928077697754,20.628376007080078,22.455224990844727,22.87479591369629,23.030122756958008,22.530427932739258,20.337190628051758,16.884260177612305,14.656951904296875,14.64711856842041,15.057317733764648,14.084921836853027,11.608614921569824,9.927923202514648,8.777425765991211,7.727278709411621,7.0510053634643555,6.236879348754883,5.137600421905518,2.071835517883301,-0.7872073650360107,0.6874457001686096,-0.685168981552124,-2.0172126293182373
-2.629629135131836,-4.284727096557617,-6.259014129638672,-8.14865779876709,-9.51917839050293,-8.341897964477539,-7.380671977996826,-6.809939384460449,-6.971138954162598,-7.643218040466309,-8.017355918884277,-8.203839302062988,-8.418597221374512,-8.954891204833984,-9.098322868347168,-8.572278022766113,-7.117709636688232,-2.0983426570892334,6.481841564178467,13.650810241699219,18.69877815246582,21.70794105529785,22.707094192504883,23.094398498535156,23.315242767333984,22.584836959838867,19.81247329711914,17.098308563232422,16.06291961669922,16.547212600708008,16.132797241210938,13.713655471801758,11.415125846862793,9.886872291564941,8.9641752243042,8.769011497497559,7.996901035308838,5.9620890617370605,2.113807439804077,0.7468370795249939,2.8236076831817627,1.0479766130447388,-1.0722757577896118
-2.1033878326416016,-3.541212320327759,-5.591191291809082,-7.947293758392334,-9.858518600463867,-8.5753812789917,-8.058171272277832,-6.662851333618164,-6.302198886871338,-7.1478471755981445,-8.333395957946777,-9.099041938781738,-9.159783363342285,-9.270791053771973,-9.278136253356934,-9.028533935546875,-9.221536636352539,-8.341569900512695,-2.5278332233428955,6.3579864501953125,14.80201530456543,20.672985076904297,22.85528564453125,23.315988540649414,23.586490631103516,23.67238426208496,22.280166625976562,19.663496017456055,17.39411163330078,16.87018394470215,17.092044830322266,15.600607872009277,13.179986000061035,11.184267044067383,10.053360939025879,10.0480318069458,9.608016014099121,7.1174397468566895,3.2461397647857666,2.675929069519043,4.400829315185547,2.7036893367767334,0.095067098736763
-2.2433431148529053,-3.7283406257629395,-5.4901509284973145,-8.163925170898438,-10.701848030090332,-8.66541862487793,-8.617003440856934,-7.363821029663086,-6.282983779907227,-6.29886531829834,-7.636658668518066,-9.196330070495605,-9.549448013305664,-9.318976402282715,-9.392309188842773,-9.217674255371094,-9.421995162963867,-10.400066375732422,-9.364537239074707,-2.7847373485565186,7.5616455078125,17.13606834411621,22.177947998046875,23.637653350830078,24.10709571838379,24.6593074798584,24.37763214111328,22.371870040893555,19.623910903930664,17.80731201171875,17.615629196166992,17.150556564331055,15.223748207092285,12.993694305419922,11.383525848388672,11.002241134643555,10.760751724243164,8.377243041992188,5.0901198387146,4.793697357177734,5.749730587005615,4.251647472381592,1.507636547088623
-2.89754056930542,-3.895129442214966,-5.873769283294678,-8.772911071777344,-11.743987083435059,-9.609569549560547,-9.630435943603516,-8.646482467651367,-7.089543342590332,-6.155822277069092,-6.585004806518555,-8.212947845458984,-9.232077598571777,-9.07443904876709,-9.112387657165527,-9.280454635620117,-9.527082443237305,-10.412612915039062,-11.122696876525879,-8.797321319580078,-0.8324613571166992,10.215401649475098,18.916046142578125,23.12733268737793,24.45601463317871,25.47753143310547,26.329273223876953,25.237886428833008,22.469282150268555,19.644824981689453,18.26317596435547,18.147703170776367,17.16966438293457,15.323272705078125,13.614375114440918,12.527608871459961,11.833107948303223,9.628217697143555,6.982060432434082,6.687121391296387,7.022010326385498,5.58450984954834,2.826287031173706
-3.88128399848938,-4.982446670532227,-7.083745956420898,-10.037367820739746,-12.796791076660156,-11.11118221282959,-10.881080627441406,-9.949070930480957,-8.223980903625488,-6.837721824645996,-6.537154197692871,-7.18148136138916,-8.016677856445312,-8.30329704284668,-8.476856231689453,-8.785593032836914,-9.090797424316406,-9.65768814086914,-10.689432144165039,-10.087421417236328,-6.205828666687012,2.2764687538146973,12.391007423400879,20.12603187561035,24.10272216796875,25.758020401000977,27.143922805786133,27.521236419677734,25.619768142700195,22.429298400878906,19.578462600708008,18.410207748413086,18.228166580200195,17.352113723754883,15.943228721618652,14.640225410461426,13.422276496887207,11.14096736907959,8.693580627441406,8.166375160217285,8.184720993041992,6.790432453155518,4.136500358581543
-4.900770664215088,-6.393214702606201,-8.660184860229492,-11.463534355163574,-13.98070240020752,-12.19677734375,-11.813189506530762,-11.0934419631958,-9.479926109313965,-7.959874153137207,-7.233658313751221,-7.007073879241943,-6.968445777893066,-7.189452171325684,-7.6943464279174805,-8.172944068908691,-8.618362426757812,-8.82048511505127,-9.135799407958984,-9.446614265441895,-7.61903190612793,-2.9458961486816406,4.884117603302002,13.72386646270752,20.74005126953125,24.836715698242188,27.070568084716797,28.54716682434082,28.32697105407715,25.92160415649414,22.317047119140625,19.026155471801758,17.957637786865234,18.288410186767578,17.837268829345703,16.670795440673828,15.215204238891602,12.985092163085938,10.530253410339355,9.612456321716309,9.238247871398926,7.959954261779785,5.545267581939697
-4.847241401672363,-6.611973762512207,-8.761392593383789,-11.718503952026367,-14.968486785888672,-13.066285133361816,-12.386905670166016,-11.871477127075195,-10.901836395263672,-9.823795318603516,-8.721086502075195,-7.717831611633301,-6.857215404510498,-6.511075496673584,-7.041227340698242,-7.653276443481445,-8.373048782348633,-8.914480209350586,-8.49457836151123,-8.044099807739258,-7.7683539390563965,-5.304052829742432,-0.2423112988471985,6.473764896392822,13.831708908081055,19.95387077331543,24.194839477539062,27.252212524414062,29.19380760192871,28.954317092895508,26.3688907623291,22.086519241333008,18.223302841186523,17.660669326782227,18.548357009887695,18.381717681884766,17.11861228942871,15.07271671295166,12.609997749328613,11.233813285827637,10.344676971435547,9.10226821899414,7.011020660400391
-4.408975601196289,-6.028775691986084,-8.03991985321045,-10.97019100189209,-14.714256286621094,-13.52206802368164,-12.652815818786621,-12.1839017868042,-11.850306510925293,-11.394180297851562,-10.419931411743164,-9.004497528076172,-7.541179656982422,-6.662378787994385,-6.82363224029541,-7.547544956207275,-8.403326034545898,-9.06982707977295,-8.623442649841309,-7.841736793518066,-7.774080276489258,-6.474591255187988,-2.8341879844665527,1.9404529333114624,7.350767135620117,13.191425323486328,18.65409278869629,23.43561553955078,27.36164665222168,29.675806045532227,29.464534759521484,26.400739669799805,21.160619735717773,17.48079490661621,17.887075424194336,19.155960083007812,18.76214599609375,17.083797454833984,14.801043510437012,12.941320419311523,11.522961616516113,10.178948402404785,8.322235107421875
-4.621654033660889,-5.431240558624268,-7.177784442901611,-9.392542839050293,-11.89024543762207,-12.841246604919434,-12.696891784667969,-12.165257453918457,-11.695390701293945,-11.542950630187988,-11.502630233764648,-10.595458984375,-8.646068572998047,-7.185030937194824,-6.9439287185668945,-7.609672546386719,-8.7290620803833,-9.498825073242188,-8.684812545776367,-7.537088871002197,-7.939639091491699,-7.497422218322754,-4.5075273513793945,0.20726311206817627,4.160409927368164,8.231046676635742,12.95865535736084,18.11672019958496,23.045560836791992,27.319774627685547,29.95218276977539,29.439468383789062,25.350502014160156,19.880138397216797,17.457656860351562,18.863285064697266,19.93221664428711,18.714805603027344,16.697938919067383,14.69633960723877,12.768410682678223,11.198541641235352,9.456658363342285
-4.7634735107421875,-4.439297676086426,-5.811792373657227,-7.054141998291016,-7.258037090301514,-10.588350296020508,-11.782382011413574,-12.01471996307373,-11.824145317077637,-11.621206283569336,-12.004522323608398,-11.978060722351074,-10.43860912322998,-8.28977108001709,-7.104446887969971,-7.3408660888671875,-8.673324584960938,-9.911481857299805,-9.027334213256836,-7.083879470825195,-7.236728191375732,-7.912811279296875,-6.3820109367370605,-1.719039797782898,2.921485185623169,6.320760726928711,9.64657974243164,13.708719253540039,18.22968101501465,22.951141357421875,27.28656578063965,29.791719436645508,28.8570613861084,24.712142944335938,19.705543518066406,18.047504425048828,19.529447555541992,19.70627784729004,18.097524642944336,16.19108772277832,14.050511360168457,12.211723327636719,10.48352336883545
