data/wind_data/wind_48_0.json
{"header": {"parameterUnit": "KT", "parameterCategory": 2, "nx": 255, "ny": 198, "lo1": 44.73521041870117, "la1": -3.236724853515625, "lo2": 111.26478576660156, "la2": 43.468475341796875, "dx": 0.26192745566368103, "dy": -0.23708222806453705, "refTime": "2025-02-21 00:00:00", "forecastTime": 0, "parameterNumber": 2, "parameterNumberName": "eastward_wind"}, "data":
[rows 19 to 37 of 198, columns 0 to 42 of 255]
-10.882710456848145,-14.445094108581543,-17.26907730102539,-18.366817474365234,-17.532033920288086,-17.548364639282227,-17.711313247680664,-16.91107940673828,-15.59162425994873,-14.264269828796387,-14.07756233215332,-14.934876441955566,-16.074623107910156,-16.293895721435547,-15.504142761230469,-14.025514602661133,-12.017548561096191,-10.370378494262695,-11.097174644470215,-13.376644134521484,-12.834585189819336,-9.765708923339844,-8.305500984191895,-9.11264419555664,-10.5726900100708,-10.608779907226562,-7.623023509979248,-4.730772018432617,-3.76899790763855,-3.3225064277648926,-5.952014446258545,-12.082931518554688,-14.254945755004883,-10.281529426574707,-7.663541316986084,-8.956462860107422,-10.506053924560547,-12.024554252624512,-13.167387962341309,-14.240082740783691,-14.357020378112793,-13.684303283691406,-13.20704174041748
-7.938570499420166,-8.305983543395996,-11.316847801208496,-17.309328079223633,-17.15245246887207,-16.258651733398438,-16.090513229370117,-15.236560821533203,-14.562156677246094,-14.183035850524902,-14.96672534942627,-16.187950134277344,-16.782413482666016,-16.22797203063965,-15.176362991333008,-13.809548377990723,-11.96472454071045,-10.952340126037598,-12.390082359313965,-13.789904594421387,-11.068899154663086,-6.617533206939697,-5.052992343902588,-7.017874717712402,-10.145560264587402,-10.00859260559082,-6.592860698699951,-4.480625629425049,-4.524367809295654,-5.0603108406066895,-9.646323204040527,-14.149038314819336,-13.372870445251465,-9.926019668579102,-7.665734767913818,-7.291141986846924,-7.205811977386475,-9.486660957336426,-12.696098327636719,-14.395387649536133,-14.35304069519043,-13.564289093017578,-13.27021312713623
-7.872684955596924,-8.349969863891602,-8.389104843139648,-10.239209175109863,-14.523301124572754,-15.286489486694336,-15.227810859680176,-15.338255882263184,-15.632952690124512,-16.29598617553711,-16.836252212524414,-16.906139373779297,-16.33577537536621,-15.484222412109375,-14.676555633544922,-13.966496467590332,-13.489814758300781,-13.586128234863281,-13.905494689941406,-12.976061820983887,-10.168445587158203,-7.7102837562561035,-8.936056137084961,-12.823600769042969,-13.564952850341797,-9.949579238891602,-7.407345771789551,-7.790761470794678,-8.063082695007324,-8.880481719970703,-12.217072486877441,-14.000303268432617,-12.160995483398438,-10.523694038391113,-10.273173332214355,-9.454107284545898,-7.841678619384766,-6.03944206237793,-7.5345635414123535,-11.804466247558594,-14.236726760864258,-14.851558685302734,-14.375016212463379
-7.979374408721924,-8.125850677490234,-8.021190643310547,-8.55964183807373,-8.426050186157227,-10.69088363647461,-13.885379791259766,-14.59041690826416,-15.866830825805664,-17.49593734741211,-17.60120391845703,-16.382455825805664,-15.054908752441406,-13.777527809143066,-13.376298904418945,-13.990178108215332,-14.554566383361816,-14.326940536499023,-13.556314468383789,-12.307862281799316,-10.937618255615234,-11.261884689331055,-13.509726524353027,-14.357763290405273,-11.768012046813965,-8.823467254638672,-9.103453636169434,-10.6967191696167,-10.647390365600586,-10.701990127563477,-11.757232666015625,-11.547430038452148,-10.5042085647583,-10.248344421386719,-10.242534637451172,-10.015395164489746,-9.835387229919434,-9.692544937133789,-9.224002838134766,-9.462285041809082,-11.901179313659668,-14.52443790435791,-14.583125114440918
-7.959447860717773,-8.100762367248535,-8.758685111999512,-11.841670036315918,-12.260344505310059,-10.220681190490723,-9.985642433166504,-13.018840789794922,-15.247282028198242,-16.758399963378906,-16.78443145751953,-15.337173461914062,-14.122943878173828,-13.501909255981445,-13.791470527648926,-14.289648056030273,-13.840985298156738,-12.77253246307373,-12.344934463500977,-12.045886039733887,-11.175151824951172,-11.132515907287598,-11.5387601852417,-10.359395027160645,-8.231769561767578,-7.90257453918457,-9.775168418884277,-11.121580123901367,-10.365198135375977,-9.299768447875977,-10.231756210327148,-11.58570671081543,-10.912293434143066,-9.430333137512207,-9.413649559020996,-10.293811798095703,-10.189338684082031,-9.063258171081543,-7.785429000854492,-6.286084175109863,-5.453365325927734,-9.490583419799805,-12.879297256469727
-8.146397590637207,-7.956323623657227,-8.702384948730469,-10.704075813293457,-12.26566219329834,-10.900341987609863,-9.824185371398926,-11.066375732421875,-14.503331184387207,-14.979118347167969,-14.147199630737305,-13.401646614074707,-13.82598876953125,-15.533522605895996,-15.472441673278809,-13.034844398498535,-11.19356632232666,-11.323247909545898,-11.842822074890137,-11.407214164733887,-10.37447452545166,-10.102038383483887,-10.654052734375,-10.360926628112793,-10.028684616088867,-10.81646728515625,-11.104890823364258,-10.525802612304688,-9.644609451293945,-9.177654266357422,-9.488181114196777,-10.544602394104004,-10.046318054199219,-8.209940910339355,-8.722066879272461,-9.790580749511719,-7.865365505218506,-5.987667560577393,-6.863450050354004,-6.858700752258301,-4.460793972015381,-3.962614059448242,-8.422523498535156
-6.741628646850586,-6.921629905700684,-8.115078926086426,-10.555167198181152,-12.526834487915039,-11.589517593383789,-11.037040710449219,-10.79869556427002,-10.760211944580078,-12.456254959106445,-12.61076545715332,-12.373788833618164,-14.0798978805542,-16.22418212890625,-14.9258394241333,-11.533740043640137,-10.282145500183105,-11.357523918151855,-12.143293380737305,-11.345231056213379,-11.023038864135742,-11.577001571655273,-11.94100570678711,-11.93028736114502,-12.039653778076172,-11.588815689086914,-9.305270195007324,-7.715126991271973,-9.416552543640137,-11.85216236114502,-11.429443359375,-9.677508354187012,-8.686546325683594,-8.487183570861816,-9.843732833862305,-10.521892547607422,-7.804205894470215,-5.054147243499756,-5.741253852844238,-6.292762756347656,-3.3339033126831055,-0.5472057461738586,-6.226240158081055
-6.38137674331665,-6.8036932945251465,-8.073532104492188,-10.705689430236816,-12.264482498168945,-11.116402626037598,-10.292098045349121,-9.881409645080566,-9.462340354919434,-10.485284805297852,-13.983695983886719,-15.443154335021973,-15.565179824829102,-15.53549861907959,-14.553812980651855,-13.102558135986328,-12.122503280639648,-12.110990524291992,-12.679340362548828,-12.41422176361084,-11.964242935180664,-11.544109344482422,-10.90406322479248,-11.011504173278809,-11.469304084777832,-10.59508991241455,-8.440287590026855,-8.190245628356934,-11.358637809753418,-14.344929695129395,-13.183669090270996,-10.77669906616211,-10.446127891540527,-10.613574981689453,-10.908308029174805,-11.6516752243042,-10.8820161819458,-8.37697696685791,-5.786790370941162,-3.002664089202881,-0.7420259118080139,-2.6654820442199707,-9.970879554748535
-6.9826178550720215,-7.040616989135742,-8.492072105407715,-11.859766006469727,-12.650029182434082,-10.462042808532715,-9.252256393432617,-8.688968658447266,-8.769986152648926,-9.540204048156738,-12.148816108703613,-15.24440860748291,-14.790325164794922,-13.529330253601074,-13.654925346374512,-13.055719375610352,-10.98548412322998,-10.729524612426758,-12.826288223266602,-13.430027961730957,-11.820390701293945,-11.062629699707031,-11.475425720214844,-11.559893608093262,-11.429945945739746,-11.368514060974121,-11.41295337677002,-11.844223022460938,-12.976849555969238,-14.010284423828125,-13.248781204223633,-11.918671607971191,-11.79489517211914,-11.12271785736084,-10.052530288696289,-10.977871894836426,-11.703925132751465,-8.629389762878418,-4.1554694175720215,-2.0265684127807617,-2.795879364013672,-9.971495628356934,-16.331327438354492
-7.163879871368408,-6.900540828704834,-8.613227844238281,-12.884048461914062,-12.549720764160156,-9.805073738098145,-8.91524887084961,-8.578213691711426,-8.858802795410156,-9.113513946533203,-9.720809936523438,-11.674537658691406,-14.440180778503418,-14.37226390838623,-13.815170288085938,-11.959174156188965,-9.140193939208984,-9.807964324951172,-13.253947257995605,-13.696309089660645,-11.458342552185059,-11.391289710998535,-12.64283561706543,-12.243102073669434,-11.123417854309082,-11.529263496398926,-12.734251022338867,-13.078155517578125,-12.71875286102295,-12.293447494506836,-11.599449157714844,-10.845176696777344,-10.645227432250977,-10.594161987304688,-9.988476753234863,-9.597373962402344,-9.24203109741211,-7.544790267944336,-5.61708402633667,-5.313218116760254,-7.4963226318359375,-12.640703201293945,-15.048627853393555
-6.126144886016846,-6.344414710998535,-9.703125953674316,-14.061286926269531,-12.197627067565918,-9.185359954833984,-8.843583106994629,-8.478867530822754,-8.798200607299805,-8.957249641418457,-9.474374771118164,-10.822063446044922,-13.517870903015137,-13.587080001831055,-12.333279609680176,-11.488004684448242,-11.141828536987305,-11.458789825439453,-12.555206298828125,-12.860397338867188,-11.981669425964355,-11.586488723754883,-11.689373016357422,-11.074418067932129,-10.67878532409668,-11.589484214782715,-12.608668327331543,-12.724051475524902,-12.673545837402344,-12.267695426940918,-10.745285987854004,-9.410009384155273,-10.123071670532227,-11.899603843688965,-11.719742774963379,-9.63020133972168,-7.940792560577393,-7.8685994148254395,-9.178976058959961,-9.298977851867676,-8.36913013458252,-10.24072551727295,-12.706326484680176
-5.8753204345703125,-6.702020168304443,-10.88209342956543,-14.269140243530273,-11.507460594177246,-8.620378494262695,-8.849895477294922,-8.373373985290527,-8.223082542419434,-8.602006912231445,-9.807883262634277,-10.59292984008789,-10.257043838500977,-10.723150253295898,-10.650298118591309,-11.556316375732422,-13.295641899108887,-13.07297134399414,-11.512636184692383,-11.188593864440918,-11.841696739196777,-11.649274826049805,-11.601359367370605,-11.497577667236328,-10.952108383178711,-11.584098815917969,-12.64269733428955,-13.0170259475708,-13.15572452545166,-13.156813621520996,-11.486638069152832,-9.200776100158691,-9.861408233642578,-12.59482479095459,-12.388339042663574,-9.510571479797363,-7.86862325668335,-7.473577499389648,-8.054817199707031,-9.179228782653809,-9.169149398803711,-9.343449592590332,-10.353322982788086
-7.571808815002441,-9.103447914123535,-11.651472091674805,-12.702773094177246,-10.421079635620117,-8.144806861877441,-8.622917175292969,-9.035734176635742,-9.017906188964844,-9.076247215270996,-9.559782981872559,-10.291641235351562,-10.083667755126953,-9.307047843933105,-10.906343460083008,-11.818147659301758,-12.422920227050781,-12.23626708984375,-10.92300796508789,-10.662342071533203,-11.367936134338379,-11.619227409362793,-12.147245407104492,-12.349675178527832,-11.002166748046875,-10.399897575378418,-11.640076637268066,-12.602959632873535,-12.434347152709961,-12.219593048095703,-11.777076721191406,-11.086604118347168,-11.229084014892578,-11.838129043579102,-11.090715408325195,-9.333888053894043,-8.64127254486084,-7.4868645668029785,-6.124921798706055,-8.203500747680664,-10.686731338500977,-10.191956520080566,-9.33496379852295
-10.205303192138672,-12.371349334716797,-12.729723930358887,-11.546929359436035,-10.216514587402344,-8.566751480102539,-8.238570213317871,-8.930658340454102,-9.346893310546875,-9.158080101013184,-9.12552261352539,-9.003332138061523,-8.46269416809082,-8.520064353942871,-10.803991317749023,-11.979565620422363,-12.067214012145996,-12.086280822753906,-11.892881393432617,-11.324735641479492,-11.135284423828125,-11.122235298156738,-11.937263488769531,-12.844088554382324,-12.033638954162598,-10.919724464416504,-11.140262603759766,-11.799367904663086,-11.764396667480469,-11.639066696166992,-12.181262969970703,-12.528438568115234,-11.86141300201416,-10.574395179748535,-9.515891075134277,-9.64088249206543,-9.968758583068848,-8.114717483520508,-6.526318073272705,-9.499692916870117,-12.51811408996582,-11.73372745513916,-9.678506851196289
-12.875518798828125,-15.181806564331055,-13.4182710647583,-9.865926742553711,-9.255971908569336,-8.837394714355469,-8.557191848754883,-8.804864883422852,-9.303316116333008,-9.345011711120605,-9.474146842956543,-9.370662689208984,-8.738738059997559,-8.015676498413086,-8.994181632995605,-12.2225341796875,-12.587773323059082,-11.94680404663086,-11.864049911499023,-11.508787155151367,-11.148916244506836,-10.984114646911621,-11.20043659210205,-12.20594310760498,-12.217455863952637,-11.418331146240234,-11.434303283691406,-11.78496265411377,-12.02790355682373,-12.339455604553223,-12.55613899230957,-12.275944709777832,-11.080256462097168,-9.89797306060791,-9.740280151367188,-10.10190486907959,-9.618782043457031,-7.946364879608154,-7.941312313079834,-11.035059928894043,-12.53758430480957,-10.639780044555664,-8.784619331359863
-13.266180992126465,-15.216593742370605,-12.881953239440918,-9.20219612121582,-7.386560916900635,-7.729255676269531,-8.146161079406738,-8.594019889831543,-9.509811401367188,-9.864330291748047,-9.957158088684082,-9.96142292022705,-9.040653228759766,-8.525494575500488,-9.040050506591797,-10.256011962890625,-11.753131866455078,-11.282631874084473,-11.210118293762207,-11.792316436767578,-11.832676887512207,-11.583950996398926,-11.032882690429688,-11.358902931213379,-12.265398979187012,-12.499058723449707,-12.337145805358887,-11.919350624084473,-11.673590660095215,-11.964451789855957,-11.856229782104492,-11.143158912658691,-10.669672012329102,-10.4218111038208,-10.208589553833008,-9.923661231994629,-9.1753568649292,-9.189404487609863,-10.595687866210938,-11.693873405456543,-11.470475196838379,-10.824050903320312,-10.06320858001709
-11.968523025512695,-13.090700149536133,-11.355789184570312,-8.84969425201416,-7.061988353729248,-7.620580196380615,-8.285696983337402,-8.676849365234375,-9.913640975952148,-10.389080047607422,-9.982560157775879,-9.699323654174805,-9.419942855834961,-10.02511215209961,-10.097423553466797,-9.396049499511719,-10.703153610229492,-11.04594898223877,-10.969937324523926,-11.507075309753418,-11.59420108795166,-11.542073249816895,-11.343974113464355,-11.186982154846191,-12.089356422424316,-12.694238662719727,-12.61181640625,-12.128963470458984,-11.740138053894043,-12.001344680786133,-11.99044132232666,-11.444950103759766,-11.212032318115234,-11.003281593322754,-10.089681625366211,-9.432377815246582,-9.43035888671875,-9.794001579284668,-9.918500900268555,-9.619475364685059,-10.749481201171875,-11.790204048156738,-10.514297485351562
-11.263537406921387,-11.95757007598877,-10.624095916748047,-8.610461235046387,-6.691835880279541,-7.497418403625488,-8.504847526550293,-8.836828231811523,-9.700665473937988,-10.22278881072998,-9.48645305633545,-8.809032440185547,-9.27874755859375,-10.194868087768555,-9.71333122253418,-8.501059532165527,-9.2821626663208,-11.467774391174316,-10.757192611694336,-10.58968734741211,-11.16953182220459,-11.322694778442383,-11.44494915008545,-11.218875885009766,-11.254390716552734,-11.871832847595215,-12.431743621826172,-12.456564903259277,-12.007120132446289,-11.72957706451416,-11.89680004119873,-11.774070739746094,-11.515869140625,-11.031773567199707,-10.115474700927734,-9.696364402770996,-9.930929183959961,-9.755938529968262,-8.483821868896484,-8.483996391296387,-11.319223403930664,-12.525945663452148,-9.201180458068848
-10.97728157043457,-10.746967315673828,-9.519811630249023,-8.222469329833984,-6.84336519241333,-6.858964920043945,-9.275044441223145,-9.724584579467773,-9.596661567687988,-9.213089942932129,-8.811694145202637,-8.767951965332031,-9.02659797668457,-8.985219955444336,-8.363594055175781,-8.129617691040039,-9.71733283996582,-11.49683952331543,-10.751378059387207,-10.59376049041748,-11.21490478515625,-11.147238731384277,-11.299467086791992,-11.393834114074707,-11.016290664672852,-11.324128150939941,-12.237918853759766,-12.606264114379883,-12.053632736206055,-11.731446266174316,-11.715351104736328,-11.69234561920166,-11.626004219055176,-11.007208824157715,-10.104863166809082,-9.749094009399414,-9.758920669555664,-9.210619926452637,-9.728029251098633,-11.173412322998047,-11.914645195007324,-11.19571304321289,-9.148194313049316
