data/wind_data/wind_56_1.json
{"header": {"parameterUnit": "KT", "parameterCategory": 2, "nx": 256, "ny": 198, "lo1": 44.73521041870117, "la1": -3.236724853515625, "lo2": 111.26478576660156, "la2": 43.468475341796875, "dx": 0.2609002888202667, "dy": -0.23708222806453705, "refTime": "2025-02-21 08:00:00", "forecastTime": 0, "parameterNumber": 2, "parameterNumberName": "eastward_wind"}, "data":
[rows 152 to 170 of 198, columns 86 to 128 of 256]
0.7452383637428284,3.8432185649871826,4.685105323791504,-0.5734270811080933,-3.0415539741516113,-3.88299298286438,-1.4892255067825317,-8.130274772644043,-6.354530334472656,-9.477401733398438,-5.034440040588379,-3.0891666412353516,-1.4413691759109497,2.10347318649292,5.270174980163574,3.141730785369873,-0.585403561592102,-3.33203125,1.1029424667358398,3.3023264408111572,0.7222926616668701,-3.59670090675354,-7.450957298278809,-12.673421859741211,-12.763335227966309,-14.825510025024414,-11.9319486618042,-6.3993754386901855,-8.385929107666016,-6.465696811676025,-3.2529542446136475,-0.6829176545143127,4.416776657104492,9.854294776916504,12.046680450439453,13.362218856811523,12.46854305267334,9.180087089538574,8.815260887145996,7.78784704208374,4.856273651123047,7.953561305999756,16.072065353393555
-0.42999154329299927,2.2346906661987305,4.42456579208374,1.7476420402526855,-1.863510251045227,-5.508740425109863,-3.100839853286743,-6.36700963973999,-5.412593841552734,-7.038463115692139,-6.524531364440918,-1.0332411527633667,3.359753370285034,3.3241586685180664,-4.20513916015625,-6.469686508178711,-5.212662696838379,-3.5225400924682617,-1.7126928567886353,-2.6688361167907715,-5.777618885040283,-9.630664825439453,-9.956978797912598,-13.313617706298828,-13.851229667663574,-16.196533203125,-12.886053085327148,-7.836421966552734,-6.564075946807861,-2.25956130027771,0.8095099329948425,3.129622220993042,6.8621649742126465,11.312278747558594,13.393904685974121,6.6986775398254395,4.621983528137207,6.0367021560668945,12.651888847351074,7.293813228607178,3.625582695007324,10.603935241699219,18.612247467041016
1.5565845966339111,3.4674947261810303,5.53053092956543,3.9613375663757324,-0.5582017302513123,-7.870917320251465,-7.821047782897949,-4.757465839385986,-5.175862789154053,-7.506847858428955,-6.839813232421875,-1.5209040641784668,0.7185360193252563,-8.754995346069336,-15.06701374053955,-6.4355244636535645,-6.155756950378418,-3.9576823711395264,-6.614158630371094,-8.573108673095703,-9.298989295959473,-7.412467002868652,-7.526291847229004,-12.501425743103027,-13.819519996643066,-13.573566436767578,-11.157060623168945,-8.35538387298584,-1.5060979127883911,2.3603672981262207,2.5418624877929688,5.573135852813721,7.892035961151123,11.646333694458008,12.949544906616211,7.199321269989014,8.019684791564941,10.460295677185059,14.139135360717773,6.611924171447754,6.01268196105957,15.600639343261719,21.09880256652832
4.524016380310059,8.1340970993042,7.746385097503662,5.072990894317627,-3.830336093902588,-14.243210792541504,-9.164168357849121,-5.925387859344482,-4.882573127746582,-0.7726020812988281,-9.212350845336914,-7.219711780548096,-6.774683475494385,-10.406705856323242,-12.818401336669922,-9.252215385437012,-4.778080940246582,0.6549254059791565,-7.3955183029174805,-12.589679718017578,-10.801766395568848,-9.548873901367188,-3.1715614795684814,0.18587352335453033,-6.899982452392578,-5.989023208618164,-5.170090675354004,-7.134270668029785,-0.3665897846221924,3.2196388244628906,4.424452781677246,6.036204814910889,9.668971061706543,11.162660598754883,1.3093557357788086,1.6762285232543945,6.676052570343018,12.048249244689941,14.971596717834473,12.83346939086914,13.325079917907715,18.11451530456543,19.27353286743164
5.877346038818359,11.940027236938477,10.0068998336792,2.9396586418151855,-1.0266332626342773,-10.1336030960083,-9.349120140075684,-4.457898139953613,-2.9584319591522217,-1.0565192699432373,-8.457655906677246,-4.795663833618164,-3.4443066120147705,-2.7229199409484863,-6.105991363525391,-8.605195999145508,-7.03874397277832,0.034526173025369644,-0.5245344638824463,-8.292574882507324,-13.974011421203613,-12.400876998901367,-8.095026969909668,-3.7302358150482178,2.59790301322937,-4.969326496124268,-4.920392036437988,-0.37958601117134094,4.94460391998291,6.318090915679932,4.4453206062316895,9.934799194335938,3.846325397491455,-7.58617639541626,-8.438488960266113,-3.5109426975250244,3.5542080402374268,12.35800838470459,15.994278907775879,17.172962188720703,19.434280395507812,19.69104766845703,19.01386260986328
5.922783851623535,10.723823547363281,6.315556049346924,2.260979652404785,4.353372573852539,0.7315933704376221,-4.390698432922363,-7.792245388031006,-6.698041915893555,-3.073455572128296,-4.1989641189575195,-6.947679042816162,-2.5583062171936035,1.264410138130188,1.2409404516220093,-3.180307626724243,-6.159134387969971,-0.2853083908557892,1.5563126802444458,-3.794212818145752,-7.874645233154297,-8.844183921813965,-7.108067989349365,-8.670766830444336,-9.19192123413086,-3.3302531242370605,-5.326432704925537,-5.019834518432617,0.14681391417980194,4.075472831726074,7.443728446960449,-1.6456862688064575,-9.302427291870117,-6.8583173751831055,0.47155460715293884,1.7644766569137573,5.982269763946533,12.791574478149414,17.42247200012207,20.23131561279297,22.20074462890625,20.789457321166992,20.866891860961914
3.39018177986145,3.4908580780029297,0.7346433401107788,1.0695139169692993,9.40003490447998,6.310081958770752,-1.517338752746582,-6.455482482910156,-7.009593963623047,-5.314492702484131,-2.9527313709259033,-2.267657518386841,1.1987669467926025,6.154945373535156,7.234062194824219,0.8972952961921692,-3.2067971229553223,-3.126742124557495,3.5679402351379395,-2.8754143714904785,-5.223572731018066,-4.782657623291016,-5.7673187255859375,-4.514698505401611,-4.193180084228516,-1.321013331413269,-4.595849990844727,-3.0799777507781982,0.6383658051490784,-1.2179040908813477,1.6486495733261108,-8.79600715637207,-6.002650737762451,-4.345571041107178,8.80508804321289,11.702973365783691,12.937119483947754,16.24272346496582,19.839353561401367,23.03506088256836,23.19106674194336,20.758604049682617,22.542041778564453
3.8811771869659424,6.295958042144775,4.175187110900879,2.1326944828033447,7.793655872344971,1.607133150100708,-0.30742335319519043,-4.438830375671387,-5.85879373550415,-5.0520477294921875,-0.8601763844490051,4.987695693969727,9.07778263092041,10.613890647888184,10.299909591674805,2.7923545837402344,-1.5190519094467163,-1.8064466714859009,4.25148868560791,5.807537078857422,5.587756156921387,0.4602597951889038,-0.3296660780906677,-1.3904767036437988,-2.9881339073181152,-2.048248767852783,-3.296969175338745,-0.009103870019316673,3.4545300006866455,-4.907442092895508,9.451691627502441,-2.016000270843506,-1.117233395576477,4.559671401977539,12.616257667541504,16.559062957763672,18.680025100708008,19.91167640686035,22.48176383972168,24.212491989135742,23.06641387939453,21.192110061645508,21.85395050048828
6.696401119232178,9.470069885253906,6.175553798675537,1.8876440525054932,0.1404077559709549,-7.571611404418945,0.9251810312271118,-0.5782027244567871,-4.559457778930664,-2.2516777515411377,2.7587568759918213,8.827497482299805,12.649600982666016,12.375350952148438,7.649724006652832,5.094197750091553,-3.442018747329712,-4.459713935852051,2.450570821762085,6.116462230682373,8.159403800964355,7.631929874420166,6.519234657287598,-0.3928084671497345,-0.5033134818077087,-2.3051772117614746,-0.2571284770965576,-0.4937695562839508,3.7063939571380615,-3.9773616790771484,11.220945358276367,7.475489616394043,8.34122085571289,13.00011920928955,17.029582977294922,19.491735458374023,20.82646369934082,21.614181518554688,24.27630043029785,24.582868576049805,22.766582489013672,22.087121963500977,23.702816009521484
5.376965045928955,5.186330318450928,-0.8697795867919922,-1.4759037494659424,-6.237310886383057,-7.130926132202148,-2.600174903869629,0.8108900189399719,0.3675275146961212,0.8647600412368774,4.757284164428711,7.523072719573975,12.507840156555176,13.460434913635254,7.796178340911865,9.607375144958496,6.3555402755737305,-2.5487029552459717,-0.05609917268157005,-3.783926010131836,-1.9812712669372559,3.094684600830078,5.507331848144531,-3.3509318828582764,-2.8145017623901367,-3.759469747543335,-1.6190022230148315,-3.513423442840576,2.1271848678588867,4.3196563720703125,11.100821495056152,12.569494247436523,14.476262092590332,17.257389068603516,19.56928062438965,21.175329208374023,21.227956771850586,20.92053985595703,22.873592376708984,23.416183471679688,23.79647445678711,24.098526000976562,25.645614624023438
7.029931545257568,-0.61125248670578,-8.412277221679688,-7.815647602081299,-8.612025260925293,-5.3824872970581055,-3.0221691131591797,-2.8786702156066895,-1.6985957622528076,2.1173689365386963,3.068016290664673,4.977768421173096,8.881082534790039,10.590106964111328,7.243838787078857,5.8195481300354,7.569658279418945,8.49465560913086,12.549922943115234,2.606886148452759,-6.069311618804932,-0.13925310969352722,1.0681524276733398,-0.6009209752082825,-3.108325242996216,-5.2252326011657715,-4.508517265319824,1.675039291381836,4.301296234130859,9.038362503051758,11.042129516601562,15.90677261352539,19.969905853271484,21.378440856933594,20.967884063720703,20.757949829101562,20.214275360107422,20.1812801361084,21.512296676635742,22.94295883178711,24.267501831054688,25.712900161743164,24.525327682495117
-8.84595012664795,-15.079548835754395,-11.437804222106934,-6.308491230010986,-4.953543186187744,-1.9279248714447021,-0.885750412940979,-0.4736403524875641,-3.051804780960083,-0.31187134981155396,1.4119149446487427,1.1451871395111084,3.380201578140259,6.777484893798828,4.168158531188965,1.0694434642791748,5.441005706787109,8.224276542663574,11.8491849899292,14.978443145751953,0.750335156917572,-1.9918510913848877,2.8241169452667236,3.509582281112671,0.9402660131454468,-0.48142915964126587,-1.5272388458251953,8.038776397705078,11.32699203491211,8.001782417297363,9.342981338500977,16.6842098236084,23.44796371459961,24.94489288330078,20.319091796875,19.00813102722168,22.361658096313477,23.108375549316406,22.57924461364746,23.531843185424805,22.62543487548828,26.317495346069336,22.53468894958496
-17.39201545715332,-15.297486305236816,-10.850324630737305,-6.773601531982422,-5.078310012817383,-3.143785238265991,-1.112959623336792,-1.6022226810455322,-1.4862557649612427,-5.461520195007324,-5.635921955108643,-2.0736889839172363,-0.5697641372680664,1.5470856428146362,0.11819319427013397,-2.657078504562378,1.3877032995224,5.235721111297607,9.740195274353027,13.518406867980957,7.84111213684082,4.496182441711426,4.3129119873046875,4.960174083709717,3.6330816745758057,4.412679195404053,5.191905975341797,11.900642395019531,14.695038795471191,9.353686332702637,11.015517234802246,19.053983688354492,25.295818328857422,24.145801544189453,19.768142700195312,20.8192195892334,25.1837158203125,23.272659301757812,18.28810691833496,13.47983455657959,10.7842378616333,9.818565368652344,-0.4319673180580139
-14.215913772583008,-12.97956657409668,-11.857748985290527,-11.089659690856934,-9.601763725280762,-6.554413318634033,-4.706005096435547,-4.380489349365234,-2.462657928466797,0.47867050766944885,-8.720636367797852,-7.338596820831299,-5.961291313171387,-5.083895683288574,-6.361950874328613,-4.8412089347839355,-0.12280856817960739,4.6015753746032715,8.266772270202637,7.755667686462402,9.673505783081055,6.410415172576904,1.3180211782455444,5.565181255340576,6.4275736808776855,6.831862926483154,6.803152084350586,12.065950393676758,14.839654922485352,8.948052406311035,11.951252937316895,12.933980941772461,17.706939697265625,22.29930877685547,19.674348831176758,26.613542556762695,13.763493537902832,-8.054424285888672,-4.371178150177002,-4.525252342224121,-1.3378962278366089,-4.857969284057617,-3.9921717643737793
-11.720454216003418,-11.860132217407227,-12.703700065612793,-13.480340003967285,-11.829205513000488,-8.562214851379395,-5.40191650390625,-5.370110034942627,-4.193068027496338,2.834681510925293,-7.924438953399658,-10.177715301513672,-10.020411491394043,-10.186739921569824,-9.729310989379883,-5.605867862701416,1.2249088287353516,3.404512643814087,5.795928955078125,7.6376447677612305,9.095637321472168,6.0616350173950195,3.8476555347442627,4.968893527984619,6.081117630004883,8.167638778686523,10.164623260498047,10.545469284057617,12.22835636138916,11.047124862670898,13.454180717468262,18.565597534179688,15.810458183288574,17.434825897216797,18.081600189208984,24.5196533203125,-2.678215265274048,-9.948774337768555,-5.714343547821045,-4.372640132904053,-2.8079941272735596,-4.328495979309082,-5.408362865447998
-11.464184761047363,-10.4948148727417,-11.375710487365723,-13.943596839904785,-12.287626266479492,-8.839540481567383,-6.882435321807861,-6.2656402587890625,-5.879414081573486,0.6003581881523132,-2.6652286052703857,-9.107250213623047,-11.750228881835938,-10.222679138183594,-8.326640129089355,-5.294666767120361,0.4584522843360901,-0.6406965851783752,1.6725921630859375,5.091811180114746,4.390756607055664,4.668066024780273,5.9914093017578125,7.727301597595215,8.18710708618164,10.089228630065918,10.397041320800781,10.915287017822266,8.333769798278809,12.392380714416504,13.531819343566895,13.029894828796387,12.001272201538086,13.853129386901855,18.512327194213867,7.4372687339782715,-7.936135768890381,-7.3366312980651855,-6.112326622009277,-5.704009532928467,-5.194323539733887,-5.646792888641357,-4.861886501312256
-13.047137260437012,-10.903712272644043,-7.81317663192749,-11.221105575561523,-11.886987686157227,-9.286246299743652,-8.419495582580566,-6.5084991455078125,-6.461308002471924,-1.0716396570205688,0.30052903294563293,-6.4208455085754395,-10.870950698852539,-10.171076774597168,-7.174086570739746,-4.069288730621338,-2.0768837928771973,-3.4926207065582275,0.05287785828113556,1.194993019104004,1.8460897207260132,6.057440757751465,5.203627109527588,4.218570709228516,7.252445697784424,9.732552528381348,11.800827026367188,13.8987455368042,11.255828857421875,8.68740177154541,12.99052619934082,12.794361114501953,10.585162162780762,16.444149017333984,15.214639663696289,-5.116718292236328,-10.164898872375488,-5.8227925300598145,-5.249319553375244,-5.76010274887085,-5.86537504196167,-5.203828811645508,-4.049765586853027
-15.839427947998047,-13.840580940246582,-10.094035148620605,-9.255891799926758,-12.117094993591309,-9.135790824890137,-8.916033744812012,-8.130670547485352,-8.07369613647461,-4.943885803222656,-0.6340728998184204,-3.9193716049194336,-8.215386390686035,-9.791394233703613,-7.477809429168701,-0.18053540587425232,-3.2884163856506348,-4.616024971008301,-0.38312578201293945,-1.6010713577270508,2.1132237911224365,5.673342227935791,3.6332082748413086,4.906210422515869,9.487052917480469,10.403164863586426,12.832531929016113,14.018575668334961,10.995442390441895,10.853399276733398,11.798931121826172,13.358006477355957,13.335561752319336,19.115644454956055,-2.1739163398742676,-11.111946105957031,-7.754770278930664,-6.684518337249756,-2.2949862480163574,-7.41996955871582,-6.388019561767578,-5.0008864402771,-3.229008674621582
-17.23137855529785,-14.972503662109375,-11.517772674560547,-7.05400276184082,-10.237448692321777,-10.453217506408691,-10.542479515075684,-10.455290794372559,-11.00665283203125,-9.936592102050781,-5.108798027038574,-4.7049031257629395,-6.723337650299072,-5.249510765075684,-3.8483128547668457,-1.5807440280914307,-4.6855082511901855,-3.916067123413086,0.7656263113021851,1.1573830842971802,4.066983222961426,7.350694179534912,6.190139293670654,7.786526203155518,14.210708618164062,12.841858863830566,11.337860107421875,10.523427963256836,7.37455415725708,8.943070411682129,12.651119232177734,10.124519348144531,12.482192993164062,1.3234022855758667,-8.6690092086792,-7.429405689239502,-9.740468978881836,-4.5059709548950195,-4.007450580596924,-3.9229390621185303,-9.206382751464844,-3.8860702514648438,-3.3725032806396484
