data/wind_data/wind_10_3.json
{"header": {"parameterUnit": "KT", "parameterCategory": 2, "nx": 256, "ny": 198, "lo1": 44.73521041870117, "la1": -3.236724853515625, "lo2": 111.26478576660156, "la2": 43.468475341796875, "dx": 0.2609002888202667, "dy": -0.23708222806453705, "refTime": "2025-02-19 10:00:00", "forecastTime": 0, "parameterNumber": 2, "parameterNumberName": "eastward_wind"}, "data":
[rows 76 to 94 of 198, columns 44 to 87 of 256]
-1.4723150730133057,-1.725897192955017,-1.8521612882614136,-1.8663591146469116,-1.857529878616333,-1.9786666631698608,-2.127220392227173,-2.066723346710205,-1.74797785282135,-1.3286199569702148,-0.9195042252540588,-0.5950119495391846,-0.3804778456687927,-0.278247207403183,-0.10835859179496765,0.2041936069726944,0.5139585733413696,0.6375749707221985,0.5861231088638306,0.5228275656700134,0.5298656225204468,0.5636181831359863,0.5676904320716858,0.5850101709365845,0.7409814596176147,1.0487796068191528,1.3626713752746582,1.5768784284591675,1.729379653930664,1.8767629861831665,2.017620325088501,2.068861722946167,1.9980084896087646,1.8636679649353027,1.6896294355392456,1.5258322954177856,1.4616656303405762,1.4853826761245728,1.4812387228012085,1.3488799333572388,1.1405733823776245,0.9893340468406677,0.9215860366821289,0.8491199612617493
-0.7028485536575317,-0.9139683842658997,-1.0344994068145752,-1.0818232297897339,-1.113871455192566,-1.2113940715789795,-1.3459482192993164,-1.3782051801681519,-1.1941208839416504,-0.8486697673797607,-0.4609638750553131,-0.11335854232311249,0.17009833455085754,0.3602807819843292,0.44908037781715393,0.6047351956367493,0.8523468375205994,1.0577198266983032,1.1107885837554932,1.0917344093322754,1.1239138841629028,1.2228200435638428,1.350820541381836,1.5003565549850464,1.6885477304458618,1.878972053527832,1.9779328107833862,1.9866632223129272,2.0558815002441406,2.268547773361206,2.539278507232666,2.7168495655059814,2.7039010524749756,2.557121515274048,2.3656299114227295,2.152958631515503,1.939109444618225,1.7809046506881714,1.7000038623809814,1.6281172037124634,1.5332998037338257,1.4910762310028076,1.5511627197265625,1.60688054561615
-0.28231891989707947,-0.5062436461448669,-0.5618183016777039,-0.5813515782356262,-0.6263846755027771,-0.6196224689483643,-0.5611568689346313,-0.5309602618217468,-0.4582558870315552,-0.2586557865142822,-0.01241791807115078,0.18372659385204315,0.3589014410972595,0.6013559699058533,0.8772165775299072,1.139670491218567,1.3108023405075073,1.3970365524291992,1.4546079635620117,1.4922373294830322,1.566096544265747,1.6846827268600464,1.8514655828475952,2.0502467155456543,2.2656567096710205,2.4608263969421387,2.56170916557312,2.5527262687683105,2.5570790767669678,2.677212715148926,2.8782684803009033,3.028317451477051,2.9982540607452393,2.82560133934021,2.6138429641723633,2.4030888080596924,2.1426732540130615,1.8252860307693481,1.5609230995178223,1.4550249576568604,1.5101348161697388,1.6392816305160522,1.7677732706069946,1.8249754905700684
0.3184969127178192,0.02356313169002533,-0.1437133252620697,-0.2460423707962036,-0.3079412877559662,-0.27968353033065796,-0.09342499077320099,0.22758930921554565,0.5325619578361511,0.6834232211112976,0.6243386268615723,0.48601725697517395,0.5187122225761414,0.8135713934898376,1.2299429178237915,1.579820156097412,1.7486178874969482,1.773909330368042,1.7877777814865112,1.8281993865966797,1.8787951469421387,1.9520963430404663,2.034165620803833,2.1192026138305664,2.2508463859558105,2.4454684257507324,2.665233612060547,2.8439533710479736,2.9851675033569336,3.102358341217041,3.244205951690674,3.3426692485809326,3.2661259174346924,2.99656081199646,2.6780142784118652,2.398468017578125,2.115678310394287,1.7490910291671753,1.3525782823562622,1.1351991891860962,1.1975518465042114,1.4468755722045898,1.6803867816925049,1.7435669898986816
1.099239706993103,0.7575477361679077,0.6063920855522156,0.3993350863456726,0.22664666175842285,0.17797163128852844,0.32378655672073364,0.7819671630859375,1.3772011995315552,1.6555429697036743,1.4232971668243408,1.0139122009277344,0.9082659482955933,1.221096396446228,1.68861722946167,2.007504940032959,2.1037302017211914,2.0987772941589355,2.1384823322296143,2.224353790283203,2.2901411056518555,2.306246042251587,2.273508071899414,2.2174196243286133,2.2003610134124756,2.2815799713134766,2.4387574195861816,2.6290762424468994,2.8530521392822266,3.111717939376831,3.361109495162964,3.491966962814331,3.4110562801361084,3.1313493251800537,2.778891086578369,2.4575142860412598,2.14731502532959,1.757492184638977,1.283862829208374,0.8809763193130493,0.7504420876502991,0.8961607813835144,1.0899182558059692,1.1190602779388428
1.5913593769073486,1.4162532091140747,1.2080475091934204,1.17548668384552,1.09425950050354,1.0328456163406372,1.1605989933013916,1.5757871866226196,2.1123290061950684,2.3369977474212646,2.111388683319092,1.7754693031311035,1.7350252866744995,2.0127930641174316,2.3578643798828125,2.5610005855560303,2.577407121658325,2.4849212169647217,2.4348578453063965,2.496645212173462,2.623347759246826,2.7210750579833984,2.6923725605010986,2.5600202083587646,2.450791120529175,2.4381937980651855,2.474785566329956,2.516828775405884,2.6325483322143555,2.870689868927002,3.1755988597869873,3.3831021785736084,3.358884572982788,3.1362760066986084,2.854339599609375,2.598250150680542,2.2954225540161133,1.822370171546936,1.2053862810134888,0.635105550289154,0.26395031809806824,0.12770497798919678,0.11539540439844131,0.05764935165643692
2.156520366668701,2.1823790073394775,1.7702983617782593,1.7130696773529053,1.9281753301620483,2.1388494968414307,2.4331214427948,2.836575746536255,3.125091314315796,3.0896213054656982,2.802438497543335,2.618194103240967,2.7519772052764893,3.014080762863159,3.158745527267456,3.1799068450927734,3.1275320053100586,3.004283905029297,2.823054075241089,2.673095464706421,2.6861448287963867,2.8010647296905518,2.8681094646453857,2.835139513015747,2.778132200241089,2.7397286891937256,2.708909749984741,2.683241128921509,2.7271456718444824,2.9006292819976807,3.1562418937683105,3.354010820388794,3.355177164077759,3.1922574043273926,2.9749557971954346,2.7410781383514404,2.369413375854492,1.6966688632965088,0.8012743592262268,-0.03601402789354324,-0.6313864588737488,-0.9728959202766418,-1.128770351409912,-1.1950877904891968
3.1238887310028076,2.68268084526062,2.307109832763672,2.1217596530914307,2.5692758560180664,3.2156178951263428,3.840477466583252,4.294306755065918,4.335202693939209,4.048528671264648,3.75809383392334,3.705047607421875,3.843676805496216,3.9475486278533936,3.9439139366149902,3.914097547531128,3.8795526027679443,3.740818977355957,3.4088544845581055,3.0408308506011963,2.8406097888946533,2.835158586502075,2.88600492477417,2.8779289722442627,2.852588176727295,2.8639376163482666,2.873884439468384,2.865328311920166,2.9137208461761475,3.101508855819702,3.362854242324829,3.5341172218322754,3.524165153503418,3.372246265411377,3.1422839164733887,2.8138327598571777,2.272594451904297,1.3925883769989014,0.2898809313774109,-0.7197959423065186,-1.4305508136749268,-1.8466219902038574,-2.035797595977783,-2.0306637287139893
4.263079643249512,3.5309739112854004,2.869816303253174,2.5522847175598145,3.072948932647705,4.008245468139648,4.952093601226807,5.43964958190918,5.338885307312012,5.032716751098633,4.847284317016602,4.858475685119629,4.932200908660889,4.947462558746338,4.947748184204102,5.000102996826172,5.029478073120117,4.860560894012451,4.429065704345703,3.9088776111602783,3.4982550144195557,3.2699546813964844,3.115680694580078,2.9689929485321045,2.87689208984375,2.845919370651245,2.853830337524414,2.9047763347625732,3.0163896083831787,3.2058000564575195,3.445127487182617,3.6430137157440186,3.725463390350342,3.6090610027313232,3.208841562271118,2.52512264251709,1.6432631015777588,0.6617154479026794,-0.2726294994354248,-0.968459963798523,-1.4012504816055298,-1.6460217237472534,-1.7419253587722778,-1.6689560413360596
4.919785976409912,4.744931697845459,4.019279479980469,3.5393877029418945,3.784166097640991,4.775272846221924,5.707273483276367,5.938755512237549,5.765909194946289,5.717611789703369,5.856051921844482,6.018157958984375,6.079369068145752,6.0818305015563965,6.163205146789551,6.300107002258301,6.293691158294678,6.001290798187256,5.510430812835693,5.019972801208496,4.622074127197266,4.281459331512451,3.900531530380249,3.4635086059570312,3.090686082839966,2.876098394393921,2.8326940536499023,2.9219071865081787,3.0633790493011475,3.2145729064941406,3.359332799911499,3.505290985107422,3.6446104049682617,3.598081588745117,3.1101906299591064,2.1560251712799072,1.0365551710128784,0.12696796655654907,-0.4057005047798157,-0.6520878076553345,-0.7339027523994446,-0.7150418758392334,-0.6111465692520142,-0.4009701609611511
4.505370616912842,5.357349872589111,5.339437961578369,5.088177680969238,5.156803131103516,6.0151896476745605,6.445683002471924,6.16289758682251,5.940441131591797,6.141641616821289,6.610747814178467,6.994080066680908,7.128971099853516,7.160643577575684,7.2663679122924805,7.359492301940918,7.206010818481445,6.800232887268066,6.369039058685303,6.040860176086426,5.765629291534424,5.458652973175049,5.042037487030029,4.505131244659424,3.9341976642608643,3.4457240104675293,3.167881727218628,3.162524938583374,3.3247575759887695,3.4851326942443848,3.558450698852539,3.564995050430298,3.5082762241363525,3.2531163692474365,2.664358615875244,1.7860897779464722,0.9181815981864929,0.3406030237674713,0.08601831644773483,0.059942830353975296,0.1669049859046936,0.3457810580730438,0.6329331994056702,1.0287725925445557
4.204410076141357,5.259566783905029,5.981338024139404,6.392100811004639,6.928526878356934,7.930817127227783,7.221677780151367,6.496899127960205,6.333683013916016,6.6565070152282715,7.200682640075684,7.644110202789307,7.836019992828369,7.910923004150391,8.012228012084961,8.035341262817383,7.810230731964111,7.410710334777832,7.065756797790527,6.842039585113525,6.653240203857422,6.422250270843506,6.0734405517578125,5.593578338623047,5.080343723297119,4.623036861419678,4.269104480743408,4.064044952392578,4.003914833068848,4.048099517822266,4.109529495239258,4.069030284881592,3.783809185028076,3.18141508102417,2.4068589210510254,1.694688320159912,1.1732378005981445,0.8297330141067505,0.6650940775871277,0.7078580260276794,0.9186311364173889,1.2686121463775635,1.7272390127182007,2.2617082595825195
4.45731258392334,5.103865146636963,5.973680019378662,6.608470439910889,7.623705863952637,9.950511932373047,8.314176559448242,7.01959228515625,6.9760026931762695,7.3494367599487305,7.854877471923828,8.185346603393555,8.281344413757324,8.323114395141602,8.405950546264648,8.469561576843262,8.385257720947266,8.148749351501465,7.871488571166992,7.6031494140625,7.325644016265869,7.052513122558594,6.772900104522705,6.45308780670166,6.099469184875488,5.778465270996094,5.533084392547607,5.30128288269043,5.0536675453186035,4.870413303375244,4.779029846191406,4.635955333709717,4.24182653427124,3.52734637260437,2.7492353916168213,2.16044282913208,1.7831794023513794,1.5853694677352905,1.5748391151428223,1.7312437295913696,2.031062126159668,2.4082813262939453,2.8048925399780273,3.229116439819336
5.047739505767822,5.172454833984375,5.885134696960449,6.697321891784668,8.481749534606934,11.125088691711426,9.094186782836914,7.646583557128906,7.662489891052246,8.114126205444336,8.605232238769531,8.855599403381348,8.892608642578125,8.90829086303711,9.004950523376465,9.139549255371094,9.170353889465332,9.025039672851562,8.753852844238281,8.421751022338867,8.062196731567383,7.718493938446045,7.435629367828369,7.179991245269775,6.929394721984863,6.698850154876709,6.455989360809326,6.21172571182251,6.003518581390381,5.826909065246582,5.625527858734131,5.312423229217529,4.820297718048096,4.199686050415039,3.623842477798462,3.198734760284424,2.9267404079437256,2.869560718536377,3.0140597820281982,3.300217390060425,3.630854845046997,3.8531534671783447,3.9528579711914062,4.110079765319824
5.846224308013916,5.633118629455566,6.222589492797852,7.4783782958984375,9.751124382019043,11.095162391662598,9.175655364990234,8.26290225982666,8.51284408569336,8.948626518249512,9.359363555908203,9.634631156921387,9.773823738098145,9.87022590637207,10.036060333251953,10.250743865966797,10.335610389709473,10.172794342041016,9.847284317016602,9.495308876037598,9.14765739440918,8.769889831542969,8.374300003051758,7.98480224609375,7.6269025802612305,7.322526931762695,7.014197826385498,6.725542068481445,6.5415215492248535,6.4401702880859375,6.311431884765625,6.040911674499512,5.616259574890137,5.16274881362915,4.751789093017578,4.384937286376953,4.174611568450928,4.190837860107422,4.332859039306641,4.578085899353027,4.807905197143555,4.802028179168701,4.728087425231934,4.792908668518066
6.624622821807861,6.354881763458252,6.883232593536377,8.333126068115234,10.108973503112793,10.126851081848145,9.343504905700684,9.057890892028809,9.34250259399414,9.800467491149902,10.205292701721191,10.452656745910645,10.64330768585205,10.904165267944336,11.244349479675293,11.540000915527344,11.598589897155762,11.38046932220459,11.056740760803223,10.76501750946045,10.459450721740723,10.02673053741455,9.45704174041748,8.792680740356445,8.131987571716309,7.618592262268066,7.267107963562012,7.021263599395752,6.881871700286865,6.856570720672607,6.854238510131836,6.786619186401367,6.647910118103027,6.452854633331299,6.128066062927246,5.633742809295654,5.184728145599365,4.933929920196533,4.851171970367432,4.852407932281494,4.762938976287842,4.5795392990112305,4.585667133331299,4.82482385635376
7.575562953948975,7.132106781005859,7.569780349731445,8.57034683227539,9.105588912963867,9.378474235534668,9.830656051635742,9.89864444732666,10.137666702270508,10.630276679992676,11.114729881286621,11.460031509399414,11.619081497192383,11.84134578704834,12.203154563903809,12.504520416259766,12.511404037475586,12.233451843261719,11.873076438903809,11.58480453491211,11.360641479492188,11.033425331115723,10.444735527038574,9.619264602661133,8.694124221801758,7.914647579193115,7.527395725250244,7.435944080352783,7.43196439743042,7.487638473510742,7.626988887786865,7.78927755355835,7.906330585479736,7.9344635009765625,7.693225383758545,7.105668544769287,6.403078079223633,5.796657085418701,5.338446617126465,4.855068206787109,4.262781620025635,3.9222166538238525,4.020702838897705,4.362214088439941
8.81567668914795,8.047194480895996,7.932753562927246,8.273154258728027,8.693177223205566,9.437228202819824,10.10955810546875,10.606289863586426,11.094585418701172,11.614356994628906,11.894806861877441,12.22628402709961,12.494745254516602,12.864031791687012,13.196853637695312,13.259269714355469,12.990827560424805,12.569869995117188,12.185977935791016,11.900546073913574,11.705245971679688,11.52641487121582,11.221924781799316,10.669569969177246,9.859895706176758,8.955801010131836,8.322242736816406,8.197836875915527,8.343986511230469,8.49506664276123,8.701103210449219,9.021634101867676,9.33742904663086,9.457998275756836,9.208548545837402,8.656340599060059,8.021293640136719,7.436199188232422,6.868782043457031,6.099778652191162,5.127420902252197,4.399184226989746,4.132634162902832,3.995039463043213
10.036225318908691,9.208279609680176,8.26115608215332,8.17849349975586,8.904071807861328,9.744422912597656,10.364174842834473,10.740760803222656,11.243046760559082,11.992431640625,12.219893455505371,12.465611457824707,13.08846378326416,13.602392196655273,13.78516674041748,13.497964859008789,13.017224311828613,12.722413063049316,12.613520622253418,12.45452880859375,12.178083419799805,11.912897109985352,11.762767791748047,11.652336120605469,11.363985061645508,10.747088432312012,9.98698616027832,9.568334579467773,9.556217193603516,9.653228759765625,9.813850402832031,10.167268753051758,10.583640098571777,10.740148544311523,10.455845832824707,9.973812103271484,9.552216529846191,9.235815048217773,8.837328910827637,8.10683536529541,7.00839376449585,5.886244773864746,5.1156768798828125,4.460224151611328
