data/wind_data/wind_60_7.json
{"header": {"parameterUnit": "KT", "parameterCategory": 2, "nx": 256, "ny": 198, "lo1": 44.73521041870117, "la1": -3.236724853515625, "lo2": 111.26478576660156, "la2": 43.468475341796875, "dx": 0.2609002888202667, "dy": -0.23708222806453705, "refTime": "2025-02-21 12:00:00", "forecastTime": 0, "parameterNumber": 2, "parameterNumberName": "eastward_wind"}, "data":
[rows 160 to 179 of 198, columns 176 to 219 of 256]
44.47400665283203,46.16847610473633,47.797122955322266,48.44619369506836,47.776920318603516,47.386844635009766,47.762168884277344,49.148590087890625,50.67189025878906,51.0151481628418,50.91092300415039,51.574462890625,52.3929557800293,52.675819396972656,52.660213470458984,52.93972396850586,53.28457260131836,53.83843231201172,55.33376693725586,56.94688034057617,57.233970642089844,56.597511291503906,56.66716766357422,57.35199737548828,57.71463394165039,57.58286666870117,57.408023834228516,58.07123947143555,59.62918472290039,60.756465911865234,60.61846923828125,59.775508880615234,59.50825119018555,61.1954345703125,63.62815475463867,64.46896362304688,64.06846618652344,63.66068649291992,63.37251281738281,62.636505126953125,62.38522720336914,63.38172912597656,64.34629821777344,64.08274841308594
45.31620407104492,45.37125778198242,46.433162689208984,46.14265441894531,44.97136306762695,45.17300033569336,46.04505157470703,47.198585510253906,48.7512321472168,49.89165496826172,49.92964172363281,49.95246124267578,50.303428649902344,51.050628662109375,52.2413215637207,53.16423416137695,53.62742233276367,54.14102554321289,54.817962646484375,55.54725646972656,56.377559661865234,56.988548278808594,57.02604675292969,57.00184631347656,57.23033142089844,57.699989318847656,57.92254638671875,57.84379959106445,58.03464889526367,58.81641387939453,59.35802459716797,58.968711853027344,59.23733901977539,61.3416862487793,63.727088928222656,64.6811752319336,64.2091064453125,63.65211486816406,63.712554931640625,62.94935607910156,61.09189224243164,60.066837310791016,60.220542907714844,61.16773986816406
47.22581100463867,47.63492202758789,47.97541427612305,44.801361083984375,42.42847442626953,43.731197357177734,47.8055534362793,50.27915954589844,51.021339416503906,50.65632247924805,49.301395416259766,48.128726959228516,48.4146842956543,49.838626861572266,51.760311126708984,52.9765510559082,53.17975997924805,53.10612106323242,53.446815490722656,54.2132453918457,55.44457244873047,56.8846321105957,57.83693313598633,57.99712371826172,57.7275276184082,57.31780242919922,56.73601531982422,56.30002975463867,56.599884033203125,57.3802375793457,57.9920654296875,58.89061737060547,60.417266845703125,62.10057067871094,63.78745651245117,64.9071044921875,64.47453308105469,63.47502517700195,63.2177734375,62.18824005126953,59.805049896240234,57.933807373046875,58.264339447021484,60.740352630615234
48.97075271606445,49.07993698120117,47.15198516845703,44.102230072021484,43.64582824707031,45.296051025390625,47.346675872802734,48.874916076660156,49.951236724853516,50.26835250854492,49.175899505615234,47.462772369384766,47.21562194824219,48.62392807006836,50.74085235595703,52.50593185424805,53.085567474365234,52.87445068359375,53.25082778930664,54.1181755065918,55.10403823852539,56.310630798339844,57.471290588378906,57.98465347290039,57.60224151611328,56.62624740600586,55.655452728271484,55.41209411621094,56.07912826538086,57.00212860107422,58.02824401855469,59.53927230834961,61.189697265625,62.58542251586914,63.9929313659668,64.72724151611328,63.79171371459961,62.66705322265625,62.27641677856445,60.85030746459961,58.602413177490234,57.63799285888672,59.05339813232422,62.11138916015625
47.81291580200195,48.0445671081543,46.435054779052734,44.84269332885742,44.38739776611328,44.79616165161133,46.1292839050293,47.40120315551758,48.090118408203125,48.445343017578125,48.048221588134766,46.629451751708984,45.95854568481445,47.1402473449707,49.14620590209961,50.89368438720703,51.802494049072266,52.0811882019043,52.66219711303711,53.7515754699707,54.748111724853516,55.573829650878906,56.32715606689453,56.6878547668457,56.39861297607422,55.7474365234375,55.339393615722656,55.53960418701172,56.390174865722656,57.33390426635742,58.363712310791016,59.96361541748047,61.470794677734375,62.96907424926758,64.59698486328125,64.4467544555664,62.30036926269531,60.79463195800781,60.38762664794922,59.817344665527344,59.17463302612305,59.292972564697266,60.8316535949707,63.2928581237793
45.550899505615234,45.990352630615234,45.95022964477539,45.2382926940918,43.85844802856445,43.58314895629883,45.225494384765625,46.954952239990234,47.552921295166016,47.461753845214844,46.9467658996582,45.8023681640625,45.01783752441406,45.919342041015625,47.647518157958984,48.839298248291016,49.39897918701172,49.94337844848633,50.737396240234375,51.73868179321289,52.78243637084961,53.746826171875,54.54890441894531,54.96200942993164,54.979400634765625,54.99502944946289,55.36005783081055,56.12915802001953,57.315032958984375,58.17357635498047,58.536746978759766,59.41945266723633,61.23784255981445,63.406471252441406,64.77826690673828,63.619815826416016,60.45713806152344,58.7066535949707,59.45925521850586,60.816497802734375,61.2397346496582,60.88560485839844,61.46206283569336,62.9389762878418
43.63836669921875,43.969505310058594,44.35136795043945,44.467159271240234,44.00935745239258,44.07252883911133,45.44534683227539,47.09187698364258,47.65077209472656,47.33676528930664,46.70402526855469,45.90483474731445,45.3401985168457,45.660099029541016,46.88539123535156,48.012149810791016,48.297489166259766,48.23687744140625,48.660919189453125,49.57637023925781,50.722049713134766,52.075740814208984,53.10551452636719,53.418434143066406,53.642513275146484,54.273590087890625,55.08950424194336,56.09979248046875,57.436180114746094,58.11343002319336,57.85365676879883,58.69738006591797,61.492156982421875,63.251564025878906,62.830543518066406,60.90132141113281,58.83881759643555,58.75022506713867,60.46351623535156,62.07746124267578,62.26447296142578,61.482383728027344,61.39885711669922,62.24510955810547
42.14570617675781,42.543025970458984,43.15564727783203,43.90648651123047,44.7388801574707,45.24140930175781,45.592445373535156,46.068782806396484,46.39524841308594,46.52137756347656,46.463531494140625,46.276885986328125,46.07495880126953,45.84508514404297,45.92229080200195,46.48310089111328,47.08489227294922,47.62798309326172,48.09453201293945,48.6222038269043,49.56944274902344,51.041107177734375,51.97901153564453,51.988304138183594,52.326107025146484,53.29939270019531,54.05146026611328,54.842567443847656,56.05950927734375,56.696590423583984,56.54069519042969,59.38637161254883,62.584747314453125,61.08536911010742,59.55778884887695,59.7678108215332,59.92135238647461,59.738189697265625,60.406707763671875,61.83869552612305,62.89691925048828,63.05154037475586,62.63218307495117,62.650482177734375
41.9327392578125,42.025428771972656,42.62106704711914,43.898807525634766,45.344032287597656,45.940643310546875,45.63179397583008,45.20374298095703,44.976627349853516,45.102901458740234,45.46247863769531,45.98435974121094,46.29216384887695,45.856842041015625,45.11104965209961,44.7902946472168,45.30592346191406,46.44226837158203,47.52614212036133,48.28392791748047,49.09035110473633,49.96738052368164,50.25028991699219,50.60837173461914,51.76253128051758,52.68942642211914,52.97415542602539,53.55291748046875,55.032413482666016,56.20152282714844,56.87950897216797,59.7789421081543,61.56031036376953,60.1202278137207,59.10117721557617,59.47881317138672,60.052513122558594,60.312931060791016,60.93032455444336,62.24971389770508,63.79903030395508,64.62622833251953,64.24169158935547,63.614593505859375
41.99983596801758,42.32624816894531,42.87230682373047,43.8289909362793,44.74882507324219,45.15052032470703,45.15409851074219,44.870208740234375,44.45722198486328,44.23291015625,44.64111328125,45.62919998168945,45.98512268066406,45.23527908325195,44.25908279418945,43.63932418823242,43.61208724975586,44.35807418823242,45.87982940673828,47.59263229370117,48.83719253540039,49.5994758605957,50.036033630371094,50.3089485168457,50.77662658691406,51.563140869140625,52.62178039550781,54.14095687866211,55.865478515625,56.81165313720703,57.40316390991211,58.344783782958984,59.417232513427734,60.49853515625,61.16616439819336,61.169464111328125,61.041011810302734,61.0378532409668,61.337398529052734,62.311729431152344,63.703250885009766,64.60784912109375,64.77608489990234,64.63447570800781
41.76127624511719,41.96049880981445,42.4721565246582,43.39970779418945,44.10349655151367,44.43278121948242,44.67036437988281,44.73281478881836,44.486480712890625,44.103511810302734,44.22500228881836,44.90821838378906,45.08815002441406,44.384830474853516,43.64089584350586,43.52949905395508,43.939598083496094,44.66633987426758,45.78486633300781,47.2369270324707,48.44771957397461,49.04574966430664,49.155635833740234,49.277252197265625,49.95816421508789,51.097984313964844,52.531803131103516,54.4753303527832,56.357967376708984,57.18260192871094,57.092323303222656,57.11216354370117,58.598480224609375,61.02411651611328,62.92051315307617,63.43257522583008,62.71380615234375,61.84968566894531,61.71380615234375,62.31825256347656,63.259090423583984,64.01338195800781,64.46521759033203,64.84822845458984
40.84611129760742,40.991111755371094,41.495365142822266,42.458396911621094,43.420654296875,44.01923370361328,44.263450622558594,44.31527328491211,44.224815368652344,44.02400207519531,44.143699645996094,44.55073547363281,44.701019287109375,44.568782806396484,44.63102722167969,44.99846649169922,45.48297119140625,46.06101989746094,46.71903610229492,47.38581848144531,47.91455841064453,48.182098388671875,48.27952194213867,48.4621467590332,49.1368293762207,50.43438720703125,52.27143859863281,54.44465637207031,56.22067642211914,56.75686264038086,56.39010238647461,56.88085174560547,58.79289245605469,60.9139518737793,62.37065505981445,63.16287612915039,63.545654296875,63.412872314453125,62.69145202636719,62.045040130615234,62.21543502807617,63.07449722290039,63.9582405090332,64.62982177734375
39.3343620300293,39.647701263427734,40.390628814697266,41.4832649230957,42.588829040527344,43.352989196777344,43.69587326049805,43.816802978515625,43.922882080078125,44.07166290283203,44.15730667114258,44.236751556396484,44.42757797241211,44.73918151855469,45.22844314575195,45.98386001586914,46.82646179199219,47.40664291381836,47.660850524902344,47.92731857299805,48.29275894165039,48.439456939697266,48.21935272216797,47.98448944091797,48.45126724243164,49.94660568237305,52.065059661865234,53.90419006347656,55.160667419433594,56.126861572265625,56.56569290161133,56.90541076660156,58.18315887451172,60.08362579345703,61.46287155151367,62.30503845214844,63.318233489990234,63.89381790161133,63.20676040649414,62.13655471801758,62.055728912353516,63.027774810791016,64.1875228881836,64.90274810791016
38.44480514526367,38.858428955078125,39.74727249145508,40.75703811645508,41.600547790527344,42.306121826171875,42.78335189819336,43.02716827392578,43.19889450073242,43.43531036376953,43.8348503112793,44.44793701171875,45.06135559082031,45.43400192260742,45.84004211425781,46.545528411865234,47.34700012207031,47.86897277832031,48.12765121459961,48.32773208618164,48.47108459472656,48.58613586425781,48.59122848510742,48.435935974121094,48.69241714477539,49.90195846557617,51.60377502441406,53.18067932128906,54.78124237060547,56.106224060058594,56.466102600097656,56.51686096191406,57.47982406616211,59.29553985595703,60.94244384765625,62.166927337646484,63.299739837646484,63.88239288330078,63.522830963134766,62.9807014465332,63.042640686035156,63.6091423034668,64.30452728271484,64.5566635131836
38.093727111816406,38.76011657714844,39.57225799560547,40.30503845214844,40.77193069458008,41.151485443115234,41.536293029785156,41.8719482421875,42.19736862182617,42.579349517822266,43.264129638671875,44.28156661987305,45.29737091064453,45.96656036376953,46.38636016845703,46.81830978393555,47.20518493652344,47.47629165649414,47.83185958862305,48.177650451660156,48.47879409790039,48.9549446105957,49.48563766479492,49.62349319458008,49.59012222290039,50.190547943115234,51.570674896240234,53.210018157958984,54.786033630371094,56.06708526611328,56.76298904418945,57.095516204833984,57.820823669433594,59.29929733276367,60.87993621826172,62.11838150024414,63.264976501464844,63.87232971191406,63.67223358154297,63.48879623413086,63.608001708984375,63.48585891723633,63.08082962036133,62.68846130371094
37.47944641113281,38.75490188598633,39.63298416137695,40.07659149169922,40.19440841674805,40.21760177612305,40.321533203125,40.605045318603516,41.20082473754883,41.97639083862305,42.92494583129883,44.06049346923828,45.0400390625,45.59562683105469,45.95347595214844,46.389896392822266,46.77450180053711,46.97970199584961,47.14167785644531,47.36854553222656,47.89695739746094,48.97809600830078,50.40898895263672,51.097900390625,50.90451431274414,51.2897834777832,52.931121826171875,54.703250885009766,55.921451568603516,56.94310760498047,57.71755599975586,58.285884857177734,58.9428596496582,59.61176300048828,60.171302795410156,60.85545349121094,61.78456497192383,62.521732330322266,62.82064437866211,62.992408752441406,62.94567108154297,62.18851852416992,61.102745056152344,60.618160247802734
36.17411422729492,37.51176834106445,38.46482849121094,39.08515548706055,39.43346405029297,39.63703155517578,39.830902099609375,40.21292495727539,40.98627853393555,41.87557601928711,42.7138557434082,43.78365707397461,44.88969421386719,45.49552917480469,45.80571746826172,46.30882263183594,46.707366943359375,46.58514404296875,46.25026321411133,46.06935501098633,46.31592559814453,47.598079681396484,49.72825241088867,50.772361755371094,50.28074264526367,50.202354431152344,51.752193450927734,53.77157211303711,55.068397521972656,56.101009368896484,57.04529571533203,57.70790100097656,58.18177795410156,58.3896598815918,58.44902038574219,58.81844711303711,59.737247467041016,60.8015251159668,61.410945892333984,61.41933822631836,60.96544647216797,60.184059143066406,59.45606994628906,59.28989791870117
35.18134689331055,36.13361740112305,36.930843353271484,37.665931701660156,38.26568603515625,38.791969299316406,39.4002571105957,40.19740676879883,41.221649169921875,42.22709655761719,42.982452392578125,43.695072174072266,44.5135383605957,45.137168884277344,45.49592208862305,45.86624526977539,46.22659683227539,46.30792999267578,46.11016082763672,45.82881164550781,45.69962692260742,46.45928192138672,48.544918060302734,50.169281005859375,49.7150764465332,48.996883392333984,50.02348709106445,52.2669563293457,54.15087127685547,55.32521057128906,56.1026611328125,56.70963668823242,57.317169189453125,57.723175048828125,57.81729507446289,57.97095489501953,58.50390625,59.13031005859375,59.37678909301758,59.28758239746094,59.12506866455078,58.966651916503906,58.781959533691406,58.63231658935547
35.50519943237305,36.00411605834961,36.55889892578125,37.112571716308594,37.65932846069336,38.268184661865234,38.9599494934082,39.77928161621094,40.75389099121094,41.732208251953125,42.477516174316406,43.00263977050781,43.470401763916016,43.8935546875,44.31971740722656,44.88485336303711,45.51245880126953,45.9600715637207,46.148536682128906,46.134193420410156,46.03194808959961,46.38920211791992,47.911109924316406,49.56814956665039,49.64283752441406,48.91285705566406,49.04217529296875,50.289669036865234,51.886783599853516,53.156227111816406,54.028900146484375,54.848087310791016,55.82118225097656,56.592193603515625,56.84050750732422,56.829994201660156,56.884437561035156,57.00180435180664,57.201717376708984,57.58793258666992,58.01552963256836,58.2797966003418,58.319915771484375,58.10719680786133
36.91120910644531,37.327396392822266,37.6652717590332,37.97710037231445,38.30282211303711,38.67786407470703,39.11737823486328,39.64462661743164,40.26332473754883,40.89385986328125,41.46780776977539,41.9766845703125,42.39297866821289,42.690670013427734,43.00425338745117,43.570037841796875,44.36429977416992,45.08802795410156,45.479469299316406,45.55643844604492,45.5432014465332,45.8271369934082,46.98225402832031,48.6541748046875,49.34850311279297,48.85540008544922,48.4386100769043,48.910823822021484,50.04888153076172,51.223182678222656,52.121620178222656,52.905189514160156,53.8337287902832,54.76522445678711,55.2900276184082,55.36125564575195,55.296268463134766,55.39078140258789,55.85277557373047,56.62702941894531,57.34963607788086,57.76126480102539,57.80168533325195,57.385799407958984
