data/wind_data/wind_21_8.json
{"header": {"parameterUnit": "KT", "parameterCategory": 2, "nx": 256, "ny": 198, "lo1": 44.73521041870117, "la1": -3.236724853515625, "lo2": 111.26478576660156, "la2": 43.468475341796875, "dx": 0.2609002888202667, "dy": -0.23708222806453705, "refTime": "2025-02-19 21:00:00", "forecastTime": 0, "parameterNumber": 2, "parameterNumberName": "eastward_wind"}, "data":
[rows 114 to 132 of 198, columns 176 to 219 of 256]
37.42875289916992,37.97323989868164,39.037235260009766,38.8711051940918,37.660396575927734,36.9212760925293,37.102108001708984,37.490047454833984,37.4404411315918,37.004356384277344,36.54248046875,35.88999557495117,34.76582717895508,32.862396240234375,30.883684158325195,31.14573860168457,34.667381286621094,39.68946838378906,42.44955062866211,40.00892639160156,35.1878776550293,31.86052703857422,31.06354331970215,31.52561378479004,31.110071182250977,28.818227767944336,26.01772689819336,26.338590621948242,29.9200496673584,33.54701232910156,34.112056732177734,32.514854431152344,32.125186920166016,32.985130310058594,33.563934326171875,35.42349624633789,38.27354049682617,36.90900802612305,32.257564544677734,29.402124404907227,30.710464477539062,29.22780990600586,23.126293182373047,19.821529388427734
38.306732177734375,38.64189910888672,39.041595458984375,38.841251373291016,38.38179016113281,38.464111328125,39.097076416015625,39.263023376464844,38.21278381347656,36.32816696166992,35.149070739746094,35.76818084716797,37.215126037597656,37.838478088378906,36.386531829833984,34.6861686706543,35.31871032714844,38.75884246826172,42.498783111572266,42.728858947753906,39.12437438964844,34.90382766723633,32.05405044555664,31.720977783203125,32.724403381347656,32.146690368652344,29.620595932006836,28.47187042236328,30.370012283325195,34.079856872558594,35.72530746459961,34.67900085449219,34.295284271240234,35.66096496582031,36.53035354614258,37.032936096191406,37.800537109375,36.136661529541016,33.64707565307617,32.85755920410156,34.27710723876953,31.161420822143555,21.719619750976562,17.597185134887695
38.96494674682617,39.30465316772461,39.44342803955078,39.49114990234375,39.63306427001953,39.8242301940918,39.90860366821289,39.29835891723633,37.46780014038086,35.07386016845703,34.079586029052734,35.38207244873047,37.73362731933594,39.9488525390625,40.996768951416016,40.13467025756836,38.57916259765625,38.87740707397461,41.55559158325195,43.497718811035156,42.3837776184082,39.54948425292969,36.262046813964844,33.7751579284668,33.62119674682617,34.32485580444336,33.17363739013672,31.20009994506836,31.004230499267578,34.0674934387207,36.91523361206055,36.45841979980469,35.19135665893555,36.11223220825195,38.21980667114258,38.99179458618164,38.52010726928711,36.81427001953125,36.341922760009766,37.99671173095703,39.15916061401367,34.924251556396484,24.747486114501953,19.497976303100586
40.307273864746094,40.859031677246094,41.0799674987793,41.070587158203125,40.785240173339844,40.18383026123047,39.22725296020508,37.67436599731445,35.5737419128418,33.98685073852539,34.071388244628906,35.59660720825195,37.59978485107422,39.8843994140625,42.560550689697266,44.222320556640625,42.840675354003906,40.442020416259766,40.68263626098633,43.00578689575195,44.53766632080078,44.08961868286133,41.85885238647461,38.12324142456055,35.31916427612305,34.94828414916992,35.056785583496094,34.04659652709961,33.01982879638672,34.55872344970703,36.96885681152344,36.4865837097168,34.69545364379883,35.22967529296875,38.687294006347656,41.223609924316406,41.36908721923828,39.678462982177734,39.740848541259766,42.29646682739258,43.636375427246094,40.04503631591797,31.726716995239258,25.049591064453125
42.71027374267578,42.89733123779297,42.40870666503906,41.90717697143555,41.483367919921875,40.599979400634766,38.66040802001953,35.97526931762695,34.021663665771484,33.674072265625,34.6838264465332,36.4553337097168,38.2525749206543,40.04145050048828,42.369869232177734,44.822566986083984,45.124088287353516,42.719268798828125,41.00187301635742,42.140438079833984,44.59992980957031,46.26478576660156,45.98112487792969,42.78140640258789,38.21194839477539,35.305179595947266,34.99132537841797,35.82625961303711,35.93003463745117,35.90311813354492,36.641902923583984,36.14209747314453,34.55559539794922,34.98894119262695,38.976966857910156,42.59114074707031,44.353538513183594,43.22032165527344,42.42686080932617,44.25966262817383,45.570281982421875,42.94498825073242,37.10221862792969,31.42301368713379
44.71836853027344,44.239349365234375,42.89400863647461,41.99172592163086,41.78310775756836,41.20624542236328,39.01714324951172,36.12508010864258,34.79314041137695,35.42103958129883,37.010902404785156,38.80713653564453,40.209510803222656,41.21380615234375,42.28669738769531,43.65647506713867,44.640987396240234,44.09038543701172,42.446510314941406,41.81477737426758,43.31922912597656,45.624507904052734,46.805198669433594,45.21183776855469,40.674034118652344,36.049259185791016,34.6387939453125,36.358158111572266,38.24367904663086,38.33287048339844,37.74276351928711,36.7291259765625,35.62736892700195,36.3922119140625,39.73124694824219,43.02203369140625,46.036521911621094,46.14509201049805,44.41581344604492,45.09288024902344,46.30107879638672,44.66494369506836,40.41713333129883,35.542442321777344
45.19853973388672,44.19327926635742,42.66255569458008,41.8070068359375,42.06306457519531,42.15003204345703,40.63018798828125,38.60031509399414,37.87311935424805,38.78361129760742,40.612003326416016,42.34587478637695,43.17247772216797,43.19547653198242,42.86764144897461,42.813968658447266,43.4107666015625,43.888275146484375,43.24827575683594,42.24761199951172,42.59529113769531,44.06536102294922,45.236663818359375,44.2432861328125,40.70068359375,37.234867095947266,36.11406326293945,37.4070930480957,39.5018196105957,39.85667037963867,38.57340621948242,37.190704345703125,37.129756927490234,38.69085693359375,40.796546936035156,43.39619064331055,46.66780471801758,47.57814025878906,45.84946060180664,46.2082633972168,47.563514709472656,46.43934631347656,42.44974899291992,37.87855911254883
44.9044075012207,43.71467208862305,42.09989929199219,41.47529220581055,42.08546447753906,42.62972640991211,42.01374053955078,41.24285125732422,41.5032958984375,42.73834991455078,44.28129577636719,45.269012451171875,45.44749069213867,45.290042877197266,44.672569274902344,43.72865295410156,43.0442008972168,42.61381149291992,42.349815368652344,42.46341323852539,42.98905563354492,43.53324508666992,43.485191345214844,42.01006317138672,39.719425201416016,38.49929428100586,38.22319030761719,38.96635818481445,40.371341705322266,40.346824645996094,38.784339904785156,37.718570709228516,38.79795837402344,40.66972732543945,41.67658233642578,43.74277877807617,46.745426177978516,48.000370025634766,46.89887237548828,47.009735107421875,48.5474853515625,48.443294525146484,44.31949234008789,39.43122863769531
43.78151321411133,42.45448303222656,41.47881317138672,41.689388275146484,42.40214157104492,42.388126373291016,41.94166946411133,42.40597152709961,43.81730270385742,45.27872085571289,46.481231689453125,47.20836639404297,47.36787414550781,47.19274139404297,46.25926208496094,44.48244094848633,42.5396728515625,41.03777313232422,40.76921081542969,41.95439147949219,43.309593200683594,43.69276428222656,43.045196533203125,41.62514114379883,40.102256774902344,39.28697204589844,38.958595275878906,39.533634185791016,40.90271759033203,41.3966064453125,40.27010726928711,39.31040954589844,40.5076904296875,42.070125579833984,42.39324188232422,44.058799743652344,46.93609619140625,48.193119049072266,47.3317756652832,46.6438102722168,47.683624267578125,49.51963424682617,46.45180130004883,40.64657974243164
43.19194412231445,41.63166427612305,41.11115264892578,42.17266845703125,42.74509048461914,41.66185760498047,41.26902389526367,42.915740966796875,44.65993118286133,45.71931076049805,47.25400924682617,48.90487289428711,49.247344970703125,48.27933883666992,46.6171989440918,44.55330276489258,42.08362579345703,39.694580078125,38.94723129272461,40.41978454589844,42.504817962646484,43.541439056396484,43.66431427001953,42.94919204711914,41.46949768066406,40.05127716064453,39.24495315551758,39.8070182800293,41.680789947509766,43.08684158325195,42.74142074584961,41.99877166748047,42.87406921386719,44.15927505493164,44.248653411865234,45.28023910522461,47.2950439453125,48.16725540161133,47.40079879760742,45.84345245361328,45.83173370361328,48.529029846191406,48.16706848144531,41.867733001708984
43.36924743652344,41.4508056640625,41.468284606933594,42.717586517333984,41.960731506347656,39.87834930419922,40.63505935668945,43.854827880859375,45.51852798461914,45.95844650268555,47.38698959350586,49.13185119628906,49.78666687011719,49.050331115722656,47.26471710205078,44.85882568359375,41.80194091796875,38.722713470458984,37.38933563232422,38.87253952026367,41.703453063964844,43.845497131347656,44.76109313964844,44.663272857666016,43.58169937133789,41.63469696044922,40.38997268676758,41.192710876464844,43.277469635009766,44.78791427612305,44.91109848022461,44.943260192871094,45.845733642578125,46.9626579284668,47.057838439941406,47.04503631591797,47.14361572265625,47.156497955322266,46.91099548339844,45.63554382324219,45.200469970703125,47.521785736083984,49.3790168762207,44.78974533081055
44.539512634277344,42.62855911254883,41.89289474487305,41.91994094848633,40.92518997192383,39.74814987182617,41.45820999145508,45.107357025146484,46.432621002197266,46.029361724853516,46.89116668701172,48.63385772705078,49.574554443359375,48.98651123046875,47.23257064819336,44.70882034301758,41.4869499206543,38.5466194152832,37.4395637512207,38.808712005615234,41.70181655883789,44.259761810302734,45.23676300048828,45.39877700805664,45.60216522216797,44.39725112915039,42.505516052246094,43.07366943359375,45.221290588378906,45.949119567871094,46.20628356933594,47.560752868652344,48.91329574584961,49.24769592285156,48.502037048339844,47.594764709472656,47.19001388549805,46.997257232666016,46.80385208129883,45.96105194091797,45.674102783203125,47.53622817993164,49.63364028930664,47.04749298095703
46.20059585571289,44.14300537109375,41.6417236328125,41.252723693847656,42.349082946777344,42.98134994506836,43.73044204711914,45.34986877441406,46.225032806396484,46.22244644165039,46.73841094970703,47.99431610107422,48.89521408081055,48.195430755615234,46.23990249633789,43.75666809082031,40.906436920166016,38.90131378173828,38.97647476196289,40.59029006958008,42.718082427978516,44.515602111816406,45.24779510498047,45.720577239990234,46.79935073852539,46.862586975097656,45.46601104736328,45.20830154418945,46.05324172973633,47.012821197509766,49.09038543701172,50.14381408691406,49.15102767944336,48.26295471191406,47.76200866699219,47.22865676879883,47.72796630859375,48.392765045166016,47.941158294677734,46.76117706298828,46.36146926879883,48.0096435546875,49.69108200073242,47.8243522644043
46.3849983215332,44.25265884399414,42.47201156616211,43.65208053588867,46.033935546875,46.5310173034668,45.547760009765625,45.36040115356445,46.12953186035156,46.6497917175293,46.83430862426758,47.37914276123047,48.17118453979492,47.65564727783203,45.6297492980957,42.95863723754883,40.132652282714844,38.803035736083984,39.99883270263672,42.16877365112305,44.0047492980957,45.483707427978516,46.35569381713867,47.167930603027344,48.63054275512695,48.469512939453125,46.78435134887695,46.93756103515625,48.2839241027832,49.10564041137695,50.808677673339844,51.223140716552734,49.01514434814453,47.12848663330078,46.665218353271484,46.572113037109375,47.93566131591797,50.2161865234375,50.5363883972168,48.73039245605469,46.95664978027344,48.029991149902344,49.86427688598633,47.65713119506836
46.2901611328125,45.26023483276367,44.93413543701172,46.37839889526367,48.19883346557617,48.41636657714844,47.168312072753906,46.09661102294922,46.41436767578125,47.62709426879883,48.20296859741211,48.11760711669922,48.10038757324219,47.44664001464844,45.67698287963867,43.19222640991211,40.56821823120117,39.67707443237305,41.28955841064453,43.55873107910156,45.35353469848633,46.899906158447266,47.9830207824707,49.651458740234375,51.524383544921875,49.44074249267578,46.484371185302734,47.39533996582031,51.11161804199219,52.43043518066406,50.853965759277344,49.36969757080078,48.58343505859375,47.77935791015625,46.64812469482422,45.839881896972656,47.33384323120117,51.165809631347656,53.82260513305664,51.72663879394531,47.393714904785156,48.170570373535156,50.2044792175293,46.76432418823242
47.24324035644531,47.04111862182617,47.05562973022461,47.3930778503418,48.14702224731445,48.991416931152344,49.03156280517578,48.23735427856445,48.22078323364258,49.944515228271484,51.0605583190918,49.81991195678711,48.15925598144531,47.308502197265625,46.446144104003906,45.0560302734375,43.46592330932617,43.068687438964844,44.20680236816406,45.664833068847656,47.07447814941406,48.18730545043945,49.00310134887695,52.09153747558594,54.0066032409668,49.86566162109375,46.2305793762207,47.87620544433594,53.119354248046875,54.969486236572266,51.01350021362305,46.96590042114258,46.436248779296875,47.236995697021484,46.584842681884766,45.41289138793945,46.411399841308594,50.772518157958984,55.99681091308594,54.49092102050781,48.49250793457031,48.03628158569336,49.71089553833008,47.27058792114258
47.957122802734375,47.50718307495117,47.55064392089844,48.07355880737305,48.994510650634766,50.08419418334961,50.696388244628906,50.763099670410156,51.17144775390625,52.32334899902344,52.81859588623047,51.53041076660156,50.017208099365234,49.24726867675781,48.361358642578125,47.47347640991211,47.35143280029297,47.86050033569336,48.1354866027832,48.37308883666992,48.71047592163086,48.418006896972656,48.754764556884766,52.67984390258789,55.219642639160156,50.96881103515625,46.85335159301758,48.10459518432617,53.13169860839844,55.6910514831543,53.12532043457031,48.20771789550781,45.177371978759766,44.859291076660156,45.492286682128906,46.3162956237793,47.145694732666016,50.281002044677734,55.94987869262695,56.12614440917969,50.4019660949707,48.101131439208984,49.4892463684082,49.99864196777344
47.82064437866211,47.131988525390625,47.768123626708984,49.356746673583984,50.527313232421875,51.11624526977539,51.594024658203125,52.68119430541992,53.88161849975586,54.27082824707031,53.90589904785156,53.338314056396484,52.9382209777832,52.63251495361328,51.84061050415039,50.846744537353516,50.784934997558594,51.12894058227539,50.46820831298828,49.840389251708984,49.425533294677734,48.12731170654297,47.93471145629883,51.67842102050781,55.22999954223633,52.14806365966797,47.30555725097656,47.51516342163086,51.69248962402344,55.499794006347656,55.8841438293457,51.78270721435547,45.966209411621094,43.00229263305664,44.215721130371094,47.165584564208984,48.658042907714844,50.50617599487305,54.91757583618164,56.28821563720703,52.81197738647461,51.28599548339844,53.233154296875,54.71384048461914
46.818992614746094,46.72068786621094,48.198150634765625,50.24259567260742,51.28681182861328,51.532806396484375,52.251773834228516,53.996971130371094,55.657264709472656,56.10429763793945,55.84434127807617,56.157108306884766,56.589176177978516,55.8619270324707,54.431148529052734,53.48638153076172,53.49128723144531,53.24946975708008,51.339019775390625,48.99118423461914,48.337459564208984,48.04887771606445,48.23494338989258,51.27847671508789,54.71552276611328,52.475040435791016,47.66286849975586,47.14773178100586,50.562862396240234,54.25936508178711,55.63820266723633,52.881256103515625,47.703285217285156,44.212913513183594,44.502052307128906,46.973026275634766,49.23201370239258,51.639808654785156,55.12874984741211,56.54443359375,55.722145080566406,56.480228424072266,59.13496780395508,59.422447204589844
