data/wind_data/wind_30_6.json
{"header": {"parameterUnit": "KT", "parameterCategory": 2, "nx": 256, "ny": 198, "lo1": 44.73521041870117, "la1": -3.236724853515625, "lo2": 111.26478576660156, "la2": 43.468475341796875, "dx": 0.2609002888202667, "dy": -0.23708222806453705, "refTime": "2025-02-20 06:00:00", "forecastTime": 0, "parameterNumber": 2, "parameterNumberName": "eastward_wind"}, "data":
[rows 160 to 179 of 198, columns 90 to 134 of 256]
21.289548873901367,19.314247131347656,17.456432342529297,15.942928314208984,16.1144962310791,16.65890121459961,17.31026268005371,16.362688064575195,13.877840995788574,11.597326278686523,10.508097648620605,11.283562660217285,10.928211212158203,8.755555152893066,7.187575340270996,1.7787251472473145,-0.8726906776428223,1.1373796463012695,3.1246047019958496,5.040082931518555,9.62557601928711,15.291377067565918,18.347007751464844,19.024723052978516,17.82085418701172,16.024112701416016,12.630841255187988,10.263081550598145,12.902912139892578,18.290300369262695,23.635303497314453,28.03254508972168,31.06427764892578,32.98200988769531,34.16435623168945,33.96807098388672,32.1430549621582,28.673730850219727,22.957111358642578,19.79425811767578,19.6746883392334,23.772727966308594,23.188535690307617,19.033803939819336,14.261202812194824
20.192800521850586,17.904172897338867,15.772993087768555,14.164308547973633,14.66061019897461,15.293750762939453,15.835959434509277,13.8381986618042,11.143208503723145,9.197056770324707,7.692573070526123,7.005183696746826,6.9324493408203125,5.869627475738525,2.21933650970459,-2.4157354831695557,-4.356929779052734,-2.3271069526672363,1.0318187475204468,1.5523929595947266,4.873697280883789,10.596990585327148,15.713213920593262,17.258970260620117,15.40182876586914,13.754020690917969,12.695707321166992,11.619514465332031,13.13931941986084,17.34237289428711,20.654741287231445,22.35428810119629,23.733657836914062,25.256683349609375,25.635478973388672,23.31477165222168,19.195552825927734,15.428589820861816,13.451929092407227,15.43586540222168,18.62010383605957,20.095956802368164,19.414953231811523,9.310928344726562,13.978724479675293
19.4537296295166,16.897014617919922,14.649588584899902,12.886103630065918,13.310284614562988,13.857271194458008,14.094614028930664,12.529280662536621,9.016555786132812,7.632914066314697,5.552687644958496,2.0162885189056396,2.701174259185791,1.6890816688537598,-3.8242671489715576,-5.56231164932251,-5.327585697174072,-5.062689304351807,-2.3612663745880127,-1.3837562799453735,1.5052016973495483,6.131160259246826,10.948861122131348,13.128726959228516,11.240165710449219,9.765154838562012,10.114174842834473,10.306068420410156,12.429856300354004,14.166555404663086,14.990921020507812,15.863539695739746,17.079559326171875,17.203466415405273,14.825757026672363,11.116717338562012,8.7637939453125,8.168587684631348,9.823147773742676,12.56399917602539,13.111244201660156,13.97205924987793,14.866446495056152,14.711430549621582,22.784427642822266
18.90056800842285,16.222553253173828,13.794241905212402,11.963972091674805,12.086556434631348,12.72772216796875,11.928257942199707,10.334811210632324,7.328840732574463,6.478000640869141,4.185639381408691,-1.8840765953063965,-1.7838573455810547,-1.1907166242599487,-6.33250093460083,-6.395483493804932,-5.851742267608643,-6.618535995483398,-6.51162052154541,-5.609971046447754,-1.7535064220428467,2.9463226795196533,6.656653881072998,8.22094440460205,6.159178256988525,5.449789047241211,6.821083068847656,8.202410697937012,8.70596981048584,6.5766754150390625,6.627399921417236,8.172255516052246,7.857052803039551,4.597199440002441,1.222470760345459,0.8193761110305786,2.3675789833068848,3.7409136295318604,5.756690502166748,8.930181503295898,10.193232536315918,14.242280006408691,19.053619384765625,22.6167049407959,26.265567779541016
18.247575759887695,15.703800201416016,12.995800971984863,11.287962913513184,11.098711013793945,11.606292724609375,10.553876876831055,7.948752403259277,5.900386810302734,5.095711708068848,2.6479766368865967,-5.0042877197265625,-4.966042995452881,-3.8285624980926514,-5.282126426696777,-6.4754133224487305,-6.193465232849121,-8.497526168823242,-8.57016658782959,-8.083521842956543,-5.577316761016846,-1.1035212278366089,2.433527708053589,2.504239320755005,1.258565902709961,2.322496175765991,4.198777675628662,3.5970706939697266,-1.4148433208465576,-4.187698841094971,-2.6503713130950928,-2.3949427604675293,-4.364810943603516,-4.016831874847412,-2.7242026329040527,-1.0070465803146362,1.788902759552002,4.369719982147217,7.075835704803467,11.058104515075684,13.737080574035645,20.161693572998047,24.34261703491211,26.930017471313477,28.9581356048584
17.266794204711914,15.135066986083984,12.528573989868164,10.762572288513184,10.424283027648926,10.833609580993652,10.453585624694824,7.800003528594971,5.126040458679199,3.771500587463379,1.8016432523727417,-5.992953300476074,-6.496820449829102,-4.7371416091918945,-3.930894136428833,-5.2458577156066895,-6.490185260772705,-9.53252124786377,-8.557889938354492,-7.667389869689941,-6.367403507232666,-3.9989755153656006,-2.160951852798462,-2.5840609073638916,-1.9553420543670654,0.17677856981754303,-0.390402615070343,-5.961631774902344,-10.810593605041504,-9.09603214263916,-7.327478408813477,-6.7467827796936035,-4.384205341339111,-1.7882026433944702,0.1677684485912323,2.1422524452209473,5.716006278991699,7.937562942504883,10.311995506286621,12.858546257019043,14.740009307861328,19.54701805114746,23.14077377319336,25.698108673095703,29.066974639892578
16.103734970092773,14.275651931762695,12.133746147155762,10.2163667678833,10.001252174377441,10.529518127441406,10.547224998474121,8.656224250793457,5.583343505859375,3.311654567718506,1.5968118906021118,-4.758884906768799,-6.437076568603516,-4.439225673675537,-3.1850225925445557,-4.322751045227051,-6.53795862197876,-8.269209861755371,-8.597325325012207,-7.156107425689697,-5.981015682220459,-4.208906650543213,-4.028680801391602,-4.9275593757629395,-4.583169460296631,-5.0293869972229,-8.21895980834961,-11.949270248413086,-11.030232429504395,-9.313126564025879,-7.532005310058594,-5.897226810455322,-2.2251572608947754,0.8398537039756775,3.03590726852417,6.110424995422363,9.791922569274902,11.870100021362305,13.7743558883667,15.113065719604492,15.672961235046387,18.122028350830078,21.428985595703125,24.996562957763672,29.40416717529297
15.033679962158203,13.200584411621094,11.602535247802734,9.819473266601562,9.645285606384277,10.309814453125,10.39271068572998,9.005702018737793,6.680194854736328,3.5196425914764404,1.311119794845581,-3.364834785461426,-5.0421142578125,-3.987004280090332,-2.807981252670288,-3.8219096660614014,-5.732945442199707,-7.5707292556762695,-8.57201862335205,-7.991132736206055,-6.581191062927246,-4.590651035308838,-4.937028884887695,-7.377316474914551,-9.540739059448242,-11.27749252319336,-11.826733589172363,-10.543042182922363,-8.12997817993164,-7.706584930419922,-6.849092960357666,-4.352398872375488,-2.181596517562866,1.4107131958007812,5.618565082550049,10.004743576049805,12.435914993286133,14.519501686096191,16.37676239013672,17.72379493713379,19.20445442199707,21.529556274414062,24.718299865722656,28.470338821411133,32.436981201171875
14.113834381103516,12.298734664916992,10.89917278289795,9.351205825805664,9.115957260131836,10.191534042358398,10.765015602111816,9.662599563598633,7.918022155761719,3.716142177581787,0.9593002796173096,-2.24599289894104,-3.4111433029174805,-3.3425099849700928,-2.7352991104125977,-3.760836362838745,-4.985354900360107,-8.06417465209961,-8.796673774719238,-8.240205764770508,-7.030638694763184,-5.7382426261901855,-6.765451908111572,-10.66683578491211,-12.793329238891602,-12.405919075012207,-10.797439575195312,-7.773632526397705,-5.197463512420654,-5.795032024383545,-5.7809739112854,-3.9530911445617676,-1.2883236408233643,3.73041033744812,9.206042289733887,12.70009994506836,14.152787208557129,16.038732528686523,17.644601821899414,19.424287796020508,22.012496948242188,24.805952072143555,27.780643463134766,30.94416618347168,33.844425201416016
13.476261138916016,11.5999174118042,10.192371368408203,8.901084899902344,8.625645637512207,10.2109956741333,11.436776161193848,10.966506004333496,9.392684936523438,4.9126386642456055,0.7155201435089111,-1.2529082298278809,-1.8867331743240356,-2.1615188121795654,-2.493013858795166,-4.181949138641357,-5.501249313354492,-8.920191764831543,-9.156998634338379,-7.705406665802002,-6.915820121765137,-7.253895282745361,-9.634693145751953,-12.451207160949707,-12.235300064086914,-10.771459579467773,-9.345684051513672,-6.956448554992676,-4.803094387054443,-4.362709045410156,-2.7722833156585693,-3.6695446968078613,0.4838843047618866,7.352146625518799,13.107674598693848,15.614603996276855,16.633996963500977,18.17777442932129,20.073192596435547,21.708003997802734,23.581071853637695,25.8712100982666,27.948673248291016,29.79551124572754,31.702436447143555
13.10770320892334,11.256242752075195,9.62464427947998,8.539650917053223,8.44655704498291,10.174430847167969,12.046354293823242,12.68679428100586,11.330941200256348,7.543691158294678,1.8627967834472656,-0.6797161102294922,-0.39623382687568665,-0.7651108503341675,-1.8214030265808105,-4.383861064910889,-6.822286605834961,-9.030513763427734,-9.643601417541504,-7.3414716720581055,-6.890089511871338,-8.617074012756348,-11.0890531539917,-11.465091705322266,-9.559738159179688,-8.729068756103516,-8.065994262695312,-6.384186267852783,-4.615540504455566,-3.3410754203796387,0.9880372285842896,-0.5478179454803467,3.7953617572784424,11.103914260864258,16.003267288208008,17.991214752197266,19.347082138061523,21.179899215698242,23.774795532226562,25.83937644958496,27.137563705444336,28.20816421508789,28.73006820678711,29.143096923828125,30.49911117553711
12.927780151367188,11.178363800048828,9.527426719665527,8.485909461975098,8.453139305114746,10.24561595916748,12.5139741897583,14.147368431091309,13.526185035705566,10.13012981414795,4.591507434844971,-0.033251550048589706,0.7663131952285767,0.9354423880577087,-1.0407198667526245,-4.05906343460083,-7.250584125518799,-8.776058197021484,-9.1516752243042,-7.076195240020752,-6.697536468505859,-8.35435962677002,-10.449006080627441,-9.052263259887695,-7.111712455749512,-7.212651252746582,-6.506516933441162,-5.609283924102783,-3.4942235946655273,-0.43401747941970825,2.975501298904419,3.0347249507904053,8.598901748657227,15.115450859069824,18.73610496520996,20.29218101501465,21.856542587280273,23.971019744873047,26.597455978393555,29.001296997070312,30.651586532592773,31.431400299072266,31.47493553161621,31.696626663208008,33.09537124633789
12.941720962524414,11.392179489135742,9.84925651550293,8.786151885986328,8.513066291809082,10.386869430541992,12.848601341247559,14.89388656616211,15.341001510620117,12.44173526763916,7.398313999176025,1.8023961782455444,1.7237329483032227,2.218341588973999,0.41826409101486206,-3.3069093227386475,-6.887993335723877,-8.351008415222168,-7.696550369262695,-6.987209796905518,-6.706655979156494,-7.067398548126221,-7.315608501434326,-6.527590751647949,-5.7751617431640625,-5.806129455566406,-4.649102687835693,-4.29119873046875,-1.142810344696045,4.122100830078125,6.257107257843018,8.800692558288574,13.549888610839844,18.814205169677734,22.469100952148438,24.516141891479492,25.963010787963867,27.646690368652344,29.66516876220703,31.829423904418945,33.79072570800781,35.20550537109375,36.03044891357422,36.7267951965332,37.665245056152344
13.221084594726562,11.774962425231934,10.315927505493164,9.211186408996582,8.859354019165039,10.64276123046875,13.148843765258789,15.298928260803223,16.38534164428711,14.550738334655762,10.424138069152832,5.158052921295166,2.6096744537353516,2.899181604385376,1.8487112522125244,-2.212162733078003,-6.451476097106934,-6.837113857269287,-6.287517547607422,-6.255291938781738,-6.587815761566162,-5.860229015350342,-4.354694843292236,-3.271063804626465,-3.9534099102020264,-4.65930700302124,-3.665254831314087,-2.6950128078460693,3.389343023300171,9.057093620300293,11.506583213806152,14.123228073120117,17.016023635864258,20.99750328063965,25.144926071166992,28.462581634521484,30.707475662231445,32.2261962890625,33.47014617919922,34.82638168334961,36.30328369140625,37.420528411865234,37.81340408325195,37.635948181152344,37.2739143371582
13.660037994384766,12.171526908874512,10.706182479858398,9.690584182739258,9.602392196655273,10.94800090789795,13.411148071289062,15.809821128845215,17.216142654418945,16.302711486816406,13.433900833129883,8.759504318237305,4.3033223152160645,3.556105852127075,2.962843179702759,-0.6916593313217163,-4.769698619842529,-4.702537536621094,-4.187955856323242,-4.070691108703613,-4.610332012176514,-5.169726371765137,-4.305113315582275,-2.336050271987915,-1.8163326978683472,-2.4692940711975098,-1.4363230466842651,2.7715492248535156,8.219712257385254,10.670482635498047,12.2874755859375,14.816301345825195,18.008689880371094,20.989124298095703,24.585033416748047,29.31024932861328,33.076683044433594,35.12601089477539,35.9771614074707,36.51875686645508,36.54716873168945,35.662757873535156,34.31218338012695,33.213539123535156,32.70761489868164
14.515711784362793,12.995847702026367,11.450287818908691,10.273962020874023,10.35428524017334,11.227489471435547,13.533289909362793,16.28404426574707,18.13083839416504,17.850566864013672,16.017902374267578,11.636251449584961,6.394113063812256,4.818911075592041,3.7534842491149902,1.378108263015747,-1.6934034824371338,-2.175321578979492,-2.5632407665252686,-2.303722620010376,-3.3438918590545654,-5.365577220916748,-6.243192672729492,-4.484837055206299,-2.782421827316284,0.5518205761909485,5.879673004150391,10.791314125061035,13.519885063171387,13.325267791748047,13.142145156860352,14.701793670654297,17.810226440429688,20.374927520751953,23.339923858642578,28.06623077392578,32.86488342285156,36.00141906738281,37.22575759887695,37.03168869018555,35.360408782958984,32.93722915649414,30.986082077026367,30.123395919799805,30.059066772460938
15.296682357788086,14.172100067138672,12.773502349853516,11.235172271728516,11.028803825378418,11.581113815307617,13.509031295776367,16.36756706237793,18.742172241210938,19.355981826782227,18.504636764526367,14.381171226501465,8.792418479919434,6.49545431137085,5.071208953857422,3.0896127223968506,1.4809365272521973,1.274739384651184,0.7095677256584167,-0.7612691521644592,-2.4378857612609863,-5.27664852142334,-6.017831802368164,-4.787856578826904,-2.4074392318725586,4.456258296966553,11.459113121032715,16.32353401184082,18.148441314697266,18.470664978027344,18.750751495361328,19.33358383178711,20.77769660949707,22.203004837036133,24.217586517333984,27.472074508666992,31.58778190612793,35.48942565917969,36.94990158081055,35.678287506103516,33.40262222290039,31.796525955200195,30.868614196777344,30.21233558654785,29.51756477355957
15.925990104675293,15.21858024597168,14.011906623840332,12.355870246887207,11.641282081604004,12.10433292388916,13.55683422088623,16.137529373168945,18.918317794799805,20.453941345214844,20.81570816040039,17.604631423950195,11.93670654296875,8.160224914550781,6.750572204589844,5.061253070831299,3.907715320587158,3.7432260513305664,4.837699890136719,3.083544969558716,0.8784579038619995,-1.7357934713363647,-2.662752151489258,-2.0518431663513184,1.2084696292877197,6.936773777008057,12.991096496582031,17.929235458374023,20.82114601135254,22.601654052734375,24.09737777709961,25.12373161315918,25.967267990112305,26.810077667236328,27.830127716064453,29.614303588867188,32.4932861328125,35.48556137084961,35.817256927490234,33.084869384765625,30.653982162475586,30.115528106689453,30.352428436279297,30.227920532226562,29.302494049072266
16.259639739990234,16.03606414794922,15.032678604125977,13.556729316711426,12.450790405273438,12.736351013183594,13.792677879333496,15.850132942199707,18.657344818115234,20.93513298034668,22.34267807006836,20.752395629882812,15.295464515686035,10.580968856811523,9.095630645751953,7.3847551345825195,6.373595237731934,5.905365943908691,7.143045902252197,6.816722869873047,5.4288225173950195,3.879007577896118,2.2734129428863525,1.682113766670227,6.150084495544434,10.194831848144531,14.001869201660156,17.949724197387695,21.53728485107422,24.551137924194336,26.88450813293457,28.61857032775879,29.891000747680664,30.92304801940918,32.26659393310547,33.92727279663086,36.41474533081055,38.46397399902344,37.11390686035156,33.007694244384766,29.96752166748047,29.238494873046875,29.724451065063477,30.307018280029297,30.098926544189453
16.28809928894043,16.418983459472656,15.990439414978027,14.8748197555542,13.591279029846191,13.484285354614258,14.300315856933594,15.69309139251709,18.09654426574707,20.77873420715332,22.98964500427246,23.467065811157227,19.03800392150879,13.794554710388184,11.632673263549805,10.235280990600586,9.179508209228516,8.144476890563965,9.028936386108398,10.1004638671875,9.899160385131836,9.586607933044434,8.010299682617188,6.0136518478393555,9.949081420898438,14.043731689453125,16.495960235595703,19.09461784362793,22.32173728942871,25.31538200378418,27.760433197021484,29.93781852722168,31.792970657348633,33.27149200439453,34.85009002685547,36.648990631103516,39.11265182495117,41.39942932128906,40.86477279663086,37.466156005859375,34.211097717285156,32.53564453125,32.16575241088867,32.581703186035156,32.866390228271484
