data/wind_data/wind_48_5.json
{"header": {"parameterUnit": "KT", "parameterCategory": 2, "nx": 256, "ny": 198, "lo1": 44.73521041870117, "la1": -3.236724853515625, "lo2": 111.26478576660156, "la2": 43.468475341796875, "dx": 0.2609002888202667, "dy": -0.23708222806453705, "refTime": "2025-02-21 00:00:00", "forecastTime": 0, "parameterNumber": 2, "parameterNumberName": "eastward_wind"}, "data":
[rows 57 to 75 of 198, columns 44 to 87 of 256]
-12.405021667480469,-12.704842567443848,-13.050019264221191,-13.33947467803955,-13.70333194732666,-14.021554946899414,-14.330849647521973,-14.648272514343262,-14.819972038269043,-14.821184158325195,-14.471418380737305,-14.186173439025879,-14.348544120788574,-14.695405006408691,-14.937432289123535,-15.178631782531738,-15.216273307800293,-15.158936500549316,-15.11793041229248,-15.024401664733887,-14.901605606079102,-14.702810287475586,-14.4705171585083,-14.558945655822754,-14.618755340576172,-14.639241218566895,-14.456620216369629,-14.118696212768555,-13.803800582885742,-13.480337142944336,-13.153968811035156,-12.794490814208984,-12.382678031921387,-11.922195434570312,-11.45091724395752,-10.940301895141602,-10.299137115478516,-9.725289344787598,-9.118124961853027,-8.452534675598145,-7.701753616333008,-6.912417888641357,-6.158171653747559,-5.450342655181885
-11.488057136535645,-11.60724925994873,-11.738229751586914,-12.105536460876465,-12.398675918579102,-12.662518501281738,-12.862568855285645,-13.059345245361328,-13.30801773071289,-13.449060440063477,-13.41496753692627,-13.308833122253418,-13.379241943359375,-13.583813667297363,-13.889782905578613,-14.118268966674805,-14.11431884765625,-14.028020858764648,-13.963235855102539,-13.883176803588867,-13.699966430664062,-13.535616874694824,-13.549942970275879,-13.516890525817871,-13.651494979858398,-13.634944915771484,-13.421886444091797,-13.301716804504395,-12.963025093078613,-12.527410507202148,-12.154058456420898,-11.784818649291992,-11.417548179626465,-10.988838195800781,-10.686025619506836,-10.274484634399414,-9.79421329498291,-9.208948135375977,-8.628509521484375,-8.021309852600098,-7.354305267333984,-6.619355201721191,-5.870281219482422,-5.1249847412109375
-9.913146018981934,-10.05431842803955,-10.211663246154785,-10.447793960571289,-10.65017032623291,-10.855512619018555,-11.011356353759766,-11.170324325561523,-11.347161293029785,-11.424529075622559,-11.606180191040039,-11.927642822265625,-12.210636138916016,-12.372443199157715,-12.534924507141113,-12.616230964660645,-12.62928295135498,-12.734884262084961,-12.688745498657227,-12.515080451965332,-12.38292121887207,-12.344106674194336,-12.402355194091797,-12.443922996520996,-12.482758522033691,-12.438905715942383,-12.267321586608887,-12.01005744934082,-11.679163932800293,-11.33700180053711,-11.061903953552246,-10.726582527160645,-10.413512229919434,-10.13121223449707,-9.866033554077148,-9.52521800994873,-9.137084007263184,-8.700445175170898,-8.230653762817383,-7.6916279792785645,-7.07273006439209,-6.362475872039795,-5.632037162780762,-4.868824481964111
-8.487689971923828,-8.556477546691895,-8.723880767822266,-8.797662734985352,-8.891569137573242,-9.055901527404785,-9.219588279724121,-9.364988327026367,-9.550827026367188,-9.686767578125,-9.908408164978027,-10.269404411315918,-10.82241153717041,-11.229116439819336,-11.405271530151367,-11.386030197143555,-11.300847053527832,-11.4241304397583,-11.417576789855957,-11.321147918701172,-11.287814140319824,-11.241416931152344,-11.377603530883789,-11.479663848876953,-11.416471481323242,-11.334067344665527,-11.260039329528809,-10.865544319152832,-10.56297492980957,-10.278685569763184,-10.081175804138184,-9.80052661895752,-9.550668716430664,-9.273634910583496,-9.025602340698242,-8.750712394714355,-8.477252006530762,-8.159412384033203,-7.800795078277588,-7.380529880523682,-6.841136932373047,-6.137732982635498,-5.346211910247803,-4.541317939758301
-7.744773864746094,-7.8233418464660645,-7.852103233337402,-7.816959857940674,-7.82485818862915,-7.8721771240234375,-7.999784469604492,-8.151554107666016,-8.261250495910645,-8.362794876098633,-8.695338249206543,-9.123271942138672,-9.739816665649414,-10.184989929199219,-10.453780174255371,-10.525736808776855,-10.492785453796387,-10.4263334274292,-10.365739822387695,-10.358519554138184,-10.387580871582031,-10.486457824707031,-10.629228591918945,-10.645130157470703,-10.504650115966797,-10.314384460449219,-10.165888786315918,-9.96440315246582,-9.648685455322266,-9.400609970092773,-9.241135597229004,-9.016937255859375,-8.794183731079102,-8.54883098602295,-8.292943954467773,-8.036344528198242,-7.8017191886901855,-7.5599822998046875,-7.29249906539917,-6.964217185974121,-6.501646041870117,-5.860520839691162,-5.0749359130859375,-4.208254337310791
-6.775511741638184,-6.837681293487549,-6.8898797035217285,-6.857173442840576,-6.828001499176025,-6.76914119720459,-6.916318893432617,-7.086752414703369,-7.230514049530029,-7.33063268661499,-7.5978922843933105,-8.092621803283691,-8.626270294189453,-9.054625511169434,-9.32480525970459,-9.453350067138672,-9.515613555908203,-9.53911304473877,-9.531403541564941,-9.552350044250488,-9.561518669128418,-9.580057144165039,-9.661947250366211,-9.715607643127441,-9.65706729888916,-9.470870018005371,-9.16595458984375,-8.877604484558105,-8.683406829833984,-8.563718795776367,-8.444721221923828,-8.32319164276123,-8.174453735351562,-7.98941707611084,-7.704441547393799,-7.360145568847656,-7.036744594573975,-6.800662994384766,-6.611754894256592,-6.354422092437744,-5.940550327301025,-5.381624698638916,-4.671512603759766,-3.8697142601013184
-5.405699253082275,-5.388128757476807,-5.34350061416626,-5.483760833740234,-5.506091594696045,-5.516240119934082,-5.697540283203125,-5.895897388458252,-6.092129230499268,-6.260107040405273,-6.640976905822754,-7.146352291107178,-7.565925598144531,-7.907261848449707,-8.171133995056152,-8.338985443115234,-8.430676460266113,-8.527835845947266,-8.651799201965332,-8.71708869934082,-8.6509370803833,-8.565115928649902,-8.60274600982666,-8.66241455078125,-8.599224090576172,-8.346918106079102,-8.042414665222168,-7.834444046020508,-7.682095527648926,-7.655947685241699,-7.626438617706299,-7.5898332595825195,-7.51271915435791,-7.322640895843506,-7.001618385314941,-6.608204364776611,-6.2260355949401855,-5.884612560272217,-5.5868425369262695,-5.330631732940674,-5.056883811950684,-4.696025371551514,-4.177412509918213,-3.4645018577575684
-3.8903467655181885,-3.9555842876434326,-3.784956693649292,-3.9575212001800537,-4.192197322845459,-4.337224960327148,-4.602010726928711,-4.836766242980957,-5.081289291381836,-5.284672260284424,-5.7384562492370605,-6.2700347900390625,-6.697439670562744,-6.981479167938232,-7.203370571136475,-7.370066165924072,-7.509904384613037,-7.6742448806762695,-7.861668109893799,-7.920388698577881,-7.824308395385742,-7.701014995574951,-7.614233016967773,-7.487979888916016,-7.284946918487549,-7.08877420425415,-6.920745372772217,-6.795382976531982,-6.730075359344482,-6.71987771987915,-6.749996662139893,-6.717271327972412,-6.63789176940918,-6.4729743003845215,-6.1564812660217285,-5.71991491317749,-5.259404182434082,-4.817726135253906,-4.431511878967285,-4.138859748840332,-3.905111789703369,-3.658782482147217,-3.3040735721588135,-2.7718489170074463
-2.4664790630340576,-2.5349390506744385,-2.5804531574249268,-2.615391492843628,-2.818815231323242,-3.184187412261963,-3.5670714378356934,-3.8458573818206787,-4.083157539367676,-4.412281513214111,-4.868907928466797,-5.430216312408447,-5.910547256469727,-6.228291988372803,-6.480627059936523,-6.676457405090332,-6.8716864585876465,-7.059054374694824,-7.17535924911499,-7.162120342254639,-7.017024040222168,-6.79856538772583,-6.536514759063721,-6.245058059692383,-5.993181228637695,-5.872963905334473,-5.850795269012451,-5.8603949546813965,-5.883466720581055,-5.919015884399414,-5.920622825622559,-5.856207370758057,-5.703188896179199,-5.479213237762451,-5.142781734466553,-4.71161413192749,-4.2661333084106445,-3.7976202964782715,-3.320986032485962,-2.888357400894165,-2.578343152999878,-2.3490638732910156,-2.062070369720459,-1.6648099422454834
-1.272090196609497,-1.4161697626113892,-1.5027788877487183,-1.600334644317627,-1.7697694301605225,-2.0486886501312256,-2.3418829441070557,-2.6705164909362793,-2.942054510116577,-3.3414382934570312,-3.8877921104431152,-4.473125457763672,-4.958289623260498,-5.309521675109863,-5.642148971557617,-5.925659656524658,-6.17064905166626,-6.350704193115234,-6.345747470855713,-6.234905242919922,-6.072129249572754,-5.8308281898498535,-5.577695846557617,-5.3092241287231445,-5.079644203186035,-4.9390692710876465,-4.92257833480835,-5.008042335510254,-5.09565544128418,-5.13601541519165,-5.186748027801514,-5.0607590675354,-4.851419448852539,-4.532169342041016,-4.142831802368164,-3.712526559829712,-3.2812108993530273,-2.8063247203826904,-2.3209385871887207,-1.821121335029602,-1.4060635566711426,-1.0745797157287598,-0.7823826670646667,-0.42484351992607117
-0.045083120465278625,-0.2911127209663391,-0.4998488426208496,-0.6516073346138,-0.9513902068138123,-1.181634545326233,-1.3239614963531494,-1.4723646640777588,-1.7482186555862427,-2.2417118549346924,-2.88435697555542,-3.39664626121521,-3.7444379329681396,-4.042355537414551,-4.424818515777588,-4.794644832611084,-5.052299976348877,-5.216973781585693,-5.250964164733887,-5.110887050628662,-4.956473350524902,-4.796496868133545,-4.626103401184082,-4.426875591278076,-4.25848913192749,-4.157587051391602,-4.143792152404785,-4.189317226409912,-4.262724876403809,-4.314675807952881,-4.252910614013672,-4.101935386657715,-3.849066734313965,-3.510964870452881,-3.0926148891448975,-2.6675288677215576,-2.2852373123168945,-1.8765361309051514,-1.4604125022888184,-1.0061215162277222,-0.5828137397766113,-0.19132405519485474,0.19298096001148224,0.6358084678649902
1.332511305809021,1.0261330604553223,0.5641155242919922,0.29625949263572693,0.059886347502470016,-0.24682603776454926,-0.4438527524471283,-0.5033584833145142,-0.7394047379493713,-1.1905990839004517,-1.8201825618743896,-2.2599704265594482,-2.476407766342163,-2.6562585830688477,-2.9478676319122314,-3.26992130279541,-3.5725553035736084,-3.83301043510437,-3.885901927947998,-3.7669379711151123,-3.6675052642822266,-3.5666091442108154,-3.4086084365844727,-3.233859062194824,-3.143895387649536,-3.1948161125183105,-3.338646411895752,-3.4625933170318604,-3.5224103927612305,-3.4913721084594727,-3.3151137828826904,-3.0010035037994385,-2.6659257411956787,-2.316514253616333,-1.9150354862213135,-1.542905330657959,-1.2293436527252197,-0.9644610285758972,-0.6943438649177551,-0.3841749429702759,0.002680318895727396,0.4399266242980957,0.9057192206382751,1.4054995775222778
2.8777968883514404,2.4810595512390137,1.8779865503311157,1.4148517847061157,1.1420319080352783,0.8371659517288208,0.5423963665962219,0.43094339966773987,0.11728516966104507,-0.3243144750595093,-0.7628183364868164,-1.0692123174667358,-1.1765679121017456,-1.2728266716003418,-1.4543160200119019,-1.796323299407959,-2.2080934047698975,-2.556864023208618,-2.623304843902588,-2.498504400253296,-2.347055435180664,-2.1958518028259277,-2.0257859230041504,-1.9599050283432007,-2.029045820236206,-2.2247490882873535,-2.493760585784912,-2.750638484954834,-2.8871102333068848,-2.8211519718170166,-2.5249035358428955,-2.0736703872680664,-1.6448326110839844,-1.2663590908050537,-0.9008892178535461,-0.5802279710769653,-0.3295728862285614,-0.12045513838529587,0.07179334759712219,0.31782764196395874,0.6610142588615417,1.0966885089874268,1.6100788116455078,2.175541400909424
4.322023391723633,3.7932698726654053,3.268641233444214,2.836635112762451,2.459141254425049,2.1551849842071533,1.8242418766021729,1.4971147775650024,0.928580641746521,0.37634626030921936,0.10784335434436798,-0.0031594126485288143,0.0655735656619072,0.11334404349327087,0.006096004508435726,-0.3598988652229309,-0.8933187127113342,-1.3065296411514282,-1.435721516609192,-1.3414192199707031,-1.1641165018081665,-0.9986603856086731,-0.8844326138496399,-0.9073512554168701,-1.06229567527771,-1.3835488557815552,-1.8019299507141113,-2.161877393722534,-2.320356845855713,-2.1937825679779053,-1.8230400085449219,-1.32218599319458,-0.8525515794754028,-0.5073126554489136,-0.22701695561408997,0.04287153109908104,0.3034016191959381,0.5716572999954224,0.8435373306274414,1.1433669328689575,1.5077975988388062,1.965021014213562,2.5196807384490967,3.150286912918091
6.102962017059326,5.360202312469482,4.6875319480896,4.266693115234375,3.840343952178955,3.6592907905578613,3.3843722343444824,2.8116703033447266,2.0336060523986816,1.37932550907135,0.9485918879508972,0.9154119491577148,1.0722501277923584,1.2738494873046875,1.2568963766098022,0.8431993126869202,0.27562686800956726,-0.1313995122909546,-0.26137369871139526,-0.1948247104883194,-0.04449544847011566,0.05538453534245491,0.08617231249809265,-0.01575581356883049,-0.24513059854507446,-0.63672935962677,-1.1318033933639526,-1.522866129875183,-1.6548691987991333,-1.492144227027893,-1.0896557569503784,-0.6177785992622375,-0.2136545479297638,0.06979520618915558,0.2932516932487488,0.5299139022827148,0.8175532221794128,1.142843246459961,1.511749029159546,1.9138545989990234,2.356419324874878,2.871816873550415,3.4769413471221924,4.161726474761963
7.916795253753662,7.255894184112549,6.461242198944092,5.746791362762451,5.182487964630127,4.971433162689209,4.770456314086914,4.27659273147583,3.545912981033325,2.9319005012512207,2.4147448539733887,2.213449001312256,2.292252540588379,2.4090676307678223,2.278287172317505,1.8297040462493896,1.291782259941101,0.9212308526039124,0.8109605312347412,0.9292771816253662,1.0514662265777588,1.0943357944488525,1.0434870719909668,0.9033585786819458,0.6083033680915833,0.17806698381900787,-0.3478611409664154,-0.7364035844802856,-0.8382213711738586,-0.6779371500015259,-0.34408697485923767,0.02338740974664688,0.32922372221946716,0.564622700214386,0.7951977252960205,1.087846040725708,1.4282095432281494,1.7935099601745605,2.1765494346618652,2.5824923515319824,3.034071683883667,3.5610311031341553,4.185773849487305,4.896388530731201
9.392125129699707,8.926554679870605,8.154311180114746,7.3267388343811035,6.665250778198242,6.274720191955566,5.987124443054199,5.625661373138428,5.064240455627441,4.539412498474121,4.118893623352051,3.9543988704681396,3.9780282974243164,3.8740813732147217,3.5263593196868896,3.0640809535980225,2.5402772426605225,2.180678606033325,2.069549322128296,2.1506528854370117,2.205127716064453,2.1568443775177,2.006554126739502,1.7974425554275513,1.493167757987976,1.0425217151641846,0.5190051794052124,0.15010249614715576,0.015397307462990284,0.1033530905842781,0.32188302278518677,0.5576745867729187,0.7786708474159241,1.0220155715942383,1.3428082466125488,1.7347559928894043,2.1427509784698486,2.5305347442626953,2.8769211769104004,3.221320629119873,3.6197516918182373,4.112241268157959,4.715365409851074,5.41170597076416
10.622464179992676,10.280150413513184,9.57055377960205,8.820606231689453,8.161972045898438,7.700695991516113,7.234241008758545,6.79784631729126,6.359374046325684,5.916546821594238,5.5591044425964355,5.485824108123779,5.488123416900635,5.296156406402588,4.948081970214844,4.533536434173584,4.03716516494751,3.6420223712921143,3.433621406555176,3.4009077548980713,3.3425192832946777,3.164883852005005,2.9143404960632324,2.6392431259155273,2.321010112762451,1.9166724681854248,1.469260811805725,1.1015461683273315,0.8877528309822083,0.8441544771194458,0.9135544300079346,1.0487560033798218,1.256948709487915,1.5583900213241577,1.9494129419326782,2.367546796798706,2.7646121978759766,3.1226131916046143,3.45477557182312,3.8098857402801514,4.230344295501709,4.731978893280029,5.318096160888672,5.974754810333252
11.295775413513184,11.054713249206543,10.578113555908203,10.044950485229492,9.524808883666992,9.028963088989258,8.477628707885742,7.961747646331787,7.54697847366333,7.150330543518066,6.8148112297058105,6.683158874511719,6.548780918121338,6.319239616394043,6.095840930938721,5.790080547332764,5.368370056152344,4.994447231292725,4.709888458251953,4.501404285430908,4.295894622802734,4.0367536544799805,3.733959436416626,3.454472780227661,3.1916303634643555,2.885380983352661,2.5257694721221924,2.1767959594726562,1.9079885482788086,1.752791404724121,1.7074968814849854,1.78767991065979,2.0125253200531006,2.3551456928253174,2.7407610416412354,3.095968723297119,3.39426851272583,3.659675359725952,3.961199998855591,4.355172634124756,4.845074653625488,5.400309085845947,5.988678932189941,6.612451553344727
