data/wind_data/wind_66_7.json
{"header": {"parameterUnit": "KT", "parameterCategory": 2, "nx": 256, "ny": 198, "lo1": 44.73521041870117, "la1": -3.236724853515625, "lo2": 111.26478576660156, "la2": 43.468475341796875, "dx": 0.2609002888202667, "dy": -0.23708222806453705, "refTime": "2025-02-21 18:00:00", "forecastTime": 0, "parameterNumber": 2, "parameterNumberName": "eastward_wind"}, "data":
[rows 160 to 179 of 198, columns 44 to 87 of 256]
68.12759399414062,66.92288208007812,65.54788970947266,63.75442123413086,62.908023834228516,63.6784553527832,63.79141616821289,60.893577575683594,56.981414794921875,55.25483322143555,56.028011322021484,58.1739616394043,59.16193771362305,57.77238464355469,57.118717193603516,59.063873291015625,60.07498550415039,56.58249282836914,51.712745666503906,50.38591003417969,52.41300582885742,54.295143127441406,54.2833137512207,53.578857421875,53.580570220947266,54.11964797973633,54.58256149291992,54.89724349975586,55.1888427734375,55.53377151489258,56.23569107055664,56.91269302368164,56.43635940551758,54.71201705932617,53.09299850463867,51.815860748291016,50.55644989013672,50.178688049316406,50.688438415527344,51.324188232421875,50.96102523803711,49.742210388183594,49.34754943847656,50.66175842285156
67.1806411743164,65.72505950927734,64.04918670654297,62.672943115234375,62.743492126464844,63.81277847290039,63.018402099609375,59.42457580566406,56.09234619140625,55.66658020019531,57.883331298828125,59.8088264465332,58.572383880615234,56.919395446777344,58.006839752197266,59.948768615722656,58.52561569213867,53.52363204956055,49.7341194152832,50.30698013305664,52.93213653564453,53.905635833740234,53.00436019897461,52.467201232910156,53.10426712036133,53.86436462402344,53.99332046508789,53.812255859375,53.926002502441406,54.611289978027344,55.752052307128906,56.46890640258789,55.60286331176758,53.71823501586914,52.4140739440918,51.89842987060547,51.29576110839844,50.71986389160156,50.56572341918945,50.61195373535156,50.28023147583008,49.426090240478516,49.057655334472656,49.793983459472656
66.28291320800781,64.86134338378906,63.5722541809082,62.895442962646484,63.26496887207031,63.285221099853516,61.24475860595703,58.058326721191406,56.129459381103516,57.080589294433594,59.79939270019531,60.1704216003418,58.181396484375,57.73087692260742,58.909156799316406,58.5460319519043,55.439598083496094,51.53373718261719,49.72732162475586,50.857357025146484,52.72574234008789,53.028350830078125,52.19935607910156,52.0234260559082,52.76008987426758,53.291900634765625,53.04670333862305,52.57679748535156,52.689239501953125,53.672420501708984,55.0818977355957,55.52066421508789,54.22220993041992,52.63361740112305,52.222496032714844,52.26298522949219,51.72521209716797,50.84428024291992,50.25333023071289,50.02390670776367,49.67565155029297,48.98722839355469,48.683746337890625,49.20840835571289
66.32398223876953,64.9305419921875,63.99561309814453,63.65159606933594,63.27988815307617,61.90464401245117,59.41579055786133,57.07819747924805,56.743614196777344,58.79153060913086,60.54357147216797,60.06210708618164,59.0833854675293,58.54628372192383,57.446937561035156,55.674400329589844,53.40715408325195,51.01430892944336,49.83153533935547,50.60552978515625,52.014034271240234,52.297237396240234,51.61577606201172,51.40130615234375,51.962127685546875,52.26681137084961,51.79766845703125,51.24764633178711,51.43830871582031,52.46499252319336,53.69178009033203,53.840328216552734,52.88059616088867,52.20817947387695,52.24089050292969,52.037349700927734,51.285377502441406,50.579002380371094,50.176856994628906,49.809329986572266,49.13124084472656,48.33638381958008,48.118839263916016,48.559635162353516
67.23017120361328,65.85244750976562,65.00170135498047,64.25408935546875,63.004859924316406,60.90753936767578,58.423336029052734,57.3057861328125,58.14559555053711,59.5434684753418,60.459625244140625,60.87639236450195,59.91211700439453,57.153167724609375,54.60430908203125,53.30244064331055,52.08757781982422,50.54807662963867,49.5438232421875,49.84566116333008,50.9343147277832,51.385047912597656,50.846099853515625,50.41029739379883,50.643619537353516,50.81258773803711,50.37643051147461,49.8958854675293,50.007240295410156,50.67877960205078,51.496212005615234,52.032894134521484,52.23286056518555,52.148677825927734,51.66276931762695,50.884193420410156,50.2830810546875,50.080596923828125,49.92494201660156,49.461021423339844,48.68191146850586,47.9897575378418,47.710453033447266,47.79207992553711
68.71692657470703,67.33357238769531,66.19629669189453,64.89483642578125,63.174652099609375,60.96211624145508,59.15557098388672,58.779056549072266,59.19637680053711,60.02705001831055,61.48136520385742,61.75362014770508,58.86793899536133,54.75516891479492,52.428192138671875,51.79859161376953,51.141578674316406,50.1849250793457,49.31768798828125,48.891048431396484,49.144004821777344,49.531558990478516,49.41630554199219,49.162864685058594,49.358646392822266,49.622135162353516,49.35359573364258,48.77264404296875,48.450016021728516,48.70701217651367,49.56135177612305,50.72812271118164,51.517234802246094,51.3279914855957,50.40308380126953,49.54392623901367,49.21036148071289,49.27806091308594,49.31278610229492,48.93204116821289,48.222312927246094,47.86188888549805,47.7316780090332,47.25645446777344
70.0123062133789,68.80502319335938,67.29786682128906,65.57598876953125,63.75517654418945,61.98965835571289,60.78711700439453,60.22931671142578,60.36875534057617,61.68436050415039,62.63869857788086,60.79126739501953,57.03117752075195,53.761329650878906,52.02854537963867,51.106468200683594,50.33869934082031,50.013797760009766,49.56003952026367,48.32624816894531,47.316375732421875,47.38249969482422,47.82319259643555,48.04198455810547,48.45376205444336,48.957603454589844,48.74418258666992,47.80767822265625,47.182456970214844,47.443580627441406,48.32158660888672,49.37386703491211,50.03821563720703,49.94605255126953,49.28709411621094,48.557804107666016,48.101497650146484,48.28857421875,48.66715621948242,48.60322952270508,47.94364547729492,47.58528137207031,47.632972717285156,47.17387390136719
70.35292053222656,69.32488250732422,68.024658203125,66.3731918334961,64.62164306640625,63.25651550292969,62.31273651123047,61.79790496826172,62.36400604248047,63.11625671386719,62.120887756347656,59.83096694946289,57.19404983520508,54.41794204711914,52.099796295166016,50.48680114746094,49.769527435302734,50.003849029541016,49.88931655883789,48.21079635620117,46.23373794555664,45.92841720581055,46.88287353515625,47.5696907043457,47.938385009765625,48.24821853637695,47.87398147583008,46.97413635253906,46.53482437133789,46.69654846191406,47.05740737915039,47.59223556518555,48.22199630737305,48.68845748901367,48.63847351074219,47.95045471191406,47.1544189453125,47.26506805419922,47.94829559326172,48.16499328613281,47.773677825927734,47.50086975097656,47.45371627807617,47.08723449707031
69.9593734741211,68.94673919677734,67.98687744140625,66.9140396118164,65.66357421875,64.51380920410156,63.663726806640625,63.62590789794922,63.952056884765625,62.99357986450195,61.403202056884766,60.44786834716797,58.69948959350586,55.39006805419922,52.055419921875,50.116050720214844,49.738250732421875,50.2244987487793,50.13682556152344,48.445762634277344,46.15407180786133,45.3502197265625,46.23979568481445,47.29592514038086,47.64268493652344,47.403892517089844,46.78055191040039,46.18875503540039,45.87302017211914,45.56190490722656,45.426700592041016,45.89661407470703,46.8476676940918,47.76625061035156,48.08672332763672,47.50493240356445,46.57100296020508,46.3922233581543,46.98163604736328,47.41204833984375,47.59791946411133,47.7359504699707,47.66318893432617,47.0959587097168
69.02018737792969,67.95491027832031,67.34544372558594,67.01783752441406,66.66554260253906,66.11927795410156,65.20174407958984,64.37845611572266,63.82278060913086,62.927677154541016,62.04106140136719,61.391685485839844,59.56181716918945,55.99044418334961,52.34473419189453,50.467830657958984,50.37575149536133,50.80221176147461,50.46914291381836,48.93375778198242,46.809181213378906,45.39922332763672,45.47533416748047,46.47038650512695,47.12046813964844,46.83814239501953,46.04145050048828,45.294918060302734,44.5583610534668,43.903533935546875,43.955413818359375,44.83063507080078,46.094932556152344,47.078712463378906,47.27511215209961,46.71308135986328,46.071651458740234,45.94261169433594,46.22914123535156,46.61224365234375,47.14108657836914,47.78450393676758,47.959693908691406,47.16905212402344
67.77223205566406,66.7200698852539,66.1971435546875,66.71348571777344,67.84508514404297,67.21605682373047,65.09420776367188,63.825836181640625,63.56081771850586,63.181732177734375,62.48508834838867,61.60009002685547,59.8002815246582,56.63180160522461,53.34456253051758,51.62513732910156,51.5770149230957,51.74303436279297,50.90638732910156,49.327110290527344,47.57334518432617,45.86921691894531,44.8690185546875,45.156455993652344,46.007511138916016,46.194366455078125,45.51754379272461,44.27375030517578,42.93223571777344,42.49707794189453,43.33958435058594,44.535499572753906,45.359954833984375,45.83041763305664,45.99513244628906,45.877601623535156,45.70902633666992,45.58793258666992,45.50273132324219,45.59221649169922,46.18021011352539,47.13735580444336,47.565277099609375,46.86688995361328
66.60647583007812,65.40155792236328,65.01512145996094,66.5635757446289,67.56482696533203,65.97985076904297,64.16046142578125,63.46242141723633,63.199989318847656,62.81371307373047,62.259971618652344,61.5389518737793,60.1231575012207,57.61144256591797,54.87891387939453,53.324371337890625,53.09790802001953,52.761070251464844,51.287315368652344,49.40348434448242,47.88239669799805,46.30418014526367,44.723487854003906,44.15643310546875,44.66477966308594,45.112342834472656,44.63078689575195,43.159854888916016,41.923439025878906,42.08732223510742,43.107215881347656,43.9232292175293,44.378231048583984,44.70648956298828,44.853389739990234,44.8603401184082,44.88162612915039,44.77799606323242,44.532657623291016,44.50123977661133,45.0819206237793,46.053077697753906,46.534053802490234,46.131256103515625
65.60230255126953,64.29024505615234,64.25434875488281,65.36321258544922,65.28353118896484,64.15934753417969,63.338722229003906,62.8084831237793,62.422428131103516,62.175086975097656,61.9431266784668,61.531227111816406,60.49384307861328,58.5434455871582,56.38502883911133,55.03443908691406,54.40271759033203,53.40073013305664,51.53187942504883,49.5229377746582,47.98649978637695,46.4819450378418,44.75373458862305,43.67280960083008,43.602561950683594,43.885066986083984,43.461181640625,42.34635925292969,41.716102600097656,42.12408447265625,42.82759094238281,43.21223831176758,43.47085952758789,43.82155227661133,44.01807403564453,43.95135498046875,43.840797424316406,43.72681427001953,43.63810348510742,43.75089645385742,44.24028015136719,44.92287063598633,45.221065521240234,45.070255279541016
64.64756774902344,63.557899475097656,63.35298538208008,63.51578140258789,63.10832214355469,62.46435546875,62.03974914550781,61.838687896728516,61.754215240478516,61.74103546142578,61.72059631347656,61.43571090698242,60.49924850463867,58.92238998413086,57.336490631103516,56.21298599243164,55.15245056152344,53.649417877197266,51.815338134765625,49.97506332397461,48.29874038696289,46.54331588745117,44.69788360595703,43.36628723144531,42.834381103515625,42.7682991027832,42.592227935791016,42.11842346191406,41.82538604736328,42.02086639404297,42.405635833740234,42.67814254760742,42.82591247558594,42.991302490234375,43.20619583129883,43.36140823364258,43.293304443359375,43.03507614135742,42.908470153808594,43.051692962646484,43.331298828125,43.584407806396484,43.750709533691406,43.85991287231445
63.4560661315918,62.85015869140625,62.52747344970703,62.26406478881836,61.625999450683594,60.89374923706055,60.6649284362793,60.94919204711914,61.27750778198242,61.45759963989258,61.48055648803711,61.08460235595703,60.0161247253418,58.642356872558594,57.540340423583984,56.64030456542969,55.45635986328125,53.95311737060547,52.391380310058594,50.674468994140625,48.79703140258789,46.72978973388672,44.71112060546875,43.13166046142578,42.17924118041992,41.85090255737305,41.9935302734375,42.12501907348633,41.996578216552734,41.84244918823242,41.886714935302734,42.09496307373047,42.23870086669922,42.29300308227539,42.50143051147461,42.89091110229492,42.96710968017578,42.59586715698242,42.22399139404297,42.112945556640625,42.065101623535156,42.031455993652344,42.283260345458984,42.508052825927734
61.879638671875,61.95858383178711,61.86431884765625,61.43156051635742,60.529029846191406,59.70576095581055,59.68114471435547,60.28900146484375,60.805999755859375,61.03525161743164,60.9596061706543,60.33440017700195,59.16001892089844,58.02839660644531,57.21992874145508,56.46530532836914,55.53636932373047,54.442569732666016,53.09455490112305,51.32100296020508,49.33100509643555,47.16267013549805,44.9296760559082,43.02037811279297,41.740570068359375,41.25895309448242,41.540489196777344,41.98641586303711,41.917640686035156,41.46928405761719,41.247379302978516,41.4257698059082,41.7139778137207,41.912410736083984,42.07369613647461,42.25726318359375,42.24073791503906,41.969688415527344,41.65647888183594,41.27439880371094,40.80891799926758,40.60068130493164,40.86376953125,41.202877044677734
60.05755615234375,60.72359085083008,60.845855712890625,60.36455535888672,59.4883918762207,58.87598419189453,59.094425201416016,59.750457763671875,60.1217041015625,60.17530822753906,59.93220138549805,59.23979568481445,58.1811637878418,57.28032684326172,56.60648727416992,56.09027099609375,55.617332458496094,54.86589813232422,53.52614974975586,51.72649383544922,49.81155014038086,47.67962646484375,45.28667449951172,43.1211051940918,41.65605545043945,41.09190368652344,41.269371032714844,41.57740783691406,41.34617233276367,40.772098541259766,40.52383041381836,40.75412368774414,41.18367385864258,41.57160949707031,41.67797088623047,41.47370910644531,41.24390411376953,41.2310676574707,41.14570236206055,40.61890411376953,39.93364715576172,39.6553955078125,39.889705657958984,40.315208435058594
58.03519058227539,58.952354431152344,59.23331069946289,59.00484848022461,58.52357482910156,58.25062561035156,58.55376434326172,59.00128936767578,59.0918083190918,58.929134368896484,58.61009216308594,58.00400924682617,57.15603256225586,56.408626556396484,55.8930549621582,55.76934051513672,55.686336517333984,54.990997314453125,53.571529388427734,51.89602279663086,50.13131332397461,48.02037048339844,45.59370422363281,43.442684173583984,42.00933837890625,41.34604263305664,41.14442443847656,40.931365966796875,40.40555953979492,39.899532318115234,39.82032012939453,40.07705307006836,40.4643669128418,40.876068115234375,41.00220489501953,40.71891403198242,40.46781921386719,40.44908905029297,40.31256866455078,39.82448959350586,39.34357833862305,38.98530578613281,38.845218658447266,39.23446273803711
55.80393600463867,56.79109191894531,57.40577697753906,57.666751861572266,57.59794235229492,57.50918960571289,57.71440887451172,57.92911148071289,57.86341857910156,57.575439453125,57.24454879760742,56.7607421875,56.05546188354492,55.501041412353516,55.24258804321289,55.536529541015625,55.6014404296875,54.73948669433594,53.30107498168945,51.84422302246094,50.18101501464844,48.045318603515625,45.72771072387695,43.84693908691406,42.623573303222656,41.806617736816406,41.0586051940918,40.234222412109375,39.481407165527344,39.139320373535156,39.20100402832031,39.355995178222656,39.568382263183594,39.89276123046875,40.13774871826172,40.07401657104492,39.70081329345703,39.281005859375,38.93739700317383,38.73429489135742,38.539859771728516,38.10324478149414,37.82425308227539,38.24555969238281
53.749168395996094,54.773101806640625,55.71689224243164,56.29722595214844,56.40991973876953,56.38690948486328,56.56240463256836,56.72898483276367,56.59233856201172,56.200923919677734,55.91042709350586,55.61933517456055,54.97894287109375,54.66691970825195,54.786773681640625,55.3155403137207,55.189212799072266,54.113380432128906,52.79247283935547,51.53084182739258,49.86671829223633,47.74335861206055,45.704952239990234,44.24064254760742,43.243534088134766,42.186798095703125,40.9150390625,39.65256118774414,38.84800720214844,38.65876007080078,38.6948356628418,38.6516227722168,38.65568161010742,38.86488723754883,39.14119338989258,39.0987663269043,38.58394241333008,37.838924407958984,37.426273345947266,37.48700714111328,37.5239372253418,37.22067642211914,37.038360595703125,37.29570770263672
