data/wind_data/wind_46_9.json
{"header": {"parameterUnit": "KT", "parameterCategory": 2, "nx": 256, "ny": 198, "lo1": 44.73521041870117, "la1": -3.236724853515625, "lo2": 111.26478576660156, "la2": 43.468475341796875, "dx": 0.2609002888202667, "dy": -0.23708222806453705, "refTime": "2025-02-20 22:00:00", "forecastTime": 0, "parameterNumber": 2, "parameterNumberName": "eastward_wind"}, "data":
[rows 114 to 132 of 198, columns 172 to 214 of 256]
23.701744079589844,24.498249053955078,26.071245193481445,28.167926788330078,29.98897361755371,30.14310073852539,28.625579833984375,26.677518844604492,25.51294708251953,25.350269317626953,26.312257766723633,28.623336791992188,30.631254196166992,30.32215690612793,28.23794174194336,25.923484802246094,24.58656883239746,25.69631576538086,28.96795082092285,32.00822448730469,35.05390930175781,40.63770294189453,43.429996490478516,43.57919692993164,39.89022445678711,34.33274459838867,30.368370056152344,29.65699577331543,30.161422729492188,30.07235336303711,28.31715202331543,24.384597778320312,19.861011505126953,18.363903045654297,21.258464813232422,24.759321212768555,24.14103889465332,19.65567398071289,14.806685447692871,13.005998611450195,18.60548210144043,29.56609535217285,35.265380859375
23.99149513244629,23.69312286376953,25.3840389251709,28.763044357299805,31.881362915039062,32.53550720214844,30.477333068847656,26.898941040039062,24.27459144592285,24.375307083129883,27.06299591064453,30.358896255493164,32.09439468383789,31.638038635253906,29.69304084777832,27.1680965423584,25.217885971069336,25.00439453125,26.97623062133789,29.35179328918457,31.19304084777832,36.015201568603516,42.65373229980469,44.33891677856445,41.046504974365234,35.76683044433594,31.659290313720703,29.227170944213867,27.822599411010742,27.41594886779785,27.878515243530273,27.34320640563965,23.815353393554688,19.322643280029297,18.929418563842773,21.65794563293457,24.733427047729492,23.229101181030273,17.24521255493164,15.036738395690918,21.196672439575195,30.330472946166992,33.1434211730957
24.560482025146484,23.902334213256836,25.70503807067871,30.056325912475586,33.890647888183594,34.60066223144531,32.6773567199707,28.593339920043945,24.49087905883789,24.14335060119629,27.909942626953125,31.60791778564453,32.994136810302734,32.76183319091797,31.554784774780273,29.22996711730957,26.907987594604492,25.827556610107422,26.104597091674805,27.26016616821289,28.850067138671875,31.9153995513916,38.78022384643555,43.66693878173828,42.30833435058594,37.639286041259766,33.68880081176758,31.09868049621582,27.96343994140625,25.306106567382812,25.2102108001709,25.856443405151367,23.20916175842285,16.57235336303711,13.58590316772461,16.418285369873047,22.712547302246094,24.64560890197754,18.371355056762695,16.08600616455078,23.76820182800293,32.312583923339844,33.27009582519531
23.98181915283203,24.77920913696289,27.99833106994629,32.571533203125,35.34794235229492,34.96626281738281,33.39838409423828,30.91509246826172,27.4046688079834,26.644968032836914,30.101465225219727,33.223880767822266,34.07293701171875,34.01789474487305,33.25847244262695,31.467233657836914,29.565397262573242,28.57721519470215,28.34955596923828,27.977968215942383,28.041948318481445,29.93151092529297,34.3477897644043,40.482391357421875,42.596431732177734,39.80818176269531,35.72903060913086,32.94724655151367,30.537302017211914,27.52360725402832,26.058048248291016,25.997669219970703,23.445369720458984,15.706666946411133,10.033164024353027,12.494202613830566,19.773693084716797,22.818998336791992,15.92996883392334,12.638712882995605,22.83807945251465,34.847469329833984,37.9085693359375
22.745460510253906,26.015796661376953,31.623764038085938,35.520137786865234,35.378604888916016,33.0362663269043,31.395551681518555,31.10028648376465,31.174198150634766,31.284875869750977,32.707889556884766,34.74856948852539,36.0156135559082,35.84883117675781,34.28606414794922,32.76609802246094,32.477596282958984,32.298179626464844,31.186195373535156,29.847108840942383,28.78142547607422,29.099712371826172,31.551210403442383,36.034095764160156,40.1879768371582,40.17304611206055,37.232749938964844,34.006378173828125,31.183822631835938,29.011154174804688,28.46480369567871,28.75423240661621,27.011001586914062,20.331867218017578,12.391645431518555,11.46731948852539,17.14488983154297,20.572240829467773,14.146275520324707,9.400544166564941,17.263668060302734,33.42799377441406,42.66645812988281
22.889225006103516,29.464479446411133,35.35308074951172,36.625736236572266,34.07164764404297,30.69243621826172,28.99666976928711,30.092910766601562,32.612796783447266,33.595855712890625,33.48422622680664,34.357852935791016,35.80245590209961,36.17500686645508,35.003990173339844,33.979923248291016,33.93022537231445,33.386260986328125,31.718170166015625,30.350004196166992,29.980411529541016,29.799068450927734,30.339561462402344,32.427223205566406,35.8980827331543,38.38042068481445,37.60892868041992,34.67610549926758,31.413129806518555,29.265430450439453,29.117212295532227,29.779598236083984,28.734304428100586,23.495798110961914,15.657185554504395,12.885424613952637,16.691356658935547,20.234560012817383,14.809530258178711,9.862343788146973,13.962108612060547,31.017837524414062,43.787986755371094
24.394794464111328,32.744869232177734,37.87267303466797,36.93364334106445,32.49421691894531,28.340320587158203,27.48769760131836,30.6363468170166,33.97785568237305,34.13990020751953,32.85377502441406,32.416099548339844,33.08341979980469,34.512237548828125,36.357948303222656,36.39757537841797,33.55733871459961,30.56380271911621,29.272478103637695,29.152145385742188,29.624229431152344,30.198638916015625,30.44495964050293,30.985401153564453,32.70368957519531,35.64684295654297,36.891700744628906,34.663211822509766,31.417051315307617,29.59232521057129,28.899303436279297,28.061670303344727,26.61440658569336,22.847415924072266,16.786069869995117,14.150754928588867,16.472320556640625,20.881336212158203,18.007728576660156,13.677817344665527,16.95555305480957,31.112470626831055,42.40150833129883
26.190732955932617,33.86489486694336,37.29246520996094,35.2021598815918,30.082901000976562,25.49198341369629,25.678255081176758,30.91571807861328,34.702674865722656,34.415061950683594,31.911714553833008,29.66690444946289,30.5649356842041,35.25193786621094,39.237815856933594,37.65016174316406,32.314476013183594,27.65068244934082,25.94988441467285,26.57120132446289,27.6733341217041,28.68800926208496,29.720985412597656,30.317899703979492,31.283287048339844,33.40285110473633,35.02944564819336,33.83717346191406,30.950788497924805,28.848615646362305,27.750320434570312,26.07806396484375,23.483007431030273,20.209733963012695,16.0001220703125,14.065752029418945,16.546110153198242,22.86583709716797,24.167186737060547,18.809946060180664,19.2506103515625,29.986801147460938,39.90789794921875
28.271053314208984,34.45509338378906,35.98757553100586,32.4431266784668,25.598472595214844,21.54437255859375,24.131431579589844,29.7724609375,32.44902801513672,31.863933563232422,29.649438858032227,28.90052032470703,32.49581527709961,38.74201965332031,40.88478469848633,37.65341567993164,33.39797592163086,29.296039581298828,25.27812385559082,23.6722469329834,23.995014190673828,24.548025131225586,25.60857582092285,27.294445037841797,29.275283813476562,31.50255584716797,32.988990783691406,32.45443344116211,30.429832458496094,28.812400817871094,27.68020248413086,25.21291732788086,21.768890380859375,19.279680252075195,17.481399536132812,16.630407333374023,19.282960891723633,25.688825607299805,28.147781372070312,21.96455192565918,19.44124984741211,28.598520278930664,38.254268646240234
29.791500091552734,32.99720764160156,31.693599700927734,28.017440795898438,22.359516143798828,20.835412979125977,24.474132537841797,27.909360885620117,28.51268768310547,27.296693801879883,26.456594467163086,29.2595272064209,35.33342361450195,40.569759368896484,40.5513801574707,37.43193817138672,35.13615798950195,33.074378967285156,28.240209579467773,22.37499237060547,19.4116268157959,19.417709350585938,21.243684768676758,24.018795013427734,27.131454467773438,30.343490600585938,32.437644958496094,32.08450698852539,30.408708572387695,29.52646255493164,28.444326400756836,24.894819259643555,20.80126953125,19.121355056762695,18.9592227935791,19.835777282714844,23.15166473388672,27.849260330200195,27.442399978637695,21.368730545043945,18.58849334716797,26.788558959960938,36.64399719238281
29.96933937072754,31.330909729003906,25.34812355041504,19.657644271850586,18.807247161865234,23.785554885864258,28.41339111328125,27.44784927368164,24.58705711364746,22.483564376831055,22.614917755126953,28.002859115600586,35.69675827026367,40.039100646972656,38.86336898803711,35.818294525146484,34.5462646484375,34.06358337402344,30.887969970703125,24.741159439086914,20.070154190063477,18.6282901763916,18.803403854370117,20.501243591308594,23.499309539794922,27.556320190429688,31.14568328857422,31.49785041809082,30.11278533935547,30.004270553588867,29.13825225830078,25.178749084472656,20.62809181213379,17.86848258972168,17.593236923217773,20.34514808654785,24.755460739135742,27.112876892089844,22.5044002532959,14.974774360656738,13.880218505859375,22.54981803894043,33.63597106933594
27.947189331054688,30.41179847717285,22.960432052612305,13.056325912475586,14.576679229736328,25.186111450195312,31.049720764160156,27.035810470581055,22.565465927124023,20.751834869384766,20.26134490966797,24.464885711669922,32.63935852050781,37.19031524658203,35.643489837646484,32.177947998046875,31.02578353881836,31.264373779296875,30.12529945373535,26.299245834350586,21.313255310058594,18.190813064575195,17.179025650024414,17.8110408782959,19.784677505493164,23.764591217041016,27.790414810180664,28.53766632080078,28.73346519470215,30.63667869567871,29.766267776489258,25.1343994140625,21.364776611328125,18.463916778564453,17.23323631286621,19.78219223022461,22.622529983520508,22.955257415771484,17.4735050201416,9.648699760437012,10.52039623260498,19.233625411987305,30.98526382446289
27.30299186706543,29.58747100830078,23.54010772705078,13.342044830322266,14.590240478515625,25.126367568969727,30.20509910583496,25.86083221435547,21.80978775024414,21.233165740966797,19.77994155883789,20.66944122314453,26.9166316986084,32.87443923950195,32.773075103759766,29.124252319335938,27.172697067260742,27.562314987182617,27.68402099609375,25.024057388305664,20.987815856933594,19.23495101928711,18.92972755432129,17.831096649169922,17.822906494140625,20.985153198242188,23.908803939819336,24.213102340698242,26.586101531982422,30.7898006439209,29.655488967895508,23.924192428588867,20.432849884033203,19.233909606933594,17.781538009643555,17.13955307006836,17.75494384765625,18.946889877319336,17.204757690429688,10.436798095703125,9.507282257080078,15.856237411499023,28.737262725830078
30.034332275390625,28.927810668945312,22.93598175048828,15.758081436157227,15.779370307922363,22.665624618530273,26.875673294067383,24.383182525634766,21.248455047607422,20.89102554321289,20.21173095703125,19.401716232299805,22.92056655883789,28.55438232421875,30.23200798034668,27.745384216308594,25.432764053344727,25.496971130371094,25.072221755981445,22.343524932861328,20.759309768676758,21.0157527923584,19.96025276184082,16.808958053588867,16.361684799194336,19.301576614379883,20.458717346191406,20.68363380432129,25.254213333129883,29.31870460510254,26.732635498046875,21.230939865112305,20.81517219543457,21.845569610595703,18.313491821289062,14.87494945526123,14.959927558898926,16.97230339050293,17.546682357788086,12.628071784973145,9.116345405578613,12.041216850280762,26.35125160217285
32.49721908569336,29.140714645385742,21.97933578491211,16.552974700927734,16.105640411376953,20.469030380249023,24.330312728881836,23.32852554321289,20.41516876220703,19.412294387817383,19.948945999145508,20.76606559753418,22.721914291381836,25.77404022216797,27.770004272460938,27.297422409057617,25.858057022094727,24.217660903930664,21.38067626953125,19.684255599975586,20.507261276245117,21.362051010131836,19.519838333129883,16.980745315551758,17.24238395690918,18.45008087158203,17.703720092773438,19.100238800048828,24.428791046142578,26.5330810546875,22.93592643737793,19.655689239501953,22.48312759399414,24.11785316467285,20.100862503051758,16.732383728027344,16.957433700561523,17.79920768737793,16.281871795654297,11.208402633666992,7.5229878425598145,8.838958740234375,23.707599639892578
31.631135940551758,29.471515655517578,22.76091957092285,17.903919219970703,17.920347213745117,21.018489837646484,23.444583892822266,22.99384307861328,21.22621726989746,20.3802490234375,20.93377685546875,22.416601181030273,23.525053024291992,24.593931198120117,25.98402976989746,26.025644302368164,24.013824462890625,20.982954025268555,18.935707092285156,18.8011531829834,19.47130584716797,20.024696350097656,18.878173828125,17.290027618408203,17.60439682006836,17.357881546020508,16.27106285095215,18.911481857299805,23.89096450805664,24.83177947998047,20.980117797851562,18.47184944152832,21.747220993041992,24.75951385498047,22.859161376953125,19.485319137573242,18.692779541015625,17.908794403076172,14.775327682495117,9.05269718170166,4.7914204597473145,6.937926769256592,21.314212799072266
27.1833553314209,27.647510528564453,23.57957649230957,19.900968551635742,20.15336799621582,22.0343017578125,23.011165618896484,23.420976638793945,23.59617805480957,23.135196685791016,22.88260269165039,23.473894119262695,23.686527252197266,23.488847732543945,23.36821174621582,22.422895431518555,20.591230392456055,19.47871971130371,19.516115188598633,18.912675857543945,17.912107467651367,18.47804069519043,18.96879768371582,17.623598098754883,16.92357063293457,16.455862045288086,16.248062133789062,19.158199310302734,23.006309509277344,22.5172176361084,18.688175201416016,16.710830688476562,19.401996612548828,23.609865188598633,24.448152542114258,21.637128829956055,17.590219497680664,13.795008659362793,11.822437286376953,7.9122514724731445,4.626294136047363,7.768375396728516,19.304826736450195
23.591176986694336,24.004512786865234,22.65021324157715,20.96240234375,21.52337074279785,22.852277755737305,23.26572608947754,23.97110939025879,25.065584182739258,25.247905731201172,24.973955154418945,24.6035099029541,23.30931282043457,21.469018936157227,20.31126594543457,19.618534088134766,18.51150894165039,18.068342208862305,18.598724365234375,17.757038116455078,16.060218811035156,16.677539825439453,18.894102096557617,18.535442352294922,16.321269989013672,14.611318588256836,14.52956485748291,16.853504180908203,19.89280891418457,20.167970657348633,17.825069427490234,16.08091163635254,16.639427185058594,20.616836547851562,24.52254295349121,25.378833770751953,19.787006378173828,11.346070289611816,8.636234283447266,6.623960494995117,5.600302219390869,9.85817813873291,19.399812698364258
24.483192443847656,22.594707489013672,21.584165573120117,21.050928115844727,21.904314041137695,23.225120544433594,23.52369499206543,23.883729934692383,25.13446807861328,25.837915420532227,25.186185836791992,23.56665802001953,21.26862335205078,18.846837997436523,17.223783493041992,15.990757942199707,14.753337860107422,14.831550598144531,15.966573715209961,16.119972229003906,15.509047508239746,16.27539825439453,18.568159103393555,18.3533878326416,14.461636543273926,10.581216812133789,10.46631908416748,13.401128768920898,17.693492889404297,20.261676788330078,19.237194061279297,16.393705368041992,14.872511863708496,17.209165573120117,23.04639434814453,27.419370651245117,23.678157806396484,12.10312271118164,6.500993728637695,5.463148593902588,7.174490928649902,12.130148887634277,20.19804573059082
