data/wind_data/wind_8_7.json
{"header": {"parameterUnit": "KT", "parameterCategory": 2, "nx": 256, "ny": 198, "lo1": 44.73521041870117, "la1": -3.236724853515625, "lo2": 111.26478576660156, "la2": 43.468475341796875, "dx": 0.2609002888202667, "dy": -0.23708222806453705, "refTime": "2025-02-19 08:00:00", "forecastTime": 0, "parameterNumber": 2, "parameterNumberName": "eastward_wind"}, "data":
[rows 100 to 119 of 198, columns 132 to 175 of 256]
77.9281234741211,78.95592498779297,79.44889068603516,79.35067749023438,78.98932647705078,78.27006530761719,77.16332244873047,76.38729095458984,76.51248168945312,77.28746795654297,78.23119354248047,78.78751373291016,78.70307159423828,78.2033920288086,77.55645751953125,76.84868621826172,76.32431030273438,76.4691162109375,77.10009765625,77.42047882080078,77.17957305908203,76.59928894042969,75.71500396728516,74.51260375976562,73.4627914428711,72.83688354492188,72.0582046508789,71.02799987792969,70.50379180908203,70.4111328125,70.25173950195312,70.32901000976562,70.8500747680664,71.57035064697266,72.2168197631836,72.55586242675781,72.5304946899414,72.16400146484375,71.95358276367188,72.66046905517578,73.37276458740234,73.21121215820312,73.57556915283203,73.98150634765625
79.10888671875,79.93704223632812,80.71343994140625,80.9422378540039,80.55652618408203,79.77899932861328,78.65703582763672,77.54229736328125,77.23824310302734,78.07247161865234,79.25875854492188,79.65007019042969,79.35956573486328,79.01649475097656,78.56488037109375,77.8998031616211,77.44782257080078,77.54492950439453,77.7916488647461,77.98461151123047,78.10266876220703,77.59744262695312,76.2497329711914,74.64801025390625,73.33177185058594,72.46966552734375,71.85702514648438,71.32936096191406,71.14118957519531,71.41348266601562,71.82321166992188,72.21624755859375,72.62403869628906,73.01544952392578,73.3423843383789,73.4891586303711,73.2611083984375,72.59890747070312,71.76080322265625,71.3495864868164,71.58120727539062,71.9946517944336,72.52793884277344,73.38107299804688
81.07825469970703,81.13893127441406,81.34049987792969,81.47821807861328,81.30168914794922,80.83663940429688,80.0556640625,79.09027862548828,78.46277618408203,78.5581283569336,79.30130004882812,79.95167541503906,79.89054107666016,79.45930480957031,79.11459350585938,78.76426696777344,78.46812438964844,78.46040344238281,78.30094146728516,78.0470199584961,78.07535552978516,77.66529846191406,76.19965362548828,74.45146179199219,73.21990203857422,72.43968200683594,71.78866577148438,71.2745132446289,71.22557067871094,71.82012939453125,72.69316101074219,73.34341430664062,73.63487243652344,73.64078521728516,73.52332305908203,73.43852233886719,73.24520874023438,72.57508850097656,71.48120880126953,70.56378173828125,70.32911682128906,70.78878021240234,71.56549072265625,72.34367370605469
83.20342254638672,82.67119598388672,82.13594818115234,81.74272918701172,81.38070678710938,81.1018295288086,80.8597640991211,80.38050079345703,79.73226165771484,79.20187377929688,79.05875396728516,79.36968994140625,79.72811126708984,79.75703430175781,79.62220764160156,79.53868865966797,79.42327117919922,79.21183776855469,78.63677215576172,77.87972259521484,77.60301971435547,77.35370635986328,76.2042465209961,74.63998413085938,73.49278259277344,72.78370666503906,72.22867584228516,71.88211822509766,71.94926452636719,72.55180358886719,73.46231079101562,74.1229476928711,74.2337875366211,73.87828063964844,73.35148620605469,73.01029968261719,72.90743255615234,72.65709686279297,71.88578796386719,70.81500244140625,70.18270111083984,70.44623565673828,71.16605377197266,71.60079956054688
84.88687133789062,84.13008117675781,83.29426574707031,82.42932891845703,81.60090637207031,81.16121673583984,81.22101593017578,81.25471496582031,80.7881851196289,79.95248413085938,79.28018188476562,79.13605499267578,79.44071197509766,79.89362335205078,80.15980529785156,80.25971984863281,80.28280639648438,79.97386169433594,79.02299499511719,77.6998291015625,76.93958282470703,76.83106231689453,76.39544677734375,75.3677749633789,74.43750762939453,73.89871978759766,73.46622467041016,73.22047424316406,73.42869567871094,73.9771728515625,74.56321716308594,74.84821319580078,74.67144775390625,74.14656829833984,73.51663208007812,73.0527114868164,72.86211395263672,72.781494140625,72.43656921386719,71.5666732788086,70.51622772216797,70.11991882324219,70.5289306640625,70.88660430908203
86.66900634765625,85.86907958984375,84.8065414428711,83.6742172241211,82.68602752685547,82.06240844726562,81.94347381591797,81.9836196899414,81.56156158447266,80.67464447021484,79.89751434326172,79.6245346069336,79.86901092529297,80.40074157714844,80.76950073242188,80.83106231689453,80.72592163085938,80.3100814819336,79.42800903320312,78.18748474121094,77.03775787353516,76.54357147216797,76.4636001586914,76.15074920654297,75.67395782470703,75.4410400390625,75.30720520019531,75.13158416748047,75.18540954589844,75.489501953125,75.7431640625,75.70243072509766,75.3846435546875,74.90386199951172,74.29517364501953,73.6340103149414,73.08248138427734,72.7782974243164,72.580078125,72.07538604736328,71.06159210205078,70.08029174804688,69.88150024414062,70.20442199707031
88.90384674072266,88.03271484375,86.7256088256836,85.4512710571289,84.50858306884766,83.79228973388672,83.25830841064453,82.85405731201172,82.2677230834961,81.48152160644531,80.77259826660156,80.3957290649414,80.52752685546875,81.0146713256836,81.3520278930664,81.29315185546875,80.93621826171875,80.28843688964844,79.35614013671875,78.42166137695312,77.66156768798828,77.1378402709961,76.82567596435547,76.54014587402344,76.30224609375,76.43997192382812,76.74024963378906,76.78479766845703,76.75422668457031,76.8256607055664,76.85372161865234,76.67695617675781,76.31819915771484,75.86157989501953,75.24241638183594,74.42391204833984,73.56954193115234,72.95088195800781,72.62249755859375,72.21062469482422,71.38751220703125,70.4311294555664,70.02799987792969,70.41006469726562
90.84088897705078,90.09793853759766,88.84977722167969,87.61830139160156,86.70372009277344,85.80464172363281,84.83715057373047,83.98638916015625,83.20135498046875,82.48794555664062,81.86335754394531,81.3568344116211,81.20669555664062,81.42935180664062,81.59701538085938,81.44367980957031,80.99446105957031,80.2998046875,79.40451049804688,78.58731842041016,78.08157348632812,77.73152923583984,77.31776428222656,76.84310913085938,76.53874206542969,76.77117919921875,77.35352325439453,77.70809173583984,77.82152557373047,77.86907958984375,77.7875747680664,77.56112670898438,77.2356185913086,76.65226745605469,75.71450805664062,74.69877624511719,73.86209106445312,73.28811645507812,72.92306518554688,72.44474029541016,71.60610961914062,70.64456939697266,70.24667358398438,70.77959442138672
92.3326416015625,91.82652282714844,91.09996032714844,90.17805480957031,88.94242858886719,87.43985748291016,86.03044128417969,85.06695556640625,84.486328125,84.01667785644531,83.37713623046875,82.57880401611328,82.00574493408203,81.86302185058594,81.86566162109375,81.65240478515625,81.21263885498047,80.6834487915039,79.97241973876953,79.20260620117188,78.61660766601562,78.1541976928711,77.68643951416016,77.27047729492188,77.06763458251953,77.2678451538086,77.72679138183594,78.06204986572266,78.26522064208984,78.40458679199219,78.28620910644531,77.92809295654297,77.54932403564453,76.90081787109375,75.76893615722656,74.6717529296875,73.98483276367188,73.56025695800781,73.22755432128906,72.78997802734375,72.0521240234375,71.13458251953125,70.51707458496094,70.69210052490234
93.84710693359375,93.60716247558594,93.32209777832031,92.38607788085938,90.56485748291016,88.4947738647461,86.98362731933594,86.22665405273438,85.90706634521484,85.55801391601562,84.8189697265625,83.77195739746094,82.94711303710938,82.64883422851562,82.61068725585938,82.3604507446289,81.8544921875,81.36549377441406,80.85501861572266,80.19026947021484,79.45772552490234,78.75065612792969,78.16743469238281,77.84976196289062,77.86292266845703,78.13247680664062,78.3949966430664,78.43516540527344,78.44972229003906,78.54894256591797,78.35269927978516,77.82972717285156,77.41663360595703,76.91858673095703,75.98287963867188,75.0255355834961,74.44587707519531,74.07339477539062,73.77860260009766,73.5423812866211,73.17018127441406,72.46891021728516,71.64889526367188,71.25572204589844
95.35545349121094,95.23126983642578,94.86480712890625,93.54683685302734,91.34098052978516,89.2503433227539,88.04444122314453,87.59761047363281,87.32183074951172,86.74114990234375,85.72080993652344,84.64159393310547,83.9964370727539,83.81757354736328,83.70149230957031,83.28656768798828,82.60897064208984,82.04930114746094,81.76219940185547,81.40756225585938,80.74886322021484,79.92823791503906,79.2047348022461,78.79978942871094,78.79254150390625,79.05094146728516,79.26317596435547,79.10639190673828,78.7144775390625,78.45035552978516,78.12328338623047,77.55167388916016,77.24372100830078,77.14952087402344,76.64564514160156,75.89224243164062,75.2797622680664,74.8440170288086,74.6730728149414,74.82759094238281,74.95429229736328,74.58716583251953,73.75770568847656,73.03838348388672
96.77140808105469,96.26911926269531,95.33702087402344,93.78278350830078,91.91732788085938,90.36630249023438,89.48381805419922,89.04301452636719,88.52163696289062,87.58474731445312,86.3973617553711,85.44840240478516,85.03620147705078,84.92440032958984,84.62449645996094,83.94679260253906,83.1515884399414,82.65560150146484,82.6229248046875,82.71897888183594,82.45478057861328,81.77001190185547,80.9959716796875,80.41231536865234,80.10799407958984,80.04158782958984,80.00379180908203,79.71836853027344,79.14356994628906,78.5681381225586,78.14603424072266,77.70454406738281,77.4767074584961,77.5688705444336,77.44403839111328,76.88357543945312,76.24533081054688,75.80451202392578,75.71800231933594,76.10053253173828,76.6182861328125,76.66708374023438,76.1165771484375,75.49134063720703
97.72042083740234,96.69941711425781,95.34402465820312,94.00618743896484,92.89596557617188,91.95637512207031,91.16862487792969,90.47227478027344,89.6340560913086,88.4959487915039,87.25357818603516,86.33932495117188,85.94976806640625,85.74486541748047,85.30828857421875,84.61653900146484,83.94313049316406,83.63136291503906,83.76482391357422,84.02969360351562,84.00074768066406,83.55157470703125,82.89904022216797,82.2518539428711,81.7038803100586,81.29560852050781,80.94807434082031,80.54142761230469,80.04063415527344,79.46827697753906,78.9652099609375,78.60285186767578,78.39199829101562,78.30314636230469,78.1286392211914,77.65192413330078,76.9815444946289,76.40103912353516,76.23060607910156,76.68829345703125,77.52489471435547,78.0891342163086,78.07926177978516,77.8336181640625
97.8005599975586,96.5810546875,95.40119934082031,94.6630859375,94.22660064697266,93.67415618896484,92.84358978271484,91.83016967773438,90.75128173828125,89.63995361328125,88.52851104736328,87.6519546508789,87.1475601196289,86.7501449584961,86.31194305419922,85.85242462158203,85.46598052978516,85.25846099853516,85.28207397460938,85.35832977294922,85.18721008300781,84.72138977050781,84.17961883544922,83.66691589355469,83.1455307006836,82.6400146484375,82.1629409790039,81.697021484375,81.23602294921875,80.75354766845703,80.25230407714844,79.80581665039062,79.48644256591797,79.252197265625,78.88924407958984,78.16544342041016,77.12773132324219,76.1996078491211,75.95880889892578,76.58770751953125,77.74571228027344,78.81501007080078,79.40556335449219,79.69800567626953
97.20526885986328,96.20816802978516,95.54987335205078,95.40906524658203,95.42657470703125,95.08137512207031,94.15499877929688,92.85334014892578,91.63441467285156,90.84114837646484,90.35376739501953,89.82508850097656,89.13555145263672,88.45606231689453,87.97312927246094,87.62939453125,87.26628112792969,86.91016387939453,86.71784210205078,86.70565795898438,86.5882568359375,86.11803436279297,85.45216369628906,84.87696075439453,84.41322326660156,83.96155548095703,83.45950317382812,82.88304901123047,82.2763900756836,81.69789123535156,81.18696594238281,80.75861358642578,80.4048843383789,80.05840301513672,79.55321502685547,78.6041030883789,77.1015625,75.78620910644531,75.50468444824219,76.32975769042969,77.74051666259766,79.17779541015625,80.22914123535156,80.81262969970703
96.33392333984375,95.6552505493164,95.43955993652344,95.72105407714844,96.07566833496094,95.90254211425781,94.9081039428711,93.46361541748047,92.3794937133789,92.12805938720703,92.26377868652344,92.0744400024414,91.44998931884766,90.78083038330078,90.29733276367188,89.85784149169922,89.2589111328125,88.58617401123047,88.16975402832031,88.15502166748047,88.25048828125,88.00062561035156,87.33274841308594,86.60215759277344,86.09420776367188,85.74205017089844,85.31564331054688,84.65374755859375,83.80335235595703,82.9679946899414,82.26805877685547,81.73931884765625,81.36115264892578,81.00389099121094,80.39228820800781,79.19976806640625,77.46138000488281,76.14549255371094,76.00299835205078,76.7715072631836,77.97523498535156,79.30733489990234,80.37518310546875,80.91851806640625
95.68560028076172,95.1441879272461,95.06697082519531,95.47459411621094,95.95575714111328,95.92861938476562,95.17607879638672,94.17626953125,93.61157989501953,93.54551696777344,93.52703857421875,93.2998275756836,93.03736877441406,92.89493560791016,92.72441101074219,92.22892761230469,91.3461685180664,90.40292358398438,89.85514831542969,89.83016967773438,89.9947738647461,89.86849212646484,89.32080078125,88.6462631225586,88.17626953125,87.92819213867188,87.62840270996094,86.99629974365234,86.0300521850586,84.96080017089844,83.96498107910156,83.1850814819336,82.71028900146484,82.41126251220703,81.86033630371094,80.61522674560547,78.90287017822266,77.79186248779297,77.80403900146484,78.4112319946289,79.17361450195312,79.91168975830078,80.32512664794922,80.41172790527344
95.67922973632812,95.12814331054688,94.98400115966797,95.25653839111328,95.58050537109375,95.55701446533203,95.323974609375,95.27230072021484,95.34346771240234,95.0534896850586,94.42047882080078,93.9135971069336,93.87693786621094,94.13378143310547,94.25177764892578,93.82209777832031,92.8849105834961,91.97782135009766,91.62212371826172,91.74758911132812,91.84994506835938,91.55699157714844,90.95242309570312,90.40316772460938,90.13604736328125,90.04562377929688,89.80979919433594,89.17447662353516,88.23033142089844,87.22573852539062,86.23613739013672,85.33464050292969,84.6884765625,84.24464416503906,83.70603942871094,82.75910186767578,81.62998962402344,80.98003387451172,80.89543914794922,81.05547332763672,81.36345672607422,81.57544708251953,81.34420013427734,80.92223358154297
96.2870864868164,95.65380096435547,95.37247467041016,95.4546890258789,95.65065002441406,95.75823211669922,96.02116394042969,96.50647735595703,96.73486328125,96.26049041748047,95.39555358886719,94.76940155029297,94.65397644042969,94.86490631103516,94.94600677490234,94.47843933105469,93.65071105957031,93.11969757080078,93.26494598388672,93.67644500732422,93.6529312133789,92.9629135131836,92.0137710571289,91.39960479736328,91.31900787353516,91.47577667236328,91.407958984375,90.80072021484375,89.8483657836914,89.07784271240234,88.58148956298828,88.0428695678711,87.30015563964844,86.43224334716797,85.61356353759766,84.95008087158203,84.48793029785156,84.30714416503906,84.1732406616211,84.02098083496094,84.1382064819336,84.13844299316406,83.59815979003906,82.91524505615234
96.7728042602539,96.05931091308594,95.87361145019531,96.12992858886719,96.57605743408203,96.96965789794922,97.31846618652344,97.62046813964844,97.67018127441406,97.28492736816406,96.55624389648438,95.87350463867188,95.57408142089844,95.57511901855469,95.41374969482422,94.86602020263672,94.31927490234375,94.27587127685547,94.74182891845703,95.19440460205078,95.00550079345703,93.99507904052734,92.69679260253906,91.88275909423828,91.82180786132812,92.09969329833984,92.08053588867188,91.49088287353516,90.53578186035156,89.88723754882812,90.09565734863281,90.61241149902344,90.24517059326172,88.93479919433594,87.81498718261719,87.41410827636719,87.11237335205078,86.73173522949219,86.34002685546875,86.1339111328125,86.51917266845703,86.74645233154297,85.979248046875,85.01370239257812
