data/wind_data/wind_2025-02-19_13.json
{"header": {"parameterUnit": "KT", "parameterCategory": 2, "nx": 255, "ny": 198, "lo1": 44.73521041870117, "la1": -3.236724853515625, "lo2": 111.26478576660156, "la2": 43.468475341796875, "dx": 0.26192745566368103, "dy": -0.23708222806453705, "refTime": "2025-02-19 13:00:00", "forecastTime": 0, "parameterNumber": 2, "parameterNumberName": "eastward_wind"}, "data":
[rows 38 to 56 of 198, columns 129 to 171 of 255]
0.26757293939590454,2.022831439971924,3.4812703132629395,5.537839889526367,7.3404436111450195,7.8187055587768555,3.7411997318267822,0.7794098854064941,2.3249564170837402,-0.21991465985774994,-5.973282814025879,-5.430823802947998,-4.687521457672119,-9.441779136657715,-10.096710205078125,-8.902457237243652,-9.050836563110352,-9.675704002380371,-10.199605941772461,-10.495824813842773,-10.522228240966797,-10.402596473693848,-10.224359512329102,-10.168501853942871,-10.243033409118652,-10.335368156433105,-10.237954139709473,-10.048311233520508,-9.855826377868652,-9.795235633850098,-9.985464096069336,-10.241766929626465,-10.372086524963379,-10.286471366882324,-10.131739616394043,-9.867575645446777,-9.304471015930176,-8.758255004882812,-8.53129768371582,-8.327945709228516,-8.002887725830078,-7.986701488494873,-8.408041954040527
0.42427775263786316,1.9476842880249023,3.4740262031555176,5.281311511993408,6.83757209777832,7.741849899291992,3.822387456893921,3.775710344314575,2.8253462314605713,-2.385127067565918,-5.688594341278076,-4.119510173797607,-4.292182922363281,-9.399600982666016,-9.859732627868652,-9.112953186035156,-9.354042053222656,-9.451845169067383,-9.465578079223633,-9.480818748474121,-9.967350006103516,-10.110209465026855,-9.960721015930176,-9.929813385009766,-10.0436372756958,-10.22566032409668,-10.505813598632812,-10.576138496398926,-9.990338325500488,-9.655704498291016,-9.792404174804688,-9.936988830566406,-10.06595230102539,-10.169350624084473,-10.229174613952637,-10.114574432373047,-9.848235130310059,-9.626993179321289,-9.299003601074219,-8.644721031188965,-8.22426986694336,-8.382984161376953,-8.672870635986328
0.6863888502120972,2.0117597579956055,3.4910101890563965,4.738521575927734,7.295915126800537,9.26418399810791,5.680154800415039,3.028636932373047,-1.798598051071167,-5.543733596801758,-5.212900161743164,-3.8729195594787598,-4.4296674728393555,-9.100469589233398,-9.598453521728516,-9.16331958770752,-9.365213394165039,-9.301843643188477,-9.193037033081055,-8.731534004211426,-8.909111976623535,-9.46119213104248,-9.777045249938965,-9.781517028808594,-9.674328804016113,-9.643596649169922,-10.280983924865723,-10.830374717712402,-10.193641662597656,-9.455876350402832,-9.506783485412598,-9.599349021911621,-9.641290664672852,-9.824492454528809,-9.963376998901367,-9.99394702911377,-9.930793762207031,-9.580671310424805,-9.153458595275879,-8.76059627532959,-8.557293891906738,-8.66812515258789,-8.732759475708008
0.36004480719566345,1.8024822473526,3.0779926776885986,4.1428399085998535,6.619386672973633,6.120749473571777,3.2758994102478027,-2.656989812850952,-5.884150505065918,-6.845669269561768,-5.126339912414551,-3.6553690433502197,-4.16396427154541,-8.438206672668457,-9.122973442077637,-9.000972747802734,-9.286026954650879,-9.14439868927002,-9.16759204864502,-8.676839828491211,-8.682985305786133,-9.368729591369629,-10.07597541809082,-9.947086334228516,-9.54785442352295,-9.346041679382324,-9.626839637756348,-10.093485832214355,-9.92623233795166,-9.235068321228027,-9.113704681396484,-9.228541374206543,-9.2206392288208,-9.343300819396973,-9.530969619750977,-9.767311096191406,-9.812882423400879,-9.42464542388916,-9.061605453491211,-9.147785186767578,-9.174476623535156,-8.87177848815918,-8.495080947875977
-0.4906509220600128,1.1409852504730225,2.010068893432617,2.6265790462493896,4.004770755767822,2.7748165130615234,-1.970450520515442,-5.721946716308594,-6.336028099060059,-6.047208309173584,-4.562685489654541,-4.083438873291016,-7.6577558517456055,-8.581602096557617,-8.74401569366455,-8.793569564819336,-9.072447776794434,-9.166709899902344,-9.174631118774414,-8.992208480834961,-9.149773597717285,-9.653752326965332,-9.662084579467773,-9.364585876464844,-9.459147453308105,-9.620849609375,-9.60718822479248,-9.466333389282227,-9.351919174194336,-8.94338321685791,-8.630447387695312,-8.749250411987305,-8.793405532836914,-8.903831481933594,-9.061601638793945,-9.270893096923828,-9.462538719177246,-9.621814727783203,-9.567634582519531,-9.49644947052002,-9.31808090209961,-8.915486335754395,-8.491351127624512
-1.648757815361023,0.02486445941030979,0.5731494426727295,0.4893726706504822,-0.5382691025733948,0.38260456919670105,-1.2981725931167603,-6.3096208572387695,-7.040897369384766,-5.446786880493164,-4.256462574005127,-4.556417465209961,-8.726171493530273,-8.73456859588623,-8.7423734664917,-8.978642463684082,-8.879202842712402,-8.990829467773438,-9.106744766235352,-9.362460136413574,-9.43130874633789,-9.456266403198242,-9.185755729675293,-9.212387084960938,-9.435938835144043,-9.652183532714844,-9.658720016479492,-9.477145195007324,-9.153076171875,-8.63376522064209,-8.248971939086914,-8.238204002380371,-8.33977222442627,-8.42724609375,-8.47765064239502,-8.652334213256836,-8.97718334197998,-9.330434799194336,-9.600717544555664,-9.710186958312988,-9.6865873336792,-9.309438705444336,-8.616109848022461
-3.128664970397949,-1.8772594928741455,-1.3142868280410767,-1.7718769311904907,-1.707422137260437,0.00637280335649848,-1.439142107963562,-6.156558036804199,-7.19310188293457,-5.037980079650879,-5.116452217102051,-8.536081314086914,-8.865184783935547,-8.48534107208252,-8.685149192810059,-8.855012893676758,-8.654091835021973,-8.696928024291992,-8.82323932647705,-9.342535972595215,-9.63426399230957,-9.557138442993164,-9.21796703338623,-9.033099174499512,-9.27049446105957,-9.588493347167969,-9.64205265045166,-9.482393264770508,-9.096360206604004,-8.494625091552734,-8.064011573791504,-7.923901557922363,-7.944454669952393,-7.944542407989502,-7.8613481521606445,-7.940445899963379,-8.330544471740723,-8.892688751220703,-9.340415954589844,-9.528470993041992,-9.604385375976562,-9.575037956237793,-9.239760398864746
-5.207439422607422,-4.057663440704346,-3.4796741008758545,-3.8635001182556152,-3.1527743339538574,-1.7935482263565063,-2.629147529602051,-6.224072456359863,-6.305069923400879,-4.513401031494141,-4.789875507354736,-8.337414741516113,-8.315735816955566,-8.26882266998291,-8.599221229553223,-8.551291465759277,-8.392385482788086,-8.14799690246582,-8.531895637512207,-9.14011001586914,-9.728548049926758,-9.668807029724121,-9.012619018554688,-8.767332077026367,-9.368020057678223,-9.805999755859375,-9.857686996459961,-9.644411087036133,-9.072237014770508,-8.48705768585205,-8.114761352539062,-7.803552627563477,-7.638131618499756,-7.566040515899658,-7.4671630859375,-7.418012619018555,-7.586231231689453,-8.087578773498535,-8.6935453414917,-9.084288597106934,-9.28976058959961,-9.486393928527832,-9.595319747924805
-7.294417381286621,-6.437970161437988,-5.545251369476318,-5.946485996246338,-5.458226680755615,-3.880499839782715,-3.116703987121582,-6.263572692871094,-5.952933311462402,-4.834761619567871,-8.312849998474121,-8.489224433898926,-7.882882595062256,-7.778605937957764,-8.395585060119629,-8.37777328491211,-8.129120826721191,-7.596013069152832,-8.08442211151123,-8.94153118133545,-9.611526489257812,-9.544631958007812,-9.198939323425293,-9.087417602539062,-9.509380340576172,-9.710334777832031,-9.690616607666016,-9.681544303894043,-9.408031463623047,-8.771967887878418,-8.18869400024414,-7.878859996795654,-7.507620334625244,-7.291963577270508,-7.256316661834717,-7.2000837326049805,-7.168941497802734,-7.34360933303833,-7.840872287750244,-8.457695960998535,-8.869331359863281,-9.131871223449707,-9.420454025268555
-9.031731605529785,-8.22517204284668,-7.149616718292236,-7.644586563110352,-7.8051838874816895,-7.116086483001709,-5.020223140716553,-5.323130130767822,-4.850543975830078,-4.490101337432861,-8.13935661315918,-8.180179595947266,-7.5982232093811035,-7.41118049621582,-8.239638328552246,-8.40726089477539,-7.711059093475342,-7.278228759765625,-8.141361236572266,-9.249567985534668,-9.532127380371094,-9.297722816467285,-9.08769702911377,-9.132569313049316,-9.407039642333984,-9.409085273742676,-9.313594818115234,-9.36755657196045,-9.431962013244629,-8.998025894165039,-8.425675392150879,-8.120885848999023,-7.644632816314697,-7.2357497215271,-7.189501762390137,-7.230915069580078,-7.181414604187012,-7.041983604431152,-7.112336158752441,-7.672466278076172,-8.289817810058594,-8.579509735107422,-8.74874496459961
-6.447131633758545,-5.77780818939209,-7.935030937194824,-8.717302322387695,-9.491477012634277,-10.554178237915039,-10.229437828063965,-5.700170516967773,-5.647013187408447,-9.211214065551758,-8.719043731689453,-7.558130264282227,-7.002638339996338,-7.250637531280518,-7.972836971282959,-7.908669948577881,-7.1822509765625,-7.51170015335083,-9.158084869384766,-10.127737998962402,-9.610946655273438,-8.849411964416504,-8.820283889770508,-9.171916961669922,-9.156139373779297,-9.134844779968262,-9.006402969360352,-9.003637313842773,-9.0968599319458,-8.754311561584473,-8.381542205810547,-8.186861038208008,-7.909181594848633,-7.515410900115967,-7.355356216430664,-7.4068193435668945,-7.369791507720947,-7.194716453552246,-7.0051751136779785,-7.122311115264893,-7.526761054992676,-7.920975208282471,-8.132479667663574
-8.060194969177246,-7.1805572509765625,-9.132915496826172,-8.959388732910156,-9.418848991394043,-9.583984375,-9.181504249572754,-8.936979293823242,-9.601362228393555,-8.695796966552734,-7.898015975952148,-7.451977729797363,-6.986499309539795,-7.580567359924316,-7.523906230926514,-6.634873867034912,-7.046192169189453,-8.959915161132812,-10.617995262145996,-10.467987060546875,-8.963478088378906,-8.33143424987793,-8.931353569030762,-9.12768268585205,-9.011235237121582,-9.074883460998535,-8.878653526306152,-8.72622299194336,-8.800914764404297,-8.626134872436523,-8.215718269348145,-7.950372695922852,-7.936439514160156,-7.7669596672058105,-7.63314151763916,-7.651329040527344,-7.619404315948486,-7.517703533172607,-7.29321813583374,-7.104238033294678,-7.13834285736084,-7.369902610778809,-7.608396053314209
-7.951662063598633,-7.087028503417969,-6.2386884689331055,-8.929869651794434,-9.501263618469238,-8.306503295898438,-8.049551010131836,-9.078458786010742,-8.73061466217041,-8.14773178100586,-7.518715858459473,-7.140700817108154,-6.890103340148926,-6.8540568351745605,-6.544968605041504,-6.156597137451172,-7.469021320343018,-9.261896133422852,-9.582026481628418,-8.919941902160645,-8.542405128479004,-8.673356056213379,-8.71989631652832,-8.82068920135498,-8.887960433959961,-8.809575080871582,-8.612349510192871,-8.610859870910645,-8.769437789916992,-8.731256484985352,-8.387157440185547,-7.871408462524414,-7.640092849731445,-7.644433498382568,-7.696100234985352,-7.763499736785889,-7.880633354187012,-7.910508632659912,-7.76222038269043,-7.513401031494141,-7.340878486633301,-7.353025913238525,-7.480710983276367
-8.325560569763184,-8.399322509765625,-7.234167575836182,-9.644244194030762,-10.332551002502441,-9.380040168762207,-8.920939445495605,-8.553718566894531,-8.24413013458252,-8.057585716247559,-7.6552886962890625,-7.481052875518799,-6.816675186157227,-6.340865612030029,-6.028746128082275,-6.362548351287842,-7.667974472045898,-8.875784873962402,-9.2283296585083,-8.768926620483398,-8.326875686645508,-8.439653396606445,-8.472689628601074,-8.5153169631958,-8.501591682434082,-8.371583938598633,-8.33272647857666,-8.501289367675781,-8.833852767944336,-8.879322052001953,-8.666581153869629,-8.085319519042969,-7.520700931549072,-7.520698547363281,-7.479807376861572,-7.516578674316406,-7.822290897369385,-8.128077507019043,-8.221542358398438,-8.073606491088867,-7.8890557289123535,-7.803463459014893,-7.824330806732178
-6.960633277893066,-7.795818328857422,-6.717795372009277,-5.652359485626221,-6.3745198249816895,-9.158675193786621,-8.366776466369629,-8.052295684814453,-7.977995872497559,-7.910257816314697,-7.759478569030762,-7.288118362426758,-6.602054119110107,-6.301370620727539,-6.40919828414917,-6.656325340270996,-7.127194404602051,-7.885733127593994,-8.382511138916016,-8.506806373596191,-8.654245376586914,-8.491039276123047,-8.176017761230469,-8.055397987365723,-8.177899360656738,-8.199481010437012,-8.100910186767578,-8.159347534179688,-8.339624404907227,-8.602930068969727,-8.624978065490723,-8.199820518493652,-7.8172926902771,-7.695358753204346,-7.425698757171631,-7.2352986335754395,-7.456399917602539,-7.944923400878906,-8.313241004943848,-8.419702529907227,-8.378257751464844,-8.288320541381836,-8.252655982971191
-6.640961647033691,-7.538153648376465,-7.342888355255127,-6.285573959350586,-5.752143859863281,-5.555649757385254,-7.4034247398376465,-7.753788471221924,-7.397398471832275,-7.385279655456543,-7.586977958679199,-7.091742992401123,-6.808530807495117,-6.581958293914795,-6.883777141571045,-7.188080787658691,-7.514221668243408,-7.5941853523254395,-7.655116081237793,-7.93503999710083,-8.338125228881836,-8.228045463562012,-7.712610244750977,-7.641916751861572,-7.985289096832275,-8.005743980407715,-7.891697406768799,-7.940135955810547,-7.949855327606201,-7.991825580596924,-7.95913553237915,-7.896912097930908,-7.846396446228027,-7.836781978607178,-7.633958339691162,-7.269993782043457,-7.20999813079834,-7.600205421447754,-8.088930130004883,-8.398003578186035,-8.563957214355469,-8.607016563415527,-8.53835391998291
-6.592007160186768,-6.981801509857178,-6.924703598022461,-6.8014349937438965,-6.273731231689453,-5.703110218048096,-7.348106384277344,-7.373040199279785,-6.753678321838379,-6.739031791687012,-6.932459354400635,-6.787395000457764,-6.967803001403809,-6.929930686950684,-7.007522106170654,-6.913796901702881,-7.014482498168945,-7.072818279266357,-7.279009819030762,-7.895415306091309,-8.193758964538574,-7.79463005065918,-7.289926052093506,-7.034886837005615,-7.2821831703186035,-7.826398849487305,-7.844147682189941,-7.700870513916016,-7.761445045471191,-7.618886947631836,-7.532139778137207,-7.461550712585449,-7.430434703826904,-7.498882293701172,-7.540904998779297,-7.378281116485596,-7.237898826599121,-7.460231781005859,-7.897189140319824,-8.226776123046875,-8.46279525756836,-8.652064323425293,-8.636987686157227
-7.7137627601623535,-7.830040454864502,-7.634072780609131,-6.69282341003418,-5.607544898986816,-5.057266712188721,-7.376007556915283,-7.2389817237854,-6.396880149841309,-6.144256591796875,-6.381349086761475,-6.354733467102051,-6.624312877655029,-6.620131015777588,-6.773525714874268,-6.894129753112793,-6.957486629486084,-7.088344573974609,-7.386539936065674,-7.692321300506592,-7.730583667755127,-7.438648700714111,-6.948705673217773,-6.593833923339844,-6.657362461090088,-7.07022762298584,-7.5769524574279785,-7.799070835113525,-7.630428314208984,-7.39201021194458,-7.241881370544434,-7.170649528503418,-7.064228057861328,-6.960662841796875,-7.04752779006958,-7.176484107971191,-7.229148864746094,-7.403075218200684,-7.783220291137695,-8.090664863586426,-8.240828514099121,-8.41260051727295,-8.481561660766602
-6.603599548339844,-7.859335899353027,-8.897796630859375,-7.9974284172058105,-7.043135643005371,-8.074884414672852,-7.885378837585449,-7.075510501861572,-6.3176445960998535,-5.866105079650879,-5.858246326446533,-6.019261360168457,-6.074524402618408,-6.232511043548584,-6.283717632293701,-6.559014320373535,-6.732717990875244,-6.919569492340088,-7.0081868171691895,-7.113836288452148,-7.116742134094238,-6.968505382537842,-6.719419002532959,-6.470276832580566,-6.386229038238525,-6.631612300872803,-7.104172229766846,-7.465792179107666,-7.509788990020752,-7.258653163909912,-6.92713737487793,-6.772628307342529,-6.662425994873047,-6.528704643249512,-6.571686267852783,-6.813368797302246,-7.05796480178833,-7.243994235992432,-7.50152587890625,-7.7971673011779785,-7.960923671722412,-8.049300193786621,-8.127176284790039
