data/wind_data/wind_28_9.json
{"header": {"parameterUnit": "KT", "parameterCategory": 2, "nx": 256, "ny": 198, "lo1": 44.73521041870117, "la1": -3.236724853515625, "lo2": 111.26478576660156, "la2": 43.468475341796875, "dx": 0.2609002888202667, "dy": -0.23708222806453705, "refTime": "2025-02-20 04:00:00", "forecastTime": 0, "parameterNumber": 2, "parameterNumberName": "eastward_wind"}, "data":
[rows 152 to 170 of 198, columns 129 to 171 of 256]
12.569765090942383,12.847527503967285,12.126081466674805,9.974610328674316,7.094700813293457,5.246417999267578,4.55256462097168,5.432268142700195,7.406989574432373,8.320869445800781,7.943236351013184,7.705840110778809,8.74752426147461,9.378292083740234,9.320554733276367,9.427209854125977,9.607898712158203,9.853882789611816,9.588712692260742,8.02119255065918,6.1700310707092285,5.08955717086792,5.025406360626221,5.095705986022949,4.338903903961182,3.251814126968384,2.053392171859741,0.3223605751991272,-1.6463971138000488,-3.3483316898345947,-4.4310808181762695,-5.027966022491455,-4.518693447113037,-3.2208456993103027,-2.5570321083068848,-1.9926831722259521,-2.3557684421539307,-3.3805360794067383,-4.4946699142456055,-5.212322235107422,-5.680068492889404,-5.005805492401123,-3.228163480758667
12.579533576965332,12.145750045776367,11.61477279663086,10.755061149597168,9.783541679382324,9.306644439697266,8.664898872375488,9.142782211303711,9.552591323852539,9.083599090576172,8.577306747436523,8.858227729797363,9.428709983825684,9.243278503417969,9.227513313293457,9.446903228759766,9.480531692504883,9.757342338562012,9.79736042022705,8.469491004943848,6.1866841316223145,4.116155624389648,4.1439104080200195,4.521729469299316,3.7699851989746094,2.136279344558716,-0.14222870767116547,-2.672466993331909,-4.209871768951416,-5.022346496582031,-5.80216121673584,-6.194782733917236,-4.961493968963623,-3.1547794342041016,-2.044874429702759,-1.6845886707305908,-2.7884604930877686,-4.655428409576416,-5.244935989379883,-4.919777870178223,-4.668906211853027,-3.6080644130706787,-2.1545815467834473
13.312490463256836,12.1026611328125,11.099410057067871,10.5158109664917,11.107009887695312,12.07119369506836,12.35922622680664,12.33377742767334,10.557536125183105,7.660825252532959,5.438817977905273,6.526580333709717,7.738701820373535,8.374950408935547,9.564903259277344,10.220033645629883,10.284531593322754,10.386412620544434,9.598978996276855,7.38595724105835,4.675666809082031,3.634511947631836,3.4020802974700928,3.088292121887207,2.7384908199310303,1.4633523225784302,-0.8055725693702698,-2.9887771606445312,-4.4631123542785645,-5.174500465393066,-5.4086127281188965,-4.955214023590088,-3.9415266513824463,-3.036379337310791,-2.403583526611328,-2.9901206493377686,-4.491220951080322,-5.6030168533325195,-5.016221523284912,-3.843322992324829,-2.8613619804382324,-1.8098868131637573,-1.201886534690857
14.295393943786621,12.263202667236328,10.63654613494873,10.438779830932617,11.86931324005127,13.374590873718262,13.447281837463379,10.66409683227539,7.221901893615723,3.5453500747680664,2.6695263385772705,4.0619072914123535,5.256880760192871,6.885807037353516,8.970855712890625,10.548511505126953,10.745330810546875,9.512150764465332,7.151853561401367,4.441867351531982,3.0911285877227783,2.6595799922943115,1.7418255805969238,1.3838144540786743,1.5865418910980225,1.080746054649353,0.11753123253583908,-0.7162547707557678,-2.1133034229278564,-3.1978790760040283,-3.1628053188323975,-2.1823525428771973,-1.826865315437317,-2.3773579597473145,-3.22896409034729,-4.758007526397705,-5.671992778778076,-5.128247261047363,-3.5455408096313477,-1.9489233493804932,-0.7847115397453308,-0.3908514678478241,-0.8954585194587708
15.649429321289062,13.243828773498535,11.285204887390137,11.269389152526855,12.868424415588379,14.193743705749512,13.156371116638184,11.315122604370117,9.181916236877441,5.74912691116333,3.3726625442504883,3.60429310798645,4.9727091789245605,6.304056644439697,7.829418659210205,8.23871898651123,6.742971897125244,4.3610687255859375,2.191311836242676,1.241376280784607,1.6382745504379272,1.896862506866455,1.5733270645141602,1.153287649154663,0.622076153755188,0.18186795711517334,0.4006977379322052,0.5421249270439148,-0.3140241503715515,-1.1535086631774902,-0.7971234321594238,0.2110004872083664,0.05482419580221176,-1.323413610458374,-3.006649971008301,-4.528182506561279,-4.738926410675049,-3.4463868141174316,-1.7381081581115723,-0.3728904128074646,0.27311795949935913,-0.048145029693841934,-1.1117111444473267
17.538379669189453,15.127523422241211,13.144139289855957,12.941795349121094,14.23002815246582,14.726858139038086,13.7102632522583,12.587258338928223,10.941879272460938,7.432868957519531,4.666555881500244,4.4124298095703125,4.3687591552734375,3.841325521469116,3.2656497955322266,2.6889545917510986,1.6951597929000854,0.4220614433288574,-0.5626727342605591,-0.37500032782554626,0.600643515586853,1.4715485572814941,1.8110122680664062,1.3137322664260864,0.14391584694385529,-0.5122885704040527,-0.2608635425567627,-0.1755775362253189,-0.4926910102367401,-0.39782628417015076,0.4059141278266907,0.9178385138511658,0.35570889711380005,-0.9831121563911438,-2.472853899002075,-3.30481219291687,-3.198861837387085,-2.1379919052124023,-0.9647192358970642,-0.3093756139278412,-0.288615882396698,-0.6324220299720764,-1.2249294519424438
17.63202476501465,15.990567207336426,14.64966869354248,14.790340423583984,15.800914764404297,15.17744255065918,13.769250869750977,13.134414672851562,11.123735427856445,6.7088303565979,4.122303485870361,2.818178415298462,1.7687922716140747,0.9917160868644714,0.7859299182891846,1.5767467021942139,1.5904667377471924,0.1973346471786499,-1.327040672302246,-1.2609847784042358,0.062410712242126465,1.4121524095535278,1.9491641521453857,1.3390752077102661,0.29142582416534424,-0.20860229432582855,-0.24967658519744873,-0.27234771847724915,-0.23300519585609436,-0.02544761449098587,-0.09158646315336227,-0.5918866991996765,-1.3124531507492065,-2.5355329513549805,-3.456678867340088,-3.2770657539367676,-2.650869607925415,-1.8558893203735352,-1.2232996225357056,-1.1142561435699463,-1.2442141771316528,-1.2527951002120972,-1.3412117958068848
17.617721557617188,16.295969009399414,15.126461029052734,15.18179702758789,14.636261940002441,12.25488567352295,10.649197578430176,10.109479904174805,7.067947864532471,4.34360408782959,3.2530345916748047,1.8761632442474365,0.6109046339988708,0.843116283416748,2.8294756412506104,3.3817343711853027,1.6219017505645752,-0.5094701647758484,-1.8375263214111328,-1.6632636785507202,-0.34731194376945496,0.7426813244819641,0.8266903162002563,0.3214535415172577,-0.03450104221701622,0.10787682980298996,0.3104303777217865,0.3719915449619293,-0.03177505359053612,-1.211817979812622,-2.41555118560791,-3.0069515705108643,-3.8833186626434326,-5.071715354919434,-5.122868537902832,-3.822094678878784,-2.486027479171753,-1.6959279775619507,-1.4149222373962402,-1.4892525672912598,-1.6224737167358398,-1.7776556015014648,-2.079113721847534
16.078397750854492,14.498611450195312,13.265332221984863,12.036674499511719,9.006287574768066,5.773531436920166,4.81231689453125,3.9734344482421875,2.837127923965454,3.807140350341797,3.7708842754364014,2.3643362522125244,2.3223226070404053,3.882009744644165,4.116152763366699,2.678846836090088,0.612178385257721,-0.8601477742195129,-1.8428678512573242,-2.208069324493408,-1.5760891437530518,-0.9335690140724182,-0.8367722630500793,-1.0774112939834595,-0.8142580986022949,-0.1198667660355568,0.14904598891735077,-0.2635725736618042,-1.6687828302383423,-3.525606155395508,-4.630751132965088,-5.054553985595703,-5.73660135269165,-6.15492582321167,-5.262914180755615,-3.407580614089966,-1.9174072742462158,-1.4022537469863892,-1.5368272066116333,-1.7376805543899536,-1.9354695081710815,-2.347968578338623,-2.8816475868225098
13.364445686340332,11.684907913208008,10.592568397521973,9.389466285705566,6.131191253662109,2.6568102836608887,0.6788045167922974,0.622756838798523,2.501945972442627,4.465369701385498,5.368255138397217,4.653592586517334,3.9576380252838135,4.1527509689331055,3.8656961917877197,2.1165270805358887,-0.06200546398758888,-1.0288997888565063,-1.7010473012924194,-2.017418622970581,-1.7954133749008179,-1.3802735805511475,-1.3348382711410522,-1.5201886892318726,-1.0601496696472168,-0.4385206699371338,-0.4793122410774231,-1.093276858329773,-2.1873342990875244,-3.681138038635254,-5.155120849609375,-6.1744890213012695,-6.484703540802002,-5.8401994705200195,-4.409107685089111,-2.849308729171753,-2.025001049041748,-1.9784561395645142,-2.0893092155456543,-2.0615439414978027,-2.140531063079834,-2.402479410171509,-2.5610873699188232
12.044209480285645,10.638969421386719,11.108686447143555,11.812010765075684,9.541698455810547,4.762353897094727,1.0146191120147705,1.4523311853408813,3.6452364921569824,5.296348571777344,5.515594959259033,4.38084602355957,3.561082124710083,3.675729513168335,3.1994168758392334,1.5003352165222168,-0.10126300156116486,-0.6617203950881958,-0.6578724384307861,-0.3778296411037445,-0.44724413752555847,-0.5584661960601807,-0.5479096174240112,-0.635499894618988,-0.5671355724334717,-0.6761749982833862,-1.0186740159988403,-1.1420642137527466,-1.1425946950912476,-2.2937440872192383,-4.492638111114502,-6.316954135894775,-7.010636806488037,-6.19008731842041,-4.54140043258667,-3.236497163772583,-2.8086211681365967,-2.7938120365142822,-2.680133819580078,-2.511221170425415,-2.4973268508911133,-2.305647850036621,-1.9073351621627808
13.597506523132324,12.223769187927246,12.840251922607422,13.248294830322266,11.358477592468262,7.634094715118408,4.14686393737793,3.2367749214172363,3.882371425628662,4.176834583282471,3.8040847778320312,3.016563653945923,2.495399236679077,2.2926688194274902,2.1142306327819824,1.3861948251724243,0.7384893298149109,0.5340756177902222,1.0799822807312012,1.718519687652588,1.3876802921295166,0.6320590972900391,0.2507859170436859,-0.14823240041732788,-0.9258304238319397,-1.7260347604751587,-1.7908947467803955,-0.920738160610199,-0.35452231764793396,-1.8743644952774048,-4.333432197570801,-6.121879577636719,-7.238351345062256,-7.077550411224365,-5.612290859222412,-4.1972761154174805,-3.554497003555298,-3.418747901916504,-3.210395097732544,-2.868657112121582,-2.666762351989746,-2.2866663932800293,-1.5335907936096191
15.357495307922363,14.02027702331543,12.972314834594727,12.071426391601562,10.59709644317627,8.425742149353027,6.297536849975586,4.748239517211914,3.9815657138824463,3.4731667041778564,2.6536946296691895,1.5881563425064087,0.7448367476463318,0.6285271048545837,1.1875945329666138,1.486647605895996,1.380847454071045,1.4498659372329712,2.285034418106079,3.032310724258423,2.696045160293579,1.5881402492523193,0.3231396973133087,-1.0516849756240845,-2.544837236404419,-3.594855546951294,-3.2999207973480225,-1.9627885818481445,-1.6565141677856445,-3.240121364593506,-4.841210842132568,-5.786922931671143,-6.602314472198486,-6.980710029602051,-6.327119827270508,-5.2853102684021,-4.582973480224609,-4.145103931427002,-3.4604098796844482,-2.7234833240509033,-2.431612968444824,-1.9089986085891724,-0.8921183347702026
14.571125984191895,13.175753593444824,11.868321418762207,10.740384101867676,9.36353874206543,7.830778121948242,6.528308868408203,5.100673675537109,4.389208793640137,4.020014762878418,2.7140204906463623,0.9118506908416748,-0.16703945398330688,0.09558755904436111,1.0636723041534424,1.70969557762146,1.8780386447906494,2.150120258331299,2.895911693572998,3.50848388671875,3.2072675228118896,1.811995506286621,-0.17185243964195251,-2.2479660511016846,-4.139150619506836,-5.157796859741211,-4.674882411956787,-3.6277477741241455,-3.7526464462280273,-4.921780586242676,-5.599250793457031,-5.551435470581055,-5.526480197906494,-5.959441661834717,-6.232163429260254,-5.7915940284729,-5.143552303314209,-4.473787784576416,-3.500214099884033,-2.457890748977661,-1.820127248764038,-1.0954344272613525,-0.08675569295883179
13.5600004196167,11.830758094787598,10.517060279846191,9.545461654663086,7.993708610534668,6.349939346313477,5.39074182510376,4.613797664642334,4.481270790100098,4.404706001281738,3.176821231842041,1.4988410472869873,0.39246535301208496,0.7500004172325134,1.7975962162017822,2.65828537940979,2.9701192378997803,3.117145538330078,3.7443130016326904,4.088871479034424,3.3994810581207275,1.498940348625183,-0.8702043294906616,-2.943709135055542,-4.706130504608154,-5.269693374633789,-4.487866401672363,-3.6754279136657715,-4.152274131774902,-5.47526741027832,-6.07844877243042,-5.751875877380371,-5.268311977386475,-5.366089820861816,-5.9413323402404785,-5.9785356521606445,-5.542992115020752,-4.8807783126831055,-3.8246517181396484,-2.5741636753082275,-1.4837309122085571,-0.572046160697937,0.28323838114738464
11.735064506530762,10.223021507263184,9.509500503540039,8.791945457458496,7.138699531555176,5.429054260253906,4.329914569854736,3.7749223709106445,3.8331058025360107,3.7835850715637207,3.0373597145080566,1.8417408466339111,1.1048510074615479,1.638868808746338,2.8522121906280518,3.932318925857544,4.338626384735107,4.474239826202393,5.0749430656433105,5.161401271820068,3.98557186126709,1.6876786947250366,-0.9922243356704712,-2.886610269546509,-3.9661402702331543,-4.13266658782959,-3.383920192718506,-2.565190076828003,-3.040591239929199,-4.693146705627441,-5.606806755065918,-5.573119640350342,-5.362883567810059,-5.37388801574707,-5.809266567230225,-6.009647846221924,-5.583131790161133,-4.67977237701416,-3.5327372550964355,-2.4050517082214355,-1.3980242013931274,-0.43210020661354065,0.499906063079834
9.962029457092285,9.331279754638672,9.050317764282227,8.17259693145752,6.273642539978027,4.215298175811768,2.704474687576294,2.193040132522583,2.4551382064819336,2.600538492202759,2.1582677364349365,1.3233449459075928,1.3559777736663818,2.4060237407684326,3.8603649139404297,5.019604206085205,5.399989604949951,5.653372764587402,6.472033977508545,6.838078022003174,5.791422367095947,3.233987808227539,-0.05012429505586624,-2.208707571029663,-2.8321759700775146,-2.772559881210327,-2.4296646118164062,-1.8171778917312622,-1.8813507556915283,-3.2517812252044678,-4.45460844039917,-4.727603435516357,-4.494083881378174,-4.104094982147217,-4.032574653625488,-4.1579084396362305,-3.9184367656707764,-3.203422784805298,-2.1797935962677,-1.2836042642593384,-0.8074229955673218,-0.32299739122390747,0.45246991515159607
8.747000694274902,8.180741310119629,7.667032241821289,6.870335578918457,5.428308010101318,3.1352291107177734,0.8728681206703186,0.3212552070617676,1.3375766277313232,1.8467955589294434,1.680667757987976,1.5725793838500977,2.219355344772339,3.474715232849121,4.817594051361084,5.656476974487305,5.954113483428955,6.4741530418396,7.629712104797363,8.466278076171875,7.86094856262207,5.367839336395264,1.8720767498016357,-0.7514227628707886,-1.7631534337997437,-1.9294723272323608,-1.8260490894317627,-1.4140334129333496,-1.1898919343948364,-1.9762767553329468,-3.1962451934814453,-3.7304017543792725,-3.3250443935394287,-2.132843494415283,-0.9444411993026733,-0.6606382727622986,-0.910102903842926,-1.0116626024246216,-0.6076334714889526,-0.04403183236718178,0.07940374314785004,-0.032103996723890305,0.21513119339942932
7.501497268676758,7.07859468460083,6.870329856872559,6.728283405303955,5.824767589569092,3.0592617988586426,-0.009147817268967628,-0.5669742822647095,0.8587390184402466,1.8209611177444458,2.4146227836608887,3.204444408416748,4.234981060028076,5.207108497619629,5.8586883544921875,6.235043525695801,6.59944486618042,7.297491550445557,8.414254188537598,9.25845718383789,8.898539543151855,6.990638256072998,4.071407794952393,1.2685116529464722,-0.5464394688606262,-1.3565242290496826,-1.3512457609176636,-0.9345551133155823,-0.7082250118255615,-1.1575863361358643,-2.1551427841186523,-2.747011661529541,-2.1422927379608154,-0.4576689302921295,1.4460785388946533,2.352541923522949,2.0689480304718018,1.4121837615966797,0.9846797585487366,0.9001424908638,0.6971820592880249,0.28846752643585205,0.2287740856409073
