data/wind_data/wind_62_8.json
{"header": {"parameterUnit": "KT", "parameterCategory": 2, "nx": 256, "ny": 198, "lo1": 44.73521041870117, "la1": -3.236724853515625, "lo2": 111.26478576660156, "la2": 43.468475341796875, "dx": 0.2609002888202667, "dy": -0.23708222806453705, "refTime": "2025-02-21 14:00:00", "forecastTime": 0, "parameterNumber": 2, "parameterNumberName": "eastward_wind"}, "data":
[rows 76 to 94 of 198, columns 88 to 131 of 256]
8.265301704406738,8.672830581665039,9.0096435546875,8.77840805053711,7.952252388000488,6.849595069885254,5.808831691741943,5.056528091430664,4.579591274261475,4.241708755493164,4.048050880432129,4.190145492553711,4.858832836151123,6.09063720703125,7.447166442871094,8.408390998840332,9.152888298034668,10.101278305053711,10.832797050476074,10.769994735717773,9.839621543884277,8.543085098266602,7.598835468292236,6.70240592956543,5.918882846832275,5.436977386474609,4.435177326202393,3.1774065494537354,2.4057650566101074,2.0217509269714355,1.6703592538833618,1.2211780548095703,0.7772680521011353,0.5036864280700684,0.6918004155158997,1.4304701089859009,2.384413480758667,3.372012138366699,4.488396167755127,5.715676784515381,6.341840744018555,5.942323684692383,5.634028434753418,5.575985908508301
9.620523452758789,9.492522239685059,9.445817947387695,9.00877571105957,8.134869575500488,7.0658488273620605,5.984751224517822,5.1001667976379395,4.536435127258301,4.24641227722168,4.212406635284424,4.5040059089660645,5.1388068199157715,6.172762393951416,7.367635726928711,8.151273727416992,8.635985374450684,9.382233619689941,10.268753051757812,10.7404146194458,10.360636711120605,8.900575637817383,7.6554436683654785,6.903029918670654,6.2036848068237305,6.049026012420654,5.868557453155518,4.748293399810791,3.349874258041382,2.440575122833252,1.9379252195358276,1.4689970016479492,0.9774248600006104,0.6911522746086121,0.6717654466629028,0.9891161322593689,1.6397380828857422,2.5535855293273926,3.6774847507476807,4.788297653198242,5.589486122131348,5.768105506896973,5.4757232666015625,5.07307243347168
11.037269592285156,10.255461692810059,9.799691200256348,9.292680740356445,8.501276969909668,7.539604187011719,6.497011661529541,5.475417613983154,4.686259746551514,4.208184242248535,4.1010661125183105,4.504741191864014,5.366616725921631,6.490467071533203,7.692976474761963,8.444331169128418,8.704514503479004,8.992803573608398,9.332109451293945,9.566792488098145,9.700372695922852,9.038923263549805,7.596292495727539,6.738050937652588,6.337161064147949,6.321524620056152,6.5631585121154785,6.160611152648926,5.084681987762451,4.002732276916504,3.1391537189483643,2.41817307472229,1.8003391027450562,1.4228154420852661,1.3122879266738892,1.3686926364898682,1.5431649684906006,2.0034570693969727,2.9726192951202393,4.152292251586914,4.838529109954834,5.079178333282471,5.244384288787842,4.990938186645508
12.497000694274902,11.176604270935059,10.33110237121582,9.79163646697998,9.1343994140625,8.229806900024414,7.171616077423096,6.064763069152832,5.129210472106934,4.526585102081299,4.290468215942383,4.5784173011779785,5.545320510864258,6.951989650726318,8.365592002868652,9.208307266235352,9.324210166931152,9.264135360717773,9.028585433959961,8.471765518188477,8.354716300964355,8.645660400390625,8.011130332946777,6.583510875701904,5.996476650238037,6.267330646514893,6.896455764770508,7.102115154266357,6.588813304901123,5.746793746948242,4.805598258972168,3.869351625442505,3.113386631011963,2.695472002029419,2.585756301879883,2.5645763874053955,2.4797587394714355,2.427147388458252,2.7325754165649414,3.546844959259033,4.227663516998291,4.325372695922852,4.545761585235596,5.005906105041504
14.011458396911621,12.439539909362793,11.159085273742676,10.36812973022461,9.786359786987305,9.002737998962402,7.929696559906006,6.7510600090026855,5.778647422790527,5.214278697967529,5.004463195800781,5.150435447692871,5.850330352783203,7.219735622406006,8.955376625061035,10.205964088439941,10.304970741271973,9.88088321685791,9.455436706542969,8.477054595947266,7.386393070220947,7.467163562774658,8.037071228027344,7.334074974060059,6.039109706878662,5.850487232208252,6.595961570739746,7.416256904602051,7.603250503540039,7.07520055770874,6.195115566253662,5.28677225112915,4.5450568199157715,4.083471298217773,3.888059139251709,3.8673601150512695,3.876246690750122,3.757166862487793,3.5348825454711914,3.562044620513916,3.9387385845184326,3.921704053878784,3.78774356842041,4.507576942443848
15.458564758300781,13.873095512390137,12.234719276428223,11.014270782470703,10.344014167785645,9.797188758850098,8.939441680908203,7.78720760345459,6.731901168823242,6.109706878662109,5.956132411956787,6.149237632751465,6.676685810089111,7.6822333335876465,9.226905822753906,10.746792793273926,11.176803588867188,10.555830001831055,9.97191333770752,9.3611478805542,8.067617416381836,6.894950866699219,6.938136577606201,7.2387189865112305,6.700047492980957,6.2309160232543945,6.53291654586792,7.293126583099365,7.933114051818848,7.87388801574707,7.140565395355225,6.327916145324707,5.742772102355957,5.349370956420898,5.142771244049072,5.089941501617432,5.104372024536133,5.08847713470459,4.845553398132324,4.4663496017456055,4.372857093811035,4.311252117156982,3.9749934673309326,4.186790466308594
16.735130310058594,15.265771865844727,13.41861629486084,11.809554100036621,10.909195899963379,10.475778579711914,9.892284393310547,8.933272361755371,7.894848823547363,7.168107032775879,6.92685604095459,7.141523838043213,7.761054992675781,8.749533653259277,10.021929740905762,11.25156021118164,11.724066734313965,11.121784210205078,10.221450805664062,9.772231101989746,9.168072700500488,7.847477912902832,6.588003635406494,6.264571189880371,6.297972679138184,6.452804088592529,6.843029022216797,7.341790676116943,7.866281986236572,8.126529693603516,7.823315620422363,7.167630195617676,6.6666717529296875,6.4244232177734375,6.324176788330078,6.412136077880859,6.513975143432617,6.41742467880249,6.103929042816162,5.646119594573975,5.295704364776611,5.151133060455322,4.951554775238037,4.949202060699463
17.626140594482422,16.458372116088867,14.700366973876953,12.940775871276855,11.775437355041504,11.223441123962402,10.722162246704102,9.848304748535156,8.79042911529541,7.99769926071167,7.7205915451049805,7.954412937164307,8.670751571655273,9.898488998413086,11.444043159484863,12.702086448669434,13.00301456451416,12.19588851928711,10.834481239318848,9.818520545959473,9.287710189819336,8.419384956359863,7.111555099487305,6.074647903442383,5.657105445861816,5.81437349319458,6.374321937561035,7.002151012420654,7.525805473327637,7.920267105102539,8.018990516662598,7.72523307800293,7.320672988891602,7.100837230682373,7.145752906799316,7.484495162963867,7.928261756896973,7.994328022003174,7.593613624572754,7.068724632263184,6.577671527862549,6.215499401092529,5.997142314910889,6.048575401306152
17.876514434814453,17.075305938720703,15.776044845581055,14.296266555786133,13.088644027709961,12.327424049377441,11.734086990356445,10.883014678955078,9.746447563171387,8.721779823303223,8.237249374389648,8.442618370056152,9.302292823791504,10.814644813537598,12.872312545776367,14.776272773742676,15.468804359436035,14.587247848510742,12.728487014770508,10.859774589538574,9.663386344909668,8.553587913513184,7.070967674255371,5.928286075592041,5.414490699768066,5.1908416748046875,5.27329683303833,5.734839916229248,6.4379448890686035,7.152987957000732,7.660670280456543,7.754549026489258,7.531824588775635,7.339808464050293,7.376457691192627,7.80221700668335,8.55718994140625,9.126721382141113,9.091458320617676,8.717000007629395,8.270506858825684,7.824588298797607,7.326676845550537,7.089818954467773
17.599266052246094,17.055784225463867,16.318374633789062,15.437646865844727,14.467392921447754,13.564750671386719,12.801742553710938,12.019201278686523,10.998040199279785,9.866211891174316,9.102850914001465,9.100372314453125,9.942127227783203,11.550326347351074,13.886237144470215,16.383302688598633,17.837413787841797,17.40781021118164,15.456887245178223,13.043828964233398,11.203309059143066,9.78071403503418,7.852243423461914,6.073391914367676,5.275365829467773,4.832333564758301,4.299663543701172,4.136181354522705,4.680064678192139,5.6745123863220215,6.7113728523254395,7.426187515258789,7.693786144256592,7.625267028808594,7.486587047576904,7.62748908996582,8.329047203063965,9.311834335327148,10.027490615844727,10.306808471679688,10.229055404663086,9.867390632629395,9.185248374938965,8.44960880279541
17.478271484375,17.142366409301758,16.794004440307617,16.364110946655273,15.632302284240723,14.559440612792969,13.509090423583984,12.731856346130371,12.037675857543945,11.246562004089355,10.656356811523438,10.665966987609863,11.347049713134766,12.675141334533691,14.72646427154541,17.227245330810547,19.126863479614258,19.284568786621094,17.696626663208008,15.313048362731934,13.222932815551758,11.799080848693848,10.051021575927734,7.8075456619262695,6.190921306610107,5.3486833572387695,4.430766582489014,3.496640682220459,3.2872886657714844,4.114457130432129,5.5060954093933105,6.868837833404541,7.748631000518799,8.051941871643066,7.944153308868408,7.717141151428223,7.936643600463867,8.896906852722168,10.225919723510742,11.455045700073242,12.16678524017334,12.06742000579834,11.280365943908691,10.24698257446289
18.018327713012695,17.909475326538086,17.707094192504883,17.316585540771484,16.534250259399414,15.279765129089355,13.936640739440918,13.006577491760254,12.5225191116333,12.275125503540039,12.343330383300781,12.858719825744629,13.62632942199707,14.553862571716309,15.911280632019043,17.78844451904297,19.525678634643555,20.031206130981445,18.957523345947266,17.052738189697266,15.172684669494629,13.787033081054688,12.473516464233398,10.481528282165527,8.168722152709961,6.6198811531066895,5.7350873947143555,4.659261703491211,3.592803716659546,3.448622226715088,4.52693510055542,6.189423084259033,7.537684917449951,8.13305950164795,8.165063858032227,7.91611385345459,7.803360462188721,8.409398078918457,9.831747055053711,11.566044807434082,12.948156356811523,13.458867073059082,13.042106628417969,12.044435501098633
19.197696685791016,19.26795768737793,18.933944702148438,18.15426254272461,17.016836166381836,15.694788932800293,14.438084602355957,13.505156517028809,13.035149574279785,13.117410659790039,13.774307250976562,14.801804542541504,15.794480323791504,16.57207679748535,17.418243408203125,18.57262420654297,19.71638298034668,20.15860939025879,19.595657348632812,18.36900520324707,17.04291343688965,15.826249122619629,14.594535827636719,12.976578712463379,10.764941215515137,8.676703453063965,7.509213447570801,6.754832744598389,5.634442329406738,4.434095859527588,4.167440414428711,5.245401859283447,6.820598602294922,7.783053398132324,7.847005367279053,7.5645036697387695,7.445980072021484,7.9177374839782715,9.249091148376465,11.018917083740234,12.488893508911133,13.214865684509277,13.31173038482666,12.98179817199707
20.68916130065918,20.790639877319336,20.112693786621094,18.70278549194336,17.04970359802246,15.7774019241333,15.064878463745117,14.635405540466309,14.332856178283691,14.536989212036133,15.43024730682373,16.529300689697266,17.365503311157227,17.943965911865234,18.57897186279297,19.386093139648438,20.050724029541016,20.20331382751465,19.946247100830078,19.464723587036133,18.726783752441406,17.806215286254883,16.55034828186035,14.77840805053711,12.887211799621582,11.388212203979492,10.285685539245605,9.363475799560547,8.453667640686035,7.232447147369385,5.855344772338867,5.374882698059082,6.176063060760498,7.192461967468262,7.357817649841309,6.861574649810791,6.609454154968262,7.059350490570068,8.422026634216309,10.225462913513184,11.7156982421875,12.377299308776855,12.451617240905762,12.48995590209961
21.984689712524414,21.9606990814209,20.90155029296875,19.037240982055664,17.11041259765625,15.974967956542969,15.847875595092773,16.11597442626953,16.27635383605957,16.706701278686523,17.58708381652832,18.363359451293945,18.725400924682617,18.92088508605957,19.292325973510742,19.900339126586914,20.431852340698242,20.41900634765625,20.146331787109375,20.180194854736328,20.0670166015625,19.432504653930664,18.386045455932617,16.604049682617188,14.590940475463867,13.465250015258789,13.087786674499512,12.446099281311035,11.3528413772583,10.066161155700684,8.629704475402832,7.368935585021973,7.054568290710449,7.5377116203308105,7.7059831619262695,7.020893096923828,6.2532958984375,6.242088317871094,7.308550834655762,9.148041725158691,11.003552436828613,11.994304656982422,11.903999328613281,11.682313919067383
22.63822364807129,22.37506103515625,21.13744354248047,19.276752471923828,17.55402183532715,16.758028030395508,17.01195526123047,17.60577964782715,18.1289119720459,18.9342098236084,19.85344696044922,20.270959854125977,20.25887680053711,20.17721939086914,20.17194366455078,20.38355255126953,20.786020278930664,20.913496017456055,20.63787269592285,20.646587371826172,20.921070098876953,20.614442825317383,19.843433380126953,18.70185089111328,16.929759979248047,15.436763763427734,14.984908103942871,14.782794952392578,13.914569854736328,12.420536994934082,10.765630722045898,9.363688468933105,8.609823226928711,8.748322486877441,9.184785842895508,8.968900680541992,7.9490203857421875,6.863034248352051,6.559488773345947,7.809145450592041,9.863518714904785,11.519715309143066,12.038041114807129,11.648995399475098
22.767480850219727,22.315792083740234,21.066314697265625,19.461320877075195,18.240434646606445,17.968271255493164,18.496278762817383,19.07237434387207,19.696130752563477,20.77259063720703,21.69450569152832,21.875900268554688,21.7979736328125,21.74799156188965,21.613021850585938,21.517316818237305,21.586727142333984,21.653409957885742,21.5736141204834,21.628206253051758,21.790069580078125,21.54168128967285,21.013647079467773,20.555683135986328,19.616971969604492,18.059207916259766,16.84668731689453,16.29094696044922,15.527525901794434,14.008782386779785,12.155841827392578,10.65684986114502,9.827191352844238,9.823022842407227,10.502889633178711,11.187923431396484,11.082974433898926,10.011143684387207,8.568964958190918,7.722646236419678,8.269719123840332,9.910149574279785,11.383161544799805,11.646190643310547
22.803512573242188,22.29853630065918,21.11168670654297,19.699262619018555,18.88493537902832,19.121919631958008,19.946510314941406,20.558208465576172,21.202495574951172,22.276588439941406,23.045204162597656,23.169925689697266,23.19361114501953,23.270082473754883,23.27250862121582,23.19154930114746,23.025636672973633,22.790576934814453,22.656389236450195,22.850875854492188,23.152223587036133,22.989591598510742,22.43425941467285,22.051456451416016,21.659217834472656,20.604658126831055,19.094120025634766,17.832944869995117,16.718029022216797,15.0747709274292,13.054898262023926,11.462479591369629,10.716217994689941,10.740214347839355,11.414396286010742,12.520666122436523,13.40953540802002,13.351118087768555,12.27547550201416,10.799622535705566,9.51166820526123,8.994118690490723,9.551393508911133,10.3172607421875
23.126041412353516,22.674760818481445,21.648656845092773,20.380155563354492,19.66626739501953,19.998157501220703,20.968395233154297,21.81647491455078,22.56301498413086,23.49561309814453,24.24665069580078,24.571035385131836,24.618114471435547,24.59408187866211,24.652467727661133,24.71672248840332,24.571455001831055,24.121479034423828,23.7569580078125,23.927528381347656,24.43952751159668,24.73541259765625,24.461978912353516,23.740758895874023,22.940473556518555,22.02921485900879,20.780038833618164,19.34494400024414,17.815492630004883,15.975954055786133,13.937037467956543,12.309747695922852,11.536407470703125,11.523463249206543,12.122013092041016,13.368080139160156,14.823963165283203,15.505955696105957,14.887128829956055,13.790639877319336,12.884319305419922,11.5939302444458,9.825007438659668,9.072524070739746
