data/wind_data/wind_44_7.json
{"header": {"parameterUnit": "KT", "parameterCategory": 2, "nx": 256, "ny": 198, "lo1": 44.73521041870117, "la1": -3.236724853515625, "lo2": 111.26478576660156, "la2": 43.468475341796875, "dx": 0.2609002888202667, "dy": -0.23708222806453705, "refTime": "2025-02-20 20:00:00", "forecastTime": 0, "parameterNumber": 2, "parameterNumberName": "eastward_wind"}, "data":
[rows 20 to 39 of 198, columns 176 to 219 of 256]
-22.868450164794922,-24.845245361328125,-27.06240463256836,-27.946945190429688,-25.04161262512207,-29.245046615600586,-29.986501693725586,-30.315752029418945,-30.295347213745117,-29.94054412841797,-29.02513313293457,-27.406185150146484,-25.572893142700195,-24.354293823242188,-24.432661056518555,-25.427364349365234,-26.428539276123047,-26.809898376464844,-25.90606689453125,-24.13991928100586,-22.43657112121582,-20.73169708251953,-19.70955467224121,-20.553802490234375,-22.93895721435547,-25.921052932739258,-27.680267333984375,-27.139684677124023,-26.879352569580078,-25.599224090576172,-23.391746520996094,-22.9312801361084,-23.91353416442871,-27.18092918395996,-31.691516876220703,-35.46019744873047,-38.750938415527344,-41.153438568115234,-42.141422271728516,-41.5132942199707,-39.78778839111328,-37.36228561401367,-35.02838897705078,-33.048397064208984
-24.548471450805664,-25.23784637451172,-26.042116165161133,-27.26973533630371,-27.300148010253906,-27.876842498779297,-28.6984806060791,-29.94200325012207,-30.927804946899414,-30.59287452697754,-29.68669319152832,-28.390628814697266,-27.09018325805664,-26.40431022644043,-26.66244125366211,-27.516685485839844,-28.31844711303711,-28.36953353881836,-26.823486328125,-23.71387481689453,-20.611557006835938,-19.352092742919922,-20.271657943725586,-22.916587829589844,-25.79469871520996,-26.908729553222656,-26.508840560913086,-27.00506019592285,-27.916196823120117,-26.5015926361084,-25.30862808227539,-26.293479919433594,-28.676403045654297,-32.51484298706055,-36.835445404052734,-40.42254638671875,-42.69654083251953,-43.074363708496094,-41.95207977294922,-39.30255126953125,-36.977169036865234,-34.08317184448242,-30.86640167236328,-27.76526641845703
-26.606761932373047,-26.483163833618164,-26.393217086791992,-26.73955535888672,-27.170610427856445,-27.269243240356445,-28.424274444580078,-30.4512996673584,-31.778125762939453,-31.46468734741211,-30.832181930541992,-30.101892471313477,-29.462543487548828,-28.99791717529297,-28.700227737426758,-28.477901458740234,-28.11323356628418,-27.319948196411133,-25.565000534057617,-22.915868759155273,-20.661264419555664,-20.070690155029297,-21.1575870513916,-23.103023529052734,-25.174694061279297,-25.926776885986328,-26.000627517700195,-26.76333236694336,-27.30409049987793,-27.015466690063477,-27.49662208557129,-29.495670318603516,-33.270755767822266,-37.6942253112793,-41.30559158325195,-43.18702697753906,-42.77322769165039,-40.674827575683594,-38.12812423706055,-35.56647872924805,-33.174468994140625,-30.004634857177734,-25.783464431762695,-22.67097282409668
-27.687015533447266,-27.576074600219727,-27.496124267578125,-27.616374969482422,-27.898452758789062,-27.98260498046875,-29.000873565673828,-30.605283737182617,-31.721033096313477,-31.65347671508789,-30.954965591430664,-30.496000289916992,-30.236831665039062,-29.69106674194336,-28.6643123626709,-27.238643646240234,-25.674962997436523,-24.383865356445312,-23.392431259155273,-22.486974716186523,-21.611507415771484,-21.268009185791016,-21.528249740600586,-22.005142211914062,-23.055034637451172,-24.37289047241211,-25.489662170410156,-26.214332580566406,-26.666948318481445,-27.402746200561523,-29.56122589111328,-33.46616744995117,-38.00291442871094,-41.419395446777344,-42.72799301147461,-41.96049118041992,-39.93769836425781,-37.4016227722168,-34.88247299194336,-33.07345199584961,-31.709983825683594,-29.60405921936035,-26.48126220703125,-23.497962951660156
-27.712345123291016,-27.69650650024414,-27.596511840820312,-27.98712730407715,-28.447546005249023,-28.471311569213867,-28.866579055786133,-30.10131072998047,-30.548206329345703,-30.42490577697754,-29.347623825073242,-28.62212371826172,-28.176528930664062,-27.362071990966797,-26.05678939819336,-24.629018783569336,-23.470151901245117,-22.950927734375,-23.147071838378906,-23.401161193847656,-22.805879592895508,-22.119640350341797,-22.127098083496094,-22.118427276611328,-21.931339263916016,-22.76417350769043,-24.630939483642578,-25.97760772705078,-27.301626205444336,-29.74223518371582,-33.856788635253906,-38.44004440307617,-41.7698860168457,-42.65903854370117,-41.34870529174805,-39.11370086669922,-37.0633544921875,-35.36946487426758,-33.90834426879883,-32.42941665649414,-31.4656925201416,-30.169633865356445,-28.51766014099121,-26.751991271972656
-26.54664421081543,-26.533321380615234,-26.177762985229492,-26.896963119506836,-27.51371955871582,-27.67646026611328,-27.93553924560547,-28.337554931640625,-28.497447967529297,-28.17574119567871,-27.694656372070312,-27.687240600585938,-27.353551864624023,-26.1239013671875,-24.25436019897461,-22.814586639404297,-22.536026000976562,-23.253149032592773,-24.454792022705078,-25.041173934936523,-24.050336837768555,-23.225828170776367,-23.026302337646484,-23.020496368408203,-22.249528884887695,-22.324859619140625,-25.19480323791504,-28.073827743530273,-31.039447784423828,-34.82540512084961,-38.990882873535156,-41.982906341552734,-42.69933319091797,-41.20746994018555,-38.71916961669922,-36.59431076049805,-35.33912658691406,-34.85094451904297,-34.52207946777344,-33.78425979614258,-32.78807067871094,-31.82258415222168,-30.33126449584961,-29.48736572265625
-26.682964324951172,-26.642179489135742,-25.777568817138672,-25.824003219604492,-26.181171417236328,-26.618549346923828,-26.691781997680664,-26.96680450439453,-27.35102653503418,-28.149816513061523,-29.32490348815918,-30.437925338745117,-30.468353271484375,-29.68956184387207,-28.53206443786621,-27.29424285888672,-26.059526443481445,-25.75021743774414,-27.488100051879883,-28.817182540893555,-25.97977066040039,-25.809513092041016,-25.25542640686035,-24.461946487426758,-24.452245712280273,-25.214221954345703,-28.465925216674805,-32.46611404418945,-36.3140754699707,-39.79136657714844,-42.30292510986328,-42.81465530395508,-41.32814025878906,-38.869449615478516,-36.41679763793945,-34.86627197265625,-34.675445556640625,-35.49024200439453,-36.0321159362793,-35.54941177368164,-34.316490173339844,-32.6268310546875,-31.01244354248047,-30.397560119628906
-25.485740661621094,-24.799129486083984,-24.570266723632812,-25.570266723632812,-26.123844146728516,-26.572111129760742,-26.709291458129883,-27.565235137939453,-29.1806583404541,-30.76545524597168,-31.554744720458984,-31.050941467285156,-30.140850067138672,-29.808746337890625,-29.265552520751953,-27.643749237060547,-27.387075424194336,-29.424026489257812,-30.623294830322266,-30.14004898071289,-29.049030303955078,-29.491596221923828,-29.09789276123047,-27.86429786682129,-28.624248504638672,-30.409069061279297,-33.5493278503418,-37.36794662475586,-40.73833465576172,-43.09748458862305,-43.73347854614258,-42.18757629394531,-39.46440887451172,-36.87917709350586,-35.03894805908203,-34.50571823120117,-35.40839385986328,-36.54241180419922,-36.53868865966797,-35.3643684387207,-33.74338150024414,-32.349388122558594,-31.541330337524414,-31.398488998413086
-31.303577423095703,-32.51909637451172,-30.13145637512207,-27.104475021362305,-26.41685676574707,-28.411191940307617,-29.067584991455078,-30.2528076171875,-31.759477615356445,-31.4842472076416,-29.5816650390625,-27.203012466430664,-26.103639602661133,-26.23758888244629,-25.534358978271484,-23.730331420898438,-25.305931091308594,-31.139238357543945,-33.744197845458984,-32.8876838684082,-33.682498931884766,-34.50288391113281,-33.78557205200195,-32.794429779052734,-33.763824462890625,-35.74364471435547,-38.452293395996094,-41.622337341308594,-43.892669677734375,-44.5599250793457,-43.23838424682617,-40.2924919128418,-37.29568099975586,-35.52238845825195,-35.294063568115234,-36.045745849609375,-37.17631530761719,-37.663578033447266,-37.05076217651367,-35.88584518432617,-34.83180618286133,-34.207679748535156,-33.8719596862793,-33.96315383911133
-27.749862670898438,-26.313350677490234,-22.944629669189453,-18.915489196777344,-30.58783721923828,-30.059484481811523,-32.44035720825195,-31.680553436279297,-31.243417739868164,-28.821273803710938,-25.685426712036133,-23.52136993408203,-23.092315673828125,-23.402851104736328,-23.279325485229492,-24.499467849731445,-28.600570678710938,-34.255821228027344,-37.3339729309082,-36.90453338623047,-37.52048110961914,-37.67298889160156,-37.18211364746094,-37.13895797729492,-38.632835388183594,-40.45404052734375,-42.52187728881836,-44.33730697631836,-44.60844802856445,-42.97554016113281,-40.025474548339844,-36.92291259765625,-35.494102478027344,-36.06775665283203,-37.22105407714844,-37.83137512207031,-37.9521598815918,-37.873924255371094,-37.671207427978516,-37.01412582397461,-36.104915618896484,-35.33885955810547,-34.84437561035156,-34.84253692626953
-25.358613967895508,-23.903423309326172,-23.182865142822266,-28.08672332763672,-34.755462646484375,-32.96061325073242,-33.18056869506836,-30.316396713256836,-28.192184448242188,-26.208826065063477,-23.853744506835938,-22.69070053100586,-22.62061309814453,-23.573524475097656,-26.388044357299805,-30.827152252197266,-35.063133239746094,-38.6656379699707,-41.86117172241211,-40.77058029174805,-40.42118453979492,-39.20785903930664,-39.369747161865234,-40.03152084350586,-41.69080352783203,-43.27519226074219,-44.220176696777344,-43.830631256103516,-41.66716766357422,-38.32912826538086,-35.2919807434082,-34.34852981567383,-35.98518371582031,-38.10502624511719,-38.528648376464844,-37.74179458618164,-37.39160919189453,-38.02104568481445,-38.5562744140625,-37.886417388916016,-36.20917892456055,-34.133419036865234,-32.35678482055664,-31.860979080200195
-27.9311466217041,-29.948705673217773,-32.68052291870117,-35.752220153808594,-35.447654724121094,-33.47210693359375,-30.677114486694336,-27.355968475341797,-25.830852508544922,-25.156116485595703,-24.2867431640625,-23.750898361206055,-24.301671981811523,-26.90449333190918,-32.12394332885742,-37.19963836669922,-39.64609909057617,-40.824222564697266,-42.83608627319336,-42.606834411621094,-41.5677375793457,-40.39702224731445,-40.715667724609375,-41.56827926635742,-42.868221282958984,-43.59646987915039,-42.86660385131836,-40.45569610595703,-36.907291412353516,-34.08839416503906,-33.165122985839844,-35.03632354736328,-37.394020080566406,-38.150577545166016,-37.01602554321289,-35.91777420043945,-36.273929595947266,-37.67018508911133,-37.91122055053711,-36.72330093383789,-35.08884811401367,-33.244747161865234,-31.371875762939453,-30.47770881652832
-30.489389419555664,-34.54011154174805,-36.83411407470703,-36.437950134277344,-33.56760025024414,-30.601186752319336,-27.022991180419922,-25.594158172607422,-24.706029891967773,-24.856643676757812,-24.94109535217285,-25.459165573120117,-27.494144439697266,-31.315715789794922,-36.27056121826172,-39.661624908447266,-41.18218994140625,-41.67655563354492,-41.77729034423828,-41.412418365478516,-40.578575134277344,-39.735599517822266,-39.47492218017578,-40.318092346191406,-41.22373962402344,-40.99645233154297,-39.15125274658203,-36.26264953613281,-33.81011962890625,-33.24817657470703,-34.34070587158203,-36.388328552246094,-36.922054290771484,-36.00202941894531,-35.29829788208008,-35.32689666748047,-35.95297622680664,-36.268028259277344,-35.08702850341797,-32.78120422363281,-30.582677841186523,-28.832958221435547,-28.241701126098633,-29.4307918548584
-30.039783477783203,-33.750728607177734,-35.00971221923828,-33.86520004272461,-30.83431625366211,-28.122743606567383,-26.63566017150879,-25.73211669921875,-25.181913375854492,-26.431133270263672,-26.666784286499023,-28.420988082885742,-31.649328231811523,-35.18616485595703,-38.082881927490234,-39.64719009399414,-40.75595474243164,-41.01945495605469,-39.82269287109375,-38.77043914794922,-38.671722412109375,-37.9627571105957,-36.660980224609375,-36.56965637207031,-36.7315788269043,-36.1069450378418,-34.81221389770508,-33.23979187011719,-33.40774154663086,-34.76376724243164,-36.49339294433594,-36.87396240234375,-35.91813278198242,-34.943206787109375,-35.159767150878906,-35.69799041748047,-35.19822311401367,-33.972381591796875,-31.834930419921875,-29.599748611450195,-28.22742462158203,-27.993793487548828,-28.8457088470459,-29.763086318969727
-29.067598342895508,-32.152374267578125,-32.78905487060547,-31.168498992919922,-29.08399772644043,-27.4164981842041,-27.391345977783203,-27.48981285095215,-27.851367950439453,-28.301969528198242,-29.450084686279297,-31.897951126098633,-35.49870681762695,-37.78274154663086,-38.56443405151367,-38.613216400146484,-39.120731353759766,-38.95967102050781,-37.46098327636719,-36.80523681640625,-37.51441192626953,-36.91469192504883,-35.379486083984375,-34.912086486816406,-35.090728759765625,-35.159217834472656,-34.545745849609375,-31.54718780517578,-33.798648834228516,-35.30144119262695,-36.2880744934082,-35.46050262451172,-33.845401763916016,-32.96968078613281,-32.580684661865234,-32.70808792114258,-32.480525970458984,-31.83644676208496,-30.810771942138672,-29.833879470825195,-29.59719467163086,-30.822683334350586,-32.74771499633789,-33.249820709228516
-29.404035568237305,-31.714202880859375,-31.649383544921875,-30.465850830078125,-28.82916831970215,-27.575939178466797,-27.376325607299805,-28.547504425048828,-29.381826400756836,-29.04625701904297,-30.524097442626953,-33.239200592041016,-36.96380615234375,-38.59020233154297,-37.903377532958984,-36.83650588989258,-36.73930358886719,-36.40620803833008,-35.26262283325195,-35.293296813964844,-36.36164474487305,-35.97057342529297,-34.61289978027344,-33.85976791381836,-33.11872100830078,-32.79983901977539,-32.31700134277344,-31.99411392211914,-33.5886344909668,-34.23393630981445,-33.57656478881836,-32.51231384277344,-31.924875259399414,-31.00823402404785,-30.28678321838379,-30.68570327758789,-31.876888275146484,-33.016746520996094,-33.8555908203125,-33.71231460571289,-32.95272445678711,-32.6563720703125,-32.11113357543945,-30.33669090270996
-30.166210174560547,-31.40134620666504,-31.226003646850586,-30.459257125854492,-29.240346908569336,-27.4006290435791,-26.381710052490234,-27.002702713012695,-27.315574645996094,-27.523258209228516,-29.244972229003906,-32.27278137207031,-35.94929504394531,-37.43428039550781,-36.39740753173828,-35.370208740234375,-34.96250534057617,-34.22751235961914,-33.23158645629883,-33.364200592041016,-34.22978591918945,-33.92308807373047,-32.52555847167969,-30.867109298706055,-28.281036376953125,-28.592086791992188,-26.296554565429688,-27.52264976501465,-30.937602996826172,-31.56291961669922,-31.02225112915039,-31.682058334350586,-32.7603759765625,-32.855812072753906,-33.15837860107422,-33.85894775390625,-34.68232345581055,-35.47626495361328,-36.16844177246094,-35.22213363647461,-33.446441650390625,-31.690704345703125,-29.439279556274414,-27.392810821533203
-29.75899887084961,-30.220335006713867,-30.453781127929688,-29.619901657104492,-28.71811866760254,-26.778432846069336,-25.201953887939453,-24.443151473999023,-23.72044563293457,-24.419422149658203,-27.985904693603516,-31.361989974975586,-33.6319580078125,-33.829402923583984,-33.19722366333008,-33.38853454589844,-33.690345764160156,-33.325965881347656,-32.687652587890625,-32.39307403564453,-32.181549072265625,-31.1949462890625,-29.464033126831055,-27.623048782348633,-26.39192771911621,-24.960107803344727,-23.437313079833984,-24.225744247436523,-28.13967514038086,-30.18415069580078,-31.37685775756836,-33.15177536010742,-34.057132720947266,-34.08076858520508,-33.8754997253418,-32.86089324951172,-31.14502716064453,-30.98029899597168,-31.262880325317383,-30.316328048706055,-28.940231323242188,-26.842967987060547,-24.612010955810547,-23.380313873291016
-27.639299392700195,-28.64634132385254,-28.543359756469727,-28.249361038208008,-27.384929656982422,-25.592416763305664,-23.670961380004883,-21.796876907348633,-20.766368865966797,-22.66865348815918,-27.71965789794922,-30.771303176879883,-31.2380428314209,-30.33287811279297,-30.31121063232422,-31.269441604614258,-31.574731826782227,-30.81456756591797,-29.86943817138672,-29.471954345703125,-28.94353675842285,-27.822731018066406,-26.918123245239258,-26.438213348388672,-26.521039962768555,-26.191665649414062,-25.849468231201172,-25.96369171142578,-28.662755966186523,-30.10036277770996,-31.569080352783203,-32.306278228759766,-32.27928924560547,-32.09654235839844,-31.65620231628418,-28.937891006469727,-24.03676414489746,-22.46591567993164,-23.513065338134766,-23.890596389770508,-23.204975128173828,-22.071897506713867,-21.147308349609375,-22.602079391479492
-24.879873275756836,-25.90082359313965,-26.772184371948242,-26.89430809020996,-25.783063888549805,-24.228412628173828,-21.88220977783203,-19.8906192779541,-19.948974609375,-23.179466247558594,-27.761449813842773,-29.97298240661621,-29.514404296875,-28.853843688964844,-29.49163055419922,-30.43842315673828,-29.927793502807617,-28.09941864013672,-27.14484405517578,-27.595691680908203,-27.09339714050293,-26.210988998413086,-26.404462814331055,-27.881868362426758,-29.704448699951172,-30.201379776000977,-30.039573669433594,-29.375213623046875,-28.8467960357666,-28.535078048706055,-28.894311904907227,-29.4525146484375,-29.87115478515625,-29.274038314819336,-27.71025276184082,-24.35086441040039,-21.258398056030273,-21.589460372924805,-23.18145179748535,-23.47756004333496,-22.963558197021484,-22.444414138793945,-22.61161994934082,-25.24828338623047
