data/wind_data/wind_23_8.json
{"header": {"parameterUnit": "KT", "parameterCategory": 2, "nx": 256, "ny": 198, "lo1": 44.73521041870117, "la1": -3.236724853515625, "lo2": 111.26478576660156, "la2": 43.468475341796875, "dx": 0.2609002888202667, "dy": -0.23708222806453705, "refTime": "2025-02-19 23:00:00", "forecastTime": 0, "parameterNumber": 2, "parameterNumberName": "eastward_wind"}, "data":
[rows 76 to 94 of 198, columns 44 to 87 of 256]
27.066261291503906,27.123977661132812,26.835294723510742,26.174015045166016,25.167097091674805,23.893951416015625,22.425439834594727,20.938499450683594,19.775815963745117,19.202993392944336,19.191221237182617,19.57401466369629,20.281904220581055,21.225236892700195,22.203144073486328,23.02983856201172,23.622692108154297,24.016407012939453,24.30801010131836,24.597129821777344,24.942583084106445,25.332805633544922,25.74272346496582,26.135154724121094,26.43920135498047,26.560142517089844,26.44873046875,26.18385124206543,25.89177703857422,25.60487937927246,25.261873245239258,24.84654426574707,24.448623657226562,24.196334838867188,24.17107391357422,24.381702423095703,24.696626663208008,24.892908096313477,24.840017318725586,24.653127670288086,24.542150497436523,24.487092971801758,24.278615951538086,23.801342010498047
26.774499893188477,27.108043670654297,27.249265670776367,27.047161102294922,26.36843490600586,25.234617233276367,23.848085403442383,22.453224182128906,21.279123306274414,20.55715560913086,20.39798355102539,20.697769165039062,21.35002899169922,22.306888580322266,23.396085739135742,24.323381423950195,24.8795223236084,25.08786964416504,25.134380340576172,25.205665588378906,25.402095794677734,25.734956741333008,26.16954231262207,26.60824966430664,26.925756454467773,27.07217025756836,27.072891235351562,26.945560455322266,26.669158935546875,26.267658233642578,25.830068588256836,25.4434814453125,25.195335388183594,25.1655330657959,25.36638832092285,25.752450942993164,26.233469009399414,26.618797302246094,26.68817138671875,26.43251609802246,26.04768180847168,25.685199737548828,25.310150146484375,24.86333656311035
26.343292236328125,26.59943962097168,26.989938735961914,27.264890670776367,27.067127227783203,26.258363723754883,25.095294952392578,23.948068618774414,22.995969772338867,22.319766998291016,22.045820236206055,22.23615264892578,22.804834365844727,23.61368751525879,24.51358413696289,25.346433639526367,25.94818687438965,26.209911346435547,26.186466217041016,26.095075607299805,26.167434692382812,26.46293067932129,26.885173797607422,27.262052536010742,27.425134658813477,27.33859634399414,27.152820587158203,27.051000595092773,27.061017990112305,27.064674377441406,26.917877197265625,26.56654167175293,26.152271270751953,25.97612762451172,26.196666717529297,26.686935424804688,27.217233657836914,27.640010833740234,27.886791229248047,27.896183013916016,27.639528274536133,27.12216567993164,26.447612762451172,25.831647872924805
27.12723731994629,27.084787368774414,27.23702049255371,27.467411041259766,27.45552635192871,27.004329681396484,26.245079040527344,25.427244186401367,24.69275665283203,24.10936737060547,23.820770263671875,23.9510498046875,24.44888687133789,25.110782623291016,25.730581283569336,26.240863800048828,26.6663818359375,26.971351623535156,27.06749153137207,27.003873825073242,26.971420288085938,27.126750946044922,27.438823699951172,27.729541778564453,27.815826416015625,27.667905807495117,27.44092559814453,27.310428619384766,27.342716217041016,27.481664657592773,27.619434356689453,27.63334083557129,27.46767807006836,27.25992774963379,27.285377502441406,27.631240844726562,28.10381317138672,28.483449935913086,28.72393226623535,28.85202980041504,28.809646606445312,28.462968826293945,27.814672470092773,27.135814666748047
28.60602569580078,28.59394645690918,28.677358627319336,28.702600479125977,28.58260726928711,28.295814514160156,27.83452796936035,27.220022201538086,26.52777099609375,25.93903350830078,25.671518325805664,25.82253074645996,26.251768112182617,26.75020408630371,27.147808074951172,27.377126693725586,27.460359573364258,27.464458465576172,27.45655632019043,27.48581886291504,27.56950569152832,27.696727752685547,27.847061157226562,27.958887100219727,27.931745529174805,27.758342742919922,27.57961082458496,27.55557632446289,27.72607421875,27.991439819335938,28.24039649963379,28.438108444213867,28.619977951049805,28.819028854370117,29.009788513183594,29.180145263671875,29.360580444335938,29.553611755371094,29.69933319091797,29.7426815032959,29.674962997436523,29.466571807861328,29.09075355529785,28.636276245117188
29.99894905090332,30.072917938232422,30.130666732788086,30.06071662902832,29.846487045288086,29.526206970214844,29.05409812927246,28.43598747253418,27.780229568481445,27.322965621948242,27.238380432128906,27.507339477539062,27.94638442993164,28.358165740966797,28.652334213256836,28.723709106445312,28.484838485717773,28.002696990966797,27.536819458007812,27.331518173217773,27.436386108398438,27.740398406982422,28.088157653808594,28.33412742614746,28.377548217773438,28.20516014099121,27.948545455932617,27.814544677734375,27.92640495300293,28.28326416015625,28.812490463256836,29.42918586730957,30.07984161376953,30.688316345214844,31.07176399230957,31.079784393310547,30.826061248779297,30.609621047973633,30.571809768676758,30.614782333374023,30.60567283630371,30.513879776000977,30.36684226989746,30.152196884155273
30.606462478637695,30.844593048095703,30.91231346130371,30.814077377319336,30.578548431396484,30.175493240356445,29.538082122802734,28.80219841003418,28.282638549804688,28.20958137512207,28.535486221313477,29.046058654785156,29.583261489868164,30.046646118164062,30.29965591430664,30.154550552368164,29.51028823852539,28.528162002563477,27.592283248901367,27.016111373901367,26.86164665222168,27.051612854003906,27.51118278503418,28.148733139038086,28.738550186157227,29.021350860595703,28.94272804260254,28.699949264526367,28.57676887512207,28.808897018432617,29.48036003112793,30.51177406311035,31.705909729003906,32.71023941040039,33.160579681396484,32.966060638427734,32.34438705444336,31.664396286010742,31.21164894104004,31.074953079223633,31.159326553344727,31.335859298706055,31.528635025024414,31.658288955688477
30.981855392456055,31.344905853271484,31.60381317138672,31.659128189086914,31.535097122192383,31.159671783447266,30.46546745300293,29.663631439208984,29.20380973815918,29.341087341308594,29.939041137695312,30.718017578125,31.462284088134766,32.027976989746094,32.21426010131836,31.795692443847656,30.74776268005371,29.355987548828125,28.04754066467285,27.10685157775879,26.558502197265625,26.345598220825195,26.51488494873047,27.127197265625,28.033218383789062,28.88942527770996,29.412214279174805,29.599224090576172,29.705026626586914,30.026113510131836,30.77054214477539,31.954694747924805,33.31739807128906,34.34876251220703,34.65095520019531,34.30963134765625,33.6567268371582,32.939083099365234,32.275882720947266,31.775175094604492,31.564224243164062,31.715660095214844,32.17239761352539,32.72454071044922
31.326705932617188,31.77880096435547,32.29008865356445,32.66279220581055,32.77968978881836,32.48706817626953,31.773605346679688,30.988100051879883,30.623666763305664,30.860132217407227,31.55923080444336,32.51238250732422,33.45585250854492,34.07345199584961,34.024871826171875,33.24494552612305,32.001956939697266,30.678203582763672,29.504362106323242,28.446773529052734,27.420331954956055,26.55560302734375,26.115074157714844,26.227195739746094,26.830869674682617,27.726585388183594,28.65213394165039,29.5023250579834,30.30936622619629,31.170085906982422,32.21110534667969,33.45740509033203,34.65754699707031,35.356689453125,35.36100769042969,34.934043884277344,34.43016052246094,33.99517059326172,33.58224105834961,33.13864517211914,32.75943374633789,32.67430114746094,32.982906341552734,33.52347183227539
31.218971252441406,31.80632972717285,32.51445770263672,33.0919303894043,33.3921012878418,33.181068420410156,32.42770767211914,31.63258171081543,31.400850296020508,31.882442474365234,32.848846435546875,34.00346374511719,35.077877044677734,35.70195007324219,35.554073333740234,34.61932373046875,33.2664680480957,31.9947566986084,31.00834083557129,30.129535675048828,29.08089256286621,27.9201602935791,27.098695755004883,26.905492782592773,27.233518600463867,27.915603637695312,28.842483520507812,29.884204864501953,30.93370246887207,32.01415252685547,33.16999816894531,34.32582092285156,35.221439361572266,35.60116195678711,35.46292495727539,35.06235885620117,34.682960510253906,34.48585510253906,34.46769714355469,34.49359130859375,34.489559173583984,34.532772064208984,34.66878128051758,34.80319595336914
30.876575469970703,31.545812606811523,32.52248001098633,33.31513977050781,33.56094741821289,33.132652282714844,32.24334716796875,31.553550720214844,31.547607421875,32.2833137512207,33.527774810791016,34.944305419921875,36.17373275756836,36.755523681640625,36.40352249145508,35.33738708496094,34.093997955322266,33.003021240234375,32.014400482177734,30.99329948425293,29.982824325561523,29.200403213500977,28.88469123840332,29.22459602355957,30.203569412231445,31.491870880126953,32.67184066772461,33.44845199584961,33.8486328125,34.17620849609375,34.64034652709961,35.128501892089844,35.35509490966797,35.24877166748047,34.98555374145508,34.75262451171875,34.63739013671875,34.68321228027344,34.91316223144531,35.301849365234375,35.81019592285156,36.334598541259766,36.6311149597168,36.504981994628906
30.3331298828125,30.848512649536133,31.80988121032715,32.590599060058594,32.666439056396484,31.99625015258789,31.068986892700195,30.62892723083496,31.101863861083984,32.36003494262695,33.982425689697266,35.57804489135742,36.83162307739258,37.30565643310547,36.72096252441406,35.42824935913086,34.09660339355469,33.066192626953125,32.2555046081543,31.414587020874023,30.5621395111084,30.125513076782227,30.59146499633789,31.86271858215332,33.55916976928711,35.35285186767578,36.85829544067383,37.655906677246094,37.749305725097656,37.659358978271484,37.7020378112793,37.647151947021484,37.08742904663086,36.03352355957031,34.951133728027344,34.330902099609375,34.32603454589844,34.72715377807617,35.25798797607422,35.81365203857422,36.4611930847168,37.152984619140625,37.588436126708984,37.509613037109375
29.84739875793457,30.029375076293945,30.57027816772461,30.950899124145508,30.691024780273438,29.84937858581543,29.107912063598633,29.24448585510254,30.513132095336914,32.48126220703125,34.50600814819336,36.14754104614258,37.17028045654297,37.30231475830078,36.40290069580078,34.89657211303711,33.47472381591797,32.556427001953125,32.18826675415039,32.052459716796875,31.93657684326172,32.064430236816406,32.837894439697266,34.352115631103516,36.29037094116211,38.159114837646484,39.43351745605469,39.843421936035156,39.75404739379883,39.78733444213867,40.07136917114258,40.20889663696289,39.7320671081543,38.56606674194336,37.03672409057617,35.66725158691406,34.930152893066406,34.92277145385742,35.37319564819336,35.972450256347656,36.58860778808594,37.1090087890625,37.351016998291016,37.2243537902832
30.214324951171875,30.07900619506836,30.095361709594727,30.146379470825195,29.71866798400879,28.79688835144043,28.20159149169922,28.747671127319336,30.523677825927734,32.835426330566406,34.90821075439453,36.35721969604492,37.00482177734375,36.63488006591797,35.238563537597656,33.457908630371094,32.13656234741211,31.872020721435547,32.51647186279297,33.25155258178711,33.694305419921875,34.29768371582031,35.527671813964844,37.25320053100586,39.02541732788086,40.4004020690918,41.08098220825195,41.13674545288086,40.99950408935547,41.041202545166016,41.22081756591797,41.31254959106445,41.16862869262695,40.59528732299805,39.546878814697266,38.2860221862793,37.188262939453125,36.46049118041992,36.13557815551758,36.14567947387695,36.35102844238281,36.525489807128906,36.484657287597656,36.248146057128906
30.88864517211914,30.684833526611328,30.225629806518555,30.055997848510742,29.79925537109375,29.2180233001709,28.96805763244629,29.808778762817383,31.726152420043945,33.954708099365234,35.73004150390625,36.788753509521484,36.97536087036133,35.89024353027344,33.749488830566406,31.604209899902344,30.722972869873047,31.7003116607666,33.51179504394531,34.75544357299805,35.33260726928711,36.085750579833984,37.47382736206055,39.21554183959961,40.780113220214844,41.79718780517578,42.237892150878906,42.32688903808594,42.34688949584961,42.38957214355469,42.29169464111328,42.113929748535156,42.10372543334961,42.08503341674805,41.58612060546875,40.53648376464844,39.307151794433594,38.280975341796875,37.62547302246094,37.27766418457031,37.04851531982422,36.727081298828125,36.20850372314453,35.63646697998047
31.37651252746582,31.725797653198242,31.20639419555664,30.570449829101562,30.07182502746582,29.68705177307129,29.84063720703125,31.04170799255371,33.195098876953125,35.48725891113281,37.21927261352539,38.133567810058594,37.78385925292969,35.8460807800293,32.999000549316406,30.86104393005371,30.91530990600586,32.9087028503418,35.03636169433594,36.202266693115234,36.872745513916016,37.808902740478516,39.09831237792969,40.48836898803711,41.75370407104492,42.77043151855469,43.40199661254883,43.648006439208984,43.65213394165039,43.47272491455078,43.230743408203125,43.15396499633789,43.32662582397461,43.480316162109375,43.15604019165039,42.18996047973633,40.88237762451172,39.624481201171875,38.64906311035156,38.05165100097656,37.80038070678711,37.6741828918457,37.34890365600586,36.71693420410156
31.90540313720703,33.035152435302734,33.06301498413086,32.20435333251953,31.1135311126709,30.408536911010742,30.59681510925293,31.995935440063477,34.2638053894043,36.56053924560547,38.364253997802734,39.20651626586914,38.39667892456055,36.00446319580078,33.27198028564453,32.03719711303711,32.93902587890625,34.89911651611328,36.46375274658203,37.437950134277344,38.42231750488281,39.596187591552734,40.73836135864258,41.80777359008789,42.898197174072266,43.89497756958008,44.54590606689453,44.688838958740234,44.38402557373047,44.11384582519531,44.21977615356445,44.588783264160156,44.88569259643555,44.793582916259766,44.18259048461914,43.186763763427734,42.11329650878906,41.1458854675293,40.259429931640625,39.40664291381836,38.676273345947266,38.22319793701172,38.05598449707031,37.95823669433594
32.52812957763672,33.70894241333008,34.00430679321289,33.3237419128418,32.30862808227539,31.75325584411621,32.1987190246582,33.89491653442383,36.26506423950195,38.14474868774414,39.14851379394531,39.22505569458008,38.17264175415039,36.151390075683594,34.322818756103516,33.896907806396484,34.88822555541992,36.23312759399414,37.283111572265625,38.36403274536133,39.750770568847656,41.123695373535156,42.25263977050781,43.27680587768555,44.298282623291016,45.08088684082031,45.185604095458984,44.54228210449219,43.84075164794922,43.83720397949219,44.642398834228516,45.66112518310547,46.20172119140625,46.00175857543945,45.20995330810547,44.21929931640625,43.433135986328125,42.970481872558594,42.62238693237305,42.05729675292969,41.13923263549805,40.1124382019043,39.362701416015625,39.02674865722656
33.46951675415039,34.32767105102539,34.3973503112793,33.602577209472656,32.65909957885742,32.42708969116211,33.41994857788086,35.844017028808594,38.77531433105469,40.425907135009766,40.46146011352539,39.82951354980469,38.870792388916016,37.27481460571289,35.71562957763672,35.27745056152344,35.9788818359375,36.975128173828125,37.92498779296875,39.19807815551758,40.863075256347656,42.464012145996094,43.71916961669922,44.69337463378906,45.397071838378906,45.46282196044922,44.700077056884766,43.648738861083984,43.11546325683594,43.565372467041016,44.821266174316406,46.2053337097168,47.03939437866211,47.054443359375,46.467735290527344,45.70259475708008,45.129547119140625,44.8928108215332,44.855934143066406,44.7059211730957,44.1641845703125,43.23835372924805,42.249263763427734,41.48808670043945
