data/wind_data/wind_67_8.json
{"header": {"parameterUnit": "KT", "parameterCategory": 2, "nx": 256, "ny": 198, "lo1": 44.73521041870117, "la1": -3.236724853515625, "lo2": 111.26478576660156, "la2": 43.468475341796875, "dx": 0.2609002888202667, "dy": -0.23708222806453705, "refTime": "2025-02-21 19:00:00", "forecastTime": 0, "parameterNumber": 2, "parameterNumberName": "eastward_wind"}, "data":
[rows 95 to 113 of 198, columns 176 to 219 of 256]
36.12403869628906,35.331207275390625,34.26215744018555,33.396759033203125,32.81071853637695,31.949771881103516,30.69329261779785,29.919694900512695,30.113601684570312,30.770864486694336,31.80855369567871,33.30186462402344,34.071590423583984,33.31148147583008,32.113014221191406,31.420869827270508,31.25978660583496,31.635087966918945,32.297908782958984,32.82356643676758,32.97022247314453,33.07036209106445,33.771820068359375,34.05768585205078,32.71525573730469,31.8073673248291,32.430763244628906,33.09516525268555,33.260780334472656,32.39180374145508,30.242286682128906,29.05813980102539,30.687030792236328,34.09572982788086,36.827205657958984,37.39948272705078,36.59765625,37.345497131347656,40.83467102050781,44.80971908569336,45.976261138916016,43.40143585205078,40.09572219848633,38.965824127197266
36.79435348510742,35.953826904296875,35.11517333984375,34.840518951416016,34.88951873779297,34.355735778808594,32.95603942871094,31.72340965270996,31.282663345336914,31.337465286254883,32.30293655395508,34.4300537109375,35.43772506713867,34.25401306152344,32.954097747802734,32.739891052246094,32.917564392089844,32.980690002441406,32.93644332885742,32.952091217041016,33.170650482177734,33.657005310058594,34.57414245605469,34.821529388427734,33.610660552978516,32.93101119995117,33.86330795288086,34.9747428894043,35.27165985107422,33.8577766418457,30.839725494384766,28.97166633605957,30.328285217285156,34.2260856628418,38.02640914916992,39.10307693481445,37.92515182495117,38.20805358886719,40.93877029418945,44.132869720458984,45.50410842895508,44.785274505615234,43.342281341552734,42.10396957397461
37.21282196044922,36.846920013427734,36.52421188354492,36.551334381103516,36.57925033569336,35.95391845703125,34.5980339050293,33.393516540527344,32.633811950683594,32.09423065185547,32.841827392578125,35.424442291259766,36.66291809082031,35.20502853393555,33.865753173828125,34.12535858154297,34.77336883544922,34.811771392822266,34.48642349243164,34.09196472167969,33.885528564453125,34.0470085144043,34.722190856933594,34.96521759033203,34.17407989501953,33.85529708862305,35.06444549560547,36.68630599975586,37.169002532958984,35.382423400878906,32.41292953491211,30.87175941467285,31.7725830078125,34.709716796875,38.15879440307617,39.823875427246094,39.3491325378418,39.25843048095703,40.728668212890625,42.81694412231445,44.494895935058594,45.46139907836914,45.586875915527344,44.57415008544922
37.22294235229492,37.62187194824219,37.940711975097656,38.287109375,38.32561111450195,37.66756820678711,36.501895904541016,35.40387725830078,34.254669189453125,32.96010971069336,33.16576385498047,35.85149383544922,37.63713073730469,36.1278076171875,34.62360382080078,35.48402404785156,36.90293884277344,36.89623260498047,36.068603515625,35.42953109741211,35.042301177978516,34.843841552734375,35.16770935058594,35.4794921875,35.017826080322266,34.6898078918457,35.850032806396484,37.68919372558594,38.11731719970703,36.59992599487305,34.43404769897461,33.33462905883789,33.93473815917969,35.93307113647461,38.40298843383789,39.90580749511719,40.152679443359375,40.526214599609375,41.44501495361328,42.37256622314453,43.583274841308594,45.28138732910156,46.392433166503906,45.99317932128906
37.0847053527832,38.17361068725586,39.00657653808594,39.648353576660156,39.93708038330078,39.5222053527832,38.53453063964844,37.26543045043945,35.58586883544922,33.8045539855957,33.56223678588867,35.74793243408203,38.15578842163086,37.24760818481445,35.36330032348633,35.93857955932617,37.99485397338867,38.778690338134766,37.94279479980469,36.79768753051758,36.03289794921875,35.717105865478516,36.07774353027344,36.64967727661133,36.18678283691406,35.29015350341797,35.91863250732422,37.850975036621094,38.67991638183594,37.77528762817383,36.27231979370117,35.34482955932617,35.73017120361328,37.330162048339844,39.17311477661133,40.34102249145508,40.97416305541992,41.921424865722656,43.0672721862793,43.62514114379883,43.95945739746094,45.107940673828125,46.396636962890625,46.79225540161133
37.26251220703125,39.003108978271484,40.308937072753906,40.945560455322266,40.910587310791016,40.16360855102539,39.03547286987305,37.7757682800293,36.19365692138672,34.61598205566406,34.33985900878906,36.08853530883789,38.68651580810547,38.56878662109375,36.40415573120117,35.80701446533203,37.75721740722656,39.82300567626953,39.881900787353516,38.32185745239258,36.77033233642578,36.22966766357422,36.90570068359375,38.005470275878906,37.63535690307617,36.04148864746094,35.680606842041016,37.27780532836914,38.91337203979492,39.14617156982422,38.335914611816406,37.42338562011719,37.33021545410156,38.50983428955078,40.288063049316406,41.66983413696289,42.43939208984375,43.21028518676758,44.23038101196289,44.98070526123047,45.3607177734375,45.80630111694336,46.5134391784668,47.147865295410156
37.49858474731445,39.703895568847656,41.47481155395508,42.18518829345703,41.70756149291992,40.163108825683594,38.231136322021484,36.844337463378906,35.950435638427734,35.21907424926758,35.40184783935547,37.27641677856445,39.94832229614258,40.12874221801758,37.97502517700195,36.45443344116211,37.60727310180664,40.14496612548828,41.1581916809082,39.83629608154297,37.9256591796875,37.04393768310547,37.752105712890625,39.11746597290039,38.933128356933594,37.10333251953125,35.93704605102539,36.64451217651367,38.6341667175293,40.452064514160156,40.849700927734375,39.84172439575195,38.87150955200195,39.45030975341797,41.407108306884766,43.203773498535156,43.91783905029297,43.95417785644531,44.36123275756836,45.48892593383789,46.71036911010742,47.22636032104492,47.1384391784668,46.92911148071289
37.494873046875,39.51443099975586,41.39306640625,42.46685791015625,42.35738754272461,40.66796875,37.95844268798828,36.04343795776367,35.476619720458984,35.400245666503906,36.17179870605469,38.62823486328125,41.93262481689453,42.31707000732422,39.976898193359375,38.10420227050781,38.43138122558594,40.369998931884766,41.70404815673828,41.291473388671875,40.00473403930664,39.01909255981445,39.062461853027344,39.692138671875,39.58403396606445,38.2770881652832,36.90861511230469,37.064022064208984,39.18757247924805,41.94332504272461,43.12796401977539,41.930198669433594,40.39188003540039,40.43086624145508,41.93857192993164,43.8348274230957,44.86138916015625,44.514488220214844,44.268272399902344,45.45746994018555,47.556732177734375,48.84986877441406,48.140174865722656,46.47487258911133
37.16408157348633,38.56959915161133,40.40496063232422,41.74988555908203,42.06425857543945,40.866947174072266,38.389068603515625,36.507076263427734,36.117393493652344,36.149383544921875,36.76862335205078,39.20989227294922,42.884586334228516,44.57991409301758,42.773841857910156,40.431331634521484,39.70394515991211,40.71907043457031,42.10177993774414,42.48407745361328,42.00322341918945,41.26999282836914,40.682613372802734,40.29337692260742,40.07715606689453,39.728824615478516,39.075931549072266,39.002891540527344,40.45852279663086,42.94304275512695,44.31948471069336,43.08330535888672,41.326751708984375,41.16488265991211,42.148929595947266,43.53158187866211,44.718631744384766,44.976402282714844,44.89106369018555,45.80855941772461,47.93099594116211,49.82966613769531,49.36088562011719,46.988059997558594
37.038604736328125,37.46849060058594,38.915367126464844,40.69172668457031,41.5938720703125,40.6661491394043,38.432960510253906,37.00792694091797,37.17599868774414,37.626747131347656,38.10333251953125,39.85552215576172,42.94212341308594,45.96712112426758,45.89362335205078,43.37462615966797,41.357913970947266,41.193851470947266,42.253116607666016,43.047882080078125,43.129581451416016,42.778316497802734,42.120384216308594,41.47421646118164,41.4103889465332,41.9183235168457,41.968055725097656,41.57568359375,41.83993148803711,43.18935775756836,44.23540115356445,43.494956970214844,42.179019927978516,41.868778228759766,42.083126068115234,42.69634246826172,44.04603958129883,45.30929183959961,45.682029724121094,45.92210388183594,47.44529342651367,49.852195739746094,50.63259506225586,49.00977325439453
37.65568161010742,36.94243621826172,37.348941802978516,38.86698532104492,40.28279495239258,40.01316452026367,38.37142562866211,37.30218505859375,37.75429153442383,38.93235397338867,39.93437957763672,41.09832763671875,43.45977783203125,46.62849044799805,47.82575225830078,45.754676818847656,43.04043960571289,41.859619140625,42.26835250854492,43.298404693603516,43.926109313964844,44.09541702270508,43.75981140136719,43.29996109008789,43.41929626464844,44.29799270629883,45.016998291015625,44.3661994934082,42.91572952270508,42.651458740234375,43.58077621459961,44.05678176879883,43.67809295654297,43.03636169433594,42.27906036376953,42.19060134887695,43.61565399169922,45.338741302490234,45.55108642578125,45.221920013427734,46.345924377441406,49.20615005493164,51.507041931152344,51.17045974731445
38.39418029785156,36.18410110473633,35.17547607421875,36.114810943603516,37.850738525390625,38.45414733886719,37.94619369506836,37.8455810546875,38.84121322631836,40.42152404785156,41.472652435302734,42.040611267089844,43.74110412597656,46.720985412597656,48.39230728149414,47.012847900390625,44.28907775878906,42.54231262207031,42.299224853515625,43.12797927856445,44.244911193847656,45.263214111328125,45.84528732299805,45.656639099121094,45.166969299316406,45.18180465698242,46.16313171386719,46.368141174316406,44.7503662109375,43.041343688964844,43.193458557128906,44.49374771118164,45.73392868041992,45.151798248291016,42.971317291259766,41.77109146118164,43.042991638183594,44.83293914794922,44.9360237121582,44.71681213378906,46.23683547973633,48.781917572021484,50.74396896362305,51.36838912963867
38.403873443603516,35.36166763305664,33.13775634765625,33.32252883911133,35.470245361328125,37.52580261230469,38.490779876708984,38.99102783203125,39.88353729248047,41.452613830566406,42.76253890991211,43.075740814208984,43.954402923583984,46.431365966796875,48.357505798339844,47.85384750366211,45.679473876953125,43.48501205444336,42.37786865234375,42.52316665649414,43.44991683959961,44.78547668457031,46.07310104370117,46.85111618041992,46.483726501464844,45.58366775512695,45.623497009277344,46.79330825805664,46.6335563659668,44.74736404418945,43.685543060302734,44.74789047241211,46.859073638916016,47.1688232421875,44.715293884277344,42.30562973022461,42.594879150390625,43.56540298461914,43.89227294921875,45.33655548095703,47.94064712524414,48.917335510253906,48.685726165771484,49.80765151977539
38.060916900634766,35.49970245361328,33.50557327270508,32.926631927490234,34.70133972167969,37.86541748046875,40.49119186401367,41.15386199951172,40.635074615478516,41.2107048034668,43.18809127807617,44.54422378540039,45.08927917480469,46.36674499511719,48.044124603271484,48.52750778198242,47.107421875,44.56126022338867,42.278743743896484,41.197837829589844,41.55479431152344,43.08451843261719,45.11308670043945,46.751651763916016,47.14391326904297,46.23932647705078,45.44379806518555,46.23683166503906,47.1045036315918,46.00208282470703,44.63606643676758,44.79603958129883,46.166011810302734,47.148841857910156,46.51198959350586,44.825191497802734,43.51647186279297,42.91548538208008,43.7266845703125,46.59989929199219,49.4129638671875,49.09236145019531,47.41935729980469,48.40476608276367
39.00336456298828,37.57123947143555,36.56125259399414,35.7418098449707,36.326358795166016,39.04563903808594,42.431400299072266,43.50816345214844,41.54110336303711,40.242652893066406,42.34546661376953,45.482704162597656,46.70458984375,46.94917678833008,47.83885192871094,48.4659423828125,47.46179962158203,45.0538330078125,42.160400390625,39.95213317871094,39.55632781982422,41.37607192993164,44.36404800415039,46.8009033203125,47.75171661376953,47.11592483520508,46.035186767578125,46.1849250793457,47.04936599731445,46.713294982910156,45.55694580078125,44.79831314086914,44.75326156616211,45.68720245361328,47.36126708984375,48.21725845336914,46.625160217285156,44.55363845825195,45.49436569213867,48.54405212402344,49.98784255981445,49.056148529052734,47.627193450927734,47.87564468383789
40.899906158447266,40.5116081237793,40.216121673583984,39.36789321899414,38.660545349121094,40.0450439453125,43.21804428100586,45.09213638305664,43.26496124267578,40.351234436035156,40.80958938598633,44.288509368896484,46.852294921875,47.571739196777344,48.096900939941406,48.40507125854492,47.62775802612305,45.6882438659668,42.75661087036133,39.44612503051758,37.965694427490234,39.728580474853516,43.60679244995117,47.253292083740234,48.89169692993164,48.238101959228516,46.84385681152344,46.78594970703125,47.85240173339844,48.203861236572266,47.519954681396484,46.291259765625,45.128929138183594,45.49419403076172,48.121395111083984,50.95912170410156,50.63046646118164,48.80653381347656,49.1608772277832,50.5827751159668,50.24015426635742,49.16411590576172,48.4997444152832,48.10835647583008
42.785057067871094,43.67607498168945,43.9014778137207,42.4879150390625,39.97269058227539,39.30582809448242,41.862266540527344,45.079532623291016,44.95029830932617,41.57589340209961,39.61281204223633,41.6279182434082,44.95121383666992,47.0364875793457,48.19948196411133,48.966224670410156,48.72370147705078,47.072364807128906,44.005271911621094,40.07754135131836,37.500587463378906,38.626930236816406,42.62720489501953,47.043670654296875,49.5299186706543,49.42523956298828,48.19196319580078,48.02229309082031,48.94798278808594,49.231178283691406,48.98092269897461,48.59065246582031,47.63569641113281,47.49428939819336,49.27521514892578,51.56315612792969,52.561561584472656,52.987728118896484,53.08612823486328,51.92680358886719,50.454036712646484,50.23128890991211,50.79571533203125,50.075584411621094
44.09272766113281,45.796390533447266,46.539939880371094,45.098655700683594,41.25080871582031,37.8547477722168,38.5217170715332,42.35591125488281,44.833106994628906,43.41822052001953,40.809661865234375,40.77435302734375,43.218116760253906,45.63427734375,47.07171630859375,48.392478942871094,49.592708587646484,48.99409484863281,46.05134963989258,42.32761001586914,39.32513427734375,38.852378845214844,41.62240982055664,45.93099594116211,49.237579345703125,50.027957916259766,49.08798599243164,48.59611892700195,49.01869583129883,49.246826171875,49.230690002441406,49.21371841430664,48.918678283691406,48.94190216064453,49.401329040527344,50.122440338134766,52.38999938964844,56.42744445800781,57.226871490478516,53.69710159301758,50.651817321777344,51.28024673461914,54.30320739746094,53.73059844970703
44.64816665649414,46.171348571777344,47.18136978149414,46.22027587890625,42.15583038330078,37.27141571044922,35.73176193237305,38.18989944458008,41.75829315185547,43.81498336791992,43.905181884765625,43.18075180053711,43.23016357421875,44.00031661987305,44.60139846801758,45.870853424072266,48.45069122314453,50.050785064697266,48.216896057128906,44.601505279541016,41.8112907409668,40.66651153564453,41.69930648803711,44.37761688232422,47.53073501586914,49.615840911865234,49.28883743286133,48.121089935302734,48.071250915527344,48.65230178833008,48.400333404541016,47.29363250732422,46.94359588623047,48.1998291015625,49.017982482910156,49.42763137817383,52.92159652709961,59.3665885925293,60.59841537475586,55.88630676269531,52.06624221801758,52.675254821777344,56.70387649536133,56.012916564941406
