data/wind_data/wind_Surface_14.json
{"header": {"parameterUnit": "KT", "parameterCategory": 2, "nx": 255, "ny": 198, "lo1": 44.73521041870117, "la1": -3.236724853515625, "lo2": 111.26478576660156, "la2": 43.468475341796875, "dx": 0.26192745566368103, "dy": -0.23708222806453705, "refTime": "2025-02-19 14:00:00", "forecastTime": 0, "parameterNumber": 2, "parameterNumberName": "eastward_wind"}, "data":
[rows 0 to 18 of 198, columns 43 to 85 of 255]
-3.7188706398010254,-3.7221765518188477,-3.5294108390808105,-3.235063314437866,-2.904310703277588,-2.608468770980835,-2.4719953536987305,-2.4973814487457275,-2.246976852416992,-1.6724060773849487,-1.4838190078735352,-1.7756593227386475,-1.9722586870193481,-1.8834964036941528,-1.4759737253189087,-0.9517996907234192,-0.753324031829834,-0.7834539413452148,-0.7201194167137146,-0.638295590877533,-0.7022334337234497,-0.831798255443573,-0.9213618636131287,-0.9154870510101318,-0.7772567272186279,-0.6387381553649902,-0.5855051279067993,-0.4936824440956116,-0.30922847986221313,-0.13089019060134888,0.002997696166858077,0.14563614130020142,0.2823753356933594,0.29607588052749634,0.24316033720970154,0.3693656325340271,0.5943313837051392,0.6346027851104736,0.5091994404792786,0.33114343881607056,0.2055600881576538,0.25048455595970154,0.3503628373146057
-4.104969501495361,-4.207213401794434,-4.230016708374023,-3.998354196548462,-3.550273895263672,-3.081918716430664,-2.824338436126709,-2.7281267642974854,-2.6119604110717773,-2.4226198196411133,-2.208634853363037,-2.1022818088531494,-2.0906145572662354,-1.990727424621582,-1.71658456325531,-1.411116600036621,-1.2121726274490356,-1.065233826637268,-0.938655436038971,-0.8934532403945923,-0.9841824769973755,-1.1577898263931274,-1.3272451162338257,-1.4060027599334717,-1.3144587278366089,-1.153066635131836,-1.0288561582565308,-0.9565900564193726,-0.9358565807342529,-0.9020813703536987,-0.7677912712097168,-0.4786071479320526,-0.1511744260787964,-0.005015655420720577,0.0044216495007276535,0.09325037151575089,0.1979793757200241,0.09914619475603104,-0.10096161812543869,-0.21072274446487427,-0.265796422958374,-0.27585676312446594,-0.20557330548763275
-4.649617671966553,-4.746776103973389,-4.783957004547119,-4.533910751342773,-4.085379600524902,-3.6905040740966797,-3.4289963245391846,-3.172358751296997,-2.9589343070983887,-2.7996861934661865,-2.499072551727295,-2.1303021907806396,-1.870132327079773,-1.6202443838119507,-1.3400628566741943,-1.1609232425689697,-1.058492660522461,-0.9752916097640991,-1.0108486413955688,-1.1077316999435425,-1.1376079320907593,-1.1692464351654053,-1.277976393699646,-1.4149279594421387,-1.4828823804855347,-1.4022536277770996,-1.2285960912704468,-1.1802433729171753,-1.271561622619629,-1.306911587715149,-1.204871416091919,-0.9437984228134155,-0.6020963788032532,-0.35278016328811646,-0.24462848901748657,-0.2390747219324112,-0.26675066351890564,-0.37281736731529236,-0.6124272346496582,-0.7772783637046814,-0.8151038289070129,-0.9042489528656006,-0.9806439280509949
-5.076799392700195,-5.111547946929932,-5.029728889465332,-4.761800289154053,-4.381314754486084,-4.018407821655273,-3.735142230987549,-3.3504791259765625,-2.9465034008026123,-2.6586711406707764,-2.290668487548828,-1.8510651588439941,-1.52446711063385,-1.2523537874221802,-0.9921562075614929,-0.9464341402053833,-1.0532931089401245,-1.068671464920044,-1.1811739206314087,-1.3553218841552734,-1.2671469449996948,-1.012865662574768,-0.9199258089065552,-1.049667477607727,-1.2178491353988647,-1.229198694229126,-1.1268055438995361,-1.2003169059753418,-1.3576955795288086,-1.3722764253616333,-1.2941315174102783,-1.2254364490509033,-1.129773736000061,-0.9079190492630005,-0.689970076084137,-0.6263580322265625,-0.36151421070098877,-0.15412317216396332,-0.8715118765830994,-1.5148040056228638,-1.238511323928833,-1.392000675201416,-1.7991118431091309
-5.379150867462158,-5.213055610656738,-4.860671043395996,-4.560863018035889,-4.257972717285156,-3.7931079864501953,-3.4886457920074463,-3.1501617431640625,-2.5830647945404053,-2.0493571758270264,-1.6934850215911865,-1.4968875646591187,-1.3183465003967285,-1.18798828125,-1.1135621070861816,-1.212292194366455,-1.5030202865600586,-1.4679454565048218,-1.4151277542114258,-1.7073230743408203,-1.5914185047149658,-0.7409591674804688,-0.13186606764793396,-0.24601025879383087,-0.4337427020072937,-0.44342201948165894,-0.5824702978134155,-0.9528751373291016,-1.1163015365600586,-1.045383095741272,-1.0155810117721558,-1.3008806705474854,-1.8037468194961548,-1.8368980884552002,-1.4204596281051636,-0.9591457843780518,0.4056626856327057,1.9040123224258423,-0.1892758011817932,-2.7115886211395264,-1.2265105247497559,-1.5491676330566406,-3.000027894973755
-6.035473823547363,-5.827609062194824,-5.556004047393799,-5.115087509155273,-4.7170915603637695,-4.5182294845581055,-4.369060039520264,-4.000362396240234,-3.3450887203216553,-2.6025311946868896,-1.9777599573135376,-1.6761205196380615,-1.7228529453277588,-1.8250682353973389,-1.8973191976547241,-1.872053623199463,-1.7606779336929321,-1.6126190423965454,-1.3735010623931885,-1.9741508960723877,-2.3043198585510254,-1.1271213293075562,-0.2995453178882599,-0.7165892124176025,-1.2124313116073608,-1.2341926097869873,-1.2026386260986328,-1.23940110206604,-1.3913657665252686,-1.4588135480880737,-1.4557141065597534,-1.5302737951278687,-1.6890214681625366,-1.5319331884384155,-0.9400793313980103,-0.3145989775657654,0.14976803958415985,1.141535758972168,0.4850638806819916,-2.1595876216888428,-2.74812388420105,-2.9144859313964844,-3.645932674407959
-6.1720099449157715,-5.899477481842041,-5.665500640869141,-5.381285190582275,-5.140605926513672,-4.984136581420898,-4.814077854156494,-4.368371486663818,-3.569472551345825,-2.632650136947632,-1.8781349658966064,-1.4840749502182007,-1.4007236957550049,-1.5053739547729492,-1.6410173177719116,-1.7091649770736694,-1.6386593580245972,-1.7126086950302124,-1.7132834196090698,-1.7683628797531128,-1.454246163368225,-0.7724374532699585,-0.41324061155319214,-0.6274765133857727,-1.2123397588729858,-1.372818946838379,-1.341996669769287,-1.334671139717102,-1.5340927839279175,-1.6849744319915771,-1.5611523389816284,-1.4392260313034058,-1.3509533405303955,-1.185594081878662,-0.5428975820541382,0.11438685655593872,0.18369972705841064,0.03899160772562027,-0.5191465616226196,-1.4948021173477173,-3.024211883544922,-4.106045722961426,-4.674811363220215
-6.681824207305908,-6.409945487976074,-6.086374759674072,-5.806405067443848,-5.611661434173584,-5.454195499420166,-5.310619831085205,-4.892719745635986,-4.094842910766602,-3.2296664714813232,-2.5583271980285645,-2.168074607849121,-2.0232620239257812,-1.981116533279419,-1.996215581893921,-2.058715343475342,-2.164095401763916,-2.056197166442871,-1.8674527406692505,-1.718782901763916,-1.4598718881607056,-1.2401535511016846,-0.988642156124115,-1.0578385591506958,-1.5082744359970093,-1.765716552734375,-1.6631404161453247,-1.45309317111969,-1.5794025659561157,-1.7980209589004517,-1.59041166305542,-1.4114233255386353,-1.334080457687378,-0.6532533764839172,0.563610315322876,1.7627949714660645,1.3431062698364258,0.19609908759593964,-0.06571727991104126,-0.47394895553588867,-3.6362416744232178,-5.010946750640869,-5.408143997192383
-6.97840690612793,-6.7920989990234375,-6.534390926361084,-6.276505947113037,-6.0977301597595215,-5.8646368980407715,-5.616053104400635,-5.215000629425049,-4.505782127380371,-3.6863644123077393,-3.0019497871398926,-2.604691743850708,-2.5274033546447754,-2.5821781158447266,-2.610269784927368,-2.66247296333313,-2.5910143852233887,-2.31935715675354,-2.027742385864258,-1.908460021018982,-1.971779465675354,-1.851205825805664,-1.4625731706619263,-1.281116008758545,-1.592750906944275,-1.6508535146713257,-1.3149477243423462,-1.2397533655166626,-1.2073400020599365,-1.0892475843429565,-1.24570894241333,-1.2002592086791992,-1.2115548849105835,-0.8170029520988464,0.8713276982307434,2.715695858001709,1.7343355417251587,0.15150249004364014,-0.5774570107460022,-1.936336636543274,-3.7595198154449463,-3.4228732585906982,-5.436235427856445
-7.509942531585693,-7.382394790649414,-7.15540075302124,-6.871881484985352,-6.6307172775268555,-6.38346004486084,-6.106146335601807,-5.7307562828063965,-5.121128082275391,-4.409984588623047,-3.760962724685669,-3.329862594604492,-3.2122910022735596,-3.2464511394500732,-3.301999568939209,-3.351595401763916,-3.2118659019470215,-2.7915525436401367,-2.4082608222961426,-2.243030548095703,-2.2144775390625,-2.3352293968200684,-2.240997076034546,-1.9688785076141357,-2.1371288299560547,-1.2879291772842407,-0.17415562272071838,-0.4965555667877197,-0.5961231589317322,-0.19330434501171112,-1.0550023317337036,-0.9665502309799194,-0.40077051520347595,-1.2158727645874023,-0.8616456985473633,0.7759602069854736,0.13826356828212738,-0.11592435836791992,-1.12936270236969,-2.988814115524292,-3.309525489807129,-3.285208225250244,-6.0506181716918945
-7.829892158508301,-7.780251502990723,-7.589595317840576,-7.445797443389893,-7.175776481628418,-6.91290283203125,-6.724705219268799,-6.4118828773498535,-5.841036319732666,-5.1068806648254395,-4.443643569946289,-4.022982597351074,-3.7959706783294678,-3.623218059539795,-3.5381991863250732,-3.60490345954895,-3.6529111862182617,-3.519272565841675,-3.1811397075653076,-2.802567958831787,-2.6312286853790283,-2.66921067237854,-2.9875171184539795,-3.1547374725341797,-2.829664945602417,-1.2670490741729736,-0.13995681703090668,-0.8986586928367615,-1.1006593704223633,-0.7312886118888855,-1.4047834873199463,-0.8814960718154907,0.07475989311933517,-1.3483996391296387,-2.0928921699523926,-1.392013430595398,-1.2831473350524902,-0.6736263632774353,-3.6356403827667236,-4.301896572113037,-3.7052547931671143,-6.549919605255127,-8.048479080200195
-8.192774772644043,-8.134073257446289,-7.918418884277344,-7.895370006561279,-7.629366874694824,-7.304677486419678,-7.351405620574951,-7.206472873687744,-6.633655071258545,-5.856838226318359,-5.090091228485107,-4.494279384613037,-4.066089630126953,-3.7706298828125,-3.7450788021087646,-4.010792255401611,-4.225253582000732,-4.133472442626953,-3.80399227142334,-3.4966137409210205,-3.2844061851501465,-3.1294171810150146,-3.3049368858337402,-4.055567741394043,-4.33656644821167,-3.546314001083374,-2.823051929473877,-1.8938519954681396,-0.749875545501709,-0.4652256369590759,-0.5028756856918335,-1.4537352323532104,-2.5784943103790283,-2.478637456893921,-2.124314308166504,-3.8980891704559326,-3.8733177185058594,-1.5820389986038208,-2.3775556087493896,-4.493473052978516,-4.675323963165283,-5.575654029846191,-6.604491233825684
-8.046612739562988,-7.738419532775879,-7.777464866638184,-7.862448215484619,-7.892443656921387,-7.9924798011779785,-7.8958306312561035,-7.58363151550293,-7.226814270019531,-6.4935479164123535,-5.611100673675537,-4.918960094451904,-4.4806013107299805,-4.295621871948242,-4.291812896728516,-4.378903865814209,-4.455683708190918,-4.39081335067749,-4.168946743011475,-3.94941782951355,-3.6253178119659424,-3.4280943870544434,-3.9084091186523438,-4.802026271820068,-5.284897327423096,-5.043210029602051,-3.894425630569458,-2.319061040878296,-1.2158761024475098,-0.7007160782814026,-0.7935624718666077,-1.3516535758972168,-2.2726616859436035,-2.5547173023223877,-4.068100452423096,-8.361627578735352,-6.059070110321045,-2.4867160320281982,-5.6263909339904785,-6.580018520355225,-5.329666614532471,-4.715792179107666,-4.7163238525390625
-7.892421245574951,-8.25058650970459,-8.608396530151367,-8.455158233642578,-8.390551567077637,-8.236297607421875,-8.070708274841309,-8.196290969848633,-7.898916244506836,-7.036090850830078,-6.124643325805664,-5.458558559417725,-5.094666004180908,-4.897343158721924,-4.733145713806152,-4.55522346496582,-4.43777322769165,-4.324803352355957,-4.179109573364258,-4.106378078460693,-4.052943706512451,-4.028278827667236,-4.307087421417236,-5.115384101867676,-5.565282344818115,-5.092344284057617,-4.0687055587768555,-2.836613416671753,-1.6374411582946777,-0.5085498690605164,-0.33664971590042114,-1.611303448677063,-2.8053295612335205,-5.226240158081055,-7.0927205085754395,-5.990055084228516,-5.6197991371154785,-6.922521591186523,-7.339840888977051,-6.903909683227539,-6.712620258331299,-5.406034469604492,-4.410557746887207
-8.865824699401855,-8.84765911102295,-8.56899356842041,-8.517343521118164,-8.573382377624512,-8.509145736694336,-8.50235366821289,-8.606900215148926,-8.414613723754883,-7.8038129806518555,-6.923504829406738,-6.12243127822876,-5.645434856414795,-5.376070499420166,-5.012034893035889,-4.571274280548096,-4.381648063659668,-4.310697555541992,-4.297454357147217,-4.308244705200195,-4.327316761016846,-4.598522186279297,-4.84645938873291,-5.026763439178467,-5.1719279289245605,-5.008594989776611,-4.452353000640869,-3.5069077014923096,-2.115468978881836,-0.4743976891040802,-1.1251193284988403,-5.592703819274902,-7.849635124206543,-7.126186370849609,-5.840228080749512,-4.266084671020508,-5.1935296058654785,-7.892584323883057,-8.180004119873047,-6.608316421508789,-6.454894542694092,-6.312036514282227,-5.080990791320801
-8.724467277526855,-9.07670783996582,-9.120016098022461,-9.078234672546387,-8.848600387573242,-8.677127838134766,-8.768611907958984,-8.959396362304688,-9.027907371520996,-8.690991401672363,-7.832186222076416,-6.840467929840088,-6.14872932434082,-5.72718620300293,-5.372566223144531,-5.048009872436523,-4.7751851081848145,-4.5327019691467285,-4.42738151550293,-4.367693901062012,-4.292762279510498,-4.358175754547119,-4.502551555633545,-4.599887847900391,-4.632323741912842,-4.741057395935059,-4.671860218048096,-4.272249698638916,-3.3242454528808594,-1.4639626741409302,-1.3385385274887085,-6.881759166717529,-10.41139030456543,-8.887272834777832,-7.0503058433532715,-6.63200044631958,-7.222194671630859,-6.708250999450684,-7.10288143157959,-6.553983688354492,-5.725308418273926,-6.465436935424805,-6.696231842041016
-9.285392761230469,-9.319014549255371,-9.258759498596191,-9.3052978515625,-9.134121894836426,-9.033949851989746,-9.124395370483398,-9.34741497039795,-9.57690143585205,-9.385699272155762,-8.543181419372559,-7.446299076080322,-6.603958606719971,-6.10595703125,-5.775208473205566,-5.525280475616455,-5.281113147735596,-4.939448356628418,-4.6218485832214355,-4.404627799987793,-4.243808746337891,-4.164878845214844,-4.185299873352051,-4.2634172439575195,-4.531099319458008,-4.908417701721191,-5.053949356079102,-4.887129306793213,-4.2457380294799805,-2.7947487831115723,-2.2580950260162354,-6.349687099456787,-9.32114028930664,-8.872483253479004,-7.7848615646362305,-7.109736442565918,-7.819798946380615,-7.890702724456787,-6.995019435882568,-5.799506664276123,-6.37258243560791,-7.706410884857178,-7.621716499328613
-9.29870319366455,-9.148950576782227,-9.233810424804688,-9.458605766296387,-9.494912147521973,-9.427593231201172,-9.453112602233887,-9.599533081054688,-9.793840408325195,-9.674768447875977,-8.952007293701172,-7.873223781585693,-6.941458702087402,-6.360764026641846,-6.1021623611450195,-6.014153957366943,-5.819580078125,-5.472977161407471,-5.071732521057129,-4.7157697677612305,-4.449091911315918,-4.287032127380371,-4.3436689376831055,-4.599024772644043,-4.868734836578369,-5.207845687866211,-5.554323673248291,-5.37257719039917,-4.470166206359863,-3.3076658248901367,-4.150457382202148,-6.930436611175537,-8.847874641418457,-8.653447151184082,-7.456199645996094,-7.106474876403809,-7.190432071685791,-7.598337173461914,-8.300959587097168,-8.454118728637695,-8.25249195098877,-8.061006546020508,-7.754002571105957
-9.403863906860352,-9.230507850646973,-9.22739315032959,-9.347586631774902,-9.587272644042969,-9.684932708740234,-9.637723922729492,-9.692522048950195,-9.796117782592773,-9.685528755187988,-9.113255500793457,-8.197051048278809,-7.272332668304443,-6.630938529968262,-6.3445940017700195,-6.279487133026123,-6.15070915222168,-5.939587116241455,-5.752706050872803,-5.555739879608154,-5.306903839111328,-5.06763219833374,-5.030121803283691,-5.074862480163574,-5.044935703277588,-5.359925270080566,-5.909947872161865,-5.863909721374512,-5.080693244934082,-4.443661212921143,-5.758535385131836,-7.827325344085693,-8.28772258758545,-7.814971923828125,-7.280267238616943,-7.269545555114746,-7.3346638679504395,-7.329909801483154,-7.614205837249756,-7.823928356170654,-8.06035041809082,-7.989315509796143,-7.639378070831299
