data/wind_data/wind_2025-02-19_03.json
{"header": {"parameterUnit": "KT", "parameterCategory": 2, "nx": 255, "ny": 198, "lo1": 44.73521041870117, "la1": -3.236724853515625, "lo2": 111.26478576660156, "la2": 43.468475341796875, "dx": 0.26192745566368103, "dy": -0.23708222806453705, "refTime": "2025-02-19 03:00:00", "forecastTime": 0, "parameterNumber": 2, "parameterNumberName": "eastward_wind"}, "data":
[rows 133 to 151 of 198, columns 0 to 42 of 255]
-3.1481711864471436,-2.3753840923309326,-1.8786357641220093,-0.7725640535354614,0.6672180891036987,1.8149548768997192,2.9663984775543213,3.8612542152404785,4.280489921569824,4.866917133331299,5.6540045738220215,5.830557823181152,5.9341254234313965,6.1920390129089355,5.846712589263916,5.902584075927734,7.4140119552612305,7.145504474639893,5.699937343597412,3.3504602909088135,-0.6607987284660339,-5.456884384155273,-7.761873245239258,-7.820889949798584,-7.595268249511719,-9.414729118347168,-12.945184707641602,-11.977503776550293,-4.756424903869629,-0.471322625875473,-2.727360486984253,-4.171585559844971,-3.708138942718506,-5.5764851570129395,-4.630123138427734,0.3971240818500519,4.335970878601074,3.359191417694092,-2.4877002239227295,-5.258800983428955,-5.816326141357422,-5.5551252365112305,-3.6228244304656982
-2.3512461185455322,-1.5794353485107422,-0.8637751340866089,1.0956335067749023,3.0428571701049805,3.7491345405578613,4.140402793884277,4.339278697967529,4.577174663543701,5.14564847946167,5.909064292907715,5.944023609161377,6.05980110168457,5.843114376068115,5.971006393432617,6.102553367614746,5.956705570220947,5.598995685577393,3.8171849250793457,0.13613644242286682,-4.347065448760986,-7.083224296569824,-9.060954093933105,-8.065303802490234,-6.342095851898193,-8.444314002990723,-11.48469352722168,-8.526971817016602,-3.152271032333374,-3.148914337158203,-5.112234115600586,-3.0020041465759277,-2.2177562713623047,-3.762063980102539,-0.7938870787620544,4.16143274307251,4.947925567626953,-0.4750872850418091,-4.2313008308410645,-4.609216690063477,-2.4892807006835938,0.9977195858955383,2.7426671981811523
-1.7469911575317383,-0.8702260255813599,0.3752984404563904,1.7531920671463013,2.9160373210906982,3.8433756828308105,4.110957622528076,4.321378231048584,4.814342021942139,5.37335205078125,5.750711441040039,5.763960361480713,5.535549163818359,5.617864608764648,5.64277982711792,4.914004802703857,5.739394187927246,4.8318257331848145,2.66461443901062,-3.5665788650512695,-6.093497276306152,-7.595836639404297,-10.37426471710205,-10.159708023071289,-6.971114158630371,-6.99428129196167,-8.170018196105957,-5.386927127838135,-2.8283588886260986,-4.3402557373046875,-5.180818557739258,-2.142272472381592,-0.31635135412216187,0.4460698962211609,4.402019500732422,6.448009014129639,2.0480082035064697,-4.077332019805908,-4.334640026092529,-2.3277382850646973,0.917127788066864,4.95446252822876,5.314165115356445
-1.3562402725219727,-0.2593940198421478,0.4047801196575165,1.4534341096878052,2.376107931137085,2.739391565322876,3.450068712234497,4.344424247741699,5.105776309967041,5.173791408538818,5.365891456604004,5.23600959777832,5.26383638381958,5.491170406341553,5.639964580535889,5.811311721801758,5.4930419921875,4.502989768981934,-0.4482692778110504,-6.215615272521973,-8.323188781738281,-7.397393226623535,-10.317962646484375,-12.702919006347656,-8.522163391113281,-6.108984470367432,-5.944462776184082,-4.213249683380127,-3.4795401096343994,-4.951919078826904,-4.4327850341796875,-0.08353777229785919,3.6639862060546875,5.424788475036621,6.4624104499816895,4.12278413772583,-2.2684431076049805,-5.3528733253479,-2.6407816410064697,1.9096992015838623,4.757078647613525,5.260410308837891,3.461066246032715
-1.045243501663208,-0.32280224561691284,-0.33171969652175903,-0.05487820506095886,0.6875819563865662,1.8426810503005981,3.279066562652588,4.592921733856201,4.969730854034424,3.305821180343628,4.819327354431152,5.071371078491211,5.092037200927734,5.260011672973633,5.087238788604736,5.202957630157471,4.730900287628174,2.756608724594116,-3.5163469314575195,-9.06031608581543,-9.982611656188965,-8.242344856262207,-9.356700897216797,-11.133914947509766,-8.107837677001953,-5.233027458190918,-5.147433280944824,-4.504150390625,-2.5293688774108887,-1.7152466773986816,0.3274434208869934,4.300747871398926,6.486728191375732,6.634933948516846,4.03074836730957,-1.8154460191726685,-4.745211601257324,-2.3797874450683594,1.6759185791015625,4.907087802886963,5.651949882507324,3.304086685180664,2.1630542278289795
-1.1101529598236084,-0.5460016131401062,-0.48813989758491516,0.2707907557487488,1.4443615674972534,2.5846335887908936,3.7560198307037354,4.796494007110596,5.394522666931152,5.241910457611084,5.252029895782471,5.003174304962158,4.914296627044678,5.040021896362305,5.186901092529297,4.492551326751709,2.91291880607605,-0.41114315390586853,-5.964766025543213,-11.620306015014648,-12.288107872009277,-8.36127758026123,-6.557190895080566,-7.445845127105713,-6.289569854736328,-4.823200702667236,-5.006593704223633,-3.803640604019165,-1.1581223011016846,1.9841572046279907,4.179920196533203,6.514491558074951,7.491623878479004,4.789053440093994,-2.0146639347076416,-4.6570658683776855,-2.349341630935669,1.8996243476867676,4.956230163574219,5.867613792419434,5.809482574462891,4.197202682495117,0.7029266953468323
-1.4044783115386963,-0.8594504594802856,-0.2526772916316986,0.9959585666656494,2.259530782699585,3.2460548877716064,4.214951992034912,4.966627597808838,5.301455974578857,5.002208709716797,4.975057125091553,4.694117069244385,4.776126384735107,5.033715724945068,4.503605365753174,2.4418277740478516,-0.3991459310054779,-4.4637041091918945,-9.531901359558105,-14.152437210083008,-14.565406799316406,-8.754087448120117,-5.434106349945068,-6.898684024810791,-6.417367935180664,-5.384472370147705,-4.074323654174805,-1.1653536558151245,2.1265735626220703,3.69368839263916,5.009796142578125,6.6450395584106445,5.379937648773193,-0.7205400466918945,-3.8891589641571045,-1.6310904026031494,1.9570313692092896,4.980356693267822,5.877187728881836,6.520908832550049,6.940309047698975,2.371857166290283,-2.3919496536254883
-1.348137378692627,-0.566622793674469,0.4026413559913635,1.5472614765167236,2.6157114505767822,3.5736007690429688,4.446232318878174,5.005137920379639,5.214113235473633,5.116455554962158,4.948746204376221,4.622269153594971,3.382502317428589,3.418707847595215,1.6018154621124268,-0.6421732306480408,-4.282807350158691,-7.956338405609131,-11.658172607421875,-14.834880828857422,-15.52978515625,-10.803781509399414,-7.68044900894165,-9.394699096679688,-7.776994228363037,-3.65818190574646,-1.5012192726135254,1.7842986583709717,3.923307180404663,5.07477331161499,5.781524181365967,4.341003894805908,-0.6187987327575684,-3.506512403488159,-1.2961572408676147,2.0041041374206543,4.68709659576416,5.964052200317383,5.14578104019165,6.516519069671631,5.574655055999756,-1.7335312366485596,-3.176729202270508
-1.0931978225708008,0.005076682195067406,1.1328448057174683,2.0357236862182617,2.861039876937866,3.8608181476593018,4.614130020141602,4.927593231201172,4.875248432159424,4.558170795440674,3.9491546154022217,2.42397403717041,1.2739797830581665,0.4166397452354431,-0.6709332466125488,-2.558410167694092,-5.750309467315674,-9.354130744934082,-11.533699989318848,-14.794259071350098,-15.044733047485352,-9.229129791259766,-5.157598972320557,-4.506288051605225,-3.876450300216675,-0.3759709596633911,1.4415647983551025,3.267007827758789,4.3642401695251465,6.041836261749268,5.529494762420654,1.011958360671997,-3.235161066055298,-1.7562179565429688,3.085129737854004,5.745677947998047,5.3905839920043945,2.4138638973236084,2.756748914718628,6.050608158111572,1.4444273710250854,-4.751211643218994,-1.6047391891479492
-0.8539063930511475,0.4127463698387146,1.6140111684799194,2.6416099071502686,3.4509785175323486,4.235356330871582,4.70137357711792,4.705440998077393,4.314757347106934,3.291614532470703,0.8191189169883728,-1.702428936958313,-1.85443115234375,-1.002745270729065,-1.1106765270233154,-2.3951492309570312,-6.1594672203063965,-9.245596885681152,-11.214540481567383,-14.002225875854492,-12.58444881439209,-7.920464515686035,-0.372171550989151,1.4054152965545654,1.747144103050232,2.923593521118164,3.468040704727173,3.7862510681152344,4.584001064300537,6.038581371307373,4.891761779785156,0.5850263237953186,-1.8168749809265137,1.2582898139953613,5.713314533233643,5.953852653503418,1.6744304895401,-0.934015154838562,3.6013424396514893,5.775290489196777,-0.1107039675116539,-2.635063409805298,2.008434772491455
-0.6427102088928223,0.6818427443504333,1.8542262315750122,2.78666090965271,3.7733547687530518,4.328839302062988,4.591310501098633,4.032803058624268,1.6964839696884155,-1.814102292060852,-3.0936410427093506,-3.087134599685669,-2.1761908531188965,-1.9404042959213257,-2.646251916885376,-5.275824069976807,-8.338489532470703,-10.144652366638184,-10.62427043914795,-11.6215181350708,-9.221061706542969,-2.4293954372406006,5.161953926086426,5.441319942474365,5.899025917053223,6.52094841003418,5.18254280090332,5.078490734100342,5.481598854064941,4.926095485687256,1.856288194656372,0.6412692070007324,2.056368350982666,4.011699676513672,5.883556842803955,4.4514970779418945,-1.9443037509918213,-1.672383427619934,5.286239147186279,6.709160804748535,0.7115167379379272,0.1835494041442871,4.703904628753662
-0.6056874394416809,0.7605606317520142,1.9345160722732544,3.1235620975494385,3.8236300945281982,3.9834659099578857,2.878636121749878,-0.7969191670417786,-4.680870056152344,-5.618285655975342,-3.4498088359832764,-1.1994123458862305,-1.906968593597412,-3.3608686923980713,-5.395709037780762,-8.016825675964355,-10.194972038269043,-11.387398719787598,-11.29050350189209,-9.887699127197266,-7.3820037841796875,2.6444966793060303,6.499103546142578,6.909658908843994,8.681112289428711,8.620210647583008,5.412456512451172,4.361509799957275,2.2468466758728027,-0.9367581009864807,-1.6722242832183838,2.0153722763061523,6.982067584991455,7.778698921203613,6.580653190612793,3.306631088256836,-1.1429976224899292,0.36660999059677124,5.596742153167725,5.6719069480896,1.3688982725143433,2.685746669769287,6.418952941894531
-0.9302564859390259,0.4708324670791626,1.7072844505310059,2.664290428161621,2.922334909439087,0.824066162109375,-3.8673272132873535,-6.17963171005249,-7.3765549659729,-6.630814552307129,-2.872871160507202,0.01252086739987135,-3.2807602882385254,-5.630249500274658,-5.164174556732178,-7.207955837249756,-9.600897789001465,-9.993281364440918,-10.015663146972656,-8.553268432617188,-4.203527927398682,5.351484298706055,7.129029273986816,7.110666275024414,9.022369384765625,8.29057788848877,5.913243293762207,1.9136743545532227,-1.1538045406341553,-0.0545039176940918,2.3552401065826416,5.282809734344482,8.012450218200684,7.760077953338623,4.417880058288574,2.2298781871795654,3.094843864440918,3.1782257556915283,4.093421459197998,2.4507341384887695,0.5241771340370178,4.186174392700195,6.9646735191345215
-1.1722378730773926,0.2930936813354492,1.4619380235671997,1.497501254081726,-1.2256935834884644,-5.644262790679932,-8.015989303588867,-8.431158065795898,-7.226879596710205,-4.657835006713867,-0.7631382346153259,-0.49484238028526306,-6.040111541748047,-7.2421441078186035,-3.113149404525757,-2.8849241733551025,-7.524139881134033,-9.976097106933594,-10.20888900756836,-6.997787952423096,-2.919719934463501,3.092003107070923,6.2003092765808105,7.841710090637207,7.081124305725098,4.832707405090332,1.9740662574768066,-0.5681425929069519,0.1867842972278595,3.7121951580047607,5.816719055175781,7.0527191162109375,7.743666172027588,6.548513412475586,1.5530346632003784,2.328812837600708,5.552314281463623,3.825288772583008,0.5499513745307922,1.1273075342178345,3.633617639541626,5.508934020996094,6.381443500518799
-1.1215072870254517,0.44896629452705383,1.3413716554641724,-1.0844604969024658,-6.565343856811523,-9.19764518737793,-9.98479175567627,-8.345288276672363,-4.629853248596191,-0.9605581760406494,-0.09191475063562393,-2.991673231124878,-8.425769805908203,-9.029847145080566,-4.192610740661621,-2.577862024307251,-7.26869535446167,-7.967233180999756,-2.715696096420288,-0.7039170861244202,-0.6051172614097595,2.148508071899414,4.206861972808838,5.79466438293457,4.418259620666504,2.0829830169677734,1.524888277053833,3.6579113006591797,5.281878471374512,5.231463432312012,5.7311692237854,6.635660171508789,6.39828634262085,2.9515016078948975,0.7757630348205566,3.473984479904175,5.1829304695129395,1.5858452320098877,-0.4152870774269104,4.295251846313477,6.659143447875977,4.812829971313477,2.4786832332611084
-1.1146703958511353,0.4189879298210144,0.5204113721847534,-4.6077728271484375,-9.527894020080566,-11.523553848266602,-10.254584312438965,-6.568714141845703,-1.4292619228363037,-0.989571213722229,-3.5250661373138428,-4.505676746368408,-5.505702972412109,-6.584292888641357,-5.874222278594971,-4.511204719543457,-5.461328029632568,-4.249530792236328,-1.5795831680297852,0.2629778981208801,2.62154483795166,3.709658622741699,1.4313708543777466,1.2258670330047607,1.6526886224746704,2.5170977115631104,5.77889347076416,6.608530044555664,7.388333320617676,5.786748886108398,5.18392276763916,4.440549373626709,2.096419334411621,0.6804323196411133,3.6539838314056396,5.236660003662109,3.637051582336426,1.172838807106018,3.3779120445251465,8.469533920288086,8.321873664855957,3.908630132675171,-0.5906432271003723
-1.3508540391921997,-0.1393195390701294,-1.4388535022735596,-6.610180377960205,-11.998031616210938,-12.054312705993652,-9.153023719787598,-4.43873929977417,-0.18093423545360565,-3.0342257022857666,-5.482054233551025,-4.190407752990723,-4.700066566467285,-5.690005302429199,-4.628581523895264,-3.8346478939056396,-4.897132873535156,-4.800685882568359,-3.1936240196228027,0.7838318943977356,4.253532409667969,4.6619462966918945,2.9813849925994873,1.2494341135025024,2.3845906257629395,6.387205600738525,8.193222045898438,7.954079627990723,5.952709197998047,3.273754835128784,1.295110821723938,1.0980809926986694,2.010631799697876,3.8749632835388184,5.825007915496826,4.156965255737305,-0.4529024660587311,-0.23235942423343658,4.753387451171875,7.654400825500488,7.56594181060791,4.332605838775635,0.952856183052063
-1.7094552516937256,-1.3133957386016846,-3.8312206268310547,-9.12053394317627,-13.689602851867676,-11.92052173614502,-7.518367767333984,-3.2825138568878174,-2.2369418144226074,-3.901738166809082,-5.034873008728027,-5.170697212219238,-5.19091796875,-5.084608554840088,-1.4978302717208862,-0.8963384032249451,-3.9144983291625977,-3.9553401470184326,1.3393349647521973,4.486841201782227,5.538444519042969,5.156549453735352,4.437793731689453,3.1441311836242676,5.867575168609619,9.20726490020752,8.54958724975586,6.0492682456970215,2.711195945739746,2.0469698905944824,3.4783151149749756,5.052339553833008,6.372649669647217,6.984562873840332,5.484226703643799,1.028905987739563,-2.2414069175720215,0.6962541341781616,5.125767230987549,7.1893696784973145,7.270717144012451,4.215563774108887,1.9070802927017212
-3.0252132415771484,-3.002042293548584,-5.393909454345703,-9.94902515411377,-13.410460472106934,-10.083281517028809,-5.641053199768066,-3.0764963626861572,-3.5576436519622803,-4.05507755279541,-4.814993381500244,-5.091001033782959,-3.9103755950927734,-1.7316988706588745,0.41037219762802124,-0.4998721182346344,-2.0217456817626953,0.7450904846191406,4.983036994934082,3.944180727005005,2.828507661819458,5.242242336273193,4.673827171325684,3.988347291946411,9.49194049835205,11.96459674835205,5.518795490264893,1.0400104522705078,2.1932942867279053,5.1167521476745605,6.110964298248291,6.99012565612793,7.354952812194824,6.422659873962402,4.542782783508301,1.770672082901001,0.40685755014419556,2.287571907043457,4.866368770599365,6.405549049377441,7.013095855712891,4.267202377319336,1.3024221658706665
