data/wind_data/wind_60_7.json
{"header": {"parameterUnit": "KT", "parameterCategory": 2, "nx": 256, "ny": 198, "lo1": 44.73521041870117, "la1": -3.236724853515625, "lo2": 111.26478576660156, "la2": 43.468475341796875, "dx": 0.2609002888202667, "dy": -0.23708222806453705, "refTime": "2025-02-21 12:00:00", "forecastTime": 0, "parameterNumber": 2, "parameterNumberName": "eastward_wind"}, "data":
[rows 160 to 179 of 198, columns 44 to 87 of 256]
69.24635314941406,68.2468490600586,66.79126739501953,65.79711151123047,65.78382873535156,66.3866195678711,66.75071716308594,66.45538330078125,65.73909759521484,64.76654052734375,63.66240692138672,62.841793060302734,62.935699462890625,64.26068115234375,65.86781311035156,66.04135131835938,64.4994888305664,62.45299530029297,60.78341293334961,59.844669342041016,59.8799934387207,60.329200744628906,59.833335876464844,58.25455093383789,56.96160888671875,56.674339294433594,56.878604888916016,57.095069885253906,57.66000747680664,58.80215835571289,59.90739059448242,60.67246627807617,60.89253234863281,60.46010971069336,59.7744255065918,59.39311599731445,59.659969329833984,60.361900329589844,60.715885162353516,60.1280517578125,59.01039123535156,58.14821243286133,57.69866943359375,57.43962860107422
66.95545196533203,66.02238464355469,64.67155456542969,64.26516723632812,65.02262115478516,65.85636138916016,65.81149291992188,65.27861785888672,64.77693176269531,64.27973175048828,63.6251220703125,63.00205612182617,63.33530044555664,64.7722396850586,65.85450744628906,65.70073699951172,64.43571472167969,62.322628021240234,60.189334869384766,59.17231369018555,59.56808853149414,60.25947189331055,59.653167724609375,57.827301025390625,56.37272644042969,55.99800109863281,56.0274772644043,55.99728012084961,56.34942626953125,57.40699005126953,58.751224517822266,59.76051712036133,60.214908599853516,60.23988342285156,59.78041076660156,59.02980422973633,58.6866340637207,58.791473388671875,58.890419006347656,58.6467170715332,58.23029708862305,57.89037322998047,57.607601165771484,57.204708099365234
65.15389251708984,63.92168426513672,62.43087387084961,62.55636215209961,63.928565979003906,64.50809478759766,64.1555404663086,64.0546875,64.2583999633789,63.99297332763672,62.919288635253906,62.340030670166016,63.56485366821289,65.11039733886719,65.44942474365234,65.13785552978516,63.995479583740234,61.833412170410156,59.98573684692383,59.39931106567383,59.69161605834961,59.83738327026367,58.89010238647461,57.06796646118164,55.649452209472656,55.2424201965332,55.20163345336914,55.09520721435547,55.33680725097656,56.25199890136719,57.58988571166992,58.71305847167969,59.51089859008789,59.60543441772461,58.93794631958008,58.1373291015625,57.77336120605469,57.716426849365234,57.72988510131836,57.68172073364258,57.61065673828125,57.487876892089844,57.18316650390625,56.609893798828125
63.424076080322266,61.826019287109375,60.53962326049805,61.02627182006836,62.12794876098633,62.55473709106445,62.75927734375,63.338706970214844,63.49375534057617,62.09595489501953,60.53064727783203,61.365760803222656,63.696510314941406,64.75450897216797,64.66116333007812,64.02381896972656,62.5708122253418,61.178531646728516,60.5278205871582,60.05586242675781,59.41288375854492,58.67551040649414,57.6123046875,56.14727020263672,54.943660736083984,54.51601791381836,54.44587326049805,54.28812789916992,54.42259216308594,55.231563568115234,56.43387985229492,57.54235076904297,58.39617919921875,58.419708251953125,57.70452117919922,57.081153869628906,57.01814270019531,57.07959747314453,56.96421813964844,56.76518630981445,56.721195220947266,56.68283462524414,56.42462921142578,55.904876708984375
61.86052322387695,60.119319915771484,59.267784118652344,59.63209533691406,60.428077697753906,61.1346435546875,62.025962829589844,62.51045608520508,60.854347229003906,58.42238235473633,58.575870513916016,61.2001953125,63.170753479003906,63.506778717041016,63.118927001953125,62.349300384521484,61.5323371887207,61.01764678955078,60.57857131958008,59.74163818359375,58.53542709350586,57.40289306640625,56.38991165161133,55.268131256103516,54.28479766845703,53.82368469238281,53.65803146362305,53.4814567565918,53.5822639465332,54.27314376831055,55.298587799072266,56.21844482421875,56.949886322021484,57.16965103149414,56.745506286621094,56.25566482543945,56.19532012939453,56.29771423339844,56.20606994628906,55.9851188659668,55.79799270629883,55.600013732910156,55.355228424072266,54.94761657714844
60.881500244140625,59.29817581176758,58.46692657470703,58.54165267944336,59.21562576293945,60.5266227722168,61.518428802490234,59.89152526855469,56.86055374145508,56.28310775756836,58.34177017211914,60.669883728027344,61.77036666870117,61.69281768798828,61.4410285949707,61.48323059082031,61.216495513916016,60.38317108154297,59.490577697753906,58.65562057495117,57.63988494873047,56.5462760925293,55.5313720703125,54.5273323059082,53.64308547973633,53.109947204589844,52.87755584716797,52.77033233642578,52.879146575927734,53.40818786621094,54.17987060546875,54.92046356201172,55.60441589355469,56.0351676940918,55.95896530151367,55.57929611206055,55.3254280090332,55.29593276977539,55.28108596801758,55.13473129272461,54.827823638916016,54.45833206176758,54.181880950927734,53.923954010009766
60.28894805908203,58.78548812866211,57.678592681884766,57.738277435302734,59.06024169921875,60.481868743896484,59.40537643432617,56.30620574951172,54.861778259277344,55.819427490234375,57.79904556274414,59.555572509765625,59.95087432861328,59.80554962158203,60.446144104003906,61.06905746459961,60.51701354980469,59.21195602416992,58.16307067871094,57.55734634399414,56.94195556640625,56.05394744873047,55.006126403808594,53.947513580322266,53.02679443359375,52.43600082397461,52.219635009765625,52.16169357299805,52.206024169921875,52.53043746948242,53.122135162353516,53.81842803955078,54.49638748168945,54.98016357421875,55.03137969970703,54.71588897705078,54.390281677246094,54.28232192993164,54.32809829711914,54.23752212524414,53.83311462402344,53.3768196105957,53.20939254760742,53.32795715332031
59.39613342285156,58.131446838378906,57.14044189453125,57.29029083251953,58.84368133544922,59.1812858581543,56.68031311035156,54.47658157348633,54.41763687133789,55.24055480957031,56.66700744628906,57.84593200683594,58.093318939208984,58.57399368286133,59.56845474243164,59.96990966796875,59.288265228271484,58.128780364990234,57.2293815612793,56.773494720458984,56.38477325439453,55.65675735473633,54.59960174560547,53.45534133911133,52.476226806640625,51.87230682373047,51.63312530517578,51.4918098449707,51.40229797363281,51.6162223815918,52.19076919555664,52.89507293701172,53.49955749511719,53.876373291015625,53.902740478515625,53.649559020996094,53.395484924316406,53.39054870605469,53.52080154418945,53.35448455810547,52.86077880859375,52.49887466430664,52.56170654296875,52.95913314819336
58.27493667602539,57.307273864746094,56.50495147705078,56.6347541809082,57.680015563964844,56.99949264526367,55.015933990478516,54.14463424682617,53.833396911621094,53.96104049682617,55.29767608642578,56.613033294677734,57.156517028808594,57.52809143066406,57.98931121826172,58.201175689697266,57.907440185546875,57.28717041015625,56.68882369995117,56.24998092651367,55.77545166015625,55.0415153503418,54.08731460571289,53.04026412963867,52.06320571899414,51.38477325439453,51.02165603637695,50.76336669921875,50.60538101196289,50.77456283569336,51.306514739990234,51.94894027709961,52.456207275390625,52.713478088378906,52.68500518798828,52.5011100769043,52.4168701171875,52.617923736572266,52.77998733520508,52.52750778198242,52.12190628051758,51.92457580566406,52.024627685546875,52.448272705078125
57.17155075073242,56.17733383178711,55.53105163574219,55.76659393310547,55.931026458740234,54.99017333984375,54.4959831237793,53.78961944580078,52.439273834228516,52.790958404541016,54.925228118896484,56.50162124633789,56.646602630615234,56.23564910888672,56.113704681396484,56.330841064453125,56.51557540893555,56.48096466064453,56.18537902832031,55.644290924072266,54.920650482177734,54.14288330078125,53.39775466918945,52.615596771240234,51.762203216552734,50.98759078979492,50.45110321044922,50.13045883178711,49.988136291503906,50.08905792236328,50.44007873535156,50.894287109375,51.25709915161133,51.408287048339844,51.402503967285156,51.384803771972656,51.537837982177734,51.87940216064453,52.02861022949219,51.81298065185547,51.557838439941406,51.48405838012695,51.55152893066406,51.79164123535156
56.199520111083984,55.08403778076172,54.708885192871094,54.469486236572266,53.7989616394043,54.046600341796875,54.06391143798828,52.26602554321289,51.205284118652344,52.80451965332031,55.32674789428711,56.4799690246582,55.99409103393555,55.015655517578125,54.52043914794922,54.665977478027344,55.142921447753906,55.48430252075195,55.350440979003906,54.713619232177734,53.840423583984375,53.07658004760742,52.538818359375,52.04756546020508,51.425785064697266,50.68693161010742,50.04351043701172,49.667572021484375,49.5273551940918,49.52984619140625,49.63188934326172,49.76414108276367,49.88225555419922,49.979862213134766,50.111839294433594,50.32753372192383,50.703285217285156,51.10722351074219,51.31087875366211,51.26552963256836,51.216243743896484,51.1969108581543,51.01402282714844,51.04856491088867
55.505680084228516,54.38147735595703,53.59977722167969,52.71058654785156,53.01374435424805,53.53997802734375,51.97246551513672,50.48456573486328,51.37978744506836,53.62314987182617,55.39365005493164,55.83908462524414,55.12996292114258,54.05316162109375,53.34391403198242,53.34418487548828,53.83503341674805,54.230281829833984,54.11723327636719,53.46532440185547,52.609127044677734,51.9543571472168,51.60120391845703,51.33759307861328,50.93777847290039,50.33836364746094,49.737239837646484,49.32887268066406,49.13998031616211,49.0579948425293,48.92059326171875,48.685577392578125,48.5263671875,48.640811920166016,48.978389739990234,49.41294479370117,49.967376708984375,50.45348358154297,50.78683853149414,51.027286529541016,51.09366226196289,50.77419662475586,50.39653396606445,50.5295295715332
55.256587982177734,53.76314926147461,52.51577377319336,52.31524658203125,52.6307373046875,51.207427978515625,49.4389533996582,50.171695709228516,52.41861343383789,54.01169204711914,54.599979400634766,54.63241195678711,54.187198638916016,53.28850555419922,52.47892761230469,52.29668045043945,52.62590408325195,52.89934158325195,52.70076370239258,52.03838348388672,51.30241775512695,50.8502197265625,50.687015533447266,50.56550979614258,50.2869987487793,49.84790802001953,49.38521957397461,49.03310775756836,48.8380012512207,48.67249298095703,48.29621124267578,47.78113555908203,47.50200271606445,47.67125701904297,48.125152587890625,48.73570251464844,49.423702239990234,49.9668083190918,50.432655334472656,50.82686996459961,50.795440673828125,50.37968826293945,50.096595764160156,50.3549690246582
55.298500061035156,53.42121505737305,52.27812957763672,51.8106803894043,50.52928924560547,48.74934005737305,48.82798385620117,50.8940315246582,52.70851516723633,53.17531967163086,53.179622650146484,53.36832809448242,53.23751449584961,52.45326232910156,51.60826110839844,51.34318542480469,51.52787399291992,51.62728500366211,51.273590087890625,50.60414505004883,50.038021087646484,49.80708694458008,49.79651641845703,49.7291259765625,49.49620819091797,49.222084045410156,48.9913330078125,48.80800247192383,48.6383171081543,48.321685791015625,47.74999237060547,47.148345947265625,46.882747650146484,47.09324645996094,47.596744537353516,48.260101318359375,48.89822769165039,49.43400573730469,50.006282806396484,50.480655670166016,50.4859619140625,50.23291015625,50.167137145996094,50.45437240600586
55.22573471069336,53.23527908325195,51.78853225708008,50.300533294677734,48.659019470214844,48.16663360595703,49.35872268676758,50.93578338623047,51.56156921386719,51.508853912353516,51.722068786621094,52.19562530517578,52.07029342651367,51.24900436401367,50.509796142578125,50.33974075317383,50.47549819946289,50.405826568603516,49.92988967895508,49.33989334106445,48.9770393371582,48.88828659057617,48.890777587890625,48.79180145263672,48.631160736083984,48.57637405395508,48.652042388916016,48.67936325073242,48.48527526855469,47.992549896240234,47.34711456298828,46.7713623046875,46.581111907958984,46.760101318359375,47.17744445800781,47.79281234741211,48.33274459838867,48.849788665771484,49.490753173828125,50.12906265258789,50.48417282104492,50.50099563598633,50.3653678894043,50.27471160888672
54.71915817260742,52.74397277832031,50.95358657836914,49.203365325927734,48.14411926269531,48.446773529052734,49.385284423828125,49.78371810913086,49.69051742553711,49.776206970214844,50.381046295166016,50.84972381591797,50.51512908935547,49.683658599853516,49.19355010986328,49.25954818725586,49.41313171386719,49.208518981933594,48.71990203857422,48.31013488769531,48.130859375,48.064697265625,47.970550537109375,47.83229064941406,47.822296142578125,48.09223937988281,48.43867492675781,48.55268478393555,48.33867645263672,47.831695556640625,47.08460998535156,46.497215270996094,46.340240478515625,46.4793586730957,46.805076599121094,47.32921600341797,47.837188720703125,48.345367431640625,49.141048431396484,50.038795471191406,50.5544319152832,50.417869567871094,50.02562713623047,49.73929977416992
53.9433479309082,52.19812774658203,50.4064826965332,48.82188034057617,48.12440490722656,48.38505935668945,48.581809997558594,48.19221496582031,47.88188171386719,48.19925308227539,48.92009735107422,49.21893310546875,48.74040985107422,48.029273986816406,47.842742919921875,48.13743209838867,48.259944915771484,47.97337341308594,47.58594512939453,47.3791618347168,47.309226989746094,47.20988464355469,47.048248291015625,46.99873733520508,47.272579193115234,47.80144119262695,48.1884880065918,48.26832580566406,48.16282653808594,47.75211715698242,47.083194732666016,46.429222106933594,46.02288818359375,45.98058319091797,46.409912109375,47.05595397949219,47.659271240234375,48.271568298339844,49.00027847290039,49.67205810546875,50.015960693359375,49.99906539916992,49.72772216796875,49.58032989501953
53.17677688598633,51.787757873535156,50.11610412597656,48.647396087646484,48.01650619506836,47.943626403808594,47.5445556640625,46.77909469604492,46.36119842529297,46.67677307128906,47.30139923095703,47.47381591796875,47.013221740722656,46.539207458496094,46.63132095336914,46.98038101196289,46.95934295654297,46.614627838134766,46.38832473754883,46.37644577026367,46.36013412475586,46.23799133300781,46.170753479003906,46.36065673828125,46.9431037902832,47.568119049072266,47.88042449951172,47.908443450927734,47.853309631347656,47.664791107177734,47.16499710083008,46.447322845458984,45.86043167114258,45.712825775146484,46.2034912109375,47.07652282714844,47.746002197265625,48.16067123413086,48.480716705322266,48.97181701660156,49.47323989868164,49.82352066040039,49.924560546875,49.98142623901367
52.33920669555664,51.34497833251953,49.89733123779297,48.58407211303711,47.91685104370117,47.51417541503906,46.72460174560547,45.64283752441406,45.01572799682617,45.17317199707031,45.733253479003906,45.886756896972656,45.55926513671875,45.31769561767578,45.54075241088867,45.76285171508789,45.50825881958008,45.140689849853516,45.11149215698242,45.29192352294922,45.31443405151367,45.232635498046875,45.372379302978516,45.902442932128906,46.7238883972168,47.18486022949219,47.47932052612305,47.62666702270508,47.63960266113281,47.5238037109375,47.00861358642578,46.31354904174805,45.88346481323242,45.94872283935547,46.44257736206055,47.1368522644043,47.493507385253906,47.65918731689453,47.906837463378906,48.543190002441406,49.34292984008789,49.946170806884766,50.243160247802734,50.35393142700195
51.33109664916992,50.7762565612793,49.70940399169922,48.64672088623047,48.0060920715332,47.320648193359375,46.13258743286133,44.69316864013672,43.79641342163086,43.828895568847656,44.34349822998047,44.556400299072266,44.3665657043457,44.302085876464844,44.50788497924805,44.502323150634766,44.03110885620117,43.7158317565918,43.90434265136719,44.231834411621094,44.29206466674805,44.28083419799805,44.697471618652344,45.468257904052734,46.35416030883789,46.969112396240234,47.35676956176758,47.26528549194336,47.065677642822266,47.106689453125,46.90977478027344,46.29405975341797,45.96734619140625,46.098350524902344,46.48469924926758,46.83562088012695,47.045352935791016,47.288658142089844,47.757381439208984,48.54767990112305,49.37605667114258,49.945030212402344,50.22886276245117,50.340511322021484
