data/wind_data/wind_35_9.json
{"header": {"parameterUnit": "KT", "parameterCategory": 2, "nx": 256, "ny": 198, "lo1": 44.73521041870117, "la1": -3.236724853515625, "lo2": 111.26478576660156, "la2": 43.468475341796875, "dx": 0.2609002888202667, "dy": -0.23708222806453705, "refTime": "2025-02-20 11:00:00", "forecastTime": 0, "parameterNumber": 2, "parameterNumberName": "eastward_wind"}, "data":
[rows 133 to 151 of 198, columns 172 to 214 of 256]
5.672352313995361,4.666331768035889,4.239602088928223,3.244342803955078,2.3294177055358887,3.3951058387756348,6.350331783294678,8.723790168762207,7.471171855926514,4.885087013244629,5.315584182739258,7.726760387420654,9.851788520812988,11.394231796264648,12.020798683166504,11.985904693603516,11.386412620544434,7.987002849578857,2.7053537368774414,3.0968282222747803,9.662961959838867,10.196745872497559,6.980261325836182,4.538549423217773,4.89698600769043,6.66510009765625,7.3082804679870605,6.680569648742676,6.508451461791992,5.341050624847412,3.1593196392059326,3.0405001640319824,4.589878559112549,6.223832607269287,6.7729973793029785,6.626205921173096,7.029256343841553,7.353695869445801,5.968937873840332,2.7926266193389893,0.022065062075853348,-1.0897234678268433,1.4980775117874146
6.782237529754639,4.269697189331055,1.599194884300232,0.7830808162689209,2.38433575630188,5.496426105499268,7.997581481933594,6.7738118171691895,4.208833694458008,4.382504940032959,5.691639423370361,6.859375476837158,8.358723640441895,10.269532203674316,12.263946533203125,12.535147666931152,10.803339958190918,7.057758808135986,3.4405593872070312,2.668095827102661,6.713339328765869,7.988791465759277,4.961089611053467,2.7202494144439697,3.2995543479919434,5.550960063934326,6.316870212554932,4.940162658691406,3.9009695053100586,3.3611104488372803,2.791677474975586,2.525947332382202,2.329092264175415,2.6572446823120117,3.427532434463501,5.42213773727417,7.838679313659668,8.797016143798828,7.738553047180176,5.407993793487549,2.9300291538238525,0.7302344441413879,1.6305444240570068
7.815619945526123,4.054642677307129,0.7333356142044067,1.602542757987976,5.079475402832031,7.438462257385254,6.692746162414551,3.945629119873047,3.2217042446136475,4.5660834312438965,4.639029026031494,4.800014972686768,6.605599880218506,8.96767520904541,10.659300804138184,10.619344711303711,9.657297134399414,7.3498334884643555,4.330139636993408,2.9479434490203857,3.1807613372802734,4.380874156951904,4.296179294586182,3.074995279312134,3.305610418319702,4.52600622177124,5.385219573974609,4.884704113006592,4.022311210632324,3.3140032291412354,2.422520875930786,0.9315305352210999,-0.30916160345077515,-0.0018151190597563982,1.2889008522033691,4.530487060546875,8.79366683959961,9.781046867370605,9.285655975341797,8.367632865905762,4.863228797912598,-0.28155097365379333,-0.6778859496116638
6.774057865142822,5.347647666931152,4.2233123779296875,5.045374393463135,6.96118688583374,7.3823561668396,5.8949480056762695,4.437114715576172,3.81221604347229,3.7636640071868896,3.63525390625,3.615025520324707,4.896608352661133,6.488223552703857,7.325860500335693,7.751732349395752,8.724963188171387,8.726197242736816,5.611726760864258,2.404205560684204,0.8442622423171997,0.9655338525772095,3.596298933029175,4.071297645568848,3.651529550552368,3.7043161392211914,3.9410758018493652,4.329405307769775,4.993678569793701,4.516685485839844,2.7302675247192383,0.1765339970588684,-1.810750961303711,-2.584312915802002,-1.3787169456481934,2.322983503341675,7.508890151977539,9.416149139404297,9.51102066040039,7.658430576324463,2.114588737487793,-2.580435276031494,-1.7683300971984863
6.685577392578125,7.13080358505249,7.439218521118164,7.9967942237854,8.666622161865234,8.273155212402344,6.3105340003967285,4.406732559204102,3.4072883129119873,2.9376654624938965,2.6564924716949463,2.3929407596588135,3.157738208770752,4.345071315765381,5.726454257965088,7.174321174621582,8.903396606445312,9.821065902709961,7.074586868286133,2.7844414710998535,0.1459520310163498,0.041571713984012604,1.4335764646530151,2.4661924839019775,1.5715469121932983,0.5571199059486389,0.7815728187561035,2.7614967823028564,4.648580074310303,4.101068496704102,2.027348041534424,-0.795943558216095,-3.281083106994629,-4.321918487548828,-3.1495816707611084,0.624955952167511,4.872138500213623,6.774456977844238,6.370519161224365,3.27268648147583,-0.7411726117134094,-2.7665092945098877,-1.8493019342422485
6.6622490882873535,7.532371520996094,8.618385314941406,9.570544242858887,10.168000221252441,9.344103813171387,6.582625389099121,3.425884485244751,1.6883710622787476,1.1095759868621826,0.8679203391075134,1.4809528589248657,3.093641996383667,4.747089385986328,6.023589611053467,7.124746322631836,8.004060745239258,8.379568099975586,6.474542617797852,3.416548728942871,1.5085636377334595,0.5343915820121765,-0.38552019000053406,-0.8856675028800964,-1.6858093738555908,-2.8900210857391357,-2.300788164138794,0.20484675467014313,2.0927300453186035,2.49346661567688,1.550522804260254,-1.0369127988815308,-3.926536798477173,-5.089288234710693,-3.196578025817871,0.567030668258667,3.1421148777008057,3.557399034500122,2.7564609050750732,1.9704564809799194,0.9389693737030029,-1.8686538934707642,-4.020366668701172
6.320849895477295,7.17823600769043,8.485672950744629,10.079208374023438,11.613372802734375,10.969433784484863,6.986431121826172,2.067331314086914,-0.6939458250999451,-1.2343113422393799,-0.4545139968395233,1.6665769815444946,4.735388278961182,6.533541202545166,6.149806976318359,4.983147621154785,5.400190353393555,5.718416213989258,5.107285976409912,4.267404079437256,2.9035515785217285,0.7329268455505371,-1.4023367166519165,-2.784919023513794,-3.3962364196777344,-3.046658515930176,-1.2587096691131592,0.8951066136360168,2.6041574478149414,3.2909955978393555,1.4822208881378174,-2.196293592453003,-5.324872970581055,-5.798817157745361,-3.056699514389038,0.203512504696846,1.9186177253723145,2.081714391708374,1.9614005088806152,2.0068531036376953,1.244520902633667,-1.2214689254760742,-3.5672428607940674
5.235228061676025,6.553595066070557,8.381197929382324,10.828559875488281,12.756864547729492,11.56357192993164,6.437871932983398,1.0016337633132935,-1.6857125759124756,-1.8219867944717407,-0.2480527013540268,2.2673087120056152,5.105914115905762,6.037180423736572,4.553263187408447,3.350538492202759,3.8743579387664795,4.1772027015686035,4.151846408843994,3.3191840648651123,1.1397615671157837,-0.826339602470398,-1.7459019422531128,-2.3379671573638916,-2.313307046890259,-0.4202616214752197,1.3608381748199463,2.099421977996826,2.524718999862671,1.8416036367416382,-1.4121588468551636,-4.5378923416137695,-5.60127067565918,-4.677906036376953,-2.364264488220215,-0.44610175490379333,0.642970085144043,1.061421275138855,1.1115435361862183,1.1127263307571411,1.192760705947876,-0.09640815854072571,-2.5291385650634766
3.9274373054504395,6.038357734680176,8.509071350097656,11.451955795288086,12.927142143249512,10.4053373336792,5.156103610992432,1.1376396417617798,-0.6543141007423401,-0.7277006506919861,0.3194202780723572,1.4525501728057861,2.2332603931427,2.752305030822754,2.772005081176758,3.0958218574523926,3.1217243671417236,2.8499839305877686,2.180504560470581,0.2634124457836151,-1.6464807987213135,-1.8430193662643433,-1.4839528799057007,-1.7034845352172852,-1.55545175075531,-0.8067496418952942,-0.018005432561039925,0.5440581440925598,0.5435383319854736,-0.589449405670166,-2.6049787998199463,-3.8252477645874023,-3.215165615081787,-1.3819622993469238,0.030452480539679527,0.5148905515670776,0.3118450939655304,0.1700635850429535,-0.04793482646346092,0.205962672829628,1.330060362815857,0.2626369297504425,-2.7520525455474854
3.405794143676758,5.963693618774414,8.526873588562012,10.987661361694336,11.771285057067871,8.863211631774902,4.871908664703369,2.577773094177246,1.1171047687530518,0.4250800609588623,0.08962168544530869,-0.7273719310760498,-1.2723116874694824,-0.5094463229179382,1.1832596063613892,2.7417969703674316,2.811732053756714,1.496325135231018,-0.6446092128753662,-2.5738236904144287,-3.443392276763916,-3.2098214626312256,-2.3129751682281494,-1.3631601333618164,-1.1906734704971313,-0.9589237570762634,-0.2741193473339081,0.3504282534122467,-0.28671059012413025,-1.248986840248108,-1.6674000024795532,-1.72316575050354,-0.6949986815452576,1.6363205909729004,3.3431482315063477,2.7267398834228516,0.9533734321594238,-0.23119443655014038,-0.37762513756752014,-0.13957075774669647,0.25833824276924133,-0.5074792504310608,-1.921165108680725
3.629951000213623,6.356188774108887,8.610644340515137,10.140191078186035,10.035848617553711,7.658780097961426,5.2007904052734375,3.6911661624908447,2.2877044677734375,1.2842564582824707,0.012727898545563221,-1.5989700555801392,-1.5847153663635254,-0.5998775362968445,0.8644918203353882,2.0234901905059814,1.215161681175232,-1.268121361732483,-2.282351493835449,-2.7529523372650146,-3.703850269317627,-4.2330641746521,-3.2881298065185547,-1.3539758920669556,0.17156080901622772,0.9584383964538574,1.4737318754196167,0.997965395450592,-0.4584423899650574,-1.2064266204833984,-0.6358153223991394,0.6869034171104431,2.6352269649505615,4.861671447753906,5.025558948516846,3.298027276992798,1.1579681634902954,-0.3680405914783478,-0.7575328350067139,-0.7796826958656311,-0.8022336959838867,-0.589004635810852,-0.3557581603527069
3.9597842693328857,6.340756416320801,7.86413049697876,8.327570915222168,7.751883506774902,6.124218463897705,4.439797401428223,3.3479764461517334,2.4397106170654297,1.5021134614944458,0.24784988164901733,-0.07554695010185242,0.7264571189880371,1.3270500898361206,1.3006484508514404,0.41129812598228455,-0.8786882162094116,-1.4120805263519287,-0.8960794806480408,-1.3342034816741943,-2.7226390838623047,-4.418950080871582,-3.5922694206237793,-0.4079340100288391,1.7341630458831787,1.8206266164779663,1.3879762887954712,0.638896107673645,0.17800116539001465,0.05029294267296791,1.3390190601348877,4.04091739654541,6.065057754516602,6.222176551818848,4.796226501464844,3.087127208709717,1.14345121383667,-0.5932050943374634,-1.2543641328811646,-1.1817017793655396,-1.2876843214035034,-1.0799938440322876,-0.48013046383857727
3.3468756675720215,5.468202114105225,6.453457355499268,5.87182092666626,4.822220325469971,4.178802967071533,3.46391224861145,2.492499351501465,1.7872474193572998,1.2340025901794434,0.9948683381080627,1.959563136100769,2.3141937255859375,2.031036615371704,1.0310102701187134,-0.11456088721752167,0.055467814207077026,0.8420817852020264,0.8090134263038635,-0.2928091287612915,-2.3382012844085693,-4.105257987976074,-3.4342875480651855,-0.6962264180183411,0.9946083426475525,1.416439414024353,1.1925976276397705,0.5334310531616211,0.5636557340621948,0.8402622938156128,3.6039745807647705,6.87276029586792,8.014627456665039,7.06485652923584,5.249471664428711,3.0149388313293457,0.8023787140846252,-0.9880982637405396,-1.4233728647232056,-0.7831067442893982,-0.34468257427215576,-0.15427985787391663,0.14796185493469238
2.355027675628662,3.590940475463867,3.7337870597839355,2.7826039791107178,2.4565365314483643,3.024508237838745,3.2085325717926025,2.4756786823272705,1.6381199359893799,1.2998003959655762,1.9156321287155151,2.695604085922241,2.724748373031616,2.2318873405456543,0.9725513458251953,0.908168613910675,1.6886239051818848,1.4699921607971191,-0.05836447700858116,-1.3565475940704346,-3.0268940925598145,-4.1317458152771,-4.136165142059326,-2.110614538192749,0.35991618037223816,1.1298538446426392,1.1114526987075806,0.10087355226278305,0.2490985244512558,2.1763134002685547,5.91914176940918,7.920076370239258,8.142395973205566,7.217668056488037,5.0744829177856445,2.4310667514801025,0.4359915852546692,-0.4795249402523041,-0.20239202678203583,0.6962730884552002,1.3296793699264526,1.4474973678588867,1.6463996171951294
0.6526173949241638,0.8647872805595398,0.8194329142570496,0.6174600720405579,1.2645409107208252,2.3901584148406982,3.0930492877960205,2.844877004623413,1.8743761777877808,1.3685234785079956,1.931386947631836,2.517298936843872,3.0798215866088867,2.3436279296875,0.9782172441482544,0.6309782862663269,0.173835888504982,-1.0289794206619263,-2.847137689590454,-3.457425117492676,-3.3072876930236816,-3.175348997116089,-3.555866241455078,-1.8939900398254395,0.024755297228693962,0.37514185905456543,0.7443089485168457,0.8162503838539124,1.8315449953079224,3.4294774532318115,5.300139904022217,6.681731224060059,6.827031135559082,5.688662528991699,3.280125141143799,1.1095141172409058,0.5593540072441101,1.348902940750122,2.0091359615325928,2.0652408599853516,1.8322086334228516,2.1506497859954834,2.7986483573913574
0.12087014317512512,-0.07282982021570206,-0.539437472820282,-0.4141964316368103,0.6529850363731384,1.4300981760025024,1.5503395795822144,1.4012038707733154,1.0935944318771362,1.0194138288497925,1.783062219619751,2.6806182861328125,2.7321929931640625,1.7865419387817383,0.5655154585838318,-0.32568252086639404,-1.4690020084381104,-2.8712947368621826,-3.412839412689209,-3.1964709758758545,-2.5106992721557617,-1.7811678647994995,-1.6507295370101929,-0.706131637096405,-0.1656186431646347,-0.06549126654863358,0.8961531519889832,2.2383201122283936,3.128767490386963,2.9857754707336426,3.543861150741577,4.400518417358398,4.664909839630127,3.877415180206299,2.138058662414551,0.9852018356323242,1.532400131225586,2.842451333999634,3.7214016914367676,2.8876423835754395,2.5802040100097656,2.9322571754455566,3.596127986907959
1.2829389572143555,0.32770341634750366,-1.0315196514129639,-1.5617904663085938,-1.0286450386047363,-0.6236120462417603,-0.5737173557281494,-0.22984679043293,0.5522655248641968,1.1203646659851074,1.8924909830093384,2.6028506755828857,2.2094433307647705,1.5394673347473145,0.7731904983520508,-0.15484784543514252,-1.3263318538665771,-2.6378109455108643,-3.278186559677124,-3.0119588375091553,-2.2151846885681152,-1.2468607425689697,-0.15069089829921722,0.9570237994194031,1.3512521982192993,2.022120237350464,3.3785934448242188,3.8903732299804688,2.9861972332000732,1.6908775568008423,2.0127756595611572,2.9325144290924072,3.084597110748291,2.489159345626831,1.6536756753921509,1.5102813243865967,2.2497501373291016,3.772730588912964,4.521091938018799,3.4595022201538086,3.9357473850250244,4.252866268157959,4.9094672203063965
1.519074559211731,-0.41037166118621826,-2.2591493129730225,-3.1163461208343506,-3.194441556930542,-2.965637445449829,-2.1203370094299316,-0.747667670249939,0.798852801322937,1.6421352624893188,2.007079601287842,2.200495958328247,1.9789104461669922,1.4361604452133179,0.5689520239830017,-0.1714085042476654,-1.6647266149520874,-3.4608020782470703,-4.2157979011535645,-3.3559458255767822,-1.8985965251922607,-0.30576688051223755,1.5453689098358154,3.224350929260254,4.49040412902832,5.205417633056641,5.228662014007568,4.019722938537598,2.109989881515503,0.8300998210906982,0.6425344347953796,1.6666748523712158,2.0695934295654297,1.619375228881836,1.600421667098999,2.1848630905151367,2.8860180377960205,4.661147594451904,4.308945655822754,4.879336833953857,4.893692970275879,5.411959648132324,6.318875789642334
-0.025806354358792305,-1.865420937538147,-3.6189355850219727,-4.563353061676025,-4.775808811187744,-4.557794094085693,-3.252108335494995,-1.1744012832641602,0.5280893445014954,1.1720216274261475,1.2491906881332397,1.615308165550232,1.7653663158416748,0.7592507004737854,-0.49478015303611755,-1.5729237794876099,-3.2436437606811523,-4.423361301422119,-4.160584926605225,-2.231231689453125,0.050534285604953766,1.9169559478759766,3.741426706314087,5.545389652252197,7.0394816398620605,6.433791637420654,4.524306297302246,2.9885547161102295,1.2260377407073975,-0.0880371704697609,-0.7246230244636536,0.07141025364398956,1.3110424280166626,1.944244146347046,2.3022220134735107,3.0709846019744873,3.435957193374634,4.241148471832275,4.098665714263916,4.513199806213379,5.072265148162842,6.082517623901367,6.047754287719727
