data/wind_data/wind_47_4.json
{"header": {"parameterUnit": "KT", "parameterCategory": 2, "nx": 256, "ny": 198, "lo1": 44.73521041870117, "la1": -3.236724853515625, "lo2": 111.26478576660156, "la2": 43.468475341796875, "dx": 0.2609002888202667, "dy": -0.23708222806453705, "refTime": "2025-02-20 23:00:00", "forecastTime": 0, "parameterNumber": 2, "parameterNumberName": "eastward_wind"}, "data":
[rows 0 to 18 of 198, columns 176 to 219 of 256]
5.919686794281006,5.622654438018799,5.98306131362915,6.314018249511719,5.3601298332214355,4.73430871963501,6.298837661743164,7.777985095977783,8.006505966186523,7.3140034675598145,5.383033752441406,3.844355583190918,3.0478787422180176,3.319226026535034,4.785276889801025,5.9821248054504395,6.871663570404053,7.644818305969238,8.145160675048828,6.8440351486206055,4.58248233795166,4.271509170532227,4.792351245880127,4.595047950744629,4.154071807861328,3.5316498279571533,3.1244263648986816,3.461782217025757,4.067934513092041,4.797220230102539,5.4160637855529785,5.703238010406494,6.291875839233398,7.384215354919434,8.36164379119873,9.164963722229004,9.681622505187988,9.894099235534668,9.87613296508789,9.653133392333984,9.27428913116455,8.850807189941406,8.997095108032227,9.711615562438965
4.850097179412842,4.305359363555908,4.916591167449951,6.117504119873047,5.924123287200928,5.527463912963867,6.454037189483643,7.710409164428711,8.644930839538574,8.095782279968262,5.242748260498047,3.013551712036133,2.3752262592315674,3.495495557785034,6.288549900054932,8.468060493469238,9.715086936950684,9.735021591186523,8.734928131103516,7.172794818878174,5.492088317871094,5.489964485168457,6.3898844718933105,6.285254001617432,5.3633503913879395,4.0586466789245605,3.1184682846069336,2.6941685676574707,3.1667346954345703,5.27262020111084,6.932637691497803,6.733084201812744,6.470766067504883,6.503359317779541,7.08022403717041,8.5017728805542,9.50371265411377,9.828505516052246,9.869837760925293,9.785194396972656,9.51035213470459,8.937139511108398,9.210695266723633,10.515095710754395
4.83419942855835,4.42458438873291,4.54509973526001,5.2117695808410645,5.320748805999756,5.28647518157959,5.823177337646484,6.697941780090332,7.366916656494141,6.967243194580078,5.788844108581543,4.911509990692139,4.757896423339844,5.792838096618652,7.913857936859131,8.991598129272461,8.659884452819824,8.61059856414795,9.029509544372559,8.940277099609375,8.540390968322754,7.989160537719727,7.201289653778076,6.426346778869629,5.338141918182373,4.2670674324035645,3.8825225830078125,3.768707513809204,4.313514232635498,5.745166778564453,6.766937732696533,6.504515171051025,6.329708099365234,6.735044002532959,7.559812068939209,8.802056312561035,9.524291038513184,9.519431114196777,9.338753700256348,9.25827693939209,9.475942611694336,9.827923774719238,10.373028755187988,10.853218078613281
4.704956531524658,4.40964412689209,4.197089195251465,4.198862552642822,4.404129981994629,4.602376461029053,4.959185600280762,5.4475836753845215,5.853521823883057,5.504995822906494,5.603107929229736,5.756703853607178,5.972888946533203,7.033966064453125,8.165935516357422,7.865568161010742,6.816448211669922,7.316451072692871,8.584505081176758,9.067757606506348,9.272005081176758,8.898447036743164,7.487492561340332,6.509555816650391,5.753076076507568,4.995232582092285,4.88478422164917,5.338253498077393,5.829644680023193,6.284509181976318,6.482820510864258,6.351656913757324,6.515748977661133,7.304394721984863,8.184066772460938,8.965446472167969,9.528552055358887,8.945969581604004,8.513789176940918,8.808817863464355,9.614842414855957,9.689638137817383,9.371224403381348,9.252218246459961
3.3026914596557617,3.0451598167419434,2.926954746246338,3.0376105308532715,2.968104124069214,2.490288734436035,2.4730048179626465,2.8450584411621094,4.580986499786377,3.5013632774353027,2.8125905990600586,2.581756830215454,2.6421124935150146,3.5885252952575684,4.227443695068359,4.639797210693359,5.613577365875244,6.829753875732422,6.13033390045166,5.326560974121094,5.183880805969238,5.785299301147461,6.385041236877441,7.0533127784729,7.170986652374268,6.094934940338135,4.807489395141602,5.959942817687988,7.017289638519287,6.84982967376709,6.474595069885254,6.80009651184082,7.269412517547607,7.639730930328369,8.020593643188477,8.626256942749023,9.683971405029297,7.9946208000183105,7.291933536529541,8.563647270202637,8.68254280090332,5.528353214263916,4.134842395782471,4.275553226470947
2.976468324661255,2.987894296646118,2.970623016357422,2.7973244190216064,1.9222285747528076,2.097358465194702,3.409291982650757,4.341884613037109,5.186273097991943,4.959292411804199,3.848409414291382,2.582806348800659,1.9719120264053345,2.9143378734588623,4.092525959014893,5.2941412925720215,5.129315376281738,5.059386253356934,4.339609622955322,5.586636543273926,6.668757915496826,7.001254558563232,6.9493184089660645,7.27148962020874,7.407135009765625,7.028684616088867,6.792741298675537,7.35931921005249,7.599691867828369,7.175452709197998,6.996826171875,7.309473037719727,7.321652412414551,7.106725692749023,7.348710536956787,8.755318641662598,9.053186416625977,8.635099411010742,9.428656578063965,8.174514770507812,6.132445812225342,5.47093391418457,6.296061992645264,6.917238712310791
2.774850606918335,2.697943925857544,2.8401381969451904,2.98999285697937,2.707465410232544,2.2859256267547607,2.451446294784546,3.740521192550659,5.375138282775879,4.021045207977295,3.327404737472534,1.680257797241211,2.5488381385803223,3.6450071334838867,3.692681074142456,4.494933128356934,4.458124160766602,3.809051513671875,3.7563326358795166,5.021181583404541,6.349611759185791,6.869852542877197,6.997106075286865,7.399777412414551,7.727330684661865,7.363839149475098,6.975998878479004,7.509636878967285,7.496099472045898,6.999702453613281,7.283193111419678,7.891156196594238,7.874594211578369,7.958848476409912,7.805709362030029,8.941970825195312,8.861522674560547,9.55642318725586,10.63625431060791,8.525433540344238,6.516104221343994,9.690298080444336,11.742094039916992,13.195645332336426
2.507948637008667,2.2289540767669678,2.646782159805298,3.651968002319336,3.5558371543884277,3.588839292526245,3.9323980808258057,5.865579605102539,3.8752546310424805,2.2615182399749756,3.146636486053467,3.3254690170288086,2.8483293056488037,4.53765869140625,4.019084930419922,3.354450225830078,4.080126762390137,4.205500602722168,3.716705322265625,4.189986705780029,5.629649639129639,6.691422462463379,7.50822114944458,8.052112579345703,8.22574234008789,7.675782203674316,7.23939323425293,7.615930080413818,7.293501377105713,7.0451836585998535,7.410335540771484,8.006183624267578,8.143781661987305,8.639719009399414,8.464625358581543,9.117094993591309,8.819483757019043,9.196988105773926,11.395885467529297,8.900971412658691,7.609280109405518,10.652519226074219,14.482563972473145,16.30580711364746
3.112609624862671,2.6734132766723633,2.6947808265686035,3.5628082752227783,3.728677988052368,4.426129341125488,4.805596828460693,6.071643352508545,3.2037277221679688,3.0544674396514893,3.2730212211608887,3.5847907066345215,2.8758881092071533,4.370474815368652,4.187201499938965,3.584402322769165,4.523004531860352,2.782259702682495,3.908445358276367,4.9568705558776855,5.921643257141113,6.50063943862915,7.345405101776123,7.970692157745361,8.120677947998047,7.809664726257324,7.385194778442383,7.3095502853393555,7.159070014953613,7.058271884918213,7.387091159820557,8.066892623901367,9.074790954589844,9.806954383850098,9.294392585754395,8.929611206054688,10.20712947845459,9.385655403137207,11.304316520690918,9.363221168518066,10.668632507324219,12.9097900390625,14.569220542907715,15.026222229003906
2.9954302310943604,3.0013046264648438,3.1275320053100586,2.643813133239746,2.399798631668091,3.3101699352264404,2.9627084732055664,4.199950695037842,3.571223020553589,2.855417251586914,3.115480661392212,3.8350234031677246,3.193183183670044,4.7245192527771,5.6888017654418945,4.349485874176025,3.758021354675293,4.067744731903076,5.2869110107421875,6.503782272338867,6.887076377868652,7.13824462890625,7.748934745788574,8.183381080627441,7.887361526489258,7.341765403747559,7.050816059112549,7.0956130027771,7.132089614868164,7.150688171386719,7.34175968170166,8.027030944824219,9.618939399719238,10.290459632873535,9.700203895568848,9.714301109313965,10.566960334777832,10.669029235839844,10.083245277404785,11.305347442626953,11.821234703063965,11.940342903137207,12.76555347442627,13.569360733032227
2.515713930130005,2.5018508434295654,2.878506898880005,2.7862367630004883,1.632189393043518,2.349900960922241,1.046134114265442,2.4078423976898193,3.4698264598846436,3.5404043197631836,3.9399092197418213,3.959949493408203,3.4854352474212646,4.040020942687988,4.246115207672119,2.188544750213623,2.6454975605010986,4.490102767944336,6.160043716430664,7.032997131347656,7.1706414222717285,7.356348037719727,7.402702808380127,7.610717296600342,7.675265312194824,7.239589214324951,7.014521598815918,7.070220470428467,7.439901351928711,7.585717678070068,7.651029586791992,8.379573822021484,9.395207405090332,10.233574867248535,10.405649185180664,10.774340629577637,11.058965682983398,11.431754112243652,11.445551872253418,11.511393547058105,11.145331382751465,12.161940574645996,13.278731346130371,13.084811210632324
3.171691656112671,2.180884838104248,3.283816337585449,4.2748284339904785,2.4050979614257812,1.3938515186309814,0.7757247090339661,1.270262598991394,1.0036938190460205,2.06783127784729,3.428459405899048,4.3214874267578125,3.180299758911133,2.210071086883545,4.505977630615234,3.6290500164031982,4.204798698425293,5.2485527992248535,6.072688579559326,6.479715824127197,6.843160629272461,6.798734188079834,6.45900297164917,6.645681381225586,7.177304744720459,7.141415596008301,7.037521839141846,7.361361503601074,8.077381134033203,8.12382698059082,8.193305969238281,8.78360652923584,9.46039867401123,10.444852828979492,11.046202659606934,11.766204833984375,12.048773765563965,12.27641773223877,12.068217277526855,11.581056594848633,11.241531372070312,11.426981925964355,11.418132781982422,11.127188682556152
2.4877004623413086,2.3521275520324707,4.947503566741943,5.084895610809326,3.329115629196167,2.20418119430542,2.198383092880249,1.4588487148284912,-2.302959680557251,-0.2345709353685379,2.5184357166290283,3.61675763130188,2.119581460952759,1.6966179609298706,3.006819486618042,4.587665557861328,4.696384906768799,5.007722854614258,5.498010635375977,6.111904621124268,6.295943737030029,5.7733073234558105,5.644136905670166,6.067632675170898,6.342878818511963,6.73286247253418,7.370790958404541,8.226614952087402,8.705227851867676,8.356881141662598,8.578015327453613,9.33994197845459,9.99415397644043,10.96460247039795,11.611506462097168,12.425204277038574,12.419632911682129,12.698084831237793,12.511225700378418,11.722187042236328,10.885295867919922,10.394377708435059,10.474921226501465,10.41919994354248
1.4737294912338257,2.537339925765991,4.7406511306762695,4.044425010681152,3.1466662883758545,3.890061616897583,4.6435933113098145,4.250192642211914,-1.6638915538787842,-0.3506547808647156,1.8485976457595825,2.5504672527313232,2.1092541217803955,2.9229090213775635,4.132784843444824,5.792762756347656,5.517755031585693,5.399512767791748,5.727358818054199,5.999894142150879,5.8679609298706055,5.099325180053711,4.980556488037109,5.493907928466797,6.114877223968506,7.0883684158325195,8.22463607788086,9.033591270446777,9.153703689575195,8.671744346618652,8.61069107055664,9.737987518310547,10.725638389587402,11.272489547729492,11.724809646606445,12.548934936523438,12.37105941772461,12.881928443908691,13.115243911743164,11.609004020690918,9.590279579162598,8.992045402526855,9.175955772399902,9.420251846313477
-0.03747657313942909,-0.40551140904426575,2.7221333980560303,2.8758580684661865,3.7047858238220215,4.953162670135498,5.245063781738281,4.367098808288574,1.8797684907913208,2.22554612159729,3.0377421379089355,3.562744140625,3.7013421058654785,4.963696479797363,5.758678436279297,7.217755317687988,7.262299060821533,7.08480978012085,6.750375747680664,6.355000019073486,5.748931407928467,4.9231696128845215,4.762999057769775,5.449868202209473,6.654606819152832,7.674675464630127,8.553709030151367,9.159378051757812,9.040826797485352,8.337845802307129,7.936581611633301,8.826643943786621,9.963883399963379,10.542829513549805,10.928279876708984,11.318266868591309,11.256356239318848,11.848108291625977,12.013195037841797,10.731792449951172,8.995519638061523,8.617528915405273,8.978422164916992,9.033315658569336
3.883061647415161,-3.5023462772369385,0.26430177688598633,2.486018180847168,2.1718554496765137,3.630474090576172,4.479287624359131,4.232688903808594,3.1345648765563965,3.087467670440674,4.960032939910889,5.532987594604492,5.402915954589844,5.957727432250977,7.078614234924316,7.479698181152344,7.155239582061768,6.960536003112793,6.451101779937744,5.783146858215332,5.205475330352783,4.909939289093018,5.049856662750244,5.901641845703125,6.916329860687256,7.506288528442383,8.172566413879395,8.20689868927002,7.905396938323975,7.263430118560791,6.1914215087890625,5.927475452423096,7.396286964416504,8.861989974975586,9.14245891571045,7.701647758483887,6.946071624755859,7.933160305023193,8.986002922058105,8.579449653625488,8.45842456817627,9.279025077819824,10.060873031616211,10.120709419250488
3.1898953914642334,2.3485608100891113,2.1585795879364014,3.0210070610046387,-0.4856158494949341,2.219517707824707,1.1104304790496826,1.2964179515838623,3.007598400115967,4.0692877769470215,5.244623184204102,5.672035217285156,5.739606857299805,5.9864630699157715,6.197727680206299,5.847599029541016,5.778877258300781,5.98405122756958,5.5296101570129395,4.733921527862549,4.424229145050049,4.780827522277832,5.139817714691162,6.057088375091553,6.3653154373168945,6.928506851196289,7.181343078613281,7.792749404907227,7.376238822937012,5.724954128265381,4.317129135131836,4.303387641906738,6.16753625869751,7.411245346069336,5.048826217651367,2.2889962196350098,2.4569225311279297,4.784930229187012,6.457936763763428,7.362603664398193,8.557978630065918,9.449874877929688,9.738274574279785,8.930766105651855
2.380803108215332,3.9733307361602783,4.0940446853637695,4.7698211669921875,2.38551664352417,1.9878642559051514,-0.5740514397621155,0.19609706103801727,2.813826084136963,3.783304214477539,4.124455451965332,4.98111629486084,5.523961067199707,5.763210296630859,5.389998912811279,4.979371547698975,5.376349925994873,6.051944732666016,5.803069114685059,4.863884925842285,4.545948028564453,5.286922454833984,5.635657787322998,6.2086334228515625,5.701905250549316,6.67962121963501,6.038809299468994,7.9859395027160645,7.4982404708862305,4.792227268218994,3.863602638244629,4.9415717124938965,6.780029296875,5.067559719085693,1.0331239700317383,0.7196921706199646,2.345411539077759,4.745675563812256,6.005168914794922,7.638990879058838,8.264007568359375,7.899566650390625,7.346337795257568,6.402135372161865
1.88082754611969,3.1874985694885254,4.717693328857422,5.732195854187012,7.46142578125,4.5229010581970215,2.657360553741455,3.581108570098877,3.500602960586548,3.9070842266082764,4.131162166595459,4.473048210144043,5.296955585479736,5.623661041259766,5.132758617401123,5.0380682945251465,5.825040817260742,6.642921447753906,6.522305965423584,5.724278926849365,5.572146415710449,6.2050862312316895,6.790755271911621,6.2592878341674805,5.445113658905029,6.202446937561035,5.908329486846924,7.246162414550781,7.305559158325195,5.842645168304443,5.148876667022705,5.84515905380249,6.993494987487793,2.867826223373413,1.2705175876617432,3.8188297748565674,4.4703369140625,5.709867477416992,6.461615085601807,7.454655647277832,7.321680068969727,5.881932735443115,5.011691570281982,5.079733848571777
