data/wind_data/wind_2025-02-19_13.json
{"header": {"parameterUnit": "KT", "parameterCategory": 2, "nx": 255, "ny": 198, "lo1": 44.73521041870117, "la1": -3.236724853515625, "lo2": 111.26478576660156, "la2": 43.468475341796875, "dx": 0.26192745566368103, "dy": -0.23708222806453705, "refTime": "2025-02-19 13:00:00", "forecastTime": 0, "parameterNumber": 3, "parameterNumberName": "northward_wind"}, "data":
[rows 19 to 37 of 198, columns 172 to 214 of 255]
-10.305096626281738,-9.888646125793457,-9.437675476074219,-9.072100639343262,-9.17656421661377,-9.212045669555664,-9.347891807556152,-10.657756805419922,-10.835874557495117,-9.736355781555176,-8.881587028503418,-8.902467727661133,-9.001927375793457,-8.871469497680664,-9.757708549499512,-9.147549629211426,-8.67135238647461,-8.392733573913574,-7.865810394287109,-6.464899063110352,-3.9528088569641113,-1.8925859928131104,0.9965816736221313,2.0923779010772705,2.1694681644439697,2.49285626411438,2.4440670013427734,2.6065595149993896,2.840503215789795,2.5808446407318115,1.9807499647140503,1.8651071786880493,2.0778799057006836,-0.21567627787590027,-1.0536044836044312,0.29587987065315247,1.92216157913208,-0.7344329357147217,-2.215975761413574,-2.042325735092163,-0.8590035438537598,1.7411043643951416,2.8145461082458496
-10.13280200958252,-9.568626403808594,-9.030649185180664,-9.03328800201416,-9.375876426696777,-10.263959884643555,-11.034958839416504,-11.282878875732422,-10.591514587402344,-9.5917387008667,-9.3526029586792,-9.119182586669922,-9.311737060546875,-9.330399513244629,-9.203624725341797,-8.451309204101562,-7.943930625915527,-8.043789863586426,-7.960092067718506,-6.1852569580078125,-3.2332286834716797,-0.21661022305488586,2.3664143085479736,3.1909937858581543,3.590398073196411,3.2465620040893555,2.880971908569336,2.7719781398773193,2.9775705337524414,2.5458390712738037,1.9015209674835205,1.7748082876205444,0.6164406538009644,0.3384009003639221,1.2538957595825195,1.2443488836288452,-1.084092378616333,-0.6849578619003296,0.240182563662529,-1.0447072982788086,-1.8182969093322754,-1.3657811880111694,-0.6925009489059448
-10.317850112915039,-9.994767189025879,-10.000842094421387,-10.349918365478516,-10.121394157409668,-10.81086540222168,-10.965312004089355,-10.158001899719238,-9.649620056152344,-10.045883178710938,-9.126165390014648,-8.93278694152832,-9.195734977722168,-8.882959365844727,-8.549790382385254,-8.035479545593262,-7.486800193786621,-7.59302282333374,-7.6877031326293945,-6.097037315368652,-3.074864387512207,0.5863801836967468,2.928410768508911,4.09776496887207,4.494386672973633,4.357761383056641,3.9291224479675293,3.7323482036590576,3.1494739055633545,2.6080846786499023,2.3675358295440674,0.32041260600090027,0.7725037336349487,2.1237950325012207,1.1492173671722412,-2.2793900966644287,-5.438287734985352,-3.5585432052612305,-1.1938291788101196,-1.6143549680709839,-0.2827044427394867,-0.3273986577987671,0.11729932576417923
-11.03562068939209,-10.856108665466309,-11.323517799377441,-12.439939498901367,-11.360809326171875,-10.196853637695312,-10.308469772338867,-9.920397758483887,-9.379054069519043,-9.66577434539795,-8.139971733093262,-8.062877655029297,-9.266378402709961,-8.828963279724121,-8.484476089477539,-8.323663711547852,-6.836064338684082,-6.429786205291748,-6.487093925476074,-5.2948994636535645,-2.3762736320495605,0.3152402937412262,2.5181379318237305,3.6636509895324707,4.524646282196045,4.607025623321533,4.521397113800049,3.684030532836914,2.250771999359131,0.383376806974411,1.4441756010055542,-1.179366946220398,0.9625658988952637,3.503478765487671,1.2810289859771729,-3.092935800552368,-4.199463367462158,-2.5372443199157715,-2.6743507385253906,-1.763038158416748,-0.13967721164226532,1.0185819864273071,1.5905095338821411
-11.503902435302734,-10.841261863708496,-10.82843017578125,-11.74260425567627,-9.600386619567871,-9.308506965637207,-10.08355712890625,-10.507294654846191,-11.150273323059082,-9.791348457336426,-7.338593482971191,-7.617832660675049,-9.958752632141113,-10.040275573730469,-9.922981262207031,-10.000714302062988,-8.487914085388184,-6.2344136238098145,-5.263166904449463,-4.002386569976807,-1.636989951133728,0.6434732675552368,2.2874720096588135,2.8335134983062744,3.7690324783325195,3.8375442028045654,2.8420190811157227,1.366737961769104,-0.6774852871894836,-0.31641650199890137,0.7695891857147217,-0.6123514175415039,-0.004583864007145166,-0.9902879595756531,-2.422340154647827,-3.828577756881714,-4.114312171936035,-1.9403108358383179,-2.315556049346924,-1.3375276327133179,0.5376711487770081,2.445298433303833,2.9786300659179688
-11.232497215270996,-9.814746856689453,-8.80968952178955,-7.521920204162598,-7.7353315353393555,-9.570975303649902,-9.985198020935059,-11.761014938354492,-12.182865142822266,-11.155024528503418,-9.668604850769043,-10.519501686096191,-10.89212417602539,-11.491927146911621,-12.16594409942627,-11.676209449768066,-10.428580284118652,-7.239073276519775,-4.642786502838135,-2.805375576019287,-1.0262261629104614,0.9725294709205627,2.3694567680358887,3.1703896522521973,3.2996671199798584,2.3263633251190186,1.409498691558838,0.6319931745529175,-0.12192604690790176,1.1266052722930908,3.1645185947418213,1.6230548620224,-1.5321506261825562,-4.791958808898926,-3.2266244888305664,-2.126807451248169,-2.349154472351074,-1.582506537437439,-1.8812830448150635,-0.6175270676612854,1.6633673906326294,3.5280165672302246,3.9477627277374268
-11.19572639465332,-10.601086616516113,-7.952381134033203,-6.27621603012085,-9.587675094604492,-10.3688325881958,-11.14645767211914,-12.017407417297363,-11.3088960647583,-11.659510612487793,-11.794953346252441,-12.296896934509277,-11.09444808959961,-11.037361145019531,-11.778725624084473,-11.193047523498535,-10.354411125183105,-7.693438529968262,-4.7466349601745605,-2.2446489334106445,-0.7939636707305908,0.6707244515419006,2.0903611183166504,3.3454129695892334,3.055850028991699,1.8024084568023682,1.507586121559143,2.349520683288574,1.9153906106948853,2.4379241466522217,2.535538673400879,0.9562962055206299,-3.379582405090332,-3.451765775680542,-1.3838895559310913,0.5258859992027283,-1.5188493728637695,-2.1202337741851807,-2.8275692462921143,-0.8646968603134155,1.500339388847351,3.5669054985046387,4.154935836791992
-11.317058563232422,-12.194427490234375,-10.606819152832031,-9.749290466308594,-10.317512512207031,-9.941019058227539,-11.775166511535645,-11.425785064697266,-10.942096710205078,-11.28471565246582,-11.091320037841797,-10.325244903564453,-10.114153861999512,-10.070996284484863,-10.15229606628418,-10.720392227172852,-10.040045738220215,-8.140603065490723,-5.892571926116943,-3.168663263320923,-1.3637540340423584,-0.2077007293701172,1.3524953126907349,2.926267385482788,3.4881670475006104,2.3965892791748047,1.5341578722000122,1.8323571681976318,-0.5232539772987366,0.5944990515708923,-2.9903500080108643,-2.266003370285034,-2.285595417022705,-1.0882729291915894,-2.181715965270996,-1.5408525466918945,-4.160182476043701,-3.7705376148223877,-2.553351879119873,-1.115039587020874,0.586301863193512,2.6934196949005127,3.1683871746063232
-11.126655578613281,-11.324625015258789,-12.459732055664062,-12.271883964538574,-9.674854278564453,-9.552886009216309,-10.540438652038574,-10.862226486206055,-11.138636589050293,-11.445703506469727,-10.36950397491455,-8.882143020629883,-9.433279037475586,-11.294445991516113,-11.411040306091309,-11.60632038116455,-10.742645263671875,-9.813737869262695,-8.024359703063965,-5.334806442260742,-2.813541889190674,-1.167128324508667,0.20408302545547485,2.066910743713379,3.496042490005493,2.4841647148132324,0.7841957807540894,0.3180606961250305,-0.1478542983531952,-2.806288003921509,-3.577260732650757,-3.5630314350128174,-1.515694260597229,-3.029503583908081,-3.04632830619812,-4.040543079376221,-4.521040439605713,-3.9831960201263428,-2.4272983074188232,-1.1964787244796753,-0.3623935878276825,0.8741416931152344,0.29690608382225037
-10.204915046691895,-9.519243240356445,-10.598732948303223,-11.358963966369629,-10.335472106933594,-10.583309173583984,-10.338847160339355,-10.979264259338379,-11.781143188476562,-13.06076431274414,-12.707341194152832,-11.64033317565918,-10.68002700805664,-12.47077751159668,-12.766629219055176,-12.461007118225098,-12.309174537658691,-11.755523681640625,-10.51412582397461,-7.931560516357422,-4.192277908325195,-1.5807363986968994,0.12767842411994934,1.0656434297561646,2.5833091735839844,0.5140429735183716,1.1675776243209839,0.43130478262901306,-0.973362386226654,-3.6054563522338867,-2.5597336292266846,-2.1593008041381836,-3.498264789581299,-6.679691314697266,-5.9724249839782715,-5.3444952964782715,-4.203829288482666,-3.1738901138305664,-2.274712562561035,-0.6506204009056091,-0.4524281919002533,-1.7935270071029663,-3.606809139251709
-8.724617004394531,-8.643778800964355,-10.010475158691406,-10.313518524169922,-11.001998901367188,-10.975671768188477,-10.651982307434082,-11.468494415283203,-12.818572998046875,-14.03066349029541,-13.656867980957031,-11.550163269042969,-11.72940731048584,-12.159066200256348,-12.750110626220703,-13.165971755981445,-13.329195022583008,-13.408534049987793,-12.969198226928711,-11.082301139831543,-5.951669692993164,-1.1519935131072998,0.17491792142391205,0.10248292237520218,1.2864863872528076,1.9300607442855835,1.968348741531372,0.5539162158966064,-2.7767369747161865,-2.3079752922058105,-2.75923228263855,-2.6562187671661377,-4.0345540046691895,-7.150343894958496,-6.207815647125244,-5.13662052154541,-4.2305216789245605,-2.589796781539917,-0.9164479970932007,0.18100307881832123,0.1912957727909088,-1.8559858798980713,-4.115945339202881
-7.78963041305542,-8.160954475402832,-9.418534278869629,-9.991080284118652,-10.753199577331543,-10.409001350402832,-10.041897773742676,-11.599238395690918,-12.768945693969727,-13.50106430053711,-13.038675308227539,-10.600578308105469,-11.83130168914795,-12.471261024475098,-12.991673469543457,-13.129103660583496,-13.535061836242676,-14.007073402404785,-14.590489387512207,-14.247018814086914,-8.784720420837402,-0.738861620426178,0.17535290122032166,-0.2547372281551361,0.2585703432559967,1.3586993217468262,-2.189426898956299,-2.54107928276062,-2.4674232006073,-1.8290573358535767,-1.9148231744766235,-3.2223763465881348,-6.173598289489746,-5.833550930023193,-5.3095221519470215,-4.697082996368408,-3.6131954193115234,-1.9124926328659058,-0.501619815826416,0.3555099070072174,0.16808651387691498,-1.343080997467041,-1.8763846158981323
-8.177889823913574,-8.641839981079102,-8.09916877746582,-9.440081596374512,-10.969149589538574,-11.883979797363281,-11.831341743469238,-11.346077919006348,-12.258822441101074,-13.066350936889648,-13.43377685546875,-12.264886856079102,-11.589218139648438,-12.269574165344238,-12.730762481689453,-12.755162239074707,-13.053669929504395,-13.809941291809082,-14.989611625671387,-15.291495323181152,-11.299995422363281,-2.5155370235443115,-0.6263973712921143,-3.3044261932373047,-3.3055102825164795,-2.6217405796051025,-3.5399296283721924,-2.7665464878082275,-1.1014055013656616,-1.8572158813476562,-1.9828412532806396,-5.093372344970703,-5.793874740600586,-5.247503757476807,-4.821248531341553,-4.2911176681518555,-3.1449620723724365,-1.9411585330963135,-0.6765304207801819,0.26553499698638916,0.24660001695156097,-0.5186857581138611,0.677236020565033
-10.080633163452148,-7.2228522300720215,-7.489694595336914,-8.279813766479492,-10.347795486450195,-12.495975494384766,-12.709836959838867,-10.733491897583008,-10.770557403564453,-12.359977722167969,-12.491159439086914,-11.753674507141113,-10.87869930267334,-11.034957885742188,-11.882108688354492,-12.68720531463623,-12.665995597839355,-12.895121574401855,-13.613188743591309,-13.952933311462402,-12.178969383239746,-6.6068115234375,-3.2899680137634277,-4.172654628753662,-3.7798027992248535,-2.4742674827575684,-1.7390354871749878,-1.0165176391601562,-0.15603329241275787,-1.0391204357147217,-3.7651360034942627,-5.009268283843994,-5.10922384262085,-4.902328014373779,-4.236939907073975,-3.583662986755371,-3.3524491786956787,-3.311497211456299,-2.3723840713500977,-1.0207821130752563,0.01053361315280199,0.9783089756965637,3.1456480026245117
-10.75229549407959,-7.684292793273926,-7.43119478225708,-6.201808452606201,-8.085957527160645,-9.711344718933105,-10.480964660644531,-10.7301607131958,-10.206042289733887,-10.926852226257324,-12.3523530960083,-12.384469032287598,-11.001107215881348,-10.721278190612793,-11.289966583251953,-11.644062995910645,-11.992387771606445,-12.03821086883545,-11.846107482910156,-11.541838645935059,-10.550674438476562,-4.904601573944092,-3.641559362411499,-1.6152623891830444,-2.549316644668579,-1.5440990924835205,-1.239993691444397,-1.4352636337280273,-1.6483039855957031,-2.600705862045288,-4.114258289337158,-4.9099321365356445,-5.0550432205200195,-4.568802356719971,-4.2391862869262695,-4.232004642486572,-4.625717639923096,-4.7940545082092285,-4.175599575042725,-2.8093440532684326,-0.20722070336341858,2.7237625122070312,2.7654354572296143
-10.028358459472656,-10.521903991699219,-10.23387336730957,-8.489960670471191,-7.043180465698242,-8.721566200256348,-10.350178718566895,-10.920785903930664,-10.599664688110352,-10.300004005432129,-11.128315925598145,-11.849930763244629,-11.253849029541016,-10.70759105682373,-10.903695106506348,-10.764522552490234,-11.010096549987793,-11.355167388916016,-11.051514625549316,-10.350700378417969,-9.238056182861328,-6.616408824920654,-5.335166931152344,-4.417092800140381,-4.058421611785889,-2.897235631942749,-1.9171044826507568,-1.3440853357315063,-1.7775129079818726,-3.2636148929595947,-4.206023216247559,-4.585287094116211,-4.762019157409668,-4.889529228210449,-5.067749977111816,-5.332131385803223,-5.3295416831970215,-4.776633262634277,-4.798685550689697,-5.470231056213379,-4.0891947746276855,0.4126248061656952,0.3842069208621979
-10.15746784210205,-11.382640838623047,-12.082947731018066,-10.509042739868164,-8.829972267150879,-9.496867179870605,-10.547012329101562,-10.303714752197266,-10.602119445800781,-10.732807159423828,-10.965357780456543,-10.72836685180664,-9.964354515075684,-10.189088821411133,-11.1341552734375,-10.698507308959961,-10.51467514038086,-10.486565589904785,-10.363956451416016,-9.737587928771973,-8.619844436645508,-7.3707499504089355,-5.832218170166016,-4.87455415725708,-3.7501511573791504,-2.7875165939331055,-1.4990577697753906,-1.2503067255020142,-1.7971032857894897,-3.0759401321411133,-4.074000835418701,-4.259893417358398,-4.272735595703125,-4.646239757537842,-5.132380962371826,-5.1276044845581055,-4.16237211227417,-3.110164165496826,-3.7572054862976074,-6.144339561462402,-7.547189235687256,-3.135254144668579,-2.5652055740356445
-10.597269058227539,-11.4689359664917,-11.603431701660156,-10.831748008728027,-10.748929023742676,-10.191597938537598,-10.242255210876465,-9.596351623535156,-9.904695510864258,-10.89600658416748,-11.849540710449219,-11.89438247680664,-9.880704879760742,-9.801214218139648,-11.054835319519043,-10.761216163635254,-10.294336318969727,-9.974303245544434,-9.609329223632812,-8.800551414489746,-7.182197570800781,-5.696686267852783,-4.773564338684082,-3.9976251125335693,-2.9125983715057373,-1.0632489919662476,-0.005505828652530909,0.08942782878875732,-0.9373487830162048,-2.3014936447143555,-3.019867420196533,-3.0250437259674072,-2.8914895057678223,-3.0600717067718506,-3.371180534362793,-2.8954758644104004,-1.7677757740020752,-0.6529352068901062,0.15116435289382935,0.6569568514823914,0.1279791295528412,-1.220308780670166,-3.059119462966919
-10.358369827270508,-10.32742691040039,-10.838650703430176,-10.926480293273926,-10.580301284790039,-10.539426803588867,-10.174028396606445,-9.50208568572998,-9.720924377441406,-9.893471717834473,-10.465677261352539,-12.190135955810547,-12.558749198913574,-10.572569847106934,-10.17413330078125,-10.621137619018555,-9.760804176330566,-9.783807754516602,-9.43426513671875,-8.464910507202148,-6.810820579528809,-5.2821807861328125,-4.309830665588379,-3.535170316696167,-2.0172934532165527,-0.3179643452167511,0.6534867882728577,0.8734481334686279,0.043902941048145294,-1.0461387634277344,-1.1302366256713867,-0.6477265357971191,-0.4682372510433197,-0.6893522143363953,-0.6502126455307007,-0.378797322511673,-0.043840743601322174,0.05663279816508293,0.2677769362926483,2.047670841217041,1.6984915733337402,-1.6736096143722534,-2.806500196456909
