data/wind_data/wind_28_7.json
{"header": {"parameterUnit": "KT", "parameterCategory": 2, "nx": 256, "ny": 198, "lo1": 44.73521041870117, "la1": -3.236724853515625, "lo2": 111.26478576660156, "la2": 43.468475341796875, "dx": 0.2609002888202667, "dy": -0.23708222806453705, "refTime": "2025-02-20 04:00:00", "forecastTime": 0, "parameterNumber": 2, "parameterNumberName": "eastward_wind"}, "data":
[rows 140 to 159 of 198, columns 176 to 219 of 256]
78.56804656982422,79.67234802246094,80.9659423828125,82.40293884277344,84.1595458984375,85.7920150756836,86.51077270507812,86.71685791015625,87.02955627441406,86.86798095703125,85.9303207397461,85.33341979980469,85.62067413330078,86.52184295654297,87.67544555664062,88.7071533203125,89.71829986572266,90.70817565917969,91.32440948486328,91.7705078125,92.49907684326172,93.23654174804688,93.75859832763672,94.59000396728516,95.72501373291016,96.38050842285156,96.48799133300781,96.43501281738281,96.28456115722656,96.35633087158203,96.6828384399414,97.07807159423828,97.93379211425781,98.8907241821289,99.14033508300781,98.94488525390625,98.8509292602539,99.01313781738281,99.5102767944336,100.61888885498047,101.77092742919922,101.98655700683594,101.70917510986328,101.79965209960938
77.86094665527344,78.83805084228516,80.13554382324219,81.45499420166016,82.66038513183594,83.68069458007812,84.51346588134766,85.20795440673828,85.44538116455078,84.88091278076172,84.01100158691406,83.68260955810547,84.10298919677734,85.07318878173828,86.19725799560547,87.17179107666016,88.1087646484375,88.86924743652344,89.301513671875,89.74317932128906,90.223876953125,90.65663146972656,91.49557495117188,92.95277404785156,94.37108612060547,95.20234680175781,95.67935180664062,95.85335540771484,95.65364074707031,95.49491119384766,95.32283020019531,95.22799682617188,96.23015594482422,97.80335235595703,98.64842224121094,99.0237045288086,99.14319610595703,98.65509033203125,98.27024841308594,99.0245361328125,100.43924713134766,101.46668243408203,101.6495132446289,101.30782318115234
77.17998504638672,77.90234375,78.9201431274414,80.12899780273438,81.1541519165039,81.74797821044922,82.19355773925781,82.76948547363281,83.1673355102539,82.92281341552734,82.38742065429688,82.27943420410156,82.74778747558594,83.53109741210938,84.54192352294922,85.67071533203125,86.71171569824219,87.36475372314453,87.32223510742188,86.9443130493164,87.03881072998047,87.76366424560547,88.8436508178711,90.1529312133789,91.52337646484375,92.83589935302734,93.96675109863281,94.51802825927734,94.41767120361328,94.10784912109375,93.7055892944336,93.35089111328125,93.89967346191406,95.42440795898438,97.03240966796875,98.37281036376953,98.94459533691406,98.32720184326172,97.59085083007812,97.90425872802734,98.95966339111328,100.1404800415039,100.9930648803711,101.2468490600586
76.20865631103516,76.92491912841797,77.63055419921875,78.50316619873047,79.51806640625,80.23139190673828,80.57482147216797,80.9277572631836,81.25554656982422,81.25506591796875,81.1783676147461,81.50520324707031,82.09314727783203,82.63946533203125,83.3325424194336,84.33073425292969,85.52894592285156,86.27591705322266,85.9371109008789,85.31986236572266,85.50154876708984,86.30034637451172,87.0566635131836,87.69452667236328,88.64678955078125,90.06752014160156,91.43330383300781,92.1573257446289,92.17276000976562,91.79633331298828,91.25909423828125,90.86385345458984,91.17329406738281,92.46690368652344,94.49432373046875,96.53002166748047,97.44152069091797,97.00961303710938,96.46863555908203,96.61772918701172,97.39925384521484,98.74043273925781,99.92276000976562,100.49862670898438
75.07840728759766,75.71210479736328,76.26071166992188,76.92633056640625,77.83557891845703,78.649658203125,79.04093933105469,79.1858139038086,79.3602523803711,79.68221282958984,80.25061798095703,81.01822662353516,81.6738052368164,82.08861541748047,82.50392150878906,83.35594177246094,84.60166931152344,85.28340148925781,85.05379486083984,84.85484313964844,85.32416534423828,86.08723449707031,86.63520050048828,87.02796173095703,87.63462829589844,88.6078109741211,89.62809753417969,90.13727569580078,89.93077850341797,89.38856506347656,88.82103729248047,88.46056365966797,88.74703216552734,89.89738464355469,91.88707733154297,94.01429748535156,95.01194763183594,94.9527587890625,94.90896606445312,95.05780029296875,95.70603942871094,97.35794830322266,98.86180114746094,99.20868682861328
73.8108139038086,73.88127136230469,74.2406234741211,75.20142364501953,76.43939208984375,77.31415557861328,77.58406829833984,77.59060668945312,77.84864807128906,78.53681182861328,79.36319732666016,79.9866943359375,80.5853042602539,81.36563873291016,82.31570434570312,83.24732208251953,83.89735412597656,84.19957733154297,84.22657012939453,84.4591293334961,85.18153381347656,85.87145233154297,86.31040954589844,86.86346435546875,87.56034088134766,88.31989288330078,89.062255859375,89.37845611572266,88.90696716308594,88.14891052246094,87.614501953125,87.28484344482422,87.35443115234375,88.27589416503906,90.08470916748047,91.93791961669922,92.70811462402344,92.80303192138672,93.29553985595703,93.91336059570312,94.82762908935547,96.57872009277344,97.94500732421875,97.97871398925781
72.60496520996094,72.24386596679688,72.64795684814453,74.04742431640625,75.55198669433594,76.22814178466797,76.11243438720703,76.01656341552734,76.48393249511719,77.18645477294922,77.65113830566406,78.19658660888672,79.39411926269531,81.01461029052734,82.1429214477539,82.46845245361328,82.55857849121094,82.70853424072266,82.76045989990234,83.17833709716797,84.1146011352539,84.61167907714844,84.59984588623047,85.02003479003906,85.95713806152344,86.77611541748047,87.33670806884766,87.80424499511719,87.84579467773438,87.44612884521484,87.11396026611328,86.93788146972656,86.9149398803711,87.43465423583984,88.71622467041016,90.05098724365234,90.63215637207031,91.06251525878906,92.239501953125,93.42689514160156,94.61988830566406,96.32476043701172,97.28069305419922,97.0569839477539
71.40418243408203,70.99671173095703,71.5053482055664,72.85700988769531,73.94366455078125,74.13203430175781,73.84229278564453,73.82779693603516,74.230712890625,74.76101684570312,75.40205383300781,76.57167053222656,78.14654541015625,79.36170959472656,80.0345458984375,80.49655151367188,80.80733489990234,81.00947570800781,81.3853759765625,81.94366455078125,82.28633117675781,82.15611267089844,81.9388198852539,82.10787200927734,82.77567291259766,83.62332916259766,84.29045104980469,84.9521713256836,85.6562271118164,86.02833557128906,86.04878997802734,85.99007415771484,86.0762939453125,86.51801300048828,87.11390686035156,87.40740966796875,87.71966552734375,89.11669921875,91.73931884765625,93.61934661865234,94.14111328125,94.98206329345703,96.1177978515625,96.5617904663086
70.12101745605469,70.339111328125,70.6744155883789,71.07803344726562,71.31128692626953,71.28486633300781,71.18376922607422,71.25730895996094,71.72000885009766,72.48221588134766,73.56745910644531,74.66443634033203,75.5163345336914,76.37281036376953,77.48360443115234,78.44622039794922,78.9713134765625,79.5133285522461,80.37391662597656,80.9028091430664,80.50186157226562,79.70951080322266,79.39261627197266,79.80378723144531,80.64395904541016,81.48119354248047,82.1822509765625,82.88475036621094,83.64205169677734,84.30109405517578,84.77420043945312,84.98731231689453,84.96981048583984,85.07511901855469,85.01219177246094,84.53614807128906,84.88420104980469,87.2141342163086,90.7412338256836,93.00968933105469,92.9982681274414,92.76163482666016,93.91242218017578,95.49627685546875
68.97494506835938,69.89469909667969,69.76227569580078,69.2099380493164,68.91542053222656,68.80563354492188,68.82272338867188,69.24131774902344,70.14701843261719,71.19120025634766,72.0051040649414,72.57283782958984,73.27838897705078,74.28614807128906,75.40459442138672,76.36798858642578,77.1988525390625,78.25344848632812,79.50756072998047,79.94509887695312,79.09814453125,78.0018310546875,77.6520004272461,78.22282409667969,79.40040588378906,80.5351333618164,81.29518127441406,82.01661682128906,82.79486846923828,83.46022033691406,84.25440216064453,84.99544525146484,84.97879028320312,84.15650939941406,82.89430236816406,82.0656967163086,83.15326690673828,86.23216247558594,89.5680160522461,91.39421844482422,91.15779113769531,90.50900268554688,91.36454772949219,93.37178802490234
67.77772521972656,68.56153869628906,67.94718170166016,67.39138793945312,67.54106140136719,67.82066345214844,67.96125793457031,68.12673950195312,68.61836242675781,69.58412170410156,70.62129211425781,71.3202133178711,71.87405395507812,72.63394165039062,73.68121337890625,74.82489776611328,75.77080535888672,76.96099853515625,78.56124114990234,79.19499206542969,78.0533676147461,76.4144515991211,75.82148742675781,76.55615234375,78.005859375,79.36962890625,80.10218811035156,80.8335952758789,82.0640869140625,83.16857147216797,83.98092651367188,84.7435073852539,84.705810546875,83.09188079833984,80.67288208007812,79.68235778808594,81.56163787841797,85.17217254638672,88.3905029296875,89.71932983398438,89.12018585205078,88.36122131347656,88.97351837158203,90.6305160522461
66.16006469726562,66.61975860595703,66.22216033935547,66.41340637207031,67.27708435058594,67.76509094238281,67.56784057617188,67.11969757080078,67.12643432617188,68.00119018554688,69.32181549072266,70.25878143310547,70.67230987548828,71.05650329589844,71.9487075805664,73.23062133789062,74.27182006835938,75.30844116210938,76.72655487060547,77.46649169921875,76.72415161132812,75.39337921142578,74.70471954345703,75.01577758789062,76.13329315185547,77.56548309326172,78.63604736328125,79.41224670410156,80.71812438964844,82.51004028320312,83.94371032714844,84.58716583251953,83.90907287597656,81.48924255371094,78.72451782226562,78.43267059326172,81.21857452392578,84.7836685180664,87.34851837158203,88.23455810546875,87.60609436035156,86.7169189453125,86.77660369873047,87.87023162841797
65.08390045166016,65.6553726196289,65.94306945800781,66.45079040527344,66.84415435791016,66.732421875,66.5298080444336,66.61741638183594,66.97408294677734,67.62545776367188,68.3980712890625,68.79157257080078,68.668212890625,68.69583892822266,69.64083862304688,71.2589111328125,72.43692779541016,73.05245971679688,74.04827880859375,75.04405212402344,74.87956237792969,73.78942108154297,72.98536682128906,73.16759490966797,74.38517761230469,76.1688232421875,77.8456039428711,79.11418914794922,80.36669921875,82.02262878417969,83.78002166748047,84.84033203125,83.82994842529297,80.60057067871094,77.89417266845703,78.83155059814453,82.5440673828125,85.78434753417969,86.94953155517578,86.77457427978516,86.1402816772461,85.1926498413086,84.78007507324219,85.81961059570312
64.68118286132812,65.16480255126953,65.68373107910156,65.90950775146484,65.56655883789062,65.16885375976562,65.4326400756836,66.20109558105469,66.94139099121094,67.46054077148438,67.69281768798828,67.34798431396484,66.68472290039062,66.58641052246094,67.73110961914062,69.63519287109375,71.14144134521484,71.87701416015625,72.2954330444336,72.35347747802734,71.72354125976562,70.90076446533203,70.64276885986328,71.1656265258789,72.4770278930664,74.49820709228516,76.6837158203125,78.42366027832031,79.84324645996094,81.26029968261719,82.66655731201172,83.6458511352539,82.45773315429688,78.9126968383789,76.7065200805664,79.05792236328125,83.25211334228516,85.79520416259766,85.85889434814453,84.9694595336914,84.17747497558594,83.3780746459961,83.10613250732422,84.38532257080078
63.80424499511719,64.04730224609375,64.55045318603516,64.54347229003906,63.7549934387207,63.27458572387695,64.00102233886719,65.35673522949219,66.39141082763672,66.72393035888672,66.34828186035156,65.45711517333984,64.8511734008789,65.29063415527344,66.59264373779297,68.10314178466797,69.32703399658203,69.81212615966797,69.48774719238281,68.76097869873047,68.06309509277344,67.70830535888672,67.89034271240234,68.61408233642578,69.92172241210938,71.98050689697266,74.48876953125,76.75576782226562,78.55435180664062,79.96234893798828,80.77684020996094,80.92473602294922,79.4424057006836,75.96492004394531,74.31370544433594,78.02041625976562,82.86433410644531,84.43546295166016,83.7294921875,82.93389129638672,82.42558288574219,81.92476654052734,81.99954986572266,83.34749603271484
62.28423309326172,62.2587776184082,62.590457916259766,62.480369567871094,61.718414306640625,61.402713775634766,62.35475158691406,64.06021118164062,65.2670669555664,65.4239501953125,64.74044799804688,63.75486755371094,63.26615524291992,63.72456741333008,64.9803695678711,66.67786407470703,68.09017181396484,68.14640045166016,66.97798156738281,65.91853332519531,65.6072769165039,65.7109146118164,66.01033782958984,66.76809692382812,68.16926574707031,70.21504974365234,72.85641479492188,75.56765747070312,77.69055938720703,79.04914855957031,79.4336929321289,78.70509338378906,76.58916473388672,73.60064697265625,72.98365783691406,77.09212493896484,81.64935302734375,82.80961608886719,82.48130798339844,82.28923034667969,81.40210723876953,80.69874572753906,81.76591491699219,83.58756256103516
60.23762130737305,59.83397674560547,59.786170959472656,59.81322479248047,59.79301834106445,60.00715255737305,60.98170852661133,62.57573699951172,63.81321716308594,63.893951416015625,62.941741943359375,61.88359832763672,61.60499572753906,62.27503204345703,63.71639633178711,65.75672912597656,67.34668731689453,67.1302261352539,65.72885131835938,64.87724304199219,64.96016693115234,65.44011688232422,65.94701385498047,66.70930480957031,68.21855926513672,70.23632049560547,72.49348449707031,75.08360290527344,77.1762924194336,78.08613586425781,78.13800048828125,77.12708282470703,74.47572326660156,71.9338150024414,73.02668762207031,77.1136703491211,79.93327331542969,80.6666259765625,81.86652374267578,82.51773834228516,80.354736328125,78.88766479492188,81.69408416748047,84.71967315673828
57.71189880371094,56.75526809692383,56.34185028076172,56.848548889160156,57.93937683105469,59.12258529663086,60.37522506713867,61.67549514770508,62.517581939697266,61.98881149291992,60.237823486328125,59.002872467041016,59.096885681152344,59.99495315551758,61.83551788330078,64.57752990722656,66.16104125976562,65.43144226074219,64.19444274902344,63.9007682800293,64.0593032836914,64.39482879638672,64.84891510009766,65.54271697998047,67.2579574584961,69.50577545166016,71.3162841796875,73.47607421875,75.70173645019531,76.3691177368164,75.93029022216797,74.86701965332031,72.55238342285156,70.6593246459961,72.92024993896484,77.21200561523438,78.67942810058594,78.74962615966797,80.43872833251953,81.10470581054688,78.4903564453125,76.8859634399414,81.01302337646484,85.29054260253906
54.93336486816406,53.76678466796875,53.33281326293945,53.972557067871094,55.52635955810547,57.597129821777344,59.591976165771484,60.95173263549805,61.16264724731445,59.479434967041016,56.75682067871094,55.30480194091797,55.71807098388672,57.1417121887207,59.568092346191406,62.19195556640625,62.91859817504883,61.90829849243164,61.41557693481445,61.56767654418945,61.445377349853516,61.57212448120117,61.92749786376953,62.38850402832031,64.45761108398438,67.55010986328125,69.40735626220703,71.0232925415039,73.47228240966797,74.6285171508789,73.70843505859375,71.9801254272461,70.10552215576172,69.47879791259766,72.24327850341797,76.05459594726562,77.30331420898438,77.38436126708984,78.04098510742188,77.6209945678711,75.95317840576172,75.57723236083984,79.62744140625,83.93412017822266
52.08744812011719,50.8948974609375,50.7419319152832,51.60361099243164,53.66439437866211,56.61806106567383,59.34696578979492,60.65970230102539,59.573429107666016,56.50285720825195,53.86675262451172,53.55860900878906,54.593753814697266,55.987220764160156,58.202938079833984,59.97943115234375,59.641273498535156,58.64091110229492,59.06341552734375,59.75293731689453,59.59882354736328,60.1705436706543,61.285945892333984,61.64778518676758,63.082637786865234,66.21411895751953,68.27484130859375,69.14073181152344,70.8862533569336,72.31134796142578,71.40315246582031,69.25668334960938,67.51931762695312,67.48750305175781,70.11287689208984,73.25590515136719,74.8028335571289,75.45207214355469,75.31498718261719,74.08692169189453,74.02916717529297,75.41838073730469,77.76830291748047,80.28700256347656
