data/wind_data/wind_38_5.json
{"header": {"parameterUnit": "KT", "parameterCategory": 2, "nx": 256, "ny": 198, "lo1": 44.73521041870117, "la1": -3.236724853515625, "lo2": 111.26478576660156, "la2": 43.468475341796875, "dx": 0.2609002888202667, "dy": -0.23708222806453705, "refTime": "2025-02-20 14:00:00", "forecastTime": 0, "parameterNumber": 2, "parameterNumberName": "eastward_wind"}, "data":
[rows 171 to 189 of 198, columns 44 to 87 of 256]
21.024559020996094,21.153270721435547,21.68465232849121,22.729516983032227,22.195615768432617,19.91986846923828,17.193103790283203,14.451234817504883,13.363470077514648,13.934367179870605,15.437145233154297,16.458621978759766,16.530433654785156,16.339075088500977,16.215272903442383,15.681833267211914,14.739201545715332,13.621064186096191,12.072876930236816,10.797443389892578,10.448543548583984,10.676783561706543,10.693832397460938,10.12918472290039,9.225942611694336,8.665050506591797,8.67685317993164,8.946240425109863,8.963193893432617,8.620375633239746,8.231945037841797,7.990256309509277,8.100055694580078,8.253746032714844,8.392204284667969,8.801473617553711,9.340598106384277,10.313216209411621,10.937617301940918,10.943632125854492,11.19450569152832,11.998675346374512,12.882885932922363,12.7695951461792
22.309030532836914,23.10343360900879,23.516399383544922,22.407381057739258,20.57777214050293,18.312889099121094,16.10950469970703,14.261425018310547,13.908458709716797,15.09797477722168,16.201217651367188,16.351457595825195,16.057851791381836,16.019611358642578,15.757144927978516,14.979161262512207,14.132275581359863,12.846992492675781,11.345233917236328,10.746963500976562,10.788385391235352,10.809598922729492,10.556292533874512,9.881937980651855,9.14500904083252,8.915826797485352,9.124635696411133,9.184660911560059,8.737760543823242,8.137036323547363,7.654929161071777,7.572585105895996,8.007336616516113,8.412131309509277,8.394290924072266,8.672158241271973,9.249457359313965,9.7762451171875,10.3886079788208,10.401008605957031,10.69273567199707,11.733333587646484,12.841755867004395,12.997350692749023
23.604764938354492,24.287099838256836,22.98760986328125,20.687763214111328,18.90178871154785,16.77239227294922,15.23841381072998,15.029511451721191,15.824381828308105,16.38595962524414,15.965726852416992,15.28654670715332,15.386651992797852,15.670701026916504,15.059244155883789,13.894102096557617,12.622368812561035,11.396159172058105,11.017805099487305,11.14893913269043,11.10995864868164,10.760688781738281,10.24825382232666,9.635781288146973,9.260974884033203,9.345694541931152,9.507122993469238,9.17082691192627,8.376982688903809,7.585211277008057,7.0812153816223145,7.286487579345703,8.030181884765625,8.505349159240723,8.343427658081055,8.429621696472168,9.079145431518555,9.274977684020996,9.579560279846191,9.939385414123535,10.3921480178833,11.186853408813477,12.051027297973633,12.6050386428833
24.265165328979492,23.648555755615234,21.680559158325195,19.63861656188965,17.909887313842773,16.041296005249023,14.74521255493164,15.849113464355469,17.440624237060547,17.188251495361328,15.493332862854004,14.578136444091797,15.104805946350098,15.294889450073242,14.233078002929688,12.590408325195312,11.428003311157227,11.170689582824707,11.484512329101562,11.552191734313965,11.13221549987793,10.512594223022461,9.90876579284668,9.558618545532227,9.552770614624023,9.770172119140625,9.675555229187012,8.963644981384277,7.899058818817139,6.902410507202148,6.559329032897949,7.1610636711120605,8.073101043701172,8.417264938354492,8.261320114135742,8.28553581237793,8.745831489562988,8.904838562011719,8.930984497070312,9.383352279663086,9.696276664733887,10.044268608093262,10.964734077453613,12.069845199584961
24.497413635253906,23.323848724365234,21.466623306274414,19.886577606201172,17.754045486450195,15.612833023071289,15.035737991333008,16.67976951599121,18.035327911376953,17.315385818481445,15.537837028503418,14.873833656311035,15.136224746704102,14.753031730651855,13.380300521850586,11.886496543884277,11.386231422424316,11.695914268493652,11.921001434326172,11.609947204589844,10.872547149658203,10.144580841064453,9.747976303100586,9.70792293548584,9.863266944885254,9.965129852294922,9.56693172454834,8.548928260803223,7.152549743652344,6.139637470245361,6.237776279449463,7.141902923583984,7.977659702301025,8.164840698242188,8.166654586791992,8.196879386901855,8.203398704528809,8.268882751464844,8.393857955932617,8.846707344055176,9.23759937286377,9.564972877502441,10.432726860046387,11.773314476013184
24.159677505493164,23.001359939575195,21.451305389404297,20.165067672729492,18.09161376953125,16.19514274597168,16.390581130981445,17.643558502197266,18.006101608276367,17.126480102539062,15.991299629211426,15.533586502075195,15.292811393737793,14.454911231994629,13.006891250610352,11.890119552612305,11.747926712036133,11.972805976867676,11.845430374145508,11.110612869262695,10.327363014221191,9.873224258422852,9.815140724182129,9.89377498626709,9.933762550354004,9.81782341003418,9.206510543823242,7.863038063049316,6.250085353851318,5.581107139587402,6.138443470001221,7.097229480743408,7.7023210525512695,7.867515563964844,8.008502006530762,7.878045082092285,7.483731269836426,7.383784294128418,7.763054370880127,8.361115455627441,9.089020729064941,9.695060729980469,10.308110237121582,10.990728378295898
22.900354385375977,21.94721794128418,21.02562713623047,20.15876007080078,18.656150817871094,17.239931106567383,17.503753662109375,18.10154914855957,17.747827529907227,16.99586296081543,16.449222564697266,16.10346794128418,15.4801607131958,14.219647407531738,12.65848159790039,11.764313697814941,11.717794418334961,11.638713836669922,11.100092887878418,10.309900283813477,9.907798767089844,9.97217845916748,10.126381874084473,10.01539134979248,9.81166934967041,9.555063247680664,8.710062026977539,6.9865498542785645,5.452049732208252,5.276645183563232,6.119379997253418,6.9686431884765625,7.332732200622559,7.508480548858643,7.566317558288574,7.164499759674072,6.643781661987305,6.684844970703125,7.237606525421143,7.941761016845703,8.776020050048828,9.492354393005371,9.828483581542969,9.984915733337402
21.541719436645508,21.050870895385742,20.59482192993164,20.10566520690918,19.121814727783203,17.98904800415039,17.821922302246094,17.8863525390625,17.641511917114258,17.23798179626465,16.86780548095703,16.30394172668457,15.273905754089355,13.670868873596191,12.078795433044434,11.225746154785156,11.116573333740234,10.786612510681152,9.979588508605957,9.663590431213379,10.014994621276855,10.473526000976562,10.464384078979492,10.031140327453613,9.667975425720215,9.266481399536133,8.064409255981445,6.064075469970703,4.846195220947266,5.143988132476807,6.083616256713867,6.710544586181641,6.865523338317871,6.972857475280762,6.800201416015625,6.169227600097656,5.794858455657959,6.191030979156494,6.904986381530762,7.578990459442139,8.255036354064941,8.834118843078613,9.160100936889648,9.183895111083984
21.18703842163086,20.848554611206055,20.233718872070312,19.7888126373291,19.053386688232422,18.228172302246094,17.68939971923828,17.588422775268555,17.80607795715332,17.729158401489258,16.96235466003418,15.936861038208008,14.989883422851562,13.245560646057129,11.332817077636719,10.473278045654297,10.319668769836426,9.750540733337402,9.1379976272583,9.601759910583496,10.584601402282715,11.070575714111328,10.709891319274902,10.023652076721191,9.521434783935547,8.889239311218262,7.230401992797852,5.123011112213135,4.385878086090088,5.055971622467041,5.913639068603516,6.193987846374512,6.218926906585693,6.202262878417969,5.700874328613281,5.000363826751709,4.989162445068359,5.6444902420043945,6.495883464813232,7.257315635681152,7.693115711212158,8.119791030883789,8.524999618530273,8.346970558166504
20.940767288208008,20.65345573425293,19.64362335205078,19.022960662841797,18.610754013061523,18.15715980529785,17.48841667175293,17.50529670715332,18.291704177856445,18.315662384033203,17.038663864135742,15.639296531677246,14.449003219604492,12.587759971618652,10.68752670288086,9.910158157348633,9.485445022583008,8.874848365783691,8.942085266113281,10.059889793395996,11.208081245422363,11.456284523010254,10.876425743103027,9.994943618774414,9.295283317565918,8.254005432128906,6.117798805236816,4.237407207489014,4.082970142364502,4.920985698699951,5.387283802032471,5.34199333190918,5.369466781616211,5.08689022064209,4.296541690826416,3.8866684436798096,4.381916522979736,5.234512805938721,6.117238998413086,6.847907543182373,7.048498153686523,7.315339088439941,7.377318859100342,6.788270473480225
19.62911605834961,19.763010025024414,18.898265838623047,18.45681381225586,18.50140380859375,18.07056427001953,17.409927368164062,17.721445083618164,18.518598556518555,18.405168533325195,17.136920928955078,15.414078712463379,13.496786117553711,11.582751274108887,10.150391578674316,9.387432098388672,8.750088691711426,8.470653533935547,9.22409439086914,10.709324836730957,11.642784118652344,11.610054969787598,10.819672584533691,9.773358345031738,8.963720321655273,7.363697528839111,4.92250919342041,3.547654628753662,3.8774561882019043,4.5263800621032715,4.430075645446777,4.287642955780029,4.263768672943115,3.639054298400879,2.9063940048217773,3.0806617736816406,3.9105823040008545,4.807379722595215,5.53555154800415,6.05743932723999,6.237637519836426,6.033045768737793,5.4030442237854,4.718831539154053
17.435558319091797,18.239301681518555,18.234882354736328,18.383525848388672,18.61159324645996,18.194171905517578,17.713626861572266,17.875972747802734,18.113868713378906,17.63072967529297,16.440378189086914,14.551939010620117,12.450965881347656,10.76821517944336,9.732379913330078,9.006352424621582,8.426222801208496,8.584014892578125,9.76343059539795,11.250941276550293,11.841118812561035,11.515390396118164,10.439447402954102,9.50466537475586,8.559019088745117,6.275476932525635,3.822421073913574,3.059652090072632,3.606748580932617,3.7918753623962402,3.374999523162842,3.2969908714294434,2.934575080871582,2.044398307800293,1.7313698530197144,2.245859384536743,2.7651283740997314,3.1813035011291504,3.630607843399048,4.273549556732178,4.41264533996582,3.613252639770508,3.037487745285034,2.952263593673706
16.1575984954834,16.648239135742188,17.32514762878418,18.209121704101562,18.642295837402344,18.490150451660156,18.206192016601562,18.064054489135742,17.65000343322754,16.753202438354492,15.472264289855957,13.66792106628418,11.757314682006836,10.464701652526855,9.737197875976562,9.043364524841309,8.560861587524414,8.940441131591797,10.317912101745605,11.61172866821289,11.910503387451172,11.170364379882812,10.007225036621094,9.341259956359863,7.913316249847412,5.072847843170166,3.021512508392334,2.749438524246216,3.1994731426239014,2.9183223247528076,2.5247128009796143,2.2657740116119385,1.365199327468872,0.5291306972503662,0.5886831879615784,0.6393255591392517,0.32410991191864014,0.20184603333473206,0.5166811943054199,1.026241421699524,1.0884206295013428,0.8797541856765747,1.21698796749115,2.035954236984253
16.280946731567383,15.987165451049805,16.46919059753418,17.540769577026367,18.254505157470703,18.48497772216797,18.444278717041016,18.249347686767578,17.694826126098633,16.659706115722656,15.201032638549805,13.25980281829834,11.414862632751465,10.63779067993164,10.199746131896973,9.468341827392578,8.835071563720703,9.222896575927734,10.738349914550781,11.926353454589844,11.847331047058105,10.688036918640137,9.73280143737793,9.049053192138672,6.860905647277832,3.9638118743896484,2.5542237758636475,2.5440964698791504,2.6249778270721436,1.9998905658721924,1.6566368341445923,0.9188776612281799,-0.33322641253471375,-0.9223315119743347,-1.2422868013381958,-2.137598752975464,-2.838927984237671,-2.8854541778564453,-2.5930769443511963,-2.3689026832580566,-2.1955535411834717,-1.5941280126571655,-0.3321633040904999,1.1192861795425415
16.75758171081543,16.493486404418945,16.368398666381836,16.75515365600586,17.35576057434082,18.018177032470703,18.429624557495117,18.37952423095703,17.713842391967773,16.50751304626465,15.093572616577148,12.926301002502441,11.293858528137207,11.056329727172852,10.798879623413086,9.958227157592773,9.133569717407227,9.518549919128418,11.241429328918457,12.27617073059082,11.615056991577148,10.273279190063477,9.5677490234375,8.448465347290039,5.6495795249938965,3.146951198577881,2.313981771469116,2.3601460456848145,1.9348763227462769,1.2082242965698242,0.6219162940979004,-0.7375370860099792,-1.9377739429473877,-2.6398627758026123,-3.8309543132781982,-5.094951152801514,-5.549708843231201,-5.576019287109375,-5.650501251220703,-5.791223526000977,-5.54818058013916,-4.483818054199219,-2.6594886779785156,-0.6076710820198059
17.19218635559082,17.06639862060547,16.837459564208984,16.580455780029297,16.573049545288086,17.089466094970703,17.59393882751465,17.404800415039062,16.553220748901367,15.715004920959473,14.635920524597168,12.53028392791748,11.428154945373535,11.500740051269531,11.180295944213867,10.276937484741211,9.443724632263184,9.974454879760742,11.870692253112793,12.502639770507812,11.2944917678833,10.037809371948242,9.377896308898926,7.651326656341553,4.646599769592285,2.663973569869995,2.1877784729003906,2.000913143157959,1.0432302951812744,0.39820995926856995,-0.7095218300819397,-2.1961829662323,-3.288733720779419,-4.596726894378662,-6.341414451599121,-7.494212627410889,-7.964451313018799,-8.485007286071777,-9.228034973144531,-9.739034652709961,-9.388672828674316,-7.961587429046631,-5.734526634216309,-3.186093330383301
17.49370765686035,17.52581214904785,17.431154251098633,16.914636611938477,16.338865280151367,16.54155921936035,16.436237335205078,15.550704956054688,15.039494514465332,15.032890319824219,14.155381202697754,12.405477523803711,11.907876014709473,11.848498344421387,11.236295700073242,10.413427352905273,9.901895523071289,10.806447982788086,12.649483680725098,12.65510368347168,11.135881423950195,10.028375625610352,9.12751293182373,6.86073637008667,3.9228227138519287,2.3717145919799805,2.0252368450164795,1.3941580057144165,0.2735789716243744,-0.5647791028022766,-2.236823797225952,-3.5326085090637207,-4.667669773101807,-6.635514736175537,-8.689990997314453,-9.706860542297363,-10.443799018859863,-11.589811325073242,-12.691534996032715,-13.174057960510254,-12.721185684204102,-11.333565711975098,-9.150538444519043,-6.4279046058654785
17.72627067565918,17.76917839050293,17.53664779663086,17.008129119873047,16.417911529541016,16.512710571289062,15.835138320922852,14.609416007995605,14.485292434692383,14.777684211730957,13.819549560546875,12.642187118530273,12.31177806854248,11.803791999816895,11.058502197265625,10.528770446777344,10.527332305908203,11.828376770019531,13.163697242736816,12.510636329650879,11.054978370666504,10.095905303955078,8.770645141601562,6.087899208068848,3.343860626220703,2.1094329357147217,1.6690118312835693,0.6674127578735352,-0.22345364093780518,-1.6585259437561035,-3.7199883460998535,-4.942956924438477,-6.455992221832275,-8.759021759033203,-10.562345504760742,-11.379563331604004,-12.433810234069824,-13.764992713928223,-14.719644546508789,-15.047993659973145,-14.796710968017578,-13.94063949584961,-12.357054710388184,-10.039582252502441
17.88796043395996,17.75688362121582,17.411949157714844,17.101648330688477,16.935029983520508,16.99028205871582,16.21981430053711,15.336835861206055,15.39479923248291,15.166707038879395,14.029505729675293,13.221263885498047,12.762713432312012,12.06981372833252,11.41223430633545,11.156736373901367,11.57620906829834,12.956358909606934,13.60566234588623,12.543731689453125,11.217812538146973,10.102001190185547,8.189257621765137,5.267868995666504,2.8232033252716064,1.740704894065857,1.0910890102386475,0.021764742210507393,-0.7967790365219116,-2.8489229679107666,-4.835756778717041,-5.987823963165283,-7.948437213897705,-10.182459831237793,-11.32801342010498,-12.062019348144531,-13.296072006225586,-14.582018852233887,-15.360783576965332,-15.590316772460938,-15.598134994506836,-15.362994194030762,-14.67844009399414,-13.455215454101562
