data/wind_data/wind_2025-02-21_23.json
{"header": {"parameterUnit": "KT", "parameterCategory": 2, "nx": 255, "ny": 198, "lo1": 44.73521041870117, "la1": -3.236724853515625, "lo2": 111.26478576660156, "la2": 43.468475341796875, "dx": 0.26192745566368103, "dy": -0.23708222806453705, "refTime": "2025-02-21 23:00:00", "forecastTime": 0, "parameterNumber": 2, "parameterNumberName": "eastward_wind"}, "data":
[rows 0 to 18 of 198, columns 172 to 214 of 255]
6.618346691131592,6.98798942565918,7.637502670288086,8.133162498474121,8.27910041809082,8.382080078125,8.591018676757812,8.944951057434082,9.390670776367188,9.708786010742188,9.8197603225708,9.709914207458496,9.497434616088867,9.383370399475098,9.508891105651855,10.051115989685059,10.530447006225586,10.287841796875,9.897835731506348,10.0336332321167,10.275960922241211,10.27498722076416,10.481915473937988,11.132750511169434,11.443156242370605,11.42596435546875,11.546431541442871,11.762889862060547,12.460478782653809,13.194084167480469,13.170421600341797,12.359161376953125,11.293804168701172,10.267653465270996,9.103155136108398,7.918966770172119,6.968811988830566,5.991424560546875,4.585293769836426,3.4137394428253174,3.167675256729126,3.0195674896240234,2.252425193786621
6.168039798736572,6.609705448150635,7.244207382202148,7.640676975250244,7.667574405670166,7.837260723114014,8.336272239685059,9.095209121704102,9.839763641357422,9.949053764343262,9.344139099121094,8.549423217773438,8.203765869140625,8.619420051574707,9.401768684387207,10.17630386352539,10.54451847076416,10.118278503417969,9.87549114227295,10.550477027893066,10.999002456665039,10.677075386047363,10.379838943481445,10.502120971679688,10.82249641418457,11.083819389343262,11.13409423828125,11.141359329223633,11.795409202575684,12.841813087463379,12.797910690307617,12.064581871032715,11.052069664001465,10.031386375427246,8.89493465423584,7.6953840255737305,6.459135055541992,5.180149078369141,3.8518810272216797,2.8323628902435303,1.6401317119598389,2.245102882385254,1.1288899183273315
6.650346755981445,7.12165641784668,7.296060085296631,7.22083044052124,7.029738903045654,7.154764175415039,7.719148635864258,8.409191131591797,8.935437202453613,9.104695320129395,8.841439247131348,8.185967445373535,7.773621082305908,8.32979679107666,9.260980606079102,9.693504333496094,9.739944458007812,9.705574989318848,9.857413291931152,10.279902458190918,10.500763893127441,10.284089088439941,9.829391479492188,9.50844955444336,9.72352409362793,10.327129364013672,10.379456520080566,9.891767501831055,10.389951705932617,11.72274398803711,12.193882942199707,11.689759254455566,10.955501556396484,9.974457740783691,8.543400764465332,6.981022357940674,5.630584239959717,4.448890209197998,3.344808578491211,2.5970425605773926,2.357168197631836,1.8000749349594116,0.3980276584625244
6.992665767669678,7.488628387451172,7.396841049194336,7.054466247558594,6.648705959320068,6.535258769989014,6.946322917938232,7.562702178955078,8.065279960632324,8.447136878967285,8.617167472839355,8.304435729980469,7.887056350708008,8.205435752868652,8.920594215393066,9.095651626586914,8.969907760620117,9.128314018249512,9.458039283752441,9.801369667053223,10.019881248474121,9.82455062866211,9.269637107849121,8.87469482421875,9.152667999267578,9.79769229888916,9.688108444213867,9.017115592956543,9.389010429382324,10.575000762939453,11.05242919921875,10.710403442382812,10.153555870056152,9.324601173400879,7.933799743652344,6.31405782699585,4.947532653808594,3.932526111602783,3.316922903060913,3.063676595687866,3.126163959503174,2.090980291366577,0.013723892159759998
6.823703765869141,7.01328706741333,7.103405475616455,7.651974678039551,7.248612403869629,6.1253790855407715,5.823488712310791,6.744056701660156,7.875698566436768,8.271428108215332,8.167776107788086,8.025800704956055,7.930706024169922,7.834239959716797,7.823352813720703,7.928519248962402,8.08318042755127,8.19430923461914,8.347457885742188,8.830720901489258,9.263518333435059,8.96723461151123,8.519466400146484,8.727481842041016,9.23169994354248,9.466053009033203,9.298858642578125,9.333935737609863,9.8261137008667,10.192992210388184,9.82712459564209,8.716536521911621,7.696619033813477,6.898597717285156,6.6394758224487305,6.502650737762451,5.803834438323975,5.291473388671875,5.532984733581543,5.693940162658691,6.922379970550537,5.787642002105713,1.4462474584579468
7.994515419006348,7.419900417327881,6.875355243682861,6.827490329742432,6.546082973480225,6.251676082611084,6.780800819396973,7.056094646453857,7.675271511077881,8.400871276855469,7.983193397521973,6.99793815612793,6.704190731048584,7.035553455352783,7.21602725982666,7.228254795074463,7.410801887512207,7.760629653930664,8.086268424987793,8.24477481842041,8.075554847717285,7.524627208709717,7.147744655609131,7.488286972045898,8.132859230041504,8.367155075073242,8.208195686340332,8.255970001220703,9.033768653869629,9.480419158935547,9.130552291870117,8.69680118560791,7.808582782745361,6.801008701324463,6.239476203918457,5.426056385040283,4.84277868270874,4.835677623748779,4.779698848724365,5.091718673706055,5.496899127960205,4.152765274047852,1.9768157005310059
8.143918991088867,8.383151054382324,7.285468101501465,6.489205837249756,6.836832046508789,7.434403419494629,7.28859806060791,6.932679653167725,6.873082637786865,7.609188079833984,7.609759330749512,6.842819690704346,6.4336628913879395,6.3560686111450195,6.467839241027832,6.5734028816223145,6.8818745613098145,7.296113014221191,7.494264602661133,7.233928203582764,6.4867424964904785,5.604247093200684,5.134169578552246,5.693418025970459,6.628998756408691,6.762397289276123,6.346790790557861,6.4204301834106445,6.976837635040283,8.126609802246094,8.641655921936035,8.604108810424805,7.874808311462402,6.4597673416137695,5.282577991485596,2.0828816890716553,1.7047888040542603,4.761171340942383,5.091216564178467,4.643054008483887,4.272241592407227,3.434891700744629,1.9940366744995117
9.86547565460205,8.137619972229004,7.44533634185791,7.706170082092285,7.223786354064941,6.81807279586792,6.462338924407959,7.1017680168151855,7.849118709564209,7.642145156860352,6.105646133422852,5.406521797180176,6.060692310333252,6.078573226928711,5.553706169128418,5.359749794006348,5.788336753845215,6.180264472961426,5.995264530181885,5.5131659507751465,4.537302017211914,3.793888807296753,3.6948938369750977,4.133831977844238,4.881622314453125,5.084593296051025,4.928589344024658,5.220520973205566,5.938088893890381,7.466711044311523,7.773829936981201,7.906049728393555,6.736621856689453,6.007336139678955,5.107527256011963,1.7723124027252197,4.4274187088012695,4.3849897384643555,3.8556246757507324,5.079930305480957,2.9920876026153564,5.095974922180176,3.227865695953369
9.601478576660156,8.505877494812012,5.952832221984863,6.539947032928467,7.797987461090088,7.106404781341553,5.965500831604004,5.083373069763184,6.0369086265563965,5.793051242828369,3.9304821491241455,4.502907752990723,5.406400680541992,6.659422874450684,6.213140487670898,4.486161231994629,4.504919052124023,4.712699890136719,4.059919357299805,3.9695425033569336,3.9036765098571777,3.130302906036377,3.0015296936035156,3.3960890769958496,3.7376322746276855,4.206575870513916,4.127894401550293,4.559250831604004,5.468043804168701,6.444881916046143,7.556827545166016,7.583646774291992,6.423429012298584,4.107748031616211,0.9610529541969299,1.1423156261444092,4.284592628479004,5.365352153778076,4.591309547424316,3.6015102863311768,1.8145781755447388,2.531628131866455,2.2217354774475098
8.25864315032959,7.326088905334473,3.6961312294006348,6.026390552520752,9.752490997314453,6.679535865783691,4.220059394836426,4.706511497497559,4.728085517883301,3.156360149383545,2.6410768032073975,5.175357818603516,5.301619529724121,6.2520246505737305,6.172145366668701,3.366908311843872,4.140012741088867,3.7651331424713135,1.9575068950653076,2.695134401321411,3.4566125869750977,3.917670726776123,3.48335337638855,2.7955310344696045,3.384531021118164,3.428269624710083,2.9991326332092285,3.3959927558898926,4.603105545043945,6.260256290435791,6.866976737976074,6.429952621459961,4.526827335357666,3.602595329284668,4.1225266456604,4.259436130523682,3.45760440826416,4.82053804397583,4.151279449462891,1.7392125129699707,2.9895598888397217,1.461143970489502,0.36207276582717896
6.766903877258301,6.892622947692871,4.903777599334717,4.284998416900635,5.1486687660217285,5.259959697723389,5.4024882316589355,5.566007137298584,4.733185291290283,3.888427495956421,2.9924936294555664,4.546578407287598,5.388124465942383,3.893162727355957,4.540630340576172,4.464573383331299,3.362457275390625,0.1416454017162323,-0.9382290840148926,1.8539166450500488,1.9691922664642334,1.2223714590072632,2.687958240509033,4.238577365875244,1.954392910003662,1.8035629987716675,3.960670232772827,2.7906954288482666,3.5736660957336426,5.038794040679932,5.878276348114014,4.423478603363037,2.2554893493652344,3.2624781131744385,4.042054176330566,4.091744899749756,4.558343410491943,4.97346830368042,1.567764401435852,1.6183644533157349,0.9499151706695557,-0.8307049870491028,1.6066724061965942
6.220966339111328,7.40890645980835,6.314613342285156,5.135739326477051,4.620834827423096,5.494886875152588,5.800522804260254,4.677487373352051,5.598672389984131,7.172975540161133,5.4622483253479,2.770657777786255,1.9094409942626953,1.88591730594635,4.548096656799316,2.878596782684326,-0.7125258445739746,0.03563129901885986,0.1334877461194992,1.945278525352478,1.7450047731399536,0.7367244362831116,1.894014835357666,1.4277228116989136,-0.6476613879203796,2.226137638092041,4.385695457458496,2.652026653289795,2.988544225692749,4.089597702026367,4.073352813720703,3.703087091445923,3.2500901222229004,2.700944662094116,2.3308169841766357,3.3481366634368896,4.095666885375977,2.275477647781372,-1.0643006563186646,-0.13572841882705688,0.6006178259849548,-0.7220688462257385,1.5607845783233643
5.8412861824035645,4.728952407836914,5.664632797241211,4.160780429840088,4.688081741333008,4.532937049865723,5.310364723205566,5.517475128173828,5.968443870544434,5.503609657287598,3.446585178375244,2.7842817306518555,3.566218137741089,1.1371653079986572,-0.008009294979274273,1.615430235862732,0.31046557426452637,2.98763370513916,1.4969103336334229,0.025742709636688232,0.5808695554733276,0.6390628218650818,1.4822912216186523,0.35536181926727295,0.20615413784980774,1.291874647140503,2.3294804096221924,2.018073797225952,1.8709299564361572,2.795830011367798,3.0627036094665527,4.120631694793701,3.9475111961364746,2.7179596424102783,1.874036431312561,2.7564356327056885,1.2828166484832764,0.3485245704650879,0.40937724709510803,-0.6368188261985779,0.44533005356788635,1.0410789251327515,2.349039316177368
6.587064743041992,4.9435505867004395,3.9084856510162354,3.9250121116638184,4.370410442352295,4.812450885772705,5.371161937713623,4.36330509185791,4.628781318664551,3.6053340435028076,2.899945020675659,4.949396133422852,1.3881824016571045,-1.9479563236236572,0.2861380875110626,1.728218913078308,3.0978918075561523,3.9010212421417236,0.37252211570739746,0.3756590783596039,-1.5541329383850098,-2.0541887283325195,1.062124252319336,0.3243721127510071,0.8704166412353516,0.4016762673854828,0.012647525407373905,1.695218563079834,1.2777847051620483,1.226619839668274,2.488504409790039,4.881035327911377,3.8867430686950684,1.3641499280929565,1.6107600927352905,0.8413755893707275,-0.8654165267944336,-1.8017199039459229,-1.9181106090545654,-1.736633062362671,0.1475638747215271,2.34767746925354,3.05584454536438
3.9880502223968506,2.9493095874786377,3.3115532398223877,3.8102028369903564,5.277634143829346,3.7417263984680176,5.363883972167969,4.848138809204102,1.7426879405975342,3.3514535427093506,1.8493002653121948,1.2555986642837524,1.2164925336837769,0.06561259925365448,0.5364988446235657,2.676697015762329,2.980834484100342,-0.07584451138973236,-0.10989755392074585,2.2484586238861084,-2.5751240253448486,-3.3098738193511963,0.15267632901668549,-0.271343857049942,0.36833348870277405,-0.33195769786834717,0.007102354895323515,1.0379376411437988,1.3680763244628906,1.3319761753082275,2.222313165664673,2.7923271656036377,2.3022940158843994,2.8412420749664307,-0.05631311610341072,-3.245833396911621,-1.8299494981765747,-1.2680480480194092,-0.5862094759941101,0.6370950937271118,1.780496597290039,2.6430842876434326,1.7453718185424805
1.4291718006134033,1.6145490407943726,0.9909703731536865,1.9310253858566284,3.929352283477783,4.079143047332764,4.621627330780029,3.485339879989624,1.2168083190917969,1.904616355895996,1.402093768119812,1.3384039402008057,1.246293067932129,1.2405587434768677,1.0166261196136475,2.45991587638855,1.547965168952942,-1.5384583473205566,-0.1893606185913086,0.10748111456632614,-1.4236979484558105,-1.516431450843811,-0.7122281193733215,-0.2407025247812271,-0.4192572832107544,-1.1855717897415161,0.35315465927124023,0.6148769855499268,0.5949011445045471,2.900989055633545,1.9751626253128052,0.729397714138031,2.9033782482147217,-0.4049205482006073,-7.714303016662598,-6.162179946899414,-1.5795838832855225,-2.154329776763916,0.055362921208143234,3.824404239654541,2.891444683074951,2.042736768722534,2.1073386669158936
0.36654341220855713,1.4552947282791138,0.4387601315975189,-0.29748567938804626,0.2903292775154114,0.22416333854198456,1.5921729803085327,2.892601490020752,3.136227607727051,2.4517605304718018,0.39115774631500244,1.019973635673523,1.6246421337127686,2.1187257766723633,0.12336546927690506,-0.44923803210258484,0.534559965133667,-0.5213829278945923,-0.6736839413642883,-1.45298171043396,-0.9848914742469788,-0.7688249945640564,-1.173218846321106,-1.592455506324768,-1.1583911180496216,-1.1834999322891235,0.20630189776420593,-0.15046630799770355,1.14201819896698,2.1024861335754395,-0.2663753926753998,1.3116244077682495,0.28182247281074524,-3.2249515056610107,-6.787037372589111,-7.3343505859375,-3.463660955429077,-3.1678566932678223,0.8660297989845276,4.222173690795898,3.8824894428253174,2.19330096244812,2.044888973236084
0.5029619932174683,-0.3889065682888031,-2.427988052368164,-3.370407819747925,-2.897199869155884,-1.1083053350448608,0.5408958196640015,3.1683120727539062,4.722376346588135,1.0443317890167236,-1.8010972738265991,-0.7543558478355408,0.8001627326011658,0.7081432938575745,-1.2051405906677246,-1.6615629196166992,-0.4745998680591583,-0.2137816697359085,-0.8043786883354187,-1.3993083238601685,-1.329947829246521,-1.3756834268569946,-1.6123992204666138,-1.33788001537323,-1.1732200384140015,-1.0836637020111084,-0.09867724776268005,-0.07409299910068512,-0.0036761080846190453,0.04795778915286064,1.4263293743133545,0.3694884181022644,-4.009943008422852,-6.745122909545898,-7.110531806945801,-3.8729512691497803,-2.6666977405548096,-0.6851922273635864,2.3216447830200195,2.201185703277588,1.8294686079025269,1.7313047647476196,1.0323044061660767
-0.7056523561477661,0.8569406270980835,-2.0508811473846436,-4.446232795715332,-3.0277650356292725,-1.5269168615341187,1.0303643941879272,3.0790481567382812,2.117382526397705,-1.5850666761398315,-4.6807098388671875,-2.4235403537750244,-0.885185718536377,-1.4296479225158691,-2.1787021160125732,-2.254056215286255,-0.42390647530555725,-0.5798686742782593,-0.8634520769119263,-1.1791397333145142,-1.579621434211731,-0.8449574112892151,-0.736629843711853,-0.8072044849395752,-1.3922621011734009,-1.8508939743041992,-1.1332005262374878,-0.5358843207359314,-0.13641653954982758,0.3241729438304901,-2.2139785289764404,-1.1581871509552002,-2.5580615997314453,-6.117239952087402,-4.787991523742676,-2.6477210521698,-0.529758632183075,3.45747447013855,4.484810829162598,1.937326192855835,1.3939918279647827,1.2596267461776733,0.5925143361091614
