data/wind_data/wind_16_9.json
{"header": {"parameterUnit": "KT", "parameterCategory": 2, "nx": 256, "ny": 198, "lo1": 44.73521041870117, "la1": -3.236724853515625, "lo2": 111.26478576660156, "la2": 43.468475341796875, "dx": 0.2609002888202667, "dy": -0.23708222806453705, "refTime": "2025-02-19 16:00:00", "forecastTime": 0, "parameterNumber": 2, "parameterNumberName": "eastward_wind"}, "data":
[rows 133 to 151 of 198, columns 0 to 42 of 256]
3.8136179447174072,1.5078579187393188,2.4210617542266846,3.237926959991455,5.0759758949279785,5.59478235244751,5.82362699508667,5.442714691162109,4.037685394287109,2.027614116668701,0.2709115147590637,-0.8197122812271118,-1.579760193824768,-2.1858787536621094,-2.4384403228759766,-2.3487343788146973,-2.204340696334839,-2.1298580169677734,-1.8753196001052856,-1.2130131721496582,-0.4288613796234131,0.07318547368049622,0.14182227849960327,0.053501300513744354,0.28082430362701416,0.8888643383979797,1.1291548013687134,0.5482027530670166,0.20335347950458527,1.128725528717041,2.562880754470825,3.7816803455352783,5.101795196533203,6.070496082305908,6.418948650360107,6.61562967300415,6.586460590362549,5.450565814971924,4.6419596672058105,6.4136223793029785,9.265130043029785,10.459354400634766,9.813427925109863
4.670620441436768,2.3215410709381104,2.570178270339966,2.368868350982666,2.9841268062591553,4.122687339782715,5.190337181091309,5.693873405456543,5.216853618621826,3.78436279296875,2.2024855613708496,1.262610912322998,0.9148684144020081,0.7168759107589722,0.49733856320381165,0.44016963243484497,0.6569315791130066,0.9229273796081543,1.0298155546188354,1.0295078754425049,0.9018019437789917,0.5876656770706177,0.022622177377343178,-0.47090765833854675,-0.4008270800113678,2.9922906833235174e-05,-0.25052186846733093,-0.9888851046562195,-0.7480457425117493,0.6782947182655334,2.6890530586242676,5.130281448364258,6.614626884460449,5.678640842437744,4.245245456695557,4.5983757972717285,7.068879127502441,8.287632942199707,6.709447860717773,6.196702003479004,7.983391761779785,9.824894905090332,9.846850395202637
5.448105812072754,3.16422963142395,2.9140238761901855,2.0453197956085205,1.9576913118362427,3.6426286697387695,5.1970744132995605,6.0715012550354,6.091757297515869,5.103330135345459,3.6812450885772705,2.9087939262390137,3.094780921936035,3.5955028533935547,3.7141664028167725,3.43287992477417,3.2539894580841064,3.3885438442230225,3.438908815383911,3.0532689094543457,2.2509777545928955,1.2563328742980957,0.14842917025089264,-0.7746880054473877,-0.9645921587944031,-0.9198219776153564,-1.7505580186843872,-2.7852933406829834,-2.1480939388275146,-0.023739496245980263,3.1180124282836914,6.043996334075928,6.26678991317749,4.3720293045043945,2.66483473777771,3.876376152038574,7.701015472412109,9.916902542114258,7.9175310134887695,5.896675109863281,6.976364612579346,9.429940223693848,10.16375732421875
6.0907158851623535,4.090158939361572,3.7044575214385986,2.817735195159912,2.4616267681121826,4.060935974121094,5.605650424957275,6.573078632354736,6.754893779754639,5.974524021148682,4.660303115844727,3.9666287899017334,4.435661315917969,5.460533142089844,6.179805278778076,6.204646110534668,5.809606075286865,5.494522571563721,5.322287082672119,4.792572498321533,3.652679681777954,2.238185405731201,0.8512663841247559,-0.4569357633590698,-1.2744793891906738,-1.8636789321899414,-2.9035093784332275,-3.6374902725219727,-2.7834420204162598,-0.08178115636110306,3.9461276531219482,5.981950283050537,4.916956901550293,2.9790198802948,2.2561192512512207,4.200202941894531,7.697037696838379,9.408590316772461,8.127946853637695,6.312109470367432,6.66743278503418,8.686960220336914,9.95409107208252
6.590263843536377,4.520076751708984,4.4795451164245605,4.070186614990234,3.8417880535125732,4.9326324462890625,6.075654983520508,6.860675811767578,7.027936935424805,6.348575115203857,5.20551872253418,4.630650997161865,5.074901580810547,6.138058662414551,7.252840995788574,7.865180969238281,7.650417804718018,6.984471321105957,6.462456703186035,5.876406192779541,4.785408020019531,3.484884738922119,2.309148073196411,0.6884353160858154,-1.1225404739379883,-2.4767768383026123,-3.3329668045043945,-3.1083669662475586,-1.766047477722168,0.973847508430481,4.063217639923096,4.7639360427856445,3.5482559204101562,2.4022464752197266,2.777373790740967,4.656413555145264,6.7401862144470215,7.663462162017822,7.420618534088135,6.7364301681518555,6.588839530944824,7.498514652252197,8.959540367126465
6.885290622711182,4.51355504989624,4.852295875549316,4.87125825881958,5.054080486297607,5.779203414916992,6.551819801330566,6.955513000488281,6.807855606079102,6.109195232391357,5.294435501098633,5.029370307922363,5.477644443511963,6.3669891357421875,7.398260116577148,8.197394371032715,8.310948371887207,7.768163204193115,7.110805988311768,6.377961158752441,5.317897319793701,4.445558547973633,3.939711809158325,2.3073980808258057,-0.3408471643924713,-2.327476978302002,-3.0572030544281006,-2.077526569366455,0.06915531307458878,2.2686336040496826,3.223295211791992,3.154223680496216,2.6042606830596924,2.3190178871154785,3.206224203109741,4.683435916900635,5.369786262512207,5.808211803436279,6.781371116638184,7.012513160705566,6.024295806884766,5.8856096267700195,7.555533409118652
7.052060127258301,4.590383529663086,4.954838752746582,5.093628406524658,5.6125640869140625,6.444971084594727,7.184113502502441,7.106003761291504,6.342410087585449,5.518313884735107,5.120297908782959,5.305509567260742,5.9123101234436035,6.642668724060059,7.307509422302246,7.8417277336120605,8.04542064666748,7.788630485534668,7.266851425170898,6.525913238525391,5.548946380615234,5.056670665740967,5.1688127517700195,3.716312885284424,0.5456361174583435,-1.7708791494369507,-2.109215259552002,-0.6552000045776367,1.508497714996338,2.7184529304504395,2.6881508827209473,2.418848752975464,2.1794607639312744,2.3319602012634277,3.4619154930114746,4.418024063110352,4.188665866851807,4.820385456085205,6.780499458312988,6.9564619064331055,5.008208751678467,4.273160457611084,6.239192962646484
7.131289482116699,4.772756576538086,4.989757061004639,5.103000640869141,5.639104843139648,6.973661422729492,7.961923599243164,7.5234856605529785,6.198517322540283,5.237213611602783,5.17604923248291,5.7526164054870605,6.443549633026123,6.886724948883057,7.115443229675293,7.305186748504639,7.338350296020508,7.079320907592773,6.680539131164551,6.175226211547852,5.54564905166626,5.420903205871582,5.806312084197998,4.363730430603027,0.9615998864173889,-1.3258579969406128,-1.0768898725509644,0.662165105342865,2.1700687408447266,2.927715539932251,3.287248373031616,2.9718337059020996,2.169567346572876,2.4697210788726807,3.831277847290039,4.07496452331543,3.5250213146209717,4.924745082855225,7.123946666717529,6.463448524475098,3.834536552429199,3.175995349884033,5.352714538574219
7.149420261383057,5.02370548248291,5.4144792556762695,5.680845260620117,6.2078118324279785,7.651340484619141,8.652087211608887,8.085396766662598,6.635679244995117,5.718380451202393,5.854442596435547,6.541250705718994,7.02615213394165,7.033892631530762,6.918985366821289,6.824930667877197,6.520961761474609,5.955819129943848,5.4525251388549805,5.148355484008789,4.9981207847595215,5.318161964416504,5.6360063552856445,4.048049449920654,0.9873181581497192,-0.9059169888496399,-0.4653990864753723,1.2979627847671509,2.7604763507843018,3.6723709106445312,4.151995658874512,3.5362091064453125,2.7458906173706055,3.512446165084839,4.389402389526367,3.403244972229004,3.0524942874908447,5.283823490142822,7.488145351409912,6.244369029998779,3.5848281383514404,3.181016206741333,4.917252063751221
7.262355327606201,5.739907741546631,6.608992099761963,7.0671706199646,7.5751471519470215,8.452619552612305,8.969035148620605,8.367027282714844,7.251168251037598,6.69636869430542,6.977842807769775,7.503051280975342,7.573275566101074,7.2209858894348145,6.9444260597229,6.581642150878906,5.809804916381836,4.7602739334106445,3.947460651397705,3.690640926361084,3.9878242015838623,4.666658401489258,4.826414108276367,3.197929859161377,0.6615252494812012,-0.6788058876991272,-0.0006531411781907082,1.7627936601638794,3.3487417697906494,4.379025459289551,4.585193634033203,3.850170850753784,3.6416521072387695,4.6169514656066895,4.6641926765441895,3.0547122955322266,2.767024517059326,5.049649238586426,7.516096115112305,6.899873733520508,4.760035514831543,4.354883193969727,5.285755157470703
7.445855140686035,7.0479254722595215,8.02579402923584,8.372034072875977,8.853870391845703,9.052251815795898,8.844290733337402,8.195128440856934,7.690554141998291,7.7724928855896,8.242631912231445,8.44178295135498,8.048806190490723,7.552145481109619,7.184668064117432,6.490960121154785,5.259461402893066,3.729367256164551,2.555422306060791,2.3917322158813477,3.0862221717834473,3.9045894145965576,3.869204044342041,2.266897678375244,0.18160323798656464,-0.6030146479606628,0.370829701423645,2.0098609924316406,3.3178257942199707,4.229147434234619,4.571566581726074,4.313979625701904,4.475330352783203,5.078700542449951,4.442739486694336,2.7340309619903564,2.328920602798462,4.379261016845703,7.430626392364502,8.148645401000977,6.430333137512207,5.651256561279297,6.313615322113037
7.81705379486084,7.892664432525635,8.600449562072754,8.786762237548828,9.422188758850098,9.236283302307129,8.574100494384766,8.103389739990234,8.24233341217041,8.887007713317871,9.417238235473633,9.206464767456055,8.565328598022461,8.118589401245117,7.587893962860107,6.4614105224609375,4.758726119995117,2.809856414794922,1.6189582347869873,1.9476979970932007,3.0726828575134277,3.757633924484253,3.285804271697998,1.6278250217437744,-0.05447904393076897,-0.5746836066246033,0.18256275355815887,1.5236859321594238,2.7270419597625732,3.609534978866577,4.30703592300415,4.661489009857178,4.806548595428467,4.898548126220703,4.0956130027771,2.3648438453674316,1.5346938371658325,3.628910779953003,7.699198246002197,9.600057601928711,7.718478202819824,6.348929405212402,7.286519527435303
8.39236831665039,7.915778160095215,8.430126190185547,8.683996200561523,9.536361694335938,9.019431114196777,8.31568717956543,8.473210334777832,9.362759590148926,10.30627155303955,10.464019775390625,9.846717834472656,9.254908561706543,8.907891273498535,8.15121841430664,6.5599164962768555,4.38198184967041,2.294390916824341,1.5528420209884644,2.548374652862549,3.914647102355957,4.283632278442383,3.3775746822357178,1.5947858095169067,0.08837725967168808,-0.42431652545928955,-0.0403241291642189,0.9736734628677368,2.1118600368499756,3.367717742919922,4.606398582458496,4.969483852386475,4.467237949371338,4.242511749267578,3.882326126098633,2.583397388458252,1.66887629032135,3.6125879287719727,7.840268611907959,10.398436546325684,8.919528007507324,7.229182720184326,7.866258144378662
9.140328407287598,7.937198638916016,8.403905868530273,8.695720672607422,9.453394889831543,8.819398880004883,8.36711597442627,9.157407760620117,10.73681354522705,11.814043045043945,11.507604598999023,10.623434066772461,10.085050582885742,9.690150260925293,8.692639350891113,6.726870059967041,4.298614501953125,2.54532790184021,2.4553775787353516,3.7574715614318848,4.879889488220215,4.9587883949279785,3.7871758937835693,1.9232779741287231,0.701036810874939,0.40817928314208984,0.7566733956336975,1.6104800701141357,2.614490509033203,3.8990628719329834,5.11736536026001,5.203780651092529,4.39919900894165,4.006536483764648,4.054059028625488,3.632843017578125,3.1721553802490234,4.646881103515625,8.195043563842773,10.632394790649414,9.726518630981445,8.198442459106445,8.1880521774292
10.222274780273438,8.309657096862793,8.762717247009277,8.97053050994873,9.543542861938477,9.273494720458984,9.199079513549805,10.160924911499023,11.864360809326172,12.86584186553955,12.457514762878418,11.63121509552002,10.993988990783691,10.239195823669434,8.898001670837402,6.764120578765869,4.495046615600586,3.248039960861206,3.600773811340332,4.826207160949707,5.473042011260986,5.238613605499268,4.174074172973633,2.6218273639678955,1.6149038076400757,1.6438442468643188,2.412665843963623,3.3337604999542236,4.097096920013428,4.946945667266846,5.632231712341309,5.7166900634765625,4.9878249168396,4.184752941131592,4.191645622253418,4.740044593811035,5.36250638961792,6.771811008453369,9.393232345581055,10.825297355651855,9.675528526306152,8.372861862182617,8.294506072998047
11.25694751739502,8.74943733215332,9.169401168823242,9.471607208251953,10.225726127624512,10.418671607971191,10.661258697509766,11.520896911621094,12.79315185546875,13.392016410827637,13.029494285583496,12.434168815612793,11.743160247802734,10.634191513061523,8.944132804870605,6.6665849685668945,4.511836051940918,3.4986495971679688,4.13956356048584,5.3653974533081055,5.7272772789001465,5.207136154174805,4.416050910949707,3.4981987476348877,2.5562286376953125,2.5549607276916504,3.7178215980529785,4.955855846405029,5.73084020614624,5.790440559387207,6.026826858520508,6.519943714141846,6.157349586486816,4.846185207366943,4.504392147064209,5.744182109832764,7.137965679168701,8.650847434997559,10.850934028625488,11.404417037963867,9.27120304107666,7.627416133880615,7.9406867027282715
11.535348892211914,8.733871459960938,9.407102584838867,10.189451217651367,11.3257474899292,11.778498649597168,12.29401683807373,13.066805839538574,13.700018882751465,13.64492416381836,13.194607734680176,12.826739311218262,12.187307357788086,10.828475952148438,8.728548049926758,6.2004008293151855,4.122366905212402,3.3381919860839844,4.282634258270264,5.506254196166992,5.82066535949707,5.442939281463623,5.0723347663879395,4.446235179901123,3.3361454010009766,3.038196563720703,4.364966869354248,6.180424690246582,6.715456485748291,6.258309364318848,6.470205783843994,7.3226165771484375,7.4294610023498535,6.465583801269531,6.2871928215026855,7.380630016326904,8.261858940124512,9.234243392944336,11.009916305541992,11.598347663879395,9.295280456542969,7.077651500701904,7.525091648101807
11.416584968566895,8.386551856994629,9.723245620727539,11.212239265441895,12.57101821899414,13.15835952758789,13.923418045043945,14.623115539550781,14.615106582641602,13.80245590209961,13.080101013183594,12.854825019836426,12.33053207397461,10.766437530517578,8.187771797180176,5.286897659301758,3.1467583179473877,2.717710494995117,4.102475166320801,5.594311237335205,6.193491458892822,6.569981575012207,6.815293312072754,5.9853949546813965,4.24540376663208,3.8349902629852295,5.336418151855469,7.122392177581787,7.413323402404785,6.90162467956543,6.998205661773682,7.8893256187438965,8.808402061462402,9.111278533935547,9.055448532104492,9.239314079284668,9.305267333984375,9.184814453125,9.81043529510498,10.765169143676758,9.933247566223145,7.956860065460205,7.939852714538574
11.993122100830078,8.42427921295166,10.409873962402344,12.423332214355469,13.851917266845703,14.544012069702148,15.460240364074707,15.965396881103516,15.341999053955078,13.864005088806152,12.797079086303711,12.495386123657227,11.926568031311035,10.186902046203613,7.462919235229492,4.654038429260254,2.8334760665893555,2.948115348815918,4.4382147789001465,5.559906959533691,6.447115421295166,8.201105117797852,9.583711624145508,8.225687026977539,5.763359069824219,5.456589221954346,7.136490821838379,8.542593955993652,8.642023086547852,7.95663595199585,7.884862422943115,8.801568984985352,10.164068222045898,11.440529823303223,11.996604919433594,11.486291885375977,10.140412330627441,8.700603485107422,8.50998306274414,9.829019546508789,10.845839500427246,10.045511245727539,9.23038101196289
