data/wind_data/wind_61_8.json
{"header": {"parameterUnit": "KT", "parameterCategory": 2, "nx": 256, "ny": 198, "lo1": 44.73521041870117, "la1": -3.236724853515625, "lo2": 111.26478576660156, "la2": 43.468475341796875, "dx": 0.2609002888202667, "dy": -0.23708222806453705, "refTime": "2025-02-21 13:00:00", "forecastTime": 0, "parameterNumber": 2, "parameterNumberName": "eastward_wind"}, "data":
[rows 152 to 170 of 198, columns 176 to 219 of 256]
36.317752838134766,37.68388748168945,41.2567024230957,43.63401412963867,42.0706787109375,38.27263641357422,35.5384521484375,35.18254089355469,36.079872131347656,37.557071685791016,38.798492431640625,38.823036193847656,38.62422180175781,39.54936218261719,41.026851654052734,41.630733489990234,40.59021759033203,37.98686599731445,35.28401184082031,34.90242004394531,37.231788635253906,39.629676818847656,40.32660675048828,39.98554992675781,39.76422882080078,39.88124084472656,40.02686309814453,40.201351165771484,40.44321823120117,39.988094329833984,39.286293029785156,40.13006591796875,42.42768478393555,43.3426399230957,41.116485595703125,36.57939910888672,33.1942138671875,33.523860931396484,36.95817184448242,40.32794189453125,42.39222717285156,43.461204528808594,42.483787536621094,40.32569885253906
37.05972671508789,39.22018814086914,43.17905044555664,45.078857421875,42.64929962158203,38.29817581176758,35.47552490234375,35.13719940185547,36.12708282470703,37.63187789916992,38.82393264770508,38.731529235839844,37.542362213134766,37.02712631225586,37.6817626953125,38.646305084228516,39.27775192260742,38.35413360595703,35.20209503173828,32.810455322265625,33.87251663208008,36.88923263549805,38.74930191040039,39.137901306152344,38.66221237182617,38.92116165161133,40.73880386352539,41.878997802734375,39.534385681152344,36.25625228881836,36.9094123840332,40.84513473510742,44.55449676513672,43.98783874511719,38.65971755981445,33.09862518310547,31.093183517456055,32.758323669433594,36.40288543701172,39.65432357788086,42.481571197509766,43.68628692626953,41.56670379638672,39.07704162597656
37.47543716430664,40.553592681884766,44.38918685913086,44.80184555053711,41.324344635009766,37.76739501953125,36.70418930053711,36.93633270263672,37.19689178466797,37.75840759277344,38.55560302734375,38.4918098449707,37.10820007324219,35.24763870239258,34.29078674316406,35.183589935302734,37.72560119628906,39.052303314208984,36.59299850463867,33.56372833251953,33.93528366088867,36.551177978515625,38.386749267578125,38.91456604003906,38.657958984375,39.15815734863281,40.366607666015625,40.422088623046875,37.60968017578125,35.810340881347656,37.92726516723633,42.09318161010742,44.440406799316406,41.384788513183594,34.884071350097656,31.49161148071289,32.261817932128906,34.804996490478516,36.813072204589844,38.4718017578125,40.45219802856445,41.666778564453125,40.97071838378906,40.195125579833984
38.97853469848633,40.66189193725586,42.91987609863281,42.19974899291992,39.02486801147461,37.21617126464844,37.90562057495117,38.76464080810547,38.62633514404297,38.17988204956055,37.954166412353516,37.54650115966797,36.221675872802734,33.952415466308594,32.72227478027344,34.40838623046875,37.81151580810547,39.16542434692383,36.7456169128418,33.87406539916992,34.040096282958984,36.14109420776367,37.42111587524414,37.966339111328125,38.843109130859375,40.411617279052734,40.8623046875,39.3343620300293,36.75849533081055,35.90185546875,37.968162536621094,41.22148895263672,42.89906311035156,39.400718688964844,34.17059326171875,32.98231506347656,35.20112228393555,36.628379821777344,35.802791595458984,35.71787643432617,38.12786865234375,40.81553268432617,41.342769622802734,40.74808120727539
40.13896942138672,39.34668731689453,39.03001022338867,38.45219421386719,38.241477966308594,38.82611083984375,39.731685638427734,39.62049102783203,38.044395446777344,36.0026741027832,34.78373718261719,34.81828689575195,35.050655364990234,34.48012924194336,34.61650466918945,36.59809875488281,38.14524841308594,37.50684356689453,35.568641662597656,34.320030212402344,34.21610641479492,34.81629180908203,35.8249397277832,37.372108459472656,39.29288864135742,41.03602981567383,41.219627380371094,38.816558837890625,35.7754020690918,35.4787483215332,38.235572814941406,40.66090393066406,39.59184646606445,36.493125915527344,36.120262145996094,37.7730598449707,37.98790740966797,35.69367980957031,34.40966033935547,36.1984748840332,39.311614990234375,41.12282943725586,40.50936508178711,40.426002502441406
39.71128845214844,38.21358108520508,37.49440002441406,37.697662353515625,38.64118957519531,39.46048355102539,39.93547058105469,39.19155502319336,36.61542510986328,33.74744415283203,32.7681999206543,33.72540283203125,34.85839080810547,35.542274475097656,36.59326934814453,37.329612731933594,36.998252868652344,36.126277923583984,35.23784637451172,34.594078063964844,34.14326477050781,34.17500686645508,35.32862854003906,37.49003601074219,39.84164810180664,41.47996139526367,41.169593811035156,39.199188232421875,38.16633224487305,38.07229232788086,37.97030258178711,36.70241928100586,35.10309600830078,36.12256622314453,38.5578498840332,39.82489013671875,38.41292190551758,35.40239334106445,34.23754119873047,36.09107208251953,39.396244049072266,41.73759841918945,41.5566520690918,41.4617805480957
36.933837890625,36.393585205078125,36.99434280395508,37.381324768066406,37.51631546020508,38.1854362487793,39.17963790893555,38.50455856323242,35.999454498291016,33.43428039550781,32.78369140625,34.041141510009766,35.48918533325195,36.24782943725586,36.625,36.929256439208984,36.661136627197266,35.462894439697266,34.20438003540039,33.956241607666016,34.469356536865234,34.95662307739258,35.641334533691406,37.19167709350586,39.117923736572266,40.302574157714844,40.12224197387695,39.13668441772461,38.63945770263672,38.516845703125,37.957305908203125,36.720184326171875,35.7650146484375,35.914127349853516,37.12327575683594,38.89722442626953,39.921627044677734,38.3956184387207,36.07202911376953,36.492950439453125,39.235328674316406,41.43628692626953,41.36893081665039,40.864803314208984
34.03778839111328,35.15176773071289,37.01783752441406,37.343345642089844,36.44180679321289,35.82608413696289,35.345088958740234,34.968021392822266,34.41715621948242,33.732669830322266,34.10633850097656,35.39870834350586,36.05668258666992,35.97090530395508,36.10395431518555,36.57452392578125,36.49360275268555,35.232704162597656,34.03786849975586,34.14670944213867,35.19001770019531,35.51515579223633,35.41805648803711,36.49526596069336,38.25970458984375,39.31401443481445,38.65137481689453,36.8352165222168,35.58685302734375,35.918209075927734,36.8734130859375,37.04740524291992,35.71475601196289,33.89379119873047,34.247554779052734,37.07035446166992,40.3408088684082,40.980594635009766,39.64182662963867,39.19737243652344,39.879783630371094,40.548194885253906,41.09035873413086,41.778663635253906
35.026878356933594,36.39541244506836,37.0771598815918,35.95201110839844,35.20815658569336,35.02989959716797,34.1339111328125,33.01994705200195,33.10789108276367,34.199398040771484,35.256954193115234,35.53647994995117,34.98650360107422,34.44165802001953,34.5511360168457,35.73942565917969,37.05868148803711,36.27509307861328,33.68513488769531,32.3310546875,33.42253494262695,35.31283187866211,36.29752731323242,36.25565719604492,36.204586029052734,36.454566955566406,36.14971923828125,34.862815856933594,33.49101638793945,33.681854248046875,35.48878479003906,35.88439178466797,33.66207504272461,31.909652709960938,33.26432800292969,36.52519226074219,39.58039474487305,41.42106246948242,42.35761260986328,42.86057662963867,42.22954559326172,40.84360885620117,40.00236892700195,40.26313400268555
37.04632568359375,37.40864944458008,36.86270523071289,35.950355529785156,35.6103630065918,35.25365447998047,34.45674133300781,34.10900115966797,34.771156311035156,35.37323760986328,35.077884674072266,34.266815185546875,33.71137237548828,33.877655029296875,34.597557067871094,35.52932357788086,36.07919692993164,35.2213249206543,32.852935791015625,31.187437057495117,32.01198196411133,34.208717346191406,35.43251419067383,34.789493560791016,33.55500411987305,33.376930236816406,34.06423568725586,34.32341003417969,33.75033187866211,33.552555084228516,34.40137481689453,34.37703323364258,32.906959533691406,32.180702209472656,33.54802703857422,36.19157028198242,39.09663772583008,41.62353515625,43.71563720703125,44.87430953979492,43.95854568481445,41.29233169555664,38.47636795043945,37.06618118286133
36.91659927368164,38.172752380371094,38.38080978393555,37.4271354675293,35.963539123535156,34.062049865722656,33.14469909667969,34.06486511230469,35.13747787475586,34.954063415527344,34.12158203125,33.869529724121094,34.218265533447266,34.53520584106445,34.80915832519531,35.0449104309082,34.82466125488281,33.66022872924805,32.11646270751953,31.595083236694336,32.612056732177734,34.21147918701172,35.069644927978516,34.683414459228516,33.60811996459961,32.69036102294922,32.41902542114258,32.59461975097656,32.82914352416992,33.08433532714844,33.56968307495117,34.1172981262207,33.80177307128906,32.44286346435547,32.65997314453125,35.87041091918945,40.07680130004883,42.85157775878906,44.46013259887695,45.15672302246094,44.17853927612305,41.630645751953125,38.4823112487793,36.18342971801758
37.234642028808594,39.1059455871582,39.20850372314453,37.56167984008789,35.42741775512695,32.7217903137207,30.45872688293457,30.59050750732422,32.661434173583984,34.71905517578125,35.46937942504883,34.96261215209961,34.07889938354492,33.60108184814453,33.85956954956055,34.646244049072266,34.7884521484375,33.232574462890625,30.872577667236328,30.101675033569336,31.572092056274414,33.62056350708008,34.94142532348633,35.590728759765625,35.6552734375,34.667911529541016,33.03080368041992,31.88974952697754,31.817705154418945,32.45072555541992,33.17844009399414,33.599365234375,32.8988037109375,31.716209411621094,32.913818359375,37.20886993408203,41.661624908447266,43.59461975097656,43.87937545776367,43.457366943359375,42.52285385131836,41.160160064697266,39.301414489746094,37.82110595703125
37.71574020385742,39.202999114990234,38.9557991027832,37.15803146362305,34.99675369262695,31.818695068359375,29.168672561645508,29.471572875976562,32.090789794921875,34.74533462524414,36.0261344909668,35.392799377441406,33.50014877319336,32.14640808105469,32.54330062866211,34.08931350708008,35.29883575439453,34.67127990722656,32.240360260009766,30.120624542236328,30.117202758789062,31.73427963256836,33.7706298828125,35.84366989135742,37.26035690307617,37.00994873046875,35.284088134765625,33.380313873291016,32.60189437866211,32.97982406616211,33.624996185302734,33.47064208984375,32.01218032836914,31.751623153686523,34.59864044189453,39.27749252319336,41.63941192626953,41.11162567138672,40.34931564331055,40.532283782958984,41.304508209228516,40.89906311035156,39.45594787597656,38.59979248046875
37.86600112915039,38.81338119506836,38.71880340576172,36.90733337402344,34.633113861083984,32.43544387817383,30.81492805480957,30.993852615356445,32.77014923095703,34.40542221069336,34.803443908691406,34.085140228271484,32.82944107055664,31.895130157470703,32.19493103027344,33.53443145751953,34.852195739746094,35.105098724365234,33.93901824951172,32.2216911315918,31.27798843383789,31.92802619934082,33.991065979003906,36.3363151550293,37.63943099975586,37.44548416137695,36.42043685913086,35.13798522949219,34.2301139831543,34.2757682800293,34.25924301147461,33.162227630615234,32.23823165893555,33.2913818359375,36.9683837890625,40.36430740356445,39.80707931518555,37.60660171508789,37.32058334350586,39.398807525634766,41.23429870605469,40.59768295288086,38.82669448852539,38.06452178955078
38.17903518676758,38.24720001220703,37.75960922241211,36.394264221191406,35.185184478759766,34.26576614379883,32.633056640625,31.224517822265625,31.67439842224121,33.079830169677734,33.75128173828125,33.53469467163086,33.066749572753906,32.55817794799805,32.40141296386719,32.99424743652344,33.933448791503906,34.405181884765625,34.28401565551758,33.876216888427734,33.33891677856445,33.449893951416016,34.79772186279297,36.30778884887695,36.639408111572266,36.280128479003906,36.25445556640625,36.04130554199219,35.681278228759766,35.3509521484375,34.33403396606445,33.352081298828125,33.6531867980957,35.289608001708984,38.09538269042969,39.506446838378906,38.21352767944336,36.66668701171875,36.85074234008789,38.919349670410156,40.64291000366211,40.46614456176758,39.00090789794922,37.415306091308594
38.82643127441406,37.98481750488281,36.654640197753906,35.53201675415039,35.23894500732422,34.8299560546875,33.16116714477539,31.325870513916016,31.041826248168945,31.911027908325195,32.51344680786133,32.881591796875,33.46046829223633,33.50849914550781,32.546329498291016,31.691587448120117,32.08020782470703,33.30250930786133,34.337039947509766,34.579124450683594,34.16161346435547,34.080326080322266,34.704071044921875,35.04179382324219,34.789649963378906,34.99116516113281,35.94406509399414,36.328155517578125,36.356788635253906,36.00017547607422,35.00170135498047,34.84516906738281,35.8903694152832,36.23473358154297,36.95559310913086,37.84823989868164,37.942779541015625,37.15711975097656,36.3061637878418,37.05492401123047,38.81964874267578,39.927406311035156,39.05392074584961,36.70918655395508
38.45301055908203,37.66884231567383,36.29000473022461,34.80678939819336,34.03327560424805,33.798431396484375,33.24470138549805,32.13277816772461,30.957134246826172,30.427600860595703,30.88558578491211,32.36787796020508,33.9915771484375,34.31562805175781,33.130863189697266,31.76864242553711,31.618751525878906,32.587833404541016,33.624298095703125,34.006858825683594,34.02276611328125,34.29804611206055,34.75067901611328,35.002262115478516,35.06718444824219,35.31624221801758,35.82550048828125,35.866973876953125,35.84892654418945,36.39812088012695,36.34180450439453,35.95219421386719,36.02754592895508,35.50999069213867,35.5328483581543,37.110225677490234,38.58304977416992,37.782100677490234,35.36035919189453,34.39503479003906,35.9033088684082,37.70683670043945,38.0693244934082,36.983543395996094
37.17718505859375,36.681396484375,35.64980697631836,34.1607551574707,32.94668197631836,32.5350456237793,32.78164291381836,32.98707962036133,32.32455825805664,31.064212799072266,30.752845764160156,32.112518310546875,33.818809509277344,34.45115280151367,34.0716667175293,33.3410758972168,32.77960205078125,32.66771697998047,32.94938278198242,33.321861267089844,33.704044342041016,34.37311935424805,35.214630126953125,35.6125373840332,35.600120544433594,35.83148956298828,36.21135711669922,36.03120803833008,35.8359375,36.4329719543457,36.69668197631836,35.57484436035156,34.01513671875,33.478965759277344,34.2607421875,35.92201232910156,37.28306198120117,36.68560791015625,34.24710464477539,32.27465057373047,32.653411865234375,34.77165985107422,36.84680938720703,37.99983215332031
35.77979278564453,35.65493392944336,35.090972900390625,34.002159118652344,32.99391174316406,32.659568786621094,32.96562957763672,33.33412551879883,33.17946243286133,32.357173919677734,31.74372673034668,32.251502990722656,33.434608459472656,34.416019439697266,34.88972854614258,34.78989028930664,34.06539535522461,33.14812088012695,32.71878433227539,33.00607681274414,33.779747009277344,34.846866607666016,35.87416458129883,36.42898178100586,36.546424865722656,36.36069107055664,35.77073287963867,35.168731689453125,35.46733093261719,36.37730407714844,36.411895751953125,35.150146484375,33.18241882324219,31.44251251220703,31.055694580078125,32.0422477722168,33.841949462890625,35.325950622558594,35.37797927856445,33.995567321777344,32.814857482910156,33.17277908325195,34.94175338745117,37.161067962646484
