data/wind_data/wind_39_8.json
{"header": {"parameterUnit": "KT", "parameterCategory": 2, "nx": 256, "ny": 198, "lo1": 44.73521041870117, "la1": -3.236724853515625, "lo2": 111.26478576660156, "la2": 43.468475341796875, "dx": 0.2609002888202667, "dy": -0.23708222806453705, "refTime": "2025-02-20 15:00:00", "forecastTime": 0, "parameterNumber": 2, "parameterNumberName": "eastward_wind"}, "data":
[rows 133 to 151 of 198, columns 176 to 219 of 256]
35.1129035949707,31.606494903564453,31.335655212402344,33.690486907958984,36.66157150268555,39.35361099243164,41.715904235839844,43.56422805786133,43.953285217285156,43.566654205322266,42.82793045043945,41.49642562866211,40.542015075683594,41.89418411254883,45.272621154785156,48.815673828125,51.42137908935547,53.069252014160156,53.57445526123047,52.68431854248047,52.231834411621094,52.01277160644531,51.563941955566406,54.95798110961914,61.096553802490234,62.45923614501953,59.25940704345703,56.95585632324219,56.80418395996094,57.90329360961914,58.33625030517578,56.0767707824707,53.572837829589844,53.21535873413086,54.965267181396484,56.72482681274414,57.6152229309082,57.922508239746094,58.48570251464844,57.652381896972656,56.2905158996582,56.42251968383789,56.96501541137695,55.68007278442383
33.683677673339844,32.25220489501953,32.86286163330078,34.34080505371094,36.670204162597656,39.30399703979492,41.87086868286133,43.87446212768555,43.979888916015625,43.13998794555664,42.437007904052734,41.82929611206055,42.03410339355469,43.838287353515625,46.33310317993164,47.97169494628906,48.87632751464844,50.27880859375,51.85695266723633,52.581485748291016,52.964176177978516,52.837921142578125,52.421661376953125,55.003135681152344,59.62223434448242,60.35322189331055,57.34457778930664,55.27311325073242,55.399322509765625,56.735328674316406,57.3818473815918,56.55715560913086,55.70882797241211,56.39176559448242,58.663856506347656,60.157798767089844,60.5783576965332,60.34292984008789,59.49418640136719,58.22535705566406,57.386112213134766,57.83991241455078,59.03581619262695,58.33806228637695
34.88224792480469,35.55955123901367,36.670684814453125,37.58359146118164,38.087711334228516,38.33409881591797,39.75828552246094,42.041419982910156,43.32015609741211,43.32806396484375,43.106895446777344,43.600337982177734,44.89600372314453,46.64406204223633,47.66938781738281,47.2125244140625,46.940093994140625,48.347145080566406,49.99772644042969,50.735660552978516,51.65740203857422,52.64806365966797,53.301963806152344,55.80065155029297,59.115501403808594,58.793174743652344,55.166568756103516,52.82661056518555,53.155086517333984,54.9576416015625,56.69588088989258,57.28614807128906,57.05516052246094,57.53059387207031,59.513397216796875,61.62059783935547,62.4441032409668,61.5624885559082,59.40029525756836,57.745845794677734,57.137535095214844,57.69265365600586,59.05268859863281,58.67631149291992
36.98108673095703,37.482322692871094,38.44778823852539,39.74601364135742,39.91176223754883,38.54424285888672,38.204315185546875,39.599361419677734,41.2236328125,42.16568374633789,42.65996551513672,43.533287048339844,44.89213562011719,46.334808349609375,46.968509674072266,47.031288146972656,48.271446228027344,50.323883056640625,50.489845275878906,48.8077278137207,48.56648635864258,50.375701904296875,52.77140426635742,55.675567626953125,57.97444534301758,57.47129821777344,54.910709381103516,53.184967041015625,52.716224670410156,53.45389938354492,55.39534378051758,56.833770751953125,57.242340087890625,57.893341064453125,58.98786544799805,60.35721206665039,60.7500114440918,60.10595703125,58.78236770629883,57.3797492980957,56.10997772216797,55.7109260559082,57.168846130371094,58.85643768310547
38.71964645385742,39.980628967285156,39.939231872558594,39.053287506103516,38.18246841430664,37.262229919433594,36.985107421875,38.257667541503906,40.718502044677734,43.12217330932617,44.12310028076172,44.04539489746094,43.932395935058594,44.28558349609375,45.34331130981445,47.28180694580078,50.20178985595703,52.33314514160156,51.39518356323242,48.26875305175781,46.83370590209961,48.81854248046875,52.12895202636719,54.70949935913086,55.75908660888672,55.2202033996582,54.748897552490234,54.38326644897461,53.03965759277344,52.4405403137207,54.14175033569336,56.70976257324219,58.40224075317383,59.11543655395508,58.64447784423828,57.41720199584961,56.70975875854492,57.428993225097656,58.52309036254883,58.19049072265625,56.0587272644043,54.29347229003906,55.01515197753906,57.62360382080078
40.96953582763672,41.87223815917969,41.21521759033203,39.44391632080078,37.85377883911133,37.017093658447266,36.64860916137695,37.34298324584961,40.13243865966797,44.02622604370117,46.242408752441406,45.49349594116211,43.53480529785156,42.83908462524414,44.620548248291016,48.11134719848633,51.12549591064453,52.43561553955078,51.54976272583008,48.98373794555664,47.502952575683594,49.1175651550293,51.91597366333008,53.09273147583008,52.65298080444336,52.233116149902344,53.108680725097656,53.836307525634766,53.156524658203125,52.81338119506836,54.32866668701172,57.14059829711914,59.694766998291016,60.421810150146484,58.38920974731445,55.278682708740234,53.707942962646484,54.75807571411133,57.229339599609375,59.065128326416016,58.139434814453125,55.52524185180664,53.55175018310547,54.51913070678711
43.566131591796875,42.91128158569336,40.46202087402344,38.33805847167969,37.496097564697266,37.69255065917969,38.02314758300781,38.42506790161133,40.2852783203125,43.399356842041016,45.6882438659668,45.781158447265625,44.58083724975586,43.68962860107422,44.45050048828125,47.303157806396484,50.33559036254883,51.714725494384766,51.048702239990234,49.22318649291992,48.64295196533203,50.410579681396484,52.42007827758789,51.79911422729492,49.50401306152344,48.877506256103516,50.50830078125,52.30021286010742,53.35621643066406,54.9563102722168,56.626522064208984,58.03068542480469,59.62377166748047,60.258846282958984,58.3448371887207,55.318973541259766,53.50550079345703,53.89991760253906,56.13138198852539,59.119544982910156,59.38581848144531,56.85255432128906,53.9049072265625,52.6799430847168
44.293880462646484,42.04095458984375,38.96342468261719,37.25881576538086,37.58712387084961,38.745506286621094,39.213096618652344,39.34394073486328,40.70859146118164,42.91704177856445,44.449432373046875,45.10896682739258,45.75210189819336,45.99896240234375,45.630096435546875,46.30875015258789,48.41636276245117,50.20847702026367,50.66014099121094,50.41928482055664,50.49515151977539,51.17672348022461,51.597877502441406,50.340702056884766,48.104190826416016,47.42082977294922,49.055641174316406,51.634422302246094,54.39937973022461,57.3621711730957,58.435787200927734,57.54607391357422,57.422508239746094,58.29191970825195,58.246337890625,56.586490631103516,54.60653305053711,53.73337936401367,54.38644027709961,56.54330062866211,58.1369514465332,56.79838180541992,54.57071304321289,53.53242874145508
45.66700744628906,43.30729675292969,40.077728271484375,38.68900680541992,39.091941833496094,39.216651916503906,38.689022064208984,39.255043029785156,41.405094146728516,43.16994094848633,43.43116760253906,43.93496322631836,45.996009826660156,47.905723571777344,47.606475830078125,46.395626068115234,46.74773025512695,48.599464416503906,50.407291412353516,51.39759063720703,51.31654357910156,50.41854476928711,49.35892105102539,48.38915252685547,47.59579086303711,47.65555191040039,49.374481201171875,52.28115463256836,55.275638580322266,57.668643951416016,58.786373138427734,57.91853332519531,56.42037582397461,56.373870849609375,57.140647888183594,56.656063079833984,54.643917083740234,52.9033317565918,52.407318115234375,53.55632781982422,55.79388427734375,56.58241653442383,55.349056243896484,53.9347038269043
46.16914749145508,45.22587203979492,42.8157958984375,41.29618453979492,40.4178352355957,39.374698638916016,39.02052307128906,40.27934646606445,41.729286193847656,41.9756965637207,42.1674919128418,43.75861740112305,46.41444778442383,48.068687438964844,47.48783493041992,45.993961334228516,45.721500396728516,47.18641662597656,49.37310028076172,51.190364837646484,51.611427307128906,50.03787612915039,47.48684310913086,45.81653594970703,45.660099029541016,46.70651626586914,49.18230438232422,52.2929573059082,54.71962356567383,56.75295639038086,59.22816848754883,59.80894470214844,57.73690414428711,55.882347106933594,55.6988410949707,55.600711822509766,54.33289337158203,52.677886962890625,51.6179313659668,51.58300018310547,52.97624206542969,54.89910125732422,55.303382873535156,53.92710876464844
45.0046272277832,45.260406494140625,44.441524505615234,43.34135818481445,42.37050247192383,41.35023880004883,40.360687255859375,39.49216079711914,39.27320861816406,40.470096588134766,42.8001708984375,45.06487274169922,45.9757194519043,45.76215362548828,45.37255859375,45.476097106933594,46.18617630004883,47.34763717651367,48.96660232543945,50.64152908325195,51.08732986450195,49.4017448425293,46.2919921875,43.518409729003906,42.72305679321289,44.230201721191406,47.3675651550293,50.74047088623047,53.34323501586914,55.74998092651367,58.38022994995117,59.24600601196289,57.72652816772461,55.79701614379883,55.03379440307617,54.93278884887695,54.122501373291016,52.480186462402344,50.73517608642578,50.24701690673828,51.85652160644531,54.60247039794922,55.774391174316406,54.01538848876953
44.92433166503906,45.336326599121094,45.30018615722656,45.221561431884766,44.59426498413086,42.14437484741211,38.74905014038086,37.49540328979492,39.33589172363281,42.404815673828125,43.96015167236328,43.28385925292969,42.28147506713867,42.66993713378906,44.2138557434082,45.718955993652344,46.59098815917969,47.122901916503906,47.693111419677734,48.345802307128906,48.32587814331055,46.895668029785156,44.19182205200195,40.955135345458984,39.364444732666016,41.05282974243164,44.8908805847168,48.5114631652832,51.122047424316406,53.2789421081543,55.28300476074219,56.36122131347656,55.96882247924805,55.25629806518555,54.77293014526367,53.7840690612793,52.00421142578125,50.38636779785156,49.6755256652832,50.37213897705078,52.66621780395508,55.152469635009766,55.25297164916992,53.165164947509766
45.439849853515625,45.545894622802734,46.276092529296875,46.63492965698242,44.86283493041992,41.424049377441406,39.19961929321289,39.60751724243164,41.727413177490234,43.54281234741211,43.15463638305664,41.0866584777832,39.59059524536133,40.003387451171875,41.82295227050781,43.764705657958984,44.93278121948242,45.35053253173828,45.672237396240234,45.94593811035156,45.278804779052734,43.415199279785156,41.10350799560547,38.803749084472656,37.43988037109375,38.728309631347656,41.98579788208008,45.1490592956543,47.791465759277344,49.92749786376953,51.75516891479492,53.25741958618164,54.26577377319336,54.739356994628906,54.21521759033203,52.744319915771484,51.517024993896484,50.87371826171875,50.14426040649414,50.201515197753906,52.01759338378906,53.817928314208984,53.29840087890625,51.45716094970703
45.14887619018555,46.310203552246094,46.51779556274414,45.46479797363281,43.91152572631836,42.83561325073242,42.26218795776367,42.02570343017578,42.39976501464844,42.75557327270508,41.769493103027344,39.630741119384766,37.751304626464844,37.14143371582031,37.914180755615234,39.342857360839844,40.77121353149414,42.04005432128906,43.14501190185547,43.51862335205078,42.76192092895508,41.58467102050781,41.09138107299805,40.87370681762695,39.849708557128906,39.203800201416016,39.999446868896484,41.71282958984375,43.94437789916992,46.37036895751953,48.859458923339844,51.43833541870117,54.03594970703125,55.573429107666016,54.73062515258789,52.33967590332031,50.960994720458984,50.825260162353516,50.254249572753906,49.58616256713867,50.085201263427734,50.87643814086914,50.223209381103516,48.268898010253906
44.482059478759766,45.22002410888672,45.18697738647461,44.73782730102539,44.43415451049805,44.55010986328125,44.42599105834961,43.516998291015625,42.25698471069336,40.59046173095703,38.142234802246094,35.59490203857422,34.05611801147461,33.59265899658203,33.9685173034668,35.08545684814453,36.85550308227539,38.518123626708984,39.669395446777344,40.5114860534668,41.00372314453125,41.385536193847656,42.16738510131836,43.199302673339844,43.40443801879883,41.96406173706055,40.380516052246094,40.24549865722656,41.55192565917969,43.65057373046875,46.38340377807617,49.69184494018555,53.32569122314453,55.8108024597168,54.979530334472656,51.44649124145508,49.09683609008789,49.02287673950195,49.78093719482422,50.36079406738281,49.900299072265625,47.36501693725586,44.32698440551758,42.99199676513672
44.701602935791016,44.58652114868164,44.23067855834961,44.45691680908203,44.58161544799805,44.79477310180664,45.03596115112305,44.292213439941406,42.136756896972656,38.742618560791016,34.874000549316406,31.763792037963867,30.430578231811523,30.624114990234375,31.660369873046875,33.312984466552734,35.04295349121094,36.04322052001953,36.69358825683594,37.97487258911133,39.558040618896484,40.678062438964844,41.592506408691406,43.10042190551758,44.77283477783203,44.889381408691406,43.21165084838867,41.45575714111328,41.03125762939453,42.02324676513672,44.513668060302734,48.16927719116211,52.25422286987305,54.73201370239258,53.31448745727539,49.46223068237305,46.8949089050293,47.00648880004883,48.44853591918945,49.11613845825195,47.7101936340332,44.30813217163086,40.97617721557617,40.65790939331055
45.384395599365234,45.876747131347656,45.24359893798828,44.30952453613281,43.413421630859375,43.62272262573242,44.66347122192383,44.52724075317383,42.2987060546875,38.84698486328125,35.865760803222656,33.85118865966797,32.61692810058594,32.00926971435547,32.161766052246094,33.170921325683594,34.423851013183594,34.977455139160156,35.22909927368164,36.52764129638672,38.39350128173828,39.25040054321289,39.156368255615234,40.06313705444336,42.18029022216797,43.27436447143555,42.30310821533203,40.72807693481445,40.46707534790039,41.93585205078125,44.61800765991211,48.05044174194336,51.26144027709961,52.205726623535156,50.02470016479492,46.746490478515625,44.89946365356445,45.01552200317383,45.43290710449219,45.28049087524414,44.4738655090332,43.853431701660156,43.844058990478516,43.59074020385742
43.35209655761719,45.886375427246094,46.43015670776367,45.04706954956055,43.748817443847656,43.952396392822266,44.641273498535156,43.638832092285156,40.858367919921875,37.88975524902344,35.97488784790039,34.725704193115234,33.684688568115234,32.940887451171875,32.66130065917969,33.105987548828125,33.99322509765625,34.340579986572266,34.01243591308594,34.57167434692383,36.2818489074707,37.22657012939453,36.60376739501953,36.5985221862793,38.08565902709961,39.30961990356445,39.078426361083984,38.348228454589844,38.6530647277832,40.49000930786133,43.555538177490234,47.14680862426758,49.910945892333984,50.674049377441406,49.45671844482422,46.89692687988281,44.315608978271484,42.67316818237305,41.89228057861328,41.87495040893555,42.65885925292969,44.24934005737305,45.970726013183594,45.95417404174805
40.01594924926758,42.73031234741211,44.224525451660156,44.50014114379883,44.73048400878906,45.907466888427734,46.03104019165039,43.33090591430664,39.421630859375,36.49604034423828,35.095577239990234,34.224632263183594,33.173892974853516,32.00888442993164,31.09340476989746,30.877084732055664,31.331499099731445,31.68117332458496,31.242706298828125,31.38605308532715,33.044288635253906,34.83201599121094,35.43265151977539,35.87165832519531,36.92975616455078,37.834903717041016,38.34457778930664,38.789241790771484,39.53260040283203,41.12376022338867,43.48973846435547,46.11558532714844,47.87879180908203,48.51774597167969,48.625946044921875,47.72650909423828,45.048866271972656,41.57624435424805,38.91501998901367,37.75239562988281,38.91893768310547,42.083805084228516,45.443763732910156,46.7945442199707
