data/wind_data/wind_45_5.json
{"header": {"parameterUnit": "KT", "parameterCategory": 2, "nx": 256, "ny": 198, "lo1": 44.73521041870117, "la1": -3.236724853515625, "lo2": 111.26478576660156, "la2": 43.468475341796875, "dx": 0.2609002888202667, "dy": -0.23708222806453705, "refTime": "2025-02-20 21:00:00", "forecastTime": 0, "parameterNumber": 2, "parameterNumberName": "eastward_wind"}, "data":
[rows 57 to 75 of 198, columns 44 to 87 of 256]
-12.61542797088623,-12.81336784362793,-13.194302558898926,-13.62502670288086,-13.946224212646484,-14.191328048706055,-14.38756275177002,-14.557997703552246,-14.754419326782227,-14.931645393371582,-14.834240913391113,-14.563023567199707,-14.259721755981445,-14.140151977539062,-14.247519493103027,-14.505611419677734,-14.7217378616333,-14.82729721069336,-14.760595321655273,-14.598259925842285,-14.254209518432617,-13.848201751708984,-13.377799987792969,-13.015948295593262,-12.822216987609863,-12.841967582702637,-12.76745319366455,-12.44001293182373,-12.031776428222656,-11.680889129638672,-11.423072814941406,-11.25310230255127,-11.04743766784668,-10.835807800292969,-10.614765167236328,-10.369684219360352,-10.121014595031738,-9.759289741516113,-9.356908798217773,-8.802397727966309,-8.163610458374023,-7.5448689460754395,-7.041520595550537,-6.632090091705322
-11.561213493347168,-11.732931137084961,-12.043546676635742,-12.42622184753418,-12.70546817779541,-12.816757202148438,-12.906575202941895,-12.932461738586426,-13.07861328125,-13.362237930297852,-13.552460670471191,-13.491870880126953,-13.339386940002441,-13.245898246765137,-13.271109580993652,-13.353642463684082,-13.424986839294434,-13.55086898803711,-13.630818367004395,-13.393133163452148,-12.95333194732666,-12.657855033874512,-12.563578605651855,-12.39612865447998,-12.202244758605957,-12.192313194274902,-12.12141227722168,-11.86583137512207,-11.536226272583008,-11.15196704864502,-10.930811882019043,-10.804548263549805,-10.607550621032715,-10.275816917419434,-9.983206748962402,-9.63705825805664,-9.30925464630127,-8.970523834228516,-8.662431716918945,-8.241361618041992,-7.643071174621582,-6.96612024307251,-6.3983330726623535,-5.92296838760376
-9.867608070373535,-10.186506271362305,-10.57141399383545,-10.930082321166992,-11.181076049804688,-11.344496726989746,-11.41680908203125,-11.372366905212402,-11.440738677978516,-11.602174758911133,-11.701576232910156,-11.73067569732666,-11.749099731445312,-11.720519065856934,-11.812546730041504,-11.84811782836914,-11.859376907348633,-11.905242919921875,-12.048081398010254,-12.083734512329102,-11.841553688049316,-11.599678993225098,-11.575718879699707,-11.460710525512695,-11.288898468017578,-11.319443702697754,-11.102052688598633,-10.894949913024902,-10.541090965270996,-10.318678855895996,-10.14315128326416,-10.075224876403809,-9.862638473510742,-9.501753807067871,-9.18123722076416,-8.811127662658691,-8.403526306152344,-8.10461711883545,-7.874571323394775,-7.5366082191467285,-7.0504889488220215,-6.473647117614746,-5.876424312591553,-5.349692344665527
-8.109463691711426,-8.493796348571777,-8.94619369506836,-9.200641632080078,-9.347271919250488,-9.57982063293457,-9.795510292053223,-9.787392616271973,-9.73459529876709,-9.828794479370117,-9.900181770324707,-9.918892860412598,-10.006634712219238,-9.958345413208008,-9.96088695526123,-10.117958068847656,-10.241559028625488,-10.470205307006836,-10.557659149169922,-10.551051139831543,-10.582684516906738,-10.768218994140625,-10.817545890808105,-10.611287117004395,-10.345449447631836,-10.108250617980957,-9.92981243133545,-9.787083625793457,-9.543285369873047,-9.333108901977539,-9.153923034667969,-9.007184028625488,-8.80908489227295,-8.45419692993164,-8.092156410217285,-7.746275901794434,-7.4283366203308105,-7.185474872589111,-6.9773054122924805,-6.697539806365967,-6.312333106994629,-5.8334527015686035,-5.30466890335083,-4.844245910644531
-7.436697959899902,-7.640356063842773,-7.973598957061768,-8.198403358459473,-8.295412063598633,-8.299445152282715,-8.528238296508789,-8.714412689208984,-8.686087608337402,-8.572604179382324,-8.478529930114746,-8.572166442871094,-8.711624145507812,-8.693915367126465,-8.645955085754395,-8.727948188781738,-8.89100456237793,-9.228431701660156,-9.44580078125,-9.51839542388916,-9.750109672546387,-9.962126731872559,-9.950789451599121,-9.748414039611816,-9.456096649169922,-9.176528930664062,-9.008536338806152,-8.824127197265625,-8.663886070251465,-8.476966857910156,-8.226777076721191,-8.038619995117188,-7.825917720794678,-7.45682954788208,-7.0509209632873535,-6.642319202423096,-6.333527565002441,-6.144270896911621,-6.013673782348633,-5.842525959014893,-5.576554298400879,-5.2292799949646,-4.802914619445801,-4.437319278717041
-6.730916500091553,-6.8076581954956055,-6.935471534729004,-7.0524516105651855,-7.144892692565918,-7.190539360046387,-7.3767523765563965,-7.62533712387085,-7.763888835906982,-7.7520246505737305,-7.598326206207275,-7.568345069885254,-7.613894462585449,-7.686528205871582,-7.728793144226074,-7.834043502807617,-8.016361236572266,-8.230834007263184,-8.51607894897461,-8.891886711120605,-9.215445518493652,-9.236932754516602,-9.138453483581543,-9.044214248657227,-8.888996124267578,-8.677325248718262,-8.408586502075195,-8.117002487182617,-7.923906326293945,-7.731426239013672,-7.511631011962891,-7.335057258605957,-7.059925556182861,-6.718346118927002,-6.300290584564209,-5.867873191833496,-5.50385046005249,-5.266714096069336,-5.098060607910156,-4.937375545501709,-4.752094745635986,-4.5289225578308105,-4.273117542266846,-4.07039213180542
-5.468408584594727,-5.414424419403076,-5.265500545501709,-5.310334205627441,-5.412438869476318,-5.532195091247559,-5.788144588470459,-6.077432632446289,-6.303549766540527,-6.4308342933654785,-6.436218738555908,-6.409340858459473,-6.4450154304504395,-6.550158500671387,-6.723883628845215,-7.005225658416748,-7.256749153137207,-7.475720405578613,-7.734391212463379,-8.038199424743652,-8.32049560546875,-8.524514198303223,-8.64466667175293,-8.58073616027832,-8.37541389465332,-8.050924301147461,-7.72482967376709,-7.49205207824707,-7.333212375640869,-7.140588283538818,-6.906618118286133,-6.705124378204346,-6.430408000946045,-6.1167731285095215,-5.740623950958252,-5.327545642852783,-4.927077293395996,-4.6133270263671875,-4.3791985511779785,-4.199295997619629,-4.043381690979004,-3.880911111831665,-3.7305667400360107,-3.6503043174743652
-3.8765289783477783,-3.866966724395752,-3.7973241806030273,-3.8415958881378174,-4.045299053192139,-4.146751880645752,-4.434323310852051,-4.730103492736816,-4.908139228820801,-4.948430061340332,-4.981777667999268,-5.03806734085083,-5.162102699279785,-5.3974432945251465,-5.778328895568848,-6.192214012145996,-6.4910149574279785,-6.746954441070557,-6.9901862144470215,-7.223473072052002,-7.4293670654296875,-7.587711811065674,-7.607810020446777,-7.43736457824707,-7.208188533782959,-7.002513885498047,-6.830159664154053,-6.672138690948486,-6.488672733306885,-6.332461357116699,-6.153056621551514,-5.949157238006592,-5.698175430297852,-5.427368640899658,-5.155770301818848,-4.797852039337158,-4.400330543518066,-4.056135654449463,-3.797430992126465,-3.6137704849243164,-3.4874069690704346,-3.360487699508667,-3.2043118476867676,-3.0618793964385986
-2.5106351375579834,-2.506300210952759,-2.479581832885742,-2.737377643585205,-2.922333002090454,-3.1905643939971924,-3.4631130695343018,-3.7429680824279785,-3.8517911434173584,-3.8208377361297607,-3.761198043823242,-3.8617191314697266,-4.057790756225586,-4.35642147064209,-4.858366966247559,-5.363214015960693,-5.720022201538086,-5.9823126792907715,-6.2351226806640625,-6.495581150054932,-6.643046855926514,-6.628601551055908,-6.468672275543213,-6.275798320770264,-6.123269557952881,-5.977785110473633,-5.802744388580322,-5.5815749168396,-5.409326076507568,-5.297094345092773,-5.163337707519531,-4.939552307128906,-4.7838029861450195,-4.573857307434082,-4.391335964202881,-4.125537872314453,-3.7891898155212402,-3.4378859996795654,-3.163109540939331,-2.980320692062378,-2.8756449222564697,-2.743971824645996,-2.5038254261016846,-2.2648377418518066
-1.6421080827713013,-1.6307874917984009,-1.5687494277954102,-1.770235300064087,-1.8840352296829224,-2.0677437782287598,-2.3680222034454346,-2.628323554992676,-2.73368501663208,-2.799156427383423,-2.8556838035583496,-2.9971399307250977,-3.244077205657959,-3.5430092811584473,-3.993534803390503,-4.50021505355835,-4.925532817840576,-5.232514381408691,-5.487032413482666,-5.7221527099609375,-5.776192665100098,-5.644944190979004,-5.41533899307251,-5.1841278076171875,-5.059006214141846,-4.988570690155029,-4.866297245025635,-4.679758548736572,-4.501588821411133,-4.35772180557251,-4.171122074127197,-4.0006608963012695,-3.841268539428711,-3.7044882774353027,-3.585232734680176,-3.420983076095581,-3.1826717853546143,-2.843369722366333,-2.5158531665802,-2.2709572315216064,-2.077378749847412,-1.9099937677383423,-1.6419637203216553,-1.3377615213394165
-0.8238037824630737,-0.9402366280555725,-0.9733466506004333,-0.9896141886711121,-1.0030200481414795,-1.126421570777893,-1.2818881273269653,-1.4070087671279907,-1.5286834239959717,-1.7283551692962646,-1.9676649570465088,-2.2661538124084473,-2.5920498371124268,-2.8781325817108154,-3.223867654800415,-3.6402785778045654,-4.041749954223633,-4.399649143218994,-4.681285858154297,-4.853959560394287,-4.822027683258057,-4.607349395751953,-4.384406566619873,-4.200979709625244,-4.129229545593262,-4.145408630371094,-4.122313022613525,-3.9831316471099854,-3.7562673091888428,-3.496993064880371,-3.3462469577789307,-3.1847410202026367,-3.1051976680755615,-2.99257755279541,-2.941035270690918,-2.8002941608428955,-2.5851080417633057,-2.261457920074463,-1.8862286806106567,-1.563422441482544,-1.2442119121551514,-0.9984944462776184,-0.7426730990409851,-0.452145516872406
0.06023022532463074,-0.08320920914411545,-0.20693795382976532,-0.27680373191833496,-0.20129898190498352,-0.35658568143844604,-0.49274128675460815,-0.5047139525413513,-0.6004055142402649,-0.7803393602371216,-1.0438146591186523,-1.4380433559417725,-1.7595947980880737,-2.0256667137145996,-2.330763578414917,-2.706502914428711,-3.103280544281006,-3.474940061569214,-3.7449071407318115,-3.832354784011841,-3.7420003414154053,-3.5910050868988037,-3.445596218109131,-3.2817420959472656,-3.1842410564422607,-3.166330337524414,-3.1621525287628174,-3.0682411193847656,-2.873236894607544,-2.630922317504883,-2.4281909465789795,-2.3625123500823975,-2.329373359680176,-2.3141839504241943,-2.29975962638855,-2.183934211730957,-1.956271767616272,-1.6502891778945923,-1.2763330936431885,-0.9236474633216858,-0.579157829284668,-0.25105196237564087,0.030469592660665512,0.3381657302379608
1.2490410804748535,1.021977424621582,0.8687759637832642,0.7309463620185852,0.6438577771186829,0.4966112971305847,0.2705588936805725,0.18646946549415588,0.11621162295341492,-0.1467951238155365,-0.31342417001724243,-0.5213986039161682,-0.7334967255592346,-0.9131364822387695,-1.183031439781189,-1.5636314153671265,-1.9860999584197998,-2.285672664642334,-2.461010217666626,-2.5101044178009033,-2.5235602855682373,-2.4926674365997314,-2.390214681625366,-2.2124156951904297,-2.097480297088623,-2.0707554817199707,-2.0200953483581543,-1.8858988285064697,-1.6915258169174194,-1.502817153930664,-1.3937608003616333,-1.3914105892181396,-1.4404867887496948,-1.5266988277435303,-1.5473294258117676,-1.4511862993240356,-1.244904637336731,-0.964806854724884,-0.6447622179985046,-0.31963565945625305,0.01556344423443079,0.3620113432407379,0.7129077315330505,1.0819286108016968
2.6787750720977783,2.3669848442077637,2.1182563304901123,1.949119210243225,1.7891746759414673,1.5756090879440308,1.259700059890747,0.9895527958869934,0.7607914805412292,0.5203436017036438,0.3689475655555725,0.3758685886859894,0.3489983081817627,0.24984146654605865,0.002862525638192892,-0.262571781873703,-0.5898460745811462,-0.750093936920166,-0.8750538229942322,-1.0134998559951782,-1.1515207290649414,-1.2582513093948364,-1.2686326503753662,-1.1728638410568237,-1.055362343788147,-0.9848016500473022,-0.8748101592063904,-0.7072886228561401,-0.5100628733634949,-0.36220937967300415,-0.32923829555511475,-0.3904843330383301,-0.48888811469078064,-0.5932475328445435,-0.6456606388092041,-0.5924364328384399,-0.4379191994667053,-0.23268654942512512,0.009137389250099659,0.2969467341899872,0.6573966145515442,1.0586721897125244,1.4596627950668335,1.8521043062210083
4.044540882110596,3.6581547260284424,3.33343768119812,3.0907046794891357,2.940688371658325,2.6633341312408447,2.3812241554260254,2.0620839595794678,1.5946418046951294,1.2213678359985352,1.066247820854187,1.0116329193115234,1.0912442207336426,1.0785059928894043,0.9155873656272888,0.7124195694923401,0.6136311888694763,0.5879372954368591,0.5694078207015991,0.4354018568992615,0.25006401538848877,0.0568205788731575,-0.0519767701625824,-0.07239008694887161,-0.05376824736595154,0.00754584651440382,0.12021056562662125,0.2982713580131531,0.507807731628418,0.6409784555435181,0.6571616530418396,0.599105954170227,0.5091969966888428,0.4135381579399109,0.36324554681777954,0.3841016888618469,0.4802631437778473,0.6020008325576782,0.7796316146850586,1.0322986841201782,1.4070496559143066,1.8588643074035645,2.311774969100952,2.7381646633148193
5.310882568359375,4.838576793670654,4.451765060424805,4.169641971588135,3.927708387374878,3.723048448562622,3.40499210357666,3.0588126182556152,2.519886016845703,2.068706512451172,1.8254903554916382,1.5492916107177734,1.6328781843185425,1.5795615911483765,1.4342724084854126,1.3879019021987915,1.4564881324768066,1.569305181503296,1.6597576141357422,1.6152397394180298,1.4710139036178589,1.2747159004211426,1.142091155052185,1.0199122428894043,0.9528084993362427,0.9815720319747925,1.1020828485488892,1.2793434858322144,1.4434878826141357,1.5321720838546753,1.533634066581726,1.485167384147644,1.4258726835250854,1.3703159093856812,1.34978449344635,1.378082275390625,1.445004940032959,1.5579615831375122,1.7203623056411743,1.9645459651947021,2.323699474334717,2.783020257949829,3.292543888092041,3.7986090183258057
6.54078483581543,6.036527156829834,5.617194652557373,5.303768157958984,5.033124923706055,4.7598466873168945,4.41218900680542,3.9757823944091797,3.440706253051758,2.968001365661621,2.6534547805786133,2.4657130241394043,2.4991273880004883,2.3908488750457764,2.2779924869537354,2.267465114593506,2.392082691192627,2.5244035720825195,2.677335023880005,2.7170934677124023,2.6013283729553223,2.415289878845215,2.207512378692627,2.035435914993286,1.9385695457458496,1.9627083539962769,2.0848615169525146,2.241511344909668,2.3552138805389404,2.3690731525421143,2.2988569736480713,2.206066846847534,2.150280237197876,2.133281707763672,2.1569130420684814,2.226855993270874,2.341717004776001,2.5007951259613037,2.712317943572998,2.9968416690826416,3.3863470554351807,3.8758771419525146,4.436620712280273,5.011066436767578
7.7844648361206055,7.257281303405762,6.909271240234375,6.608427047729492,6.281990051269531,5.8878092765808105,5.451714038848877,4.947516441345215,4.36783504486084,3.8401997089385986,3.4796762466430664,3.4316763877868652,3.519515037536621,3.518528461456299,3.4909069538116455,3.485196113586426,3.5823824405670166,3.716073989868164,3.869429111480713,3.9276273250579834,3.806180715560913,3.5737087726593018,3.267559766769409,3.037600040435791,2.9322688579559326,2.943967580795288,3.0369863510131836,3.156036138534546,3.2263736724853516,3.1757476329803467,3.037612199783325,2.8901405334472656,2.7908358573913574,2.7461211681365967,2.7751107215881348,2.8947620391845703,3.09783935546875,3.367718458175659,3.693859100341797,4.068697929382324,4.517556667327881,5.053384304046631,5.649598598480225,6.2423882484436035
8.916810989379883,8.490815162658691,8.212261199951172,7.9665117263793945,7.622700214385986,7.110672473907471,6.495329856872559,5.8550190925598145,5.206013202667236,4.666398525238037,4.325298309326172,4.261587142944336,4.339513301849365,4.452397346496582,4.545156478881836,4.659980297088623,4.804912567138672,4.968655586242676,5.078852653503418,5.0719451904296875,4.926082134246826,4.672017574310303,4.343023300170898,4.088778018951416,3.9487428665161133,3.922541618347168,3.9803431034088135,4.067556858062744,4.110951900482178,4.051596641540527,3.9063689708709717,3.727440595626831,3.536163091659546,3.369250774383545,3.317034959793091,3.4392223358154297,3.7382771968841553,4.157108783721924,4.642543792724609,5.146122932434082,5.67153263092041,6.232874393463135,6.818543910980225,7.380295753479004
