data/wind_data/wind_Surface_26.json
{"header": {"parameterUnit": "KT", "parameterCategory": 2, "nx": 255, "ny": 198, "lo1": 44.73521041870117, "la1": -3.236724853515625, "lo2": 111.26478576660156, "la2": 43.468475341796875, "dx": 0.26192745566368103, "dy": -0.23708222806453705, "refTime": "2025-02-20 02:00:00", "forecastTime": 0, "parameterNumber": 3, "parameterNumberName": "northward_wind"}, "data":
[rows 171 to 189 of 198, columns 0 to 42 of 255]
2.51930570602417,3.783771276473999,4.794589042663574,4.565109729766846,3.883112907409668,2.665433883666992,3.5077638626098633,3.156566858291626,5.760483741760254,9.83907413482666,10.997806549072266,12.405671119689941,10.663573265075684,4.3357319831848145,0.7151756286621094,-4.785731315612793,-13.766069412231445,-13.719625473022461,-15.19758415222168,-16.47984504699707,-17.663084030151367,-18.82538414001465,-19.608877182006836,-19.796363830566406,-19.139833450317383,-18.26895523071289,-17.34061622619629,-16.436918258666992,-15.25251293182373,-14.195738792419434,-13.893468856811523,-11.592940330505371,-10.428078651428223,-9.057183265686035,-6.844192028045654,-4.869605541229248,-4.642420291900635,-3.340470552444458,1.098742127418518,2.2979772090911865,1.246001124382019,1.3131382465362549,4.332281589508057
4.036623001098633,5.372598648071289,4.727294445037842,5.6958136558532715,8.683003425598145,5.384613513946533,3.894735097885132,3.0363929271698,3.1358144283294678,3.4347352981567383,-0.2617157995700836,0.5290178656578064,5.496899604797363,6.44384765625,0.3999006748199463,-4.6756205558776855,-13.041253089904785,-14.227907180786133,-16.33039665222168,-17.693626403808594,-18.56705665588379,-19.509855270385742,-20.230981826782227,-20.815282821655273,-20.634056091308594,-19.98554229736328,-19.32311248779297,-18.41611671447754,-16.750791549682617,-14.952466011047363,-13.770881652832031,-12.029118537902832,-10.644522666931152,-9.411441802978516,-7.375312328338623,-4.931207656860352,-4.7162885665893555,-4.503139019012451,-1.28677499294281,3.4073500633239746,3.5865800380706787,3.9304933547973633,6.425623893737793
5.682252883911133,6.12539005279541,4.031795978546143,4.659491539001465,7.622483253479004,-0.3773953318595886,-3.829497814178467,-3.852156639099121,-1.8556838035583496,-2.174198627471924,-5.957724571228027,-4.148194789886475,4.878175258636475,7.0471601486206055,1.0132123231887817,-3.8583438396453857,-13.400144577026367,-15.609756469726562,-17.7152156829834,-19.1462345123291,-20.006593704223633,-20.899633407592773,-21.230270385742188,-21.466156005859375,-21.78950309753418,-21.576906204223633,-21.080595016479492,-20.206735610961914,-18.430341720581055,-15.79476261138916,-13.864582061767578,-12.115694046020508,-10.510411262512207,-9.592700958251953,-7.794796943664551,-5.931040287017822,-5.006605625152588,-5.417973041534424,-3.3602373600006104,2.3418149948120117,5.261418342590332,6.113785266876221,8.791861534118652
5.125988006591797,5.023318290710449,3.7080776691436768,3.068068742752075,4.044530868530273,-2.6861412525177,-5.536820411682129,-7.091413974761963,-5.931695938110352,-4.3037872314453125,-3.8732616901397705,0.19469425082206726,5.08390998840332,4.004790306091309,0.6474106311798096,-2.7155632972717285,-13.1262845993042,-17.889389038085938,-19.100210189819336,-20.488828659057617,-21.339712142944336,-22.29711151123047,-22.659223556518555,-22.425758361816406,-22.384967803955078,-22.595378875732422,-22.066146850585938,-21.38507843017578,-20.17676544189453,-17.469789505004883,-14.677618026733398,-12.193915367126465,-10.423698425292969,-9.60492992401123,-7.960726261138916,-5.592748165130615,-3.8896422386169434,-5.267477512359619,-4.3789215087890625,-0.09979206323623657,5.362668037414551,9.757966995239258,12.06395149230957
3.8030781745910645,2.902162551879883,2.580900192260742,1.0547393560409546,1.974441647529602,0.9086315035820007,-2.2586450576782227,-3.5635242462158203,-5.97019624710083,-6.252613544464111,-5.034599304199219,-0.5481168627738953,2.1415929794311523,1.9508825540542603,0.8424164652824402,-3.768770933151245,-10.345925331115723,-19.02680015563965,-21.13981056213379,-22.09059715270996,-22.67112922668457,-23.237857818603516,-23.66168975830078,-23.607112884521484,-22.97325325012207,-22.713787078857422,-22.506458282470703,-22.02938461303711,-21.61992835998535,-19.462167739868164,-15.920052528381348,-12.892477035522461,-9.944385528564453,-9.218124389648438,-7.953081130981445,-4.492416858673096,-2.722428321838379,-5.622581958770752,-7.932989597320557,-6.177872657775879,-0.2316790223121643,7.793631076812744,7.433223247528076
1.0131691694259644,-0.14297430217266083,0.11791117489337921,0.420941561460495,3.7891123294830322,4.436155796051025,0.05380161106586456,-2.143763780593872,-6.7444353103637695,-7.535832405090332,-6.283742427825928,-1.2811596393585205,2.3874034881591797,3.9162404537200928,1.5672508478164673,-4.122142314910889,-9.3735990524292,-17.784740447998047,-23.956832885742188,-24.386932373046875,-24.631105422973633,-24.337703704833984,-24.058998107910156,-24.030826568603516,-23.6405029296875,-22.639328002929688,-22.34534454345703,-22.299428939819336,-22.144956588745117,-20.940519332885742,-17.805931091308594,-14.127717971801758,-9.799241065979004,-8.588204383850098,-6.53680419921875,-4.721132278442383,-5.015857219696045,-9.295831680297852,-12.624080657958984,-11.787827491760254,-7.204470634460449,-0.8059423565864563,0.6786689162254333
-1.024137258529663,-2.4419217109680176,-0.9169788956642151,1.2166664600372314,3.853645086288452,4.64044713973999,1.7765971422195435,-1.5584803819656372,-3.8521924018859863,-4.394036769866943,-2.735651969909668,1.5106548070907593,4.880346775054932,3.8736062049865723,0.5747204422950745,-5.121002674102783,-10.073870658874512,-19.20332145690918,-26.791486740112305,-26.825754165649414,-26.70001983642578,-25.78098487854004,-24.64177703857422,-23.773685455322266,-23.476272583007812,-22.774274826049805,-21.954755783081055,-22.093530654907227,-22.043495178222656,-21.857311248779297,-19.23026466369629,-15.482331275939941,-10.711385726928711,-7.104889392852783,-6.485601902008057,-4.919151306152344,-4.529617786407471,-6.618348121643066,-8.787992477416992,-9.525134086608887,-7.806171894073486,-3.363312244415283,-0.7597904801368713
0.21596677601337433,-0.6476629972457886,1.403887391090393,4.645730495452881,7.277545928955078,5.801416873931885,1.2964717149734497,-0.298238605260849,-0.21548008918762207,-0.04592559114098549,0.9476296901702881,3.082792043685913,4.306249141693115,3.4568963050842285,-0.6715601086616516,-7.112837314605713,-11.411133766174316,-20.7055721282959,-28.81939125061035,-29.08068084716797,-28.020183563232422,-26.89876365661621,-25.450313568115234,-23.669214248657227,-22.42551040649414,-22.214862823486328,-21.573427200317383,-21.42332649230957,-21.76545524597168,-22.12507438659668,-19.856393814086914,-16.518823623657227,-12.296680450439453,-10.728900909423828,-6.974400997161865,-4.5216898918151855,-0.4797286093235016,2.0223500728607178,0.315072625875473,-4.863704204559326,-5.947163105010986,-2.7558157444000244,-1.8097288608551025
1.56266450881958,2.3876945972442627,4.321883201599121,5.89898157119751,8.34369945526123,4.968414306640625,1.3065404891967773,0.24275274574756622,0.0021447697654366493,-1.4238991737365723,-2.007936954498291,1.995736002922058,3.9909446239471436,2.6795945167541504,-1.2232011556625366,-6.980112075805664,-14.721383094787598,-21.74451446533203,-28.455650329589844,-30.6951904296875,-28.705486297607422,-27.575368881225586,-25.760208129882812,-23.79208755493164,-21.523801803588867,-20.747758865356445,-20.80286407470703,-20.661745071411133,-21.083356857299805,-21.626590728759766,-19.81192970275879,-15.121881484985352,-12.252808570861816,-11.75489330291748,-7.637204170227051,-5.331423759460449,-0.37435048818588257,4.169553756713867,4.045231819152832,-1.7389380931854248,-2.7569878101348877,-2.390745162963867,-3.9919919967651367
1.396393060684204,2.694622278213501,2.287667989730835,1.0747168064117432,0.834051251411438,1.4215078353881836,0.709952712059021,0.6046478748321533,0.10234218835830688,-3.1633260250091553,-4.817464828491211,-1.5053372383117676,2.1023833751678467,2.6239659786224365,0.1980847865343094,-4.5937371253967285,-14.978140830993652,-23.147579193115234,-26.479537963867188,-28.673931121826172,-27.39598274230957,-26.949907302856445,-25.186838150024414,-23.51507568359375,-21.36400032043457,-19.46390724182129,-19.654613494873047,-19.601760864257812,-20.02256965637207,-20.757244110107422,-19.50493049621582,-10.397162437438965,-8.768599510192871,-7.896922588348389,-5.195914268493652,-2.7180871963500977,-0.8262510299682617,1.0965933799743652,0.8710775375366211,-1.7699424028396606,-2.9157729148864746,-4.114618301391602,-4.19656229019165
-0.7443400621414185,-0.1835075318813324,-2.4528865814208984,-3.6462347507476807,-5.174692630767822,-4.8597235679626465,-5.852507591247559,-4.59507417678833,-3.9782867431640625,-5.566734313964844,-5.53169584274292,-3.438638925552368,-0.48168790340423584,2.889586925506592,3.1211233139038086,-3.511260986328125,-12.890400886535645,-23.10223388671875,-25.312345504760742,-22.197961807250977,-22.499603271484375,-24.736591339111328,-23.455074310302734,-22.376617431640625,-21.3192138671875,-19.214399337768555,-18.53923797607422,-18.425458908081055,-18.765579223632812,-19.817548751831055,-19.18879508972168,-8.414047241210938,-7.440694332122803,-5.950570106506348,-3.7845230102539062,-0.6721295118331909,0.9258133769035339,0.2368772178888321,-0.8711697459220886,-2.5155277252197266,-4.269550323486328,-4.003870010375977,-2.7093605995178223
-2.7031919956207275,-2.771249294281006,-4.201662063598633,-4.493644714355469,-6.5249128341674805,-6.673110008239746,-6.666788578033447,-7.091983795166016,-5.746638298034668,-6.122068405151367,-5.119211196899414,-2.112009286880493,-0.4318615198135376,1.7487921714782715,3.2620162963867188,-6.589306354522705,-14.374815940856934,-22.20915412902832,-22.02888298034668,-19.37484359741211,-18.343448638916016,-23.140331268310547,-22.04117202758789,-20.970041275024414,-20.795063018798828,-19.64926528930664,-18.078245162963867,-17.577667236328125,-17.505836486816406,-18.383129119873047,-18.541263580322266,-10.879883766174316,-7.097165584564209,-4.4957966804504395,-4.2158684730529785,-2.9968371391296387,0.3053530156612396,1.5391563177108765,0.18155421316623688,-1.7389018535614014,-2.5853843688964844,-3.120854377746582,-2.887362480163574
-2.63938045501709,-3.0567221641540527,-3.6901824474334717,-3.075599193572998,-2.5986011028289795,-2.3584346771240234,-2.1352627277374268,-2.7957301139831543,-3.403078079223633,-2.9631476402282715,-1.7687069177627563,0.1796834021806717,2.444930076599121,0.5548205971717834,1.9509782791137695,-9.845192909240723,-15.611891746520996,-19.300447463989258,-19.779420852661133,-21.61459732055664,-21.948328018188477,-22.2597713470459,-21.257095336914062,-20.424732208251953,-20.06487464904785,-19.805395126342773,-18.28226089477539,-17.091279983520508,-16.644752502441406,-16.710573196411133,-17.36136817932129,-16.020416259765625,-7.890668869018555,-5.505005359649658,-4.261303901672363,-4.208408832550049,-2.5912179946899414,1.1120524406433105,0.9755856394767761,-0.8157293796539307,-2.6991779804229736,-3.960047960281372,-3.350724458694458
-2.3970940113067627,-3.3044872283935547,-2.144608974456787,0.04404567927122116,-0.34682315587997437,-1.208627462387085,-2.0011348724365234,-2.397599458694458,-1.5036286115646362,0.5820533037185669,1.5689188241958618,-0.2609606385231018,-2.125753402709961,2.4625043869018555,1.6726200580596924,-8.89525318145752,-12.518136978149414,-14.515656471252441,-18.661880493164062,-20.173364639282227,-21.459775924682617,-21.114421844482422,-20.180723190307617,-19.9460391998291,-19.46912384033203,-19.455127716064453,-18.201435089111328,-16.879743576049805,-16.122861862182617,-15.517723083496094,-15.841741561889648,-14.318792343139648,-8.14737319946289,-6.122317314147949,-4.017287254333496,-3.224247932434082,-1.8228816986083984,-0.13212279975414276,-1.3392261266708374,-2.9240243434906006,-4.523516654968262,-4.760131359100342,-3.9656922817230225
-2.531109094619751,-4.000573635101318,-1.7320035696029663,0.16728229820728302,-1.6990044116973877,-3.6474852561950684,-3.5420310497283936,-1.199095368385315,1.3360637426376343,2.635037422180176,2.5980653762817383,3.4408209323883057,7.450656414031982,6.3087968826293945,-3.323629856109619,-7.3813676834106445,-8.035257339477539,-13.287236213684082,-16.138704299926758,-18.70160675048828,-20.16853141784668,-20.31395721435547,-19.466215133666992,-18.841976165771484,-18.693252563476562,-18.593385696411133,-17.548416137695312,-16.41461181640625,-15.576417922973633,-14.673224449157715,-14.385448455810547,-10.241950988769531,-8.023897171020508,-6.661525249481201,-4.565252304077148,-2.1865882873535156,-0.5776355862617493,-1.899713158607483,-3.030346393585205,-2.9129977226257324,-3.3166775703430176,-3.967379093170166,-3.9940578937530518
-2.2682864665985107,-2.920438528060913,-2.2865278720855713,-1.8900924921035767,-3.470475673675537,-3.4169933795928955,-3.539276599884033,-0.5326524376869202,2.5601725578308105,4.620781898498535,6.1725382804870605,12.002237319946289,11.866914749145508,0.7546749114990234,-5.5312910079956055,-6.743081092834473,-7.301859378814697,-12.361265182495117,-15.678808212280273,-18.2147159576416,-19.2454833984375,-19.576675415039062,-19.360034942626953,-18.35780906677246,-17.859119415283203,-17.393787384033203,-16.946748733520508,-15.584019660949707,-14.631706237792969,-13.847121238708496,-12.67540454864502,-9.61109733581543,-7.9153242111206055,-6.248805522918701,-4.574788570404053,-2.3625564575195312,-1.2647730112075806,-1.9877426624298096,-1.1342333555221558,0.028670014813542366,-0.10682470351457596,-1.7968367338180542,-3.1925878524780273
-1.5780402421951294,-2.3538942337036133,-4.9051432609558105,-4.584288597106934,-3.9033052921295166,-2.413831949234009,-1.8327322006225586,1.0653239488601685,3.09017276763916,4.822598457336426,12.720383644104004,8.02023696899414,-1.0938172340393066,-3.795407295227051,-5.372617721557617,-5.438826560974121,-10.67581558227539,-13.922985076904297,-16.742380142211914,-17.63412857055664,-18.051448822021484,-18.56368064880371,-18.93425178527832,-18.448957443237305,-17.52413558959961,-16.637367248535156,-16.14778709411621,-14.838788986206055,-13.431713104248047,-13.091845512390137,-10.3694486618042,-7.8362040519714355,-7.164302825927734,-5.449853420257568,-2.3306236267089844,-1.2819088697433472,0.2783146798610687,2.0730416774749756,2.701249837875366,3.1243233680725098,2.4616267681121826,1.439157485961914,-0.5326234102249146
-0.9517369270324707,-3.0435783863067627,-5.634089946746826,-4.62091064453125,-2.705357074737549,-1.4460813999176025,0.3941013216972351,1.7837351560592651,4.045831680297852,11.469359397888184,11.527345657348633,0.7829549908638,-1.7148644924163818,-4.582583904266357,-6.196482181549072,-8.604813575744629,-14.28758716583252,-16.530485153198242,-17.634138107299805,-17.735515594482422,-17.770912170410156,-17.614599227905273,-17.53140640258789,-17.561418533325195,-16.984153747558594,-15.94831371307373,-14.863900184631348,-14.09795093536377,-12.486013412475586,-12.279897689819336,-6.726920127868652,-5.506570816040039,-6.2170796394348145,-4.4170660972595215,-0.4527207911014557,1.15729558467865,3.434011459350586,5.878769874572754,5.295773983001709,4.591054439544678,3.941347360610962,3.3784899711608887,1.8259360790252686
-1.250254511833191,-1.4152021408081055,-2.523752212524414,-2.9551541805267334,-2.0991992950439453,-0.5333153605461121,2.5143113136291504,8.281387329101562,12.989956855773926,11.496435165405273,1.7069389820098877,-0.8294624090194702,-2.8253445625305176,-7.7762370109558105,-9.666253089904785,-14.850736618041992,-16.956809997558594,-17.772247314453125,-18.15770149230957,-18.10972023010254,-17.845081329345703,-17.244531631469727,-16.458599090576172,-16.038267135620117,-15.743688583374023,-14.77365779876709,-13.888880729675293,-13.41839599609375,-12.074618339538574,-11.233686447143555,-5.581309795379639,-5.049599647521973,-5.878255367279053,-4.774258136749268,0.3846258819103241,3.241929292678833,4.866225719451904,6.1141557693481445,4.940550804138184,4.0469279289245605,4.185769081115723,3.306076765060425,2.025042772293091
