data/wind_data/wind_48_0.json
{"header": {"parameterUnit": "KT", "parameterCategory": 2, "nx": 255, "ny": 198, "lo1": 44.73521041870117, "la1": -3.236724853515625, "lo2": 111.26478576660156, "la2": 43.468475341796875, "dx": 0.26192745566368103, "dy": -0.23708222806453705, "refTime": "2025-02-21 00:00:00", "forecastTime": 0, "parameterNumber": 2, "parameterNumberName": "eastward_wind"}, "data":
[rows 133 to 151 of 198, columns 0 to 42 of 255]
8.884248733520508,8.790453910827637,8.566489219665527,8.29559326171875,8.028125762939453,8.20531177520752,7.12216329574585,4.127275466918945,2.258164882659912,2.05349063873291,2.364405393600464,2.4858832359313965,2.503838062286377,0.8751897215843201,-1.625062108039856,-4.183436870574951,-6.323233127593994,-8.333999633789062,-9.188535690307617,-7.789824485778809,-11.24830436706543,-10.947517395019531,-11.64738655090332,-10.729045867919922,-9.389223098754883,-9.324403762817383,-7.504162788391113,-1.0065827369689941,3.295112371444702,-0.1475728303194046,-2.9013359546661377,-1.6760674715042114,-0.8036926984786987,-2.001957893371582,2.8494372367858887,13.81438159942627,13.481934547424316,0.08152924478054047,-6.945474147796631,-6.210944652557373,-1.786718487739563,2.585165500640869,6.227085590362549
8.886470794677734,8.671871185302734,8.609644889831543,8.378292083740234,7.9424896240234375,7.095738887786865,4.060774326324463,1.5938552618026733,0.713367223739624,0.9604779481887817,1.472507357597351,0.9018227458000183,-0.3704993724822998,-0.969428300857544,-1.719003438949585,-3.179931640625,-4.505462169647217,-4.956117630004883,-5.487813949584961,-7.78749942779541,-9.289987564086914,-10.707195281982422,-12.139111518859863,-10.972436904907227,-8.848000526428223,-7.7877349853515625,-5.725460052490234,2.0088565349578857,3.1772303581237793,-2.3604846000671387,-1.5235037803649902,4.071331024169922,2.6667392253875732,-0.31515684723854065,11.0433931350708,18.571186065673828,1.4373416900634766,-10.049332618713379,-6.899776458740234,-2.1783287525177,4.988714218139648,9.737414360046387,10.157329559326172
8.678520202636719,8.384777069091797,8.36457347869873,8.198101043701172,7.22935676574707,4.791860103607178,1.2071104049682617,-0.04493212327361107,-0.07759326696395874,-0.7548472881317139,-1.4994677305221558,-1.7605783939361572,-1.7697187662124634,-1.3286653757095337,-0.10787773877382278,-0.26733726263046265,-2.951529026031494,-4.793105602264404,-6.5714874267578125,-9.487109184265137,-10.15795612335205,-10.213700294494629,-11.847850799560547,-10.813806533813477,-6.425793170928955,-4.543212890625,-0.76515132188797,4.6015472412109375,3.5327110290527344,-0.49151134490966797,3.1201300621032715,8.235570907592773,6.343524932861328,10.213359832763672,16.85443115234375,4.831092834472656,-8.438591003417969,-8.525952339172363,-1.4888535737991333,5.249150276184082,10.579906463623047,12.9199800491333,8.014885902404785
8.569490432739258,8.139713287353516,8.154330253601074,7.763350009918213,4.598612308502197,0.5384243726730347,-1.204024076461792,-1.3164006471633911,-2.0412888526916504,-3.073822021484375,-3.3446779251098633,-3.0043795108795166,-1.9511150121688843,-0.6195873022079468,-0.046179212629795074,-0.3397892713546753,-2.3799777030944824,-5.027373313903809,-7.235752582550049,-11.441259384155273,-11.747526168823242,-9.84123420715332,-9.746356010437012,-8.562731742858887,-3.712897777557373,-0.3937068581581116,2.1583847999572754,5.8453216552734375,5.556866645812988,4.770458698272705,7.309903621673584,10.217636108398438,13.474020004272461,12.4873046875,1.5779823064804077,-7.087087631225586,-6.629432678222656,-2.38395094871521,4.456381797790527,10.675512313842773,11.99191665649414,6.510491847991943,0.3264959454536438
8.148219108581543,7.634008407592773,7.7799248695373535,5.354191780090332,-0.2536311149597168,-2.5316858291625977,-2.5858118534088135,-3.030089855194092,-3.5120067596435547,-2.533991813659668,-3.7325756549835205,-3.5504117012023926,-2.339095115661621,-0.44027742743492126,0.01195542048662901,-1.2151052951812744,-2.339812994003296,-4.25153112411499,-7.503933429718018,-12.35933780670166,-12.032329559326172,-8.5367431640625,-6.786012649536133,-4.339372158050537,-0.07091858983039856,1.6857854127883911,2.821345090866089,6.434424877166748,8.83336353302002,9.531901359558105,11.111507415771484,13.649232864379883,8.522114753723145,-1.6532601118087769,-6.983575820922852,-7.445667743682861,-3.2468459606170654,2.947178363800049,8.976489067077637,10.795300483703613,4.421018600463867,-3.437549591064453,-3.4031245708465576
7.30076265335083,6.362341403961182,5.140562534332275,0.4555557072162628,-3.7081167697906494,-3.6110169887542725,-3.3463804721832275,-3.992994785308838,-4.713986396789551,-4.605440616607666,-4.136274337768555,-3.467271089553833,-2.572246789932251,-1.2333847284317017,-0.4282953441143036,-1.439731478691101,-2.992175579071045,-3.973863124847412,-7.467038154602051,-11.145737648010254,-10.04042911529541,-5.191406726837158,-1.7189075946807861,0.1232302337884903,2.1100478172302246,2.8504726886749268,4.190764427185059,8.255221366882324,11.901351928710938,12.124191284179688,13.894600868225098,7.447848796844482,-3.2501068115234375,-6.410104274749756,-8.450643539428711,-5.97401762008667,0.54457688331604,8.23745059967041,10.980907440185547,7.440883159637451,1.5747530460357666,-4.395352840423584,-4.830995082855225
6.010103225708008,4.558464527130127,2.0498361587524414,-2.256380319595337,-4.010918617248535,-3.5595808029174805,-3.400285243988037,-3.538562059402466,-4.11346960067749,-4.18477725982666,-4.597798824310303,-3.986680746078491,-3.1591646671295166,-2.6346919536590576,-1.054858684539795,-0.5643815398216248,-2.7269175052642822,-5.7144622802734375,-7.554694175720215,-8.58035659790039,-5.980457782745361,-0.9934226870536804,1.2957587242126465,0.7260432839393616,1.9734703302383423,3.984135627746582,6.555875778198242,11.68239688873291,12.78690242767334,14.254090309143066,11.433029174804688,-1.0642422437667847,-6.670260429382324,-7.55940580368042,-7.139909744262695,-0.8743520379066467,8.501937866210938,11.399900436401367,7.637025833129883,5.3821001052856445,1.1166694164276123,-5.978822708129883,-4.172379493713379
4.444255828857422,2.86956787109375,0.005831202957779169,-3.07038950920105,-3.9127659797668457,-3.845264434814453,-3.7672934532165527,-3.9117298126220703,-4.154970169067383,-4.649647235870361,-5.2496232986450195,-4.2153096199035645,-3.1638383865356445,-2.835756540298462,-1.577692985534668,-0.10698878765106201,-2.6780824661254883,-6.9272027015686035,-7.677299976348877,-6.345381259918213,-3.740659475326538,-1.0421441793441772,-0.15503114461898804,0.6219193935394287,4.400820255279541,7.141289234161377,8.390244483947754,11.200227737426758,14.220102310180664,13.581830978393555,2.6008574962615967,-6.188024997711182,-6.927512168884277,-5.428295135498047,0.06016818806529045,8.826153755187988,13.850193977355957,7.272866725921631,2.5079617500305176,4.071131229400635,-0.43911024928092957,-5.503322124481201,0.9593203067779541
2.886537790298462,1.2155407667160034,-1.3933777809143066,-3.4379312992095947,-3.763911247253418,-4.871920585632324,-4.728543281555176,-4.9131178855896,-4.90752649307251,-5.269169330596924,-6.088274002075195,-5.354560375213623,-4.447126388549805,-3.7488107681274414,-1.9812864065170288,-0.3024789094924927,-2.2801051139831543,-6.529358863830566,-7.880027770996094,-5.971826553344727,-2.8159117698669434,0.8740544319152832,3.3310794830322266,5.382312297821045,8.972648620605469,9.830870628356934,9.599018096923828,11.31325912475586,12.013544082641602,5.217827796936035,-4.531932353973389,-6.042882442474365,-4.346751689910889,1.008924961090088,9.083291053771973,12.963479042053223,5.602311611175537,-0.8608961701393127,3.7379603385925293,5.487338066101074,-1.688988208770752,-2.1423532962799072,7.3791327476501465
1.78546142578125,0.14176586270332336,-2.117741107940674,-3.4841768741607666,-4.922308444976807,-5.679423809051514,-5.591574668884277,-5.503023624420166,-6.031649112701416,-6.806675434112549,-6.6231160163879395,-5.894276142120361,-4.896409511566162,-4.135382652282715,-2.009878158569336,-0.8443197011947632,-3.003878116607666,-6.917010307312012,-8.390088081359863,-5.1806182861328125,1.4679540395736694,7.610947132110596,7.625957489013672,7.965575695037842,11.050247192382812,11.838598251342773,10.916539192199707,10.0848388671875,5.267175674438477,0.6157584190368652,-2.10746693611145,-2.7959413528442383,0.44343146681785583,7.424256324768066,13.122559547424316,6.838531970977783,-3.6633248329162598,-0.02510906383395195,9.772784233093262,6.193094253540039,-2.1026740074157715,1.6910724639892578,11.11120891571045
1.1035747528076172,-0.3256054222583771,-2.051185131072998,-2.379685163497925,-4.3507771492004395,-6.07288122177124,-6.574682235717773,-6.346977233886719,-7.456792831420898,-8.131305694580078,-7.8083038330078125,-6.943680763244629,-6.081711769104004,-6.7789530754089355,-2.894434690475464,-1.0241589546203613,-4.325484752655029,-7.719215393066406,-6.810948371887207,-1.020611047744751,6.378122329711914,13.063253402709961,10.16778564453125,7.611565113067627,10.86633014678955,12.282907485961914,9.406463623046875,3.957858085632324,-1.437215805053711,-2.3831276893615723,-1.0859953165054321,0.6812471747398376,4.515876293182373,9.43222427368164,11.047423362731934,4.017922401428223,-2.70818829536438,5.250339508056641,13.45693302154541,5.837337970733643,0.020482780411839485,5.2268571853637695,11.80220890045166
0.5459775924682617,-0.6525701880455017,-2.031674861907959,-1.9790219068527222,-3.8915252685546875,-6.372714996337891,-7.181354999542236,-7.344223976135254,-8.116430282592773,-8.697144508361816,-6.709930896759033,-5.005649089813232,-4.950273036956787,-5.164975643157959,-4.013092994689941,-4.048605918884277,-4.877852916717529,-4.7856268882751465,-2.3179092407226562,3.392852544784546,10.417264938354492,12.838471412658691,9.019855499267578,6.263608455657959,9.784668922424316,11.66843032836914,4.602068901062012,-2.2844042778015137,-3.957732915878296,-1.550521731376648,3.1015405654907227,6.5637688636779785,8.758954048156738,9.024673461914062,7.075195789337158,3.1477389335632324,0.946053147315979,7.600877285003662,13.156854629516602,7.385826110839844,3.5641372203826904,8.002601623535156,12.024580955505371
-0.07750159502029419,-0.960496187210083,-2.002764940261841,-2.626455783843994,-4.58128547668457,-7.117304801940918,-9.519282341003418,-8.756199836730957,-7.160752773284912,-6.134427547454834,-4.450317859649658,-3.6678497791290283,-4.055603504180908,-5.0926313400268555,-3.7616302967071533,-2.2585670948028564,-1.3470458984375,-0.2613227665424347,1.3300787210464478,4.657257556915283,9.365429878234863,10.738099098205566,7.504523754119873,7.054923057556152,11.552530288696289,9.898334503173828,0.6542028784751892,-4.342400074005127,-0.9624365568161011,5.031113624572754,10.89292049407959,14.44814395904541,11.271173477172852,6.167817115783691,2.6448163986206055,3.024765968322754,5.080354690551758,8.556565284729004,8.569047927856445,4.593403339385986,2.5529305934906006,8.251527786254883,10.600150108337402
-0.28428417444229126,-0.9378448724746704,-1.858421802520752,-2.8610410690307617,-5.131343841552734,-8.993450164794922,-9.835187911987305,-7.852591037750244,-4.734968185424805,-3.6422786712646484,-3.630176305770874,-2.279298782348633,-2.070544719696045,-0.30255115032196045,1.9263275861740112,2.022688388824463,2.0893423557281494,3.9212095737457275,6.7457709312438965,7.167911529541016,7.794294834136963,8.146963119506836,8.496630668640137,11.660029411315918,10.512689590454102,1.1425209045410156,-5.172543048858643,-2.391225814819336,3.908496379852295,10.979570388793945,15.604007720947266,15.194713592529297,8.901864051818848,2.6731181144714355,-1.153339147567749,3.119168996810913,7.510008335113525,6.674703121185303,4.002338409423828,5.353282928466797,7.954247951507568,9.971640586853027,5.959351062774658
0.03286212682723999,-0.8423007726669312,-1.9895225763320923,-3.5290050506591797,-6.983232021331787,-10.2167329788208,-8.304935455322266,-5.066084861755371,-1.7614878416061401,-1.8158023357391357,-2.4686343669891357,-1.1578164100646973,0.16466794908046722,2.9632651805877686,4.493356704711914,3.5369884967803955,4.475005149841309,6.978456497192383,8.622014045715332,7.829309940338135,7.538658142089844,8.983650207519531,10.490541458129883,10.467672348022461,3.782780647277832,-1.7480510473251343,2.022343635559082,9.144946098327637,14.259833335876465,14.243512153625488,12.009371757507324,8.656148910522461,5.283048629760742,3.633774995803833,5.591005802154541,7.22709321975708,7.262324333190918,5.040468692779541,4.798865795135498,8.314382553100586,12.645257949829102,10.467146873474121,3.166757345199585
0.37894320487976074,-0.8396226763725281,-2.157867908477783,-4.254155158996582,-7.873112201690674,-9.432927131652832,-5.698509216308594,-0.9659970998764038,0.2632555067539215,-1.6097418069839478,-2.147951126098633,-0.5051073431968689,2.060511589050293,4.336547374725342,4.8485493659973145,4.039847373962402,5.389771461486816,8.095232009887695,7.850246906280518,6.453930854797363,7.91394567489624,9.054511070251465,7.15375280380249,4.246025562286377,1.43573796749115,2.738995313644409,11.631853103637695,15.972362518310547,11.310504913330078,6.230018138885498,4.841996669769287,3.0143840312957764,1.2285007238388062,3.760444164276123,7.721526622772217,9.00329303741455,6.512240409851074,5.678324222564697,6.887360095977783,11.40120792388916,10.851897239685059,6.0878753662109375,1.5384726524353027
0.07316920161247253,-0.9879471659660339,-2.1605801582336426,-4.7409868240356445,-8.041340827941895,-7.084043025970459,-2.161329746246338,1.2813069820404053,-0.6232263445854187,-1.3896229267120361,0.5834081172943115,1.4065358638763428,2.7618565559387207,5.14717435836792,6.452436447143555,4.67211389541626,3.3523716926574707,5.491538047790527,8.217830657958984,8.580550193786621,7.198971271514893,5.98311710357666,4.1699934005737305,1.9403550624847412,3.8476109504699707,10.316564559936523,10.849712371826172,3.770453691482544,0.20542418956756592,-0.014945637434720993,0.12864014506340027,0.8123821020126343,3.0588066577911377,5.6096577644348145,8.127201080322266,6.905575275421143,3.681335926055908,5.119060039520264,8.344215393066406,11.477543830871582,8.959049224853516,4.63770055770874,0.19510112702846527
-0.5981122851371765,-1.3382444381713867,-2.0517613887786865,-4.7443695068359375,-7.051790714263916,-4.115373134613037,0.9803451299667358,1.5920515060424805,-1.5738691091537476,-1.0824161767959595,2.462073564529419,3.935490131378174,3.9975292682647705,6.988821983337402,9.623456954956055,7.953569412231445,6.1117472648620605,7.099396705627441,8.249171257019043,8.546231269836426,6.571174621582031,4.738589763641357,2.5299367904663086,3.083245277404785,8.642333984375,6.116055965423584,-0.27695202827453613,-2.4514992237091064,1.216073751449585,4.034019947052002,4.4117631912231445,5.468966960906982,6.527184009552002,7.171290874481201,6.49741268157959,4.3196120262146,2.8986237049102783,4.528293132781982,10.338279724121094,9.584603309631348,4.040471076965332,-0.740395188331604,-3.6541383266448975
-0.8120891451835632,-1.4074325561523438,-1.8489419221878052,-3.6720545291900635,-4.901063442230225,-1.1390013694763184,2.3243415355682373,1.5253664255142212,-0.8280395269393921,0.07729706913232803,3.347705602645874,5.587254047393799,6.053591251373291,7.465708255767822,9.453450202941895,9.397256851196289,8.831416130065918,10.116142272949219,11.318767547607422,5.511419296264648,0.5925870537757874,0.8933122754096985,0.8927423357963562,4.257556915283203,4.300060272216797,1.0430233478546143,-0.07675957679748535,0.5083313584327698,5.737024784088135,7.132228374481201,5.831038951873779,6.074355125427246,6.825021743774414,6.506917476654053,5.31063985824585,3.947510242462158,3.6609065532684326,6.72764253616333,11.12637996673584,9.286593437194824,2.4111855030059814,-3.756646156311035,-5.786308765411377
