data/wind_data/wind_15_8.json
{"header": {"parameterUnit": "KT", "parameterCategory": 2, "nx": 256, "ny": 198, "lo1": 44.73521041870117, "la1": -3.236724853515625, "lo2": 111.26478576660156, "la2": 43.468475341796875, "dx": 0.2609002888202667, "dy": -0.23708222806453705, "refTime": "2025-02-19 15:00:00", "forecastTime": 0, "parameterNumber": 2, "parameterNumberName": "eastward_wind"}, "data":
[rows 171 to 189 of 198, columns 176 to 219 of 256]
34.16505813598633,33.474212646484375,33.910526275634766,33.835540771484375,33.75166320800781,33.009944915771484,30.8306884765625,29.027240753173828,29.445919036865234,31.39716911315918,33.39663314819336,34.87128829956055,35.68806838989258,35.80424499511719,35.329097747802734,34.70267868041992,34.41744613647461,34.335411071777344,34.104618072509766,34.74180603027344,37.608985900878906,41.10248947143555,41.44034957885742,38.73207092285156,36.434410095214844,36.02643966674805,36.26565170288086,36.26472473144531,36.486515045166016,37.032020568847656,37.40987014770508,37.19009780883789,36.72394943237305,36.873374938964844,37.71592712402344,38.021671295166016,36.455322265625,33.6939582824707,31.897594451904297,32.458351135253906,34.929508209228516,38.052154541015625,41.06083679199219,43.309326171875
35.755489349365234,34.66481018066406,34.15608596801758,32.9678840637207,32.5650634765625,32.71295166015625,31.452733993530273,29.459184646606445,28.92225456237793,29.898571014404297,31.18914031982422,32.65056228637695,34.42732238769531,35.593467712402344,35.16134262084961,33.85530471801758,33.12936782836914,33.119075775146484,33.247955322265625,34.114681243896484,36.60963439941406,39.66427993774414,40.941810607910156,39.78635025024414,37.79545211791992,36.59033966064453,36.422447204589844,36.80044174194336,37.2546272277832,37.493465423583984,37.23415756225586,36.343753814697266,35.46293258666992,35.85159683227539,37.51587677001953,38.414649963378906,37.156532287597656,34.86722946166992,33.65797424316406,34.127952575683594,35.46587371826172,37.17999267578125,39.402671813964844,41.89815902709961
36.800331115722656,35.63397216796875,35.16112518310547,33.33612823486328,31.4679012298584,31.305469512939453,31.138538360595703,29.96349334716797,29.182279586791992,29.292203903198242,29.78525733947754,31.047521591186523,33.0877799987793,34.36654281616211,33.91472244262695,32.84883499145508,32.4694709777832,32.553443908691406,32.66942596435547,33.272586822509766,34.95066452026367,37.20271301269531,38.9824104309082,39.71405029296875,39.28682327270508,38.2406005859375,37.43790817260742,37.26564407348633,37.55208969116211,37.94898223876953,37.87486267089844,37.06596374511719,36.140113830566406,36.07699203491211,36.83745574951172,37.42045974731445,37.32797622680664,36.69749450683594,35.843143463134766,35.44253158569336,35.94622802734375,37.141597747802734,38.68071365356445,40.43300247192383
36.59562683105469,35.56195831298828,35.79670333862305,35.05897521972656,32.50832748413086,30.266468048095703,29.449443817138672,29.04584503173828,28.735916137695312,28.583663940429688,28.84707260131836,30.319477081298828,32.32383346557617,33.19768142700195,32.68247604370117,31.929168701171875,31.59325408935547,31.735960006713867,32.50019454956055,33.51126480102539,34.180992126464844,35.01465606689453,36.74883270263672,38.84117126464844,39.74030685424805,39.1378288269043,38.20585632324219,38.08671951293945,38.621463775634766,38.96886444091797,38.6392822265625,37.95170974731445,37.410457611083984,37.177547454833984,37.2906494140625,37.69473648071289,38.09962844848633,37.82658004760742,36.62733840942383,35.51619338989258,35.73757553100586,37.16398620605469,38.72891616821289,39.90317916870117
35.62331771850586,34.88520812988281,35.049659729003906,35.74687957763672,34.63670349121094,31.642309188842773,28.69426727294922,27.245498657226562,27.199199676513672,27.269689559936523,27.52013397216797,29.26949691772461,31.673274993896484,32.47615051269531,31.86419677734375,31.295795440673828,30.7626895904541,30.516897201538086,31.78251838684082,33.78877258300781,34.230445861816406,33.79095458984375,35.220767974853516,38.14733123779297,39.47046661376953,38.684425354003906,38.16550064086914,38.88959884643555,39.682899475097656,39.5831298828125,39.114112854003906,39.044921875,39.404502868652344,39.64990234375,39.41111373901367,38.93819808959961,38.609188079833984,38.18556594848633,37.18196487426758,36.007877349853516,35.71760940551758,36.754608154296875,38.43784713745117,39.90406799316406
34.00790786743164,34.27848815917969,34.001304626464844,34.5900993347168,34.95234680175781,33.45573806762695,30.240650177001953,27.110172271728516,25.65279769897461,25.531234741210938,26.016756057739258,28.019515991210938,31.186988830566406,32.3923454284668,31.24119758605957,30.554481506347656,30.55802345275879,30.153121948242188,30.75787925720215,32.75473403930664,33.673213958740234,33.303863525390625,34.51402282714844,37.38386154174805,38.71795654296875,37.91389846801758,37.48676300048828,38.42363357543945,39.676368713378906,40.44559097290039,40.74186325073242,40.79294967651367,41.01338195800781,41.48100662231445,41.576560974121094,40.88154983520508,39.827552795410156,38.937042236328125,38.01934051513672,36.8363037109375,35.978450775146484,36.33767318725586,37.96329879760742,39.90460205078125
32.03147888183594,33.29595184326172,33.33540725708008,33.36874771118164,33.77315902709961,33.65207290649414,31.95249366760254,28.87993049621582,26.05362319946289,24.664695739746094,24.644573211669922,26.426345825195312,29.871000289916992,32.50566482543945,31.9183349609375,29.98386573791504,29.348270416259766,29.67138671875,30.758203506469727,32.573944091796875,33.114402770996094,32.25019454956055,33.05067825317383,36.07444763183594,38.07725524902344,37.512943267822266,36.91023635864258,37.958621978759766,39.691829681396484,40.949344635009766,41.75514221191406,42.43931198120117,43.098934173583984,43.545127868652344,43.30791091918945,42.32807159423828,41.21098327636719,40.47654724121094,39.845619201660156,38.76567459106445,37.4490966796875,36.791202545166016,37.45030212402344,39.148780822753906
30.372541427612305,31.89054298400879,32.5613899230957,32.70154571533203,32.8348388671875,32.93124771118164,32.300418853759766,30.30389404296875,27.488265991210938,25.241615295410156,24.323421478271484,25.145612716674805,27.89858055114746,31.06752586364746,32.3585319519043,31.02538299560547,28.998517990112305,28.432546615600586,29.802854537963867,32.21607971191406,33.29449462890625,32.307979583740234,32.01575469970703,34.244239807128906,36.75568389892578,37.22380447387695,36.788902282714844,37.56353759765625,39.4227409362793,41.2557487487793,42.74028778076172,44.037742614746094,44.92634963989258,45.22991180419922,44.92061233520508,43.969932556152344,42.77041244506836,41.75912857055664,41.07412338256836,40.54693603515625,39.851661682128906,38.951576232910156,38.4683723449707,38.99876022338867
29.23659324645996,30.555099487304688,31.537445068359375,32.019561767578125,32.241844177246094,32.27631378173828,31.87541961669922,30.571168899536133,28.362789154052734,26.17835235595703,24.914464950561523,24.945449829101562,26.468204498291016,28.91864013671875,30.927030563354492,31.340524673461914,29.953386306762695,28.388952255249023,28.594480514526367,30.683015823364258,32.55284881591797,32.4752311706543,31.934934616088867,33.16365432739258,35.44938659667969,36.64860916137695,36.627784729003906,37.036739349365234,38.602783203125,40.89402389526367,43.23904037475586,44.960845947265625,45.65026092529297,45.825775146484375,46.059814453125,46.02714157104492,45.0361213684082,43.34271240234375,41.92359161376953,41.33543014526367,41.19007873535156,40.79987335205078,40.22863006591797,39.94194412231445
28.415189743041992,29.459623336791992,30.34253692626953,30.83844757080078,31.115036010742188,31.237957000732422,31.055896759033203,30.300912857055664,28.7769832611084,26.946903228759766,25.680879592895508,25.359207153320312,25.959625244140625,27.30689811706543,28.885488510131836,30.027246475219727,30.044504165649414,28.867170333862305,28.052078247070312,28.929040908813477,30.828908920288086,31.938018798828125,32.14337921142578,32.96826171875,34.69894027709961,36.02884292602539,36.37763595581055,36.63776779174805,37.857460021972656,40.27797317504883,43.08478927612305,44.95387649536133,45.50145721435547,45.70601272583008,46.2833251953125,46.64467239379883,46.007713317871094,44.57948684692383,43.13776397705078,42.23807144165039,41.823341369628906,41.6729621887207,41.566341400146484,41.27225112915039
27.45275115966797,28.212373733520508,28.73013687133789,28.923355102539062,29.091794967651367,29.439245223999023,29.77645492553711,29.72456169128418,29.032331466674805,27.770544052124023,26.485462188720703,25.7705078125,25.81009292602539,26.511159896850586,27.46846580505371,28.297714233398438,28.800443649291992,28.564105987548828,27.765134811401367,27.69145965576172,29.00905990600586,30.82577896118164,32.15105056762695,33.12326431274414,34.234405517578125,35.31439208984375,36.00767135620117,36.524147033691406,37.660884857177734,39.98074722290039,42.77444076538086,44.65031051635742,45.34876251220703,45.756866455078125,46.338409423828125,46.59946823120117,46.135711669921875,45.106327056884766,44.021156311035156,43.15972137451172,42.58316421508789,42.31346130371094,42.229713439941406,42.090057373046875
26.0557861328125,26.5349178314209,26.622703552246094,26.45681381225586,26.55217742919922,27.239912033081055,28.224149703979492,28.903709411621094,29.005939483642578,28.555431365966797,27.60025978088379,26.463886260986328,25.813167572021484,26.02473258972168,26.65825843811035,27.051862716674805,27.179502487182617,27.236568450927734,27.114545822143555,27.14447021484375,28.01076316833496,29.767988204956055,31.643966674804688,32.88306427001953,33.566837310791016,34.270442962646484,35.21043395996094,36.28287887573242,37.67433547973633,39.74932861328125,42.17499923706055,44.103607177734375,45.273040771484375,46.051971435546875,46.6571044921875,46.78617858886719,46.3417854309082,45.56017303466797,44.79747772216797,44.17490005493164,43.5772590637207,42.93537521362305,42.46333694458008,42.279300689697266
24.42594337463379,24.74075698852539,24.508224487304688,24.065797805786133,24.17592430114746,25.229732513427734,26.84292984008789,28.222557067871094,28.856340408325195,28.83995246887207,28.368234634399414,27.404552459716797,26.290040969848633,25.764026641845703,25.851219177246094,25.878440856933594,25.667984008789062,25.643470764160156,25.944908142089844,26.426862716674805,27.301868438720703,28.82781982421875,30.64274024963379,31.963159561157227,32.558738708496094,33.07719802856445,34.07606887817383,35.41187286376953,36.90914535522461,38.84455490112305,41.2045783996582,43.32616424560547,44.798561096191406,45.808555603027344,46.48653793334961,46.77333068847656,46.71491241455078,46.43119812011719,45.966434478759766,45.30063247680664,44.40602493286133,43.487144470214844,42.92087936401367,42.730186462402344
22.976696014404297,23.12598991394043,22.581787109375,21.98495101928711,22.330081939697266,23.77933120727539,25.741132736206055,27.482864379882812,28.444414138793945,28.50284194946289,28.107891082763672,27.550954818725586,26.688669204711914,25.72785758972168,25.01018714904785,24.40681266784668,23.93055534362793,23.944955825805664,24.409704208374023,24.931652069091797,25.623680114746094,26.93628692626953,28.685232162475586,30.063865661621094,30.787458419799805,31.54175567626953,32.889251708984375,34.37723159790039,35.61637878417969,37.210533142089844,39.61039352416992,42.138404846191406,43.90421676635742,44.896366119384766,45.58491134643555,46.16604232788086,46.692604064941406,47.07101821899414,46.93062210083008,46.2336311340332,45.236671447753906,44.30516815185547,43.744903564453125,43.52269744873047
21.827051162719727,21.468137741088867,20.581506729125977,20.178709030151367,21.0794677734375,22.834672927856445,24.597190856933594,26.008420944213867,26.964981079101562,27.182275772094727,26.735652923583984,26.33353042602539,26.076595306396484,25.328227996826172,24.117074966430664,23.032567977905273,22.32023048400879,22.03973960876465,22.24349594116211,22.67108726501465,23.271196365356445,24.444026947021484,26.043624877929688,27.216800689697266,27.92670249938965,29.168066024780273,31.247156143188477,33.225128173828125,34.441707611083984,35.674232482910156,37.794639587402344,40.41109848022461,42.45564270019531,43.65196990966797,44.45966720581055,45.226341247558594,46.00969314575195,46.7485237121582,47.182960510253906,47.011199951171875,46.33294677734375,45.518306732177734,44.89905548095703,44.509788513183594
21.15907859802246,20.13298225402832,19.0264892578125,18.86006736755371,19.924375534057617,21.42797088623047,22.565099716186523,23.208852767944336,23.703819274902344,24.134174346923828,24.27518653869629,24.318408966064453,24.537187576293945,24.423154830932617,23.534399032592773,22.45778465270996,21.67351722717285,20.995840072631836,20.643659591674805,21.079547882080078,22.135778427124023,23.515085220336914,24.661226272583008,24.964059829711914,25.21938133239746,26.76142120361328,29.32832908630371,31.61414337158203,33.0905876159668,34.393959045410156,36.20133590698242,38.43488311767578,40.44923782348633,41.89318084716797,42.8816032409668,43.65873336791992,44.399864196777344,45.24297332763672,46.10517120361328,46.64790344238281,46.63765335083008,46.1659049987793,45.517677307128906,44.890071868896484
20.963510513305664,19.624177932739258,18.302444458007812,17.74654769897461,18.170604705810547,19.140012741088867,19.954633712768555,20.16789436340332,20.075641632080078,20.458887100219727,21.51844024658203,22.68726921081543,23.549755096435547,24.11610984802246,24.184152603149414,23.6531982421875,22.94491195678711,22.447776794433594,22.274494171142578,22.532758712768555,23.45575523376465,24.920358657836914,25.7816162109375,25.23635482788086,24.740201950073242,25.866714477539062,27.98491668701172,29.83346176147461,31.272571563720703,32.76009750366211,34.526519775390625,36.471553802490234,38.2480354309082,39.59925079345703,40.590415954589844,41.4157600402832,42.155975341796875,42.868011474609375,43.699161529541016,44.5319709777832,45.06575393676758,45.093257904052734,44.6641960144043,44.09246063232422
20.77694320678711,19.474084854125977,18.26633644104004,17.68121337890625,17.933940887451172,18.905765533447266,19.97096061706543,20.366310119628906,20.049365997314453,20.02593994140625,21.11448097229004,22.936552047729492,24.608646392822266,25.805803298950195,26.521955490112305,26.610445022583008,26.242172241210938,25.92094612121582,25.758987426757812,25.4461669921875,25.449064254760742,26.36449432373047,27.218006134033203,26.84538459777832,26.193763732910156,26.64042091369629,27.762649536132812,28.682762145996094,29.580806732177734,30.86739158630371,32.466304779052734,34.135215759277344,35.689571380615234,36.942298889160156,37.86717987060547,38.6041145324707,39.25061798095703,39.88484191894531,40.62348937988281,41.490394592285156,42.268775939941406,42.66344451904297,42.64302062988281,42.46430587768555
20.204742431640625,19.789222717285156,19.83554458618164,20.514333724975586,21.599632263183594,22.805967330932617,23.791702270507812,24.167654037475586,23.90703773498535,23.64519500732422,24.14215850830078,25.544754028320312,27.26875114440918,28.696847915649414,29.6466064453125,30.024660110473633,29.732789993286133,28.966630935668945,28.00868034362793,26.949344635009766,26.25285530090332,26.42252540588379,26.94342041015625,27.05992317199707,27.117990493774414,27.700777053833008,28.502344131469727,29.10385513305664,29.712993621826172,30.507333755493164,31.408205032348633,32.42314147949219,33.628875732421875,34.87827682495117,35.87581253051758,36.54410171508789,37.012306213378906,37.51622009277344,38.27631759643555,39.23721694946289,40.05039596557617,40.44012451171875,40.478271484375,40.43146514892578
