data/wind_data/wind_2_8.json
{"header": {"parameterUnit": "KT", "parameterCategory": 2, "nx": 256, "ny": 198, "lo1": 44.73521041870117, "la1": -3.236724853515625, "lo2": 111.26478576660156, "la2": 43.468475341796875, "dx": 0.2609002888202667, "dy": -0.23708222806453705, "refTime": "2025-02-19 02:00:00", "forecastTime": 0, "parameterNumber": 2, "parameterNumberName": "eastward_wind"}, "data":
[rows 0 to 18 of 198, columns 176 to 219 of 256]
-16.334165573120117,-17.115413665771484,-16.13763427734375,-15.955142974853516,-16.51005744934082,-17.018735885620117,-16.537065505981445,-15.229037284851074,-14.640263557434082,-13.744176864624023,-13.250922203063965,-13.2460298538208,-13.02013874053955,-13.350902557373047,-13.53896713256836,-13.530183792114258,-13.598700523376465,-13.243060111999512,-12.539959907531738,-11.46792221069336,-10.310348510742188,-7.634176254272461,-3.9112300872802734,-4.524969100952148,-3.796222448348999,-2.0950145721435547,-1.2677690982818604,-1.8937349319458008,-3.0786736011505127,-3.9549522399902344,-5.086328029632568,-3.608706474304199,-4.028497695922852,-9.066079139709473,-12.721405982971191,-13.435150146484375,-13.448578834533691,-14.191843032836914,-14.646930694580078,-13.481466293334961,-11.822643280029297,-12.505632400512695,-13.177573204040527,-13.71764087677002
-15.114055633544922,-16.04094123840332,-15.27186107635498,-15.042484283447266,-16.496746063232422,-16.714643478393555,-15.455888748168945,-13.970431327819824,-13.402571678161621,-13.761126518249512,-13.226556777954102,-11.853588104248047,-11.437798500061035,-12.386241912841797,-12.414589881896973,-11.846129417419434,-11.99006175994873,-12.162622451782227,-11.5715913772583,-11.248305320739746,-11.420443534851074,-9.964986801147461,-6.7283782958984375,-5.034575462341309,-5.098446846008301,-4.714208126068115,-3.7907495498657227,-3.791315793991089,-4.575809955596924,-5.432546615600586,-6.386479377746582,-5.957536220550537,-6.011242389678955,-9.142556190490723,-11.606518745422363,-12.049707412719727,-11.598311424255371,-11.389148712158203,-11.109599113464355,-10.01650619506836,-10.055761337280273,-11.161361694335938,-11.848401069641113,-12.831212997436523
-13.790831565856934,-14.400956153869629,-14.684252738952637,-14.971134185791016,-15.536377906799316,-15.228632926940918,-14.219568252563477,-13.47600269317627,-13.098530769348145,-12.966672897338867,-12.864384651184082,-12.052484512329102,-11.350475311279297,-11.7003812789917,-11.739173889160156,-11.791572570800781,-12.39186954498291,-12.69031047821045,-12.738622665405273,-12.642004013061523,-11.539798736572266,-9.931788444519043,-7.994953632354736,-5.962668418884277,-4.911803722381592,-4.411457061767578,-4.214484214782715,-3.8071751594543457,-4.4101080894470215,-5.520082950592041,-6.8351149559021,-7.564828395843506,-8.157477378845215,-8.19902515411377,-7.753748893737793,-6.823256015777588,-6.536638259887695,-6.61074686050415,-7.49252462387085,-8.282349586486816,-9.846494674682617,-11.881591796875,-12.321074485778809,-12.602293968200684
-12.43065071105957,-13.358256340026855,-14.447293281555176,-14.738238334655762,-14.262434959411621,-13.476593971252441,-13.11587142944336,-12.883683204650879,-12.281998634338379,-11.665485382080078,-12.363729476928711,-12.54916763305664,-11.701404571533203,-11.203263282775879,-10.86324405670166,-11.061494827270508,-11.818608283996582,-12.083024024963379,-11.51797103881836,-11.035713195800781,-10.716187477111816,-10.16962718963623,-9.443628311157227,-8.24240779876709,-7.10186243057251,-6.3437066078186035,-5.535977363586426,-4.307955265045166,-3.6932361125946045,-3.839693546295166,-4.143588542938232,-4.52541971206665,-3.6244616508483887,-1.9161056280136108,-0.4986600875854492,0.9240935444831848,2.3898749351501465,-0.2576577663421631,-3.5745043754577637,-3.901975154876709,-6.9036946296691895,-10.142720222473145,-10.49925422668457,-9.61075496673584
-12.375625610351562,-13.720398902893066,-14.35701847076416,-14.634539604187012,-15.584479331970215,-16.47007179260254,-15.452069282531738,-13.585280418395996,-12.493009567260742,-12.09418773651123,-12.142515182495117,-12.710124015808105,-13.205849647521973,-11.921613693237305,-9.79338550567627,-8.64816951751709,-8.665903091430664,-8.89390754699707,-9.281384468078613,-10.305760383605957,-11.602656364440918,-13.010244369506836,-14.2774658203125,-14.912618637084961,-12.76456356048584,-10.59520149230957,-9.207365989685059,-7.0132060050964355,-4.879736423492432,-4.890533924102783,-5.1897196769714355,-4.5145697593688965,-3.7815134525299072,-3.76747727394104,-3.28743052482605,-2.1207683086395264,-1.7041258811950684,-0.6530843377113342,-3.8631021976470947,-11.172322273254395,-12.449929237365723,-12.126432418823242,-11.172112464904785,-9.048584938049316
-11.98192024230957,-12.623611450195312,-13.154796600341797,-13.630325317382812,-14.511035919189453,-15.271514892578125,-14.432418823242188,-12.028824806213379,-10.72339153289795,-10.792632102966309,-10.722543716430664,-11.088610649108887,-11.90000057220459,-11.111019134521484,-8.637639045715332,-7.658412456512451,-8.121909141540527,-8.686448097229004,-9.899385452270508,-10.576416969299316,-10.089715957641602,-10.506272315979004,-12.745582580566406,-13.618651390075684,-11.672319412231445,-10.002554893493652,-9.180821418762207,-7.2821044921875,-7.254645347595215,-9.034592628479004,-9.424957275390625,-9.40797233581543,-9.997303009033203,-10.269570350646973,-8.884568214416504,-7.898613929748535,-8.121870040893555,-6.751966953277588,-6.0587029457092285,-8.388490676879883,-10.321578979492188,-9.196355819702148,-9.110320091247559,-8.333919525146484
-11.808581352233887,-12.469754219055176,-12.029742240905762,-11.76265811920166,-13.098749160766602,-13.439474105834961,-11.954493522644043,-10.0390625,-8.626708984375,-8.922539710998535,-9.7206392288208,-9.514676094055176,-9.005620002746582,-8.417086601257324,-8.030486106872559,-8.515968322753906,-8.828980445861816,-8.402229309082031,-8.24794864654541,-8.511634826660156,-8.653313636779785,-9.428778648376465,-10.531230926513672,-9.568421363830566,-8.070405960083008,-7.339457035064697,-6.535520076751709,-6.22464656829834,-8.870783805847168,-12.050311088562012,-12.571684837341309,-12.302037239074707,-12.836674690246582,-14.043183326721191,-14.414802551269531,-12.206406593322754,-10.574395179748535,-12.10745906829834,-14.096257209777832,-14.880085945129395,-13.05321979522705,-10.899312973022461,-11.347732543945312,-11.96893310546875
-10.362093925476074,-11.007002830505371,-11.19606876373291,-12.09543514251709,-12.983404159545898,-11.171557426452637,-8.175312995910645,-8.300296783447266,-9.182318687438965,-8.059561729431152,-7.782702922821045,-8.199753761291504,-6.608753204345703,-5.351950168609619,-6.773717880249023,-8.310836791992188,-8.46471118927002,-7.600381851196289,-7.170839786529541,-7.490597248077393,-8.07298755645752,-9.041678428649902,-9.046696662902832,-8.308680534362793,-7.4085564613342285,-5.836167812347412,-5.232363700866699,-6.738630294799805,-9.742016792297363,-12.229316711425781,-14.295330047607422,-16.17278480529785,-17.722278594970703,-18.822778701782227,-18.851022720336914,-16.20692253112793,-14.352185249328613,-15.923662185668945,-18.322458267211914,-19.59307098388672,-18.14206314086914,-15.598553657531738,-15.096199989318848,-16.577192306518555
-10.813435554504395,-11.09504508972168,-10.857040405273438,-10.567837715148926,-9.918742179870605,-7.981913089752197,-6.508084297180176,-8.268664360046387,-10.725874900817871,-9.444829940795898,-8.108382225036621,-9.8920316696167,-9.215780258178711,-6.756643295288086,-7.326594352722168,-9.055002212524414,-9.535696029663086,-9.005107879638672,-9.020547866821289,-9.329437255859375,-8.806739807128906,-8.714943885803223,-9.44637393951416,-10.020466804504395,-9.6013822555542,-7.767048358917236,-7.330631256103516,-9.447084426879883,-11.104988098144531,-11.527030944824219,-13.664090156555176,-14.662001609802246,-14.197096824645996,-15.162731170654297,-16.990812301635742,-17.551197052001953,-18.155872344970703,-20.181978225708008,-21.020626068115234,-21.517887115478516,-21.729480743408203,-20.21830940246582,-18.358978271484375,-17.9311580657959
-12.972394943237305,-12.47291374206543,-10.530993461608887,-7.768991470336914,-6.250265121459961,-7.224798679351807,-8.222994804382324,-7.6473917961120605,-7.778751850128174,-7.510024547576904,-7.9167914390563965,-10.536686897277832,-12.656475067138672,-11.125463485717773,-9.942841529846191,-10.518573760986328,-10.54154109954834,-9.770218849182129,-9.174339294433594,-9.053775787353516,-9.493206024169922,-10.40338134765625,-11.653371810913086,-12.152761459350586,-11.213797569274902,-9.7932710647583,-9.945568084716797,-11.73865032196045,-12.600815773010254,-13.85517406463623,-16.590309143066406,-16.583972930908203,-13.855579376220703,-11.871259689331055,-12.725982666015625,-13.75863265991211,-15.39084243774414,-20.803197860717773,-24.02042007446289,-22.322656631469727,-19.935434341430664,-18.373275756835938,-17.161968231201172,-17.502330780029297
-12.473872184753418,-10.733382225036621,-9.08411979675293,-7.637648582458496,-7.261380195617676,-8.438861846923828,-9.513761520385742,-8.209979057312012,-6.222142696380615,-4.920662879943848,-5.916280269622803,-9.14979076385498,-13.001107215881348,-13.285710334777832,-10.338768005371094,-8.889680862426758,-8.648961067199707,-8.014994621276855,-8.22311019897461,-9.673951148986816,-12.098715782165527,-14.559609413146973,-15.358698844909668,-13.677928924560547,-10.767122268676758,-9.565786361694336,-11.353097915649414,-13.140983581542969,-13.415911674499512,-14.65362548828125,-17.560312271118164,-20.39192008972168,-20.45977210998535,-19.355257034301758,-19.097570419311523,-18.18509292602539,-17.6300106048584,-20.077951431274414,-24.1749267578125,-23.865434646606445,-20.415006637573242,-19.095813751220703,-19.43619728088379,-19.55092430114746
-10.063671112060547,-9.551212310791016,-8.558013916015625,-6.904728412628174,-6.42141056060791,-8.319695472717285,-10.007957458496094,-8.734548568725586,-7.012927532196045,-5.533425807952881,-5.538690090179443,-6.54022216796875,-9.01900863647461,-10.990906715393066,-11.197176933288574,-9.189675331115723,-7.238680362701416,-7.406668663024902,-9.062265396118164,-11.926544189453125,-14.407602310180664,-16.681880950927734,-17.250469207763672,-14.174260139465332,-11.621535301208496,-11.083045959472656,-11.582490921020508,-12.942601203918457,-13.753710746765137,-14.323038101196289,-16.606639862060547,-19.66162872314453,-20.04541015625,-19.148326873779297,-19.493865966796875,-20.463830947875977,-21.409822463989258,-21.453754425048828,-21.312467575073242,-21.110584259033203,-20.012048721313477,-19.8118953704834,-20.81389045715332,-21.036022186279297
-8.94166374206543,-9.314194679260254,-8.705041885375977,-8.258452415466309,-8.855588912963867,-8.58997917175293,-7.494843482971191,-6.816388130187988,-6.733344078063965,-6.629364013671875,-6.639357566833496,-6.2352190017700195,-7.531698226928711,-10.502650260925293,-12.07606315612793,-10.260042190551758,-7.708302021026611,-8.690038681030273,-11.981186866760254,-15.172307014465332,-17.63349723815918,-18.754167556762695,-18.2913761138916,-16.005064010620117,-14.514776229858398,-13.776729583740234,-12.836786270141602,-13.44273567199707,-15.182343482971191,-16.12318229675293,-16.196189880371094,-15.226863861083984,-13.342982292175293,-13.29631519317627,-16.888734817504883,-20.9371395111084,-22.913497924804688,-21.68302345275879,-19.196197509765625,-19.119014739990234,-18.76881217956543,-17.074230194091797,-17.733760833740234,-20.3175106048584
-6.386185646057129,-6.885758876800537,-6.923003196716309,-7.420467376708984,-8.605860710144043,-7.668737411499023,-5.368773937225342,-4.840623378753662,-4.80458927154541,-6.03945255279541,-6.772159576416016,-6.414498805999756,-8.024924278259277,-10.582067489624023,-11.69734001159668,-11.612732887268066,-10.838375091552734,-12.207477569580078,-15.892790794372559,-18.64153289794922,-20.085886001586914,-19.315793991088867,-17.676292419433594,-15.832507133483887,-14.88109016418457,-15.119240760803223,-14.4728364944458,-13.393304824829102,-13.67650318145752,-15.049744606018066,-16.019804000854492,-15.791705131530762,-15.406441688537598,-16.688020706176758,-19.92165184020996,-22.98702049255371,-25.299280166625977,-24.900432586669922,-22.27324104309082,-21.718698501586914,-20.389909744262695,-16.869630813598633,-16.14906883239746,-19.69260025024414
-4.45701789855957,-5.648777961730957,-6.27856969833374,-5.927187919616699,-7.005686283111572,-8.735105514526367,-7.792446613311768,-6.391129970550537,-6.617151260375977,-6.952353477478027,-6.502086639404297,-6.448400020599365,-8.552958488464355,-11.185214042663574,-12.62155532836914,-14.249305725097656,-15.637040138244629,-15.570205688476562,-15.978307723999023,-17.892793655395508,-19.0872802734375,-18.767900466918945,-18.380990982055664,-17.140544891357422,-16.012758255004883,-16.246835708618164,-16.808734893798828,-16.746305465698242,-16.540334701538086,-16.785472869873047,-16.921295166015625,-17.048145294189453,-19.156461715698242,-23.232515335083008,-25.10896873474121,-24.26519012451172,-24.716524124145508,-25.872440338134766,-25.926319122314453,-25.511049270629883,-23.152320861816406,-18.79490089416504,-17.203311920166016,-21.34427833557129
-5.875262260437012,-5.789097309112549,-5.828359603881836,-7.124296188354492,-8.919363975524902,-9.611895561218262,-8.91373348236084,-8.788991928100586,-9.277164459228516,-8.575366020202637,-8.483033180236816,-8.884888648986816,-9.642890930175781,-12.163690567016602,-15.208148956298828,-17.367666244506836,-17.04547691345215,-15.462028503417969,-15.621512413024902,-16.546390533447266,-16.634727478027344,-17.639530181884766,-19.367507934570312,-19.940547943115234,-19.66941261291504,-20.774538040161133,-23.382291793823242,-24.751850128173828,-23.740140914916992,-21.689266204833984,-19.030811309814453,-18.00785255432129,-20.69125747680664,-24.569164276123047,-25.62710952758789,-23.579729080200195,-22.090070724487305,-23.097288131713867,-25.228137969970703,-26.88393211364746,-25.317218780517578,-20.261571884155273,-18.240894317626953,-23.138656616210938
-6.86324405670166,-5.927434921264648,-6.219676971435547,-8.6229887008667,-10.94530200958252,-9.823921203613281,-8.639078140258789,-9.925389289855957,-10.744677543640137,-10.575774192810059,-9.175368309020996,-7.9983015060424805,-9.790258407592773,-13.50493335723877,-16.12561798095703,-16.426424026489258,-16.010412216186523,-16.003576278686523,-16.090145111083984,-16.24114418029785,-15.672582626342773,-16.192890167236328,-18.885133743286133,-22.139169692993164,-23.43060302734375,-23.603015899658203,-25.399002075195312,-28.3749942779541,-30.882160186767578,-30.253036499023438,-26.411991119384766,-23.2138614654541,-22.602197647094727,-22.901683807373047,-22.52125358581543,-20.78559112548828,-20.122039794921875,-21.48518180847168,-23.679004669189453,-26.61144256591797,-26.85259246826172,-22.855552673339844,-20.54194450378418,-24.9588623046875
-5.077442169189453,-6.191535472869873,-7.433137893676758,-7.943620204925537,-8.516508102416992,-8.609296798706055,-8.710478782653809,-9.426453590393066,-10.05022144317627,-9.086681365966797,-7.61741828918457,-8.988212585449219,-13.094134330749512,-16.014284133911133,-16.09894561767578,-15.339733123779297,-15.995218276977539,-16.89321517944336,-16.82876968383789,-16.91876220703125,-17.435001373291016,-17.848121643066406,-19.44571304321289,-21.812654495239258,-23.442306518554688,-24.36782455444336,-25.566753387451172,-26.97213363647461,-27.758853912353516,-26.823026657104492,-24.85931968688965,-24.15415382385254,-25.035146713256836,-24.336885452270508,-21.320409774780273,-19.65078353881836,-20.392717361450195,-21.486713409423828,-23.195676803588867,-26.338102340698242,-27.467933654785156,-24.710418701171875,-22.24892234802246,-25.300731658935547
-3.823591709136963,-6.199762344360352,-7.800492763519287,-6.970239639282227,-6.666634559631348,-8.241326332092285,-8.509390830993652,-8.055022239685059,-8.643282890319824,-8.67320728302002,-8.240450859069824,-9.735028266906738,-12.305861473083496,-14.305309295654297,-14.755005836486816,-16.143901824951172,-18.987451553344727,-19.970182418823242,-19.28443145751953,-19.217206954956055,-19.746973037719727,-20.338544845581055,-22.46312713623047,-24.857009887695312,-24.959270477294922,-23.741788864135742,-23.607690811157227,-24.901371002197266,-26.19222640991211,-26.193206787109375,-25.806724548339844,-27.205171585083008,-28.39407730102539,-26.19377326965332,-21.798751831054688,-19.837785720825195,-20.504404067993164,-20.56840705871582,-21.29926300048828,-24.53103256225586,-26.769943237304688,-25.164960861206055,-23.208147048950195,-25.434141159057617
