data/wind_data/wind_36_9.json
{"header": {"parameterUnit": "KT", "parameterCategory": 2, "nx": 256, "ny": 198, "lo1": 44.73521041870117, "la1": -3.236724853515625, "lo2": 111.26478576660156, "la2": 43.468475341796875, "dx": 0.2609002888202667, "dy": -0.23708222806453705, "refTime": "2025-02-20 12:00:00", "forecastTime": 0, "parameterNumber": 2, "parameterNumberName": "eastward_wind"}, "data":
[rows 76 to 94 of 198, columns 0 to 42 of 256]
1.3493151664733887,-3.112537145614624,-2.9124138355255127,-1.1324875354766846,2.347644329071045,2.3527424335479736,1.5050183534622192,-0.31332021951675415,-1.5839844942092896,-1.6898016929626465,-1.5121114253997803,-1.530259609222412,-1.6710102558135986,-1.622452974319458,-1.5010899305343628,-1.6314024925231934,-2.083636522293091,-2.5483577251434326,-2.5499894618988037,-2.3905253410339355,-2.559014320373535,-3.0498485565185547,-3.370234966278076,-3.3079428672790527,-3.0497677326202393,-2.620408296585083,-1.9660546779632568,-1.1830188035964966,-0.47040456533432007,-0.055523548275232315,-0.15146252512931824,-0.7387290000915527,-1.4897050857543945,-2.006195545196533,-2.258638381958008,-2.653796672821045,-3.377870559692383,-4.236589431762695,-4.8966145515441895,-5.026814937591553,-4.518903732299805,-3.5424587726593018,-2.270474433898926
1.9586669206619263,-3.2856638431549072,-2.884291172027588,-1.3887192010879517,1.1895027160644531,0.9256834387779236,0.09848944842815399,-0.7179752588272095,-1.2944380044937134,-1.5577210187911987,-1.5352598428726196,-1.6884355545043945,-1.8304777145385742,-1.5136289596557617,-1.1529289484024048,-1.4240270853042603,-2.310908794403076,-3.219521999359131,-3.442704916000366,-3.1312007904052734,-3.3204472064971924,-4.013787746429443,-4.493250370025635,-4.535656929016113,-4.284677505493164,-3.8583691120147705,-3.27592134475708,-2.5322792530059814,-1.8112705945968628,-1.42373526096344,-1.5973165035247803,-2.282770872116089,-3.066072940826416,-3.5425801277160645,-3.748993158340454,-4.043487548828125,-4.585107803344727,-5.214730262756348,-5.627260684967041,-5.548198699951172,-4.870075225830078,-3.738361120223999,-2.390657424926758
2.7802321910858154,-1.642991304397583,-1.7434195280075073,-0.7367805242538452,1.2303366661071777,0.31258469820022583,-0.3120211362838745,-0.33334529399871826,-0.7516632676124573,-1.1141129732131958,-0.9787347912788391,-1.0177901983261108,-1.0186479091644287,-0.5406381487846375,-0.1992436945438385,-0.6769669651985168,-2.0752158164978027,-3.541506052017212,-4.293139457702637,-4.298489570617676,-4.464972496032715,-5.139139652252197,-5.557986736297607,-5.5557169914245605,-5.358072280883789,-5.144840240478516,-4.950672149658203,-4.583072662353516,-4.035336971282959,-3.712486982345581,-3.8922882080078125,-4.480048656463623,-5.172162055969238,-5.705421447753906,-5.942780017852783,-5.985730171203613,-6.0719523429870605,-6.244632244110107,-6.30708646774292,-6.007171630859375,-5.209081172943115,-4.040206432342529,-2.730302095413208
3.001537799835205,-1.6093854904174805,-1.7165100574493408,-0.8253019452095032,1.242783546447754,0.5989265441894531,0.4947732090950012,0.7914464473724365,0.6619029641151428,0.3801405727863312,0.23239722847938538,0.07265478372573853,0.053323403000831604,0.601162850856781,0.8061308860778809,0.12309009581804276,-1.4492037296295166,-3.4393885135650635,-4.90800142288208,-5.484117031097412,-5.602374076843262,-5.829232215881348,-5.923403739929199,-5.832667827606201,-5.958179473876953,-6.368338108062744,-6.9113640785217285,-7.191411972045898,-6.972139835357666,-6.677406311035156,-6.666647911071777,-6.9779815673828125,-7.5541229248046875,-8.091635704040527,-8.2396821975708,-7.909355640411377,-7.319050312042236,-6.862548351287842,-6.634454727172852,-6.3441691398620605,-5.678440570831299,-4.5875563621521,-3.289217710494995
2.8750197887420654,-2.2317421436309814,-2.6632189750671387,-1.8768508434295654,0.3009827136993408,1.07346773147583,2.1611196994781494,3.121889352798462,3.6713063716888428,3.274538278579712,2.1597542762756348,1.1107239723205566,0.835055947303772,1.4486685991287231,1.5270273685455322,0.5337356925010681,-1.088806390762329,-3.266535520553589,-5.223723411560059,-6.232125759124756,-6.483107089996338,-6.407569408416748,-6.300393581390381,-6.392094135284424,-6.959273338317871,-7.93385648727417,-8.99567985534668,-9.76301097869873,-9.832385063171387,-9.42503833770752,-9.141549110412598,-9.224150657653809,-9.573338508605957,-9.827003479003906,-9.655139923095703,-8.967103004455566,-7.946403980255127,-7.097427845001221,-6.696656703948975,-6.504190921783447,-6.105682849884033,-5.213233947753906,-3.916545867919922
2.7774240970611572,-2.8086304664611816,-3.5097482204437256,-3.118438959121704,-1.5095772743225098,0.4492589831352234,2.8325231075286865,4.646368503570557,5.512579441070557,4.849245548248291,3.0551836490631104,1.4080549478530884,1.0592626333236694,1.7223118543624878,1.7504185438156128,0.36182287335395813,-1.4590002298355103,-3.399960517883301,-5.229587554931641,-6.315036296844482,-6.813858509063721,-7.0742292404174805,-7.279927730560303,-7.621316909790039,-8.414616584777832,-9.649221420288086,-10.873068809509277,-11.661392211914062,-11.87282657623291,-11.527185440063477,-11.03503131866455,-10.785388946533203,-10.746071815490723,-10.687385559082031,-10.323419570922852,-9.461407661437988,-8.232548713684082,-7.114755153656006,-6.445244312286377,-6.10554838180542,-5.880996227264404,-5.412029266357422,-4.349759101867676
2.540102243423462,-3.2810802459716797,-3.996272325515747,-4.010134220123291,-2.8035662174224854,-0.838100790977478,1.7602673768997192,3.8615546226501465,4.8547492027282715,4.039773941040039,2.0941007137298584,0.7994676828384399,0.7271330952644348,1.186928391456604,1.0309122800827026,-0.4508357346057892,-2.3421008586883545,-3.8795278072357178,-5.129011154174805,-5.868153095245361,-6.304659366607666,-6.87420129776001,-7.6683173179626465,-8.463676452636719,-9.50676441192627,-10.970976829528809,-12.325003623962402,-12.918877601623535,-12.875300407409668,-12.507031440734863,-11.937228202819824,-11.418854713439941,-11.117227554321289,-10.896519660949707,-10.4716215133667,-9.559365272521973,-8.243515968322754,-6.962621212005615,-6.048537731170654,-5.394487380981445,-5.0365729331970215,-4.95868444442749,-4.539132595062256
1.6218644380569458,-3.4255847930908203,-4.263060569763184,-4.179871559143066,-2.705590009689331,-0.5356993675231934,1.5360900163650513,3.3993680477142334,4.276576519012451,3.226682424545288,1.4487366676330566,0.5090674757957458,0.16707749664783478,0.013147645629942417,-0.44306978583335876,-1.4889230728149414,-2.9823036193847656,-4.104322910308838,-4.777467727661133,-5.126736164093018,-5.338459491729736,-5.774909019470215,-6.707226753234863,-7.904488563537598,-9.271444320678711,-10.888312339782715,-12.375240325927734,-13.062031745910645,-12.788751602172852,-12.062180519104004,-11.39677619934082,-10.971916198730469,-10.750089645385742,-10.574009895324707,-10.19314193725586,-9.326238632202148,-8.018747329711914,-6.678683757781982,-5.730769634246826,-5.018798828125,-4.434176921844482,-4.32497501373291,-4.533956050872803
0.4820270836353302,-3.5468456745147705,-3.8302624225616455,-3.400094747543335,-2.116083860397339,0.6687928438186646,2.5122830867767334,3.6364758014678955,3.9187569618225098,2.9858148097991943,1.7611949443817139,0.8551921248435974,-0.0836087316274643,-0.9412188529968262,-1.548628807067871,-2.0521929264068604,-2.9512288570404053,-3.710566997528076,-3.986851692199707,-4.156649589538574,-4.287856101989746,-4.609396457672119,-5.3814826011657715,-6.632681846618652,-8.162976264953613,-9.653204917907715,-10.869246482849121,-11.708694458007812,-11.80914306640625,-11.119150161743164,-10.202576637268066,-9.637722969055176,-9.504535675048828,-9.531983375549316,-9.345022201538086,-8.636656761169434,-7.459616184234619,-6.264094829559326,-5.508487701416016,-5.055152893066406,-4.5310258865356445,-4.229262828826904,-4.665503978729248
0.4888639748096466,-1.860893726348877,-1.8484944105148315,-1.5007506608963013,-0.5499553680419922,1.5764496326446533,3.0813941955566406,3.6147873401641846,3.6123924255371094,3.155360221862793,2.3837015628814697,1.456163763999939,0.27658554911613464,-1.0117422342300415,-1.8789007663726807,-2.2311527729034424,-2.621999979019165,-3.0759787559509277,-3.1715450286865234,-3.2157938480377197,-3.40853214263916,-3.779374837875366,-4.587437629699707,-6.073293209075928,-7.837474346160889,-9.055922508239746,-9.524060249328613,-9.726288795471191,-9.848003387451172,-9.701725959777832,-9.1738862991333,-8.621556282043457,-8.366880416870117,-8.321907043457031,-8.21480941772461,-7.821230411529541,-7.096176624298096,-6.193216800689697,-5.539246559143066,-5.2702531814575195,-5.038386344909668,-4.831289768218994,-5.181686878204346
1.1700166463851929,0.7544910907745361,0.15234997868537903,0.3266042172908783,1.8170915842056274,2.0618960857391357,2.8524436950683594,3.262950897216797,3.3291401863098145,3.125087261199951,2.620201349258423,1.962314248085022,1.081355333328247,-0.2012626975774765,-1.405109167098999,-2.0597426891326904,-2.341327667236328,-2.590310573577881,-2.7361488342285156,-2.785527229309082,-3.0673913955688477,-3.474565267562866,-4.150645732879639,-5.676995754241943,-7.837985992431641,-9.384057998657227,-9.702261924743652,-9.246477127075195,-8.620485305786133,-8.160914421081543,-7.82447624206543,-7.581310272216797,-7.546250820159912,-7.592113494873047,-7.546247959136963,-7.459055423736572,-7.324086666107178,-6.890963554382324,-6.212737083435059,-5.692967414855957,-5.420440196990967,-5.352319717407227,-5.734769821166992
1.6815134286880493,1.2091084718704224,0.738597571849823,1.4010032415390015,3.5526809692382812,2.381726026535034,2.510416269302368,3.01165509223938,3.153378963470459,2.9828243255615234,2.634711980819702,2.3409836292266846,1.9836723804473877,1.0764915943145752,-0.1993308663368225,-1.3095537424087524,-1.9155224561691284,-2.1774747371673584,-2.491462469100952,-2.9114129543304443,-3.40010666847229,-3.754729986190796,-4.027131080627441,-4.916585922241211,-6.873502731323242,-9.027414321899414,-10.166922569274902,-10.086315155029297,-9.402926445007324,-8.572147369384766,-7.708682060241699,-7.110688209533691,-7.05731201171875,-7.341732025146484,-7.587378978729248,-7.696889400482178,-7.759024143218994,-7.66969633102417,-7.163652420043945,-6.418824672698975,-5.869019508361816,-5.745213508605957,-6.150458812713623
2.244861125946045,-0.14086991548538208,0.8978396654129028,2.3396413326263428,4.27370023727417,3.1095900535583496,2.8312835693359375,3.201997756958008,3.398801803588867,3.202770709991455,2.872678518295288,2.790968656539917,2.8731114864349365,2.393136978149414,1.1859626770019531,-0.2940908968448639,-1.4479146003723145,-2.029101848602295,-2.44720196723938,-3.1136252880096436,-3.9542057514190674,-4.455963134765625,-4.508496284484863,-4.759063720703125,-5.858511447906494,-7.658101558685303,-9.287908554077148,-10.09367561340332,-10.18989372253418,-9.904367446899414,-9.250028610229492,-8.480030059814453,-8.068757057189941,-8.131510734558105,-8.341925621032715,-8.239890098571777,-7.924335479736328,-7.7442708015441895,-7.551656723022461,-7.017752170562744,-6.370850563049316,-6.143421173095703,-6.3587493896484375
3.3023061752319336,1.9898865222930908,2.42279314994812,3.637608051300049,5.274837970733643,4.185902118682861,3.6115562915802,3.909393072128296,4.188169002532959,3.9677841663360596,3.556412696838379,3.4671034812927246,3.6565139293670654,3.450495719909668,2.297875165939331,0.4811805188655853,-1.2912589311599731,-2.4656825065612793,-2.9369380474090576,-3.348257541656494,-4.076388359069824,-4.785426139831543,-5.106628894805908,-5.280242443084717,-5.852086544036865,-6.815147399902344,-7.772118091583252,-8.682881355285645,-9.445953369140625,-9.913209915161133,-9.968667984008789,-9.614596366882324,-9.228352546691895,-9.168785095214844,-9.260671615600586,-8.947869300842285,-8.174981117248535,-7.5400896072387695,-7.306371212005615,-7.047119617462158,-6.55330753326416,-6.249056339263916,-6.150163650512695
4.598539352416992,5.392002582550049,4.181658744812012,4.805410385131836,6.9320502281188965,5.164825439453125,4.106326580047607,4.336587905883789,4.872411727905273,5.014392852783203,4.778590202331543,4.607987403869629,4.542299747467041,4.290233135223389,3.0633604526519775,0.9100635647773743,-1.3725610971450806,-3.120168447494507,-3.7410225868225098,-3.6060194969177246,-3.715658664703369,-4.33647346496582,-5.060742378234863,-5.595163822174072,-6.140665531158447,-6.825814723968506,-7.290779113769531,-7.584510803222656,-8.007983207702637,-8.527846336364746,-8.922571182250977,-8.999795913696289,-8.937540054321289,-9.105210304260254,-9.475911140441895,-9.549283027648926,-8.96465015411377,-8.053692817687988,-7.431091785430908,-7.088911056518555,-6.614109039306641,-6.07600212097168,-5.567109107971191
5.214813709259033,5.660041332244873,4.448009490966797,5.224054336547852,8.134102821350098,6.081697940826416,4.84274435043335,4.988289833068848,5.401796817779541,5.781322956085205,6.026112079620361,6.063786029815674,5.787287712097168,5.250932693481445,3.825410842895508,1.2966359853744507,-1.3596470355987549,-3.3937039375305176,-4.165519714355469,-3.6514883041381836,-3.1762912273406982,-3.5387954711914062,-4.4121856689453125,-5.2328619956970215,-5.914090156555176,-6.675544738769531,-7.2240800857543945,-7.320097923278809,-7.156940937042236,-6.964146614074707,-6.965601444244385,-7.137466907501221,-7.393735408782959,-7.823967456817627,-8.43578815460205,-9.005965232849121,-9.267806053161621,-9.037696838378906,-8.40038013458252,-7.736311912536621,-7.029539585113525,-6.065761566162109,-4.825736045837402
5.337297439575195,4.117586612701416,4.015354633331299,5.319094657897949,8.926315307617188,7.291665077209473,5.961363315582275,6.219718933105469,6.6253509521484375,6.7784552574157715,6.990789890289307,7.163157939910889,6.980567932128906,6.33957052230835,4.788753986358643,1.9030786752700806,-1.1435778141021729,-3.2965502738952637,-4.191588401794434,-3.545733690261841,-2.515984058380127,-2.2871530055999756,-2.964045763015747,-4.05215311050415,-5.060417652130127,-6.027552604675293,-6.909969806671143,-7.216126441955566,-6.865992069244385,-6.1400465965271,-5.498761177062988,-5.254711627960205,-5.454465389251709,-5.967979431152344,-6.546141624450684,-7.088067054748535,-7.829090595245361,-8.831793785095215,-9.245914459228516,-8.734511375427246,-7.737963676452637,-6.245783805847168,-4.208956718444824
5.173318862915039,3.2574639320373535,3.828261137008667,5.623539924621582,9.867453575134277,8.917741775512695,7.15958309173584,6.571524620056152,6.8195929527282715,6.962323188781738,7.017132759094238,7.400161266326904,7.70597505569458,7.226260185241699,5.693816661834717,2.7805495262145996,-0.6697065830230713,-3.168647527694702,-4.298351764678955,-3.7622385025024414,-1.9559906721115112,-0.5812644362449646,-0.6819049119949341,-2.0729408264160156,-3.9613678455352783,-5.624310493469238,-6.815963268280029,-7.362817287445068,-7.083479881286621,-6.178053379058838,-5.132169723510742,-4.429602146148682,-4.197010040283203,-4.304357051849365,-4.66193962097168,-5.261483192443848,-6.224096298217773,-7.733558654785156,-9.11623764038086,-9.291563987731934,-8.277344703674316,-6.267709255218506,-3.6542775630950928
4.781773090362549,3.1681456565856934,3.919475793838501,6.243557929992676,10.940478324890137,10.515227317810059,8.567357063293457,7.084877967834473,6.451290607452393,6.034857273101807,5.821655750274658,6.44464635848999,7.6817402839660645,7.730210781097412,6.252985000610352,3.719435930252075,0.3513432443141937,-2.6419363021850586,-4.108188629150391,-3.873300552368164,-1.876047134399414,0.517462432384491,1.1440762281417847,-0.45501208305358887,-3.209439277648926,-5.806598663330078,-7.417665958404541,-8.029857635498047,-7.870360374450684,-6.988494396209717,-5.680903434753418,-4.6105499267578125,-4.201499938964844,-4.194320201873779,-4.4170732498168945,-5.183759689331055,-6.382992744445801,-7.60839319229126,-8.717432022094727,-9.050121307373047,-8.035502433776855,-5.717770099639893,-3.0050790309906006
