data/wind_data/wind_11_2.json
{"header": {"parameterUnit": "KT", "parameterCategory": 2, "nx": 256, "ny": 198, "lo1": 44.73521041870117, "la1": -3.236724853515625, "lo2": 111.26478576660156, "la2": 43.468475341796875, "dx": 0.2609002888202667, "dy": -0.23708222806453705, "refTime": "2025-02-19 11:00:00", "forecastTime": 0, "parameterNumber": 2, "parameterNumberName": "eastward_wind"}, "data":
[rows 171 to 189 of 198, columns 129 to 171 of 256]
-7.016044616699219,-6.09765625,-5.695990085601807,-5.322636127471924,-5.432309627532959,-5.635992050170898,-6.334417819976807,-7.376564979553223,-7.172516345977783,-5.927908420562744,-6.399045944213867,-7.788511753082275,-8.572236061096191,-9.071690559387207,-10.06971263885498,-11.15032958984375,-11.929224014282227,-13.08403491973877,-13.287986755371094,-13.490999221801758,-12.997252464294434,-11.637356758117676,-9.6441068649292,-8.029026985168457,-7.519777774810791,-7.7069993019104,-9.292937278747559,-8.687824249267578,-8.799901008605957,-9.82658863067627,-7.903464317321777,-5.959315776824951,-3.5604400634765625,-0.2861146330833435,3.14353084564209,10.062215805053711,19.225061416625977,27.36475372314453,27.624492645263672,25.01371192932129,28.55047607421875,33.89662170410156,34.974037170410156
-7.159548759460449,-6.379521369934082,-5.585914611816406,-5.1591362953186035,-5.034440994262695,-4.361619472503662,-4.277707576751709,-5.400328636169434,-5.800212383270264,-5.344465732574463,-6.1520490646362305,-7.9327497482299805,-7.6821393966674805,-8.405433654785156,-9.93284797668457,-10.669000625610352,-11.645334243774414,-12.628229141235352,-12.854166030883789,-12.526450157165527,-10.872184753417969,-9.437421798706055,-9.563117027282715,-9.610854148864746,-8.847190856933594,-7.803144931793213,-6.696227073669434,-8.333317756652832,-7.5447163581848145,-9.148642539978027,-8.709380149841309,-9.06229305267334,-8.612767219543457,-7.335010051727295,-5.357301235198975,-0.46727150678634644,8.432413101196289,17.62847328186035,23.362306594848633,25.321794509887695,25.541458129882812,27.09458351135254,32.435577392578125
-6.704005718231201,-6.376353740692139,-5.4890522956848145,-4.683755397796631,-4.053247928619385,-3.6557228565216064,-3.854804515838623,-5.0567545890808105,-6.583758354187012,-6.593084335327148,-6.598593711853027,-7.629342555999756,-8.232742309570312,-8.809009552001953,-9.936482429504395,-10.651610374450684,-11.529204368591309,-12.161218643188477,-12.258894920349121,-11.423873901367188,-9.771289825439453,-9.286595344543457,-9.253472328186035,-8.876623153686523,-9.2964448928833,-8.273067474365234,-6.7519450187683105,-6.652365684509277,-6.807021617889404,-7.513754367828369,-7.40395450592041,-7.723820209503174,-6.882133960723877,-6.696564674377441,-5.834433555603027,-4.947681903839111,-1.4809868335723877,4.9986348152160645,15.507883071899414,23.299476623535156,25.475553512573242,24.25065040588379,24.219322204589844
-5.704475402832031,-5.2345991134643555,-4.751791954040527,-3.9482979774475098,-3.580460548400879,-3.6051888465881348,-3.9967594146728516,-4.785377502441406,-5.664153099060059,-6.154677867889404,-5.638160705566406,-7.608893394470215,-8.815518379211426,-9.269783973693848,-9.943326950073242,-10.611228942871094,-11.49328899383545,-11.832182884216309,-12.041966438293457,-11.91302490234375,-10.972288131713867,-9.878829002380371,-10.200331687927246,-10.244147300720215,-9.072958946228027,-8.009638786315918,-7.373820781707764,-6.851717948913574,-6.754154682159424,-6.863643169403076,-7.0616350173950195,-6.367038726806641,-5.859714984893799,-4.942039966583252,-3.9901788234710693,-3.6409027576446533,-2.136183023452759,-3.0092456340789795,1.5508923530578613,9.576951026916504,15.11570930480957,16.761619567871094,19.448741912841797
-4.553787708282471,-3.9889113903045654,-3.7996466159820557,-3.328901767730713,-3.170023202896118,-3.5200257301330566,-3.847252607345581,-4.065038681030273,-4.882121562957764,-6.026909351348877,-5.831085681915283,-8.497882843017578,-8.809747695922852,-9.372172355651855,-9.795880317687988,-10.857111930847168,-11.36804485321045,-11.481548309326172,-11.613476753234863,-11.578310012817383,-11.14262866973877,-10.23186206817627,-9.095118522644043,-8.01116943359375,-7.596942901611328,-7.1363606452941895,-6.91386079788208,-6.498263359069824,-6.495473861694336,-6.672119617462158,-6.217232704162598,-5.415618896484375,-4.7394328117370605,-3.8616437911987305,-3.5018539428710938,-1.3275903463363647,0.619452953338623,0.5777339935302734,-1.8179709911346436,0.8516375422477722,3.045210123062134,4.543025016784668,7.523987293243408
-3.732992649078369,-3.335528612136841,-3.132047653198242,-2.8121554851531982,-2.8607065677642822,-3.0381293296813965,-3.1384365558624268,-3.451977252960205,-4.600296497344971,-5.880721092224121,-6.039148807525635,-8.821695327758789,-8.438977241516113,-9.001532554626465,-9.722344398498535,-10.6782865524292,-10.744667053222656,-10.769124031066895,-10.897906303405762,-10.775392532348633,-10.014265060424805,-9.0869140625,-7.437350749969482,-6.910089015960693,-7.042293548583984,-5.623772144317627,-6.015646934509277,-6.015529155731201,-5.50347900390625,-5.211695671081543,-4.898879528045654,-4.386143684387207,-3.67604398727417,-1.8936227560043335,-2.767300605773926,0.19838006794452667,1.0657575130462646,1.359436273574829,-2.13558292388916,1.5173406600952148,0.6403668522834778,0.3823606073856354,1.0296107530593872
-1.963043212890625,-2.2986507415771484,-1.866167426109314,-1.9423880577087402,-2.45107364654541,-2.446861505508423,-2.7351410388946533,-3.3179543018341064,-4.606700897216797,-5.973822116851807,-5.781531810760498,-8.066268920898438,-7.623163223266602,-8.762072563171387,-9.571366310119629,-9.91942024230957,-9.89378833770752,-9.999409675598145,-9.506452560424805,-7.258060455322266,-6.237296104431152,-6.4689435958862305,-5.960551738739014,-5.794434547424316,-5.265513896942139,-4.367023468017578,-4.0149712562561035,-3.9831600189208984,-3.709444761276245,-3.341355085372925,-2.6852211952209473,-2.448920249938965,-1.9523913860321045,-1.2512199878692627,-0.7176688313484192,0.9933086037635803,0.1688365489244461,1.7019004821777344,-2.427992820739746,3.387540817260742,3.2010109424591064,0.12086803466081619,0.9924219846725464
-0.44514140486717224,-0.386343389749527,-0.1552751213312149,-1.3775815963745117,-1.6546772718429565,-1.7077157497406006,-2.402193784713745,-2.663349151611328,-3.7506773471832275,-5.771533012390137,-5.1414031982421875,-6.985764503479004,-7.2949066162109375,-8.617851257324219,-9.287281036376953,-9.455314636230469,-9.409195899963379,-9.352124214172363,-9.251601219177246,-6.860116481781006,-4.7953901290893555,-5.770579814910889,-5.405396938323975,-5.128149509429932,-4.48593282699585,-3.497777223587036,-2.9707746505737305,-2.5928218364715576,-2.245659589767456,-1.744286060333252,-1.0774972438812256,-0.008768107742071152,0.1481497436761856,0.8194751739501953,0.25015661120414734,1.4628595113754272,0.8660045862197876,2.7779455184936523,0.24164408445358276,3.1049551963806152,2.8059794902801514,3.035010814666748,1.352148175239563
2.994835376739502,1.947955846786499,0.8849855065345764,-0.2307063788175583,-1.2622392177581787,-0.4583154618740082,-1.238782286643982,-0.840984582901001,-1.4807015657424927,-4.2193989753723145,-5.605528831481934,-6.009360313415527,-7.136322975158691,-8.030842781066895,-6.08629035949707,-5.079779148101807,-5.965437889099121,-5.9404497146606445,-5.839353561401367,-5.258310317993164,-4.940433979034424,-5.0212554931640625,-4.4162983894348145,-4.0141921043396,-3.3731393814086914,-2.5627574920654297,-2.002920150756836,-1.4642648696899414,-0.730135440826416,0.18772421777248383,1.2552154064178467,2.1261205673217773,3.063960552215576,4.087462425231934,2.767007350921631,2.156193971633911,2.583256483078003,2.9686710834503174,2.6883039474487305,3.1601903438568115,2.6083507537841797,2.8786089420318604,3.6466498374938965
5.985738277435303,5.350090503692627,1.4563556909561157,1.870038390159607,1.418336272239685,2.239337682723999,1.9362456798553467,-0.19179010391235352,-2.2047224044799805,-2.186598062515259,-4.576761722564697,-6.23988151550293,-6.4334893226623535,-5.008894920349121,-2.361525774002075,-2.7656073570251465,-3.5224084854125977,-3.949519157409668,-3.9546589851379395,-4.124422550201416,-4.418128967285156,-4.152625560760498,-3.507107973098755,-2.860330104827881,-2.197812557220459,-1.5321528911590576,-1.0535790920257568,-0.44278135895729065,0.38358891010284424,1.3810219764709473,2.593223810195923,3.6963460445404053,5.064441204071045,5.262715816497803,5.439404010772705,3.792390823364258,3.8459019660949707,4.805410385131836,3.788815975189209,4.653052806854248,4.437488079071045,5.232899188995361,5.514920234680176
5.781957149505615,5.180842876434326,1.808281660079956,1.8668409585952759,1.755698800086975,2.6306099891662598,-0.4591127932071686,1.7633017301559448,0.6394323706626892,0.9484505653381348,-2.6574394702911377,-2.747637987136841,-4.750930309295654,-4.906242370605469,-1.144785761833191,-1.3553344011306763,-1.8183337450027466,-2.271070957183838,-2.331751585006714,-2.666224718093872,-2.924586057662964,-2.6358795166015625,-2.2082831859588623,-1.306891679763794,-0.4147299528121948,0.1308852583169937,0.5540482997894287,1.034919023513794,1.6458995342254639,2.4689722061157227,3.3643300533294678,4.438656806945801,6.017983436584473,6.3325066566467285,6.616745471954346,4.653627395629883,4.557244777679443,5.278276443481445,4.533322811126709,5.02116060256958,5.289130687713623,6.743175029754639,7.42828893661499
5.15916109085083,6.574012279510498,5.043210029602051,4.238151550292969,5.336974620819092,6.17321252822876,0.13819943368434906,0.24623650312423706,1.3774394989013672,-1.067069411277771,-2.1902434825897217,-2.8900089263916016,-1.5967283248901367,-2.8821842670440674,-1.99794340133667,0.540172278881073,-0.1832461655139923,-0.22466152906417847,-0.4292865991592407,-0.9863663911819458,-1.3869879245758057,-1.0532653331756592,-0.23895905911922455,0.45618772506713867,1.4956053495407104,2.0380473136901855,2.1357533931732178,2.996887683868408,3.3863422870635986,3.6721932888031006,3.9777047634124756,4.819190979003906,5.765525817871094,5.809967517852783,6.294891834259033,3.8227438926696777,5.282948017120361,5.505090713500977,5.329730987548828,5.248128890991211,6.555346965789795,6.366781711578369,7.837331295013428
2.636922836303711,1.9172381162643433,1.3906277418136597,2.900024890899658,5.336115837097168,5.7644219398498535,2.468449831008911,-0.9259848594665527,-0.08296331763267517,-2.5643622875213623,-2.2979280948638916,-2.7077078819274902,-2.011063575744629,-3.629084348678589,0.32382646203041077,1.969741702079773,1.5874031782150269,2.1653549671173096,1.6624737977981567,0.6987837553024292,0.49238935112953186,0.7734022736549377,1.7972339391708374,2.2899937629699707,2.9735817909240723,3.967512607574463,1.997806191444397,4.493322849273682,4.988224029541016,4.4105224609375,4.302898406982422,4.774425506591797,4.355146884918213,3.8070242404937744,4.352025508880615,5.312314987182617,7.531765460968018,9.564587593078613,9.946789741516113,8.841166496276855,7.698978900909424,7.286794662475586,8.117626190185547
-1.3332633972167969,1.9510531425476074,3.949434518814087,3.558446168899536,8.109672546386719,7.820568561553955,2.98808217048645,-0.8723831176757812,-0.13970385491847992,-2.6129367351531982,-3.048341989517212,-2.9184179306030273,-1.5861116647720337,0.05032208561897278,-1.7013672590255737,-0.5831217765808105,-0.09500886499881744,1.3223663568496704,2.519866704940796,2.722043991088867,2.707568883895874,3.061439037322998,3.870464324951172,4.390044212341309,4.779950141906738,5.004860877990723,3.5760600566864014,4.823709011077881,5.388638973236084,3.6185829639434814,3.858536720275879,3.4697794914245605,1.9620428085327148,3.0156238079071045,4.852724552154541,5.881843566894531,7.206360816955566,8.28343391418457,9.1446533203125,8.981640815734863,7.805409908294678,7.3804402351379395,7.982713222503662
3.486746072769165,2.4329025745391846,3.947968006134033,6.7100677490234375,0.44787994027137756,1.5164306163787842,-0.42803844809532166,-0.8577020168304443,-0.24039751291275024,-1.2428417205810547,-2.6753673553466797,-1.7678128480911255,1.959782361984253,3.9709925651550293,0.9442735910415649,1.6739314794540405,2.1476683616638184,3.933626174926758,4.945716857910156,5.024716377258301,4.954850673675537,5.195828914642334,5.575822830200195,6.265533924102783,6.135797500610352,5.057648181915283,5.49934196472168,5.48983097076416,4.765816688537598,3.3487629890441895,2.1237456798553467,1.0216161012649536,3.179037570953369,3.409890651702881,4.41923713684082,4.834625720977783,5.7378435134887695,7.377964019775391,8.96446704864502,9.532570838928223,8.544726371765137,7.472473621368408,8.727514266967773
6.1242852210998535,4.506407260894775,4.31742000579834,-0.0016002720221877098,-5.588284969329834,-4.501683235168457,-3.6314773559570312,-3.105778932571411,-1.0821800231933594,-1.8084709644317627,-2.24428129196167,0.15959876775741577,4.588499546051025,5.532005786895752,5.265811920166016,4.203738689422607,1.462903380393982,2.728027105331421,2.225780487060547,3.7029318809509277,6.183289527893066,7.861650466918945,8.173175811767578,8.087051391601562,8.290214538574219,4.08870267868042,4.070015907287598,5.161219120025635,3.7036001682281494,4.3627119064331055,2.3518943786621094,2.568539619445801,4.615044116973877,5.455857276916504,5.003947734832764,4.825361251831055,4.251366138458252,4.9721455574035645,10.374635696411133,11.918490409851074,9.466560363769531,8.51782512664795,9.163302421569824
0.0687301903963089,2.5870862007141113,-0.0559382438659668,1.5228805541992188,0.9359291195869446,-3.0152699947357178,-0.7674475312232971,4.109026908874512,6.163397789001465,7.660794734954834,7.893320560455322,8.192523956298828,9.379365921020508,9.295125961303711,8.469056129455566,6.9814677238464355,3.2019546031951904,3.427100896835327,3.6190130710601807,4.170929431915283,4.943868160247803,4.848351001739502,7.537064552307129,8.157949447631836,8.685513496398926,4.425723075866699,3.6098434925079346,3.5286386013031006,3.7024660110473633,4.733635902404785,4.841283321380615,5.305802345275879,7.22718620300293,6.1189656257629395,3.8816335201263428,4.430612087249756,4.976821422576904,6.4294962882995605,6.1938934326171875,3.966597318649292,4.550442695617676,5.557337284088135,5.891213417053223
1.2577908039093018,-1.0144479274749756,0.5069831013679504,0.4554806351661682,-0.18881435692310333,-0.8375784754753113,5.719350814819336,8.449915885925293,9.03172492980957,10.146309852600098,11.263564109802246,10.425331115722656,6.944399356842041,2.925503730773926,4.532204627990723,6.8630900382995605,7.7893571853637695,4.9348368644714355,3.8686482906341553,6.46751070022583,6.868725776672363,8.457707405090332,5.400055408477783,2.89347767829895,2.3261094093322754,0.7187065482139587,1.4745891094207764,3.491950035095215,4.55850887298584,4.196510314941406,3.745967149734497,5.328769683837891,5.06695032119751,6.0689287185668945,7.24833869934082,8.321148872375488,7.2206597328186035,6.908707141876221,8.143301010131836,3.3414881229400635,1.7435550689697266,2.525106430053711,3.794135808944702
3.146507740020752,0.26561641693115234,-1.9822088479995728,1.1018948554992676,-0.34282076358795166,3.045335054397583,10.621468544006348,10.822164535522461,2.8822548389434814,5.635295391082764,7.672512054443359,9.669848442077637,8.427576065063477,4.545572280883789,5.221098899841309,6.065968990325928,7.8302083015441895,8.416930198669434,9.107583999633789,8.829256057739258,11.692296028137207,10.30965518951416,5.349420547485352,0.7890148758888245,1.5852971076965332,-0.8265002965927124,4.168539524078369,9.610121726989746,14.847071647644043,11.936192512512207,5.714123725891113,3.34853196144104,4.953613758087158,6.634689807891846,8.300881385803223,11.505461692810059,9.098631858825684,5.130130767822266,3.4407835006713867,1.8264280557632446,2.01814866065979,3.2725651264190674,2.66284441947937
