data/wind_data/wind_13_7.json
{"header": {"parameterUnit": "KT", "parameterCategory": 2, "nx": 256, "ny": 198, "lo1": 44.73521041870117, "la1": -3.236724853515625, "lo2": 111.26478576660156, "la2": 43.468475341796875, "dx": 0.2609002888202667, "dy": -0.23708222806453705, "refTime": "2025-02-19 13:00:00", "forecastTime": 0, "parameterNumber": 2, "parameterNumberName": "eastward_wind"}, "data":
[rows 60 to 79 of 198, columns 176 to 219 of 256]
8.20980453491211,9.34194278717041,9.855335235595703,9.871305465698242,9.73251724243164,9.248111724853516,8.332398414611816,7.372580528259277,6.725838661193848,6.497435092926025,6.679695129394531,6.99696159362793,7.256794452667236,7.721216678619385,8.57569408416748,9.506720542907715,9.87426471710205,9.147894859313965,7.813955783843994,6.235102653503418,4.962162971496582,4.824607849121094,5.72752571105957,9.016207695007324,12.342363357543945,13.97706127166748,13.017603874206543,12.180170059204102,12.651605606079102,13.291747093200684,13.591383934020996,12.801797866821289,12.895980834960938,13.638198852539062,14.595782279968262,15.512455940246582,15.803308486938477,15.007487297058105,13.416987419128418,12.070446014404297,11.203994750976562,10.158443450927734,8.781068801879883,7.7604079246521
8.053688049316406,8.887029647827148,9.841439247131348,10.330904960632324,10.44334602355957,10.249529838562012,9.773378372192383,9.156578063964844,8.532368659973145,8.109844207763672,8.046478271484375,8.171735763549805,8.169232368469238,8.169631004333496,8.505377769470215,9.066110610961914,9.466141700744629,9.160045623779297,8.322601318359375,7.363854885101318,6.233088970184326,5.075585842132568,4.8118462562561035,7.554497241973877,11.640780448913574,13.919665336608887,13.455431938171387,12.597125053405762,12.440370559692383,13.091504096984863,14.052960395812988,14.51093864440918,15.04849624633789,15.866652488708496,16.89211654663086,17.75044822692871,17.613500595092773,16.57400894165039,15.186098098754883,13.907763481140137,12.907261848449707,12.041449546813965,11.159181594848633,10.227859497070312
9.260553359985352,9.2587308883667,10.017966270446777,10.877299308776855,11.306512832641602,11.23649787902832,10.91666030883789,10.575271606445312,10.194954872131348,9.767354965209961,9.519454956054688,9.505315780639648,9.436988830566406,9.223528861999512,9.161312103271484,9.34132194519043,9.509736061096191,9.310569763183594,8.859522819519043,8.606937408447266,8.15857982635498,6.732921123504639,5.427000045776367,6.995776653289795,10.489191055297852,13.101540565490723,13.84363079071045,14.090239524841309,13.406761169433594,13.058873176574707,13.667900085449219,14.42093276977539,15.967122077941895,17.201322555541992,18.021129608154297,18.389318466186523,17.98971939086914,17.182941436767578,16.204669952392578,14.8403959274292,13.533437728881836,13.156498908996582,12.994775772094727,12.522486686706543
11.098623275756836,10.597437858581543,10.670233726501465,11.391315460205078,12.289731979370117,12.72044849395752,12.583137512207031,12.214062690734863,11.818020820617676,11.329158782958984,10.905969619750977,10.744071960449219,10.60466480255127,10.2890625,10.11009693145752,10.212135314941406,10.21554946899414,9.98701286315918,9.669024467468262,9.604671478271484,9.708101272583008,8.87519359588623,7.241407871246338,7.21344518661499,9.464434623718262,11.975805282592773,14.051657676696777,15.656594276428223,15.37706470489502,14.302417755126953,14.016596794128418,14.700526237487793,16.523969650268555,17.700326919555664,18.197933197021484,18.4488468170166,18.427305221557617,17.684431076049805,16.51348114013672,15.249663352966309,14.47506332397461,14.302894592285156,14.367814064025879,14.408858299255371
12.858031272888184,12.369787216186523,12.026715278625488,12.203268051147461,13.008666038513184,14.001201629638672,14.5988187789917,14.512858390808105,13.894573211669922,13.082649230957031,12.368406295776367,11.981184005737305,11.725053787231445,11.301009178161621,11.129124641418457,11.392045021057129,11.410548210144043,11.12988567352295,10.884113311767578,10.792441368103027,10.81875228881836,10.444955825805664,9.472128868103027,8.58796215057373,9.34329605102539,11.377850532531738,13.9113187789917,16.072233200073242,17.17132568359375,16.990915298461914,16.30767250061035,16.16227149963379,16.689830780029297,17.63006019592285,18.321041107177734,18.59479522705078,18.944765090942383,18.571584701538086,17.26139259338379,16.0113582611084,15.375496864318848,14.603415489196777,15.042940139770508,16.103260040283203
14.387699127197266,14.090365409851074,13.829752922058105,13.754776000976562,14.07956314086914,14.932424545288086,16.003692626953125,16.630876541137695,16.345731735229492,15.314828872680664,14.1889009475708,13.473443984985352,13.060558319091797,12.550060272216797,12.277508735656738,12.629859924316406,12.858016014099121,12.619858741760254,12.35092830657959,12.288166046142578,12.157732963562012,11.632089614868164,11.145957946777344,10.780196189880371,11.011049270629883,12.1322603225708,14.10219669342041,16.425230026245117,18.252700805664062,19.111326217651367,18.937089920043945,17.414878845214844,17.393108367919922,18.515377044677734,19.037120819091797,19.011253356933594,19.07632827758789,19.10802459716797,18.410070419311523,17.262575149536133,16.271595001220703,15.458026885986328,15.814908027648926,16.607633590698242
15.992220878601074,15.740255355834961,15.692702293395996,15.727598190307617,15.828264236450195,16.214599609375,17.018735885620117,17.864574432373047,18.147239685058594,17.579469680786133,16.470983505249023,15.489433288574219,14.86219310760498,14.262295722961426,13.810006141662598,13.972492218017578,14.340888977050781,14.283625602722168,14.018524169921875,13.94622802734375,13.808972358703613,13.20850944519043,12.704529762268066,12.852834701538086,13.388785362243652,14.129288673400879,15.377877235412598,17.574838638305664,19.07159423828125,20.028156280517578,19.940732955932617,19.613595962524414,19.682811737060547,19.592571258544922,18.708730697631836,18.747716903686523,19.120935440063477,19.459884643554688,19.55080795288086,18.884960174560547,17.769302368164062,16.679292678833008,16.476577758789062,16.57098960876465
17.933767318725586,17.61635398864746,17.577991485595703,17.71858787536621,17.859041213989258,17.9681396484375,18.250640869140625,18.72297477722168,19.086246490478516,19.04360008239746,18.5364933013916,17.84160804748535,17.19474220275879,16.520875930786133,15.918231964111328,15.739006042480469,15.945098876953125,16.008455276489258,15.818406105041504,15.705573081970215,15.570394515991211,15.040085792541504,14.507657051086426,14.757627487182617,15.454927444458008,16.13058853149414,17.216442108154297,19.21536636352539,20.524194717407227,21.367116928100586,21.345001220703125,21.504335403442383,20.58187484741211,19.571989059448242,17.835941314697266,18.826313018798828,19.594926834106445,20.440044403076172,21.048870086669922,20.53371810913086,19.550273895263672,18.199138641357422,17.07858657836914,16.374435424804688
19.91372299194336,19.670045852661133,19.531890869140625,19.60255241394043,19.803192138671875,19.917856216430664,19.903369903564453,19.902599334716797,19.94928741455078,19.953125,19.856075286865234,19.707775115966797,19.493358612060547,19.017929077148438,18.365562438964844,17.91515350341797,17.858848571777344,17.884105682373047,17.780441284179688,17.663362503051758,17.39708137512207,16.779226303100586,16.227201461791992,16.51605796813965,17.232685089111328,17.72850227355957,18.58890724182129,20.51947593688965,22.141809463500977,23.27865219116211,22.70942497253418,22.572538375854492,21.39058494567871,18.77712631225586,18.052181243896484,18.886119842529297,19.98399543762207,20.79517364501953,21.954004287719727,21.986356735229492,21.442041397094727,20.161508560180664,18.56953239440918,17.13602638244629
21.659961700439453,21.633079528808594,21.498233795166016,21.369197845458984,21.44825553894043,21.683473587036133,21.757198333740234,21.603240966796875,21.358062744140625,21.125890731811523,20.999340057373047,21.051368713378906,21.221511840820312,21.189109802246094,20.688772201538086,20.0859432220459,19.85618782043457,19.87108039855957,19.831344604492188,19.738948822021484,19.412586212158203,18.594118118286133,17.80731773376465,17.982877731323242,18.753293991088867,19.337095260620117,19.72426986694336,21.17679214477539,22.85102653503418,24.233463287353516,23.709321975708008,22.8354434967041,21.80413055419922,20.015377044677734,19.371105194091797,19.69532012939453,19.56682777404785,20.89552116394043,22.142656326293945,22.8410587310791,23.02985382080078,22.052902221679688,20.848058700561523,19.350961685180664
23.438356399536133,23.503501892089844,23.456111907958984,23.208786010742188,23.0040340423584,23.110342025756836,23.371826171875,23.426576614379883,23.202922821044922,22.857824325561523,22.59018325805664,22.55199432373047,22.739492416381836,22.905420303344727,22.6569766998291,22.129796981811523,21.80360221862793,21.731021881103516,21.72576332092285,21.699018478393555,21.448291778564453,20.652620315551758,19.631465911865234,19.40104103088379,20.032217025756836,20.839067459106445,21.113079071044922,21.987960815429688,23.22854995727539,23.919872283935547,23.767833709716797,23.504413604736328,22.131868362426758,21.051883697509766,20.41411781311035,20.799894332885742,20.632041931152344,20.977027893066406,21.745357513427734,22.61435317993164,23.47391700744629,23.48936653137207,22.994213104248047,21.733177185058594
25.58488655090332,25.530550003051758,25.48811149597168,25.236618041992188,24.83673095703125,24.624588012695312,24.770263671875,25.0021915435791,24.997663497924805,24.775249481201172,24.510679244995117,24.381797790527344,24.45083236694336,24.572940826416016,24.46381950378418,24.197734832763672,23.954870223999023,23.712682723999023,23.53053092956543,23.50815200805664,23.40317153930664,22.801464080810547,21.7561092376709,21.136560440063477,21.434001922607422,22.13983154296875,22.553159713745117,23.201196670532227,24.011674880981445,24.220293045043945,23.649694442749023,23.362796783447266,22.123998641967773,21.401010513305664,21.077526092529297,21.476835250854492,21.754741668701172,20.95574378967285,21.185266494750977,22.030269622802734,23.255754470825195,24.169456481933594,24.46512794494629,23.945589065551758
27.850425720214844,27.680871963500977,27.557947158813477,27.37777328491211,26.99652671813965,26.53156089782715,26.302772521972656,26.37484359741211,26.480844497680664,26.43223762512207,26.30938720703125,26.22724151611328,26.22451400756836,26.269651412963867,26.333370208740234,26.41686248779297,26.348108291625977,25.987707138061523,25.620891571044922,25.507822036743164,25.385635375976562,24.87799644470215,23.94295310974121,23.159748077392578,23.112314224243164,23.592021942138672,24.030126571655273,24.38840675354004,24.900089263916016,25.21853256225586,24.845787048339844,23.39642333984375,21.84481430053711,21.641489028930664,21.69939613342285,22.424734115600586,23.07061195373535,22.23354721069336,21.482553482055664,21.737401962280273,22.870983123779297,24.353796005249023,25.383159637451172,25.82623863220215
29.983964920043945,29.75511360168457,29.504695892333984,29.351255416870117,29.14993667602539,28.731380462646484,28.227161407470703,27.896284103393555,27.75275421142578,27.659276962280273,27.654050827026367,27.764461517333984,27.827970504760742,27.854467391967773,28.126733779907227,28.4965877532959,28.556123733520508,28.28571891784668,28.04058837890625,28.00035285949707,27.86650848388672,27.2374267578125,26.161197662353516,25.16302490234375,24.873117446899414,25.24889373779297,25.52475357055664,25.594932556152344,26.028928756713867,26.18104362487793,25.829607009887695,24.632522583007812,22.82017707824707,21.838003158569336,22.263824462890625,23.369155883789062,24.63661766052246,23.84857177734375,22.483348846435547,22.27421760559082,22.905466079711914,24.369657516479492,25.93717384338379,27.108673095703125
32.07935333251953,31.85133171081543,31.503070831298828,31.187467575073242,30.95335578918457,30.68265151977539,30.248416900634766,29.712501525878906,29.2394962310791,28.933103561401367,28.85502815246582,28.988622665405273,29.14337921142578,29.34762954711914,29.726137161254883,30.025476455688477,30.125045776367188,30.27509117126465,30.58378791809082,30.773073196411133,30.568645477294922,29.85464859008789,28.721202850341797,27.519784927368164,26.790742874145508,26.901203155517578,26.99837303161621,26.9578800201416,27.467906951904297,27.10281753540039,26.266138076782227,25.80002212524414,24.626230239868164,23.141101837158203,23.450334548950195,23.995750427246094,25.36355209350586,25.730445861816406,24.75847816467285,24.08480453491211,24.037124633789062,24.878164291381836,26.184417724609375,27.448251724243164
34.221473693847656,33.99561309814453,33.583595275878906,33.15938949584961,32.801246643066406,32.480411529541016,32.10537338256836,31.6022891998291,30.98778533935547,30.460817337036133,30.235498428344727,30.27941131591797,30.4797420501709,30.832956314086914,31.189895629882812,31.324047088623047,31.485824584960938,31.954870223999023,32.42731857299805,32.78120040893555,33.050167083740234,32.74024963378906,31.64472007751465,30.2904109954834,29.1997013092041,28.77423667907715,28.648456573486328,28.550331115722656,28.74944305419922,28.112438201904297,27.23395347595215,26.838171005249023,26.042152404785156,25.16557502746582,24.943025588989258,24.988101959228516,26.474634170532227,27.52898406982422,27.24520492553711,26.55076789855957,26.25972557067871,26.064584732055664,26.2805233001709,27.236759185791016
35.95417404174805,35.9711799621582,35.643924713134766,35.16844940185547,34.75169372558594,34.42264175415039,34.07621765136719,33.62000274658203,32.991249084472656,32.317874908447266,31.869718551635742,31.736000061035156,31.903860092163086,32.355812072753906,32.6981315612793,32.91847229003906,33.16751480102539,33.39146423339844,33.67780303955078,34.240238189697266,34.88765335083008,35.165950775146484,34.569522857666016,33.133338928222656,31.697315216064453,31.005155563354492,30.839929580688477,30.665037155151367,30.169397354125977,29.191455841064453,28.429157257080078,28.196699142456055,27.568309783935547,26.995044708251953,26.3165225982666,26.462181091308594,27.8301944732666,28.444740295410156,28.58897590637207,28.54376983642578,28.036706924438477,27.13630485534668,26.996746063232422,27.73886489868164
37.18879318237305,37.39889907836914,37.35771942138672,36.99517059326172,36.548789978027344,36.264225006103516,36.09343338012695,35.8239631652832,35.323875427246094,34.617244720458984,33.96198272705078,33.491722106933594,33.41621398925781,33.77101135253906,34.25357437133789,34.6717643737793,35.04416275024414,35.232757568359375,35.12016677856445,35.23509979248047,35.97917556762695,36.83465576171875,36.944976806640625,35.850223541259766,34.23392868041992,33.29756546020508,33.16576385498047,32.99663162231445,32.08372497558594,30.800039291381836,29.922199249267578,29.697689056396484,29.35898780822754,28.61870765686035,27.662933349609375,27.959245681762695,28.764158248901367,29.062416076660156,29.127290725708008,28.927330017089844,28.782394409179688,28.828943252563477,28.830293655395508,28.68105125427246
38.644866943359375,38.72771072387695,38.789207458496094,38.63693618774414,38.2581787109375,37.91391372680664,37.782135009765625,37.76323699951172,37.60231399536133,37.15283203125,36.488014221191406,35.76899337768555,35.27718734741211,35.231422424316406,35.5969123840332,36.235877990722656,36.87714385986328,37.095367431640625,36.95096969604492,36.61210250854492,36.60425567626953,37.62851333618164,38.60624313354492,38.25365447998047,36.85511779785156,35.635562896728516,35.211544036865234,35.00640106201172,34.24223327636719,33.001956939697266,31.95524787902832,31.520036697387695,31.384450912475586,30.622648239135742,29.304222106933594,29.15693473815918,29.58232879638672,29.635398864746094,28.805753707885742,28.513696670532227,29.653825759887695,30.807676315307617,30.1833553314209,29.491994857788086
40.26473617553711,40.24193572998047,40.2812614440918,40.28463363647461,40.100128173828125,39.76766586303711,39.472694396972656,39.3393669128418,39.30442810058594,39.2072868347168,38.88486862182617,38.32945251464844,37.66871643066406,37.09942626953125,36.98586654663086,37.48790740966797,38.20488357543945,38.6876220703125,38.80427169799805,38.2457160949707,37.67117691040039,38.157588958740234,39.34810256958008,39.87791442871094,39.268798828125,38.175479888916016,37.33104705810547,36.8255500793457,36.24107360839844,35.215885162353516,34.36813735961914,34.15001678466797,33.980079650878906,32.95780944824219,31.32952308654785,30.51568031311035,30.31809425354004,29.971145629882812,29.055828094482422,29.21746253967285,30.63941764831543,31.62828826904297,30.803186416625977,30.374357223510742
