data/wind_data/wind_11_7.json
{"header": {"parameterUnit": "KT", "parameterCategory": 2, "nx": 256, "ny": 198, "lo1": 44.73521041870117, "la1": -3.236724853515625, "lo2": 111.26478576660156, "la2": 43.468475341796875, "dx": 0.2609002888202667, "dy": -0.23708222806453705, "refTime": "2025-02-19 11:00:00", "forecastTime": 0, "parameterNumber": 2, "parameterNumberName": "eastward_wind"}, "data":
[rows 60 to 79 of 198, columns 88 to 131 of 256]
9.0433988571167,8.883687973022461,9.279167175292969,9.949015617370605,10.363994598388672,10.333564758300781,10.123494148254395,9.920387268066406,9.64583683013916,9.263972282409668,8.845369338989258,8.4387788772583,8.177631378173828,8.23131275177002,8.535564422607422,8.857504844665527,8.967254638671875,8.815949440002441,8.652253150939941,8.684377670288086,8.811989784240723,8.794303894042969,8.583868980407715,8.272200584411621,7.944403648376465,7.663541793823242,7.542162895202637,7.728092193603516,8.210088729858398,8.595328330993652,8.643791198730469,8.522350311279297,8.618436813354492,8.629837989807129,8.802319526672363,9.26103687286377,9.782004356384277,10.249292373657227,10.774023056030273,11.20949935913086,11.20413875579834,10.879124641418457,10.700495719909668,10.505030632019043
10.623114585876465,10.07841968536377,10.046963691711426,10.425759315490723,10.880228996276855,11.11353874206543,11.064652442932129,10.860200881958008,10.650935173034668,10.52427864074707,10.386730194091797,10.109911918640137,9.832463264465332,9.788909912109375,9.975125312805176,10.178832054138184,10.158297538757324,9.916131973266602,9.663534164428711,9.514358520507812,9.399314880371094,9.19931411743164,8.923027992248535,8.693694114685059,8.617584228515625,8.717039108276367,8.893765449523926,9.045987129211426,9.232254981994629,9.300339698791504,9.325329780578613,9.60268497467041,9.836633682250977,10.070496559143066,10.337658882141113,10.65566635131836,11.018982887268066,11.43654727935791,11.891386985778809,12.350407600402832,12.465556144714355,12.035161972045898,11.686097145080566,11.600103378295898
12.478156089782715,11.722410202026367,11.24440860748291,11.140241622924805,11.299247741699219,11.487927436828613,11.582350730895996,11.545954704284668,11.426338195800781,11.367833137512207,11.393272399902344,11.319241523742676,11.087531089782715,10.90481948852539,10.925963401794434,11.115185737609863,11.255982398986816,11.18549633026123,10.910514831542969,10.46072769165039,9.868448257446289,9.294206619262695,8.912084579467773,8.825979232788086,9.050569534301758,9.504864692687988,10.044011116027832,10.469927787780762,10.687439918518066,10.770342826843262,10.903524398803711,11.189387321472168,11.513090133666992,11.84907054901123,12.198136329650879,12.543173789978027,12.762131690979004,12.918543815612793,13.044034957885742,13.237686157226562,13.463327407836914,13.43277359008789,13.195934295654297,12.905701637268066
13.964344024658203,13.287261962890625,12.682448387145996,12.321182250976562,12.209991455078125,12.187755584716797,12.143475532531738,12.105584144592285,12.080222129821777,12.029752731323242,11.995339393615723,11.970335960388184,11.843314170837402,11.606081008911133,11.453572273254395,11.57473087310791,11.889989852905273,12.13553524017334,12.039275169372559,11.498294830322266,10.678313255310059,9.894186973571777,9.35954761505127,9.192106246948242,9.446916580200195,9.95538330078125,10.485426902770996,10.952568054199219,11.393831253051758,11.722860336303711,12.179627418518066,12.689321517944336,13.12436294555664,13.38316822052002,13.637585639953613,14.034957885742188,14.34470272064209,14.483756065368652,14.484461784362793,14.414957046508789,14.478595733642578,14.713187217712402,14.834429740905762,14.569791793823242
15.11142635345459,14.512053489685059,13.985931396484375,13.674354553222656,13.510199546813965,13.32326602935791,13.069781303405762,12.863778114318848,12.789593696594238,12.748701095581055,12.632865905761719,12.48753547668457,12.384224891662598,12.289924621582031,12.159822463989258,12.119478225708008,12.29906177520752,12.591917991638184,12.667119026184082,12.280987739562988,11.577078819274902,10.93975830078125,10.505837440490723,10.286256790161133,10.375724792480469,10.637033462524414,10.790334701538086,10.855862617492676,11.144411087036133,11.658097267150879,12.440828323364258,13.331454277038574,13.99821949005127,14.36202335357666,14.670662879943848,15.124436378479004,15.50270938873291,15.701574325561523,15.789748191833496,15.823460578918457,15.931954383850098,16.165077209472656,16.331880569458008,16.12441635131836
16.379438400268555,15.837409019470215,15.34026050567627,15.029012680053711,14.866694450378418,14.668316841125488,14.354637145996094,13.996661186218262,13.729036331176758,13.611319541931152,13.558038711547852,13.447480201721191,13.309914588928223,13.211748123168945,13.077786445617676,12.944342613220215,12.936607360839844,13.092264175415039,13.18097972869873,12.910841941833496,12.342596054077148,11.837811470031738,11.591093063354492,11.512275695800781,11.563804626464844,11.620144844055176,11.475106239318848,11.28854751586914,11.305586814880371,11.65878677368164,12.3662109375,13.287135124206543,14.169564247131348,14.899728775024414,15.527909278869629,16.14396858215332,16.60232162475586,16.828767776489258,16.97847557067871,17.21550750732422,17.568927764892578,17.92607879638672,18.03352165222168,17.675493240356445
17.978389739990234,17.49907112121582,17.015581130981445,16.60782241821289,16.351909637451172,16.198997497558594,15.990628242492676,15.590076446533203,15.074980735778809,14.711861610412598,14.623522758483887,14.658000946044922,14.605328559875488,14.448179244995117,14.235491752624512,14.021235466003418,13.922096252441406,13.97780990600586,13.999714851379395,13.737629890441895,13.182025909423828,12.622162818908691,12.327398300170898,12.339699745178223,12.505257606506348,12.57656478881836,12.432671546936035,12.36073112487793,12.538277626037598,12.874136924743652,13.422990798950195,14.119961738586426,14.953856468200684,15.877490043640137,16.71101951599121,17.33396339416504,17.762935638427734,17.978662490844727,18.133405685424805,18.471643447875977,18.97895050048828,19.46502685546875,19.729461669921875,19.428386688232422
19.796009063720703,19.39726448059082,18.943069458007812,18.52071762084961,18.206111907958984,18.032695770263672,17.92334747314453,17.651330947875977,17.112075805664062,16.501813888549805,16.12359046936035,16.042165756225586,16.012149810791016,15.813971519470215,15.499433517456055,15.238536834716797,15.165812492370605,15.183201789855957,15.075484275817871,14.724677085876465,14.196402549743652,13.639939308166504,13.240989685058594,13.205767631530762,13.410382270812988,13.55378532409668,13.663795471191406,13.882159233093262,14.438361167907715,15.052277565002441,15.616059303283691,16.147674560546875,16.78889274597168,17.60832977294922,18.454973220825195,19.0814208984375,19.406763076782227,19.410722732543945,19.302946090698242,19.464698791503906,19.92138671875,20.434471130371094,20.82498550415039,20.85659408569336
21.41845703125,21.2896671295166,20.925546646118164,20.523414611816406,20.241060256958008,20.052433013916016,19.894145965576172,19.714323043823242,19.41828727722168,18.938405990600586,18.385419845581055,17.964111328125,17.701805114746094,17.384052276611328,16.93844223022461,16.60149383544922,16.56075096130371,16.672574996948242,16.556354522705078,16.048831939697266,15.434243202209473,14.962697982788086,14.700247764587402,14.74969482421875,14.986621856689453,15.159635543823242,15.384638786315918,15.78165054321289,16.518325805664062,17.40937614440918,18.056180953979492,18.451854705810547,18.83267593383789,19.377914428710938,20.046180725097656,20.712827682495117,21.201221466064453,21.250261306762695,20.925697326660156,20.603933334350586,20.553251266479492,20.835969924926758,21.261709213256836,21.54051971435547
22.3521785736084,22.662128448486328,22.701831817626953,22.461267471313477,22.147796630859375,21.8472900390625,21.52339744567871,21.227685928344727,21.086904525756836,21.0580997467041,20.88072967529297,20.468366622924805,19.97144317626953,19.456748962402344,18.853363037109375,18.30755043029785,18.137893676757812,18.316394805908203,18.37221336364746,17.976516723632812,17.34777069091797,16.874313354492188,16.713876724243164,16.906084060668945,17.298091888427734,17.625072479248047,17.882753372192383,18.21638298034668,18.767288208007812,19.5029296875,20.03286361694336,20.1704158782959,20.229036331176758,20.431785583496094,20.860475540161133,21.491886138916016,22.20232582092285,22.680309295654297,22.6249942779541,22.099445343017578,21.466028213500977,21.1767520904541,21.33687400817871,21.713729858398438
23.42044448852539,23.624370574951172,23.968860626220703,24.139070510864258,24.017284393310547,23.64810562133789,23.117029190063477,22.53415870666504,22.169078826904297,22.235687255859375,22.511642456054688,22.57109260559082,22.29895782470703,21.824953079223633,21.202613830566406,20.485937118530273,19.98917579650879,19.987783432006836,20.246044158935547,20.23314666748047,19.839067459106445,19.417152404785156,19.21781349182129,19.324277877807617,19.718765258789062,20.183164596557617,20.62851333618164,20.9545841217041,21.25008201599121,21.612470626831055,21.818653106689453,21.5313663482666,20.986106872558594,20.64223289489746,20.76804542541504,21.330591201782227,22.054296493530273,22.838031768798828,23.4156551361084,23.364940643310547,22.75770378112793,22.054676055908203,21.695011138916016,21.883981704711914
25.77035140991211,25.402584075927734,25.359140396118164,25.522602081298828,25.62158966064453,25.482131958007812,25.08857536315918,24.533267974853516,23.98909568786621,23.70216178894043,23.75623893737793,23.929851531982422,23.936677932739258,23.728185653686523,23.357309341430664,22.803457260131836,22.164234161376953,21.804443359375,21.973220825195312,22.304737091064453,22.30828094482422,22.067157745361328,21.863426208496094,21.788206100463867,21.920089721679688,22.225549697875977,22.74087905883789,23.152448654174805,23.35106658935547,23.497539520263672,23.501941680908203,23.023998260498047,22.053401947021484,21.12095832824707,20.703975677490234,20.892213821411133,21.380538940429688,22.0614070892334,22.90904426574707,23.566679000854492,23.66111183166504,23.21831703186035,22.687807083129883,22.65415382385254
28.63107681274414,28.201927185058594,27.71169090270996,27.375694274902344,27.244016647338867,27.198366165161133,27.089374542236328,26.828779220581055,26.43291473388672,25.981037139892578,25.62188148498535,25.456157684326172,25.37999153137207,25.269763946533203,25.108671188354492,24.84689712524414,24.40315055847168,23.92404556274414,23.777786254882812,24.057409286499023,24.400482177734375,24.505151748657227,24.410625457763672,24.206520080566406,24.068023681640625,24.096426010131836,24.40656852722168,24.712181091308594,24.80224609375,24.841655731201172,24.749357223510742,24.372180938720703,23.61061668395996,22.703176498413086,21.954923629760742,21.54654884338379,21.46342658996582,21.715234756469727,22.301671981811523,23.09158706665039,23.7434139251709,23.995506286621094,23.9842529296875,24.026330947875977
30.43771743774414,30.433568954467773,30.26005744934082,29.90091323852539,29.502819061279297,29.233665466308594,29.12788200378418,29.059661865234375,28.81418800354004,28.323999404907227,27.776586532592773,27.4125919342041,27.22030258178711,27.031599044799805,26.808046340942383,26.63421058654785,26.441797256469727,26.126218795776367,25.857873916625977,25.87230110168457,26.174808502197266,26.53662109375,26.72669792175293,26.581432342529297,26.252361297607422,26.07480239868164,26.036420822143555,26.142606735229492,26.16859245300293,26.129714965820312,25.874588012695312,25.49799919128418,25.167638778686523,24.816001892089844,24.364131927490234,23.778656005859375,23.188159942626953,22.889163970947266,23.0362491607666,23.508108139038086,24.057849884033203,24.566503524780273,25.173770904541016,25.71643829345703
31.76435661315918,31.833913803100586,31.993528366088867,32.043182373046875,31.849136352539062,31.523229598999023,31.273757934570312,31.16290855407715,31.006847381591797,30.587154388427734,29.985382080078125,29.510692596435547,29.26585578918457,29.06873321533203,28.76866340637207,28.474477767944336,28.300003051757812,28.134618759155273,27.93343734741211,27.853168487548828,28.024145126342773,28.38982582092285,28.666484832763672,28.714933395385742,28.39727020263672,28.159229278564453,27.920251846313477,27.71734046936035,27.701942443847656,27.748994827270508,27.525177001953125,27.007495880126953,26.70317840576172,26.744741439819336,26.852521896362305,26.683197021484375,26.10826301574707,25.494369506835938,25.251537322998047,25.393081665039062,25.678213119506836,25.971284866333008,26.62550163269043,27.478832244873047
33.44645690917969,33.454288482666016,33.578399658203125,33.64870071411133,33.49592590332031,33.16685485839844,32.89253234863281,32.818912506103516,32.83850860595703,32.699222564697266,32.295753479003906,31.787090301513672,31.371952056884766,31.06241226196289,30.7450008392334,30.428377151489258,30.219018936157227,30.0571231842041,29.841846466064453,29.72112464904785,29.804777145385742,30.139501571655273,30.424015045166016,30.46565818786621,30.34107208251953,30.110000610351562,29.924646377563477,29.5745792388916,29.370607376098633,29.49970817565918,29.5897216796875,29.229393005371094,28.76844596862793,28.70985221862793,28.98377799987793,29.18585968017578,28.979503631591797,28.475515365600586,28.070398330688477,27.95052719116211,28.079919815063477,28.247655868530273,28.69791030883789,29.461091995239258
35.41065979003906,35.40318298339844,35.44568634033203,35.42035675048828,35.193233489990234,34.74742126464844,34.267433166503906,34.01781463623047,34.11071014404297,34.39076232910156,34.56574249267578,34.40140914916992,33.886634826660156,33.24606704711914,32.70874786376953,32.35093307495117,32.16908264160156,32.039493560791016,31.795806884765625,31.616605758666992,31.641645431518555,31.817890167236328,32.1353759765625,32.12971496582031,32.03847122192383,32.07550048828125,31.977737426757812,31.657007217407227,31.356203079223633,31.407445907592773,31.64545440673828,31.670957565307617,31.397197723388672,31.160053253173828,31.19550895690918,31.3597469329834,31.38559341430664,31.113731384277344,30.734956741333008,30.473594665527344,30.438396453857422,30.642780303955078,31.01638412475586,31.6635799407959
37.69990921020508,37.518856048583984,37.44896697998047,37.3798713684082,37.22487258911133,36.919639587402344,36.470848083496094,36.001319885253906,35.74744415283203,35.92284393310547,36.43653869628906,36.843894958496094,36.715293884277344,36.050537109375,35.22711181640625,34.58436584472656,34.24391174316406,34.083988189697266,33.87368392944336,33.69521713256836,33.705726623535156,33.75513458251953,33.973567962646484,34.088134765625,33.89295959472656,33.92792510986328,33.98624801635742,33.876747131347656,33.6858024597168,33.63942337036133,33.776695251464844,33.9301872253418,33.949180603027344,33.82539367675781,33.69241714477539,33.61023712158203,33.572139739990234,33.43439483642578,33.12874221801758,32.802459716796875,32.62181854248047,32.748680114746094,33.165103912353516,33.669918060302734
40.35578918457031,40.03725814819336,39.860347747802734,39.74135971069336,39.60892868041992,39.41212463378906,39.13409423828125,38.78310775756836,38.398597717285156,38.17985916137695,38.3512077331543,38.805259704589844,39.0935173034668,38.87799072265625,38.22048568725586,37.40602111816406,36.745121002197266,36.381065368652344,36.18972396850586,36.087345123291016,36.0775146484375,36.002288818359375,36.008785247802734,36.1162223815918,35.982032775878906,35.94973373413086,35.90932083129883,35.851348876953125,35.950923919677734,36.07072067260742,36.146751403808594,36.168678283691406,36.14577102661133,36.12709045410156,36.064884185791016,35.91088104248047,35.7619514465332,35.67704772949219,35.48537826538086,35.117347717285156,34.778350830078125,34.79545593261719,35.21487808227539,35.64619827270508
42.8157844543457,42.63048553466797,42.568603515625,42.569007873535156,42.49264144897461,42.27591323852539,41.963626861572266,41.61616134643555,41.263954162597656,40.92264175415039,40.715232849121094,40.77379608154297,41.00687789916992,41.12820053100586,40.90946960449219,40.336830139160156,39.605167388916016,39.005313873291016,38.688392639160156,38.62998962402344,38.70779800415039,38.59321212768555,38.29789352416992,38.22162628173828,38.147010803222656,38.100624084472656,38.01871871948242,37.836280822753906,37.89199447631836,38.121856689453125,38.32501983642578,38.39085006713867,38.25468826293945,38.04906463623047,37.93505096435547,37.87150192260742,37.86264419555664,37.943511962890625,37.97933578491211,37.79224395751953,37.359718322753906,37.02281951904297,37.188758850097656,37.6663932800293
