data/wind_data/wind_32_9.json
{"header": {"parameterUnit": "KT", "parameterCategory": 2, "nx": 256, "ny": 198, "lo1": 44.73521041870117, "la1": -3.236724853515625, "lo2": 111.26478576660156, "la2": 43.468475341796875, "dx": 0.2609002888202667, "dy": -0.23708222806453705, "refTime": "2025-02-20 08:00:00", "forecastTime": 0, "parameterNumber": 2, "parameterNumberName": "eastward_wind"}, "data":
[rows 76 to 94 of 198, columns 129 to 171 of 256]
4.573008060455322,4.1847968101501465,3.8814268112182617,3.7681591510772705,3.985297441482544,4.487612247467041,5.030757904052734,5.4221110343933105,5.454267501831055,5.483819484710693,5.889541149139404,6.599990367889404,7.285937309265137,7.8463053703308105,8.453431129455566,9.143556594848633,9.696274757385254,9.605146408081055,8.499951362609863,7.003976821899414,5.945452690124512,5.53209924697876,5.506140232086182,5.473503589630127,5.255441665649414,4.863757610321045,4.247905731201172,3.2555088996887207,1.9628592729568481,0.8597783446311951,0.3975349962711334,0.5118083357810974,0.7909308075904846,0.9028432369232178,0.7434385418891907,0.39907532930374146,0.1174761950969696,0.21563611924648285,0.7888983488082886,1.6074414253234863,2.3649344444274902,2.8687074184417725,3.016814947128296
4.245721817016602,3.8128983974456787,3.555704116821289,3.292677164077759,3.1247730255126953,3.359879493713379,3.9151439666748047,4.6055121421813965,5.118190765380859,5.528406143188477,6.047726631164551,6.546998023986816,6.97089147567749,7.335231781005859,7.81049108505249,8.436925888061523,8.927977561950684,8.968193054199219,8.201624870300293,6.820248126983643,5.611611843109131,5.073246479034424,5.106132984161377,5.214049816131592,5.016485214233398,4.4731669425964355,3.7093443870544434,2.723618745803833,1.5152568817138672,0.36257800459861755,-0.31530436873435974,-0.3486318588256836,0.0674893781542778,0.5837754011154175,0.8885958194732666,0.7938324213027954,0.3048872947692871,-0.24915222823619843,-0.3737792372703552,0.16192427277565002,1.0980701446533203,1.9638524055480957,2.427665948867798
4.111889839172363,3.5509378910064697,3.2752797603607178,3.136200428009033,2.8544039726257324,2.7190465927124023,3.0628392696380615,3.9623219966888428,4.945163726806641,5.6470723152160645,6.217217445373535,6.588249206542969,6.634316921234131,6.634093284606934,6.818783283233643,7.197080135345459,7.556337833404541,7.6163763999938965,7.141617298126221,6.201096534729004,5.262026786804199,4.70485258102417,4.5674614906311035,4.590450763702393,4.432811260223389,3.896010637283325,3.011549711227417,1.9929499626159668,1.0297911167144775,0.21452340483665466,-0.3857790231704712,-0.6648649573326111,-0.49601709842681885,0.08255909383296967,0.765023410320282,1.1981263160705566,1.1004955768585205,0.48365533351898193,-0.20353485643863678,-0.3409368395805359,0.2517451047897339,1.1613013744354248,1.8338947296142578
4.034209728240967,3.4565110206604004,3.0299072265625,2.768986701965332,2.6243393421173096,2.585231065750122,2.8017184734344482,3.628873348236084,4.77479362487793,5.625813961029053,6.180546760559082,6.487489700317383,6.446897983551025,6.192489147186279,5.994991779327393,5.926441669464111,6.041505813598633,6.190986633300781,5.996654033660889,5.449199676513672,4.832123756408691,4.285454750061035,3.9020590782165527,3.7371530532836914,3.586826801300049,3.1303341388702393,2.2387969493865967,1.1518467664718628,0.25616905093193054,-0.2854100465774536,-0.5429799556732178,-0.728056013584137,-0.8272850513458252,-0.5941307544708252,0.05793879181146622,0.8816035389900208,1.4423855543136597,1.4070318937301636,0.8783535957336426,0.4241311252117157,0.5275943279266357,1.0724132061004639,1.5895243883132935
4.220383167266846,3.4787983894348145,2.8670403957366943,2.4673261642456055,2.3811593055725098,2.6186063289642334,3.044644355773926,3.7111124992370605,4.610921859741211,5.388987064361572,5.889184474945068,6.111886978149414,6.095212936401367,5.8951311111450195,5.5212178230285645,5.109467506408691,5.035533905029297,5.330592632293701,5.468736171722412,5.062647342681885,4.325061798095703,3.6591994762420654,3.183894157409668,2.92657470703125,2.7224032878875732,2.2559263706207275,1.4013652801513672,0.36892881989479065,-0.4809491038322449,-0.918938934803009,-0.9772939085960388,-0.9410930871963501,-1.0452975034713745,-1.1187057495117188,-0.7921199202537537,0.060348521918058395,1.069116234779358,1.7078430652618408,1.7738406658172607,1.5483318567276,1.4300096035003662,1.5291270017623901,1.6663073301315308
4.76289176940918,3.9886550903320312,3.0024914741516113,2.2595813274383545,2.234977960586548,2.77999210357666,3.4688608646392822,4.179094314575195,4.827278137207031,5.300388336181641,5.504262924194336,5.5126848220825195,5.491060256958008,5.4721832275390625,5.237209796905518,4.781877517700195,4.702312469482422,5.150624752044678,5.584757328033447,5.247919082641602,4.259739398956299,3.366320848464966,2.902815580368042,2.6264164447784424,2.264279842376709,1.640923261642456,0.77742600440979,-0.12535274028778076,-0.8140355348587036,-1.1079397201538086,-1.0789880752563477,-1.0099080801010132,-1.1247978210449219,-1.3322043418884277,-1.2866636514663696,-0.6647558808326721,0.3935195207595825,1.3928699493408203,1.982931137084961,2.1663613319396973,2.1052134037017822,1.9458750486373901,1.8009693622589111
5.597020626068115,4.995350360870361,3.9089865684509277,2.7393717765808105,2.3398144245147705,2.9625160694122314,3.890277624130249,4.650854587554932,5.256113529205322,5.578038215637207,5.4681172370910645,5.098189353942871,4.771240711212158,4.766473293304443,4.892787456512451,4.882323741912842,5.103800296783447,5.625416278839111,6.06498908996582,5.759350776672363,4.791338920593262,3.889972686767578,3.479027271270752,3.2574663162231445,2.7708189487457275,1.820238709449768,0.7032820582389832,-0.16947875916957855,-0.6649280190467834,-0.7469413876533508,-0.5964787602424622,-0.560706615447998,-0.7875192165374756,-1.1420141458511353,-1.2907365560531616,-0.9400808215141296,-0.1060953214764595,0.885503351688385,1.7051221132278442,2.167900800704956,2.2303378582000732,2.0275750160217285,1.8318755626678467
6.518485069274902,6.098382949829102,5.1925482749938965,3.978299856185913,3.1871559619903564,3.4389848709106445,4.311657428741455,5.033777713775635,5.507526874542236,5.753261566162109,5.6203460693359375,4.991304874420166,4.257416725158691,3.999074697494507,4.291847229003906,4.941972255706787,5.622001647949219,6.690558910369873,6.90170431137085,6.479834079742432,5.548325061798096,4.767359733581543,4.504961013793945,4.524101257324219,4.234593868255615,3.1353676319122314,1.516876220703125,0.24476373195648193,-0.3096260130405426,-0.23993481695652008,0.07959333807229996,0.1473643034696579,-0.16577866673469543,-0.633056104183197,-0.9143459796905518,-0.801048994064331,-0.32761189341545105,0.3994586765766144,1.2351735830307007,1.8830289840698242,2.110792398452759,2.002326726913452,1.887399673461914
7.52901554107666,6.9215826988220215,6.006168842315674,5.067615509033203,4.451356410980225,4.540599822998047,5.167352199554443,5.761394023895264,5.962790012359619,5.873806953430176,5.5157880783081055,4.708931922912598,3.781785488128662,3.3709888458251953,3.536302328109741,4.331912517547607,5.65977668762207,6.790595054626465,7.76270866394043,7.348165988922119,6.123836040496826,5.370045185089111,5.300205707550049,5.530567646026611,5.607536792755127,4.904331684112549,3.183079719543457,1.365248680114746,0.37749385833740234,0.31021812558174133,0.7044575214385986,0.869190514087677,0.5474252700805664,0.0414995476603508,-0.2957157492637634,-0.37797024846076965,-0.32723695039749146,-0.051441844552755356,0.6042180061340332,1.4115691184997559,1.954864501953125,2.1241049766540527,2.165045976638794
8.405387878417969,7.387362003326416,6.077320098876953,5.208126544952393,5.004051208496094,5.367664337158203,5.991640090942383,6.537441253662109,6.731705665588379,6.456424236297607,5.665338039398193,4.3792901039123535,3.156487464904785,2.6730895042419434,2.8781962394714355,3.258507251739502,4.566573619842529,6.300161361694336,8.124783515930176,7.7817583084106445,6.186046123504639,5.369120121002197,5.472318172454834,5.8269429206848145,6.148430824279785,5.95519495010376,4.686666011810303,2.8939626216888428,1.6266638040542603,1.2264058589935303,1.4266945123672485,1.6238943338394165,1.3842146396636963,0.8603066802024841,0.4612729847431183,0.28054723143577576,0.06465478986501694,-0.13986191153526306,0.06708049774169922,0.788845956325531,1.613523006439209,2.1558430194854736,2.43792986869812
9.294544219970703,7.886377811431885,5.978518009185791,4.572491645812988,4.177652359008789,4.762797832489014,5.708450794219971,6.409862041473389,6.692205905914307,6.632956027984619,6.040289878845215,4.630622863769531,3.0749847888946533,2.2972464561462402,2.2602641582489014,2.3142144680023193,3.514286518096924,5.878232479095459,7.631887435913086,7.3774919509887695,5.94173002243042,5.330679416656494,5.321913242340088,5.614354133605957,5.990081310272217,6.018279552459717,5.3402862548828125,4.101648807525635,2.9911303520202637,2.423610210418701,2.292508602142334,2.296297311782837,2.117262125015259,1.7036643028259277,1.2941991090774536,1.0633701086044312,0.8399852514266968,0.42981627583503723,0.0983765572309494,0.3202829957008362,1.0759971141815186,1.8141533136367798,2.2522687911987305
9.25191593170166,8.159364700317383,6.577972412109375,5.090843677520752,3.981436014175415,3.763340950012207,4.538881301879883,5.432140350341797,5.864943981170654,5.865440845489502,5.5508880615234375,4.855696678161621,3.8366215229034424,2.975800037384033,2.5921826362609863,2.270516872406006,2.677574872970581,5.060855388641357,6.896783351898193,6.9989333152771,5.8903913497924805,5.012491226196289,5.042992115020752,5.461581707000732,5.79409646987915,5.781578063964844,5.385317802429199,4.731682777404785,4.073174476623535,3.5375630855560303,3.1141650676727295,2.803370237350464,2.565382719039917,2.3494043350219727,2.1237878799438477,1.930063009262085,1.733258843421936,1.3468151092529297,0.7731174230575562,0.44673576951026917,0.7650818824768066,1.325741171836853,1.610891342163086
8.49095344543457,7.477804183959961,6.512850761413574,5.810885906219482,4.960988998413086,4.1141862869262695,3.978929281234741,4.471627712249756,4.773349761962891,4.5771164894104,4.112730026245117,3.8315675258636475,3.8650572299957275,3.894035816192627,3.6825761795043945,3.2052619457244873,3.1925950050354004,4.241332530975342,5.2809858322143555,6.524003505706787,6.051546096801758,4.980214595794678,5.386710166931152,5.6555328369140625,5.617913722991943,5.554933071136475,5.347417831420898,5.074338912963867,4.949207305908203,4.6877264976501465,4.0753984451293945,3.3682661056518555,2.9767508506774902,2.935317277908325,2.992044687271118,2.905665159225464,2.6348321437835693,2.136568069458008,1.456972360610962,1.0433884859085083,1.2546652555465698,1.5479282140731812,1.271255373954773
7.620038986206055,6.637847423553467,5.799389839172363,5.370976448059082,5.192262649536133,4.966114521026611,4.855741500854492,5.010232925415039,4.934994220733643,4.108792304992676,2.9502766132354736,2.246825695037842,2.4624695777893066,3.296567440032959,3.980149507522583,3.9168567657470703,3.826138496398926,4.1304144859313965,4.763134002685547,5.907006740570068,6.071138381958008,6.062021732330322,6.537082195281982,5.524859428405762,4.8714213371276855,5.03584623336792,5.158728122711182,5.249597072601318,5.684072017669678,5.948558330535889,5.430434703826904,4.534032344818115,3.8595917224884033,3.7416224479675293,3.9553942680358887,4.023196697235107,3.657954216003418,2.785346508026123,1.7261885404586792,1.4381499290466309,2.2286360263824463,2.795619249343872,2.029637098312378
6.946331977844238,6.070197582244873,5.255625247955322,4.636595249176025,4.312633514404297,4.742870807647705,5.666320323944092,6.348482131958008,6.437555313110352,5.751852035522461,4.4169182777404785,2.974985361099243,2.1739389896392822,2.2528185844421387,2.7872846126556396,3.155261754989624,3.112990379333496,3.4813976287841797,4.332316875457764,5.427453994750977,6.594746112823486,7.74890661239624,6.6920928955078125,5.126965045928955,4.7175421714782715,4.5536017417907715,4.376399993896484,4.705874443054199,5.804025650024414,6.875413417816162,6.8074951171875,5.970602512359619,5.183862209320068,4.775529861450195,4.824733734130859,5.0363898277282715,4.790395259857178,3.6127445697784424,1.8571557998657227,1.3945211172103882,2.961228370666504,4.333151340484619,3.5914032459259033
6.831472396850586,6.322646141052246,5.291642189025879,4.026035308837891,3.0992369651794434,3.430917739868164,5.132958889007568,6.884418964385986,7.736865997314453,7.6717000007629395,6.917243003845215,5.677606582641602,4.020442008972168,2.657238245010376,1.9313009977340698,1.6392685174942017,1.6788872480392456,2.066478729248047,2.7819058895111084,4.405205726623535,6.552577495574951,7.537518501281738,6.827381134033203,6.389693260192871,5.80946159362793,4.049428462982178,3.2468013763427734,3.568603038787842,5.124807357788086,7.273824691772461,8.018200874328613,7.216005325317383,6.294735908508301,5.776167392730713,5.630003929138184,5.778804302215576,5.777438640594482,4.6827239990234375,2.4214329719543457,1.404278039932251,3.2983558177948,5.460686206817627,5.045457363128662
5.959620952606201,6.362405300140381,5.966057777404785,4.499231338500977,2.647390842437744,1.7677363157272339,2.995471715927124,5.427143096923828,7.423867702484131,8.36599349975586,8.323880195617676,7.6214752197265625,6.276858806610107,4.48574161529541,2.981018304824829,1.88544762134552,1.4846512079238892,1.7777944803237915,1.8847415447235107,2.6907033920288086,4.612055778503418,6.192036151885986,6.419058322906494,5.841860771179199,5.122967720031738,4.7799072265625,4.255090713500977,3.8767948150634766,5.0053019523620605,7.300563335418701,8.715089797973633,8.130071640014648,7.042301654815674,6.473852634429932,6.353754997253418,6.526119709014893,6.654007911682129,5.647119998931885,3.144592046737671,1.6704729795455933,3.3844683170318604,5.913204193115234,5.86304235458374
4.840943813323975,4.917791843414307,5.511276721954346,5.2435688972473145,3.72000789642334,1.5759994983673096,0.8232530951499939,2.6357383728027344,5.126238822937012,6.95072078704834,7.913534164428711,7.951092720031738,7.265531539916992,6.1355085372924805,5.0175957679748535,3.861807346343994,2.855701446533203,3.0557680130004883,2.932480573654175,2.5281169414520264,3.261352777481079,4.010097026824951,4.682817459106445,5.078212261199951,4.982441425323486,4.650637149810791,4.2684102058410645,4.044863224029541,5.070713520050049,7.119523525238037,8.637384414672852,8.381376266479492,7.2429375648498535,6.611490249633789,6.715834140777588,7.2532830238342285,7.553093433380127,6.4677205085754395,3.723278284072876,1.9364326000213623,3.3064377307891846,5.68917179107666,5.863100051879883
5.5879693031311035,4.398451805114746,4.399557590484619,4.727046489715576,4.3130693435668945,2.7402265071868896,1.0138815641403198,1.0059893131256104,2.5008068084716797,4.274896144866943,5.842214584350586,6.814145565032959,6.9649658203125,6.60385274887085,6.125789165496826,5.522731304168701,4.588641166687012,4.331859588623047,4.53752326965332,3.9298417568206787,3.4955835342407227,3.228748321533203,2.8348548412323,3.250222682952881,4.033078670501709,3.975562334060669,3.2956960201263428,3.12384033203125,4.155599594116211,5.9571003913879395,7.53445291519165,8.049369812011719,7.3612589836120605,6.690927028656006,6.8705315589904785,7.680517196655273,8.14083480834961,7.0950775146484375,4.443331718444824,2.540416717529297,3.431184768676758,5.20035982131958,5.152858257293701
