data/wind_data/wind_47_2.json
{"header": {"parameterUnit": "KT", "parameterCategory": 2, "nx": 256, "ny": 198, "lo1": 44.73521041870117, "la1": -3.236724853515625, "lo2": 111.26478576660156, "la2": 43.468475341796875, "dx": 0.2609002888202667, "dy": -0.23708222806453705, "refTime": "2025-02-20 23:00:00", "forecastTime": 0, "parameterNumber": 2, "parameterNumberName": "eastward_wind"}, "data":
[rows 95 to 113 of 198, columns 129 to 171 of 256]
4.133755683898926,8.431447982788086,8.892581939697266,5.981311798095703,3.0031611919403076,1.2595813274383545,-0.5960973501205444,-1.6571036577224731,-0.5908696055412292,-2.2917685508728027,-2.8035383224487305,-2.3013038635253906,-1.3421669006347656,-1.0366379022598267,0.015634313225746155,1.6156201362609863,-0.8488785624504089,-2.447249412536621,-1.5045515298843384,-0.9633651971817017,0.4658099114894867,1.872025728225708,3.8592591285705566,6.719925403594971,6.157301425933838,3.491361379623413,2.495696783065796,3.292856216430664,7.828253269195557,7.865503311157227,8.419763565063477,9.619078636169434,9.887557029724121,10.199538230895996,9.334357261657715,7.900822639465332,7.495675563812256,6.25390100479126,5.250158786773682,4.522817611694336,3.7821779251098633,3.1054461002349854,3.1582908630371094
5.981936454772949,6.896735191345215,8.65666389465332,7.3045549392700195,3.0863866806030273,0.606758713722229,-0.782791256904602,-2.564164876937866,-0.43985506892204285,-2.016014814376831,-5.974618434906006,-6.107210636138916,-4.55521821975708,-4.094498157501221,-3.4462227821350098,-2.498697280883789,-4.309381008148193,-4.786011219024658,-3.674556255340576,-2.7206645011901855,-2.812711000442505,-2.726120710372925,-1.1599873304367065,3.2287158966064453,6.5646491050720215,6.124147415161133,6.8437676429748535,9.434588432312012,10.172839164733887,8.160757064819336,8.409218788146973,9.6604642868042,9.995040893554688,10.434057235717773,10.672089576721191,10.246676445007324,9.489307403564453,7.577290058135986,6.113717079162598,5.202271461486816,4.085281848907471,3.347527503967285,3.4291043281555176
6.358036041259766,5.229944229125977,9.744524002075195,8.01303768157959,2.6227269172668457,-0.2751292586326599,-0.6152584552764893,-1.0201833248138428,0.4774646759033203,-1.6790456771850586,-7.541865825653076,-7.2651591300964355,-6.214070796966553,-6.405425071716309,-6.4268412590026855,-5.185087203979492,-4.010737419128418,-4.211397171020508,-4.509787082672119,-3.864712715148926,-3.5934133529663086,-2.9726476669311523,-1.5093374252319336,1.2141129970550537,4.333907604217529,6.118032455444336,8.035625457763672,10.747743606567383,10.439326286315918,8.788599014282227,9.268510818481445,9.44969654083252,9.411398887634277,10.80432415008545,11.984966278076172,12.29552936553955,11.197683334350586,8.728918075561523,6.850210666656494,6.03555965423584,4.994449138641357,4.386270046234131,4.153775215148926
7.9393768310546875,4.701290130615234,9.848688125610352,9.671090126037598,3.855318546295166,0.4821212887763977,0.6597468256950378,2.683969259262085,1.966433048248291,-1.3961430788040161,-7.595070838928223,-9.679770469665527,-8.714287757873535,-7.862297534942627,-7.667028903961182,-6.749058723449707,-5.129343032836914,-4.206055641174316,-4.83554744720459,-4.823177814483643,-4.408607482910156,-2.866182565689087,0.028880981728434563,2.6590611934661865,4.188248634338379,5.392455577850342,6.598202228546143,8.401885032653809,9.630830764770508,10.249808311462402,10.05809211730957,8.548443794250488,7.971199989318848,10.097146034240723,12.246062278747559,13.45132064819336,12.085309028625488,9.19739818572998,7.447292804718018,7.111901760101318,6.009932041168213,5.184192180633545,4.960187911987305
9.897056579589844,6.619512557983398,8.234648704528809,10.540950775146484,6.442921161651611,1.935570478439331,0.9172529578208923,4.4189324378967285,5.337496280670166,1.7177401781082153,-4.976493835449219,-10.110888481140137,-10.182790756225586,-8.175117492675781,-7.664045333862305,-7.680430889129639,-6.499384880065918,-5.34080171585083,-5.47956657409668,-5.675145626068115,-5.954058647155762,-6.025938034057617,-2.027385711669922,1.7178699970245361,4.08226203918457,6.383269309997559,6.579464435577393,6.552048206329346,8.70700740814209,10.9485445022583,8.874655723571777,7.71702241897583,5.6478352546691895,10.066550254821777,14.229085922241211,13.879292488098145,11.802092552185059,9.302064895629883,8.425185203552246,8.42898941040039,7.255349636077881,5.916446208953857,5.29509973526001
11.813010215759277,8.328935623168945,7.190497398376465,10.630435943603516,9.508035659790039,3.8876004219055176,1.2282911539077759,3.3088319301605225,5.724353313446045,4.775341033935547,-0.3589019775390625,-6.5141682624816895,-9.00406551361084,-7.674129486083984,-6.205236434936523,-6.747572422027588,-5.3162665367126465,-3.8383500576019287,-4.7970428466796875,-5.450253009796143,-4.852786064147949,-5.465693950653076,-4.301448345184326,-1.6772363185882568,1.0742290019989014,4.448966979980469,5.872869968414307,5.735653400421143,8.103011131286621,10.528480529785156,11.115962028503418,10.597418785095215,8.218560218811035,11.734774589538574,15.00025463104248,14.45744800567627,12.338034629821777,10.690546989440918,10.56591510772705,10.187882423400879,8.716353416442871,7.184525012969971,6.295411586761475
13.445206642150879,9.931604385375977,7.670477390289307,10.883950233459473,12.211177825927734,5.8347697257995605,0.8950222134590149,2.1832966804504395,4.402666091918945,4.194560527801514,2.5868968963623047,-2.5245869159698486,-7.051985263824463,-7.632430553436279,-5.84061336517334,-5.0464558601379395,-4.46976375579834,-4.689323425292969,-5.6100969314575195,-4.325142860412598,-2.049814462661743,-1.9587408304214478,-1.700903296470642,-0.6548636555671692,0.7140719294548035,3.3019297122955322,3.7762796878814697,3.069448709487915,7.916837692260742,12.560747146606445,15.30991268157959,14.626351356506348,12.367757797241211,13.525735855102539,15.585087776184082,15.648913383483887,14.101101875305176,12.558842658996582,12.081644058227539,11.281867980957031,9.465631484985352,7.917435646057129,7.191597938537598
13.540938377380371,11.537586212158203,10.482050895690918,11.541357040405273,12.866744041442871,5.627229690551758,-0.10079603642225266,2.3845765590667725,4.5766921043396,4.084978103637695,2.849486827850342,-0.30951181054115295,-4.6962738037109375,-7.288909912109375,-5.557785987854004,-3.2802011966705322,-3.2091362476348877,-4.612124919891357,-7.3333048820495605,-8.572989463806152,-6.755988597869873,-5.049553871154785,-4.203502178192139,-2.8603498935699463,-0.777915894985199,1.4276198148727417,0.42839521169662476,-1.5288382768630981,2.977022886276245,9.256956100463867,13.9152193069458,13.863180160522461,13.525090217590332,14.821198463439941,16.26329803466797,17.182756423950195,16.21207046508789,14.094334602355957,13.02979850769043,11.748408317565918,9.475260734558105,7.822044849395752,7.460795879364014
13.790704727172852,13.480695724487305,13.044882774353027,12.22255802154541,11.744641304016113,4.554356575012207,-0.39944711327552795,2.2242629528045654,5.629706382751465,5.715517044067383,1.6251552104949951,-3.4630627632141113,-6.790922164916992,-8.511871337890625,-6.8835978507995605,-3.0416336059570312,-1.8755580186843872,-3.2708771228790283,-7.8156890869140625,-9.298892974853516,-10.333436965942383,-9.579947471618652,-8.238235473632812,-6.507604122161865,-4.573240280151367,-3.485553026199341,-4.201816082000732,-4.420199871063232,0.19534875452518463,5.209808349609375,6.393854141235352,6.264477252960205,9.681490898132324,14.071730613708496,16.678281784057617,18.144020080566406,17.5721435546875,15.77600383758545,14.60445499420166,12.623954772949219,9.808785438537598,7.747494220733643,7.363651275634766
14.845507621765137,14.408226013183594,14.659887313842773,12.356264114379883,9.983861923217773,5.760061740875244,2.2690157890319824,1.4387660026550293,4.191310405731201,2.228593111038208,-2.4661471843719482,-6.4184136390686035,-8.221254348754883,-8.513538360595703,-8.099921226501465,-6.015054702758789,-3.351043701171875,-4.0479326248168945,-9.671228408813477,-13.128231048583984,-10.598864555358887,-10.463152885437012,-9.981708526611328,-8.93122386932373,-8.266098976135254,-8.321099281311035,-8.211054801940918,-6.354718208312988,-2.708271026611328,-1.0979915857315063,-1.4735419750213623,0.6806761622428894,5.340595245361328,10.630415916442871,14.796150207519531,17.268930435180664,17.582881927490234,16.69659423828125,15.544355392456055,13.738265037536621,11.235010147094727,8.895771980285645,8.24147891998291
15.92138385772705,16.004018783569336,14.374429702758789,11.303505897521973,9.851655960083008,8.20959758758545,5.56710958480835,0.5110719203948975,-0.627773642539978,-1.3878589868545532,-4.006662368774414,-5.888396263122559,-5.792272567749023,-6.166346073150635,-7.759610176086426,-9.057937622070312,-7.62797212600708,-6.82912540435791,-11.209527015686035,-14.890817642211914,-12.57643985748291,-11.486285209655762,-10.488901138305664,-10.17631721496582,-9.887505531311035,-9.396577835083008,-8.014856338500977,-6.1896796226501465,-4.993262767791748,-4.653329372406006,-3.7688724994659424,-1.7238922119140625,1.067474603652954,5.419533729553223,10.119721412658691,13.460412979125977,15.086389541625977,15.632079124450684,15.157588958740234,13.637919425964355,11.598061561584473,10.093242645263672,10.213098526000977
9.989726066589355,11.317943572998047,12.285470008850098,11.809711456298828,11.101212501525879,9.187273979187012,7.027285575866699,3.6119675636291504,-1.4803789854049683,-3.7545619010925293,-4.181908130645752,-4.337015628814697,-5.0033369064331055,-6.865976333618164,-9.84309196472168,-11.940258026123047,-9.815661430358887,-7.133265972137451,-10.711545944213867,-14.896465301513672,-14.593003273010254,-14.009730339050293,-12.139195442199707,-10.70168399810791,-10.107027053833008,-9.347528457641602,-8.029226303100586,-6.953635215759277,-6.463061332702637,-5.769949913024902,-4.916869163513184,-4.085855960845947,-2.2868058681488037,1.1539541482925415,5.559566497802734,9.42453670501709,12.254837036132812,14.215007781982422,14.565140724182129,13.036784172058105,11.365316390991211,10.877967834472656,11.999817848205566
2.789607286453247,4.0521697998046875,8.197944641113281,10.746258735656738,11.286152839660645,9.98505973815918,7.116829872131348,6.953264236450195,2.905604362487793,-2.7309818267822266,-5.9626617431640625,-6.538095951080322,-8.301942825317383,-11.140436172485352,-13.907074928283691,-15.396221160888672,-12.870675086975098,-7.860265731811523,-7.015317916870117,-9.21817684173584,-13.082405090332031,-14.471098899841309,-12.479663848876953,-9.587985038757324,-8.670660018920898,-8.322527885437012,-8.288228988647461,-7.84140682220459,-6.895389556884766,-5.617020606994629,-4.641294002532959,-3.788975715637207,-2.797471046447754,-0.22009247541427612,3.344061851501465,7.33144474029541,10.876267433166504,13.016429901123047,13.421632766723633,12.8414945602417,12.13710880279541,11.939436912536621,12.913995742797852
3.3192319869995117,3.928499698638916,5.476138114929199,8.704512596130371,12.178732872009277,11.118856430053711,8.350740432739258,8.063104629516602,6.001002788543701,-0.6822945475578308,-6.522338390350342,-8.696112632751465,-10.927794456481934,-14.10136604309082,-16.857818603515625,-17.911331176757812,-17.15145492553711,-14.617173194885254,-12.542630195617676,-11.369165420532227,-10.998729705810547,-11.814114570617676,-12.496162414550781,-10.758382797241211,-8.75729751586914,-8.128199577331543,-7.943114280700684,-7.1610894203186035,-6.024843692779541,-5.076996803283691,-4.33935022354126,-2.9968297481536865,-1.644025206565857,-0.01374503318220377,2.5956509113311768,6.40634298324585,9.982209205627441,11.802960395812988,11.942544937133789,11.834569931030273,11.906522750854492,12.23396110534668,12.616605758666992
2.6888043880462646,4.212871551513672,3.7034943103790283,5.953998565673828,11.84226131439209,11.789328575134277,9.251487731933594,9.034461975097656,6.491387844085693,0.5097509622573853,-4.996523857116699,-7.558813571929932,-9.760946273803711,-12.98794174194336,-16.231225967407227,-17.632648468017578,-17.946884155273438,-17.294288635253906,-16.564231872558594,-16.816038131713867,-17.039718627929688,-16.074539184570312,-14.395339965820312,-12.949417114257812,-10.856433868408203,-8.90291976928711,-8.058035850524902,-7.188040256500244,-6.0882158279418945,-4.702637672424316,-3.3863189220428467,-2.2718405723571777,-0.8527539968490601,0.4918658435344696,1.9048240184783936,4.647705078125,8.608658790588379,11.195830345153809,11.563593864440918,11.014501571655273,10.940162658691406,12.340503692626953,13.050350189208984
2.2075037956237793,3.4921772480010986,4.045498371124268,5.451271057128906,10.2944917678833,10.614888191223145,8.211203575134277,8.59473705291748,5.8620991706848145,1.6243799924850464,-2.392936944961548,-5.139675617218018,-7.4578537940979,-10.666862487792969,-13.825849533081055,-15.662932395935059,-16.346355438232422,-16.077434539794922,-15.504026412963867,-15.64506721496582,-16.661306381225586,-17.340503692626953,-16.40458106994629,-14.609566688537598,-12.894198417663574,-11.188661575317383,-9.692699432373047,-8.749886512756348,-7.826803684234619,-6.47363805770874,-5.005900859832764,-3.471155881881714,-1.4640424251556396,0.841578483581543,2.444685697555542,3.446495532989502,6.972687721252441,10.271798133850098,10.985748291015625,10.03207778930664,11.243114471435547,13.070034980773926,12.161420822143555
3.0356087684631348,3.569270372390747,4.3316755294799805,5.131981372833252,8.729202270507812,8.81229305267334,6.840457916259766,6.5843610763549805,5.366668224334717,2.5650696754455566,-3.655805826187134,-8.063287734985352,-9.789627075195312,-11.2083158493042,-12.519194602966309,-14.098128318786621,-14.96705150604248,-14.92834186553955,-14.462531089782715,-14.408223152160645,-15.231949806213379,-16.540536880493164,-17.015897750854492,-15.766153335571289,-14.192153930664062,-12.934536933898926,-11.900586128234863,-10.974888801574707,-9.95970630645752,-8.73342227935791,-7.218704700469971,-5.588831901550293,-3.6415517330169678,-1.138489842414856,0.9005833864212036,2.7520880699157715,5.967077732086182,9.013839721679688,10.089104652404785,11.261883735656738,13.01435375213623,11.751492500305176,8.571821212768555
4.290292739868164,4.435527801513672,5.037672996520996,5.996926307678223,8.370363235473633,8.376241683959961,6.400200843811035,3.7591354846954346,0.3282311260700226,-5.429523944854736,-9.086421966552734,-11.819063186645508,-12.359210014343262,-13.046247482299805,-13.22604751586914,-13.832536697387695,-14.921246528625488,-15.540157318115234,-16.014846801757812,-16.564083099365234,-16.9305362701416,-17.258298873901367,-17.27072525024414,-16.320920944213867,-14.876194953918457,-13.335066795349121,-11.978700637817383,-10.954533576965332,-10.03239917755127,-8.951970100402832,-7.7006731033325195,-6.796502590179443,-5.578549385070801,-3.608828067779541,-1.46030592918396,1.3018666505813599,5.102204322814941,7.958257675170898,9.752872467041016,9.893774032592773,5.926807880401611,1.8143458366394043,0.33748021721839905
4.364200592041016,5.0557332038879395,5.7596755027771,6.304342746734619,7.728758811950684,7.545716285705566,5.202510833740234,0.3740726411342621,-5.383187770843506,-12.133170127868652,-12.811059951782227,-12.306074142456055,-12.260992050170898,-12.842608451843262,-13.010766983032227,-13.453621864318848,-14.031188011169434,-14.857582092285156,-15.91938304901123,-16.87333869934082,-17.10496711730957,-16.79578399658203,-16.560672760009766,-15.993169784545898,-14.736390113830566,-12.86077880859375,-10.897639274597168,-9.487639427185059,-8.633142471313477,-7.751237869262695,-6.596960544586182,-5.707049369812012,-5.235255241394043,-4.733833312988281,-3.2010536193847656,-0.24188166856765747,2.1769237518310547,2.6353135108947754,1.0299906730651855,-2.136561632156372,-3.9777441024780273,-4.675342559814453,-4.552550315856934
