data/wind_data/wind_23_3.json
{"header": {"parameterUnit": "KT", "parameterCategory": 2, "nx": 256, "ny": 198, "lo1": 44.73521041870117, "la1": -3.236724853515625, "lo2": 111.26478576660156, "la2": 43.468475341796875, "dx": 0.2609002888202667, "dy": -0.23708222806453705, "refTime": "2025-02-19 23:00:00", "forecastTime": 0, "parameterNumber": 2, "parameterNumberName": "eastward_wind"}, "data":
[rows 0 to 18 of 198, columns 176 to 219 of 256]
8.307503700256348,8.123329162597656,7.873201370239258,7.696191310882568,7.98358154296875,8.25290298461914,7.981625556945801,7.743214130401611,7.869044303894043,8.05627155303955,8.216309547424316,8.42745590209961,8.741127014160156,8.760923385620117,8.417734146118164,8.27142333984375,8.322783470153809,8.215459823608398,7.966122627258301,7.5488104820251465,7.028195381164551,6.61514949798584,6.330533504486084,6.38735294342041,6.560820579528809,6.55980920791626,6.484900951385498,6.244076251983643,6.251018047332764,6.942203521728516,7.460498809814453,7.446879863739014,7.303933620452881,7.056436061859131,7.063464641571045,7.383955955505371,7.7179670333862305,8.063825607299805,8.584151268005371,9.196659088134766,9.14189624786377,8.706029891967773,8.979325294494629,9.787948608398438
7.0948710441589355,6.970235347747803,6.950523376464844,6.837385654449463,7.104360103607178,7.525083065032959,7.564199447631836,7.660261631011963,8.137269020080566,8.564604759216309,8.711465835571289,8.767170906066895,8.896775245666504,8.626489639282227,8.011406898498535,7.7762064933776855,7.734005451202393,7.546879768371582,7.438626289367676,7.0689191818237305,6.443417072296143,6.119302749633789,6.116150856018066,6.136759281158447,6.020941257476807,5.721395969390869,5.582183361053467,5.733001232147217,5.921576499938965,6.286369323730469,6.5636796951293945,6.7160210609436035,6.671244144439697,6.487960338592529,6.758936882019043,7.190296173095703,7.296422958374023,7.503901481628418,8.028640747070312,8.674822807312012,8.895549774169922,8.820158958435059,9.22890853881836,10.931334495544434
6.122145175933838,6.178825855255127,6.711782932281494,7.169991970062256,7.510343074798584,7.878838539123535,7.997007846832275,8.159455299377441,8.578824996948242,8.804472923278809,8.702999114990234,8.522195816040039,8.458902359008789,8.083292007446289,7.3831095695495605,7.148064613342285,7.242501735687256,7.089118003845215,6.895636081695557,6.666682720184326,6.189809322357178,5.729038238525391,5.611536979675293,5.635256290435791,5.484603404998779,5.019706726074219,4.774975776672363,5.030684947967529,5.3528523445129395,5.438417434692383,5.46286153793335,5.865156650543213,6.316384315490723,6.497040271759033,6.783928394317627,7.06151008605957,7.030386924743652,7.150744915008545,7.350745677947998,7.442158222198486,7.736166000366211,8.3931303024292,9.891818046569824,11.2573823928833
5.398892879486084,5.648232936859131,6.458136558532715,7.22385311126709,7.6697258949279785,8.073277473449707,8.230778694152832,8.330686569213867,8.43327808380127,8.305595397949219,8.126303672790527,7.885426998138428,7.6158952713012695,7.176453113555908,6.624372482299805,6.3454437255859375,6.40785551071167,6.3516130447387695,6.118473529815674,5.8806610107421875,5.477696418762207,4.973599433898926,4.8126420974731445,4.822172164916992,4.87608528137207,4.443751811981201,4.18428897857666,4.5597124099731445,4.959305286407471,4.838756561279297,4.7853102684021,5.517053604125977,6.398283958435059,6.724913120269775,6.768962383270264,6.860610485076904,6.80105447769165,6.954898357391357,7.034736633300781,6.723165035247803,6.840178489685059,7.840295791625977,9.43643569946289,9.494452476501465
4.351782321929932,4.909377574920654,5.861868858337402,6.095146656036377,6.339046955108643,6.448239326477051,6.522871017456055,6.971404075622559,6.683995246887207,5.929996967315674,5.793615341186523,6.083972454071045,5.855669021606445,5.338840007781982,4.809344291687012,3.666780710220337,2.918412208557129,3.097198724746704,3.4290874004364014,3.427039861679077,3.1696689128875732,2.890349864959717,3.1732704639434814,2.8655056953430176,3.8729076385498047,3.8686678409576416,4.067881107330322,4.469135284423828,4.783953666687012,4.83374547958374,5.141041278839111,6.18861198425293,7.118701934814453,7.358670234680176,7.431702613830566,7.50193977355957,7.164402961730957,7.527073860168457,8.058311462402344,8.435839653015137,8.892354011535645,8.57309341430664,8.345206260681152,10.767038345336914
4.779579162597656,5.3092169761657715,6.1970295906066895,6.476542949676514,2.9847826957702637,6.557520389556885,8.890894889831543,6.861438751220703,7.5599446296691895,3.659045696258545,7.037753105163574,4.8274760246276855,4.131836891174316,4.809346675872803,4.469060897827148,2.373872995376587,2.0578887462615967,2.5132319927215576,2.520176649093628,2.864171028137207,2.435913324356079,2.1094284057617188,2.655172824859619,2.587510824203491,3.738281011581421,4.152606010437012,4.972716331481934,5.9906792640686035,6.10122013092041,5.546966075897217,5.347301483154297,6.330790996551514,7.313938140869141,7.560104846954346,7.975494384765625,8.163888931274414,7.726833343505859,7.739841938018799,8.435145378112793,8.919366836547852,9.751466751098633,8.366983413696289,8.326981544494629,9.874687194824219
4.385986804962158,6.048164367675781,5.591841697692871,5.135894298553467,3.6652536392211914,6.600494861602783,7.015631675720215,5.9295268058776855,7.1705756187438965,4.732672691345215,4.288944721221924,3.9900450706481934,4.020236492156982,4.272671222686768,3.925027370452881,1.5881439447402954,2.634216785430908,3.6767194271087646,2.142622470855713,1.981458306312561,2.1189992427825928,2.3551390171051025,2.2225663661956787,3.445650100708008,4.362741947174072,4.084360122680664,4.411187171936035,5.7339019775390625,6.318485736846924,5.99412202835083,5.890026569366455,6.533993721008301,7.152653217315674,7.563533306121826,7.964183330535889,7.847907066345215,7.797830104827881,8.211756706237793,9.15013599395752,9.302641868591309,8.81423282623291,8.771832466125488,8.436112403869629,9.325115203857422
6.330742835998535,4.770074367523193,2.819937229156494,4.335355281829834,3.939131021499634,5.016485691070557,5.78538179397583,5.530879020690918,6.758480548858643,5.350747585296631,5.170463562011719,3.9238998889923096,3.627509832382202,4.435197353363037,3.176992654800415,1.3097268342971802,2.7752246856689453,3.806861162185669,1.8641239404678345,0.7185296416282654,1.8377615213394165,1.9919482469558716,2.496377468109131,3.5369153022766113,4.521644592285156,4.7822136878967285,4.9500861167907715,5.808813571929932,6.330607891082764,6.362703323364258,6.578344821929932,6.788463115692139,6.895870685577393,7.16163969039917,7.373833179473877,7.208993434906006,7.523656368255615,8.890665054321289,10.648780822753906,8.262139320373535,8.5814847946167,8.807352066040039,7.660600185394287,7.656522274017334
1.3586760759353638,1.2260946035385132,2.8126204013824463,3.321361780166626,4.191772937774658,6.010365962982178,5.249333381652832,4.700801372528076,5.113516330718994,5.6779985427856445,5.198075771331787,3.60063099861145,2.921203851699829,2.6736042499542236,2.6426897048950195,2.796931266784668,2.8115484714508057,2.119990110397339,2.2671549320220947,1.7661986351013184,1.9832606315612793,2.1852383613586426,3.0508530139923096,3.61397647857666,4.423911094665527,4.946856498718262,5.35735559463501,5.784801483154297,6.160694599151611,6.551736354827881,7.025668144226074,6.947388648986816,6.464449882507324,6.43499755859375,6.6978349685668945,6.945857048034668,7.629421710968018,9.585127830505371,11.270193099975586,9.08635139465332,7.531729698181152,6.489712238311768,4.789053916931152,4.313304424285889
1.980261206626892,2.2593002319335938,2.864758253097534,3.775282859802246,5.227544784545898,5.9138593673706055,3.957278251647949,3.535569429397583,4.569607734680176,5.0254645347595215,5.33978271484375,2.9965391159057617,2.012925863265991,2.443769931793213,2.510958671569824,2.968953847885132,1.960447907447815,2.5755958557128906,2.264730930328369,1.8662073612213135,2.493523120880127,3.099851369857788,3.6815218925476074,4.07090950012207,4.39442777633667,5.290218353271484,5.680632591247559,5.7415008544921875,5.871081352233887,6.42064905166626,7.022496700286865,6.93413782119751,6.156270980834961,5.824408054351807,6.175969123840332,6.7996673583984375,7.458203315734863,8.306822776794434,10.366662979125977,9.896842002868652,7.265097618103027,4.794617176055908,4.2533769607543945,4.428865432739258
1.8289824724197388,2.2246580123901367,2.993725061416626,3.448629379272461,4.31365442276001,6.932513236999512,4.041966915130615,2.369018793106079,4.089700222015381,4.609577178955078,4.5829010009765625,2.7186872959136963,1.781877040863037,2.7122762203216553,2.840369939804077,2.940331220626831,1.588773488998413,1.8744055032730103,2.131730556488037,2.3996291160583496,3.151460647583008,4.224761486053467,5.046671390533447,5.408370018005371,5.350421905517578,5.584497451782227,5.520797252655029,5.423657417297363,5.660881519317627,6.249592304229736,6.622281074523926,6.319075107574463,5.743747234344482,5.568630695343018,5.9650044441223145,6.633301258087158,7.698822021484375,8.068680763244629,9.194012641906738,8.954516410827637,4.749972343444824,2.302823305130005,1.6800291538238525,1.0675570964813232
2.0394175052642822,2.7006995677948,2.623203992843628,3.7507498264312744,3.9715659618377686,5.431966781616211,4.199699878692627,3.6041688919067383,3.9768102169036865,3.3034145832061768,3.9652960300445557,3.017720937728882,2.320504903793335,2.8538010120391846,2.543773651123047,2.756441593170166,1.3435839414596558,2.1347463130950928,2.2370262145996094,2.738297939300537,3.8468847274780273,4.984681129455566,5.77866268157959,6.453677177429199,6.336745738983154,5.8746442794799805,5.461560249328613,5.309926509857178,5.681300163269043,6.059664249420166,5.988450527191162,5.526878833770752,5.446171283721924,5.67534065246582,6.03093147277832,6.461175441741943,8.342041969299316,8.673338890075684,9.678027153015137,7.771448135375977,3.7093605995178223,2.4469962120056152,1.485808253288269,0.07803329080343246
0.307609885931015,1.9182376861572266,2.6551806926727295,3.4577841758728027,4.477150917053223,4.777681350708008,4.676367282867432,2.955235719680786,3.8179354667663574,3.107600212097168,2.675337791442871,1.9985432624816895,3.136385679244995,2.3501861095428467,1.7024952173233032,1.3469083309173584,1.0485501289367676,2.8412039279937744,2.2842607498168945,2.9206583499908447,4.125158786773682,5.343514919281006,5.577988147735596,6.54205846786499,6.472763538360596,6.029058456420898,5.407296657562256,5.294942855834961,5.640201568603516,5.908746242523193,5.517211437225342,5.088683605194092,5.431828498840332,5.901613712310791,5.907681941986084,6.787449836730957,8.883648872375488,9.528083801269531,8.720796585083008,5.899217128753662,3.6490488052368164,2.4397222995758057,1.2102738618850708,0.2885122001171112
-0.16295871138572693,-1.5863887071609497,2.4392518997192383,2.4827589988708496,4.418997764587402,4.993866920471191,3.4790701866149902,3.541827440261841,3.427128553390503,0.9208065867424011,0.35968977212905884,0.8569418787956238,2.6334869861602783,0.768826961517334,0.16321389377117157,0.8440186381340027,1.3107993602752686,2.228196859359741,3.061042308807373,3.212629556655884,4.293022632598877,4.862246036529541,5.554012775421143,5.742241382598877,6.000975131988525,5.66121768951416,5.042442321777344,5.0071821212768555,5.34207820892334,5.490543365478516,5.081387996673584,5.493374347686768,5.851474761962891,5.392847537994385,5.883568286895752,8.135919570922852,10.303380966186523,8.87862777709961,3.9756669998168945,1.7332370281219482,0.8753024935722351,0.1642819195985794,0.611274242401123,1.3109265565872192
-1.3902703523635864,-3.9069533348083496,2.8089122772216797,0.8773061633110046,2.228879451751709,3.1719839572906494,2.614959239959717,2.9384984970092773,2.550421714782715,4.015008449554443,-1.6512372493743896,0.21080054342746735,0.02069387026131153,0.563802182674408,0.9615556001663208,0.3961961567401886,1.1974862813949585,2.9922940731048584,3.4817497730255127,3.2314484119415283,3.6828463077545166,4.6454668045043945,4.91556978225708,5.032954692840576,5.143880844116211,4.672969818115234,4.170534610748291,4.389833450317383,4.843736171722412,5.028040885925293,4.476695537567139,5.718555927276611,6.771705627441406,6.947142124176025,8.344563484191895,9.881241798400879,8.623531341552734,3.862999677658081,1.5970675945281982,1.4967303276062012,1.118350863456726,-0.17037449777126312,1.0760393142700195,2.8380730152130127
0.9466550946235657,0.1708602011203766,1.8787707090377808,1.7881416082382202,0.5107477903366089,0.9975194931030273,1.9533236026763916,2.5003821849823,1.9173308610916138,1.8198027610778809,1.6149359941482544,-0.6302514672279358,0.13443061709403992,1.118349313735962,0.5806154012680054,0.5189682841300964,2.1260571479797363,3.376979112625122,3.866088628768921,3.326714277267456,3.7210705280303955,4.521571159362793,4.604099273681641,4.504058361053467,4.387267589569092,3.8156681060791016,3.580059766769409,3.8967251777648926,4.054272174835205,4.031534671783447,4.030086994171143,4.523298740386963,6.009777545928955,7.540495872497559,9.875246047973633,10.066352844238281,7.038961410522461,4.438686847686768,3.653723955154419,3.340664863586426,3.607511281967163,0.43642398715019226,0.9834995865821838,2.914165735244751
0.7033944725990295,0.8967743515968323,1.544103980064392,0.6155939102172852,1.821437954902649,1.9964953660964966,2.4443390369415283,2.1716904640197754,2.2847304344177246,2.416269302368164,1.986586332321167,0.4253197908401489,-0.12035196274518967,0.6515037417411804,1.2796006202697754,1.8716533184051514,3.044651746749878,3.454558849334717,4.420768737792969,3.7835309505462646,4.217498302459717,4.794643402099609,4.67625093460083,4.268712520599365,3.885136365890503,3.595883846282959,3.643540620803833,3.7156982421875,3.3388328552246094,2.898378610610962,3.527005672454834,4.019946098327637,5.74094820022583,7.3408331871032715,9.011515617370605,9.343643188476562,5.859359264373779,4.023387432098389,3.3736186027526855,2.4022603034973145,0.6408293843269348,1.1295784711837769,0.9804293513298035,2.2707009315490723
-0.36440509557724,-0.2468256950378418,0.9124776124954224,-0.08323793858289719,2.734398603439331,1.615238070487976,2.3354759216308594,2.5229828357696533,1.915639877319336,1.802769660949707,3.1924664974212646,2.410320997238159,1.252289056777954,1.4442682266235352,1.6047228574752808,2.2667014598846436,3.526949405670166,2.2773334980010986,3.8053901195526123,4.340890884399414,4.744763374328613,4.815569877624512,4.404901504516602,3.9226763248443604,3.8891727924346924,4.060615539550781,4.05480432510376,3.915060520172119,3.4900248050689697,3.41984224319458,2.6196951866149902,1.220564365386963,3.1122241020202637,5.4615654945373535,5.809534549713135,6.014954090118408,3.7609684467315674,1.9138840436935425,1.3136944770812988,-0.2005128115415573,0.1816350817680359,0.05325869098305702,-0.5620867013931274,0.8478272557258606
0.6674243807792664,0.3463677763938904,0.3775845766067505,-4.732917785644531,1.497275948524475,-0.6292495727539062,1.7243417501449585,2.9077863693237305,2.1032955646514893,0.6028135418891907,2.2507710456848145,1.8673911094665527,0.9936904907226562,1.9541915655136108,2.131861448287964,3.1170077323913574,4.489749908447266,5.007180690765381,4.531222820281982,4.387087345123291,4.843400955200195,4.5456695556640625,3.644338369369507,3.2490406036376953,3.6199452877044678,3.9103760719299316,3.5072128772735596,3.6821091175079346,3.080803155899048,3.129222869873047,1.5213004350662231,-0.05885836482048035,0.8708227872848511,1.0374979972839355,1.0011653900146484,1.3538339138031006,0.6037272810935974,-0.05985764041543007,1.5685720443725586,-0.8662685751914978,0.5949267745018005,0.056541312485933304,-1.077134370803833,-0.6194659471511841
