data/wind_data/wind_62_2.json
{"header": {"parameterUnit": "KT", "parameterCategory": 2, "nx": 256, "ny": 198, "lo1": 44.73521041870117, "la1": -3.236724853515625, "lo2": 111.26478576660156, "la2": 43.468475341796875, "dx": 0.2609002888202667, "dy": -0.23708222806453705, "refTime": "2025-02-21 14:00:00", "forecastTime": 0, "parameterNumber": 2, "parameterNumberName": "eastward_wind"}, "data":
[rows 114 to 132 of 198, columns 172 to 214 of 256]
11.746073722839355,11.080366134643555,11.741069793701172,12.541539192199707,12.923341751098633,13.587498664855957,15.268370628356934,17.679630279541016,15.936147689819336,9.677212715148926,5.920876979827881,5.486865043640137,4.312971591949463,1.598246455192566,1.6200507879257202,4.542253017425537,7.71109676361084,7.185300350189209,6.435573101043701,6.267710208892822,10.072548866271973,10.583038330078125,6.347781658172607,3.009626626968384,7.287846088409424,4.358686447143555,3.0044443607330322,4.720408916473389,6.429200172424316,2.9348268508911133,-0.06716249138116837,3.9958176612854004,5.754133224487305,11.200546264648438,17.607894897460938,17.32400131225586,15.527859687805176,17.66160011291504,19.782548904418945,21.038436889648438,23.87569236755371,26.383769989013672,27.82335090637207
11.420397758483887,11.62900447845459,11.551843643188477,10.578691482543945,10.933545112609863,10.833526611328125,7.943281173706055,5.229040622711182,6.68884801864624,3.7698957920074463,-1.0691126585006714,-2.3216910362243652,-2.1192469596862793,0.875043511390686,2.0072872638702393,4.4604926109313965,5.354229927062988,5.8520941734313965,4.4420485496521,4.190014362335205,6.435766696929932,11.269806861877441,5.222496509552002,1.5348972082138062,5.170734882354736,3.3230767250061035,1.7393745183944702,4.47443962097168,4.140769004821777,-2.0069491863250732,-2.7970190048217773,0.8395418524742126,3.126127243041992,8.108908653259277,16.50491714477539,20.073074340820312,19.125450134277344,20.113201141357422,22.00518035888672,24.20867919921875,24.916730880737305,23.669898986816406,25.3090877532959
8.947093963623047,9.221949577331543,7.807950496673584,6.164858341217041,5.952657699584961,5.725566864013672,3.7568540573120117,1.0839124917984009,0.7070425152778625,3.250447988510132,2.9872500896453857,1.7069175243377686,0.9106520414352417,1.5245485305786133,0.20891501009464264,-4.895290374755859,-4.6437273025512695,-1.4595659971237183,0.4912205934524536,3.491004228591919,4.254388332366943,3.494779109954834,-0.8998151421546936,-0.71686190366745,1.0970237255096436,3.9106898307800293,0.2903924286365509,0.5601499080657959,-0.442461758852005,0.40940502285957336,-1.1625611782073975,-0.7691211700439453,2.7827775478363037,7.767195224761963,17.59156608581543,22.849611282348633,21.37639617919922,21.40413475036621,23.550294876098633,26.541648864746094,27.694286346435547,24.253915786743164,24.7005615234375
8.019996643066406,7.728007793426514,5.414409160614014,3.778825521469116,4.150268077850342,5.584020137786865,6.031689643859863,4.741520404815674,3.96832537651062,3.6530749797821045,3.800518751144409,2.139824628829956,0.38832879066467285,1.9087061882019043,-3.764564275741577,-8.584460258483887,-7.795568466186523,-4.205375671386719,-2.645421028137207,-0.2421179562807083,-0.10203563421964645,-2.915102481842041,-2.176849126815796,-2.5260491371154785,0.06918840110301971,-0.5386475920677185,-0.14874455332756042,1.62056303024292,1.301498532295227,2.041771650314331,2.0615317821502686,1.4605118036270142,4.043946266174316,9.568305969238281,17.70417594909668,22.732799530029297,22.29547691345215,22.040624618530273,24.134174346923828,26.641538619995117,27.17939567565918,23.9650936126709,24.225645065307617
10.699233055114746,9.904911994934082,9.026227951049805,9.102107048034668,10.06261157989502,10.623913764953613,11.697525024414062,13.138545989990234,14.364447593688965,14.635790824890137,14.81939697265625,11.618861198425293,3.6726717948913574,0.026686320081353188,-4.021812915802002,-8.329108238220215,-7.402377605438232,-7.331093788146973,-1.5357306003570557,3.078778028488159,5.1733245849609375,0.19866175949573517,0.642876386642456,0.8561784029006958,1.4876765012741089,-0.8721079230308533,0.37127649784088135,1.5410329103469849,3.9725327491760254,7.378767013549805,5.015315532684326,1.6934784650802612,4.67271089553833,9.09584903717041,12.650407791137695,18.336875915527344,21.09667205810547,21.402502059936523,24.914669036865234,27.315732955932617,26.114261627197266,24.37896156311035,25.408950805664062
13.073267936706543,11.713930130004883,9.990829467773438,10.26198959350586,10.2035493850708,9.322776794433594,9.946678161621094,12.498644828796387,16.022432327270508,18.951807022094727,20.582555770874023,15.733579635620117,7.6067938804626465,4.127605438232422,3.5017435550689697,3.0880086421966553,3.6240172386169434,-0.8049209117889404,-1.4736347198486328,3.2523884773254395,9.21410846710205,12.988986015319824,13.606033325195312,8.81923770904541,4.637112140655518,-0.5517176389694214,-1.729131817817688,0.1592193990945816,6.149869441986084,9.216012954711914,1.4247713088989258,-1.0430340766906738,4.89607572555542,9.033617973327637,10.213601112365723,15.857038497924805,19.096797943115234,19.636817932128906,23.99399185180664,25.383037567138672,25.2114200592041,26.045299530029297,26.378562927246094
17.037586212158203,12.218703269958496,8.355121612548828,8.1854248046875,6.047370910644531,4.5104193687438965,4.507327556610107,5.6355743408203125,9.619691848754883,12.5731840133667,13.49923324584961,9.457365989685059,2.998345136642456,2.791456699371338,5.424900531768799,5.9978790283203125,2.232753276824951,-0.6385136842727661,-1.8174848556518555,-2.624246120452881,-0.5496573448181152,4.562459945678711,6.822996616363525,1.8385769128799438,-0.16987870633602142,-1.2733384370803833,-3.363529920578003,1.8606551885604858,6.366462707519531,3.7618603706359863,-4.203485012054443,-0.5250783562660217,4.809640407562256,8.508210182189941,9.7073335647583,15.728910446166992,17.972152709960938,17.93869400024414,21.151256561279297,23.505338668823242,26.607040405273438,28.27182388305664,26.43488883972168
15.819132804870605,10.213156700134277,7.601179122924805,9.200416564941406,9.141332626342773,5.520098686218262,4.419679641723633,3.223267078399658,4.360367774963379,10.768957138061523,11.797398567199707,5.532829761505127,-1.287698745727539,1.561279535293579,8.712937355041504,9.421133041381836,2.4452290534973145,-2.3068430423736572,-1.7276067733764648,-1.622779130935669,-2.4537038803100586,-1.843470573425293,-2.1713547706604004,-4.7562737464904785,-5.4706196784973145,-4.025913715362549,-5.211665630340576,0.9088336825370789,7.208402633666992,0.04282176494598389,-0.5746502876281738,1.4796626567840576,7.67091178894043,11.767560005187988,13.17969036102295,15.094993591308594,19.128925323486328,19.902027130126953,20.76093864440918,26.33454704284668,31.86343002319336,29.43116569519043,25.96051788330078
3.2819058895111084,-0.09216953068971634,2.9260318279266357,8.643660545349121,13.127909660339355,9.071537017822266,3.5379080772399902,1.962186574935913,2.098116636276245,13.277792930603027,19.645977020263672,14.58969497680664,7.035500526428223,2.6412556171417236,5.311864852905273,5.695516586303711,0.6775304079055786,-2.75386643409729,-2.7953548431396484,-2.707742214202881,-2.5387160778045654,-2.767045259475708,-4.0510711669921875,-4.830469131469727,-5.9624762535095215,-5.2008376121521,-0.5951619148254395,8.939658164978027,9.086191177368164,0.28461015224456787,0.048301223665475845,3.372084379196167,6.673574924468994,14.216835975646973,20.899538040161133,18.09317398071289,19.107955932617188,21.772579193115234,21.03866958618164,28.926294326782227,33.51874923706055,29.471790313720703,27.10190200805664
5.173306465148926,0.8062456846237183,7.997113227844238,18.658658981323242,20.578933715820312,7.969532489776611,0.6913648247718811,7.086701393127441,11.250920295715332,14.941183090209961,22.42082977294922,31.750612258911133,18.37165641784668,4.199820518493652,0.6829179525375366,-2.6218316555023193,-3.666728973388672,-2.687307834625244,-3.1182196140289307,-4.261935710906982,-3.8175528049468994,-3.323531150817871,-2.5926101207733154,-6.077908515930176,-7.964114665985107,-4.3651275634765625,4.031179904937744,13.623106956481934,18.724361419677734,15.034843444824219,9.408955574035645,9.070228576660156,12.891094207763672,20.74420166015625,23.37285614013672,19.803831100463867,19.629779815673828,21.568126678466797,21.84317398071289,29.547101974487305,34.596717834472656,29.463834762573242,27.916683197021484
12.009248733520508,7.583470821380615,13.221477508544922,21.65235137939453,24.134641647338867,7.785373210906982,5.61787223815918,13.528966903686523,17.697208404541016,16.375133514404297,23.34760093688965,25.49541473388672,21.02544593811035,2.170443534851074,0.596191942691803,-0.7302184700965881,-2.1806087493896484,-0.854129433631897,-4.234809875488281,-5.247858047485352,-4.448636054992676,-4.659094333648682,-4.385106563568115,-4.713933944702148,-4.831424236297607,-5.045650005340576,-0.3227369487285614,8.690608978271484,18.286266326904297,28.54310417175293,20.387311935424805,14.032092094421387,22.134363174438477,30.759777069091797,26.6337833404541,23.194805145263672,23.468242645263672,23.347082138061523,21.47397232055664,28.65702247619629,37.261043548583984,33.750423431396484,29.797225952148438
18.755556106567383,19.355937957763672,25.453685760498047,30.646345138549805,30.3977108001709,11.53901481628418,8.49573802947998,15.248629570007324,19.28951072692871,21.477771759033203,25.407917022705078,28.70098114013672,30.761632919311523,8.872146606445312,4.609225749969482,7.400862216949463,4.316573619842529,-0.1794387400150299,-4.025444984436035,-5.911860942840576,-4.201291084289551,-7.933636665344238,-7.309367656707764,-5.3191046714782715,-4.261349201202393,-3.049741744995117,0.6977906227111816,5.799000263214111,14.95397663116455,22.48203468322754,28.24373435974121,24.052555084228516,28.394542694091797,31.256305694580078,23.724685668945312,25.37761688232422,25.53997230529785,21.514049530029297,20.182689666748047,29.057998657226562,38.906951904296875,42.4829216003418,36.72510528564453
20.132102966308594,21.617033004760742,25.431400299072266,29.58265495300293,29.81306266784668,18.565229415893555,14.949861526489258,17.464420318603516,20.615127563476562,25.01882553100586,27.597759246826172,28.47117805480957,21.633163452148438,6.434589862823486,4.255879878997803,10.255096435546875,11.634273529052734,4.851333141326904,-0.12352007627487183,-4.0491180419921875,-5.073486804962158,-10.42061710357666,-9.770254135131836,-8.147977828979492,-8.156416893005371,3.284027099609375,11.157605171203613,8.038063049316406,6.414693832397461,11.396821022033691,17.22966194152832,26.571012496948242,35.25210189819336,27.332738876342773,20.263015747070312,27.660432815551758,28.046140670776367,19.0482177734375,19.175764083862305,28.822168350219727,37.62334060668945,42.03618621826172,39.06221389770508
20.37095832824707,18.59321403503418,22.182069778442383,22.57866859436035,17.45908546447754,14.76871109008789,18.4727783203125,21.205041885375977,22.06862449645996,25.588651657104492,26.53420639038086,23.329660415649414,13.752823829650879,4.39097261428833,4.216915607452393,6.1428070068359375,10.013250350952148,9.15677261352539,9.003881454467773,0.7694076299667358,-0.7384534478187561,-0.9080900549888611,-3.2304537296295166,-8.932621955871582,-9.747476577758789,-1.6581171751022339,5.185267448425293,8.49736499786377,10.069706916809082,11.1580171585083,13.69805908203125,27.906522750854492,39.91196823120117,27.4274959564209,19.07745361328125,27.68110466003418,29.122154235839844,21.26128578186035,19.848039627075195,27.91832733154297,36.17694091796875,38.79231643676758,37.60732650756836
23.586620330810547,23.580120086669922,26.811506271362305,26.405996322631836,19.754907608032227,18.36488914489746,25.017969131469727,27.9299373626709,27.54389190673828,26.532649993896484,20.959659576416016,15.837069511413574,7.787784099578857,6.998222351074219,6.295022964477539,6.435719013214111,7.284316539764404,6.70529842376709,10.254350662231445,5.137876510620117,1.0842044353485107,-0.5324820280075073,1.428902268409729,-2.50677752494812,-6.260515213012695,0.8386392593383789,6.0272603034973145,11.744625091552734,21.021846771240234,22.14475440979004,20.804336547851562,31.84359359741211,37.29951477050781,32.918426513671875,31.478801727294922,33.34502410888672,28.76508903503418,22.163053512573242,20.396543502807617,25.437557220458984,30.38487434387207,33.82018280029297,37.14665985107422
34.16011428833008,31.639076232910156,32.332881927490234,35.066383361816406,27.29898452758789,21.045915603637695,23.964046478271484,24.045848846435547,19.770755767822266,16.60894012451172,9.089019775390625,2.373594284057617,0.9961411952972412,5.441157817840576,8.894786834716797,10.025369644165039,11.975703239440918,9.558484077453613,10.57103443145752,11.07683277130127,7.153280258178711,5.658628463745117,-0.19026125967502594,1.1303305625915527,2.915820360183716,6.945064544677734,10.552544593811035,17.02206039428711,26.758625030517578,25.794729232788086,25.865516662597656,31.866106033325195,33.232032775878906,30.83126449584961,34.420982360839844,32.25306701660156,20.60596466064453,16.18573760986328,18.02911376953125,21.114883422851562,27.748689651489258,34.84159851074219,37.67997360229492
34.15373992919922,35.354827880859375,36.619590759277344,39.74542236328125,35.28178024291992,25.875080108642578,22.57560157775879,23.2445125579834,19.321630477905273,11.106226921081543,4.787191390991211,3.0191121101379395,4.213123798370361,7.171581745147705,8.39366626739502,11.811331748962402,12.341047286987305,12.190834045410156,12.97091007232666,9.868125915527344,12.153130531311035,8.432977676391602,3.7836670875549316,0.2987562417984009,10.435088157653809,15.588813781738281,16.779573440551758,22.526039123535156,26.829408645629883,23.149425506591797,26.0814208984375,28.029926300048828,29.8316650390625,31.46048927307129,32.80877685546875,31.794498443603516,19.405485153198242,14.170787811279297,17.895923614501953,22.778154373168945,30.545215606689453,36.87974166870117,35.112083435058594
23.893535614013672,25.784564971923828,30.20757293701172,33.07173156738281,34.600563049316406,30.80198860168457,18.872169494628906,14.246652603149414,18.670650482177734,12.048020362854004,6.650634765625,8.56265926361084,12.221510887145996,13.910910606384277,14.689407348632812,12.818546295166016,12.98654556274414,12.183751106262207,10.48363971710205,11.16801929473877,16.325143814086914,8.098894119262695,5.686829090118408,5.32908296585083,9.430220603942871,13.118694305419922,15.587631225585938,22.19109344482422,27.685848236083984,19.13753890991211,14.427457809448242,20.33962631225586,27.08034324645996,30.578384399414062,33.54169845581055,28.291467666625977,19.633033752441406,16.889925003051758,20.77639389038086,26.28215789794922,32.481849670410156,36.49750900268555,34.65919876098633
33.13357162475586,35.46150207519531,38.23616027832031,39.76274871826172,35.29908752441406,31.381107330322266,27.871150970458984,19.578628540039062,16.234966278076172,18.894840240478516,13.936264038085938,12.619650840759277,15.599311828613281,18.682035446166992,17.637943267822266,5.668853282928467,4.473130226135254,7.182918548583984,12.76296615600586,14.65391731262207,9.596916198730469,3.3162295818328857,4.340635776519775,11.955487251281738,14.213480949401855,14.584378242492676,14.424477577209473,24.725414276123047,29.74041748046875,13.091062545776367,6.2647271156311035,14.86707878112793,23.633686065673828,27.93317985534668,32.30234909057617,27.277587890625,20.97402572631836,21.18431854248047,24.522016525268555,28.345191955566406,32.16680145263672,36.171749114990234,34.94511413574219
