data/wind_data/wind_19_6.json
{"header": {"parameterUnit": "KT", "parameterCategory": 2, "nx": 256, "ny": 198, "lo1": 44.73521041870117, "la1": -3.236724853515625, "lo2": 111.26478576660156, "la2": 43.468475341796875, "dx": 0.2609002888202667, "dy": -0.23708222806453705, "refTime": "2025-02-19 19:00:00", "forecastTime": 0, "parameterNumber": 2, "parameterNumberName": "eastward_wind"}, "data":
[rows 120 to 139 of 198, columns 180 to 224 of 256]
78.00847625732422,77.17269134521484,77.13957214355469,78.57759094238281,80.55766296386719,81.79537200927734,81.76808166503906,80.8262939453125,79.54756927490234,78.41976928710938,77.70903778076172,77.70111846923828,78.41526794433594,79.6223373413086,80.8375015258789,81.47647094726562,81.55187225341797,81.3979721069336,80.98902893066406,80.33252716064453,79.90985107421875,79.43038177490234,78.69953918457031,78.74525451660156,79.03862762451172,79.19981384277344,78.93037414550781,77.6738510131836,77.43485260009766,78.85081481933594,79.84712982177734,79.03564453125,77.10568237304688,78.62861633300781,82.7377700805664,82.72994995117188,80.12020111083984,80.11585235595703,81.99629211425781,83.79021453857422,84.37443542480469,84.12950134277344,84.71166229248047,85.17998504638672,84.37940216064453
78.86489868164062,78.46224212646484,78.8519287109375,79.9552001953125,80.74283599853516,81.08597564697266,81.21049499511719,80.95850372314453,80.16976928710938,78.79718780517578,77.50204467773438,77.15599822998047,77.75341033935547,78.70677185058594,79.32017517089844,78.93217468261719,77.75328063964844,76.97587585449219,76.70072937011719,76.27787780761719,76.19941711425781,76.2663803100586,75.95042419433594,76.19766235351562,77.17142486572266,78.0752944946289,77.92861938476562,76.73271179199219,76.2207260131836,77.60653686523438,79.0538330078125,78.0296859741211,75.94793701171875,77.5958480834961,81.32038879394531,81.94223022460938,79.54066467285156,78.3921890258789,79.77632141113281,81.62488555908203,82.56452941894531,83.06976318359375,83.77050018310547,84.08821105957031,83.78913879394531
77.5471420288086,78.35826110839844,79.54440307617188,80.23152923583984,79.6943130493164,79.57259368896484,79.88155364990234,79.92186737060547,79.71537780761719,78.40559387207031,76.73574829101562,76.37783813476562,76.83153533935547,76.73563385009766,75.74850463867188,74.5100326538086,73.6222915649414,73.51667785644531,73.57522583007812,73.35786437988281,73.13186645507812,73.03846740722656,73.21337890625,73.951171875,75.51136779785156,76.72480010986328,76.87440490722656,76.20964050292969,75.57595825195312,76.677001953125,77.9655990600586,76.32948303222656,74.251953125,75.55747985839844,78.45378112792969,80.4374008178711,79.73834991455078,77.1787338256836,75.66719055175781,78.20430755615234,81.93062591552734,83.02923583984375,82.63148498535156,82.55701446533203,82.80354309082031
76.88381958007812,78.60787200927734,79.55225372314453,78.97340393066406,78.02192687988281,78.13837432861328,78.60481262207031,78.62028503417969,77.84567260742188,76.43476867675781,75.481201171875,75.3686294555664,75.02233123779297,73.69598388671875,72.04625701904297,71.1166000366211,70.97148132324219,71.25848388671875,71.19718170166016,70.44840240478516,69.72991180419922,69.80423736572266,70.53184509277344,71.96403503417969,73.70074462890625,74.6501693725586,75.31277465820312,75.39707946777344,74.75904846191406,75.94593811035156,77.67955780029297,75.87953186035156,73.1164779663086,73.87027740478516,75.74415588378906,77.5306625366211,78.42831420898438,75.48716735839844,71.39379119873047,74.9157485961914,81.75944519042969,83.60913848876953,81.8487319946289,80.4295654296875,80.60071563720703
76.58050537109375,77.79293060302734,78.54548645019531,77.34596252441406,76.68659973144531,77.9150390625,78.34242248535156,77.72903442382812,76.1231918334961,74.39257049560547,73.29662322998047,72.3990249633789,71.30233764648438,70.04946899414062,68.76698303222656,67.90515899658203,67.79611206054688,67.74646759033203,67.87265014648438,68.38013458251953,68.22947692871094,67.70761108398438,68.42201232910156,69.4564437866211,69.52445983886719,70.143798828125,71.59320831298828,71.38394927978516,70.42583465576172,72.29339599609375,75.49324035644531,75.12004852294922,72.01931762695312,71.95972442626953,73.54277038574219,74.7752685546875,75.45561981201172,72.50636291503906,68.78924560546875,72.8222427368164,80.0207290649414,82.7062759399414,80.9717025756836,78.62229919433594,77.95364379882812
75.92715454101562,77.38286590576172,78.71102905273438,78.41104125976562,77.99068450927734,78.5673828125,78.24110412597656,76.61048126220703,74.63593292236328,72.43130493164062,69.9428939819336,67.90337371826172,66.6872329711914,65.70655822753906,64.33161926269531,63.37846755981445,63.504241943359375,63.93437194824219,64.42418670654297,65.87124633789062,66.99197387695312,66.5432357788086,66.70963287353516,66.47067260742188,64.91637420654297,66.72776794433594,68.49161529541016,66.62101745605469,65.36132049560547,67.64301300048828,71.59539031982422,73.31886291503906,70.55419158935547,68.58222198486328,69.95879364013672,71.84901428222656,72.01593780517578,68.97010040283203,66.57643127441406,70.69390106201172,76.32886505126953,78.91617584228516,78.77536010742188,77.10633850097656,75.41817474365234
76.94050598144531,78.5601806640625,79.84020233154297,79.93871307373047,79.583984375,78.93209075927734,77.42794036865234,75.0774154663086,72.35015869140625,68.95645141601562,65.77880096435547,63.87945556640625,63.0842170715332,62.24407958984375,60.623653411865234,59.6282958984375,60.12904739379883,61.00053787231445,61.19995880126953,61.859317779541016,62.48444366455078,62.949440002441406,64.59970092773438,63.521080017089844,62.01101303100586,66.94445037841797,68.47107696533203,64.43521881103516,62.56327819824219,65.04688262939453,68.6357650756836,70.96654510498047,68.47180938720703,64.55612182617188,64.6703109741211,67.5359878540039,69.05147552490234,66.98265075683594,65.16685485839844,67.90007019042969,71.25698852539062,73.81727600097656,75.87834930419922,75.41803741455078,73.85060119628906
78.0731430053711,79.50199890136719,79.87862396240234,79.40837860107422,78.6008529663086,77.63204956054688,75.6335220336914,72.26910400390625,68.53325653076172,65.07268524169922,62.4443473815918,61.069576263427734,60.72294998168945,60.081844329833984,58.38763427734375,57.13267517089844,57.2852668762207,57.639251708984375,57.721065521240234,58.054134368896484,57.78247833251953,58.67428970336914,62.80374526977539,64.99320983886719,63.73799133300781,64.74504852294922,65.20015716552734,62.18477249145508,60.77539825439453,63.36709213256836,66.37454223632812,68.29389953613281,66.12556457519531,61.21076583862305,59.68852615356445,62.69880676269531,66.27291107177734,66.01414489746094,63.46063995361328,63.488075256347656,66.54421997070312,70.34243774414062,73.35258483886719,74.26346588134766,74.55669403076172
77.49752807617188,78.04712677001953,78.26898956298828,77.5714111328125,76.07322692871094,74.1006088256836,70.66838836669922,66.337890625,63.98184585571289,62.46651840209961,60.175254821777344,58.51231384277344,58.017784118652344,57.65618133544922,56.16691589355469,54.77168655395508,54.91053771972656,55.47348403930664,56.72024154663086,56.6007080078125,55.24374771118164,57.800933837890625,63.572349548339844,66.45865631103516,64.19566345214844,60.38994598388672,58.95993423461914,60.05060577392578,61.015445709228516,62.364540100097656,64.05616760253906,65.59564971923828,64.57707214355469,59.892189025878906,57.04317855834961,59.38484191894531,64.03321075439453,65.96429443359375,62.10020446777344,59.137367248535156,64.41752624511719,69.9551010131836,72.14501190185547,72.65470123291016,72.97872924804688
75.08518981933594,74.55927276611328,74.48646545410156,73.54645538330078,70.82442474365234,66.4116439819336,62.194305419921875,59.72013854980469,59.79314422607422,60.43197250366211,58.12980270385742,55.5468635559082,54.70578384399414,54.650814056396484,54.16427230834961,53.332908630371094,52.881858825683594,53.370811462402344,55.79490661621094,56.04314422607422,54.25225830078125,58.46392822265625,64.29552459716797,64.99351501464844,61.32753372192383,55.67824172973633,53.985389709472656,58.326683044433594,61.94916915893555,63.39023971557617,64.08477783203125,64.5003433227539,64.07117462158203,60.265689849853516,56.39030075073242,57.73328399658203,63.2619743347168,66.23645782470703,61.45247268676758,59.35002517700195,64.21283721923828,67.9658203125,69.48600006103516,69.59104919433594,69.60230255126953
70.23170471191406,69.07713317871094,68.08924102783203,66.6158447265625,63.763336181640625,60.07898712158203,57.58720397949219,56.51395034790039,56.190914154052734,56.68550491333008,55.18547821044922,52.429710388183594,51.39192581176758,52.6661376953125,54.6285400390625,55.26618194580078,53.87932586669922,54.08659362792969,57.584136962890625,58.213958740234375,55.874969482421875,58.64299011230469,63.124332427978516,62.64033889770508,57.64628219604492,52.918155670166016,53.38127899169922,57.387638092041016,60.859840393066406,63.15007781982422,64.38754272460938,64.61636352539062,64.45591735839844,61.74378967285156,56.78715896606445,56.60669708251953,63.067012786865234,66.88597106933594,61.66667556762695,59.09218215942383,61.706878662109375,63.997825622558594,65.72325897216797,66.68202209472656,67.39725494384766
63.32179260253906,62.71394729614258,61.81679916381836,60.923126220703125,59.745731353759766,58.72111511230469,57.947113037109375,56.61858367919922,54.58291244506836,53.88481140136719,54.650360107421875,54.45199203491211,54.27907943725586,55.406673431396484,57.080299377441406,57.755699157714844,56.55671691894531,56.47731399536133,59.292137145996094,58.61415100097656,55.93083190917969,59.525306701660156,62.65000915527344,60.14549255371094,55.227962493896484,53.005165100097656,54.333763122558594,57.05558776855469,59.61433410644531,61.680763244628906,63.28825378417969,63.73112487792969,63.916664123535156,62.01241683959961,57.082908630371094,56.147525787353516,62.1155891418457,65.90716552734375,60.98278045654297,58.54698944091797,60.2830810546875,61.11991882324219,62.47935485839844,63.964202880859375,64.91353607177734
56.03589630126953,58.1474494934082,59.86026382446289,60.49160385131836,60.073448181152344,59.04620361328125,57.94044494628906,57.003868103027344,56.22749710083008,55.954097747802734,56.878997802734375,57.96979904174805,58.46125793457031,59.050743103027344,59.322269439697266,59.04592514038086,58.10105514526367,57.577735900878906,59.375457763671875,58.39249038696289,56.80622100830078,60.054325103759766,61.77461242675781,58.91521072387695,56.035335540771484,55.83500289916992,56.48125076293945,57.37265396118164,59.19868850708008,61.208595275878906,62.211734771728516,62.374698638916016,62.561100006103516,60.94382095336914,57.674476623535156,57.30113983154297,60.392906188964844,62.32919692993164,59.030582427978516,58.24207305908203,60.66498947143555,60.65188980102539,60.56535720825195,61.40236282348633,62.672306060791016
56.18684768676758,57.66865158081055,58.582679748535156,58.595977783203125,57.923404693603516,56.84107208251953,56.29939270019531,56.8940544128418,57.72074890136719,58.203407287597656,58.66351318359375,59.40034484863281,60.13786697387695,60.616268157958984,60.601402282714844,60.188358306884766,59.320037841796875,58.31783676147461,59.344486236572266,59.582881927490234,58.123504638671875,58.80683517456055,59.7154655456543,59.01490020751953,58.96819305419922,59.038089752197266,58.17766189575195,57.76414489746094,58.959861755371094,60.79364013671875,61.481815338134766,61.06586837768555,60.660484313964844,59.0257453918457,57.520931243896484,57.935791015625,59.64859390258789,60.63984298706055,59.13572692871094,58.96974182128906,60.4931755065918,60.79795455932617,60.641963958740234,60.98238754272461,61.81346130371094
55.186927795410156,56.591251373291016,57.157798767089844,56.667057037353516,55.74956512451172,55.47385787963867,55.99452590942383,57.054046630859375,58.4145622253418,59.411861419677734,59.55924606323242,59.471778869628906,59.78789520263672,60.25794982910156,60.51371383666992,60.24358367919922,59.022769927978516,57.885921478271484,59.31895065307617,60.938385009765625,59.64448165893555,57.130210876464844,56.88088607788086,58.79820251464844,60.676246643066406,60.22050476074219,57.8513069152832,57.06415557861328,58.63581085205078,60.67959976196289,61.32773208618164,60.1237678527832,59.22648620605469,58.43895721435547,56.9790153503418,57.329647064208984,59.58269119262695,60.97242736816406,61.14358901977539,61.03126525878906,60.63554000854492,60.652015686035156,60.968502044677734,61.11262130737305,61.47090148925781
53.683834075927734,54.72911071777344,55.90834426879883,56.61561584472656,56.9245719909668,57.66923522949219,59.127227783203125,60.479736328125,61.087406158447266,61.015567779541016,60.353492736816406,59.868980407714844,60.11178970336914,60.26817321777344,60.17194366455078,60.05367660522461,58.99761962890625,58.36814498901367,59.760337829589844,61.359962463378906,60.029815673828125,56.94639205932617,56.4060173034668,58.00675964355469,58.91033172607422,58.03554916381836,56.32654571533203,56.27408981323242,57.67700958251953,58.9708137512207,59.13533401489258,57.771427154541016,57.39704132080078,57.10806655883789,55.604488372802734,56.487274169921875,59.0579948425293,60.034854888916016,60.66238784790039,61.37436294555664,61.11033630371094,60.55648422241211,60.38154983520508,60.27159118652344,60.31476593017578
56.70706558227539,57.38692092895508,57.772377014160156,58.18275451660156,59.183143615722656,60.67057800292969,62.132781982421875,63.01450729370117,62.587127685546875,61.36521911621094,60.30461883544922,59.94512176513672,60.230201721191406,59.8765869140625,59.020179748535156,59.34508514404297,59.91775894165039,59.98076629638672,60.12982940673828,59.875335693359375,58.43212890625,56.221981048583984,55.45152282714844,55.66815948486328,55.733154296875,55.21506118774414,55.144317626953125,56.55817413330078,58.30168533325195,58.669925689697266,57.77369689941406,55.65374755859375,54.731597900390625,54.102210998535156,53.00371551513672,55.233577728271484,58.138999938964844,56.35410690307617,55.05523681640625,57.1047477722168,58.82307815551758,59.089111328125,57.992393493652344,57.019805908203125,56.697105407714844
58.763267517089844,59.67226791381836,60.5432243347168,61.75347900390625,63.209957122802734,64.01670837402344,64.0871810913086,63.66632080078125,62.43748092651367,60.981239318847656,59.86319351196289,58.95650863647461,58.52415466308594,58.36379623413086,58.48842239379883,59.785003662109375,60.86272430419922,60.27969741821289,58.798187255859375,57.3807258605957,56.11942672729492,54.98330307006836,54.86457443237305,55.52419662475586,55.14573287963867,53.89789581298828,54.71033477783203,56.803924560546875,58.8525276184082,59.706295013427734,59.83967208862305,57.67096710205078,55.08940887451172,53.568328857421875,52.28681945800781,54.081783294677734,56.1904411315918,52.62162399291992,50.092857360839844,52.9359016418457,55.54533767700195,55.8539924621582,53.44444274902344,51.90201187133789,53.29107666015625
59.509246826171875,61.6125373840332,63.37725830078125,64.9725112915039,65.29080200195312,63.8668212890625,62.06801223754883,61.01313018798828,60.47599792480469,59.903106689453125,59.0390739440918,58.03257751464844,57.91337585449219,59.08602523803711,60.14934158325195,60.566043853759766,59.96622085571289,58.188377380371094,55.941646575927734,54.28493118286133,53.61491394042969,54.22431564331055,55.25357437133789,55.51674270629883,55.16413497924805,55.46889877319336,55.885196685791016,55.110145568847656,55.55968475341797,57.41987991333008,59.72903823852539,59.51974868774414,57.310142517089844,55.27886199951172,53.892356872558594,54.90714645385742,55.653350830078125,51.23004913330078,49.110877990722656,51.97616195678711,54.1233024597168,53.35988998413086,50.231937408447266,48.74610137939453,51.13227462768555
59.114559173583984,60.40276336669922,61.471824645996094,61.96046829223633,60.845882415771484,59.60358428955078,59.285308837890625,59.94121551513672,60.93502426147461,61.471824645996094,61.259830474853516,60.374794006347656,59.50092315673828,59.564857482910156,59.73151779174805,58.433738708496094,56.14567184448242,54.301979064941406,52.40595626831055,50.660160064697266,50.18935012817383,51.440372467041016,52.866455078125,53.75818634033203,54.94987869262695,56.86290740966797,57.61098861694336,56.74446487426758,55.788631439208984,55.8900032043457,55.87506866455078,55.98353576660156,56.67612838745117,54.49176788330078,52.18917465209961,53.081905364990234,53.803863525390625,50.79717254638672,49.54404067993164,52.04436492919922,53.50410842895508,51.47718048095703,48.89452362060547,48.236209869384766,49.39484405517578
