data/wind_data/wind_29_9.json
{"header": {"parameterUnit": "KT", "parameterCategory": 2, "nx": 256, "ny": 198, "lo1": 44.73521041870117, "la1": -3.236724853515625, "lo2": 111.26478576660156, "la2": 43.468475341796875, "dx": 0.2609002888202667, "dy": -0.23708222806453705, "refTime": "2025-02-20 05:00:00", "forecastTime": 0, "parameterNumber": 2, "parameterNumberName": "eastward_wind"}, "data":
[rows 76 to 94 of 198, columns 172 to 214 of 256]
0.22594626247882843,0.8794198036193848,1.4226272106170654,1.3924283981323242,0.829584538936615,0.3405453860759735,0.3503250777721405,0.6852278113365173,0.946516752243042,1.0033118724822998,1.001402497291565,1.1339836120605469,1.2155662775039673,0.844066858291626,-0.031548235565423965,-0.9293315410614014,-1.472731113433838,-1.8967914581298828,-2.5502700805664062,-3.2320475578308105,-3.353475332260132,-2.5597832202911377,-1.3861961364746094,-1.0633108615875244,-2.371614694595337,-4.416075229644775,-5.279170513153076,-4.096714496612549,-1.9552892446517944,-0.8836027383804321,-1.9089733362197876,-4.380073070526123,-6.700647354125977,-7.200992107391357,-5.413078308105469,-2.5032360553741455,-0.9248631596565247,-1.5308698415756226,-2.3004655838012695,-2.585106611251831,-2.8547441959381104,-2.896078109741211,-2.315345525741577
-0.7155112624168396,-0.1321197897195816,0.5058233737945557,0.7564873695373535,0.47705328464508057,0.0868886187672615,0.09288617223501205,0.4871308505535126,0.8311084508895874,0.8122839331626892,0.5542436838150024,0.4277993142604828,0.5070251226425171,0.3466065227985382,-0.39910104870796204,-1.4443795680999756,-2.2753312587738037,-2.8306467533111572,-3.4830849170684814,-4.325858116149902,-4.670687675476074,-3.907113790512085,-2.484769582748413,-1.6311302185058594,-2.3056724071502686,-4.05640172958374,-5.115729331970215,-4.063830852508545,-1.712196707725525,-0.5312516093254089,-1.6954448223114014,-3.926478147506714,-5.968440055847168,-6.8067731857299805,-5.987476825714111,-3.800812005996704,-1.4690793752670288,-0.8580982685089111,-1.2649824619293213,-2.023973226547241,-3.001929998397827,-3.639335870742798,-3.4619529247283936
-1.1934078931808472,-0.8614774942398071,-0.3254418969154358,0.07592069357633591,0.04153300076723099,-0.260760635137558,-0.3630701005458832,-0.051544900983572006,0.3534281849861145,0.42669934034347534,0.0922342985868454,-0.3041531443595886,-0.4721885323524475,-0.6101731657981873,-1.0978868007659912,-1.902820348739624,-2.5767157077789307,-3.0171542167663574,-3.698714256286621,-4.778841018676758,-5.438188552856445,-4.901552200317383,-3.416551113128662,-2.2451844215393066,-2.5117814540863037,-3.9383938312530518,-4.99660062789917,-4.068459987640381,-1.5378440618515015,-0.2712953984737396,-1.4768519401550293,-3.323143482208252,-5.028645992279053,-6.070026874542236,-6.045440673828125,-4.811323642730713,-2.463064432144165,-0.8892673254013062,-0.727944552898407,-1.3505158424377441,-2.4562594890594482,-3.5638504028320312,-3.9884114265441895
-1.2938549518585205,-1.2510806322097778,-0.9235570430755615,-0.4872564971446991,-0.3553852438926697,-0.6103088855743408,-0.903779923915863,-0.8553138375282288,-0.4881846010684967,-0.18746699392795563,-0.31270816922187805,-0.8315617442131042,-1.3690093755722046,-1.7060824632644653,-1.96504807472229,-2.216315507888794,-2.274759531021118,-2.317180633544922,-3.003401041030884,-4.262474060058594,-5.19003963470459,-5.1404805183410645,-4.062672138214111,-2.9465723037719727,-3.0082719326019287,-4.195611000061035,-5.105729579925537,-4.139036178588867,-1.348472237586975,0.14540670812129974,-1.025346279144287,-2.665126085281372,-4.0032877922058105,-5.050014972686768,-5.502374172210693,-5.075950622558594,-3.3913509845733643,-1.6053786277770996,-0.9392572045326233,-1.0171912908554077,-1.6561921834945679,-2.769000768661499,-3.622790575027466
-1.3140015602111816,-1.2832623720169067,-1.1018940210342407,-0.8372616767883301,-0.7409141063690186,-0.9389182925224304,-1.235215187072754,-1.2652348279953003,-0.9254469871520996,-0.5242209434509277,-0.5357128381729126,-1.118377447128296,-1.9258397817611694,-2.478924036026001,-2.638451099395752,-2.4192328453063965,-1.8178576231002808,-1.470024585723877,-2.1594245433807373,-3.3599140644073486,-4.305089950561523,-4.715891361236572,-4.299881935119629,-3.532233715057373,-3.6008970737457275,-4.565110683441162,-5.3803391456604,-4.3605217933654785,-1.1441386938095093,0.8664437532424927,-0.2720821797847748,-2.086050033569336,-3.3623125553131104,-4.147110462188721,-4.3870391845703125,-4.583089828491211,-4.164065837860107,-2.980891466140747,-2.0099151134490967,-1.305331826210022,-1.183344841003418,-1.9616042375564575,-2.7278943061828613
-1.5600357055664062,-1.23207688331604,-1.0107110738754272,-0.9803488254547119,-1.0234125852584839,-1.094385027885437,-1.1522643566131592,-1.01677668094635,-0.6373957991600037,-0.31971630454063416,-0.49104583263397217,-1.2705632448196411,-2.252568006515503,-2.922832727432251,-3.0462563037872314,-2.5409727096557617,-1.5733215808868408,-1.250138759613037,-2.1015865802764893,-3.108689785003662,-3.784106731414795,-4.256121635437012,-4.24586296081543,-3.9416449069976807,-4.03784704208374,-4.973357200622559,-5.902385234832764,-4.833485126495361,-1.1669707298278809,1.5651609897613525,0.5233837366104126,-1.7222269773483276,-3.1975133419036865,-3.683650255203247,-3.3879380226135254,-3.689710855484009,-4.492077827453613,-4.397750377655029,-3.37052845954895,-2.078728199005127,-1.2818191051483154,-1.3575806617736816,-1.7473276853561401
-1.9170022010803223,-1.2769125699996948,-0.9196476340293884,-0.9805242419242859,-1.0356247425079346,-0.8914122581481934,-0.667939305305481,-0.40008655190467834,-0.10499252378940582,-0.004695502575486898,-0.40882164239883423,-1.3857470750808716,-2.5214922428131104,-3.256340980529785,-3.2944135665893555,-2.5798537731170654,-1.7096538543701172,-1.9253302812576294,-3.0157716274261475,-3.799323558807373,-4.1935834884643555,-4.455269813537598,-4.361137390136719,-4.273677825927734,-4.589859962463379,-5.486353397369385,-6.333022117614746,-5.403504848480225,-1.828407645225525,1.6354117393493652,1.2896841764450073,-1.4462498426437378,-3.3456194400787354,-3.7324488162994385,-3.0069761276245117,-2.7826952934265137,-4.057127952575684,-4.913183212280273,-4.281693458557129,-2.881351947784424,-1.4979007244110107,-1.185234785079956,-1.5578314065933228
-1.8278919458389282,-1.1027140617370605,-0.7612013220787048,-0.8207824230194092,-0.740565299987793,-0.37838971614837646,-0.02111148089170456,0.16031737625598907,0.15560293197631836,-0.05982283130288124,-0.6080437302589417,-1.608864665031433,-2.7733259201049805,-3.443307638168335,-3.2170653343200684,-2.3936479091644287,-2.1471951007843018,-3.109497547149658,-4.294486999511719,-4.999302864074707,-5.368824005126953,-5.349353790283203,-4.925907135009766,-4.765781879425049,-5.1706037521362305,-5.958126544952393,-6.5669169425964355,-5.975358486175537,-2.953676462173462,1.0051828622817993,1.8559184074401855,-0.8291363716125488,-3.206695795059204,-3.9258105754852295,-3.4511706829071045,-2.830392837524414,-3.5195298194885254,-4.546851634979248,-4.649526119232178,-3.4835779666900635,-2.124218225479126,-1.9367907047271729,-2.270517349243164
-1.1107966899871826,-0.457203209400177,-0.3147576153278351,-0.4050070643424988,-0.18934834003448486,0.2922011613845825,0.6156642436981201,0.5483705401420593,0.1492948681116104,-0.3989177942276001,-1.0892996788024902,-2.066215753555298,-3.057952404022217,-3.277566909790039,-2.525447368621826,-1.8241055011749268,-2.4471724033355713,-3.865274667739868,-5.025606155395508,-6.011200904846191,-6.655430316925049,-6.41349458694458,-5.7258429527282715,-5.3054399490356445,-5.520993232727051,-6.126481533050537,-6.59788703918457,-6.339655876159668,-3.9668164253234863,0.11954345554113388,2.1537535190582275,-0.005575431976467371,-2.815429449081421,-4.124539852142334,-4.348331928253174,-3.799664258956909,-3.5437872409820557,-4.128209590911865,-4.8075127601623535,-4.534376621246338,-3.5377042293548584,-3.283242702484131,-3.490830183029175
-0.24793937802314758,0.37172991037368774,0.33963608741760254,0.1795537918806076,0.39384976029396057,0.8156930208206177,1.0859147310256958,0.9407692551612854,0.35469546914100647,-0.48240938782691956,-1.4880260229110718,-2.6246531009674072,-3.3078267574310303,-2.778965711593628,-1.5445101261138916,-1.178513526916504,-2.210226535797119,-3.46806263923645,-4.751319408416748,-6.390467643737793,-7.376153945922852,-7.0488691329956055,-6.2494282722473145,-5.6647233963012695,-5.708802700042725,-6.105287551879883,-6.348993301391602,-6.177516460418701,-4.436416149139404,-0.6936219930648804,1.993842601776123,0.5792309045791626,-2.2150826454162598,-3.966294765472412,-4.715723991394043,-4.5630998611450195,-3.906687021255493,-4.10908842086792,-5.051383018493652,-5.680302619934082,-5.477159023284912,-5.154300212860107,-4.798912048339844
0.22874782979488373,0.8982320427894592,0.8709658980369568,0.6359392404556274,0.6423531770706177,0.8987175822257996,1.1788296699523926,1.2446489334106445,0.8886052370071411,0.019976269453763962,-1.3587384223937988,-2.7984869480133057,-3.220074415206909,-2.1839969158172607,-0.9806867241859436,-0.8745327591896057,-1.5436265468597412,-2.299402952194214,-3.7654433250427246,-5.95859432220459,-7.123075485229492,-6.927574634552002,-6.3012471199035645,-5.924556255340576,-5.952028274536133,-6.043484687805176,-5.868725776672363,-5.62411642074585,-4.545106410980225,-1.4508084058761597,1.4464232921600342,0.8976700305938721,-1.6010380983352661,-3.261657476425171,-3.939466714859009,-4.274828910827637,-4.227909088134766,-4.47310209274292,-5.373459339141846,-6.268120288848877,-6.68038272857666,-6.578920364379883,-5.7812323570251465
0.17441138625144958,0.9022108316421509,0.9793134927749634,0.6689072847366333,0.41248318552970886,0.48918676376342773,0.9345901012420654,1.386759877204895,1.4248647689819336,0.7401575446128845,-0.763737142086029,-2.291182279586792,-2.5149896144866943,-1.6126755475997925,-1.0021827220916748,-0.9441004395484924,-0.8989488482475281,-1.1440179347991943,-2.537642240524292,-4.803513526916504,-6.1064887046813965,-6.314021587371826,-6.072751998901367,-6.009994029998779,-6.129680156707764,-6.020657539367676,-5.514556884765625,-5.152979373931885,-4.613803386688232,-2.15432071685791,0.9557747840881348,1.045104742050171,-0.8663877248764038,-2.28828501701355,-2.7336244583129883,-3.2563369274139404,-4.033302307128906,-4.646077632904053,-5.431158065795898,-6.215246200561523,-6.595324516296387,-6.575563430786133,-5.848033428192139
-0.13963943719863892,0.6222581267356873,0.7508727312088013,0.3280935287475586,-0.08762092143297195,-0.07829781621694565,0.5467237830162048,1.3820351362228394,1.748336911201477,1.1940281391143799,-0.25446170568466187,-1.4653902053833008,-1.3578647375106812,-0.8962663412094116,-1.0521314144134521,-1.0775009393692017,-0.6150422096252441,-0.47259071469306946,-1.4467339515686035,-3.4633381366729736,-5.034008502960205,-5.717842102050781,-5.7363810539245605,-5.813085079193115,-6.088537216186523,-6.065411567687988,-5.452471733093262,-4.9586944580078125,-4.772556781768799,-2.964674949645996,0.5997337698936462,1.340226173400879,0.018941305577754974,-1.391410231590271,-1.7369463443756104,-2.0944066047668457,-3.263643503189087,-4.316875457763672,-5.290987491607666,-6.09026575088501,-6.047738075256348,-5.4649505615234375,-4.938542366027832
-0.2445528358221054,0.6013672351837158,0.7605706453323364,0.10767942667007446,-0.5066876411437988,-0.5159281492233276,0.17884448170661926,1.1054154634475708,1.5807660818099976,1.1388243436813354,-0.12280384451150894,-0.8550620675086975,-0.3404560387134552,-0.04789328947663307,-0.6261721253395081,-0.9387878775596619,-0.6538522839546204,-0.45817339420318604,-0.8889220356941223,-2.3595478534698486,-4.0998969078063965,-5.209042549133301,-5.391587257385254,-5.430633068084717,-5.8271918296813965,-6.129103183746338,-5.612499713897705,-4.953259468078613,-4.877477645874023,-3.745725154876709,0.20731303095817566,1.8375269174575806,0.7754656076431274,-0.8195032477378845,-1.3450326919555664,-1.2492780685424805,-2.2991864681243896,-3.8721015453338623,-5.259069442749023,-6.115669250488281,-5.586544036865234,-4.308017730712891,-3.54661226272583
0.15647633373737335,1.1488418579101562,1.361684799194336,0.3358224630355835,-0.6171424984931946,-0.7124700546264648,-0.14085723459720612,0.46401306986808777,0.7390515208244324,0.43286627531051636,-0.40539079904556274,-0.6450280547142029,0.12658898532390594,0.48737144470214844,-0.15502285957336426,-0.765448808670044,-0.8868704438209534,-0.9312453269958496,-1.0923513174057007,-1.7787951231002808,-3.1164448261260986,-4.405018329620361,-4.961945533752441,-5.019703388214111,-5.451533794403076,-6.1170501708984375,-5.881623268127441,-5.056148529052734,-4.7971510887146,-4.16296911239624,-0.420009046792984,2.1063880920410156,1.174513339996338,-0.6988875269889832,-1.7035189867019653,-1.155821442604065,-1.498045802116394,-3.5811901092529297,-5.488020420074463,-6.289421081542969,-5.526858329772949,-3.9067602157592773,-2.726229667663574
1.034234881401062,2.237497568130493,2.248335361480713,0.6566659808158875,-0.6046662330627441,-0.5983080863952637,-0.16558398306369781,-0.172909215092659,-0.3555757403373718,-0.602065920829773,-0.9761105179786682,-0.7489728331565857,0.16677024960517883,0.423189252614975,-0.37558385729789734,-1.107631802558899,-1.3304548263549805,-1.5084692239761353,-1.7368247509002686,-1.8628543615341187,-2.3665997982025146,-3.3598456382751465,-4.260091781616211,-4.670882701873779,-5.235469818115234,-6.132769584655762,-6.134610176086426,-5.250171661376953,-4.708250999450684,-4.41654109954834,-1.5683690309524536,1.662638783454895,1.1601905822753906,-0.9222114682197571,-2.650857448577881,-2.026137351989746,-1.2672845125198364,-2.9964706897735596,-5.424091815948486,-6.581255912780762,-6.185969829559326,-4.894333839416504,-3.5722479820251465
2.0175881385803223,3.569725275039673,3.0197229385375977,0.6049290895462036,-0.8843687772750854,-0.4991459548473358,0.09105193614959717,-0.3150408864021301,-0.9448935985565186,-1.321254014968872,-1.4803320169448853,-0.9229642152786255,0.03211257606744766,-0.1142442598938942,-1.2660635709762573,-2.004702091217041,-2.0081470012664795,-2.0050926208496094,-2.267367362976074,-2.3163793087005615,-2.2854764461517334,-2.702211856842041,-3.5854005813598633,-4.428145408630371,-5.212612152099609,-6.057561874389648,-6.187236309051514,-5.539699554443359,-5.031938552856445,-5.014504909515381,-3.3037805557250977,0.12542906403541565,0.8412551879882812,-0.9760646224021912,-3.04260516166687,-3.3034322261810303,-2.254230260848999,-2.3645308017730713,-4.337107181549072,-6.280336380004883,-7.2190046310424805,-7.000190734863281,-5.679286003112793
2.6123595237731934,4.521873950958252,3.447528839111328,0.35409197211265564,-1.3979077339172363,-0.8613538146018982,-0.09054873883724213,-0.3512697219848633,-0.9642317891120911,-1.525342583656311,-1.8954360485076904,-1.3149579763412476,-0.37144771218299866,-0.9038916826248169,-2.343747138977051,-2.9271912574768066,-2.613800525665283,-2.407554864883423,-2.7062883377075195,-2.918154716491699,-2.8654072284698486,-2.935910701751709,-3.3971199989318848,-4.133838653564453,-4.978519916534424,-5.77316427230835,-6.1027607917785645,-5.964705467224121,-5.870240211486816,-6.02618408203125,-5.115281105041504,-2.1439895629882812,0.10808995366096497,-0.616568922996521,-2.204453229904175,-3.668989419937134,-3.725909948348999,-2.83131742477417,-2.9958364963531494,-5.002840995788574,-7.3103928565979,-8.56653118133545,-7.930376052856445
2.656141996383667,4.421560287475586,3.153916358947754,0.2781362533569336,-1.407241940498352,-1.250171422958374,-0.8514249920845032,-0.9467849731445312,-1.2080049514770508,-1.7851548194885254,-2.5769104957580566,-2.342984437942505,-1.4338629245758057,-1.964362621307373,-3.380415678024292,-3.740910530090332,-3.0141139030456543,-2.602436065673828,-3.176670551300049,-3.8012616634368896,-4.015391826629639,-3.976154088973999,-3.7717819213867188,-3.785299062728882,-4.357905864715576,-5.176461219787598,-5.771154403686523,-6.181243419647217,-6.696195602416992,-7.066252708435059,-6.415464401245117,-4.007096767425537,-1.086288332939148,-0.31244051456451416,-1.2142091989517212,-2.789794445037842,-4.049637317657471,-3.9572699069976807,-3.098919630050659,-3.7935104370117188,-5.982872486114502,-8.060757637023926,-8.68335247039795
