data/wind_data/wind_10_7.json
{"header": {"parameterUnit": "KT", "parameterCategory": 2, "nx": 256, "ny": 198, "lo1": 44.73521041870117, "la1": -3.236724853515625, "lo2": 111.26478576660156, "la2": 43.468475341796875, "dx": 0.2609002888202667, "dy": -0.23708222806453705, "refTime": "2025-02-19 10:00:00", "forecastTime": 0, "parameterNumber": 2, "parameterNumberName": "eastward_wind"}, "data":
[rows 0 to 19 of 198, columns 0 to 43 of 256]
-3.355602741241455,-3.8829398155212402,-4.179449081420898,-4.212255954742432,-4.109364986419678,-3.9616262912750244,-4.680184364318848,-5.999429225921631,-7.142360687255859,-8.317360877990723,-9.782144546508789,-11.394194602966309,-13.253750801086426,-14.596368789672852,-14.158117294311523,-13.691277503967285,-14.302160263061523,-15.25544261932373,-16.41933822631836,-17.683414459228516,-19.048851013183594,-20.088539123535156,-20.698802947998047,-21.751976013183594,-23.251853942871094,-23.943777084350586,-23.88681411743164,-23.10263442993164,-21.74871063232422,-20.35219955444336,-19.121488571166992,-19.021957397460938,-19.406259536743164,-19.488420486450195,-19.607540130615234,-19.95538330078125,-20.32375717163086,-20.791715621948242,-20.563081741333008,-19.038677215576172,-17.690073013305664,-16.96257781982422,-15.846561431884766,-14.156041145324707
-4.2813334465026855,-4.704416275024414,-5.169261932373047,-4.669853687286377,-4.333584308624268,-4.552577495574951,-5.68518590927124,-7.0718994140625,-7.755710124969482,-8.424922943115234,-10.133686065673828,-11.866547584533691,-12.996453285217285,-13.745790481567383,-13.297898292541504,-12.877842903137207,-13.61989688873291,-14.637150764465332,-15.70612907409668,-16.918371200561523,-18.22808837890625,-19.732250213623047,-21.029048919677734,-21.93438720703125,-22.92305564880371,-23.384199142456055,-22.98114585876465,-21.7037296295166,-20.006614685058594,-18.857669830322266,-18.29840660095215,-18.454923629760742,-18.793472290039062,-19.059738159179688,-19.501625061035156,-20.133214950561523,-20.561023712158203,-20.588621139526367,-19.93385887145996,-18.299104690551758,-17.31122589111328,-17.050168991088867,-15.985960960388184,-14.590740203857422
-6.002216339111328,-6.282717704772949,-6.4625749588012695,-5.603490829467773,-4.950189590454102,-5.151787757873535,-6.265172004699707,-7.4087748527526855,-7.7981791496276855,-8.424551963806152,-10.585943222045898,-12.441100120544434,-12.795443534851074,-13.019490242004395,-12.845162391662598,-12.726041793823242,-13.570825576782227,-14.668844223022461,-15.612567901611328,-16.448362350463867,-17.35386085510254,-18.686731338500977,-20.15203094482422,-21.16982650756836,-21.879697799682617,-21.935720443725586,-21.045455932617188,-19.550878524780273,-18.117647171020508,-17.376070022583008,-17.15299415588379,-17.633562088012695,-18.310293197631836,-18.616252899169922,-18.857154846191406,-19.226531982421875,-19.56123924255371,-19.5875301361084,-19.330394744873047,-18.65329933166504,-18.00019073486328,-17.14854621887207,-15.802353858947754,-14.786508560180664
-7.6264190673828125,-7.755817890167236,-7.740121364593506,-6.626632213592529,-5.588760852813721,-5.960165500640869,-6.971926689147949,-7.742158889770508,-7.855249404907227,-8.566043853759766,-10.963273048400879,-12.97265911102295,-13.039277076721191,-12.899272918701172,-12.806083679199219,-12.632702827453613,-13.199748039245605,-14.25568675994873,-15.168736457824707,-15.86503791809082,-16.472976684570312,-17.147619247436523,-18.11448097229004,-19.105581283569336,-19.70673942565918,-19.52392578125,-18.43785858154297,-16.969701766967773,-15.785024642944336,-15.284132957458496,-15.280621528625488,-15.999361991882324,-16.877565383911133,-17.073074340820312,-16.957019805908203,-17.39774513244629,-18.57802963256836,-19.150442123413086,-19.198223114013672,-19.01046371459961,-18.10602378845215,-16.698486328125,-15.38212776184082,-14.46548080444336
-8.684975624084473,-8.657722473144531,-8.542874336242676,-7.510340213775635,-5.842350006103516,-6.992602825164795,-7.624628067016602,-7.578902244567871,-7.564589500427246,-8.713953971862793,-10.688860893249512,-12.501716613769531,-13.078205108642578,-12.668584823608398,-12.201390266418457,-12.224043846130371,-12.857528686523438,-13.538980484008789,-14.020806312561035,-14.324509620666504,-14.303040504455566,-14.227855682373047,-14.699411392211914,-15.24339771270752,-15.299792289733887,-14.875905990600586,-13.874140739440918,-12.958556175231934,-12.72596263885498,-12.686888694763184,-12.4679594039917,-12.41395378112793,-12.536772727966309,-12.755825996398926,-13.93211555480957,-16.259191513061523,-18.162944793701172,-18.651798248291016,-18.570919036865234,-18.02679443359375,-16.847396850585938,-15.499460220336914,-14.139204025268555,-12.80517864227295
-9.47684383392334,-9.409905433654785,-8.959137916564941,-8.275064468383789,-6.935678958892822,-7.14223051071167,-7.100898265838623,-6.83453893661499,-7.5275068283081055,-9.293974876403809,-10.985518455505371,-11.929447174072266,-12.009344100952148,-11.996786117553711,-12.545368194580078,-13.38912582397461,-14.005046844482422,-14.117477416992188,-13.907708168029785,-13.611780166625977,-13.24258041381836,-13.00053882598877,-13.010361671447754,-12.851457595825195,-12.295642852783203,-11.555546760559082,-10.870121002197266,-10.64007568359375,-10.914237022399902,-11.15056324005127,-10.961488723754883,-10.559459686279297,-10.643418312072754,-11.819255828857422,-13.873567581176758,-15.820873260498047,-16.931072235107422,-16.977359771728516,-16.46006202697754,-15.732343673706055,-15.013937950134277,-14.27356243133545,-13.177441596984863,-11.795498847961426
-10.018631935119629,-10.041930198669434,-9.495246887207031,-8.908016204833984,-7.709579944610596,-5.971640110015869,-6.383810520172119,-6.800088882446289,-8.353601455688477,-10.054117202758789,-10.893970489501953,-11.007583618164062,-11.347999572753906,-12.329588890075684,-13.50854206085205,-14.518133163452148,-15.091875076293945,-15.066207885742188,-14.617033004760742,-13.969734191894531,-13.238487243652344,-12.620887756347656,-12.094107627868652,-11.287883758544922,-10.186443328857422,-9.370116233825684,-9.350552558898926,-9.948877334594727,-10.437783241271973,-10.643780708312988,-10.639320373535156,-10.527105331420898,-11.000785827636719,-12.489916801452637,-14.333242416381836,-15.55544376373291,-15.713775634765625,-15.062074661254883,-14.24109172821045,-13.660609245300293,-13.406832695007324,-13.099321365356445,-12.23022174835205,-10.865530967712402
-10.480596542358398,-10.430965423583984,-10.19111156463623,-9.61414909362793,-8.345684051513672,-6.424737930297852,-7.019540786743164,-8.094371795654297,-9.910524368286133,-10.911591529846191,-10.938583374023438,-11.110548973083496,-12.091232299804688,-13.378837585449219,-14.604320526123047,-15.536712646484375,-15.92189884185791,-15.750410079956055,-15.152681350708008,-14.245439529418945,-13.274439811706543,-12.451593399047852,-11.5433931350708,-10.192090034484863,-8.697375297546387,-7.985994338989258,-8.58309555053711,-9.682259559631348,-10.182890892028809,-10.275420188903809,-10.48985767364502,-10.835293769836426,-11.40343952178955,-12.366110801696777,-13.598642349243164,-14.371207237243652,-14.08329963684082,-13.038053512573242,-11.994470596313477,-11.343036651611328,-11.064608573913574,-10.866535186767578,-10.26250171661377,-9.094042778015137
-10.927679061889648,-10.755633354187012,-10.872950553894043,-10.439311981201172,-9.287196159362793,-7.9638671875,-8.237552642822266,-9.639856338500977,-11.284259796142578,-11.842490196228027,-11.876590728759766,-12.561990737915039,-13.643031120300293,-14.69972038269043,-15.816922187805176,-16.59562873840332,-16.695411682128906,-16.25245475769043,-15.45822811126709,-14.533201217651367,-13.680866241455078,-12.762694358825684,-11.467743873596191,-9.967150688171387,-8.771769523620605,-8.206456184387207,-8.342265129089355,-8.973442077636719,-9.589862823486328,-9.753193855285645,-9.92869758605957,-10.348943710327148,-10.77881145477295,-11.245649337768555,-11.854257583618164,-12.181526184082031,-11.766316413879395,-10.745068550109863,-9.681893348693848,-8.954046249389648,-8.494763374328613,-8.126314163208008,-7.615658283233643,-6.776083946228027
-10.960216522216797,-10.8074369430542,-11.3084716796875,-11.226716995239258,-10.060908317565918,-8.256436347961426,-8.72459602355957,-10.141481399536133,-11.476635932922363,-12.308182716369629,-13.400686264038086,-14.675448417663574,-15.549853324890137,-16.316133499145508,-17.086307525634766,-17.428394317626953,-17.20573616027832,-16.694456100463867,-16.158231735229492,-15.703750610351562,-15.106863021850586,-13.958853721618652,-12.334842681884766,-10.933695793151855,-10.169278144836426,-9.596572875976562,-8.83548355102539,-8.310539245605469,-8.315649032592773,-8.512725830078125,-8.732389450073242,-8.997854232788086,-9.233926773071289,-9.449615478515625,-9.720725059509277,-9.874541282653809,-9.463309288024902,-8.497773170471191,-7.513249397277832,-6.912960052490234,-6.5705437660217285,-6.259918212890625,-5.792748928070068,-4.961513042449951
-10.545489311218262,-10.43093204498291,-11.1339693069458,-11.233358383178711,-9.76822280883789,-7.766515731811523,-7.934443950653076,-9.279815673828125,-10.714407920837402,-12.393375396728516,-14.716428756713867,-16.48894691467285,-17.493541717529297,-18.15837287902832,-18.355775833129883,-18.0100154876709,-17.420162200927734,-16.888303756713867,-16.450424194335938,-15.914543151855469,-15.120338439941406,-14.178689956665039,-13.40921401977539,-12.672021865844727,-11.741352081298828,-10.827266693115234,-9.806787490844727,-8.561881065368652,-7.564136981964111,-7.130929470062256,-7.073642253875732,-7.089200496673584,-7.153464317321777,-7.2820281982421875,-7.518500804901123,-7.791841983795166,-7.582510471343994,-6.738879680633545,-5.788595676422119,-5.104837417602539,-4.816370487213135,-4.706515789031982,-4.425331115722656,-3.598928451538086
-10.023283004760742,-9.772232055664062,-10.480545997619629,-10.535964965820312,-9.097504615783691,-7.804152965545654,-7.182822227478027,-8.011727333068848,-9.853267669677734,-12.166549682617188,-14.843703269958496,-16.83143424987793,-18.057329177856445,-18.547840118408203,-18.187576293945312,-17.305583953857422,-16.402307510375977,-15.548426628112793,-14.429851531982422,-12.906462669372559,-11.407904624938965,-10.814682006835938,-11.45876407623291,-12.337425231933594,-12.209368705749512,-11.283495903015137,-10.283408164978027,-9.227903366088867,-8.120386123657227,-7.233220100402832,-6.615963935852051,-6.132545471191406,-5.733389377593994,-5.514885425567627,-5.638954162597656,-5.9431610107421875,-5.859130859375,-5.168210983276367,-4.29868745803833,-3.39663028717041,-2.7950193881988525,-2.651399850845337,-2.620006799697876,-2.234151840209961
-9.428380966186523,-8.915741920471191,-9.587462425231934,-9.668634414672852,-8.340357780456543,-7.6056976318359375,-7.539838790893555,-8.103538513183594,-9.574799537658691,-11.619101524353027,-13.672510147094727,-15.05095100402832,-15.694305419921875,-15.758623123168945,-15.354190826416016,-14.68641471862793,-13.944964408874512,-12.86749267578125,-11.300882339477539,-9.665617942810059,-8.626940727233887,-8.482397079467773,-9.016465187072754,-9.865274429321289,-10.428936004638672,-10.171059608459473,-9.521529197692871,-8.927203178405762,-8.236184120178223,-7.385847568511963,-6.66737699508667,-6.256763458251953,-5.827511787414551,-5.144130229949951,-4.519530773162842,-4.201594352722168,-4.0028228759765625,-3.679927349090576,-3.188857316970825,-2.473339557647705,-1.7499330043792725,-1.2782224416732788,-0.886522650718689,-0.48831531405448914
-9.498037338256836,-8.788426399230957,-9.2147216796875,-9.356139183044434,-8.40864372253418,-7.3826003074646,-8.009074211120605,-8.866142272949219,-9.706398010253906,-10.914008140563965,-11.890958786010742,-12.078834533691406,-11.745307922363281,-11.373019218444824,-11.182106018066406,-10.99083423614502,-10.48987102508545,-9.404420852661133,-8.02747631072998,-7.059624195098877,-6.791663646697998,-6.841633319854736,-6.73548698425293,-6.81206750869751,-7.497802257537842,-8.115224838256836,-8.308015823364258,-8.238276481628418,-7.707712173461914,-6.655987739562988,-5.773183822631836,-5.457640171051025,-5.2200927734375,-4.596924304962158,-3.8129074573516846,-3.311173915863037,-3.1079540252685547,-2.835989475250244,-2.4717628955841064,-2.2730491161346436,-2.149693250656128,-1.6555087566375732,-0.7024319171905518,0.4457540810108185
-9.787944793701172,-8.962447166442871,-8.862534523010254,-8.874058723449707,-8.772299766540527,-7.708456516265869,-8.257161140441895,-8.91053295135498,-9.45565128326416,-10.048419952392578,-10.222318649291992,-9.412859916687012,-8.33625316619873,-7.8100128173828125,-7.912585258483887,-7.875345230102539,-7.180913925170898,-6.081726551055908,-5.1300811767578125,-4.815458297729492,-5.01901388168335,-5.209594249725342,-4.974364280700684,-4.69317626953125,-4.967066287994385,-5.598016262054443,-6.055479526519775,-6.075756072998047,-5.684441566467285,-5.076653480529785,-4.655467510223389,-4.592508792877197,-4.4987688064575195,-4.210865497589111,-3.7553822994232178,-3.431622266769409,-3.433544874191284,-3.4142050743103027,-3.2231788635253906,-3.0104494094848633,-2.8305468559265137,-2.140012264251709,-0.6187207698822021,1.2062166929244995
-7.61579704284668,-7.309857368469238,-7.660558700561523,-8.15518856048584,-8.26792049407959,-8.095358848571777,-8.726571083068848,-8.98670768737793,-9.347515106201172,-9.552204132080078,-9.288763999938965,-8.122767448425293,-6.726629734039307,-5.80399227142334,-5.445949077606201,-5.084627628326416,-4.492413520812988,-3.9817094802856445,-3.56878399848938,-3.2969911098480225,-3.4763479232788086,-4.043571949005127,-4.344916820526123,-4.366438388824463,-4.037930011749268,-3.54648756980896,-3.319110870361328,-3.296281099319458,-3.1723945140838623,-2.774916887283325,-2.551391839981079,-2.7148683071136475,-3.020733594894409,-3.2469418048858643,-3.1826283931732178,-2.892319679260254,-2.6686291694641113,-2.444200038909912,-2.0795633792877197,-1.6154983043670654,-0.971130907535553,0.12726931273937225,1.8286042213439941,3.7865450382232666
-4.4820451736450195,-4.982639789581299,-6.527984142303467,-7.752649307250977,-6.982141971588135,-7.765364646911621,-8.685158729553223,-8.905683517456055,-9.24685001373291,-9.318188667297363,-9.047060012817383,-8.056747436523438,-6.639461040496826,-5.185462474822998,-3.9785213470458984,-3.210709810256958,-2.946478843688965,-2.8635029792785645,-2.4679157733917236,-2.0866105556488037,-2.602855682373047,-3.5521762371063232,-4.209798812866211,-4.504783630371094,-4.209660530090332,-3.6491281986236572,-3.1391141414642334,-2.4151930809020996,-1.2107819318771362,0.1899596005678177,1.1512277126312256,1.696523666381836,1.8373568058013916,1.8603804111480713,1.9892537593841553,2.495473861694336,3.190319061279297,3.614785671234131,4.138857841491699,5.060130596160889,6.150926113128662,7.288506984710693,8.43152141571045,9.47524642944336
-4.460964679718018,-5.1270904541015625,-6.375761985778809,-7.075654029846191,-5.863265514373779,-6.52297830581665,-7.400701522827148,-7.662370681762695,-8.11823558807373,-8.363872528076172,-8.474858283996582,-7.968984603881836,-6.814345359802246,-5.304376602172852,-3.865105390548706,-2.8648126125335693,-2.420151472091675,-2.3032894134521484,-2.1170406341552734,-2.068861961364746,-2.740004539489746,-3.6325995922088623,-4.171954154968262,-4.053981304168701,-3.3772740364074707,-2.520981788635254,-1.532769799232483,-0.1726791262626648,1.4058387279510498,2.9239256381988525,4.0642595291137695,4.954874038696289,5.772508144378662,6.534834384918213,7.042845726013184,7.7672905921936035,8.947088241577148,10.053670883178711,10.694426536560059,11.355276107788086,12.487260818481445,13.610106468200684,14.266554832458496,14.463720321655273
-5.574936866760254,-5.722287178039551,-5.9234089851379395,-5.775609493255615,-4.940487861633301,-5.107351303100586,-5.7181220054626465,-6.051056861877441,-6.493646144866943,-6.731271266937256,-6.87497091293335,-6.640659809112549,-5.897284984588623,-4.808267116546631,-3.641716957092285,-2.764199733734131,-2.515510320663452,-2.6877777576446533,-2.8386316299438477,-3.044355630874634,-3.368725299835205,-3.928842544555664,-4.1182379722595215,-3.4487247467041016,-2.460667610168457,-1.4369935989379883,-0.3276008069515228,0.903266966342926,2.211075782775879,3.429569959640503,4.603753089904785,5.648634910583496,6.432494640350342,6.660401344299316,6.872813701629639,7.478662490844727,7.901430130004883,8.416276931762695,9.261767387390137,10.281661033630371,11.466026306152344,12.412884712219238,12.675504684448242,12.324913024902344
-5.069991588592529,-4.488463401794434,-4.6254682540893555,-4.5849175453186035,-3.222970962524414,-3.9588544368743896,-4.572887897491455,-5.11029052734375,-5.222611904144287,-5.08457088470459,-5.0494608879089355,-4.994771480560303,-4.474322319030762,-3.5447733402252197,-2.897027015686035,-3.068901538848877,-3.3283493518829346,-3.056239366531372,-2.781891107559204,-2.78874135017395,-2.8524975776672363,-3.3156704902648926,-3.40521240234375,-2.7062814235687256,-1.7803395986557007,-0.8328267931938171,-0.008321437984704971,0.8504040837287903,1.9142249822616577,2.959789752960205,4.095409393310547,5.363315582275391,6.102027893066406,6.119014739990234,6.410262584686279,6.5136942863464355,5.880091667175293,5.473752498626709,5.651150703430176,6.329867839813232,7.262306213378906,8.159196853637695,8.811129570007324,9.151508331298828
