data/wind_data/wind_0_8.json
{"header": {"parameterUnit": "KT", "parameterCategory": 2, "nx": 256, "ny": 198, "lo1": 44.73521041870117, "la1": -3.236724853515625, "lo2": 111.26478576660156, "la2": 43.468475341796875, "dx": 0.2609002888202667, "dy": -0.23708222806453705, "refTime": "2025-02-19 00:00:00", "forecastTime": 0, "parameterNumber": 2, "parameterNumberName": "eastward_wind"}, "data":
[rows 0 to 18 of 198, columns 132 to 175 of 256]
-9.52651309967041,-10.512616157531738,-10.075282096862793,-9.102779388427734,-9.336620330810547,-8.754958152770996,-8.72070026397705,-7.515780448913574,-7.291144847869873,-9.750323295593262,-10.804491996765137,-10.983179092407227,-13.383868217468262,-15.465008735656738,-16.082012176513672,-16.959579467773438,-18.652145385742188,-20.21539306640625,-20.988561630249023,-21.392948150634766,-21.012142181396484,-21.84352684020996,-22.62873649597168,-20.949373245239258,-19.920745849609375,-19.659822463989258,-20.062597274780273,-18.453773498535156,-16.99905776977539,-17.868810653686523,-18.0728816986084,-18.966928482055664,-18.294607162475586,-16.435327529907227,-15.473255157470703,-14.809480667114258,-14.426904678344727,-14.685214042663574,-16.71951675415039,-18.676517486572266,-19.138912200927734,-20.447025299072266,-20.6196346282959,-19.820079803466797
-8.44040584564209,-9.742993354797363,-10.150997161865234,-10.424304008483887,-9.153413772583008,-7.650481224060059,-7.293934345245361,-7.590623378753662,-8.390180587768555,-8.893294334411621,-8.878302574157715,-9.489100456237793,-13.139866828918457,-16.727136611938477,-17.431787490844727,-16.565343856811523,-16.978042602539062,-18.173057556152344,-19.80967903137207,-20.91465950012207,-20.236658096313477,-20.751432418823242,-21.511249542236328,-20.0839786529541,-19.1475887298584,-18.706424713134766,-20.34842872619629,-20.33733558654785,-17.76656723022461,-17.106542587280273,-17.40784454345703,-18.709239959716797,-16.468997955322266,-13.196415901184082,-12.715167045593262,-13.078393936157227,-12.482870101928711,-11.923669815063477,-12.579776763916016,-13.275749206542969,-13.54612922668457,-14.802284240722656,-15.712007522583008,-16.116806030273438
-10.433330535888672,-10.10958480834961,-10.869009971618652,-10.79498291015625,-8.631364822387695,-7.863727569580078,-7.1425371170043945,-7.012802600860596,-7.041468143463135,-6.350966453552246,-7.299411296844482,-8.359511375427246,-10.17928695678711,-10.64515495300293,-11.97631549835205,-14.721197128295898,-16.62297821044922,-17.45824432373047,-18.77326011657715,-19.47007942199707,-18.87055778503418,-20.046724319458008,-21.182861328125,-20.54564094543457,-19.85042381286621,-19.64889907836914,-18.853534698486328,-18.719032287597656,-18.31601905822754,-17.68951988220215,-18.98577880859375,-18.860010147094727,-15.668157577514648,-13.421783447265625,-11.483725547790527,-12.879666328430176,-14.11562442779541,-11.976310729980469,-10.817824363708496,-9.612260818481445,-10.279980659484863,-12.265685081481934,-16.394039154052734,-17.787057876586914
-11.185935974121094,-9.976520538330078,-9.254293441772461,-9.280340194702148,-8.661391258239746,-8.763689994812012,-7.468631267547607,-6.834074974060059,-6.439394474029541,-5.522446155548096,-5.957711219787598,-6.579311370849609,-7.683623790740967,-10.410698890686035,-10.963062286376953,-12.694899559020996,-15.225848197937012,-16.217851638793945,-16.29706382751465,-17.044296264648438,-19.071537017822266,-19.695341110229492,-20.590953826904297,-20.14909553527832,-19.193082809448242,-19.683420181274414,-17.856550216674805,-16.445566177368164,-17.123472213745117,-16.396677017211914,-17.00951385498047,-14.440934181213379,-9.593900680541992,-9.58670425415039,-10.042055130004883,-9.066662788391113,-8.959366798400879,-8.270378112792969,-9.864714622497559,-11.637889862060547,-12.762252807617188,-13.435125350952148,-14.350533485412598,-12.92173957824707
-9.505885124206543,-9.028858184814453,-8.387321472167969,-8.756317138671875,-8.569758415222168,-8.306504249572754,-7.35214376449585,-7.098199844360352,-5.036062717437744,-4.147591590881348,-6.949918270111084,-9.012162208557129,-9.213048934936523,-9.576449394226074,-9.641186714172363,-12.009321212768555,-14.850960731506348,-16.107938766479492,-16.011587142944336,-16.73101043701172,-18.793651580810547,-19.067949295043945,-19.74763298034668,-19.48068618774414,-19.320064544677734,-19.220441818237305,-18.053966522216797,-14.75574779510498,-14.504895210266113,-12.926088333129883,-10.96923542022705,-10.377313613891602,-12.332419395446777,-12.90283489227295,-12.191479682922363,-12.521211624145508,-9.949690818786621,-9.687769889831543,-10.181897163391113,-14.151930809020996,-15.802557945251465,-13.28732967376709,-11.806127548217773,-10.140884399414062
-6.8908185958862305,-7.31968879699707,-7.417335033416748,-8.598739624023438,-8.319409370422363,-7.107795715332031,-6.572057247161865,-5.3089213371276855,-5.237380504608154,-6.78655481338501,-10.746537208557129,-11.01187801361084,-10.093762397766113,-9.693634986877441,-10.122210502624512,-11.827938079833984,-14.068679809570312,-15.546125411987305,-16.311975479125977,-16.720355987548828,-18.062435150146484,-18.11653709411621,-18.619150161743164,-19.852277755737305,-19.48773956298828,-18.75862693786621,-18.92645835876465,-16.64169692993164,-15.008243560791016,-12.406615257263184,-10.989667892456055,-14.192207336425781,-16.497451782226562,-14.27189826965332,-14.001690864562988,-13.894563674926758,-12.460962295532227,-12.147784233093262,-12.850821495056152,-14.846680641174316,-16.046890258789062,-14.838828086853027,-14.027690887451172,-14.141744613647461
-6.247395992279053,-5.950479984283447,-7.233987331390381,-9.039040565490723,-7.162309646606445,-5.142695903778076,-5.442598342895508,-5.051271438598633,-5.680677890777588,-7.599367141723633,-9.803132057189941,-10.268568992614746,-9.533463478088379,-11.334562301635742,-12.827371597290039,-13.340436935424805,-14.347055435180664,-15.95874309539795,-16.85589599609375,-16.17230796813965,-16.735889434814453,-17.602251052856445,-17.573511123657227,-18.32373046875,-17.67231559753418,-17.687288284301758,-18.750036239624023,-17.471033096313477,-13.792594909667969,-10.558501243591309,-10.961935043334961,-14.073139190673828,-13.543577194213867,-15.663875579833984,-16.150211334228516,-13.923808097839355,-14.336006164550781,-16.39610481262207,-17.595762252807617,-16.770408630371094,-15.487472534179688,-15.717238426208496,-16.57113265991211,-16.482545852661133
-6.921563625335693,-6.836153984069824,-7.179947376251221,-8.638084411621094,-7.367693901062012,-5.513918876647949,-4.8543806076049805,-6.644005298614502,-7.1623334884643555,-7.285902500152588,-8.234725952148438,-9.643753051757812,-9.590076446533203,-11.192519187927246,-13.35744571685791,-14.992326736450195,-15.939919471740723,-16.24702262878418,-16.129684448242188,-15.538520812988281,-15.422629356384277,-15.832944869995117,-14.204967498779297,-15.458125114440918,-15.971360206604004,-16.714807510375977,-16.759902954101562,-12.659737586975098,-10.597620964050293,-12.774178504943848,-15.393030166625977,-14.914873123168945,-13.8598051071167,-16.155519485473633,-13.846907615661621,-13.452238082885742,-14.174583435058594,-16.076940536499023,-16.08418083190918,-13.314257621765137,-12.63346004486084,-13.002991676330566,-14.712794303894043,-15.402318954467773
-5.938741683959961,-7.352486610412598,-7.47917366027832,-7.1003098487854,-6.15046501159668,-5.882148742675781,-5.8536810874938965,-7.711469650268555,-7.785487174987793,-7.14410400390625,-7.972381114959717,-10.087480545043945,-10.67457103729248,-10.434103012084961,-12.405750274658203,-14.885529518127441,-15.98487377166748,-15.369484901428223,-13.775920867919922,-12.695489883422852,-12.628186225891113,-11.710098266601562,-9.676140785217285,-12.32640552520752,-14.050365447998047,-15.182291984558105,-15.919488906860352,-13.27784538269043,-12.401888847351074,-14.37708568572998,-17.105384826660156,-16.90334129333496,-15.274331092834473,-13.912687301635742,-12.156871795654297,-12.421594619750977,-10.794031143188477,-11.329462051391602,-10.782450675964355,-10.502230644226074,-12.43790054321289,-13.793540000915527,-14.994948387145996,-14.210376739501953
-6.0365519523620605,-7.0882158279418945,-7.663862705230713,-6.687769889831543,-5.58059549331665,-5.897688865661621,-6.52196741104126,-6.750075817108154,-7.30004358291626,-8.536107063293457,-10.344441413879395,-11.4918794631958,-11.024833679199219,-10.011475563049316,-11.693248748779297,-14.5638427734375,-15.35638427734375,-14.06906509399414,-11.48103141784668,-10.40770149230957,-10.35726547241211,-8.647912979125977,-9.862887382507324,-11.881937980651855,-12.85776138305664,-14.813175201416016,-17.04926109313965,-14.678841590881348,-13.650514602661133,-15.606058120727539,-15.721600532531738,-15.93966007232666,-15.752340316772461,-15.004780769348145,-15.27212905883789,-15.875659942626953,-14.068394660949707,-11.55369758605957,-8.623620986938477,-9.763242721557617,-12.714510917663574,-14.390263557434082,-15.112946510314941,-14.502542495727539
-7.100124359130859,-6.692262172698975,-6.677240371704102,-6.1998701095581055,-6.1850972175598145,-7.172283172607422,-8.145442962646484,-7.825290203094482,-7.902744293212891,-8.926789283752441,-10.05725383758545,-10.868616104125977,-10.776999473571777,-11.094841957092285,-12.948728561401367,-15.880475997924805,-15.868673324584961,-13.20699691772461,-10.35056209564209,-9.810465812683105,-10.223333358764648,-9.957025527954102,-12.54661750793457,-12.314611434936523,-13.272128105163574,-14.741241455078125,-15.461319923400879,-14.241400718688965,-15.153480529785156,-17.187522888183594,-15.287934303283691,-14.758212089538574,-15.395588874816895,-15.941532135009766,-15.77432632446289,-14.789724349975586,-13.756807327270508,-11.418864250183105,-10.352880477905273,-11.508296966552734,-13.814594268798828,-14.671056747436523,-14.58249282836914,-14.718867301940918
-6.700905799865723,-5.89201545715332,-5.1633100509643555,-5.012916564941406,-5.7255353927612305,-8.533995628356934,-10.781318664550781,-9.50931167602539,-9.013181686401367,-8.909124374389648,-8.344583511352539,-9.29726791381836,-11.039287567138672,-11.796469688415527,-12.928808212280273,-15.598477363586426,-15.30627727508545,-12.565147399902344,-9.733633995056152,-9.065933227539062,-9.376296043395996,-10.683825492858887,-12.649945259094238,-12.287787437438965,-13.414728164672852,-14.10605239868164,-13.572036743164062,-14.173681259155273,-15.488702774047852,-16.188819885253906,-15.284815788269043,-14.112200736999512,-14.716642379760742,-16.377769470214844,-14.975007057189941,-10.955232620239258,-9.532471656799316,-9.812744140625,-12.046507835388184,-13.18488883972168,-12.157291412353516,-12.41339111328125,-12.626165390014648,-13.033525466918945
-6.879700183868408,-6.0061516761779785,-4.713784694671631,-4.76318359375,-4.672306060791016,-7.487961292266846,-10.337471008300781,-9.65225601196289,-10.063398361206055,-10.13640308380127,-9.412347793579102,-10.294120788574219,-10.644816398620605,-9.427770614624023,-9.843000411987305,-13.12706184387207,-13.983709335327148,-12.987336158752441,-11.775773048400879,-10.73417854309082,-9.137157440185547,-10.919814109802246,-11.67822265625,-11.581916809082031,-11.710067749023438,-13.02762222290039,-13.120010375976562,-13.684904098510742,-15.001143455505371,-15.424875259399414,-15.133234024047852,-12.984880447387695,-12.952208518981934,-13.363603591918945,-13.396940231323242,-10.518784523010254,-8.995452880859375,-9.756889343261719,-11.684208869934082,-10.55986213684082,-7.533488750457764,-8.112770080566406,-10.535508155822754,-10.618016242980957
-8.405461311340332,-7.597641468048096,-6.128017425537109,-5.857820510864258,-5.776822090148926,-6.317878246307373,-7.851495265960693,-9.008199691772461,-9.954970359802246,-10.587421417236328,-10.728187561035156,-10.836959838867188,-9.610068321228027,-7.100976467132568,-7.401917457580566,-11.079059600830078,-13.460442543029785,-14.265617370605469,-13.69902515411377,-12.321396827697754,-11.251350402832031,-11.989495277404785,-11.925885200500488,-12.045195579528809,-12.050736427307129,-12.047028541564941,-12.707608222961426,-13.056472778320312,-12.428274154663086,-12.486150741577148,-12.68117904663086,-11.384965896606445,-11.806856155395508,-11.613329887390137,-12.060036659240723,-12.112404823303223,-13.121959686279297,-11.278386116027832,-9.40577507019043,-9.012579917907715,-7.307796478271484,-8.233214378356934,-11.387296676635742,-10.08728313446045
-8.421142578125,-7.273223400115967,-6.3235697746276855,-6.789132595062256,-6.821970462799072,-6.266512870788574,-6.166702747344971,-6.088620185852051,-8.153727531433105,-9.918498992919922,-10.467283248901367,-10.762090682983398,-9.310437202453613,-8.251428604125977,-8.22026538848877,-9.410677909851074,-12.132781028747559,-14.191555976867676,-13.363201141357422,-12.787052154541016,-12.60884952545166,-11.523025512695312,-11.187786102294922,-11.909918785095215,-12.701815605163574,-13.270779609680176,-11.972938537597656,-12.304654121398926,-12.232536315917969,-11.479635238647461,-11.214176177978516,-10.202803611755371,-10.59557819366455,-11.214398384094238,-10.908329963684082,-12.439443588256836,-13.668190002441406,-12.32284164428711,-9.269576072692871,-8.159409523010254,-7.145262241363525,-8.514328002929688,-10.07259464263916,-9.0757474899292
-8.232515335083008,-7.544079303741455,-6.789970874786377,-6.853733539581299,-6.564141750335693,-5.429220676422119,-4.5251264572143555,-4.114778518676758,-7.310375690460205,-9.969364166259766,-9.742802619934082,-10.41425609588623,-10.82793140411377,-10.7482328414917,-9.509004592895508,-7.928334712982178,-10.310140609741211,-12.317456245422363,-11.691510200500488,-11.37427806854248,-11.582751274108887,-10.664499282836914,-8.886086463928223,-8.767233848571777,-9.627704620361328,-13.039848327636719,-13.105997085571289,-12.504073143005371,-11.967510223388672,-10.300079345703125,-10.69760513305664,-10.525588035583496,-11.818645477294922,-11.116682052612305,-10.023752212524414,-12.10061264038086,-11.224482536315918,-11.705485343933105,-10.706857681274414,-8.761359214782715,-8.29063606262207,-8.330657005310059,-8.552738189697266,-8.462302207946777
-6.991264343261719,-6.059115409851074,-6.208102703094482,-5.136466026306152,-4.505585670471191,-4.916090965270996,-4.198667049407959,-4.648197650909424,-7.032571792602539,-9.045584678649902,-8.414749145507812,-9.420624732971191,-12.807311058044434,-12.725379943847656,-10.088802337646484,-9.148880004882812,-10.190776824951172,-10.547646522521973,-10.824861526489258,-10.899813652038574,-9.578295707702637,-9.118703842163086,-9.08298110961914,-9.115609169006348,-8.36706256866455,-9.857366561889648,-12.106555938720703,-12.375749588012695,-11.193676948547363,-11.885004043579102,-11.196041107177734,-12.105098724365234,-13.411739349365234,-11.208041191101074,-10.11171817779541,-11.034480094909668,-8.78233528137207,-7.341116428375244,-6.772614479064941,-6.838994026184082,-7.193864822387695,-7.140477657318115,-7.447422027587891,-7.060225963592529
-8.047298431396484,-7.578005790710449,-6.68096923828125,-5.437910079956055,-6.720682144165039,-6.986724853515625,-4.782401084899902,-5.442928791046143,-6.688638687133789,-7.374457836151123,-8.146915435791016,-9.591437339782715,-13.71955680847168,-13.110879898071289,-9.643383979797363,-8.992358207702637,-9.546582221984863,-8.643777847290039,-9.438138008117676,-10.2169771194458,-9.664496421813965,-8.859625816345215,-9.704816818237305,-9.643545150756836,-10.94249439239502,-12.612943649291992,-12.347744941711426,-11.930341720581055,-12.789151191711426,-11.34386157989502,-11.361146926879883,-14.571222305297852,-11.908944129943848,-7.987755298614502,-8.280747413635254,-8.327380180358887,-6.705739974975586,-3.895047903060913,-3.317268133163452,-4.713321208953857,-5.463952541351318,-4.988649845123291,-6.16459321975708,-7.543704509735107
-8.536126136779785,-8.446280479431152,-7.163605690002441,-7.253887176513672,-9.190680503845215,-9.117429733276367,-6.7198872566223145,-6.623308181762695,-7.487281799316406,-6.384459018707275,-7.024715900421143,-9.78014087677002,-13.910250663757324,-13.035419464111328,-10.655770301818848,-10.751577377319336,-10.043707847595215,-8.403505325317383,-8.794549942016602,-9.832792282104492,-10.002960205078125,-9.20391845703125,-8.341371536254883,-8.10902214050293,-10.116719245910645,-12.584432601928711,-13.346457481384277,-12.346977233886719,-13.904951095581055,-12.227577209472656,-11.781869888305664,-11.937155723571777,-9.891169548034668,-6.981499195098877,-4.428915500640869,-5.030874252319336,-4.733823776245117,-3.1521568298339844,-4.064477920532227,-5.091903209686279,-4.25899076461792,-4.961339473724365,-6.026413917541504,-5.395020961761475
