data/wind_data/wind_67_9.json
{"header": {"parameterUnit": "KT", "parameterCategory": 2, "nx": 256, "ny": 198, "lo1": 44.73521041870117, "la1": -3.236724853515625, "lo2": 111.26478576660156, "la2": 43.468475341796875, "dx": 0.2609002888202667, "dy": -0.23708222806453705, "refTime": "2025-02-21 19:00:00", "forecastTime": 0, "parameterNumber": 2, "parameterNumberName": "eastward_wind"}, "data":
[rows 152 to 170 of 198, columns 43 to 85 of 256]
24.992464065551758,26.019546508789062,24.317384719848633,21.44305992126465,19.801862716674805,19.567232131958008,15.48233413696289,7.531800746917725,5.345159530639648,10.031953811645508,17.277013778686523,20.053415298461914,14.639720916748047,9.997817039489746,10.352263450622559,13.4677152633667,18.149221420288086,22.169082641601562,21.819801330566406,18.694950103759766,18.099308013916016,20.28339195251465,21.708942413330078,19.359012603759766,14.991803169250488,12.947190284729004,14.752725601196289,17.76810646057129,19.03492546081543,18.35879898071289,17.764469146728516,17.98276138305664,18.33280372619629,17.987747192382812,16.74341583251953,15.455202102661133,14.574317932128906,13.923483848571777,13.543892860412598,13.773544311523438,14.280179023742676,13.775728225708008,12.988922119140625
19.525585174560547,21.844003677368164,23.086610794067383,22.767295837402344,23.500272750854492,25.79524803161621,24.817398071289062,16.977031707763672,11.430564880371094,13.164471626281738,17.197114944458008,18.64301109313965,15.072515487670898,11.893253326416016,12.912266731262207,16.69908332824707,21.656938552856445,24.1450252532959,20.969263076782227,16.827024459838867,17.94835662841797,21.689044952392578,22.91974639892578,19.953147888183594,15.95071792602539,14.440914154052734,15.954082489013672,18.474964141845703,19.959571838378906,19.965595245361328,19.322580337524414,18.89429473876953,18.882972717285156,18.548168182373047,17.4738826751709,16.198328018188477,14.774092674255371,13.91003131866455,14.528030395507812,15.33510971069336,14.756471633911133,13.079561233520508,13.071428298950195
15.244845390319824,20.27857780456543,25.440839767456055,27.491300582885742,28.135480880737305,28.454648971557617,26.868528366088867,22.787572860717773,17.61958122253418,15.613348960876465,16.204572677612305,16.65769386291504,15.836081504821777,13.98629379272461,14.537801742553711,18.94917106628418,24.106754302978516,24.437044143676758,19.74447250366211,17.38433837890625,20.473424911499023,24.006017684936523,23.6106014251709,20.20785140991211,17.00588035583496,15.775123596191406,16.850887298583984,19.277498245239258,21.218183517456055,21.556495666503906,20.582408905029297,19.609384536743164,19.33685874938965,19.058563232421875,18.24288558959961,17.01437759399414,15.332988739013672,14.67056655883789,15.539775848388672,15.899052619934082,14.489505767822266,13.255642890930176,15.059687614440918
17.7018985748291,24.331148147583008,28.553470611572266,28.886966705322266,26.995975494384766,23.94710922241211,22.08535385131836,21.1419677734375,20.35756492614746,18.5760498046875,16.52488899230957,15.59829044342041,15.510436058044434,14.875955581665039,16.409282684326172,21.52890968322754,25.179590225219727,22.790485382080078,18.973194122314453,20.137537002563477,24.525562286376953,26.334562301635742,23.58751106262207,19.767648696899414,17.465669631958008,16.756591796875,17.771568298339844,20.262657165527344,22.417081832885742,22.500564575195312,20.980514526367188,19.630577087402344,19.221221923828125,19.189002990722656,18.874845504760742,17.845197677612305,16.333736419677734,15.82666015625,16.148944854736328,15.63466739654541,14.260254859924316,14.54192066192627,17.492563247680664
24.558734893798828,27.995180130004883,28.70789909362793,26.775754928588867,21.49689483642578,17.598451614379883,15.83950138092041,15.295220375061035,16.787965774536133,17.05799102783203,15.329071044921875,14.28061294555664,14.71939468383789,16.10564422607422,19.848068237304688,24.475770950317383,24.499332427978516,20.92200469970703,20.445709228515625,24.381559371948242,27.55292510986328,25.83363914489746,21.7665958404541,19.107763290405273,18.43959617614746,18.356752395629883,18.953006744384766,20.87990379333496,22.890539169311523,23.005414962768555,21.313796997070312,19.479509353637695,18.633342742919922,18.675830841064453,18.82373046875,18.250356674194336,17.01232147216797,16.440303802490234,16.6226749420166,16.12510871887207,15.168834686279297,16.15252113342285,18.803783416748047
25.51751708984375,26.562700271606445,25.516115188598633,22.503583908081055,19.40435028076172,17.097835540771484,14.7720947265625,15.40066909790039,17.110002517700195,15.521973609924316,13.351008415222168,13.654891014099121,16.0540771484375,19.6795597076416,24.215396881103516,26.018823623657227,23.118183135986328,21.44312286376953,24.2540225982666,27.46122169494629,25.955097198486328,21.748092651367188,19.126571655273438,19.077205657958984,19.942686080932617,20.089675903320312,19.854158401489258,20.7602481842041,22.50632667541504,23.337888717651367,22.455114364624023,20.58974266052246,19.09498405456543,18.539745330810547,18.418201446533203,17.860166549682617,16.68352508544922,16.34072494506836,17.042837142944336,17.07244873046875,16.53746223449707,17.43427085876465,18.899612426757812
24.16202163696289,25.01837921142578,23.645164489746094,22.638782501220703,21.29778480529785,18.185550689697266,16.196958541870117,17.77350616455078,18.27162742614746,14.60527515411377,12.276972770690918,14.653153419494629,19.72465705871582,24.983810424804688,27.771377563476562,25.5230655670166,22.522842407226562,24.141807556152344,27.32866859436035,25.89794921875,20.916961669921875,18.211517333984375,18.960670471191406,20.443811416625977,21.004899978637695,20.660078048706055,20.16796875,20.598024368286133,22.09630012512207,23.620290756225586,23.971994400024414,22.957244873046875,21.539382934570312,20.194252014160156,18.54390525817871,16.78693389892578,15.631647109985352,15.881842613220215,16.833541870117188,17.087562561035156,17.13246726989746,18.02037811279297,18.30479621887207
22.14746856689453,22.315664291381836,22.01158332824707,22.585718154907227,21.98650550842285,19.931371688842773,19.317977905273438,20.277576446533203,18.64943504333496,13.828825950622559,12.297855377197266,17.188411712646484,24.92875862121582,30.167728424072266,28.582637786865234,23.827701568603516,23.818273544311523,27.25765037536621,26.58474349975586,21.003238677978516,17.51503562927246,19.085283279418945,21.765134811401367,22.005826950073242,20.659530639648438,20.215116500854492,20.8260498046875,21.669116973876953,22.68106460571289,23.9531192779541,24.90657615661621,25.005748748779297,24.43077850341797,22.94706916809082,19.870100021362305,16.461395263671875,15.048849105834961,15.58223819732666,16.043424606323242,15.895408630371094,16.175676345825195,17.1265926361084,17.401086807250977
21.08912467956543,19.309804916381836,20.034374237060547,21.78583526611328,22.28104019165039,22.150102615356445,22.60714340209961,21.5234317779541,17.430084228515625,13.22059440612793,14.479909896850586,21.814756393432617,30.202966690063477,32.30506134033203,27.23371124267578,24.237112045288086,27.253206253051758,28.1944580078125,22.481557846069336,17.404678344726562,18.755924224853516,22.936500549316406,24.425540924072266,22.156787872314453,20.09184455871582,20.670072555541992,22.51311492919922,23.702007293701172,24.047273635864258,24.48560905456543,25.343717575073242,26.122055053710938,26.16704559326172,24.86412811279297,21.711097717285156,18.09095001220703,16.544897079467773,16.135169982910156,14.968052864074707,13.780121803283691,13.77560043334961,15.007060050964355,16.573774337768555
22.216676712036133,20.284788131713867,21.271085739135742,23.100082397460938,23.812667846679688,24.159292221069336,23.862285614013672,20.929988861083984,16.406658172607422,14.825937271118164,19.233551025390625,27.31431007385254,32.9531364440918,31.453453063964844,27.199481964111328,27.566490173339844,29.798931121826172,26.291400909423828,19.74473762512207,18.456153869628906,22.578718185424805,26.26295280456543,25.382671356201172,22.109302520751953,20.8867130279541,22.365415573120117,24.379222869873047,25.3466854095459,25.420642852783203,25.582073211669922,26.275802612304688,27.02800941467285,26.807723999023438,25.248258590698242,23.113292694091797,21.29874038696289,19.792940139770508,17.046375274658203,13.596745491027832,11.52241325378418,11.431196212768555,13.047579765319824,15.641311645507812
23.88226890563965,23.314870834350586,24.501262664794922,26.053415298461914,26.567840576171875,25.909900665283203,23.699047088623047,20.01631736755371,17.237743377685547,18.939821243286133,25.09144401550293,31.28260040283203,33.01023864746094,30.906362533569336,29.600263595581055,30.570327758789062,29.584861755371094,24.803546905517578,20.793285369873047,21.66570281982422,25.66585350036621,27.944318771362305,26.115306854248047,23.16289710998535,22.595125198364258,24.075624465942383,25.50113868713379,26.109600067138672,26.531736373901367,27.25326919555664,27.9683780670166,28.018543243408203,26.977062225341797,25.56934356689453,24.945810317993164,24.664213180541992,22.26459312438965,16.72167205810547,11.817132949829102,9.981513977050781,10.376477241516113,12.122110366821289,14.910496711730957
24.128786087036133,24.802963256835938,26.421783447265625,28.100727081298828,28.580018997192383,26.919687271118164,23.518640518188477,20.40949058532715,20.30078125,24.096778869628906,29.433176040649414,33.03306579589844,33.71261978149414,32.64903259277344,31.28603744506836,30.072546005249023,28.346752166748047,25.634033203125,23.53648567199707,24.36113929748535,27.393417358398438,29.04898452758789,27.458120346069336,24.87373161315918,24.28666877746582,25.40947151184082,26.238035202026367,26.531414031982422,27.334144592285156,28.600078582763672,29.229204177856445,28.687633514404297,27.623571395874023,27.234514236450195,27.513139724731445,26.668548583984375,22.293392181396484,15.369589805603027,10.418929100036621,9.14789867401123,10.16879940032959,12.20140266418457,15.056121826171875
23.6966609954834,25.184083938598633,27.09950065612793,28.592519760131836,28.63607406616211,26.609556198120117,23.58257484436035,22.268959045410156,24.227947235107422,28.04258155822754,31.945383071899414,35.18914031982422,36.0544319152832,33.20388412475586,29.21759796142578,27.78948402404785,28.811307907104492,28.31844139099121,26.008464813232422,25.732524871826172,28.081321716308594,29.819602966308594,28.819231033325195,26.586095809936523,25.972841262817383,26.959714889526367,27.51468849182129,27.325279235839844,27.638315200805664,28.6231689453125,29.286865234375,29.172632217407227,28.969697952270508,29.274744033813477,29.11452865600586,26.729511260986328,21.49880027770996,15.204124450683594,10.63791561126709,9.144232749938965,10.057474136352539,12.330459594726562,15.424434661865234
23.421920776367188,25.601486206054688,27.689434051513672,28.680274963378906,28.199750900268555,26.532089233398438,24.957958221435547,25.243152618408203,27.50290298461914,30.754289627075195,34.77635955810547,37.847801208496094,35.908390045166016,30.097902297973633,26.025733947753906,27.25919532775879,30.662656784057617,30.557249069213867,27.467565536499023,26.329940795898438,28.086822509765625,29.828807830810547,29.480466842651367,27.9943790435791,27.715242385864258,28.782817840576172,29.235610961914062,28.188444137573242,27.159908294677734,27.591320037841797,28.799314498901367,29.524473190307617,29.784317016601562,29.86725425720215,28.956939697265625,26.035053253173828,21.41269302368164,16.539098739624023,12.649800300598145,10.687688827514648,10.774592399597168,12.527033805847168,15.457517623901367
23.586151123046875,25.683406829833984,27.71673583984375,28.612228393554688,28.208860397338867,27.307523727416992,27.115440368652344,28.206941604614258,30.45537757873535,33.92840576171875,37.50083923339844,37.533260345458984,32.53290939331055,26.964778900146484,25.486806869506836,28.412656784057617,31.765583038330078,31.45903205871582,28.655973434448242,27.02417755126953,27.71230125427246,29.179729461669922,29.6092529296875,29.077157974243164,29.152477264404297,30.20685577392578,30.35704803466797,28.311782836914062,26.270057678222656,26.54823875427246,28.108627319335938,28.964981079101562,29.054424285888672,28.957265853881836,28.134735107421875,25.73714256286621,22.01905059814453,18.25733184814453,15.319801330566406,13.518738746643066,13.159584045410156,14.382086753845215,16.57265853881836
24.485647201538086,25.792402267456055,27.290996551513672,28.218971252441406,28.339502334594727,28.435693740844727,29.268020629882812,30.84255599975586,33.169857025146484,35.769466400146484,36.8966064453125,34.859161376953125,30.73748779296875,27.323871612548828,26.67658805847168,28.922964096069336,31.55925941467285,31.981597900390625,30.099943161010742,27.710500717163086,27.087032318115234,28.54408836364746,30.00642204284668,30.169034957885742,29.964496612548828,30.347118377685547,29.866207122802734,27.555665969848633,25.651941299438477,25.812307357788086,26.79596710205078,27.29086685180664,27.641210556030273,28.19233512878418,28.03874969482422,26.150096893310547,22.77400779724121,19.462684631347656,17.425983428955078,16.42751693725586,16.33028221130371,17.37877082824707,18.8193416595459
26.00885772705078,26.733943939208984,27.61371421813965,28.423978805541992,28.952253341674805,29.778947830200195,31.220542907714844,32.59321975708008,33.644840240478516,34.511234283447266,34.8361701965332,34.149314880371094,32.02254867553711,29.13793182373047,27.755321502685547,28.939281463623047,31.18178367614746,32.3650016784668,31.013486862182617,27.87262535095215,26.520357131958008,28.466527938842773,30.876121520996094,30.881887435913086,29.40030288696289,28.639286041259766,27.945817947387695,26.481977462768555,25.39541244506836,25.290756225585938,25.579288482666016,26.15873146057129,27.28502082824707,28.493392944335938,28.57417106628418,26.640953063964844,23.344158172607422,20.432788848876953,18.86834716796875,18.28843116760254,18.490924835205078,19.526460647583008,20.546594619750977
27.18107795715332,27.86748504638672,28.44034767150879,29.1763858795166,30.191282272338867,30.875097274780273,30.858808517456055,30.718822479248047,31.340538024902344,32.905948638916016,34.528106689453125,34.9454345703125,33.16404724121094,30.325927734375,29.01506233215332,29.74593162536621,31.119577407836914,31.818557739257812,30.447668075561523,27.436748504638672,26.24283218383789,28.167055130004883,30.258102416992188,29.542850494384766,27.357702255249023,26.466842651367188,26.48064422607422,26.077457427978516,25.35222625732422,24.94808006286621,25.286102294921875,26.421171188354492,27.830156326293945,28.83019256591797,28.780710220336914,27.20487403869629,24.666479110717773,22.279563903808594,20.424686431884766,19.225189208984375,19.201648712158203,20.320201873779297,21.376195907592773
27.756223678588867,28.594493865966797,29.60759925842285,30.562618255615234,31.220783233642578,30.649751663208008,28.535749435424805,27.551225662231445,29.401687622070312,32.176414489746094,34.06991195678711,34.457462310791016,32.94869613647461,30.735658645629883,29.904953002929688,30.3475284576416,30.571622848510742,30.108163833618164,28.659603118896484,26.621417999267578,25.181631088256836,25.46492576599121,26.72698974609375,26.9267578125,26.071321487426758,25.739606857299805,26.03567886352539,25.75568389892578,24.66524314880371,23.980327606201172,24.68341827392578,26.185447692871094,27.378358840942383,28.058000564575195,28.318973541259766,27.86141586303711,26.7012939453125,25.1202449798584,23.048484802246094,20.897424697875977,20.01136589050293,20.86498260498047,21.93465805053711
