data/wind_data/wind_4_0.json
{"header": {"parameterUnit": "KT", "parameterCategory": 2, "nx": 255, "ny": 198, "lo1": 44.73521041870117, "la1": -3.236724853515625, "lo2": 111.26478576660156, "la2": 43.468475341796875, "dx": 0.26192745566368103, "dy": -0.23708222806453705, "refTime": "2025-02-19 04:00:00", "forecastTime": 0, "parameterNumber": 2, "parameterNumberName": "eastward_wind"}, "data":
[rows 171 to 189 of 198, columns 86 to 128 of 255]
-3.88521671295166,-0.5469035506248474,0.8408048152923584,-2.3537251949310303,-4.121179103851318,-1.0594582557678223,-0.8900489807128906,-7.0855889320373535,-10.733607292175293,-9.314299583435059,-12.023189544677734,-13.997053146362305,-9.586638450622559,-8.538390159606934,-10.2550687789917,-12.122542381286621,-15.606367111206055,-18.63099479675293,-16.264673233032227,-11.477435111999512,-7.9903564453125,-5.807415962219238,-5.085037708282471,-1.0930728912353516,6.881752014160156,5.622561931610107,-2.2495176792144775,-4.3254170417785645,-0.8248690366744995,0.9248601198196411,4.055652141571045,15.523938179016113,21.37200355529785,13.904191970825195,3.662029504776001,-0.9889928698539734,-0.7640138268470764,-1.871274471282959,-2.901862144470215,-1.3571075201034546,-0.9033976197242737,-1.6950085163116455,-1.9131051301956177
-5.248010158538818,-0.8541885018348694,0.6125872135162354,-1.4045177698135376,-2.004526376724243,-1.0805433988571167,-2.5883655548095703,-7.85463285446167,-11.422178268432617,-10.219624519348145,-10.413918495178223,-11.32401180267334,-10.414953231811523,-9.404363632202148,-12.706683158874512,-13.873916625976562,-13.242807388305664,-15.61828899383545,-18.026939392089844,-10.790892601013184,-2.675560474395752,-0.4300346076488495,-4.7238311767578125,-2.770610809326172,6.614490032196045,6.0578131675720215,0.21726278960704803,-0.1816571205854416,4.604140281677246,5.184178829193115,6.645776271820068,14.661401748657227,14.278396606445312,3.765049457550049,-2.485663890838623,0.12846630811691284,0.48755037784576416,-2.379150629043579,-2.1119208335876465,-0.5022730827331543,-0.7080873250961304,-1.7304339408874512,-1.754478931427002
-6.848335266113281,-5.653934001922607,-2.7978060245513916,-3.313253164291382,-3.3984034061431885,-3.4168505668640137,-4.597995758056641,-6.738217353820801,-9.329475402832031,-10.510117530822754,-7.491361141204834,-6.57729959487915,-10.730400085449219,-12.006567001342773,-11.754311561584473,-13.159631729125977,-10.926334381103516,-11.568002700805664,-12.573098182678223,-7.364757537841797,-0.14019903540611267,3.4846231937408447,2.3260815143585205,1.8927046060562134,3.0338551998138428,5.157529830932617,6.210539817810059,6.310539245605469,7.691493034362793,10.778213500976562,15.865503311157227,15.523153305053711,5.9492716789245605,-3.3190488815307617,-2.8166096210479736,0.012479504570364952,-1.8145488500595093,-2.8189327716827393,-1.453670620918274,-0.17169901728630066,-0.5722497701644897,-1.3972313404083252,-1.3579438924789429
-3.5798678398132324,-3.704484462738037,-2.850978136062622,-2.1568856239318848,-1.0712889432907104,-1.7677501440048218,-4.298583030700684,-5.551868915557861,-6.933684349060059,-6.804175853729248,-4.198760032653809,-4.152317047119141,-6.361620903015137,-6.314702033996582,-5.710677146911621,-8.395491600036621,-12.177157402038574,-10.781403541564941,-5.258145332336426,-3.051541805267334,-5.297542572021484,-1.301596760749817,7.917723655700684,6.163329601287842,-1.3940554857254028,4.470243453979492,14.677201271057129,10.0292387008667,5.684060096740723,13.45297908782959,18.18079948425293,15.364870071411133,1.8444745540618896,-4.580258846282959,-2.3172779083251953,-1.789878010749817,-1.8752174377441406,-1.8260072469711304,-1.0098236799240112,-0.19564639031887054,-0.5206199884414673,-0.9070211052894592,-0.80319744348526
-0.31305238604545593,-1.3152192831039429,-2.1865103244781494,-1.17574942111969,1.4205278158187866,-1.2669808864593506,-6.326990127563477,-6.9795002937316895,-6.756694793701172,-6.235220432281494,-3.466611623764038,-4.018324851989746,-5.607351303100586,-6.300681114196777,-6.498088836669922,-4.87740421295166,-6.7222981452941895,-7.5736517906188965,-3.409566640853882,-4.020751476287842,-9.126091957092285,-2.9517300128936768,9.606566429138184,9.135499954223633,1.485822319984436,7.0004425048828125,15.093486785888672,7.517429351806641,6.161371231079102,14.668416976928711,20.263771057128906,10.72807788848877,-2.506758213043213,-4.9292826652526855,-2.4536211490631104,-1.4702821969985962,-1.054042100906372,-0.8810557126998901,-0.6301344633102417,-0.3002229332923889,-0.6685236096382141,-1.1505285501480103,-1.141798734664917
1.427311658859253,-0.14996379613876343,-0.8193316459655762,-0.20742161571979523,1.2621111869812012,-1.2116875648498535,-4.465766906738281,-5.1721930503845215,-7.211549758911133,-7.062611103057861,-5.276766777038574,-5.0499372482299805,-4.151349067687988,-3.658900022506714,-5.374653339385986,-5.703901767730713,-3.6699914932250977,-2.9668197631835938,-0.7153465747833252,-0.8409041166305542,-4.399058818817139,-0.3635263741016388,7.522535800933838,7.728290557861328,7.069370269775391,14.002249717712402,16.106355667114258,10.501690864562988,10.963683128356934,16.610736846923828,11.459321975708008,0.10486342757940292,-5.878308296203613,-5.044663429260254,-3.0785324573516846,-1.6235506534576416,-1.0315955877304077,-0.6556219458580017,-0.4250567853450775,-0.5956611633300781,-1.1285468339920044,-1.4163262844085693,-1.1086381673812866
0.6047160029411316,0.15962350368499756,0.7948025465011597,1.0398789644241333,1.2345026731491089,0.5283035635948181,-0.2191428542137146,-1.5492072105407715,-3.8729381561279297,-3.650880813598633,-3.2099437713623047,-3.0418388843536377,-0.7349216341972351,-0.818997859954834,-6.128645420074463,-6.729602336883545,0.7459985017776489,4.972620010375977,4.060108661651611,0.9767541289329529,-1.2550287246704102,0.29536041617393494,3.6424803733825684,3.166961431503296,3.893603801727295,9.140676498413086,14.076765060424805,14.373294830322266,14.394535064697266,11.710794448852539,4.109822750091553,-2.135221004486084,-3.6049911975860596,-4.297689437866211,-4.191788673400879,-2.6030635833740234,-1.5280553102493286,-1.0508460998535156,-0.8209587335586548,-1.2221171855926514,-1.5815072059631348,-1.1502455472946167,-0.5030149221420288
-1.5450263023376465,-0.2727019190788269,0.9788413643836975,2.1264288425445557,1.9921648502349854,0.7397567629814148,0.7107903361320496,-0.36246106028556824,-1.9531375169754028,-1.1991121768951416,-0.6989495158195496,-0.5100124478340149,0.2046850472688675,-0.011601367965340614,-3.0902349948883057,-4.125171184539795,1.3327144384384155,6.052092552185059,3.582772970199585,-1.309970736503601,0.6699633598327637,4.478725433349609,3.7922163009643555,1.1797585487365723,3.4018607139587402,9.901626586914062,13.153889656066895,11.061813354492188,8.190747261047363,7.6465253829956055,5.631826400756836,0.9692714214324951,-2.0439093112945557,-3.6740458011627197,-4.357938289642334,-3.204684019088745,-2.259777545928955,-2.178675651550293,-2.181065559387207,-1.9500038623809814,-1.4920439720153809,-1.310013771057129,-0.9415838718414307
0.33449846506118774,2.4072930812835693,2.300490140914917,2.070923328399658,1.3042069673538208,-0.29578185081481934,-1.1026815176010132,-1.4858406782150269,-1.4877240657806396,-0.9487510919570923,-1.2684921026229858,-1.2747780084609985,-0.8504217863082886,-0.27316468954086304,-0.9206066131591797,-0.9957934617996216,0.9777699708938599,2.550879716873169,1.1655722856521606,-0.8163424730300903,1.1857813596725464,5.034477710723877,5.400252819061279,3.461975336074829,1.7611629962921143,4.872751235961914,11.59540843963623,8.37494945526123,2.452024221420288,6.4538960456848145,8.102551460266113,2.2068300247192383,-1.8615914583206177,-2.1683781147003174,-1.1084811687469482,-0.7985270023345947,-1.183615803718567,-1.3560274839401245,-2.0424506664276123,-1.6183604001998901,-0.05026642605662346,-0.0038279227446764708,-0.4162699282169342
3.7548892498016357,5.029679775238037,5.274784088134766,3.1041674613952637,0.6593234539031982,-1.1452388763427734,-2.32859206199646,-2.8815090656280518,-3.6673500537872314,-4.700563430786133,-5.166229724884033,-4.793396949768066,-3.806149482727051,-2.283527135848999,-1.0270432233810425,0.11684810370206833,1.4928882122039795,2.649388074874878,2.4692227840423584,0.9643726944923401,1.3188303709030151,3.0592029094696045,4.379749774932861,4.082828044891357,0.5780264735221863,1.0561224222183228,5.809787273406982,2.62609601020813,-1.6720763444900513,4.5147881507873535,8.648104667663574,3.35030460357666,-0.9785065054893494,-1.6258007287979126,-0.21579718589782715,1.400387167930603,0.7410143613815308,-0.9115576148033142,-2.2794830799102783,-1.9255566596984863,0.2251146286725998,1.3813518285751343,1.3026026487350464
4.701120376586914,5.280159950256348,5.099386692047119,2.3936049938201904,0.07521875202655792,-1.267865777015686,-3.1283035278320312,-4.923682689666748,-6.620515823364258,-8.718545913696289,-10.027369499206543,-9.178645133972168,-6.69972562789917,-5.192689895629883,-3.568824529647827,-1.43635094165802,0.6850833892822266,2.930652379989624,3.5766992568969727,2.237356662750244,1.9341232776641846,1.6964185237884521,1.8457341194152832,1.7395693063735962,-0.11806677281856537,-0.21644288301467896,-0.6624760627746582,-5.458514213562012,-4.063436985015869,4.915388584136963,9.418133735656738,4.117681503295898,0.7652159333229065,1.2106167078018188,2.101451873779297,3.686833620071411,3.8711140155792236,2.4872777462005615,1.41536545753479,1.3517130613327026,2.445709705352783,3.4929256439208984,3.4981305599212646
2.575176954269409,3.6238672733306885,4.076987266540527,1.4041448831558228,-0.32559043169021606,-0.7243536114692688,-2.5920612812042236,-4.533945560455322,-5.173862934112549,-7.235264301300049,-10.952435493469238,-9.922901153564453,-7.476398468017578,-5.751529693603516,-4.561368465423584,-4.053387641906738,-3.6953184604644775,-2.477806568145752,-0.5114827156066895,0.32058998942375183,0.5448707938194275,0.8958209753036499,1.255176305770874,0.13682495057582855,-4.10840368270874,-7.132893085479736,-6.126060962677002,-5.011774063110352,-0.6050468683242798,4.130826473236084,5.296504974365234,5.797297954559326,5.478555679321289,2.731823682785034,2.718784809112549,4.804920196533203,6.79288387298584,5.315861225128174,3.0317578315734863,3.0003323554992676,5.474759578704834,6.791182994842529,5.8481974601745605
1.285826325416565,3.110549211502075,4.601656913757324,2.5339229106903076,0.5943171977996826,-0.4506227374076843,-2.0883045196533203,-2.3712925910949707,-2.4401581287384033,-4.1007981300354,-7.94058084487915,-9.158421516418457,-7.594398021697998,-5.040519714355469,-3.768507719039917,-4.385400772094727,-4.936777591705322,-5.192578315734863,-6.168379783630371,-6.952430248260498,-5.784169673919678,-4.686673164367676,-5.91524600982666,-8.848901748657227,-11.343650817871094,-10.504229545593262,-8.587203025817871,-2.845885753631592,1.7299925088882446,2.7102999687194824,2.862360715866089,5.188636779785156,6.535495758056641,6.992554187774658,5.596109390258789,4.604383945465088,4.45944356918335,0.7707529664039612,-0.09336889535188675,2.695084571838379,5.343287467956543,5.040735721588135,4.019893646240234
1.9658359289169312,3.5975096225738525,4.561870574951172,3.620004892349243,1.1454917192459106,-1.084257960319519,-2.537848949432373,-1.7971680164337158,-2.163950204849243,-3.7394955158233643,-5.699962139129639,-7.97415018081665,-6.915348529815674,-4.792054653167725,-3.826537847518921,-3.6962671279907227,-4.186905860900879,-3.3753392696380615,-2.5616841316223145,-4.608884334564209,-7.169600486755371,-7.5164995193481445,-8.930535316467285,-13.36134147644043,-15.077999114990234,-11.066323280334473,-3.9061272144317627,0.13755933940410614,2.597047805786133,4.647240161895752,4.41233491897583,3.101011276245117,2.030266046524048,4.092001438140869,6.309287071228027,2.9976208209991455,-1.1127183437347412,-3.68316650390625,-1.45595121383667,3.255420684814453,5.8889079093933105,5.335990905761719,2.32302188873291
1.0923786163330078,2.1849749088287354,2.2141666412353516,-0.22032642364501953,-2.0378386974334717,-2.5727202892303467,-3.2918214797973633,-1.4593151807785034,-2.049539804458618,-4.409271240234375,-5.7454447746276855,-7.651765823364258,-7.313049793243408,-4.640422344207764,-2.0497822761535645,-1.3916257619857788,-2.5417158603668213,-3.5147063732147217,-3.066648006439209,-3.8676607608795166,-5.2272233963012695,-5.092521667480469,-7.95062780380249,-13.772941589355469,-14.10931396484375,-7.519887924194336,-2.347762107849121,-1.1089693307876587,-0.5990709066390991,1.212601900100708,2.2124505043029785,1.6648327112197876,0.6066078543663025,0.5428463220596313,0.542510449886322,-1.8686054944992065,-4.438499927520752,-3.885512351989746,-0.8376414179801941,5.064998149871826,8.701826095581055,7.914233207702637,4.5773396492004395
0.2732648253440857,0.11732636392116547,-0.8423262238502502,-2.2432117462158203,-2.545231342315674,-2.9151101112365723,-2.749671697616577,-2.5918123722076416,-4.73287296295166,-5.743500232696533,-4.7192840576171875,-5.7568135261535645,-6.262643814086914,-5.583680629730225,-1.5767970085144043,-0.0958423987030983,-1.4276316165924072,-3.4578018188476562,-5.139447212219238,-7.335708141326904,-8.420872688293457,-6.0025715827941895,-7.403872489929199,-12.345205307006836,-8.222570419311523,-3.483137845993042,-5.178142070770264,-7.236862659454346,-7.23793363571167,-6.298630237579346,-5.373605251312256,-3.6749019622802734,-2.0746471881866455,-1.8687148094177246,-0.5118536949157715,0.12637272477149963,-1.2566975355148315,-0.7137970328330994,2.224989175796509,7.591406345367432,9.267910957336426,6.824399471282959,4.215610980987549
0.8266668319702148,-0.7961204051971436,-2.447512626647949,-3.693209171295166,-3.550348997116089,-3.12978196144104,-2.605571746826172,-4.094730854034424,-6.119803428649902,-5.0180230140686035,-4.455804824829102,-4.72360897064209,-4.32893705368042,-3.647212505340576,-2.541624069213867,-1.9178014993667603,-1.41037118434906,-1.3944427967071533,-5.5004119873046875,-10.76738452911377,-9.932987213134766,-5.953545570373535,-3.177251100540161,-7.333118915557861,-7.6016364097595215,-3.3912620544433594,-6.052221298217773,-8.29991340637207,-5.624303817749023,-3.667128086090088,-3.9228057861328125,-4.982763290405273,-5.333656311035156,-5.960890293121338,-4.62177848815918,-2.1852054595947266,-3.210092306137085,-3.6894073486328125,-0.5961413979530334,2.6724393367767334,2.4624927043914795,0.69054114818573,1.6449731588363647
2.949828624725342,-0.3278760612010956,-2.045281171798706,-3.2777369022369385,-3.5663177967071533,-2.897339344024658,-2.6543681621551514,-4.125216484069824,-5.478883743286133,-4.2748541831970215,-4.732890605926514,-6.821577072143555,-6.1171488761901855,-4.22245454788208,-4.952777862548828,-5.774845600128174,-3.3460593223571777,-0.7272398471832275,-4.524106025695801,-7.826258659362793,-3.9371368885040283,-0.010092558339238167,-0.8429514765739441,-6.96177864074707,-11.616559028625488,-8.558135986328125,-4.411801338195801,-4.8731913566589355,-5.440695285797119,-3.5241053104400635,-2.225374460220337,-1.6555776596069336,-3.458635091781616,-6.550466537475586,-5.164754390716553,-3.119438648223877,-3.6217970848083496,-5.29626989364624,-4.419178485870361,0.2705897092819214,1.2442271709442139,1.167777180671692,5.182101726531982
5.238351821899414,1.242303729057312,-1.557755708694458,-2.5670478343963623,-2.5860908031463623,-1.3550019264221191,-1.077999234199524,-1.750409483909607,-2.471667528152466,-3.0888540744781494,-5.502172946929932,-7.8052263259887695,-6.651080131530762,-4.199854373931885,-4.156264305114746,-4.801769733428955,-3.991253137588501,-2.6745455265045166,-3.355863094329834,-2.1070120334625244,-1.3853906393051147,-1.2108099460601807,-3.5948266983032227,-7.7119140625,-10.57165813446045,-7.733860492706299,-3.778578042984009,-1.8697612285614014,-3.108631134033203,-3.5421950817108154,0.27215051651000977,3.507354497909546,-0.9279079437255859,-5.005270957946777,-2.2478420734405518,0.6837438344955444,0.923535168170929,-0.7409114837646484,-1.4356136322021484,0.5104596614837646,1.1999995708465576,1.8726738691329956,5.69960355758667
