data/wind_data/wind_Surface_16.json
{"header": {"parameterUnit": "KT", "parameterCategory": 2, "nx": 255, "ny": 198, "lo1": 44.73521041870117, "la1": -3.236724853515625, "lo2": 111.26478576660156, "la2": 43.468475341796875, "dx": 0.26192745566368103, "dy": -0.23708222806453705, "refTime": "2025-02-19 16:00:00", "forecastTime": 0, "parameterNumber": 3, "parameterNumberName": "northward_wind"}, "data":
[rows 38 to 56 of 198, columns 129 to 171 of 255]
-5.6967597007751465,-6.101692199707031,-7.2444748878479,-6.877931118011475,-6.281376361846924,-4.6863322257995605,-2.065943956375122,-1.7621593475341797,1.1965248584747314,-2.161043882369995,-7.183687686920166,-5.4192023277282715,-3.900071620941162,-8.511017799377441,-8.528043746948242,-9.773321151733398,-9.876084327697754,-9.575931549072266,-8.402215957641602,-7.391371250152588,-7.716451644897461,-8.690444946289062,-9.532218933105469,-9.340087890625,-8.341416358947754,-8.122549057006836,-9.081518173217773,-8.725688934326172,-8.101802825927734,-8.028203964233398,-7.732340335845947,-7.249244213104248,-6.718019485473633,-6.68251371383667,-6.958940505981445,-6.884948253631592,-6.566690444946289,-6.643376350402832,-7.02523946762085,-7.163463592529297,-7.21633768081665,-7.470120429992676,-7.9701972007751465
-6.510964393615723,-7.402454376220703,-8.471964836120605,-7.601396560668945,-7.203339099884033,-5.804274082183838,-0.9743276238441467,-2.607936382293701,-3.913360595703125,-4.152073860168457,-5.926810264587402,-4.867400169372559,-2.888704538345337,-7.411795616149902,-7.115086555480957,-7.497947692871094,-8.098944664001465,-9.069103240966797,-9.545010566711426,-8.985499382019043,-8.815768241882324,-9.65908145904541,-11.00013542175293,-11.848085403442383,-11.409215927124023,-9.864291191101074,-9.57934284210205,-9.578681945800781,-9.307060241699219,-9.313787460327148,-9.28494930267334,-8.614006042480469,-8.055597305297852,-7.621335983276367,-7.586365699768066,-7.513082027435303,-7.361382961273193,-7.402052402496338,-7.508659362792969,-7.165863037109375,-6.80647087097168,-6.801982402801514,-7.053279876708984
-7.080986022949219,-8.338839530944824,-9.15069580078125,-8.499187469482422,-8.770709991455078,-5.357850074768066,1.558717131614685,0.9758721590042114,-1.8417822122573853,-2.2951369285583496,-2.4998350143432617,-2.1877596378326416,-2.0275495052337646,-6.404214859008789,-6.492618560791016,-6.951354026794434,-7.136579990386963,-7.8565144538879395,-9.045889854431152,-9.794659614562988,-9.038047790527344,-8.59294605255127,-8.731316566467285,-9.823569297790527,-10.786639213562012,-10.288095474243164,-9.499698638916016,-9.813098907470703,-9.883291244506836,-10.080100059509277,-10.273345947265625,-9.871648788452148,-9.432876586914062,-8.662050247192383,-8.045674324035645,-7.975690841674805,-8.282833099365234,-8.507596015930176,-8.432437896728516,-8.135414123535156,-7.79812479019165,-7.5734477043151855,-7.257047176361084
-7.616346836090088,-9.256843566894531,-10.109345436096191,-10.59109878540039,-11.271451950073242,-3.472140312194824,1.3361337184906006,1.7459243535995483,1.1719766855239868,1.2016210556030273,1.1038330793380737,0.2143825739622116,-1.8423978090286255,-5.869889259338379,-6.101410865783691,-6.356298446655273,-6.522940158843994,-6.8433003425598145,-7.6373820304870605,-8.385659217834473,-7.995597839355469,-7.184216499328613,-6.425637722015381,-6.975005626678467,-8.049773216247559,-8.669111251831055,-9.185342788696289,-9.759749412536621,-10.051688194274902,-10.468613624572754,-10.804901123046875,-10.432097434997559,-10.240013122558594,-9.559507369995117,-8.781207084655762,-8.420332908630371,-8.562533378601074,-8.875595092773438,-8.91817569732666,-9.069609642028809,-9.368383407592773,-9.149836540222168,-8.513336181640625
-8.510608673095703,-10.483259201049805,-11.62829303741455,-12.68992805480957,-11.751225471496582,-3.3809540271759033,-0.36094167828559875,0.7615528106689453,1.0633410215377808,2.2225193977355957,2.4493930339813232,0.9773625135421753,-3.939316511154175,-4.894436359405518,-5.508851528167725,-5.600635051727295,-5.600207805633545,-5.818156719207764,-6.25266170501709,-6.558296203613281,-6.547962665557861,-6.739324569702148,-6.871743202209473,-7.072417736053467,-7.23298978805542,-7.539531230926514,-8.087905883789062,-8.572213172912598,-9.225835800170898,-9.902400970458984,-10.255221366882324,-10.239521980285645,-10.427305221557617,-10.155834197998047,-9.536799430847168,-8.910141944885254,-8.797563552856445,-8.972496032714844,-8.989351272583008,-9.088677406311035,-9.672975540161133,-9.994980812072754,-9.480847358703613
-9.637517929077148,-11.80428409576416,-13.101012229919434,-13.948687553405762,-11.008776664733887,-2.6500420570373535,-1.6068862676620483,-0.7760225534439087,0.24805223941802979,1.4882961511611938,1.342000961303711,-0.26111358404159546,-3.9996182918548584,-4.061065196990967,-4.487557888031006,-4.720614910125732,-4.641443729400635,-4.5426926612854,-4.806076526641846,-5.294595718383789,-5.811917781829834,-6.065012454986572,-6.322082996368408,-6.585387706756592,-6.672143459320068,-6.705844402313232,-6.633691310882568,-7.140578269958496,-7.934542179107666,-8.575557708740234,-8.800533294677734,-9.31149959564209,-9.61365795135498,-9.79679012298584,-9.698266983032227,-9.354607582092285,-9.13535213470459,-9.07118034362793,-9.163055419921875,-9.062289237976074,-8.988229751586914,-9.603191375732422,-9.843320846557617
-9.875080108642578,-12.252886772155762,-13.700705528259277,-14.225411415100098,-11.126059532165527,-3.312605857849121,-1.8315742015838623,-1.2050423622131348,-0.3949219286441803,-0.309903621673584,-0.6876058578491211,-3.781970500946045,-4.056239128112793,-4.170847415924072,-4.009002685546875,-3.8879432678222656,-3.9117727279663086,-4.06962251663208,-4.237851619720459,-4.541965961456299,-4.890426158905029,-5.166149616241455,-5.407320499420166,-5.391040802001953,-5.585781574249268,-5.630434989929199,-5.795978546142578,-6.255978107452393,-6.826626300811768,-7.219324111938477,-7.431378364562988,-7.900420665740967,-8.38046646118164,-8.853257179260254,-9.222043991088867,-9.372746467590332,-9.172779083251953,-8.84843921661377,-8.811857223510742,-8.853848457336426,-8.704039573669434,-8.886148452758789,-9.152328491210938
-8.884246826171875,-10.933208465576172,-12.410221099853516,-12.760157585144043,-11.027124404907227,-7.130123138427734,-2.014676570892334,-2.2003908157348633,-1.483351230621338,-1.0451825857162476,-2.2014403343200684,-5.13918924331665,-4.648581027984619,-4.781532287597656,-4.692317962646484,-4.268377304077148,-3.7352116107940674,-3.6404755115509033,-3.9080123901367188,-4.373272895812988,-4.394679546356201,-4.677888870239258,-5.02655553817749,-5.214451313018799,-5.333221912384033,-5.396179676055908,-5.446983814239502,-5.622613906860352,-6.006892681121826,-6.2361860275268555,-6.308375358581543,-6.52694034576416,-7.054821014404297,-7.620142459869385,-8.197582244873047,-8.681320190429688,-8.856797218322754,-8.686823844909668,-8.287447929382324,-8.131841659545898,-8.12974739074707,-8.126028060913086,-8.048154830932617
-7.608301639556885,-8.93667221069336,-10.156014442443848,-10.543397903442383,-9.836925506591797,-7.431675434112549,-2.043647527694702,-2.602592945098877,-2.45273756980896,-1.3404535055160522,-4.947937965393066,-4.762482166290283,-4.989286422729492,-5.466446876525879,-5.541229724884033,-4.655660629272461,-2.913433074951172,-2.030405044555664,-3.0979907512664795,-3.9545795917510986,-4.000227928161621,-3.914912700653076,-3.889476776123047,-4.279966354370117,-4.5707221031188965,-4.836435794830322,-4.989889621734619,-5.210400581359863,-5.442407131195068,-5.546218395233154,-5.495061874389648,-5.535797119140625,-5.933085918426514,-6.552657127380371,-7.104078769683838,-7.471702575683594,-7.852169990539551,-8.055334091186523,-7.8389081954956055,-7.503516674041748,-7.358581066131592,-7.568032264709473,-7.699891090393066
-5.697762489318848,-6.081174850463867,-7.882144927978516,-8.13202953338623,-7.831490993499756,-6.506882667541504,-2.656864881515503,-1.9834049940109253,-2.330871820449829,-2.015012502670288,-5.595697402954102,-4.781972885131836,-4.789948463439941,-5.131890296936035,-5.221701622009277,-4.103241443634033,-1.8122762441635132,-1.4480384588241577,-2.93453311920166,-3.6254801750183105,-3.610227108001709,-3.3878049850463867,-3.3533968925476074,-3.699362277984619,-3.85410737991333,-3.911926746368408,-4.349156856536865,-4.81009578704834,-4.923240661621094,-5.037964344024658,-4.974275588989258,-4.8673787117004395,-5.060322284698486,-5.561180114746094,-6.141444206237793,-6.509089946746826,-6.638895034790039,-6.783047676086426,-7.012617588043213,-6.844461917877197,-6.670040607452393,-6.943093299865723,-7.495134353637695
-2.124056100845337,-2.3802080154418945,-5.665669918060303,-5.989930629730225,-6.166782855987549,-6.006662368774414,-4.79315185546875,-1.5041357278823853,-2.0798890590667725,-3.974717378616333,-4.4541425704956055,-4.690652370452881,-4.177858352661133,-4.56502103805542,-4.550638198852539,-3.727168321609497,-3.538241386413574,-3.9471969604492188,-4.049826622009277,-4.078183650970459,-3.731966495513916,-3.3790087699890137,-3.392798900604248,-3.5631887912750244,-3.71339750289917,-3.5923030376434326,-3.792985200881958,-4.186035633087158,-4.310452461242676,-4.443708896636963,-4.490856170654297,-4.429564476013184,-4.423323154449463,-4.5696892738342285,-4.95076847076416,-5.465310573577881,-5.813782215118408,-5.977994918823242,-5.9536967277526855,-5.835860729217529,-5.855127334594727,-6.133309841156006,-6.895040035247803
-1.006338357925415,-1.4241684675216675,-3.6786231994628906,-4.050529956817627,-4.832271099090576,-5.265693187713623,-4.722987651824951,-3.1530873775482178,-3.765213966369629,-3.8117623329162598,-4.0518598556518555,-4.357132911682129,-4.305395126342773,-4.853078365325928,-5.819831848144531,-5.846124172210693,-5.561421871185303,-5.121126174926758,-4.769580841064453,-4.301882266998291,-3.8339242935180664,-3.734625816345215,-3.699640989303589,-3.45522403717041,-3.5968756675720215,-3.5022261142730713,-3.452193021774292,-3.5091423988342285,-3.63938570022583,-3.8535478115081787,-4.085988998413086,-4.2314276695251465,-4.207444190979004,-4.0964579582214355,-4.066666603088379,-4.346477508544922,-4.862496852874756,-5.203967571258545,-5.236467361450195,-5.305983066558838,-5.446445465087891,-5.574824810028076,-5.891736030578613
-0.5424999594688416,-0.5501107573509216,-1.0171343088150024,-2.379279613494873,-3.089315176010132,-3.5477352142333984,-3.3830273151397705,-4.0476555824279785,-3.793146848678589,-3.488077402114868,-3.4987051486968994,-3.865654706954956,-4.666051387786865,-5.383059501647949,-6.925045490264893,-6.843570232391357,-4.53342866897583,-3.623436689376831,-4.241581439971924,-4.518888473510742,-4.481235980987549,-4.387783527374268,-4.312347412109375,-3.930612087249756,-3.6929702758789062,-3.3050763607025146,-3.0885446071624756,-3.072517156600952,-3.3207783699035645,-3.4439048767089844,-3.690782308578491,-3.919970750808716,-4.132770538330078,-4.222532272338867,-4.120924949645996,-4.055065631866455,-4.191675662994385,-4.465421199798584,-4.755862712860107,-4.925698280334473,-5.000967502593994,-5.0869622230529785,-5.28387451171875
0.5698006749153137,0.3777602016925812,-0.26558607816696167,-1.325486660003662,-1.7166985273361206,-2.0884487628936768,-2.824340581893921,-3.2780227661132812,-3.525970220565796,-3.5442023277282715,-3.223667860031128,-3.596412181854248,-4.057619571685791,-4.936587810516357,-5.567812442779541,-5.024319648742676,-4.1824212074279785,-4.2992143630981445,-4.633967876434326,-4.533111572265625,-4.720737457275391,-4.868284225463867,-4.633572101593018,-4.833651542663574,-4.563173294067383,-4.071659088134766,-3.526817560195923,-3.0480520725250244,-3.132774829864502,-3.5538394451141357,-3.4832963943481445,-3.462045431137085,-3.7712032794952393,-4.136163711547852,-4.431431770324707,-4.513162612915039,-4.459542274475098,-4.438401222229004,-4.474374771118164,-4.594457626342773,-4.729526042938232,-4.852351665496826,-5.060497760772705
2.532649278640747,2.0256409645080566,1.1668299436569214,0.18336829543113708,-0.6593762040138245,-1.0874704122543335,-1.8149601221084595,-2.786142587661743,-3.3032331466674805,-3.4605963230133057,-3.1903069019317627,-3.281614303588867,-3.2436327934265137,-3.802790403366089,-4.232983112335205,-4.321375846862793,-4.65700101852417,-4.883015155792236,-4.598576068878174,-4.470557689666748,-4.836324691772461,-4.989284515380859,-4.867424011230469,-5.213634967803955,-5.219691276550293,-5.051307201385498,-4.652588367462158,-4.041147708892822,-3.509916305541992,-3.475473165512085,-3.442796230316162,-3.467485189437866,-3.554978609085083,-3.7329647541046143,-4.214849948883057,-4.645197868347168,-4.814388751983643,-4.797665119171143,-4.799220085144043,-4.87135124206543,-4.95300817489624,-5.041090965270996,-5.180113792419434
4.818984508514404,3.8621459007263184,2.456371545791626,1.07829749584198,0.28625380992889404,0.05636056885123253,-0.5071225166320801,-1.488705039024353,-2.0640337467193604,-2.596346855163574,-2.520083427429199,-2.5215790271759033,-2.6847894191741943,-3.261366367340088,-3.4791171550750732,-3.3600034713745117,-3.3923134803771973,-3.524475336074829,-3.8409335613250732,-4.524494171142578,-4.938729286193848,-4.827773094177246,-4.742262363433838,-4.531249523162842,-4.894153594970703,-5.178555488586426,-4.920055866241455,-4.705092906951904,-4.501327991485596,-4.101858615875244,-4.07064962387085,-3.9140567779541016,-3.670802593231201,-3.64569354057312,-3.823159694671631,-4.226669788360596,-4.706404685974121,-5.001198768615723,-5.129464626312256,-5.203087329864502,-5.237573623657227,-5.324459075927734,-5.5025482177734375
3.0442020893096924,2.445624589920044,2.0139801502227783,1.1831697225570679,0.8754498958587646,0.6143758893013,0.3620681166648865,-0.2775506377220154,-0.7484473586082458,-1.3290597200393677,-1.862249493598938,-2.2007248401641846,-2.679931879043579,-2.724788188934326,-2.7542104721069336,-2.765148401260376,-2.526804208755493,-3.1123836040496826,-3.7720038890838623,-4.071963310241699,-4.3830647468566895,-4.56343412399292,-4.44443941116333,-4.076726913452148,-3.9096744060516357,-4.474264621734619,-5.038501739501953,-5.1614274978637695,-4.983323097229004,-4.81559944152832,-4.686738014221191,-4.316493988037109,-4.095909595489502,-4.047371864318848,-3.934926748275757,-3.8837177753448486,-4.272482395172119,-4.771247386932373,-5.148251533508301,-5.340425968170166,-5.339089393615723,-5.313686847686768,-5.390796184539795
-0.7650648951530457,-0.451650470495224,0.8887650370597839,1.445495367050171,1.535317063331604,1.428155541419983,1.3128622770309448,0.4994554817676544,-0.13611860573291779,-0.6186302304267883,-1.0240590572357178,-1.5168941020965576,-1.9201515913009644,-2.0143651962280273,-2.6460494995117188,-3.191019296646118,-3.243488311767578,-3.1905264854431152,-3.6306514739990234,-3.7186994552612305,-3.852292060852051,-4.1003875732421875,-4.385159015655518,-4.2592387199401855,-3.788822650909424,-3.9307732582092285,-4.780099391937256,-5.2655487060546875,-5.201345443725586,-4.88405704498291,-4.898984432220459,-4.829065322875977,-4.762728691101074,-4.664762020111084,-4.3038506507873535,-4.017756462097168,-4.000044345855713,-4.300817966461182,-4.72152042388916,-5.053659439086914,-5.16239070892334,-5.10141658782959,-5.072035789489746
-1.4077517986297607,-1.727792501449585,-0.22953182458877563,0.9489921927452087,1.5217660665512085,2.660599946975708,1.964015245437622,1.3959310054779053,0.7235603332519531,0.11209381371736526,-0.3833433985710144,-0.6514817476272583,-0.9640890955924988,-1.497687578201294,-2.215277910232544,-2.578840970993042,-3.091651439666748,-3.2166597843170166,-3.482517957687378,-3.604198694229126,-3.60671329498291,-3.729982376098633,-4.016366004943848,-4.24326229095459,-4.357223033905029,-4.231782913208008,-4.325244426727295,-4.849893093109131,-5.336693286895752,-5.500941753387451,-5.378844738006592,-5.380941390991211,-5.215219497680664,-5.072930812835693,-4.8850178718566895,-4.588003158569336,-4.239102840423584,-4.11490535736084,-4.288351058959961,-4.609912872314453,-4.883977890014648,-4.948327541351318,-4.87723970413208
