data/wind_data/wind_Surface_60.json
{"header": {"parameterUnit": "KT", "parameterCategory": 2, "nx": 255, "ny": 198, "lo1": 44.73521041870117, "la1": -3.236724853515625, "lo2": 111.26478576660156, "la2": 43.468475341796875, "dx": 0.26192745566368103, "dy": -0.23708222806453705, "refTime": "2025-02-21 12:00:00", "forecastTime": 0, "parameterNumber": 3, "parameterNumberName": "northward_wind"}, "data":
[rows 171 to 189 of 198, columns 129 to 171 of 255]
1.8117085695266724,1.3218109607696533,1.224677324295044,1.1323117017745972,0.8927305340766907,0.11872337758541107,-1.2038236856460571,-2.349430799484253,-2.2518062591552734,-1.283200740814209,-1.2451212406158447,-2.4996252059936523,-2.8065783977508545,-2.865743398666382,-3.303957223892212,-4.272902488708496,-4.430284023284912,-4.718330383300781,-4.932811737060547,-4.7241597175598145,-4.494332790374756,-4.403924942016602,-4.462315082550049,-4.519819736480713,-4.049824237823486,-3.4072585105895996,-4.423161506652832,-4.683041095733643,-5.4070258140563965,-5.134317398071289,-4.595767021179199,-4.443939685821533,-3.7502124309539795,-3.102867364883423,-1.9374042749404907,-1.2318061590194702,-2.6286144256591797,-5.4922871589660645,-8.455739974975586,-6.922158241271973,-6.454932689666748,-8.223301887512207,-9.646514892578125
1.8170028924942017,2.135462522506714,2.5462276935577393,2.443809986114502,1.8252058029174805,1.0348045825958252,0.2787421941757202,0.0028507488314062357,0.2942303419113159,1.1015022993087769,1.0028125047683716,-0.00744321895763278,-0.6784180402755737,-1.5080991983413696,-2.2549448013305664,-3.1430368423461914,-3.694084882736206,-4.189000129699707,-4.257319450378418,-4.061563014984131,-4.0368971824646,-3.948944091796875,-4.01295280456543,-3.9889256954193115,-3.7809789180755615,-3.652177572250366,-4.129377365112305,-4.398416996002197,-4.476884365081787,-5.217560768127441,-5.141716003417969,-4.054926872253418,-2.5609302520751953,-1.6442556381225586,-0.7323788404464722,-0.9057462215423584,-2.22330379486084,-4.286350727081299,-7.052464962005615,-8.712523460388184,-6.507133483886719,-6.153944969177246,-6.599748134613037
1.801559329032898,1.8566266298294067,2.3772013187408447,2.519369125366211,2.276418924331665,1.8996000289916992,1.9303332567214966,2.4796454906463623,2.34108304977417,1.3967329263687134,1.2292479276657104,1.0732879638671875,0.2257349193096161,-0.5082868337631226,-1.2138055562973022,-1.728559970855713,-2.559547185897827,-3.0591747760772705,-3.1317880153656006,-3.254589319229126,-3.2364017963409424,-3.3312273025512695,-3.3843748569488525,-3.4419503211975098,-3.3834478855133057,-2.9890780448913574,-2.974546432495117,-2.9548463821411133,-3.4798741340637207,-4.294117450714111,-4.494935989379883,-4.175206661224365,-3.5815463066101074,-2.575303316116333,-1.4278807640075684,-0.9923714995384216,-1.8419688940048218,-2.869427442550659,-4.99418306350708,-5.849057674407959,-6.0199456214904785,-5.709100246429443,-5.236077308654785
2.8119325637817383,2.7051353454589844,2.7365686893463135,2.8383617401123047,3.1276111602783203,2.9383089542388916,3.0502102375030518,2.001263380050659,1.2788524627685547,0.5870537161827087,0.3775399625301361,-0.06554904580116272,-0.4435352385044098,-0.4134039878845215,-0.7892698645591736,-1.3139415979385376,-1.8843837976455688,-2.206727981567383,-2.416562557220459,-2.8291239738464355,-2.522829532623291,-2.389974594116211,-2.2189016342163086,-2.5486984252929688,-2.3071789741516113,-1.9067728519439697,-1.9179719686508179,-2.258941411972046,-2.5087947845458984,-2.8759994506835938,-3.1096251010894775,-3.275876998901367,-4.018467903137207,-3.92961049079895,-3.6308932304382324,-2.6952993869781494,-1.3537403345108032,-1.7502872943878174,-3.051286458969116,-3.0730743408203125,-4.224321365356445,-4.955121994018555,-4.558418273925781
2.5726735591888428,3.671067953109741,2.572465658187866,2.442471742630005,2.5737721920013428,2.698897361755371,2.2555179595947266,0.5816069841384888,0.22407269477844238,1.3890444040298462,0.8712853193283081,-0.12007000297307968,-0.10169847309589386,-0.45189616084098816,-0.840867817401886,-1.0244243144989014,-1.3501077890396118,-1.805370807647705,-2.2084014415740967,-2.427690029144287,-2.260557174682617,-2.0721092224121094,-1.6355152130126953,-1.4432756900787354,-1.118474006652832,-1.1292130947113037,-1.3163939714431763,-1.8877304792404175,-2.404442071914673,-2.647488594055176,-3.231280565261841,-3.605898857116699,-4.0217695236206055,-4.496562957763672,-4.172953128814697,-3.378143787384033,-1.6000171899795532,-1.1573480367660522,-1.6540473699569702,-1.2393659353256226,0.3597070872783661,-0.5322744846343994,-2.12638521194458
2.6295111179351807,3.175426483154297,2.8223800659179688,2.6038591861724854,2.389582395553589,2.4128849506378174,1.5129629373550415,0.6299082040786743,0.9174332022666931,1.8394627571105957,1.339911937713623,0.1766122579574585,0.143154576420784,-0.34029045701026917,-0.6664714217185974,-0.9509577751159668,-1.378844141960144,-1.8522943258285522,-2.1861956119537354,-2.1828083992004395,-1.8809831142425537,-1.3295707702636719,-0.6255947351455688,-0.1098649650812149,-0.036691080778837204,-0.4500102698802948,-1.0287822484970093,-1.6951165199279785,-2.0955710411071777,-2.374068260192871,-2.5855138301849365,-3.2843689918518066,-4.172372817993164,-4.457552909851074,-4.014668941497803,-3.3354671001434326,-3.023491859436035,-3.3203039169311523,-3.7745327949523926,-2.5426862239837646,0.4799320101737976,1.3611745834350586,0.23527204990386963
3.854912042617798,2.9591472148895264,2.5800693035125732,2.693647861480713,2.886458158493042,3.024075746536255,2.8211092948913574,2.1751227378845215,0.8536156415939331,0.9091293215751648,1.3579158782958984,0.3318045735359192,0.5915917158126831,0.38969501852989197,0.18961568176746368,-0.23506420850753784,-0.7826489210128784,-1.3650128841400146,-1.7066543102264404,-1.7678943872451782,-1.4052199125289917,-0.2750799357891083,0.8116106986999512,1.0344886779785156,0.6266525387763977,-0.0285036638379097,-0.9074369668960571,-1.4284861087799072,-1.3994300365447998,-1.476476788520813,-1.8471531867980957,-2.3461673259735107,-2.9584031105041504,-3.491361379623413,-3.801234245300293,-3.633269786834717,-3.047685146331787,-3.455202579498291,-4.458414554595947,-4.900888919830322,-4.432460308074951,-3.809882164001465,-3.313732147216797
4.204944610595703,4.469869613647461,3.439577341079712,3.8213913440704346,3.496976375579834,3.566805362701416,3.418121576309204,2.0858700275421143,0.5855379700660706,0.8513680100440979,1.8357402086257935,0.6926558017730713,0.7362488508224487,0.5468469858169556,0.41974836587905884,0.08639981597661972,-0.3667972981929779,-1.040944218635559,-1.285508155822754,-1.3834062814712524,-1.2664141654968262,0.07663841545581818,1.5204945802688599,1.6006054878234863,1.1560757160186768,0.6167110204696655,-0.18372215330600739,-0.7134566307067871,-1.0281633138656616,-1.1696760654449463,-1.465561032295227,-1.672686219215393,-1.9822440147399902,-2.545250654220581,-3.056509017944336,-2.8722293376922607,-1.8233989477157593,-1.6261911392211914,-2.1095376014709473,-2.7201356887817383,-4.268215179443359,-5.801767826080322,-6.845896244049072
4.388023853302002,4.35101318359375,4.047735691070557,3.818650007247925,3.0702242851257324,3.255415916442871,2.850886344909668,3.060070514678955,2.490161180496216,2.0399153232574463,2.1788947582244873,1.5065656900405884,0.9660542011260986,0.361216276884079,-0.12506715953350067,-0.45905065536499023,-0.79560786485672,-1.2178064584732056,-1.3890407085418701,-1.0389211177825928,-0.5878440141677856,0.6407974362373352,1.7220171689987183,1.5802286863327026,1.3784185647964478,1.2714903354644775,0.6892719268798828,-0.17409996688365936,-0.7684023976325989,-0.8762845993041992,-1.0197221040725708,-1.3824965953826904,-1.7377445697784424,-1.959610939025879,-2.320624351501465,-2.171342611312866,-1.009301781654358,-0.27677491307258606,-0.9750625491142273,-1.601867437362671,-2.864234209060669,-4.606235980987549,-6.139400959014893
4.832685947418213,3.6787354946136475,2.929450750350952,2.843748092651367,2.604656219482422,2.796349048614502,2.980329751968384,3.040663480758667,3.1145598888397217,2.5954220294952393,2.4198780059814453,1.6473519802093506,1.1319775581359863,-0.26629582047462463,-1.2513858079910278,-1.6404517889022827,-1.7587931156158447,-1.984315276145935,-1.9068777561187744,-0.9555090665817261,0.1726049780845642,1.2377184629440308,1.7714309692382812,1.4065711498260498,0.9701376557350159,0.6339446306228638,0.3203355073928833,-0.024736642837524414,-0.3388373553752899,-0.867669939994812,-1.4518420696258545,-1.9511646032333374,-2.19059419631958,-1.9130150079727173,-2.013122081756592,-2.5510993003845215,-1.6361676454544067,0.6512435078620911,0.5426652431488037,-0.7634983658790588,-1.9521230459213257,-3.3340952396392822,-5.13737678527832
4.51686954498291,3.66981840133667,2.487497568130493,2.572077989578247,2.8789761066436768,3.3254520893096924,2.579301118850708,2.8297922611236572,3.535431385040283,3.7679076194763184,3.4026265144348145,2.990887403488159,0.4638644754886627,-1.158433437347412,-2.262519121170044,-2.580003499984741,-2.478102922439575,-2.8132340908050537,-2.9483652114868164,-1.9985579252243042,0.13401713967323303,0.4275093674659729,0.306624174118042,-0.0487665981054306,-0.8209601044654846,-1.2829551696777344,-1.1857229471206665,-0.6204543709754944,-0.4879154562950134,-1.1511867046356201,-1.720890760421753,-1.8451625108718872,-2.096034049987793,-2.122894525527954,-2.723328113555908,-4.098333358764648,-4.400999546051025,-2.321451187133789,-0.6455153822898865,-0.5429382920265198,-1.579100489616394,-2.67142915725708,-3.854619026184082
5.900844097137451,4.386143684387207,3.3681323528289795,3.2158093452453613,4.599813461303711,3.907961845397949,3.5613553524017334,3.3947181701660156,2.3023505210876465,1.9915670156478882,2.1571364402770996,1.7067824602127075,0.577057957649231,-1.0117863416671753,-1.8034988641738892,-2.1379127502441406,-1.9737995862960815,-1.9419835805892944,-2.531651258468628,-2.774001359939575,-1.1284184455871582,0.26585134863853455,-0.17132221162319183,-0.6312175989151001,-1.3316102027893066,-1.8649884462356567,-2.1348624229431152,-2.6918883323669434,-1.8579888343811035,-1.0020722150802612,-0.8852406144142151,-1.7602131366729736,-1.391664743423462,-2.5910613536834717,-3.4571454524993896,-4.01170015335083,-5.656484127044678,-5.473730564117432,-5.044838905334473,-3.9333605766296387,-3.40104079246521,-3.253671169281006,-3.3533918857574463
8.335591316223145,8.49395751953125,7.319897174835205,6.545471668243408,5.0122175216674805,3.839573383331299,3.3619232177734375,2.216087818145752,1.3349038362503052,0.9210272431373596,1.0858337879180908,0.8577437400817871,0.9861809015274048,-0.33429524302482605,-0.02616407535970211,1.2478241920471191,1.7975475788116455,1.9415507316589355,1.3901855945587158,-0.18660441040992737,-0.55817711353302,0.9234266877174377,0.4293826222419739,-0.15689775347709656,-0.551711916923523,-0.9837608933448792,-1.6394766569137573,-3.559079170227051,-2.5913524627685547,-1.9852215051651,-2.7040953636169434,-3.18349027633667,-2.515404462814331,-3.31221604347229,-1.7988743782043457,-1.707461953163147,-4.139361381530762,-5.8201093673706055,-7.174806594848633,-6.850437641143799,-5.920978546142578,-4.719183921813965,-3.7279305458068848
9.220422744750977,6.58772611618042,7.374289512634277,6.259785175323486,3.9332449436187744,4.120259761810303,3.166849374771118,2.7777891159057617,2.9731991291046143,2.915806770324707,2.8568010330200195,2.5670456886291504,1.7917970418930054,1.1397485733032227,0.5969029664993286,1.1167832612991333,3.0720958709716797,3.4500579833984375,3.3210301399230957,2.035444974899292,0.6702350974082947,0.29879331588745117,0.1494278758764267,0.1335660070180893,0.2957189381122589,0.26327425241470337,0.21321208775043488,-0.7109857797622681,-1.8518952131271362,-1.372680902481079,-2.0097317695617676,-2.5486111640930176,-2.767404317855835,-2.5201423168182373,-1.3474349975585938,-0.8082557320594788,-2.4855916500091553,-5.242225170135498,-6.866561412811279,-7.191984176635742,-6.524818420410156,-5.710394382476807,-5.117268085479736
9.211202621459961,3.404676914215088,2.3093440532684326,1.173505187034607,2.1711387634277344,3.3922910690307617,3.2768077850341797,3.295259952545166,3.986496925354004,4.288031578063965,4.040842056274414,3.314868688583374,2.996204137802124,2.3609116077423096,0.8249384760856628,0.9266119003295898,2.5497007369995117,3.016982078552246,2.5611560344696045,1.5758663415908813,0.5949798226356506,0.08729632943868637,-0.38990846276283264,-0.7950981259346008,-0.4397573471069336,0.5937798619270325,0.4693170487880707,0.28658583760261536,-1.0553086996078491,-1.7063305377960205,-3.1507959365844727,-4.095906734466553,-3.5112669467926025,-2.5684378147125244,-2.3582804203033447,0.6316818594932556,-1.7353689670562744,-4.650269508361816,-5.8218560218811035,-5.985262870788574,-6.229933738708496,-6.257571220397949,-6.314926624298096
10.59514045715332,4.0068535804748535,2.7651171684265137,0.7062631249427795,-0.07094444334506989,1.3043427467346191,3.1220316886901855,2.494140386581421,2.87333345413208,4.100694179534912,4.142666339874268,3.4613046646118164,2.8391213417053223,1.4140344858169556,0.5118666887283325,2.0219266414642334,1.1543951034545898,0.7579094767570496,0.8287726640701294,0.8847057223320007,0.5205501914024353,-0.11518660932779312,-0.8578168153762817,-0.6946330070495605,-0.8142715096473694,0.34205204248428345,1.5626782178878784,-0.668725311756134,-3.578723192214966,-5.44467830657959,-6.507205963134766,-6.595355033874512,-5.439634799957275,-2.0491790771484375,0.5086048245429993,2.000314712524414,-1.4975504875183105,-4.009713172912598,-5.019094944000244,-6.034803867340088,-6.274900913238525,-6.395627021789551,-6.25840950012207
11.480443954467773,6.244814395904541,4.670079231262207,3.364262580871582,1.0896823406219482,2.7208328247070312,3.9316413402557373,3.727400302886963,3.224341630935669,3.764012098312378,3.467493772506714,3.357149839401245,2.275437116622925,0.46522587537765503,-1.3562214374542236,0.5416339635848999,0.13332922756671906,-0.3981292247772217,-0.8728470802307129,-0.34020254015922546,0.47548410296440125,0.9750635623931885,1.0737982988357544,0.4562886953353882,-1.2016468048095703,-2.0118932723999023,0.19807618856430054,-2.0585999488830566,-4.615571975708008,-5.099196910858154,-6.577817440032959,-6.144992351531982,-5.9227776527404785,-3.704881191253662,-0.3606439232826233,0.520747184753418,-0.9899259805679321,-2.2763633728027344,-3.8470542430877686,-4.83680534362793,-5.010906219482422,-4.817806243896484,-5.045443534851074
6.069643974304199,10.014641761779785,6.8310956954956055,4.559438705444336,3.7100765705108643,2.245013952255249,3.6659250259399414,3.499936103820801,4.932400226593018,4.784828186035156,4.56333065032959,3.073241710662842,0.6729224920272827,-0.020341934636235237,-1.024269700050354,1.217819094657898,1.997941017150879,1.1297622919082642,-0.6616464853286743,-1.595958948135376,-1.4452487230300903,-1.0499347448349,-0.6131302714347839,-1.4606236219406128,-4.707949638366699,-4.498783111572266,-3.8958733081817627,-4.253163814544678,-1.0034931898117065,-2.8448915481567383,-5.198235034942627,-4.209959506988525,-4.335171222686768,-4.331269264221191,-3.0429635047912598,0.39616838097572327,-0.14205171167850494,-1.1635394096374512,-2.13226056098938,-2.6989426612854004,-1.544888973236084,-2.1481921672821045,-3.8707070350646973
-4.380325794219971,8.575483322143555,9.421751022338867,7.704125881195068,4.49861478805542,1.3914169073104858,-0.3875361382961273,2.628673553466797,3.2737441062927246,2.043139934539795,2.575709104537964,3.1204378604888916,1.6603875160217285,2.258575439453125,0.9962177872657776,0.7742590308189392,1.6428287029266357,1.4277920722961426,0.42786335945129395,-0.5652015209197998,-0.6243692636489868,-0.4578602612018585,-0.338794082403183,-0.6820131540298462,-3.246103286743164,-3.393907308578491,-3.3706374168395996,-1.7921168804168701,2.095734119415283,-3.1342344284057617,-3.2355477809906006,-2.2284247875213623,-2.0809905529022217,-2.383812189102173,-3.441892385482788,0.39679306745529175,0.8697953820228577,1.4660074710845947,1.3712724447250366,2.0835916996002197,-0.07355781644582748,-3.3412249088287354,-5.100998878479004
