data/wind_data/wind_44_4.json
{"header": {"parameterUnit": "KT", "parameterCategory": 2, "nx": 256, "ny": 198, "lo1": 44.73521041870117, "la1": -3.236724853515625, "lo2": 111.26478576660156, "la2": 43.468475341796875, "dx": 0.2609002888202667, "dy": -0.23708222806453705, "refTime": "2025-02-20 20:00:00", "forecastTime": 0, "parameterNumber": 2, "parameterNumberName": "eastward_wind"}, "data":
[rows 0 to 18 of 198, columns 132 to 175 of 256]
-4.1750335693359375,-4.097862720489502,-4.2055134773254395,-4.367588520050049,-4.329132556915283,-4.188933849334717,-4.007223129272461,-3.7922110557556152,-3.5449464321136475,-3.3521430492401123,-3.35628604888916,-3.1706430912017822,-2.554039478302002,-2.0863075256347656,-1.9234873056411743,-1.7850955724716187,-1.6509642601013184,-1.3681610822677612,-0.9470946788787842,-0.8998678922653198,-1.1308140754699707,-1.077235460281372,-0.8132068514823914,-0.334831178188324,0.24184709787368774,0.6474767327308655,0.9073848724365234,0.850652813911438,0.8453894853591919,1.346839427947998,1.8463226556777954,2.0650899410247803,2.1868114471435547,2.210207462310791,2.350332736968994,2.6736528873443604,3.0895066261291504,3.601435899734497,3.9588706493377686,4.157504558563232,4.261183261871338,4.302213668823242,4.575311183929443,4.984059810638428
-4.269041538238525,-4.305386066436768,-4.447844982147217,-4.555115699768066,-4.54816198348999,-4.573571681976318,-4.516606330871582,-4.168322563171387,-3.911968946456909,-3.8686718940734863,-4.002403259277344,-3.816096782684326,-3.201664447784424,-2.741016387939453,-2.479691982269287,-2.264461040496826,-2.1002824306488037,-1.7893356084823608,-1.454862117767334,-1.4116898775100708,-1.4136203527450562,-1.2273671627044678,-1.0475999116897583,-0.833974301815033,-0.4423059821128845,0.14128966629505157,0.5086405873298645,0.361813485622406,0.3549489676952362,0.6850166320800781,0.9409558176994324,1.2370967864990234,1.5769883394241333,1.7459667921066284,1.891154408454895,2.238579511642456,2.9151928424835205,3.657809257507324,3.707536458969116,3.343827247619629,3.199387550354004,3.2016358375549316,3.519543170928955,4.15996789932251
-4.435296535491943,-4.527851104736328,-4.678127765655518,-4.7449212074279785,-4.795041561126709,-4.993160247802734,-4.966632843017578,-3.9836294651031494,-3.58728289604187,-3.7479407787323,-3.974043607711792,-3.8469767570495605,-3.392218828201294,-3.1997764110565186,-3.190117835998535,-3.0128002166748047,-2.7577245235443115,-2.4287595748901367,-2.150683879852295,-1.9701675176620483,-1.7896939516067505,-1.5981429815292358,-1.3730876445770264,-1.1814653873443604,-0.961089551448822,-0.6125660538673401,-0.3735315501689911,-0.39650869369506836,-0.42651835083961487,-0.35553285479545593,-0.20337575674057007,0.13357855379581451,0.48178431391716003,0.5938605070114136,0.6934545636177063,1.079577088356018,1.6972415447235107,2.288386106491089,2.3143486976623535,2.0432703495025635,2.374351978302002,3.1884825229644775,3.72387433052063,4.138875484466553
-4.818733215332031,-4.999082565307617,-4.882092475891113,-4.771202564239502,-5.0239362716674805,-5.188819408416748,-4.914406776428223,-3.274702787399292,-2.128260374069214,-3.026381254196167,-3.594904899597168,-3.638463258743286,-3.549022674560547,-3.700183868408203,-3.8612613677978516,-3.5603373050689697,-3.253239393234253,-3.0125527381896973,-2.7464888095855713,-2.3987739086151123,-2.170872688293457,-1.9812631607055664,-1.6086714267730713,-1.2945799827575684,-1.2273768186569214,-1.2358500957489014,-1.1376421451568604,-1.0154991149902344,-1.0612239837646484,-1.1361316442489624,-0.9403390884399414,-0.6187134981155396,-0.4274637699127197,-0.3804994523525238,-0.22669395804405212,0.1857064962387085,0.6996435523033142,1.1542631387710571,1.212542176246643,1.0388737916946411,1.6528732776641846,2.9667162895202637,3.692746877670288,3.9405479431152344
-5.14721155166626,-5.483423709869385,-4.399877071380615,-3.283726453781128,-5.226054668426514,-4.178587436676025,0.04427937790751457,-2.491544485092163,1.6352214813232422,-1.0520755052566528,-3.0539801120758057,-3.787308931350708,-4.40808629989624,-4.89513635635376,-5.191115379333496,-4.2165045738220215,-3.9087419509887695,-3.8389627933502197,-3.5649898052215576,-3.163748264312744,-3.3210740089416504,-3.1789357662200928,-2.6548171043395996,-1.8820388317108154,-1.5376719236373901,-1.805780291557312,-1.9726507663726807,-1.627144455909729,-1.1316027641296387,-0.9851719737052917,-0.907077968120575,-0.8437419533729553,-0.6367955803871155,-0.5197422504425049,-0.7334773540496826,-0.7964667677879333,-0.37554988265037537,0.16482262313365936,0.6965487003326416,0.814471423625946,0.977604866027832,1.1708890199661255,1.828516960144043,3.0644707679748535
-6.134949684143066,-6.162380695343018,-5.904407501220703,-4.563497543334961,-6.765329360961914,-8.775355339050293,-7.7730712890625,-4.679563045501709,-3.134713649749756,-3.983837127685547,-4.243386745452881,-3.8988797664642334,-2.7255194187164307,-3.3762197494506836,-5.313648700714111,-4.822500228881836,-4.269260406494141,-4.076143264770508,-4.089849472045898,-4.198305606842041,-4.0991129875183105,-3.510921001434326,-2.805258274078369,-2.31516695022583,-2.000035047531128,-1.9544131755828857,-1.8434511423110962,-1.5516000986099243,-1.3129785060882568,-1.166991114616394,-1.0586237907409668,-1.0997103452682495,-0.9013794660568237,-0.70168536901474,-0.7131096124649048,-0.3944486975669861,-0.1812388300895691,0.1111200675368309,0.7454327940940857,1.009397268295288,1.5323127508163452,1.197715401649475,1.731868028640747,2.3738880157470703
-6.743392467498779,-5.904013633728027,-4.653310775756836,-4.344124794006348,-6.252483367919922,-7.313814640045166,-7.476681709289551,-5.112035274505615,-4.401372909545898,-4.563120365142822,-4.262511730194092,-4.9596357345581055,-6.436617374420166,-6.101576805114746,-5.8074212074279785,-5.06355094909668,-4.481781482696533,-4.5222249031066895,-4.399644374847412,-4.479774475097656,-4.446904182434082,-3.905816078186035,-3.2719645500183105,-2.833735942840576,-2.340684175491333,-1.8446158170700073,-1.5176804065704346,-1.546715259552002,-1.720379114151001,-1.6976546049118042,-1.5575159788131714,-1.181353211402893,-0.7311701774597168,-0.4650331139564514,-0.7799059748649597,-0.45359790325164795,0.09314481914043427,0.5894338488578796,0.2191084772348404,1.7128382921218872,1.445223093032837,0.20378537476062775,1.0614243745803833,1.8860615491867065
-6.933568477630615,-6.411001205444336,-5.653561115264893,-5.550999641418457,-6.625210285186768,-7.48894739151001,-6.943880558013916,-6.500627040863037,-5.745607376098633,-5.690549850463867,-5.435822486877441,-6.042476654052734,-6.560726642608643,-6.945597171783447,-6.405217170715332,-5.408271312713623,-4.90429162979126,-4.576335906982422,-4.402079105377197,-4.063287258148193,-4.071770668029785,-3.7417221069335938,-3.3980116844177246,-3.1726255416870117,-2.666862726211548,-2.0071797370910645,-1.6062965393066406,-1.781147837638855,-2.247680425643921,-2.717372417449951,-2.6507644653320312,-1.7306913137435913,-0.5760035514831543,0.0652724876999855,-0.17200107872486115,-0.02910270169377327,0.500052809715271,1.02321457862854,0.4688597023487091,1.6395312547683716,0.7576936483383179,0.35612303018569946,0.9440193176269531,1.2612760066986084
-7.137203216552734,-6.467636585235596,-6.475673198699951,-6.225686073303223,-6.665658473968506,-7.558353424072266,-7.503448963165283,-6.772597789764404,-6.647733211517334,-6.5793681144714355,-6.212462902069092,-6.877311706542969,-7.591224670410156,-6.988347053527832,-6.525511741638184,-5.736797332763672,-4.849794387817383,-4.321333408355713,-3.8168044090270996,-3.6198859214782715,-3.7255942821502686,-3.6682651042938232,-3.7678539752960205,-3.6555733680725098,-3.060194253921509,-2.4560625553131104,-2.009006977081299,-2.310098648071289,-2.7831714153289795,-3.545213222503662,-3.6092727184295654,-2.3212544918060303,-0.5471373796463013,1.241957426071167,1.1861138343811035,1.2303599119186401,1.0196186304092407,0.23078653216362,0.8057404160499573,1.355871558189392,0.5708592534065247,0.1867808699607849,0.6494365334510803,1.2969683408737183
-7.375172138214111,-6.016693115234375,-6.484944820404053,-6.221101760864258,-6.331570148468018,-7.225701332092285,-6.991488456726074,-6.752797603607178,-6.514189720153809,-6.649564266204834,-6.626364231109619,-6.801361083984375,-6.746480464935303,-6.084492206573486,-6.675856590270996,-6.451808452606201,-5.022177219390869,-3.960212469100952,-3.5675172805786133,-3.6429734230041504,-3.481311559677124,-3.3596155643463135,-3.70979380607605,-3.408369541168213,-3.070066213607788,-2.281087636947632,-2.3004770278930664,-2.7440457344055176,-3.2410976886749268,-3.295823574066162,-3.036259174346924,-1.8850398063659668,-0.021576276049017906,1.9418604373931885,2.1959376335144043,1.6384148597717285,1.1883187294006348,0.9671420454978943,1.2372206449508667,1.5342751741409302,0.9377250075340271,0.03457457944750786,-0.18125863373279572,0.9931632876396179
-7.053643703460693,-6.1621174812316895,-6.51011323928833,-6.66371488571167,-6.9135661125183105,-6.996143341064453,-6.231024265289307,-6.654973983764648,-6.917687892913818,-6.677255153656006,-6.614916801452637,-6.936590194702148,-4.688943386077881,-4.406437397003174,-6.506471157073975,-6.476621627807617,-5.050912857055664,-4.03816556930542,-3.9864542484283447,-3.6267848014831543,-2.6681337356567383,-2.944286823272705,-3.4905364513397217,-3.4336822032928467,-3.911999464035034,-0.6403698921203613,-1.7966251373291016,-2.3386971950531006,-3.0432701110839844,-2.835362672805786,-1.9826440811157227,-0.9019636511802673,0.33215269446372986,1.0997711420059204,1.293966293334961,0.40737053751945496,0.5361625552177429,1.3122278451919556,1.7432664632797241,1.8294473886489868,1.5671926736831665,0.9786539077758789,0.22779175639152527,1.0590620040893555
-7.414841175079346,-6.814694881439209,-7.0526323318481445,-7.3422675132751465,-7.089592456817627,-6.467085361480713,-6.096673011779785,-6.703398704528809,-6.957211017608643,-6.017988681793213,-6.02763557434082,-6.600738525390625,-6.079982280731201,-4.694128036499023,-5.967502117156982,-5.762269020080566,-4.9493489265441895,-4.508468151092529,-4.126776218414307,-3.147453546524048,-2.223639965057373,-2.772301197052002,-3.2393414974212646,-4.423017501831055,-5.53814172744751,0.4475271999835968,0.07552405446767807,-0.9434669017791748,-1.860993504524231,-2.0667383670806885,-1.392135500907898,-0.7073179483413696,-0.48397591710090637,0.0675119012594223,0.4100223779678345,-0.523873507976532,0.3895385265350342,1.2265530824661255,2.5217325687408447,2.344106674194336,1.7369956970214844,2.477282762527466,1.8502216339111328,0.8233276009559631
-8.06259822845459,-7.627753734588623,-7.570041179656982,-7.835672378540039,-7.217628002166748,-6.527576923370361,-6.777280330657959,-6.757711887359619,-6.315946578979492,-5.214155197143555,-5.900558948516846,-6.820840835571289,-5.8664937019348145,-3.2050652503967285,-5.184118270874023,-4.874938488006592,-4.715490341186523,-4.013916969299316,-3.525059223175049,-2.843104839324951,-2.4756715297698975,-2.3371431827545166,-2.422053813934326,-3.755636692047119,-4.031744480133057,-3.133922815322876,-0.5190566778182983,0.18120741844177246,-0.48302367329597473,-0.9996427297592163,-0.4921954572200775,-0.6016455888748169,-1.2741316556930542,-1.233456015586853,-0.6122639775276184,-0.44097232818603516,0.3993004858493805,1.2039791345596313,3.045039176940918,2.865910768508911,1.9125844240188599,3.4620988368988037,3.0903384685516357,1.296692967414856
-8.00331974029541,-7.268161773681641,-7.553252696990967,-8.552946090698242,-8.462751388549805,-6.514346599578857,-6.476986885070801,-6.789180278778076,-6.107633113861084,-3.9942684173583984,-5.9925007820129395,-6.59672212600708,-6.853797912597656,-5.529088497161865,-4.090257167816162,-3.946113348007202,-4.87880802154541,-2.224337577819824,-2.6599016189575195,-2.326450824737549,-2.0078201293945312,-1.1469117403030396,-0.4101046025753021,0.31512245535850525,-2.4493608474731445,-6.648490905761719,-1.7190784215927124,0.05122819542884827,0.44145986437797546,-0.7342764735221863,-0.800542950630188,-1.1673755645751953,-1.477553367614746,-1.6095201969146729,-1.2900183200836182,-0.6998596787452698,-0.49322059750556946,0.6467739939689636,2.0018930435180664,2.3818843364715576,2.6369473934173584,4.622424602508545,3.491929292678833,2.5060689449310303
-8.049544334411621,-7.154378890991211,-7.017985820770264,-8.136932373046875,-8.881064414978027,-6.924227237701416,-6.489555358886719,-6.83902645111084,-5.378073215484619,-3.7325289249420166,-5.115504264831543,-4.987052917480469,-1.167636752128601,-5.313531875610352,0.9289506077766418,-3.0573601722717285,-3.3647260665893555,-1.7020353078842163,-2.8564345836639404,-1.0989214181900024,-1.1321182250976562,-0.3837995231151581,-0.5174313187599182,-0.5808283686637878,-1.910902500152588,-3.9737727642059326,-2.5105459690093994,-0.6269786357879639,0.4014022946357727,-1.2381205558776855,-2.1288340091705322,-2.617387294769287,-1.3202433586120605,-1.0715525150299072,-0.6017156839370728,-0.19675172865390778,-1.2083207368850708,-0.9837843775749207,-0.36886027455329895,0.4638001620769501,1.0333338975906372,2.8392438888549805,1.842078447341919,0.7860977053642273
-8.451943397521973,-7.590885639190674,-6.45063591003418,-7.2837934494018555,-8.077131271362305,-7.517594337463379,-6.317602634429932,-6.858303546905518,-5.030900478363037,-2.9729726314544678,-4.727817535400391,-3.760892868041992,-2.3420207500457764,-5.021223545074463,-3.8765034675598145,-3.2754547595977783,-3.7583436965942383,-3.3667445182800293,-2.7600855827331543,-1.941744089126587,0.0753803551197052,0.41520217061042786,-0.5830995440483093,-1.1714943647384644,-2.359257936477661,-2.4640352725982666,-2.0131616592407227,-1.6335536241531372,-0.8479959964752197,-1.4049150943756104,-1.7414404153823853,-2.066118001937866,-1.501725673675537,-1.394206166267395,-9.1171236038208,8.967681884765625,-0.3523400127887726,-2.2041807174682617,-2.546095371246338,-2.6645021438598633,-0.8139086365699768,-2.4802629947662354,0.8308295607566833,0.8500858545303345
-8.697471618652344,-8.143442153930664,-7.824172496795654,-8.476104736328125,-7.877036094665527,-6.90191125869751,-5.891559600830078,-6.022348880767822,-5.069092750549316,-3.36210298538208,-3.946352481842041,-4.427282333374023,-4.273495197296143,-4.124880313873291,-3.915966510772705,-3.935396194458008,-2.5471746921539307,-2.864602565765381,-1.41073739528656,-1.7071533203125,-1.5686514377593994,-1.8186668157577515,-1.9527125358581543,-2.2196595668792725,-2.795541763305664,-3.9675450325012207,-2.4112212657928467,-2.978177547454834,-2.3019325733184814,-0.8588994145393372,-0.5189970135688782,-0.37514427304267883,-1.0720837116241455,1.0197688341140747,1.0910850763320923,0.13515034317970276,-0.6441135406494141,-0.47961917519569397,-1.7511800527572632,-2.5626773834228516,-0.5417718291282654,0.9389423131942749,1.5471712350845337,1.1725126504898071
-8.84688949584961,-8.086267471313477,-8.17493724822998,-8.309871673583984,-6.856175422668457,-7.438373565673828,-6.476123332977295,-5.236677646636963,-4.397870063781738,-3.4535138607025146,-4.474773406982422,-4.864760398864746,-3.395617961883545,-2.438549518585205,-3.941655397415161,-3.612933874130249,-1.6532702445983887,-2.699756383895874,-0.18252503871917725,-0.5015573501586914,-2.4805045127868652,-3.6568353176116943,-2.5982179641723633,-2.840120315551758,-3.264403820037842,-4.035369873046875,-2.7926933765411377,-3.14674973487854,-2.7715675830841064,-0.46716323494911194,-0.6544505953788757,-0.2395433932542801,-0.019940931349992752,1.6989930868148804,0.16052553057670593,-0.10600131750106812,0.2015594244003296,2.9544389247894287,1.8709745407104492,-0.7792508006095886,-0.853253960609436,2.0481197834014893,3.0338363647460938,2.676886558532715
-7.773828029632568,-6.474374771118164,-7.231104373931885,-8.288463592529297,-6.441618919372559,-7.514225006103516,-6.9471635818481445,-5.736978530883789,-5.049367427825928,-2.7396929264068604,-2.9757931232452393,-4.73994779586792,-4.3128252029418945,-3.1711783409118652,-3.165590524673462,-3.052872657775879,-1.7893929481506348,-0.27726173400878906,0.3252899646759033,0.7039821147918701,-1.4990943670272827,-3.2204818725585938,-3.6615686416625977,-3.870119094848633,-4.133533477783203,-3.4266936779022217,-2.5693185329437256,-4.266963005065918,-2.1229071617126465,0.03581712022423744,-1.8808469772338867,-1.9855053424835205,1.316089391708374,2.161369562149048,-0.23329462110996246,0.04586393013596535,1.9193400144577026,4.081833362579346,3.5463922023773193,2.267272710800171,1.1781681776046753,2.0203583240509033,2.518158435821533,4.055608749389648
