data/wind_data/wind_8_3.json
{"header": {"parameterUnit": "KT", "parameterCategory": 2, "nx": 256, "ny": 198, "lo1": 44.73521041870117, "la1": -3.236724853515625, "lo2": 111.26478576660156, "la2": 43.468475341796875, "dx": 0.2609002888202667, "dy": -0.23708222806453705, "refTime": "2025-02-19 08:00:00", "forecastTime": 0, "parameterNumber": 2, "parameterNumberName": "eastward_wind"}, "data":
[rows 114 to 132 of 198, columns 88 to 131 of 256]
38.090423583984375,36.64175033569336,35.59575271606445,35.657318115234375,35.81425476074219,35.22435760498047,35.08613586425781,36.39134979248047,37.62425231933594,37.61970520019531,34.514068603515625,29.31424331665039,25.504650115966797,24.5245361328125,24.759206771850586,22.423603057861328,18.538585662841797,15.859261512756348,14.027121543884277,11.125407218933105,9.069108963012695,8.745040893554688,8.418351173400879,7.1954803466796875,6.033708095550537,5.492508411407471,7.6726555824279785,9.145084381103516,6.544270038604736,3.6189327239990234,2.589317560195923,3.3967678546905518,4.151773452758789,4.356111526489258,1.7467824220657349,3.143723726272583,1.6544255018234253,4.7489333152771,10.657973289489746,11.726988792419434,11.65052318572998,12.281912803649902,13.685643196105957,14.289259910583496
37.02850341796875,37.9871940612793,38.86360549926758,37.63943862915039,36.37943649291992,35.617919921875,35.38159942626953,34.749961853027344,33.76189422607422,33.41960144042969,33.01375961303711,30.142688751220703,26.627443313598633,25.07414436340332,24.670530319213867,22.443626403808594,18.800199508666992,15.868962287902832,14.298007011413574,12.196638107299805,10.075227737426758,9.85251235961914,9.73530387878418,8.577566146850586,6.476642608642578,5.674650192260742,7.4520416259765625,8.319741249084473,7.354965686798096,5.613523006439209,3.8833372592926025,2.864319086074829,2.8845362663269043,3.7997915744781494,3.765568494796753,0.8771937489509583,2.7894420623779297,4.580899715423584,7.652576923370361,10.811209678649902,11.158041954040527,11.94636344909668,12.658405303955078,13.712752342224121
30.61964225769043,37.880836486816406,40.70124053955078,38.596046447753906,35.993019104003906,34.30247497558594,31.98239517211914,28.64241600036621,26.006641387939453,25.135610580444336,26.822555541992188,26.716554641723633,25.22197151184082,23.9249324798584,24.01793098449707,21.681926727294922,17.73379135131836,15.942543029785156,15.531386375427246,13.816167831420898,11.398188591003418,10.438006401062012,10.067968368530273,9.052824974060059,7.176248073577881,5.582417011260986,6.6295166015625,7.542925834655762,6.766777992248535,6.446591377258301,6.6460490226745605,6.6755499839782715,6.298983097076416,6.141537189483643,5.7057623863220215,7.3718342781066895,7.818761825561523,7.779672145843506,9.74969482421875,10.435723304748535,9.399107933044434,11.49046516418457,12.797910690307617,13.065150260925293
30.525487899780273,37.08768081665039,40.00242233276367,39.76705551147461,36.91905212402344,31.761674880981445,26.233652114868164,22.311914443969727,20.942777633666992,21.38467788696289,23.353822708129883,23.478565216064453,23.776716232299805,24.386354446411133,24.724166870117188,22.60805892944336,17.532508850097656,14.022969245910645,14.14023208618164,13.4757719039917,11.725854873657227,10.504878997802734,10.152438163757324,9.289149284362793,7.5696892738342285,5.344021797180176,4.824147701263428,5.651984691619873,7.07968282699585,8.077666282653809,8.906596183776855,8.939315795898438,8.241647720336914,7.455517292022705,7.641286373138428,7.571352958679199,8.665273666381836,9.829574584960938,10.32852554321289,10.772371292114258,11.40058708190918,12.267803192138672,13.724957466125488,14.047036170959473
29.46950340270996,32.679481506347656,36.22517395019531,39.20769119262695,37.5545539855957,29.798828125,21.98925018310547,18.402706146240234,18.212247848510742,19.4057674407959,20.733226776123047,20.423389434814453,22.374086380004883,23.825380325317383,24.35683822631836,24.816730499267578,23.874460220336914,17.979328155517578,11.521039009094238,12.070016860961914,11.803875923156738,10.568553924560547,10.121001243591309,9.276616096496582,8.9118070602417,6.238819599151611,3.6156086921691895,3.5134665966033936,4.895261764526367,7.731673717498779,8.724175453186035,8.806715965270996,7.882900238037109,7.241066932678223,8.378851890563965,9.586215019226074,10.380857467651367,10.784608840942383,10.48933219909668,10.5113525390625,11.321850776672363,12.576839447021484,13.68865966796875,13.766037940979004
31.684419631958008,33.08210754394531,36.08544158935547,38.311912536621094,35.59638214111328,26.882183074951172,19.365671157836914,16.681882858276367,16.702924728393555,17.74575424194336,17.8054141998291,18.801795959472656,20.858034133911133,21.397464752197266,22.70441436767578,24.862062454223633,25.966630935668945,20.03709602355957,8.979263305664062,10.695165634155273,12.045581817626953,10.888742446899414,10.128042221069336,9.29672622680664,8.386879920959473,5.246213912963867,3.159271717071533,5.262716770172119,8.14260196685791,8.403400421142578,7.658322334289551,7.274930953979492,7.438785076141357,8.229175567626953,9.757593154907227,11.075390815734863,11.184549331665039,10.056161880493164,9.418182373046875,9.072763442993164,10.360283851623535,10.878576278686523,11.258332252502441,11.278729438781738
28.997909545898438,32.210105895996094,36.391944885253906,37.46589279174805,33.664791107177734,25.94297218322754,20.43136978149414,17.2529354095459,16.283245086669922,15.567497253417969,14.590032577514648,16.699403762817383,18.96990394592285,18.95223045349121,20.668291091918945,21.329954147338867,18.304237365722656,10.48013687133789,7.2054667472839355,11.46804428100586,12.1796875,11.068374633789062,10.077605247497559,8.878352165222168,7.726114273071289,6.951508522033691,7.294945240020752,8.416619300842285,7.910920143127441,7.203943252563477,6.247734546661377,5.495645523071289,6.775742530822754,8.250828742980957,10.187352180480957,10.233572006225586,8.963153839111328,8.208324432373047,7.5626444816589355,9.076959609985352,8.325027465820312,8.948310852050781,9.868934631347656,10.502325057983398
30.417200088500977,32.84370803833008,33.72901916503906,32.03318405151367,28.43474769592285,23.148303985595703,18.92131233215332,16.786409378051758,16.904157638549805,16.44751739501953,14.492929458618164,15.674210548400879,17.28826141357422,17.890472412109375,20.069658279418945,17.897592544555664,9.338226318359375,4.55625581741333,8.664724349975586,11.27978229522705,11.54663372039795,11.453744888305664,10.720876693725586,9.215662956237793,8.255537986755371,7.788278102874756,8.096909523010254,7.690104007720947,6.997624397277832,6.236250877380371,4.781914710998535,4.637002468109131,5.005649089813232,5.747861385345459,9.197320938110352,9.733489990234375,8.440071105957031,8.249510765075684,7.980551719665527,10.068154335021973,9.284140586853027,9.74073600769043,10.690574645996094,11.091263771057129
29.413528442382812,29.448148727416992,29.46650505065918,27.102567672729492,23.925243377685547,19.48944664001465,15.605453491210938,14.025792121887207,15.730132102966309,16.573423385620117,15.059392929077148,16.071680068969727,18.25251579284668,19.46550178527832,20.12472915649414,14.933870315551758,4.976370334625244,3.194322109222412,7.146339416503906,8.31441879272461,9.286980628967285,10.91434097290039,11.104948997497559,9.866735458374023,8.787358283996582,8.131853103637695,8.053298950195312,7.532901287078857,6.380348205566406,5.353224754333496,5.138080596923828,7.288083553314209,8.928272247314453,8.735428810119629,10.091508865356445,9.697220802307129,9.411483764648438,9.22884750366211,9.319652557373047,8.705004692077637,10.705967903137207,11.432217597961426,11.083974838256836,11.156554222106934
28.28598403930664,28.272626876831055,27.140430450439453,23.97913932800293,20.681777954101562,17.01569938659668,13.106623649597168,12.484373092651367,14.360797882080078,15.431482315063477,15.350961685180664,17.11406898498535,19.405038833618164,20.724306106567383,19.354877471923828,14.00918197631836,5.576570510864258,1.7823270559310913,3.4885544776916504,1.3112419843673706,2.396972894668579,4.289161682128906,8.625293731689453,9.774443626403809,9.212813377380371,8.652700424194336,8.245101928710938,7.943620204925537,8.190171241760254,8.654112815856934,9.238465309143066,9.966487884521484,10.263875961303711,9.561355590820312,9.321054458618164,9.618151664733887,9.984809875488281,10.004827499389648,9.950963973999023,10.027589797973633,10.558692932128906,11.068185806274414,11.397339820861816,11.853010177612305
27.41712188720703,25.25581169128418,23.656818389892578,20.483081817626953,17.427143096923828,14.821832656860352,11.60560417175293,9.033171653747559,8.393516540527344,10.705720901489258,14.132814407348633,17.70654296875,19.736167907714844,19.799083709716797,16.97804832458496,13.85796070098877,9.353878021240234,4.441459655761719,1.7344136238098145,0.1438087821006775,1.9217994213104248,6.224910259246826,9.545171737670898,9.987215042114258,9.594805717468262,9.035982131958008,8.706844329833984,8.963005065917969,9.61144733428955,9.930216789245605,10.590442657470703,10.976062774658203,10.71390438079834,10.163199424743652,10.154363632202148,10.33035945892334,10.443756103515625,10.588652610778809,10.588414192199707,10.63397216796875,10.925207138061523,11.54914379119873,12.534274101257324,13.299943923950195
23.658069610595703,21.83814239501953,21.64938735961914,20.043397903442383,17.413328170776367,15.063231468200684,13.04328441619873,10.012042045593262,7.43731164932251,6.661642551422119,8.905430793762207,12.452672004699707,14.870964050292969,15.393535614013672,13.259936332702637,10.96330451965332,9.383587837219238,6.958283424377441,4.931855201721191,2.6058075428009033,1.8007261753082275,5.650880336761475,9.8396577835083,10.70123291015625,9.953230857849121,9.30841064453125,9.322931289672852,10.084790229797363,10.885769844055176,11.235892295837402,11.31196403503418,10.967164993286133,10.527273178100586,10.634204864501953,10.578776359558105,10.90807056427002,10.858420372009277,10.708695411682129,10.888259887695312,11.354104995727539,12.076092720031738,12.935070037841797,13.689675331115723,14.20411491394043
21.537281036376953,20.755407333374023,21.19161605834961,21.696395874023438,19.991106033325195,17.631032943725586,16.986055374145508,16.258127212524414,14.568778991699219,10.01585578918457,8.163419723510742,8.820642471313477,9.897809982299805,10.9608793258667,10.753591537475586,9.56318473815918,9.802790641784668,10.452877044677734,8.345991134643555,5.006738185882568,2.0346925258636475,4.833340644836426,10.184062957763672,10.83491325378418,10.377384185791016,9.94009017944336,10.366982460021973,11.161515235900879,11.701912879943848,11.635127067565918,11.144776344299316,10.517101287841797,10.210742950439453,10.39316463470459,10.646592140197754,11.022665023803711,10.800747871398926,11.214510917663574,11.640724182128906,12.084697723388672,12.671113967895508,13.304498672485352,13.81613826751709,13.9764404296875
19.508516311645508,21.012588500976562,22.64163589477539,23.97422218322754,24.99598503112793,24.099576950073242,21.611005783081055,19.637357711791992,18.510635375976562,15.224480628967285,8.913104057312012,8.50615119934082,10.346364974975586,12.17231273651123,12.164597511291504,11.50622272491455,13.816061019897461,15.58190631866455,10.916926383972168,3.8268394470214844,1.4582741260528564,8.088957786560059,10.72319221496582,10.285062789916992,9.935709953308105,10.693626403808594,11.205096244812012,11.441492080688477,11.053109169006348,10.254551887512207,9.56116008758545,9.415177345275879,9.4813232421875,9.912393569946289,10.360450744628906,10.891579627990723,11.298433303833008,11.692146301269531,11.768452644348145,11.91079044342041,12.123873710632324,12.585586547851562,12.888331413269043,12.640971183776855
18.958324432373047,19.095956802368164,21.927528381347656,25.6524600982666,29.253204345703125,31.7584171295166,31.21014976501465,27.058134078979492,23.438871383666992,17.439828872680664,6.639425754547119,6.3187174797058105,9.346848487854004,11.515755653381348,10.919905662536621,11.083769798278809,14.333856582641602,13.454063415527344,6.03112268447876,-0.5755825638771057,4.779969692230225,9.663960456848145,9.981554985046387,9.151108741760254,9.345744132995605,11.411551475524902,11.48233413696289,10.712594032287598,9.525407791137695,8.731498718261719,8.590533256530762,8.719564437866211,8.88519287109375,9.586252212524414,10.321450233459473,10.832066535949707,11.433500289916992,11.395139694213867,11.66724967956543,11.117961883544922,11.019439697265625,11.191035270690918,11.278732299804688,10.824130058288574
15.930891990661621,14.428765296936035,19.66478157043457,26.769472122192383,31.73491859436035,34.31850814819336,34.80906295776367,29.458738327026367,27.370885848999023,21.72280502319336,6.934093475341797,4.51167631149292,5.785334587097168,6.881201267242432,6.320434093475342,6.70296049118042,7.781125545501709,4.30774450302124,-1.9907933473587036,1.0045254230499268,7.565972328186035,9.729035377502441,9.247480392456055,8.95322036743164,9.701933860778809,11.334396362304688,10.982820510864258,9.777087211608887,8.974013328552246,8.675679206848145,8.671950340270996,8.507078170776367,8.688253402709961,9.560477256774902,10.523787498474121,10.948497772216797,11.260327339172363,11.024968147277832,10.751626014709473,9.967690467834473,9.715263366699219,9.557207107543945,9.076501846313477,8.613286018371582
14.878568649291992,12.047911643981934,18.445302963256836,26.294071197509766,31.72657585144043,32.94382858276367,31.485515594482422,30.047775268554688,31.561187744140625,24.889022827148438,8.494623184204102,4.257082462310791,2.9224090576171875,3.1268157958984375,3.151010036468506,1.89704430103302,-0.6986435651779175,-3.6539673805236816,-1.486220121383667,4.811079025268555,9.185096740722656,10.100784301757812,9.711207389831543,9.661266326904297,10.45440673828125,11.438912391662598,10.970987319946289,10.240809440612793,9.673505783081055,8.964395523071289,8.5027437210083,8.524624824523926,9.016167640686035,9.731648445129395,10.645886421203613,10.917182922363281,10.722675323486328,10.348402976989746,9.560831069946289,8.782285690307617,8.360085487365723,7.64594841003418,6.768087863922119,6.42802619934082
18.68438720703125,13.025145530700684,17.401840209960938,25.840797424316406,31.9449405670166,32.88393020629883,31.52383041381836,31.433910369873047,32.12179183959961,24.284610748291016,10.731230735778809,5.743371486663818,3.1766207218170166,-0.2759849727153778,-2.7291860580444336,-5.2073469161987305,-6.423681735992432,-3.564063549041748,2.27388072013855,7.117443084716797,9.835838317871094,10.257027626037598,10.324984550476074,10.236382484436035,10.858381271362305,11.408690452575684,11.288167953491211,11.132062911987305,10.313777923583984,8.741072654724121,8.398719787597656,8.85667610168457,9.517237663269043,10.147305488586426,10.536177635192871,10.34229850769043,9.841228485107422,9.285627365112305,8.352103233337402,7.3295111656188965,6.500115871429443,6.060703754425049,5.953742980957031,6.633057117462158
23.93011474609375,16.266555786132812,21.185787200927734,29.529882431030273,34.30786895751953,34.50415802001953,33.136714935302734,32.884952545166016,30.347726821899414,23.346445083618164,17.35996437072754,12.0294189453125,7.9215240478515625,1.3328107595443726,-6.920412063598633,-9.067675590515137,-4.100188255310059,0.008156923577189445,4.223174571990967,7.929075241088867,9.695113182067871,10.18226432800293,10.164064407348633,10.019250869750977,10.422102928161621,10.925691604614258,10.848691940307617,10.02004337310791,8.897462844848633,8.149085998535156,8.722206115722656,9.375454902648926,10.081358909606934,9.94404125213623,9.593202590942383,8.978143692016602,8.583385467529297,8.057353973388672,7.035415172576904,5.918947219848633,5.359228610992432,5.397181987762451,6.3902459144592285,5.082348823547363
