data/wind_data/wind_58_2.json
{"header": {"parameterUnit": "KT", "parameterCategory": 2, "nx": 256, "ny": 198, "lo1": 44.73521041870117, "la1": -3.236724853515625, "lo2": 111.26478576660156, "la2": 43.468475341796875, "dx": 0.2609002888202667, "dy": -0.23708222806453705, "refTime": "2025-02-21 10:00:00", "forecastTime": 0, "parameterNumber": 2, "parameterNumberName": "eastward_wind"}, "data":
[rows 152 to 170 of 198, columns 86 to 128 of 256]
10.061513900756836,9.922779083251953,9.860730171203613,7.3263020515441895,3.040717840194702,1.2695963382720947,0.6111620664596558,-3.3598694801330566,-3.763819456100464,-2.035442352294922,-5.5801591873168945,-5.467999458312988,-0.91324383020401,-0.021535230800509453,0.6581434011459351,-3.0053155422210693,-5.791450023651123,-3.470418691635132,-1.174038052558899,0.5244167447090149,-1.467384934425354,-5.440765380859375,-10.176739692687988,-15.018370628356934,-13.906357765197754,-11.413529396057129,-12.897087097167969,-11.656963348388672,-8.444554328918457,-10.224531173706055,-8.698744773864746,-1.7973370552062988,8.40665054321289,16.458505630493164,19.547773361206055,17.432979583740234,14.616975784301758,12.543041229248047,14.711678504943848,10.148416519165039,4.4091997146606445,6.545133590698242,16.673587799072266
7.970576286315918,7.66990852355957,8.163914680480957,9.346810340881348,6.3674798011779785,3.8314340114593506,3.6652374267578125,0.3034711182117462,-3.0454888343811035,-6.7480058670043945,-5.76646614074707,-0.022672107443213463,1.9023363590240479,-3.2445104122161865,-10.068460464477539,-9.264623641967773,-6.684828281402588,-4.348110198974609,-3.004690408706665,-4.493328094482422,-7.571526527404785,-9.512383460998535,-11.759953498840332,-11.68787670135498,-8.934326171875,-8.35836410522461,-15.05485725402832,-15.247325897216797,-6.825174331665039,-8.207060813903809,-3.1214895248413086,3.6751105785369873,13.12757396697998,18.15645980834961,16.47563362121582,12.073763847351074,12.42764663696289,14.639184951782227,17.592424392700195,10.87816333770752,3.8832459449768066,11.546217918395996,24.205453872680664
7.961121082305908,9.256954193115234,10.222234725952148,10.196125030517578,5.971546173095703,4.673316955566406,4.026296615600586,-2.476972818374634,-4.301896572113037,-4.364471435546875,-2.243227243423462,-2.3745670318603516,-7.1267476081848145,-13.867916107177734,-13.91178035736084,-11.963796615600586,-8.695972442626953,-7.923043251037598,-7.593790531158447,-9.287596702575684,-9.892683029174805,-8.518635749816895,-7.581204414367676,-9.346242904663086,-7.618573188781738,-7.383966445922852,-8.867096900939941,-11.473860740661621,-7.775356292724609,-2.001380205154419,3.453270673751831,6.436914443969727,12.673690795898438,18.40654182434082,14.751678466796875,10.657691955566406,11.744468688964844,17.26482582092285,14.328476905822754,7.318661689758301,8.109905242919922,20.37600326538086,29.850570678710938
9.50840950012207,12.352750778198242,10.431525230407715,8.833051681518555,5.482698440551758,2.987046003341675,0.2582840919494629,-4.982973575592041,-1.7935667037963867,-1.6650631427764893,-8.729266166687012,-10.23908519744873,-7.279651165008545,-10.058714866638184,-12.4284086227417,-14.395538330078125,-15.4889497756958,-15.206058502197266,-13.953211784362793,-14.76278305053711,-14.656770706176758,-10.76042366027832,-5.467758655548096,-2.9991652965545654,-5.8653564453125,4.176297664642334,5.066802024841309,2.081699848175049,2.7275631427764893,6.52182149887085,6.360077381134033,9.471020698547363,16.178726196289062,17.44788932800293,11.08503532409668,8.195046424865723,8.397361755371094,12.230031967163086,13.413492202758789,13.329652786254883,14.840478897094727,21.76259422302246,25.639095306396484
11.959611892700195,12.080660820007324,11.770593643188477,7.51951265335083,4.490996837615967,4.6825151443481445,4.86542272567749,1.2440807819366455,-3.711730480194092,-6.761411190032959,-0.297915518283844,0.08886630833148956,-3.508697271347046,-1.6695821285247803,-5.009609699249268,-9.702055931091309,-13.710463523864746,-14.628809928894043,-14.902018547058105,-13.719849586486816,-12.685115814208984,-10.501697540283203,-6.433420658111572,-6.646729946136475,-2.1753463745117188,-2.142913818359375,-2.5318048000335693,1.3322651386260986,8.570015907287598,8.560286521911621,7.752175807952881,11.65656852722168,14.504865646362305,2.9835920333862305,-0.8080517649650574,1.4643479585647583,3.988750457763672,10.052194595336914,15.846267700195312,18.460296630859375,22.053911209106445,24.298023223876953,24.331804275512695
8.344632148742676,5.086981296539307,8.204411506652832,9.007891654968262,7.048618793487549,9.26478099822998,8.077542304992676,3.5180816650390625,-1.1727371215820312,1.2824771404266357,7.398576259613037,8.161224365234375,6.736071586608887,8.098588943481445,10.830599784851074,3.1235737800598145,-7.736375331878662,-10.568450927734375,-10.60068416595459,-10.93443775177002,-9.395798683166504,-5.262107849121094,-4.508747577667236,-0.848825991153717,-7.918173313140869,-7.097498416900635,-4.789681434631348,-4.937776565551758,-0.6459638476371765,4.17917537689209,9.900115013122559,9.693943977355957,-1.8457374572753906,-4.332898139953613,4.041234493255615,8.27473258972168,8.776713371276855,14.536858558654785,21.740924835205078,25.76397705078125,28.439937591552734,27.160253524780273,26.550416946411133
7.279080867767334,5.185094833374023,7.683508396148682,9.893636703491211,11.263195991516113,9.81637191772461,6.958891868591309,5.979465484619141,5.435794830322266,7.401641368865967,8.219671249389648,10.489696502685547,12.527332305908203,12.992386817932129,15.21115779876709,15.267607688903809,1.413643717765808,-7.627204418182373,-10.193745613098145,-6.498394012451172,2.052788734436035,2.435525417327881,0.8721140623092651,0.5704458951950073,0.17087586224079132,-7.349857807159424,-3.313936710357666,0.4530434310436249,2.6160457134246826,2.014564037322998,6.4208664894104,-1.060286521911621,-7.743338584899902,-0.10539066046476364,9.349853515625,13.91909408569336,15.991462707519531,20.696346282958984,27.168222427368164,33.08967590332031,34.33672332763672,31.073081970214844,28.595592498779297
8.562728881835938,10.142559051513672,8.88176155090332,8.269094467163086,10.641021728515625,1.5167076587677002,1.4994184970855713,7.454795837402344,7.899715900421143,8.367950439453125,7.4354729652404785,10.980714797973633,14.565826416015625,15.36202335357666,11.983633041381836,11.295855522155762,8.95210075378418,-1.347649097442627,-5.10386848449707,3.484485149383545,16.450605392456055,16.50739097595215,12.294610023498535,7.281014919281006,4.559967994689941,3.6405324935913086,5.605773448944092,6.516965866088867,4.808036804199219,3.811171531677246,7.516241550445557,8.497034072875977,5.940417766571045,9.832812309265137,15.317925453186035,20.57345962524414,25.023897171020508,27.25258445739746,30.112117767333984,34.5662841796875,34.54987716674805,28.700878143310547,26.09617042541504
5.248603820800781,9.496776580810547,12.526992797851562,10.235235214233398,7.54725456237793,-1.0021249055862427,-6.333601474761963,5.713307857513428,9.13584041595459,7.182034969329834,7.452208518981934,11.66604232788086,15.317593574523926,15.743510246276855,10.235821723937988,10.922022819519043,11.528499603271484,1.8920812606811523,-1.8270412683486938,1.4008070230484009,7.922722339630127,11.882298469543457,11.35287094116211,10.600610733032227,5.780410289764404,6.190072059631348,6.108807563781738,2.563995599746704,0.6790547370910645,6.467029571533203,12.116908073425293,14.152137756347656,14.334074974060059,17.956878662109375,23.961185455322266,29.90863609313965,32.321983337402344,32.608802795410156,34.47911071777344,33.835289001464844,29.487567901611328,25.790695190429688,25.313833236694336
9.404072761535645,9.078877449035645,4.720778465270996,0.7654052972793579,2.4914000034332275,-0.33900022506713867,-5.296048641204834,-2.0055994987487793,8.8938570022583,11.922584533691406,10.876236915588379,11.874204635620117,14.281646728515625,14.716350555419922,12.444417953491211,10.596022605895996,15.504565238952637,13.73608112335205,9.599952697753906,6.614305019378662,5.959191799163818,8.561927795410156,8.566033363342285,4.045575141906738,1.9878555536270142,3.4347546100616455,3.8976612091064453,3.40274715423584,4.533048629760742,9.862947463989258,14.216299057006836,18.576631546020508,22.022058486938477,25.68564796447754,31.901792526245117,36.15012741088867,34.12784957885742,31.051193237304688,32.911312103271484,32.73468780517578,30.125572204589844,28.23801040649414,27.648225784301758
9.963780403137207,10.326508522033691,7.437943935394287,-1.2099575996398926,-0.9172770380973816,-2.428044557571411,-8.035942077636719,-6.713750839233398,2.6300013065338135,11.314115524291992,14.819823265075684,15.636523246765137,17.131555557250977,18.390188217163086,16.056352615356445,12.061824798583984,12.726922988891602,14.067466735839844,20.666393280029297,20.294071197509766,9.650425910949707,7.192013740539551,10.680154800415039,7.521066188812256,2.516929864883423,2.5081303119659424,4.0550312995910645,9.234350204467773,14.07237720489502,13.345625877380371,13.468148231506348,19.26687240600586,26.834308624267578,31.78929328918457,33.72414779663086,32.650848388671875,30.022939682006836,27.625288009643555,27.92998695373535,29.158435821533203,31.096027374267578,30.57076644897461,28.639617919921875
-0.513013482093811,2.7662463188171387,-1.0361274480819702,-7.165937423706055,-7.348975658416748,-7.30383825302124,-7.742690086364746,-5.21661901473999,-4.041056156158447,0.3760923445224762,8.173649787902832,12.09323787689209,14.853572845458984,18.426523208618164,16.257810592651367,11.39413833618164,8.864651679992676,11.132624626159668,14.908692359924316,20.106630325317383,20.275127410888672,16.242616653442383,15.790506362915039,16.847139358520508,14.563401222229004,12.392145156860352,12.506698608398438,17.905242919921875,23.10855484008789,17.509397506713867,13.814002990722656,18.678951263427734,29.458877563476562,35.00144958496094,31.620101928710938,28.568056106567383,29.403026580810547,29.10347557067871,28.192058563232422,27.82647705078125,28.229785919189453,25.492290496826172,20.81203269958496
-15.19256591796875,-15.092656135559082,-14.21630573272705,-13.034398078918457,-11.763452529907227,-10.37075138092041,-8.692652702331543,-5.260456085205078,-5.503180027008057,-5.581974983215332,0.4005371332168579,1.9097905158996582,5.361728191375732,10.100519180297852,9.601225852966309,7.823838710784912,8.752045631408691,12.291949272155762,16.782638549804688,17.234661102294922,19.734848022460938,23.236276626586914,21.81513023376465,20.594892501831055,20.159481048583984,19.799192428588867,21.206600189208984,24.86441421508789,24.004526138305664,16.216114044189453,15.424838066101074,23.683347702026367,33.56678771972656,36.26662063598633,30.621047973632812,28.101755142211914,29.39306640625,24.59816551208496,14.587870597839355,9.880921363830566,9.122316360473633,8.921435356140137,9.585941314697266
-17.721267700195312,-16.87788963317871,-14.076411247253418,-10.699023246765137,-10.058478355407715,-7.964471817016602,-5.068210124969482,-5.471179962158203,-6.833902835845947,-6.445627212524414,-1.7193269729614258,0.6413471698760986,0.5482780337333679,2.5058798789978027,4.207972526550293,6.504870891571045,10.219781875610352,14.175233840942383,17.948619842529297,17.722944259643555,18.01319122314453,19.866607666015625,20.83278465270996,22.014060974121094,22.73822784423828,21.853281021118164,23.964908599853516,26.70882797241211,26.734464645385742,20.78123664855957,19.55746841430664,25.669963836669922,33.009925842285156,33.1859016418457,27.019624710083008,28.341079711914062,14.481707572937012,-1.6107045412063599,4.499849319458008,10.262547492980957,10.36294174194336,9.54879093170166,7.08761739730835
-12.225785255432129,-11.316165924072266,-11.182258605957031,-11.331806182861328,-10.811595916748047,-7.9045209884643555,-6.365504264831543,-7.761419296264648,-8.500692367553711,-6.87490701675415,-2.9642486572265625,-0.23121914267539978,0.7398746609687805,1.9257481098175049,4.181436061859131,7.561763286590576,10.34785270690918,11.173554420471191,12.407583236694336,14.262110710144043,14.992233276367188,15.318964004516602,18.678821563720703,21.577733993530273,23.640682220458984,25.840099334716797,27.578580856323242,27.77215003967285,27.603527069091797,28.414817810058594,27.517242431640625,26.30694007873535,26.927764892578125,28.156322479248047,24.84033203125,26.04841423034668,6.911706924438477,-2.8868861198425293,-3.324697732925415,-0.5125395655632019,-2.0622541904449463,-2.9737677574157715,-3.556164026260376
-11.721449851989746,-9.234067916870117,-9.086713790893555,-11.335010528564453,-11.12631607055664,-9.645670890808105,-7.969536304473877,-8.274503707885742,-5.828697204589844,-4.228108882904053,-3.3023905754089355,-1.7841910123825073,0.406357079744339,3.0641729831695557,5.5531392097473145,8.7631254196167,9.56951904296875,7.470680236816406,9.640481948852539,13.705499649047852,14.124072074890137,15.293754577636719,18.37171173095703,19.446762084960938,21.287128448486328,24.79957389831543,26.736696243286133,25.958148956298828,24.220111846923828,25.677810668945312,27.416309356689453,24.42914390563965,21.200138092041016,21.004079818725586,19.046306610107422,8.420305252075195,0.00971706211566925,-3.8024535179138184,-4.986853122711182,-3.8827335834503174,-4.943187236785889,-5.0752153396606445,-5.221678256988525
-12.386978149414062,-11.31319522857666,-8.421967506408691,-10.722199440002441,-11.790105819702148,-10.746720314025879,-8.693697929382324,-8.433890342712402,-6.314260005950928,-4.177142143249512,-3.705349922180176,-1.4737766981124878,-1.1906722784042358,1.50318443775177,5.4052534103393555,8.011930465698242,8.336698532104492,7.496960639953613,9.789460182189941,13.049778938293457,14.344499588012695,15.531705856323242,16.849328994750977,16.400819778442383,20.373693466186523,24.960132598876953,26.24483871459961,26.48286247253418,21.42380142211914,18.81512451171875,21.58991241455078,18.574600219726562,16.57518768310547,17.065629959106445,11.520008087158203,-0.49085065722465515,-3.204007863998413,-4.301239490509033,-4.1854376792907715,-4.5979323387146,-6.275832176208496,-5.773802757263184,-4.356375217437744
-14.985733032226562,-13.416098594665527,-12.085776329040527,-10.943313598632812,-12.050076484680176,-11.381754875183105,-10.298537254333496,-10.729765892028809,-9.210416793823242,-6.287107467651367,-4.124255180358887,-0.9469028115272522,-1.2248311042785645,1.562404990196228,7.75938606262207,6.207800388336182,4.70810604095459,5.108195781707764,7.382320404052734,10.06892204284668,14.199060440063477,16.048620223999023,16.959749221801758,19.162471771240234,23.11908721923828,25.42683982849121,26.287593841552734,25.431137084960938,18.553773880004883,17.167179107666016,19.67170524597168,22.44931411743164,24.921409606933594,25.52194595336914,6.410510063171387,-5.035894870758057,-4.78247594833374,-5.794929504394531,-3.5781912803649902,-6.859264850616455,-6.152552604675293,-5.15620231628418,-4.178470611572266
-16.232038497924805,-14.782058715820312,-13.322678565979004,-9.930099487304688,-12.0847749710083,-12.395893096923828,-12.793936729431152,-13.110003471374512,-12.219215393066406,-7.703816890716553,-5.725706100463867,-3.285482406616211,-1.1675004959106445,1.0116337537765503,5.179012298583984,3.0316615104675293,1.7944774627685547,2.978839635848999,4.236781597137451,6.13590669631958,9.141365051269531,12.649293899536133,16.5931453704834,20.659944534301758,23.141035079956055,24.62497329711914,25.906288146972656,22.12982177734375,19.902009963989258,22.699615478515625,25.526622772216797,26.036975860595703,30.85194969177246,17.374950408935547,-0.8953867554664612,-2.9114110469818115,-5.736901760101318,-4.868287086486816,-3.82944917678833,-6.620091438293457,-4.852320194244385,-3.9934945106506348,-4.08003044128418
