data/wind_data/wind_22_1.json
{"header": {"parameterUnit": "KT", "parameterCategory": 2, "nx": 256, "ny": 198, "lo1": 44.73521041870117, "la1": -3.236724853515625, "lo2": 111.26478576660156, "la2": 43.468475341796875, "dx": 0.2609002888202667, "dy": -0.23708222806453705, "refTime": "2025-02-19 22:00:00", "forecastTime": 0, "parameterNumber": 2, "parameterNumberName": "eastward_wind"}, "data":
[rows 76 to 94 of 198, columns 43 to 85 of 256]
-0.6125584244728088,-0.8584915995597839,-1.176863193511963,-1.3972985744476318,-1.7405635118484497,-1.882300615310669,-2.0251541137695312,-2.2781312465667725,-2.6379189491271973,-2.8687615394592285,-2.9938035011291504,-2.864142656326294,-2.8598039150238037,-2.7627756595611572,-2.760957956314087,-2.9043190479278564,-3.0442047119140625,-3.192037582397461,-3.742582082748413,-4.246823310852051,-4.692234039306641,-5.016982555389404,-5.223052978515625,-5.358022689819336,-5.340763092041016,-5.278762340545654,-5.160466194152832,-5.01915168762207,-4.777598857879639,-4.567481517791748,-4.297935962677002,-3.797473669052124,-3.3547089099884033,-2.995142698287964,-2.5453944206237793,-2.057591199874878,-1.6719881296157837,-1.360635757446289,-1.3632622957229614,-1.2958009243011475,-1.6548835039138794,-1.8119107484817505,-1.8814202547073364
0.4524231553077698,0.0986824706196785,-0.37405017018318176,-0.6573337912559509,-1.067615032196045,-1.11821448802948,-1.2243342399597168,-1.5624724626541138,-2.080782413482666,-2.532456636428833,-2.8001153469085693,-2.7523200511932373,-2.5344910621643066,-2.4021050930023193,-2.2310872077941895,-2.2608108520507812,-2.5291144847869873,-2.8809974193573,-3.240630865097046,-3.5052616596221924,-3.7886898517608643,-4.217773914337158,-4.479998588562012,-4.773886203765869,-4.8357038497924805,-4.977566719055176,-4.928767204284668,-4.8137969970703125,-4.5728440284729,-4.1746954917907715,-3.676910638809204,-3.1287388801574707,-2.8332178592681885,-2.5151257514953613,-2.1998817920684814,-1.6725387573242188,-1.3427873849868774,-1.1666796207427979,-1.3433369398117065,-1.4693981409072876,-1.971146583557129,-2.081650495529175,-2.223637819290161
1.5822784900665283,0.8166429400444031,0.4929894506931305,-0.013927693478763103,-0.18441952764987946,-0.2989875376224518,-0.37854066491127014,-0.7130646109580994,-1.4189479351043701,-2.209181308746338,-2.65366530418396,-2.6267218589782715,-2.4135208129882812,-2.1906025409698486,-2.1232173442840576,-2.210221767425537,-2.4491891860961914,-2.722536325454712,-2.92117977142334,-2.9861466884613037,-2.930739402770996,-3.016341209411621,-3.374551296234131,-3.921292543411255,-4.321858882904053,-4.718972206115723,-4.8561930656433105,-4.788366794586182,-4.498276710510254,-4.003435134887695,-3.4457592964172363,-2.6899631023406982,-2.199179172515869,-1.8642971515655518,-1.7109414339065552,-1.3543447256088257,-1.121134877204895,-1.1441986560821533,-1.551461935043335,-1.6867839097976685,-2.3770253658294678,-2.2382583618164062,-2.3944408893585205
1.516891598701477,1.5156373977661133,0.7379728555679321,0.6784474849700928,0.3419860303401947,0.438085675239563,0.3498782813549042,0.045465804636478424,-0.8440551161766052,-1.6475554704666138,-2.2301294803619385,-2.2798991203308105,-2.2288310527801514,-2.138946294784546,-2.2558751106262207,-2.4128623008728027,-2.5549099445343018,-2.584751605987549,-2.4685661792755127,-2.3947558403015137,-2.3313019275665283,-2.31953763961792,-2.5481550693511963,-2.8630177974700928,-3.3314499855041504,-3.9854609966278076,-4.440293788909912,-4.512988090515137,-4.183677673339844,-3.611182928085327,-3.0825369358062744,-2.452035427093506,-1.9968417882919312,-1.5252918004989624,-1.3342121839523315,-1.1231619119644165,-1.1085346937179565,-1.2509243488311768,-1.7898086309432983,-1.8248430490493774,-2.478726863861084,-2.0647175312042236,-2.127025842666626
1.2156933546066284,1.3115583658218384,1.4431819915771484,1.3500767946243286,1.2111932039260864,1.3331084251403809,1.1533852815628052,0.5986385941505432,-0.41468489170074463,-1.1804277896881104,-1.7263609170913696,-1.8307446241378784,-1.9373815059661865,-2.0899784564971924,-2.432180881500244,-2.7135024070739746,-2.743555784225464,-2.4056625366210938,-2.0586249828338623,-1.7309025526046753,-1.7284435033798218,-1.7997905015945435,-2.1960809230804443,-2.509678602218628,-2.823591470718384,-3.107603073120117,-3.648651123046875,-4.053258895874023,-3.733640193939209,-3.106661796569824,-2.584343671798706,-2.0658626556396484,-1.7602373361587524,-1.4107905626296997,-1.3108028173446655,-1.164962887763977,-1.3708082437515259,-1.4066730737686157,-2.03902006149292,-1.8591159582138062,-2.1942732334136963,-1.5890159606933594,-1.4375211000442505
0.6980875730514526,1.3431295156478882,2.129711389541626,2.099107027053833,2.16926908493042,2.2319846153259277,1.8577769994735718,1.1166491508483887,-0.020452747121453285,-0.8760967254638672,-1.2858213186264038,-1.3352471590042114,-1.577863335609436,-1.9460933208465576,-2.621670722961426,-2.9078423976898193,-2.6871144771575928,-2.0586302280426025,-1.43477201461792,-1.0259621143341064,-1.1441165208816528,-1.4094045162200928,-2.0074830055236816,-2.256294012069702,-2.5464885234832764,-2.5938146114349365,-2.9329934120178223,-3.173219680786133,-2.918631076812744,-2.3784048557281494,-1.9271146059036255,-1.5917965173721313,-1.4854904413223267,-1.395354986190796,-1.5234835147857666,-1.4295283555984497,-1.7783613204956055,-1.6638833284378052,-2.207404613494873,-1.6719028949737549,-1.7782224416732788,-0.8643715977668762,-0.5823020935058594
0.04460844397544861,1.4536620378494263,3.479226589202881,3.183835506439209,3.0813353061676025,2.9274797439575195,2.718674898147583,1.588862657546997,0.4689611792564392,-0.5113393664360046,-0.7704026103019714,-0.8629768490791321,-1.1524574756622314,-1.775514006614685,-2.5968024730682373,-2.8826608657836914,-2.4779200553894043,-1.6688216924667358,-0.9013472199440002,-0.4190320074558258,-0.6689652800559998,-1.074143886566162,-1.8075460195541382,-2.0477840900421143,-2.340538263320923,-2.1996865272521973,-2.0628864765167236,-1.9509910345077515,-1.8989534378051758,-1.4975947141647339,-1.1387431621551514,-1.0272212028503418,-1.0995678901672363,-1.2847622632980347,-1.6994353532791138,-1.625767707824707,-1.9877787828445435,-1.7205785512924194,-2.1112923622131348,-1.3644846677780151,-1.1186621189117432,-0.1356099247932434,0.20359131693840027
-0.2664421796798706,2.5302093029022217,4.471365451812744,4.185495376586914,3.6481618881225586,3.630328893661499,3.06782603263855,2.107883930206299,1.0178561210632324,0.10231456160545349,-0.1596299707889557,-0.4257872402667999,-0.8411515355110168,-1.6333285570144653,-2.278702735900879,-2.2995338439941406,-1.8335024118423462,-0.907078742980957,-0.36243581771850586,-0.1175040677189827,-0.5317326188087463,-1.0381757020950317,-1.7058217525482178,-1.9903045892715454,-1.9866867065429688,-1.7720131874084473,-1.429221272468567,-1.0923320055007935,-0.7566686272621155,-0.30606961250305176,-0.26523515582084656,-0.31215110421180725,-0.678235650062561,-1.112975835800171,-1.7079858779907227,-1.6053861379623413,-1.8446241617202759,-1.519749641418457,-1.7375136613845825,-0.8765086531639099,-0.47704461216926575,0.5331384539604187,0.8676208853721619
-0.8735498189926147,2.374876022338867,4.612945556640625,4.322479724884033,3.8732123374938965,3.736711025238037,3.5010292530059814,2.5522372722625732,1.5694066286087036,0.8513422608375549,0.6114330291748047,0.02790096402168274,-0.6412643194198608,-1.46245276927948,-1.8601347208023071,-1.6404967308044434,-0.9472243189811707,-0.0927182137966156,0.2232002317905426,0.16292442381381989,-0.3980218768119812,-1.1574593782424927,-1.6792709827423096,-1.912693977355957,-1.6492996215820312,-1.224625587463379,-0.7553691267967224,-0.3212808072566986,-0.08006097376346588,0.3074827194213867,0.42933180928230286,0.3482627868652344,-0.22119376063346863,-0.8891516923904419,-1.5905054807662964,-1.5083075761795044,-1.4463804960250854,-1.0462180376052856,-1.0545345544815063,-0.2668255567550659,0.0629744827747345,0.9499549269676208,1.2566828727722168
-0.7885301113128662,1.4162214994430542,2.829371213912964,3.971184492111206,4.190101146697998,4.603294849395752,3.635314464569092,2.816797971725464,2.462488889694214,1.8108677864074707,1.4206037521362305,0.5705986618995667,-0.29746147990226746,-1.1495397090911865,-1.3039214611053467,-0.897713303565979,-0.09214580804109573,0.60274338722229,0.8413664698600769,0.5486258268356323,-0.256471186876297,-1.1122047901153564,-1.7011185884475708,-1.8613513708114624,-1.4130332469940186,-0.7951875925064087,-0.21452514827251434,0.3297758996486664,0.6380695104598999,1.0113016366958618,1.1442372798919678,0.9409214854240417,0.21894799172878265,-0.44199076294898987,-0.9588298797607422,-1.1247886419296265,-1.121433138847351,-0.6787407994270325,-0.5421432852745056,0.25136905908584595,0.467563658952713,1.2555423974990845,1.553664207458496
-0.23913699388504028,0.3486948311328888,0.565392255783081,2.4047048091888428,3.127753257751465,3.0260961055755615,4.441074848175049,4.360148906707764,3.596369981765747,2.8173775672912598,2.2738916873931885,1.2453525066375732,0.22000588476657867,-0.6240347027778625,-0.6788433790206909,-0.21325072646141052,0.582415759563446,1.1068845987319946,1.3054333925247192,0.8421069383621216,0.08425641059875488,-0.9783157110214233,-1.5052943229675293,-1.5957427024841309,-1.1637933254241943,-0.4581166207790375,0.11556479334831238,0.7163459658622742,1.1771438121795654,1.7125486135482788,1.839707374572754,1.5366891622543335,0.6343095898628235,-0.14734314382076263,-0.6909827589988708,-0.7304370403289795,-0.8013245463371277,-0.519769012928009,-0.3008415400981903,0.5078078508377075,0.9197107553482056,1.7005934715270996,2.077991247177124
-0.3894555866718292,-0.7326459884643555,-0.5326391458511353,1.0810365676879883,1.289477825164795,1.8767224550247192,4.1120991706848145,4.996401786804199,4.393614768981934,3.8668863773345947,3.0684497356414795,2.0608770847320557,0.931575357913971,0.132053405046463,-0.004051484167575836,0.29183730483055115,0.972722589969635,1.342310905456543,1.4965314865112305,1.1382023096084595,0.37912893295288086,-0.5648062825202942,-1.02432119846344,-1.118148684501648,-0.6771230101585388,-0.09875013679265976,0.539725124835968,1.154699444770813,1.7206602096557617,2.264784097671509,2.380875825881958,2.005486488342285,1.1277179718017578,0.375582218170166,-0.11589451879262924,-0.39211589097976685,-0.7131457924842834,-0.46633559465408325,-0.260678231716156,0.6714698076248169,1.4328527450561523,2.3951423168182373,2.7765610218048096
-1.2991342544555664,-1.411267638206482,-0.9373857975006104,0.8574209809303284,0.7303377389907837,2.349851131439209,5.356956481933594,5.842553615570068,4.823060989379883,4.70882511138916,3.8508048057556152,2.954063892364502,1.7380726337432861,0.882515013217926,0.5759909152984619,0.6253583431243896,1.1734894514083862,1.5480167865753174,1.6998077630996704,1.4848008155822754,0.7184348702430725,-0.0232667438685894,-0.5363947749137878,-0.5232487916946411,-0.2084970623254776,0.39793527126312256,1.1072801351547241,1.8522577285766602,2.322255849838257,2.7694482803344727,2.729534149169922,2.230597496032715,1.3456859588623047,0.7609641551971436,0.3010610342025757,-0.18432848155498505,-0.5162044167518616,-0.3135330379009247,-0.1268104463815689,0.9149656295776367,1.7451764345169067,2.868036985397339,3.3717501163482666
-2.11093807220459,-1.5168262720108032,-0.9828398823738098,0.9755311012268066,1.0141518115997314,2.9091696739196777,5.6335225105285645,6.088386058807373,5.348150253295898,5.1929850578308105,4.65153694152832,3.8526451587677,2.680243730545044,1.6364601850509644,1.0984967947006226,1.0192891359329224,1.4216279983520508,1.7945417165756226,1.9456204175949097,1.7720755338668823,1.0626821517944336,0.5018783807754517,0.09913399815559387,0.05668932572007179,0.18700724840164185,0.737395703792572,1.509691834449768,2.4038310050964355,2.807215690612793,3.1875522136688232,2.996706485748291,2.4597527980804443,1.583667516708374,1.0133270025253296,0.3481976389884949,-0.25842633843421936,-0.447243869304657,0.13989830017089844,0.43678179383277893,1.5955392122268677,2.2636663913726807,3.371675491333008,3.952139139175415
-2.371134042739868,-1.4607640504837036,-0.6751452684402466,1.2245486974716187,2.20460844039917,3.514241933822632,4.7973761558532715,5.477247714996338,6.153825759887695,5.9532599449157715,5.207533359527588,4.72298002243042,3.689281463623047,2.67899751663208,1.8845407962799072,1.4924886226654053,1.6961568593978882,2.047419548034668,2.1794464588165283,1.9249072074890137,1.3783546686172485,0.8622283935546875,0.6046146750450134,0.5734291076660156,0.6151707172393799,1.0312718152999878,1.7261801958084106,2.676959753036499,3.1943206787109375,3.437919855117798,3.2799391746520996,2.7595033645629883,1.8991955518722534,1.2724496126174927,0.5825708508491516,0.19824570417404175,0.09433969110250473,0.8357248306274414,1.3179564476013184,2.4154551029205322,3.0514187812805176,3.9649696350097656,4.5980634689331055
-2.5081887245178223,-1.5840885639190674,-0.3029630482196808,1.4944391250610352,2.980257511138916,4.183008670806885,4.151975631713867,6.101363658905029,6.696023941040039,6.730772018432617,6.347639560699463,5.521664619445801,4.7032012939453125,3.8806610107421875,2.6935243606567383,1.936619520187378,1.9614078998565674,2.2882232666015625,2.3073854446411133,1.9505975246429443,1.513519048690796,1.127759337425232,1.050846815109253,0.9706606864929199,0.968723475933075,1.3103641271591187,1.947994589805603,2.8999788761138916,3.5259382724761963,3.8829989433288574,3.6802737712860107,3.0900936126708984,2.254035711288452,1.6092214584350586,0.9733214974403381,0.806672990322113,0.9312868118286133,1.6504098176956177,2.1850013732910156,3.2916946411132812,3.9775829315185547,4.631140232086182,5.191321849822998
-2.555326223373413,-2.1795952320098877,-0.8009235858917236,1.5696446895599365,3.106337308883667,4.815097332000732,5.7073211669921875,5.151656627655029,6.560295104980469,6.5134382247924805,5.1565680503845215,4.998410701751709,5.633234024047852,5.168339729309082,3.6676597595214844,2.6096584796905518,2.554936647415161,2.5554308891296387,2.1300690174102783,1.6316640377044678,1.4545049667358398,1.508752703666687,1.4994635581970215,1.398000717163086,1.340299129486084,1.733073353767395,2.288363456726074,3.146345615386963,3.8925058841705322,4.26299524307251,4.106875419616699,3.5398809909820557,2.615203380584717,1.9805911779403687,1.3787219524383545,1.294284462928772,1.5442956686019897,2.408006429672241,3.062744140625,4.206844329833984,4.869879722595215,5.47100305557251,5.816883087158203
-2.704806089401245,-2.5232717990875244,-1.0646480321884155,1.4744724035263062,2.9367074966430664,5.131084442138672,6.852307319641113,5.5450849533081055,5.016825199127197,4.58061408996582,5.599651336669922,7.207793235778809,7.211136817932129,5.430716514587402,3.625926971435547,2.5490810871124268,2.6174449920654297,2.545077323913574,1.7982596158981323,1.3398058414459229,1.6855436563491821,1.9497885704040527,1.7503553628921509,1.7065197229385376,1.9295015335083008,2.435410737991333,3.0219130516052246,3.7284188270568848,4.285266399383545,4.661863803863525,4.519759654998779,3.8490734100341797,2.948425531387329,2.3681507110595703,1.9186475276947021,1.9323948621749878,2.3621582984924316,3.3244166374206543,4.027710437774658,5.117856502532959,5.795771598815918,6.272028923034668,6.421084880828857
-1.0918604135513306,-1.2772289514541626,-0.4548204839229584,1.6490710973739624,3.1333329677581787,5.239162445068359,6.022462844848633,4.675478935241699,4.416583061218262,4.291628837585449,4.807239055633545,3.1632845401763916,2.6300435066223145,2.660722255706787,1.8580812215805054,2.4603865146636963,2.861715793609619,2.539717197418213,2.004254102706909,2.1010804176330566,2.5351943969726562,2.445941925048828,2.071256637573242,2.115504503250122,2.706390380859375,3.380655288696289,3.998896837234497,4.51886510848999,4.8332390785217285,4.988975524902344,4.7017388343811035,4.084548473358154,3.2880401611328125,2.720277786254883,2.5637667179107666,2.8083813190460205,3.2689099311828613,4.222832679748535,4.942739963531494,5.961490631103516,6.536255836486816,6.819676399230957,6.87146520614624
