data/wind_data/wind_2025-02-20_16.json
{"header": {"parameterUnit": "KT", "parameterCategory": 2, "nx": 255, "ny": 198, "lo1": 44.73521041870117, "la1": -3.236724853515625, "lo2": 111.26478576660156, "la2": 43.468475341796875, "dx": 0.26192745566368103, "dy": -0.23708222806453705, "refTime": "2025-02-20 16:00:00", "forecastTime": 0, "parameterNumber": 2, "parameterNumberName": "eastward_wind"}, "data":
[rows 95 to 113 of 198, columns 86 to 128 of 255]
-3.578429937362671,-3.3175840377807617,-2.5773274898529053,-1.4749339818954468,-0.06594231724739075,1.4113119840621948,2.647552490234375,4.0165228843688965,5.7420735359191895,7.4981913566589355,7.390032768249512,4.126029014587402,2.9200196266174316,2.0705482959747314,2.6897544860839844,3.953585147857666,4.854477882385254,5.430434703826904,3.3534276485443115,-1.2944828271865845,-1.6017118692398071,0.9555981755256653,2.8750035762786865,2.1164164543151855,0.3769911825656891,-0.7428638935089111,0.4771685302257538,3.199413776397705,3.9196672439575195,1.8599778413772583,-0.7463046312332153,-1.4311575889587402,-0.17214643955230713,1.450483798980713,1.2159725427627563,-0.004025488626211882,-0.16685542464256287,-0.2867085337638855,0.3972238004207611,2.076364040374756,4.058145046234131,3.7205567359924316,2.3243210315704346
-2.8608498573303223,-2.443390369415283,-1.6668905019760132,-0.6046292185783386,0.8019874691963196,2.3257060050964355,3.390110731124878,4.717911720275879,6.327762126922607,6.539493560791016,4.278608322143555,3.639051675796509,2.125504970550537,-0.6715772747993469,-0.25301316380500793,2.466522455215454,4.365356922149658,5.473739147186279,3.8051598072052,-0.5438823699951172,-1.1578320264816284,1.064005970954895,2.572347640991211,2.2887206077575684,1.5949715375900269,1.0861003398895264,1.191226601600647,1.9724706411361694,0.7899789810180664,-0.8965775370597839,-1.6124894618988037,-1.1927402019500732,0.8819192051887512,2.9258878231048584,3.6050124168395996,2.8333168029785156,1.5517834424972534,0.6636958718299866,0.7856042385101318,2.882520914077759,4.712198734283447,5.563775062561035,3.5245108604431152
-2.1901626586914062,-1.7327382564544678,-0.9070343375205994,0.12279657274484634,1.5496940612792969,3.0246927738189697,3.8727803230285645,5.410037517547607,6.064977169036865,3.8441359996795654,3.132992744445801,2.9408228397369385,1.9056979417800903,0.595831573009491,0.6321840882301331,1.1746982336044312,1.574637770652771,3.6271579265594482,4.728304862976074,1.1632834672927856,-0.984659731388092,1.647201657295227,3.2762465476989746,2.5122175216674805,1.72634756565094,1.7960902452468872,2.867499351501465,2.9085357189178467,1.807965636253357,1.3721195459365845,1.2123562097549438,1.6602400541305542,2.640627861022949,3.4149060249328613,4.383211135864258,5.231583118438721,5.1566572189331055,4.237790107727051,2.798933267593384,2.7792470455169678,5.102975845336914,5.67807674407959,5.336033821105957
-1.8947464227676392,-1.3912498950958252,-0.3851983845233917,0.7715767621994019,2.1789019107818604,3.569908380508423,4.667304992675781,5.779577732086182,4.2776312828063965,3.2401413917541504,3.411540985107422,3.507599115371704,2.6179914474487305,2.0490596294403076,2.5028364658355713,3.5891425609588623,3.9348552227020264,1.2982059717178345,0.7820307016372681,-0.05043357238173485,-1.324475884437561,2.0719587802886963,3.913358688354492,2.1412222385406494,0.5639917254447937,1.3704068660736084,3.3305675983428955,4.76624870300293,5.453420639038086,5.2487311363220215,3.7940773963928223,2.5382962226867676,2.1635494232177734,2.8375728130340576,5.024122714996338,6.57086706161499,6.531518459320068,5.292649745941162,2.8362019062042236,1.8341898918151855,3.082904100418091,4.6854753494262695,4.570300102233887
-1.3889310359954834,-0.8240271806716919,0.23686236143112183,1.5024675130844116,2.880526542663574,4.151805400848389,5.088451862335205,5.365267276763916,5.488611221313477,5.187650680541992,5.140984535217285,4.684149742126465,4.508715629577637,3.827181577682495,3.7039124965667725,4.40496826171875,5.016539096832275,3.9598536491394043,-0.03875602036714554,-0.4901091456413269,1.0588979721069336,2.4949681758880615,2.690408229827881,1.6662148237228394,2.5193450450897217,2.837782144546509,2.08524751663208,3.364454746246338,5.2902374267578125,4.73642110824585,1.6783545017242432,0.05918993800878525,0.9780353307723999,1.9819400310516357,3.0407164096832275,4.495100498199463,5.167547225952148,4.4562296867370605,2.3440723419189453,1.5536319017410278,1.5666121244430542,0.5562750697135925,0.459212988615036
-0.8493494987487793,-0.1505155712366104,1.0666147470474243,2.559753656387329,3.8123819828033447,5.106359958648682,5.408634185791016,6.6270294189453125,8.114011764526367,6.684037208557129,5.943912029266357,5.608869552612305,5.344096660614014,4.866944313049316,4.818345546722412,5.082335472106934,5.546067714691162,4.610678195953369,2.972564458847046,0.35704976320266724,0.7515422701835632,1.3204426765441895,0.4649166166782379,0.9943884015083313,3.9100191593170166,4.167470932006836,1.7296260595321655,2.447808265686035,3.9165754318237305,2.745756149291992,1.524475336074829,1.6778630018234253,2.789113759994507,3.2918331623077393,2.9777798652648926,2.650123357772827,3.1487622261047363,3.337246894836426,1.9228383302688599,2.3553268909454346,1.8565258979797363,-0.33612948656082153,0.902736246585846
-0.09250805526971817,0.8636130094528198,2.247317314147949,3.6796398162841797,4.902719020843506,5.931934833526611,6.956697463989258,8.047471046447754,9.100970268249512,8.94298267364502,9.060548782348633,9.382387161254883,7.53173303604126,6.001715183258057,5.367903709411621,4.9925127029418945,4.6160078048706055,4.103055953979492,3.6132166385650635,2.4909331798553467,1.2349913120269775,0.7961785197257996,0.9216312170028687,2.4141154289245605,4.645079612731934,4.8892598152160645,4.1500444412231445,4.759164333343506,4.919577598571777,4.55959415435791,4.471786022186279,4.100353717803955,3.5139546394348145,3.526956081390381,3.479182481765747,4.00290060043335,5.114884376525879,5.1591339111328125,2.868119716644287,0.8856984972953796,0.8771076202392578,-0.4669281244277954,-0.38509777188301086
0.5998372435569763,2.1855947971343994,3.5625624656677246,4.963123798370361,5.79225492477417,6.783109664916992,7.854201793670654,7.552374362945557,5.340828895568848,5.578932762145996,8.581121444702148,9.231332778930664,7.4126973152160645,5.3001580238342285,5.110031604766846,4.723363876342773,4.644460678100586,4.327693462371826,3.1363143920898438,2.2469255924224854,2.0120835304260254,2.1526856422424316,2.759553909301758,3.3502109050750732,3.667449951171875,3.9090287685394287,4.773248672485352,5.243656635284424,4.880185127258301,4.234804630279541,3.705308198928833,3.188567876815796,2.7392566204071045,2.8278443813323975,4.096149921417236,5.434909343719482,6.249852180480957,6.675582408905029,6.0788373947143555,4.083117961883545,3.084272623062134,2.009967565536499,1.3448632955551147
0.863541841506958,3.412325620651245,4.993330955505371,6.072926044464111,6.899874210357666,7.462530136108398,6.334456443786621,5.815989017486572,5.903385162353516,6.3629350662231445,6.265205383300781,5.517771244049072,5.425026893615723,5.256392955780029,4.727994918823242,4.875697135925293,4.509263515472412,3.6594371795654297,2.696162462234497,2.2737443447113037,2.3061485290527344,2.629117012023926,3.080019474029541,3.8947973251342773,4.882818222045898,5.667409420013428,6.701928615570068,6.875900745391846,6.5863165855407715,5.499138355255127,4.043704032897949,3.334627151489258,3.00527024269104,3.3498198986053467,4.684072494506836,5.494765758514404,5.958320617675781,6.117569446563721,6.162814140319824,5.888214588165283,4.205942630767822,2.037710189819336,1.5716025829315186
1.36472749710083,4.084140777587891,5.886268138885498,7.173996448516846,7.376864910125732,5.805191516876221,4.942590713500977,5.040680885314941,5.667255401611328,6.082075119018555,5.939822673797607,3.308049440383911,1.8219373226165771,3.318776845932007,5.154768466949463,4.876558303833008,3.309851884841919,1.8295940160751343,0.8189893364906311,0.7749580144882202,1.7254403829574585,2.50549578666687,2.8164663314819336,3.6489009857177734,4.394296646118164,4.876327991485596,4.60633659362793,4.481105327606201,3.906350612640381,2.8555641174316406,2.5638492107391357,2.5765221118927,2.6729912757873535,3.4548375606536865,4.606983661651611,5.084595203399658,5.2720746994018555,5.504301071166992,5.403378009796143,5.049043655395508,4.683880805969238,3.6584789752960205,3.6659951210021973
3.1989946365356445,5.03971004486084,6.350730895996094,7.343716144561768,7.110287666320801,5.563719749450684,6.683786869049072,6.500188827514648,5.6247029304504395,4.995545387268066,3.6409435272216797,3.1937954425811768,3.6576461791992188,4.208014011383057,5.789193630218506,5.117007732391357,3.3428258895874023,1.8564425706863403,0.8000898957252502,0.8307057619094849,1.7656916379928589,2.5840253829956055,3.299896001815796,4.299012660980225,6.31926155090332,6.423969745635986,5.4007368087768555,4.295543193817139,4.49213981628418,5.088776111602783,5.270060062408447,5.236565113067627,5.198378562927246,5.283422470092773,5.650064468383789,5.973571300506592,5.844558238983154,6.227092742919922,6.400447845458984,5.398998260498047,2.648038625717163,0.5182792544364929,1.0096874237060547
4.4353485107421875,6.274284839630127,7.245587348937988,6.351353168487549,6.23668098449707,6.791008472442627,7.373802661895752,7.240372180938721,6.88210916519165,4.956064224243164,4.566011428833008,5.364866256713867,5.740259170532227,5.826005458831787,5.759006500244141,4.529545783996582,3.1750192642211914,2.384218454360962,2.012667655944824,2.267561435699463,3.191023588180542,3.7764081954956055,3.910539150238037,4.766358375549316,6.21482515335083,7.083902359008789,5.118871688842773,3.549268960952759,2.679258108139038,3.4054176807403564,4.459389686584473,4.0959153175354,3.631737232208252,4.4626359939575195,5.1965837478637695,5.207798957824707,4.6486663818359375,4.616950988769531,5.17973518371582,5.101545333862305,4.947072505950928,3.8859074115753174,3.973665237426758
5.454892635345459,5.848325252532959,6.339068412780762,6.515439510345459,6.014925479888916,5.770252704620361,7.147107124328613,7.411459922790527,6.125489711761475,3.5938844680786133,3.6517722606658936,4.314916133880615,4.539055824279785,4.737828254699707,4.308467388153076,3.043168067932129,1.7970459461212158,1.2433816194534302,1.1425281763076782,0.6847368478775024,0.9744007587432861,1.9015213251113892,1.3884694576263428,1.6537595987319946,4.279391288757324,5.179252624511719,3.021942377090454,1.0381951332092285,1.0428335666656494,2.5980114936828613,4.335062503814697,4.419919013977051,4.913730144500732,5.825211048126221,6.644132614135742,6.594338893890381,5.750161170959473,4.955583095550537,5.1654372215271,5.452299118041992,5.004126071929932,3.501466751098633,1.9965089559555054
6.802671909332275,5.939268112182617,5.622993469238281,5.774230003356934,7.490962028503418,8.302525520324707,6.81076192855835,5.116008281707764,3.8654003143310547,3.8626773357391357,3.8687710762023926,3.1818912029266357,2.339561939239502,1.9945448637008667,1.5923528671264648,0.24316851794719696,-1.3527237176895142,-1.4976333379745483,-0.5534919500350952,-0.5311589241027832,0.026483094319701195,1.981454610824585,2.2116289138793945,1.8020966053009033,3.888410806655884,5.304934024810791,3.0085396766662598,1.5785404443740845,3.1054847240448,4.8488287925720215,4.932500839233398,4.898492336273193,5.343060493469238,5.2837371826171875,4.908053398132324,4.69573974609375,4.4705119132995605,3.8407037258148193,3.8722732067108154,5.316493034362793,5.607034683227539,4.51952600479126,2.37571382522583
8.167497634887695,6.387297630310059,5.519986152648926,5.643593788146973,6.761105537414551,7.086283206939697,6.329904556274414,6.000403881072998,2.9936516284942627,0.7460668683052063,1.2701441049575806,1.9715590476989746,1.8058335781097412,1.2211902141571045,0.6151394844055176,-0.006227331701666117,-0.7979686260223389,-1.1545785665512085,-0.5497982501983643,0.2412022203207016,1.2633181810379028,2.818582534790039,2.774230480194092,1.9832870960235596,4.088851451873779,5.927844047546387,5.1377058029174805,3.8709681034088135,3.300668239593506,3.894822359085083,4.923707008361816,5.262331008911133,5.531191825866699,5.57723331451416,5.40631628036499,4.662843704223633,3.318204164505005,2.372767925262451,2.661203622817993,4.543900012969971,5.852334976196289,5.048773288726807,3.566166400909424
6.301711559295654,6.247832298278809,6.857335090637207,6.175918102264404,6.611184597015381,7.859287738800049,6.3085174560546875,3.2266764640808105,0.9512031078338623,0.9744859933853149,1.3841872215270996,0.9265446662902832,-0.014164239168167114,-0.29270273447036743,0.05990134924650192,0.20850631594657898,-0.3045695722103119,-0.5911719799041748,0.24421744048595428,1.5016348361968994,2.739988088607788,3.3036816120147705,2.264392137527466,2.043729543685913,4.813465118408203,6.395287036895752,5.902273654937744,4.8831610679626465,4.124244213104248,4.443843841552734,5.178369998931885,5.6629719734191895,5.81025505065918,5.7154083251953125,4.746725559234619,3.3897321224212646,1.9425463676452637,1.070117712020874,1.6550123691558838,3.2564609050750732,4.51276969909668,5.198390483856201,4.547144412994385
6.264039516448975,6.833337306976318,7.034813404083252,6.7772040367126465,5.75316047668457,6.281906604766846,5.875456809997559,3.692819833755493,0.14351432025432587,-1.264853596687317,-1.3505953550338745,-1.6986080408096313,-2.10143780708313,-1.7607781887054443,-0.8147339224815369,0.29617568850517273,0.8919126391410828,1.1857988834381104,1.9228103160858154,3.2472074031829834,4.679398536682129,5.217609882354736,4.220527172088623,3.7543585300445557,5.483128547668457,6.444436550140381,6.1243157386779785,5.159826278686523,4.807602405548096,5.067041873931885,5.463059425354004,5.829493999481201,5.974437713623047,5.781188488006592,5.178450107574463,4.136333465576172,2.0572776794433594,1.4522347450256348,2.1569674015045166,2.8733389377593994,4.111041069030762,5.147429466247559,4.741054534912109
6.990157127380371,7.606837272644043,8.712651252746582,8.255595207214355,7.202059268951416,5.525989532470703,2.6183862686157227,0.1110496073961258,-1.3830822706222534,-1.982931137084961,-1.550246000289917,-2.23939847946167,-3.4448702335357666,-3.3419318199157715,-1.620370864868164,0.5559458136558533,1.9318432807922363,2.358428716659546,2.7207937240600586,3.2362022399902344,4.1231231689453125,4.546823501586914,3.9312357902526855,2.950896739959717,3.504019260406494,5.4661030769348145,6.286795616149902,6.173168659210205,6.003729820251465,5.8174333572387695,5.5969696044921875,5.945708751678467,5.924907684326172,5.312921047210693,4.619026184082031,3.671112060546875,2.1307034492492676,2.090040683746338,3.337364673614502,4.09107780456543,4.77463960647583,5.0664963722229,4.68531608581543
6.748251438140869,7.705077171325684,9.312734603881836,8.999882698059082,6.803903579711914,3.2034122943878174,0.12375165522098541,-1.8921806812286377,-4.346696376800537,-4.9601874351501465,-5.585752010345459,-5.452890872955322,-5.094187259674072,-4.0503058433532715,-1.8215203285217285,1.2259306907653809,3.5328774452209473,4.10523796081543,4.143798828125,5.490368366241455,5.852499961853027,5.3680806159973145,4.309009552001953,2.2727713584899902,0.5628094673156738,1.6068766117095947,4.841785430908203,6.0787153244018555,6.114696025848389,5.753631591796875,5.454708576202393,5.529418468475342,5.277805328369141,4.625553607940674,4.294244766235352,3.727677345275879,2.761227607727051,3.148202419281006,3.780482769012451,4.310050010681152,5.553884983062744,5.399945259094238,4.609448432922363
