data/wind_data/wind_3_4.json
{"header": {"parameterUnit": "KT", "parameterCategory": 2, "nx": 256, "ny": 198, "lo1": 44.73521041870117, "la1": -3.236724853515625, "lo2": 111.26478576660156, "la2": 43.468475341796875, "dx": 0.2609002888202667, "dy": -0.23708222806453705, "refTime": "2025-02-19 03:00:00", "forecastTime": 0, "parameterNumber": 2, "parameterNumberName": "eastward_wind"}, "data":
[rows 152 to 170 of 198, columns 88 to 131 of 256]
31.426795959472656,32.6304817199707,34.026065826416016,34.54234313964844,32.09134292602539,28.840824127197266,26.533660888671875,25.983137130737305,24.58487319946289,19.2772159576416,12.168538093566895,8.029757499694824,6.927461624145508,7.178013324737549,5.273336887359619,0.318819522857666,-2.9708499908447266,-2.730461359024048,-1.7636120319366455,-0.8457663655281067,1.0138931274414062,3.3639211654663086,6.405112266540527,9.724020957946777,12.848541259765625,11.360261917114258,6.396132946014404,7.086426734924316,14.527817726135254,20.689346313476562,22.80299949645996,23.113277435302734,22.289390563964844,18.668407440185547,16.093814849853516,18.205232620239258,19.956586837768555,19.1097469329834,18.614028930664062,21.376144409179688,26.651817321777344,30.457000732421875,32.30617141723633,33.02771759033203
32.00910186767578,32.84675216674805,34.116268157958984,35.563255310058594,32.92913818359375,29.124645233154297,26.089303970336914,23.54627799987793,20.567705154418945,14.96837329864502,10.575338363647461,9.93809986114502,10.306438446044922,9.404218673706055,6.5007643699646,2.487870693206787,-0.9010249376296997,-0.6686364412307739,0.6132763028144836,0.2314404547214508,0.9248983860015869,3.9110591411590576,8.479837417602539,12.166455268859863,13.190221786499023,10.467523574829102,9.355735778808594,14.21277141571045,19.56437873840332,21.925809860229492,22.963741302490234,21.323434829711914,15.269131660461426,12.637162208557129,14.924613952636719,18.74142837524414,18.484821319580078,18.470102310180664,20.986495971679688,26.815465927124023,30.276580810546875,31.416135787963867,32.32414627075195,32.68016815185547
31.735713958740234,32.135658264160156,32.472801208496094,33.27261734008789,32.099464416503906,28.93187141418457,24.459552764892578,21.082773208618164,20.068126678466797,18.938861846923828,17.067733764648438,17.241256713867188,17.75720977783203,15.161335945129395,11.703633308410645,10.144796371459961,8.13271427154541,6.406315803527832,6.200974464416504,4.720154762268066,4.387933731079102,10.195058822631836,16.89204216003418,19.18255615234375,19.557924270629883,18.108137130737305,18.099658966064453,20.244476318359375,21.48368263244629,20.436229705810547,20.833105087280273,19.919017791748047,14.632217407226562,14.714534759521484,19.049867630004883,19.84813117980957,18.057159423828125,18.358715057373047,24.081851959228516,29.35577964782715,30.293710708618164,31.23118019104004,32.99197006225586,32.750579833984375
32.1120719909668,32.45531463623047,32.919002532958984,32.37373733520508,31.362009048461914,25.968156814575195,19.462738037109375,18.34650993347168,21.953367233276367,23.73680877685547,22.743696212768555,21.83138656616211,21.87701416015625,20.468984603881836,17.98935890197754,16.537179946899414,14.920487403869629,13.401795387268066,12.187450408935547,10.930096626281738,10.591329574584961,15.028682708740234,21.263235092163086,23.56641387939453,24.894601821899414,25.18544578552246,24.740625381469727,23.570859909057617,21.6114559173584,19.56167221069336,19.944053649902344,16.97356605529785,13.557151794433594,14.104429244995117,18.999399185180664,21.3950138092041,21.892276763916016,23.44424819946289,27.855566024780273,30.192581176757812,30.426916122436523,31.7652530670166,33.72774124145508,31.773216247558594
29.746755599975586,29.01300048828125,30.01772117614746,31.802711486816406,32.69295120239258,28.016998291015625,21.585268020629883,21.284801483154297,25.52770233154297,26.733463287353516,25.902278900146484,25.194459915161133,24.593862533569336,23.778398513793945,22.2707462310791,19.539020538330078,18.56428337097168,19.131349563598633,19.355379104614258,19.253280639648438,16.611377716064453,14.830304145812988,19.288312911987305,24.47629737854004,22.00491714477539,18.41284942626953,21.45906639099121,22.873828887939453,20.513708114624023,18.307701110839844,14.218061447143555,12.484360694885254,14.528498649597168,17.160884857177734,20.639162063598633,22.84206199645996,24.505144119262695,27.437740325927734,31.230022430419922,31.29743766784668,32.330406188964844,32.99039077758789,32.53295135498047,28.69170570373535
26.249860763549805,25.739253997802734,26.022594451904297,26.3723201751709,27.386690139770508,26.386289596557617,23.341567993164062,22.633249282836914,23.923118591308594,24.185821533203125,24.74504280090332,26.09485626220703,26.50168800354004,26.47792625427246,23.89984893798828,19.10872459411621,18.87413787841797,20.924489974975586,22.37869644165039,23.10576820373535,20.87972640991211,14.09162712097168,11.99096393585205,12.387921333312988,8.433174133300781,5.609947204589844,8.232587814331055,11.643593788146973,14.276224136352539,12.096529006958008,11.13525104522705,13.274301528930664,16.48592185974121,18.880220413208008,21.172035217285156,24.302474975585938,28.0501708984375,32.21892166137695,33.043338775634766,31.611522674560547,31.400760650634766,29.345815658569336,28.929340362548828,22.601470947265625
25.11005973815918,25.242441177368164,23.0319881439209,20.162487030029297,18.366825103759766,19.946502685546875,21.123910903930664,21.545053482055664,22.190141677856445,23.42348861694336,25.296754837036133,27.356910705566406,27.069246292114258,25.815420150756836,24.50342559814453,20.418682098388672,20.136369705200195,23.5218563079834,25.78465461730957,25.414051055908203,24.673004150390625,18.809186935424805,9.040583610534668,4.883423328399658,5.201746463775635,6.499277591705322,2.082902193069458,4.444439888000488,8.05298137664795,9.137235641479492,10.590152740478516,13.250964164733887,17.554664611816406,21.77846336364746,26.483510971069336,30.738893508911133,33.795291900634766,32.66657257080078,28.64158058166504,26.536998748779297,25.86978530883789,25.790922164916992,26.415264129638672,22.870697021484375
20.578317642211914,22.079967498779297,18.5190372467041,15.500998497009277,13.248879432678223,14.954864501953125,17.217924118041992,18.46991729736328,20.9659366607666,24.3281192779541,26.45709991455078,26.00986099243164,23.64564323425293,20.904544830322266,21.86333465576172,19.783445358276367,18.9190731048584,24.311721801757812,27.436201095581055,27.181575775146484,26.271221160888672,22.94525909423828,16.82692527770996,13.442737579345703,11.626375198364258,8.433691024780273,2.325082778930664,3.78519344329834,9.240184783935547,11.609284400939941,13.440959930419922,17.115076065063477,23.214704513549805,29.558406829833984,32.611080169677734,32.64908981323242,29.96269989013672,22.85232162475586,18.245834350585938,18.7506160736084,21.88707733154297,24.339391708374023,24.067962646484375,21.595138549804688
17.57440948486328,19.198226928710938,12.804176330566406,10.78563404083252,10.31873607635498,11.47066593170166,13.808636665344238,15.93930435180664,17.02035903930664,19.3293514251709,20.7999267578125,17.113554000854492,17.18670082092285,19.961938858032227,19.663204193115234,17.07492446899414,14.519617080688477,15.570147514343262,18.3909854888916,21.242345809936523,20.832319259643555,21.028095245361328,20.28876304626465,18.10051918029785,11.748208045959473,7.125861167907715,5.976808071136475,11.422232627868652,17.883636474609375,20.26937484741211,22.55880355834961,26.970260620117188,31.438507080078125,32.282936096191406,30.123945236206055,27.523361206054688,23.014183044433594,18.678380966186523,15.905044555664062,16.707948684692383,20.17255401611328,22.37700843811035,22.476898193359375,20.363765716552734
16.71917724609375,13.524393081665039,7.901296615600586,8.084407806396484,9.405837059020996,10.590787887573242,11.684882164001465,13.24044418334961,13.776992797851562,15.082316398620605,17.65458869934082,16.210124969482422,17.355424880981445,20.152023315429688,21.607460021972656,21.98627471923828,20.327938079833984,15.558552742004395,9.87842845916748,11.623795509338379,14.671284675598145,15.43981647491455,15.63049030303955,13.121315002441406,10.418274879455566,10.223522186279297,11.487738609313965,14.849934577941895,19.666288375854492,23.717018127441406,27.00237274169922,30.20732879638672,29.146644592285156,26.957426071166992,23.963197708129883,22.46013641357422,21.34290885925293,18.42921257019043,16.8334903717041,18.269989013671875,20.433269500732422,21.371049880981445,21.81104278564453,20.423866271972656
14.770206451416016,8.75840950012207,5.5027923583984375,7.525848388671875,9.782550811767578,10.946792602539062,11.410801887512207,12.160783767700195,12.332276344299316,13.195439338684082,15.418370246887207,13.705707550048828,13.132719039916992,15.074294090270996,17.807363510131836,20.58218765258789,22.778711318969727,21.88319969177246,14.389134407043457,10.899505615234375,14.302738189697266,14.3426513671875,14.378999710083008,14.037874221801758,15.698530197143555,18.700210571289062,19.774240493774414,17.82196044921875,18.343124389648438,21.75017738342285,25.394933700561523,26.213481903076172,23.835399627685547,20.971538543701172,20.03884506225586,22.342960357666016,21.582666397094727,18.148761749267578,16.661540985107422,16.738889694213867,17.196298599243164,15.358521461486816,15.016175270080566,12.378758430480957
13.791913032531738,8.828279495239258,5.92651891708374,7.497454643249512,9.847320556640625,10.659309387207031,10.683747291564941,10.672235488891602,9.703582763671875,9.330266952514648,11.435281753540039,10.402848243713379,9.92267894744873,10.81390380859375,12.317097663879395,14.07687759399414,15.80270767211914,18.061962127685547,16.365901947021484,13.563541412353516,13.734609603881836,14.455422401428223,15.719439506530762,16.98837661743164,18.745615005493164,20.503568649291992,21.679645538330078,19.407495498657227,19.463397979736328,21.919984817504883,26.5299015045166,22.174341201782227,17.85032844543457,18.773828506469727,20.396949768066406,20.60946273803711,18.20408821105957,16.680065155029297,16.208114624023438,13.731809616088867,10.647687911987305,8.799592018127441,7.2609968185424805,6.650980472564697
14.226249694824219,11.406368255615234,8.470779418945312,7.9180169105529785,9.280147552490234,10.285456657409668,10.722040176391602,10.78067684173584,9.22246265411377,7.112046718597412,7.841346740722656,7.031621932983398,6.59722900390625,8.067962646484375,9.413293838500977,12.10766315460205,11.945937156677246,10.666033744812012,12.319114685058594,13.58101749420166,12.555041313171387,12.237607955932617,12.859567642211914,14.806777954101562,17.04469108581543,18.400793075561523,19.28949737548828,19.07375144958496,20.641117095947266,23.70269012451172,23.838756561279297,14.951918601989746,15.848029136657715,19.47225570678711,19.639392852783203,16.631006240844727,14.90944766998291,14.119735717773438,11.698887825012207,8.979950904846191,7.320667266845703,6.17497444152832,6.595041751861572,4.298642158508301
15.040206909179688,14.553393363952637,12.647438049316406,10.58452033996582,10.057353973388672,10.906641006469727,11.259408950805664,11.844738960266113,11.776103019714355,9.481499671936035,8.403299331665039,6.493808269500732,4.0208821296691895,5.313797950744629,8.457752227783203,11.068385124206543,11.509087562561035,9.917207717895508,7.795165061950684,9.579155921936035,10.819122314453125,11.960224151611328,11.860454559326172,12.463329315185547,14.447356224060059,16.83946418762207,18.934673309326172,19.904647827148438,20.383329391479492,21.32718276977539,16.091440200805664,10.89380168914795,15.497061729431152,18.626651763916016,16.01799201965332,15.432028770446777,14.175946235656738,11.601753234863281,9.103836059570312,6.6713457107543945,4.191652774810791,2.63988995552063,1.3087794780731201,-0.9382210969924927
13.983061790466309,14.449048042297363,14.463393211364746,13.297104835510254,11.942529678344727,12.097946166992188,12.75848388671875,13.585718154907227,14.21924114227295,13.793700218200684,12.524357795715332,10.558486938476562,8.64450454711914,7.9216437339782715,8.359633445739746,9.420087814331055,10.393084526062012,11.627617835998535,10.250981330871582,9.452570915222168,10.26963996887207,11.521495819091797,13.076512336730957,14.715084075927734,15.594853401184082,16.818689346313477,18.696420669555664,19.530973434448242,19.464454650878906,17.032169342041016,12.24837875366211,11.141551971435547,14.127711296081543,14.247440338134766,14.870936393737793,14.701682090759277,12.698196411132812,10.845606803894043,8.622734069824219,6.407256126403809,3.920107126235962,1.662755012512207,0.5374799370765686,-0.85165935754776
11.77061653137207,12.74233341217041,14.549642562866211,14.325621604919434,13.279894828796387,13.372525215148926,14.6672945022583,15.788185119628906,15.766362190246582,16.034513473510742,16.288599014282227,15.678216934204102,14.98230266571045,14.220206260681152,11.945816993713379,10.331879615783691,10.708114624023438,13.104649543762207,14.0145902633667,12.878768920898438,10.213408470153809,9.332849502563477,10.937384605407715,12.523641586303711,14.24539852142334,15.978219032287598,16.80910873413086,17.410573959350586,16.9884033203125,14.29015827178955,13.553461074829102,13.900148391723633,12.86314582824707,10.936863899230957,12.811387062072754,13.192214012145996,10.771088600158691,9.841288566589355,9.198339462280273,7.482993125915527,4.969598293304443,1.9658182859420776,0.3649812638759613,-0.252881795167923
8.907613754272461,12.123491287231445,14.178377151489258,14.616143226623535,14.066861152648926,13.62082576751709,15.358501434326172,15.627971649169922,15.51054573059082,16.185606002807617,17.669696807861328,18.447402954101562,18.68015480041504,18.68437957763672,16.708436965942383,14.08458423614502,13.08446216583252,15.139762878417969,16.995094299316406,17.80889129638672,15.169897079467773,12.499175071716309,12.912424087524414,12.357068061828613,12.94168758392334,15.583740234375,17.957977294921875,19.396875381469727,14.136475563049316,12.506749153137207,13.794017791748047,11.699973106384277,8.046916007995605,10.78637409210205,13.159828186035156,12.731082916259766,10.943364143371582,11.18343448638916,10.893383026123047,8.747048377990723,5.769416809082031,2.8237881660461426,1.9321287870407104,2.2719030380249023
7.574634075164795,9.473905563354492,13.4176607131958,14.266310691833496,14.075555801391602,13.677574157714844,15.111288070678711,14.71580982208252,14.2523193359375,15.916864395141602,17.880050659179688,19.33367347717285,20.06987953186035,19.616994857788086,18.772319793701172,17.65704345703125,16.630586624145508,17.725692749023438,20.1965389251709,21.65097999572754,21.020862579345703,20.00957489013672,18.600887298583984,14.884408950805664,11.838235855102539,14.634774208068848,18.173282623291016,20.382957458496094,19.177570343017578,19.755952835083008,21.323917388916016,14.2767915725708,11.54941177368164,15.768331527709961,17.27499008178711,13.99009895324707,11.637060165405273,12.305949211120605,12.207822799682617,9.692874908447266,6.219814300537109,3.964928388595581,4.2137932777404785,5.265894889831543
12.623424530029297,10.321416854858398,10.06696605682373,12.209810256958008,14.577306747436523,15.46509838104248,16.617109298706055,16.413288116455078,15.75241470336914,16.9786434173584,18.67165184020996,20.15520668029785,20.929346084594727,21.15931510925293,21.159822463989258,20.850101470947266,20.379823684692383,19.53744125366211,20.439254760742188,22.387298583984375,23.54397964477539,23.189926147460938,21.75663948059082,19.29487419128418,16.117151260375977,16.37868309020996,18.658710479736328,20.446693420410156,22.848363876342773,26.28923988342285,26.140178680419922,17.976394653320312,17.780136108398438,22.302234649658203,21.22432518005371,16.2359619140625,13.66050910949707,13.731242179870605,13.61439037322998,10.695648193359375,6.864321708679199,5.323563575744629,6.012571334838867,7.24515962600708
