data/wind_data/wind_65_4.json
{"header": {"parameterUnit": "KT", "parameterCategory": 2, "nx": 256, "ny": 198, "lo1": 44.73521041870117, "la1": -3.236724853515625, "lo2": 111.26478576660156, "la2": 43.468475341796875, "dx": 0.2609002888202667, "dy": -0.23708222806453705, "refTime": "2025-02-21 17:00:00", "forecastTime": 0, "parameterNumber": 2, "parameterNumberName": "eastward_wind"}, "data":
[rows 19 to 37 of 198, columns 44 to 87 of 256]
-16.947267532348633,-16.449464797973633,-15.894450187683105,-15.141007423400879,-14.724998474121094,-14.857399940490723,-15.336968421936035,-15.620133399963379,-15.350574493408203,-14.960210800170898,-14.521100044250488,-14.850526809692383,-15.063687324523926,-15.286840438842773,-15.34170150756836,-14.546558380126953,-14.100286483764648,-13.82567310333252,-13.836736679077148,-14.032730102539062,-14.201339721679688,-14.126298904418945,-13.89083194732666,-13.89211368560791,-14.065056800842285,-14.157029151916504,-14.078761100769043,-14.161916732788086,-14.20712661743164,-14.307159423828125,-14.19629955291748,-14.11609172821045,-14.326737403869629,-14.527055740356445,-14.456710815429688,-14.033747673034668,-13.511104583740234,-13.235078811645508,-13.307998657226562,-13.328437805175781,-13.229291915893555,-12.888449668884277,-12.401803970336914,-12.122395515441895
-18.282451629638672,-17.7133846282959,-16.92230796813965,-16.040239334106445,-15.652322769165039,-15.768097877502441,-16.07044792175293,-15.792287826538086,-15.780415534973145,-15.758934020996094,-15.571840286254883,-15.578330993652344,-15.954207420349121,-15.884380340576172,-15.538224220275879,-15.307443618774414,-15.060711860656738,-14.55522632598877,-14.505186080932617,-14.526758193969727,-14.270660400390625,-14.093640327453613,-14.041529655456543,-14.072759628295898,-14.02034854888916,-13.98470401763916,-14.1391019821167,-14.276543617248535,-14.158175468444824,-14.121820449829102,-14.205573081970215,-14.525291442871094,-14.892871856689453,-15.118131637573242,-15.171273231506348,-14.880216598510742,-14.422221183776855,-14.053661346435547,-13.97455883026123,-14.025334358215332,-13.898956298828125,-13.498786926269531,-12.991788864135742,-12.751361846923828
-18.9641056060791,-18.25444984436035,-17.48533058166504,-16.746240615844727,-16.353313446044922,-16.646535873413086,-17.194580078125,-16.815574645996094,-16.961931228637695,-16.565248489379883,-16.299333572387695,-16.252763748168945,-16.461977005004883,-16.446779251098633,-16.371137619018555,-16.212690353393555,-15.896188735961914,-15.516727447509766,-15.24582290649414,-14.96277141571045,-14.523868560791016,-14.103582382202148,-13.870004653930664,-13.834943771362305,-13.668997764587402,-13.799057960510254,-14.136955261230469,-14.245992660522461,-14.153878211975098,-14.246471405029297,-14.40649700164795,-14.656269073486328,-15.070924758911133,-15.559814453125,-15.872735023498535,-15.706360816955566,-15.235272407531738,-14.745606422424316,-14.47846508026123,-14.439133644104004,-14.403411865234375,-14.13546085357666,-13.801687240600586,-13.700819969177246
-19.08355140686035,-18.661638259887695,-18.049524307250977,-17.316608428955078,-16.854541778564453,-16.965084075927734,-17.46852684020996,-17.402395248413086,-17.294448852539062,-17.293930053710938,-17.159317016601562,-16.86463165283203,-16.818744659423828,-16.803123474121094,-16.787025451660156,-16.717453002929688,-16.391874313354492,-15.891152381896973,-15.558639526367188,-15.282476425170898,-14.959425926208496,-14.538162231445312,-14.104669570922852,-13.872057914733887,-13.671245574951172,-13.806853294372559,-14.137837409973145,-14.460927963256836,-14.64702320098877,-14.744754791259766,-14.874788284301758,-15.136049270629883,-15.502668380737305,-16.030553817749023,-16.457782745361328,-16.37868881225586,-15.83209228515625,-15.200349807739258,-14.857660293579102,-14.785387992858887,-14.786711692810059,-14.759442329406738,-14.794950485229492,-14.8649263381958
-19.276235580444336,-19.08255386352539,-18.351402282714844,-17.571645736694336,-17.33540916442871,-17.553157806396484,-17.64554214477539,-17.441356658935547,-17.196985244750977,-17.13526725769043,-17.184383392333984,-17.211265563964844,-17.112672805786133,-17.07366180419922,-17.05214500427246,-16.77031135559082,-16.30797576904297,-15.89795207977295,-15.782683372497559,-15.808664321899414,-15.672574996948242,-15.173978805541992,-14.530959129333496,-14.184972763061523,-14.138389587402344,-14.325745582580566,-14.673495292663574,-15.022477149963379,-15.345436096191406,-15.59404182434082,-15.758196830749512,-15.839970588684082,-16.007740020751953,-16.38719940185547,-16.749631881713867,-16.6805419921875,-16.21337890625,-15.712843894958496,-15.414342880249023,-15.306180953979492,-15.183309555053711,-15.186052322387695,-15.397615432739258,-15.73129653930664
-19.17595100402832,-18.907333374023438,-18.5140438079834,-18.27326011657715,-18.16621208190918,-17.941434860229492,-17.577125549316406,-17.342914581298828,-17.279462814331055,-17.159116744995117,-17.015348434448242,-17.06768035888672,-17.15650749206543,-17.18065643310547,-17.1140193939209,-16.989057540893555,-16.446102142333984,-16.30931282043457,-16.16425895690918,-16.107145309448242,-15.770559310913086,-15.389482498168945,-14.992972373962402,-14.829305648803711,-14.845338821411133,-15.04366683959961,-15.4188232421875,-15.901863098144531,-16.30516242980957,-16.586488723754883,-16.766544342041016,-16.821273803710938,-16.80754852294922,-16.89010238647461,-17.02875328063965,-16.89232063293457,-16.5810546875,-16.306352615356445,-16.07547950744629,-15.899372100830078,-15.68349838256836,-15.53130054473877,-15.775522232055664,-16.178974151611328
-18.871992111206055,-18.55432891845703,-18.40963363647461,-18.45406723022461,-18.40377426147461,-18.01570701599121,-17.646717071533203,-17.504953384399414,-17.485443115234375,-17.320892333984375,-17.043655395507812,-16.93648338317871,-17.004688262939453,-17.138673782348633,-17.20304298400879,-17.177959442138672,-16.90363883972168,-16.737722396850586,-16.563480377197266,-16.41570472717285,-16.202877044677734,-16.053592681884766,-15.921941757202148,-15.754006385803223,-15.610896110534668,-15.730485916137695,-16.06121063232422,-16.552671432495117,-17.08119773864746,-17.494110107421875,-17.708454132080078,-17.706008911132812,-17.612024307250977,-17.613916397094727,-17.57129669189453,-17.259675979614258,-16.927600860595703,-16.807491302490234,-16.677263259887695,-16.578479766845703,-16.390060424804688,-16.22220230102539,-16.39655303955078,-16.759292602539062
-18.780519485473633,-18.679819107055664,-18.35957908630371,-18.04197883605957,-17.98790168762207,-17.871078491210938,-17.812528610229492,-17.62247085571289,-17.4781551361084,-17.495630264282227,-17.457006454467773,-17.3261661529541,-17.205907821655273,-17.2053279876709,-17.264867782592773,-17.25823402404785,-17.028776168823242,-16.82107925415039,-16.550262451171875,-16.379276275634766,-16.108013153076172,-16.10564422607422,-16.20778465270996,-16.26976203918457,-16.26713752746582,-16.329668045043945,-16.61771583557129,-17.18443489074707,-17.742006301879883,-18.150774002075195,-18.332056045532227,-18.39239501953125,-18.398738861083984,-18.528966903686523,-18.451356887817383,-18.01117515563965,-17.46478271484375,-17.181978225708008,-17.336498260498047,-17.661998748779297,-17.777385711669922,-17.475704193115234,-17.622716903686523,-17.88677215576172
-18.683347702026367,-19.2427921295166,-18.322551727294922,-17.867656707763672,-17.70481300354004,-17.724225997924805,-17.836271286010742,-17.71523094177246,-17.610097885131836,-17.833927154541016,-18.04196548461914,-17.989938735961914,-17.781986236572266,-17.581151962280273,-17.318063735961914,-17.1455135345459,-17.032705307006836,-16.922666549682617,-16.844078063964844,-16.462617874145508,-16.115137100219727,-16.04359245300293,-16.28139305114746,-16.408218383789062,-16.577625274658203,-16.846168518066406,-17.178848266601562,-17.669008255004883,-18.149587631225586,-18.55548858642578,-18.786880493164062,-19.100290298461914,-19.2143497467041,-19.31816864013672,-19.190139770507812,-18.858484268188477,-18.274398803710938,-17.908843994140625,-18.408273696899414,-19.13459014892578,-19.4367618560791,-19.05169677734375,-19.035350799560547,-19.2626895904541
-18.940256118774414,-18.993181228637695,-18.294567108154297,-18.0949764251709,-17.991592407226562,-17.798114776611328,-17.86392593383789,-18.045368194580078,-18.09381103515625,-18.35738182067871,-18.61287498474121,-18.4064998626709,-18.15861701965332,-17.807453155517578,-17.50228500366211,-17.203895568847656,-17.206708908081055,-17.098783493041992,-16.894716262817383,-16.356380462646484,-16.177934646606445,-16.140317916870117,-16.373123168945312,-16.527917861938477,-16.896833419799805,-17.400066375732422,-17.7689208984375,-18.026826858520508,-18.29109764099121,-18.712066650390625,-19.082462310791016,-19.641674041748047,-19.937028884887695,-19.878530502319336,-19.677000045776367,-19.54631805419922,-19.315519332885742,-19.399173736572266,-19.89665412902832,-20.557239532470703,-20.565528869628906,-20.23643684387207,-19.969499588012695,-20.20379638671875
-19.153207778930664,-18.692462921142578,-19.06162452697754,-20.165206909179688,-19.96458625793457,-18.254629135131836,-17.625795364379883,-18.56138801574707,-18.471315383911133,-19.034780502319336,-19.13577651977539,-18.81467056274414,-18.489408493041992,-18.04888916015625,-17.826019287109375,-17.510284423828125,-17.410545349121094,-17.146629333496094,-16.776439666748047,-16.408321380615234,-16.26470375061035,-16.443696975708008,-16.893884658813477,-17.2388858795166,-17.424901962280273,-17.732303619384766,-18.127277374267578,-18.476579666137695,-18.726776123046875,-18.969953536987305,-19.384231567382812,-19.97283935546875,-20.438032150268555,-20.57300567626953,-20.401592254638672,-20.38505744934082,-20.50045394897461,-20.651498794555664,-20.99087142944336,-21.32050132751465,-21.37636375427246,-20.957046508789062,-20.3940486907959,-20.496225357055664
-19.085905075073242,-18.274486541748047,-17.780075073242188,-17.404632568359375,-16.394004821777344,-16.958749771118164,-18.880409240722656,-18.347522735595703,-18.921127319335938,-19.778682708740234,-19.39242172241211,-19.272296905517578,-18.709369659423828,-18.226573944091797,-18.002948760986328,-17.716049194335938,-17.548784255981445,-17.303852081298828,-17.000722885131836,-16.67807388305664,-16.774682998657227,-17.0850830078125,-17.5698299407959,-18.10483741760254,-18.209165573120117,-18.26994514465332,-18.560821533203125,-18.988849639892578,-19.26906967163086,-19.469982147216797,-19.76007843017578,-20.31012535095215,-20.98280906677246,-21.46070671081543,-21.46743392944336,-21.41895866394043,-21.319395065307617,-21.129318237304688,-21.436811447143555,-21.809505462646484,-21.792240142822266,-21.325088500976562,-20.695955276489258,-20.719541549682617
-20.47934341430664,-20.09872817993164,-19.625524520874023,-19.34543800354004,-19.08074378967285,-18.320741653442383,-18.393051147460938,-19.365083694458008,-19.214841842651367,-20.065227508544922,-19.743358612060547,-19.461498260498047,-18.93793487548828,-18.355409622192383,-17.946321487426758,-17.631000518798828,-17.476137161254883,-17.40950584411621,-17.455331802368164,-17.468975067138672,-17.67711067199707,-18.092891693115234,-18.333314895629883,-18.885723114013672,-19.03261375427246,-19.1827335357666,-19.386642456054688,-19.737571716308594,-19.826248168945312,-20.065935134887695,-20.690156936645508,-21.3322696685791,-21.606536865234375,-21.98815155029297,-22.142507553100586,-22.03788948059082,-21.791410446166992,-21.35198402404785,-21.527448654174805,-22.245386123657227,-22.117984771728516,-21.590396881103516,-21.043048858642578,-20.925031661987305
-20.780885696411133,-21.065670013427734,-21.144683837890625,-21.189380645751953,-20.950340270996094,-19.590333938598633,-18.49816131591797,-19.270456314086914,-19.395662307739258,-19.821435928344727,-19.70832061767578,-19.66229248046875,-18.997852325439453,-18.368070602416992,-17.79254150390625,-17.34955596923828,-17.40738296508789,-17.62017822265625,-17.85955238342285,-18.068443298339844,-18.274372100830078,-18.78633689880371,-19.16571617126465,-20.056991577148438,-20.339031219482422,-20.21831703186035,-19.988399505615234,-20.016517639160156,-20.24662971496582,-20.875761032104492,-21.761137008666992,-22.230762481689453,-22.27968978881836,-22.307435989379883,-22.250112533569336,-22.24843406677246,-22.218013763427734,-21.90989112854004,-21.97784996032715,-22.371736526489258,-22.336095809936523,-21.930843353271484,-21.300434112548828,-21.294898986816406
-20.25879669189453,-19.91427993774414,-19.6429443359375,-20.03578758239746,-20.822917938232422,-20.552053451538086,-19.45193862915039,-19.037769317626953,-19.436174392700195,-19.692419052124023,-19.573965072631836,-19.490930557250977,-18.96941375732422,-18.278059005737305,-17.63689613342285,-17.191438674926758,-17.341094970703125,-18.04247283935547,-18.68360710144043,-19.056852340698242,-19.199119567871094,-19.435672760009766,-20.08676528930664,-20.93677520751953,-21.24642562866211,-20.719087600708008,-20.31465721130371,-20.68805503845215,-21.252607345581055,-21.875391006469727,-22.511674880981445,-22.68130111694336,-22.332067489624023,-22.157024383544922,-22.36869239807129,-22.56990623474121,-22.602245330810547,-22.71532440185547,-22.795761108398438,-22.748905181884766,-22.426549911499023,-22.050514221191406,-21.70334243774414,-21.532289505004883
-20.879610061645508,-20.23365592956543,-19.69962501525879,-19.986848831176758,-20.963882446289062,-21.262296676635742,-20.530920028686523,-19.811256408691406,-19.797470092773438,-19.72353744506836,-19.478759765625,-19.330427169799805,-19.08580207824707,-18.582700729370117,-18.16951560974121,-17.921829223632812,-18.023651123046875,-18.695537567138672,-19.310138702392578,-19.79407501220703,-19.817907333374023,-19.988494873046875,-20.787694931030273,-21.736841201782227,-22.1407527923584,-21.978214263916016,-21.82660484313965,-21.95121955871582,-22.163013458251953,-22.710323333740234,-23.285350799560547,-23.20891761779785,-22.1802978515625,-21.559669494628906,-22.316335678100586,-23.103778839111328,-23.29908561706543,-23.227718353271484,-23.085037231445312,-22.904396057128906,-22.600162506103516,-22.35230255126953,-22.052858352661133,-21.75638771057129
-21.853181838989258,-21.569414138793945,-21.17555046081543,-21.111038208007812,-21.467222213745117,-21.661958694458008,-21.212120056152344,-20.419788360595703,-19.90857696533203,-19.795055389404297,-19.91157341003418,-19.968603134155273,-19.682373046875,-19.112552642822266,-18.726633071899414,-18.62803840637207,-18.91349220275879,-19.517419815063477,-20.155153274536133,-20.552072525024414,-20.791318893432617,-21.14290428161621,-21.798934936523438,-22.475780487060547,-23.041149139404297,-23.230501174926758,-23.14191436767578,-22.923160552978516,-22.707855224609375,-22.73603630065918,-22.929784774780273,-22.997325897216797,-22.619977951049805,-21.918712615966797,-22.520593643188477,-23.316728591918945,-23.75446128845215,-23.54543685913086,-23.193851470947266,-22.910531997680664,-22.77395248413086,-22.698820114135742,-22.608423233032227,-22.3422908782959
-22.362531661987305,-22.332714080810547,-22.113500595092773,-21.892131805419922,-21.873781204223633,-21.811431884765625,-21.325054168701172,-20.529659271240234,-20.017223358154297,-20.189668655395508,-20.738441467285156,-20.899930953979492,-20.44561004638672,-19.73090171813965,-19.37423324584961,-19.56503677368164,-20.02962303161621,-20.487722396850586,-20.990215301513672,-21.58277130126953,-22.239179611206055,-22.950641632080078,-23.343082427978516,-23.6119384765625,-23.88726806640625,-24.027883529663086,-23.949134826660156,-23.526384353637695,-23.17507553100586,-23.019350051879883,-23.091398239135742,-22.823551177978516,-22.401704788208008,-22.31944465637207,-23.108781814575195,-23.956117630004883,-24.012310028076172,-23.574058532714844,-23.20811653137207,-23.250429153442383,-23.338703155517578,-23.260862350463867,-23.222801208496094,-23.134241104125977
-22.57349967956543,-22.551849365234375,-22.34407615661621,-22.150768280029297,-22.1951847076416,-22.194686889648438,-21.78059196472168,-21.106943130493164,-20.69325065612793,-20.791091918945312,-21.221830368041992,-21.41390609741211,-21.11626434326172,-20.57008171081543,-20.29949188232422,-20.39298439025879,-20.780698776245117,-21.32566261291504,-22.03424072265625,-22.852537155151367,-23.448339462280273,-24.112140655517578,-24.523826599121094,-24.546894073486328,-24.38362693786621,-24.205974578857422,-23.982845306396484,-23.726154327392578,-23.484529495239258,-23.390871047973633,-23.583330154418945,-23.359188079833984,-22.735931396484375,-22.353002548217773,-23.09270477294922,-24.208965301513672,-24.68714141845703,-24.07454490661621,-23.396484375,-23.407167434692383,-23.860660552978516,-23.97556495666504,-24.05074119567871,-24.242815017700195
