data/wind_data/wind_38_9.json
{"header": {"parameterUnit": "KT", "parameterCategory": 2, "nx": 256, "ny": 198, "lo1": 44.73521041870117, "la1": -3.236724853515625, "lo2": 111.26478576660156, "la2": 43.468475341796875, "dx": 0.2609002888202667, "dy": -0.23708222806453705, "refTime": "2025-02-20 14:00:00", "forecastTime": 0, "parameterNumber": 2, "parameterNumberName": "eastward_wind"}, "data":
[rows 95 to 113 of 198, columns 172 to 214 of 256]
1.4974535703659058,1.3326421976089478,1.4123003482818604,1.5761107206344604,1.8357676267623901,2.0345237255096436,1.7574572563171387,0.7374202013015747,-0.9020278453826904,-2.1113483905792236,-1.9527957439422607,-0.9415319561958313,-0.44292545318603516,-0.7173113822937012,-1.0559600591659546,-0.3098157048225403,3.6552064418792725,6.63180685043335,6.9437432289123535,7.852799415588379,9.64828109741211,9.858545303344727,8.299847602844238,6.588001251220703,5.720395565032959,5.380440711975098,5.454606533050537,4.85278844833374,3.8359899520874023,3.811765432357788,5.39289665222168,6.943305492401123,7.109380722045898,6.9020795822143555,7.639255523681641,8.340778350830078,8.062492370605469,7.878269672393799,8.499373435974121,8.526524543762207,7.126502990722656,6.0370049476623535,6.4853034019470215
1.0480681657791138,1.0335087776184082,0.9370425939559937,0.9635148048400879,1.504271388053894,2.239830732345581,2.2926347255706787,1.4314813613891602,0.1588064581155777,-0.6819707155227661,-0.5984171628952026,-0.13147366046905518,0.04982612654566765,-0.3659752905368805,-1.0166722536087036,-0.18604719638824463,4.2498979568481445,7.007981777191162,6.865322589874268,6.812282085418701,7.661802768707275,8.072098731994629,7.8069376945495605,7.353128910064697,6.658515453338623,5.770183563232422,5.265433311462402,4.5977277755737305,3.8531014919281006,3.968472480773926,4.7934112548828125,5.9268717765808105,7.010015487670898,7.574390411376953,7.8857245445251465,7.990885257720947,7.893411159515381,7.699769020080566,7.590451240539551,7.588817596435547,6.810992240905762,6.086864471435547,6.431917190551758
1.3800239562988281,1.491423487663269,1.2138316631317139,0.9589747190475464,1.3807392120361328,2.279449939727783,2.5468645095825195,1.8720234632492065,1.0160313844680786,0.5670272707939148,0.5112656354904175,0.32944801449775696,0.1919354349374771,0.04854833334684372,-0.3050306439399719,0.5346202850341797,4.522068500518799,6.998773097991943,7.080082893371582,6.2865142822265625,5.23367166519165,5.550990581512451,7.030043125152588,8.077499389648438,7.740777969360352,6.59831428527832,5.356489181518555,4.008408546447754,3.8004491329193115,4.460643768310547,4.765041828155518,5.533092975616455,6.719549179077148,7.250140190124512,7.116669178009033,7.538699626922607,8.259718894958496,8.262367248535156,7.303319931030273,6.517216205596924,6.335144996643066,6.507661819458008,6.721582412719727
1.848805546760559,2.025529384613037,1.6541767120361328,1.4569854736328125,1.8412725925445557,2.465610980987549,2.5770914554595947,2.020568370819092,1.421427607536316,1.2473536729812622,1.0973483324050903,0.324501633644104,-0.33730095624923706,-0.045483894646167755,0.5409390926361084,1.8854130506515503,4.756380081176758,6.390671253204346,6.858577251434326,6.148392677307129,3.6715681552886963,3.386110544204712,6.257735252380371,8.451805114746094,8.528082847595215,7.404670715332031,5.6114726066589355,4.032354831695557,4.427238464355469,5.214073657989502,5.08483362197876,5.099242687225342,5.883486747741699,6.571359634399414,7.009378433227539,7.5147576332092285,7.866464614868164,7.815316677093506,7.244339466094971,6.36632776260376,6.154078960418701,6.633889198303223,6.641140460968018
1.7898520231246948,2.226060152053833,2.1531882286071777,2.0213394165039062,2.158104419708252,2.5138580799102783,2.7566421031951904,2.5472092628479004,1.975109577178955,1.5375808477401733,1.0608900785446167,-0.03024449571967125,-1.0815322399139404,-0.8667122721672058,0.6735246777534485,3.503870725631714,5.217278480529785,5.504963397979736,6.007843971252441,5.723616123199463,3.6080570220947266,2.787977695465088,5.980882167816162,8.454761505126953,8.538003921508789,7.576165676116943,6.336000919342041,5.460147380828857,5.375082015991211,5.166772365570068,4.5789408683776855,4.51505708694458,5.903584957122803,7.247321605682373,7.749538898468018,7.221806049346924,6.504814624786377,6.329953193664551,6.798067092895508,6.977176189422607,6.518020153045654,6.250751495361328,5.962681770324707
2.8061413764953613,2.9422032833099365,2.722208261489868,2.4283974170684814,2.4013595581054688,2.664458990097046,2.963573455810547,2.9559786319732666,2.329577922821045,1.5457935333251953,0.9286620020866394,-0.12398998439311981,-1.2443385124206543,-1.4480165243148804,0.3845651149749756,4.58083963394165,5.49944543838501,4.841274261474609,5.264035224914551,5.246163368225098,4.596951961517334,3.9166483879089355,5.68311882019043,7.749330997467041,8.265746116638184,7.867602825164795,7.358232498168945,6.735486030578613,5.344854354858398,4.042806625366211,3.9001972675323486,5.200512886047363,7.491710186004639,8.493833541870117,8.019290924072266,6.759954929351807,5.531846523284912,5.038214206695557,5.945746898651123,7.306930065155029,7.099640846252441,5.821110248565674,4.821323871612549
2.366133451461792,2.555556297302246,2.379330635070801,2.171682834625244,2.3271827697753906,2.705040454864502,2.902118682861328,2.656778573989868,1.8905971050262451,1.2308204174041748,1.0553226470947266,0.4122059643268585,-0.3071576654911041,-0.6206614375114441,0.5050404667854309,4.398163318634033,5.245981693267822,4.439773082733154,5.010345935821533,5.308432579040527,5.535706043243408,5.305464267730713,5.226351737976074,6.399118900299072,8.038528442382812,8.880265235900879,8.47265911102295,6.685567378997803,4.723000526428223,4.153659343719482,5.315065383911133,7.351080894470215,8.40538501739502,8.308238983154297,7.862276077270508,7.080543041229248,5.952845096588135,4.798366069793701,4.883275032043457,6.011868000030518,6.179769992828369,4.9377031326293945,3.2992541790008545
0.5547295808792114,0.9243077635765076,1.4582022428512573,2.0462560653686523,2.518902540206909,2.705573797225952,2.680609703063965,2.289924383163452,1.5875065326690674,1.4471014738082886,1.7543423175811768,1.5020381212234497,1.3826674222946167,1.3877830505371094,1.6012632846832275,3.458667516708374,4.691344261169434,4.058394908905029,4.9873199462890625,5.6079182624816895,5.855639934539795,5.693613052368164,4.687800407409668,4.6667399406433105,6.842878818511963,9.385732650756836,9.623823165893555,7.2698540687561035,5.572653770446777,6.086942672729492,7.522127628326416,8.1954927444458,7.739010334014893,7.60834264755249,8.042478561401367,8.087135314941406,7.222607612609863,5.3043341636657715,3.5074751377105713,3.486422300338745,4.197784423828125,3.9394354820251465,2.2752859592437744
-0.9277206659317017,0.03416263312101364,1.8911383152008057,3.026677131652832,3.0105950832366943,2.6348557472229004,2.4557180404663086,2.347493886947632,2.2496652603149414,2.595839500427246,2.9721250534057617,2.748960494995117,2.904515266418457,3.22385573387146,2.9355342388153076,2.2232370376586914,4.324199676513672,4.429056167602539,5.1702752113342285,5.3084330558776855,5.043614864349365,4.511425018310547,3.3033015727996826,2.841249465942383,4.85966157913208,8.607656478881836,10.507827758789062,9.313506126403809,8.002774238586426,8.134472846984863,8.28693675994873,7.872431755065918,7.949174404144287,8.355073928833008,8.44191837310791,8.389307975769043,7.87440824508667,6.0321478843688965,3.008800506591797,2.0971505641937256,3.087763786315918,3.650588035583496,3.111736536026001
-2.3653504848480225,1.1758049726486206,4.440796375274658,4.922306060791016,3.7635374069213867,2.9594454765319824,2.8098158836364746,2.8023507595062256,3.2239205837249756,4.06609582901001,4.281794548034668,3.8173396587371826,3.935258626937866,4.07315731048584,3.404456615447998,1.3564399480819702,3.958089828491211,5.1075119972229,5.096179962158203,4.64113712310791,3.8666610717773438,2.736839771270752,1.0918654203414917,0.8148388862609863,3.558490753173828,8.17320728302002,10.812296867370605,10.7682466506958,10.452396392822266,10.380642890930176,9.582489967346191,8.762418746948242,8.962783813476562,9.364444732666016,8.909833908081055,8.21830940246582,7.732354640960693,6.654446601867676,4.1189422607421875,2.572479724884033,3.047752857208252,3.784379482269287,4.240092754364014
0.6017962098121643,4.547403812408447,6.529422760009766,5.818820953369141,4.289529323577881,3.105998992919922,2.554612159729004,2.838374614715576,3.7418229579925537,4.971548080444336,5.3125691413879395,4.782283306121826,4.644275665283203,4.282474994659424,3.644312858581543,1.847801923751831,2.8056771755218506,4.860487937927246,4.540167808532715,4.366739273071289,3.4645159244537354,1.195446252822876,-0.9603629112243652,-0.09250014275312424,4.262243270874023,8.633493423461914,10.247179985046387,10.989622116088867,12.393387794494629,12.767756462097168,11.600727081298828,10.595734596252441,10.228428840637207,10.04091739654541,9.622952461242676,8.705724716186523,7.786642074584961,6.89204216003418,5.2935943603515625,3.6822726726531982,3.7701845169067383,4.3586344718933105,4.260472297668457
4.894737720489502,6.071065902709961,6.884415626525879,6.478919506072998,4.8053812980651855,3.2634572982788086,2.881063222885132,3.6772449016571045,4.716778755187988,5.254649639129639,5.306034564971924,5.164000511169434,5.2700419425964355,5.132873058319092,5.060735702514648,3.427924156188965,0.7546219229698181,3.4179956912994385,4.034798622131348,4.238099098205566,3.5604422092437744,0.8132510781288147,-1.4603251218795776,0.15717685222625732,5.555491924285889,9.464888572692871,10.549213409423828,11.203396797180176,12.907163619995117,14.160037994384766,13.464959144592285,12.604921340942383,11.838654518127441,10.951818466186523,10.469377517700195,10.054413795471191,8.68073844909668,6.963445663452148,5.700624465942383,4.8153581619262695,5.087802410125732,5.3035359382629395,3.7872517108917236
6.564492225646973,5.4390997886657715,6.850688934326172,8.707040786743164,8.039363861083984,5.932765007019043,4.417881488800049,4.671835899353027,5.752823829650879,5.989218711853027,5.458237648010254,5.2237443923950195,5.5652689933776855,6.01341438293457,6.267403602600098,5.2375664710998535,-0.6480138897895813,0.4220196008682251,3.333294630050659,4.361589431762695,4.494797706604004,2.450881004333496,-0.14658065140247345,1.0301547050476074,6.9166765213012695,10.657313346862793,11.515875816345215,11.519445419311523,12.46917724609375,14.574135780334473,14.776949882507324,14.052080154418945,13.307965278625488,12.454358100891113,12.018285751342773,11.721545219421387,9.89673137664795,7.380919933319092,6.094883441925049,5.924983024597168,6.227707862854004,5.770678997039795,3.6680190563201904
8.00008773803711,6.763800621032715,7.542387008666992,10.304522514343262,10.874640464782715,9.060253143310547,6.815925598144531,6.120267391204834,6.3793816566467285,6.5415120124816895,5.953225135803223,5.594898700714111,6.031045913696289,6.454730987548828,6.145875930786133,5.849898815155029,0.44452008605003357,-3.679922342300415,1.5191071033477783,5.029541492462158,6.367701530456543,5.621741771697998,3.2311458587646484,3.3879096508026123,8.695500373840332,11.554588317871094,11.58770751953125,11.237327575683594,12.01956844329834,14.4885892868042,15.544877052307129,14.79037094116211,14.310539245605469,14.080206871032715,13.919601440429688,13.292547225952148,10.96394157409668,8.111988067626953,6.8084259033203125,6.900768280029297,6.860426902770996,5.674265384674072,4.321264743804932
11.036911010742188,9.636858940124512,8.35678482055664,9.896883964538574,11.831395149230957,12.038029670715332,10.198271751403809,7.740448951721191,6.396127223968506,6.65217924118042,7.192587852478027,7.099820613861084,6.711600303649902,6.2554216384887695,5.499018669128418,5.487789630889893,2.5466322898864746,-4.939126014709473,-0.6154482364654541,5.984076976776123,8.135724067687988,8.43930721282959,7.474793910980225,7.5903449058532715,10.3801851272583,11.381514549255371,10.776741981506348,10.895112991333008,12.29883861541748,14.330937385559082,15.324174880981445,15.231317520141602,14.974388122558594,15.05216121673584,15.145021438598633,14.383806228637695,11.846451759338379,8.799448013305664,7.510818004608154,7.567261219024658,7.255064487457275,5.944824695587158,5.660795211791992
13.162925720214844,11.475683212280273,10.087750434875488,10.67814826965332,12.401891708374023,13.629077911376953,12.991291999816895,10.217219352722168,7.323583126068115,6.770679950714111,7.966046333312988,8.149972915649414,7.091536998748779,6.450129508972168,6.136676788330078,5.514036178588867,3.9062623977661133,-2.0676398277282715,-2.4013164043426514,6.092040061950684,9.613457679748535,10.887491226196289,11.74479866027832,12.040285110473633,11.092426300048828,10.330465316772461,10.682188987731934,12.029953956604004,13.87209415435791,14.736212730407715,14.788646697998047,15.319295883178711,15.718291282653809,15.627350807189941,15.540485382080078,14.723355293273926,12.265474319458008,9.340095520019531,8.065571784973145,7.799199104309082,7.084601402282715,6.53491735458374,7.272850513458252
13.843611717224121,12.486977577209473,12.037142753601074,12.678370475769043,13.749353408813477,14.469367980957031,13.93492603302002,11.495765686035156,8.971372604370117,7.918617248535156,7.928755760192871,7.743368625640869,7.414308547973633,7.674680709838867,7.580301761627197,6.223300933837891,4.835968017578125,1.815062403678894,-1.9704620838165283,5.368839263916016,11.646614074707031,13.162074089050293,14.080860137939453,13.888470649719238,11.43640422821045,10.63398551940918,12.53328800201416,14.815932273864746,15.888334274291992,15.609917640686035,15.029158592224121,15.539773941040039,16.255767822265625,16.109336853027344,15.834879875183105,14.875964164733887,12.394771575927734,9.724969863891602,8.301952362060547,7.270516872406006,6.274069786071777,6.890568256378174,8.391570091247559
13.440000534057617,12.576192855834961,13.256464004516602,14.631668090820312,15.663973808288574,15.318686485290527,13.544747352600098,11.333688735961914,10.125378608703613,8.831660270690918,7.167850971221924,6.835361480712891,7.8658623695373535,9.105706214904785,8.75543212890625,7.3561859130859375,6.4758381843566895,5.731339454650879,3.182516098022461,5.395623207092285,11.975969314575195,13.43569564819336,14.401081085205078,14.51537799835205,13.244322776794434,13.015902519226074,15.15318775177002,16.948705673217773,17.038021087646484,16.491859436035156,16.151391983032227,16.21961212158203,16.226652145385742,16.215822219848633,16.462003707885742,15.435506820678711,12.550387382507324,9.745284080505371,7.844979286193848,6.10142707824707,5.79005241394043,7.557343482971191,8.992663383483887
12.8361177444458,12.110940933227539,13.16128158569336,15.40621280670166,16.71379280090332,15.960742950439453,13.220162391662598,10.557419776916504,9.384224891662598,8.103321075439453,6.03588342666626,5.86284065246582,8.072620391845703,9.863656044006348,9.594033241271973,8.791484832763672,9.20372200012207,9.897079467773438,8.858177185058594,7.204673767089844,10.633737564086914,12.671636581420898,13.998677253723145,14.413609504699707,14.529980659484863,15.768149375915527,18.033618927001953,18.74717140197754,17.950578689575195,17.26983642578125,16.98286247253418,16.21761703491211,15.31530475616455,15.864767074584961,17.323387145996094,16.124290466308594,12.463725090026855,9.267584800720215,6.879662990570068,5.175260066986084,6.443718433380127,9.220370292663574,9.21496868133545
