data/wind_data/wind_36_2.json
{"header": {"parameterUnit": "KT", "parameterCategory": 2, "nx": 256, "ny": 198, "lo1": 44.73521041870117, "la1": -3.236724853515625, "lo2": 111.26478576660156, "la2": 43.468475341796875, "dx": 0.2609002888202667, "dy": -0.23708222806453705, "refTime": "2025-02-20 12:00:00", "forecastTime": 0, "parameterNumber": 2, "parameterNumberName": "eastward_wind"}, "data":
[rows 38 to 56 of 198, columns 0 to 42 of 256]
-10.134500503540039,-10.765250205993652,-10.51510238647461,-10.567845344543457,-11.327530860900879,-10.209981918334961,-10.001432418823242,-11.404887199401855,-10.778343200683594,-11.536238670349121,-10.507955551147461,-10.876483917236328,-11.380026817321777,-12.75444507598877,-13.963984489440918,-14.655816078186035,-15.869861602783203,-15.086134910583496,-15.53436279296875,-15.783745765686035,-12.860307693481445,-13.924914360046387,-12.665654182434082,-9.149611473083496,-10.338512420654297,-13.204795837402344,-13.742568016052246,-11.652701377868652,-10.350458145141602,-13.421494483947754,-13.73482894897461,-11.066951751708984,-9.270188331604004,-9.461516380310059,-14.196625709533691,-10.543354034423828,-7.738253593444824,-10.021544456481934,-11.193147659301758,-11.067883491516113,-11.456722259521484,-13.132694244384766,-13.642436027526855
-9.618980407714844,-10.45033073425293,-9.734918594360352,-9.646613121032715,-10.70730209350586,-9.557246208190918,-10.246081352233887,-11.461030960083008,-10.92077922821045,-11.185857772827148,-10.15717601776123,-10.371105194091797,-10.524539947509766,-11.72580337524414,-13.644105911254883,-13.997905731201172,-15.7700777053833,-14.753022193908691,-11.996415138244629,-14.980523109436035,-15.349848747253418,-15.44794750213623,-16.058795928955078,-10.93327522277832,-11.35692024230957,-11.586133003234863,-9.961141586303711,-9.03493881225586,-11.261896133422852,-13.322690963745117,-12.869108200073242,-10.728100776672363,-9.852301597595215,-10.179457664489746,-14.558320999145508,-13.637832641601562,-8.606497764587402,-7.173229217529297,-9.549256324768066,-14.621848106384277,-16.25231170654297,-13.560307502746582,-10.781856536865234
-8.88988208770752,-9.67739486694336,-9.22977352142334,-9.029425621032715,-10.116714477539062,-8.90553092956543,-10.05943489074707,-10.660192489624023,-10.838555335998535,-10.843241691589355,-10.232675552368164,-10.197590827941895,-10.011631965637207,-10.851207733154297,-11.469001770019531,-12.565436363220215,-13.236586570739746,-15.31917953491211,-12.085875511169434,-12.438248634338379,-18.52266502380371,-16.731760025024414,-14.013336181640625,-12.774635314941406,-11.165715217590332,-10.622540473937988,-7.882647514343262,-7.691376686096191,-13.873141288757324,-13.470273971557617,-9.921710014343262,-7.890945911407471,-7.634814739227295,-10.872490882873535,-10.86382007598877,-9.109784126281738,-11.569524765014648,-12.056098937988281,-8.667108535766602,-13.751830101013184,-15.281089782714844,-12.339763641357422,-9.047605514526367
-8.439668655395508,-9.111104011535645,-8.67915153503418,-8.457338333129883,-9.144733428955078,-8.032150268554688,-9.693666458129883,-9.936361312866211,-10.363837242126465,-10.207951545715332,-9.991811752319336,-9.817230224609375,-9.609904289245605,-9.918359756469727,-9.820940017700195,-10.619857788085938,-10.733258247375488,-13.987017631530762,-10.574212074279785,-8.6834135055542,-14.652387619018555,-16.379810333251953,-13.18294906616211,-12.235713958740234,-8.771268844604492,-8.901148796081543,-9.40259075164795,-9.79527473449707,-10.676473617553711,-8.316527366638184,-7.0804033279418945,-11.569072723388672,-9.987678527832031,-9.980239868164062,-9.46638011932373,-12.25866985321045,-17.462631225585938,-14.089162826538086,-9.277033805847168,-10.015734672546387,-11.532061576843262,-12.087343215942383,-12.906661033630371
-7.699456214904785,-8.651091575622559,-8.194720268249512,-8.026761054992676,-8.65512466430664,-7.396084308624268,-9.25145435333252,-9.127054214477539,-9.451748847961426,-9.479570388793945,-9.680694580078125,-8.917320251464844,-8.62065315246582,-8.220057487487793,-8.730408668518066,-8.60013484954834,-10.755620956420898,-12.09573745727539,-14.222190856933594,-10.362625122070312,-12.54757022857666,-16.91722297668457,-14.856192588806152,-11.008886337280273,-8.986001968383789,-9.291047096252441,-11.857824325561523,-10.680632591247559,-7.1938958168029785,-6.716004371643066,-9.883563041687012,-12.90359115600586,-13.168148040771484,-9.538925170898438,-9.170005798339844,-11.990911483764648,-14.13134765625,-15.991012573242188,-13.153556823730469,-8.310922622680664,-9.604722023010254,-12.258694648742676,-14.422284126281738
-6.794082164764404,-8.131285667419434,-7.681058406829834,-7.417207717895508,-8.11095905303955,-6.919460773468018,-8.382798194885254,-8.102426528930664,-8.351924896240234,-8.425043106079102,-8.682109832763672,-8.22717571258545,-7.833104610443115,-7.458123683929443,-7.767100811004639,-7.802859306335449,-10.18670654296875,-11.503318786621094,-13.639699935913086,-12.195024490356445,-11.942891120910645,-12.637262344360352,-12.300285339355469,-11.084773063659668,-12.140341758728027,-13.238615036010742,-12.228625297546387,-9.956214904785156,-7.588865756988525,-7.346235752105713,-12.253944396972656,-13.717164993286133,-12.699394226074219,-11.288162231445312,-11.283485412597656,-10.755706787109375,-11.38444995880127,-15.366361618041992,-12.536150932312012,-11.492436408996582,-9.620192527770996,-12.105767250061035,-12.857098579406738
-5.804590702056885,-6.96960973739624,-7.176136016845703,-7.0112528800964355,-7.51444149017334,-6.452160835266113,-7.479503631591797,-7.045934200286865,-8.144773483276367,-8.039061546325684,-7.616108417510986,-7.469531536102295,-7.562421798706055,-7.821900367736816,-7.87991189956665,-8.243785858154297,-9.79283332824707,-11.615371704101562,-12.196938514709473,-14.35456371307373,-11.940690994262695,-8.14868450164795,-10.497663497924805,-12.386286735534668,-12.567407608032227,-11.980627059936523,-9.251609802246094,-7.141815185546875,-9.078624725341797,-7.114996910095215,-10.78031063079834,-12.491059303283691,-13.856748580932617,-11.863689422607422,-8.373303413391113,-10.029716491699219,-8.96884536743164,-13.366405487060547,-14.253410339355469,-13.552725791931152,-12.563974380493164,-9.622170448303223,-10.736059188842773
-4.920938014984131,-6.196789741516113,-6.613240718841553,-6.701116561889648,-7.185963153839111,-5.499216556549072,-6.5634636878967285,-6.202875137329102,-6.91937780380249,-7.02019739151001,-7.0306620597839355,-7.20317268371582,-8.118154525756836,-8.370049476623535,-8.48349380493164,-8.866628646850586,-9.856180191040039,-9.87063217163086,-11.074995040893555,-12.277288436889648,-14.775519371032715,-10.327825546264648,-10.109769821166992,-13.972953796386719,-12.598372459411621,-9.229077339172363,-7.37280797958374,-8.065754890441895,-9.53835391998291,-11.172406196594238,-11.905526161193848,-9.33922004699707,-7.369521617889404,-9.91983699798584,-13.971858024597168,-13.079472541809082,-8.982301712036133,-10.726004600524902,-15.109504699707031,-15.485507011413574,-15.04017448425293,-12.692683219909668,-10.101170539855957
-4.620946884155273,-5.357829570770264,-5.445005893707275,-5.641139507293701,-6.803645133972168,-4.60345983505249,-5.052478313446045,-4.72276496887207,-5.113849639892578,-5.466914653778076,-6.538402080535889,-7.69504451751709,-8.41607666015625,-8.552021980285645,-8.804424285888672,-9.262117385864258,-9.321154594421387,-10.450063705444336,-11.468421936035156,-12.933442115783691,-14.167683601379395,-10.952546119689941,-11.607300758361816,-12.544200897216797,-11.70987606048584,-8.422127723693848,-9.051193237304688,-10.884980201721191,-11.830459594726562,-12.181166648864746,-10.670571327209473,-6.563218593597412,-6.28195858001709,-12.684980392456055,-14.056447982788086,-12.889404296875,-9.703886032104492,-9.861980438232422,-14.656094551086426,-14.528671264648438,-12.269566535949707,-12.314751625061035,-13.252694129943848
-4.2747697830200195,-4.578372478485107,-4.295778274536133,-4.656736850738525,-6.194718360900879,-4.600799560546875,-3.5017290115356445,-3.5968382358551025,-3.696491241455078,-4.345460414886475,-5.780568599700928,-7.6090474128723145,-8.110325813293457,-9.409074783325195,-9.108244895935059,-8.694928169250488,-9.766172409057617,-11.642379760742188,-12.160285949707031,-13.644519805908203,-14.877082824707031,-15.042718887329102,-11.229459762573242,-11.670207023620605,-11.540891647338867,-8.474297523498535,-10.66855525970459,-12.026138305664062,-11.532987594604492,-9.727471351623535,-7.5387372970581055,-6.888891220092773,-7.462623119354248,-10.775038719177246,-13.03864860534668,-13.03825569152832,-12.48633861541748,-13.932421684265137,-15.664189338684082,-12.590361595153809,-9.543416023254395,-12.428876876831055,-16.276805877685547
-3.194404125213623,-3.960481643676758,-4.304437160491943,-4.408729076385498,-4.545971393585205,-3.9247841835021973,-2.9237029552459717,-3.166428327560425,-3.16326642036438,-4.061585903167725,-4.591008186340332,-5.68399715423584,-6.314399242401123,-7.449934959411621,-7.621744155883789,-8.451314926147461,-10.465279579162598,-12.087301254272461,-12.274473190307617,-12.85155200958252,-13.964970588684082,-14.847569465637207,-11.636040687561035,-10.917363166809082,-11.1879301071167,-11.267806053161621,-10.87287425994873,-12.649046897888184,-11.305837631225586,-10.360088348388672,-10.27286434173584,-10.102513313293457,-10.308659553527832,-11.561041831970215,-12.397317886352539,-12.091085433959961,-9.555813789367676,-10.710613250732422,-14.628120422363281,-11.57262897491455,-9.130083084106445,-11.799772262573242,-15.04916000366211
-2.1829569339752197,-3.3937156200408936,-3.750694513320923,-3.5184738636016846,-2.241881847381592,-2.8229005336761475,-2.1867287158966064,-2.9220011234283447,-2.7344436645507812,-3.2969064712524414,-3.1206300258636475,-3.7456774711608887,-4.497003555297852,-5.716489791870117,-6.787317276000977,-9.140792846679688,-10.397561073303223,-11.1177978515625,-11.339828491210938,-12.102704048156738,-13.408528327941895,-14.052728652954102,-14.398633003234863,-9.69602108001709,-9.990608215332031,-12.703227043151855,-13.216224670410156,-12.754751205444336,-10.279569625854492,-9.93922233581543,-10.891782760620117,-11.813201904296875,-12.625636100769043,-10.96706771850586,-8.8624849319458,-11.996977806091309,-12.466959953308105,-7.933675765991211,-7.4631266593933105,-15.520315170288086,-13.227762222290039,-11.47241497039795,-13.054615020751953
-1.3595387935638428,-1.7333669662475586,-1.5918312072753906,-1.7255189418792725,-2.484374523162842,-0.7612929940223694,-2.277780294418335,-1.610428810119629,1.387169599533081,0.33989953994750977,-0.2172667533159256,-4.348615646362305,-5.2838921546936035,-6.462681293487549,-7.099206924438477,-9.770149230957031,-10.26805591583252,-11.099971771240234,-11.187644958496094,-11.148954391479492,-11.835515022277832,-12.50253963470459,-12.587132453918457,-8.901358604431152,-10.652115821838379,-13.084290504455566,-12.769021987915039,-10.905964851379395,-10.97514533996582,-13.256937026977539,-11.24750804901123,-11.896034240722656,-11.01449203491211,-8.300618171691895,-6.0698466300964355,-11.446768760681152,-13.150596618652344,-9.277471542358398,-9.43429183959961,-13.355161666870117,-14.436466217041016,-13.988204956054688,-11.354243278503418
-0.7680529356002808,2.4686970710754395,2.48598051071167,0.6191972494125366,-2.7569799423217773,0.7548133134841919,-2.0266599655151367,2.6681036949157715,2.5284717082977295,7.061586380004883,1.2216154336929321,-4.831216335296631,-6.352794170379639,-6.4344377517700195,-8.536100387573242,-9.146936416625977,-10.068855285644531,-10.070013046264648,-11.091421127319336,-11.55031967163086,-12.13925552368164,-12.595125198364258,-12.715763092041016,-8.544319152832031,-10.605840682983398,-12.113664627075195,-10.625651359558105,-6.16064977645874,-7.603990077972412,-11.214237213134766,-5.069112300872803,-8.913386344909668,-12.065515518188477,-11.592809677124023,-11.414790153503418,-12.55201244354248,-11.910920143127441,-9.706470489501953,-9.254995346069336,-12.447513580322266,-13.280555725097656,-13.158952713012695,-11.168752670288086
-2.870340347290039,3.04978346824646,2.0871200561523438,-0.15552741289138794,-0.4028400182723999,-2.3472819328308105,3.2555184364318848,2.447157382965088,6.817419052124023,3.982506036758423,4.403026580810547,-7.539105415344238,-6.488828182220459,-7.949281692504883,-8.844649314880371,-9.635660171508789,-10.290300369262695,-11.22421646118164,-11.48516845703125,-12.571566581726074,-13.18532657623291,-14.223512649536133,-12.090935707092285,-8.856983184814453,-10.217604637145996,-10.549420356750488,-9.407954216003418,-6.26500940322876,-10.979005813598633,-10.551012992858887,-4.692347526550293,-5.135242462158203,-7.886412143707275,-7.1914238929748535,-6.089813232421875,-7.659408092498779,-7.835963249206543,-8.444093704223633,-8.83006763458252,-11.429705619812012,-12.549506187438965,-12.573580741882324,-11.711045265197754
-6.893680572509766,-5.738776206970215,-3.0636613368988037,-1.1884719133377075,3.431349992752075,1.4919452667236328,-1.514985203742981,-0.4547854959964752,0.5221437811851501,-0.8373093605041504,-4.59359884262085,-8.132200241088867,-6.769480228424072,-7.91102409362793,-8.231832504272461,-9.428592681884766,-9.557463645935059,-9.423782348632812,-11.249002456665039,-12.851432800292969,-13.305279731750488,-13.676291465759277,-12.396559715270996,-11.184371948242188,-7.908490180969238,-7.113833427429199,-9.362671852111816,-9.660876274108887,-11.03129768371582,-9.790393829345703,-5.7772603034973145,-7.100762844085693,-8.692658424377441,-6.96915340423584,-7.029411792755127,-9.674519538879395,-9.852095603942871,-10.120097160339355,-9.423673629760742,-10.218915939331055,-12.691991806030273,-13.799026489257812,-12.10185718536377
-6.743788719177246,-6.692341327667236,-4.751553535461426,-2.299274444580078,2.4601566791534424,2.1921935081481934,1.5128623247146606,0.911007821559906,-1.0933812856674194,0.9547505974769592,-1.6110289096832275,-11.546320915222168,-12.681781768798828,-11.15201473236084,-10.987296104431152,-11.038519859313965,-9.468613624572754,-5.788549423217773,-3.066457509994507,-8.078706741333008,-12.310823440551758,-11.441762924194336,-10.653486251831055,-11.36755084991455,-7.140687942504883,-7.260687828063965,-10.004471778869629,-11.173555374145508,-11.057936668395996,-8.754068374633789,-2.699085235595703,-8.591440200805664,-9.31804370880127,-9.549659729003906,-9.159910202026367,-9.412871360778809,-10.669157028198242,-11.218364715576172,-11.38491153717041,-11.172332763671875,-11.603616714477539,-12.537599563598633,-13.057149887084961
-6.88876485824585,-7.108153343200684,-5.9660749435424805,-4.223721027374268,-1.3722273111343384,0.23543702065944672,3.0890841484069824,4.467723846435547,0.665246844291687,-4.803344249725342,-5.611825942993164,-6.047515392303467,-7.590705871582031,-4.631044864654541,-4.535642623901367,-6.5048017501831055,-6.214230060577393,-3.8613128662109375,-3.097174644470215,1.6942228078842163,-9.200027465820312,-11.972023010253906,-11.462197303771973,-8.187782287597656,-5.089864253997803,-7.322607517242432,-9.549734115600586,-8.79599666595459,-11.293330192565918,-10.038039207458496,-7.965275287628174,-9.279086112976074,-9.912821769714355,-10.764548301696777,-8.894556045532227,-9.511448860168457,-11.026823997497559,-12.461833953857422,-12.366559028625488,-10.235274314880371,-12.552820205688477,-12.812393188476562,-12.33431625366211
-7.742080211639404,-7.857048511505127,-7.089020729064941,-5.579543113708496,-2.4299566745758057,1.0693010091781616,2.75705623626709,4.033166885375977,3.5125319957733154,1.127275824546814,-2.1190390586853027,-4.1262359619140625,-6.8387627601623535,-8.456794738769531,-7.480007648468018,-6.329174041748047,-4.324425220489502,-2.058621883392334,-4.512012004852295,-13.777024269104004,-12.366023063659668,-9.878203392028809,-9.766446113586426,-9.719350814819336,-6.767238616943359,-8.76775074005127,-9.54613971710205,-10.176644325256348,-10.136168479919434,-10.859732627868652,-11.08924388885498,-10.12818717956543,-8.50648021697998,-11.079084396362305,-10.48527717590332,-9.679341316223145,-10.880685806274414,-11.55912971496582,-12.940126419067383,-12.740370750427246,-13.502426147460938,-13.959932327270508,-13.647700309753418
