data/wind_data/wind_29_1.json
{"header": {"parameterUnit": "KT", "parameterCategory": 2, "nx": 256, "ny": 198, "lo1": 44.73521041870117, "la1": -3.236724853515625, "lo2": 111.26478576660156, "la2": 43.468475341796875, "dx": 0.2609002888202667, "dy": -0.23708222806453705, "refTime": "2025-02-20 05:00:00", "forecastTime": 0, "parameterNumber": 2, "parameterNumberName": "eastward_wind"}, "data":
[rows 133 to 151 of 198, columns 129 to 171 of 256]
-24.751333236694336,-21.591720581054688,-21.325977325439453,-17.64003562927246,-14.976877212524414,-12.391261100769043,-8.301491737365723,-3.7099363803863525,-3.8256657123565674,-3.9623401165008545,-3.795962333679199,-8.892107963562012,-11.121574401855469,-8.830729484558105,-4.475747108459473,4.906381607055664,11.00243091583252,13.362943649291992,11.678265571594238,7.896486759185791,9.655731201171875,11.806282043457031,14.850787162780762,16.125415802001953,18.592256546020508,19.30770492553711,18.387752532958984,20.978614807128906,20.30207061767578,18.090810775756836,14.19092082977295,11.615038871765137,12.450818061828613,13.47695541381836,14.329851150512695,13.59909439086914,13.855406761169434,14.269582748413086,14.648941993713379,14.030466079711914,12.149033546447754,12.201870918273926,12.71068286895752
-19.182186126708984,-16.13241195678711,-17.48795509338379,-12.334443092346191,-10.955440521240234,-7.867593765258789,-9.645511627197266,-7.8570990562438965,-6.187368392944336,-3.6809048652648926,2.04276704788208,-5.067309856414795,-7.323034286499023,-5.2544145584106445,2.525846004486084,9.195672988891602,10.329190254211426,10.746249198913574,9.934028625488281,10.251304626464844,12.293328285217285,15.493977546691895,18.849735260009766,18.70432472229004,21.119396209716797,21.253162384033203,21.25551414489746,18.76589012145996,12.527692794799805,11.104183197021484,10.189352989196777,11.753058433532715,11.126944541931152,11.401745796203613,13.792232513427734,14.185126304626465,15.459335327148438,14.24322509765625,14.282923698425293,12.88917064666748,11.566770553588867,10.410160064697266,8.8954439163208
-13.258179664611816,-13.523279190063477,-13.883034706115723,-11.113840103149414,-6.313276767730713,5.800809383392334,3.7724223136901855,-5.049679279327393,-6.178971290588379,-1.4658235311508179,3.743316173553467,2.9652366638183594,1.0172486305236816,1.7707505226135254,8.271025657653809,11.299482345581055,10.240328788757324,8.988213539123535,11.969712257385254,14.965075492858887,15.8097562789917,17.40958023071289,22.423160552978516,23.384117126464844,23.050966262817383,20.665023803710938,18.261180877685547,15.95989990234375,10.407905578613281,8.571456909179688,10.976606369018555,11.35351848602295,11.53470230102539,12.347183227539062,13.539280891418457,13.330245018005371,13.353594779968262,13.279382705688477,13.518468856811523,12.465012550354004,10.273192405700684,10.675643920898438,7.409809589385986
-4.757783889770508,-1.9747467041015625,2.710247278213501,4.556163787841797,4.262277603149414,8.018202781677246,10.204442977905273,2.350243091583252,1.3598880767822266,0.4815174639225006,0.3494987189769745,4.868160724639893,6.325112819671631,7.90388822555542,12.340043067932129,15.584477424621582,11.82875919342041,11.365142822265625,14.020020484924316,17.152353286743164,19.839197158813477,21.43003273010254,25.43059730529785,23.0994815826416,17.72010040283203,15.166831970214844,13.622347831726074,11.556775093078613,8.131247520446777,9.388429641723633,9.645840644836426,10.529380798339844,11.026638984680176,12.610627174377441,11.92124080657959,12.422794342041016,11.964693069458008,12.74056625366211,12.90298843383789,12.73463249206543,10.959400177001953,11.51529598236084,8.075553894042969
-2.749513864517212,2.506819248199463,8.580546379089355,18.83692169189453,20.369766235351562,13.957084655761719,11.081579208374023,6.45587682723999,9.435452461242676,-1.4312095642089844,-0.4022900462150574,2.898988962173462,6.1940226554870605,10.077752113342285,12.691366195678711,15.363409996032715,14.605711936950684,13.210746765136719,16.237096786499023,19.902414321899414,22.16710662841797,24.86603546142578,22.55706024169922,15.625079154968262,10.886144638061523,7.6094584465026855,9.526628494262695,6.694619178771973,7.793615341186523,10.083284378051758,9.90234661102295,11.241424560546875,10.719891548156738,12.43769359588623,13.881889343261719,13.844229698181152,13.222962379455566,12.730507850646973,12.616374015808105,13.44008731842041,11.941783905029297,10.390774726867676,8.775653839111328
2.820681095123291,6.226686477661133,9.360552787780762,18.947290420532227,23.877840042114258,16.35206413269043,8.93736743927002,6.127307415008545,4.987154483795166,-4.212266445159912,0.936280369758606,3.7939257621765137,4.665032386779785,9.088652610778809,13.052939414978027,16.262765884399414,16.496381759643555,16.242647171020508,19.953065872192383,22.63442611694336,22.746004104614258,18.096574783325195,9.56490707397461,3.718829393386841,3.651089668273926,5.750010967254639,10.202010154724121,8.74756908416748,6.703568458557129,9.864243507385254,10.952634811401367,11.53437328338623,13.276937484741211,12.59309196472168,13.056995391845703,12.63697338104248,12.371564865112305,11.257661819458008,12.235274314880371,11.981060981750488,9.822359085083008,7.92502498626709,7.654752731323242
6.352636337280273,9.980284690856934,11.549123764038086,15.017338752746582,21.07322120666504,16.96059799194336,11.501425743103027,5.085869312286377,1.9804667234420776,-2.0544564723968506,2.975666046142578,5.2488298416137695,6.021361827850342,8.513850212097168,11.144990921020508,13.83292007446289,16.545196533203125,19.0488338470459,20.54544448852539,19.04425048828125,23.1389217376709,12.327515602111816,3.0070443153381348,1.79752516746521,4.346017837524414,8.8956298828125,12.939297676086426,12.403467178344727,10.83813762664795,11.386857032775879,13.030442237854004,11.551722526550293,12.33792495727539,10.253866195678711,9.544052124023438,8.95149040222168,8.34807014465332,9.11690616607666,10.97008991241455,10.617622375488281,6.710762023925781,6.68186092376709,9.032028198242188
5.345087051391602,12.008716583251953,14.29067325592041,14.45534896850586,14.467101097106934,16.167844772338867,13.103937149047852,4.676517963409424,3.822761058807373,4.363566875457764,6.205779075622559,7.765507698059082,8.6027193069458,9.11644172668457,10.746893882751465,13.337783813476562,19.990158081054688,17.84923553466797,14.600289344787598,12.020652770996094,19.47576141357422,11.156978607177734,4.585526466369629,3.58156418800354,7.148257255554199,11.10539436340332,12.178729057312012,11.194914817810059,10.886984825134277,11.502685546875,11.992423057556152,9.072667121887207,8.252467155456543,7.284247398376465,7.6226348876953125,9.268409729003906,9.949689865112305,9.72400951385498,12.552677154541016,12.815496444702148,7.115973949432373,6.325556755065918,10.171472549438477
2.738490343093872,9.962332725524902,17.37971305847168,15.735832214355469,8.607157707214355,13.105119705200195,11.918582916259766,7.562642574310303,8.861382484436035,10.301340103149414,9.356895446777344,11.372058868408203,12.106157302856445,11.744296073913574,13.98791217803955,16.686656951904297,23.0257568359375,15.629502296447754,10.333199501037598,11.027826309204102,18.47200584411621,12.881468772888184,5.91490364074707,3.785557746887207,6.364864826202393,8.107569694519043,8.452848434448242,9.472198486328125,12.037233352661133,12.837333679199219,10.35611343383789,9.086645126342773,7.483391761779785,8.42506217956543,8.797932624816895,11.043940544128418,12.241836547851562,13.440914154052734,11.984695434570312,15.270660400390625,10.217923164367676,5.585024833679199,7.297451019287109
1.1054052114486694,8.039944648742676,18.54481315612793,16.662391662597656,6.253725051879883,9.5891752243042,12.791901588439941,13.173521041870117,14.444503784179688,14.095800399780273,12.319533348083496,14.389718055725098,16.365341186523438,16.270477294921875,17.68472671508789,20.37810707092285,24.189722061157227,18.555543899536133,12.012839317321777,13.755882263183594,15.470468521118164,9.536818504333496,4.151226997375488,4.173392295837402,4.539707660675049,5.186946868896484,6.196990489959717,9.028607368469238,11.858159065246582,11.733468055725098,10.816743850708008,8.260350227355957,6.6798624992370605,8.80030345916748,11.425806999206543,12.855118751525879,13.50994873046875,13.179523468017578,13.91071891784668,12.751578330993652,11.893349647521973,8.070618629455566,6.375576019287109
3.9012951850891113,8.053571701049805,15.886519432067871,18.92896842956543,11.917269706726074,9.409768104553223,13.531425476074219,16.390348434448242,17.297155380249023,16.128158569335938,14.79902458190918,16.19632911682129,18.30533218383789,19.07712173461914,19.69346809387207,20.890653610229492,22.22246551513672,19.29900360107422,13.998635292053223,11.838228225708008,9.899155616760254,3.9189577102661133,3.0709826946258545,6.140061855316162,7.735389232635498,8.444548606872559,8.307332038879395,9.663045883178711,11.477947235107422,10.973688125610352,10.755632400512695,8.593633651733398,7.887712001800537,10.252273559570312,12.807705879211426,14.84970474243164,14.812264442443848,13.498445510864258,13.768328666687012,12.154001235961914,11.016714096069336,10.782219886779785,8.39522647857666
6.789584636688232,9.777493476867676,16.097501754760742,22.748043060302734,17.24080467224121,9.918622016906738,11.957075119018555,17.064594268798828,19.27434730529785,17.95195960998535,17.0218448638916,17.496187210083008,19.861474990844727,20.720426559448242,18.786073684692383,17.64468002319336,16.06598663330078,11.803844451904297,8.260245323181152,9.40257740020752,13.281743049621582,7.637907028198242,3.8397908210754395,6.946889400482178,10.12984848022461,11.63919734954834,10.68565559387207,10.529474258422852,10.401653289794922,10.833086013793945,9.954214096069336,9.440584182739258,9.75090217590332,11.597296714782715,13.271928787231445,14.6407470703125,14.455199241638184,14.10661792755127,13.475641250610352,12.711419105529785,12.971966743469238,13.61905574798584,14.560864448547363
8.254834175109863,11.182408332824707,18.945693969726562,25.306913375854492,18.11459732055664,9.321711540222168,12.485481262207031,15.769614219665527,18.49347496032715,19.352521896362305,18.679609298706055,18.526569366455078,19.243255615234375,20.478759765625,16.25797462463379,9.27498722076416,5.226622104644775,4.466176986694336,6.465442180633545,10.705934524536133,16.248809814453125,9.195536613464355,4.645709991455078,7.461744785308838,10.914813995361328,12.178495407104492,10.158138275146484,9.248588562011719,10.169614791870117,10.96450424194336,11.199896812438965,11.654627799987793,11.42116641998291,10.67701530456543,11.418283462524414,12.220711708068848,14.529243469238281,13.823993682861328,14.358170509338379,13.04076099395752,15.327795028686523,14.034881591796875,14.661693572998047
9.377458572387695,10.91823959350586,15.240287780761719,15.569169044494629,9.550235748291016,6.123301029205322,10.188879013061523,14.690689086914062,18.923498153686523,19.16634178161621,20.14426040649414,17.79605484008789,14.573055267333984,10.526580810546875,3.82543683052063,0.018377147614955902,1.3132857084274292,2.951913833618164,6.042686939239502,10.517582893371582,13.19411563873291,7.941261291503906,4.992807388305664,7.455191612243652,9.983365058898926,10.17996597290039,9.291427612304688,8.7531099319458,10.113439559936523,11.768598556518555,12.429033279418945,14.95955753326416,13.161017417907715,10.430479049682617,11.54975700378418,12.579025268554688,14.235939025878906,12.61702823638916,13.579676628112793,14.350512504577637,16.355207443237305,15.992424964904785,14.997269630432129
12.877691268920898,13.015471458435059,11.620658874511719,12.343220710754395,11.993452072143555,12.430913925170898,16.402324676513672,20.368257522583008,19.950292587280273,17.613170623779297,17.718124389648438,10.115860939025879,1.1918076276779175,-2.2334511280059814,-2.2234153747558594,-1.1548725366592407,1.1775304079055786,2.8436944484710693,5.703231334686279,12.493851661682129,13.347899436950684,6.026364326477051,5.465181350708008,7.6911821365356445,9.614233016967773,9.648346900939941,10.263858795166016,12.139277458190918,11.931580543518066,12.05762004852295,13.318696975708008,16.04025650024414,16.269332885742188,12.240035057067871,11.233811378479004,12.749061584472656,13.731298446655273,14.252052307128906,13.226500511169434,14.955796241760254,15.918147087097168,14.819647789001465,13.333104133605957
12.233838081359863,17.04669761657715,14.640560150146484,17.111059188842773,11.907575607299805,9.65273380279541,13.531667709350586,17.175308227539062,14.927270889282227,11.854243278503418,9.183449745178223,-0.3863316774368286,-4.976253032684326,-2.3365325927734375,0.5794415473937988,2.983297109603882,2.737384080886841,3.459651231765747,5.465207576751709,14.111292839050293,15.352938652038574,5.222373962402344,5.337450981140137,8.533730506896973,10.484992027282715,9.548505783081055,12.445520401000977,14.05001449584961,12.610311508178711,10.664406776428223,13.139046669006348,15.788092613220215,16.190088272094727,14.662934303283691,12.423059463500977,13.165412902832031,14.756467819213867,16.48883628845215,18.355117797851562,17.146333694458008,15.798792839050293,13.41786003112793,13.972492218017578
13.647262573242188,16.376182556152344,8.5283784866333,0.8019609451293945,-6.104239463806152,-5.689422130584717,-2.7399497032165527,0.2557755708694458,0.5559220314025879,2.3257176876068115,0.2265671342611313,-1.7738261222839355,0.05398974195122719,3.5141284465789795,6.430539131164551,8.592193603515625,5.8979692459106445,5.427155494689941,8.788249969482422,15.997572898864746,16.0952091217041,4.078625202178955,2.4291913509368896,6.239712238311768,8.708556175231934,9.78069019317627,11.704425811767578,12.638664245605469,10.505620002746582,8.561532020568848,10.335230827331543,13.498067855834961,15.805082321166992,13.35058879852295,12.219341278076172,13.592555046081543,16.15455436706543,17.37933349609375,17.40081214904785,14.63865852355957,14.229316711425781,14.676403045654297,15.499089241027832
13.86461067199707,9.509589195251465,-1.2367483377456665,-7.863776683807373,-8.221653938293457,-6.406336784362793,-8.080302238464355,-7.324178695678711,-5.477855682373047,-3.5707485675811768,-2.7578861713409424,-1.0632455348968506,2.737833023071289,5.816155910491943,8.536869049072266,10.94867992401123,10.281097412109375,8.885727882385254,10.912436485290527,14.294382095336914,12.96242618560791,7.30172061920166,2.7030367851257324,3.380178451538086,6.419985771179199,9.451207160949707,10.349455833435059,10.29456901550293,9.489436149597168,9.474533081054688,10.154032707214355,11.335765838623047,12.34089469909668,10.633855819702148,11.844319343566895,14.448789596557617,16.904638290405273,17.033939361572266,15.73290729522705,13.786117553710938,13.717470169067383,15.413151741027832,16.274730682373047
12.301959991455078,8.531540870666504,-2.856661319732666,-5.920984745025635,-5.611124038696289,-6.538248062133789,-7.896646976470947,-7.65880012512207,-7.0048346519470215,-4.661244869232178,-2.5800163745880127,-2.0833182334899902,0.536507785320282,3.5685086250305176,6.997994422912598,9.336614608764648,8.431058883666992,6.936976909637451,8.388333320617676,10.881401062011719,10.09956169128418,8.735000610351562,7.531959056854248,7.2976298332214355,7.067057132720947,8.005605697631836,7.305427074432373,7.370841026306152,10.563284873962402,13.650012969970703,12.773089408874512,11.568440437316895,11.90827465057373,11.866414070129395,12.932027816772461,14.974809646606445,16.59506607055664,16.09174346923828,14.866124153137207,14.20240306854248,14.388787269592285,15.313519477844238,16.433349609375
