data/wind_data/wind_40_8.json
{"header": {"parameterUnit": "KT", "parameterCategory": 2, "nx": 256, "ny": 198, "lo1": 44.73521041870117, "la1": -3.236724853515625, "lo2": 111.26478576660156, "la2": 43.468475341796875, "dx": 0.2609002888202667, "dy": -0.23708222806453705, "refTime": "2025-02-20 16:00:00", "forecastTime": 0, "parameterNumber": 2, "parameterNumberName": "eastward_wind"}, "data":
[rows 19 to 37 of 198, columns 132 to 175 of 256]
-4.463044166564941,-1.4930909872055054,-1.0756055116653442,-2.610927104949951,-4.213943004608154,-4.741936683654785,-5.155240535736084,-5.061547756195068,-4.6721320152282715,-5.866129398345947,-6.456448554992676,-7.764147758483887,-9.251538276672363,-8.722661972045898,-6.882592678070068,-7.4886064529418945,-8.094061851501465,-6.7963995933532715,-6.1092987060546875,-6.609503269195557,-6.6829986572265625,-5.1732964515686035,-3.197239875793457,-2.190220594406128,-2.372657299041748,-2.77443265914917,-1.4690228700637817,-0.10230789333581924,-1.1360199451446533,-3.3903677463531494,-3.6426639556884766,0.882195770740509,4.827484607696533,2.4878718852996826,-1.0783146619796753,-4.386307239532471,-3.3756215572357178,-1.6388832330703735,-1.4571536779403687,0.6729899644851685,2.1448252201080322,1.6807403564453125,0.941887378692627,0.6109660267829895
-3.8910298347473145,-1.437006950378418,-1.747072696685791,-3.119750738143921,-3.5141048431396484,-4.565520286560059,-5.832089424133301,-5.314890384674072,-4.13116455078125,-5.068717002868652,-6.138576507568359,-7.743709087371826,-8.759034156799316,-9.109213829040527,-8.256230354309082,-7.773276329040527,-7.322694301605225,-6.75906229019165,-6.694965362548828,-7.10168981552124,-6.400182247161865,-3.567211866378784,-1.1834765672683716,-0.42367202043533325,-1.1963367462158203,-1.647289514541626,-0.9397351145744324,-0.9274953603744507,-0.33775386214256287,-0.12695594131946564,-2.0252158641815186,0.34111741185188293,3.3789966106414795,1.6302738189697266,-1.4613920450210571,-2.9512879848480225,-2.3061459064483643,-1.0948466062545776,-1.7822422981262207,-0.29119595885276794,1.035783052444458,0.5255491137504578,-0.6563340425491333,-0.8867865800857544
-3.552238702774048,-1.8204327821731567,-1.9885661602020264,-3.542957305908203,-3.9329144954681396,-4.614799976348877,-5.5608367919921875,-4.7280707359313965,-3.722548246383667,-4.394803524017334,-5.58657693862915,-7.064711570739746,-7.973021507263184,-8.903607368469238,-9.241157531738281,-8.054805755615234,-7.20398473739624,-6.732509136199951,-6.513657569885254,-6.720060348510742,-5.813396453857422,-2.567884683609009,0.3856627345085144,1.5067120790481567,1.3206372261047363,0.6684271097183228,-0.07602885365486145,0.3679080605506897,1.3255586624145508,-0.3010333180427551,-1.5858042240142822,0.7826834321022034,2.8487396240234375,1.8320072889328003,-1.063061237335205,-2.3204312324523926,-1.6105881929397583,-0.8672588467597961,-1.6128053665161133,-1.0612095594406128,0.2099778652191162,0.5019655823707581,-0.4441279172897339,-1.256203055381775
-3.4059054851531982,-1.9083716869354248,-1.6544972658157349,-3.7518069744110107,-4.631840705871582,-5.0093255043029785,-5.198164463043213,-4.314324378967285,-3.827960968017578,-4.783819675445557,-5.311617374420166,-6.404308319091797,-7.1286845207214355,-8.677725791931152,-9.29802417755127,-8.50271224975586,-7.746922492980957,-6.78852653503418,-5.916126251220703,-5.799727916717529,-4.888281345367432,-1.8172121047973633,1.3192508220672607,2.6554007530212402,3.0508358478546143,2.2862954139709473,0.5004706382751465,0.7117820382118225,1.093666911125183,0.3200804889202118,0.16975371539592743,1.7406400442123413,2.7797534465789795,1.954014539718628,-0.029093746095895767,-1.3111768960952759,-0.9718828201293945,-0.6421974301338196,-1.367289662361145,-1.489708423614502,0.03862541913986206,0.8626356720924377,0.0560711994767189,-1.1479394435882568
-2.9557044506073,-1.5403022766113281,-1.4954032897949219,-3.398902654647827,-4.701146125793457,-5.196125030517578,-5.269221305847168,-4.292180061340332,-3.721181869506836,-5.6808600425720215,-6.414700031280518,-6.3946146965026855,-6.526096343994141,-8.133780479431152,-8.822050094604492,-8.989734649658203,-8.432945251464844,-7.100683212280273,-5.8703694343566895,-5.3182501792907715,-3.900545835494995,-0.8349263072013855,1.7771035432815552,2.761371374130249,2.850715160369873,2.2012484073638916,1.289961814880371,0.535692036151886,1.4113450050354004,2.127683401107788,1.3064199686050415,1.7360634803771973,2.158540964126587,1.72749662399292,1.2058628797531128,1.0195202827453613,0.781510055065155,0.2833733558654785,-0.9338878393173218,-1.3601410388946533,0.018004706129431725,0.8288639783859253,0.22485025227069855,-0.7261372208595276
-2.9221785068511963,-1.494303584098816,-1.1187206506729126,-2.8762292861938477,-4.361019134521484,-5.0525102615356445,-5.5775580406188965,-4.49467658996582,-3.7867209911346436,-6.025251865386963,-7.952693462371826,-7.2464141845703125,-6.188765525817871,-6.829225540161133,-8.12534236907959,-9.189099311828613,-8.726012229919434,-7.569056987762451,-6.458791255950928,-5.206490516662598,-3.325868844985962,-0.19505196809768677,2.051104784011841,2.4830000400543213,2.1403920650482178,2.2309770584106445,2.732114791870117,1.8682135343551636,1.8622854948043823,2.8678648471832275,2.4249203205108643,1.4952025413513184,1.3427748680114746,1.6987886428833008,2.421119451522827,3.390357494354248,3.316032648086548,1.9835591316223145,0.2575625479221344,-0.4006853401660919,-0.03169213980436325,0.42409104108810425,0.34556350111961365,0.4456382691860199
-2.7006711959838867,-1.4577957391738892,-0.6719037294387817,-1.606767177581787,-3.807558059692383,-5.507837772369385,-5.756747722625732,-4.399641513824463,-4.265580177307129,-6.077982425689697,-8.306559562683105,-7.9231953620910645,-6.42899751663208,-6.139981269836426,-7.7553019523620605,-8.958786010742188,-8.818779945373535,-7.970862865447998,-6.713384628295898,-5.004014492034912,-3.0821337699890137,-0.44312840700149536,1.774674415588379,2.7695727348327637,2.921830654144287,3.0911269187927246,3.558305501937866,3.416501522064209,2.4081037044525146,2.3564913272857666,2.373582124710083,2.247865915298462,1.2832894325256348,2.3450775146484375,3.354226589202881,4.053084850311279,4.269867897033691,3.719346284866333,2.328787326812744,1.1988121271133423,0.6349488496780396,0.41522911190986633,0.7782188653945923,1.1080678701400757
-2.383364677429199,-0.8405483961105347,0.1788465529680252,-0.5379344820976257,-3.285289764404297,-5.270572662353516,-4.818349361419678,-4.2307329177856445,-5.201822757720947,-6.50032901763916,-7.5804948806762695,-7.529399871826172,-7.002046585083008,-6.7973761558532715,-7.777439117431641,-8.752669334411621,-9.04438591003418,-8.03061580657959,-6.229710102081299,-4.387172222137451,-2.685641288757324,-0.7152611613273621,1.397325038909912,3.2602548599243164,4.5839338302612305,4.5492329597473145,3.9259636402130127,3.93648624420166,3.2673888206481934,2.7881276607513428,3.095982789993286,2.6063289642333984,1.4465795755386353,2.744403600692749,3.6538524627685547,3.1498913764953613,3.213117837905884,4.0443220138549805,3.547096014022827,2.353625535964966,1.9951649904251099,1.700243353843689,1.6007550954818726,1.6007022857666016
-2.1671032905578613,-0.2713945806026459,0.7276957035064697,-0.05057644844055176,-2.1513619422912598,-3.7564432621002197,-3.7836825847625732,-4.434168338775635,-5.717674255371094,-6.327452182769775,-6.493279933929443,-6.368668079376221,-6.831673622131348,-7.5914692878723145,-8.243535995483398,-9.21969985961914,-9.388175964355469,-8.064462661743164,-5.648031711578369,-3.505764961242676,-1.826093077659607,-0.2525010108947754,1.4982515573501587,3.5566389560699463,5.1748528480529785,5.122272491455078,4.066199779510498,4.195123672485352,4.501029014587402,4.12838888168335,4.037187576293945,3.118101119995117,1.5976024866104126,2.5254995822906494,2.9521899223327637,2.0220229625701904,2.4499168395996094,4.053988456726074,3.75640869140625,3.2271153926849365,2.498234510421753,2.4027674198150635,2.0306122303009033,1.8845772743225098
-2.026453971862793,-0.1822018325328827,0.9759455323219299,0.6299495100975037,-0.45331528782844543,-2.0429272651672363,-2.757394790649414,-3.7314071655273438,-5.112542152404785,-5.58525276184082,-5.259476661682129,-5.4116435050964355,-6.224303722381592,-7.244870185852051,-8.205921173095703,-9.456656455993652,-9.404973983764648,-8.147526741027832,-5.784292697906494,-3.1734211444854736,-1.0055944919586182,0.3758331537246704,1.5783677101135254,3.1113076210021973,4.661913871765137,5.0553693771362305,4.33485221862793,4.522534370422363,5.228723049163818,5.045560836791992,4.466649532318115,3.299353837966919,1.9401671886444092,2.0602235794067383,1.5934312343597412,1.353399634361267,2.6021337509155273,4.243055820465088,4.571813106536865,3.9005351066589355,2.6640429496765137,2.3603086471557617,2.0463879108428955,1.9705733060836792
-1.4104784727096558,0.07164746522903442,1.3363620042800903,1.5142803192138672,1.0955990552902222,-0.5361922979354858,-1.8254797458648682,-2.3126578330993652,-3.522758722305298,-4.008420467376709,-4.279409408569336,-5.4673614501953125,-6.193580150604248,-6.251211166381836,-6.935237884521484,-8.285492897033691,-8.58751392364502,-7.9694695472717285,-6.531060695648193,-3.9215455055236816,-0.8490687608718872,0.745667040348053,1.3997156620025635,2.564640522003174,4.320232391357422,5.41594123840332,4.907365322113037,4.315571308135986,4.75105619430542,4.934360027313232,4.398354530334473,3.1330583095550537,1.8668718338012695,1.356602430343628,0.8393587470054626,1.8075670003890991,3.682814359664917,5.10450553894043,5.254304885864258,4.034811973571777,2.4794700145721436,1.9711443185806274,1.7027480602264404,1.5155895948410034
-0.9597055912017822,0.15328535437583923,1.4501533508300781,1.9251140356063843,1.8396481275558472,0.7608263492584229,-0.6101252436637878,-1.1575566530227661,-1.771781086921692,-2.3440425395965576,-3.475501537322998,-4.952771186828613,-5.336433410644531,-5.093384265899658,-5.306435585021973,-6.27628231048584,-6.929624080657959,-7.18977689743042,-6.749269485473633,-4.867923259735107,-1.6954535245895386,0.5413748025894165,1.136964201927185,2.2282819747924805,4.143639087677002,5.704129695892334,5.365968704223633,4.155818462371826,4.0699286460876465,4.518604278564453,4.432547569274902,3.2150535583496094,1.4822183847427368,0.29575300216674805,0.8559771180152893,2.9306552410125732,4.753355979919434,5.649106502532959,5.323122024536133,3.939479112625122,2.337341547012329,1.5737446546554565,1.3888627290725708,1.3755087852478027
-0.8576297760009766,-0.31893008947372437,0.6694115400314331,1.6527436971664429,1.9229072332382202,1.5153679847717285,0.769751787185669,0.12227290868759155,-0.3825518488883972,-1.1382033824920654,-2.5027551651000977,-3.9448611736297607,-4.033937454223633,-3.2952067852020264,-3.4644970893859863,-4.698433876037598,-5.558478355407715,-6.0258002281188965,-6.116098403930664,-5.146579742431641,-3.0205938816070557,-0.20046712458133698,1.2313445806503296,2.0404715538024902,3.822207450866699,5.741418361663818,5.8876142501831055,4.558102607727051,4.0291314125061035,4.523522853851318,4.7351460456848145,3.6320574283599854,1.4595223665237427,-0.2727768123149872,0.8132755756378174,3.047046661376953,4.662312984466553,5.340517520904541,4.627799987792969,3.3559749126434326,1.8372968435287476,1.0870442390441895,0.6971815228462219,0.404721736907959
-0.6899138689041138,-0.5730087161064148,0.2573021948337555,1.4058603048324585,1.8216383457183838,1.880689024925232,1.729660987854004,1.179274082183838,0.4985616207122803,-0.4759703576564789,-1.6197420358657837,-2.3160884380340576,-2.107550621032715,-1.5468010902404785,-1.901178240776062,-3.3982181549072266,-4.560124397277832,-4.794032573699951,-4.565120220184326,-4.494381427764893,-3.624441623687744,-0.8819893598556519,1.3872146606445312,2.1048896312713623,3.529438018798828,5.7473368644714355,6.447059631347656,4.981609344482422,3.9772274494171143,4.647476673126221,5.3119893074035645,4.39026403427124,1.9911478757858276,0.5575528144836426,1.1418031454086304,1.9128013849258423,2.8448123931884766,3.809772491455078,3.7838826179504395,2.4219470024108887,0.9089005589485168,0.3052211105823517,-0.5314661264419556,-1.3584048748016357
-0.18452604115009308,-0.09439361095428467,0.5191742181777954,1.244710087776184,1.761866807937622,2.2596940994262695,2.3598763942718506,1.9771512746810913,1.4340749979019165,0.5254305601119995,-0.20811912417411804,-0.1888299435377121,0.03693830594420433,-0.0037065097130835056,-0.6410741806030273,-2.1678805351257324,-3.56947660446167,-3.908992052078247,-3.726865291595459,-3.681079626083374,-3.020329475402832,-1.0790327787399292,0.6208299398422241,2.0831282138824463,3.3018829822540283,5.269814491271973,6.133464813232422,4.891426086425781,3.7669875621795654,4.574997425079346,5.472721099853516,4.254596710205078,1.8699140548706055,1.2113734483718872,1.4458551406860352,1.0011886358261108,0.9463938474655151,1.7556530237197876,2.368879795074463,1.6069928407669067,0.6207306385040283,-0.2524243891239166,-1.4700473546981812,-2.443032741546631
0.2092110514640808,0.2662322521209717,0.7662360668182373,1.3506507873535156,1.9811123609542847,2.4608495235443115,2.4395148754119873,2.2628448009490967,2.3825016021728516,2.3704590797424316,2.0673739910125732,1.9994699954986572,1.721536636352539,0.8071104288101196,-0.560325562953949,-1.9490892887115479,-2.967479944229126,-3.335254192352295,-3.322289228439331,-2.9815561771392822,-1.3135899305343628,-0.5680679678916931,-0.15055681765079498,1.7445781230926514,2.927593231201172,3.77116060256958,4.661640167236328,4.500875949859619,3.5145843029022217,3.871380567550659,4.66382360458374,3.418698310852051,1.6923894882202148,1.4585154056549072,1.2719974517822266,0.6203955411911011,-0.09547144919633865,-0.00010267329344060272,0.5664547085762024,1.0294349193572998,0.6214731931686401,-0.9322763681411743,-1.7404003143310547,-2.1134238243103027
0.06062932685017586,0.12740330398082733,0.8595936894416809,1.8135359287261963,2.5612995624542236,2.6709089279174805,2.3216006755828857,2.3728930950164795,3.0922763347625732,3.9015564918518066,4.081370830535889,3.6145737171173096,2.8853759765625,1.5968419313430786,-0.37434157729148865,-1.8146344423294067,-2.3233320713043213,-2.3569157123565674,-2.1327943801879883,-1.5244407653808594,0.4416912794113159,0.7040544152259827,0.34549251198768616,1.814434289932251,2.418516159057617,2.1470072269439697,3.048947334289551,3.9335672855377197,3.125037431716919,2.483590841293335,3.3637263774871826,3.241786479949951,2.156403064727783,1.6514010429382324,1.1659700870513916,0.7761842012405396,-0.6494224071502686,-0.8353520035743713,-0.7490904927253723,0.08535434305667877,-0.058093540370464325,-1.521300196647644,-1.5298749208450317,-0.9941729307174683
0.16028602421283722,0.06709527969360352,0.8868497014045715,2.097182512283325,3.0995378494262695,3.2868313789367676,2.6121885776519775,2.5605578422546387,3.26461124420166,4.0828142166137695,4.54217529296875,4.252220153808594,3.6829898357391357,2.813005208969116,1.0500423908233643,-0.6024559736251831,-1.2124712467193604,-0.9665030837059021,-0.7771666646003723,-0.3012619614601135,1.3443578481674194,1.7219280004501343,1.6323585510253906,2.228118658065796,1.766235589981079,1.2588536739349365,1.9238977432250977,3.089341163635254,2.7145345211029053,1.7356420755386353,2.3995189666748047,3.047913074493408,2.1590983867645264,1.7116254568099976,1.9347625970840454,1.4652395248413086,0.21697735786437988,-0.9358952641487122,-0.7091639041900635,-0.7011731266975403,-1.2618379592895508,-1.6141904592514038,-0.9614613056182861,0.020009471103549004
1.1901956796646118,0.6366600394248962,0.9620915651321411,2.06559419631958,3.293722152709961,3.95527982711792,3.4532508850097656,2.7525382041931152,2.8630471229553223,3.5375964641571045,4.0072102546691895,4.211127281188965,4.149273872375488,3.7779147624969482,2.7341067790985107,1.3838305473327637,0.5637250542640686,0.7804646492004395,0.9434548020362854,0.414197713136673,1.4544219970703125,2.354541778564453,2.3936867713928223,2.1593568325042725,1.04369056224823,0.6860154867172241,1.3439359664916992,2.1767642498016357,2.62660813331604,2.044625997543335,2.0206406116485596,2.49318265914917,2.2498831748962402,1.867447853088379,2.534165620803833,2.439190149307251,1.2803939580917358,0.04272936284542084,-0.7020066380500793,-0.9471732378005981,-1.454576849937439,-1.5681219100952148,-0.8626356720924377,0.017261793836951256
