data/wind_data/wind_14_6.json
{"header": {"parameterUnit": "KT", "parameterCategory": 2, "nx": 256, "ny": 198, "lo1": 44.73521041870117, "la1": -3.236724853515625, "lo2": 111.26478576660156, "la2": 43.468475341796875, "dx": 0.2609002888202667, "dy": -0.23708222806453705, "refTime": "2025-02-19 14:00:00", "forecastTime": 0, "parameterNumber": 2, "parameterNumberName": "eastward_wind"}, "data":
[rows 120 to 139 of 198, columns 176 to 219 of 256]
76.72455596923828,76.56285095214844,76.7226333618164,76.20902252197266,74.57254028320312,72.8303451538086,71.53155517578125,70.40786743164062,68.5116958618164,65.96768951416016,64.24993896484375,64.47282409667969,65.53419494628906,65.91600799560547,65.8055648803711,66.32322692871094,67.60970306396484,69.22207641601562,69.95806121826172,68.72962188720703,66.05200958251953,64.15568542480469,64.53863525390625,66.34617614746094,67.00132751464844,65.83319854736328,64.88826751708984,65.8469467163086,67.88812255859375,70.11165618896484,71.30115509033203,70.63037109375,71.39664459228516,74.62834167480469,76.8264389038086,76.85247802734375,75.53569793701172,76.1398696899414,80.45637512207031,82.07545471191406,79.99726104736328,79.48456573486328,80.64939880371094,82.6310043334961
76.01861572265625,76.23399353027344,76.13655853271484,75.04027557373047,73.23561096191406,71.00332641601562,69.11284637451172,67.7656021118164,65.51493072509766,62.519996643066406,60.516014099121094,60.95694351196289,62.268890380859375,62.682552337646484,63.00080490112305,64.28877258300781,65.87512969970703,66.82196044921875,66.92424774169922,66.22586822509766,64.698486328125,63.34773635864258,63.33273696899414,64.33525085449219,64.84611511230469,64.68728637695312,64.35366821289062,64.85607147216797,66.26165008544922,67.9071273803711,68.78024291992188,68.5879898071289,69.47787475585938,72.13190460205078,75.25298309326172,76.3469009399414,73.98492431640625,73.71997833251953,77.85247039794922,80.53170013427734,80.1177978515625,79.90721130371094,80.7242431640625,82.73189544677734
75.11722564697266,75.2812271118164,74.86856842041016,73.39484405517578,72.0037612915039,69.96251678466797,66.7646255493164,63.184173583984375,60.5819206237793,59.03301239013672,57.53432083129883,57.594051361083984,59.078006744384766,59.96845245361328,60.058738708496094,60.95309066772461,62.608436584472656,63.25315856933594,63.33506393432617,63.501800537109375,63.20708084106445,62.47262191772461,62.10877990722656,62.42182922363281,63.061912536621094,63.774620056152344,64.51019287109375,65.41291809082031,66.4708023071289,67.16656494140625,67.0815658569336,67.31734466552734,68.36492156982422,70.2017822265625,73.25727844238281,74.07728576660156,70.30350494384766,70.20945739746094,75.00304412841797,79.11300659179688,80.36558532714844,79.94007873535156,79.50631713867188,81.69612884521484
74.15679931640625,74.22496032714844,73.8276596069336,71.18750762939453,68.5162353515625,66.55915069580078,62.62034606933594,58.36966323852539,55.68635177612305,54.48727035522461,53.85259246826172,53.92162322998047,55.33378601074219,56.17165756225586,56.1029167175293,57.097999572753906,58.853790283203125,59.744449615478516,60.26383972167969,60.959877014160156,61.22273254394531,60.89262390136719,60.50837707519531,60.33790588378906,60.916648864746094,62.42222213745117,64.3566665649414,65.89079284667969,66.45040893554688,66.53382110595703,67.38432312011719,68.7808609008789,68.99022674560547,68.85649108886719,70.29969024658203,69.96443176269531,66.80986022949219,67.82190704345703,72.62870025634766,77.03083038330078,79.6891098022461,79.29618072509766,76.96151733398438,78.79142761230469
72.89566802978516,71.3326187133789,69.83773040771484,66.57901000976562,62.79899215698242,59.4282112121582,55.31209945678711,53.20198440551758,53.72941207885742,53.48079299926758,52.48414611816406,52.70323181152344,53.83382034301758,54.418357849121094,53.902801513671875,53.89253616333008,55.21247100830078,56.34624099731445,56.91899108886719,57.665950775146484,58.38071823120117,58.548614501953125,58.571136474609375,58.78935241699219,58.98528289794922,60.22091293334961,62.91486358642578,64.60894012451172,64.04761505126953,64.2526626586914,66.9244384765625,69.27169799804688,69.12419128417969,69.13562774658203,70.66294860839844,69.74319458007812,65.82598876953125,65.86961364746094,69.90312957763672,73.97557830810547,77.47193145751953,77.6156005859375,74.30250549316406,75.48906707763672
67.47563171386719,64.46957397460938,63.1199951171875,60.98802185058594,58.37983322143555,53.10601806640625,50.56840133666992,52.49221420288086,54.11015319824219,52.19415283203125,50.76039505004883,50.859317779541016,51.81016159057617,53.30297088623047,53.78446578979492,53.68962097167969,54.03926467895508,54.24586486816406,54.03525924682617,54.454795837402344,55.57645797729492,56.61470413208008,57.41363525390625,58.214385986328125,58.3680534362793,58.88654327392578,60.65299606323242,62.30765151977539,62.14778137207031,63.258235931396484,66.58747863769531,67.99765014648438,67.52701568603516,68.40077209472656,70.99162292480469,71.67037200927734,68.11052703857422,65.45153045654297,67.17388916015625,70.4971694946289,73.9640121459961,74.91576385498047,72.14410400390625,73.12366485595703
60.89534378051758,60.542057037353516,59.806724548339844,58.03310775756836,56.14986038208008,53.69734191894531,51.50855255126953,50.48126983642578,49.413177490234375,48.49547576904297,48.00006866455078,47.62228012084961,47.95973587036133,50.00479507446289,52.35633850097656,53.82855987548828,55.0078125,55.54046630859375,54.8251953125,54.03764343261719,54.49112319946289,55.57350540161133,56.44970703125,56.71260452270508,56.022682189941406,55.94520950317383,56.59052658081055,57.222740173339844,57.76536560058594,61.0831298828125,64.01930236816406,63.329185485839844,62.7332878112793,65.45718383789062,69.87165069580078,73.2319107055664,71.52672576904297,66.977294921875,65.80059814453125,67.46651458740234,70.23291015625,71.87171173095703,70.94791412353516,72.8982162475586
57.56940841674805,56.772342681884766,55.33150863647461,54.899147033691406,54.61229705810547,52.66324234008789,50.31160354614258,49.07588577270508,48.754920959472656,49.10011672973633,49.750064849853516,49.83457946777344,48.384151458740234,47.121578216552734,47.49238967895508,48.682647705078125,51.54087448120117,53.594783782958984,53.24415969848633,53.45408248901367,55.05077362060547,56.73910140991211,58.07048416137695,58.524837493896484,57.582969665527344,57.10391616821289,57.733299255371094,57.10820770263672,56.7487678527832,58.40357971191406,57.74394226074219,55.445613861083984,56.456947326660156,61.093711853027344,66.7161865234375,71.53648376464844,71.77030944824219,67.92992401123047,65.25686645507812,65.11396789550781,66.95576477050781,69.033447265625,70.58297729492188,73.12333679199219
56.61002731323242,56.45463943481445,55.1739387512207,53.61510467529297,52.78529739379883,50.27169418334961,46.88566589355469,46.89527130126953,49.35857009887695,51.00081253051758,51.14113998413086,50.4417839050293,48.90147399902344,47.33641815185547,46.39212417602539,45.8099365234375,48.29457092285156,51.95257568359375,52.773475646972656,53.523216247558594,55.71559143066406,57.53163146972656,58.646236419677734,58.28837966918945,56.4185676574707,56.33896255493164,58.13731384277344,58.3403205871582,56.74761199951172,55.82189178466797,55.58061599731445,55.516632080078125,57.199546813964844,59.85981750488281,63.14673614501953,66.89124298095703,68.37251281738281,66.4847183227539,63.97052764892578,63.16522979736328,64.42498016357422,66.85686492919922,68.51121520996094,68.41911315917969
53.846229553222656,54.627620697021484,54.00291061401367,51.45765686035156,48.047210693359375,46.189292907714844,47.13850402832031,49.32649230957031,51.6347541809082,52.853172302246094,52.64444351196289,51.62977600097656,49.000160217285156,46.50803756713867,45.52780532836914,45.23422622680664,46.53608703613281,49.9515380859375,52.753150939941406,54.294639587402344,55.65974426269531,57.664222717285156,59.783870697021484,58.652523040771484,54.692386627197266,54.86103439331055,56.89470672607422,56.24580764770508,54.51983642578125,53.79063034057617,56.470619201660156,60.76580047607422,62.144832611083984,61.664886474609375,61.50640106201172,62.917198181152344,64.08256530761719,62.774085998535156,60.90267562866211,60.9803352355957,63.14350891113281,66.00153350830078,62.94337463378906,58.54512023925781
53.29587936401367,53.32709503173828,50.92609405517578,48.37358093261719,47.6700553894043,48.661521911621094,50.758827209472656,51.83990478515625,51.27605056762695,51.48185348510742,51.806819915771484,52.4500732421875,52.609779357910156,49.41407012939453,45.942508697509766,44.28882598876953,44.48536682128906,46.78861618041992,49.83512496948242,51.9686164855957,52.88034439086914,55.45134735107422,58.311729431152344,57.174400329589844,55.039310455322266,54.86198425292969,54.7902946472168,54.208316802978516,53.2637939453125,52.141727447509766,55.35990524291992,60.135318756103516,62.118995666503906,62.0853385925293,62.02337646484375,62.5255126953125,61.9145622253418,59.25334167480469,57.14892578125,58.3834342956543,62.86050796508789,66.78965759277344,61.074127197265625,54.51710891723633
52.419246673583984,51.58570861816406,50.933929443359375,51.84446334838867,52.63291549682617,52.250709533691406,52.144439697265625,52.777618408203125,52.17850875854492,51.151756286621094,50.91140365600586,52.6826286315918,53.386531829833984,50.457759857177734,46.61608123779297,44.28630065917969,43.82527542114258,45.27334213256836,47.80217361450195,50.129051208496094,51.06935501098633,53.24566650390625,55.26990509033203,54.341373443603516,54.590576171875,55.155635833740234,55.35224151611328,55.235939025878906,54.88496017456055,53.582244873046875,53.8315315246582,55.927093505859375,58.08517837524414,59.265384674072266,60.197139739990234,60.981101989746094,60.02447509765625,56.897850036621094,54.193782806396484,55.56696319580078,61.48100662231445,66.38725280761719,61.8453483581543,55.60826110839844
53.04161071777344,51.691165924072266,53.16569519042969,55.72072982788086,55.40201187133789,54.2194938659668,53.8143196105957,53.65415573120117,52.101200103759766,49.93937301635742,49.9776496887207,52.2491455078125,52.31336975097656,49.24984359741211,45.638763427734375,44.29082107543945,45.14287185668945,47.13798522949219,48.87298583984375,49.85796356201172,49.978878021240234,50.93067932128906,51.96240997314453,52.2593879699707,54.05867385864258,54.12098693847656,53.8770751953125,54.11215591430664,54.23038101196289,53.10991668701172,51.87183380126953,52.28551483154297,54.52301025390625,56.125465393066406,56.69276428222656,57.02398681640625,56.58980941772461,54.626705169677734,52.57651901245117,54.32099533081055,59.91462326049805,63.21666717529297,60.303165435791016,57.38420486450195
55.012420654296875,53.15508270263672,55.04974365234375,57.80349349975586,57.897621154785156,56.252037048339844,54.20062255859375,51.99666976928711,49.96567916870117,47.4981689453125,46.77605438232422,48.00982666015625,47.62563705444336,46.103946685791016,45.22388458251953,45.25752639770508,46.25143051147461,48.106327056884766,49.81706237792969,50.704345703125,50.33159255981445,49.93958282470703,50.28899383544922,50.794918060302734,52.466060638427734,52.125083923339844,52.00130081176758,52.79780197143555,53.828670501708984,53.442989349365234,51.92507553100586,51.98451232910156,53.731075286865234,54.39300537109375,53.51567840576172,52.651390075683594,52.51570129394531,52.28609085083008,51.23738479614258,52.07045364379883,55.72955322265625,57.87465286254883,57.470489501953125,57.7497673034668
57.39418411254883,56.11098861694336,57.03679275512695,58.901283264160156,58.89454650878906,56.08592224121094,51.977779388427734,48.95138931274414,47.2959098815918,46.791099548339844,47.12220001220703,47.5536994934082,46.706111907958984,44.62239456176758,43.48331832885742,43.05116271972656,44.9886474609375,48.535316467285156,49.55696105957031,48.942413330078125,49.795738220214844,49.098609924316406,49.86637496948242,49.68305587768555,47.231971740722656,45.3225212097168,45.67301559448242,47.02911376953125,48.462181091308594,49.18553161621094,48.85938262939453,50.11396026611328,51.829254150390625,52.00006866455078,49.88017654418945,47.1895866394043,47.21749496459961,49.25431823730469,49.46776580810547,49.16669464111328,50.97135543823242,52.80302429199219,54.11147689819336,55.60436248779297
59.331668853759766,58.4647216796875,59.02920150756836,59.32868194580078,57.91612243652344,55.09052276611328,51.87020492553711,49.574832916259766,47.54169845581055,46.20743179321289,45.84305191040039,46.83082580566406,47.156898498535156,44.93363952636719,44.205970764160156,43.20671463012695,44.514060974121094,48.284671783447266,48.90726852416992,47.248863220214844,49.242496490478516,49.1632194519043,49.63877487182617,47.982967376708984,42.10429000854492,38.907711029052734,41.20442581176758,42.90846633911133,42.987152099609375,42.9698371887207,42.56232833862305,44.21417236328125,47.24293518066406,48.72328186035156,47.43229675292969,43.49901580810547,41.232051849365234,42.303741455078125,43.691162109375,44.71458435058594,45.992496490478516,47.63431167602539,50.274436950683594,53.283973693847656
58.675559997558594,59.86329650878906,60.553466796875,59.357757568359375,57.109928131103516,55.205535888671875,53.555763244628906,51.495323181152344,48.710968017578125,45.79097366333008,44.23933410644531,44.5965461730957,45.7043571472168,45.81399154663086,44.86832046508789,44.50929260253906,45.78330612182617,47.130733489990234,48.157222747802734,48.36800003051758,48.07272720336914,48.162498474121094,49.249916076660156,47.07316589355469,41.20850372314453,37.68428039550781,39.75127029418945,40.470699310302734,38.667118072509766,37.966556549072266,38.21630096435547,39.840919494628906,42.82357406616211,45.38695526123047,45.91819763183594,43.39242935180664,39.250244140625,37.62477493286133,37.70399856567383,39.13429260253906,40.824378967285156,41.88775634765625,43.99186325073242,47.757652282714844
59.053863525390625,60.49992752075195,59.95607376098633,58.300811767578125,56.24457550048828,54.337684631347656,52.566490173339844,50.64471435546875,48.76483154296875,46.778175354003906,44.9716796875,44.05824661254883,44.110015869140625,44.7982063293457,45.63790512084961,45.753849029541016,44.89433288574219,43.98367691040039,44.05773162841797,44.6422004699707,45.25522232055664,46.996299743652344,50.02939987182617,49.0606575012207,44.827693939208984,41.81591033935547,41.62614822387695,40.96098327636719,39.52516174316406,38.184356689453125,37.76798629760742,39.09354782104492,41.48274230957031,43.67490005493164,44.08738327026367,42.27373504638672,39.0593376159668,35.470584869384766,33.44813919067383,34.297908782958984,38.538230895996094,40.920902252197266,41.40616226196289,43.467918395996094
60.24849319458008,58.3842887878418,57.652591705322266,57.939754486083984,56.37567138671875,53.198848724365234,50.10475540161133,48.259578704833984,47.8017463684082,47.18361282348633,46.132164001464844,44.85520553588867,43.38363265991211,42.481597900390625,44.164520263671875,46.2318229675293,43.880367279052734,41.02892303466797,41.51838302612305,43.19662094116211,45.32806396484375,47.034889221191406,47.75633239746094,46.37802505493164,44.85611343383789,44.580726623535156,43.21383285522461,41.10679626464844,41.01804733276367,40.088008880615234,38.453765869140625,38.85658264160156,40.53293228149414,42.841766357421875,43.05625534057617,39.729278564453125,34.89828109741211,32.11526107788086,31.738027572631836,30.956642150878906,34.41673278808594,38.53416442871094,40.676055908203125,41.08648681640625
57.25816345214844,56.55347442626953,58.399436950683594,59.339820861816406,56.08702087402344,50.60354995727539,46.16841125488281,44.30619812011719,44.92579650878906,45.71186447143555,46.01366424560547,44.98427200317383,42.12460708618164,40.92046356201172,41.87042999267578,44.660888671875,40.814666748046875,38.11460876464844,39.441978454589844,39.137237548828125,41.39617156982422,44.99687194824219,43.326229095458984,36.57924270629883,35.46723937988281,38.53181457519531,38.503684997558594,36.88163757324219,38.788944244384766,41.1452522277832,40.760311126708984,39.269649505615234,38.58063888549805,38.96181869506836,37.48866271972656,33.83222198486328,31.38786506652832,31.976774215698242,33.84519958496094,32.34868621826172,30.729795455932617,31.48518943786621,33.459022521972656,35.76491928100586
