data/wind_data/wind_38_1.json
{"header": {"parameterUnit": "KT", "parameterCategory": 2, "nx": 256, "ny": 198, "lo1": 44.73521041870117, "la1": -3.236724853515625, "lo2": 111.26478576660156, "la2": 43.468475341796875, "dx": 0.2609002888202667, "dy": -0.23708222806453705, "refTime": "2025-02-20 14:00:00", "forecastTime": 0, "parameterNumber": 2, "parameterNumberName": "eastward_wind"}, "data":
[rows 38 to 56 of 198, columns 129 to 171 of 256]
-2.576472282409668,-1.8266849517822266,0.13782313466072083,0.37337496876716614,3.093646764755249,1.1924275159835815,2.5559539794921875,-1.5612046718597412,4.4437761306762695,-0.883197546005249,-7.807186126708984,-5.258508682250977,-1.8244037628173828,-7.486405849456787,-11.188485145568848,-6.357132434844971,-5.768818378448486,-11.49986743927002,-11.501529693603516,-8.893600463867188,-8.896099090576172,-8.790093421936035,-7.461650848388672,-7.610556125640869,-6.639864444732666,-9.738229751586914,-12.316152572631836,-10.33941650390625,-9.742325782775879,-7.453089714050293,-7.46808385848999,-11.388315200805664,-11.36970329284668,-6.241714954376221,-3.3662853240966797,-5.729889392852783,-12.332341194152832,-11.096397399902344,-8.64556884765625,-8.984603881835938,-5.949431896209717,-6.577494144439697,-12.149426460266113
-3.909625291824341,-2.4452362060546875,-1.2888939380645752,0.6401638388633728,1.3045402765274048,3.2867748737335205,3.999547004699707,1.8557912111282349,4.225317001342773,-0.6273359060287476,-8.427667617797852,-3.488518238067627,-1.4123557806015015,-8.086833953857422,-11.114197731018066,-5.622073650360107,-5.776834487915039,-12.105202674865723,-11.613886833190918,-9.387163162231445,-8.760379791259766,-9.423506736755371,-8.27796745300293,-8.84248161315918,-8.530502319335938,-11.107527732849121,-12.237447738647461,-10.418171882629395,-8.246177673339844,-7.278245449066162,-10.543560028076172,-11.749321937561035,-8.18893814086914,-4.815781593322754,-8.343924522399902,-11.508240699768066,-9.676526069641113,-9.770613670349121,-10.711784362792969,-6.8095550537109375,-7.120707988739014,-14.74748706817627,-13.896909713745117
-6.063712120056152,-4.310126781463623,-3.239856481552124,-0.25586315989494324,-0.0044008661061525345,5.694788932800293,4.970704078674316,4.054747581481934,-0.9953972101211548,-9.65363883972168,-7.199757099151611,-4.075806140899658,-2.9377987384796143,-8.11400318145752,-11.160242080688477,-7.12438440322876,-8.833967208862305,-10.509726524353027,-11.019046783447266,-9.355242729187012,-9.136945724487305,-8.606409072875977,-9.617515563964844,-10.165895462036133,-9.009838104248047,-10.871655464172363,-11.754253387451172,-9.767303466796875,-9.033869743347168,-9.979121208190918,-11.318246841430664,-9.926671981811523,-6.032186985015869,-6.544011116027832,-11.076526641845703,-9.59605884552002,-5.597322463989258,-9.557271003723145,-12.084386825561523,-7.304625511169434,-11.483549118041992,-14.484671592712402,-11.659928321838379
-7.839195251464844,-6.733147144317627,-4.46401834487915,-2.7304930686950684,0.994392454624176,4.803071022033691,4.855906009674072,2.1099746227264404,-9.120891571044922,-9.604066848754883,-6.5384979248046875,-3.392031669616699,-4.144003868103027,-8.273175239562988,-10.775629043579102,-8.365717887878418,-9.954315185546875,-8.702054023742676,-9.835457801818848,-10.251233100891113,-9.225423812866211,-9.273938179016113,-9.987774848937988,-9.111984252929688,-8.672636032104492,-8.150960922241211,-8.247710227966309,-8.999096870422363,-9.555760383605957,-11.656935691833496,-10.211788177490234,-9.387860298156738,-7.382201671600342,-8.910293579101562,-9.443958282470703,-7.727074146270752,-8.69132137298584,-11.09130859375,-8.14985179901123,-8.275833129882812,-14.260262489318848,-13.178643226623535,-8.999293327331543
-8.134129524230957,-7.910855293273926,-5.338714599609375,-4.283151626586914,-0.3309066891670227,1.3955825567245483,2.028425455093384,-6.239567756652832,-12.07239818572998,-8.580472946166992,-6.187585830688477,-3.1725380420684814,-7.944407939910889,-10.834733963012695,-8.914434432983398,-10.329947471618652,-9.306146621704102,-8.45834732055664,-8.461256980895996,-10.19111442565918,-8.869894027709961,-9.21258544921875,-9.58239459991455,-8.792675018310547,-7.790856838226318,-8.325749397277832,-6.973116874694824,-5.350107669830322,-10.947278022766113,-12.16456127166748,-9.892889976501465,-9.393875122070312,-9.054244041442871,-9.930038452148438,-9.618880271911621,-9.898299217224121,-10.65298080444336,-9.324148178100586,-8.871787071228027,-11.299394607543945,-12.357277870178223,-10.910391807556152,-9.790087699890137
-8.15771770477295,-8.136240005493164,-6.456598281860352,-6.514407634735107,-4.341328144073486,-2.9455223083496094,-1.5463192462921143,-11.792997360229492,-11.782666206359863,-7.4065985679626465,-5.383903503417969,-4.1929779052734375,-8.825067520141602,-10.294068336486816,-9.8568754196167,-11.037262916564941,-9.846599578857422,-8.82800579071045,-7.978470802307129,-8.078908920288086,-8.945699691772461,-11.319987297058105,-9.404065132141113,-7.8140645027160645,-7.709778785705566,-10.4581880569458,-9.288737297058105,-8.737825393676758,-11.444271087646484,-10.23666000366211,-9.61834716796875,-9.411274909973145,-9.948753356933594,-8.897686004638672,-9.24995231628418,-7.826646327972412,-7.344937324523926,-8.716696739196777,-10.95888900756836,-10.497208595275879,-9.125345230102539,-7.801090717315674,-8.821160316467285
-10.111150741577148,-9.507147789001465,-8.976161003112793,-8.674166679382324,-6.8898024559021,-5.026272296905518,-3.658703088760376,-9.896302223205566,-10.107078552246094,-7.292730808258057,-5.155179500579834,-8.846452713012695,-11.357851028442383,-9.228209495544434,-10.736492156982422,-10.776765823364258,-10.224977493286133,-8.540667533874512,-8.106337547302246,-7.448270320892334,-9.74360466003418,-11.482051849365234,-10.022854804992676,-8.170144081115723,-8.652016639709473,-12.170079231262207,-10.848857879638672,-10.726778030395508,-11.050765991210938,-7.0987067222595215,-7.938813209533691,-10.957786560058594,-10.554560661315918,-6.323451042175293,-5.098458766937256,-3.443505048751831,-5.984249114990234,-10.107714653015137,-10.69643783569336,-7.738183975219727,-5.431800842285156,-4.927391052246094,-9.299477577209473
-13.384929656982422,-10.963249206542969,-11.355682373046875,-10.394827842712402,-9.301233291625977,-9.786429405212402,-8.126075744628906,-6.5742998123168945,-9.051657676696777,-4.876812934875488,-5.089590549468994,-8.927172660827637,-11.177436828613281,-9.244818687438965,-10.522514343261719,-10.092079162597656,-10.166437149047852,-8.584912300109863,-9.081707000732422,-9.315234184265137,-11.097837448120117,-11.291356086730957,-10.873550415039062,-10.735123634338379,-10.955925941467285,-10.329017639160156,-10.178279876708984,-11.765488624572754,-9.740745544433594,-6.094902038574219,-7.807579040527344,-11.536603927612305,-9.757404327392578,-5.587679862976074,-2.3015565872192383,-2.557710886001587,-13.9599609375,-13.955970764160156,-10.147396087646484,-7.020964622497559,-6.150435447692871,-9.08994197845459,-15.700372695922852
-14.188570022583008,-13.5321683883667,-12.52548599243164,-12.925347328186035,-11.609136581420898,-11.614201545715332,-8.250490188598633,-5.769689559936523,-9.525145530700684,-3.390223741531372,-8.597256660461426,-10.43323040008545,-10.173192977905273,-9.700420379638672,-10.593172073364258,-9.892826080322266,-10.302427291870117,-9.200299263000488,-8.652410507202148,-8.811468124389648,-9.515746116638184,-10.29811954498291,-10.95782470703125,-10.734748840332031,-9.51392936706543,-9.314658164978027,-10.341537475585938,-11.557134628295898,-9.866437911987305,-7.096497058868408,-8.195825576782227,-10.70224380493164,-9.243802070617676,-6.531858444213867,-5.132203578948975,-9.354374885559082,-15.476005554199219,-12.660613059997559,-9.07832145690918,-8.870002746582031,-9.046584129333496,-12.415911674499512,-15.072375297546387
-13.660384178161621,-14.370346069335938,-12.072123527526855,-13.793027877807617,-13.165066719055176,-14.310796737670898,-10.658782958984375,-5.7862749099731445,-6.544654369354248,-4.030753135681152,-7.958890914916992,-11.619768142700195,-10.474702835083008,-9.575091361999512,-10.515531539916992,-10.325716972351074,-10.445719718933105,-9.518596649169922,-8.707904815673828,-8.320919036865234,-8.948917388916016,-10.065152168273926,-10.718076705932617,-10.879823684692383,-9.33218765258789,-8.429438591003418,-8.445995330810547,-10.586588859558105,-8.84327220916748,-9.513854026794434,-9.659775733947754,-9.074846267700195,-8.61113452911377,-8.874066352844238,-7.984129428863525,-9.980878829956055,-10.708974838256836,-10.289738655090332,-9.416624069213867,-10.421711921691895,-8.826385498046875,-10.00230884552002,-11.382827758789062
-10.284716606140137,-8.264025688171387,-10.634458541870117,-13.835722923278809,-12.739986419677734,-13.762200355529785,-13.637845993041992,-9.132185935974121,-5.355297088623047,-10.30487060546875,-11.838624954223633,-12.10013484954834,-9.858283996582031,-10.237818717956543,-10.017132759094238,-10.6049165725708,-10.03900146484375,-10.167070388793945,-9.232343673706055,-8.178032875061035,-8.112748146057129,-8.910941123962402,-9.424788475036621,-9.875391960144043,-9.296527862548828,-7.87747049331665,-7.577816009521484,-9.630276679992676,-8.411787986755371,-10.744513511657715,-10.667535781860352,-8.570636749267578,-9.062932968139648,-9.32004165649414,-10.003630638122559,-9.86008358001709,-7.222860336303711,-10.303364753723145,-11.13935661315918,-9.818126678466797,-7.501272678375244,-7.960120677947998,-10.335298538208008
-11.11289119720459,-8.709633827209473,-10.876018524169922,-13.141996383666992,-11.935871124267578,-12.566971778869629,-12.559858322143555,-11.120133399963379,-10.782042503356934,-11.579546928405762,-11.167223930358887,-11.627224922180176,-9.78499698638916,-9.250391006469727,-8.845627784729004,-9.780532836914062,-9.503463745117188,-9.994771003723145,-9.038342475891113,-9.251076698303223,-8.576910018920898,-8.428661346435547,-8.056195259094238,-8.899566650390625,-9.52684211730957,-9.388126373291016,-9.35678768157959,-8.984996795654297,-8.411040306091309,-11.19540786743164,-10.373821258544922,-9.99152946472168,-9.940232276916504,-9.4190034866333,-11.037101745605469,-8.342507362365723,-5.205731391906738,-12.21754264831543,-12.455267906188965,-7.903811931610107,-6.29304838180542,-7.602363586425781,-9.94600772857666
-10.323724746704102,-10.263334274291992,-7.0229058265686035,-11.101966857910156,-13.328898429870605,-10.875768661499023,-10.662225723266602,-11.271818161010742,-11.110090255737305,-10.195247650146484,-10.23365306854248,-10.469229698181152,-9.390592575073242,-7.153975009918213,-6.491547584533691,-9.64048957824707,-9.844996452331543,-9.19371223449707,-9.347719192504883,-11.018091201782227,-10.995147705078125,-9.049711227416992,-8.384598731994629,-8.707178115844727,-9.27784538269043,-9.608813285827637,-9.069524765014648,-8.344633102416992,-9.871252059936523,-10.302011489868164,-9.304534912109375,-11.129433631896973,-9.56519603729248,-10.055817604064941,-10.05616283416748,-8.69385051727295,-10.382722854614258,-12.207541465759277,-9.78331470489502,-6.372353553771973,-6.280208587646484,-11.811826705932617,-11.386852264404297
-10.405263900756836,-11.074935913085938,-8.178528785705566,-12.189553260803223,-14.572912216186523,-12.303741455078125,-11.632502555847168,-10.655177116394043,-9.582478523254395,-9.215295791625977,-9.12841510772705,-9.203067779541016,-8.708161354064941,-7.50601863861084,-8.24682903289795,-11.914100646972656,-9.835896492004395,-8.99708080291748,-9.985772132873535,-10.95975112915039,-10.870948791503906,-10.33152961730957,-9.27525520324707,-9.084394454956055,-9.352029800415039,-9.460248947143555,-9.474254608154297,-8.360105514526367,-8.439517974853516,-10.736250877380371,-10.23680591583252,-9.884937286376953,-10.701823234558105,-10.208518028259277,-8.52135181427002,-10.424570083618164,-11.93834400177002,-9.394095420837402,-8.11068344116211,-9.336777687072754,-10.019968032836914,-13.543327331542969,-11.919325828552246
-7.451813697814941,-10.17027473449707,-10.3759183883667,-9.076043128967285,-8.188210487365723,-11.842329978942871,-12.390135765075684,-10.498237609863281,-9.707201957702637,-9.838677406311035,-9.765518188476562,-8.137651443481445,-8.624480247497559,-8.940303802490234,-10.422555923461914,-11.726408004760742,-10.936324119567871,-9.139422416687012,-8.819295883178711,-9.436823844909668,-10.366082191467285,-10.635513305664062,-9.535896301269531,-9.8846435546875,-9.587692260742188,-9.524944305419922,-9.390299797058105,-8.93355655670166,-9.20695686340332,-9.111175537109375,-8.124344825744629,-10.010273933410645,-11.43736743927002,-8.830297470092773,-9.148240089416504,-11.203514099121094,-10.716747283935547,-8.559541702270508,-9.565591812133789,-10.817802429199219,-10.996573448181152,-11.016863822937012,-8.932968139648438
-8.664767265319824,-10.29951000213623,-10.778039932250977,-8.326597213745117,-8.685674667358398,-7.697325706481934,-9.19487190246582,-11.62308120727539,-10.836045265197754,-11.117795944213867,-10.107375144958496,-8.52585506439209,-8.16487979888916,-8.09179973602295,-8.769289016723633,-9.652938842773438,-10.644835472106934,-10.43997859954834,-9.544805526733398,-9.16065502166748,-9.197049140930176,-9.364974021911621,-9.730544090270996,-9.859295845031738,-9.590394973754883,-9.280389785766602,-9.600337028503418,-9.6823148727417,-9.432941436767578,-9.226469039916992,-8.79023551940918,-8.981610298156738,-8.502067565917969,-9.135318756103516,-11.537506103515625,-10.70246410369873,-10.093491554260254,-10.588128089904785,-11.639435768127441,-11.269124984741211,-10.237747192382812,-8.92384147644043,-6.77863073348999
-8.905580520629883,-9.675146102905273,-10.760164260864258,-10.483002662658691,-9.399853706359863,-7.122725963592529,-8.114644050598145,-9.11449146270752,-8.2527494430542,-8.920526504516602,-10.687533378601074,-8.797042846679688,-9.033124923706055,-8.19377326965332,-8.263494491577148,-8.472570419311523,-8.96993350982666,-9.916749954223633,-10.276411056518555,-9.58836555480957,-9.185684204101562,-8.757164001464844,-8.813425064086914,-9.411565780639648,-9.503389358520508,-8.446455001831055,-9.27889347076416,-9.368875503540039,-8.399846076965332,-9.554373741149902,-8.653016090393066,-7.108916282653809,-7.1413702964782715,-10.27967643737793,-11.601177215576172,-10.364045143127441,-9.622693061828613,-9.432595252990723,-10.211020469665527,-11.343605041503906,-10.716114044189453,-9.381889343261719,-9.027872085571289
-8.904613494873047,-9.733248710632324,-10.326712608337402,-9.424755096435547,-7.861720085144043,-6.1544976234436035,-7.493608474731445,-9.784072875976562,-9.869379997253418,-9.90175724029541,-11.112627029418945,-8.928794860839844,-8.55124568939209,-8.719091415405273,-7.484647750854492,-7.333766937255859,-6.1824951171875,-8.230588912963867,-9.718902587890625,-9.651962280273438,-9.410950660705566,-8.846392631530762,-7.593018531799316,-8.452994346618652,-9.411398887634277,-9.039250373840332,-8.377655029296875,-8.96611499786377,-9.108884811401367,-8.546110153198242,-8.514097213745117,-9.238933563232422,-9.361416816711426,-9.001862525939941,-9.807981491088867,-11.36878490447998,-9.868513107299805,-8.468360900878906,-9.224555015563965,-11.155803680419922,-11.28140640258789,-9.636192321777344,-10.177133560180664
-9.26805591583252,-9.718491554260254,-11.039924621582031,-11.049859046936035,-8.541346549987793,-9.90882396697998,-11.047612190246582,-10.614164352416992,-10.69311809539795,-10.972039222717285,-10.821144104003906,-7.875690937042236,-7.941215991973877,-9.835700988769531,-7.3363566398620605,-6.787830829620361,-7.825105667114258,-9.4828462600708,-9.464619636535645,-9.513665199279785,-8.834498405456543,-8.803627967834473,-8.462605476379395,-8.174593925476074,-8.280423164367676,-8.777666091918945,-8.863334655761719,-8.408970832824707,-8.604043960571289,-7.953218460083008,-9.667094230651855,-9.71033763885498,-9.25399398803711,-9.809746742248535,-9.618983268737793,-9.560067176818848,-10.866023063659668,-10.284594535827637,-8.87293529510498,-9.652185440063477,-10.52564811706543,-9.702569007873535,-10.343851089477539
