data/wind_data/wind_8_4.json
{"header": {"parameterUnit": "KT", "parameterCategory": 2, "nx": 256, "ny": 198, "lo1": 44.73521041870117, "la1": -3.236724853515625, "lo2": 111.26478576660156, "la2": 43.468475341796875, "dx": 0.2609002888202667, "dy": -0.23708222806453705, "refTime": "2025-02-19 08:00:00", "forecastTime": 0, "parameterNumber": 2, "parameterNumberName": "eastward_wind"}, "data":
[rows 76 to 94 of 198, columns 132 to 175 of 256]
10.20766830444336,10.869888305664062,11.262588500976562,11.06174087524414,10.705930709838867,10.329840660095215,10.165812492370605,9.921074867248535,9.533727645874023,9.261423110961914,8.984167098999023,8.779505729675293,8.490050315856934,8.19730281829834,8.260601997375488,8.84325885772705,9.817484855651855,10.846388816833496,11.557769775390625,11.812841415405273,11.712388038635254,11.542754173278809,11.51314926147461,11.57499885559082,11.446102142333984,10.999237060546875,10.393960952758789,9.870012283325195,9.653070449829102,9.707242012023926,9.866809844970703,10.02176284790039,10.138794898986816,10.129834175109863,9.67371940612793,8.813711166381836,8.085533142089844,7.764842510223389,7.774266242980957,7.894509792327881,7.88370943069458,8.046834945678711,8.751790046691895,9.733731269836426
10.216766357421875,10.981365203857422,11.614623069763184,11.839258193969727,11.669301986694336,11.606465339660645,11.589713096618652,11.719427108764648,11.485107421875,11.255966186523438,10.84647274017334,10.552789688110352,10.162029266357422,9.726271629333496,9.539066314697266,9.711228370666504,10.324810981750488,11.242813110351562,12.032127380371094,12.313100814819336,12.047382354736328,11.695822715759277,11.67594051361084,11.876232147216797,11.963323593139648,11.782353401184082,11.385886192321777,10.83869457244873,10.346570014953613,10.019960403442383,9.87109375,9.87324333190918,9.865182876586914,9.815033912658691,9.660147666931152,9.269057273864746,8.769789695739746,8.401823997497559,8.188749313354492,8.19475269317627,8.316021919250488,8.356719970703125,8.610774993896484,9.396222114562988
10.847173690795898,11.538558006286621,12.124918937683105,12.372398376464844,12.367088317871094,12.511046409606934,12.857315063476562,13.151700973510742,13.255158424377441,13.155133247375488,12.976693153381348,12.724431037902832,12.123815536499023,11.709464073181152,11.459259033203125,11.417722702026367,11.611373901367188,12.111639976501465,12.760082244873047,13.10196590423584,12.9603853225708,12.708200454711914,12.688515663146973,12.823333740234375,12.91341495513916,12.78260326385498,12.486373901367188,12.092497825622559,11.67869758605957,11.203540802001953,10.640005111694336,10.202791213989258,9.933626174926758,9.69861125946045,9.466955184936523,9.225184440612793,9.017477989196777,8.939873695373535,8.929802894592285,8.836589813232422,8.741235733032227,8.730484008789062,8.761336326599121,9.083842277526855
12.490405082702637,12.920947074890137,13.260807991027832,13.096586227416992,12.926854133605957,13.256353378295898,13.823138236999512,14.160578727722168,14.342245101928711,14.293124198913574,14.508522033691406,14.780529975891113,14.456252098083496,13.773560523986816,13.426612854003906,13.315937995910645,13.36944580078125,13.526318550109863,13.942316055297852,14.428778648376465,14.651863098144531,14.681499481201172,14.687797546386719,14.608417510986328,14.3309326171875,13.929917335510254,13.557820320129395,13.284728050231934,13.099884986877441,12.819077491760254,12.20240592956543,11.391929626464844,10.746233940124512,10.280616760253906,9.863692283630371,9.454546928405762,9.197230339050293,9.206121444702148,9.427159309387207,9.610573768615723,9.532801628112793,9.329505920410156,9.20483684539795,9.166341781616211
14.407736778259277,14.594610214233398,14.787925720214844,14.35367202758789,13.984384536743164,14.234112739562988,14.600275993347168,14.876272201538086,15.154800415039062,15.482545852661133,16.11598777770996,17.082395553588867,17.207672119140625,16.039295196533203,15.018332481384277,14.887908935546875,15.056818962097168,15.159927368164062,15.388744354248047,15.939308166503906,16.535934448242188,16.88716697692871,16.903982162475586,16.505748748779297,15.7724609375,15.030375480651855,14.572813987731934,14.345250129699707,14.239629745483398,14.095248222351074,13.686010360717773,12.907174110412598,12.05605411529541,11.393721580505371,10.814627647399902,10.255538940429688,9.83290958404541,9.642767906188965,9.690906524658203,9.945332527160645,10.218274116516113,10.28116226196289,10.214004516601562,10.09740161895752
16.41294288635254,15.896793365478516,15.892690658569336,15.72841739654541,15.642401695251465,15.664156913757324,15.596619606018066,15.663788795471191,15.818029403686523,16.121774673461914,16.92705535888672,18.250221252441406,19.833019256591797,20.157209396362305,17.88319206237793,16.458513259887695,16.31157684326172,16.49973487854004,16.710968017578125,17.16621208190918,17.89531898498535,18.404804229736328,18.385149002075195,17.830507278442383,16.95482063293457,16.149438858032227,15.705952644348145,15.46207332611084,15.24326229095459,15.022811889648438,14.743937492370605,14.232945442199707,13.489044189453125,12.772154808044434,12.155701637268066,11.5652494430542,11.05881404876709,10.617520332336426,10.275003433227539,10.237447738647461,10.60615062713623,11.139032363891602,11.454522132873535,11.49307918548584
18.149799346923828,17.152883529663086,16.65561294555664,16.72991180419922,16.96001625061035,17.0199031829834,16.89386558532715,16.96463394165039,16.82984161376953,16.526277542114258,16.75782012939453,17.69253158569336,19.173999786376953,22.948991775512695,23.580093383789062,19.920862197875977,17.76016616821289,17.399805068969727,17.717153549194336,18.120153427124023,18.683408737182617,19.12929344177246,19.111425399780273,18.658254623413086,17.977401733398438,17.348684310913086,16.962955474853516,16.697460174560547,16.34733009338379,15.958984375,15.643085479736328,15.32735538482666,14.91198444366455,14.404589653015137,13.86685562133789,13.345016479492188,12.881491661071777,12.320719718933105,11.651549339294434,11.187348365783691,11.225829124450684,11.769421577453613,12.412354469299316,12.683385848999023
18.647432327270508,18.0046443939209,17.55108642578125,17.660629272460938,17.916425704956055,18.086894989013672,18.261173248291016,18.382587432861328,18.35358238220215,17.962888717651367,17.29537582397461,17.662107467651367,17.922889709472656,20.25967788696289,26.797626495361328,24.830280303955078,20.251632690429688,18.62205696105957,18.54369354248047,18.95647430419922,19.251953125,19.52483367919922,19.611162185668945,19.395732879638672,18.974294662475586,18.546768188476562,18.230587005615234,17.94503402709961,17.548185348510742,17.065689086914062,16.65567398071289,16.330244064331055,16.07729148864746,15.902481079101562,15.645185470581055,15.238100051879883,14.798811912536621,14.255594253540039,13.47481632232666,12.704358100891113,12.341772079467773,12.4685697555542,12.898587226867676,13.25212287902832
18.658889770507812,18.46438980102539,18.296649932861328,18.809181213378906,19.302814483642578,19.532533645629883,19.756254196166992,19.860342025756836,19.978654861450195,19.833581924438477,19.132726669311523,18.605880737304688,19.725502014160156,18.701274871826172,23.568876266479492,28.04055404663086,23.238269805908203,20.4849910736084,20.012401580810547,19.816829681396484,19.879634857177734,20.01369857788086,20.170869827270508,20.170658111572266,19.987241744995117,19.701412200927734,19.404600143432617,19.05793571472168,18.604475021362305,18.10203742980957,17.647289276123047,17.216867446899414,16.863636016845703,16.755638122558594,16.774137496948242,16.638668060302734,16.316631317138672,15.825170516967773,15.106675148010254,14.229887962341309,13.563692092895508,13.323861122131348,13.314764976501465,13.351021766662598
19.007015228271484,19.191944122314453,19.139589309692383,19.677064895629883,20.47846031188965,20.944814682006836,21.213348388671875,21.2708683013916,21.22569465637207,21.279308319091797,21.281946182250977,20.747802734375,20.75061798095703,21.3861026763916,21.639554977416992,26.646080017089844,25.449920654296875,21.890087127685547,21.90677833557129,21.920482635498047,21.335790634155273,20.89333724975586,20.738313674926758,20.839923858642578,20.92458724975586,20.850200653076172,20.586427688598633,20.146038055419922,19.565156936645508,19.010244369506836,18.59319496154785,18.154565811157227,17.650867462158203,17.35662841796875,17.33885955810547,17.375164031982422,17.330238342285156,17.090450286865234,16.582857131958008,15.780423164367676,14.890249252319336,14.282812118530273,14.002336502075195,13.737753868103027
20.117252349853516,20.187349319458008,20.22273826599121,20.55096435546875,21.112001419067383,21.609527587890625,22.084882736206055,22.21987533569336,22.091503143310547,22.54299545288086,23.06737518310547,22.943050384521484,22.585054397583008,22.313379287719727,21.761415481567383,24.81285858154297,26.951183319091797,23.387771606445312,22.76221466064453,24.856435775756836,24.456283569335938,22.373319625854492,21.418886184692383,21.540613174438477,21.752544403076172,21.826915740966797,21.722972869873047,21.3504581451416,20.6987247467041,20.050491333007812,19.66461181640625,19.338821411132812,18.86668586730957,18.441612243652344,18.203706741333008,18.080547332763672,18.104873657226562,18.167081832885742,18.020591735839844,17.49591827392578,16.537012100219727,15.467037200927734,14.783357620239258,14.483844757080078
22.235698699951172,22.002809524536133,21.436420440673828,21.373315811157227,21.69207191467285,21.966806411743164,22.559112548828125,23.177324295043945,23.30618667602539,23.61520004272461,24.06884002685547,24.716981887817383,25.03856086730957,24.61099624633789,23.13393783569336,24.14534568786621,26.77353286743164,25.121257781982422,23.981002807617188,25.486204147338867,27.28485679626465,24.4031982421875,22.538185119628906,22.503707885742188,22.758495330810547,22.890243530273438,22.842426300048828,22.492361068725586,21.85268211364746,21.22653579711914,20.875791549682617,20.644147872924805,20.310991287231445,19.972246170043945,19.637025833129883,19.26811981201172,19.04983139038086,19.081369400024414,19.176652908325195,19.06720542907715,18.41942596435547,17.107439041137695,15.776200294494629,15.16772747039795
24.325389862060547,24.032726287841797,23.290149688720703,22.812040328979492,22.732479095458984,22.848543167114258,23.36845588684082,24.28948974609375,24.84937858581543,25.156137466430664,25.339275360107422,25.75473976135254,27.09952163696289,27.098785400390625,25.259191513061523,24.92685890197754,26.620437622070312,26.52105712890625,26.346500396728516,27.904565811157227,28.062471389770508,26.088573455810547,24.598003387451172,24.11379051208496,24.16218376159668,24.342575073242188,24.286102294921875,23.906423568725586,23.34987449645996,22.817251205444336,22.41617774963379,22.0239200592041,21.5706844329834,21.23302459716797,20.97824478149414,20.63449478149414,20.226604461669922,19.939685821533203,19.924957275390625,20.03639793395996,19.798688888549805,18.70676612854004,17.025691986083984,15.892351150512695
25.48761558532715,25.55937385559082,25.16758918762207,24.682199478149414,24.437917709350586,24.410537719726562,24.720355987548828,25.308544158935547,26.007017135620117,26.627655029296875,27.180011749267578,27.751869201660156,28.513492584228516,29.040035247802734,27.348468780517578,26.68735694885254,27.347640991210938,27.250329971313477,28.254806518554688,30.300739288330078,29.67780876159668,27.559938430786133,27.214717864990234,26.81861686706543,26.350074768066406,26.23346519470215,26.121387481689453,25.77206039428711,25.308883666992188,24.80609703063965,24.31464195251465,23.7753963470459,23.0888729095459,22.475322723388672,22.055498123168945,21.689769744873047,21.286273956298828,20.806110382080078,20.459693908691406,20.43372344970703,20.351274490356445,19.639362335205078,18.199974060058594,16.866565704345703
26.841289520263672,26.648929595947266,26.66990089416504,26.340877532958984,26.146650314331055,26.139808654785156,26.355533599853516,26.725351333618164,27.186044692993164,28.090373992919922,28.787443161010742,29.08963394165039,30.20560073852539,30.537776947021484,29.387548446655273,28.725154876708984,28.73875617980957,28.35327911376953,28.63153839111328,31.405677795410156,31.76789665222168,29.661088943481445,29.30532455444336,29.768821716308594,29.366621017456055,28.817245483398438,28.357954025268555,27.743310928344727,27.016803741455078,26.26168441772461,25.678083419799805,25.288015365600586,24.81592559814453,24.212326049804688,23.593196868896484,22.905162811279297,22.21324348449707,21.596437454223633,21.020849227905273,20.660667419433594,20.42178726196289,19.886011123657227,18.919519424438477,17.900671005249023
28.540306091308594,28.298017501831055,28.194360733032227,27.854137420654297,27.764190673828125,27.889305114746094,28.068883895874023,28.39368438720703,28.630359649658203,29.109619140625,30.14124298095703,30.397537231445312,31.110750198364258,32.74087905883789,31.91891098022461,30.72252082824707,30.280445098876953,29.907764434814453,29.815494537353516,31.205615997314453,32.68971252441406,31.569944381713867,30.64300537109375,31.293596267700195,31.548667907714844,30.9478816986084,30.074216842651367,29.07063865661621,27.759143829345703,26.75111198425293,26.13033103942871,25.846132278442383,25.707441329956055,25.481040954589844,24.994504928588867,24.168197631835938,23.22713279724121,22.414596557617188,21.650177001953125,20.968921661376953,20.496461868286133,20.003477096557617,19.35540771484375,18.658658981323242
30.356204986572266,29.986839294433594,29.94686508178711,29.646167755126953,29.49372673034668,29.588533401489258,29.829626083374023,30.038768768310547,30.357669830322266,30.515701293945312,31.11929702758789,31.082365036010742,32.269588470458984,34.72450637817383,33.980899810791016,32.85861587524414,32.31441879272461,31.315757751464844,31.156879425048828,31.909807205200195,32.17743682861328,32.07841491699219,31.668941497802734,31.852121353149414,31.978137969970703,31.33402442932129,30.237112045288086,29.518449783325195,28.352365493774414,26.9394588470459,26.152942657470703,25.737897872924805,25.604442596435547,25.537616729736328,25.09387969970703,24.184730529785156,23.340129852294922,22.792619705200195,22.209224700927734,21.501733779907227,20.85654640197754,20.369462966918945,19.967144012451172,19.42740249633789
32.44641876220703,32.05820083618164,31.884370803833008,31.7102108001709,31.518220901489258,31.329578399658203,31.41650390625,31.63262939453125,31.86258888244629,32.105125427246094,32.38529586791992,32.29658508300781,33.018070220947266,35.40101623535156,35.6346549987793,34.89698791503906,33.96238708496094,32.826377868652344,31.992719650268555,31.8414249420166,31.61199188232422,31.20488166809082,31.593124389648438,31.980010986328125,31.227319717407227,30.249757766723633,29.66801643371582,29.485403060913086,29.427581787109375,27.98402976989746,26.211606979370117,25.426000595092773,25.16675567626953,24.944272994995117,24.257352828979492,23.060665130615234,22.16814422607422,21.970754623413086,21.991039276123047,21.72575569152832,21.175386428833008,20.643115997314453,20.41009521484375,20.156448364257812
34.29485321044922,34.074100494384766,34.09910583496094,34.004119873046875,33.71742630004883,33.18125915527344,32.957855224609375,33.23577880859375,33.40235900878906,33.60041046142578,33.6267204284668,34.0150032043457,34.676334381103516,35.78498077392578,36.129302978515625,36.30437088012695,35.10226821899414,33.41379165649414,32.333866119384766,32.08977508544922,32.36760330200195,32.21169662475586,31.90309715270996,31.27346420288086,30.784894943237305,30.69864273071289,30.543025970458984,29.863170623779297,29.805288314819336,29.243600845336914,26.969770431518555,25.31504249572754,24.655466079711914,24.084270477294922,23.232786178588867,21.908830642700195,20.853574752807617,20.769989013671875,21.241851806640625,21.428760528564453,21.00327491760254,20.240495681762695,19.932022094726562,19.991470336914062
