data/wind_data/wind_49_9.json
{"header": {"parameterUnit": "KT", "parameterCategory": 2, "nx": 256, "ny": 198, "lo1": 44.73521041870117, "la1": -3.236724853515625, "lo2": 111.26478576660156, "la2": 43.468475341796875, "dx": 0.2609002888202667, "dy": -0.23708222806453705, "refTime": "2025-02-21 01:00:00", "forecastTime": 0, "parameterNumber": 2, "parameterNumberName": "eastward_wind"}, "data":
[rows 133 to 151 of 198, columns 176 to 219 of 256]
8.866193771362305,11.746438980102539,11.741251945495605,10.182975769042969,9.556083679199219,9.121560096740723,8.35571002960205,8.057193756103516,8.07714557647705,7.632059574127197,7.5283284187316895,8.916707992553711,11.742302894592285,14.609395980834961,16.211849212646484,16.157875061035156,14.867408752441406,14.116910934448242,14.433612823486328,13.085711479187012,8.893614768981934,6.848756790161133,8.130572319030762,9.367889404296875,10.44249439239502,11.849592208862305,12.375045776367188,12.42728328704834,14.07584285736084,18.410734176635742,23.386646270751953,22.45218849182129,12.834871292114258,3.380107879638672,2.957209825515747,6.067294120788574,9.274029731750488,12.821608543395996,18.088489532470703,22.06481170654297,19.962976455688477,12.159423828125,8.232717514038086,14.27724552154541
10.00074577331543,11.951366424560547,11.7202730178833,10.183509826660156,9.172967910766602,9.23599910736084,9.284200668334961,8.150530815124512,6.129719257354736,5.504620552062988,6.943999767303467,9.714801788330078,13.315442085266113,16.246206283569336,17.36478042602539,16.37970733642578,14.137921333312988,12.823330879211426,13.49836254119873,13.49695110321045,10.300461769104004,7.817819118499756,7.964449405670166,8.474733352661133,8.887544631958008,10.067264556884766,11.104819297790527,11.467968940734863,12.793315887451172,16.42824363708496,21.63198471069336,22.437591552734375,14.901752471923828,4.876881122589111,2.6162729263305664,5.534807205200195,8.937594413757324,12.563637733459473,17.347900390625,20.088756561279297,17.213483810424805,12.184767723083496,11.280874252319336,16.276079177856445
12.430074691772461,13.014420509338379,12.047577857971191,9.221198081970215,7.03378963470459,7.413857460021973,8.451334953308105,7.867114543914795,6.683664321899414,6.913516998291016,8.705408096313477,11.496452331542969,14.443151473999023,16.254291534423828,16.581850051879883,15.460394859313965,13.553799629211426,12.358455657958984,13.03358268737793,14.218253135681152,12.26278305053711,9.437219619750977,7.995047092437744,7.468292713165283,7.032192230224609,7.051520347595215,8.18543815612793,10.045117378234863,12.262567520141602,15.45626449584961,19.35670280456543,20.846818923950195,16.136877059936523,7.254985809326172,4.751786708831787,7.099913597106934,9.984593391418457,12.994924545288086,16.704248428344727,17.854888916015625,14.52202033996582,12.300643920898438,14.063855171203613,17.862735748291016
14.39613151550293,14.450559616088867,12.821121215820312,8.961536407470703,5.579520225524902,4.832564830780029,5.443972110748291,5.4615044593811035,6.149479866027832,8.109895706176758,10.612021446228027,13.15119743347168,15.005475997924805,15.803102493286133,15.849806785583496,15.386329650878906,13.754714965820312,12.70743179321289,13.582415580749512,15.068744659423828,13.495118141174316,10.029659271240234,7.862316608428955,6.958632946014404,6.860509395599365,6.382456302642822,6.488996505737305,8.745172500610352,12.259206771850586,16.054471969604492,19.440837860107422,20.613975524902344,16.124631881713867,7.674099922180176,5.419952392578125,7.7926154136657715,10.801065444946289,13.64696979522705,16.355300903320312,15.961577415466309,12.94390869140625,12.5762300491333,14.789807319641113,16.650339126586914
16.18126106262207,15.325112342834473,13.262762069702148,8.885448455810547,4.688753128051758,2.4352669715881348,1.912842035293579,2.889310121536255,5.15910530090332,7.80623197555542,10.71452522277832,13.471905708312988,15.221230506896973,15.885881423950195,15.584403991699219,14.968704223632812,14.261648178100586,14.077818870544434,14.549805641174316,14.952716827392578,13.587157249450684,9.700211524963379,7.918529033660889,8.039685249328613,9.241894721984863,9.574249267578125,8.141960144042969,7.945114612579346,10.35467529296875,13.906124114990234,17.01458168029785,17.786338806152344,13.915035247802734,7.3888258934021,4.3534088134765625,6.212821960449219,9.417155265808105,12.41916275024414,14.796501159667969,14.496142387390137,12.496423721313477,12.772128105163574,14.889700889587402,14.446324348449707
16.477075576782227,15.227874755859375,13.374297142028809,9.096196174621582,4.855835914611816,2.6143057346343994,1.945710301399231,3.120126962661743,4.730267524719238,6.855750560760498,10.482650756835938,13.94796371459961,15.724892616271973,16.22865867614746,15.778637886047363,15.402956008911133,14.987519264221191,14.37381362915039,13.894415855407715,13.446800231933594,12.213859558105469,9.237123489379883,7.350800514221191,8.720077514648438,12.074727058410645,14.658560752868652,13.282984733581543,9.929919242858887,8.704501152038574,10.006608009338379,12.1533784866333,13.51533031463623,12.414389610290527,8.31562614440918,3.7251527309417725,3.8486247062683105,6.71100378036499,10.051782608032227,13.127481460571289,14.10486125946045,13.073187828063965,13.510595321655273,15.45182991027832,13.864680290222168
14.825394630432129,13.909257888793945,12.584938049316406,9.476648330688477,6.463741779327393,5.344238758087158,5.064004421234131,4.139002799987793,3.7791287899017334,6.415309906005859,10.954280853271484,13.908647537231445,15.039095878601074,14.896236419677734,14.307682991027832,14.170394897460938,14.307708740234375,14.123108863830566,13.358160972595215,11.976033210754395,10.176244735717773,8.33903694152832,6.968560218811035,8.630105018615723,12.698119163513184,16.519989013671875,17.108741760253906,14.175309181213379,10.78775405883789,9.573012351989746,9.605100631713867,10.020580291748047,10.0512056350708,8.198189735412598,4.466350555419922,3.0608513355255127,5.382173538208008,9.046003341674805,12.342936515808105,13.945420265197754,13.434957504272461,13.536486625671387,15.28743839263916,14.9713716506958
13.623671531677246,12.026713371276855,10.932329177856445,9.447371482849121,8.143455505371094,7.108121871948242,6.3115763664245605,5.084168434143066,4.969244480133057,7.779518127441406,10.997039794921875,11.76909351348877,11.578927040100098,11.048103332519531,11.119132041931152,12.28448486328125,13.796934127807617,14.415775299072266,13.480070114135742,11.1297025680542,8.563936233520508,7.00678014755249,6.9090986251831055,8.666023254394531,12.011878967285156,15.484972953796387,16.911869049072266,14.6024808883667,10.581128120422363,8.419109344482422,7.802392959594727,6.763343811035156,5.362752914428711,4.992297172546387,5.332016468048096,5.424123764038086,7.134819507598877,10.395243644714355,13.2600679397583,14.221809387207031,12.987298011779785,12.039705276489258,13.383519172668457,14.504538536071777
12.9603853225708,10.451457023620605,9.492321014404297,9.39052963256836,9.192937850952148,7.853770732879639,5.975292682647705,5.5221991539001465,6.732088088989258,8.879534721374512,9.889961242675781,9.52066421508789,8.88644027709961,8.698720932006836,9.52685260772705,11.332758903503418,13.356941223144531,14.21696662902832,12.905698776245117,10.015522003173828,7.137953281402588,5.581308364868164,5.729252338409424,7.149327278137207,9.28500747680664,11.277503967285156,11.758934020996094,10.546462059020996,8.524313926696777,6.959860801696777,6.511580944061279,5.453138828277588,3.248523712158203,2.0397989749908447,3.2941861152648926,5.547303676605225,8.718149185180664,12.436087608337402,14.8135986328125,14.59032917022705,12.135578155517578,9.931386947631836,9.888826370239258,11.220267295837402
12.162426948547363,8.974859237670898,7.85165548324585,8.236045837402344,8.734880447387695,8.431981086730957,6.875052452087402,5.845556259155273,6.779745101928711,8.346054077148438,9.144057273864746,8.62328815460205,7.881735324859619,7.782674312591553,8.911248207092285,10.91264533996582,12.669211387634277,12.81401252746582,10.941898345947266,8.128079414367676,5.977135181427002,5.091094493865967,4.882521629333496,4.789169788360596,5.154183864593506,6.217996597290039,7.303220272064209,7.005802631378174,5.01282262802124,3.3725080490112305,3.3293325901031494,4.408728122711182,4.560006141662598,2.941751718521118,1.9195542335510254,3.2861807346343994,6.648486137390137,11.116385459899902,14.25270938873291,14.519820213317871,12.064107894897461,8.599221229553223,6.603784561157227,7.025665760040283
10.986675262451172,7.110788822174072,5.48110294342041,6.615129470825195,8.435600280761719,9.21677303314209,8.03954029083252,6.102770805358887,6.2761688232421875,8.183204650878906,9.507207870483398,8.61036491394043,7.485213279724121,7.830705165863037,9.176257133483887,10.3565034866333,10.427093505859375,9.132633209228516,6.953040599822998,5.287794589996338,4.483834743499756,3.955923080444336,3.2946736812591553,2.5117082595825195,2.112962007522583,2.3079495429992676,2.585975170135498,2.1601314544677734,1.1250183582305908,0.28444230556488037,0.9757730960845947,3.807927131652832,6.744906425476074,6.221168518066406,3.8638908863067627,3.1418704986572266,5.011629581451416,8.606867790222168,11.916349411010742,13.378618240356445,12.045576095581055,8.203702926635742,4.779303550720215,4.0024261474609375
9.657353401184082,6.547165393829346,5.379288673400879,6.8271307945251465,8.337109565734863,7.97674560546875,6.139576435089111,4.336777210235596,4.654857158660889,6.582420825958252,7.875583648681641,7.738137245178223,7.744486331939697,8.699143409729004,9.014382362365723,7.913581371307373,6.321279048919678,4.4380388259887695,3.035846471786499,2.3546931743621826,1.7442277669906616,0.7497408986091614,-0.19559422135353088,-0.8845295310020447,-1.0235480070114136,-0.2217715084552765,1.176033854484558,2.055523157119751,1.4448686838150024,0.4499809741973877,1.3302968740463257,4.3994879722595215,8.096839904785156,8.785955429077148,6.914659023284912,6.094933986663818,6.681706428527832,7.616477012634277,8.434858322143555,9.190282821655273,8.985956192016602,6.9584550857543945,4.847105979919434,3.573359966278076
9.17833423614502,7.769853115081787,7.134670257568359,6.90693473815918,5.919376850128174,3.8143362998962402,1.7700175046920776,0.6331296563148499,1.0834437608718872,2.847564220428467,4.447633743286133,5.929745674133301,8.049286842346191,9.4846830368042,8.340946197509766,5.627987861633301,2.7989296913146973,1.076633095741272,0.274497926235199,-0.5455813407897949,-2.077629327774048,-3.5132923126220703,-4.311629295349121,-3.7326629161834717,-1.618786096572876,0.6695199608802795,2.134931802749634,2.24198317527771,1.3368738889694214,0.8557019233703613,2.299896717071533,5.432941436767578,8.675079345703125,10.2117338180542,9.624588012695312,9.045092582702637,9.127132415771484,8.241503715515137,5.9934515953063965,4.196247577667236,4.367568492889404,4.283869743347168,3.902463674545288,4.079448699951172
9.570975303649902,9.165471076965332,7.6432881355285645,4.566119194030762,1.9889123439788818,-0.240205779671669,-2.151824951171875,-2.9075591564178467,-2.0545175075531006,0.017139388248324394,2.375110387802124,5.326007843017578,7.984175682067871,8.427411079406738,6.563615798950195,3.5509839057922363,0.8437475562095642,-0.6732670068740845,-1.6401681900024414,-3.244387149810791,-5.11879825592041,-6.430159091949463,-6.088138580322266,-3.465392827987671,-0.17529579997062683,1.7391316890716553,1.5862953662872314,0.40081870555877686,-0.0880841463804245,0.9067138433456421,3.107658863067627,5.918742656707764,8.453519821166992,10.425885200500488,10.958963394165039,10.817559242248535,10.400798797607422,8.484536170959473,5.064033508300781,2.4371113777160645,2.4821765422821045,1.3047075271606445,0.7951148152351379,4.10814905166626
9.906874656677246,9.442419052124023,6.725351810455322,2.5685617923736572,-0.4460321068763733,-2.183248996734619,-3.3663511276245117,-3.514087200164795,-2.4627912044525146,-0.2214355170726776,2.6729440689086914,5.524428844451904,6.7236762046813965,5.877095699310303,4.2811689376831055,3.0237343311309814,1.6915265321731567,-0.5004028081893921,-2.788055181503296,-4.26409387588501,-4.748419761657715,-4.264310836791992,-2.6173360347747803,-0.11347533762454987,2.38614821434021,3.1070618629455566,1.803091049194336,0.10438244044780731,0.12114069610834122,2.0844695568084717,4.226332664489746,5.940640926361084,7.735014915466309,9.841903686523438,11.604889869689941,11.789512634277344,10.491767883300781,7.464919567108154,4.007510185241699,2.671398401260376,0.4917983412742615,-2.603349447250366,-0.6553629636764526,5.418858051300049
9.6298828125,8.552193641662598,5.698146343231201,2.1216530799865723,-0.1937691569328308,-0.5297574996948242,-0.5140443444252014,-0.5153084397315979,0.16651582717895508,1.5566461086273193,3.3586463928222656,4.163365840911865,3.6379096508026123,2.7681260108947754,2.194155693054199,1.2602617740631104,-0.36389896273612976,-1.8293596506118774,-2.4961023330688477,-2.0538699626922607,-0.7737760543823242,1.269758701324463,3.10556960105896,4.07042121887207,3.9027769565582275,2.752685546875,1.187077522277832,0.1297263503074646,0.7082811594009399,2.514296770095825,4.023215293884277,5.298135280609131,7.116004467010498,9.760947227478027,12.345348358154297,12.59936237335205,10.247751235961914,6.078802585601807,2.666196823120117,1.1003280878067017,-1.9402543306350708,-3.4555516242980957,1.4324871301651,7.954988479614258
9.195504188537598,7.437681198120117,4.813783645629883,2.441582679748535,1.4293384552001953,2.250383138656616,2.8172202110290527,2.098184585571289,1.2670618295669556,1.5247011184692383,1.7618932723999023,0.4879665672779083,-0.933630645275116,-1.536818504333496,-1.7452222108840942,-1.8242112398147583,-1.6574939489364624,-1.2031474113464355,-0.20403960347175598,0.821885347366333,2.3531758785247803,4.318100452423096,4.8741536140441895,2.901210069656372,0.48900362849235535,-1.0132566690444946,-1.5560779571533203,-1.1816784143447876,0.019102739170193672,1.2758315801620483,2.42991304397583,4.141421318054199,6.677978992462158,10.25741958618164,13.021251678466797,12.523002624511719,9.681307792663574,4.981316089630127,0.5774457454681396,-3.482583999633789,-6.093342304229736,-3.794395923614502,3.2616865634918213,9.571605682373047
8.24791145324707,6.185244560241699,3.899670362472534,2.100677728652954,1.4868046045303345,1.9188778400421143,1.8717803955078125,1.0039669275283813,-0.43727606534957886,-1.811802864074707,-2.922119379043579,-4.342297077178955,-5.132235527038574,-4.3744306564331055,-2.8415911197662354,-1.2700653076171875,-0.4399884343147278,0.19030310213565826,1.0180491209030151,1.9485771656036377,3.4464151859283447,4.247457981109619,2.8867321014404297,-0.053659483790397644,-1.858926773071289,-1.9560058116912842,-1.4561965465545654,-1.1439915895462036,-1.0096222162246704,-0.5261636972427368,0.6619951128959656,2.9119229316711426,5.96005392074585,10.095626831054688,12.659266471862793,11.677562713623047,8.924341201782227,4.608142852783203,-1.3448790311813354,-7.07816219329834,-9.003195762634277,-3.915874719619751,4.452308654785156,10.694149017333984
6.027204990386963,4.496123790740967,3.3156893253326416,2.2281665802001953,0.5628608465194702,-1.3164684772491455,-2.022657871246338,-1.6239553689956665,-2.1301991939544678,-3.958244562149048,-5.714354515075684,-5.95867395401001,-4.701483726501465,-2.4199564456939697,-0.3847162425518036,0.4343583285808563,0.07882758975028992,-0.24872933328151703,0.23845510184764862,1.4165531396865845,2.300905227661133,2.243316650390625,1.288033127784729,0.33725857734680176,0.38126903772354126,0.8615056276321411,1.3173892498016357,0.6383508443832397,-0.4881298542022705,-0.6420800089836121,0.23922938108444214,2.1122219562530518,4.938445091247559,9.475579261779785,11.811301231384277,10.560318946838379,8.549409866333008,4.335640907287598,-1.0555741786956787,-3.6104938983917236,-3.4428539276123047,0.031194370239973068,7.15576696395874,12.654483795166016
