data/wind_data/wind_Surface_65.json
{"header": {"parameterUnit": "KT", "parameterCategory": 2, "nx": 255, "ny": 198, "lo1": 44.73521041870117, "la1": -3.236724853515625, "lo2": 111.26478576660156, "la2": 43.468475341796875, "dx": 0.26192745566368103, "dy": -0.23708222806453705, "refTime": "2025-02-21 17:00:00", "forecastTime": 0, "parameterNumber": 3, "parameterNumberName": "northward_wind"}, "data":
[rows 152 to 170 of 198, columns 0 to 42 of 255]
-2.8654303550720215,-3.3452703952789307,-3.6251306533813477,-2.7273333072662354,-2.624753952026367,2.8057456016540527,4.737643241882324,3.6018407344818115,4.882166385650635,11.834647178649902,15.693794250488281,13.898093223571777,10.086629867553711,8.862757682800293,11.459449768066406,13.178608894348145,16.030305862426758,14.675796508789062,11.565485954284668,5.493598461151123,7.203611373901367,10.265182495117188,11.52833366394043,11.918767929077148,5.0742082595825195,-3.7639293670654297,-5.830108642578125,-5.13070011138916,-4.2647223472595215,-3.4035327434539795,-3.0766170024871826,-3.04376482963562,-1.7714887857437134,-1.0454756021499634,-1.1503533124923706,-1.1867715120315552,-0.12402161210775375,1.489560604095459,1.7186957597732544,0.2000839114189148,-2.04170298576355,-3.2174525260925293,-2.917302131652832
-2.0096895694732666,-2.436629056930542,-2.1880695819854736,-0.9475117921829224,-0.3314787745475769,2.11321759223938,3.0537109375,2.2756242752075195,2.9280388355255127,5.5314717292785645,11.400062561035156,14.868063926696777,12.441746711730957,7.142665386199951,8.464509010314941,12.591248512268066,13.851981163024902,10.537942886352539,9.726455688476562,8.373679161071777,11.59687328338623,12.256682395935059,9.223865509033203,4.8666300773620605,-1.1555273532867432,-3.6691033840179443,-4.9829254150390625,-5.831402778625488,-6.544416427612305,-6.54351806640625,-5.579467296600342,-4.763599872589111,-3.967768907546997,-2.051679849624634,-1.6381642818450928,-1.6822035312652588,-1.0842986106872559,-0.3741484582424164,0.02196596749126911,0.03898919001221657,-0.37833595275878906,-0.7391711473464966,-0.6247442364692688
-1.4219611883163452,-1.6909244060516357,-1.302059531211853,0.33424657583236694,1.6563247442245483,0.9155933260917664,1.0402849912643433,1.9398465156555176,5.711051940917969,7.215190887451172,7.71132755279541,10.81994915008545,14.412267684936523,11.788887977600098,10.561198234558105,8.848073959350586,5.620428562164307,4.923374652862549,10.39643383026123,13.695040702819824,14.990897178649902,9.98355770111084,4.7122344970703125,1.8711975812911987,-0.42029044032096863,-1.9444950819015503,-3.811119794845581,-6.255616664886475,-7.435049057006836,-7.554080486297607,-6.132706165313721,-4.7103753089904785,-5.270393371582031,-4.9768476486206055,-4.256069660186768,-2.803680419921875,-1.1614696979522705,0.5455029010772705,1.7274448871612549,2.3344314098358154,2.742459297180176,2.8670594692230225,2.0864956378936768
-0.9240392446517944,-1.0228415727615356,-0.6848452687263489,1.0581583976745605,2.8811402320861816,2.142385244369507,2.003098487854004,3.0107457637786865,5.84825325012207,10.018786430358887,10.464471817016602,8.764175415039062,10.696883201599121,14.44030475616455,12.941819190979004,9.094903945922852,2.715427875518799,0.09357470273971558,4.0810627937316895,10.093729972839355,10.574718475341797,4.6837334632873535,2.3361704349517822,1.7298738956451416,-0.657599151134491,-1.8161449432373047,-2.739652156829834,-6.034228801727295,-7.6649651527404785,-9.124349594116211,-8.719419479370117,-5.440265655517578,-4.994966983795166,-4.740408420562744,-4.522123336791992,-4.556788444519043,-3.9753499031066895,-2.716142416000366,-0.3450404703617096,2.498694658279419,4.378427982330322,4.394114017486572,3.3210058212280273
-0.42007070779800415,-0.5270103812217712,-0.2703676223754883,0.9629984498023987,2.959705352783203,3.8419220447540283,3.7106010913848877,3.382769823074341,3.2884395122528076,7.104555606842041,10.830147743225098,7.786184310913086,1.815366506576538,7.479849815368652,11.756321907043457,9.679159164428711,5.114195346832275,1.011810541152954,0.3782500922679901,3.8764595985412598,5.606720924377441,4.51313591003418,2.8345539569854736,0.4110911190509796,-1.274732232093811,-1.889640212059021,-3.4632413387298584,-6.8922295570373535,-9.028783798217773,-10.56234359741211,-10.588774681091309,-7.466938018798828,-3.4333879947662354,-1.6997846364974976,-2.979351758956909,-3.8105998039245605,-3.765139102935791,-3.5820817947387695,-2.4676527976989746,-0.47289523482322693,1.3554478883743286,1.4130624532699585,2.265953779220581
0.003328800667077303,-0.33763885498046875,-0.2301439791917801,0.40323808789253235,2.0039074420928955,4.572685241699219,4.447085380554199,4.379694938659668,3.8056299686431885,4.63748025894165,8.739680290222168,7.374852657318115,0.6186526417732239,1.5385501384735107,7.223604202270508,8.665932655334473,8.13138198852539,6.310690402984619,4.417821884155273,3.7788803577423096,5.860904693603516,8.045084953308105,5.412087917327881,2.481168746948242,-0.09281671047210693,-2.0530080795288086,-5.396080493927002,-7.621912956237793,-8.783224105834961,-7.125491619110107,-5.283828258514404,-4.312793731689453,-1.3494796752929688,-0.20674757659435272,-0.5726776123046875,-0.07343116402626038,2.1895322799682617,3.025062084197998,1.6619211435317993,-0.4934682548046112,-1.3993433713912964,-1.515421748161316,-0.5226200222969055
-0.10229017585515976,-0.47442707419395447,-0.026949480175971985,0.9249974489212036,2.698093891143799,4.914760589599609,5.253968238830566,7.0413055419921875,7.2136006355285645,2.7037410736083984,5.0243730545043945,9.047163963317871,7.3744001388549805,4.008559226989746,5.6283955574035645,9.4014253616333,10.919625282287598,8.375577926635742,3.8729655742645264,0.13109497725963593,2.3353025913238525,8.475560188293457,6.733531475067139,1.9946815967559814,-3.1276166439056396,-5.420597076416016,-8.703852653503418,-7.428540229797363,-4.364199161529541,-0.737916886806488,1.5007362365722656,3.1480484008789062,4.448817253112793,2.800769090652466,4.252906322479248,6.799365520477295,7.386744976043701,7.9510111808776855,6.405032634735107,2.8207404613494873,1.4460824728012085,0.005753264296799898,-0.8375996351242065
-0.6539030075073242,-0.8378623723983765,0.22269916534423828,1.9827057123184204,4.579385280609131,6.517126560211182,8.23108959197998,9.454466819763184,6.726438522338867,-0.43026840686798096,0.18704824149608612,3.31432843208313,5.703915596008301,3.2640514373779297,4.897597789764404,7.777625560760498,8.572937965393066,4.1122517585754395,-0.3327735662460327,-4.8217997550964355,-3.974135160446167,2.725569725036621,3.7057080268859863,-0.10741664469242096,-3.1215767860412598,-4.776829719543457,-5.292454242706299,-3.6554174423217773,4.2482991218566895,9.386991500854492,6.02096700668335,3.9937775135040283,5.748128414154053,7.38813591003418,8.9502534866333,7.376985549926758,3.1991450786590576,3.5342488288879395,3.95150089263916,5.381608963012695,5.883025169372559,4.5775346755981445,3.2340166568756104
-0.11550549417734146,-1.1769483089447021,-0.10374593734741211,1.6876853704452515,5.038990497589111,9.882340431213379,10.828948974609375,6.948922634124756,2.409597635269165,-1.4568467140197754,-1.1624372005462646,0.761356770992279,1.9315334558486938,-0.08528587222099304,1.5592924356460571,2.721172571182251,4.943504333496094,0.37335699796676636,-4.576146602630615,-7.483546733856201,-3.8844919204711914,1.1525062322616577,2.9548327922821045,4.371397495269775,8.560476303100586,12.115287780761719,11.792715072631836,12.343093872070312,11.522526741027832,8.231136322021484,3.2878758907318115,-0.851759672164917,-1.0431511402130127,3.3299336433410645,2.552670478820801,-2.91306734085083,-5.5801920890808105,-4.6123528480529785,-3.746701240539551,1.5371341705322266,4.667603492736816,4.421413898468018,0.5318225622177124
1.801488995552063,0.8641312122344971,1.3866772651672363,2.439561367034912,5.756917953491211,9.202485084533691,6.576773166656494,2.808342456817627,1.009792447090149,-1.0657700300216675,-1.3952441215515137,2.9512808322906494,4.18051815032959,3.0053606033325195,0.8648924827575684,-0.7084922790527344,2.1305654048919678,-1.9974831342697144,-7.564235687255859,-9.542031288146973,-1.7144781351089478,4.308605670928955,4.071609020233154,12.587564468383789,16.952381134033203,12.55948543548584,11.948963165283203,11.450089454650879,3.5236456394195557,-1.6653311252593994,-2.0352694988250732,-2.378497362136841,-2.052011728286743,-0.8335568308830261,-0.5890244245529175,-4.235252857208252,-7.274765491485596,-2.804267644882202,-0.6645520329475403,-3.253194570541382,-1.3646893501281738,-1.8480262756347656,-4.1981096267700195
3.9972116947174072,3.6420748233795166,4.519206523895264,5.373326778411865,7.2150559425354,6.317315578460693,3.9576430320739746,1.5598623752593994,2.921992301940918,1.5926642417907715,1.8535332679748535,3.8271772861480713,6.2709269523620605,7.0608978271484375,3.4699244499206543,-0.08426763862371445,0.2463475912809372,-2.339507818222046,-4.842401027679443,-7.483303070068359,-3.543816566467285,7.796835422515869,9.82846450805664,7.428840160369873,4.465290546417236,-1.6377356052398682,-2.3619604110717773,-3.6213173866271973,-6.6526970863342285,-3.430553674697876,-1.6197240352630615,-1.1555949449539185,-2.355194091796875,-3.077545642852783,-1.2585445642471313,0.0346011146903038,-1.371057391166687,3.874051332473755,4.177491664886475,-4.908010959625244,-7.651483535766602,-7.229835510253906,-4.552498817443848
3.454939603805542,4.282431602478027,5.308668613433838,7.353552341461182,8.073461532592773,5.7135910987854,4.881663799285889,1.556744933128357,4.155081272125244,6.338015079498291,8.68095874786377,5.865454196929932,6.784278392791748,8.456671714782715,6.126757621765137,1.9880073070526123,1.097663164138794,-0.6342863440513611,-3.6661295890808105,-6.269075870513916,-5.910679817199707,3.4529600143432617,5.798766613006592,-5.196690082550049,-7.659160614013672,-5.444044589996338,-5.980936050415039,-6.070435047149658,-5.4795241355896,-1.9349861145019531,2.633800745010376,1.2041521072387695,-2.0546226501464844,-3.867518901824951,-3.3936891555786133,-2.946582555770874,-1.248713731765747,-0.4639132022857666,-0.3322504460811615,-3.932176113128662,-9.386534690856934,-11.310644149780273,-10.007303237915039
2.3317041397094727,3.158092975616455,4.519148826599121,6.967222213745117,7.752355575561523,7.159781455993652,7.138525009155273,5.432031154632568,6.527174949645996,8.811675071716309,3.9675509929656982,0.6271728277206421,5.861393928527832,7.474515914916992,5.504871368408203,2.8833608627319336,0.28706538677215576,-1.8313814401626587,-2.6128299236297607,-2.012802839279175,-2.3475844860076904,-2.633748769760132,-5.406507968902588,-8.652710914611816,-8.829601287841797,-3.816575765609741,-1.4129196405410767,1.1231448650360107,-0.1508806049823761,-2.0019335746765137,0.5226812362670898,-0.9526433348655701,-1.6697206497192383,-2.4060723781585693,-2.9224305152893066,-2.9561409950256348,-1.8194621801376343,-2.2459566593170166,-2.123335838317871,-1.3788044452667236,-3.074084997177124,-6.848546028137207,-10.564048767089844
2.3108444213867188,2.9290688037872314,4.0328803062438965,5.767149925231934,8.96358585357666,9.021932601928711,9.348517417907715,10.756352424621582,10.304019927978516,6.685509204864502,-4.59891939163208,-5.660109043121338,3.8118841648101807,5.959242343902588,4.746307373046875,1.221206545829773,-3.2790720462799072,-4.489946365356445,-3.1818039417266846,0.23428769409656525,1.8037410974502563,0.9713994860649109,-2.371225118637085,-8.144026756286621,-10.344749450683594,-3.561014413833618,-3.5184926986694336,-0.7222697734832764,-1.9985873699188232,-5.79257869720459,-6.194493293762207,-5.558140754699707,-4.623040676116943,-3.666161060333252,-4.6386308670043945,-1.684783697128296,1.317140817642212,2.012263536453247,2.481198787689209,2.138711452484131,1.2330026626586914,-1.127566933631897,-4.1816630363464355
3.15116286277771,3.1700239181518555,4.199748992919922,7.385603904724121,12.495823860168457,9.209242820739746,9.866867065429688,11.461726188659668,11.816776275634766,3.496933937072754,-5.989537239074707,-5.893482208251953,1.6015219688415527,5.770179748535156,2.954653024673462,-2.466160297393799,-5.290012836456299,-7.073128700256348,-6.472999095916748,-0.4370458722114563,1.601672649383545,-0.1424793303012848,-3.6839163303375244,-12.611639022827148,-15.340533256530762,-9.525642395019531,-9.34029769897461,-9.084989547729492,-7.745552062988281,-7.129415988922119,-7.288766860961914,-7.061183452606201,-6.810150623321533,-6.935850620269775,-8.337677001953125,-5.219949245452881,-1.6342087984085083,-0.6399132013320923,3.2197070121765137,4.300300121307373,3.859510898590088,2.06579852104187,0.6180475354194641
3.034682035446167,1.5512127876281738,2.6266987323760986,6.772274971008301,14.247296333312988,9.367802619934082,9.37246036529541,9.558976173400879,9.676124572753906,4.42350435256958,-1.6479058265686035,-3.842144250869751,0.3688127398490906,4.4324212074279785,1.8559232950210571,-3.2432079315185547,-5.0711588859558105,-8.847792625427246,-9.181933403015137,-5.5965447425842285,-6.484567642211914,-10.339505195617676,-12.778766632080078,-16.127016067504883,-17.906885147094727,-15.85091781616211,-12.535059928894043,-11.33786678314209,-10.86785888671875,-9.578611373901367,-8.699520111083984,-9.4191255569458,-9.693397521972656,-9.734416007995605,-10.312798500061035,-6.437028408050537,-4.870887279510498,-4.461441516876221,-0.6051452159881592,2.4957892894744873,5.029794692993164,5.968015193939209,3.7379255294799805
1.624457597732544,-1.0635130405426025,-1.9084621667861938,1.196324110031128,10.593369483947754,12.954392433166504,13.897624015808105,14.445828437805176,9.594474792480469,6.562197685241699,4.345975875854492,1.0953459739685059,-0.25078606605529785,2.1893436908721924,2.758254289627075,-2.079411029815674,-5.421382427215576,-13.85731315612793,-10.532855033874512,-11.21240520477295,-13.777539253234863,-15.408940315246582,-16.279247283935547,-16.815053939819336,-17.609872817993164,-17.85146141052246,-15.451769828796387,-11.721029281616211,-11.62971305847168,-12.671360969543457,-11.734466552734375,-11.801816940307617,-11.964569091796875,-11.939414024353027,-12.083269119262695,-8.537070274353027,-7.1646728515625,-5.973759174346924,-4.476435661315918,-2.4591777324676514,1.3196632862091064,5.152511119842529,5.201975345611572
-0.034006454050540924,-3.5652270317077637,-6.534646511077881,-5.293159008026123,0.917380154132843,9.504810333251953,14.609567642211914,9.75094223022461,6.709418296813965,9.322402954101562,7.6123948097229,3.488724708557129,1.0631576776504517,1.053628921508789,1.594794750213623,-2.0386176109313965,-7.341860771179199,-15.868797302246094,-13.890610694885254,-13.150958061218262,-15.084222793579102,-15.755415916442871,-16.378814697265625,-16.61087417602539,-16.883129119873047,-18.148399353027344,-18.145030975341797,-15.009977340698242,-12.054821968078613,-13.115267753601074,-13.222519874572754,-12.609745979309082,-13.112065315246582,-13.256268501281738,-13.37420654296875,-9.862126350402832,-8.321460723876953,-6.986712455749512,-5.892991542816162,-3.845184087753296,-2.1651577949523926,1.5145068168640137,3.9541306495666504
-0.596267819404602,-4.928145408630371,-8.779162406921387,-7.067077159881592,-7.076397895812988,-2.4606456756591797,0.8877472281455994,-3.1605191230773926,0.13151875138282776,9.247931480407715,12.159199714660645,10.913263320922852,6.539787769317627,1.8529739379882812,-0.19467894732952118,-2.994696617126465,-12.560973167419434,-15.58018970489502,-15.557677268981934,-13.862823486328125,-15.999832153320312,-17.385543823242188,-17.700313568115234,-17.49042510986328,-16.638978958129883,-16.917322158813477,-18.354877471923828,-18.70741844177246,-15.73751163482666,-13.591105461120605,-14.044102668762207,-13.439375877380371,-13.490987777709961,-13.934694290161133,-14.160981178283691,-9.691040992736816,-9.03153133392334,-8.028680801391602,-7.120532035827637,-4.523151397705078,-3.6045033931732178,-2.3386919498443604,1.5431797504425049
