data/wind_data/wind_69_3.json
{"header": {"parameterUnit": "KT", "parameterCategory": 2, "nx": 256, "ny": 198, "lo1": 44.73521041870117, "la1": -3.236724853515625, "lo2": 111.26478576660156, "la2": 43.468475341796875, "dx": 0.2609002888202667, "dy": -0.23708222806453705, "refTime": "2025-02-21 21:00:00", "forecastTime": 0, "parameterNumber": 2, "parameterNumberName": "eastward_wind"}, "data":
[rows 38 to 56 of 198, columns 176 to 219 of 256]
-17.7452335357666,-18.576711654663086,-14.233682632446289,-17.380098342895508,-14.061626434326172,-14.784015655517578,-15.238736152648926,-13.68259048461914,-13.408182144165039,-13.717764854431152,-12.958879470825195,-12.313737869262695,-12.159557342529297,-13.103511810302734,-14.684049606323242,-15.420523643493652,-16.10834503173828,-16.530385971069336,-15.444808959960938,-13.669934272766113,-16.729829788208008,-20.29306411743164,-11.540379524230957,-16.261089324951172,-18.726789474487305,-16.259315490722656,-17.257667541503906,-16.070892333984375,-16.058700561523438,-15.551702499389648,-14.292954444885254,-12.733625411987305,-12.276726722717285,-13.348705291748047,-14.525591850280762,-14.41688060760498,-13.52184009552002,-13.415345191955566,-14.239471435546875,-15.453468322753906,-16.66879653930664,-18.39164924621582,-20.04531478881836,-20.053468704223633
-15.772046089172363,-17.320392608642578,-18.253267288208008,-18.46689224243164,-17.09128189086914,-16.21510124206543,-15.603126525878906,-14.424036979675293,-13.613017082214355,-12.78823471069336,-12.396354675292969,-12.86328411102295,-13.616620063781738,-13.927960395812988,-16.73935890197754,-19.556827545166016,-18.792255401611328,-18.26738929748535,-14.540833473205566,-11.963650703430176,-14.894927024841309,-16.928688049316406,-15.03183364868164,-13.760709762573242,-17.364269256591797,-18.414026260375977,-18.41206169128418,-17.98247528076172,-17.670894622802734,-17.487396240234375,-16.067873001098633,-14.562560081481934,-14.011514663696289,-14.493800163269043,-14.782569885253906,-14.600151062011719,-15.562528610229492,-16.466930389404297,-16.716890335083008,-16.73162269592285,-17.650188446044922,-19.27680778503418,-20.133941650390625,-20.17612075805664
-17.40601348876953,-17.322607040405273,-19.634353637695312,-19.853111267089844,-18.589820861816406,-17.335235595703125,-15.977531433105469,-14.994074821472168,-13.677748680114746,-12.8170747756958,-12.935710906982422,-14.179021835327148,-15.096488952636719,-16.319705963134766,-16.974523544311523,-16.77895736694336,-18.589881896972656,-18.161643981933594,-8.074488639831543,-9.643857955932617,-14.744192123413086,-13.762552261352539,-16.37975311279297,-15.859161376953125,-19.07015037536621,-20.767383575439453,-19.6800479888916,-18.957998275756836,-17.861268997192383,-17.27341651916504,-15.539534568786621,-13.974434852600098,-13.969680786132812,-15.156535148620605,-15.188633918762207,-15.557887077331543,-17.993223190307617,-19.610017776489258,-18.41642951965332,-16.9602108001709,-17.189250946044922,-18.755550384521484,-19.988330841064453,-20.614604949951172
-17.71333885192871,-18.374149322509766,-18.520893096923828,-17.90369987487793,-16.98830795288086,-16.69623374938965,-16.37167739868164,-14.918941497802734,-14.646925926208496,-14.522917747497559,-15.618249893188477,-16.60137367248535,-17.130178451538086,-16.966455459594727,-17.01584815979004,-16.825027465820312,-16.056230545043945,-14.298932075500488,-12.256072044372559,-11.739152908325195,-14.468040466308594,-15.485207557678223,-21.507646560668945,-18.32573890686035,-22.395078659057617,-20.81393814086914,-19.922698974609375,-17.92080307006836,-16.309791564941406,-15.963787078857422,-14.329048156738281,-12.858712196350098,-13.443683624267578,-14.884615898132324,-15.315685272216797,-16.416271209716797,-18.262704849243164,-19.069259643554688,-18.4563045501709,-17.84269142150879,-18.02487564086914,-18.71820640563965,-19.853748321533203,-21.10708236694336
-18.532663345336914,-17.981985092163086,-18.423372268676758,-17.3759822845459,-16.752735137939453,-16.081724166870117,-15.665605545043945,-15.789555549621582,-16.12609100341797,-16.846683502197266,-17.59628677368164,-17.755857467651367,-17.84332275390625,-18.2581844329834,-18.912029266357422,-18.314334869384766,-15.676436424255371,-13.550444602966309,-13.59013843536377,-15.555451393127441,-17.257295608520508,-19.155776977539062,-20.88154411315918,-22.116657257080078,-22.448514938354492,-21.600967407226562,-19.97832679748535,-18.268157958984375,-16.880632400512695,-16.191789627075195,-14.80199909210205,-13.107514381408691,-12.854844093322754,-14.059924125671387,-15.873038291931152,-17.96432113647461,-19.11298370361328,-18.741195678710938,-18.54818344116211,-19.12691307067871,-19.80523109436035,-19.908498764038086,-20.1798152923584,-21.160831451416016
-19.723140716552734,-21.279844284057617,-21.13667106628418,-19.877044677734375,-18.317062377929688,-18.069223403930664,-17.909156799316406,-17.58849334716797,-17.6567325592041,-18.02933692932129,-18.081363677978516,-18.01064109802246,-18.484731674194336,-19.38445472717285,-19.4173526763916,-17.45993423461914,-15.452256202697754,-18.316022872924805,-20.635604858398438,-19.795310974121094,-19.217491149902344,-20.575899124145508,-19.924789428710938,-21.374006271362305,-21.96123504638672,-21.847200393676758,-20.222198486328125,-18.420225143432617,-16.722915649414062,-15.257118225097656,-14.2567777633667,-13.96245002746582,-14.123321533203125,-14.552751541137695,-16.49613380432129,-18.600257873535156,-18.72919273376465,-18.022977828979492,-17.806737899780273,-18.801490783691406,-20.668161392211914,-21.612951278686523,-21.343421936035156,-21.08144187927246
-20.37436866760254,-19.986902236938477,-20.095523834228516,-19.659242630004883,-18.778121948242188,-18.49180793762207,-18.158641815185547,-18.187925338745117,-18.36947250366211,-18.51656723022461,-18.21871566772461,-17.744401931762695,-18.011489868164062,-18.67054557800293,-18.589609146118164,-17.564716339111328,-15.174922943115234,-15.182310104370117,-21.477149963378906,-22.363967895507812,-19.489912033081055,-18.91547393798828,-19.182483673095703,-19.191804885864258,-20.027589797973633,-19.984130859375,-18.602388381958008,-16.538400650024414,-14.299446105957031,-12.495794296264648,-12.440268516540527,-14.043898582458496,-15.625377655029297,-15.7517671585083,-16.001195907592773,-17.714387893676758,-17.844833374023438,-17.23479461669922,-16.952022552490234,-17.333293914794922,-19.465221405029297,-21.22530746459961,-21.704666137695312,-21.633398056030273
-18.2348690032959,-17.985654830932617,-17.53350257873535,-18.066320419311523,-19.229379653930664,-18.830402374267578,-17.86420440673828,-17.588449478149414,-17.44183349609375,-17.620742797851562,-17.6468505859375,-17.458431243896484,-16.972515106201172,-16.846332550048828,-17.01468276977539,-17.35565757751465,-17.773733139038086,-18.117582321166992,-18.397003173828125,-18.68337631225586,-18.1061954498291,-17.103403091430664,-18.895246505737305,-19.82304573059082,-19.826732635498047,-19.474807739257812,-17.995723724365234,-15.278141975402832,-12.952054023742676,-10.803633689880371,-11.077638626098633,-13.543380737304688,-15.5055513381958,-15.346648216247559,-14.89283561706543,-17.104978561401367,-17.083274841308594,-16.282066345214844,-16.195463180541992,-16.725078582763672,-17.5458927154541,-18.952449798583984,-20.78949737548828,-21.874286651611328
-18.30770492553711,-18.573774337768555,-18.18458366394043,-18.326200485229492,-18.752504348754883,-18.7412052154541,-18.04083251953125,-17.54363441467285,-17.099512100219727,-17.10719871520996,-17.52880096435547,-17.336069107055664,-16.404861450195312,-15.801609992980957,-15.720877647399902,-15.781693458557129,-16.2138614654541,-17.269311904907227,-17.93442153930664,-17.414737701416016,-17.33022689819336,-17.930356979370117,-19.151260375976562,-20.23469352722168,-20.689165115356445,-20.449848175048828,-19.521446228027344,-17.628623962402344,-15.82597827911377,-12.987733840942383,-12.188643455505371,-14.260187149047852,-15.922171592712402,-15.666762351989746,-15.400867462158203,-17.73356819152832,-17.433563232421875,-17.094465255737305,-17.5169734954834,-17.879358291625977,-17.938518524169922,-18.925657272338867,-20.084741592407227,-20.128747940063477
-17.596986770629883,-18.379985809326172,-18.08277702331543,-17.340715408325195,-17.264352798461914,-17.8564395904541,-18.255840301513672,-18.225923538208008,-17.8813533782959,-17.57867431640625,-17.51173973083496,-16.98110580444336,-16.089393615722656,-15.21394157409668,-14.44936466217041,-14.324591636657715,-15.598966598510742,-18.000452041625977,-19.128393173217773,-18.360849380493164,-17.908123016357422,-18.251434326171875,-19.312606811523438,-20.672380447387695,-21.519989013671875,-21.557231903076172,-20.98636245727539,-20.48046875,-19.446521759033203,-16.572566986083984,-15.333354949951172,-16.450937271118164,-18.11722755432129,-19.03664207458496,-18.807022094726562,-19.543079376220703,-18.6187744140625,-17.926210403442383,-18.016544342041016,-18.955307006835938,-19.582239151000977,-20.141788482666016,-20.341272354125977,-18.478225708007812
-16.9473934173584,-16.891613006591797,-16.843448638916016,-16.71476173400879,-16.31253433227539,-16.918472290039062,-17.833297729492188,-18.51718521118164,-18.35852813720703,-17.83602523803711,-17.24509620666504,-16.45062828063965,-15.94494915008545,-15.779915809631348,-16.407634735107422,-18.027652740478516,-19.304000854492188,-20.12861442565918,-20.65296173095703,-20.59210205078125,-19.454479217529297,-19.106538772583008,-20.662792205810547,-22.707416534423828,-22.946731567382812,-22.339427947998047,-22.14192008972168,-22.569103240966797,-22.391807556152344,-20.50735855102539,-19.262866973876953,-19.598508834838867,-20.282928466796875,-21.610618591308594,-21.34272003173828,-21.332035064697266,-21.39043426513672,-19.941484451293945,-19.41779136657715,-20.042160034179688,-20.79563331604004,-19.915283203125,-19.299304962158203,-19.098859786987305
-18.488595962524414,-18.149791717529297,-17.520383834838867,-17.202760696411133,-17.12842559814453,-17.283605575561523,-17.771982192993164,-18.439292907714844,-18.696088790893555,-18.178808212280273,-17.183448791503906,-16.86081886291504,-16.97928810119629,-17.80066680908203,-19.155683517456055,-21.058330535888672,-22.474390029907227,-22.719837188720703,-22.34791374206543,-21.681684494018555,-20.868453979492188,-21.202880859375,-22.698299407958984,-23.692522048950195,-22.965656280517578,-22.28217887878418,-22.627811431884766,-23.009727478027344,-22.82603645324707,-21.647674560546875,-19.831436157226562,-19.888851165771484,-20.96189308166504,-21.36634063720703,-21.140871047973633,-20.44101333618164,-19.16610336303711,-19.462055206298828,-20.126895904541016,-20.86298942565918,-20.66242027282715,-19.314773559570312,-18.565799713134766,-19.0472412109375
-17.84111785888672,-18.607500076293945,-18.783246994018555,-18.77116584777832,-18.747087478637695,-18.908254623413086,-19.164691925048828,-19.04798698425293,-18.601924896240234,-17.96304702758789,-17.360584259033203,-16.99622344970703,-17.80797004699707,-19.19777488708496,-20.053565979003906,-20.60426902770996,-21.516456604003906,-22.917966842651367,-23.290393829345703,-23.599353790283203,-23.11888885498047,-23.082672119140625,-22.86711311340332,-22.517166137695312,-22.13144302368164,-21.605018615722656,-21.553611755371094,-21.895282745361328,-21.54801368713379,-20.725847244262695,-19.57460594177246,-19.525087356567383,-20.220266342163086,-20.086933135986328,-20.162633895874023,-19.516477584838867,-18.600419998168945,-18.622272491455078,-19.198524475097656,-19.97357749938965,-20.127283096313477,-19.33844757080078,-18.306739807128906,-17.757287979125977
-16.97432518005371,-17.925798416137695,-17.884763717651367,-18.008817672729492,-18.713769912719727,-19.35392951965332,-19.656705856323242,-19.380126953125,-18.752592086791992,-18.439285278320312,-18.401805877685547,-18.459665298461914,-18.44501304626465,-18.184926986694336,-18.221534729003906,-18.662145614624023,-19.736337661743164,-21.598569869995117,-22.425275802612305,-22.895538330078125,-22.77654266357422,-22.640869140625,-22.4365177154541,-22.672393798828125,-22.424331665039062,-21.596267700195312,-21.344831466674805,-20.98664093017578,-20.527252197265625,-19.60981559753418,-18.6689395904541,-18.950908660888672,-19.923063278198242,-20.01219940185547,-19.631317138671875,-18.903213500976562,-17.984477996826172,-17.931346893310547,-18.279630661010742,-18.659896850585938,-19.913360595703125,-19.70160675048828,-18.72399139404297,-17.958284378051758
-15.726147651672363,-16.332313537597656,-16.572919845581055,-16.988304138183594,-18.098773956298828,-18.995361328125,-19.11056900024414,-18.742719650268555,-18.25941276550293,-17.88323402404785,-17.691143035888672,-17.320722579956055,-16.494543075561523,-15.192761421203613,-14.410897254943848,-14.845437049865723,-16.249717712402344,-17.996671676635742,-19.770627975463867,-21.478477478027344,-22.961807250976562,-23.311925888061523,-22.437021255493164,-21.21645736694336,-20.72001838684082,-20.686601638793945,-20.65496253967285,-20.41122055053711,-19.891571044921875,-19.01492691040039,-18.028820037841797,-18.093788146972656,-19.279884338378906,-19.732099533081055,-18.872602462768555,-18.42778778076172,-17.926692962646484,-17.661972045898438,-18.297821044921875,-19.97647476196289,-21.55436134338379,-20.214405059814453,-19.603254318237305,-18.74950408935547
-14.407563209533691,-15.000765800476074,-15.974392890930176,-16.992794036865234,-17.940113067626953,-18.714570999145508,-18.774112701416016,-18.555194854736328,-18.178247451782227,-17.739513397216797,-17.07720184326172,-16.276386260986328,-15.18903923034668,-13.88083553314209,-12.642915725708008,-12.468307495117188,-13.746009826660156,-16.13662338256836,-18.839866638183594,-21.055055618286133,-22.836963653564453,-23.211091995239258,-22.00685691833496,-21.024635314941406,-20.26702117919922,-19.89292335510254,-19.944303512573242,-19.892641067504883,-19.40713119506836,-18.985021591186523,-18.09298324584961,-17.506383895874023,-18.116357803344727,-18.42986297607422,-18.02883529663086,-17.990827560424805,-18.16986656188965,-18.781755447387695,-19.88189125061035,-21.171791076660156,-21.227096557617188,-19.758655548095703,-19.033729553222656,-18.470497131347656
-13.605716705322266,-14.379490852355957,-15.504241943359375,-16.783496856689453,-17.6446590423584,-18.25119972229004,-18.764116287231445,-18.798892974853516,-18.499408721923828,-17.896604537963867,-17.168190002441406,-16.24370765686035,-15.127443313598633,-14.194843292236328,-13.632458686828613,-13.407601356506348,-13.977505683898926,-16.703289031982422,-20.85140609741211,-22.71774673461914,-22.743051528930664,-22.081356048583984,-21.657995223999023,-21.2879581451416,-20.480073928833008,-19.691822052001953,-19.23192596435547,-19.051631927490234,-18.80485725402832,-18.43809700012207,-17.61794662475586,-16.97237205505371,-17.304046630859375,-18.04169273376465,-17.884260177612305,-17.595693588256836,-17.83793067932129,-18.814550399780273,-20.283987045288086,-21.857316970825195,-22.096263885498047,-19.20587158203125,-17.161314010620117,-18.690526962280273
-12.797123908996582,-13.614462852478027,-14.85535717010498,-16.060304641723633,-16.947494506835938,-17.505035400390625,-18.501998901367188,-19.316150665283203,-19.486797332763672,-18.930696487426758,-18.28711700439453,-17.53699493408203,-16.506677627563477,-15.506656646728516,-15.017576217651367,-14.77723217010498,-14.882006645202637,-16.72968292236328,-20.70351791381836,-21.92615509033203,-20.971942901611328,-21.251523971557617,-21.511524200439453,-21.635753631591797,-21.134981155395508,-20.122596740722656,-19.18643569946289,-18.655561447143555,-18.483850479125977,-18.20784568786621,-17.47894859313965,-16.592100143432617,-16.597227096557617,-17.75351333618164,-18.522705078125,-17.991666793823242,-17.855377197265625,-18.393665313720703,-18.981456756591797,-19.23056411743164,-19.147062301635742,-18.48293685913086,-16.836811065673828,-15.365605354309082
-12.111818313598633,-12.297146797180176,-13.768404006958008,-15.657791137695312,-16.808351516723633,-17.38157844543457,-17.997669219970703,-19.158920288085938,-19.904020309448242,-19.631332397460938,-18.972003936767578,-18.316516876220703,-17.460485458374023,-16.499513626098633,-15.931133270263672,-15.578474998474121,-15.266643524169922,-15.669461250305176,-17.284852981567383,-19.237220764160156,-20.38701820373535,-20.694562911987305,-20.95075225830078,-21.56631851196289,-21.473974227905273,-20.651948928833008,-19.59421157836914,-18.853689193725586,-18.690898895263672,-18.481365203857422,-17.710939407348633,-16.450946807861328,-15.783516883850098,-16.841960906982422,-18.826242446899414,-18.737035751342773,-17.77210807800293,-17.36716651916504,-17.226316452026367,-17.35981559753418,-17.08049201965332,-16.575103759765625,-16.147743225097656,-13.920027732849121
