data/wind_data/wind_Surface_19.json
{"header": {"parameterUnit": "KT", "parameterCategory": 2, "nx": 255, "ny": 198, "lo1": 44.73521041870117, "la1": -3.236724853515625, "lo2": 111.26478576660156, "la2": 43.468475341796875, "dx": 0.26192745566368103, "dy": -0.23708222806453705, "refTime": "2025-02-19 19:00:00", "forecastTime": 0, "parameterNumber": 2, "parameterNumberName": "eastward_wind"}, "data":
[rows 114 to 132 of 198, columns 0 to 42 of 255]
-8.14754867553711,-9.810497283935547,-10.101978302001953,-9.086637496948242,-8.446676254272461,-8.421537399291992,-8.963128089904785,-8.038961410522461,-6.161228656768799,-4.853257656097412,-4.109975337982178,-3.8792636394500732,-4.14321756362915,-5.676950931549072,-7.317975044250488,-8.600034713745117,-8.106776237487793,-6.551688194274902,-5.16686487197876,-3.934293031692505,-1.5464887619018555,1.294057846069336,1.7626394033432007,0.27783721685409546,0.3624325394630432,2.4048454761505127,4.386184215545654,6.3635759353637695,6.728499889373779,6.456088066101074,5.952524185180664,5.237335205078125,4.387704849243164,3.7409720420837402,3.2061469554901123,2.70515775680542,2.39109206199646,2.703089714050293,3.839266061782837,5.4602766036987305,7.024145126342773,7.639521598815918,5.226764678955078
-7.949193954467773,-10.083831787109375,-11.289263725280762,-10.412691116333008,-9.520861625671387,-8.895756721496582,-8.249329566955566,-7.281182289123535,-6.513270378112793,-5.90923547744751,-5.557075023651123,-5.304130554199219,-6.59284782409668,-7.7206830978393555,-8.257862091064453,-8.441129684448242,-7.710790157318115,-6.228270530700684,-4.7965989112854,-2.6081554889678955,0.1094423234462738,1.7404555082321167,1.3229306936264038,0.5264773368835449,0.47165557742118835,1.9013057947158813,4.566859722137451,6.096543312072754,6.844114303588867,6.893052577972412,6.3836188316345215,5.3024373054504395,4.104085922241211,3.3313148021698,2.936945676803589,2.4717824459075928,2.080977201461792,2.1801750659942627,3.3430466651916504,4.979161739349365,7.036433696746826,7.769924640655518,6.45379114151001
-9.190264701843262,-9.9974365234375,-11.21811294555664,-10.78420352935791,-10.658493041992188,-9.04983901977539,-7.714671611785889,-7.352077960968018,-7.034205436706543,-6.708676815032959,-6.645135402679443,-6.342193603515625,-6.864602565765381,-7.852334022521973,-8.429381370544434,-7.565302848815918,-5.672243118286133,-4.974720478057861,-3.4269556999206543,-0.6191691160202026,1.1552008390426636,1.7272716760635376,1.3531635999679565,1.0205215215682983,1.742213249206543,3.0581016540527344,4.547641277313232,5.998974800109863,6.8335957527160645,6.869001388549805,6.449883460998535,5.6871256828308105,4.868220329284668,4.40903377532959,4.007884979248047,3.157592535018921,2.2834606170654297,2.198632001876831,3.36653995513916,5.132334232330322,6.963956832885742,7.381364345550537,6.348559856414795
-10.058295249938965,-8.929901123046875,-9.016091346740723,-9.398881912231445,-9.531896591186523,-9.167649269104004,-8.410155296325684,-7.9532999992370605,-7.528438568115234,-7.210484981536865,-6.675349235534668,-6.7130446434021,-7.866805553436279,-8.419278144836426,-8.435373306274414,-6.840002059936523,-5.408377170562744,-3.911019802093506,-1.3519792556762695,1.257668375968933,2.401735544204712,1.6398619413375854,0.7107102870941162,0.8983622193336487,1.5918368101119995,2.8521111011505127,4.580779075622559,6.091719150543213,6.809078216552734,6.879411220550537,6.687752723693848,6.575888156890869,6.5855937004089355,6.132266044616699,4.711297512054443,2.8113722801208496,1.2453957796096802,1.0851327180862427,2.8755366802215576,4.963858127593994,5.977109432220459,6.094078063964844,5.753871440887451
-10.160521507263184,-8.712231636047363,-8.102025032043457,-7.85811710357666,-8.32799243927002,-8.658795356750488,-8.247766494750977,-7.935000896453857,-7.176769733428955,-7.176224231719971,-8.062562942504883,-9.868947982788086,-10.70737075805664,-8.590310096740723,-6.871443271636963,-6.115915775299072,-4.798844337463379,-2.81528902053833,0.025539642199873924,2.356909990310669,2.6862196922302246,2.173652410507202,1.2766022682189941,1.2899212837219238,1.9186681509017944,2.795464038848877,4.0171613693237305,5.371144771575928,6.296651840209961,6.824063777923584,7.2894182205200195,7.5277533531188965,6.595737934112549,3.0610482692718506,-2.4642386436462402,-6.824228286743164,-7.373528957366943,-4.3630781173706055,-1.0157705545425415,1.8831456899642944,2.9529976844787598,2.673578977584839,2.191187858581543
-9.43734073638916,-8.911041259765625,-8.182825088500977,-7.183443069458008,-7.288066387176514,-8.013978958129883,-7.709875106811523,-7.4135966300964355,-7.1194868087768555,-7.827945709228516,-9.492018699645996,-10.453462600708008,-10.205428123474121,-8.794600486755371,-6.814066410064697,-4.757684707641602,-3.3027775287628174,-2.241506814956665,-0.8719662427902222,1.1102466583251953,3.566901683807373,3.5096819400787354,1.8515242338180542,1.1218998432159424,1.4414644241333008,2.4386749267578125,3.9332387447357178,5.554413795471191,6.782005310058594,7.444388389587402,7.389636516571045,5.356185436248779,0.28603851795196533,-4.656770706176758,-4.811651706695557,-5.599416732788086,-6.000587463378906,-5.080347537994385,-2.386465072631836,1.2468457221984863,3.130343198776245,2.2541322708129883,-2.064441442489624
-8.76965045928955,-8.90926742553711,-8.389141082763672,-7.3872480392456055,-8.269412994384766,-8.345849990844727,-8.13255500793457,-7.893949031829834,-7.295022487640381,-6.612590312957764,-8.018264770507812,-9.727526664733887,-9.796307563781738,-8.4083890914917,-6.108253479003906,-3.709994077682495,-2.2694618701934814,-1.6089555025100708,-0.658319354057312,2.4566071033477783,5.387267112731934,4.6380510330200195,2.568121910095215,1.8482154607772827,2.1457672119140625,3.165964365005493,4.7210211753845215,6.375298023223877,7.256810665130615,6.45441198348999,3.0005788803100586,-1.9125665426254272,-4.011397361755371,-4.418755054473877,-3.2682695388793945,-2.6356334686279297,-4.810623645782471,-5.8777055740356445,-2.4622480869293213,0.7546277046203613,3.6859726905822754,2.857849597930908,-2.311971664428711
-8.811541557312012,-8.96479320526123,-7.828288555145264,-6.29188871383667,-6.881640911102295,-8.576455116271973,-9.041940689086914,-8.989640235900879,-8.893352508544922,-9.510930061340332,-9.48017406463623,-8.754076957702637,-8.440463066101074,-7.883028984069824,-6.095147609710693,-3.7532002925872803,-2.526843309402466,-2.2516236305236816,-1.1311537027359009,4.066638946533203,9.035849571228027,8.114836692810059,4.785120010375977,3.4142613410949707,3.275005578994751,3.884950637817383,5.060798168182373,6.0997772216796875,5.176671504974365,0.7303070425987244,-4.032419681549072,-3.4467480182647705,-2.485595941543579,-4.17475700378418,-4.82061243057251,-2.314072608947754,-3.4742729663848877,-4.772744655609131,-1.9128979444503784,1.070711374282837,3.6105222702026367,1.692267656326294,-4.1370391845703125
-8.82258129119873,-9.252387046813965,-8.110647201538086,-6.624166011810303,-7.019854545593262,-8.013813972473145,-7.783909797668457,-8.00496768951416,-10.073079109191895,-11.806864738464355,-10.613147735595703,-8.468667984008789,-8.963078498840332,-7.323359489440918,-4.367934226989746,-2.370736598968506,-1.2404825687408447,-1.1482561826705933,0.39895421266555786,5.822234630584717,10.048443794250488,8.507596015930176,5.539805889129639,4.107572078704834,3.4317378997802734,3.6480228900909424,4.558724880218506,3.7034413814544678,-0.7360483407974243,-4.723600387573242,-4.084106922149658,-1.6621918678283691,-0.12707450985908508,-3.7636778354644775,-5.64378023147583,-3.3931682109832764,-4.657609462738037,-4.703498363494873,-0.27076688408851624,2.087937116622925,1.4052566289901733,-1.698227047920227,-6.493309497833252
-8.622535705566406,-8.780451774597168,-8.013070106506348,-7.815993309020996,-10.024040222167969,-11.094600677490234,-9.966894149780273,-9.42690372467041,-9.198981285095215,-9.887838363647461,-8.712903022766113,-7.08432149887085,-6.566592216491699,-5.206360816955566,-2.9974544048309326,-1.3645873069763184,-0.33140867948532104,1.0632237195968628,3.741182804107666,8.013226509094238,9.932002067565918,7.900394439697266,5.279013633728027,3.4617486000061035,2.8080215454101562,3.1691548824310303,2.9480509757995605,-1.5494012832641602,-4.306191444396973,-3.6955349445343018,-3.1817169189453125,-1.5029431581497192,-1.130540132522583,-3.4641242027282715,-5.448504447937012,-6.010883331298828,-6.061405181884766,-4.195746421813965,0.407478928565979,1.5167882442474365,-0.6583248376846313,-2.7012929916381836,-5.732206344604492
-7.993408679962158,-7.864562511444092,-7.311875343322754,-6.981103897094727,-9.331327438354492,-10.720730781555176,-9.845829010009766,-9.989683151245117,-8.630348205566406,-6.691546440124512,-5.585585594177246,-3.8892743587493896,-2.353586435317993,-1.4625444412231445,-1.0573738813400269,0.29695239663124084,2.4508414268493652,3.8189754486083984,5.894290924072266,9.136956214904785,9.68919849395752,7.142446994781494,4.363781452178955,2.8259341716766357,2.594285011291504,2.182246446609497,-0.5926146507263184,-3.9586594104766846,-4.479447841644287,-3.797679901123047,-3.7837560176849365,-3.7981059551239014,-4.218588829040527,-3.8800015449523926,-3.2429449558258057,-5.282902717590332,-6.596164703369141,-5.274603366851807,-2.7916793823242188,-1.6516212224960327,-1.8539907932281494,-2.0847060680389404,-3.4067676067352295
-7.311460971832275,-6.440091133117676,-5.62697172164917,-4.945134162902832,-6.905303955078125,-9.097260475158691,-8.723724365234375,-9.247577667236328,-9.447525024414062,-8.398624420166016,-5.76064920425415,-3.003373146057129,0.06778762489557266,1.197763442993164,0.5644401907920837,3.0129945278167725,6.931220531463623,8.851482391357422,9.349823951721191,9.691123008728027,8.51375961303711,5.83001708984375,3.6418392658233643,2.7598178386688232,2.40902042388916,0.8396845459938049,-2.503246307373047,-4.528941631317139,-4.685479164123535,-5.7517852783203125,-5.012357711791992,-2.0648512840270996,-3.2558014392852783,-5.0640788078308105,-3.7657418251037598,-4.39300537109375,-5.878286361694336,-6.428108215332031,-5.878538608551025,-4.653308868408203,-2.1131386756896973,-0.12326449900865555,0.6519225239753723
-6.717546463012695,-5.66815710067749,-4.868460178375244,-2.2515947818756104,-3.5810577869415283,-7.303637504577637,-7.023512840270996,-7.222640514373779,-8.03668212890625,-8.47631549835205,-7.054843425750732,-3.69191837310791,-0.14950114488601685,0.37632882595062256,0.047473058104515076,4.240231990814209,11.961474418640137,15.62167739868164,13.590326309204102,10.375083923339844,7.835204124450684,5.462897777557373,4.0524725914001465,2.892699718475342,1.4639195203781128,-1.43105947971344,-4.692089557647705,-5.303820610046387,-5.536715984344482,-7.245597839355469,-5.581161022186279,-1.6195803880691528,-1.1051161289215088,-3.7560908794403076,-4.295543193817139,-4.431410312652588,-5.699868679046631,-7.176371097564697,-7.396616458892822,-4.711961269378662,-0.9653294086456299,0.7300283312797546,0.03535002842545509
-6.527397155761719,-5.635298252105713,-4.738204002380371,-0.3256760239601135,-0.4918447434902191,-5.241605281829834,-5.393766403198242,-5.776097774505615,-6.659657955169678,-6.567407131195068,-5.9351654052734375,-3.372649908065796,-0.453311949968338,-0.20208032429218292,0.7623315453529358,6.975743293762207,14.460234642028809,15.945282936096191,13.146963119506836,10.098814010620117,7.464136600494385,5.729183673858643,4.502339839935303,2.4970359802246094,-0.7733141779899597,-4.3249711990356445,-6.493947982788086,-6.236692905426025,-7.552070140838623,-7.84919548034668,-6.139888763427734,-2.2885866165161133,0.05787184461951256,-1.9005895853042603,-3.7835090160369873,-5.134027481079102,-6.509457588195801,-7.16193151473999,-5.377301216125488,-1.9304317235946655,0.7388002872467041,-0.48760461807250977,-2.529819965362549
-6.452309608459473,-5.558669567108154,-4.043995380401611,0.7288318276405334,0.5367889404296875,-4.90446138381958,-5.915799140930176,-5.905939102172852,-5.656527042388916,-4.701015949249268,-3.592684507369995,-1.4128785133361816,0.444741815328598,0.7753174901008606,2.696173906326294,7.359233856201172,11.598384857177734,12.691734313964844,11.250994682312012,9.091229438781738,6.827915668487549,5.867758274078369,4.655827045440674,1.8894349336624146,-2.31211256980896,-5.578911304473877,-6.15360164642334,-6.668934345245361,-8.724533081054688,-6.922585964202881,-4.542529106140137,-0.7741946578025818,0.20421671867370605,-1.633721113204956,-3.0566749572753906,-4.5368781089782715,-5.143224239349365,-3.12785267829895,-0.3392641246318817,1.020929217338562,-0.20033638179302216,-1.778195858001709,-2.14152455329895
-5.984452724456787,-5.0098395347595215,-3.207857847213745,1.263073444366455,1.4123045206069946,-3.5148515701293945,-6.051436901092529,-6.465958118438721,-5.562259674072266,-4.862027168273926,-3.82135272026062,-1.5953296422958374,0.14554351568222046,1.2305659055709839,3.4647977352142334,6.197210311889648,8.445939064025879,9.942338943481445,9.759347915649414,8.01221752166748,6.429296016693115,6.175081253051758,5.107944011688232,2.3528451919555664,-1.751584768295288,-5.067182540893555,-5.642752647399902,-7.152298927307129,-8.58072280883789,-5.982177734375,-0.20661655068397522,2.092898368835449,-0.19194673001766205,-1.6868228912353516,-0.7347491979598999,-1.3828927278518677,-2.1767096519470215,-0.7232784032821655,0.2684966027736664,-1.4751644134521484,-2.422569513320923,-1.0619083642959595,-1.217497706413269
-5.256831169128418,-4.4649882316589355,-2.414760112762451,1.94436514377594,1.6176210641860962,-4.030492305755615,-5.622080326080322,-6.370977401733398,-5.924756050109863,-5.298013210296631,-4.606068134307861,-2.51859712600708,-0.6433194875717163,0.8816664814949036,3.026820182800293,5.337270736694336,7.028282165527344,7.988626480102539,7.708245754241943,7.00963830947876,7.3461995124816895,6.582060813903809,4.292579174041748,1.5397545099258423,-2.9259092807769775,-5.664092063903809,-6.906204700469971,-7.725438117980957,-6.684887886047363,-1.8715194463729858,2.7868664264678955,1.5612648725509644,-1.475039005279541,-1.9818795919418335,-1.4456034898757935,-2.9406676292419434,-4.169740676879883,-3.4642627239227295,-2.4081175327301025,-1.133472204208374,0.2451050877571106,-2.254287004470825,-5.148374080657959
-4.882564544677734,-4.010437488555908,-2.518224000930786,-0.29925060272216797,-2.5298960208892822,-5.671896457672119,-5.433422565460205,-5.387731552124023,-5.390888690948486,-5.1966328620910645,-4.04426383972168,-1.9746546745300293,-0.40900760889053345,1.280835747718811,3.716218948364258,5.260652542114258,6.041470050811768,6.901718616485596,7.306463718414307,7.5090413093566895,7.006237030029297,4.1220598220825195,0.2808406352996826,-3.2482709884643555,-5.388540267944336,-6.584646224975586,-7.697148323059082,-7.928624153137207,-5.337304592132568,1.0768722295761108,2.871696949005127,-1.9752603769302368,-4.361065864562988,-5.2584919929504395,-5.59319543838501,-5.593360900878906,-4.865473747253418,-3.992133617401123,-3.6598474979400635,-2.3060247898101807,-3.43782639503479,-7.420761585235596,-7.404543876647949
-5.148983001708984,-5.03758430480957,-4.553492546081543,-3.985694169998169,-5.646356105804443,-6.4625468254089355,-6.221996307373047,-5.661766529083252,-5.1335859298706055,-3.753200054168701,-2.1288485527038574,-0.3597192168235779,0.6649882793426514,1.9951900243759155,4.304449558258057,5.4529218673706055,5.89442777633667,6.698087215423584,7.4939351081848145,7.337584972381592,4.410698890686035,-0.46018585562705994,-3.567465305328369,-5.264578819274902,-6.268950462341309,-7.3160295486450195,-9.021140098571777,-7.317729949951172,-2.989392042160034,1.7894023656845093,-0.3147420883178711,-4.0439066886901855,-6.2730913162231445,-7.1372294425964355,-7.608976364135742,-5.884790420532227,-1.6927359104156494,-0.5805360674858093,-2.951279640197754,-5.521358489990234,-7.833349227905273,-9.876895904541016,-6.28159236907959
