data/wind_data/wind_2025-02-19_11.json
{"header": {"parameterUnit": "KT", "parameterCategory": 2, "nx": 255, "ny": 198, "lo1": 44.73521041870117, "la1": -3.236724853515625, "lo2": 111.26478576660156, "la2": 43.468475341796875, "dx": 0.26192745566368103, "dy": -0.23708222806453705, "refTime": "2025-02-19 11:00:00", "forecastTime": 0, "parameterNumber": 2, "parameterNumberName": "eastward_wind"}, "data":
[rows 171 to 189 of 198, columns 129 to 171 of 255]
-5.735781669616699,-5.370902061462402,-4.843164920806885,-4.70120096206665,-4.772027015686035,-5.238273620605469,-5.598874568939209,-6.059484481811523,-6.687346458435059,-6.3980817794799805,-5.557438373565674,-4.834775924682617,-6.386502742767334,-7.462208271026611,-8.03772258758545,-8.564308166503906,-8.940062522888184,-9.214012145996094,-9.687581062316895,-10.042893409729004,-10.089838981628418,-9.872175216674805,-9.502399444580078,-8.323991775512695,-5.2912092208862305,-4.13537073135376,-3.8642613887786865,-6.7132487297058105,-8.322699546813965,-8.111841201782227,-8.120405197143555,-7.475178241729736,-6.5538330078125,-5.1516594886779785,-3.682813882827759,-0.0851023718714714,6.8876261711120605,12.201864242553711,12.590209007263184,10.830977439880371,11.680455207824707,12.970648765563965,19.35902976989746
-5.897819995880127,-5.375516891479492,-4.728610515594482,-4.473935604095459,-4.469890117645264,-4.755274295806885,-5.138585567474365,-5.591518402099609,-5.711028575897217,-5.667697429656982,-5.755756855010986,-6.296665191650391,-6.607375144958496,-6.745678424835205,-7.495417594909668,-8.09937572479248,-8.34874439239502,-8.939326286315918,-9.599495887756348,-10.04698371887207,-10.159539222717285,-9.49285888671875,-8.198541641235352,-7.3472394943237305,-5.53032922744751,-5.4230570793151855,-4.025071144104004,-5.134408950805664,-6.775839805603027,-6.9925408363342285,-7.245525360107422,-6.776632785797119,-6.151769638061523,-5.1580047607421875,-3.7606587409973145,-1.3898190259933472,2.4745824337005615,5.977609157562256,9.336931228637695,12.35632038116455,12.79239273071289,15.389400482177734,19.617431640625
-5.616505146026611,-4.947045803070068,-4.305727481842041,-4.146257400512695,-4.202503204345703,-4.417476177215576,-4.64646577835083,-4.780733108520508,-4.819242477416992,-5.6553778648376465,-6.104381084442139,-5.9111456871032715,-6.432888031005859,-6.791311264038086,-7.101844310760498,-7.475028991699219,-7.947758197784424,-8.668376922607422,-9.349967956542969,-9.91733455657959,-10.090071678161621,-9.198062896728516,-6.857981204986572,-4.4354023933410645,-3.9732093811035156,-5.491031169891357,-6.162265777587891,-5.758857250213623,-5.8531999588012695,-6.218177795410156,-6.22385311126709,-5.724311828613281,-5.263484001159668,-4.577928066253662,-4.012712001800537,-3.2625601291656494,-1.6968469619750977,0.5437756776809692,4.490887641906738,9.096112251281738,10.705155372619629,12.47382926940918,13.924962997436523
-5.264984607696533,-4.862214088439941,-4.088278770446777,-3.923677921295166,-3.982053756713867,-4.151609420776367,-4.238743305206299,-4.342544078826904,-4.687041282653809,-5.566620826721191,-5.4088592529296875,-5.733000755310059,-6.0124897956848145,-6.099884986877441,-6.708068370819092,-7.206418991088867,-7.749263763427734,-8.374948501586914,-9.020528793334961,-9.487568855285645,-9.602958679199219,-8.787578582763672,-6.383776664733887,-4.468654632568359,-4.27586555480957,-4.857151508331299,-5.477307319641113,-5.275747776031494,-5.674776077270508,-5.772096157073975,-5.671501159667969,-5.3069233894348145,-4.2193098068237305,-3.331491470336914,-2.6818273067474365,-3.137212038040161,-2.7756755352020264,-1.5800927877426147,-0.15663018822669983,1.538905143737793,1.5436583757400513,1.3638707399368286,2.4190404415130615
-4.9412760734558105,-4.796628475189209,-4.229630470275879,-3.8078863620758057,-3.6456706523895264,-3.746019124984741,-3.8752169609069824,-3.911810874938965,-4.30451774597168,-5.420425891876221,-5.320467948913574,-5.7860798835754395,-6.1259942054748535,-6.279872894287109,-6.893855094909668,-7.0433430671691895,-7.5212883949279785,-8.230932235717773,-8.812061309814453,-8.911520004272461,-8.709020614624023,-7.921840190887451,-6.86694860458374,-5.711353778839111,-5.670300006866455,-5.719465255737305,-5.2000627517700195,-5.059580326080322,-5.037541389465332,-5.160427093505859,-4.718994140625,-4.088625431060791,-3.7020766735076904,-2.5506789684295654,-2.293698310852051,-2.2703492641448975,-1.4949568510055542,-0.6271499991416931,-1.0185952186584473,-1.3923050165176392,-0.861834704875946,-0.45603927969932556,-0.24110731482505798
-4.636340141296387,-4.582433700561523,-4.151188373565674,-3.5174412727355957,-3.2632312774658203,-3.10591983795166,-3.1537742614746094,-3.519690990447998,-3.97265362739563,-5.394622802734375,-5.5307936668396,-5.8818488121032715,-6.401390075683594,-6.4393815994262695,-7.020793437957764,-7.305047035217285,-7.67663049697876,-8.056285858154297,-8.322715759277344,-8.286654472351074,-7.837854862213135,-7.32235050201416,-6.736180305480957,-5.8275556564331055,-5.698754787445068,-5.133081436157227,-4.37986946105957,-4.611083030700684,-4.781949520111084,-4.360156059265137,-3.6703779697418213,-2.5842275619506836,-2.4552228450775146,-1.530538558959961,-1.5287119150161743,-1.8229758739471436,-0.9513249397277832,0.8892567753791809,0.031302910298109055,-2.4402880668640137,-0.4835774898529053,0.7977024912834167,1.6413073539733887
-4.104501247406006,-3.7745113372802734,-3.310351848602295,-3.1386728286743164,-2.923523187637329,-2.5766069889068604,-2.955819606781006,-3.2671210765838623,-3.5723202228546143,-5.591701030731201,-5.631262302398682,-5.507824420928955,-6.096152305603027,-6.234562397003174,-6.570242881774902,-6.707364082336426,-7.267870903015137,-7.6533966064453125,-8.220315933227539,-8.239874839782715,-6.315829277038574,-4.978814125061035,-4.860584259033203,-4.522171497344971,-4.190206527709961,-3.5221354961395264,-3.2949182987213135,-4.1459736824035645,-4.326411247253418,-3.7875893115997314,-2.7997632026672363,-1.665845513343811,-1.115012764930725,-0.5851827263832092,-0.7661072015762329,0.07568564265966415,-0.0402795635163784,1.3511172533035278,0.38532570004463196,-1.5340464115142822,0.9892116785049438,2.0966923236846924,1.9855313301086426
-2.8598170280456543,-2.24025821685791,-2.5717618465423584,-2.449986457824707,-2.739068031311035,-2.683286666870117,-3.5372109413146973,-3.9632749557495117,-4.079654693603516,-5.00922155380249,-5.258023738861084,-4.964114189147949,-4.976707935333252,-5.463994026184082,-6.452970504760742,-6.749527454376221,-6.891077041625977,-7.148453235626221,-7.594262599945068,-7.403819561004639,-4.815867900848389,-4.290024757385254,-4.243001937866211,-3.697512626647949,-3.4455180168151855,-3.3630614280700684,-3.2420945167541504,-3.2085351943969727,-3.1057848930358887,-2.6347200870513916,-1.8052253723144531,-0.8818667531013489,-0.3172353506088257,0.40363073348999023,0.8120340704917908,1.1941635608673096,0.5926252603530884,2.2355456352233887,1.7784128189086914,-0.015317322686314583,1.1950653791427612,2.380903959274292,2.8758554458618164
-1.7374173402786255,-1.2083932161331177,-2.043623447418213,-2.2039923667907715,-2.7283689975738525,-2.4952785968780518,-2.7187485694885254,-2.9924607276916504,-3.6869707107543945,-4.161074161529541,-3.837263345718384,-3.804661512374878,-4.666971683502197,-6.243801593780518,-7.64304256439209,-5.990334510803223,-5.231142044067383,-5.145216941833496,-4.82961368560791,-4.643494606018066,-3.989539861679077,-4.041618824005127,-3.976003408432007,-3.4126365184783936,-3.1948819160461426,-3.1114141941070557,-2.8640823364257812,-2.847590684890747,-2.8126018047332764,-2.233569383621216,-1.5965393781661987,-0.5157775282859802,-0.09069432318210602,0.6476460099220276,1.8085824251174927,2.1210970878601074,1.964625597000122,2.238269329071045,2.677910804748535,1.7669755220413208,2.1745550632476807,2.4913527965545654,2.4579575061798096
0.26240742206573486,0.18383274972438812,-0.9647642970085144,-1.932302474975586,-1.8602921962738037,-2.6135149002075195,-2.070528030395508,-2.3193063735961914,-3.3135673999786377,-3.262080669403076,-3.3256871700286865,-3.9804673194885254,-4.719010829925537,-6.109135150909424,-6.026891231536865,-4.985851287841797,-4.555262565612793,-4.264182090759277,-4.237679958343506,-4.111082077026367,-4.2105536460876465,-4.229687213897705,-3.727947473526001,-3.0964267253875732,-2.7786049842834473,-2.6305596828460693,-2.3643698692321777,-2.158456802368164,-1.9385654926300049,-1.598494052886963,-1.2177622318267822,-0.18503549695014954,0.019230132922530174,0.8890162110328674,2.771635055541992,3.3764820098876953,3.078939437866211,3.646003484725952,3.6382505893707275,2.741737127304077,3.0817861557006836,3.318392276763916,3.778987169265747
1.067467451095581,-0.14682845771312714,-0.8288159370422363,-1.1682524681091309,-1.0746649503707886,-1.104816198348999,-1.50498366355896,-2.176910400390625,-2.3433351516723633,-2.532735586166382,-2.998978614807129,-3.2146949768066406,-3.4934628009796143,-5.308761119842529,-5.5552167892456055,-4.250507354736328,-3.5060791969299316,-3.2356388568878174,-3.6661972999572754,-3.7096922397613525,-3.935899496078491,-4.047552585601807,-3.3161990642547607,-2.7823991775512695,-2.334475040435791,-1.8985763788223267,-1.405798316001892,-1.1351054906845093,-1.1124438047409058,-1.1115025281906128,-0.5118457674980164,0.15432457625865936,0.2156626135110855,1.5828571319580078,3.7887303829193115,4.734099864959717,4.154881954193115,3.7410643100738525,4.076102256774902,3.55322265625,3.8611702919006348,4.441067218780518,4.5002875328063965
2.51350474357605,-0.2827588617801666,-0.7290063500404358,0.16077865660190582,0.787140965461731,1.1043270826339722,-0.3221190273761749,-1.9415640830993652,-1.4501533508300781,-1.5321848392486572,-2.0142714977264404,-3.006828784942627,-3.4052727222442627,-3.6921820640563965,-4.649200439453125,-3.706223964691162,-3.0332422256469727,-4.217362880706787,-4.9235687255859375,-5.123986721038818,-3.7896459102630615,-2.74521803855896,-2.390665292739868,-2.060138702392578,-1.9760180711746216,-1.3947521448135376,-0.5101874470710754,-0.4876372218132019,-0.9182173013687134,-0.483412504196167,0.4369657337665558,0.7480719089508057,1.0842067003250122,2.7590761184692383,5.0141472816467285,4.724020004272461,3.8582065105438232,3.73883056640625,4.367028713226318,4.51275110244751,4.935528755187988,5.058432102203369,4.861926555633545
2.9621081352233887,2.2358813285827637,2.253779649734497,3.6947336196899414,4.23356294631958,2.542971134185791,0.6963874101638794,-0.5959376692771912,-1.7093032598495483,-2.2772421836853027,-2.181039333343506,-2.642268419265747,-2.9857521057128906,-2.3224992752075195,-2.6582462787628174,-1.4236133098602295,-2.030738115310669,-3.8281283378601074,-3.9778451919555664,-3.549229621887207,-2.2812628746032715,-0.34862613677978516,0.34467047452926636,-0.13413862884044647,-1.1355817317962646,0.011377078481018543,-0.4706169664859772,-2.538662910461426,-1.4075653553009033,0.5207647681236267,1.3973019123077393,1.774633765220642,3.4995903968811035,3.861165761947632,4.200634956359863,4.415585041046143,4.621756553649902,4.984652996063232,5.223062515258789,5.264542579650879,5.551072597503662,5.607445240020752,5.783613204956055
-2.466266393661499,-0.07007159292697906,3.3049070835113525,6.009446620941162,4.187286853790283,1.413406491279602,0.5136522054672241,-0.339552104473114,-2.1757750511169434,-2.821688175201416,-2.549222946166992,-2.9428791999816895,-2.5909225940704346,-1.306807518005371,-0.8023437857627869,-0.3418625593185425,-1.7692959308624268,-3.778639554977417,-2.547389507293701,-2.2167608737945557,-1.5076892375946045,-0.22434261441230774,-0.01104744989424944,-0.5211419463157654,-0.8950449824333191,0.730341911315918,0.05650077387690544,-2.084580421447754,0.2077474147081375,0.5689130425453186,0.9765163660049438,3.1579172611236572,3.9139950275421143,3.407184362411499,4.043130397796631,4.735260486602783,5.769776821136475,6.496315002441406,6.24727725982666,5.826373100280762,5.453176975250244,5.336780071258545,5.787611484527588
-4.333820343017578,-4.047140598297119,-2.900050401687622,-2.404322624206543,-2.5395679473876953,-1.5114831924438477,-0.6957991123199463,-0.8451026678085327,-1.749498724937439,-2.6547446250915527,-2.4556167125701904,-3.04638671875,-2.99381422996521,-0.45205575227737427,-0.7032806873321533,-0.8835887908935547,-1.3222471475601196,-2.767970561981201,-1.1183232069015503,-0.46560215950012207,-0.2600906789302826,-0.5440462231636047,-0.5652903318405151,-0.6526082754135132,0.7763195633888245,1.2778778076171875,-0.32197800278663635,-1.0062506198883057,-0.5239591598510742,0.5671337842941284,1.8284075260162354,2.583069086074829,2.470198631286621,2.902279853820801,4.144686222076416,4.955041885375977,6.123161792755127,7.521519660949707,7.501716613769531,6.238931179046631,5.293614387512207,5.3205952644348145,5.972970485687256
1.2515900135040283,-0.3290516138076782,-3.46757435798645,-4.682679653167725,-4.50030517578125,-3.585010051727295,-3.489577531814575,-3.3073577880859375,-2.854226589202881,-2.517650604248047,-2.388396978378296,-2.341140031814575,-1.9507405757904053,-0.7454554438591003,0.5811957120895386,1.712114691734314,1.44833505153656,0.4047003388404846,-0.08848416805267334,-0.8363219499588013,-0.5069311261177063,-0.6033391952514648,-0.20250391960144043,-0.33561137318611145,1.9026681184768677,1.338835597038269,-2.421272039413452,-1.3759174346923828,-1.141838788986206,-0.14363984763622284,1.5332409143447876,1.4511339664459229,2.394631862640381,4.129412651062012,5.099225044250488,6.958601474761963,7.415536880493164,7.286599636077881,6.709766387939453,5.477865219116211,4.580478668212891,5.300277233123779,5.683791637420654
3.1020901203155518,0.41041800379753113,-0.3397282063961029,-2.6700146198272705,-3.630521774291992,-4.1168904304504395,-1.5931065082550049,0.2738836407661438,0.23225615918636322,0.8206074833869934,1.1999835968017578,0.5490381717681885,-0.3238115906715393,-0.9573055505752563,0.607392430305481,2.4963412284851074,3.30295991897583,2.281113386154175,0.8837283849716187,1.344386339187622,1.4189928770065308,-0.08576179295778275,0.6261250972747803,1.1897224187850952,2.71506667137146,2.318906307220459,-2.4266819953918457,-3.136611223220825,-1.2302359342575073,0.4631612300872803,1.8006640672683716,3.252619743347168,3.881314277648926,4.09948205947876,3.360586166381836,3.5752573013305664,4.114334583282471,3.21856951713562,1.3598558902740479,0.4214177131652832,1.5935678482055664,2.960578441619873,3.2503395080566406
4.040066719055176,-1.7343388795852661,-0.06470611691474915,0.7133339047431946,-0.14962273836135864,0.040273018181324005,1.5130691528320312,3.455373525619507,5.217743396759033,6.07169771194458,5.277092456817627,2.8828558921813965,0.6633241772651672,-1.0341486930847168,-0.3621390759944916,1.002541422843933,1.9540194272994995,3.5398471355438232,2.9225270748138428,1.2057313919067383,0.4032559394836426,1.2551448345184326,1.3518402576446533,-0.3632945716381073,1.0464205741882324,-1.4052493572235107,-3.8877439498901367,-0.46950462460517883,1.1218039989471436,0.3887680470943451,-0.24152153730392456,0.9820647835731506,1.0194060802459717,0.1710735410451889,0.2054372876882553,2.0715949535369873,1.6799116134643555,-2.305584192276001,-2.667900800704956,-1.5750077962875366,-0.49081677198410034,1.0436609983444214,2.441983461380005
6.6293463706970215,3.925417184829712,-1.1452311277389526,-1.7593241930007935,0.16051310300827026,-1.099751591682434,1.2173174619674683,5.465712547302246,6.422367095947266,4.3463311195373535,3.25923752784729,2.1546645164489746,0.7825111746788025,0.4427247941493988,0.734754741191864,0.993796706199646,1.6798577308654785,3.5012385845184326,4.408211708068848,3.699098825454712,0.3993018567562103,-1.2757989168167114,1.0893460512161255,0.38595637679100037,-0.1319643259048462,0.44838643074035645,1.733197569847107,4.187974452972412,5.1498517990112305,0.22011254727840424,-4.163559913635254,-3.570953130722046,-1.8662949800491333,1.5977860689163208,1.5772385597229004,2.8051822185516357,1.6140494346618652,-2.425743579864502,-0.48234277963638306,1.1671894788742065,1.5100218057632446,2.7404747009277344,2.4701812267303467
