data/wind_data/wind_63_0.json
{"header": {"parameterUnit": "KT", "parameterCategory": 2, "nx": 255, "ny": 198, "lo1": 44.73521041870117, "la1": -3.236724853515625, "lo2": 111.26478576660156, "la2": 43.468475341796875, "dx": 0.26192745566368103, "dy": -0.23708222806453705, "refTime": "2025-02-21 15:00:00", "forecastTime": 0, "parameterNumber": 2, "parameterNumberName": "eastward_wind"}, "data":
[rows 171 to 189 of 198, columns 172 to 214 of 255]
4.293614387512207,5.560293197631836,4.236537933349609,1.647128701210022,-1.3953298330307007,-0.7205861210823059,5.598284721374512,6.576268672943115,1.0330308675765991,-2.9234399795532227,-2.9624171257019043,-1.6006654500961304,0.2547024190425873,0.5582535266876221,-6.435380935668945,-13.858478546142578,-12.508488655090332,-8.556673049926758,-5.5308685302734375,-6.6993088722229,-9.446304321289062,-7.914015293121338,-4.701519012451172,-1.8125499486923218,0.7056141495704651,3.269019365310669,4.357560157775879,4.072055339813232,3.0355613231658936,-0.21551795303821564,-5.3153228759765625,-4.810492515563965,-2.1552271842956543,-3.669800281524658,-3.5571470260620117,0.6191433668136597,2.914745330810547,2.9042787551879883,1.3284751176834106,-1.0090137720108032,-0.7912266254425049,3.177293300628662,5.201127052307129
4.970598220825195,4.01099967956543,-1.161778450012207,-1.7440159320831299,3.2216789722442627,4.433114051818848,3.2000999450683594,1.3223390579223633,-0.05798398703336716,-0.680353045463562,-1.474297285079956,-2.111751079559326,-0.8155739903450012,0.22646477818489075,-7.740773677825928,-16.803316116333008,-13.425743103027344,-6.39628791809082,-3.829066514968872,-5.658176898956299,-8.385882377624512,-5.999387264251709,-4.318935871124268,-1.819779634475708,2.1161272525787354,4.511585235595703,4.49898624420166,1.8418866395950317,-0.04178304597735405,0.26458728313446045,0.4537874162197113,-0.14163291454315186,-0.8368474245071411,-1.1837722063064575,0.4789351522922516,2.822049856185913,4.358972549438477,5.255918502807617,2.9222514629364014,-0.7936458587646484,0.3133985698223114,3.3443057537078857,3.8054356575012207
4.049365043640137,3.2279434204101562,0.21689580380916595,-0.07601962238550186,2.9360551834106445,3.7174875736236572,-0.5320667028427124,-4.579435348510742,-1.6490427255630493,3.0308258533477783,2.2615201473236084,0.2557954490184784,-0.6003311276435852,-2.7582104206085205,-6.9600701332092285,-13.230674743652344,-12.047125816345215,-4.371611595153809,-2.0235865116119385,-5.364202499389648,-7.022281646728516,-7.203237056732178,-6.819136142730713,-3.041372537612915,3.2260913848876953,5.765758991241455,0.5006851553916931,-3.368211507797241,0.6098522543907166,4.769862174987793,4.729527950286865,2.6077280044555664,0.39482206106185913,-0.6627810001373291,0.14656943082809448,2.2947163581848145,5.459845542907715,6.190201282501221,1.7952301502227783,-0.054678697139024734,1.3763271570205688,-1.5252724885940552,-6.577786445617676
1.8242113590240479,2.764341354370117,2.3557205200195312,0.668601930141449,0.7326123118400574,1.481120228767395,0.3513164222240448,-0.9711676239967346,2.316793203353882,5.235983371734619,3.079796552658081,0.634046733379364,-1.4604859352111816,-4.426815986633301,-5.2917280197143555,-3.2933428287506104,-3.7737038135528564,-3.761038303375244,-4.732806205749512,-8.81397533416748,-12.007946968078613,-11.43173599243164,-4.918580532073975,2.0681002140045166,2.397068500518799,0.20548301935195923,-1.571506381034851,-0.9578178524971008,2.7684597969055176,5.166604042053223,5.267185211181641,3.7172985076904297,2.0380301475524902,0.9604941606521606,2.475923538208008,5.086989879608154,6.97280216217041,4.853466033935547,-0.3645717203617096,-0.6853947043418884,-0.22439393401145935,-7.0949859619140625,-14.207584381103516
1.5400882959365845,2.6974129676818848,2.8317205905914307,2.3344109058380127,2.234618902206421,2.826749324798584,3.0117948055267334,2.645261287689209,3.7402374744415283,3.613945722579956,0.8707231879234314,-2.5929572582244873,-5.119699954986572,-6.338564395904541,-4.672898292541504,1.7990500926971436,5.151360511779785,-0.5038851499557495,-6.430374622344971,-8.131552696228027,-9.551827430725098,-5.087100505828857,3.9932804107666016,4.02072811126709,-2.69266676902771,-0.9133758544921875,5.673654079437256,8.372923851013184,5.370275974273682,5.0762038230896,6.481165885925293,5.462626934051514,4.846092224121094,7.061949253082275,7.145871639251709,4.586634159088135,2.6918678283691406,-0.4357718527317047,-2.575460433959961,-0.9575483798980713,-3.0295817852020264,-11.492318153381348,-14.083035469055176
1.3776307106018066,1.8156659603118896,2.514695405960083,2.768310070037842,2.547135353088379,2.4952120780944824,3.103334665298462,2.3991496562957764,0.8282299041748047,-0.3173389136791229,-0.6587595343589783,-1.2448623180389404,-2.972621202468872,-5.03730583190918,-3.700655937194824,2.6452291011810303,5.232052803039551,1.2128093242645264,-2.494601249694824,-2.584512710571289,-3.2144320011138916,-1.751327633857727,2.369967460632324,-0.16205020248889923,-3.930953025817871,1.5071626901626587,9.300886154174805,11.142427444458008,5.663829803466797,3.5757269859313965,8.15970516204834,7.185290336608887,3.7748026847839355,1.5655174255371094,-0.9024210572242737,-1.6836634874343872,-0.30805057287216187,-1.4724133014678955,-3.8894522190093994,-5.821264743804932,-8.8912353515625,-11.816879272460938,-11.030569076538086
3.0483291149139404,2.8620190620422363,2.854562282562256,3.153038501739502,3.279573917388916,2.991464138031006,2.0623738765716553,0.43133553862571716,-0.8389886021614075,-1.6336114406585693,-2.0760657787323,-1.5755943059921265,-0.51833575963974,0.610221803188324,2.0275697708129883,3.5400946140289307,3.9717893600463867,2.784559726715088,2.041278123855591,1.0102261304855347,-0.6480529308319092,-1.1894128322601318,1.655871868133545,1.9609050750732422,0.8413416743278503,4.927862167358398,8.848494529724121,7.632782459259033,4.23924446105957,5.465906143188477,6.915765285491943,1.7744859457015991,-4.7610883712768555,-5.049203872680664,-1.9024076461791992,-0.5931770205497742,-1.2988802194595337,-4.922204971313477,-9.425884246826172,-10.085691452026367,-9.1943359375,-9.34262466430664,-9.649765968322754
0.38002580404281616,2.1149191856384277,2.9047389030456543,3.760657787322998,4.008516311645508,2.952519416809082,1.169325351715088,-0.3598291277885437,-1.2785289287567139,-1.6130508184432983,-1.2926336526870728,-0.006024571601301432,1.8229085206985474,3.3946101665496826,4.466351509094238,4.3384222984313965,4.450413227081299,4.578100681304932,3.317155599594116,2.827747344970703,3.1453065872192383,3.0214107036590576,3.558168411254883,3.548926830291748,2.827007532119751,3.7062783241271973,4.26718807220459,3.4364917278289795,1.7459471225738525,0.400224894285202,-5.1381306648254395,-10.855979919433594,-9.684232711791992,-4.781549453735352,-4.9162421226501465,-7.027644634246826,-8.316895484924316,-10.32075309753418,-11.770740509033203,-10.149374961853027,-9.357918739318848,-9.10733413696289,-7.686328411102295
-3.5977373123168945,-2.2911949157714844,-1.1912193298339844,0.4359174072742462,2.7919766902923584,3.854649305343628,1.4672651290893555,-0.8986228108406067,-1.0289793014526367,-0.483223557472229,0.7723422050476074,2.222971200942993,3.0745716094970703,3.215034008026123,2.501349687576294,1.460790753364563,1.3471711874008179,1.94451105594635,2.6463778018951416,2.835752010345459,3.6315221786499023,3.876455545425415,3.4750561714172363,2.52512526512146,-1.7492769956588745,-7.9036664962768555,-11.632136344909668,-11.429006576538086,-11.218427658081055,-13.223051071166992,-14.946252822875977,-14.23656177520752,-11.144639015197754,-8.950652122497559,-9.916768074035645,-10.604484558105469,-9.560444831848145,-9.803719520568848,-10.738677978515625,-11.178606986999512,-12.002238273620605,-11.90865421295166,-11.048182487487793
-3.783392906188965,-2.8393383026123047,-2.2401392459869385,-1.8268194198608398,-0.90982985496521,-0.03906446695327759,-0.9539542198181152,-2.4126932621002197,-2.1768486499786377,-0.871029257774353,0.8644610643386841,2.126051425933838,1.2471081018447876,-2.9112441539764404,-7.290715217590332,-9.047701835632324,-9.208991050720215,-7.93095064163208,-6.374728202819824,-4.718233585357666,-5.346217155456543,-5.986774921417236,-8.348865509033203,-13.211943626403809,-17.546573638916016,-20.82352638244629,-21.14849281311035,-18.9134578704834,-16.655914306640625,-14.841127395629883,-13.318029403686523,-12.486467361450195,-11.992402076721191,-11.840275764465332,-11.795941352844238,-10.583803176879883,-9.945015907287598,-8.837990760803223,-8.612764358520508,-10.151701927185059,-12.08666706085205,-11.954639434814453,-10.994283676147461
-4.040346622467041,-3.0629982948303223,-2.4377505779266357,-2.479041337966919,-2.686168909072876,-3.9706172943115234,-6.188714981079102,-6.208683490753174,-4.248647212982178,-3.810673236846924,-4.239344120025635,-5.218518257141113,-7.452042579650879,-11.729856491088867,-14.855996131896973,-15.303317070007324,-15.054287910461426,-15.10032844543457,-15.154446601867676,-15.605926513671875,-16.64596939086914,-17.833200454711914,-19.25564956665039,-19.791805267333984,-19.511707305908203,-20.997360229492188,-20.364973068237305,-17.433456420898438,-13.521591186523438,-11.857884407043457,-9.85244083404541,-9.559803009033203,-12.087196350097656,-14.14607048034668,-14.417646408081055,-13.071608543395996,-10.7108793258667,-8.376134872436523,-8.446131706237793,-10.97048282623291,-11.397027969360352,-10.639265060424805,-10.12551498413086
-3.448535680770874,-3.193218469619751,-2.7551259994506836,-3.025252103805542,-3.265294313430786,-3.7768502235412598,-5.865398406982422,-7.922110080718994,-8.091845512390137,-7.726826190948486,-7.490642547607422,-7.6103315353393555,-9.725719451904297,-14.459807395935059,-17.705078125,-17.54230308532715,-17.26519012451172,-18.101526260375977,-18.689870834350586,-18.573381423950195,-18.6739559173584,-19.107877731323242,-19.536197662353516,-20.375226974487305,-20.872026443481445,-20.46964454650879,-19.08934211730957,-17.209230422973633,-15.057891845703125,-12.616025924682617,-10.792306900024414,-10.882650375366211,-12.395546913146973,-13.72883129119873,-13.725309371948242,-11.742008209228516,-9.604744911193848,-6.9850687980651855,-6.080018520355225,-8.869281768798828,-10.419854164123535,-9.853536605834961,-8.831866264343262
-4.306981563568115,-3.5789756774902344,-2.6616804599761963,-2.6339962482452393,-2.9937593936920166,-2.9844303131103516,-3.686335325241089,-6.166394233703613,-8.358263969421387,-8.806818008422852,-8.56279182434082,-8.114903450012207,-9.034392356872559,-13.371475219726562,-17.00412940979004,-17.733577728271484,-18.4569091796875,-19.887296676635742,-20.45207977294922,-19.333486557006836,-18.59835433959961,-19.049291610717773,-19.829177856445312,-20.37100601196289,-20.49268341064453,-20.219524383544922,-19.25592803955078,-17.401365280151367,-14.781719207763672,-12.06948184967041,-10.455649375915527,-10.564475059509277,-11.290498733520508,-11.388811111450195,-11.491575241088867,-11.397768020629883,-8.633044242858887,-5.8750128746032715,-4.385548114776611,-5.25795316696167,-8.445782661437988,-9.26551342010498,-8.67355728149414
-5.133082389831543,-4.320896148681641,-2.837797164916992,-2.3200507164001465,-2.537018299102783,-2.619502544403076,-3.0183606147766113,-4.741049289703369,-7.322071552276611,-9.928853988647461,-9.585273742675781,-7.807568073272705,-7.214474678039551,-10.153549194335938,-13.1870698928833,-13.641395568847656,-15.979454040527344,-19.293283462524414,-19.724889755249023,-18.254756927490234,-17.237520217895508,-17.32168960571289,-17.846498489379883,-18.269302368164062,-18.82938003540039,-19.32862091064453,-18.638967514038086,-16.267799377441406,-12.956314086914062,-9.923934936523438,-8.338497161865234,-8.421302795410156,-8.88270378112793,-9.316242218017578,-10.342047691345215,-10.08482837677002,-7.3943376541137695,-5.170597553253174,-4.6498308181762695,-4.164137363433838,-5.2676286697387695,-8.082780838012695,-8.331311225891113
-4.584537029266357,-3.9088828563690186,-2.8080904483795166,-2.4569404125213623,-2.2622671127319336,-2.0706827640533447,-3.092982769012451,-5.145637512207031,-7.257926940917969,-8.953009605407715,-8.94973373413086,-6.872951984405518,-5.041268825531006,-4.752309322357178,-5.6047186851501465,-5.89054536819458,-9.412412643432617,-15.72048282623291,-17.785802841186523,-16.88177490234375,-16.317323684692383,-16.536741256713867,-16.944107055664062,-16.918909072875977,-17.005264282226562,-17.20438575744629,-16.51449966430664,-14.395824432373047,-11.63556957244873,-9.208528518676758,-7.714540004730225,-7.18391227722168,-6.7894816398620605,-6.48557186126709,-7.137887001037598,-7.6231842041015625,-6.0248541831970215,-4.232254505157471,-4.07304048538208,-3.78944730758667,-4.262325763702393,-6.578741550445557,-7.0334672927856445
-3.2426986694335938,-3.2915587425231934,-2.937267303466797,-2.798055410385132,-2.5795204639434814,-2.5421032905578613,-4.136146545410156,-6.315552234649658,-7.312338352203369,-7.384721755981445,-7.261536598205566,-6.755411624908447,-6.007790565490723,-6.128527641296387,-7.043146133422852,-6.6120123863220215,-6.231870651245117,-8.962794303894043,-12.423324584960938,-13.732479095458984,-14.511773109436035,-16.122802734375,-17.35794448852539,-16.457733154296875,-14.667132377624512,-13.342514038085938,-13.394940376281738,-12.83659839630127,-11.11823558807373,-8.718111991882324,-6.890433311462402,-6.656186580657959,-6.629855632781982,-5.58139705657959,-4.960949420928955,-5.887871742248535,-5.72218656539917,-3.8382318019866943,-2.3666820526123047,-3.0536534786224365,-4.493327617645264,-5.058149814605713,-5.023608684539795
-3.8553531169891357,-3.735517740249634,-3.8467705249786377,-3.7991039752960205,-3.492231845855713,-3.134467601776123,-4.520538330078125,-6.705552101135254,-7.553497791290283,-7.457271099090576,-7.934205055236816,-9.208549499511719,-10.155166625976562,-9.88117504119873,-8.904927253723145,-8.301462173461914,-8.365017890930176,-9.464598655700684,-11.406928062438965,-12.3020601272583,-12.679330825805664,-15.146246910095215,-17.499479293823242,-17.383329391479492,-14.725459098815918,-12.209687232971191,-10.965330123901367,-11.24238109588623,-10.196198463439941,-7.270278453826904,-5.558180332183838,-6.043062686920166,-6.659493446350098,-5.710049152374268,-4.292252540588379,-4.751513957977295,-4.33053731918335,-2.8506019115448,-2.9499642848968506,-4.3915886878967285,-4.808043479919434,-5.267050266265869,-5.5655622482299805
-4.691082000732422,-4.887136936187744,-5.079349517822266,-4.720601558685303,-3.803644895553589,-3.136850118637085,-4.389309883117676,-6.5061163902282715,-7.116919994354248,-7.112255573272705,-8.886055946350098,-11.487546920776367,-12.290571212768555,-11.089059829711914,-10.03425121307373,-9.12393569946289,-9.198180198669434,-11.694906234741211,-14.331465721130371,-16.0426025390625,-16.818212509155273,-17.43659019470215,-17.50080108642578,-16.405426025390625,-13.071657180786133,-9.4126615524292,-7.81380033493042,-7.526695728302002,-7.009235858917236,-4.871140480041504,-4.333703994750977,-5.895618915557861,-6.138646602630615,-5.2694525718688965,-4.622731685638428,-3.746845245361328,-2.5217525959014893,-1.7956113815307617,-2.621471405029297,-4.0670599937438965,-4.237337112426758,-4.24422550201416,-4.472494125366211
-3.579561948776245,-4.558006763458252,-4.844473838806152,-4.809218406677246,-4.054434299468994,-3.7004997730255127,-4.4971818923950195,-6.311673641204834,-7.105312824249268,-7.160723686218262,-8.455211639404297,-10.882227897644043,-12.51598834991455,-12.952526092529297,-11.895834922790527,-11.138248443603516,-10.613489151000977,-10.267520904541016,-10.79482650756836,-13.122374534606934,-16.809640884399414,-18.23141860961914,-17.292619705200195,-15.12867546081543,-12.111992835998535,-9.369512557983398,-7.409776210784912,-6.399758815765381,-5.495828628540039,-4.242033958435059,-4.325160503387451,-5.487593173980713,-5.467496871948242,-5.304661273956299,-4.63987922668457,-3.3669755458831787,-2.545034170150757,-2.2954165935516357,-2.864237070083618,-4.0732011795043945,-4.58878755569458,-4.520735263824463,-4.269079208374023
