data/wind_data/wind_46_4.json
{"header": {"parameterUnit": "KT", "parameterCategory": 2, "nx": 256, "ny": 198, "lo1": 44.73521041870117, "la1": -3.236724853515625, "lo2": 111.26478576660156, "la2": 43.468475341796875, "dx": 0.2609002888202667, "dy": -0.23708222806453705, "refTime": "2025-02-20 22:00:00", "forecastTime": 0, "parameterNumber": 2, "parameterNumberName": "eastward_wind"}, "data":
[rows 57 to 75 of 198, columns 88 to 131 of 256]
-13.132755279541016,-13.234090805053711,-13.138936996459961,-12.868927001953125,-12.456153869628906,-12.040704727172852,-11.668477058410645,-11.301006317138672,-11.000500679016113,-10.762147903442383,-10.497629165649414,-9.988113403320312,-9.304728507995605,-8.74081039428711,-8.414419174194336,-8.212834358215332,-8.088994979858398,-7.830147743225098,-7.277029037475586,-6.4395575523376465,-5.649709701538086,-5.327216625213623,-5.335768699645996,-5.407809257507324,-5.516915321350098,-5.900315284729004,-6.760566711425781,-7.462143898010254,-7.843944072723389,-8.240883827209473,-8.130080223083496,-7.217755317687988,-7.21023416519165,-4.698482990264893,0.10377349704504013,-0.6281231045722961,-5.293434143066406,-7.463343620300293,-9.319202423095703,-11.101693153381348,-10.645577430725098,-8.286908149719238,-6.354621887207031,-6.7131171226501465
-12.181964874267578,-12.357138633728027,-12.419332504272461,-12.239591598510742,-11.843472480773926,-11.37747573852539,-10.857545852661133,-10.359136581420898,-9.996115684509277,-9.623004913330078,-9.222363471984863,-8.560821533203125,-7.703518390655518,-7.179861545562744,-7.099963188171387,-7.089117050170898,-6.9337005615234375,-6.818876266479492,-6.361083030700684,-5.516473293304443,-4.611884117126465,-3.926849365234375,-3.6099743843078613,-3.7630832195281982,-4.383650779724121,-5.343851089477539,-6.44084358215332,-6.864084243774414,-7.091542720794678,-7.648598670959473,-7.709350109100342,-7.106090068817139,-5.394892692565918,-2.6267518997192383,-1.1404277086257935,-2.0974934101104736,-3.3814680576324463,-5.910068988800049,-9.227001190185547,-11.006354331970215,-9.694842338562012,-7.126205921173096,-6.093904495239258,-6.617257118225098
-11.19620418548584,-11.427592277526855,-11.525799751281738,-11.451821327209473,-11.194777488708496,-10.76507568359375,-10.12039566040039,-9.514374732971191,-9.121973991394043,-8.609423637390137,-7.9012064933776855,-7.068573951721191,-6.261882305145264,-5.870325088500977,-6.014918804168701,-6.1764445304870605,-6.07074499130249,-5.936039447784424,-5.47348690032959,-4.7306599617004395,-4.030369758605957,-3.371293067932129,-2.7570559978485107,-2.367093086242676,-2.4477739334106445,-3.221031427383423,-4.342212677001953,-4.629842281341553,-4.649587631225586,-4.780967712402344,-5.0350847244262695,-4.891586780548096,-2.8949220180511475,-1.0184249877929688,-0.2806764841079712,-2.1902403831481934,-4.164571762084961,-6.423879623413086,-8.79133129119873,-9.35550594329834,-8.022294044494629,-6.617945671081543,-6.416488170623779,-6.618897914886475
-10.14803409576416,-10.416242599487305,-10.592928886413574,-10.624637603759766,-10.459830284118652,-10.130228042602539,-9.549443244934082,-8.863176345825195,-8.33020305633545,-7.768886089324951,-6.919107437133789,-5.939120292663574,-5.2026543617248535,-4.980332851409912,-5.2629899978637695,-5.484375476837158,-5.4200921058654785,-5.206053733825684,-4.657089710235596,-3.96744441986084,-3.494663715362549,-3.050412178039551,-2.515104293823242,-1.8713712692260742,-1.3012008666992188,-1.4878591299057007,-2.2148051261901855,-2.255235195159912,-2.196075201034546,-2.49576473236084,-2.633807897567749,-2.4586281776428223,-0.6935295462608337,0.30406689643859863,0.2317732721567154,-1.8075698614120483,-4.516168117523193,-6.590403079986572,-7.1684184074401855,-6.666130542755127,-6.220160007476807,-6.199092388153076,-6.275017738342285,-6.291073322296143
-9.20205020904541,-9.416952133178711,-9.630212783813477,-9.697407722473145,-9.544564247131348,-9.319703102111816,-9.007888793945312,-8.446455955505371,-7.845382213592529,-7.146004676818848,-6.249679088592529,-5.318416118621826,-4.6928582191467285,-4.548277378082275,-4.699511528015137,-4.789880752563477,-4.819483757019043,-4.654550075531006,-4.096654415130615,-3.472278118133545,-3.1792476177215576,-2.8992786407470703,-2.575923442840576,-1.8359392881393433,-1.3778499364852905,-0.965510368347168,-1.2835161685943604,-1.0904467105865479,-1.1656303405761719,-2.13655948638916,-2.3544609546661377,-1.5978542566299438,0.5482958555221558,1.1573234796524048,0.6171540021896362,-0.9891481995582581,-3.7711522579193115,-5.673984527587891,-5.194766044616699,-4.281475067138672,-4.408188819885254,-4.929794788360596,-5.275106430053711,-5.636715412139893
-8.4210844039917,-8.569060325622559,-8.755708694458008,-8.856256484985352,-8.792142868041992,-8.646855354309082,-8.501852035522461,-8.179726600646973,-7.640793800354004,-6.8931450843811035,-5.970653057098389,-5.098262310028076,-4.553254127502441,-4.448946475982666,-4.4582109451293945,-4.340287685394287,-4.223391056060791,-4.0108323097229,-3.5731048583984375,-3.0846338272094727,-2.888855457305908,-2.8090505599975586,-2.443248748779297,-2.3192827701568604,-2.3357014656066895,-1.28804612159729,-1.2813217639923096,-0.7360222339630127,-0.7612643837928772,-1.141295075416565,-0.7368537187576294,0.20578324794769287,1.906364917755127,2.211604118347168,1.4299278259277344,-0.26942187547683716,-2.886383295059204,-4.094871520996094,-3.3762238025665283,-2.7129197120666504,-2.744746446609497,-3.1848020553588867,-4.053131580352783,-4.8746490478515625
-7.813514709472656,-7.905237674713135,-8.044288635253906,-8.17282772064209,-8.218873977661133,-8.21789836883545,-8.163525581359863,-7.943626880645752,-7.539644718170166,-6.890772819519043,-6.013286590576172,-5.152520179748535,-4.633536338806152,-4.48217248916626,-4.317525863647461,-4.009546279907227,-3.734318494796753,-3.4325060844421387,-3.02447509765625,-2.544213056564331,-2.2801260948181152,-2.343325614929199,-2.095815896987915,-1.8030959367752075,-1.7916429042816162,-0.5410074591636658,-0.8373282551765442,-0.5009457468986511,0.06127743795514107,1.0828858613967896,1.5454436540603638,2.175481081008911,3.18148136138916,3.0843310356140137,2.162031412124634,0.3070905804634094,-1.8748221397399902,-2.4440386295318604,-1.8332844972610474,-1.3996204137802124,-1.4643092155456543,-1.6784815788269043,-2.3209710121154785,-3.461273193359375
-7.365598678588867,-7.416342735290527,-7.508200645446777,-7.588642120361328,-7.64164924621582,-7.667605876922607,-7.683208465576172,-7.584074974060059,-7.30531644821167,-6.764549255371094,-5.994443893432617,-5.253828525543213,-4.832550048828125,-4.607741355895996,-4.1610307693481445,-3.6309292316436768,-3.238233804702759,-2.925273895263672,-2.625347375869751,-2.205317974090576,-1.8110992908477783,-1.717431664466858,-1.4049594402313232,-0.18786834180355072,1.4715821743011475,1.6676201820373535,1.208406925201416,0.47010764479637146,0.9369604587554932,2.2368218898773193,2.8389225006103516,2.8785247802734375,3.3052361011505127,2.806833267211914,1.8811026811599731,0.604914665222168,-0.8842962980270386,-1.4086424112319946,-0.9115138053894043,-0.4154224991798401,-0.6429826021194458,-0.8061930537223816,-0.9038853049278259,-1.7566046714782715
-7.493762969970703,-7.4251389503479,-7.353806018829346,-7.278876781463623,-7.207411289215088,-7.2096734046936035,-7.257307529449463,-7.292748928070068,-7.158137321472168,-6.676875114440918,-5.8987932205200195,-5.209587097167969,-4.943540096282959,-4.793015003204346,-4.2049431800842285,-3.469935894012451,-2.9224960803985596,-2.5960733890533447,-2.4250588417053223,-2.164534568786621,-1.7905492782592773,-1.4619847536087036,-0.9825391173362732,0.1193448007106781,1.7294373512268066,3.091874599456787,2.8677666187286377,1.8043133020401,1.875447392463684,2.3716373443603516,2.64371395111084,2.621586799621582,2.4268202781677246,1.5483319759368896,0.3303775191307068,-0.12670014798641205,-0.5770366787910461,-1.0777490139007568,-0.6662644147872925,-0.02360341139137745,-0.32483139634132385,-0.633843719959259,-0.6063611507415771,-0.8712388873100281
-8.21615219116211,-8.059052467346191,-7.781656742095947,-7.45625114440918,-7.165530681610107,-6.9820637702941895,-6.948491096496582,-7.011460781097412,-6.976801872253418,-6.5861358642578125,-5.804725646972656,-5.059360504150391,-4.8310370445251465,-4.8113579750061035,-4.375846862792969,-3.6500959396362305,-2.948408842086792,-2.583725929260254,-2.533677816390991,-2.414215564727783,-2.108252763748169,-1.7641990184783936,-1.2037841081619263,-0.020631464198231697,1.7180119752883911,3.171635389328003,3.607205390930176,3.394787549972534,3.24639892578125,3.0715723037719727,2.750054121017456,2.3049702644348145,1.5451754331588745,0.48303908109664917,-0.8409807085990906,-0.9377042651176453,-0.59071284532547,-0.8676339983940125,-0.5626184940338135,0.08522918820381165,-0.15284161269664764,-0.638954758644104,-0.5473320484161377,-0.5271912217140198
-8.958914756774902,-8.664078712463379,-8.235465049743652,-7.763192653656006,-7.298513412475586,-6.896456718444824,-6.623143196105957,-6.522829055786133,-6.4500017166137695,-6.113531112670898,-5.397439956665039,-4.6390252113342285,-4.31913423538208,-4.313048839569092,-4.144379138946533,-3.694737195968628,-3.0354366302490234,-2.5826003551483154,-2.581904888153076,-2.6361420154571533,-2.423471689224243,-2.074106454849243,-1.5588701963424683,-0.40396741032600403,1.3282792568206787,2.7924675941467285,4.36099910736084,5.041934490203857,4.715992450714111,4.113094806671143,3.175496816635132,2.140974521636963,1.2030041217803955,0.2749660611152649,-0.8963164687156677,-1.1558743715286255,-0.701715886592865,-0.8379411697387695,-0.5554618239402771,-0.055572330951690674,-0.08349132537841797,-0.41074368357658386,-0.17433932423591614,-0.20866131782531738
-9.136305809020996,-8.7622709274292,-8.276803016662598,-7.746101379394531,-7.214780330657959,-6.707172393798828,-6.273365497589111,-5.962008476257324,-5.693735599517822,-5.28047513961792,-4.621241569519043,-3.870675802230835,-3.3722100257873535,-3.213135242462158,-3.1960511207580566,-3.0332047939300537,-2.563671350479126,-2.0588667392730713,-1.899854063987732,-1.948641300201416,-1.7708524465560913,-1.3213714361190796,-0.8493257164955139,-0.0912126749753952,1.4076803922653198,3.4038803577423096,5.842852592468262,6.915710926055908,6.4302144050598145,5.4671630859375,3.9122400283813477,2.418811559677124,1.4945868253707886,0.747359037399292,-0.6196363568305969,-0.9433505535125732,-0.7924074530601501,-0.94808429479599,-0.5694947838783264,-0.24148763716220856,-0.13809488713741302,-0.05200546607375145,0.36676210165023804,0.39301007986068726
-8.55773639678955,-8.184767723083496,-7.7662248611450195,-7.30926513671875,-6.853016376495361,-6.424739360809326,-6.019265174865723,-5.614722728729248,-5.156225204467773,-4.6024956703186035,-3.93306827545166,-3.17410945892334,-2.443192481994629,-1.997708797454834,-1.9551806449890137,-1.924628496170044,-1.5355132818222046,-0.8686245083808899,-0.3651142716407776,-0.16283470392227173,0.04682643339037895,0.35897356271743774,0.6899625062942505,0.9703442454338074,2.1922290325164795,4.845603942871094,7.2235493659973145,7.975028038024902,7.634904384613037,6.807254791259766,4.811828136444092,2.957411527633667,2.069755792617798,1.4100310802459717,0.037820231169462204,-0.1775343120098114,-0.1983443647623062,-0.478866308927536,-0.2369365245103836,-0.014309690333902836,0.23282071948051453,0.6356019973754883,1.2335292100906372,1.4868556261062622
-7.732483386993408,-7.409071445465088,-7.091198921203613,-6.783464431762695,-6.493478775024414,-6.210651874542236,-5.886079788208008,-5.4773054122924805,-4.939431667327881,-4.292337894439697,-3.626105308532715,-2.9332995414733887,-2.084725856781006,-1.2903112173080444,-1.0203025341033936,-1.037652850151062,-0.7270402908325195,0.11579622328281403,1.0504162311553955,1.6291728019714355,1.9704900979995728,2.1086394786834717,2.2008118629455566,2.0346829891204834,3.1906540393829346,6.500495910644531,7.877051830291748,7.695712089538574,7.820128917694092,7.847357749938965,6.0569634437561035,4.026770114898682,2.8937222957611084,2.051072597503662,0.8629072904586792,0.8906679749488831,1.0904488563537598,0.8667318820953369,0.6588112115859985,0.7556766271591187,1.0457496643066406,1.5357426404953003,2.500166893005371,3.0078442096710205
-7.261262893676758,-7.108227729797363,-6.935364723205566,-6.737161636352539,-6.537692070007324,-6.31892204284668,-5.998741626739502,-5.511768341064453,-4.851568698883057,-4.1043524742126465,-3.4554896354675293,-2.9035239219665527,-2.122278928756714,-1.0987404584884644,-0.4820363521575928,-0.4284535348415375,-0.2928418517112732,0.3619675636291504,1.3236876726150513,2.092602014541626,2.52809739112854,2.6379523277282715,2.6771039962768555,2.882021427154541,3.967987537384033,7.0021467208862305,7.539525985717773,6.985806941986084,7.64316987991333,8.420364379882812,7.422860145568848,5.4882707595825195,3.872180223464966,2.5988833904266357,1.7191523313522339,2.155547618865967,2.655639410018921,2.659710168838501,2.2769484519958496,2.1499505043029785,2.213578701019287,2.5297186374664307,3.6997122764587402,4.323155403137207
-7.114162921905518,-7.191404342651367,-7.178571701049805,-7.052555084228516,-6.830859661102295,-6.5295515060424805,-6.10615873336792,-5.496189117431641,-4.688486576080322,-3.8075778484344482,-3.1068508625030518,-2.6259520053863525,-1.9522188901901245,-0.9070851802825928,-0.04275438189506531,0.22024807333946228,0.29254990816116333,0.7221264839172363,1.3666995763778687,1.8848037719726562,2.159393787384033,2.292205572128296,2.455427885055542,3.345764398574829,4.633149147033691,6.824350357055664,7.754002094268799,7.181659698486328,7.682312488555908,8.388298988342285,8.023140907287598,6.4944987297058105,4.616136074066162,3.061100959777832,2.9540352821350098,3.7495040893554688,4.153594493865967,4.262678146362305,4.104751110076904,3.8717472553253174,3.653994560241699,3.6890738010406494,4.635374069213867,5.026888370513916
-6.867904186248779,-7.064034938812256,-7.165937900543213,-7.0994791984558105,-6.849730491638184,-6.43743371963501,-5.858036518096924,-5.091421127319336,-4.141851902008057,-3.1477112770080566,-2.3966243267059326,-1.9520455598831177,-1.3702247142791748,-0.39632168412208557,0.5310700535774231,0.962126612663269,1.0617140531539917,1.3004952669143677,1.6807564496994019,1.818013072013855,1.6968425512313843,1.8356819152832031,2.498224973678589,3.7087841033935547,5.6876630783081055,7.690652370452881,8.470175743103027,8.247518539428711,7.900460243225098,7.925334453582764,7.847780227661133,6.851807117462158,5.130883693695068,3.9751877784729004,4.424931049346924,5.266167163848877,5.5161333084106445,5.555216312408447,5.635040760040283,5.570289611816406,5.116922378540039,4.7466559410095215,5.318296909332275,5.301218509674072
-6.428865432739258,-6.57314395904541,-6.657845497131348,-6.607734203338623,-6.374516487121582,-5.947371482849121,-5.314215660095215,-4.466187477111816,-3.4216344356536865,-2.321658134460449,-1.4740418195724487,-1.006173014640808,-0.5393118262290955,0.28804245591163635,1.1778053045272827,1.6620540618896484,1.8324495553970337,2.078583002090454,2.388775110244751,2.3959760665893555,2.059154748916626,2.086097478866577,2.860325336456299,4.083027362823486,6.207837104797363,8.423032760620117,9.203185081481934,8.87331771850586,8.227503776550293,7.6433820724487305,7.400930881500244,6.906490325927734,6.173391342163086,5.832314491271973,6.132488250732422,6.739264011383057,7.009317874908447,6.993632793426514,7.1612043380737305,7.239317893981934,6.735796928405762,6.144028663635254,6.298746585845947,5.647651195526123
-5.903495788574219,-5.908951282501221,-5.8574748039245605,-5.735025882720947,-5.5111284255981445,-5.162444591522217,-4.649425029754639,-3.9077467918395996,-2.927579402923584,-1.8111822605133057,-0.8129952549934387,-0.1570773422718048,0.33191245794296265,0.995553195476532,1.7191604375839233,2.1751158237457275,2.4227328300476074,2.8018529415130615,3.2500126361846924,3.432080030441284,3.1693227291107178,2.9334518909454346,3.2316346168518066,4.055919647216797,5.94091272354126,7.609185218811035,8.52918815612793,8.975200653076172,8.473821640014648,7.608606338500977,7.12429666519165,7.1210503578186035,7.393926620483398,7.74760627746582,7.868075370788574,8.160593032836914,8.44826602935791,8.358015060424805,8.296340942382812,8.304000854492188,8.163207054138184,8.032304763793945,7.950326442718506,6.52725887298584
