data/wind_data/wind_20_9.json
{"header": {"parameterUnit": "KT", "parameterCategory": 2, "nx": 256, "ny": 198, "lo1": 44.73521041870117, "la1": -3.236724853515625, "lo2": 111.26478576660156, "la2": 43.468475341796875, "dx": 0.2609002888202667, "dy": -0.23708222806453705, "refTime": "2025-02-19 20:00:00", "forecastTime": 0, "parameterNumber": 2, "parameterNumberName": "eastward_wind"}, "data":
[rows 140 to 159 of 198, columns 129 to 171 of 256]
23.89704704284668,22.162321090698242,18.758337020874023,16.995391845703125,17.630109786987305,19.730636596679688,21.58478355407715,21.926530838012695,21.622554779052734,21.101099014282227,19.21118927001953,15.90579891204834,14.186074256896973,15.198695182800293,16.99273109436035,17.757816314697266,16.859960556030273,14.043299674987793,9.967387199401855,6.5577898025512695,5.938307285308838,7.959315299987793,10.28654670715332,11.952905654907227,13.413497924804688,13.81751823425293,11.367981910705566,6.829718589782715,4.345076084136963,4.716216087341309,6.011081218719482,6.801445007324219,6.916661262512207,6.320951461791992,4.556119918823242,2.5350112915039062,1.2930338382720947,0.48286017775535583,0.5231875777244568,1.9340325593948364,4.171555519104004,6.617251396179199,9.274506568908691
21.752534866333008,20.008712768554688,17.67762565612793,16.00421142578125,15.54503059387207,16.14985466003418,17.07965850830078,18.336450576782227,19.940336227416992,20.832355499267578,19.170740127563477,16.32457733154297,15.477860450744629,16.253948211669922,16.148435592651367,14.628458976745605,12.572163581848145,10.218554496765137,7.546895980834961,5.724054336547852,6.9327168464660645,10.231182098388672,12.30274772644043,12.764067649841309,12.689090728759766,11.63634204864502,9.41223430633545,7.134117126464844,5.584183216094971,4.964406490325928,5.432726860046387,6.229631423950195,6.378575325012207,5.401219367980957,3.738685369491577,2.214184284210205,1.1133800745010376,0.4191318154335022,0.2631511986255646,0.9017042517662048,2.337080717086792,4.395476341247559,7.248362064361572
18.82237434387207,17.509748458862305,14.747529029846191,12.230483055114746,11.92155647277832,12.825986862182617,14.62448787689209,17.323837280273438,19.854591369628906,20.103212356567383,18.022727966308594,16.23711395263672,15.502530097961426,14.182209014892578,11.304652214050293,8.43717098236084,6.910331726074219,6.34306526184082,5.836971759796143,6.070240020751953,8.570858001708984,11.821642875671387,12.981538772583008,12.232826232910156,10.35558032989502,8.63153076171875,8.067179679870605,7.864704608917236,6.891127586364746,5.887393474578857,5.8555803298950195,6.119284152984619,5.419486045837402,3.979409694671631,2.918517589569092,2.431041955947876,2.314962148666382,2.71146559715271,3.01448655128479,2.9867124557495117,3.254216194152832,3.9869120121002197,5.621821880340576
14.828961372375488,14.196146011352539,12.110321998596191,10.339599609375,10.330238342285156,11.299917221069336,12.638359069824219,14.224967002868652,15.188233375549316,14.995320320129395,14.080911636352539,12.877192497253418,11.242502212524414,8.69905948638916,5.534445285797119,3.504563093185425,3.7053256034851074,4.941183090209961,5.7249860763549805,6.962455749511719,9.389521598815918,11.490286827087402,12.01015853881836,10.965935707092285,9.303187370300293,8.29316520690918,8.104500770568848,7.740508556365967,6.732345104217529,6.047205448150635,5.9937357902526855,5.707787036895752,4.568841457366943,3.4292104244232178,3.356358289718628,3.9181480407714844,4.022706031799316,3.5594847202301025,3.423494577407837,3.442119836807251,3.317811965942383,3.0846781730651855,3.426957130432129
12.746539115905762,12.39857006072998,10.009151458740234,8.087575912475586,7.976695537567139,7.85066556930542,7.860647201538086,8.868794441223145,10.275849342346191,10.619583129882812,9.157620429992676,7.801662445068359,6.879440784454346,5.1127028465271,2.8486135005950928,2.0961341857910156,3.7139084339141846,6.008411884307861,6.977789402008057,7.617197513580322,8.853379249572754,10.058539390563965,10.450441360473633,10.03028678894043,9.758810043334961,9.410109519958496,8.305849075317383,6.35545015335083,4.662515640258789,4.450448989868164,5.103693008422852,5.579949378967285,5.130077362060547,4.782148838043213,5.529709815979004,6.195338249206543,4.6870551109313965,1.9368484020233154,0.4729927182197571,0.4144918620586395,1.3329646587371826,2.325993776321411,1.6838630437850952
11.921879768371582,10.63199234008789,7.997417449951172,6.7847442626953125,6.805216312408447,7.039800643920898,7.356463432312012,7.578066825866699,7.447007179260254,6.667703628540039,6.1153130531311035,6.298953533172607,5.9162116050720215,4.066326141357422,2.3100552558898926,2.6407577991485596,5.159374237060547,7.624449729919434,7.669418811798096,7.056649684906006,7.653369426727295,8.64183235168457,8.641143798828125,8.37252140045166,8.595659255981445,8.173674583435059,6.277167797088623,3.8974175453186035,2.9589176177978516,4.0607709884643555,5.880502223968506,6.681606292724609,6.439006805419922,6.649523735046387,7.157447814941406,6.194313049316406,3.844491481781006,1.110693335533142,-0.7712053060531616,-0.656865656375885,1.0011416673660278,2.254169225692749,1.9545280933380127
10.876419067382812,9.546788215637207,7.725196838378906,7.466945648193359,8.327513694763184,8.780150413513184,7.830972671508789,6.094982624053955,4.930596351623535,4.945362567901611,5.760592937469482,6.066856384277344,4.842912197113037,2.9968020915985107,2.480480909347534,3.8991286754608154,6.64820671081543,8.166054725646973,6.8168816566467285,5.627918720245361,6.372466087341309,6.97421932220459,5.898679256439209,4.804173469543457,4.270081043243408,3.4577796459198,2.896564245223999,3.5403757095336914,4.9140625,6.674851417541504,7.907635688781738,7.5433125495910645,7.110208034515381,7.492626190185547,7.144877910614014,5.198562145233154,3.2496345043182373,1.6074198484420776,0.22032567858695984,0.02600787952542305,1.3480814695358276,2.361786365509033,3.350100517272949
8.82421588897705,8.940290451049805,8.657356262207031,8.23641586303711,7.526112079620361,7.239110469818115,6.590750694274902,4.981583118438721,3.695652723312378,3.648746967315674,3.5944361686706543,2.8761165142059326,2.2470340728759766,2.3266916275024414,3.227570056915283,5.092652320861816,7.185093402862549,7.161396503448486,5.138150691986084,4.311672210693359,4.937891006469727,4.490877628326416,2.092731475830078,0.11045989394187927,-0.4261060059070587,0.44403380155563354,2.7341067790985107,5.807311534881592,7.814205169677734,8.643736839294434,8.468461990356445,7.831465244293213,7.913205146789551,8.04208755493164,6.854519367218018,4.608819484710693,2.372040033340454,0.9402409195899963,0.5428061485290527,0.981924831867218,1.5721532106399536,2.342197895050049,2.7546963691711426
8.326107025146484,9.09394359588623,9.131175994873047,7.012362957000732,5.210409164428711,5.781029224395752,5.736543655395508,3.2786152362823486,0.4377443194389343,-1.3183404207229614,-1.7264206409454346,-0.48810699582099915,1.3573991060256958,3.0464978218078613,4.524571895599365,5.921016216278076,6.443045616149902,5.294220447540283,3.8995425701141357,3.8602309226989746,3.742279052734375,1.4697006940841675,-1.3187766075134277,-2.449516773223877,-1.6177924871444702,1.0357924699783325,4.550180912017822,7.243836879730225,8.340331077575684,8.337782859802246,8.313638687133789,9.034899711608887,9.508993148803711,8.501368522644043,6.084625720977783,3.444322109222412,1.426253318786621,0.7757242321968079,0.6431336402893066,0.7866138219833374,0.48094823956489563,0.7222059965133667,1.4616669416427612
8.372628211975098,8.770841598510742,8.255412101745605,6.0629119873046875,4.6957597732543945,4.2168869972229,2.338777542114258,-1.5652400255203247,-5.132229804992676,-6.126956939697266,-3.489224433898926,0.7265481352806091,3.839864492416382,5.6463470458984375,6.874541759490967,7.2317280769348145,6.108019828796387,4.449923038482666,3.578145980834961,3.3692026138305664,1.817012071609497,-1.248712182044983,-2.6952714920043945,-1.871299147605896,0.34593135118484497,3.1289713382720947,5.497129440307617,6.914206504821777,7.437707901000977,7.79054069519043,9.047137260437012,10.38040542602539,10.11062240600586,7.934018611907959,5.399213790893555,3.100058078765869,1.3054919242858887,0.6640720963478088,0.2355491816997528,-0.34732088446617126,0.8096662759780884,2.2105085849761963,2.980102062225342
8.315449714660645,7.131632328033447,7.191833019256592,6.797266960144043,4.4813008308410645,0.8495522141456604,-2.346808433532715,-5.3747100830078125,-7.083609580993652,-5.019663333892822,0.31655535101890564,5.469521999359131,7.355803966522217,7.471800327301025,7.9664082527160645,8.009510040283203,6.15762996673584,3.584908962249756,1.9643375873565674,0.9515560865402222,-0.9939422607421875,-2.7619469165802,-2.331442356109619,-0.2562607526779175,2.381490468978882,4.543142795562744,6.0723161697387695,7.223304748535156,7.763943195343018,8.28903579711914,9.70596981048584,10.43675422668457,9.343042373657227,8.02791976928711,6.400077819824219,3.1609108448028564,0.4081622362136841,0.22097136080265045,0.8147830367088318,1.3489514589309692,2.520364999771118,3.4251017570495605,3.814631938934326
7.650937080383301,6.771129608154297,8.01910400390625,7.356228828430176,2.55948543548584,-3.097479820251465,-6.040707111358643,-6.708708763122559,-4.995223045349121,-0.20366345345973969,5.768926620483398,8.196632385253906,7.2035722732543945,6.242252826690674,6.245484828948975,5.777369499206543,3.7190988063812256,1.1661338806152344,-0.5124475359916687,-1.9173165559768677,-3.0750229358673096,-2.505406618118286,-0.8758580684661865,0.709206759929657,2.483973979949951,4.994612216949463,7.550652027130127,8.557660102844238,8.479674339294434,8.53328800201416,9.307870864868164,9.481252670288086,9.368754386901855,9.289661407470703,7.069439888000488,2.883244514465332,0.3286016285419464,0.8604834675788879,2.4143028259277344,3.1387875080108643,3.550367593765259,3.7618205547332764,3.737375020980835
7.408984184265137,8.019883155822754,8.357757568359375,5.400721549987793,-0.038896895945072174,-4.657519340515137,-6.210348129272461,-4.572379112243652,-0.033951472491025925,5.704899311065674,8.295181274414062,7.291390895843506,5.288300514221191,4.001023769378662,2.835312604904175,1.2229713201522827,-0.49688154458999634,-1.6987932920455933,-2.536505937576294,-3.281445026397705,-2.7827656269073486,-0.7152847647666931,1.027183175086975,1.661041021347046,2.6435623168945312,5.1565632820129395,8.008172988891602,9.014364242553711,8.839831352233887,8.90470027923584,9.587964057922363,9.772624969482422,9.939457893371582,9.520543098449707,6.99237585067749,3.5450258255004883,1.6739953756332397,2.1286988258361816,3.4349491596221924,4.22304630279541,4.538014888763428,4.373875141143799,3.9387872219085693
7.346731185913086,6.823483467102051,4.814852714538574,1.5061886310577393,-0.9927296042442322,-1.3505858182907104,-0.49884599447250366,1.8390671014785767,5.213737964630127,7.576070785522461,6.882202625274658,5.5197367668151855,4.165548324584961,2.248676300048828,-0.03621792793273926,-2.009204149246216,-3.0224733352661133,-3.0631399154663086,-2.883347272872925,-2.4773221015930176,-1.040977120399475,0.9112241864204407,2.4168195724487305,3.15358304977417,3.860403299331665,5.283379077911377,7.426675796508789,8.799044609069824,9.170757293701172,9.782642364501953,10.524815559387207,10.453038215637207,9.79633617401123,8.426767349243164,6.289214134216309,4.403459548950195,3.225245237350464,3.251699924468994,4.169291973114014,5.23273229598999,5.931872844696045,5.866609573364258,5.222341060638428
6.060526371002197,3.0091044902801514,0.23179756104946136,-0.9711545705795288,0.21668988466262817,2.7570748329162598,4.879204273223877,5.718761920928955,5.894612789154053,5.3591461181640625,4.344500541687012,3.971724510192871,3.2224507331848145,1.4891716241836548,-0.38414207100868225,-1.7594619989395142,-2.433027505874634,-2.465763807296753,-2.207118272781372,-1.5976300239562988,-0.24072308838367462,1.3796770572662354,2.898319721221924,4.353518962860107,5.4563307762146,6.190183639526367,7.441404342651367,8.785482406616211,9.336854934692383,10.047575950622559,10.543280601501465,10.294020652770996,9.10664176940918,6.752867698669434,4.819404125213623,3.999678611755371,3.71620774269104,4.110435485839844,5.092358589172363,5.997220039367676,6.4126081466674805,6.163084506988525,5.891290187835693
4.525925636291504,0.8143519759178162,-0.7165115475654602,0.47576698660850525,2.8530654907226562,5.693053722381592,5.992480754852295,4.342234134674072,3.9831812381744385,3.7170045375823975,3.487745523452759,3.131985664367676,2.6848795413970947,1.9711322784423828,1.0883569717407227,0.14956389367580414,-0.7361331582069397,-1.5643243789672852,-2.2218897342681885,-2.185657024383545,-1.0384372472763062,0.6629273891448975,2.72684645652771,5.0946125984191895,6.679750919342041,7.24529504776001,8.122937202453613,9.017499923706055,8.932411193847656,8.777891159057617,8.977936744689941,9.292023658752441,7.639852523803711,4.496970176696777,3.0516834259033203,3.0609381198883057,3.543325901031494,4.398713111877441,5.405595302581787,5.859145641326904,5.766618728637695,5.396365165710449,5.531640529632568
3.484097719192505,1.9659717082977295,2.110551595687866,3.3916258811950684,4.871008396148682,5.42092752456665,3.864413022994995,3.599379539489746,3.403615951538086,3.1335794925689697,3.31439471244812,3.290196418762207,3.325026750564575,3.33872127532959,2.8040482997894287,1.6080480813980103,0.057143740355968475,-1.747309684753418,-3.389148712158203,-3.704627275466919,-2.340627431869507,0.045839134603738785,3.075441360473633,5.8144707679748535,6.9802069664001465,7.2882771492004395,8.213921546936035,8.97150707244873,7.877694129943848,6.493561267852783,6.7816901206970215,7.065438747406006,5.398059844970703,3.3759968280792236,2.8741366863250732,3.0909929275512695,3.770811080932617,4.719786167144775,5.380477428436279,5.273231506347656,4.889016628265381,4.820011138916016,5.400081157684326
3.868924856185913,5.215242385864258,5.574461936950684,5.173215389251709,4.871082782745361,4.2937211990356445,4.286133766174316,3.7190985679626465,2.5149500370025635,2.4324893951416016,2.857135772705078,3.328416585922241,3.8777613639831543,4.28377103805542,3.625880718231201,1.7953357696533203,-0.504824697971344,-2.8121299743652344,-4.356495380401611,-4.113156318664551,-2.1139814853668213,1.0104327201843262,4.453178405761719,6.6550612449646,6.839336395263672,6.75386381149292,7.677321434020996,8.647220611572266,7.41983699798584,5.566588878631592,5.062703609466553,4.947270393371582,4.705328941345215,4.518800735473633,4.315494537353516,3.883734703063965,4.017216205596924,4.953862190246582,5.919513702392578,5.749385356903076,4.942596435546875,4.7989044189453125,5.506031513214111
6.077235221862793,7.565526008605957,6.9422502517700195,5.7852349281311035,4.859509468078613,4.030318260192871,4.061278820037842,3.6955084800720215,2.555138349533081,1.7523174285888672,1.6637732982635498,2.2295982837677,2.868488311767578,3.355262279510498,2.7616772651672363,0.8635576367378235,-1.452933669090271,-3.2498035430908203,-3.683220386505127,-2.554370164871216,-0.22806063294410706,3.081803321838379,6.249529838562012,7.659658432006836,7.271158695220947,6.870996952056885,7.625243663787842,8.93375015258789,8.747611045837402,6.969062328338623,4.738770961761475,4.153636932373047,5.36087703704834,6.512882232666016,6.453587055206299,5.251805305480957,3.9479689598083496,4.020748138427734,5.23225212097168,5.618402004241943,4.781002044677734,4.842966556549072,5.750705242156982
6.520758152008057,7.151255130767822,7.07410192489624,6.622560977935791,5.55736780166626,4.260056972503662,4.144961357116699,4.0048956871032715,2.641103744506836,0.8249573707580566,0.27176934480667114,0.6785109043121338,0.9776450991630554,1.0942784547805786,0.6250025033950806,-0.6163317561149597,-2.013535499572754,-2.7379701137542725,-2.0807301998138428,-0.31732580065727234,2.0848188400268555,5.323549270629883,8.096503257751465,8.766341209411621,8.233708381652832,7.93980073928833,8.635367393493652,10.10749340057373,10.832510948181152,9.549781799316406,6.544844627380371,4.832159042358398,5.606308937072754,7.033736228942871,7.503069877624512,6.330419540405273,3.8265511989593506,2.3285069465637207,2.8969831466674805,3.8920605182647705,3.8990650177001953,4.511508941650391,6.016035079956055
