data/wind_data/wind_60_2.json
{"header": {"parameterUnit": "KT", "parameterCategory": 2, "nx": 256, "ny": 198, "lo1": 44.73521041870117, "la1": -3.236724853515625, "lo2": 111.26478576660156, "la2": 43.468475341796875, "dx": 0.2609002888202667, "dy": -0.23708222806453705, "refTime": "2025-02-21 12:00:00", "forecastTime": 0, "parameterNumber": 2, "parameterNumberName": "eastward_wind"}, "data":
[rows 76 to 94 of 198, columns 86 to 128 of 256]
-17.9191837310791,-17.97894859313965,-17.56976318359375,-17.25501251220703,-17.433849334716797,-17.95456886291504,-17.886476516723633,-16.510147094726562,-14.265644073486328,-11.732300758361816,-9.668442726135254,-8.487313270568848,-7.9030232429504395,-8.002813339233398,-9.290461540222168,-10.77114200592041,-11.277223587036133,-11.147771835327148,-10.17487621307373,-7.527312755584717,-3.6753344535827637,0.5238101482391357,3.50899600982666,4.627951145172119,3.7712883949279785,8.099597930908203,10.6664457321167,-5.644913673400879,-6.781019687652588,-7.682068824768066,-7.449254512786865,-7.786999225616455,-6.375715255737305,-6.977177143096924,-6.019179821014404,-6.336448669433594,-5.679862022399902,-5.760211944580078,-5.2356109619140625,-5.353127956390381,-4.868535995483398,-4.78169059753418,-6.41636848449707
-18.04261016845703,-18.355073928833008,-18.089284896850586,-17.582853317260742,-17.342432022094727,-17.598276138305664,-17.931804656982422,-17.354917526245117,-15.704842567443848,-13.34352970123291,-10.863008499145508,-9.239815711975098,-8.614818572998047,-8.529293060302734,-9.415831565856934,-10.927827835083008,-11.36581039428711,-10.556574821472168,-9.185306549072266,-6.602735996246338,-2.665560722351074,1.904974102973938,5.483404636383057,7.1856303215026855,5.264124870300293,7.523066520690918,10.776984214782715,-6.641697406768799,-5.307921409606934,-6.516648769378662,-6.588257312774658,-6.867924690246582,-5.63317346572876,-5.863160610198975,-5.073433876037598,-5.091522693634033,-4.490899085998535,-4.5111894607543945,-3.6847269535064697,-4.1736907958984375,-3.958075523376465,-3.3668947219848633,-5.505547046661377
-17.40129852294922,-17.888845443725586,-17.912553787231445,-17.54743766784668,-17.218236923217773,-17.20574378967285,-17.394386291503906,-17.292984008789062,-16.505027770996094,-14.947668075561523,-12.772241592407227,-10.700800895690918,-9.59013843536377,-9.204894065856934,-9.387100219726562,-10.51608657836914,-11.182086944580078,-10.225675582885742,-8.260052680969238,-5.648980140686035,-2.219465732574463,1.5600614547729492,5.612063884735107,8.764389038085938,9.781740188598633,9.009193420410156,2.419290781021118,-6.3575215339660645,-4.820278167724609,-5.496458053588867,-5.285680294036865,-5.053569793701172,-4.919151306152344,-4.521178722381592,-4.329482555389404,-4.203922271728516,-3.8122386932373047,-4.225732326507568,-3.3748085498809814,-3.7019546031951904,-3.5733110904693604,-3.6656882762908936,-3.2509820461273193
-16.364971160888672,-16.90325927734375,-17.147525787353516,-16.954673767089844,-16.77956199645996,-16.808547973632812,-16.759265899658203,-16.56080436706543,-16.328718185424805,-15.81734561920166,-14.556857109069824,-12.521411895751953,-10.676040649414062,-9.707345008850098,-9.291876792907715,-9.695679664611816,-10.41714859008789,-9.727255821228027,-7.5822858810424805,-4.747095108032227,-1.4842431545257568,1.7091606855392456,4.515931606292725,6.146394729614258,10.680940628051758,10.704962730407715,-2.980461359024048,-4.793089866638184,-4.872067451477051,-3.928954601287842,-3.963299512863159,-3.5937094688415527,-3.933922290802002,-3.761906623840332,-3.808037042617798,-3.943568706512451,-3.8178184032440186,-4.065507888793945,-3.8352298736572266,-4.270195484161377,-4.162027835845947,-4.33394718170166,-3.6979591846466064
-15.52276611328125,-15.991178512573242,-16.32857322692871,-16.13758087158203,-15.959623336791992,-16.122509002685547,-16.170846939086914,-15.875608444213867,-15.591294288635254,-15.593350410461426,-15.39853286743164,-14.319969177246094,-12.383183479309082,-10.60651969909668,-9.7029390335083,-9.568942070007324,-9.768268585205078,-8.865898132324219,-6.507749557495117,-3.7010231018066406,-1.0286250114440918,2.0445311069488525,6.21686315536499,9.120952606201172,13.153645515441895,10.701288223266602,-6.057183742523193,-2.9608590602874756,-3.8489580154418945,-3.6106948852539062,-3.418517827987671,-3.3061258792877197,-3.4716484546661377,-2.903736114501953,-3.5630991458892822,-2.758098840713501,-4.245519638061523,-3.8705039024353027,-3.925576686859131,-4.282357215881348,-3.848034381866455,-3.7582719326019287,-3.8547513484954834
-15.02076530456543,-15.406730651855469,-15.664034843444824,-15.442389488220215,-15.098306655883789,-15.124547004699707,-15.281744956970215,-15.150171279907227,-14.85532283782959,-14.760648727416992,-14.924378395080566,-14.86746883392334,-13.87203311920166,-11.957533836364746,-10.124482154846191,-9.29521656036377,-9.019368171691895,-7.701934337615967,-5.007056713104248,-2.122544050216675,0.30939772725105286,2.918900489807129,5.685924530029297,10.906609535217285,14.233169555664062,1.5894218683242798,-5.954163551330566,-2.664241075515747,-3.9460721015930176,-2.9307806491851807,-3.4434516429901123,-2.865044355392456,-3.6153955459594727,-3.060023546218872,-3.461246967315674,-3.4028966426849365,-4.0283331871032715,-3.0855345726013184,-3.985117197036743,-3.2254714965820312,-3.490351438522339,-2.4462287425994873,-2.5565381050109863
-14.48254680633545,-15.03922176361084,-15.263708114624023,-15.016169548034668,-14.584840774536133,-14.358445167541504,-14.325684547424316,-14.26788330078125,-14.100753784179688,-13.957235336303711,-13.980411529541016,-14.087641716003418,-14.057520866394043,-13.416229248046875,-11.996270179748535,-10.41335678100586,-9.21841049194336,-7.639045238494873,-4.871046543121338,-1.810554027557373,0.41681793332099915,2.7989728450775146,5.845829486846924,11.665534019470215,5.07230806350708,-3.823730707168579,-5.222182750701904,-2.2709646224975586,-2.687406301498413,-2.2098052501678467,-3.143907308578491,-2.8677148818969727,-3.6208388805389404,-3.578404188156128,-4.014617919921875,-4.187127590179443,-3.425206184387207,-3.451812505722046,-3.6069834232330322,-2.805283784866333,-3.0677709579467773,-1.9455753564834595,-0.7490326762199402
-13.631072998046875,-14.440771102905273,-14.985133171081543,-14.931291580200195,-14.474996566772461,-13.983268737792969,-13.608617782592773,-13.437829971313477,-13.367378234863281,-13.272200584411621,-13.252939224243164,-13.205821990966797,-12.938654899597168,-12.525142669677734,-12.004335403442383,-11.057780265808105,-9.371156692504883,-7.080922603607178,-4.307957172393799,-1.5530537366867065,0.19697758555412292,1.351017713546753,6.40759801864624,7.049381732940674,-2.366607427597046,-4.806680202484131,-3.371598958969116,-3.0879433155059814,-2.7346127033233643,-2.6066818237304688,-2.4659132957458496,-3.0645155906677246,-3.33674955368042,-3.785360336303711,-4.3182373046875,-4.244183540344238,-3.590825080871582,-3.2255923748016357,-2.8143727779388428,-2.3995304107666016,-2.2328927516937256,-2.186445951461792,-0.909723699092865
-12.669958114624023,-13.45248031616211,-14.355121612548828,-14.747041702270508,-14.529751777648926,-13.94055461883545,-13.26856803894043,-12.847865104675293,-12.704256057739258,-12.602663040161133,-12.501628875732422,-12.522024154663086,-12.45302963256836,-11.860801696777344,-10.795551300048828,-9.74543571472168,-8.68404769897461,-6.914334297180176,-4.378519058227539,-2.047241687774658,-0.8892175555229187,0.16365060210227966,2.5348246097564697,2.106060028076172,-2.507889747619629,-5.036131381988525,-2.873677968978882,-3.229856491088867,-3.0595622062683105,-3.0934152603149414,-2.9221298694610596,-2.674595594406128,-2.6534981727600098,-3.4802119731903076,-3.605664014816284,-3.551356077194214,-2.838902711868286,-2.6657443046569824,-2.207996368408203,-2.0898358821868896,-0.9244289994239807,-2.925541639328003,-1.375859022140503
-11.722097396850586,-12.24338150024414,-13.286526679992676,-14.064109802246094,-14.226909637451172,-13.825287818908691,-13.079004287719727,-12.453478813171387,-12.153392791748047,-11.95844841003418,-11.654437065124512,-11.347676277160645,-11.292333602905273,-11.27804183959961,-10.66525650024414,-9.35195255279541,-7.882711410522461,-6.422708511352539,-4.743629455566406,-3.2771596908569336,-2.747211456298828,-2.1358842849731445,1.2925477027893066,1.1195124387741089,-2.7970666885375977,-5.411532402038574,-2.1039631366729736,-3.4668760299682617,-2.1829843521118164,-3.3255646228790283,-2.044156312942505,-2.2901864051818848,-1.9745737314224243,-2.431727409362793,-2.360347032546997,-2.048123836517334,-1.1273348331451416,-0.8327684998512268,-1.251094937324524,-1.469779133796692,-1.4571365118026733,-1.4969079494476318,-2.16591215133667
-11.07506275177002,-11.246294975280762,-12.112789154052734,-13.084941864013672,-13.45191764831543,-13.185129165649414,-12.589848518371582,-11.970321655273438,-11.466529846191406,-11.13322925567627,-10.829384803771973,-10.399494171142578,-9.949227333068848,-9.717488288879395,-9.561440467834473,-8.93703842163086,-7.765441417694092,-6.541886329650879,-5.533019542694092,-4.824769020080566,-4.09508752822876,-2.2322967052459717,1.5813003778457642,-0.15690132975578308,-2.3989131450653076,-4.938335418701172,-2.519819974899292,-3.9626617431640625,-2.708505630493164,-2.8810055255889893,-2.147616386413574,-1.689931035041809,-1.2367128133773804,-0.8766981959342957,-0.7896953225135803,-0.4546244442462921,0.17649613320827484,0.24006830155849457,0.414883553981781,0.4568537473678589,0.34259307384490967,-0.23041224479675293,-0.42751529812812805
-10.715370178222656,-10.772095680236816,-11.351778030395508,-12.187085151672363,-12.62253189086914,-12.338828086853027,-11.754386901855469,-11.249759674072266,-10.755635261535645,-10.224462509155273,-9.743338584899902,-9.33321762084961,-8.926119804382324,-8.515096664428711,-8.10493278503418,-7.613387584686279,-6.995951175689697,-6.445716857910156,-6.06835412979126,-5.393418312072754,-3.6315250396728516,0.0406406931579113,5.9373087882995605,0.2760542631149292,1.454514741897583,-5.042686939239502,-1.8761214017868042,-3.8326070308685303,-1.9746294021606445,-2.5914602279663086,-1.5212205648422241,-1.2864725589752197,-0.3214092552661896,-0.7255309820175171,-0.007769606076180935,-0.007299212273210287,0.5713909864425659,0.6494157314300537,0.921356201171875,0.8546222448348999,1.2975491285324097,2.307004928588867,1.4445613622665405
-10.6593599319458,-10.662084579467773,-10.978864669799805,-11.486510276794434,-11.88537311553955,-11.78954792022705,-11.212485313415527,-10.572441101074219,-10.010952949523926,-9.417680740356445,-8.718460083007812,-8.024713516235352,-7.525631427764893,-7.2297492027282715,-6.853628158569336,-6.269571304321289,-5.576116561889648,-4.822642803192139,-4.009506702423096,-3.0294687747955322,-1.829568862915039,0.10915201157331467,4.429695129394531,-0.5378897190093994,2.664142608642578,-3.0142159461975098,-1.5166338682174683,-3.3242859840393066,-1.385621190071106,-2.437000036239624,-1.3928906917572021,-1.302024245262146,-0.9657627940177917,-0.8552071452140808,-0.6391308307647705,0.031894464045763016,-0.16607527434825897,0.7762059569358826,1.851157307624817,1.1443092823028564,1.9385441541671753,2.4792466163635254,3.2721164226531982
-10.781535148620605,-10.717753410339355,-10.759407997131348,-10.894302368164062,-11.119348526000977,-11.217323303222656,-10.86463737487793,-10.206100463867188,-9.503911018371582,-8.75572395324707,-7.717106819152832,-6.463503837585449,-5.510214805603027,-5.166014671325684,-5.109304904937744,-4.888956546783447,-4.059887886047363,-2.8120357990264893,-1.3903597593307495,-0.4352012574672699,-0.7853719592094421,-1.3760956525802612,0.5168174505233765,1.3404697179794312,1.9123032093048096,-1.0433096885681152,-0.47034910321235657,-0.8442391753196716,-0.582672119140625,-1.2520662546157837,0.33110108971595764,0.15204302966594696,-0.07847736030817032,0.4112221598625183,0.8809095621109009,1.0773695707321167,1.1859577894210815,1.9082001447677612,2.503559112548828,1.8064416646957397,1.763496994972229,2.5718257427215576,3.6743838787078857
-10.625752449035645,-10.513385772705078,-10.507953643798828,-10.52359390258789,-10.531512260437012,-10.491870880126953,-10.211477279663086,-9.648733139038086,-8.948690414428711,-8.050747871398926,-6.736521244049072,-5.343535900115967,-4.421610355377197,-3.6988821029663086,-2.9753100872039795,-3.430111885070801,-3.505706548690796,-2.665142297744751,-1.3478137254714966,-0.19983188807964325,-0.6620400547981262,-2.3896055221557617,-2.8812479972839355,1.631155252456665,3.110274314880371,-2.8187217712402344,1.1849391460418701,0.15095621347427368,1.1059513092041016,1.346130132675171,2.6293933391571045,3.7957324981689453,2.4044854640960693,3.171652317047119,3.2633168697357178,4.299062728881836,2.635282039642334,3.5784294605255127,3.4621264934539795,3.325690507888794,4.273024082183838,4.064145088195801,5.0073771476745605
-9.984696388244629,-9.612205505371094,-9.607617378234863,-9.871846199035645,-10.076873779296875,-10.008759498596191,-9.584936141967773,-8.858050346374512,-7.888381004333496,-6.529237270355225,-4.803891658782959,-3.7220771312713623,-4.181563377380371,-5.06069803237915,-4.091494560241699,-3.157205104827881,-2.9987103939056396,-2.954923629760742,-2.3727834224700928,-1.138404130935669,-0.04763978347182274,-0.9094272255897522,-2.2105984687805176,3.0922467708587646,2.8513269424438477,-0.5312711596488953,0.7182844281196594,0.5440595149993896,1.5000855922698975,0.9491502046585083,1.59418785572052,3.168214797973633,3.231919050216675,4.225743293762207,4.152965545654297,4.715158462524414,4.289027214050293,3.740086317062378,5.239151954650879,5.068634510040283,5.910171031951904,6.382811546325684,7.740539073944092
-9.374810218811035,-8.793200492858887,-8.558384895324707,-8.767498970031738,-9.180198669433594,-9.403356552124023,-9.188286781311035,-8.418375968933105,-6.946134090423584,-4.786446571350098,-2.3372135162353516,-1.1913440227508545,-2.6662845611572266,-5.7374138832092285,-7.283073425292969,-5.672853469848633,-4.438553333282471,-3.770556926727295,-3.423936367034912,-2.9597268104553223,-1.667865514755249,-1.3757522106170654,-2.5555531978607178,2.9962692260742188,1.8724088668823242,2.101837396621704,2.2091403007507324,0.5921295285224915,1.808849811553955,1.9024616479873657,2.1483285427093506,3.6667072772979736,4.658680438995361,5.561249256134033,5.690188884735107,5.967737674713135,5.083614349365234,5.670329570770264,6.743293762207031,7.276403903961182,8.45274829864502,8.29244327545166,9.483372688293457
-9.189037322998047,-8.740368843078613,-8.294130325317383,-7.928586006164551,-7.80684757232666,-8.103219032287598,-8.515008926391602,-8.226014137268066,-6.690254211425781,-4.0245442390441895,-0.6620295643806458,1.4325916767120361,-0.3101578950881958,-2.9821527004241943,-7.533646106719971,-6.988345623016357,-6.9834303855896,-6.135762691497803,-4.885858535766602,-4.698824882507324,-3.920931577682495,-3.3393642902374268,-0.08333359658718109,3.2367794513702393,2.9762752056121826,2.427689790725708,4.209035873413086,3.416668176651001,3.592538833618164,3.32749080657959,3.457338809967041,4.623781204223633,6.073001861572266,7.048242568969727,7.064896106719971,6.9189229011535645,7.015263080596924,7.420797824859619,8.396696090698242,9.269356727600098,10.762362480163574,10.044882774353027,9.800834655761719
-9.011455535888672,-8.740235328674316,-8.163250923156738,-7.336842060089111,-6.614497184753418,-6.605093955993652,-7.382519245147705,-7.797764301300049,-6.677700042724609,-4.335066318511963,-1.3904260396957397,2.5853965282440186,-0.5327535271644592,1.724427342414856,-1.850087285041809,-4.801618576049805,-7.3306708335876465,-7.3133440017700195,-5.861142635345459,-4.824124336242676,-3.638044834136963,-3.2863190174102783,2.0206398963928223,4.1584649085998535,3.182029962539673,3.009657859802246,4.200741767883301,5.449212551116943,5.61410665512085,4.955405235290527,5.29127311706543,6.145366191864014,7.462429046630859,8.4428129196167,7.904797077178955,6.9682817459106445,6.68860387802124,7.509686470031738,8.562457084655762,9.7578706741333,10.961711883544922,11.20953369140625,10.735920906066895
