data/wind_data/wind_2025-02-19_13.json
{"header": {"parameterUnit": "KT", "parameterCategory": 2, "nx": 255, "ny": 198, "lo1": 44.73521041870117, "la1": -3.236724853515625, "lo2": 111.26478576660156, "la2": 43.468475341796875, "dx": 0.26192745566368103, "dy": -0.23708222806453705, "refTime": "2025-02-19 13:00:00", "forecastTime": 0, "parameterNumber": 2, "parameterNumberName": "eastward_wind"}, "data":
[rows 114 to 132 of 198, columns 43 to 85 of 255]
9.027740478515625,5.4528727531433105,-3.548546314239502,-3.8964688777923584,-0.27721285820007324,4.69592809677124,7.378439426422119,8.150459289550781,7.674465179443359,5.665912628173828,3.3934600353240967,3.129018545150757,3.483668088912964,4.237818717956543,5.5838446617126465,6.653463840484619,7.81375789642334,8.887410163879395,9.463727951049805,9.619046211242676,9.97679328918457,10.747467994689941,11.429288864135742,11.817607879638672,12.331250190734863,12.81666088104248,13.14997386932373,13.362370491027832,13.470175743103027,14.211141586303711,15.46129322052002,15.962669372558594,15.457531929016113,14.852818489074707,14.42599105834961,14.24325180053711,14.79361629486084,15.425484657287598,15.384408950805664,13.495742797851562,10.767035484313965,10.076263427734375,11.938762664794922
9.3066987991333,6.08970308303833,-0.8666985630989075,-1.1612591743469238,2.332064390182495,5.518347263336182,6.2781805992126465,7.371920108795166,5.486899375915527,0.20420031249523163,-1.6536146402359009,0.8802999258041382,2.673211097717285,3.7806878089904785,4.613195419311523,5.779407024383545,6.998783111572266,7.924765586853027,8.57002067565918,9.052523612976074,9.405513763427734,9.841588020324707,10.432029724121094,11.046845436096191,11.482281684875488,11.681906700134277,12.028586387634277,12.672975540161133,13.894369125366211,15.212118148803711,16.34241485595703,17.263887405395508,17.642864227294922,17.56802749633789,17.447189331054688,17.24047088623047,17.522525787353516,18.200496673583984,18.331562042236328,17.12682342529297,12.999953269958496,10.677942276000977,10.601539611816406
8.490178108215332,5.286354064941406,1.6721200942993164,2.813994884490967,4.1605963706970215,5.6716227531433105,4.923027038574219,5.276787757873535,1.9720827341079712,-1.0813789367675781,-0.295299232006073,-0.1298605352640152,0.36351102590560913,0.6311823725700378,1.2798596620559692,2.442413806915283,3.65995192527771,4.70913553237915,5.923845291137695,7.075911998748779,7.8307976722717285,8.4008207321167,9.190281867980957,10.161393165588379,11.15330982208252,12.033370018005371,12.940084457397461,13.74240779876709,14.748244285583496,15.936052322387695,16.587223052978516,16.766489028930664,16.758420944213867,16.99894905090332,17.01203727722168,17.154666900634766,17.55506134033203,18.230079650878906,18.280221939086914,17.710681915283203,17.34502410888672,16.99794578552246,15.855541229248047
7.441437721252441,7.139843463897705,6.881251811981201,6.017080783843994,5.699413299560547,5.209117412567139,5.506574630737305,5.716729164123535,0.48697593808174133,-2.188776969909668,-1.80754816532135,-2.6424832344055176,-2.7428030967712402,-2.2879326343536377,-1.7274608612060547,-0.5201282501220703,1.1609350442886353,2.7231757640838623,4.302859306335449,5.615653038024902,6.630889892578125,7.536141395568848,8.729018211364746,9.732619285583496,10.679535865783691,11.837151527404785,12.818548202514648,13.362624168395996,13.61878776550293,13.663414001464844,13.845549583435059,14.46452808380127,15.420247077941895,16.465282440185547,16.446701049804688,16.54606056213379,16.34342384338379,15.374119758605957,15.262934684753418,14.748093605041504,15.153695106506348,17.913249969482422,19.864484786987305
5.723247528076172,6.342559337615967,7.575168132781982,7.186435222625732,6.98781156539917,4.685363292694092,5.903041839599609,4.16640043258667,-2.92655086517334,-3.8633761405944824,-4.006650924682617,-4.479220390319824,-4.360787868499756,-3.1951236724853516,-2.3930015563964844,-0.8469484448432922,1.284071683883667,3.2336044311523438,4.979401111602783,6.03486442565918,6.775454521179199,7.50932502746582,8.586809158325195,9.088488578796387,9.33876895904541,9.575362205505371,9.226136207580566,7.996189117431641,6.025932788848877,4.820226669311523,5.301016330718994,6.852574825286865,9.048269271850586,10.941156387329102,12.179800033569336,12.867094993591309,12.976195335388184,14.026640892028809,15.836641311645508,15.868785858154297,15.66340446472168,16.7055606842041,18.057397842407227
2.593277931213379,2.31137752532959,7.047751426696777,8.7728853225708,8.695088386535645,7.501425743103027,4.426363945007324,-4.600687503814697,-8.802315711975098,-6.328909397125244,-6.163372039794922,-5.5868072509765625,-4.453734397888184,-2.704937696456909,-1.7909443378448486,-0.1788010597229004,1.7273999452590942,3.5946617126464844,5.374630928039551,6.382122993469238,7.21379280090332,7.795176029205322,7.906911373138428,7.225249290466309,5.841413974761963,3.1876959800720215,0.8556604385375977,-0.08990256488323212,0.09045720845460892,1.561184048652649,3.0914220809936523,4.557339191436768,6.369263648986816,8.39460277557373,10.058148384094238,11.389219284057617,12.872668266296387,14.16060733795166,15.166301727294922,15.441341400146484,15.903878211975098,17.03605079650879,18.40241050720215
0.45494475960731506,1.2091323137283325,9.156048774719238,10.389193534851074,3.3635125160217285,-6.581607818603516,-12.59084701538086,-14.304296493530273,-11.340498924255371,-8.378968238830566,-6.921902179718018,-5.8685832023620605,-4.290465354919434,-2.3042211532592773,-1.4389352798461914,0.17760103940963745,2.170112371444702,4.453711986541748,5.846993446350098,6.755160331726074,8.169593811035156,8.272261619567871,6.5739898681640625,4.979744911193848,-0.0010030848206952214,-4.621766090393066,-2.350351095199585,0.9819410443305969,2.9968881607055664,4.183928966522217,5.250871181488037,6.615058422088623,8.345647811889648,10.390380859375,12.046710014343262,13.472012519836426,15.123074531555176,15.12056827545166,15.761031150817871,17.047536849975586,18.91766357421875,19.915164947509766,18.652252197265625
-1.8364702463150024,-1.101057767868042,0.6053787469863892,-4.850445747375488,-12.208640098571777,-14.953877449035645,-14.288267135620117,-13.319243431091309,-11.704887390136719,-9.716423034667969,-7.961978435516357,-6.897914886474609,-5.859745502471924,-4.138742923736572,-3.1356678009033203,-1.7561477422714233,0.1642904132604599,2.7046141624450684,4.148167610168457,5.349033832550049,6.734658718109131,5.683465957641602,4.825448989868164,2.2166731357574463,-4.5416059494018555,-4.7508864402771,0.6056841015815735,3.393990993499756,4.5108561515808105,4.792880535125732,5.6871538162231445,7.148811340332031,8.886808395385742,10.818032264709473,12.730738639831543,14.707627296447754,16.822406768798828,17.92424964904785,16.551076889038086,17.05539894104004,19.164783477783203,21.306711196899414,22.244068145751953
-5.411087989807129,-7.6245527267456055,-8.836675643920898,-10.00691032409668,-11.32538890838623,-12.625373840332031,-13.54696273803711,-12.803727149963379,-12.260470390319824,-10.749667167663574,-9.309575080871582,-8.174992561340332,-7.08632755279541,-5.13495397567749,-3.393238067626953,-2.0986568927764893,-0.9688844680786133,0.7958778142929077,1.7442049980163574,2.5788815021514893,4.103792667388916,4.435285568237305,4.315582752227783,-0.541811466217041,-3.830517530441284,-0.43278956413269043,2.761098623275757,4.803142547607422,5.849296569824219,6.348829746246338,6.828799247741699,7.8753981590271,9.121440887451172,10.746235847473145,12.648730278015137,14.925516128540039,17.310285568237305,18.42241096496582,16.892154693603516,16.95828628540039,19.599380493164062,21.47187042236328,22.846057891845703
-4.164138317108154,-8.27416706085205,-9.511549949645996,-9.128409385681152,-9.144233703613281,-9.58444881439209,-10.843770980834961,-11.519632339477539,-11.3438138961792,-10.982706069946289,-10.464997291564941,-8.419364929199219,-6.891598701477051,-4.752816677093506,-2.474344491958618,-0.7162347435951233,0.13945302367210388,1.687751054763794,2.2439608573913574,1.979085922241211,3.9849729537963867,4.213805198669434,-0.16288121044635773,-2.6185531616210938,0.2134425938129425,3.188002347946167,4.798944473266602,6.278870582580566,7.570677280426025,8.30089282989502,8.612863540649414,9.110138893127441,10.074563026428223,11.468647003173828,12.833192825317383,14.470250129699707,16.849994659423828,18.686527252197266,17.763351440429688,17.27132225036621,17.353063583374023,18.050464630126953,19.891693115234375
-1.5186978578567505,-6.37539529800415,-7.7811079025268555,-7.752938747406006,-7.2744317054748535,-7.377174377441406,-7.402368068695068,-6.1873979568481445,-7.87363862991333,-10.215123176574707,-10.882892608642578,-8.259218215942383,-5.153853893280029,-3.3500406742095947,-1.2518006563186646,1.2338953018188477,2.360208034515381,3.86264967918396,3.709897518157959,4.282800197601318,5.451467037200928,-0.2584339678287506,-3.6513147354125977,0.007762771565467119,3.085040330886841,4.3825483322143555,5.54658317565918,6.51843786239624,7.516533374786377,8.593708992004395,9.67173957824707,10.643404960632324,11.396724700927734,12.29922103881836,13.462319374084473,14.14182186126709,15.322123527526855,17.61954689025879,18.329557418823242,18.170188903808594,17.790191650390625,17.492664337158203,16.902620315551758
1.127710223197937,-4.385589599609375,-6.554963111877441,-6.521997928619385,-6.349102973937988,-5.981514930725098,-5.525487899780273,-2.871119976043701,-4.353382587432861,-9.382833480834961,-9.186165809631348,-5.347268104553223,-2.6699905395507812,-1.2014847993850708,0.8770450949668884,3.5238733291625977,5.111756801605225,6.129855632781982,4.845609188079834,5.918050765991211,1.7668181657791138,-5.164865016937256,-2.0276620388031006,1.5798296928405762,2.975870370864868,3.97123122215271,5.040292263031006,5.95737361907959,6.968919277191162,8.304577827453613,9.977459907531738,11.513894081115723,12.48139476776123,12.933462142944336,13.475540161132812,13.351829528808594,12.781972885131836,14.867422103881836,17.616851806640625,19.122163772583008,19.15981674194336,18.068185806274414,17.083372116088867
2.035317897796631,-1.0252063274383545,-3.268479585647583,-2.598980188369751,-3.1077420711517334,-6.309601783752441,-4.718723297119141,-4.198914051055908,-9.624456405639648,-8.616528511047363,-4.628805637359619,-1.6941955089569092,-0.007765631657093763,1.2071809768676758,2.994666576385498,4.945135116577148,6.43794059753418,6.134934902191162,5.050933361053467,6.478487968444824,0.3761390149593353,-3.9461421966552734,-0.4772087633609772,0.4406854510307312,1.9607837200164795,3.405626058578491,4.862122535705566,5.905344486236572,7.080273628234863,8.403217315673828,9.883001327514648,11.227269172668457,12.459134101867676,12.755348205566406,12.795650482177734,11.992555618286133,9.585760116577148,9.797233581542969,13.001129150390625,15.953178405761719,17.21413803100586,17.125362396240234,15.934639930725098
1.2769224643707275,2.407348394393921,2.0323729515075684,1.5945723056793213,-2.103954792022705,-4.859004974365234,-4.837855339050293,-7.882846355438232,-10.614282608032227,-6.034718036651611,-1.0766280889511108,0.5988061428070068,1.6268808841705322,2.7187132835388184,4.164044380187988,5.890381336212158,7.117698669433594,6.0708699226379395,7.259920120239258,8.286554336547852,1.166510820388794,-2.678936004638672,-1.2198944091796875,-0.8537575006484985,1.3501149415969849,3.990605354309082,5.44658899307251,6.363857269287109,7.98526668548584,9.440085411071777,10.14244270324707,10.522062301635742,11.315017700195312,11.910237312316895,11.776646614074707,11.178421020507812,8.760870933532715,8.403746604919434,11.961956977844238,14.954425811767578,15.706256866455078,16.84761619567871,16.843006134033203
2.002138376235962,3.7826015949249268,5.639041900634766,4.099639892578125,-0.23583924770355225,-0.06269064545631409,-2.4380462169647217,-7.178370952606201,-6.559184551239014,-3.285182237625122,-0.0052201715297997,1.701698660850525,2.991624116897583,4.025784969329834,5.407168388366699,7.315319061279297,7.829966068267822,7.110808849334717,9.453153610229492,7.365113735198975,0.3277037739753723,-2.198270559310913,-2.3427622318267822,-0.8593021631240845,1.946252703666687,4.661667823791504,6.345324516296387,7.5706868171691895,9.08541202545166,10.226027488708496,10.311628341674805,10.110236167907715,10.141987800598145,10.271395683288574,10.562058448791504,10.42582893371582,10.302403450012207,10.96774673461914,12.734955787658691,14.39542007446289,15.097725868225098,16.559415817260742,16.96527862548828
3.5913779735565186,4.730373859405518,6.1502838134765625,6.572351932525635,5.069019794464111,7.440858364105225,1.9146424531936646,-5.8883748054504395,-5.208438396453857,-2.4141674041748047,1.1421922445297241,2.767683267593384,4.317246913909912,5.260197162628174,6.581799030303955,8.335877418518066,7.636929035186768,7.861452102661133,8.772233963012695,4.4297099113464355,-0.1710474193096161,-1.75167715549469,-1.5893195867538452,0.4699430763721466,2.345801591873169,4.718816757202148,7.212942600250244,8.98654842376709,10.051990509033203,10.628256797790527,10.699938774108887,10.757478713989258,10.70635986328125,10.538323402404785,10.728670120239258,11.235995292663574,11.712658882141113,12.422581672668457,13.539346694946289,14.8702392578125,16.194734573364258,17.381162643432617,17.511625289916992
4.121889591217041,6.354016304016113,7.298417091369629,6.700984001159668,8.35423755645752,7.473491668701172,-2.317089557647705,-7.5305891036987305,-4.078341007232666,-1.2552775144577026,2.160392999649048,3.502269983291626,5.2831711769104,6.267531394958496,6.844079971313477,7.817519187927246,6.7638726234436035,8.494738578796387,7.214329242706299,1.5126961469650269,-0.9893038272857666,-0.6099039912223816,0.6991562247276306,1.6182317733764648,2.754729747772217,4.914920330047607,7.544435024261475,9.500664710998535,10.676952362060547,11.31553840637207,11.695839881896973,11.884076118469238,11.340481758117676,11.994270324707031,12.4070463180542,12.693815231323242,13.178651809692383,13.535310745239258,14.040377616882324,15.209341049194336,16.69568634033203,17.510038375854492,18.07879638671875
2.7709884643554688,4.491209030151367,3.5313916206359863,2.312779188156128,5.373632431030273,5.101556301116943,-4.141511917114258,-7.941458702087402,-2.810908794403076,0.4915836453437805,2.6150734424591064,3.9048869609832764,6.022716045379639,6.807248592376709,6.574818134307861,7.2383222579956055,6.9654741287231445,9.2385892868042,5.286738872528076,-1.474929690361023,-0.9628202319145203,1.0677076578140259,2.2143781185150146,2.493276357650757,3.342254877090454,5.157393932342529,7.266304016113281,9.1691255569458,10.773902893066406,11.959136962890625,12.53271484375,12.971771240234375,13.380006790161133,13.496807098388672,13.227814674377441,12.52359676361084,12.567877769470215,12.634076118469238,14.322400093078613,15.872638702392578,17.195228576660156,17.719972610473633,18.026283264160156
-5.791707515716553,-5.22698450088501,-4.203697681427002,-2.592064142227173,1.998252034187317,3.465975284576416,-3.1539223194122314,-5.207354545593262,-1.0567371845245361,1.188841462135315,2.7202236652374268,4.572544574737549,6.664281845092773,7.167028903961182,6.695923805236816,7.632554054260254,7.745143413543701,9.1732759475708,3.2309319972991943,-2.7215566635131836,-0.07275102287530899,1.4947112798690796,2.4666876792907715,3.194281816482544,4.127190113067627,5.4939446449279785,7.026800632476807,8.61154842376709,10.309825897216797,11.863211631774902,12.655498504638672,13.148391723632812,13.671298027038574,13.907740592956543,13.675029754638672,12.836150169372559,13.257363319396973,13.279200553894043,13.84819507598877,16.122032165527344,17.775161743164062,16.71562957763672,17.392545700073242
