data/wind_data/wind_2025-02-21_16.json
{"header": {"parameterUnit": "KT", "parameterCategory": 2, "nx": 255, "ny": 198, "lo1": 44.73521041870117, "la1": -3.236724853515625, "lo2": 111.26478576660156, "la2": 43.468475341796875, "dx": 0.26192745566368103, "dy": -0.23708222806453705, "refTime": "2025-02-21 16:00:00", "forecastTime": 0, "parameterNumber": 3, "parameterNumberName": "northward_wind"}, "data":
[rows 76 to 94 of 198, columns 0 to 42 of 255]
1.7979438304901123,-0.40242454409599304,-2.2295114994049072,-3.586656093597412,-5.342368125915527,-0.8959845900535583,3.5831456184387207,4.819918632507324,5.758204936981201,6.027775764465332,5.5300211906433105,4.403676509857178,2.065356731414795,1.741712212562561,4.919267177581787,9.427151679992676,8.625287055969238,6.773250102996826,6.111532211303711,7.173274517059326,8.097010612487793,8.010379791259766,7.1800642013549805,3.6817426681518555,2.622714042663574,2.863381862640381,2.0594353675842285,1.3860300779342651,2.2276487350463867,1.8989284038543701,1.8631019592285156,0.979349672794342,1.2381227016448975,2.3030855655670166,2.1931498050689697,2.698596715927124,2.68749737739563,1.9655754566192627,1.5963460206985474,1.4258981943130493,2.193798065185547,2.60880184173584,0.7394282221794128
1.4075453281402588,-0.16237853467464447,-1.793619155883789,-3.1578166484832764,-4.240157127380371,-2.57564640045166,1.447899341583252,4.654178142547607,5.7902631759643555,4.755429744720459,1.6450659036636353,-2.439171552658081,-4.724229335784912,-5.2505784034729,-1.6411199569702148,3.490077495574951,5.386566638946533,5.511857509613037,6.873056888580322,9.641024589538574,12.021702766418457,10.356833457946777,7.465172290802002,5.119324207305908,5.5480523109436035,5.026430606842041,4.199276447296143,3.7234621047973633,3.6190338134765625,2.7526307106018066,3.376202344894409,2.9051389694213867,1.3637847900390625,-0.23847103118896484,-1.0219323635101318,1.4607479572296143,2.8763630390167236,2.5306639671325684,2.612722635269165,3.167525053024292,3.2661752700805664,3.954261302947998,3.34920597076416
0.7407764196395874,0.3975299596786499,-1.005232334136963,-2.5164711475372314,-3.412001609802246,-3.8346569538116455,-2.7616939544677734,-0.1507481038570404,0.81003338098526,-0.7563343048095703,-3.3046681880950928,-5.6041998863220215,-7.318771839141846,-8.059977531433105,-6.7817463874816895,-5.6547956466674805,-3.2348408699035645,1.147065281867981,5.514162540435791,9.949697494506836,12.538202285766602,11.79127311706543,9.807530403137207,9.564409255981445,8.818671226501465,7.749931812286377,7.711865425109863,7.516998767852783,7.0918803215026855,7.384245872497559,8.532139778137207,8.25876522064209,6.244117259979248,4.03464937210083,1.586266040802002,1.3276278972625732,2.5404891967773438,1.5940738916397095,0.7127835750579834,2.0721054077148438,5.657617092132568,6.09370756149292,5.468103885650635
0.8570652604103088,0.7392551898956299,-0.3749326467514038,-1.5714619159698486,-4.038863182067871,-4.749495506286621,-5.836880683898926,-6.014040946960449,-5.5284104347229,-4.358738899230957,-3.9962875843048096,-5.038032054901123,-6.4008307456970215,-7.483501434326172,-7.952768802642822,-7.320509433746338,-6.925418853759766,-5.744576930999756,-1.7414860725402832,5.717210292816162,9.234084129333496,11.135025024414062,10.896392822265625,12.084224700927734,11.767644882202148,11.144087791442871,11.340567588806152,11.805648803710938,12.193565368652344,11.581565856933594,11.288920402526855,10.881492614746094,11.902347564697266,11.621804237365723,8.627449989318848,5.740866661071777,4.690159797668457,4.230955123901367,3.6134748458862305,3.63728928565979,8.994636535644531,9.114749908447266,7.684754371643066
1.5234122276306152,0.9554294347763062,0.0839250385761261,-1.11622953414917,-4.27238655090332,-5.526684761047363,-6.582197666168213,-6.921287536621094,-7.2618184089660645,-6.591867446899414,-5.113440990447998,-5.005601406097412,-5.151392459869385,-5.855039119720459,-7.08600378036499,-7.05125093460083,-7.351563453674316,-6.519824981689453,-5.702038764953613,-2.6551804542541504,4.200344562530518,8.453688621520996,10.939861297607422,12.397416114807129,13.523116111755371,13.085657119750977,12.949030876159668,13.006250381469727,12.810452461242676,10.845019340515137,9.349884986877441,8.772942543029785,10.728763580322266,13.064958572387695,14.714103698730469,14.464529991149902,11.989265441894531,12.138715744018555,12.5945405960083,9.443083763122559,7.503265380859375,10.71024227142334,9.085722923278809
1.3505364656448364,0.9068647027015686,0.168262779712677,-0.7592963576316833,-2.567967653274536,-5.157109260559082,-6.405917644500732,-7.011734485626221,-7.493930816650391,-6.972748279571533,-5.400457382202148,-5.1196675300598145,-5.389690399169922,-5.3574090003967285,-5.919018745422363,-6.358435153961182,-6.129919052124023,-5.501296520233154,-4.392675876617432,-3.8462719917297363,-2.0334646701812744,4.589098930358887,8.798592567443848,11.360763549804688,12.821213722229004,12.723908424377441,12.703561782836914,12.059121131896973,11.443341255187988,10.221555709838867,9.518228530883789,9.243819236755371,10.335345268249512,10.864240646362305,13.111870765686035,16.43349838256836,16.98549461364746,16.291790008544922,12.276433944702148,9.680560111999512,8.339908599853516,9.665188789367676,7.883502960205078
0.5693230628967285,0.45035335421562195,0.059290893375873566,-0.39331570267677307,-0.16681751608848572,-1.5640668869018555,-2.8329238891601562,-3.8546407222747803,-4.539379119873047,-5.075129508972168,-4.908194065093994,-4.4194231033325195,-4.68295431137085,-4.558207988739014,-5.152375221252441,-6.022000312805176,-6.537394046783447,-6.309942722320557,-5.567074775695801,-4.717624664306641,-4.285727500915527,-1.4980411529541016,4.812643051147461,8.46998119354248,10.433863639831543,11.095388412475586,12.010000228881836,11.553839683532715,11.431479454040527,11.214771270751953,11.2323579788208,10.950409889221191,11.9376220703125,11.640467643737793,11.660255432128906,14.413379669189453,15.751925468444824,12.715834617614746,6.379581451416016,8.625937461853027,10.999772071838379,9.207555770874023,6.190562725067139
-0.07371369004249573,-0.2973325848579407,-0.6244043111801147,-0.5279680490493774,0.3620041012763977,-0.8047975301742554,-1.6482789516448975,-2.3646745681762695,-2.3283164501190186,-3.0620055198669434,-3.712409019470215,-3.961212396621704,-4.211205959320068,-4.304297924041748,-4.861485481262207,-5.917613506317139,-6.631712436676025,-6.712201118469238,-6.687378406524658,-6.567627429962158,-5.103363990783691,-3.96101975440979,-1.2066113948822021,4.153059005737305,8.124072074890137,9.151597023010254,9.837311744689941,10.429083824157715,11.222519874572754,11.254755973815918,11.183659553527832,9.964871406555176,10.731657028198242,13.024620056152344,12.698219299316406,13.33266830444336,13.491143226623535,9.445895195007324,5.991696357727051,10.799345016479492,12.963155746459961,11.041681289672852,7.998260974884033
-0.4475155174732208,-1.2366809844970703,-1.4090863466262817,-0.7339569330215454,0.24754612147808075,-1.1049185991287231,-1.4851949214935303,-2.616241216659546,-3.2922496795654297,-3.5516510009765625,-3.6296205520629883,-4.120075702667236,-4.647703170776367,-4.892001152038574,-4.965271472930908,-5.118072986602783,-5.47273063659668,-5.657619953155518,-5.474170207977295,-5.612179756164551,-5.2308831214904785,-3.843980073928833,-3.2705554962158203,-1.2553261518478394,3.0110695362091064,6.614444732666016,7.920459747314453,8.320626258850098,8.63357162475586,8.386666297912598,7.772917747497559,5.231879234313965,5.702417850494385,8.33298397064209,10.608133316040039,12.7706298828125,11.15013313293457,7.909335613250732,8.266264915466309,12.073375701904297,11.98241138458252,11.780163764953613,10.540651321411133
-0.47176000475883484,-1.4633084535598755,-1.5122458934783936,-1.1513032913208008,-0.472439706325531,-0.7712087631225586,-0.4341934621334076,-1.4252698421478271,-2.754547595977783,-4.009139537811279,-4.926083087921143,-5.2868733406066895,-5.444180965423584,-5.33193826675415,-5.105188846588135,-4.990360260009766,-4.970909118652344,-4.834860801696777,-4.492645740509033,-4.396937370300293,-4.6085591316223145,-3.7625157833099365,-2.7180163860321045,-2.9774703979492188,-1.1391165256500244,2.911665678024292,4.775803089141846,5.01972770690918,5.041406154632568,3.180408239364624,0.456606388092041,-2.0449492931365967,-1.1320011615753174,1.2198808193206787,4.695981502532959,7.378044605255127,6.933045387268066,7.371551513671875,10.327473640441895,11.383842468261719,10.23246955871582,10.178543090820312,10.046990394592285
-0.20367075502872467,-0.6146671772003174,-1.0098223686218262,-0.9833958148956299,-0.48336300253868103,-1.0502699613571167,-1.0685043334960938,-1.9230412244796753,-2.855891466140747,-3.9746246337890625,-4.807488441467285,-5.4780659675598145,-5.847517967224121,-5.8968281745910645,-5.701569557189941,-5.545552730560303,-5.471485137939453,-5.165520668029785,-4.648167610168457,-4.300684452056885,-4.241596221923828,-4.026410102844238,-2.751572370529175,-2.643028497695923,-3.1640336513519287,-0.8678415417671204,2.467305898666382,3.894139051437378,3.22953200340271,1.259913682937622,-1.5698606967926025,-3.75095272064209,-1.990926742553711,-0.903146505355835,-1.3894089460372925,0.6564421653747559,4.830145359039307,8.632882118225098,10.54859447479248,10.556479454040527,10.017553329467773,9.589818954467773,9.20790958404541
0.23293070495128632,-0.07373878359794617,-0.46003642678260803,-0.5485554337501526,-0.051199473440647125,-1.1516822576522827,-1.6566282510757446,-2.5595505237579346,-3.2268693447113037,-4.165789604187012,-4.861307621002197,-5.425833702087402,-5.901991367340088,-6.0481719970703125,-5.974281311035156,-5.903943061828613,-6.0531086921691895,-6.130890369415283,-5.823237419128418,-5.354090213775635,-4.637134075164795,-4.071360111236572,-3.348439931869507,-2.6798853874206543,-4.130764961242676,-5.035580158233643,-2.612230062484741,0.6089118719100952,2.1207633018493652,2.2734262943267822,-0.56397545337677,-3.2364118099212646,-2.142291784286499,-0.8303129076957703,-1.728075385093689,-0.7311407923698425,5.022362232208252,10.509987831115723,10.566927909851074,10.706965446472168,10.178206443786621,9.131752014160156,8.724077224731445
0.713999330997467,0.09820201992988586,-0.30227336287498474,-0.498187780380249,-0.7505813241004944,-2.3153345584869385,-2.746002435684204,-3.6637861728668213,-3.96344256401062,-4.347263813018799,-4.899341106414795,-5.525669574737549,-5.989520072937012,-6.264256000518799,-6.261660099029541,-6.079626083374023,-6.06973123550415,-6.282018184661865,-6.689300060272217,-6.326190948486328,-5.348458290100098,-4.1766791343688965,-3.572700262069702,-3.4000155925750732,-4.393957138061523,-6.127686500549316,-6.735808372497559,-5.4628496170043945,-2.895543098449707,0.1643214076757431,-0.04168417304754257,-2.8996458053588867,-2.6303093433380127,-0.8942235112190247,-1.3957221508026123,-0.5566641688346863,3.380141496658325,9.882841110229492,10.959146499633789,10.537531852722168,8.858572006225586,8.000702857971191,8.609971046447754
1.0529658794403076,0.1467042714357376,-0.593796968460083,-1.099414587020874,-1.7906113862991333,-2.8116261959075928,-3.5174734592437744,-4.2761101722717285,-4.81295108795166,-5.044830799102783,-5.163425922393799,-5.598117351531982,-6.012598514556885,-6.4045186042785645,-6.527096271514893,-6.379212379455566,-6.195932388305664,-6.4840545654296875,-6.910223960876465,-7.223352432250977,-6.700982093811035,-5.23245906829834,-4.055152893066406,-3.87154221534729,-4.246335506439209,-5.300012111663818,-6.427738666534424,-6.88761568069458,-6.942914009094238,-4.527841567993164,-0.9679679870605469,-0.8783913254737854,-1.449026107788086,-0.03576798737049103,0.3251282870769501,-0.5202783346176147,0.8329517245292664,5.111444473266602,8.022096633911133,8.117754936218262,6.912781238555908,7.6834588050842285,9.069869041442871
1.200917363166809,0.25880712270736694,-0.8664519190788269,-1.559325098991394,-2.132284164428711,-2.8899052143096924,-3.6395809650421143,-4.209848880767822,-4.818171501159668,-5.280787944793701,-5.5069580078125,-5.824069023132324,-6.029191493988037,-6.478186130523682,-6.957280158996582,-6.9688239097595215,-6.728943347930908,-6.5307936668396,-6.862884521484375,-7.481876373291016,-7.6695780754089355,-6.9668378829956055,-5.806572914123535,-4.878525733947754,-4.473014831542969,-4.719933986663818,-5.071314811706543,-5.174192905426025,-5.546391487121582,-5.83137845993042,-3.5576958656311035,0.33934295177459717,0.5807556509971619,1.2370142936706543,2.548354387283325,1.7736952304840088,0.3805563747882843,1.703715205192566,3.955475091934204,5.030394554138184,5.702200889587402,7.904629707336426,9.384467124938965
1.215611219406128,0.4369139075279236,-0.7539050579071045,-1.3745555877685547,-1.6949419975280762,-2.7239303588867188,-3.282120943069458,-4.128438949584961,-4.6431050300598145,-5.384294509887695,-5.770321369171143,-5.918869972229004,-6.198505401611328,-6.642648220062256,-6.941842555999756,-7.077814102172852,-7.0315046310424805,-6.780871868133545,-6.825523853302002,-7.304189205169678,-7.778906345367432,-7.621179103851318,-7.086592197418213,-6.336742877960205,-5.500368118286133,-4.932798862457275,-4.711109638214111,-4.566166877746582,-4.36111307144165,-4.893794059753418,-4.9932637214660645,-1.5172858238220215,2.1020195484161377,2.6443214416503906,2.939863920211792,2.90028715133667,2.5195116996765137,1.7578638792037964,2.430123805999756,3.4737205505371094,5.041117191314697,7.729296684265137,9.204686164855957
1.2920739650726318,0.565835177898407,-0.43978530168533325,-1.0260692834854126,-1.345025658607483,-2.8746321201324463,-3.324094295501709,-4.2414116859436035,-4.89084529876709,-5.783188819885254,-6.415388584136963,-6.550865173339844,-6.434056758880615,-6.654098987579346,-6.8572869300842285,-6.924197673797607,-7.094315528869629,-7.158006191253662,-7.064369201660156,-7.096531391143799,-7.400455951690674,-7.675075054168701,-7.439118385314941,-6.955252170562744,-6.355738162994385,-5.475217819213867,-4.948050022125244,-4.834754943847656,-4.588771343231201,-4.232634544372559,-4.223446369171143,-3.7599589824676514,0.2459804266691208,3.475517988204956,3.5492446422576904,3.9646799564361572,4.142920970916748,3.417325973510742,3.7898292541503906,3.565589189529419,4.86163854598999,6.712320804595947,8.059708595275879
1.826492428779602,1.2151302099227905,0.20067058503627777,-0.42350298166275024,-1.1072076559066772,-2.905829668045044,-3.0609288215637207,-3.6369974613189697,-4.818758010864258,-5.842949390411377,-6.704987525939941,-7.001904010772705,-6.867282867431641,-6.826380729675293,-7.019661903381348,-6.988504886627197,-7.098067760467529,-7.340921878814697,-7.380577564239502,-7.321768760681152,-7.384408473968506,-7.5413079261779785,-7.683871746063232,-7.341819763183594,-7.063075065612793,-6.249442100524902,-5.385384559631348,-4.698492050170898,-4.2332234382629395,-3.680565118789673,-3.062666893005371,-3.968698501586914,-2.783038854598999,2.1254565715789795,4.431032180786133,5.248141765594482,4.708096504211426,4.460039138793945,5.522386074066162,4.494871139526367,4.821062088012695,5.732046127319336,6.594698429107666
2.5055267810821533,2.086754083633423,1.2214877605438232,0.33040645718574524,-0.9414348006248474,-1.806581974029541,-2.306642532348633,-2.7411415576934814,-3.7504260540008545,-5.100384712219238,-6.280317306518555,-6.962524890899658,-7.097465515136719,-7.097840309143066,-7.32112455368042,-7.329173564910889,-7.1675896644592285,-7.198598861694336,-7.399125099182129,-7.640767574310303,-7.864020347595215,-8.019408226013184,-8.143868446350098,-8.126351356506348,-7.857693195343018,-7.366697788238525,-6.583411693572998,-5.452164173126221,-4.488726615905762,-3.600076675415039,-2.568618059158325,-2.6170101165771484,-3.0430943965911865,-0.787227988243103,4.217921257019043,5.445988655090332,5.247666358947754,5.211984634399414,6.292314052581787,5.807799339294434,5.405039310455322,5.104406356811523,5.885640621185303
