data/wind_data/wind_Surface_18.json
{"header": {"parameterUnit": "KT", "parameterCategory": 2, "nx": 255, "ny": 198, "lo1": 44.73521041870117, "la1": -3.236724853515625, "lo2": 111.26478576660156, "la2": 43.468475341796875, "dx": 0.26192745566368103, "dy": -0.23708222806453705, "refTime": "2025-02-19 18:00:00", "forecastTime": 0, "parameterNumber": 3, "parameterNumberName": "northward_wind"}, "data":
[rows 57 to 75 of 198, columns 0 to 42 of 255]
-0.9906567335128784,-1.8794561624526978,-2.38476824760437,-2.97908091545105,-3.2467169761657715,-2.5901572704315186,-2.847914457321167,-2.375138759613037,-1.7418599128723145,-1.0008760690689087,-0.5616804957389832,-0.12003874778747559,-0.36016613245010376,-1.1120941638946533,-1.5545459985733032,-2.4632019996643066,-4.230464935302734,-6.088407039642334,-6.1959733963012695,-3.5851011276245117,-1.4957311153411865,1.4428728818893433,5.09326171875,4.408227443695068,1.5477988719940186,-1.1796317100524902,-2.0613608360290527,-3.4333503246307373,-4.591081142425537,-5.506124973297119,-5.854641914367676,-5.787049293518066,-4.607121467590332,-3.4880778789520264,-3.2565479278564453,-4.098156452178955,-5.025711536407471,-5.3584794998168945,-5.224157810211182,-5.472417831420898,-5.778561115264893,-5.86161994934082,-5.901515483856201
-1.995483160018921,-2.610983371734619,-2.8994855880737305,-3.4710347652435303,-4.324419021606445,-3.46287202835083,-2.9782705307006836,-1.7296955585479736,-0.8901789784431458,-0.40274757146835327,0.20162872970104218,0.5611254572868347,0.008788331411778927,-0.7798019051551819,-2.1673405170440674,-3.4112558364868164,-4.074943542480469,-4.630462646484375,-5.028035640716553,-5.5485029220581055,-5.059058666229248,-3.0292882919311523,1.3353686332702637,1.5773895978927612,0.6716307997703552,-1.6840771436691284,-3.628371000289917,-4.351663589477539,-5.088947772979736,-6.057338714599609,-6.571159839630127,-6.591436862945557,-5.166853904724121,-2.9758880138397217,-3.3255674839019775,-4.912818908691406,-5.7235941886901855,-6.816922664642334,-6.907989978790283,-6.874364376068115,-7.2146782875061035,-6.895998477935791,-6.8646721839904785
-3.3273415565490723,-3.619107484817505,-3.593240737915039,-3.9833619594573975,-5.050579071044922,-4.073850631713867,-3.213078737258911,-1.8083213567733765,-0.40152037143707275,0.7208641767501831,1.362367868423462,1.2972984313964844,0.9408071637153625,0.9234504699707031,0.11180315911769867,-1.2806440591812134,-3.0425734519958496,-4.125428676605225,-4.5127949714660645,-4.593179225921631,-4.370902061462402,-3.77679443359375,-2.680032968521118,-2.509660482406616,-2.7194113731384277,-3.8449530601501465,-5.070796012878418,-5.484851360321045,-5.509324073791504,-6.419571876525879,-7.663252353668213,-8.085540771484375,-6.809337139129639,-3.017674207687378,-2.906304359436035,-6.055505275726318,-7.353512287139893,-8.401378631591797,-8.36948013305664,-8.259175300598145,-8.18601131439209,-7.66899299621582,-7.543545246124268
-4.478797912597656,-4.591714382171631,-4.2965874671936035,-4.503471374511719,-5.766233444213867,-5.105149269104004,-4.232052803039551,-3.0335257053375244,-2.1582071781158447,-1.363341212272644,-0.6080008745193481,-0.29854121804237366,-0.2826612889766693,-0.16554318368434906,0.03635573759675026,-0.15356583893299103,-1.0541311502456665,-2.1691534519195557,-2.8449041843414307,-2.999457597732544,-3.207958459854126,-3.5898375511169434,-3.7426810264587402,-3.941915512084961,-4.223951816558838,-4.8238983154296875,-5.571336269378662,-6.254612445831299,-6.784694671630859,-7.454546928405762,-8.513484001159668,-9.244799613952637,-8.747061729431152,-5.648416042327881,-2.259429931640625,-4.822446346282959,-7.632307529449463,-8.74160099029541,-8.752211570739746,-8.591606140136719,-8.235433578491211,-7.739494323730469,-7.653013706207275
-4.536905765533447,-4.556460857391357,-4.272381782531738,-4.702954292297363,-6.366997718811035,-5.955418586730957,-5.445906639099121,-4.401212692260742,-3.729280948638916,-3.3556408882141113,-2.797201156616211,-2.32877254486084,-2.0803356170654297,-2.0962772369384766,-2.0570919513702393,-1.8870328664779663,-1.914620041847229,-2.044727087020874,-1.9516834020614624,-1.902985692024231,-1.983850359916687,-2.3588578701019287,-2.4456727504730225,-2.7526965141296387,-3.2892916202545166,-4.239905834197998,-5.055283546447754,-5.992384433746338,-7.144283294677734,-7.740923881530762,-8.258381843566895,-8.859975814819336,-9.022041320800781,-8.081847190856934,-4.891497611999512,-6.083593368530273,-4.2236528396606445,-7.899624347686768,-8.041158676147461,-7.940359592437744,-7.572028160095215,-7.398155212402344,-7.190038681030273
-3.523075819015503,-3.2627971172332764,-3.18921160697937,-3.911402940750122,-5.732468128204346,-6.071577548980713,-6.323840618133545,-5.508297920227051,-5.0628204345703125,-5.038414001464844,-4.872408390045166,-4.473110198974609,-4.077402114868164,-3.7427573204040527,-3.5127644538879395,-3.29219126701355,-2.7784740924835205,-2.1471807956695557,-1.8126989603042603,-1.9133877754211426,-2.0334620475769043,-1.6826868057250977,-1.6075481176376343,-2.3182566165924072,-3.194815158843994,-3.8998210430145264,-4.153223991394043,-4.404265403747559,-5.143804550170898,-6.015181064605713,-7.087597370147705,-7.545065402984619,-7.51552152633667,-7.386834621429443,-7.004482746124268,-6.584456920623779,-6.058754920959473,-7.020951747894287,-7.056817054748535,-6.76438045501709,-6.861804008483887,-6.867825984954834,-6.6488356590271
-2.37358021736145,-1.9986119270324707,-1.9682117700576782,-2.6980533599853516,-4.760898590087891,-5.5361199378967285,-6.529588222503662,-5.875303268432617,-5.757704734802246,-6.173632621765137,-6.194311618804932,-5.716471195220947,-5.176806449890137,-4.719719886779785,-4.420669078826904,-4.127933025360107,-3.583258867263794,-2.789844036102295,-2.3173630237579346,-2.3968517780303955,-2.507608413696289,-2.1198008060455322,-1.9598665237426758,-1.9830877780914307,-2.13674259185791,-2.7722392082214355,-3.2291948795318604,-3.2643635272979736,-3.3195836544036865,-3.7821543216705322,-4.983763694763184,-5.786171913146973,-6.260406970977783,-6.689340114593506,-6.599377632141113,-6.504162311553955,-6.68078088760376,-6.471595764160156,-6.536256790161133,-6.419606685638428,-6.431949615478516,-6.294025897979736,-6.14600944519043
-0.6414391994476318,-1.0312808752059937,-1.5784651041030884,-3.2471487522125244,-7.051942348480225,-7.219819068908691,-6.586145877838135,-5.3867692947387695,-5.949229717254639,-7.315038204193115,-7.595634937286377,-6.777179718017578,-5.550202369689941,-5.184611797332764,-5.265260696411133,-5.230462074279785,-4.739832401275635,-4.143062114715576,-3.5156755447387695,-2.9806036949157715,-2.669076681137085,-2.6842129230499268,-2.7882323265075684,-2.6993472576141357,-2.6320247650146484,-2.4051339626312256,-2.2327659130096436,-2.372694253921509,-2.147144317626953,-2.8446319103240967,-3.7854621410369873,-4.705998420715332,-5.400671482086182,-6.079689025878906,-6.121952533721924,-6.035347938537598,-5.614116191864014,-5.69674015045166,-5.648005962371826,-5.910251140594482,-5.8529181480407715,-5.851253509521484,-5.777616500854492
0.7594445943832397,0.10872610658407211,-0.9566656351089478,-4.158527851104736,-9.421133041381836,-8.41390609741211,-7.1719770431518555,-6.188892364501953,-6.771124362945557,-8.0466890335083,-8.134220123291016,-8.409953117370605,-5.648680686950684,-4.761725902557373,-5.329934597015381,-5.943519592285156,-6.066934108734131,-5.279993534088135,-4.540627479553223,-3.6889853477478027,-2.9931209087371826,-2.509688138961792,-2.2697644233703613,-2.303154706954956,-2.412306308746338,-2.223538637161255,-2.1971678733825684,-2.054718255996704,-1.9447081089019775,-2.869403839111328,-3.747771739959717,-4.374284267425537,-4.471548080444336,-4.974201679229736,-5.0402936935424805,-5.01914644241333,-5.0238189697265625,-4.895690441131592,-4.92320442199707,-4.992605686187744,-5.258969783782959,-5.460068702697754,-5.591043472290039
1.6279927492141724,2.7121481895446777,2.4627974033355713,0.11792542785406113,-4.708166599273682,-6.28960657119751,-7.354956150054932,-6.973506450653076,-7.5351080894470215,-8.688791275024414,-8.647734642028809,-7.843667507171631,-7.113297462463379,-6.101629257202148,-6.223057270050049,-6.319855690002441,-6.451178073883057,-6.296299457550049,-5.471582889556885,-4.573239326477051,-3.7627785205841064,-2.7409584522247314,-1.8541418313980103,-1.725562572479248,-2.043100357055664,-2.1582095623016357,-1.7640694379806519,-1.9287925958633423,-2.5724871158599854,-3.3319613933563232,-3.808410406112671,-3.9628100395202637,-4.083400249481201,-4.218780994415283,-4.231460094451904,-4.212454795837402,-4.388037204742432,-4.610077857971191,-4.657411575317383,-4.80067777633667,-4.890225410461426,-4.992920398712158,-5.165133953094482
2.560035467147827,6.006928443908691,6.422834396362305,5.616326332092285,5.217601299285889,3.439455270767212,1.6661039590835571,0.10831981152296066,-2.9827072620391846,-4.972420692443848,-6.691159725189209,-7.437300682067871,-7.515416145324707,-7.822364807128906,-8.118186950683594,-7.719475746154785,-6.950865745544434,-6.307191371917725,-5.655966758728027,-4.905972480773926,-4.339069843292236,-3.8073225021362305,-3.1308722496032715,-2.493077039718628,-2.450491428375244,-2.4689149856567383,-2.2915897369384766,-2.3426668643951416,-2.9337520599365234,-3.420320987701416,-3.670550584793091,-3.832698106765747,-3.930346965789795,-3.8252296447753906,-3.8112268447875977,-3.8600239753723145,-4.181892395019531,-4.3796305656433105,-4.497359752655029,-4.583993434906006,-4.540435791015625,-4.534506320953369,-4.576164245605469
3.1095104217529297,7.333581924438477,7.7188920974731445,8.035568237304688,12.11837100982666,12.772275924682617,12.778532981872559,12.003766059875488,6.422399044036865,2.230299234390259,-3.390976905822754,-6.383999347686768,-7.005280017852783,-7.840192794799805,-8.407536506652832,-8.467062950134277,-7.693606853485107,-6.406044960021973,-5.725591659545898,-4.465704917907715,-3.6721677780151367,-3.4267265796661377,-3.4542200565338135,-3.0225462913513184,-2.6091654300689697,-2.3839030265808105,-2.7834999561309814,-2.6741018295288086,-2.7247931957244873,-2.6174874305725098,-2.7769320011138916,-3.069697856903076,-3.3033769130706787,-3.3971848487854004,-3.3845694065093994,-3.4826958179473877,-3.673717975616455,-3.8892595767974854,-4.000763893127441,-4.086081027984619,-4.077322006225586,-4.054234027862549,-4.085577964782715
1.9083718061447144,6.8564910888671875,7.462802410125732,7.876655101776123,14.11939525604248,16.02709197998047,16.187170028686523,16.55835723876953,13.537135124206543,7.184844970703125,2.0321836471557617,-1.559839129447937,-2.733090877532959,-3.8684704303741455,-1.8855962753295898,-0.9876207113265991,-4.459472179412842,-6.904189586639404,-7.40980339050293,-5.144697189331055,-3.8945131301879883,-3.4361371994018555,-2.4613287448883057,-2.8518590927124023,-2.772817850112915,-2.5147311687469482,-2.404189348220825,-2.5901806354522705,-2.30246901512146,-2.032849073410034,-1.8720840215682983,-1.9232773780822754,-2.181056261062622,-2.417715072631836,-2.6348514556884766,-2.800898790359497,-2.94663667678833,-3.0464701652526855,-3.1852383613586426,-3.2875969409942627,-3.443194627761841,-3.5174198150634766,-3.57428240776062
0.014530730433762074,3.1825082302093506,5.379554271697998,6.100599765777588,12.534591674804688,13.576483726501465,13.710837364196777,14.429753303527832,14.442910194396973,11.836008071899414,7.5100884437561035,4.882686614990234,3.786867618560791,4.870981216430664,7.432017803192139,8.44337272644043,5.648648738861084,-4.362351417541504,-7.719586372375488,-7.541286468505859,-7.238286972045898,-6.604095935821533,-3.197373390197754,-2.8650529384613037,-2.270421266555786,-1.5768088102340698,-2.3422534465789795,-1.9564026594161987,-1.653816819190979,-1.4824137687683105,-1.302501916885376,-1.2003923654556274,-1.2568691968917847,-1.559000849723816,-1.8572717905044556,-2.0238308906555176,-2.116502046585083,-2.2760114669799805,-2.4333930015563965,-2.5185303688049316,-2.7184510231018066,-2.90628719329834,-2.9914050102233887
-0.3715384900569916,0.9355388283729553,2.8591160774230957,4.896624565124512,9.170849800109863,10.333490371704102,11.935957908630371,12.000809669494629,12.675026893615723,14.311591148376465,12.714442253112793,10.967283248901367,10.750283241271973,12.321053504943848,13.375351905822754,13.348273277282715,10.725520133972168,5.73469352722168,0.8431068062782288,-2.212470054626465,-3.507540702819824,-2.9174394607543945,-2.6232211589813232,-4.658589839935303,-4.62611722946167,-1.965464472770691,-1.7238614559173584,-1.2391433715820312,-0.948411762714386,-0.7708688974380493,-0.7164223194122314,-0.7194037437438965,-0.7827457189559937,-0.8998690843582153,-1.0959373712539673,-1.222379207611084,-1.3629717826843262,-1.4672837257385254,-1.5986807346343994,-1.7855136394500732,-1.9192405939102173,-2.1308183670043945,-2.281233310699463
0.28073611855506897,1.257293462753296,1.9615833759307861,4.021345138549805,7.337638854980469,8.624639511108398,10.972430229187012,10.699262619018555,10.942525863647461,14.264599800109863,16.474931716918945,17.362707138061523,16.947832107543945,15.458718299865723,12.209640502929688,10.810722351074219,12.154929161071777,12.857656478881836,12.368117332458496,11.85164737701416,10.776626586914062,8.58237361907959,4.848944664001465,-1.018175482749939,-2.727205514907837,-2.0481197834014893,-2.3291826248168945,-1.3207305669784546,-0.8012889623641968,0.1572519689798355,0.025054460391402245,-0.173380047082901,-0.206965833902359,-0.33845317363739014,-0.5154548287391663,-0.5806394815444946,-0.5656635761260986,-0.5408470630645752,-0.6019057631492615,-0.7803793549537659,-0.8843606114387512,-1.054813027381897,-1.3368465900421143
0.6213641166687012,1.829511046409607,1.9674874544143677,3.4146804809570312,7.678829193115234,9.214738845825195,10.999588966369629,10.639673233032227,8.612181663513184,8.436561584472656,11.970769882202148,14.001895904541016,11.855245590209961,9.055976867675781,7.648379802703857,7.6155829429626465,10.723272323608398,12.178976058959961,12.610319137573242,12.857763290405273,12.78225040435791,11.013106346130371,8.013693809509277,5.595897674560547,5.56477689743042,3.9631807804107666,1.2421187162399292,0.7990561127662659,0.21523027122020721,1.0455366373062134,0.7304131984710693,0.38275209069252014,0.048965588212013245,0.007609974127262831,0.13993962109088898,0.36172109842300415,0.403042197227478,0.2501313388347626,0.30084657669067383,0.4054765999317169,0.28789955377578735,0.15260210633277893,-0.09793055057525635
0.6563825607299805,1.5107773542404175,1.5056172609329224,2.8141555786132812,8.396161079406738,11.379471778869629,12.354537010192871,10.323563575744629,8.19602108001709,4.619006633758545,4.743916034698486,5.788642883300781,5.245058059692383,4.645832538604736,5.177151679992676,6.213523864746094,7.166388511657715,6.3975749015808105,4.4723944664001465,2.021526575088501,2.3413777351379395,4.439772129058838,7.1854753494262695,8.862870216369629,8.72226619720459,7.5690789222717285,5.771872520446777,1.913260579109192,1.0024389028549194,1.246608853340149,0.2148531675338745,0.24675971269607544,0.11883217841386795,0.5729547739028931,0.7586218118667603,0.8226056694984436,0.8066707253456116,0.9743958711624146,1.0579849481582642,1.1755201816558838,1.3728291988372803,1.4025132656097412,1.1554597616195679
0.5477845072746277,1.946682095527649,2.788790225982666,4.244831085205078,7.966711044311523,10.160067558288574,10.628113746643066,8.991059303283691,7.8339128494262695,5.337098121643066,5.098234176635742,5.770787239074707,6.075717449188232,6.465875148773193,5.641952037811279,5.920417308807373,5.826169013977051,3.12753963470459,-0.41829952597618103,-0.9815120100975037,0.20165403187274933,3.0209405422210693,5.0101141929626465,5.530277252197266,4.630256652832031,3.4827539920806885,1.402376413345337,-1.8997873067855835,-2.1075279712677,-0.5042621493339539,0.8387685418128967,0.7685920596122742,0.20978282392024994,0.2597757577896118,0.6400094032287598,1.1398414373397827,1.5679348707199097,1.6183156967163086,1.8672138452529907,2.2877261638641357,2.4703805446624756,2.4139482975006104,2.3399405479431152
