data/wind_data/wind_1_3.json
{"header": {"parameterUnit": "KT", "parameterCategory": 2, "nx": 256, "ny": 198, "lo1": 44.73521041870117, "la1": -3.236724853515625, "lo2": 111.26478576660156, "la2": 43.468475341796875, "dx": 0.2609002888202667, "dy": -0.23708222806453705, "refTime": "2025-02-19 01:00:00", "forecastTime": 0, "parameterNumber": 2, "parameterNumberName": "eastward_wind"}, "data":
[rows 76 to 94 of 198, columns 132 to 175 of 256]
1.7494335174560547,0.29388228058815,-0.5268329977989197,-0.11982403695583344,-0.33850783109664917,-1.5826432704925537,-3.077101469039917,-2.9311788082122803,-2.9741194248199463,-3.894956588745117,-4.634074687957764,-4.5872321128845215,-4.338890075683594,-4.498922348022461,-4.404029369354248,-4.075180530548096,-4.114039897918701,-4.4852070808410645,-4.617885112762451,-4.274050235748291,-4.123449325561523,-4.07385778427124,-4.660825252532959,-4.957732677459717,-4.885097503662109,-4.737541198730469,-4.536709785461426,-4.551380634307861,-4.437218189239502,-4.427515983581543,-4.6283698081970215,-4.456992149353027,-3.86814546585083,-3.1019034385681152,-2.474048614501953,-2.348731279373169,-2.28550386428833,-2.009401321411133,-1.547381043434143,-0.8152651190757751,0.04446147382259369,0.9430366158485413,1.459885597229004,1.4703216552734375
3.659173011779785,2.762037754058838,2.1449666023254395,2.2543835639953613,1.6591317653656006,0.11633092910051346,-1.7458735704421997,-2.5253281593322754,-2.634389638900757,-3.189173460006714,-3.7562427520751953,-3.8112785816192627,-3.513542413711548,-3.3144826889038086,-3.4268414974212646,-2.9613327980041504,-2.6265904903411865,-3.1396396160125732,-3.650177001953125,-3.592853307723999,-3.209242105484009,-2.802382469177246,-3.0581891536712646,-3.7477622032165527,-4.116677761077881,-4.2793426513671875,-4.058536052703857,-4.0918989181518555,-3.9660730361938477,-4.411195755004883,-5.189067840576172,-5.635425090789795,-5.236696243286133,-4.104315757751465,-3.17384934425354,-2.6895647048950195,-2.3285598754882812,-2.142625093460083,-1.87851083278656,-1.13410222530365,-0.22047953307628632,0.5291537046432495,1.1945427656173706,1.612430453300476
5.744976997375488,5.1724371910095215,4.633504390716553,3.9334115982055664,2.5693624019622803,0.5867099761962891,-0.862729549407959,-1.476623296737671,-1.9023057222366333,-2.8430237770080566,-3.4722440242767334,-3.1740684509277344,-2.705200672149658,-2.0859291553497314,-2.034454584121704,-1.9283840656280518,-1.4731767177581787,-1.9106886386871338,-2.087571620941162,-1.974938988685608,-2.168668270111084,-2.0878348350524902,-1.8467705249786377,-2.4177088737487793,-3.056096076965332,-3.478720188140869,-3.5249760150909424,-3.6984829902648926,-3.8233742713928223,-4.562774658203125,-5.325231552124023,-5.676121711730957,-5.474491596221924,-4.886579990386963,-4.032281875610352,-3.2421796321868896,-2.533395767211914,-2.056788682937622,-1.8462929725646973,-1.3538907766342163,-0.41725966334342957,0.5148022174835205,1.0865176916122437,1.4508761167526245
7.279272079467773,6.119003772735596,4.977381229400635,3.9032890796661377,2.5389301776885986,0.5906312465667725,-0.29922589659690857,-0.22959557175636292,-0.23766474425792694,-1.240567684173584,-2.4676530361175537,-2.3855643272399902,-1.8748347759246826,-1.4173585176467896,-0.8698951005935669,-0.6589086055755615,-0.4985397160053253,-0.8185683488845825,-0.8460975885391235,-0.14120721817016602,-0.18151211738586426,-0.8237094283103943,-1.0302995443344116,-1.6029082536697388,-2.184748649597168,-2.5135152339935303,-2.5540387630462646,-2.804080009460449,-3.4349656105041504,-4.346290588378906,-5.084549903869629,-5.501981735229492,-5.709040641784668,-5.668578147888184,-4.870473861694336,-3.7033979892730713,-2.7172281742095947,-1.814902424812317,-1.2653709650039673,-1.0918301343917847,-0.6521516442298889,0.2850072681903839,1.1488099098205566,1.55979585647583
8.028128623962402,5.596905708312988,3.611746072769165,3.032226324081421,2.320138692855835,1.108842372894287,0.7472034692764282,0.9117375612258911,1.4246879816055298,1.5015829801559448,1.099695086479187,0.4150424003601074,-0.015300678089261055,-1.177707314491272,-1.1081429719924927,0.15215417742729187,0.71902996301651,0.9203019142150879,0.7480595707893372,0.7686238288879395,1.1978943347930908,1.3222637176513672,0.5092818140983582,-0.6638977527618408,-1.2485069036483765,-1.627893328666687,-1.635522723197937,-1.8733664751052856,-2.6270968914031982,-3.601531505584717,-4.617022514343262,-5.589809417724609,-6.190436363220215,-6.242062091827393,-5.438473224639893,-3.9570512771606445,-2.6597683429718018,-1.485796570777893,-0.3949708342552185,-0.12807029485702515,-0.3314139246940613,0.0596843920648098,1.0325218439102173,1.7528305053710938
8.32447624206543,5.19611120223999,3.589129686355591,3.5238699913024902,2.7098774909973145,2.0244288444519043,1.7640948295593262,1.6894115209579468,2.1620891094207764,3.1257073879241943,4.6235032081604,4.715778350830078,3.626840829849243,1.1268095970153809,-0.29583635926246643,0.6017147302627563,1.6356946229934692,2.7231595516204834,2.975919008255005,2.1758980751037598,1.7802271842956543,2.236954927444458,1.8349499702453613,1.0623835325241089,0.4348209798336029,-0.5193216800689697,-1.0818551778793335,-1.3889998197555542,-1.8481553792953491,-2.557046890258789,-3.893738269805908,-5.1811394691467285,-5.383627891540527,-5.132248878479004,-4.668365001678467,-3.7461299896240234,-2.600804328918457,-1.3140922784805298,0.09941953420639038,1.0892834663391113,0.8801513910293579,0.33093658089637756,0.8814283609390259,1.9272211790084839
9.271275520324707,6.826113224029541,5.764811992645264,4.9788498878479,3.69472074508667,2.8752171993255615,2.157562255859375,2.017467498779297,2.2456235885620117,2.63897442817688,4.056891441345215,6.517312049865723,7.502288341522217,6.355911731719971,3.7255637645721436,2.2848052978515625,2.713951349258423,3.8548028469085693,4.157013416290283,3.533027410507202,2.6592931747436523,2.258748769760132,2.160534381866455,2.3713552951812744,1.9435648918151855,0.6470580101013184,-0.34722113609313965,-0.667262852191925,-0.8924398422241211,-1.4083642959594727,-2.84338641166687,-3.763601541519165,-3.1989388465881348,-2.62473726272583,-2.4935715198516846,-2.3551347255706787,-1.9625821113586426,-1.2286142110824585,0.10060695558786392,1.688494086265564,2.402474880218506,1.5174214839935303,1.0584050416946411,1.8790762424468994
10.513970375061035,8.900726318359375,7.597095966339111,6.231286525726318,4.787199020385742,3.739980459213257,2.4896857738494873,2.156608819961548,2.1716227531433105,2.483382225036621,3.0003774166107178,4.854926109313965,8.55822467803955,10.476608276367188,9.182073593139648,5.505499839782715,4.698240756988525,4.897892475128174,4.51530122756958,4.016862392425537,3.371438503265381,2.4829626083374023,2.3027231693267822,2.840013265609741,2.3680760860443115,1.2773805856704712,0.804771900177002,0.8926953077316284,0.6932289600372314,0.14114037156105042,-0.939514696598053,-1.4398117065429688,-0.7652484178543091,-0.21481576561927795,-0.3932824432849884,-0.7258687019348145,-0.7860656976699829,-0.6135193109512329,0.14603275060653687,1.5039069652557373,2.944974422454834,3.0530898571014404,1.9854010343551636,1.8610328435897827
11.593948364257812,10.296164512634277,9.14830493927002,7.625243663787842,5.989189147949219,4.9949951171875,3.729478359222412,2.8370490074157715,2.773303508758545,2.9460105895996094,3.268054485321045,4.593565940856934,8.323359489440918,11.591707229614258,11.7666597366333,8.47350788116455,6.884321212768555,6.761994361877441,6.550544738769531,5.232004642486572,4.086006164550781,3.1884987354278564,3.1472363471984863,3.2783608436584473,2.3777499198913574,1.7630937099456787,2.088412046432495,2.327341318130493,2.0778121948242188,1.8129830360412598,1.550171971321106,1.3724727630615234,1.5292662382125854,1.6236062049865723,1.0539095401763916,0.35499855875968933,-0.11241289973258972,-0.04507159814238548,0.49678757786750793,1.2398016452789307,2.312415361404419,3.3223068714141846,3.0303218364715576,2.3412792682647705
12.471001625061035,11.023629188537598,9.6279878616333,8.05720329284668,6.984094619750977,6.321678161621094,5.374680519104004,4.56438684463501,4.505105495452881,4.275373935699463,4.9301533699035645,6.236560821533203,8.681209564208984,11.661568641662598,13.155552864074707,10.72362232208252,8.738758087158203,8.8894624710083,9.853334426879883,8.379813194274902,5.897164344787598,4.350925922393799,4.308241844177246,3.901398181915283,2.7104549407958984,2.722151279449463,3.2636396884918213,3.5101025104522705,3.3785946369171143,3.160508394241333,3.281139850616455,3.2566893100738525,3.226621389389038,2.8482394218444824,1.6913832426071167,0.7285260558128357,0.12664353847503662,0.3190029263496399,0.8057703375816345,1.0113847255706787,1.282667636871338,2.2100703716278076,3.0358524322509766,2.9899752140045166
12.4556245803833,10.607782363891602,9.07155990600586,7.775439739227295,7.32008695602417,7.113893508911133,6.654347896575928,5.781545162200928,5.007266521453857,5.61562442779541,7.086706638336182,8.127642631530762,9.08738899230957,10.997775077819824,13.175467491149902,12.598155975341797,11.462843894958496,10.991473197937012,12.276727676391602,11.879857063293457,8.930278778076172,6.219158172607422,5.960606575012207,5.095095157623291,3.974318265914917,4.175633430480957,4.346275806427002,4.687057018280029,4.95726203918457,4.722814559936523,4.300004959106445,3.802393674850464,3.9874279499053955,4.004701614379883,2.6684393882751465,1.171627163887024,0.44009941816329956,0.5911803245544434,0.5565294623374939,0.2517460584640503,0.13043436408042908,1.0192471742630005,2.2852394580841064,3.088944435119629
12.05390453338623,10.160787582397461,8.824278831481934,7.9544548988342285,7.820957660675049,7.977559566497803,7.95338773727417,7.2844157218933105,5.726572036743164,5.80218505859375,6.969357013702393,8.137216567993164,8.615473747253418,9.741326332092285,11.897229194641113,13.130156517028809,13.196845054626465,12.250055313110352,12.556988716125488,12.2322416305542,9.707287788391113,7.422352313995361,7.129265308380127,6.638740539550781,5.992488861083984,5.844362735748291,5.89654541015625,6.069090366363525,6.3513054847717285,6.125748634338379,4.888218879699707,3.8747811317443848,4.18207311630249,4.639733791351318,3.559600830078125,1.8319047689437866,1.23385488986969,1.04110586643219,0.37829869985580444,-0.30996355414390564,-0.2248525768518448,0.6844149231910706,1.7984493970870972,2.80587100982666
12.740853309631348,10.559666633605957,8.912843704223633,8.165643692016602,8.039216041564941,8.50576114654541,9.20706844329834,9.485482215881348,7.691816806793213,6.798229217529297,7.1724748611450195,8.224713325500488,7.949831485748291,8.682065963745117,10.629681587219238,12.915812492370605,13.75341796875,12.957011222839355,12.548068046569824,11.823213577270508,9.042710304260254,6.899876594543457,7.786684036254883,8.1032075881958,7.539680004119873,7.290372848510742,7.38902473449707,7.280636787414551,7.124945163726807,6.8286004066467285,5.716337203979492,4.675382137298584,4.558544635772705,4.851044178009033,4.406652450561523,3.354822874069214,2.764547824859619,1.7791476249694824,0.5760709643363953,0.004328691400587559,0.5530667901039124,1.2283450365066528,1.7152600288391113,2.533588409423828
12.993265151977539,12.022205352783203,10.194573402404785,8.821539878845215,8.584007263183594,9.13021183013916,9.77889347076416,9.607625007629395,8.489051818847656,8.459269523620605,8.925177574157715,9.113678932189941,7.967580318450928,8.498754501342773,10.279972076416016,13.114201545715332,14.312798500061035,14.162199974060059,13.788970947265625,13.055987358093262,9.8219633102417,8.443004608154297,9.636323928833008,9.772150039672852,8.733386993408203,8.216954231262207,8.042693138122559,7.677245616912842,7.007189750671387,6.8982977867126465,7.298885822296143,6.5603532791137695,5.449332237243652,5.303084850311279,5.472705841064453,5.064595699310303,4.169092655181885,2.5801730155944824,1.0054662227630615,0.6080800294876099,0.9789844751358032,1.104488730430603,1.2088788747787476,2.0123658180236816
13.080445289611816,13.161368370056152,12.542686462402344,11.151290893554688,10.32848834991455,10.217145919799805,9.572641372680664,8.708953857421875,9.303143501281738,10.606729507446289,11.282392501831055,10.482422828674316,8.628310203552246,8.75469970703125,9.949220657348633,11.83626937866211,13.270330429077148,13.912452697753906,14.06839370727539,14.014201164245605,12.1060152053833,10.801105499267578,10.878816604614258,10.718534469604492,10.170992851257324,9.652706146240234,8.559922218322754,7.20538330078125,6.430174350738525,6.800673007965088,7.869983196258545,7.953497409820557,7.053048133850098,6.546723365783691,6.34259557723999,5.76801061630249,4.812283992767334,3.1257076263427734,1.3229496479034424,0.8373252153396606,0.9137910604476929,0.8709301948547363,0.9249889254570007,1.6440349817276
13.32302474975586,13.371455192565918,13.089519500732422,12.002070426940918,11.286487579345703,11.035069465637207,10.164361000061035,9.829567909240723,11.069982528686523,13.056859970092773,13.837740898132324,12.881080627441406,11.363117218017578,10.532576560974121,10.215036392211914,10.286871910095215,10.929108619689941,12.369542121887207,14.253270149230957,15.135310173034668,13.841423034667969,11.758200645446777,10.81386947631836,11.196744918823242,11.825753211975098,11.782233238220215,10.653260231018066,8.381780624389648,7.196920394897461,7.639675140380859,8.0855712890625,8.15966796875,8.385503768920898,8.69654655456543,8.269826889038086,7.129598617553711,5.7951884269714355,3.675699234008789,1.6025758981704712,1.2541289329528809,1.526002049446106,1.5822510719299316,1.7631139755249023,2.3310959339141846
12.724809646606445,12.412755012512207,12.006794929504395,11.495823860168457,11.394311904907227,11.591239929199219,11.692938804626465,11.985240936279297,12.995338439941406,14.326199531555176,14.462018966674805,13.983770370483398,14.032060623168945,12.774495124816895,11.068038940429688,10.18253231048584,10.090328216552734,11.439943313598633,13.665355682373047,14.971967697143555,14.337202072143555,12.578964233398438,11.6356782913208,12.027347564697266,12.97630786895752,13.75948429107666,13.45067310333252,11.18258285522461,9.220697402954102,8.992315292358398,8.65984058380127,7.831190586090088,8.2361478805542,9.525275230407715,10.27413272857666,9.416048049926758,7.129234790802002,4.37906551361084,2.2939364910125732,2.244241952896118,2.6224281787872314,2.7755393981933594,2.940816640853882,3.4942283630371094
13.314659118652344,12.835616111755371,11.661974906921387,10.943336486816406,11.495024681091309,12.47603988647461,13.340466499328613,13.641398429870605,13.46235466003418,13.063077926635742,11.868819236755371,11.004444122314453,11.048766136169434,11.258172035217285,11.127366065979004,10.442874908447266,10.485352516174316,11.830608367919922,12.824165344238281,13.076253890991211,12.859103202819824,12.623448371887207,13.04146957397461,13.763525009155273,14.183329582214355,14.841063499450684,14.798639297485352,13.197259902954102,11.510422706604004,10.75702953338623,9.715802192687988,8.125236511230469,7.76198673248291,8.89692211151123,10.38284969329834,10.666733741760254,8.293659210205078,5.099555969238281,3.133533239364624,3.262427806854248,3.542436122894287,3.659715175628662,4.116467475891113,4.9520649909973145
14.373318672180176,13.879538536071777,13.055269241333008,12.126114845275879,12.056075096130371,12.980047225952148,13.978147506713867,13.839211463928223,13.286831855773926,12.242835998535156,10.036303520202637,8.709553718566895,8.468786239624023,9.032952308654785,9.520322799682617,10.195995330810547,12.075700759887695,13.933794975280762,13.579933166503906,12.688681602478027,12.120368957519531,12.715282440185547,14.73377513885498,15.906203269958496,15.535262107849121,15.533973693847656,16.079662322998047,15.208300590515137,13.584450721740723,12.039490699768066,10.613860130310059,9.251548767089844,8.5615816116333,8.289129257202148,8.613450050354004,9.397974014282227,8.132333755493164,5.570631980895996,4.2348127365112305,4.359103679656982,4.086233615875244,4.039004802703857,5.393057823181152,6.852198123931885
