data/wind_data/wind_48_6.json
{"header": {"parameterUnit": "KT", "parameterCategory": 2, "nx": 256, "ny": 198, "lo1": 44.73521041870117, "la1": -3.236724853515625, "lo2": 111.26478576660156, "la2": 43.468475341796875, "dx": 0.2609002888202667, "dy": -0.23708222806453705, "refTime": "2025-02-21 00:00:00", "forecastTime": 0, "parameterNumber": 2, "parameterNumberName": "eastward_wind"}, "data":
[rows 0 to 19 of 198, columns 88 to 131 of 256]
-8.61197566986084,-8.913949966430664,-10.365005493164062,-12.403576850891113,-12.898398399353027,-12.606331825256348,-12.670698165893555,-12.519287109375,-11.608320236206055,-10.082866668701172,-7.415701389312744,-5.516939163208008,-6.277904987335205,-6.450403213500977,-4.3076629638671875,-3.4461233615875244,-4.9417290687561035,-6.016517162322998,-6.333324432373047,-6.630922794342041,-6.920901775360107,-6.983599662780762,-6.877892017364502,-7.101409912109375,-7.4409661293029785,-7.191411972045898,-6.575943470001221,-5.8263373374938965,-4.976617336273193,-3.999528408050537,-3.395482063293457,-3.8908603191375732,-4.657071590423584,-5.378777503967285,-5.701655864715576,-5.348491668701172,-4.714890956878662,-3.720663547515869,-3.796966314315796,-5.211752414703369,-6.188812732696533,-6.6826348304748535,-6.927199840545654,-6.923670291900635
-8.239957809448242,-6.957353115081787,-8.044393539428711,-10.593975067138672,-11.264495849609375,-10.984794616699219,-10.654786109924316,-9.873833656311035,-8.577061653137207,-7.018578052520752,-5.131670951843262,-4.049688339233398,-4.729918003082275,-4.9791340827941895,-3.724059581756592,-3.3437931537628174,-4.602313995361328,-5.554224967956543,-5.902895927429199,-6.5251922607421875,-7.214316368103027,-7.054603576660156,-6.332249164581299,-6.383362770080566,-6.755824565887451,-6.4382853507995605,-5.679079055786133,-4.9191813468933105,-4.18727445602417,-3.3804171085357666,-2.9722843170166016,-3.627568244934082,-4.583901882171631,-5.385168552398682,-5.924319267272949,-5.889004707336426,-5.021912574768066,-3.568351984024048,-3.585258960723877,-5.02162504196167,-6.219809532165527,-7.182709217071533,-7.519418239593506,-7.550258636474609
-8.87169361114502,-8.315164566040039,-8.527966499328613,-9.472731590270996,-9.424666404724121,-8.795194625854492,-8.259100914001465,-7.59940767288208,-6.945684432983398,-6.381059646606445,-5.820971488952637,-5.367823123931885,-5.1778364181518555,-4.924124717712402,-4.423058986663818,-4.271679878234863,-4.741413116455078,-5.3246541023254395,-5.858078479766846,-6.336141586303711,-6.603018760681152,-6.459850311279297,-6.100782871246338,-6.086235046386719,-6.197702407836914,-6.334405899047852,-6.170548439025879,-5.129314422607422,-3.955167293548584,-3.3358500003814697,-3.1510801315307617,-3.4316365718841553,-3.7846920490264893,-4.07282829284668,-4.151815891265869,-3.7870426177978516,-3.2375617027282715,-2.8489627838134766,-3.3407931327819824,-4.442824840545654,-5.524880886077881,-6.590969562530518,-6.835302352905273,-6.7194743156433105
-10.204859733581543,-10.309270858764648,-9.968412399291992,-9.54317855834961,-8.728800773620605,-7.581945896148682,-6.7988057136535645,-6.5444440841674805,-6.641523838043213,-7.162665843963623,-7.734706401824951,-7.543442249298096,-6.613926410675049,-5.580613613128662,-4.8093390464782715,-4.733672142028809,-5.063144683837891,-5.776259899139404,-6.5641770362854,-6.583089351654053,-6.050524711608887,-5.709805488586426,-5.845770359039307,-5.8461503982543945,-5.476616382598877,-5.603700160980225,-5.890977382659912,-5.056241035461426,-4.064107894897461,-3.8304879665374756,-3.7489824295043945,-3.7208259105682373,-3.542497158050537,-3.267866849899292,-2.841733694076538,-2.3716282844543457,-2.3260622024536133,-2.6125333309173584,-3.0477261543273926,-3.565521001815796,-4.320143699645996,-5.332100868225098,-5.700100898742676,-5.767729759216309
-12.998592376708984,-12.538863182067871,-11.685614585876465,-10.563840866088867,-8.945172309875488,-6.83062744140625,-4.795513153076172,-3.0819568634033203,-2.2083401679992676,-3.709778308868408,-5.2887701988220215,-5.523645877838135,-5.171117782592773,-4.707407474517822,-3.120584011077881,-2.0454986095428467,-2.9804959297180176,-4.869657039642334,-5.822837829589844,-6.288269519805908,-6.14119291305542,-4.804620265960693,-4.482798099517822,-3.357567071914673,-2.362976312637329,-1.493478536605835,-1.9978857040405273,-2.5298869609832764,-3.6744940280914307,-5.089766502380371,-5.440991401672363,-5.836730480194092,-6.317102909088135,-6.1696929931640625,-5.786976337432861,-6.015719413757324,-6.929596900939941,-6.9362688064575195,-5.701858997344971,-4.530545711517334,-4.178589344024658,-4.324524402618408,-5.218639373779297,-6.777200222015381
-13.405208587646484,-12.43185806274414,-11.534961700439453,-10.190461158752441,-8.770915985107422,-7.551386833190918,-6.49671745300293,-5.018988609313965,-3.219528913497925,-1.2788784503936768,-1.5353058576583862,-2.9556820392608643,-3.5326833724975586,-3.5347821712493896,-3.2431678771972656,-1.345949649810791,-1.222204327583313,-4.3617024421691895,-5.3523030281066895,-5.851833820343018,-5.981481075286865,-2.9523091316223145,-2.782522678375244,-2.081770896911621,-2.116920232772827,-1.870871663093567,-2.8957295417785645,-3.038867950439453,-3.1828012466430664,-4.241819381713867,-4.601346492767334,-4.246711730957031,-4.31463098526001,-3.9610071182250977,-3.7405707836151123,-4.489814281463623,-5.7502641677856445,-5.8287672996521,-4.651922702789307,-3.653376817703247,-3.6959617137908936,-4.311043739318848,-5.325087070465088,-6.564789295196533
-11.684333801269531,-10.373359680175781,-10.369757652282715,-10.835990905761719,-11.223308563232422,-10.365005493164062,-7.961950778961182,-5.695267677307129,-4.459166049957275,-1.4152626991271973,-0.11837267875671387,-0.8793869614601135,-1.6253317594528198,-1.7598553895950317,-3.184718370437622,-2.927591323852539,-2.081787586212158,-3.624311923980713,-3.7713654041290283,-4.2608513832092285,-4.640441417694092,-1.8461380004882812,0.19055573642253876,-0.7146217226982117,-1.3055270910263062,-0.9322195053100586,-2.1390867233276367,-2.7903196811676025,-3.075610399246216,-4.0276198387146,-4.490828514099121,-4.39152717590332,-4.076042652130127,-4.080585479736328,-4.716180324554443,-5.740758895874023,-6.819977760314941,-6.953660488128662,-6.021646499633789,-5.398003101348877,-5.612847805023193,-5.989029884338379,-6.578609466552734,-7.4746222496032715
-9.991769790649414,-9.599853515625,-10.277166366577148,-12.003091812133789,-13.237213134765625,-12.259788513183594,-6.8278656005859375,-3.8615403175354004,-5.494500637054443,-1.6992650032043457,-0.7812941670417786,-2.0881760120391846,-3.025092840194702,-2.530618906021118,-3.9286112785339355,-5.285664081573486,-5.668313503265381,-5.491821765899658,-4.525084495544434,-3.2000036239624023,-2.839881658554077,-1.4093317985534668,-1.396453857421875,-2.4945762157440186,-2.521939754486084,-0.4136030673980713,-1.706468939781189,-2.73932147026062,-2.351865291595459,-3.4795923233032227,-3.6093692779541016,-3.7216901779174805,-3.497533082962036,-3.526320695877075,-4.2058258056640625,-5.102279186248779,-6.048694610595703,-6.554330825805664,-6.280292510986328,-6.094217777252197,-6.451631546020508,-6.925387859344482,-7.455759525299072,-8.355119705200195
-9.512306213378906,-9.360969543457031,-8.699563980102539,-8.845993995666504,-9.34907054901123,-10.354089736938477,-7.861755847930908,-4.951972484588623,-5.179388523101807,-0.35519707202911377,-1.5196157693862915,-4.058671474456787,-7.184069633483887,-3.854980707168579,-4.376704692840576,-5.781078338623047,-5.654303073883057,-8.284703254699707,-6.060207843780518,-2.983055353164673,-2.203038215637207,-1.0668799877166748,-1.7346749305725098,-2.103140115737915,-1.3731223344802856,0.35360974073410034,-2.615673780441284,-2.8184120655059814,-2.9804000854492188,-3.098750114440918,-2.975118398666382,-3.321800947189331,-3.4560394287109375,-3.884209632873535,-5.025152683258057,-5.810863018035889,-6.238386154174805,-6.781644344329834,-7.149743556976318,-7.456096172332764,-7.80824089050293,-8.050106048583984,-8.286920547485352,-8.873416900634766
-10.655326843261719,-10.016670227050781,-8.24936580657959,-6.542369365692139,-5.348839282989502,-8.582149505615234,-10.598155975341797,-7.401922225952148,-2.776536226272583,-2.091923952102661,-0.9010194540023804,0.25313812494277954,-3.2365219593048096,-4.899142742156982,-5.861076354980469,-7.775629043579102,-8.98166275024414,-10.473075866699219,-8.678528785705566,-5.360796928405762,-5.115420818328857,-2.7142961025238037,-2.081866502761841,-1.4640789031982422,0.28253743052482605,0.9557515978813171,-1.7727516889572144,-2.506718635559082,-3.395254373550415,-3.1974804401397705,-2.4109017848968506,-2.9282760620117188,-3.5695619583129883,-4.155287742614746,-5.160006523132324,-5.801649570465088,-6.149298667907715,-6.7863311767578125,-7.665009021759033,-8.410953521728516,-8.910381317138672,-9.206117630004883,-9.345863342285156,-9.653690338134766
-10.237072944641113,-9.276369094848633,-8.858341217041016,-8.35838508605957,-5.974740028381348,-9.438804626464844,-13.628609657287598,-13.764714241027832,-4.321115493774414,-1.7115472555160522,-0.37648603320121765,-1.6736451387405396,-2.367356538772583,-3.5347907543182373,-2.585110902786255,-4.36558723449707,-10.588373184204102,-12.531707763671875,-11.946515083312988,-9.26795768737793,-7.9813642501831055,-4.306588649749756,-1.1440083980560303,-1.3248251676559448,0.3160337209701538,1.4464598894119263,-0.18523070216178894,-2.1538031101226807,-3.7954108715057373,-4.248889446258545,-2.826629161834717,-2.9623818397521973,-4.13940954208374,-4.884660243988037,-5.396130561828613,-6.000904083251953,-6.455935001373291,-7.096752166748047,-8.051050186157227,-8.840770721435547,-9.332184791564941,-9.835229873657227,-10.368739128112793,-10.667023658752441
-8.590622901916504,-6.585921287536621,-5.797120571136475,-7.863095283508301,-8.545485496520996,-9.51261043548584,-11.255631446838379,-10.734665870666504,-13.021143913269043,-10.201553344726562,-8.803467750549316,-5.191995620727539,-4.17041540145874,-3.5491104125976562,-4.5029401779174805,-7.556933879852295,-8.841442108154297,-10.73176383972168,-11.822700500488281,-9.686689376831055,-7.595180511474609,-2.105212688446045,0.4311561584472656,-0.4878949522972107,-0.5451115369796753,0.576988697052002,0.2024809718132019,-2.07464861869812,-2.455862283706665,-4.8280534744262695,-3.7736289501190186,-3.496601104736328,-4.7746100425720215,-5.509255886077881,-5.413976669311523,-5.893216133117676,-6.697243690490723,-7.407399654388428,-8.065445899963379,-8.765702247619629,-9.586512565612793,-10.159103393554688,-10.676576614379883,-11.276908874511719
-9.22828197479248,-7.701106071472168,-8.085132598876953,-10.380203247070312,-11.120070457458496,-10.36695671081543,-4.642277240753174,-2.1610312461853027,-5.76206111907959,-16.083168029785156,-8.981453895568848,-7.128903388977051,-5.7698974609375,-4.684085369110107,-5.270646095275879,-7.753953456878662,-9.816247940063477,-12.956254959106445,-13.135444641113281,-10.306833267211914,-5.032258033752441,-2.397918939590454,-3.275785207748413,-1.2813724279403687,-2.414672613143921,-0.9766241312026978,0.3470887839794159,-1.4684062004089355,-2.8227880001068115,-4.179389953613281,-4.518217086791992,-4.479282379150391,-5.234354019165039,-5.410914421081543,-5.164732456207275,-5.863951683044434,-6.949275493621826,-7.603694915771484,-7.859615802764893,-8.518697738647461,-10.125387191772461,-11.091202735900879,-11.03278923034668,-11.814379692077637
-10.169282913208008,-7.612085819244385,-6.6386919021606445,-9.539154052734375,-11.105231285095215,-9.145651817321777,-4.882199764251709,-0.17593272030353546,-1.2887085676193237,-10.45746898651123,-6.765915393829346,-3.996415615081787,-4.981600284576416,-5.030885696411133,-5.786781311035156,-8.04125690460205,-10.400318145751953,-12.785300254821777,-11.611760139465332,-6.612966537475586,-12.147769927978516,-7.354119777679443,-4.884367942810059,-9.865096092224121,-8.405508995056152,-3.5109798908233643,0.21145941317081451,-1.5127570629119873,-4.307580471038818,-5.118083477020264,-5.219210147857666,-5.009258270263672,-5.01227331161499,-4.886175632476807,-5.1940999031066895,-6.322361469268799,-7.3096022605896,-7.917712688446045,-7.9251298904418945,-8.576722145080566,-10.412689208984375,-11.675579071044922,-11.814899444580078,-13.294604301452637
-10.286870956420898,-8.108512878417969,-6.601080894470215,-8.224685668945312,-9.338918685913086,-8.145153999328613,-5.851534366607666,-3.963799476623535,-2.665069818496704,-5.945989608764648,-6.730337619781494,-5.072649002075195,-5.1923298835754395,-4.986165523529053,-6.0756025314331055,-8.431382179260254,-10.651406288146973,-11.492806434631348,-9.500597953796387,-5.677804946899414,-7.601919174194336,-7.171209812164307,-7.543637752532959,-13.564469337463379,-12.853137969970703,-4.388182640075684,2.497063636779785,-0.9683359265327454,-4.651751518249512,-5.965677261352539,-6.097796440124512,-5.366628170013428,-4.572885990142822,-5.261143207550049,-6.139211654663086,-7.2971930503845215,-7.81951904296875,-8.418789863586426,-8.141027450561523,-8.597999572753906,-9.822246551513672,-11.098206520080566,-9.617165565490723,-7.1880784034729
-9.864219665527344,-7.859158039093018,-5.8694915771484375,-6.094512462615967,-6.164957046508789,-5.521174430847168,-6.844313621520996,-7.601616859436035,-5.933169841766357,-7.024130821228027,-8.03555679321289,-6.266191482543945,-4.081093788146973,-3.545398473739624,-5.323984146118164,-5.910142421722412,-8.775923728942871,-9.86326789855957,-8.038558006286621,-3.030236005783081,-1.680576205253601,-8.200040817260742,-10.94068431854248,-11.3466796875,-9.895584106445312,-4.495102405548096,-1.522952914237976,-2.1177029609680176,-5.13651180267334,-7.135222434997559,-6.676554203033447,-5.242361545562744,-5.3690409660339355,-6.882521152496338,-7.907212734222412,-7.927673816680908,-7.917343616485596,-8.43280029296875,-8.452238082885742,-9.085880279541016,-9.059077262878418,-10.203184127807617,-8.906770706176758,-8.3626070022583
-9.778579711914062,-7.910539627075195,-5.529162406921387,-5.40653133392334,-6.719710826873779,-8.341962814331055,-8.916361808776855,-8.42716121673584,-7.786162853240967,-7.830535411834717,-7.780792713165283,-7.383947849273682,-6.104219436645508,-5.4230055809021,-5.613542079925537,-5.000223636627197,-6.968618869781494,-8.244158744812012,-7.676916599273682,-3.883085012435913,-1.4808512926101685,-5.772790908813477,-8.641975402832031,-8.064766883850098,-7.457019329071045,-3.500551223754883,-4.209043979644775,-4.873056888580322,-6.550476551055908,-7.6327433586120605,-7.260790824890137,-5.956540584564209,-7.075547218322754,-8.851401329040527,-9.518647193908691,-8.092938423156738,-7.9190592765808105,-7.05800724029541,-6.159261226654053,-7.128739833831787,-8.010820388793945,-10.07390022277832,-9.422541618347168,-10.709855079650879
-9.773987770080566,-7.905270099639893,-5.693047523498535,-5.691136360168457,-7.1298136711120605,-8.285161018371582,-8.694239616394043,-8.61782455444336,-8.114749908447266,-8.115832328796387,-8.21767520904541,-8.128599166870117,-7.586304187774658,-7.363321304321289,-6.838498115539551,-5.27471923828125,-5.419734001159668,-6.6269330978393555,-6.923533916473389,-5.451838493347168,-4.135554313659668,-6.226689338684082,-7.724421977996826,-6.085048198699951,-4.854555130004883,-4.790416240692139,-5.461851596832275,-6.864704608917236,-7.966925144195557,-8.361222267150879,-7.584575653076172,-7.1919050216674805,-8.827268600463867,-10.193552017211914,-10.336325645446777,-9.0200834274292,-7.96562385559082,-6.373600482940674,-5.998095512390137,-6.528085231781006,-8.316845893859863,-10.239106178283691,-9.372251510620117,-11.068849563598633
-8.753013610839844,-7.674405574798584,-5.700582027435303,-5.00855827331543,-5.939667701721191,-7.300357818603516,-8.374641418457031,-8.824410438537598,-8.78801441192627,-8.498220443725586,-8.314846992492676,-8.251496315002441,-8.140640258789062,-8.505867004394531,-8.04240894317627,-6.1454081535339355,-4.699082374572754,-4.877204895019531,-5.2046942710876465,-5.4628005027771,-5.607639312744141,-6.285218715667725,-6.642816066741943,-5.783716678619385,-5.719663143157959,-6.1931610107421875,-6.5070977210998535,-7.420697212219238,-8.439151763916016,-8.984308242797852,-7.960314750671387,-7.364938259124756,-9.078511238098145,-10.830735206604004,-10.317743301391602,-10.316356658935547,-6.689001083374023,-1.8891186714172363,-7.462009906768799,-8.07496166229248,-9.671396255493164,-10.021699905395508,-9.343046188354492,-11.178513526916504
-7.54057502746582,-7.166207790374756,-6.198310852050781,-5.444899559020996,-5.782379150390625,-6.969080448150635,-7.937141418457031,-8.29511833190918,-8.759869575500488,-8.84968090057373,-8.229474067687988,-7.755923271179199,-7.99955940246582,-8.696866989135742,-8.473111152648926,-6.6399078369140625,-4.949293613433838,-4.734140872955322,-5.251120567321777,-5.888397693634033,-5.969537734985352,-5.722611427307129,-6.016458034515381,-6.048267841339111,-6.4404802322387695,-7.104025363922119,-7.665254592895508,-7.965511798858643,-8.504703521728516,-8.839975357055664,-8.038196563720703,-7.748781204223633,-8.626222610473633,-8.216833114624023,-6.770240306854248,-8.749613761901855,-7.418842792510986,-1.4729043245315552,-9.130141258239746,-10.886930465698242,-10.99559497833252,-10.075386047363281,-9.7366361618042,-10.659001350402832
