data/wind_data/wind_55_1.json
{"header": {"parameterUnit": "KT", "parameterCategory": 2, "nx": 256, "ny": 198, "lo1": 44.73521041870117, "la1": -3.236724853515625, "lo2": 111.26478576660156, "la2": 43.468475341796875, "dx": 0.2609002888202667, "dy": -0.23708222806453705, "refTime": "2025-02-21 07:00:00", "forecastTime": 0, "parameterNumber": 2, "parameterNumberName": "eastward_wind"}, "data":
[rows 133 to 151 of 198, columns 0 to 42 of 256]
9.598555564880371,10.121156692504883,10.5565185546875,10.980363845825195,11.436395645141602,12.181159973144531,12.248648643493652,11.75532054901123,10.810396194458008,9.842576026916504,7.429088115692139,6.791784763336182,5.178427219390869,5.818110942840576,3.330735445022583,0.5296818017959595,-1.7460631132125854,-1.3643051385879517,-3.1550636291503906,-4.15012788772583,-5.417305946350098,-4.006753921508789,-7.901288986206055,-7.296706676483154,-6.229330062866211,-3.278810977935791,-2.095722198486328,1.7747448682785034,9.666231155395508,7.637724876403809,-1.9671192169189453,-0.07137366384267807,5.241397380828857,3.411031723022461,3.7607104778289795,10.709073066711426,4.899776458740234,-1.3946791887283325,-1.0408153533935547,5.1139235496521,9.49307632446289,12.258221626281738,14.558918952941895
10.262675285339355,11.105268478393555,11.343457221984863,11.619158744812012,12.065125465393066,12.743268966674805,12.194218635559082,10.871999740600586,9.753725051879883,9.04497241973877,6.445376873016357,4.647961139678955,5.035921096801758,5.27538537979126,1.8563162088394165,0.15421828627586365,-0.882369339466095,-1.1653008460998535,-0.7093019485473633,-3.6320741176605225,-5.873405933380127,-5.3972039222717285,-8.411214828491211,-9.835309982299805,-9.472099304199219,-4.752598285675049,-0.5479658842086792,4.389634132385254,11.939245223999023,5.164068222045898,0.6151579022407532,7.394838809967041,12.237022399902344,5.914266109466553,8.269412994384766,10.869841575622559,-1.0514707565307617,-3.1775922775268555,-1.1394978761672974,7.484806537628174,13.308656692504883,15.766063690185547,15.766886711120605
10.353792190551758,11.242033004760742,11.566675186157227,11.97050952911377,12.25411605834961,12.444374084472656,11.892765998840332,9.797233581542969,8.887136459350586,6.5908203125,4.212369918823242,2.7980785369873047,5.4519572257995605,4.1270270347595215,0.563639760017395,1.659658432006836,-1.5876271724700928,-0.44406062364578247,-1.9735488891601562,-3.634185791015625,-6.339580535888672,-6.607786655426025,-7.13562536239624,-10.506757736206055,-10.837564468383789,-5.516205310821533,-0.08549695461988449,6.719620227813721,11.848873138427734,6.780972003936768,6.002992153167725,13.726534843444824,16.81125259399414,10.694823265075684,10.351208686828613,5.891343116760254,-3.0904505252838135,-1.5674998760223389,3.712414026260376,13.192734718322754,17.46792984008789,17.10999870300293,12.143190383911133
9.564173698425293,10.415726661682129,11.010801315307617,12.486356735229492,12.082252502441406,12.290223121643066,10.961777687072754,9.595467567443848,6.621786594390869,3.1294476985931396,2.129462242126465,3.63218355178833,3.4347264766693115,1.7087414264678955,0.4129005968570709,-0.8012639284133911,-1.849684715270996,-1.8187013864517212,-1.9008017778396606,-3.860793352127075,-7.5848846435546875,-7.882477760314941,-4.7560601234436035,-5.290414333343506,-7.3122358322143555,-2.6929099559783936,1.7586584091186523,6.657318115234375,11.15725040435791,10.119280815124512,12.546451568603516,19.23284149169922,17.871498107910156,12.28955364227295,6.408998012542725,-0.8686817288398743,-3.11669659614563,3.755833864212036,12.573150634765625,18.83514976501465,17.307859420776367,11.656197547912598,7.384980201721191
9.1493501663208,10.02754020690918,11.300066947937012,12.801045417785645,12.244966506958008,12.24090576171875,9.971435546875,9.31336784362793,3.836752414703369,1.1284446716308594,2.1576714515686035,1.7259010076522827,0.8869946599006653,0.2910720109939575,0.036450427025556564,-1.9655930995941162,-1.9284608364105225,-2.431354522705078,-1.3311728239059448,-3.6044318675994873,-7.638184547424316,-9.897536277770996,-4.228662490844727,0.4363866150379181,1.3352657556533813,2.0147249698638916,3.4785497188568115,6.969830513000488,11.5301513671875,14.270265579223633,17.812734603881836,17.934953689575195,12.07711124420166,2.665091037750244,-3.1369640827178955,-4.838991165161133,0.9187822937965393,10.509421348571777,17.480777740478516,18.346752166748047,17.00245475769043,10.916881561279297,6.877486705780029
10.434399604797363,11.456814765930176,12.05012321472168,12.553333282470703,11.494688034057617,11.910988807678223,9.988232612609863,7.60146427154541,4.200784206390381,3.343527317047119,1.0672763586044312,-0.10744082927703857,-0.8283318877220154,0.22527536749839783,-1.2565808296203613,-2.5855517387390137,-2.1984119415283203,-2.5098302364349365,-0.5687912106513977,-1.1680704355239868,-3.1985819339752197,-6.121033191680908,-1.3622093200683594,3.265347480773926,5.573354721069336,5.730759620666504,6.8062334060668945,9.425928115844727,14.85552978515625,18.715343475341797,17.57703971862793,12.660781860351562,0.7266982793807983,-6.837886333465576,-8.425979614257812,-4.3669867515563965,5.680431365966797,15.173641204833984,17.76850128173828,16.627046585083008,17.836753845214844,12.179830551147461,6.1814374923706055
11.813552856445312,12.745573043823242,12.313454627990723,12.407733917236328,12.204737663269043,11.283182144165039,9.039905548095703,6.379397869110107,4.189269542694092,3.5788021087646484,-0.3050172030925751,0.15817831456661224,-1.894855260848999,-1.1788685321807861,-2.3296666145324707,-3.1077945232391357,-2.7116587162017822,-2.3684866428375244,-0.7903602123260498,0.18269656598567963,2.7739641666412354,2.7532339096069336,2.390316963195801,4.122016906738281,7.5961785316467285,8.796079635620117,9.41394329071045,13.3795804977417,18.89080238342285,18.529220581054688,14.235451698303223,7.780940055847168,-4.48879337310791,-8.670774459838867,-7.198288917541504,0.6783251762390137,11.619464874267578,17.776233673095703,16.121610641479492,15.537970542907715,17.809431076049805,10.061898231506348,4.845180034637451
11.661869049072266,12.373129844665527,11.731463432312012,11.454619407653809,11.144453048706055,9.017395973205566,7.361993312835693,5.5192975997924805,3.498690605163574,1.5901415348052979,-1.1618471145629883,-2.2201385498046875,-0.6395919919013977,-2.4770171642303467,-3.3621697425842285,-2.9728872776031494,-3.167678117752075,-1.3004382848739624,-0.5430412888526917,1.342096209526062,3.6926255226135254,9.283198356628418,6.570219039916992,5.237608909606934,10.111982345581055,13.219381332397461,12.246134757995605,15.057574272155762,18.709386825561523,15.474568367004395,10.658341407775879,1.686711072921753,-5.118374347686768,-4.987107276916504,1.6094204187393188,10.52283763885498,17.51246452331543,18.896697998046875,13.848142623901367,13.895994186401367,14.196194648742676,5.008963108062744,5.769826889038086
10.938701629638672,11.534943580627441,10.76681137084961,10.621281623840332,9.9352445602417,5.729599952697754,6.129603385925293,5.315971374511719,2.7083988189697266,0.7196357250213623,-2.3887083530426025,-1.685793399810791,-2.9326789379119873,-3.757371425628662,-3.852342128753662,-4.2627854347229,-3.4398093223571777,-1.1774277687072754,0.3070734739303589,0.19650426506996155,2.411090612411499,5.686617851257324,8.792366027832031,7.065480709075928,11.307891845703125,15.930667877197266,14.249550819396973,15.568511009216309,15.205281257629395,12.796106338500977,3.873422622680664,-2.0554258823394775,-2.1799967288970947,2.0793039798736572,10.757349014282227,17.286361694335938,18.60947608947754,16.020801544189453,12.26229190826416,11.933966636657715,6.706417560577393,2.575479507446289,7.651711940765381
10.212695121765137,10.83765983581543,9.81064224243164,10.18368148803711,7.5497660636901855,5.227287769317627,5.690970420837402,3.829989194869995,2.097470760345459,-1.7633635997772217,-3.522050619125366,-5.919971942901611,-7.764402866363525,-6.08414363861084,-3.2029001712799072,-6.4917755126953125,-5.3196258544921875,-4.569791793823242,-6.305545806884766,-5.054172515869141,-1.7660638093948364,7.028672695159912,13.162643432617188,8.86030101776123,12.922142028808594,17.240453720092773,15.889235496520996,12.45514965057373,14.960525512695312,7.131794452667236,0.07473994791507721,-0.44171905517578125,3.1337978839874268,9.102989196777344,17.227285385131836,20.180999755859375,15.770425796508789,9.151777267456055,12.291327476501465,13.51984691619873,1.220505952835083,2.071474313735962,10.31314754486084
9.351956367492676,9.986810684204102,9.031347274780273,8.461282730102539,6.0341010093688965,4.5146026611328125,3.2634122371673584,2.2181525230407715,-1.2015901803970337,-4.205878734588623,-5.22349739074707,-7.617070198059082,-10.069326400756836,-6.099499702453613,-5.119274616241455,-9.254878997802734,-7.009262561798096,-5.14240026473999,-5.852443695068359,-3.0705931186676025,0.5216426849365234,12.091570854187012,17.76704978942871,8.746200561523438,12.561117172241211,17.464555740356445,15.531209945678711,15.654573440551758,11.579853057861328,1.0701320171356201,-2.3388702869415283,1.4204026460647583,7.856566429138184,14.226299285888672,21.39446258544922,18.49169158935547,11.0785551071167,4.8088202476501465,14.580263137817383,13.443662643432617,-0.608643651008606,2.55400013923645,11.985154151916504
8.445075035095215,9.018260955810547,7.996318817138672,7.8344902992248535,5.39299201965332,3.5040671825408936,1.6382951736450195,-0.34736961126327515,-2.303745746612549,-4.134461402893066,-4.7954511642456055,-6.204008102416992,-9.70838737487793,-7.054848670959473,-3.213498115539551,-6.187776565551758,-1.651672601699829,-1.0009185075759888,-0.5782872438430786,1.3945691585540771,7.309342384338379,17.43968963623047,14.642858505249023,8.95073413848877,12.376887321472168,15.521881103515625,14.807958602905273,14.626350402832031,4.335082530975342,-2.989879846572876,-1.4709910154342651,4.687010765075684,14.003410339355469,19.07349395751953,21.086933135986328,8.813660621643066,2.9277873039245605,4.9043450355529785,15.390331268310547,12.183392524719238,1.4273899793624878,5.016452789306641,12.695911407470703
7.357387065887451,7.780342102050781,6.836226463317871,6.888320446014404,3.066211462020874,0.6563276052474976,-0.9858863353729248,-2.333428382873535,-4.335800647735596,-3.8815395832061768,-4.173997402191162,-1.9509817361831665,-2.4476912021636963,-5.115336894989014,-2.254957675933838,-1.4618839025497437,-0.06619048118591309,2.1156208515167236,5.280388355255127,6.183121204376221,10.264749526977539,16.73137664794922,12.27800464630127,9.488481521606445,13.657331466674805,14.687417030334473,15.467850685119629,9.960245132446289,2.872255325317383,2.9451842308044434,7.917846202850342,13.097005844116211,21.14128303527832,20.2857666015625,13.329703330993652,4.969930171966553,5.757620811462402,8.901522636413574,13.129813194274902,8.116973876953125,4.9452290534973145,9.213571548461914,12.931236267089844
6.725890636444092,6.930306911468506,6.028655052185059,5.708988189697266,1.9191073179244995,-0.7027456164360046,-2.3058431148529053,-3.862575054168701,-2.543790817260742,-1.2504088878631592,-0.05839397385716438,1.2037519216537476,2.616939067840576,1.5372047424316406,2.474030017852783,2.447208881378174,1.4793859720230103,1.774497151374817,10.741930961608887,14.77966022491455,12.775973320007324,12.920300483703613,8.478394508361816,9.855992317199707,14.404207229614258,13.809120178222656,9.452522277832031,4.156700611114502,3.9833083152770996,9.449252128601074,13.269282341003418,19.206274032592773,21.764345169067383,10.602184295654297,3.6885673999786377,4.9403557777404785,11.320527076721191,12.955499649047852,7.971731185913086,5.366350173950195,8.748043060302734,11.654329299926758,13.907892227172852
7.103713512420654,7.003327369689941,5.982021331787109,5.01672887802124,0.42843249440193176,0.4131230115890503,-2.7948930263519287,-0.13036802411079407,3.5817372798919678,0.8435225486755371,1.7664463520050049,0.7439900636672974,1.1668448448181152,6.1738786697387695,8.585211753845215,-0.18892203271389008,4.544256687164307,7.108774662017822,12.856731414794922,16.267789840698242,14.009037017822266,13.906754493713379,12.213397979736328,11.888511657714844,14.473736763000488,7.098924160003662,2.747392416000366,3.6802377700805664,11.209678649902344,17.80805015563965,17.314437866210938,19.833606719970703,10.61379337310791,-1.3069140911102295,0.011319032870233059,5.499486923217773,9.95002555847168,10.760250091552734,9.562355041503906,10.050127983093262,12.432204246520996,12.535796165466309,12.800544738769531
7.811913013458252,7.430574893951416,5.980069160461426,4.15611457824707,0.678422749042511,-0.43620866537094116,1.3845796585083008,4.901226997375488,6.999025344848633,2.1429338455200195,1.9809690713882446,2.997992515563965,4.242578506469727,4.331054210662842,7.963349342346191,0.2242588996887207,4.772895812988281,11.484929084777832,12.85092830657959,11.855254173278809,10.848038673400879,14.839225769042969,15.26423168182373,15.290102005004883,14.012959480285645,6.456539154052734,2.1229851245880127,12.511687278747559,13.132739067077637,9.753737449645996,9.356239318847656,7.465404510498047,4.547365665435791,5.219013214111328,9.085538864135742,8.84706974029541,7.36637544631958,8.404138565063477,12.425248146057129,12.940185546875,12.77423095703125,10.262354850769043,9.50649356842041
8.129476547241211,7.4110331535339355,5.586879253387451,3.479876756668091,2.013780355453491,0.3102063238620758,5.544527530670166,8.054434776306152,6.129255771636963,1.0060241222381592,2.5706357955932617,5.6671552658081055,8.477251052856445,6.201308727264404,7.538626194000244,7.284554481506348,4.649850845336914,9.738006591796875,13.773185729980469,12.89444637298584,5.920398235321045,0.8162108659744263,2.193401336669922,10.758138656616211,13.277162551879883,10.413457870483398,10.335430145263672,5.31162691116333,-0.9860180616378784,-3.230020761489868,-2.0650947093963623,0.9678679704666138,2.22780442237854,4.518178462982178,6.162267684936523,3.201892375946045,3.84378981590271,6.122097969055176,11.044387817382812,11.397478103637695,11.306144714355469,6.60687780380249,5.421192169189453
8.36882209777832,6.953120708465576,5.277039527893066,3.136225461959839,2.7052018642425537,3.8695778846740723,7.320301055908203,8.011674880981445,4.605998516082764,4.450318336486816,2.6650896072387695,6.5304765701293945,11.674715995788574,12.103596687316895,12.164875984191895,14.77685546875,10.140775680541992,12.666643142700195,17.651775360107422,18.37853240966797,12.98681926727295,5.269887447357178,0.35865068435668945,2.8904595375061035,4.9888200759887695,13.535614967346191,2.4294214248657227,-5.155570030212402,-1.3198875188827515,0.056158147752285004,0.7758901119232178,1.2786941528320312,0.009337243624031544,0.637824535369873,0.8388680219650269,3.0045108795166016,4.324151992797852,6.358042240142822,8.276629447937012,9.446128845214844,9.860442161560059,4.3441948890686035,3.7672598361968994
8.549333572387695,7.04655647277832,5.465229034423828,3.9337170124053955,3.1387879848480225,5.274291038513184,9.27639389038086,6.449063777923584,5.179856777191162,7.8722734451293945,8.406847953796387,9.183270454406738,12.259254455566406,14.665670394897461,17.598928451538086,16.014495849609375,11.556877136230469,12.877772331237793,13.79259204864502,11.820749282836914,6.290826320648193,4.231945037841797,4.152169704437256,0.4155145585536957,4.980101108551025,9.696805000305176,-5.55413818359375,-2.843564987182617,-2.7523186206817627,-0.8116670846939087,0.5408907532691956,2.2279868125915527,0.7245263457298279,2.361855983734131,2.8116836547851562,4.51284646987915,6.270291328430176,7.7410478591918945,8.045351028442383,10.1763277053833,11.774445533752441,7.1315083503723145,5.846724987030029
