data/wind_data/wind_39_4.json
{"header": {"parameterUnit": "KT", "parameterCategory": 2, "nx": 256, "ny": 198, "lo1": 44.73521041870117, "la1": -3.236724853515625, "lo2": 111.26478576660156, "la2": 43.468475341796875, "dx": 0.2609002888202667, "dy": -0.23708222806453705, "refTime": "2025-02-20 15:00:00", "forecastTime": 0, "parameterNumber": 2, "parameterNumberName": "eastward_wind"}, "data":
[rows 114 to 132 of 198, columns 176 to 219 of 256]
29.131532669067383,31.094043731689453,32.8668327331543,33.15153503417969,32.335479736328125,30.66390037536621,28.60296058654785,25.382049560546875,21.88329315185547,19.455228805541992,18.08390235900879,18.394554138183594,20.970720291137695,24.78129768371582,27.100366592407227,28.330293655395508,28.369285583496094,27.769424438476562,25.51246452331543,24.727163314819336,25.388957977294922,26.15691375732422,26.05743408203125,26.32542610168457,27.89620018005371,28.816953659057617,26.922061920166016,26.362369537353516,30.22004508972168,34.18995666503906,34.18601608276367,33.737308502197266,35.18040084838867,36.30326461791992,36.916236877441406,37.24247741699219,35.45094680786133,34.188072204589844,35.57976531982422,37.26349639892578,35.66449737548828,33.212135314941406,31.695873260498047,32.56098937988281
27.927865982055664,28.481855392456055,28.954130172729492,28.73383331298828,27.7265567779541,26.892982482910156,26.550708770751953,24.69257164001465,21.653226852416992,19.7643985748291,19.377498626708984,19.64482879638672,20.10433578491211,22.1342830657959,24.88545799255371,27.505048751831055,28.665470123291016,29.528398513793945,26.796628952026367,26.395849227905273,26.67865753173828,27.942153930664062,27.55854034423828,26.75299835205078,27.39299774169922,27.765583038330078,27.27859115600586,27.667606353759766,30.0224609375,33.613216400146484,34.75533676147461,34.5260009765625,35.97990036010742,37.60293197631836,38.24428939819336,37.508113861083984,33.9426383972168,33.451255798339844,36.55643081665039,38.67851638793945,35.70822525024414,33.85624313354492,31.24030876159668,30.82522964477539
28.191598892211914,28.224451065063477,27.690107345581055,26.651248931884766,25.66162109375,25.038713455200195,24.997692108154297,25.083765029907227,23.801448822021484,22.230682373046875,22.195741653442383,22.14372444152832,21.576047897338867,20.95525550842285,21.8641414642334,24.40723991394043,26.212871551513672,26.621479034423828,25.12248992919922,26.778879165649414,26.79337501525879,28.025941848754883,27.88619041442871,26.518707275390625,24.99350929260254,25.21964454650879,26.091999053955078,27.259647369384766,29.498811721801758,33.25346374511719,35.28324508666992,35.112648010253906,36.560577392578125,38.617515563964844,39.55712890625,37.37063217163086,33.438865661621094,33.547447204589844,37.23827362060547,38.19599914550781,34.97080612182617,34.08732223510742,30.626916885375977,28.424068450927734
28.133092880249023,27.691944122314453,27.11857032775879,26.728004455566406,26.402299880981445,25.721834182739258,25.19367790222168,25.410808563232422,25.27181053161621,24.311782836914062,23.815860748291016,23.53501319885254,23.119434356689453,21.942270278930664,21.227916717529297,22.204601287841797,24.05424690246582,24.642650604248047,23.944013595581055,26.065210342407227,27.00271987915039,28.271915435791016,26.50155258178711,24.607900619506836,23.23919677734375,23.560190200805664,23.33844566345215,24.32485580444336,28.016477584838867,32.93330383300781,35.677730560302734,35.65050506591797,36.956661224365234,39.43708038330078,40.26094055175781,37.66905975341797,34.08515167236328,34.678585052490234,37.640342712402344,35.603675842285156,33.11176681518555,30.927488327026367,26.49956703186035,24.272539138793945
29.84798812866211,28.888782501220703,27.940053939819336,27.62347412109375,27.37668228149414,26.56375503540039,25.415056228637695,25.30120849609375,25.80773162841797,25.412425994873047,24.287166595458984,23.761510848999023,23.899229049682617,23.9805908203125,23.850385665893555,23.796119689941406,24.04653549194336,24.5526123046875,24.87013053894043,26.376127243041992,27.34027671813965,28.595685958862305,27.057491302490234,25.660688400268555,24.095975875854492,24.75973892211914,23.704376220703125,23.754281997680664,27.861907958984375,32.62057113647461,35.66183853149414,36.47514343261719,37.67323684692383,40.087520599365234,40.48493957519531,37.93172073364258,35.22035598754883,35.1378173828125,37.314796447753906,34.75978469848633,32.69083786010742,30.233909606933594,28.437108993530273,28.57479476928711
33.820743560791016,32.81509017944336,32.21531295776367,32.51780700683594,32.386714935302734,31.1376895904541,30.10627555847168,29.7039794921875,29.03931427001953,27.254928588867188,24.87027931213379,23.46015167236328,23.819137573242188,24.70802116394043,25.61157989501953,25.952993392944336,25.280935287475586,24.600078582763672,25.351627349853516,27.06917381286621,27.830636978149414,28.256540298461914,27.89019203186035,26.78094482421875,26.29290008544922,27.528718948364258,25.93596076965332,25.54292106628418,29.601476669311523,33.39373779296875,35.911415100097656,36.993526458740234,37.995330810546875,40.245872497558594,40.288421630859375,38.32535171508789,35.95954132080078,34.88774871826172,37.0185432434082,36.20753479003906,34.143310546875,31.18490982055664,30.852975845336914,31.60881996154785
36.34991455078125,36.24970626831055,35.706275939941406,35.66302490234375,35.62809753417969,35.704288482666016,36.023929595947266,34.26613998413086,31.633663177490234,29.530195236206055,27.654417037963867,25.35567283630371,24.792726516723633,24.74991798400879,24.933303833007812,24.558135986328125,23.277488708496094,22.654891967773438,23.641366958618164,25.19416046142578,26.470783233642578,26.7128849029541,26.725635528564453,27.889802932739258,29.221403121948242,28.836801528930664,26.083051681518555,25.08316421508789,29.12306785583496,32.83219528198242,35.13112258911133,36.35477066040039,37.62074279785156,39.64651107788086,39.79446029663086,39.042724609375,36.000022888183594,33.37581253051758,36.20042037963867,36.78166198730469,34.73991394042969,32.99985122680664,32.673580169677734,33.0103759765625
35.10344314575195,36.66501998901367,37.235347747802734,37.366641998291016,35.91105651855469,34.29326629638672,37.57560729980469,36.61070251464844,32.675559997558594,30.623920440673828,29.55547332763672,28.171878814697266,26.591474533081055,23.83269500732422,21.476133346557617,20.238744735717773,19.50848388671875,19.3404541015625,20.40318489074707,21.73616600036621,22.5108642578125,23.124645233154297,24.701744079589844,27.044967651367188,28.602535247802734,26.789913177490234,24.186044692993164,23.638538360595703,27.318607330322266,31.38157081604004,33.50212478637695,34.575767517089844,36.01539993286133,38.09202194213867,39.47477722167969,39.63450622558594,34.652137756347656,32.24455261230469,35.564186096191406,36.69083023071289,34.812255859375,34.098697662353516,34.07958221435547,33.99384689331055
26.22160530090332,29.15070152282715,32.58440399169922,33.035247802734375,32.702423095703125,30.48855972290039,30.568918228149414,36.78432083129883,35.13040542602539,32.64333724975586,32.46601486206055,32.84934616088867,30.360939025878906,24.47777557373047,18.348621368408203,15.223170280456543,14.515987396240234,14.91129207611084,16.51007652282715,17.226152420043945,17.0804443359375,18.23570442199707,22.415983200073242,25.697696685791016,26.452863693237305,25.51897430419922,23.375747680664062,22.425752639770508,25.22727394104004,30.208301544189453,32.63615798950195,33.89563751220703,35.438087463378906,37.261138916015625,39.805389404296875,39.84578323364258,33.79361343383789,32.980525970458984,36.43658447265625,37.51805877685547,35.963592529296875,35.87077331542969,34.742576599121094,32.93629455566406
19.18305778503418,22.799083709716797,26.71036720275879,26.037750244140625,26.069929122924805,24.42828941345215,18.848567962646484,20.905916213989258,25.75046157836914,24.595539093017578,21.711132049560547,20.78219223022461,19.51643943786621,16.5123291015625,13.169196128845215,12.112446784973145,11.84407901763916,11.332963943481445,11.699150085449219,11.629426002502441,11.578981399536133,13.640305519104004,17.77843475341797,20.713336944580078,21.738868713378906,23.626380920410156,23.7973690032959,23.49614906311035,25.519622802734375,27.295520782470703,27.78377914428711,29.487674713134766,31.021150588989258,33.08754348754883,36.79170227050781,37.405067443847656,32.207489013671875,32.2156982421875,35.48746109008789,36.49070358276367,35.3599967956543,34.91432189941406,33.180110931396484,31.031469345092773
7.593769073486328,15.888406753540039,19.936262130737305,20.017683029174805,19.848766326904297,18.264148712158203,15.792725563049316,10.113969802856445,17.93404769897461,18.725032806396484,12.70119857788086,9.781794548034668,10.36834716796875,9.854889869689941,6.63755464553833,5.4379425048828125,6.7037763595581055,8.584407806396484,8.804850578308105,7.243425369262695,7.08881139755249,10.003105163574219,13.370820045471191,14.801804542541504,17.46493148803711,17.958498001098633,20.48405647277832,20.649627685546875,22.051204681396484,22.39577865600586,23.272865295410156,25.42198944091797,24.128509521484375,26.008981704711914,30.00830841064453,31.43532943725586,27.03110122680664,26.55158233642578,32.086578369140625,35.666812896728516,36.38262939453125,35.405799865722656,33.68050003051758,30.387292861938477
9.381698608398438,15.519774436950684,17.250085830688477,19.210542678833008,19.148481369018555,16.621501922607422,16.044872283935547,19.580488204956055,25.973249435424805,20.877939224243164,7.125087261199951,1.0729725360870361,3.8036298751831055,4.234799385070801,1.8992855548858643,2.2432312965393066,5.283970832824707,8.621438980102539,9.242314338684082,8.036347389221191,8.704124450683594,12.475396156311035,14.160829544067383,15.524951934814453,17.144529342651367,18.723718643188477,20.607391357421875,21.78376007080078,22.067707061767578,21.978843688964844,24.362140655517578,23.85121726989746,20.794038772583008,23.081436157226562,24.64629364013672,26.921777725219727,24.828441619873047,21.260238647460938,25.681394577026367,31.075788497924805,33.43736267089844,32.94994354248047,31.66343879699707,28.357868194580078
16.45149040222168,24.283443450927734,24.556182861328125,20.10744857788086,16.63401985168457,12.923016548156738,15.451557159423828,19.098241806030273,28.462064743041992,24.971412658691406,8.493794441223145,3.931673765182495,5.0306267738342285,5.226207256317139,4.385611057281494,3.893986701965332,5.438464641571045,8.308124542236328,10.26282787322998,9.858809471130371,10.570829391479492,13.199386596679688,14.879083633422852,16.09671974182129,16.120271682739258,18.026639938354492,21.467899322509766,23.13347625732422,21.65781593322754,22.541099548339844,25.45611000061035,21.98797607421875,21.45620346069336,25.20421028137207,27.534311294555664,29.99751091003418,27.562911987304688,20.407550811767578,19.7157039642334,23.947298049926758,26.65565299987793,26.816286087036133,26.712486267089844,25.349197387695312
17.86142921447754,18.136316299438477,19.52387809753418,15.625405311584473,10.796259880065918,6.868605136871338,13.674842834472656,16.148883819580078,13.98624324798584,9.5392484664917,8.527998924255371,8.893980026245117,7.389764785766602,3.7007155418395996,3.786318063735962,3.637556314468384,5.45674467086792,5.897513389587402,8.128257751464844,9.785168647766113,10.526294708251953,12.850835800170898,14.148395538330078,15.992525100708008,17.340579986572266,20.0826416015625,23.990520477294922,26.4868106842041,21.743148803710938,22.231271743774414,23.828393936157227,22.98738670349121,18.26971435546875,22.562475204467773,27.03297996520996,29.319185256958008,30.158660888671875,25.75811004638672,25.847633361816406,27.718305587768555,27.715049743652344,26.44791603088379,24.855022430419922,23.986894607543945
19.428285598754883,13.667320251464844,6.414001941680908,4.418615818023682,7.065784454345703,12.867398262023926,9.886850357055664,4.367272853851318,1.226636528968811,5.148426055908203,7.613549709320068,7.374703407287598,9.406562805175781,4.578893184661865,3.818542957305908,3.0744290351867676,5.194548606872559,7.886279106140137,9.215933799743652,9.925326347351074,11.268305778503418,13.775540351867676,15.753626823425293,19.01799774169922,19.467649459838867,21.36178970336914,23.522329330444336,24.79413604736328,22.805360794067383,24.432954788208008,25.565013885498047,25.16231918334961,18.621986389160156,20.86581802368164,25.612537384033203,28.250192642211914,29.886234283447266,25.815340042114258,25.833221435546875,29.05880355834961,31.013072967529297,31.86992835998535,31.2930850982666,26.5118408203125
17.15668296813965,12.778538703918457,11.478997230529785,11.25354290008545,10.602010726928711,14.317069053649902,17.73819351196289,13.792414665222168,9.366646766662598,8.532699584960938,7.426871299743652,7.936695575714111,9.896106719970703,8.235288619995117,7.275537967681885,8.202737808227539,6.956929683685303,5.286733627319336,7.472914218902588,10.557404518127441,13.66606616973877,16.92560386657715,18.01596450805664,19.513151168823242,15.951791763305664,16.36587905883789,18.5557861328125,21.118833541870117,24.71786880493164,29.47273063659668,29.329666137695312,25.703336715698242,20.800622940063477,21.495468139648438,24.9950008392334,27.501094818115234,28.84633445739746,25.87556266784668,23.333648681640625,27.16169548034668,30.70625877380371,32.861637115478516,31.948259353637695,25.437246322631836
21.391555786132812,15.565895080566406,12.63817310333252,16.794633865356445,19.523637771606445,20.250957489013672,23.035551071166992,24.0482120513916,17.466848373413086,13.708212852478027,11.01941204071045,8.937816619873047,8.573816299438477,8.605376243591309,9.319280624389648,11.453398704528809,13.167139053344727,9.588316917419434,8.427658081054688,13.98528003692627,17.706695556640625,20.04238510131836,20.09514808654785,18.672393798828125,14.996410369873047,15.121941566467285,19.277889251708984,24.43599510192871,27.293804168701172,28.262773513793945,24.80559730529785,22.35230255126953,22.027950286865234,22.808805465698242,25.09709930419922,27.72117042541504,28.825336456298828,25.95707893371582,20.31229591369629,23.907913208007812,27.916065216064453,31.36629867553711,26.883899688720703,24.859060287475586
18.133262634277344,17.703380584716797,16.383455276489258,13.176775932312012,12.284820556640625,13.665233612060547,15.21796989440918,15.002763748168945,16.039690017700195,13.397080421447754,12.286107063293457,10.001707077026367,7.633010387420654,8.599751472473145,8.585012435913086,11.57125473022461,14.217348098754883,12.961506843566895,12.800780296325684,16.980073928833008,20.281269073486328,23.278902053833008,24.2105655670166,20.062856674194336,16.894533157348633,15.329987525939941,21.8460636138916,26.373517990112305,28.101856231689453,26.16282844543457,20.835893630981445,18.839962005615234,20.6849308013916,23.153167724609375,25.504520416259766,27.79193687438965,27.10967445373535,22.938831329345703,17.607179641723633,21.5827579498291,27.361480712890625,31.645627975463867,26.833560943603516,24.902360916137695
22.73781394958496,19.259859085083008,17.613773345947266,17.62448501586914,16.40640640258789,15.43936538696289,16.36455535888672,13.58824634552002,9.72870922088623,8.430937767028809,7.983789920806885,7.5492143630981445,7.676305770874023,9.300246238708496,10.41921615600586,12.267924308776855,13.104498863220215,14.223618507385254,16.263395309448242,18.99984359741211,22.043270111083984,25.507600784301758,25.557668685913086,22.759689331054688,17.908483505249023,17.036453247070312,24.450838088989258,27.91215705871582,28.01042366027832,23.96072006225586,18.84904670715332,16.582677841186523,18.21253776550293,21.484376907348633,23.748815536499023,24.653160095214844,22.763519287109375,20.09056854248047,14.983325958251953,19.571237564086914,26.861541748046875,31.453731536865234,26.287076950073242,27.092384338378906
