data/wind_data/wind_52_0.json
{"header": {"parameterUnit": "KT", "parameterCategory": 2, "nx": 255, "ny": 198, "lo1": 44.73521041870117, "la1": -3.236724853515625, "lo2": 111.26478576660156, "la2": 43.468475341796875, "dx": 0.26192745566368103, "dy": -0.23708222806453705, "refTime": "2025-02-21 04:00:00", "forecastTime": 0, "parameterNumber": 3, "parameterNumberName": "northward_wind"}, "data":
[rows 0 to 18 of 198, columns 172 to 214 of 255]
0.31346601247787476,0.07344045490026474,-0.39398160576820374,-0.5504872798919678,-0.18952250480651855,0.2769499123096466,0.6883705258369446,1.0625277757644653,1.3823959827423096,2.1685233116149902,3.398432970046997,4.084157466888428,4.2032670974731445,3.722151279449463,2.881854295730591,2.4210293292999268,2.2791991233825684,2.3442697525024414,2.379080295562744,2.420330047607422,2.3032989501953125,1.6542888879776,1.314971923828125,1.8378022909164429,1.9994302988052368,1.2695575952529907,0.39251235127449036,-0.5491469502449036,-1.2130173444747925,-1.5416903495788574,-0.9498918056488037,0.6341806650161743,2.085747718811035,3.1682004928588867,3.186387538909912,2.600541114807129,2.347443103790283,2.1980271339416504,1.7994076013565063,1.5129358768463135,1.9294734001159668,2.4721179008483887,2.7027506828308105
-1.7639507055282593,-2.1907806396484375,-2.489197254180908,-2.4329586029052734,-1.9370046854019165,-1.6825973987579346,-1.9909638166427612,-1.7286016941070557,-0.6257690787315369,0.6933320164680481,1.9805339574813843,2.8553338050842285,3.387887954711914,3.283712387084961,2.887892007827759,2.9169130325317383,3.1822733879089355,2.9147658348083496,2.209550142288208,1.628373384475708,1.1171729564666748,0.5210467576980591,0.5711427330970764,1.8204526901245117,2.481847047805786,1.5402599573135376,0.6204214692115784,0.20011164247989655,0.11438889801502228,0.3288125991821289,0.9713186621665955,2.0906805992126465,2.9710536003112793,3.4864752292633057,3.188201665878296,2.3434526920318604,1.7550562620162964,1.3862395286560059,1.1484423875808716,1.006426215171814,0.9084899425506592,1.2562694549560547,1.0859850645065308
-3.515544891357422,-4.227268695831299,-4.422115325927734,-4.58015251159668,-5.166449069976807,-5.206569194793701,-4.50596809387207,-3.412161111831665,-1.6073315143585205,0.07708500325679779,1.0703449249267578,1.895476222038269,2.321721076965332,2.756067991256714,3.575289726257324,4.1166887283325195,3.9738266468048096,2.8385703563690186,1.6120355129241943,0.2188062071800232,-0.762478232383728,-0.6581979990005493,0.2591177225112915,2.0074872970581055,3.275665044784546,3.1200504302978516,2.7991201877593994,2.9352991580963135,3.37278413772583,4.023482799530029,4.641538619995117,4.8525285720825195,4.455760955810547,4.007889747619629,3.3590080738067627,2.32340145111084,1.6409679651260376,1.2468618154525757,1.0828644037246704,1.035306692123413,0.6065822243690491,0.6404029726982117,0.9794196486473083
-5.260591506958008,-5.176909923553467,-5.220343112945557,-5.251772880554199,-5.069912433624268,-4.027898788452148,-2.4722490310668945,-1.6305705308914185,-0.9191649556159973,-0.7984789609909058,-0.9450629949569702,-0.019706236198544502,1.1689066886901855,3.2060706615448,4.855877876281738,4.212336540222168,2.4184935092926025,0.2353857457637787,-0.35037264227867126,-0.76617830991745,-0.6802999377250671,-0.516607940196991,0.7382495403289795,2.6321966648101807,3.5489022731781006,4.052532196044922,4.60371208190918,5.179652214050293,6.151353359222412,7.149561405181885,7.5012946128845215,6.470763683319092,4.612321376800537,4.483648777008057,3.696603536605835,2.2906386852264404,2.0580601692199707,2.2779347896575928,2.1983816623687744,2.449941873550415,1.6756607294082642,1.6125588417053223,3.1086132526397705
-5.382241249084473,-3.8171002864837646,-3.6700687408447266,-3.586456775665283,-2.7673537731170654,-1.6859731674194336,-0.2902051508426666,-0.24501772224903107,-1.0014169216156006,-2.392371892929077,-2.540343761444092,-1.4553632736206055,0.8059112429618835,2.6179275512695312,3.1903035640716553,2.6086056232452393,0.7870278358459473,-0.42733222246170044,0.15302549302577972,0.23449201881885529,-0.35193881392478943,-0.5467280745506287,0.7302941083908081,3.4351723194122314,3.805025577545166,3.7592804431915283,3.9650142192840576,4.567708969116211,6.49812650680542,7.6716437339782715,7.419395446777344,6.626541614532471,4.47719669342041,3.3785200119018555,2.3346147537231445,1.005845546722412,0.7855395674705505,1.4057294130325317,1.7423839569091797,1.5623515844345093,1.364197015762329,1.634980320930481,2.7836079597473145
-3.856679916381836,-3.3363211154937744,-3.4416654109954834,-3.0305774211883545,-2.8319315910339355,-2.40580677986145,-1.9558947086334229,-1.6931116580963135,-1.9958933591842651,-2.4094510078430176,-2.2662229537963867,-1.2735753059387207,0.561729907989502,1.1764473915100098,-0.007899610325694084,0.5673693418502808,0.7190648913383484,0.8171164989471436,0.4789546728134155,0.8730630278587341,1.4133306741714478,0.6721466779708862,1.035847544670105,2.676145553588867,3.1863276958465576,3.301133155822754,3.2699687480926514,3.3394858837127686,4.135221004486084,4.420151710510254,4.205367088317871,4.069046497344971,3.243204116821289,1.566121220588684,0.6180342435836792,1.2541741132736206,1.2177042961120605,1.3897124528884888,0.6307579278945923,-4.381642818450928,-0.6835741996765137,0.6941643953323364,2.8688583374023438
-3.6210060119628906,-4.181045055389404,-3.9931819438934326,-3.0827016830444336,-3.138373374938965,-2.3985280990600586,-1.2259266376495361,-1.1023180484771729,-1.4423688650131226,-1.2961125373840332,-0.1215703934431076,-1.2818310260772705,-0.8397418856620789,0.593571126461029,0.443246454000473,1.21199369430542,1.438965082168579,0.8032512664794922,-0.1479625254869461,0.981839656829834,2.286339521408081,1.9989166259765625,1.238236427307129,1.622262954711914,2.6233580112457275,3.398883819580078,3.4242682456970215,2.8896307945251465,2.3724303245544434,1.8693304061889648,1.686930775642395,1.5057331323623657,1.163794755935669,1.329768180847168,1.3412824869155884,1.354803442955017,0.5350193977355957,1.7692899703979492,0.9021992683410645,-1.3495879173278809,-0.8654494285583496,2.308809995651245,1.8760181665420532
-3.695746421813965,-3.617002248764038,-3.342643976211548,-4.053409099578857,-2.941812753677368,-0.6719675660133362,-0.12832199037075043,-1.3556199073791504,-1.6401671171188354,-1.5367985963821411,-1.2285884618759155,-0.7367990016937256,-2.8389227390289307,-1.7456566095352173,-0.8575891256332397,0.10525602102279663,0.9180375337600708,1.0287145376205444,1.0428898334503174,1.247801423072815,0.9916748404502869,1.4879751205444336,1.892124891281128,2.582409143447876,3.191675901412964,3.136568307876587,2.55649995803833,1.9585903882980347,1.7537020444869995,1.6227712631225586,1.3637324571609497,1.2034912109375,1.0873178243637085,1.4646085500717163,3.0303194522857666,-0.5216557383537292,-2.374279260635376,0.4079805016517639,-1.0083167552947998,-0.17473119497299194,-0.8966943621635437,5.420881748199463,0.6994521021842957
-3.052584648132324,-2.140735626220703,-2.7259883880615234,-4.251894950866699,-4.273953437805176,-3.3945467472076416,-3.002268075942993,-2.708209753036499,-2.5038585662841797,-1.5395054817199707,-1.337945818901062,-0.6172288656234741,-0.38676536083221436,-0.8100355863571167,-1.1712902784347534,-2.037968873977661,-0.2747972905635834,0.45055362582206726,0.30372756719589233,2.0140187740325928,1.406994104385376,1.7156018018722534,2.778653144836426,3.1103854179382324,3.0432286262512207,2.577314853668213,2.06386661529541,1.6490538120269775,1.5113794803619385,1.383042812347412,1.1508302688598633,1.078898310661316,1.2089883089065552,1.5128213167190552,-0.006468917243182659,-2.0018303394317627,-2.283219337463379,-1.5317761898040771,-4.137689113616943,-4.853660583496094,-2.6586177349090576,0.48653873801231384,-1.9608080387115479
-2.1274588108062744,-2.738257646560669,-4.154401779174805,-4.846786975860596,-4.732231140136719,-4.971812725067139,-4.109235763549805,-2.443023443222046,-0.9915286898612976,0.15715688467025757,0.10451076179742813,-1.4473310708999634,0.7915553450584412,1.186057448387146,-0.7324656844139099,-1.1660047769546509,-0.43048104643821716,-0.2146216183900833,0.014728336594998837,0.18385496735572815,1.4880409240722656,2.2595338821411133,2.503403425216675,2.649728536605835,2.580991506576538,2.325329065322876,1.9912998676300049,1.7257788181304932,1.368454098701477,0.7304744720458984,0.5463912487030029,1.014863133430481,1.0992112159729004,0.3551512658596039,-2.559913158416748,-3.2159883975982666,-2.7951488494873047,-4.006505489349365,-3.573667287826538,-2.8216588497161865,-3.425413131713867,-4.407958984375,-3.7103965282440186
-1.934367060661316,-2.144561529159546,-3.2505316734313965,-4.125497817993164,-3.1612648963928223,-1.7027933597564697,-2.7927396297454834,-3.083014965057373,-1.3257770538330078,0.85625821352005,0.6715832352638245,-0.6971527934074402,-0.8102729916572571,-0.4413377642631531,0.22509954869747162,0.7136437296867371,0.28224849700927734,0.7539688944816589,-0.03805546835064888,0.8238409757614136,2.512768268585205,2.5775210857391357,2.748049259185791,2.9220004081726074,2.65069317817688,2.245938301086426,1.9519751071929932,1.7905635833740234,1.1915457248687744,0.7031885385513306,0.7628347277641296,0.6814903616905212,0.6706984043121338,-0.23079057037830353,0.12465555220842361,-1.501600980758667,-3.1266684532165527,-3.0579049587249756,-1.0154685974121094,0.33912724256515503,-2.0645785331726074,-2.002526044845581,-0.44117656350135803
-3.81868314743042,-2.314675807952881,-1.8826730251312256,-1.8205657005310059,-1.859026551246643,-1.8066332340240479,-2.299602508544922,-1.7808682918548584,-0.9566066861152649,-1.6707428693771362,-0.7104394435882568,0.3208605647087097,-0.23189345002174377,0.05228186771273613,1.0375877618789673,0.9378388524055481,1.6919422149658203,1.6147273778915405,0.04704350605607033,1.8122785091400146,1.980010747909546,1.9481035470962524,2.4978814125061035,2.954331636428833,2.691009998321533,2.0984175205230713,1.9131876230239868,1.7498191595077515,1.3556736707687378,1.108162522315979,0.9657613039016724,1.4228427410125732,2.4876272678375244,1.5016613006591797,1.3748688697814941,-1.9764187335968018,-2.796086311340332,-1.4999582767486572,0.07464732974767685,0.1988985240459442,-3.0841453075408936,-2.09844708442688,-1.1441831588745117
-0.6768171191215515,-1.254573106765747,-1.182235836982727,-3.371082067489624,-3.2478249073028564,-3.294658660888672,-1.3191273212432861,-1.5864319801330566,-1.63064706325531,-2.2716422080993652,-2.4629712104797363,0.1593315452337265,1.4274014234542847,1.6954309940338135,1.4489262104034424,1.2992175817489624,2.0010523796081543,1.840078592300415,1.4042296409606934,0.49172332882881165,1.198190689086914,2.282282829284668,2.8708767890930176,2.9616196155548096,2.647128105163574,2.104811191558838,1.9766725301742554,2.2967233657836914,2.0712621212005615,1.5882784128189087,1.129059076309204,1.0973800420761108,1.3809843063354492,1.4062782526016235,-0.5685335397720337,-2.544691324234009,-0.7588229775428772,1.3253129720687866,1.1472290754318237,-2.8227767944335938,-3.9969356060028076,-3.0729072093963623,-2.496386766433716
0.15374638140201569,0.9711246490478516,-0.4893038272857666,-1.8535528182983398,-1.338545322418213,-1.9815508127212524,-2.386573553085327,-2.70678448677063,-1.288454294204712,0.24926139414310455,-0.21051150560379028,1.1731431484222412,2.7623958587646484,2.1002161502838135,1.765204668045044,2.3056163787841797,2.333885431289673,2.6878960132598877,2.790255308151245,2.3372631072998047,2.5969691276550293,2.870842218399048,3.183255672454834,2.8965330123901367,2.2166409492492676,1.9425519704818726,2.0248184204101562,1.784080147743225,2.0352675914764404,2.1313323974609375,1.988298773765564,0.9616265296936035,-1.630049705505371,-1.4227553606033325,-2.555274724960327,-0.5978890061378479,2.243605136871338,1.5361589193344116,-1.274365782737732,-4.138332366943359,-1.7641234397888184,-0.7277351021766663,-1.562731385231018
-4.311797142028809,-1.4059182405471802,-2.684453010559082,-0.2545744478702545,0.3153282701969147,-0.33891963958740234,-2.4852116107940674,-2.7202470302581787,-0.10681974142789841,1.7726314067840576,1.6122595071792603,1.1197556257247925,0.2982332110404968,0.8876833319664001,0.4548524022102356,2.8279213905334473,3.603668689727783,4.423721790313721,3.795894145965576,2.8340904712677,3.4834864139556885,3.1290528774261475,3.22794246673584,2.9537878036499023,2.6994943618774414,2.0243964195251465,2.156968593597412,2.6143674850463867,2.4509549140930176,2.711972713470459,3.637443780899048,0.7243103981018066,-2.8074991703033447,-4.01898193359375,-2.509326219558716,0.4773751199245453,1.891424536705017,-0.35803890228271484,-3.930569887161255,-2.476294994354248,-0.8155376315116882,-0.18255528807640076,-1.0844670534133911
-6.060109615325928,-4.411375045776367,-1.529247760772705,-1.7859934568405151,-3.389256000518799,-2.7307279109954834,-3.764552116394043,-3.427611827850342,0.8332383036613464,1.6272974014282227,1.8506524562835693,1.1722890138626099,0.29045671224594116,0.6048780083656311,1.916620135307312,3.293205738067627,3.061495304107666,3.4489893913269043,2.5387113094329834,2.930051326751709,2.6350114345550537,2.654404401779175,3.042285919189453,3.2349796295166016,2.809947967529297,2.969696521759033,1.9682002067565918,-0.2443641722202301,0.659111738204956,1.522159457206726,0.9775905013084412,-2.4653818607330322,-4.804872989654541,-4.923178672790527,-2.98898983001709,-0.4405006170272827,-0.7462064027786255,-1.6036181449890137,-2.163844108581543,-1.9066612720489502,-1.732718825340271,-1.0111974477767944,-2.228945016860962
-6.018019676208496,-5.95512056350708,-2.440192937850952,-3.7829575538635254,-4.7098822593688965,-4.671164035797119,-3.933271646499634,-3.2506167888641357,0.02989877015352249,-0.24059943854808807,1.1505144834518433,1.211685061454773,0.04369629919528961,0.9368179440498352,3.0575366020202637,3.731752634048462,2.738248348236084,1.1760672330856323,1.3604307174682617,2.3597817420959473,1.9871296882629395,2.3776228427886963,2.9051434993743896,2.6599318981170654,2.6288280487060547,2.8189268112182617,3.249253511428833,-1.4807157516479492,-1.829859972000122,0.2950122654438019,-1.7257925271987915,-2.387922763824463,-3.5936222076416016,-3.2347099781036377,-1.9863226413726807,-1.8555819988250732,-2.8398995399475098,-3.1703786849975586,-1.0801565647125244,-2.6654837131500244,-1.1838644742965698,-2.0970401763916016,-2.6837286949157715
-5.210420608520508,-6.284926891326904,-4.150759696960449,-4.56843900680542,-4.9785284996032715,-3.2845981121063232,-1.1012243032455444,-2.7216885089874268,-3.1929829120635986,-2.1700282096862793,-1.2300184965133667,-0.30531248450279236,-0.06706232577562332,0.38479843735694885,0.41829538345336914,3.190284252166748,2.316662311553955,1.1264337301254272,3.273977279663086,3.630282163619995,3.2045629024505615,2.4249393939971924,2.7597904205322266,2.5351953506469727,3.4772322177886963,3.8554847240448,4.416773319244385,2.006179094314575,-0.5239850878715515,-0.6985357403755188,-1.7223948240280151,-1.5164546966552734,-1.033194899559021,0.1444062441587448,0.35297098755836487,-0.9289166331291199,-2.785606622695923,-3.6671998500823975,-1.1026253700256348,-0.9136611223220825,-1.9998493194580078,-2.641592264175415,-2.5386202335357666
-6.831722736358643,-4.890737533569336,-4.148234844207764,-5.332821846008301,-5.0761895179748535,-2.0540239810943604,-0.3861117959022522,-2.4739463329315186,-2.4626412391662598,-2.2889533042907715,-2.5203070640563965,-1.4473283290863037,-0.27280059456825256,0.33277297019958496,-0.33265024423599243,1.2422810792922974,0.8686345219612122,1.497045636177063,2.5355618000030518,2.6904959678649902,3.335803985595703,2.601918935775757,2.8748881816864014,2.8709349632263184,2.186525344848633,1.686939001083374,-0.149013951420784,-3.1904284954071045,-3.2963593006134033,-2.1643993854522705,-1.1454190015792847,-0.5580710768699646,0.44856274127960205,1.645875096321106,2.118767738342285,0.40484732389450073,-1.8216873407363892,-3.0476937294006348,-1.2161457538604736,-0.8575268387794495,-1.9605120420455933,-2.91143536567688,-2.930354595184326
