data/wind_data/wind_31_7.json
{"header": {"parameterUnit": "KT", "parameterCategory": 2, "nx": 256, "ny": 198, "lo1": 44.73521041870117, "la1": -3.236724853515625, "lo2": 111.26478576660156, "la2": 43.468475341796875, "dx": 0.2609002888202667, "dy": -0.23708222806453705, "refTime": "2025-02-20 07:00:00", "forecastTime": 0, "parameterNumber": 2, "parameterNumberName": "eastward_wind"}, "data":
[rows 20 to 39 of 198, columns 132 to 175 of 256]
-2.92338490486145,-3.9180219173431396,-5.16043758392334,-5.986073970794678,-11.326550483703613,-18.458396911621094,-19.721826553344727,-17.141353607177734,-12.17693042755127,-10.640593528747559,-12.9893159866333,-15.731292724609375,-11.338156700134277,-9.117742538452148,-11.785699844360352,-9.430008888244629,-8.734503746032715,-7.105356693267822,-5.12886381149292,-5.561570644378662,-7.873154163360596,-12.732389450073242,-15.818885803222656,-15.243846893310547,-13.602912902832031,-15.128328323364258,-14.78921127319336,-15.482409477233887,-15.827791213989258,-15.51136589050293,-15.69207763671875,-15.656661033630371,-14.10526180267334,-12.120864868164062,-11.524270057678223,-11.03789234161377,-13.634861946105957,-18.617671966552734,-18.031293869018555,-17.846220016479492,-16.899438858032227,-16.42691421508789,-15.994108200073242,-17.08378791809082
-4.667245864868164,-4.782094955444336,-6.51576042175293,-9.730740547180176,-13.853978157043457,-18.633663177490234,-17.024171829223633,-14.977835655212402,-14.674315452575684,-15.023104667663574,-18.91082000732422,-21.492755889892578,-9.622701644897461,5.096687316894531,-9.435522079467773,-7.486763954162598,-6.584885120391846,-5.7949957847595215,-5.883506774902344,-7.839170455932617,-8.625848770141602,-10.993135452270508,-11.574441909790039,-11.854369163513184,-11.771758079528809,-14.408753395080566,-16.829853057861328,-17.59441375732422,-16.4228572845459,-13.494786262512207,-12.11094856262207,-12.24347972869873,-11.32591724395752,-9.86768913269043,-12.693304061889648,-15.22652530670166,-18.243730545043945,-19.158130645751953,-18.871780395507812,-18.532550811767578,-17.791006088256836,-17.24110221862793,-16.579425811767578,-17.312541961669922
-5.840337753295898,-6.4348554611206055,-9.277266502380371,-12.462635040283203,-14.560908317565918,-15.36995792388916,-14.864766120910645,-16.305410385131836,-16.33821678161621,-12.459246635437012,-16.555973052978516,-21.77889060974121,-9.984820365905762,8.94903564453125,-4.340245246887207,-5.663197040557861,-3.8941850662231445,-4.030378341674805,-4.4202752113342285,-8.686786651611328,-9.929673194885254,-9.809395790100098,-9.677478790283203,-9.352742195129395,-10.72571849822998,-12.646700859069824,-16.299358367919922,-16.840177536010742,-14.464971542358398,-8.356634140014648,-7.942251205444336,-8.435969352722168,-8.76489543914795,-8.343331336975098,-11.296831130981445,-15.712282180786133,-19.852569580078125,-19.757238388061523,-18.597007751464844,-18.293386459350586,-18.192718505859375,-17.889245986938477,-17.326763153076172,-17.588809967041016
-7.656745910644531,-8.711204528808594,-10.05278205871582,-12.578996658325195,-14.414068222045898,-14.031627655029297,-13.125194549560547,-15.25673770904541,-16.207569122314453,-10.994279861450195,-11.244067192077637,-15.286905288696289,-9.718491554260254,0.9287965297698975,-4.616125583648682,-4.333681106567383,-1.9302165508270264,-2.6025257110595703,-4.445082187652588,-8.133631706237793,-9.82754898071289,-9.601795196533203,-9.695280075073242,-8.481122016906738,-9.30912971496582,-11.664490699768066,-14.540741920471191,-15.628661155700684,-12.090736389160156,-6.951076984405518,-5.446013450622559,-7.154429912567139,-7.859174728393555,-8.916293144226074,-10.786012649536133,-16.544578552246094,-20.170616149902344,-19.05715560913086,-17.11320686340332,-17.16239356994629,-17.068872451782227,-17.941070556640625,-17.891326904296875,-17.636140823364258
-9.405625343322754,-9.022621154785156,-9.399406433105469,-11.019078254699707,-12.185981750488281,-11.643176078796387,-11.440359115600586,-13.52061653137207,-13.278785705566406,-10.440208435058594,-9.075968742370605,-10.324897766113281,-9.997658729553223,-6.545109272003174,-5.01079797744751,-4.989111423492432,-3.536759614944458,-3.931905508041382,-6.4697585105896,-8.908778190612793,-9.787421226501465,-9.414177894592285,-9.208586692810059,-8.262585639953613,-9.183903694152832,-11.172163009643555,-13.51750373840332,-13.4507474899292,-9.793087005615234,-5.931867599487305,-5.050973892211914,-6.592410564422607,-7.948256492614746,-10.750205039978027,-13.665045738220215,-16.032636642456055,-17.45857810974121,-16.978591918945312,-16.7283878326416,-15.85769271850586,-15.856903076171875,-17.055513381958008,-17.381717681884766,-17.071203231811523
-9.990339279174805,-9.627830505371094,-10.092611312866211,-11.098433494567871,-10.57266616821289,-10.098467826843262,-10.264444351196289,-10.781249046325684,-11.241422653198242,-11.07421588897705,-9.669107437133789,-9.24316120147705,-8.844023704528809,-7.934091091156006,-6.078803062438965,-6.304361820220947,-5.821484565734863,-6.14166784286499,-8.616491317749023,-10.177536964416504,-10.255956649780273,-9.322627067565918,-8.781923294067383,-9.121321678161621,-9.701841354370117,-11.379631996154785,-12.771074295043945,-12.824429512023926,-10.359524726867676,-7.44563102722168,-6.321008205413818,-6.6746015548706055,-9.601099014282227,-13.054105758666992,-15.46623706817627,-17.134578704833984,-17.27784538269043,-16.506736755371094,-16.854969024658203,-16.015838623046875,-15.257469177246094,-15.814967155456543,-16.14390754699707,-16.350627899169922
-10.607455253601074,-10.046015739440918,-10.533778190612793,-10.982813835144043,-10.536137580871582,-9.568572998046875,-9.098506927490234,-9.932171821594238,-11.255571365356445,-10.594938278198242,-8.994935035705566,-8.186635971069336,-7.304148197174072,-7.341042518615723,-7.896738052368164,-7.657777309417725,-6.5856523513793945,-7.264908313751221,-8.906627655029297,-9.976707458496094,-10.30526065826416,-9.806123733520508,-9.447285652160645,-10.235471725463867,-10.67745304107666,-11.195923805236816,-12.18077278137207,-12.171030044555664,-10.488608360290527,-8.85004711151123,-7.512842655181885,-7.987515449523926,-11.232245445251465,-15.205269813537598,-18.18097686767578,-17.957326889038086,-17.448421478271484,-16.836986541748047,-17.796852111816406,-16.376161575317383,-14.260212898254395,-14.721623420715332,-14.520275115966797,-16.200864791870117
-11.045014381408691,-10.835380554199219,-10.479371070861816,-10.093147277832031,-10.04621696472168,-9.728248596191406,-9.500527381896973,-10.128989219665527,-10.410260200500488,-9.237360000610352,-7.662402629852295,-7.054332256317139,-7.380453586578369,-8.213482856750488,-9.186995506286621,-8.64304256439209,-8.731256484985352,-9.5381441116333,-9.425331115722656,-9.145649909973145,-9.530867576599121,-9.649443626403809,-9.595041275024414,-9.99225902557373,-10.556099891662598,-10.630234718322754,-10.893909454345703,-10.400367736816406,-9.728723526000977,-9.273862838745117,-9.576282501220703,-11.261587142944336,-13.38032054901123,-15.975486755371094,-18.679676055908203,-18.540674209594727,-17.226716995239258,-16.801639556884766,-18.18073844909668,-16.724313735961914,-14.571636199951172,-12.980219841003418,-14.185227394104004,-16.00531005859375
-12.026267051696777,-11.550054550170898,-11.287195205688477,-10.209245681762695,-9.677322387695312,-9.593857765197754,-9.361900329589844,-11.696564674377441,-10.055184364318848,-9.69804859161377,-9.39689826965332,-8.949799537658691,-9.506850242614746,-10.236851692199707,-10.839972496032715,-11.555292129516602,-12.775267601013184,-12.401468276977539,-10.097799301147461,-8.646415710449219,-8.937698364257812,-9.303670883178711,-9.68956184387207,-10.197619438171387,-10.38379955291748,-9.621259689331055,-8.78579044342041,-8.325325965881348,-8.559784889221191,-9.069491386413574,-10.14506721496582,-12.625609397888184,-14.9116849899292,-16.436452865600586,-16.523305892944336,-18.08509635925293,-17.750070571899414,-17.6584529876709,-17.761796951293945,-13.975262641906738,-12.52070426940918,-14.17258358001709,-14.86402416229248,-16.18700408935547
-13.993386268615723,-12.771330833435059,-13.108602523803711,-11.97014045715332,-11.246468544006348,-11.564984321594238,-11.622842788696289,-11.699631690979004,-12.005317687988281,-13.065308570861816,-13.604052543640137,-13.103988647460938,-12.729096412658691,-13.256349563598633,-14.240983963012695,-15.660941123962402,-15.797606468200684,-12.772247314453125,-7.718628406524658,-6.427112579345703,-9.772342681884766,-11.087320327758789,-12.70722484588623,-13.381431579589844,-11.891247749328613,-9.09839153289795,-7.046697616577148,-6.222400665283203,-5.950878143310547,-6.785663604736328,-8.428854942321777,-11.67270565032959,-14.76687240600586,-15.474491119384766,-15.088193893432617,-16.837583541870117,-16.737672805786133,-16.618377685546875,-15.958242416381836,-13.095839500427246,-12.463376998901367,-14.443716049194336,-16.25596046447754,-17.086599349975586
-15.417570114135742,-15.751982688903809,-15.469504356384277,-14.5355863571167,-14.06170654296875,-14.422893524169922,-14.325210571289062,-14.125199317932129,-14.810100555419922,-15.850101470947266,-16.366634368896484,-15.834959983825684,-15.46960163116455,-16.557376861572266,-17.860368728637695,-18.75253677368164,-16.004364013671875,-10.03548526763916,-5.976759433746338,-6.981637954711914,-12.209616661071777,-14.443588256835938,-16.688554763793945,-17.037303924560547,-12.706596374511719,-7.113277435302734,-6.9930291175842285,-6.331578731536865,-4.37848424911499,-4.78200101852417,-6.671905040740967,-9.659442901611328,-12.6796875,-14.616106986999512,-15.312613487243652,-15.735628128051758,-15.008447647094727,-14.996503829956055,-15.34980583190918,-14.15446662902832,-14.212494850158691,-16.160430908203125,-17.601577758789062,-17.413246154785156
-17.105792999267578,-17.748868942260742,-16.468477249145508,-15.6278657913208,-15.90099048614502,-16.58338737487793,-16.404190063476562,-16.419979095458984,-16.659393310546875,-17.078044891357422,-17.064590454101562,-16.604141235351562,-16.888639450073242,-18.018308639526367,-19.081878662109375,-19.00530242919922,-14.145223617553711,-8.601112365722656,-7.100152492523193,-10.543513298034668,-14.523154258728027,-16.398283004760742,-18.690540313720703,-18.51898765563965,-13.012941360473633,-5.8444061279296875,-5.531949996948242,-6.916852951049805,-4.90700101852417,-4.617541790008545,-5.666143417358398,-7.929320335388184,-10.724990844726562,-14.281671524047852,-16.337970733642578,-15.7848539352417,-14.971806526184082,-15.09359359741211,-15.480204582214355,-15.646018028259277,-15.792266845703125,-17.420949935913086,-18.155134201049805,-17.683012008666992
-17.475400924682617,-16.96721839904785,-15.817564010620117,-16.213897705078125,-17.047304153442383,-17.13202476501465,-17.248857498168945,-17.666744232177734,-17.719507217407227,-17.711746215820312,-17.382659912109375,-16.908336639404297,-16.996036529541016,-17.770278930664062,-18.707481384277344,-18.24638557434082,-14.374279022216797,-10.111620903015137,-10.353042602539062,-12.732719421386719,-14.619540214538574,-16.62895965576172,-19.105905532836914,-19.05649757385254,-13.485111236572266,-4.910741806030273,-3.7140753269195557,-5.739691734313965,-4.080462455749512,-5.1912031173706055,-6.640379428863525,-8.078211784362793,-10.668172836303711,-14.246528625488281,-16.503894805908203,-16.416927337646484,-15.325738906860352,-14.754457473754883,-14.961977005004883,-16.10293197631836,-17.70340347290039,-18.252822875976562,-17.738990783691406,-17.481103897094727
-16.381376266479492,-15.946907043457031,-16.18998908996582,-17.15261459350586,-17.70115852355957,-17.597515106201172,-17.926748275756836,-18.31599235534668,-18.274354934692383,-18.269990921020508,-18.158233642578125,-17.733102798461914,-17.5916805267334,-18.283666610717773,-19.108837127685547,-18.561674118041992,-16.420162200927734,-14.567059516906738,-14.693603515625,-14.570094108581543,-14.162453651428223,-16.22852325439453,-19.016000747680664,-19.514612197875977,-15.610095024108887,-8.388678550720215,-3.8234736919403076,-5.734244346618652,-5.6249189376831055,-7.288931369781494,-9.972753524780273,-11.06578254699707,-12.306366920471191,-13.984471321105957,-15.109831809997559,-15.148825645446777,-14.559558868408203,-13.831649780273438,-14.370978355407715,-15.690872192382812,-17.440799713134766,-18.18372344970703,-16.961732864379883,-16.98442840576172
-16.002655029296875,-16.835525512695312,-17.854820251464844,-18.445446014404297,-18.445003509521484,-18.581750869750977,-19.197021484375,-19.546581268310547,-19.515750885009766,-19.573589324951172,-19.551090240478516,-19.458436965942383,-19.634227752685547,-19.997739791870117,-19.916318893432617,-19.16364288330078,-17.79840850830078,-16.13136100769043,-15.709169387817383,-15.439123153686523,-14.962016105651855,-15.63129711151123,-17.726224899291992,-18.951826095581055,-17.367563247680664,-13.47055721282959,-8.643219947814941,-5.852705955505371,-7.581561088562012,-10.098318099975586,-12.107270240783691,-13.096963882446289,-13.28533935546875,-13.489758491516113,-13.585334777832031,-13.388084411621094,-13.341771125793457,-13.30417537689209,-13.51600170135498,-13.873871803283691,-15.062399864196777,-16.257122039794922,-16.334529876708984,-16.540355682373047
-16.21900749206543,-17.657062530517578,-18.583742141723633,-18.76336669921875,-18.892221450805664,-19.53569793701172,-20.584728240966797,-21.29853630065918,-21.59556007385254,-21.776020050048828,-21.568498611450195,-21.195350646972656,-20.992252349853516,-20.58596420288086,-19.836406707763672,-19.302766799926758,-18.777549743652344,-16.743301391601562,-13.800750732421875,-13.406780242919922,-15.320796966552734,-15.055852890014648,-15.099255561828613,-16.790550231933594,-16.816190719604492,-14.817641258239746,-11.761621475219727,-7.917296409606934,-8.53719711303711,-11.826804161071777,-11.76616096496582,-11.711442947387695,-11.918073654174805,-12.148941993713379,-12.535014152526855,-12.531477928161621,-12.436992645263672,-12.833984375,-13.043654441833496,-13.094188690185547,-13.676048278808594,-14.69892692565918,-15.199833869934082,-15.528645515441895
-15.602560997009277,-16.897258758544922,-17.648456573486328,-18.04364013671875,-18.7532958984375,-19.723491668701172,-20.562393188476562,-21.296998977661133,-22.152538299560547,-22.728639602661133,-22.433908462524414,-21.696453094482422,-21.151369094848633,-20.757762908935547,-20.32954216003418,-19.720569610595703,-18.553443908691406,-16.510526657104492,-14.180994033813477,-13.291881561279297,-14.546222686767578,-14.176907539367676,-12.607367515563965,-13.113129615783691,-14.302183151245117,-13.82291316986084,-12.237812995910645,-10.636552810668945,-10.648344993591309,-11.96363639831543,-11.463459014892578,-10.69376277923584,-10.555652618408203,-10.803024291992188,-11.539080619812012,-12.261415481567383,-12.71413803100586,-13.367977142333984,-14.076912879943848,-14.305397033691406,-14.06027889251709,-14.396681785583496,-14.874515533447266,-15.106310844421387
-14.051115036010742,-15.404935836791992,-16.360994338989258,-17.270660400390625,-18.2873477935791,-18.900733947753906,-19.08852195739746,-19.730289459228516,-21.034271240234375,-21.429351806640625,-20.07464599609375,-19.072608947753906,-19.74298858642578,-19.75492286682129,-19.74439811706543,-20.03314781188965,-18.355424880981445,-15.34533405303955,-13.165267944335938,-12.998922348022461,-13.721546173095703,-13.86335563659668,-12.078410148620605,-10.406132698059082,-10.833404541015625,-12.132065773010254,-12.48658275604248,-12.147241592407227,-11.605731010437012,-11.72223949432373,-12.048340797424316,-11.797924041748047,-11.447397232055664,-11.43459415435791,-11.81240463256836,-12.539031982421875,-13.363990783691406,-14.27646255493164,-15.352682113647461,-15.787034034729004,-15.263619422912598,-15.013262748718262,-15.685934066772461,-16.173887252807617
-12.614788055419922,-14.053338050842285,-15.55035400390625,-16.87699317932129,-17.578937530517578,-17.387439727783203,-17.090087890625,-18.23066520690918,-20.866302490234375,-21.797412872314453,-17.918119430541992,-13.89985179901123,-16.004688262939453,-18.26460838317871,-18.1518611907959,-18.318742752075195,-16.75335693359375,-14.58838939666748,-13.775178909301758,-13.986663818359375,-14.498995780944824,-14.672221183776855,-13.535155296325684,-11.265231132507324,-9.760834693908691,-10.40958023071289,-11.743663787841797,-12.16234016418457,-11.972615242004395,-12.43793773651123,-13.305715560913086,-13.635305404663086,-13.314706802368164,-13.012750625610352,-12.98672866821289,-13.464841842651367,-14.188436508178711,-15.092474937438965,-16.158111572265625,-16.78424644470215,-16.8118953704834,-16.565683364868164,-16.589872360229492,-17.483274459838867
-11.815218925476074,-12.65937328338623,-14.187952995300293,-15.82215404510498,-16.450496673583984,-15.856554985046387,-15.449828147888184,-16.803932189941406,-19.649486541748047,-21.214641571044922,-17.68595314025879,-12.14830207824707,-12.552621841430664,-17.229633331298828,-17.71781349182129,-17.192115783691406,-15.444605827331543,-14.965973854064941,-15.11795425415039,-13.78447151184082,-14.633097648620605,-16.027904510498047,-16.029197692871094,-14.382420539855957,-11.997160911560059,-10.652132987976074,-11.136789321899414,-12.16960334777832,-12.89913272857666,-13.548778533935547,-14.162063598632812,-14.599876403808594,-14.421521186828613,-14.155037879943848,-14.221405982971191,-14.24510669708252,-14.314794540405273,-15.397570610046387,-16.820322036743164,-17.37774085998535,-17.617637634277344,-18.04248046875,-18.33376693725586,-19.0932674407959
