data/wind_data/wind_3_4.json
{"header": {"parameterUnit": "KT", "parameterCategory": 2, "nx": 256, "ny": 198, "lo1": 44.73521041870117, "la1": -3.236724853515625, "lo2": 111.26478576660156, "la2": 43.468475341796875, "dx": 0.2609002888202667, "dy": -0.23708222806453705, "refTime": "2025-02-19 03:00:00", "forecastTime": 0, "parameterNumber": 2, "parameterNumberName": "eastward_wind"}, "data":
[rows 95 to 113 of 198, columns 176 to 219 of 256]
18.611190795898438,18.871864318847656,18.663084030151367,18.38633918762207,17.98589515686035,17.789934158325195,18.293060302734375,18.81549072265625,17.860475540161133,15.572800636291504,15.2050142288208,19.95249366760254,25.193511962890625,22.925716400146484,18.46904945373535,16.469858169555664,16.97844886779785,18.333559036254883,19.529186248779297,20.154939651489258,20.073135375976562,20.69155502319336,22.611759185791016,23.971609115600586,24.409488677978516,25.36580467224121,26.630151748657227,27.805057525634766,28.130619049072266,27.404674530029297,26.45927619934082,26.69814682006836,27.868494033813477,28.97771644592285,29.980443954467773,30.296977996826172,29.938766479492188,29.508996963500977,29.036399841308594,28.67206382751465,28.25002098083496,27.384742736816406,26.857336044311523,27.08274269104004
18.78434944152832,19.153703689575195,19.000362396240234,19.061487197875977,18.92389678955078,18.801429748535156,19.140291213989258,19.547117233276367,18.90909767150879,17.201900482177734,18.838623046875,24.47372055053711,27.808490753173828,23.274240493774414,18.14874267578125,16.116186141967773,16.094486236572266,16.575044631958008,17.422943115234375,18.51414680480957,19.281761169433594,20.050325393676758,21.999664306640625,24.005849838256836,24.271331787109375,24.74098014831543,26.234012603759766,28.42616081237793,29.538818359375,28.774890899658203,27.814769744873047,27.57940673828125,28.34171485900879,29.630281448364258,30.645702362060547,30.954980850219727,31.00663948059082,31.013559341430664,30.719804763793945,30.039955139160156,29.18311882019043,28.675559997558594,28.59885597229004,28.207988739013672
18.155765533447266,18.48514175415039,18.53380012512207,19.157001495361328,19.7949275970459,20.37799072265625,20.7232723236084,20.740480422973633,20.354677200317383,20.04326629638672,23.246658325195312,28.47952651977539,26.690683364868164,21.355310440063477,18.552534103393555,17.669078826904297,16.633058547973633,15.968141555786133,16.210582733154297,16.793909072875977,17.683345794677734,18.993085861206055,20.913684844970703,22.988828659057617,24.0334529876709,24.86652946472168,26.33084487915039,28.585525512695312,29.788143157958984,29.71192741394043,29.779335021972656,29.727783203125,29.855438232421875,30.531475067138672,30.994308471679688,31.288829803466797,31.76040267944336,32.25947952270508,32.243106842041016,31.356815338134766,30.569398880004883,30.34714126586914,30.52730369567871,29.901206970214844
17.981172561645508,18.133251190185547,18.436731338500977,19.374425888061523,20.25794792175293,21.201953887939453,21.87679672241211,22.319637298583984,22.644010543823242,24.014591217041016,27.124967575073242,28.70142364501953,23.830411911010742,19.382671356201172,19.19993019104004,18.943504333496094,16.45488739013672,15.384591102600098,16.073871612548828,16.202882766723633,16.429380416870117,17.933971405029297,20.027456283569336,21.76055145263672,23.216169357299805,24.62238311767578,26.343141555786133,28.377586364746094,29.429943084716797,30.53895378112793,31.688642501831055,31.926921844482422,31.63846206665039,31.6558837890625,31.77035903930664,32.25154495239258,32.87881851196289,33.474632263183594,33.243194580078125,32.34818649291992,32.350528717041016,32.73379898071289,32.69081497192383,32.0193977355957
17.93132781982422,17.98249053955078,18.505884170532227,19.64146614074707,20.679658889770508,21.7202091217041,22.5062313079834,23.513883590698242,24.994388580322266,27.795764923095703,30.757719039916992,29.334299087524414,23.105470657348633,18.710052490234375,19.294095993041992,18.849435806274414,15.773344039916992,14.928606033325195,16.204612731933594,16.541213989257812,16.364669799804688,17.352571487426758,19.605915069580078,20.95509147644043,22.079069137573242,23.658000946044922,25.717016220092773,27.93574333190918,29.644338607788086,31.312246322631836,32.843231201171875,33.312313079833984,32.94850540161133,32.868011474609375,32.98389434814453,33.52141571044922,34.06944274902344,34.679500579833984,34.06044387817383,33.4793815612793,34.022178649902344,34.70253372192383,34.70249938964844,34.45651626586914
18.043569564819336,18.22034454345703,18.88646697998047,19.956905364990234,21.063823699951172,21.986446380615234,22.55120849609375,23.495126724243164,25.685701370239258,29.742862701416016,33.18560791015625,31.547544479370117,24.874507904052734,19.579299926757812,19.346363067626953,18.835285186767578,16.16095733642578,15.100936889648438,15.88847541809082,16.365890502929688,16.807207107543945,17.67477798461914,19.717294692993164,20.99560546875,21.283733367919922,22.357524871826172,24.337297439575195,26.87968635559082,29.360496520996094,31.27060317993164,32.80019760131836,33.87477111816406,34.05663299560547,33.91511917114258,33.82780456542969,33.86003494262695,34.365943908691406,35.09628677368164,35.038639068603516,35.28860855102539,35.46887969970703,35.59550476074219,35.986488342285156,36.27529525756836
18.452730178833008,18.632755279541016,19.568140029907227,20.91377067565918,22.12016487121582,22.63395118713379,22.717937469482422,23.018131256103516,25.002994537353516,29.167388916015625,33.16426086425781,32.52886962890625,25.581653594970703,19.483922958374023,17.931987762451172,17.51235008239746,16.56105613708496,16.141216278076172,16.062580108642578,16.091073989868164,17.112977981567383,18.807910919189453,21.068092346191406,22.520626068115234,22.470888137817383,22.2946834564209,23.069791793823242,25.148117065429688,27.861595153808594,30.178319931030273,32.198001861572266,33.73113250732422,34.514076232910156,34.83021545410156,34.72799301147461,34.10112380981445,34.326229095458984,34.78816223144531,35.62069320678711,36.6895637512207,36.77348327636719,36.317344665527344,36.2630500793457,36.36652755737305
19.40765380859375,19.731821060180664,20.79954719543457,22.24982452392578,23.396888732910156,23.678390502929688,23.586816787719727,23.36307144165039,24.52691650390625,27.859397888183594,31.613048553466797,31.42917251586914,25.749847412109375,19.997926712036133,17.106508255004883,16.25714874267578,16.305118560791016,17.009204864501953,17.31049346923828,17.168428421020508,17.79305648803711,19.48594093322754,21.664522171020508,23.628807067871094,24.647851943969727,23.697410583496094,22.903860092163086,23.852964401245117,26.195180892944336,28.549354553222656,30.877965927124023,32.895050048828125,34.254150390625,35.055198669433594,35.242095947265625,34.81935119628906,34.827022552490234,34.566856384277344,35.23381042480469,36.516578674316406,37.48835372924805,37.16200256347656,36.78192901611328,37.39458084106445
21.347822189331055,22.067529678344727,23.011137008666992,24.083498001098633,24.751842498779297,24.829771041870117,24.837337493896484,24.609241485595703,25.321504592895508,27.804073333740234,30.545623779296875,30.83394432067871,27.024845123291016,22.045917510986328,18.02008056640625,16.839303970336914,16.544137954711914,16.998632431030273,18.105024337768555,18.821561813354492,19.152442932128906,19.223230361938477,19.95907974243164,21.53662109375,24.48921012878418,25.018632888793945,23.72650718688965,23.894168853759766,25.76578140258789,27.204038619995117,29.167757034301758,31.34756851196289,33.11306381225586,34.7016487121582,35.14622497558594,35.35585021972656,35.648094177246094,35.2449836730957,35.35955810546875,36.11548614501953,37.320613861083984,37.51304626464844,38.43639373779297,39.79801940917969
24.053918838500977,24.705472946166992,25.254722595214844,25.817934036254883,25.980632781982422,25.758037567138672,25.56295394897461,25.30738639831543,25.867050170898438,27.88546371459961,29.793682098388672,30.31370735168457,27.601463317871094,23.722551345825195,19.639511108398438,18.404918670654297,17.53734588623047,16.300251007080078,16.980222702026367,18.495197296142578,19.628704071044922,19.413673400878906,19.277502059936523,19.795108795166016,22.686336517333984,25.480409622192383,25.57523536682129,25.788188934326172,27.009550094604492,27.487642288208008,28.346158981323242,29.774932861328125,31.679838180541992,33.777713775634766,34.8243522644043,35.06801986694336,35.486995697021484,35.65510559082031,35.905731201171875,36.06753158569336,36.606624603271484,37.43495559692383,38.73918533325195,39.84225845336914
26.412094116210938,26.82613182067871,27.05396270751953,27.073848724365234,26.802719116210938,26.328899383544922,25.69971466064453,25.096622467041016,25.22673797607422,26.911794662475586,28.74065399169922,29.671354293823242,27.788633346557617,25.307878494262695,22.100738525390625,20.767465591430664,20.41468048095703,18.143251419067383,17.114362716674805,18.0621337890625,19.105802536010742,19.3032283782959,19.4387264251709,19.579259872436523,20.768646240234375,24.09964942932129,27.095672607421875,28.503799438476562,29.210922241210938,29.404067993164062,29.50004768371582,29.934614181518555,30.910785675048828,32.614471435546875,34.5244255065918,35.916648864746094,36.24684524536133,36.11463165283203,36.38068389892578,36.670597076416016,36.6364860534668,37.09781265258789,38.044742584228516,38.94172286987305
27.43393325805664,28.1875,28.689800262451172,28.356985092163086,27.321773529052734,26.323467254638672,25.386423110961914,24.53282928466797,24.23404884338379,25.470958709716797,27.35704803466797,28.822704315185547,28.48285484313965,26.94219970703125,23.602439880371094,21.865203857421875,22.33771324157715,21.25969886779785,19.64242172241211,19.62260627746582,20.03999137878418,19.727754592895508,19.539499282836914,19.88432502746582,20.72972297668457,22.757219314575195,26.49997329711914,28.691068649291992,29.809368133544922,30.383039474487305,30.83639907836914,31.469573974609375,32.474788665771484,33.61074447631836,34.884918212890625,36.78523254394531,37.696739196777344,37.6245002746582,37.45326614379883,37.60854721069336,37.53251647949219,37.860198974609375,38.42628860473633,39.306610107421875
26.419343948364258,27.10878562927246,28.035991668701172,28.13743782043457,27.347211837768555,26.377958297729492,25.229097366333008,23.946922302246094,23.28723907470703,24.010026931762695,25.850648880004883,27.073884963989258,28.339866638183594,27.875734329223633,25.090303421020508,22.72276496887207,22.567222595214844,22.85118293762207,22.546428680419922,22.49715232849121,22.38755226135254,21.694425582885742,20.980045318603516,21.18923568725586,22.088088989257812,22.89475440979004,26.195287704467773,28.620901107788086,29.32302474975586,30.282899856567383,31.941574096679688,33.30168151855469,34.02415466308594,34.54278564453125,35.554039001464844,36.915382385253906,38.52408981323242,39.5741081237793,39.56572723388672,39.199188232421875,38.74652099609375,38.62314987182617,39.09577941894531,40.212432861328125
26.92397689819336,26.256364822387695,26.988428115844727,27.722002029418945,27.7712459564209,27.10408592224121,25.76304054260254,23.985530853271484,22.87575340270996,22.777116775512695,23.9442195892334,24.985939025878906,26.274555206298828,26.987314224243164,25.740524291992188,23.61893653869629,22.797950744628906,23.504098892211914,24.189350128173828,24.274742126464844,24.00029945373535,23.5318546295166,22.92290687561035,22.939632415771484,23.645870208740234,24.427412033081055,26.973234176635742,30.338516235351562,30.876798629760742,31.369169235229492,33.70774841308594,35.240665435791016,34.520042419433594,34.242549896240234,35.899662017822266,37.82901382446289,38.955833435058594,40.296756744384766,41.4024772644043,41.66852951049805,40.950496673583984,39.737972259521484,39.3442497253418,40.5721435546875
30.026321411132812,28.821922302246094,28.589622497558594,29.057331085205078,29.377527236938477,28.568452835083008,26.727434158325195,24.51637077331543,22.94374656677246,22.54907989501953,22.971094131469727,23.760536193847656,23.9317626953125,24.824018478393555,25.232685089111328,24.64095115661621,23.71997833251953,24.177288055419922,24.70025062561035,24.10924530029297,23.63527488708496,23.926334381103516,23.98682975769043,23.543676376342773,23.918840408325195,25.460359573364258,27.11574363708496,31.066036224365234,32.7344970703125,33.087806701660156,34.20808029174805,36.03465270996094,36.61030197143555,36.447662353515625,37.26772689819336,38.901004791259766,39.261619567871094,39.892578125,41.46015548706055,42.51945877075195,42.24239730834961,41.74440002441406,41.62266159057617,42.43383026123047
33.003421783447266,32.18205261230469,31.5666561126709,31.15692138671875,30.910131454467773,29.97723960876465,27.82773780822754,25.164791107177734,23.23007583618164,22.807918548583984,23.27820587158203,24.220909118652344,24.370948791503906,23.659530639648438,24.645065307617188,25.443222045898438,24.947330474853516,25.045991897583008,25.344959259033203,25.04168128967285,24.271221160888672,24.106121063232422,24.513315200805664,24.23894500732422,23.801610946655273,25.302736282348633,26.86679458618164,31.083223342895508,34.129493713378906,34.9983024597168,35.47123718261719,36.05329132080078,37.102725982666016,38.31175231933594,39.3199462890625,40.18623352050781,40.2220344543457,40.53123092651367,41.5827751159668,42.20765686035156,42.37907791137695,42.695159912109375,43.101356506347656,43.87183380126953
33.977542877197266,32.759586334228516,31.474672317504883,30.534616470336914,30.364660263061523,30.056215286254883,28.485607147216797,26.19475746154785,24.738462448120117,24.374679565429688,24.53679084777832,25.49961280822754,26.43075180053711,26.275285720825195,26.184917449951172,26.432945251464844,26.059192657470703,25.854814529418945,26.058910369873047,26.268272399902344,25.92593765258789,25.49798011779785,25.611879348754883,25.45018768310547,24.22509002685547,25.388389587402344,26.87728500366211,31.043928146362305,35.49723815917969,37.091426849365234,37.65290451049805,37.43901062011719,37.87858581542969,39.151702880859375,40.28660583496094,40.69740295410156,40.68634796142578,40.84242248535156,41.2580680847168,42.088294982910156,42.66020965576172,42.51557540893555,42.41590118408203,43.1412353515625
32.2102165222168,30.644363403320312,29.13910675048828,28.601320266723633,29.123567581176758,29.787548065185547,29.558319091796875,28.44303321838379,27.10039710998535,26.26593017578125,26.00740623474121,26.661117553710938,27.767423629760742,28.611572265625,27.60993003845215,27.291805267333984,26.35145378112793,25.499422073364258,25.474641799926758,25.773012161254883,25.893692016601562,26.144426345825195,26.557422637939453,26.755287170410156,25.660715103149414,26.304445266723633,27.297574996948242,30.217878341674805,35.2122802734375,38.159568786621094,38.905216217041016,38.56928253173828,38.796993255615234,39.385108947753906,39.381507873535156,39.29737091064453,39.34064865112305,38.93746566772461,39.06681442260742,40.453773498535156,41.46675491333008,41.894527435302734,42.90016174316406,44.223941802978516
29.95612335205078,30.344627380371094,31.432802200317383,31.936609268188477,31.83407974243164,32.49521255493164,32.99448013305664,32.21702575683594,29.863847732543945,27.613704681396484,26.456695556640625,26.355100631713867,27.918437957763672,29.603551864624023,28.525177001953125,27.17882537841797,26.587284088134766,26.01668930053711,25.45620346069336,25.431320190429688,26.4541015625,27.331796646118164,27.203826904296875,27.951385498046875,28.057531356811523,27.624568939208984,28.22101593017578,29.073211669921875,33.171810150146484,38.515132904052734,39.71672821044922,38.83948516845703,38.72382736206055,39.294403076171875,39.616310119628906,40.00644302368164,39.87886047363281,40.135562896728516,41.341651916503906,42.11402130126953,41.33531951904297,39.30324172973633,39.01316833496094,41.434391021728516
