data/wind_data/wind_68_9.json
{"header": {"parameterUnit": "KT", "parameterCategory": 2, "nx": 256, "ny": 198, "lo1": 44.73521041870117, "la1": -3.236724853515625, "lo2": 111.26478576660156, "la2": 43.468475341796875, "dx": 0.2609002888202667, "dy": -0.23708222806453705, "refTime": "2025-02-21 20:00:00", "forecastTime": 0, "parameterNumber": 2, "parameterNumberName": "eastward_wind"}, "data":
[rows 0 to 18 of 198, columns 172 to 214 of 256]
25.052703857421875,24.921436309814453,24.223535537719727,23.259769439697266,23.22637939453125,23.6318359375,23.88600730895996,23.832242965698242,22.722318649291992,21.572341918945312,21.262048721313477,21.46773338317871,22.31308937072754,23.129779815673828,23.71078109741211,23.723812103271484,22.967531204223633,22.26472282409668,21.681224822998047,21.976062774658203,23.1064453125,23.177471160888672,22.47997283935547,22.585472106933594,23.173023223876953,23.823984146118164,24.240894317626953,23.235801696777344,21.82228660583496,21.20442008972168,21.01796531677246,21.428909301757812,21.7205753326416,21.27863883972168,20.97092628479004,21.184280395507812,21.178544998168945,20.717573165893555,20.687881469726562,21.213607788085938,21.615459442138672,21.858850479125977,21.326141357421875
24.14333724975586,24.68770408630371,25.584125518798828,25.366378784179688,24.993207931518555,24.99422264099121,24.941858291625977,24.78190803527832,23.955665588378906,23.05178451538086,22.59111213684082,22.124589920043945,22.383625030517578,23.02471923828125,23.341392517089844,23.337181091308594,22.91123390197754,22.406641006469727,21.891845703125,22.209674835205078,23.318984985351562,23.41008949279785,22.636442184448242,22.458343505859375,22.878164291381836,23.439048767089844,23.663673400878906,22.756311416625977,21.621585845947266,21.103588104248047,21.09184455871582,21.80357551574707,22.453332901000977,22.179241180419922,21.60654640197754,21.662778854370117,21.822826385498047,21.582258224487305,21.342771530151367,21.356300354003906,21.939964294433594,22.600601196289062,21.709794998168945
24.715576171875,25.28736114501953,25.761672973632812,25.69211196899414,25.880592346191406,26.02872657775879,25.5443115234375,25.205549240112305,24.926454544067383,24.325725555419922,23.914297103881836,23.611730575561523,23.425825119018555,23.310087203979492,23.203445434570312,23.243295669555664,23.2139949798584,22.99556541442871,22.616456985473633,22.691125869750977,23.321775436401367,23.44272804260254,22.965192794799805,22.877120971679688,23.25469970703125,23.301250457763672,23.11875343322754,22.70890235900879,21.76640510559082,21.0861759185791,21.471948623657227,22.35595703125,22.857248306274414,22.81228256225586,22.456905364990234,22.217308044433594,22.08822250366211,21.871686935424805,22.024715423583984,22.334854125976562,22.33722686767578,22.521032333374023,22.052621841430664
24.81246566772461,25.32498550415039,25.750534057617188,25.80818748474121,26.04983139038086,26.651447296142578,26.587905883789062,26.44931411743164,26.536998748779297,25.77376937866211,24.986833572387695,24.847190856933594,24.78184700012207,24.450334548950195,23.88888931274414,23.613554000854492,23.80221939086914,23.91297149658203,23.71118927001953,23.428646087646484,23.12784194946289,22.809694290161133,22.983463287353516,23.60331153869629,24.034311294555664,23.57917594909668,22.743162155151367,22.33854103088379,21.692646026611328,21.275373458862305,22.025270462036133,22.847036361694336,22.911664962768555,22.777238845825195,22.65325927734375,22.3012752532959,22.20279884338379,22.398160934448242,22.721515655517578,22.972280502319336,22.824432373046875,23.007341384887695,23.04096221923828
23.727802276611328,23.802570343017578,23.373044967651367,23.428478240966797,24.23525047302246,25.874683380126953,26.636972427368164,27.040021896362305,28.125354766845703,27.94733428955078,26.66217613220215,25.762380599975586,25.907852172851562,26.165084838867188,25.63556671142578,25.074825286865234,25.27817726135254,25.78786849975586,26.31348991394043,25.992576599121094,23.830276489257812,22.003103256225586,22.27090835571289,23.342994689941406,23.890602111816406,23.58925437927246,22.931272506713867,22.323253631591797,21.26865577697754,20.37400245666504,20.683975219726562,21.32708740234375,21.502779006958008,21.70685386657715,21.83533477783203,21.65781593322754,21.724811553955078,22.15895652770996,22.471532821655273,22.84103012084961,23.59236717224121,24.30789566040039,23.86043357849121
21.56983184814453,22.178123474121094,22.75909423828125,24.21723747253418,24.74053382873535,24.255706787109375,24.648284912109375,24.586063385009766,24.477304458618164,24.008811950683594,23.231592178344727,21.892921447753906,21.49483299255371,21.01482391357422,20.539060592651367,20.5388126373291,21.423959732055664,22.41884994506836,23.692102432250977,24.360286712646484,22.808435440063477,21.093952178955078,20.675264358520508,21.002111434936523,21.82733917236328,22.117734909057617,22.064271926879883,21.8721866607666,20.849897384643555,19.067583084106445,18.097259521484375,18.18500328063965,18.413612365722656,19.0284481048584,18.97110366821289,18.85358238220215,18.87537956237793,18.80263328552246,19.08817481994629,20.45197296142578,22.607229232788086,23.044546127319336,20.568988800048828
19.060638427734375,20.84892463684082,21.37135887145996,22.63507652282715,22.802013397216797,19.790992736816406,19.50653839111328,20.71805191040039,21.319503784179688,22.003082275390625,21.303913116455078,18.36371612548828,17.647802352905273,17.29277801513672,15.89535140991211,14.922347068786621,15.727301597595215,16.97771453857422,18.253934860229492,19.32594108581543,19.39763832092285,19.016326904296875,18.636579513549805,18.764381408691406,19.310232162475586,19.555673599243164,19.605491638183594,19.93463706970215,18.60702133178711,15.842829704284668,13.605339050292969,13.347623825073242,13.766779899597168,14.665529251098633,15.141669273376465,15.323519706726074,15.210539817810059,14.950373649597168,15.610086441040039,17.625295639038086,20.13746452331543,19.448591232299805,15.79825496673584
18.82088279724121,19.35936737060547,19.52474021911621,19.78034210205078,20.04737091064453,18.0270938873291,17.566436767578125,18.57020378112793,19.649553298950195,20.4754581451416,18.965669631958008,17.260196685791016,17.81003761291504,17.887067794799805,15.611281394958496,13.232840538024902,13.183992385864258,14.284841537475586,15.24711799621582,16.452932357788086,17.193119049072266,16.831031799316406,16.394588470458984,16.714738845825195,16.834985733032227,16.728439331054688,16.551881790161133,16.26306915283203,14.165547370910645,10.839425086975098,9.072796821594238,9.284940719604492,10.623147010803223,11.68635082244873,12.752331733703613,13.849084854125977,14.268998146057129,14.083414077758789,14.63967227935791,16.509483337402344,17.708145141601562,15.574954986572266,12.465377807617188
18.20802879333496,19.159828186035156,17.49226188659668,17.344070434570312,17.57026481628418,16.56622886657715,16.06501579284668,16.581743240356445,17.680849075317383,17.867385864257812,17.020769119262695,16.554458618164062,19.592561721801758,19.684101104736328,16.559188842773438,13.889932632446289,13.157623291015625,13.812750816345215,14.391129493713379,15.402722358703613,16.24347496032715,15.648343086242676,14.763456344604492,14.145308494567871,13.5246000289917,13.2002592086792,13.293511390686035,12.277478218078613,9.82459831237793,7.5363688468933105,7.107010364532471,7.410521030426025,9.02232837677002,10.04823112487793,11.562774658203125,13.960009574890137,15.169110298156738,15.071900367736816,15.47150993347168,16.65176010131836,16.216711044311523,13.305387496948242,10.891983032226562
18.18430519104004,17.7343692779541,16.840646743774414,16.756603240966797,16.663331985473633,15.406926155090332,14.660396575927734,14.022394180297852,14.824442863464355,15.672892570495605,15.386929512023926,15.93651294708252,19.786130905151367,19.246469497680664,16.836036682128906,14.054530143737793,13.068328857421875,13.752602577209473,13.665266990661621,14.452239036560059,15.692896842956543,14.42735481262207,12.606035232543945,10.577345848083496,9.865448951721191,9.809087753295898,10.218767166137695,9.344813346862793,7.45734167098999,6.492936611175537,6.264089107513428,6.796401023864746,7.813792705535889,9.016105651855469,11.119739532470703,13.810161590576172,15.250968933105469,15.681069374084473,16.35371971130371,17.154640197753906,16.789220809936523,14.666489601135254,12.01123046875
18.430055618286133,17.850006103515625,16.672534942626953,16.53105926513672,15.49935531616211,15.49528980255127,14.92827033996582,13.006267547607422,12.524297714233398,12.753111839294434,13.999358177185059,14.39647102355957,17.902381896972656,17.329696655273438,15.61116886138916,13.785694122314453,12.844439506530762,13.270906448364258,12.826480865478516,13.139839172363281,14.104399681091309,12.72595500946045,10.157608985900879,8.316661834716797,7.803276538848877,7.632378578186035,7.368236064910889,7.867959022521973,7.165791034698486,6.790079116821289,7.016554355621338,6.9614763259887695,7.998985767364502,9.319361686706543,11.591631889343262,13.421343803405762,15.040457725524902,16.4007568359375,16.420976638793945,16.987977981567383,17.972320556640625,17.75780487060547,15.663732528686523
17.749204635620117,16.76284408569336,17.37037467956543,17.170774459838867,16.122220993041992,16.46595573425293,15.958433151245117,13.615667343139648,11.789227485656738,11.110648155212402,12.791853904724121,12.781103134155273,14.677698135375977,15.39778995513916,14.213033676147461,12.48833179473877,11.919225692749023,12.486445426940918,12.071978569030762,12.362896919250488,12.15744400024414,10.571206092834473,8.475163459777832,7.304437637329102,6.748007774353027,6.126380443572998,7.780943870544434,9.213290214538574,8.728171348571777,7.836611270904541,8.199822425842285,8.799059867858887,9.696514129638672,11.22705078125,13.086878776550293,14.631196975708008,15.91274356842041,17.230913162231445,17.052635192871094,16.6217098236084,18.60765266418457,19.42797088623047,17.671894073486328
16.305564880371094,15.800559043884277,17.48213005065918,18.637596130371094,17.744611740112305,16.721342086791992,16.563940048217773,14.685636520385742,11.698057174682617,10.574604988098145,11.526788711547852,12.22410774230957,13.851759910583496,14.362277030944824,13.4002103805542,11.471385955810547,10.600037574768066,10.482449531555176,10.027607917785645,9.979170799255371,10.136740684509277,8.92068099975586,7.3998308181762695,7.123362064361572,6.57719612121582,7.294850826263428,9.760309219360352,11.138437271118164,10.064783096313477,9.102738380432129,9.753292083740234,10.822171211242676,11.574361801147461,13.04685115814209,14.891562461853027,16.21408462524414,16.554405212402344,17.358192443847656,17.677989959716797,18.041311264038086,19.93770980834961,20.068979263305664,18.677837371826172
15.810155868530273,14.549799919128418,16.61478042602539,18.124561309814453,17.414854049682617,16.084348678588867,16.21310043334961,15.107525825500488,12.62156867980957,11.492144584655762,11.956781387329102,12.097817420959473,12.771743774414062,13.24732494354248,12.82508659362793,11.32486343383789,9.73375415802002,8.304220199584961,7.780405044555664,7.174133777618408,7.76106595993042,7.172816276550293,6.565375804901123,6.354082107543945,6.851132392883301,9.279247283935547,11.531749725341797,11.791276931762695,11.049965858459473,10.43506145477295,10.622576713562012,11.08061408996582,12.491686820983887,14.607617378234863,16.381031036376953,17.312400817871094,16.828235626220703,16.384672164916992,16.77163314819336,17.90154457092285,20.194473266601562,20.506162643432617,20.142486572265625
16.257129669189453,14.40453815460205,15.346943855285645,16.78502655029297,16.938858032226562,15.699955940246582,15.192679405212402,14.203414916992188,13.341206550598145,13.380906105041504,13.411389350891113,12.928544998168945,12.141593933105469,12.007110595703125,11.534331321716309,9.542826652526855,7.863567352294922,7.023787021636963,6.944392204284668,7.495704174041748,8.379829406738281,8.387435913085938,7.371651649475098,6.988897800445557,8.755636215209961,11.54250717163086,12.271872520446777,11.647133827209473,11.656179428100586,11.086081504821777,10.374095916748047,10.591791152954102,12.74722957611084,15.267398834228516,17.043237686157227,17.54519271850586,17.550209045410156,16.333450317382812,16.477096557617188,17.671903610229492,19.411155700683594,20.104541778564453,20.20623016357422
16.45807456970215,14.998821258544922,15.534109115600586,16.416330337524414,15.860306739807129,14.402641296386719,13.999664306640625,13.172840118408203,13.13771915435791,14.341878890991211,15.00743293762207,13.671768188476562,11.22736930847168,9.590105056762695,8.881120681762695,8.206494331359863,7.4303789138793945,7.414567470550537,8.101006507873535,9.083532333374023,10.56613826751709,10.996843338012695,9.467360496520996,8.826009750366211,10.656311988830566,12.940322875976562,13.164982795715332,12.445858001708984,12.171993255615234,11.67779541015625,11.070343017578125,11.563041687011719,12.94953441619873,14.04310131072998,15.618206977844238,17.313077926635742,18.253358840942383,17.797529220581055,17.282258987426758,17.98320198059082,19.2844295501709,19.610612869262695,19.4764461517334
16.969388961791992,16.026838302612305,14.61307430267334,15.156238555908203,14.9537992477417,12.684974670410156,13.510693550109863,13.96614933013916,13.816643714904785,13.959660530090332,14.13173770904541,12.76656436920166,9.86528205871582,6.792178630828857,5.864307403564453,7.4313483238220215,7.576411724090576,7.555881500244141,8.977712631225586,10.566934585571289,11.990488052368164,12.297189712524414,10.899941444396973,9.843345642089844,11.201573371887207,13.173178672790527,13.28791618347168,13.400259971618652,13.548101425170898,12.821385383605957,12.409250259399414,13.244088172912598,13.715225219726562,13.41003704071045,13.898625373840332,16.343605041503906,18.1052303314209,18.152992248535156,17.99614143371582,18.282522201538086,19.147884368896484,19.3300838470459,19.516563415527344
18.243261337280273,17.21324348449707,15.299617767333984,14.56389331817627,13.615300178527832,12.708575248718262,14.415836334228516,15.320619583129883,14.506001472473145,13.792137145996094,12.592491149902344,11.2933931350708,8.753227233886719,6.2548370361328125,5.890013217926025,8.257787704467773,9.524351119995117,9.971590042114258,10.774453163146973,11.84952163696289,12.996330261230469,13.460299491882324,12.383766174316406,11.003567695617676,11.79574203491211,13.187152862548828,13.15114688873291,14.326028823852539,15.094672203063965,14.307462692260742,13.312433242797852,14.293905258178711,14.572239875793457,13.922901153564453,13.458861351013184,14.453413963317871,16.412944793701172,18.078054428100586,18.305164337158203,18.24231719970703,18.980192184448242,19.688175201416016,20.64788055419922
18.688438415527344,18.246057510375977,16.641386032104492,15.017681121826172,13.127629280090332,12.686312675476074,14.354974746704102,16.016469955444336,15.741392135620117,14.72088623046875,12.834896087646484,10.969766616821289,9.480083465576172,9.137661933898926,10.264974594116211,12.285555839538574,13.252842903137207,13.469853401184082,13.234896659851074,13.397637367248535,14.071636199951172,14.622456550598145,14.593871116638184,13.561698913574219,13.280261993408203,13.75698471069336,14.200002670288086,15.342490196228027,16.12920570373535,15.062337875366211,13.851492881774902,13.823436737060547,13.895277976989746,13.592416763305664,13.0556058883667,13.377049446105957,15.652383804321289,17.972408294677734,18.302793502807617,18.317506790161133,19.210161209106445,20.26824951171875,21.479822158813477
