data/wind_data/wind_Surface_30.json
{"header": {"parameterUnit": "KT", "parameterCategory": 2, "nx": 255, "ny": 198, "lo1": 44.73521041870117, "la1": -3.236724853515625, "lo2": 111.26478576660156, "la2": 43.468475341796875, "dx": 0.26192745566368103, "dy": -0.23708222806453705, "refTime": "2025-02-20 06:00:00", "forecastTime": 0, "parameterNumber": 3, "parameterNumberName": "northward_wind"}, "data":
[rows 152 to 170 of 198, columns 172 to 214 of 255]
-5.369949817657471,-5.380744934082031,-5.322799205780029,-5.393718719482422,-4.671136379241943,-4.434763431549072,-4.198188304901123,-3.8996634483337402,-2.347019910812378,-1.4319945573806763,-1.4650752544403076,-0.7905803322792053,1.6328123807907104,3.3336920738220215,4.2162556648254395,5.479719638824463,6.392561912536621,6.434080600738525,6.155109405517578,5.423196792602539,4.08111572265625,2.152146577835083,-0.44772571325302124,-0.48755520582199097,-0.21001556515693665,-0.30975058674812317,-0.32851508259773254,-0.5027524828910828,-1.4050344228744507,-3.0059571266174316,-4.370084762573242,-5.380502700805664,-5.843156814575195,-6.035004615783691,-5.779883861541748,-5.509573936462402,-5.106478214263916,-3.7440080642700195,-3.158311605453491,-1.8112270832061768,-2.1549415588378906,-4.548224925994873,-7.058722496032715
-3.8756508827209473,-3.929619789123535,-3.845470428466797,-4.668671131134033,-5.091145038604736,-4.929329872131348,-3.598012685775757,-1.8459519147872925,-1.377205491065979,-1.1012855768203735,0.19394546747207642,1.6234502792358398,3.038475513458252,3.8487863540649414,4.472657680511475,5.476132869720459,6.011882781982422,6.1437482833862305,5.671926498413086,4.080197334289551,2.52239727973938,1.7951664924621582,1.8011913299560547,1.9257663488388062,1.895505428314209,1.2144769430160522,0.18444252014160156,-1.2017070055007935,-3.254863739013672,-5.139658451080322,-6.374705791473389,-6.913401126861572,-6.910763740539551,-6.840906620025635,-6.763162136077881,-6.125424861907959,-6.319278240203857,-3.2709906101226807,-2.6380929946899414,-2.0111868381500244,-3.533419132232666,-5.91603946685791,-7.663322448730469
-1.9801620244979858,-2.676492691040039,-3.538027048110962,-4.826475620269775,-5.132005214691162,-4.310013771057129,-2.92816424369812,-2.339620351791382,-1.912299394607544,-1.4179993867874146,-0.672605037689209,1.1130139827728271,2.7982380390167236,3.5314218997955322,3.57765531539917,5.32239294052124,6.708720684051514,6.9924445152282715,7.0661797523498535,6.058781623840332,4.803660869598389,4.232285976409912,3.6961092948913574,3.3496055603027344,3.015376091003418,2.150717258453369,0.6040241122245789,-1.7780895233154297,-4.191190242767334,-5.6718854904174805,-7.4431586265563965,-7.564756393432617,-7.6223464012146,-7.928905963897705,-8.08438777923584,-8.460097312927246,-7.563486099243164,-4.899862766265869,-3.8940868377685547,-3.495635747909546,-5.338518142700195,-7.176748752593994,-8.040576934814453
-2.039729356765747,-1.9700982570648193,-2.7982852458953857,-3.628666639328003,-3.6407105922698975,-3.345893621444702,-3.324718713760376,-3.6111059188842773,-3.129456043243408,-1.8528081178665161,-1.4269295930862427,-1.745559811592102,-1.239095687866211,0.41106414794921875,1.4061285257339478,4.725616931915283,8.10028076171875,7.401805877685547,5.309648513793945,4.28215217590332,3.360271692276001,2.795738458633423,2.2508108615875244,1.9411418437957764,1.3733075857162476,0.1127195730805397,-2.0065996646881104,-4.165112018585205,-5.999855041503906,-7.082418918609619,-8.986652374267578,-7.7497100830078125,-7.902007579803467,-8.55022144317627,-8.951894760131836,-9.060970306396484,-7.058879375457764,-6.091994762420654,-5.143528461456299,-5.1788554191589355,-6.901082515716553,-8.461679458618164,-8.420930862426758
-3.3377392292022705,-2.078873634338379,-1.64372718334198,-1.4173725843429565,-1.5831804275512695,-1.813112735748291,-2.2110350131988525,-2.5101404190063477,-2.766505718231201,-2.2507026195526123,-1.6162896156311035,-1.2874969244003296,-1.5402425527572632,-1.1112852096557617,-0.8673428893089294,-0.5068413019180298,2.5518767833709717,4.21319055557251,3.3299169540405273,3.1342644691467285,3.3683102130889893,2.8383209705352783,1.9464561939239502,0.706480860710144,-0.9043993353843689,-3.1094155311584473,-5.075287818908691,-6.609451770782471,-7.347029685974121,-7.395102500915527,-7.697051048278809,-7.502729892730713,-9.16469955444336,-9.52193546295166,-9.147193908691406,-8.314772605895996,-7.499466419219971,-6.577944278717041,-5.544683456420898,-6.389231204986572,-8.874865531921387,-9.102574348449707,-7.0244059562683105
-2.025254964828491,-1.5613367557525635,-0.9830160140991211,0.37511005997657776,0.6824053525924683,0.3062131404876709,-0.49403899908065796,-1.0807386636734009,-0.8276738524436951,-0.0722043439745903,0.5343326926231384,1.410545825958252,1.6376748085021973,0.7716980576515198,-1.3314790725708008,-2.527071714401245,-0.9025126099586487,1.3868598937988281,2.4815778732299805,2.86165714263916,2.5976736545562744,1.613101840019226,0.22795331478118896,-1.5358725786209106,-3.2532310485839844,-5.617457389831543,-6.92756462097168,-7.685986042022705,-6.906851291656494,-6.876830101013184,-8.249635696411133,-8.596909523010254,-10.74136734008789,-9.452905654907227,-8.245672225952148,-7.780017852783203,-7.601630210876465,-6.452694892883301,-5.988096237182617,-7.782537937164307,-10.431230545043945,-8.60702896118164,-5.965534210205078
-1.8037378787994385,-2.0544686317443848,-2.1033382415771484,-0.8446289896965027,-0.0091891223564744,-0.8968847990036011,-1.1749060153961182,-1.4025242328643799,-0.5672389268875122,0.8852980136871338,1.6338860988616943,2.3437092304229736,2.481999397277832,1.3288617134094238,0.9500762820243835,2.226548433303833,2.4889116287231445,1.9185906648635864,1.9847376346588135,1.0187089443206787,-1.08962881565094,-2.203227996826172,-2.739140033721924,-3.883659839630127,-4.937017917633057,-6.587388515472412,-6.922975063323975,-6.937314510345459,-6.362098693847656,-7.59584903717041,-9.051409721374512,-9.89916706085205,-9.436866760253906,-8.531232833862305,-7.831961154937744,-7.61343240737915,-7.049938678741455,-5.285459041595459,-5.7838921546936035,-8.656424522399902,-10.032805442810059,-7.772266864776611,-6.246933937072754
-2.8737950325012207,-2.9173824787139893,-2.3480563163757324,-1.5184173583984375,0.23074448108673096,0.3149493336677551,-0.20508787035942078,-1.8900351524353027,-1.0302655696868896,0.19679538905620575,0.6370725631713867,1.3392425775527954,1.2933350801467896,0.8496990203857422,1.9820939302444458,2.6184163093566895,2.2910661697387695,2.387118339538574,1.0673081874847412,-0.9614706635475159,-1.274376392364502,-1.2335267066955566,-1.3913769721984863,-3.2359020709991455,-4.859457969665527,-5.756439685821533,-5.923542499542236,-6.437262535095215,-7.009984970092773,-8.359694480895996,-8.123954772949219,-8.429973602294922,-8.853367805480957,-7.515071868896484,-6.74489164352417,-6.126490116119385,-3.6967127323150635,-2.786602020263672,-4.622646808624268,-9.076943397521973,-8.391449928283691,-5.558461666107178,-5.04830265045166
-2.3451590538024902,-1.8502024412155151,-1.4665439128875732,-1.074567437171936,0.5001627802848816,2.7325692176818848,2.006730318069458,-1.511397123336792,-2.961853504180908,-3.3945393562316895,-3.4477059841156006,-3.2876508235931396,-2.6020925045013428,-0.7797826528549194,0.44506263732910156,-0.7916222214698792,-2.1673288345336914,-1.8993394374847412,-3.423346996307373,-2.8727920055389404,0.8247937560081482,1.319317102432251,-0.8389452695846558,-4.981385707855225,-6.1854424476623535,-6.611422061920166,-7.367428302764893,-6.713657855987549,-8.260631561279297,-8.296198844909668,-5.68831729888916,-5.341458797454834,-4.6780290603637695,-3.6095798015594482,-3.3310611248016357,-1.4941123723983765,0.3169032335281372,-1.018506646156311,-5.984994411468506,-10.432984352111816,-8.185714721679688,-5.4632954597473145,-4.27602481842041
0.31395721435546875,0.7491068840026855,-0.24854449927806854,-0.8683684468269348,-0.4218129515647888,1.5107604265213013,2.0339982509613037,-0.06511978805065155,-2.2202696800231934,-4.191747665405273,-5.647703647613525,-7.415006637573242,-8.51959228515625,-7.325766563415527,-5.931702136993408,-3.638868808746338,-3.9715936183929443,-4.1222944259643555,-4.879324436187744,-2.9049177169799805,0.7550008296966553,-0.10777045786380768,-4.629652976989746,-7.728944301605225,-6.69051456451416,-6.80192232131958,-7.203735828399658,-5.95881462097168,-5.629933834075928,-4.2418532371521,-2.0329718589782715,-0.4656272828578949,0.5665456056594849,1.3109933137893677,2.4763827323913574,4.1622114181518555,2.7814857959747314,-2.856799364089966,-8.972725868225098,-10.402761459350586,-7.649406433105469,-5.650496482849121,-4.45944356918335
2.3841395378112793,3.083066701889038,1.2024604082107544,-0.3983638882637024,-1.3474690914154053,-1.15928316116333,-0.16173161566257477,-0.7969391942024231,-2.9868927001953125,-4.728936195373535,-5.316521167755127,-7.731093883514404,-8.456955909729004,-9.279972076416016,-6.085058212280273,-1.1247364282608032,-1.1364850997924805,-1.980067491531372,-3.2077019214630127,-2.9065186977386475,-1.6022416353225708,-2.646527051925659,-5.537772178649902,-6.078545570373535,-4.978690147399902,-4.782302379608154,-4.443090915679932,-3.1564855575561523,-2.210249900817871,-1.1735399961471558,0.7005992531776428,3.554758310317993,4.061282634735107,5.659371852874756,7.735904216766357,6.011180400848389,0.5538658499717712,-6.149275779724121,-7.9890947341918945,-5.877119064331055,-5.3362298011779785,-6.087290287017822,-6.046619892120361
0.13836529850959778,1.0736151933670044,0.18883490562438965,-1.5353095531463623,-2.555342674255371,-3.6117961406707764,-3.883199453353882,-4.52535343170166,-5.054728984832764,-4.090231418609619,-6.419990062713623,-7.6352219581604,-5.948719024658203,-5.2198967933654785,-1.6956713199615479,-0.6815007328987122,-1.528045654296875,-1.7634830474853516,-0.9840463399887085,-0.46974295377731323,-0.8011479377746582,-1.5828793048858643,-1.9510401487350464,-1.8491612672805786,-1.9627021551132202,-2.106586217880249,-1.1439365148544312,-0.4939263164997101,0.5734359622001648,2.261654853820801,3.692446231842041,5.958254814147949,7.22552490234375,6.82362174987793,5.9974365234375,2.6639292240142822,-2.594799041748047,-3.735084056854248,-2.852710485458374,-3.245830535888672,-5.16005277633667,-5.019500255584717,-3.620682716369629
-2.4841513633728027,-3.0415899753570557,-4.408944606781006,-5.278818607330322,-4.891698360443115,-4.862053394317627,-4.371006488800049,-3.999504327774048,-1.6253589391708374,-4.6825666427612305,-6.949742794036865,-5.037623405456543,-3.3076083660125732,-1.5629721879959106,-0.9592605829238892,-0.9081820845603943,-0.3593827784061432,0.6957951784133911,1.482784628868103,1.7555991411209106,1.422506332397461,0.8682807683944702,0.952621340751648,1.1210728883743286,0.8036367297172546,1.388424277305603,2.7098066806793213,2.084857940673828,2.442145824432373,3.3434793949127197,4.242138862609863,4.6617231369018555,5.519748687744141,5.210312843322754,3.006446361541748,0.6993613243103027,-0.6467442512512207,-0.6667397618293762,-1.5136922597885132,-3.074537992477417,-2.998082399368286,0.323767751455307,0.9413081407546997
-1.209429144859314,-3.383127450942993,-4.477978706359863,-3.930116653442383,-3.3083786964416504,-2.2154924869537354,-1.924628734588623,0.2505151629447937,-3.6884255409240723,-5.515693187713623,-4.660070419311523,-2.9764082431793213,-2.2542166709899902,-0.8175192475318909,0.2431972175836563,1.2683109045028687,2.4879379272460938,3.5885183811187744,4.101912975311279,3.8538193702697754,3.362773895263672,3.3740930557250977,3.8731627464294434,3.857290267944336,3.699678421020508,4.863232135772705,5.594473361968994,3.8970115184783936,2.8348896503448486,3.230380058288574,3.235218048095703,2.664139747619629,2.8100903034210205,3.4008235931396484,3.2699410915374756,2.376753807067871,1.1580393314361572,-0.769293487071991,-2.000297784805298,-3.0798256397247314,-0.5482549667358398,1.6485860347747803,0.7681331634521484
-0.928483247756958,-0.9307810664176941,0.2493583709001541,1.5200035572052002,1.866942286491394,1.1352254152297974,-0.10462985187768936,-3.6516599655151367,-7.881655693054199,-1.9569182395935059,-1.9791252613067627,-1.3237731456756592,-1.033444881439209,0.03653009235858917,1.457300066947937,2.9991769790649414,4.607844352722168,5.597684860229492,6.080260276794434,5.892236709594727,5.554341793060303,5.09323787689209,4.896611213684082,4.622107982635498,3.737746000289917,3.4553840160369873,5.573226451873779,5.931018829345703,4.659935474395752,4.953779697418213,4.992258071899414,4.087839126586914,4.00031852722168,4.245539665222168,3.2012581825256348,1.4590914249420166,-0.26567912101745605,-1.5316731929779053,-2.2637946605682373,-2.472329616546631,-1.223547101020813,-1.533913493156433,-3.494530200958252
1.034149408340454,2.592258930206299,1.5604337453842163,0.8484002351760864,0.7576226592063904,-3.2303898334503174,-5.436121463775635,-9.581706047058105,-5.553658962249756,-2.4160964488983154,-1.398008942604065,0.2769275903701782,1.3323323726654053,2.0276100635528564,2.783277750015259,4.254621982574463,5.894790172576904,7.350635528564453,8.090749740600586,7.720586776733398,6.585975170135498,4.4330315589904785,2.5354201793670654,3.203131675720215,2.8979034423828125,0.5181848406791687,2.015625476837158,5.171874523162842,4.353853702545166,3.6361567974090576,2.9663174152374268,2.2604103088378906,1.8578966856002808,1.5392675399780273,-0.12666499614715576,-1.9221988916397095,-2.510091781616211,-3.028013229370117,-3.730085849761963,-3.960162878036499,-4.515883445739746,-5.647139549255371,-7.031071662902832
-1.5540778636932373,1.6130837202072144,1.7106432914733887,-0.46809637546539307,-5.664283752441406,-9.410099983215332,-9.38613510131836,-7.148121356964111,-3.805799961090088,-2.4273641109466553,0.03972632437944412,1.8088120222091675,2.8161468505859375,3.3929786682128906,4.41776704788208,5.770148754119873,7.260242462158203,8.537263870239258,8.78764533996582,7.385930061340332,5.022656440734863,1.7517293691635132,-1.7933242321014404,-2.108219861984253,-0.40623700618743896,-0.8255261778831482,-0.768154501914978,0.8361374735832214,0.5398558974266052,-0.15317495167255402,-0.8824782371520996,-1.3344502449035645,-2.1899259090423584,-3.1347341537475586,-4.102784156799316,-4.691614627838135,-4.964992523193359,-5.623830318450928,-6.196505069732666,-6.473576068878174,-6.514856815338135,-6.4503912925720215,-6.741273403167725
-4.744688510894775,-0.4635535180568695,1.6719820499420166,-2.314298391342163,-8.096514701843262,-8.26584529876709,-5.468274116516113,-3.0775017738342285,-1.9485491514205933,-0.028933459892868996,1.930237889289856,3.8440310955047607,4.4955668449401855,5.0898566246032715,6.0349860191345215,7.23427152633667,8.911284446716309,9.2799711227417,8.047357559204102,6.341285228729248,4.516709804534912,1.0206540822982788,-2.779416084289551,-6.787144660949707,-7.858791828155518,-6.040498733520508,-3.680824041366577,-2.9121079444885254,-2.851263999938965,-1.8654197454452515,-1.1038191318511963,-1.3760098218917847,-3.057863235473633,-4.726062774658203,-5.558204650878906,-5.5841288566589355,-5.624319076538086,-6.287424564361572,-6.660600185394287,-6.44707727432251,-6.2070746421813965,-6.5818657875061035,-7.814651012420654
-3.730126142501831,-1.2860994338989258,1.4440066814422607,-1.82534921169281,-2.666961193084717,-2.1162703037261963,-2.197451591491699,-0.9641390442848206,-0.3678581416606903,1.2867757081985474,3.6766409873962402,4.919014930725098,5.820082664489746,6.532503604888916,7.176115989685059,7.988004684448242,9.259139060974121,9.818052291870117,8.59160327911377,7.098273754119873,5.171947002410889,1.2657520771026611,-1.6671288013458252,-5.085365295410156,-7.725162982940674,-7.16484260559082,-6.399538516998291,-5.0745439529418945,-4.569276809692383,-3.1533827781677246,-2.6222190856933594,-2.7550501823425293,-2.9651477336883545,-4.117096424102783,-5.246474742889404,-5.596266746520996,-5.828873634338379,-6.738440036773682,-7.475525379180908,-7.68519401550293,-7.3233842849731445,-8.0387601852417,-7.971495628356934
