data/wind_data/wind_45_1.json
{"header": {"parameterUnit": "KT", "parameterCategory": 2, "nx": 256, "ny": 198, "lo1": 44.73521041870117, "la1": -3.236724853515625, "lo2": 111.26478576660156, "la2": 43.468475341796875, "dx": 0.2609002888202667, "dy": -0.23708222806453705, "refTime": "2025-02-20 21:00:00", "forecastTime": 0, "parameterNumber": 2, "parameterNumberName": "eastward_wind"}, "data":
[rows 19 to 37 of 198, columns 129 to 171 of 256]
-9.015336036682129,-6.8749494552612305,-2.908247947692871,-3.2123427391052246,-6.938342571258545,-6.192754745483398,-3.817950487136841,-5.008039951324463,-7.418541431427002,-4.8105363845825195,-4.404749870300293,-6.798772811889648,-8.611784934997559,-9.681024551391602,-9.113932609558105,-9.521294593811035,-7.507944107055664,-7.023693561553955,-6.484770774841309,-8.62021541595459,-9.002119064331055,-8.006155967712402,-4.57124662399292,-3.327561855316162,-2.688351631164551,-1.3692800998687744,-2.055324077606201,-5.799588203430176,-5.3179755210876465,-4.979686737060547,-6.396601676940918,-7.427562713623047,-5.621474266052246,-4.483656406402588,-5.159337043762207,-3.8841428756713867,-3.5849547386169434,-3.684659957885742,-5.420262813568115,-3.699838876724243,-3.0665395259857178,-4.137958526611328,-2.532277822494507
-8.804303169250488,-6.82636022567749,-2.418959617614746,-10.025407791137695,-6.652072906494141,-7.461659908294678,-5.8907084465026855,-6.012571811676025,-7.112380027770996,-5.947409152984619,-6.553966522216797,-8.170841217041016,-11.270944595336914,-6.794504642486572,-10.565274238586426,-10.961252212524414,-6.1725687980651855,-7.613400936126709,-7.8879289627075195,-9.056851387023926,-9.928129196166992,-7.286190986633301,-3.509732484817505,-1.7548803091049194,-2.7500970363616943,-1.8335963487625122,-0.15299807488918304,-7.914515018463135,-3.7599740028381348,-9.026212692260742,-7.6294355392456055,-6.786328315734863,-6.515417575836182,-4.529569149017334,-3.6980884075164795,-5.244301795959473,-6.259341716766357,-5.449460983276367,-5.489016532897949,-3.077639579772949,-4.449424743652344,-3.48286509513855,-4.1102728843688965
-9.193031311035156,-7.482189178466797,-7.0531792640686035,-6.993581771850586,-6.113656520843506,-8.06142520904541,-7.0446977615356445,-5.5208740234375,-7.038299083709717,-7.564361572265625,-8.943942070007324,-9.847328186035156,-9.602580070495605,-8.636487007141113,-10.713134765625,-9.881129264831543,-6.439774036407471,-7.5909833908081055,-8.97657585144043,-9.953011512756348,-9.794391632080078,-5.347829818725586,-4.052214622497559,-4.934693336486816,-1.4661234617233276,0.8954879641532898,-2.054495334625244,-10.509995460510254,-1.6176402568817139,-7.840173244476318,-5.829465389251709,-7.439271926879883,-6.47282075881958,-6.238328456878662,-4.72179651260376,-6.32806396484375,-7.349799156188965,-4.771985054016113,-3.611694097518921,-4.198524475097656,-1.5148062705993652,-5.1259870529174805,-5.749244689941406
-8.873791694641113,-7.7172417640686035,-6.307861328125,-6.204281330108643,-6.094897270202637,-6.470675945281982,-5.579355716705322,-5.2711100578308105,-6.317378044128418,-9.074441909790039,-10.881295204162598,-12.099578857421875,-10.728615760803223,-9.900961875915527,-10.434453010559082,-9.751495361328125,-8.084030151367188,-5.652560234069824,-8.010324478149414,-12.167753219604492,-8.536568641662598,-5.688896656036377,-5.969803333282471,-4.5471110343933105,0.546561598777771,-0.12385449558496475,-7.836267471313477,-6.732152938842773,-4.001897811889648,-2.723560094833374,-3.178049087524414,-10.316414833068848,-6.306163311004639,-7.924275875091553,-5.2896552085876465,-4.488138675689697,-5.94285774230957,-4.925886154174805,-4.027345657348633,-2.173060894012451,-0.4589783847332001,-7.8326544761657715,-5.6815104484558105
-7.963228702545166,-7.565715312957764,-5.472395896911621,-6.669949531555176,-6.0903401374816895,-4.844686985015869,-2.127359390258789,-3.6958234310150146,-5.089320659637451,-10.26302433013916,-13.867490768432617,-13.991080284118652,-10.916336059570312,-10.029093742370605,-11.133663177490234,-11.275201797485352,-8.398527145385742,-5.189888954162598,-8.634430885314941,-12.979599952697754,-8.820619583129883,-6.371667385101318,-5.392554759979248,-1.412853717803955,-0.9810383319854736,-6.416916370391846,-7.731252670288086,-8.698612213134766,-3.7530877590179443,-5.048984527587891,-7.08857536315918,-10.039822578430176,-5.465975761413574,-5.652740478515625,-3.907543420791626,-3.255448341369629,-1.082350730895996,-4.297640323638916,-7.950077056884766,-4.448586940765381,-5.208884239196777,-7.3617730140686035,-5.140622138977051
-6.946661949157715,-7.0089569091796875,-4.752300262451172,-6.854911804199219,-5.924498558044434,-5.383647441864014,-3.1089255809783936,-1.7183711528778076,-7.914636135101318,-13.708433151245117,-15.441756248474121,-12.717187881469727,-10.143747329711914,-12.041441917419434,-12.794296264648438,-11.419605255126953,-9.927633285522461,-8.52039909362793,-8.501827239990234,-10.747535705566406,-8.635358810424805,-5.991614818572998,-2.956498384475708,-2.5057663917541504,-8.183000564575195,-7.744142532348633,-6.7113165855407715,-6.8650102615356445,-6.399037837982178,-7.108180999755859,-5.812417984008789,-8.639869689941406,-6.1646504402160645,-1.416642189025879,-2.755632162094116,-5.320275783538818,-1.5867257118225098,-10.336285591125488,-12.65135669708252,-7.390983581542969,-8.492681503295898,-6.1854119300842285,-5.1893439292907715
-6.6437578201293945,-6.048783302307129,-5.5607380867004395,-6.512869358062744,-5.858910083770752,-6.256679534912109,-7.991979122161865,-12.544412612915039,-16.848621368408203,-6.688226699829102,-10.434617042541504,-9.728941917419434,-10.181255340576172,-15.756298065185547,-12.70764446258545,-10.570585250854492,-10.573490142822266,-9.650324821472168,-9.458056449890137,-8.300108909606934,-7.466111660003662,-6.163355827331543,-5.160028457641602,-7.239161491394043,-6.119631767272949,-6.5087971687316895,-6.80889892578125,-7.948310375213623,-7.614527225494385,-5.470296859741211,-3.460982322692871,-2.7210564613342285,-3.7665088176727295,-6.243536472320557,-8.330438613891602,-9.641613960266113,-10.914191246032715,-13.316452980041504,-11.190377235412598,-9.1327543258667,-8.408103942871094,-6.324695587158203,-3.7200067043304443
-7.2099289894104,-5.535890102386475,-6.1061530113220215,-6.19040060043335,-6.800634384155273,-7.078359603881836,-8.234418869018555,-11.428187370300293,-12.293702125549316,-10.201045036315918,-10.82590103149414,-11.244878768920898,-12.938117027282715,-13.43587589263916,-10.929950714111328,-9.765401840209961,-10.525904655456543,-10.910277366638184,-11.44586181640625,-8.621589660644531,-7.957582950592041,-8.10611629486084,-8.279675483703613,-7.549784183502197,-4.0902485847473145,-5.726408958435059,-8.259231567382812,-8.65211009979248,-6.210592746734619,-3.737764835357666,-2.1023616790771484,-0.20253485441207886,-6.697977066040039,-9.745916366577148,-8.979361534118652,-9.639562606811523,-10.418164253234863,-9.178406715393066,-11.713598251342773,-11.530466079711914,-8.096132278442383,-6.173610210418701,-2.27346134185791
-8.095047950744629,-5.6971330642700195,-5.971118450164795,-6.150890350341797,-7.295845985412598,-8.359235763549805,-8.683893203735352,-9.156937599182129,-11.016109466552734,-10.343585968017578,-12.836894035339355,-12.369471549987793,-12.020423889160156,-11.88951301574707,-9.415536880493164,-8.106154441833496,-11.405720710754395,-12.455931663513184,-10.162580490112305,-9.567441940307617,-10.763054847717285,-9.591699600219727,-8.669760704040527,-6.371439456939697,-4.478474140167236,-6.902401924133301,-10.096980094909668,-7.153946876525879,-4.2762532234191895,-1.6481415033340454,-1.1836416721343994,-5.40353536605835,-11.603577613830566,-9.041172981262207,-7.966317176818848,-6.320318698883057,-6.189174175262451,-5.616714000701904,-13.34791374206543,-11.494150161743164,-9.421627044677734,-5.2544779777526855,-2.995377779006958
-7.80673360824585,-6.378854751586914,-6.263226509094238,-6.29758882522583,-6.71401309967041,-8.959360122680664,-9.751590728759766,-10.45309066772461,-11.248275756835938,-11.178845405578613,-10.921576499938965,-11.48350715637207,-12.083378791809082,-12.761480331420898,-10.596098899841309,-9.5272216796875,-12.302096366882324,-11.301339149475098,-9.585492134094238,-11.055706024169922,-12.083048820495605,-9.57244873046875,-9.565459251403809,-7.452777862548828,-3.8634517192840576,-5.211173057556152,-11.719863891601562,-7.224546432495117,-3.346107244491577,-1.883454442024231,-6.299612522125244,-9.516433715820312,-9.283496856689453,-8.6282958984375,-7.722629547119141,-7.644473075866699,-7.152742862701416,-10.135488510131836,-10.952502250671387,-10.719291687011719,-11.008882522583008,-6.731186389923096,-5.97663688659668
-6.885857105255127,-6.271340370178223,-6.793994426727295,-6.1676764488220215,-5.703970432281494,-8.382959365844727,-9.701279640197754,-10.013232231140137,-9.971234321594238,-11.420127868652344,-11.240801811218262,-11.556897163391113,-12.44447135925293,-13.244345664978027,-13.363879203796387,-11.606907844543457,-9.500622749328613,-9.223493576049805,-11.124822616577148,-12.511710166931152,-11.282482147216797,-10.578794479370117,-9.686676979064941,-7.4505743980407715,-4.589845180511475,-6.644080638885498,-11.610403060913086,-6.831409454345703,-3.4695348739624023,-5.993413925170898,-9.475781440734863,-7.87934684753418,-6.331318378448486,-6.932844161987305,-6.050610542297363,-7.156705379486084,-8.606854438781738,-10.199275016784668,-11.08272647857666,-11.055523872375488,-11.170560836791992,-10.53076457977295,-9.811593055725098
-6.134649276733398,-6.258108139038086,-6.333410263061523,-5.7312235832214355,-4.550089359283447,-8.118830680847168,-9.648611068725586,-10.693017959594727,-9.707369804382324,-10.36385726928711,-12.199087142944336,-12.077171325683594,-12.105308532714844,-13.636933326721191,-12.836297988891602,-8.994964599609375,-5.440061569213867,-6.105311393737793,-13.640372276306152,-13.543658256530762,-11.37124252319336,-10.345712661743164,-9.316492080688477,-6.911786079406738,-9.702726364135742,-11.815495491027832,-7.259016513824463,-4.238608360290527,-4.519513130187988,-8.931157112121582,-9.930034637451172,-6.4091267585754395,-4.611361980438232,-2.2233963012695312,-3.0488650798797607,-7.576785087585449,-9.579368591308594,-8.854081153869629,-6.7523884773254395,-7.8129167556762695,-13.860928535461426,-14.259177207946777,-10.298301696777344
-5.354619026184082,-5.436775207519531,-5.3758087158203125,-5.382697105407715,-4.476992130279541,-8.10721206665039,-10.270013809204102,-10.684127807617188,-10.658594131469727,-9.254130363464355,-11.752850532531738,-13.300084114074707,-11.865080833435059,-11.829304695129395,-11.066926002502441,-6.985304355621338,-3.7390918731689453,-6.985576152801514,-18.271162033081055,-13.584367752075195,-11.30716609954834,-9.365575790405273,-8.852112770080566,-8.551347732543945,-12.379014015197754,-11.48233699798584,-6.349888801574707,-5.654429912567139,-8.112807273864746,-9.052700996398926,-8.79030704498291,-5.786287307739258,-3.3914761543273926,-0.9484683871269226,-4.267394542694092,-12.393309593200684,-10.155550003051758,-8.151077270507812,-4.410518169403076,-6.42189359664917,-17.889925003051758,-15.367220878601074,-10.642745018005371
-4.713613033294678,-5.009651184082031,-3.4320831298828125,-5.202600479125977,-5.329519271850586,-7.769665241241455,-11.159357070922852,-11.234216690063477,-11.933547973632812,-10.014573097229004,-10.211066246032715,-12.708888053894043,-12.358071327209473,-10.075160026550293,-10.107751846313477,-8.461868286132812,-9.346504211425781,-15.109054565429688,-15.94499397277832,-12.504137992858887,-11.041336059570312,-9.119474411010742,-10.118741035461426,-11.557294845581055,-11.728524208068848,-8.99945068359375,-7.412631988525391,-8.794556617736816,-9.535828590393066,-8.368556022644043,-6.051766872406006,-4.4752702713012695,-5.113237380981445,-8.85997486114502,-12.044463157653809,-12.390157699584961,-9.992056846618652,-8.275827407836914,-9.247943878173828,-12.90066909790039,-14.467584609985352,-14.022157669067383,-12.875683784484863
-5.283489227294922,-4.631452560424805,-3.7147886753082275,-3.929812431335449,-6.560649871826172,-8.865402221679688,-12.308570861816406,-12.736625671386719,-13.029410362243652,-10.993722915649414,-8.4692964553833,-10.14076042175293,-11.620429992675781,-10.482172012329102,-10.248043060302734,-9.270020484924316,-9.965313911437988,-12.343445777893066,-12.72236156463623,-11.447328567504883,-11.636445045471191,-11.789225578308105,-11.664824485778809,-11.573843002319336,-9.94202709197998,-7.2052693367004395,-8.38343334197998,-11.301519393920898,-10.176375389099121,-6.295722961425781,-2.5124573707580566,-3.0471320152282715,-10.65190315246582,-10.647459030151367,-8.467742919921875,-8.811453819274902,-7.375424861907959,-8.23574447631836,-11.038667678833008,-13.211773872375488,-12.555365562438965,-12.41077709197998,-12.02530574798584
-4.822902679443359,-4.871755123138428,-4.455000877380371,-2.070040225982666,-4.670851707458496,-11.020699501037598,-14.054232597351074,-15.326602935791016,-14.353636741638184,-10.917177200317383,-6.54202127456665,-4.509223461151123,-8.876548767089844,-12.3867769241333,-11.24401569366455,-9.051143646240234,-8.99302864074707,-10.064691543579102,-7.950053691864014,-7.260084629058838,-13.8804292678833,-14.374053001403809,-11.70722484588623,-10.286611557006836,-8.924174308776855,-7.146721363067627,-10.141551971435547,-12.477965354919434,-8.824878692626953,-4.801679611206055,-3.042400360107422,-8.245071411132812,-13.00866413116455,-9.04900074005127,-4.437029838562012,-3.068582057952881,-3.5387508869171143,-11.439343452453613,-12.225069999694824,-13.183913230895996,-10.69002628326416,-10.124955177307129,-8.898818969726562
-6.738040924072266,-5.567519664764404,-3.540897846221924,-2.3556904792785645,-1.6885569095611572,-8.3646879196167,-12.450145721435547,-13.197568893432617,-13.178043365478516,-9.475422859191895,-5.0128278732299805,-0.753250002861023,-4.232449531555176,-14.727855682373047,-11.925153732299805,-8.878730773925781,-9.131929397583008,-9.899696350097656,-7.932281494140625,-8.390299797058105,-16.389259338378906,-14.541522026062012,-11.364623069763184,-9.05126953125,-9.348766326904297,-10.887699127197266,-11.994547843933105,-10.918461799621582,-7.671488285064697,-5.767831802368164,-8.911198616027832,-12.24670124053955,-11.213171005249023,-8.316210746765137,-7.634767055511475,-6.06735372543335,-4.786131381988525,-15.176298141479492,-12.053685188293457,-12.371661186218262,-10.290688514709473,-7.272857666015625,-5.7301483154296875
-7.0338263511657715,-6.1029863357543945,-4.607716083526611,-3.1518988609313965,-0.15340496599674225,-2.5550551414489746,-1.7678310871124268,-3.865682601928711,-5.152878284454346,-3.0961036682128906,-2.90348744392395,-2.7642154693603516,-3.8402297496795654,-13.284109115600586,-12.026198387145996,-9.446694374084473,-9.598885536193848,-10.448882102966309,-11.851672172546387,-13.527348518371582,-13.622762680053711,-12.457932472229004,-10.914557456970215,-10.590754508972168,-11.093812942504883,-12.339702606201172,-11.354085922241211,-9.506800651550293,-8.157261848449707,-8.995087623596191,-10.890707015991211,-9.819531440734863,-7.224701881408691,-7.402005195617676,-11.226712226867676,-9.153192520141602,-10.700968742370605,-12.583636283874512,-8.096055030822754,-10.051104545593262,-11.248494148254395,-7.670411109924316,-7.163443565368652
-6.600213050842285,-4.775818824768066,-4.178234577178955,-3.2900545597076416,-2.757129669189453,2.0504837036132812,-2.5166985988616943,-2.3454151153564453,-3.343341112136841,-0.6456989049911499,-2.760618209838867,-3.8132591247558594,-1.7110278606414795,-10.673243522644043,-10.351495742797852,-9.862911224365234,-9.702082633972168,-11.157631874084473,-12.681313514709473,-13.101923942565918,-11.545226097106934,-11.059293746948242,-11.918890953063965,-11.738418579101562,-11.385674476623535,-11.768183708190918,-10.378779411315918,-9.389060020446777,-10.15259075164795,-10.729299545288086,-10.455471992492676,-8.248868942260742,-6.851262092590332,-8.525498390197754,-11.10251522064209,-9.21253490447998,-10.399334907531738,-10.155632019042969,-6.591372966766357,-8.589899063110352,-12.331705093383789,-10.363425254821777,-9.258203506469727
