data/wind_data/wind_32_6.json
{"header": {"parameterUnit": "KT", "parameterCategory": 2, "nx": 256, "ny": 198, "lo1": 44.73521041870117, "la1": -3.236724853515625, "lo2": 111.26478576660156, "la2": 43.468475341796875, "dx": 0.2609002888202667, "dy": -0.23708222806453705, "refTime": "2025-02-20 08:00:00", "forecastTime": 0, "parameterNumber": 2, "parameterNumberName": "eastward_wind"}, "data":
[rows 140 to 159 of 198, columns 0 to 44 of 256]
59.646018981933594,59.29666519165039,59.262123107910156,59.70180892944336,60.73602294921875,61.826942443847656,62.7905387878418,63.70075988769531,64.50115966796875,65.3687744140625,66.26602172851562,66.95188903808594,67.6435775756836,68.76184844970703,70.0446548461914,71.11883544921875,72.24067687988281,73.68910217285156,75.23250579833984,76.81107330322266,78.86241149902344,80.5911636352539,81.2103042602539,81.59893035888672,82.51316833496094,83.69071197509766,85.68462371826172,89.84290313720703,92.2060317993164,92.47100067138672,93.08580780029297,93.16313171386719,92.48562622070312,91.61436462402344,91.40989685058594,92.11991882324219,91.13594055175781,88.87086486816406,88.2344741821289,88.33063507080078,87.04805755615234,84.64363861083984,81.94975280761719,79.11212158203125,76.82379913330078
58.841156005859375,58.382965087890625,57.96413040161133,57.748111724853516,58.19783020019531,58.870391845703125,59.726478576660156,60.64960479736328,61.43525314331055,62.695194244384766,63.22134017944336,63.979591369628906,64.95164489746094,66.4838638305664,67.5091323852539,68.12063598632812,69.2072982788086,70.63492584228516,71.897705078125,73.32038879394531,75.35901641845703,77.15174865722656,77.67562866210938,77.81399536132812,78.80571746826172,80.20079040527344,83.42005157470703,88.52518463134766,90.14966583251953,89.4089126586914,89.39282989501953,90.14384460449219,90.4554214477539,89.90225219726562,90.47359466552734,91.97203063964844,90.01663208007812,87.36294555664062,86.93087768554688,87.09803771972656,85.9141845703125,83.86629486083984,81.7208251953125,79.41497802734375,76.87176513671875
57.47994613647461,56.866519927978516,56.4249153137207,56.06266784667969,56.02107620239258,56.131431579589844,56.61012268066406,57.4450569152832,57.93571853637695,58.424495697021484,59.51580810546875,59.90232467651367,61.5346794128418,62.997135162353516,63.77619171142578,64.42312622070312,65.2630844116211,66.32979583740234,67.50775909423828,69.38338470458984,71.77276611328125,73.3486557006836,73.65795135498047,74.04737091064453,75.34969329833984,77.59548950195312,81.0755844116211,84.73228454589844,86.13985443115234,85.79842376708984,85.75022888183594,86.67811584472656,87.31432342529297,87.52991485595703,89.41460418701172,90.0097427368164,87.49203491210938,85.91075897216797,85.91877746582031,85.87826538085938,84.52139282226562,82.988525390625,81.98500061035156,80.42839813232422,77.38478088378906
55.68683624267578,54.831783294677734,54.49497985839844,54.49695587158203,54.220882415771484,54.150299072265625,54.361480712890625,54.764286041259766,55.573795318603516,56.259613037109375,56.67912673950195,56.73634719848633,57.34651565551758,58.17889404296875,59.01063919067383,59.90928268432617,60.84030532836914,61.813194274902344,63.00218200683594,64.96177673339844,67.1174087524414,68.2123031616211,69.18500518798828,70.75953674316406,72.83613586425781,75.49566650390625,77.95238494873047,80.5140151977539,82.4931640625,83.03634643554688,82.95681762695312,83.34913635253906,84.03175354003906,85.58431243896484,87.08609008789062,86.00084686279297,84.14125061035156,83.8426742553711,84.29164123535156,83.99115753173828,82.90204620361328,82.16321563720703,81.41844177246094,79.52839660644531,77.0116195678711
53.88741683959961,53.035282135009766,52.66289138793945,52.78347396850586,52.35123062133789,51.89204406738281,51.80119323730469,51.95376205444336,52.16087341308594,53.922035217285156,54.449100494384766,53.57302474975586,53.540592193603516,54.200469970703125,55.118072509765625,56.2945671081543,57.4727897644043,58.406620025634766,59.413394927978516,60.85325622558594,62.14277648925781,63.29479217529297,65.54127502441406,67.86609649658203,70.18964385986328,72.65880584716797,74.7683334350586,77.06602478027344,79.13513946533203,80.16431427001953,80.25814056396484,80.44579315185547,81.63785552978516,83.02397155761719,82.85377502441406,81.51970672607422,80.80138397216797,81.0429916381836,81.09861755371094,80.65553283691406,80.320556640625,80.19129180908203,79.53105926513672,78.27025604248047,76.72240447998047
52.053009033203125,51.514686584472656,50.98921203613281,50.76924514770508,50.1214485168457,49.49506759643555,49.366764068603516,49.61787796020508,50.189170837402344,51.772705078125,52.56382369995117,51.74288558959961,51.242828369140625,51.64201736450195,52.44707489013672,53.558353424072266,54.76066970825195,55.63234329223633,56.396995544433594,57.2271728515625,58.14136505126953,59.95410919189453,62.87199401855469,65.55337524414062,67.96063995361328,69.9065933227539,71.5494613647461,73.18685150146484,74.8994140625,76.23973083496094,76.91535186767578,77.73828125,78.7390365600586,78.80085754394531,78.18936157226562,77.8267822265625,77.96598052978516,78.0593490600586,77.81212615966797,77.6451644897461,77.61190032958984,77.46478271484375,77.29452514648438,77.2566146850586,76.4540786743164
50.43671798706055,50.091217041015625,49.37590408325195,48.596031188964844,47.693058013916016,47.067073822021484,46.88240432739258,47.18923568725586,48.122432708740234,49.80517578125,50.68308639526367,49.9615364074707,49.27644729614258,49.61524963378906,50.30248260498047,51.131752014160156,52.236793518066406,53.1141242980957,53.78446960449219,54.58778762817383,55.95640563964844,58.30806350708008,61.40180969238281,63.74520492553711,65.00190734863281,65.90699005126953,67.00812530517578,68.38739776611328,70.0002212524414,71.47344207763672,72.96794128417969,74.18289947509766,74.32548522949219,74.34817504882812,74.76051330566406,75.27903747558594,75.8104248046875,76.07530212402344,76.15199279785156,75.76581573486328,75.11284637451172,74.8324966430664,75.31005096435547,75.9075927734375,75.59468841552734
49.3304328918457,48.95448303222656,47.943199157714844,46.5260009765625,45.27797317504883,44.68159866333008,44.85332489013672,45.52131271362305,46.530914306640625,47.779300689697266,48.082481384277344,47.2928466796875,47.04375457763672,47.79566192626953,48.70284652709961,49.481014251708984,50.30696105957031,50.89539337158203,51.60792922973633,53.072532653808594,54.9420280456543,57.05636978149414,59.19392776489258,60.20673370361328,60.3570556640625,60.889217376708984,62.23779296875,63.91947555541992,65.31636047363281,66.6094970703125,68.41380310058594,69.63745880126953,70.00249481201172,71.01815795898438,72.10286712646484,72.77067565917969,73.52951049804688,74.3253402709961,74.47470092773438,73.5819320678711,72.66382598876953,72.75228881835938,73.4406509399414,73.996337890625,74.40238189697266
48.344764709472656,47.93971252441406,46.68309020996094,44.613243103027344,43.12529754638672,42.67694854736328,43.2427978515625,44.190364837646484,45.0474739074707,45.66301345825195,45.474143981933594,45.07089614868164,45.32539367675781,46.262691497802734,47.355682373046875,48.13193130493164,48.6736946105957,49.35169982910156,50.33589553833008,51.6496696472168,53.07561111450195,54.4286003112793,55.34986877441406,55.69124984741211,55.92512130737305,57.02175521850586,58.61740493774414,59.739906311035156,60.42734146118164,61.68356704711914,63.74908447265625,65.28236389160156,66.17696380615234,67.31890106201172,68.11904907226562,68.67024230957031,69.68003845214844,70.8294906616211,71.10667419433594,70.2341079711914,69.76810455322266,70.55977630615234,71.30341339111328,71.89741516113281,73.00670623779297
46.94657897949219,46.68571090698242,45.473907470703125,43.150333404541016,41.518768310546875,41.12443161010742,41.6433219909668,42.55531311035156,43.41230392456055,44.071693420410156,44.000938415527344,43.61918258666992,43.935325622558594,44.916168212890625,45.909271240234375,46.610294342041016,47.34099578857422,48.26777267456055,49.065895080566406,49.9469108581543,50.952999114990234,51.5849494934082,51.94752883911133,52.25257873535156,53.00947952270508,54.15485763549805,54.888633728027344,55.38662338256836,56.26028060913086,57.72731018066406,59.640220642089844,61.185794830322266,62.07650375366211,62.637691497802734,63.07267761230469,63.73841094970703,64.81310272216797,65.96674346923828,66.51690673828125,66.34524536132812,66.53174591064453,67.77525329589844,68.8478775024414,69.80950927734375,71.5544204711914
45.394622802734375,45.221744537353516,44.216896057128906,42.11064529418945,40.488216400146484,40.004859924316406,40.29605484008789,41.11033630371094,42.10020065307617,42.90272521972656,43.128963470458984,43.115787506103516,43.239280700683594,43.606998443603516,44.110252380371094,44.96049499511719,45.817203521728516,46.322689056396484,46.68769454956055,47.538482666015625,48.47084426879883,48.86862564086914,49.08133316040039,49.57917785644531,50.15292739868164,50.38037109375,50.71571731567383,51.48085021972656,52.612754821777344,53.98146057128906,55.60233688354492,56.95635223388672,57.64754104614258,57.93196105957031,58.30602264404297,58.97122573852539,59.92090606689453,61.0280876159668,61.8941764831543,62.39345169067383,63.12910842895508,64.51704406738281,66.20097351074219,67.91928100585938,70.04402923583984
44.415977478027344,43.83049011230469,42.76504898071289,40.80849838256836,39.395450592041016,39.13414764404297,39.61994934082031,40.33525466918945,41.231388092041016,42.19322204589844,42.816402435302734,42.961647033691406,42.829158782958984,42.72545623779297,42.73616027832031,42.94794464111328,43.29738998413086,43.50625991821289,43.89192581176758,44.457881927490234,44.9504280090332,45.24632263183594,45.8087043762207,46.551795959472656,46.59408950805664,46.43101119995117,46.82181930541992,47.59712600708008,48.50635528564453,49.624080657958984,50.93132781982422,51.9766731262207,52.613525390625,52.96811294555664,53.37852478027344,54.06797409057617,55.13406753540039,56.475223541259766,57.686222076416016,58.701473236083984,59.862648010253906,61.39521026611328,63.2336311340332,65.21013641357422,67.3133773803711
44.04852294921875,42.64939498901367,41.11293029785156,38.982704162597656,37.864078521728516,38.07498550415039,38.66871643066406,39.30229568481445,40.298118591308594,41.28276443481445,41.651004791259766,41.646156311035156,41.62759017944336,41.081295013427734,40.63939666748047,40.286163330078125,40.381591796875,40.9210319519043,41.03103256225586,41.13451385498047,41.566162109375,41.84291458129883,42.00979232788086,42.26426696777344,42.421104431152344,42.74237060546875,43.18613815307617,43.66755294799805,44.217506408691406,45.10784912109375,46.04289245605469,46.74180603027344,47.23224639892578,47.657291412353516,48.32181167602539,49.411434173583984,50.95700454711914,52.59964370727539,54.028255462646484,55.241634368896484,56.401641845703125,57.71630859375,59.36013412475586,61.33213424682617,63.37471389770508
43.56415939331055,41.83430099487305,39.92005920410156,37.41495895385742,36.36005783081055,36.81698989868164,37.44127655029297,38.151737213134766,39.21131896972656,39.90058898925781,40.020545959472656,40.01157760620117,39.9708137512207,38.89255142211914,37.818992614746094,37.88908386230469,38.381961822509766,39.02717208862305,38.23113250732422,37.77372741699219,38.0317268371582,38.04484558105469,37.769344329833984,37.90932083129883,38.42128372192383,39.03063201904297,39.573577880859375,40.01430892944336,40.43119430541992,40.93980407714844,41.409324645996094,41.83477020263672,42.3322639465332,43.04340744018555,44.09543991088867,45.544410705566406,47.21247482299805,48.7802848815918,50.15877151489258,51.315574645996094,52.39779281616211,53.715003967285156,55.38597869873047,57.278358459472656,59.01375961303711
42.6968994140625,41.583229064941406,39.69614791870117,36.78068542480469,35.32600402832031,35.54129409790039,36.29269027709961,37.35898971557617,38.64668273925781,39.42455291748047,39.612342834472656,39.670440673828125,39.48979187011719,37.99055862426758,36.17802047729492,36.320465087890625,36.94839096069336,37.173091888427734,36.44407272338867,35.47526550292969,34.65837860107422,34.04766845703125,33.87631607055664,34.408138275146484,35.063148498535156,35.6428108215332,36.16132736206055,36.55229949951172,36.780330657958984,36.93764877319336,37.2119140625,37.719852447509766,38.391544342041016,39.21495819091797,40.175384521484375,41.34485626220703,42.71049499511719,44.2069206237793,45.740291595458984,47.18552017211914,48.60298538208008,50.17595672607422,51.804420471191406,53.40248489379883,54.857452392578125
41.7768669128418,41.384151458740234,39.792476654052734,36.731964111328125,34.87016677856445,34.633140563964844,35.33652114868164,36.60210418701172,37.94594955444336,38.89257049560547,39.14189147949219,38.91449737548828,38.50911331176758,37.86820983886719,36.337257385253906,35.72452926635742,35.6201057434082,35.03580856323242,33.975948333740234,33.21455383300781,32.61186218261719,31.500532150268555,31.533239364624023,31.787015914916992,32.28279113769531,32.971160888671875,33.392189025878906,33.39924240112305,33.26416015625,33.320030212402344,33.71878433227539,34.30968475341797,34.9282112121582,35.62570571899414,36.3943977355957,37.25202560424805,38.29547119140625,39.59053421020508,41.11238098144531,42.79159164428711,44.604373931884766,46.413551330566406,48.0084342956543,49.50490188598633,50.86094665527344
40.953590393066406,40.97209930419922,39.58619689941406,36.7348518371582,34.79245376586914,34.28771209716797,34.6959342956543,35.72007751464844,36.83976364135742,37.62424087524414,37.66858673095703,36.959259033203125,36.17372512817383,36.00666046142578,36.11534118652344,35.9844856262207,35.332977294921875,33.781455993652344,31.86006736755371,31.30518341064453,31.54844856262207,30.751806259155273,29.86168670654297,30.347429275512695,30.681657791137695,31.052677154541016,31.24248504638672,31.05001449584961,30.7434024810791,30.675691604614258,30.902400970458984,31.23805046081543,31.61361312866211,32.07558059692383,32.608482360839844,33.23134231567383,34.130348205566406,35.423274993896484,36.87506866455078,38.3782958984375,39.99858856201172,41.54232406616211,43.02647018432617,44.663482666015625,46.32981491088867
40.250370025634766,40.32030487060547,39.090389251708984,36.699546813964844,34.938289642333984,34.39704895019531,34.56018829345703,35.16530990600586,35.84284591674805,36.203521728515625,35.67648696899414,34.669979095458984,33.82794189453125,33.50149154663086,34.120357513427734,35.27629852294922,35.603515625,34.368526458740234,31.99397087097168,30.238449096679688,29.887941360473633,29.573162078857422,28.785505294799805,28.68746566772461,29.177757263183594,29.470735549926758,29.28382682800293,29.045183181762695,28.894203186035156,28.748214721679688,28.615005493164062,28.580097198486328,28.534658432006836,28.646699905395508,29.151676177978516,30.061954498291016,31.26685333251953,32.643367767333984,33.89225769042969,35.01085662841797,36.17486572265625,37.37883377075195,38.69512939453125,39.9803352355957,41.180362701416016
39.911354064941406,39.77975845336914,38.72966766357422,36.78765869140625,35.06928634643555,34.330528259277344,34.36903762817383,34.89338302612305,35.34153747558594,35.11132049560547,33.90266418457031,32.53199005126953,31.933847427368164,31.7542667388916,32.256710052490234,33.59195327758789,34.57148361206055,34.62821578979492,33.51585388183594,30.9609375,28.917566299438477,28.916950225830078,29.32768440246582,29.24725341796875,29.185272216796875,29.209613800048828,28.8673095703125,28.240144729614258,27.59758758544922,26.897193908691406,26.336231231689453,26.10033416748047,26.018356323242188,26.254060745239258,27.098602294921875,28.294614791870117,29.60785484313965,30.94590187072754,32.14418029785156,33.211036682128906,34.28469467163086,35.303924560546875,36.03685760498047,36.509010314941406,37.372074127197266
39.908355712890625,39.53313064575195,38.783477783203125,37.18001174926758,35.368194580078125,34.169029235839844,34.07667922973633,34.812381744384766,35.340843200683594,34.49013137817383,32.517486572265625,30.805227279663086,30.46828842163086,30.919322967529297,31.48394012451172,32.31806564331055,33.08528137207031,33.55866241455078,33.654300689697266,32.52464294433594,30.962316513061523,30.91845703125,31.380035400390625,31.67853355407715,31.77252769470215,31.56229591369629,31.0388126373291,30.082298278808594,28.486066818237305,26.85308837890625,25.754819869995117,25.067138671875,24.84530258178711,25.102672576904297,26.137102127075195,27.604768753051758,28.92790412902832,30.01322364807129,31.029451370239258,32.10783767700195,33.28480911254883,34.477943420410156,35.3350944519043,35.74379348754883,36.0486946105957
