data/wind_data/wind_54_5.json
{"header": {"parameterUnit": "KT", "parameterCategory": 2, "nx": 256, "ny": 198, "lo1": 44.73521041870117, "la1": -3.236724853515625, "lo2": 111.26478576660156, "la2": 43.468475341796875, "dx": 0.2609002888202667, "dy": -0.23708222806453705, "refTime": "2025-02-21 06:00:00", "forecastTime": 0, "parameterNumber": 2, "parameterNumberName": "eastward_wind"}, "data":
[rows 19 to 37 of 198, columns 132 to 175 of 256]
-6.083977699279785,-4.3262434005737305,-4.433795928955078,-3.6815645694732666,-3.030668258666992,-3.0362133979797363,-2.833770513534546,-3.338512420654297,-4.408080101013184,-4.310909748077393,-4.423661708831787,-0.025337425991892815,-2.158121109008789,-2.2581920623779297,-1.3316575288772583,0.010209628380835056,-1.5206809043884277,-2.8139734268188477,-1.3140519857406616,-1.057672381401062,-4.21468448638916,-0.7529463768005371,-1.4633709192276,-1.97286856174469,-0.45018088817596436,0.09772305935621262,2.6179847717285156,2.2873592376708984,2.407832145690918,1.7852224111557007,1.9000266790390015,2.2616522312164307,1.765440583229065,1.663617491722107,0.7403975129127502,1.4314104318618774,1.6975700855255127,2.7179203033447266,4.622058868408203,5.4988226890563965,5.375255584716797,5.891264915466309,4.95665168762207,4.623347282409668
-8.884186744689941,-3.039245367050171,-3.094128131866455,-2.7587969303131104,-3.5003392696380615,-3.617680549621582,-3.214277744293213,-3.6091761589050293,-3.5495760440826416,-3.6275196075439453,-3.398371696472168,-2.2080047130584717,-1.9774802923202515,-2.365229606628418,-1.4353320598602295,-0.4919000267982483,-1.1379787921905518,-1.2215626239776611,-3.191127061843872,1.4678725004196167,-3.6083178520202637,0.7274957895278931,0.057088904082775116,0.47114622592926025,-0.2801051139831543,-0.7166822552680969,2.47011137008667,2.0096707344055176,0.08922170102596283,-0.6321448087692261,1.1813528537750244,1.725347638130188,2.600177049636841,2.374105930328369,1.1114702224731445,1.9134111404418945,2.826871871948242,2.772195816040039,3.4780054092407227,4.49412202835083,5.353671073913574,5.5286641120910645,5.18831205368042,5.4575114250183105
-6.878744125366211,-6.561702728271484,-4.570975303649902,-3.6384074687957764,-3.814063787460327,-3.1232004165649414,-2.5982041358947754,-2.671908140182495,-3.2254045009613037,-2.795262575149536,-2.8594491481781006,-2.7364501953125,-2.5977821350097656,-2.183375835418701,-1.2933436632156372,-0.9408987760543823,-0.696700930595398,-0.6543012261390686,-1.2540322542190552,-1.1357747316360474,0.4992033541202545,0.028395557776093483,1.1960026025772095,1.080586552619934,0.6266219019889832,0.351960152387619,2.7632107734680176,1.6429520845413208,0.14627042412757874,-1.2046973705291748,1.304728627204895,1.8477606773376465,2.5473601818084717,2.127795934677124,1.8362423181533813,2.669206142425537,4.353695869445801,3.7233879566192627,1.7058467864990234,3.0196588039398193,4.801456928253174,5.447448253631592,4.761431694030762,4.165239334106445
-5.631870269775391,-6.124858856201172,-6.547534942626953,-7.688755989074707,-6.501877307891846,-4.472771167755127,-2.740398406982422,-2.099378824234009,-3.0520191192626953,-2.12515926361084,-2.3577914237976074,-2.6574387550354004,-2.20302414894104,-1.9532753229141235,-1.731921911239624,-1.4169591665267944,-0.6044269800186157,-0.6142368316650391,-0.6375895738601685,-0.2670348882675171,-0.17588140070438385,0.09720440208911896,0.5216256976127625,0.8994610905647278,0.13182765245437622,0.09944933652877808,1.5157277584075928,1.5476853847503662,0.40732166171073914,1.1745244264602661,2.5328080654144287,3.205031156539917,3.719890594482422,3.7648003101348877,2.5055270195007324,2.348249673843384,5.581258773803711,4.564104080200195,0.6608710289001465,2.315486431121826,3.6674017906188965,4.40539026260376,4.054233074188232,3.3917553424835205
-5.102353572845459,-6.420864582061768,-7.3705902099609375,-7.658254623413086,-7.815151691436768,-6.629912853240967,-3.5163371562957764,-2.5250797271728516,-3.0140438079833984,-2.7024385929107666,-2.5375540256500244,-2.544663429260254,-2.2004942893981934,-2.3645761013031006,-2.2228353023529053,-1.6411854028701782,-1.2008192539215088,-1.357062816619873,-1.222612738609314,-1.2193528413772583,0.2818887233734131,-0.8536145091056824,-0.32464978098869324,-0.6629594564437866,-0.5543400645256042,-0.08280694484710693,0.29892465472221375,0.4340652823448181,0.6561115384101868,1.2692760229110718,2.1525232791900635,2.8254878520965576,3.9650049209594727,3.718292236328125,3.1371119022369385,1.5042904615402222,3.439640760421753,4.112590312957764,-1.2770755290985107,1.3258450031280518,2.9764788150787354,3.8050129413604736,3.37876296043396,3.0497255325317383
-3.630659341812134,-3.120882272720337,-3.147534132003784,-3.562772750854492,-4.840620994567871,-5.929889678955078,-4.904407024383545,-3.3986194133758545,-3.201998710632324,-3.058319330215454,-2.987257242202759,-2.868494749069214,-2.0383880138397217,-2.2178597450256348,-2.598264455795288,-2.7055835723876953,-1.8259402513504028,-1.2757177352905273,-1.2603780031204224,-1.6779086589813232,-1.4697378873825073,-1.3797252178192139,-0.983846127986908,-0.9527943730354309,-0.6534574627876282,-1.0207126140594482,-0.8739941120147705,0.8613361120223999,0.17653073370456696,0.8522716164588928,1.6887311935424805,2.1600501537323,3.5217714309692383,3.7594335079193115,2.988307476043701,2.1356277465820312,2.2096498012542725,0.9968506097793579,-0.0572994202375412,1.569777011871338,2.6982779502868652,4.033254146575928,1.6123517751693726,2.4436304569244385
-3.5963456630706787,-2.2754921913146973,-1.6026630401611328,-2.328127145767212,-3.2339589595794678,-4.678943634033203,-5.497475624084473,-5.0049262046813965,-4.422085285186768,-4.45858907699585,-3.759537935256958,-3.2683091163635254,-2.1961140632629395,-2.103930711746216,-2.3772826194763184,-2.757356643676758,-2.376404285430908,-1.6666460037231445,-1.3019741773605347,-1.5425269603729248,-1.1730610132217407,-1.228911280632019,-1.5103545188903809,-1.8874956369400024,-1.342866063117981,-0.7428602576255798,-1.2115987539291382,-1.0289366245269775,-0.7913408279418945,0.4774271845817566,0.9827913641929626,1.0643078088760376,2.070932626724243,2.3835883140563965,1.4708194732666016,1.0926542282104492,1.050446629524231,0.3479357659816742,-0.124019093811512,2.515263795852661,1.596858263015747,1.607627034187317,-1.1090055704116821,0.9167564511299133
-4.0154709815979,-3.094529867172241,-3.082840919494629,-4.095797538757324,-4.764733791351318,-5.8385186195373535,-6.452381610870361,-6.586366176605225,-5.790541648864746,-4.854551315307617,-4.80617618560791,-3.500046491622925,-2.609084367752075,-1.8407009840011597,-2.025951862335205,-2.514773368835449,-2.309821844100952,-1.5466266870498657,-1.6450128555297852,-1.5747252702713013,-1.4192363023757935,-1.6995227336883545,-1.9518942832946777,-2.185116767883301,-1.5507882833480835,-1.7929829359054565,-2.040754795074463,-1.9991754293441772,-1.0600218772888184,-0.7781695127487183,0.24775318801403046,-0.015888478606939316,-0.32054296135902405,0.9524216055870056,0.31908443570137024,0.4747709631919861,0.04109329357743263,0.05587797984480858,0.8531470894813538,1.8965688943862915,0.7024709582328796,-2.1887099742889404,2.6093804836273193,3.076627492904663
-4.976376533508301,-3.981691360473633,-4.019868850708008,-4.79934024810791,-6.420587062835693,-7.239696502685547,-7.686661720275879,-7.146784782409668,-5.800379276275635,-4.718254089355469,-5.320684909820557,-3.2993412017822266,-3.038088798522949,-1.4973700046539307,-1.9676475524902344,-2.3949999809265137,-2.3879425525665283,-2.096701145172119,-2.0094940662384033,-1.512911319732666,-1.6971269845962524,-1.796722173690796,-2.1955790519714355,-2.324188709259033,-1.948142409324646,-2.6663718223571777,-2.159477949142456,-2.129845380783081,-1.3919638395309448,-1.110151767730713,-1.7297314405441284,-1.375014066696167,-1.2542641162872314,-0.9874557256698608,-0.6267344355583191,-0.2547915279865265,-0.7139516472816467,-0.8041361570358276,0.4784092903137207,1.4718856811523438,0.7639861106872559,-0.17293982207775116,0.8228045701980591,1.9170055389404297
-6.116415977478027,-5.245161533355713,-5.531574726104736,-5.70914888381958,-7.186968803405762,-7.604395866394043,-8.270121574401855,-7.325440406799316,-5.813663482666016,-5.453823566436768,-4.472949504852295,-3.3719866275787354,-2.8685975074768066,-1.7964223623275757,-2.2907614707946777,-2.8901047706604004,-2.7435824871063232,-2.492107629776001,-2.086740493774414,-1.9703385829925537,-2.0202980041503906,-1.7712945938110352,-2.0810914039611816,-2.438113212585449,-2.248734951019287,-3.07669997215271,-2.2663424015045166,-3.0123939514160156,-2.132298707962036,-1.9941340684890747,-3.8474631309509277,-2.2421975135803223,-2.5543408393859863,-1.9488639831542969,-1.1849136352539062,-1.5735124349594116,-1.9467790126800537,-1.9227347373962402,-0.9427358508110046,-0.009407084435224533,0.34457385540008545,-1.1917248964309692,-0.4568438231945038,-0.17832675576210022
-6.987816333770752,-6.635207176208496,-6.88319730758667,-7.696369647979736,-8.245589256286621,-8.752952575683594,-8.660051345825195,-7.81387186050415,-5.929858207702637,-4.792798042297363,-4.260725498199463,-3.588883638381958,-2.7607157230377197,-1.981339693069458,-2.4777162075042725,-2.9695444107055664,-2.730172634124756,-2.4565703868865967,-2.320906162261963,-2.118553876876831,-1.7258192300796509,-1.7817485332489014,-2.007565975189209,-2.1247305870056152,-2.541858673095703,-3.099601984024048,-2.9306678771972656,-3.411949396133423,-2.9925153255462646,-2.6120636463165283,-4.3756022453308105,-3.223957061767578,-3.875901937484741,-3.0980420112609863,-3.0100176334381104,-2.75844669342041,-3.0210611820220947,-3.327805995941162,-2.5704033374786377,-1.7928476333618164,-0.27037325501441956,-1.0563573837280273,-0.4436478018760681,0.3746902346611023
-7.892632007598877,-8.043319702148438,-8.381318092346191,-8.432204246520996,-8.583721160888672,-8.902957916259766,-8.263352394104004,-7.578698635101318,-6.491206645965576,-5.7460832595825195,-4.509401798248291,-3.2953405380249023,-2.9939756393432617,-1.9760072231292725,-2.5353317260742188,-2.2426977157592773,-2.321244955062866,-2.390394449234009,-1.9716473817825317,-1.7694292068481445,-1.4305108785629272,-1.5869578123092651,-1.6833664178848267,-2.3107736110687256,-2.4403650760650635,-3.445178270339966,-3.5444400310516357,-3.097960948944092,-2.981943130493164,-3.9138643741607666,-3.729321002960205,-3.773862600326538,-4.999847412109375,-4.020991325378418,-4.135165214538574,-3.9723408222198486,-4.306445121765137,-3.6568655967712402,-3.258676528930664,-2.7435061931610107,-2.2538394927978516,-0.12861649692058563,-2.335038423538208,-0.13708993792533875
-9.526046752929688,-9.484471321105957,-9.299379348754883,-9.184059143066406,-9.256396293640137,-9.261523246765137,-8.707625389099121,-7.655174255371094,-6.519500732421875,-5.862013816833496,-4.7668938636779785,-3.1323180198669434,-3.146332025527954,-1.723303198814392,-2.155297040939331,-1.2555041313171387,-1.6682051420211792,-1.73000168800354,-1.6086647510528564,-1.2179685831069946,-1.2804391384124756,-1.4420690536499023,-1.8920150995254517,-2.0676259994506836,-2.706446409225464,-3.537125825881958,-3.8351500034332275,-3.662517547607422,-2.600900173187256,-3.1344223022460938,-3.53266978263855,-4.432476043701172,-5.364335060119629,-4.146859645843506,-4.56722354888916,-5.226068019866943,-5.872406959533691,-4.207667350769043,-4.436767101287842,-3.1387453079223633,-2.7215194702148438,-2.4547855854034424,-4.00282096862793,0.1821819543838501
-10.465245246887207,-10.707773208618164,-10.640718460083008,-10.399025917053223,-10.026444435119629,-9.532904624938965,-8.951262474060059,-7.898348808288574,-6.806103706359863,-5.954089641571045,-5.2420220375061035,-3.801438093185425,-2.4071223735809326,-1.610702395439148,-1.615837812423706,-1.095345377922058,-0.6873313188552856,-0.7841629385948181,-0.9051386713981628,-0.9254752397537231,-0.7912941575050354,-1.268871545791626,-2.036156177520752,-2.500196695327759,-2.764272689819336,-2.9706296920776367,-3.107538938522339,-3.038503408432007,-2.6311821937561035,-2.8329524993896484,-3.3120546340942383,-4.631564617156982,-5.0967116355896,-4.700119972229004,-5.303256034851074,-6.299917697906494,-5.627735614776611,-4.634970188140869,-4.549437522888184,-4.128658771514893,-4.366663932800293,-4.810733318328857,-4.921516418457031,-0.8938812017440796
-10.973569869995117,-11.190896987915039,-11.392407417297363,-11.433403968811035,-11.200793266296387,-10.50163459777832,-9.610980987548828,-8.660940170288086,-7.616898059844971,-6.38675594329834,-4.950445175170898,-3.772183418273926,-2.7044477462768555,-1.9404747486114502,-1.3678752183914185,-0.7764580845832825,0.05171985179185867,-0.21936821937561035,-0.1881111115217209,-0.3267933428287506,-0.5452346205711365,-1.1488113403320312,-1.9316481351852417,-2.3748767375946045,-2.5955095291137695,-2.863999843597412,-2.8598384857177734,-2.6114578247070312,-2.5413200855255127,-2.689058780670166,-3.0870256423950195,-3.826714277267456,-4.514911651611328,-5.463432788848877,-6.012351989746094,-5.784051418304443,-5.377960205078125,-4.468159198760986,-3.96923565864563,-5.359965801239014,-5.7241291999816895,-4.481543064117432,-2.8376471996307373,-1.9887890815734863
-11.451459884643555,-11.70324993133545,-12.273311614990234,-12.580765724182129,-12.4131498336792,-11.798686981201172,-10.91092586517334,-9.650456428527832,-8.404807090759277,-7.465527057647705,-6.41893196105957,-5.108554840087891,-3.9401700496673584,-2.9595589637756348,-1.7945905923843384,-0.6921901702880859,0.07702367007732391,0.24945911765098572,0.30272310972213745,-0.030022524297237396,-0.18200458586215973,-0.8670893907546997,-1.8671413660049438,-2.6270368099212646,-2.5361294746398926,-2.376254081726074,-2.4048383235931396,-2.328936815261841,-2.263564109802246,-2.5124192237854004,-2.8909475803375244,-3.400573253631592,-3.6299688816070557,-4.626080513000488,-5.477721691131592,-5.5012617111206055,-4.959197044372559,-4.2303466796875,-3.761268138885498,-4.982654571533203,-4.8567705154418945,-4.117137432098389,-2.5238943099975586,-1.58489191532135
-11.60316276550293,-11.980706214904785,-12.724531173706055,-13.240813255310059,-13.173404693603516,-12.790314674377441,-12.207008361816406,-11.070881843566895,-9.70632266998291,-8.751091957092285,-8.08746337890625,-7.1023054122924805,-5.810985565185547,-4.521529197692871,-3.035709857940674,-1.7137278318405151,-0.6591493487358093,-0.12267565727233887,0.19619965553283691,0.21225214004516602,0.04688645154237747,-0.7235361933708191,-1.5623091459274292,-2.297652244567871,-2.614271640777588,-2.5226378440856934,-2.1942412853240967,-1.9504847526550293,-1.9677462577819824,-2.0620920658111572,-2.652390956878662,-3.0659239292144775,-3.2395081520080566,-3.8948755264282227,-4.4711408615112305,-4.962002277374268,-4.9249043464660645,-4.312588214874268,-4.255289077758789,-3.7892682552337646,-3.38203763961792,-2.735808849334717,-2.115811347961426,-1.8878135681152344
-11.445159912109375,-12.117742538452148,-12.66504955291748,-12.953339576721191,-12.781820297241211,-12.754905700683594,-12.64444637298584,-11.63836669921875,-10.393146514892578,-9.810943603515625,-9.460700988769531,-8.58647346496582,-7.267615795135498,-6.479002475738525,-5.1047282218933105,-3.26102614402771,-2.3090081214904785,-1.4997769594192505,-0.9482219219207764,-0.2215690016746521,-0.15425808727741241,-0.7113544940948486,-1.3169512748718262,-1.9163795709609985,-2.3239424228668213,-2.4440419673919678,-2.281757354736328,-2.139899253845215,-1.8271437883377075,-1.5398138761520386,-2.2755212783813477,-2.540173053741455,-2.839325189590454,-3.0753414630889893,-4.106433868408203,-4.220178604125977,-4.678328037261963,-3.527705430984497,-4.2009596824646,-2.405733346939087,-2.2184596061706543,-1.7790724039077759,-2.088834285736084,-2.003173351287842
-11.499800682067871,-11.903152465820312,-12.410743713378906,-12.71876049041748,-12.269783973693848,-11.825986862182617,-12.334881782531738,-11.606801986694336,-10.17186450958252,-9.699068069458008,-9.543935775756836,-9.160750389099121,-8.150205612182617,-7.122262477874756,-6.381596565246582,-5.283573627471924,-4.745088577270508,-3.5011231899261475,-3.030437469482422,-1.783928632736206,-1.2539311647415161,-0.8615306615829468,-1.2097244262695312,-1.6021546125411987,-2.0760064125061035,-2.246546506881714,-2.2767012119293213,-1.985530138015747,-1.942916750907898,-1.7178142070770264,-2.058387517929077,-1.9035691022872925,-2.695268154144287,-2.395789623260498,-3.6228339672088623,-3.0355608463287354,-3.4833009243011475,-3.176861047744751,-2.8733673095703125,-2.3017773628234863,-1.2176796197891235,-1.064301609992981,-1.1086992025375366,-2.100776195526123
