data/wind_data/wind_55_3.json
{"header": {"parameterUnit": "KT", "parameterCategory": 2, "nx": 256, "ny": 198, "lo1": 44.73521041870117, "la1": -3.236724853515625, "lo2": 111.26478576660156, "la2": 43.468475341796875, "dx": 0.2609002888202667, "dy": -0.23708222806453705, "refTime": "2025-02-21 07:00:00", "forecastTime": 0, "parameterNumber": 2, "parameterNumberName": "eastward_wind"}, "data":
[rows 76 to 94 of 198, columns 176 to 219 of 256]
-0.19986698031425476,0.23681116104125977,0.7021582126617432,1.1824054718017578,1.491349220275879,1.5445082187652588,1.4897102117538452,1.3968077898025513,1.4206931591033936,1.987747311592102,2.52785325050354,2.6428329944610596,2.426631212234497,2.4787404537200928,-0.9572579264640808,-0.9774037599563599,-1.1982858180999756,0.5218386650085449,1.6654224395751953,3.227405309677124,4.08913516998291,3.55853271484375,2.1453728675842285,0.8791646361351013,-0.8301215767860413,-3.1302859783172607,-7.638790607452393,-5.233874797821045,-5.367114543914795,-2.160426616668701,-0.9525250196456909,1.5039194822311401,1.5375431776046753,-3.49452805519104,-6.761205196380615,-7.493313312530518,-8.835219383239746,-8.856109619140625,-3.832970142364502,-2.783015012741089,-1.8616957664489746,-3.016580820083618,-0.7783276438713074,-2.7711756229400635
-0.6275469064712524,-0.08117830008268356,0.48135146498680115,1.1234915256500244,1.7362653017044067,2.13128662109375,2.192448616027832,2.2132322788238525,2.4094440937042236,2.904571533203125,3.3576130867004395,3.418475866317749,3.372833490371704,3.628909111022949,0.74478679895401,-1.6326019763946533,0.400250107049942,0.4137202203273773,2.4256556034088135,4.17126989364624,4.102591514587402,4.542133808135986,3.667344808578491,2.672499656677246,1.954785943031311,-1.5532902479171753,-4.261984825134277,-4.160743236541748,-5.116861343383789,-4.853093147277832,-0.08452469110488892,0.3553917706012726,-0.303799569606781,-4.0656280517578125,-5.198581695556641,-6.258908271789551,-8.390889167785645,-9.687751770019531,-1.3816807270050049,-2.8134942054748535,-2.071941375732422,-2.1268763542175293,-1.4070191383361816,-2.314094305038452
-1.213273048400879,-0.6741998791694641,-0.060379330068826675,0.5741615891456604,1.3237402439117432,2.1074934005737305,2.6573359966278076,2.8400275707244873,3.065932512283325,3.6361238956451416,4.257671356201172,4.072018623352051,3.84004807472229,4.028583526611328,3.65714693069458,-0.8421893119812012,-0.3069373369216919,0.5240092873573303,-0.24019280076026917,3.8441267013549805,4.686847686767578,4.360375881195068,4.1147027015686035,3.5115416049957275,2.16973614692688,-1.1904807090759277,-1.046200156211853,-2.2467310428619385,-0.9927451610565186,1.103820562362671,0.3910504877567291,-0.3515909016132355,-0.5184977650642395,-2.5924453735351562,-3.7915334701538086,-5.81674337387085,-6.829554557800293,-5.012416362762451,-1.6707813739776611,-0.29802405834198,-0.637650728225708,-0.4528437554836273,1.0119683742523193,0.9502676129341125
-1.806554913520813,-1.2951544523239136,-0.6898158192634583,-0.01656184159219265,0.6441656947135925,1.3934853076934814,2.2230024337768555,2.9063541889190674,3.3704745769500732,3.9552571773529053,4.928012371063232,5.07811975479126,4.267190456390381,3.766355037689209,4.065400123596191,1.1324996948242188,-0.9234954118728638,3.1709866523742676,-0.05790425091981888,2.60068678855896,5.235812664031982,4.473139762878418,4.091516017913818,2.981147050857544,1.6441282033920288,-0.9241201281547546,0.7630614638328552,-4.2884016036987305,1.149570107460022,5.967164039611816,5.526005744934082,1.7730923891067505,0.32380402088165283,-1.2480992078781128,-1.710038661956787,-4.3768510818481445,-5.782454013824463,-4.268563270568848,0.9340298771858215,2.4856083393096924,2.395098924636841,1.5222806930541992,2.16989803314209,2.8047077655792236
-1.946445107460022,-1.7224045991897583,-1.1684426069259644,-0.3072633147239685,0.5304452776908875,1.050081491470337,1.3718950748443604,1.931134819984436,2.8509786128997803,3.9153051376342773,5.110659122467041,6.027414798736572,5.25434684753418,3.71858286857605,3.7990691661834717,2.1754677295684814,-4.799351215362549,3.1154708862304688,1.868160367012024,-0.39061737060546875,3.6022050380706787,4.610151290893555,3.210489511489868,2.5308995246887207,1.4830771684646606,1.452738881111145,0.6080008149147034,-3.885594129562378,2.4765737056732178,8.15090560913086,9.946405410766602,4.862977504730225,1.9332863092422485,1.3578705787658691,0.6362161636352539,-2.63731050491333,-5.636332035064697,-8.362204551696777,3.6908373832702637,5.065739631652832,4.170924186706543,3.6903915405273438,3.2998712062835693,3.223217725753784
-1.3086267709732056,-1.4592093229293823,-1.1179412603378296,-0.2999238669872284,0.6004476547241211,1.185526967048645,1.2725160121917725,1.171331524848938,1.7504773139953613,3.154557704925537,4.779196739196777,6.145017147064209,6.217437744140625,4.407459259033203,3.4973363876342773,3.090918779373169,3.1657509803771973,4.828579902648926,3.7646641731262207,1.8257478475570679,5.136257648468018,6.22213888168335,4.438185214996338,2.7083818912506104,3.2465808391571045,2.935676336288452,-0.7256787419319153,-2.759918451309204,3.013106346130371,7.61406135559082,10.664085388183594,6.267322540283203,4.5469231605529785,4.205976963043213,4.397475242614746,1.0935903787612915,-1.6263965368270874,-0.9276924729347229,2.9822163581848145,5.006277084350586,4.800524711608887,3.0506370067596436,2.4124181270599365,3.0651068687438965
-0.5326747298240662,-0.7264671921730042,-0.4552849531173706,0.06918561458587646,0.6786655783653259,1.0904886722564697,1.3093396425247192,1.445780634880066,1.6370412111282349,2.4020516872406006,3.8654160499572754,5.384925842285156,5.913898468017578,4.715465068817139,3.0379862785339355,-2.8512027263641357,0.1253727525472641,3.454038381576538,4.453797340393066,2.3958394527435303,3.100027322769165,6.998960494995117,6.2404680252075195,4.391725063323975,4.897343635559082,4.8453850746154785,2.1550405025482178,-2.092914581298828,2.766260862350464,9.025056838989258,9.761110305786133,7.1834259033203125,7.015048027038574,6.507424831390381,6.043745994567871,2.7683160305023193,1.4711551666259766,2.747535467147827,2.4743897914886475,2.367727756500244,1.212456464767456,-0.6102927327156067,0.12416446954011917,1.4667277336120605
0.009756600484251976,-0.3410801589488983,-0.05491989105939865,0.31631436944007874,0.6386788487434387,0.8203408122062683,1.0226476192474365,1.4825934171676636,1.9426742792129517,2.2035839557647705,2.778886556625366,3.8899245262145996,4.440950870513916,4.039959907531738,1.5532476902008057,-7.376790523529053,0.7631862163543701,2.956146240234375,4.218753814697266,1.8236908912658691,-2.2262895107269287,4.115876197814941,7.740449905395508,5.3116984367370605,6.142185211181641,6.354238033294678,4.673877239227295,-1.43849515914917,5.031856060028076,10.627264022827148,10.031695365905762,7.5360236167907715,7.761245250701904,7.2735371589660645,4.658444404602051,3.6022307872772217,1.0881741046905518,3.0943074226379395,0.7988467812538147,-0.11404672265052795,-1.1054046154022217,-1.6549224853515625,-1.3610258102416992,-0.09842783957719803
0.9406247138977051,0.2443467378616333,-0.03222270309925079,-0.058981288224458694,0.1390984207391739,0.3094683289527893,0.5260172486305237,1.0163801908493042,1.5139904022216797,1.71975576877594,1.6294950246810913,1.7951598167419434,2.28985595703125,1.4880545139312744,1.018600344657898,-3.7809553146362305,3.309422016143799,6.230963230133057,4.559384346008301,1.83395516872406,-1.5539511442184448,3.109144687652588,6.947174549102783,1.0291833877563477,7.548212051391602,8.82442855834961,5.357857704162598,-1.2436914443969727,4.614504337310791,11.401762962341309,10.785797119140625,6.650636196136475,7.140302658081055,6.395293712615967,4.950465202331543,3.8422155380249023,0.8011841177940369,0.1570109874010086,-0.7441712617874146,0.9900665283203125,1.0591576099395752,-1.0764459371566772,-0.24260260164737701,0.8631317019462585
2.257378578186035,1.5112825632095337,0.6125771403312683,-0.13561269640922546,-0.30632126331329346,-0.2598280906677246,-0.16876550018787384,0.26082557439804077,0.6925292611122131,0.911550760269165,0.660224199295044,-0.3465976119041443,-0.7369641661643982,-1.4470137357711792,-1.104115605354309,-0.6681907176971436,4.081586837768555,8.527359962463379,2.2478878498077393,0.5124903321266174,0.9506410360336304,1.4970427751541138,3.7759978771209717,4.197750091552734,6.415205001831055,-1.1887315511703491,3.453190565109253,1.0786516666412354,5.442514419555664,10.212919235229492,11.134977340698242,7.665608882904053,5.6870269775390625,5.817519664764404,5.302465915679932,3.1651153564453125,0.2725948989391327,0.31005093455314636,-1.6420907974243164,1.153476595878601,3.1057612895965576,1.3706765174865723,1.2085371017456055,1.8717687129974365
3.422971487045288,2.8462255001068115,1.6458334922790527,0.41031414270401,-0.14584146440029144,-0.3812064230442047,-0.5534102320671082,-0.3815357983112335,-0.03777614235877991,0.06949862837791443,-0.7292492985725403,-3.4868850708007812,-5.793422698974609,-7.6544647216796875,0.6675553917884827,-2.5014021396636963,3.6497793197631836,6.776904582977295,1.9731789827346802,-2.1002681255340576,4.822994232177734,7.564695835113525,3.1208860874176025,5.551618576049805,8.324705123901367,5.713831424713135,6.866708278656006,5.5129828453063965,7.991486072540283,9.096565246582031,10.123879432678223,8.073328018188477,5.79162073135376,7.477326393127441,7.179008483886719,3.966249704360962,0.9004689455032349,0.7995699644088745,-0.5254204869270325,0.9232801198959351,4.481863975524902,4.35432243347168,2.2376232147216797,1.2364099025726318
4.269285202026367,3.739344358444214,2.1700944900512695,0.807175874710083,0.19953525066375732,-0.20919306576251984,-0.3303295969963074,-0.3279114067554474,-0.4810202121734619,-0.6156591176986694,-1.021909236907959,-6.489505290985107,-5.2349724769592285,-5.776768207550049,-1.5813908576965332,0.7738988399505615,5.200326442718506,5.1657233238220215,0.5036113262176514,-0.37520939111709595,4.769482612609863,6.90241003036499,0.5590993165969849,4.645389556884766,9.139745712280273,8.465794563293457,12.543771743774414,9.320764541625977,7.330051422119141,10.858236312866211,13.166561126708984,10.301259994506836,6.483808994293213,7.5982232093811035,9.134364128112793,5.663111209869385,1.8002649545669556,2.519390344619751,3.110363721847534,3.794814348220825,4.5981526374816895,1.8780862092971802,-0.5487210750579834,-2.1648125648498535
4.7752299308776855,4.060576438903809,2.153050184249878,0.6978782415390015,0.13615863025188446,-0.25312528014183044,0.0726303905248642,0.6974712014198303,0.1872822344303131,-0.5609489679336548,-0.9875260591506958,-3.4175426959991455,-6.936070919036865,-6.8786773681640625,-0.0535157173871994,7.053126335144043,7.3784260749816895,4.436978816986084,1.2541499137878418,-0.5929689407348633,4.621142387390137,3.3379111289978027,-4.820765495300293,4.835737705230713,10.264656066894531,12.630112648010254,14.272969245910645,7.7799177169799805,8.8886137008667,10.950196266174316,11.963926315307617,11.180574417114258,8.317283630371094,7.680815696716309,8.239816665649414,6.3390727043151855,3.621507406234741,3.629746675491333,5.9801435470581055,3.122415781021118,7.7720232009887695,1.7333431243896484,0.26455461978912354,0.703996479511261
4.763824462890625,3.9463701248168945,2.165945291519165,0.7927362322807312,0.16762761771678925,-0.25159716606140137,-0.04284026473760605,1.2366095781326294,1.3519761562347412,-0.10193473100662231,-1.1218355894088745,-3.1357219219207764,-9.486534118652344,-2.185750722885132,3.8532445430755615,6.3993048667907715,5.859250068664551,5.307942867279053,3.211643934249878,2.241314649581909,3.1866748332977295,3.8515968322753906,-3.871950149536133,2.0198187828063965,12.850340843200684,11.25475025177002,10.197275161743164,9.513041496276855,11.11206340789795,12.3887357711792,11.410791397094727,11.916749954223633,10.492731094360352,9.159442901611328,7.831451892852783,6.285922050476074,4.764208793640137,6.095797061920166,7.66232442855835,6.969676494598389,7.49064826965332,4.325229644775391,3.6261022090911865,3.4388668537139893
4.541162490844727,3.9327569007873535,2.4079110622406006,1.1250238418579102,0.43750423192977905,-0.16634567081928253,-0.4995580315589905,0.4591626524925232,1.693530797958374,0.8399383425712585,-1.1895627975463867,-8.5890531539917,-1.2346622943878174,0.7570613622665405,4.364563465118408,4.455174922943115,3.6653668880462646,3.874652147293091,3.19404935836792,2.75173020362854,3.558060646057129,4.909536361694336,2.2217698097229004,0.13071274757385254,10.242033004760742,10.399506568908691,11.182319641113281,11.858004570007324,10.457328796386719,11.612354278564453,13.875774383544922,12.904067993164062,10.376344680786133,11.822718620300293,9.48571491241455,6.994508266448975,5.359656810760498,5.647340774536133,11.828672409057617,6.419216156005859,5.628565311431885,6.149526596069336,6.284210205078125,6.011603832244873
4.390693187713623,4.272096633911133,3.0336711406707764,1.6730185747146606,0.5499902963638306,-0.6621230840682983,-1.2798928022384644,-0.7292897701263428,0.14612708985805511,0.35640019178390503,-7.508318901062012,0.5170835256576538,3.2433738708496094,4.474192142486572,4.293032169342041,2.888526201248169,1.3264942169189453,2.5771243572235107,3.6676998138427734,0.3349868953227997,4.074920177459717,3.325962781906128,-0.8808628916740417,2.5471718311309814,8.347272872924805,8.49657154083252,10.818547248840332,11.949718475341797,10.909157752990723,10.428777694702148,16.59593963623047,13.08790397644043,11.397501945495605,12.422351837158203,10.478625297546387,7.347761154174805,5.67306661605835,6.513345241546631,9.747688293457031,9.149649620056152,8.073134422302246,8.03799819946289,8.159271240234375,8.501129150390625
4.233530521392822,4.465940475463867,3.6042990684509277,2.2370755672454834,0.8031432628631592,-0.8666172623634338,-1.7017840147018433,-1.4677562713623047,-0.7605035305023193,-1.4464234113693237,-2.7541308403015137,-3.357510566711426,1.8315702676773071,7.278605937957764,6.003231048583984,3.6070799827575684,1.2593553066253662,-0.8110800385475159,2.418208599090576,4.457784175872803,5.55572509765625,1.781317949295044,5.980715274810791,7.609068393707275,9.027978897094727,6.65487813949585,10.724125862121582,9.388690948486328,5.129755973815918,7.870782852172852,10.504478454589844,14.6138916015625,13.760818481445312,13.701480865478516,12.595842361450195,9.38696575164795,7.865332126617432,7.794768333435059,8.758106231689453,9.951712608337402,9.682862281799316,8.72913646697998,8.29438304901123,9.868284225463867
4.120572566986084,4.249928951263428,3.7388994693756104,2.7217676639556885,1.70000422000885,0.3095942437648773,-1.4044976234436035,-3.3727967739105225,2.14028263092041,-0.26030370593070984,-5.051232814788818,0.8020555377006531,6.578692436218262,10.001245498657227,7.956905364990234,4.73193883895874,3.146083116531372,1.5012437105178833,2.942932605743408,5.457919120788574,5.2218403816223145,1.5365409851074219,3.314396619796753,6.012338638305664,9.402156829833984,3.813746690750122,13.756699562072754,10.980023384094238,6.785442352294922,8.649898529052734,9.369558334350586,11.853307723999023,14.990893363952637,16.511863708496094,15.340415000915527,11.689594268798828,9.870734214782715,9.852946281433105,10.256132125854492,11.033346176147461,10.431410789489746,8.668198585510254,7.314972400665283,8.284130096435547
4.563632488250732,4.210929870605469,3.823209762573242,3.2851481437683105,2.82525372505188,1.9306011199951172,-0.3588956892490387,0.43465274572372437,-0.10119730234146118,1.5642127990722656,-1.071962833404541,-0.015772975981235504,6.12727165222168,11.386898040771484,9.088459014892578,5.507436752319336,3.8655433654785156,3.796907901763916,3.8148393630981445,4.5284271240234375,3.014857292175293,-2.012453079223633,-2.4608099460601807,7.082808017730713,4.024697780609131,5.4733662605285645,8.266663551330566,5.6376237869262695,8.081267356872559,14.466522216796875,14.045257568359375,10.125125885009766,14.899517059326172,17.596986770629883,18.16719627380371,12.879979133605957,11.715592384338379,12.306262016296387,12.729389190673828,13.568614959716797,13.266727447509766,10.766447067260742,9.51103687286377,11.226698875427246
