data/wind_data/wind_4_3.json
{"header": {"parameterUnit": "KT", "parameterCategory": 2, "nx": 256, "ny": 198, "lo1": 44.73521041870117, "la1": -3.236724853515625, "lo2": 111.26478576660156, "la2": 43.468475341796875, "dx": 0.2609002888202667, "dy": -0.23708222806453705, "refTime": "2025-02-19 04:00:00", "forecastTime": 0, "parameterNumber": 2, "parameterNumberName": "eastward_wind"}, "data":
[rows 57 to 75 of 198, columns 44 to 87 of 256]
-17.804418563842773,-17.820175170898438,-17.573732376098633,-17.233436584472656,-17.034866333007812,-17.102624893188477,-17.16203498840332,-17.06505012512207,-17.021451950073242,-17.11285400390625,-17.2169246673584,-17.300945281982422,-17.401708602905273,-17.572174072265625,-17.664113998413086,-17.64307403564453,-17.651269912719727,-17.589906692504883,-17.444259643554688,-17.182579040527344,-17.014812469482422,-17.173913955688477,-17.411455154418945,-17.528593063354492,-17.511329650878906,-17.34170913696289,-17.187421798706055,-17.117462158203125,-17.050268173217773,-17.046558380126953,-17.116497039794922,-17.123510360717773,-17.164308547973633,-17.149677276611328,-17.060392379760742,-17.225191116333008,-17.771955490112305,-18.338533401489258,-18.542400360107422,-18.418149948120117,-18.166845321655273,-17.783891677856445,-17.304462432861328,-16.8956298828125
-17.02968978881836,-16.70699119567871,-16.430435180664062,-16.16705894470215,-15.947891235351562,-15.900919914245605,-15.995133399963379,-16.13327980041504,-16.309038162231445,-16.470539093017578,-16.632143020629883,-16.929641723632812,-17.199295043945312,-17.3018856048584,-17.199222564697266,-17.057662963867188,-17.011363983154297,-17.016082763671875,-16.98934555053711,-16.9024715423584,-16.831634521484375,-16.86818504333496,-16.973134994506836,-17.104764938354492,-17.154874801635742,-16.949514389038086,-16.636693954467773,-16.387510299682617,-16.204509735107422,-16.249958038330078,-16.526208877563477,-16.62559700012207,-16.571918487548828,-16.54315185546875,-16.648887634277344,-16.933406829833984,-17.320938110351562,-17.771316528320312,-18.008852005004883,-17.792713165283203,-17.41984748840332,-17.044565200805664,-16.66478729248047,-16.548816680908203
-16.075641632080078,-15.812117576599121,-15.546306610107422,-15.297380447387695,-15.096599578857422,-15.011212348937988,-15.12993335723877,-15.353960037231445,-15.526346206665039,-15.662483215332031,-15.846037864685059,-16.173307418823242,-16.584877014160156,-16.785263061523438,-16.631166458129883,-16.38841438293457,-16.289838790893555,-16.301301956176758,-16.28367805480957,-16.22736930847168,-16.31924819946289,-16.480239868164062,-16.57563018798828,-16.612194061279297,-16.508987426757812,-16.226032257080078,-15.960936546325684,-15.77184772491455,-15.494274139404297,-15.398554801940918,-15.753705024719238,-16.076929092407227,-16.036901473999023,-15.87269401550293,-16.004737854003906,-16.43246841430664,-16.788408279418945,-17.102989196777344,-17.430875778198242,-17.395423889160156,-17.063770294189453,-16.72185516357422,-16.375755310058594,-16.273576736450195
-14.82924747467041,-14.699906349182129,-14.765841484069824,-14.657210350036621,-14.43104076385498,-14.360441207885742,-14.455021858215332,-14.594722747802734,-14.754157066345215,-14.972728729248047,-15.173348426818848,-15.3126802444458,-15.658580780029297,-16.030988693237305,-16.006826400756836,-15.740090370178223,-15.496885299682617,-15.420876502990723,-15.431719779968262,-15.378520011901855,-15.438619613647461,-15.616069793701172,-15.746013641357422,-15.829498291015625,-15.779101371765137,-15.576823234558105,-15.335484504699707,-15.153121948242188,-14.861703872680664,-14.638470649719238,-14.89550495147705,-15.320211410522461,-15.448615074157715,-15.379465103149414,-15.491678237915039,-15.88452434539795,-16.203956604003906,-16.415605545043945,-16.732437133789062,-16.934904098510742,-16.82114028930664,-16.500967025756836,-16.123802185058594,-15.890438079833984
-13.843560218811035,-13.550564765930176,-13.6954345703125,-13.815937995910645,-13.655901908874512,-13.589876174926758,-13.754852294921875,-13.99587345123291,-14.280230522155762,-14.558520317077637,-14.738568305969238,-14.751104354858398,-14.846954345703125,-15.061079978942871,-15.16171646118164,-15.140973091125488,-14.86638069152832,-14.469353675842285,-14.280084609985352,-14.236245155334473,-14.356515884399414,-14.59995174407959,-14.761130332946777,-14.740598678588867,-14.694951057434082,-14.693328857421875,-14.516999244689941,-14.29106330871582,-14.080078125,-13.927641868591309,-14.13946533203125,-14.556137084960938,-14.79460620880127,-14.868666648864746,-15.01319408416748,-15.329049110412598,-15.617197036743164,-15.770162582397461,-15.939784049987793,-16.140708923339844,-16.23940086364746,-16.100116729736328,-15.707986831665039,-15.304719924926758
-13.1857271194458,-12.764726638793945,-12.728229522705078,-12.881860733032227,-12.824283599853516,-12.748480796813965,-12.887043952941895,-13.224658966064453,-13.694052696228027,-14.058247566223145,-14.251394271850586,-14.353372573852539,-14.372848510742188,-14.345900535583496,-14.267725944519043,-14.232097625732422,-14.114035606384277,-13.806212425231934,-13.496442794799805,-13.300339698791504,-13.330677032470703,-13.551491737365723,-13.771597862243652,-13.747099876403809,-13.657456398010254,-13.73022747039795,-13.700078964233398,-13.51315689086914,-13.35176944732666,-13.244590759277344,-13.338126182556152,-13.669852256774902,-14.012551307678223,-14.218441009521484,-14.333087921142578,-14.510542869567871,-14.798999786376953,-15.020604133605957,-15.096735000610352,-15.180720329284668,-15.31513786315918,-15.337282180786133,-15.102180480957031,-14.686081886291504
-12.515867233276367,-12.138504981994629,-11.943931579589844,-11.992476463317871,-12.050904273986816,-12.113090515136719,-12.256166458129883,-12.48098087310791,-12.83091926574707,-13.159876823425293,-13.395991325378418,-13.624329566955566,-13.799388885498047,-13.834338188171387,-13.704651832580566,-13.474320411682129,-13.275900840759277,-13.129344940185547,-12.966552734375,-12.706337928771973,-12.541631698608398,-12.6620454788208,-12.930208206176758,-13.100837707519531,-13.100645065307617,-13.005607604980469,-12.905740737915039,-12.810832023620605,-12.739036560058594,-12.728875160217285,-12.742097854614258,-12.844655990600586,-13.069520950317383,-13.269979476928711,-13.428647994995117,-13.629434585571289,-13.862873077392578,-14.029041290283203,-14.127803802490234,-14.253528594970703,-14.445188522338867,-14.53116512298584,-14.441292762756348,-14.122589111328125
-11.67742919921875,-11.42000961303711,-11.229104042053223,-11.246530532836914,-11.415218353271484,-11.613780975341797,-11.82480239868164,-11.991232872009277,-12.089932441711426,-12.214765548706055,-12.437973022460938,-12.705940246582031,-12.966222763061523,-13.081853866577148,-13.000859260559082,-12.72979736328125,-12.453794479370117,-12.323644638061523,-12.267352104187012,-12.058520317077637,-11.834620475769043,-11.893660545349121,-12.152786254882812,-12.44521713256836,-12.560600280761719,-12.425738334655762,-12.295174598693848,-12.225655555725098,-12.116081237792969,-12.10783863067627,-12.131547927856445,-12.120736122131348,-12.266281127929688,-12.43121337890625,-12.528999328613281,-12.706624031066895,-12.90528678894043,-12.994792938232422,-13.063712120056152,-13.270570755004883,-13.593878746032715,-13.768543243408203,-13.673001289367676,-13.371932029724121
-10.80238151550293,-10.686081886291504,-10.598678588867188,-10.727439880371094,-10.988656044006348,-11.209124565124512,-11.408166885375977,-11.612460136413574,-11.626726150512695,-11.593525886535645,-11.718600273132324,-11.854582786560059,-11.97487735748291,-12.08025074005127,-12.036623001098633,-11.800407409667969,-11.529135704040527,-11.362405776977539,-11.286229133605957,-11.163420677185059,-11.050899505615234,-11.101916313171387,-11.26626205444336,-11.527256965637207,-11.739933967590332,-11.81685733795166,-11.872161865234375,-11.843835830688477,-11.689931869506836,-11.56710147857666,-11.49116325378418,-11.42050838470459,-11.512227058410645,-11.662298202514648,-11.694379806518555,-11.770352363586426,-11.931412696838379,-12.046133995056152,-12.19900894165039,-12.475646018981934,-12.755236625671387,-12.829705238342285,-12.59962272644043,-12.251657485961914
-9.897809028625488,-9.879733085632324,-9.920332908630371,-10.198036193847656,-10.571882247924805,-10.840019226074219,-10.95256233215332,-11.093039512634277,-11.208691596984863,-11.208703994750977,-11.183589935302734,-11.093815803527832,-10.96688175201416,-11.017129898071289,-11.131758689880371,-11.032066345214844,-10.786421775817871,-10.579536437988281,-10.393668174743652,-10.154632568359375,-10.060023307800293,-10.152515411376953,-10.319378852844238,-10.606093406677246,-10.893601417541504,-11.069036483764648,-11.247101783752441,-11.371528625488281,-11.355705261230469,-11.208867073059082,-11.001185417175293,-10.818870544433594,-10.796804428100586,-10.904359817504883,-10.905734062194824,-10.946836471557617,-11.130081176757812,-11.306302070617676,-11.477649688720703,-11.703210830688477,-11.906702041625977,-11.905082702636719,-11.584753036499023,-11.122771263122559
-9.18159294128418,-9.157634735107422,-9.160003662109375,-9.450318336486816,-9.912485122680664,-10.294305801391602,-10.45784854888916,-10.463373184204102,-10.514680862426758,-10.624687194824219,-10.642969131469727,-10.4224214553833,-10.158477783203125,-10.150507926940918,-10.294678688049316,-10.323566436767578,-10.173213005065918,-9.96255874633789,-9.725110054016113,-9.402970314025879,-9.209582328796387,-9.300000190734863,-9.521208763122559,-9.772421836853027,-10.004670143127441,-10.151222229003906,-10.342133522033691,-10.57568073272705,-10.710465431213379,-10.688173294067383,-10.542394638061523,-10.289602279663086,-10.071563720703125,-10.055042266845703,-10.076342582702637,-10.179095268249512,-10.4288969039917,-10.633991241455078,-10.722246170043945,-10.811849594116211,-10.968008995056152,-11.015682220458984,-10.772809028625488,-10.361899375915527
-8.669990539550781,-8.696197509765625,-8.651934623718262,-8.756113052368164,-9.098529815673828,-9.479999542236328,-9.766457557678223,-9.844649314880371,-9.78684139251709,-9.808635711669922,-9.8624267578125,-9.715707778930664,-9.493797302246094,-9.407806396484375,-9.429022789001465,-9.454203605651855,-9.368578910827637,-9.195699691772461,-8.992283821105957,-8.791817665100098,-8.650341987609863,-8.71133041381836,-8.937287330627441,-9.114856719970703,-9.216025352478027,-9.30219554901123,-9.476813316345215,-9.693177223205566,-9.819074630737305,-9.840653419494629,-9.800134658813477,-9.672769546508789,-9.491681098937988,-9.363072395324707,-9.281075477600098,-9.270471572875977,-9.477124214172363,-9.764336585998535,-9.88403606414795,-9.854537010192871,-9.836559295654297,-9.865494728088379,-9.802332878112793,-9.585823059082031
-7.895694255828857,-8.088436126708984,-8.199806213378906,-8.33115291595459,-8.565353393554688,-8.792508125305176,-8.989562034606934,-9.165562629699707,-9.180493354797363,-9.001489639282227,-8.868537902832031,-8.792367935180664,-8.637236595153809,-8.499698638916016,-8.469271659851074,-8.48165512084961,-8.441049575805664,-8.299975395202637,-8.1300048828125,-8.047653198242188,-8.079407691955566,-8.27258014678955,-8.502374649047852,-8.561491966247559,-8.57229232788086,-8.664929389953613,-8.791007995605469,-8.843425750732422,-8.836036682128906,-8.85607624053955,-8.846158027648926,-8.803757667541504,-8.840423583984375,-8.836116790771484,-8.677013397216797,-8.482627868652344,-8.448277473449707,-8.544990539550781,-8.722712516784668,-8.840703964233398,-8.850282669067383,-8.761204719543457,-8.602142333984375,-8.428082466125488
-6.9403910636901855,-7.160244941711426,-7.364170074462891,-7.602718353271484,-7.90941858291626,-8.178874969482422,-8.382657051086426,-8.52854061126709,-8.530008316040039,-8.245295524597168,-7.942543983459473,-7.789262771606445,-7.702070713043213,-7.605952739715576,-7.540200710296631,-7.482316493988037,-7.326200485229492,-7.137863636016846,-7.074877738952637,-7.1531758308410645,-7.3343281745910645,-7.648000717163086,-7.92001485824585,-7.926973342895508,-7.929604530334473,-8.0641508102417,-8.14041805267334,-8.046984672546387,-7.967841148376465,-8.053573608398438,-8.139490127563477,-8.107908248901367,-8.0841703414917,-8.004050254821777,-7.837582588195801,-7.693941593170166,-7.581101894378662,-7.433956623077393,-7.432480812072754,-7.58884334564209,-7.719824314117432,-7.682422637939453,-7.458188533782959,-7.194291591644287
-5.981934070587158,-6.279934406280518,-6.553050994873047,-6.715799331665039,-6.903703689575195,-7.222701072692871,-7.620373725891113,-7.828068733215332,-7.722064018249512,-7.459096908569336,-7.184418678283691,-6.859635829925537,-6.597469806671143,-6.541003227233887,-6.650993347167969,-6.662162780761719,-6.315459728240967,-5.938697338104248,-5.940888404846191,-6.123600006103516,-6.338033676147461,-6.697289943695068,-7.010275363922119,-7.069206714630127,-7.121953010559082,-7.253118991851807,-7.280084133148193,-7.200229644775391,-7.190980434417725,-7.305425643920898,-7.406653881072998,-7.402029991149902,-7.35369873046875,-7.188538074493408,-6.97815465927124,-6.843454837799072,-6.714524745941162,-6.539603233337402,-6.405003070831299,-6.397670745849609,-6.440521240234375,-6.403814792633057,-6.341245174407959,-6.229116439819336
-5.209582328796387,-5.419536113739014,-5.575023651123047,-5.695406436920166,-5.9046125411987305,-6.286024570465088,-6.685905933380127,-6.928851127624512,-6.88283109664917,-6.68120813369751,-6.482118129730225,-6.147210121154785,-5.679170608520508,-5.404531002044678,-5.449145317077637,-5.546288013458252,-5.377318382263184,-5.084458827972412,-5.02494478225708,-5.110909938812256,-5.253142833709717,-5.5259928703308105,-5.743483543395996,-5.836783409118652,-6.015871524810791,-6.236990451812744,-6.332003593444824,-6.310853004455566,-6.315592288970947,-6.389977931976318,-6.4851765632629395,-6.524776458740234,-6.520321846008301,-6.37434720993042,-6.192542552947998,-6.073915004730225,-5.922525405883789,-5.706549644470215,-5.524542808532715,-5.411187171936035,-5.333276748657227,-5.260575771331787,-5.312478542327881,-5.349452018737793
-4.398137092590332,-4.5947394371032715,-4.621805191040039,-4.588881492614746,-4.8347392082214355,-5.33558464050293,-5.777970314025879,-6.0604329109191895,-6.128607273101807,-6.038262367248535,-5.855116367340088,-5.592692852020264,-5.19826078414917,-4.744874000549316,-4.425860404968262,-4.268280982971191,-4.2046356201171875,-4.20173978805542,-4.219203948974609,-4.218000411987305,-4.280789852142334,-4.377338886260986,-4.428905963897705,-4.523934364318848,-4.7171173095703125,-4.975000381469727,-5.214698791503906,-5.328816890716553,-5.355407238006592,-5.409964084625244,-5.546855926513672,-5.667706489562988,-5.632822513580322,-5.443234443664551,-5.334044933319092,-5.321735858917236,-5.257462978363037,-5.098516941070557,-4.886141300201416,-4.649295806884766,-4.48206090927124,-4.438304424285889,-4.530754566192627,-4.6202392578125
-3.531179189682007,-3.5549395084381104,-3.6288836002349854,-3.7953672409057617,-4.101322650909424,-4.543184280395508,-4.912003040313721,-5.144137859344482,-5.32792329788208,-5.392759799957275,-5.2336530685424805,-4.991612434387207,-4.744434356689453,-4.358422756195068,-3.8581643104553223,-3.476111888885498,-3.237827777862549,-3.1812949180603027,-3.230393648147583,-3.265674114227295,-3.3149499893188477,-3.404900550842285,-3.4694571495056152,-3.5481081008911133,-3.6794586181640625,-3.8570518493652344,-4.069422245025635,-4.212818622589111,-4.279103755950928,-4.4197282791137695,-4.599790573120117,-4.684868335723877,-4.699681758880615,-4.619268894195557,-4.557138919830322,-4.515377044677734,-4.467092514038086,-4.372305393218994,-4.207828521728516,-4.023880481719971,-3.937427043914795,-3.9796321392059326,-4.034662246704102,-4.048137664794922
-2.914184331893921,-2.8768539428710938,-2.8656270503997803,-3.027252674102783,-3.4044761657714844,-3.849724054336548,-4.155749797821045,-4.330502986907959,-4.437614917755127,-4.392144680023193,-4.299196720123291,-4.267577171325684,-4.24361515045166,-4.004836559295654,-3.5401065349578857,-3.0659074783325195,-2.721763849258423,-2.5183990001678467,-2.3915600776672363,-2.323469400405884,-2.3059351444244385,-2.3886303901672363,-2.562826156616211,-2.722806930541992,-2.8640317916870117,-3.033992290496826,-3.194624185562134,-3.2861409187316895,-3.357048511505127,-3.489180088043213,-3.6151814460754395,-3.693089246749878,-3.855015993118286,-3.9918265342712402,-3.938530445098877,-3.7411000728607178,-3.6146466732025146,-3.5409183502197266,-3.461703300476074,-3.4340527057647705,-3.4541337490081787,-3.4991636276245117,-3.525139570236206,-3.5123627185821533
