data/wind_data/wind_51_1.json
{"header": {"parameterUnit": "KT", "parameterCategory": 2, "nx": 256, "ny": 198, "lo1": 44.73521041870117, "la1": -3.236724853515625, "lo2": 111.26478576660156, "la2": 43.468475341796875, "dx": 0.2609002888202667, "dy": -0.23708222806453705, "refTime": "2025-02-21 03:00:00", "forecastTime": 0, "parameterNumber": 2, "parameterNumberName": "eastward_wind"}, "data":
[rows 95 to 113 of 198, columns 172 to 214 of 256]
-2.7369325160980225,-6.059972286224365,-6.989495754241943,-6.485732555389404,-6.965096473693848,-6.138162136077881,-4.6672234535217285,-3.4983878135681152,-1.0665656328201294,0.5723535418510437,0.13280737400054932,-0.6112770438194275,0.12931032478809357,-0.7796900272369385,-3.408203125,-4.121767997741699,-9.12246322631836,-3.0932934284210205,2.1152844429016113,0.9020169377326965,-1.4072083234786987,-0.46181222796440125,3.155022382736206,2.7032177448272705,4.545734882354736,1.1192368268966675,-9.224200248718262,-5.861364841461182,-5.1390581130981445,-3.550741195678711,-5.088420391082764,-4.208812713623047,-4.179563522338867,-3.1444215774536133,-2.827866792678833,0.9668636322021484,-2.9551877975463867,-4.715595722198486,-4.167295932769775,-2.338655471801758,-6.480282783508301,-6.741100311279297,-6.624006271362305
-2.9931387901306152,-5.955012321472168,-6.4260783195495605,-5.732934951782227,-6.846774578094482,-6.2300639152526855,-5.032036304473877,-3.2672369480133057,-1.2073839902877808,-0.05196569487452507,-0.1270805448293686,-0.9971626996994019,0.4894753098487854,-1.1239948272705078,-4.276017665863037,-8.133123397827148,-7.5255818367004395,1.084259033203125,3.542105197906494,1.1652811765670776,-1.7559051513671875,0.1416797935962677,1.836685061454773,-0.38411229848861694,-0.6463421583175659,-7.902864933013916,-12.925858497619629,-6.125682353973389,-5.386064529418945,-4.373025417327881,-7.224900722503662,-5.643805503845215,-6.123910427093506,-3.538121223449707,-4.087314128875732,-0.7750738263130188,-3.1127917766571045,-6.627223491668701,-4.728661060333252,-3.5038983821868896,-5.251862049102783,-5.626326084136963,-7.665716648101807
-2.4536526203155518,-6.268944263458252,-6.380749702453613,-4.9181294441223145,-6.388672351837158,-5.878293991088867,-5.119959354400635,-3.082913637161255,-1.4503042697906494,-0.3340491056442261,-0.7621213793754578,-1.0932273864746094,0.15822075307369232,-2.9474775791168213,-7.418210983276367,-10.308537483215332,-3.9151389598846436,3.2884316444396973,3.5798256397247314,-1.263762354850769,-0.6989895701408386,0.553348958492279,-0.6771837472915649,-2.319766044616699,-6.433173656463623,-15.236977577209473,-14.04753303527832,-7.814001560211182,-5.171535968780518,-4.5248847007751465,-8.855323791503906,-5.727046489715576,-5.2866621017456055,-4.530816078186035,-4.934072494506836,-2.2667226791381836,-3.088669776916504,-6.31972599029541,-4.646718502044678,-3.4998409748077393,-2.0300309658050537,-4.4666523933410645,-6.865334987640381
-0.4842236638069153,-5.131282806396484,-6.378322601318359,-5.30304479598999,-6.3427815437316895,-5.743994235992432,-5.058342456817627,-2.6307942867279053,-1.1705151796340942,-0.5620986223220825,-1.0699931383132935,-1.0652308464050293,-0.2606615424156189,-5.446516036987305,-10.392622947692871,-8.781526565551758,-1.8688243627548218,1.8941742181777954,2.5437393188476562,-1.4847527742385864,0.2987191677093506,0.7868755459785461,-1.2905789613723755,1.0598376989364624,0.6429296135902405,-15.4190673828125,-13.964735984802246,-7.988382816314697,-5.698044776916504,-3.7622108459472656,-8.699220657348633,-6.363334655761719,-6.102062225341797,-4.733605861663818,-6.557669162750244,-2.3259787559509277,-0.4513646066188812,-4.7933349609375,-2.7807347774505615,-2.2541422843933105,1.011016845703125,-3.6546318531036377,-4.687863349914551
0.7249586582183838,-1.1489187479019165,-4.774496078491211,-5.85352897644043,-5.58828067779541,-5.207409858703613,-4.688191890716553,-1.72837495803833,-0.6774327158927917,-1.049075961112976,-1.191356897354126,-0.5773856043815613,-1.4045459032058716,-5.220705032348633,-9.986194610595703,-7.026365756988525,-1.643300175666809,-0.4056130051612854,-0.01148152258247137,-0.9530062675476074,0.389200896024704,0.4051188826560974,-1.6575292348861694,-0.02573247067630291,3.7393360137939453,-12.046578407287598,-13.853164672851562,-8.316834449768066,-6.116455554962158,-2.894052505493164,-4.53831672668457,-5.763526439666748,-5.561464309692383,-6.588089942932129,-5.452742099761963,-3.9788734912872314,-4.003186225891113,-6.1071367263793945,-4.1258320808410645,0.4068782329559326,1.4750885963439941,-5.479684829711914,-2.683236598968506
1.5374711751937866,-1.9815609455108643,-4.709327220916748,-4.160398483276367,-6.033172607421875,-5.644105434417725,-2.627596378326416,-1.564932107925415,-1.5360331535339355,-0.7962988615036011,-0.8089335560798645,-0.906592845916748,-3.209275007247925,-4.887727737426758,-7.662945747375488,-6.014776229858398,-2.2553772926330566,-0.5021136999130249,-2.01062273979187,0.6714531183242798,0.8739886283874512,0.00476046884432435,-1.0183682441711426,1.50112783908844,3.0993268489837646,-7.831136226654053,-11.481940269470215,-8.679423332214355,-6.394635200500488,-2.8724365234375,-0.09237298369407654,-2.8963327407836914,-8.365194320678711,-4.232815265655518,-2.547369956970215,-4.680483818054199,-7.100848197937012,-7.826226234436035,-6.051847457885742,-5.541616439819336,-4.937031269073486,-2.118943452835083,-1.6407524347305298
-0.1373792588710785,-3.219102144241333,-6.2143096923828125,-4.633101940155029,-5.787116050720215,-4.5857253074646,-1.6583836078643799,-2.638671636581421,-3.1437652111053467,-1.7076495885849,-0.08665496110916138,-2.2257561683654785,-4.7821221351623535,-6.022080898284912,-6.850237846374512,-4.871936321258545,-1.6577081680297852,0.008942249231040478,-1.1743563413619995,1.8524746894836426,1.8796861171722412,-1.4227937459945679,-1.1575008630752563,2.3413076400756836,3.413909912109375,-8.876133918762207,-9.87189769744873,-8.428070068359375,-7.224511623382568,-4.035613536834717,-1.8450731039047241,-2.357536792755127,-8.071311950683594,-4.592416286468506,-1.9441722631454468,-2.4000277519226074,-7.515020370483398,-7.481945514678955,-8.966826438903809,-8.226155281066895,-2.475236654281616,1.3011515140533447,0.1707923859357834
-1.4579633474349976,-3.8997857570648193,-5.949694633483887,-5.34964656829834,-5.410236835479736,-5.0202131271362305,-3.76041579246521,-3.6481025218963623,-2.9933698177337646,-1.628151297569275,0.20836099982261658,-3.3620691299438477,-5.45390510559082,-6.383212089538574,-6.723462104797363,-4.549192905426025,-1.8651763200759888,0.1750066727399826,0.573870837688446,2.7541441917419434,1.8886563777923584,-3.842182159423828,-2.108433246612549,-0.7231600880622864,-1.422221064567566,-10.677953720092773,-8.00801944732666,-7.519414901733398,-7.846114635467529,-5.722538471221924,-3.216066837310791,-4.261721134185791,-8.473236083984375,-4.800670623779297,-4.039319038391113,-0.05648317560553551,-1.4364013671875,-5.318035125732422,-6.387598514556885,-9.440726280212402,0.34538567066192627,-0.3823721706867218,0.44698452949523926
-2.446168899536133,-4.438866138458252,-6.79730224609375,-6.920154571533203,-5.587673187255859,-6.378416061401367,-4.6368937492370605,-4.555552005767822,-2.555602550506592,-1.178815245628357,-0.21559123694896698,-4.092153549194336,-4.861935138702393,-4.767453193664551,-4.556016445159912,-4.618984699249268,-2.565737247467041,0.5274368524551392,1.206418752670288,1.5984505414962769,-2.2280936241149902,-4.031515598297119,-5.795360088348389,-6.6597113609313965,-4.743764400482178,-7.548830986022949,-7.212428092956543,-5.820994853973389,-7.806919097900391,-6.390511512756348,-3.600217342376709,-5.942558288574219,-9.79716682434082,-5.230033874511719,-2.493528366088867,3.187051773071289,-4.676935195922852,-8.15143871307373,-10.146050453186035,-9.740842819213867,-2.4876086711883545,0.5733857750892639,1.1137148141860962
-2.3939709663391113,-4.497683525085449,-7.06394100189209,-7.823030471801758,-7.228837013244629,-7.951254367828369,-5.695034503936768,-4.977666854858398,-3.558166980743408,-2.3243401050567627,-1.2939155101776123,-4.6066107749938965,-4.72309684753418,-2.8620688915252686,-2.10465669631958,-3.220846176147461,-2.9873878955841064,0.5187931656837463,-0.007467071525752544,0.6617658138275146,-2.9433720111846924,-3.6125669479370117,-6.51021671295166,-7.990012168884277,-3.440563201904297,-1.6755907535552979,0.19025951623916626,-2.524190664291382,-8.90481948852539,-5.563051223754883,-4.212196350097656,-6.483095645904541,-7.916423320770264,-5.958593368530273,-2.8890249729156494,-1.3983961343765259,-7.052921295166016,-10.359623908996582,-8.90520191192627,-9.153383255004883,-5.659512519836426,0.9367709159851074,1.9598134756088257
-2.4537439346313477,-4.863442897796631,-6.569809913635254,-7.951227188110352,-8.309773445129395,-7.718184471130371,-6.640894889831543,-5.3271002769470215,-4.829699993133545,-3.6131224632263184,-3.547177314758301,-4.872232437133789,-4.293467044830322,-2.218735456466675,-0.32758134603500366,-0.7854123711585999,-2.9971673488616943,-0.9513274431228638,0.03663657233119011,-0.31027787923812866,-1.0274295806884766,-2.9896864891052246,-4.922669410705566,-7.422306060791016,-2.815708637237549,0.2099766582250595,1.8149882555007935,1.9999347925186157,-6.8829827308654785,-4.730683326721191,-3.821211814880371,-4.758227348327637,-5.226308345794678,-5.570133686065674,-4.524405479431152,-4.35725212097168,-5.787396430969238,-5.7467756271362305,-1.912505865097046,-9.349968910217285,-4.143876075744629,-3.580291748046875,0.4403925836086273
-1.9682716131210327,-4.789933204650879,-6.36020565032959,-7.338217258453369,-7.681765556335449,-7.675776481628418,-6.6984734535217285,-5.496882438659668,-4.288636207580566,-3.499537706375122,-2.9486310482025146,-3.5170629024505615,-3.5933034420013428,-1.946044683456421,-0.3501473367214203,1.9932143688201904,-2.028707504272461,-2.660226583480835,1.465222954750061,-0.6993139386177063,-0.19089166820049286,-1.7539465427398682,-4.309919357299805,-7.961442470550537,-3.824868679046631,-0.4667227268218994,0.8332178592681885,1.3649052381515503,-2.701188087463379,-7.850414752960205,-6.144730567932129,-5.344476699829102,-4.265833377838135,-4.157491207122803,-3.4639406204223633,-3.005674362182617,-2.2440996170043945,-3.831549882888794,-1.391594648361206,-4.501989841461182,-6.7414445877075195,-3.662172317504883,-1.599672555923462
-1.5013561248779297,-3.8420772552490234,-5.054708003997803,-5.780938148498535,-7.295722484588623,-7.861183166503906,-7.736484050750732,-6.133289813995361,-3.820740222930908,-2.4911293983459473,-1.809338092803955,-1.5457829236984253,-2.740764617919922,-2.2701923847198486,-0.3560989797115326,1.299586534500122,-1.269883632659912,-2.8641927242279053,1.18233323097229,-1.6001369953155518,0.24411825835704803,-0.7211875915527344,-2.662506580352783,-6.153351783752441,-2.9463720321655273,-1.4649804830551147,-0.46604499220848083,-0.8823043704032898,0.04022568464279175,-8.8392333984375,-8.387577056884766,-6.065147399902344,-4.26077938079834,-1.9036004543304443,-4.6055006980896,-5.559640884399414,-4.220567226409912,-1.901403784751892,-0.29103153944015503,-1.8410483598709106,-2.478407144546509,-2.6005425453186035,-0.646569013595581
0.8150506019592285,-1.6850916147232056,-2.9934656620025635,-4.148444175720215,-5.935802936553955,-7.194797992706299,-6.569115161895752,-5.83969783782959,-6.891051292419434,-1.4255003929138184,-1.9724394083023071,-1.2267236709594727,-1.2691653966903687,-1.8963797092437744,-0.8062111735343933,-0.3009280860424042,-1.9607086181640625,-3.1796817779541016,-1.0335280895233154,-1.572231411933899,-0.4418005049228668,-1.6915574073791504,-1.769938349723816,-3.612900733947754,-3.0944738388061523,-2.380779981613159,-1.6304340362548828,-0.46291229128837585,1.800742268562317,-3.165109157562256,-6.007291316986084,-4.969709873199463,-4.550477981567383,-1.6551257371902466,-4.62157678604126,-4.496279239654541,-2.8568148612976074,-0.2330755591392517,0.6147134304046631,-1.5207396745681763,-1.4413058757781982,-3.090428590774536,-0.2112773358821869
0.9308908581733704,-0.1892334669828415,-0.8172968029975891,-2.6536881923675537,-4.424020767211914,-5.1892242431640625,-6.716675281524658,-6.614649295806885,-7.170925140380859,-5.298958778381348,-4.863018035888672,-4.098499774932861,-2.4355521202087402,-1.5161168575286865,-1.050811529159546,-2.6331517696380615,-2.389040470123291,-2.3696277141571045,-3.3168554306030273,-1.6151255369186401,-2.798511266708374,-2.4235787391662598,-1.4014352560043335,-0.7065102458000183,-0.3803757429122925,-3.835186004638672,-2.2311248779296875,-2.529059886932373,0.04570360481739044,-0.3807838261127472,-2.2914228439331055,1.58892822265625,-4.1636762619018555,-5.0379767417907715,-5.473875045776367,-4.2395734786987305,-2.467491865158081,-2.796438217163086,-1.1292994022369385,-1.7970880270004272,-3.3883275985717773,-1.800145149230957,1.346029281616211
-1.9107728004455566,-0.4916113317012787,-0.933925449848175,-3.02607798576355,-4.22074031829834,-4.835083961486816,-6.250150680541992,-7.092104434967041,-7.217074871063232,-5.49246072769165,-4.399413585662842,-4.37058687210083,-4.794129371643066,-4.275931358337402,-1.599582314491272,-1.6984021663665771,0.18815749883651733,0.16971197724342346,-3.2663888931274414,-3.932640552520752,-3.5835092067718506,-3.1778597831726074,-1.343889594078064,-1.949069619178772,-1.462287187576294,-2.0651984214782715,-3.022252082824707,-4.636663436889648,-0.3141554296016693,1.882219910621643,-3.4932098388671875,8.975922584533691,3.0257701873779297,-1.4239344596862793,-4.351532459259033,-4.349742412567139,-0.7099964618682861,-1.48196542263031,-2.9939873218536377,-2.1434614658355713,-2.205200672149658,-1.4055386781692505,0.5977991819381714
-4.649768352508545,-5.57729959487915,-5.2106475830078125,-5.247188091278076,-5.727807998657227,-6.566188812255859,-6.146229267120361,-5.27355432510376,-4.363036632537842,-2.066066265106201,-1.7973254919052124,0.34747713804244995,0.8692538142204285,-0.11007780581712723,2.4769208431243896,5.028308868408203,5.835925102233887,5.98115873336792,5.106357097625732,-3.135488748550415,-4.651313304901123,-2.6646058559417725,-2.2227983474731445,-2.1869497299194336,-1.0015794038772583,-0.9223805069923401,-3.62463116645813,-5.213506698608398,-1.1927510499954224,1.5082811117172241,-3.56832218170166,8.446672439575195,9.962111473083496,6.702327728271484,3.519829273223877,-3.455152750015259,0.9384342432022095,1.3912200927734375,-0.23521406948566437,-1.2526283264160156,2.493722438812256,1.5124948024749756,0.2118314504623413
-5.316927433013916,-7.509682655334473,-7.550647735595703,-4.873343467712402,-4.18277645111084,-3.590420722961426,-1.0703225135803223,1.1613529920578003,0.33521613478660583,-0.34572187066078186,0.19163337349891663,4.479770183563232,4.277731418609619,0.5140504837036133,0.6868361234664917,3.993271589279175,6.938915252685547,6.249626636505127,7.524180889129639,3.750525712966919,-5.143712520599365,-2.6202328205108643,-2.4825148582458496,-1.3299323320388794,1.1979050636291504,0.4079363942146301,-0.2965739369392395,-4.965818881988525,-5.232871055603027,-4.104013442993164,-2.3960988521575928,3.8681070804595947,8.34128475189209,9.460168838500977,10.421360969543457,-0.4388658106327057,1.2755879163742065,5.149290561676025,1.2836554050445557,1.383536696434021,2.149894952774048,3.466707229614258,1.5156784057617188
-5.489328384399414,-4.231175899505615,-3.8461215496063232,-2.8769006729125977,-1.2802056074142456,-0.10258826613426208,3.6109578609466553,8.539117813110352,8.05583667755127,4.778478622436523,6.151261806488037,6.343283653259277,0.4959833323955536,1.4544856548309326,2.2789363861083984,3.012298583984375,5.20782470703125,9.12569522857666,6.454225540161133,6.511641025543213,-0.9755168557167053,-4.06572961807251,-2.525501251220703,-2.021919012069702,0.5668884515762329,-1.2929503917694092,1.9754420518875122,-2.429516077041626,-10.024325370788574,-3.884547472000122,-3.628849983215332,-1.4529688358306885,4.468369960784912,8.135781288146973,10.628244400024414,3.9112014770507812,3.884610652923584,6.996119499206543,7.142529010772705,5.657952785491943,4.483395099639893,1.1608049869537354,2.947808265686035
