data/wind_data/wind_18_9.json
{"header": {"parameterUnit": "KT", "parameterCategory": 2, "nx": 256, "ny": 198, "lo1": 44.73521041870117, "la1": -3.236724853515625, "lo2": 111.26478576660156, "la2": 43.468475341796875, "dx": 0.2609002888202667, "dy": -0.23708222806453705, "refTime": "2025-02-19 18:00:00", "forecastTime": 0, "parameterNumber": 2, "parameterNumberName": "eastward_wind"}, "data":
[rows 152 to 170 of 198, columns 86 to 128 of 256]
4.819655895233154,2.899250030517578,1.8202420473098755,1.4688810110092163,1.5291317701339722,2.494427442550659,3.4747860431671143,3.8080813884735107,2.966972827911377,2.5997514724731445,3.948969602584839,5.131369113922119,4.109055042266846,4.339746952056885,5.522954940795898,4.0459980964660645,2.461479902267456,3.8877241611480713,6.291431427001953,8.502631187438965,9.43688678741455,10.170428276062012,11.588337898254395,11.585617065429688,10.394815444946289,10.21863079071045,11.352001190185547,11.379449844360352,10.193042755126953,10.205866813659668,11.150019645690918,11.879510879516602,12.615038871765137,13.37234115600586,13.446497917175293,12.371964454650879,11.350908279418945,12.17652416229248,13.649029731750488,13.552417755126953,13.176145553588867,14.787335395812988,15.83167552947998
8.175590515136719,5.1485371589660645,3.3483524322509766,3.113415241241455,2.8380966186523438,2.322235107421875,2.3862271308898926,2.1288256645202637,1.523331880569458,2.4992012977600098,5.1901140213012695,6.819421291351318,5.039148807525635,4.277467727661133,5.210589408874512,4.204810619354248,2.964478015899658,3.613445997238159,5.6794047355651855,7.276096343994141,8.121818542480469,9.752309799194336,11.33940315246582,11.776514053344727,11.439423561096191,11.781122207641602,12.577489852905273,11.988871574401855,11.409905433654785,12.358227729797363,14.038414001464844,14.99303150177002,14.660076141357422,13.57950210571289,12.631834030151367,12.067301750183105,12.597644805908203,14.097309112548828,15.012162208557129,14.35533332824707,13.898591995239258,14.965677261352539,15.570194244384766
11.505276679992676,8.8275728225708,6.715723037719727,4.83662223815918,3.6599361896514893,2.9640257358551025,2.2525312900543213,0.5872550010681152,-0.17413082718849182,2.146324872970581,5.998132705688477,8.019586563110352,6.164086818695068,4.134816646575928,4.9841628074646,5.159017562866211,4.646237373352051,4.501952648162842,5.282237529754639,6.62444543838501,8.075546264648438,10.425291061401367,11.7181396484375,12.041550636291504,12.015671730041504,12.477011680603027,12.51441764831543,11.873126983642578,12.091662406921387,13.697613716125488,15.459723472595215,16.360965728759766,16.23061180114746,15.436704635620117,14.498198509216309,14.351839065551758,15.222880363464355,15.692944526672363,15.407800674438477,14.697319984436035,14.288485527038574,14.62122631072998,14.56942367553711
13.202102661132812,11.636143684387207,10.421716690063477,7.559551239013672,5.001101970672607,4.003260612487793,2.7147417068481445,0.7750461101531982,0.3070906400680542,2.9274656772613525,6.717783451080322,8.602192878723145,7.124111175537109,4.486883163452148,4.949912071228027,6.308413505554199,6.279645919799805,5.78166389465332,5.948426246643066,7.297415733337402,9.160324096679688,11.096699714660645,12.011609077453613,12.423928260803223,12.655701637268066,12.619929313659668,12.220640182495117,12.303750038146973,13.068254470825195,13.768718719482422,14.264331817626953,14.892786979675293,15.45721435546875,15.641359329223633,16.114086151123047,17.090919494628906,16.944456100463867,15.610721588134766,14.560215950012207,14.024826049804688,14.04727554321289,14.036012649536133,12.986786842346191
14.35473918914795,13.231070518493652,12.832718849182129,10.355915069580078,7.1589226722717285,5.244464874267578,3.1628100872039795,1.6553560495376587,2.0701889991760254,4.415240287780762,7.382272720336914,9.090168952941895,7.931021213531494,4.8279500007629395,4.463338375091553,6.792654514312744,8.392690658569336,8.594059944152832,8.572527885437012,9.153109550476074,10.010604858398438,10.490581512451172,11.229791641235352,12.376237869262695,12.785555839538574,12.191116333007812,12.039880752563477,13.116500854492188,13.896698951721191,13.404252052307129,12.748162269592285,13.170564651489258,14.60766315460205,16.209096908569336,17.690767288208008,18.061567306518555,16.26866340637207,13.603607177734375,11.877934455871582,11.901151657104492,12.345964431762695,11.20203971862793,8.843865394592285
15.540878295898438,14.427062034606934,14.015198707580566,12.149932861328125,9.749810218811035,7.559541702270508,4.152410507202148,1.9156635999679565,3.2337963581085205,5.832415580749512,7.619104385375977,8.616455078125,8.060166358947754,5.644615650177002,5.070786952972412,7.452174663543701,10.017090797424316,11.415327072143555,11.883179664611816,11.600436210632324,10.573162078857422,9.386194229125977,9.796287536621094,11.162640571594238,11.26854133605957,10.54931354522705,11.125432968139648,12.815844535827637,13.478815078735352,12.867485046386719,12.588784217834473,13.886526107788086,16.357297897338867,18.155447006225586,18.320030212402344,16.961503982543945,14.40499496459961,10.98582935333252,9.224038124084473,9.553393363952637,9.043190002441406,6.744023323059082,4.50175666809082
16.257081985473633,15.502359390258789,14.509777069091797,12.765316009521484,12.042123794555664,10.743313789367676,6.328937530517578,2.4807112216949463,3.2558984756469727,5.574970245361328,6.77504825592041,8.198723793029785,9.314736366271973,8.057353973388672,6.834046363830566,8.429009437561035,11.154191017150879,13.00418758392334,13.728013038635254,13.240198135375977,11.328788757324219,9.140463829040527,8.832137107849121,10.084941864013672,10.768196105957031,10.535975456237793,10.755268096923828,11.480284690856934,11.626543998718262,11.499541282653809,12.834799766540527,15.94738483428955,18.640464782714844,19.040246963500977,17.259042739868164,15.016654968261719,12.227296829223633,9.291594505310059,7.977367401123047,7.1600565910339355,5.132376194000244,2.5547752380371094,2.862107515335083
16.6522274017334,15.600537300109863,14.058743476867676,12.60400104522705,13.334420204162598,13.13741683959961,8.68596363067627,3.9277422428131104,2.98476243019104,4.661189556121826,6.200042724609375,7.995665550231934,10.09619426727295,10.598177909851074,10.067060470581055,10.561110496520996,11.909394264221191,13.169877052307129,13.933449745178223,13.956153869628906,12.39273738861084,9.80983829498291,8.77470588684082,9.979976654052734,11.863996505737305,12.786966323852539,12.565217018127441,11.664952278137207,10.532432556152344,10.6470308303833,13.32121467590332,17.03329849243164,18.738981246948242,17.30898666381836,14.617440223693848,12.384515762329102,9.599424362182617,7.119212627410889,5.659736156463623,3.775305986404419,1.9426238536834717,2.558903932571411,6.051727771759033
17.19495964050293,14.975876808166504,12.826713562011719,12.014169692993164,13.881590843200684,14.635802268981934,10.670769691467285,5.966485500335693,3.9064724445343018,4.769428253173828,6.32082462310791,7.877492904663086,10.457863807678223,12.557170867919922,12.561101913452148,12.160398483276367,12.813484191894531,13.435918807983398,13.244625091552734,12.741246223449707,11.919952392578125,10.815694808959961,10.461389541625977,11.281061172485352,12.615105628967285,13.578506469726562,13.712472915649414,12.837770462036133,11.397184371948242,11.398798942565918,13.821020126342773,16.541929244995117,16.64293098449707,14.16917610168457,11.540852546691895,8.83198356628418,6.633269309997559,5.427250862121582,3.7475929260253906,2.650728225708008,3.3938639163970947,5.875615119934082,8.529314041137695
17.473060607910156,14.868659973144531,12.379805564880371,11.534512519836426,13.653708457946777,15.507455825805664,12.731922149658203,8.68741512298584,6.460484027862549,5.967007160186768,6.6550445556640625,8.299286842346191,10.95526123046875,13.280176162719727,13.926454544067383,13.221779823303223,12.881368637084961,13.0868558883667,12.605484008789062,11.738422393798828,11.37498664855957,11.246703147888184,11.456982612609863,12.32504940032959,13.392712593078613,14.30298900604248,14.345900535583496,12.891732215881348,11.359291076660156,11.797356605529785,13.846270561218262,15.28429889678955,13.660579681396484,11.016183853149414,8.17071533203125,6.087608337402344,6.191159248352051,6.130735874176025,5.335355281829834,5.254744052886963,6.5042009353637695,7.459432601928711,7.46386194229126
17.677200317382812,15.349152565002441,12.734508514404297,11.542037963867188,13.194796562194824,15.525331497192383,14.458535194396973,11.610994338989258,9.51291275024414,8.065533638000488,7.846989631652832,9.249028205871582,11.428378105163574,13.23480224609375,13.969072341918945,13.627415657043457,12.999177932739258,12.322559356689453,11.771659851074219,12.101694107055664,12.931241989135742,12.699640274047852,12.039109230041504,12.579017639160156,13.986940383911133,15.274043083190918,15.039776802062988,12.709467887878418,10.681286811828613,11.18779182434082,13.329099655151367,13.734381675720215,10.87362003326416,7.591065406799316,5.040887355804443,5.157097339630127,6.503207206726074,7.258550643920898,8.149717330932617,7.870953559875488,7.275542736053467,7.031543254852295,5.72797966003418
17.8797607421875,16.008953094482422,13.579180717468262,12.29541015625,13.483525276184082,15.72548770904541,15.806211471557617,13.880620002746582,11.748748779296875,10.15504264831543,10.079710006713867,11.145511627197266,11.918279647827148,12.426785469055176,13.134946823120117,13.491256713867188,12.609785079956055,11.64487361907959,11.806394577026367,13.230917930603027,15.026881217956543,15.139972686767578,13.902320861816406,13.383600234985352,13.981426239013672,14.819554328918457,14.466215133666992,12.673506736755371,11.233541488647461,11.699363708496094,13.141098976135254,12.097763061523438,8.764431953430176,5.098870754241943,3.579425096511841,4.293564319610596,5.220613479614258,7.065353870391846,7.812858581542969,7.165072441101074,7.602054119110107,7.624349594116211,6.819777965545654
18.51983642578125,17.0206356048584,14.484540939331055,13.192303657531738,14.496626853942871,17.004056930541992,17.576732635498047,15.435006141662598,12.601455688476562,11.132110595703125,11.74976634979248,13.253376960754395,13.070144653320312,11.71470832824707,11.81606674194336,12.846574783325195,12.179100036621094,10.60956859588623,11.21008586883545,14.251508712768555,17.256105422973633,17.584888458251953,16.14460563659668,14.941802024841309,14.240981101989746,13.757916450500488,12.93384075164795,11.956343650817871,12.048802375793457,13.272469520568848,13.423884391784668,11.178442001342773,7.6526713371276855,4.004366874694824,2.495255708694458,2.5172243118286133,3.5805938243865967,5.603880882263184,6.379810810089111,6.1006927490234375,5.991014003753662,7.840217590332031,8.460960388183594
19.122074127197266,18.735403060913086,16.455875396728516,14.23311996459961,14.797656059265137,17.691688537597656,19.277236938476562,17.036251068115234,12.8250093460083,10.687146186828613,11.734905242919922,14.301568031311035,14.762519836425781,12.090673446655273,10.05519962310791,10.555926322937012,11.058012008666992,10.519709587097168,11.073938369750977,14.220182418823242,17.907546997070312,19.19407081604004,18.01922035217285,16.199628829956055,14.650935173034668,13.15384292602539,11.565526962280273,10.722273826599121,11.50721263885498,13.01481819152832,12.496818542480469,9.662640571594238,6.061957836151123,3.2018933296203613,2.0031230449676514,1.784961462020874,3.185302734375,5.556434631347656,6.1985039710998535,5.694894313812256,6.279350757598877,8.354026794433594,8.149737358093262
19.302501678466797,19.908519744873047,19.195022583007812,16.695392608642578,15.404417037963867,17.370569229125977,19.612295150756836,18.09073829650879,13.3573637008667,9.73386001586914,9.99185562133789,13.203347206115723,15.528026580810547,13.626327514648438,9.524894714355469,8.060944557189941,9.301538467407227,10.985478401184082,12.553316116333008,14.668261528015137,17.189889907836914,18.898271560668945,18.805273056030273,17.099706649780273,14.957910537719727,12.736444473266602,10.54482650756836,9.378118515014648,10.114255905151367,11.456340789794922,10.335238456726074,6.933659553527832,3.9812264442443848,2.9968764781951904,2.674443483352661,2.647991895675659,4.230027198791504,7.0863037109375,7.371331214904785,6.025272369384766,6.050915241241455,6.711634159088135,5.026342868804932
20.20778465270996,20.27052116394043,20.68702507019043,19.534982681274414,17.33914566040039,17.309741973876953,18.74236297607422,17.97770118713379,14.162251472473145,9.887798309326172,8.459700584411621,10.828104972839355,14.256779670715332,14.46450138092041,11.006292343139648,7.892130374908447,8.20877742767334,10.793728828430176,13.949838638305664,16.051658630371094,16.34807586669922,16.319171905517578,16.78548812866211,16.908531188964844,15.860846519470215,13.267866134643555,10.10356616973877,8.70207405090332,9.826130867004395,10.646258354187012,8.053328514099121,4.1357903480529785,2.855900287628174,3.671468496322632,3.8360040187835693,4.052807807922363,7.053836345672607,9.812679290771484,8.325093269348145,5.4979567527771,4.110478401184082,2.680765151977539,0.9857363104820251
22.355939865112305,21.156753540039062,20.86800765991211,20.910646438598633,19.755258560180664,18.392168045043945,17.87553596496582,16.60014533996582,13.889901161193848,10.73159408569336,9.02904987335205,9.929405212402344,12.46255874633789,13.84042739868164,12.319254875183105,9.083089828491211,8.032463073730469,10.267050743103027,14.090678215026855,16.353572845458984,15.198765754699707,13.343628883361816,13.804509162902832,15.673898696899414,16.0893497467041,13.565545082092285,10.419149398803711,9.814737319946289,11.092944145202637,10.191483497619629,6.296864032745361,3.4335508346557617,3.669975996017456,4.720249176025391,5.17282772064209,7.274419784545898,10.737110137939453,11.417718887329102,7.9261956214904785,3.860112190246582,1.874582052230835,-0.01357380673289299,-0.44161802530288696
24.84261131286621,22.90885353088379,21.04705238342285,20.799976348876953,20.964139938354492,20.031930923461914,18.229509353637695,15.497064590454102,12.436848640441895,10.413651466369629,10.052547454833984,10.958020210266113,12.277549743652344,13.163036346435547,12.756808280944824,10.522065162658691,8.694307327270508,9.94959545135498,13.186915397644043,15.127697944641113,14.286108016967773,12.781841278076172,12.825749397277832,13.984745025634766,14.182199478149414,12.47159194946289,11.162277221679688,11.947022438049316,12.710294723510742,10.530234336853027,6.834233283996582,4.877431392669678,4.873348712921143,5.964834690093994,8.188484191894531,10.776623725891113,12.504542350769043,11.626846313476562,6.791083335876465,2.9063804149627686,1.9132035970687866,0.6664919257164001,0.7058112025260925
26.693891525268555,24.72003746032715,21.694042205810547,20.488780975341797,20.83936882019043,20.89012908935547,19.419870376586914,16.231075286865234,12.257878303527832,9.75936508178711,9.855118751525879,11.633578300476074,13.107223510742188,13.29367733001709,12.782631874084473,11.788588523864746,10.523138999938965,10.554546356201172,12.004338264465332,13.21823787689209,13.364886283874512,12.808181762695312,12.396000862121582,12.710997581481934,12.569098472595215,11.504616737365723,11.71020793914795,13.797457695007324,14.524672508239746,11.7450532913208,7.907437324523926,5.9632768630981445,5.972738742828369,8.865556716918945,11.463349342346191,12.347899436950684,12.838750839233398,10.869220733642578,6.60385274887085,4.329201698303223,3.4055335521698,2.730959415435791,2.313443183898926
