data/wind_data/wind_48_4.json
{"header": {"parameterUnit": "KT", "parameterCategory": 2, "nx": 256, "ny": 198, "lo1": 44.73521041870117, "la1": -3.236724853515625, "lo2": 111.26478576660156, "la2": 43.468475341796875, "dx": 0.2609002888202667, "dy": -0.23708222806453705, "refTime": "2025-02-21 00:00:00", "forecastTime": 0, "parameterNumber": 2, "parameterNumberName": "eastward_wind"}, "data":
[rows 114 to 132 of 198, columns 132 to 175 of 256]
19.11235809326172,17.42961311340332,15.71220588684082,14.992828369140625,16.16981315612793,17.944997787475586,18.8031063079834,19.22774314880371,19.247791290283203,19.69770622253418,20.679040908813477,21.929035186767578,23.232772827148438,24.6107234954834,25.520429611206055,25.764087677001953,25.998065948486328,26.174089431762695,24.975601196289062,22.67500877380371,21.06053352355957,20.558134078979492,20.347883224487305,20.069456100463867,20.03582000732422,20.207006454467773,20.216503143310547,19.876543045043945,19.23619842529297,18.610912322998047,18.269140243530273,18.41419792175293,19.028491973876953,19.73056411743164,20.02950096130371,19.8563289642334,19.58125114440918,19.378000259399414,19.326541900634766,19.5237979888916,20.28126335144043,21.457035064697266,22.712175369262695,23.076560974121094
20.56829833984375,18.691619873046875,16.864959716796875,16.16574478149414,16.997724533081055,18.243619918823242,18.776838302612305,19.33786964416504,19.65410804748535,20.184200286865234,21.323253631591797,22.690610885620117,24.091733932495117,25.3382511138916,26.041109085083008,26.097471237182617,26.18412971496582,26.66683578491211,26.01899528503418,23.902883529663086,22.19039535522461,21.51579475402832,20.932743072509766,20.398557662963867,20.409971237182617,20.747108459472656,20.964494705200195,20.803693771362305,20.241378784179688,19.59624481201172,19.135814666748047,19.07957649230957,19.327274322509766,19.603540420532227,19.826873779296875,19.9868106842041,20.19837188720703,20.48455810546875,20.70993995666504,20.900245666503906,21.471343994140625,22.568368911743164,23.622465133666992,24.359189987182617
22.047706604003906,20.494918823242188,18.72894287109375,17.957304000854492,17.807022094726562,17.823238372802734,18.316186904907227,19.508743286132812,20.42849349975586,21.122169494628906,22.009353637695312,23.246265411376953,24.506568908691406,25.424179077148438,25.994722366333008,26.46082878112793,26.913776397705078,27.74223518371582,27.476274490356445,25.292800903320312,23.27851676940918,22.528825759887695,22.1861629486084,21.981168746948242,21.912111282348633,21.799076080322266,21.62208366394043,21.337329864501953,20.959062576293945,20.55235481262207,20.190889358520508,19.995166778564453,19.817134857177734,19.674575805664062,19.873674392700195,20.561800003051758,21.44426918029785,22.081804275512695,22.362150192260742,22.637718200683594,23.194316864013672,23.900005340576172,24.43252182006836,24.850629806518555
23.058361053466797,21.886945724487305,20.389604568481445,19.611135482788086,19.258136749267578,18.978181838989258,19.209304809570312,20.106142044067383,20.974706649780273,21.844013214111328,23.059093475341797,24.454668045043945,25.300992965698242,25.219707489013672,24.77632713317871,25.17513084411621,26.69129180908203,28.309873580932617,28.662595748901367,26.831172943115234,24.451080322265625,23.40052604675293,23.381431579589844,23.418779373168945,23.174524307250977,22.623552322387695,22.024219512939453,21.576231002807617,21.35143280029297,21.186426162719727,21.089712142944336,20.805625915527344,20.247175216674805,19.964353561401367,20.52943992614746,21.964208602905273,23.262672424316406,23.692302703857422,23.765636444091797,24.226654052734375,24.991485595703125,25.4127254486084,25.303617477416992,25.34262466430664
23.38196563720703,22.421947479248047,21.01032257080078,20.55599594116211,21.035144805908203,21.454925537109375,21.593849182128906,21.625871658325195,21.763587951660156,22.53425407409668,24.07183074951172,25.403581619262695,26.04352569580078,26.271427154541016,26.293926239013672,25.329458236694336,25.161216735839844,26.56903839111328,28.45333480834961,28.36424446105957,26.394960403442383,24.8160400390625,24.246076583862305,24.166030883789062,23.867555618286133,23.189611434936523,22.5562686920166,22.29230499267578,22.235628128051758,22.019887924194336,21.830974578857422,21.30242156982422,20.725492477416992,20.726757049560547,22.07034683227539,24.193103790283203,25.286636352539062,25.112442016601562,25.27002716064453,26.437467575073242,27.77174949645996,27.915569305419922,27.156089782714844,26.999969482421875
23.26211929321289,22.372821807861328,20.912363052368164,21.26235008239746,23.189002990722656,24.450559616088867,23.55666160583496,22.59293556213379,22.930770874023438,24.10552406311035,25.9490909576416,27.655935287475586,28.659032821655273,29.289960861206055,29.91126251220703,30.523603439331055,27.8275089263916,23.438884735107422,24.599079132080078,28.122236251831055,28.451616287231445,26.45643424987793,24.876169204711914,24.350465774536133,23.964012145996094,23.299449920654297,22.844270706176758,22.94145965576172,23.400907516479492,23.757741928100586,23.80863380432129,23.010848999023438,22.870397567749023,23.700700759887695,25.198575973510742,26.777883529663086,26.954364776611328,26.716167449951172,28.526668548583984,31.075904846191406,32.67255401611328,32.00182342529297,30.57518768310547,30.11444854736328
22.740013122558594,22.609601974487305,21.529111862182617,22.283424377441406,24.765884399414062,26.054973602294922,24.847545623779297,23.79759979248047,24.32935333251953,25.73192596435547,27.272319793701172,28.8643798828125,30.606719970703125,32.531124114990234,34.74590301513672,36.75141525268555,34.67924499511719,26.104066848754883,21.09130096435547,24.118816375732422,27.490949630737305,27.170360565185547,25.446998596191406,24.252290725708008,23.200288772583008,22.287778854370117,22.328893661499023,23.140155792236328,24.31121253967285,25.376035690307617,25.49542808532715,24.50262451171875,24.863534927368164,26.763383865356445,28.189361572265625,29.349720001220703,30.509313583374023,32.4089469909668,34.90060043334961,35.99176025390625,35.97427749633789,34.8484001159668,33.31627655029297,32.06928634643555
22.36103057861328,22.48578453063965,23.048402786254883,24.10110092163086,25.939695358276367,26.427370071411133,25.56806755065918,25.852210998535156,27.351293563842773,27.519073486328125,27.16938018798828,28.942609786987305,32.103153228759766,34.35438537597656,35.57651901245117,38.20791244506836,40.00491714477539,33.07643508911133,23.518306732177734,22.43797492980957,25.18234634399414,26.075986862182617,24.745912551879883,23.018524169921875,21.633190155029297,20.92352294921875,21.306472778320312,22.84549903869629,25.227136611938477,26.670759201049805,26.957792282104492,26.541526794433594,27.476655960083008,30.48147964477539,30.982521057128906,31.315879821777344,33.2481575012207,36.33018112182617,37.04355239868164,35.58608627319336,34.03458023071289,31.466440200805664,29.399702072143555,28.815807342529297
22.564226150512695,22.79715919494629,24.093971252441406,25.715600967407227,27.18344497680664,27.394380569458008,26.742534637451172,26.588890075683594,28.487207412719727,31.052324295043945,31.904762268066406,31.691226959228516,31.54646110534668,31.977293014526367,32.96446990966797,36.374874114990234,42.697479248046875,45.36442184448242,37.34675598144531,26.04747772216797,22.825183868408203,24.145458221435547,22.955795288085938,21.189620971679688,20.213253021240234,20.389007568359375,21.599443435668945,24.905616760253906,29.774736404418945,29.09451675415039,29.818077087402344,30.384075164794922,30.80567169189453,34.197025299072266,34.13791275024414,32.928890228271484,33.07740783691406,35.25898742675781,36.76629638671875,32.22038650512695,26.97987937927246,24.110586166381836,25.210935592651367,27.183082580566406
22.544771194458008,23.462926864624023,24.849123001098633,26.573410034179688,28.422624588012695,28.269222259521484,27.54741668701172,26.482147216796875,28.72978401184082,35.92211151123047,33.71355056762695,26.008543014526367,26.147445678710938,31.446170806884766,35.074588775634766,35.794185638427734,42.773155212402344,44.31688690185547,32.3797492980957,21.809553146362305,20.978618621826172,22.246370315551758,21.3123836517334,20.502424240112305,20.274721145629883,20.933982849121094,23.794015884399414,28.513132095336914,32.90184783935547,37.91401672363281,35.546485900878906,32.23111343383789,30.61297607421875,32.804744720458984,35.39346694946289,30.878023147583008,29.157825469970703,30.96773910522461,35.27368927001953,30.38766098022461,26.213796615600586,26.551969528198242,28.26789665222168,30.354719161987305
22.77804946899414,24.135616302490234,25.46892738342285,27.121795654296875,28.51514434814453,28.27788543701172,27.852340698242188,28.10418701171875,30.8778133392334,33.855133056640625,32.360931396484375,31.27892303466797,33.45044708251953,36.78242874145508,38.42841720581055,35.2006721496582,37.795196533203125,39.80302047729492,25.911338806152344,16.173704147338867,17.409255981445312,18.71083641052246,18.674406051635742,19.83677864074707,22.56773567199707,25.22313690185547,27.20732879638672,29.685291290283203,33.05128860473633,36.79526901245117,33.904640197753906,25.248945236206055,26.95050048828125,31.13748550415039,33.716060638427734,32.747947692871094,32.240570068359375,32.93797302246094,32.6211051940918,31.613271713256836,29.495309829711914,29.493499755859375,30.424985885620117,33.85681915283203
23.22327995300293,24.53396987915039,25.81492805480957,27.040441513061523,27.706754684448242,28.32991600036621,29.18169403076172,30.087251663208008,31.191734313964844,31.58206558227539,31.283079147338867,33.629085540771484,35.28864669799805,34.334041595458984,35.33668899536133,35.74323272705078,36.56996536254883,40.525264739990234,33.737060546875,16.941335678100586,11.291728973388672,14.57859992980957,16.78777313232422,19.741647720336914,24.147098541259766,28.029756546020508,28.66191864013672,30.192398071289062,32.34714126586914,33.218231201171875,32.7769889831543,30.854455947875977,30.191974639892578,31.574405670166016,31.673357009887695,31.806039810180664,32.3059196472168,32.24386215209961,30.70098304748535,28.567676544189453,27.53482437133789,27.555965423583984,29.46636199951172,30.5421085357666
23.451885223388672,24.708051681518555,25.74311637878418,26.130611419677734,27.02613067626953,28.713638305664062,29.25080680847168,29.80994987487793,29.86549186706543,28.653173446655273,30.33551788330078,33.78426742553711,30.015668869018555,29.269567489624023,38.02235794067383,38.36052703857422,35.759483337402344,28.752674102783203,19.536619186401367,14.970129013061523,14.655435562133789,14.707859992980957,16.250526428222656,20.199804306030273,24.974794387817383,28.886638641357422,30.1038875579834,30.408432006835938,30.384342193603516,30.18182373046875,31.241334915161133,31.34662628173828,29.780189514160156,28.617151260375977,29.440265655517578,30.955101013183594,31.332401275634766,30.080541610717773,28.8651180267334,27.48982810974121,27.052541732788086,27.042739868164062,28.762447357177734,29.424013137817383
23.441102981567383,24.74052619934082,24.885467529296875,25.595932006835938,26.69690704345703,28.62009620666504,28.86087989807129,30.289287567138672,30.662975311279297,30.089609146118164,30.50922966003418,30.125024795532227,30.10824966430664,30.356109619140625,32.60017013549805,37.42753982543945,38.04346466064453,37.055458068847656,30.49907684326172,24.283817291259766,27.017364501953125,27.675737380981445,25.461360931396484,24.812360763549805,26.407386779785156,29.75558090209961,31.749889373779297,31.200803756713867,30.338356018066406,29.808345794677734,29.960407257080078,30.56679916381836,29.055408477783203,27.584707260131836,29.16848373413086,30.389816284179688,29.30645751953125,27.972217559814453,26.864927291870117,26.522918701171875,27.124425888061523,28.108776092529297,29.64284324645996,29.073617935180664
23.619632720947266,24.44133758544922,24.99608039855957,26.384937286376953,28.079771041870117,30.068063735961914,30.980911254882812,31.81731414794922,31.745466232299805,30.43463706970215,31.123363494873047,31.894018173217773,32.25593948364258,33.07007598876953,33.76769256591797,37.358184814453125,42.13320541381836,42.7681999206543,40.776580810546875,41.03642272949219,41.97410202026367,39.412445068359375,35.63589096069336,31.9820499420166,30.372337341308594,30.70734214782715,31.455047607421875,31.052183151245117,29.45635223388672,27.897720336914062,27.995227813720703,28.726953506469727,27.75057029724121,27.522586822509766,28.371496200561523,27.55530548095703,26.38728904724121,26.050106048583984,25.506900787353516,25.81218719482422,27.331968307495117,28.64392852783203,29.903076171875,28.784793853759766
25.33823013305664,27.153076171875,28.348894119262695,29.459936141967773,30.946733474731445,32.50775146484375,32.9714241027832,32.74092483520508,31.56789207458496,30.658418655395508,32.32272720336914,34.73512649536133,35.5578498840332,35.542049407958984,35.31126022338867,36.261451721191406,41.21480178833008,44.951419830322266,43.709407806396484,42.61381912231445,42.39056396484375,38.71677780151367,33.63142776489258,30.649221420288086,30.103391647338867,30.14607810974121,30.405921936035156,29.752063751220703,25.81737518310547,24.358440399169922,26.1881103515625,27.177854537963867,26.688417434692383,26.150972366333008,25.25014877319336,24.631717681884766,25.095643997192383,24.899269104003906,24.278398513793945,24.687332153320312,26.54771614074707,27.035446166992188,27.330049514770508,28.34080696105957
28.20159339904785,31.180160522460938,32.5891227722168,32.454463958740234,32.58928298950195,32.89176940917969,33.24004364013672,33.05442428588867,32.32630920410156,31.627765655517578,32.4612922668457,34.43067169189453,38.154727935791016,42.99028778076172,46.06773376464844,46.122310638427734,46.40283966064453,45.59056854248047,40.54983901977539,37.853397369384766,39.743865966796875,37.00715637207031,30.969684600830078,27.95238494873047,28.36240005493164,28.505556106567383,28.476083755493164,26.06577491760254,21.25803565979004,20.162940979003906,22.610586166381836,24.128564834594727,23.337732315063477,22.370908737182617,22.899330139160156,24.47435760498047,25.93049430847168,24.425979614257812,22.441938400268555,22.8111572265625,24.462467193603516,25.070096969604492,24.671541213989258,27.10768699645996
32.081581115722656,32.66671371459961,32.31165313720703,30.650833129882812,30.628549575805664,30.85399627685547,35.03842544555664,40.64935302734375,42.83787155151367,41.5792121887207,36.76877212524414,38.22202682495117,44.97932434082031,49.902549743652344,49.56379318237305,46.341426849365234,43.99533462524414,40.984214782714844,37.7730598449707,38.484886169433594,37.3004264831543,32.1339225769043,27.699975967407227,26.715139389038086,27.58462905883789,27.948408126831055,25.530742645263672,21.31150245666504,18.156517028808594,18.10318374633789,20.01083755493164,21.94124984741211,22.179344177246094,23.730119705200195,26.867826461791992,28.616119384765625,29.306987762451172,26.567768096923828,22.648752212524414,22.253925323486328,22.758045196533203,24.407638549804688,24.54172706604004,26.188615798950195
35.91835021972656,33.9290885925293,32.36895751953125,30.119821548461914,28.81928825378418,30.56570816040039,38.01836395263672,47.32306671142578,49.557289123535156,45.71651840209961,36.70209503173828,28.994674682617188,31.893123626708984,38.2447624206543,37.55095672607422,34.384124755859375,34.257572174072266,37.558807373046875,42.19902801513672,43.941627502441406,38.70799255371094,31.710607528686523,28.29435157775879,27.295146942138672,26.65232276916504,26.04364013671875,22.98222541809082,19.04633331298828,18.107688903808594,19.824453353881836,21.71473503112793,23.787410736083984,25.117454528808594,27.097129821777344,29.594173431396484,31.239707946777344,31.172725677490234,28.664710998535156,24.798465728759766,22.558603286743164,21.569210052490234,22.508316040039062,22.854013442993164,24.161897659301758
