data/wind_data/wind_47_5.json
{"header": {"parameterUnit": "KT", "parameterCategory": 2, "nx": 256, "ny": 198, "lo1": 44.73521041870117, "la1": -3.236724853515625, "lo2": 111.26478576660156, "la2": 43.468475341796875, "dx": 0.2609002888202667, "dy": -0.23708222806453705, "refTime": "2025-02-20 23:00:00", "forecastTime": 0, "parameterNumber": 2, "parameterNumberName": "eastward_wind"}, "data":
[rows 38 to 56 of 198, columns 44 to 87 of 256]
-26.240589141845703,-26.771900177001953,-27.260757446289062,-27.53830909729004,-27.67791175842285,-27.829275131225586,-28.01732635498047,-28.241071701049805,-28.45170783996582,-28.7283992767334,-28.95342254638672,-29.042726516723633,-29.1279239654541,-29.24003028869629,-29.20595932006836,-28.925825119018555,-28.426361083984375,-28.1275577545166,-28.37944221496582,-28.787620544433594,-28.949542999267578,-28.569717407226562,-28.28099822998047,-27.778549194335938,-27.547922134399414,-27.218887329101562,-26.87982749938965,-26.36384391784668,-25.761310577392578,-25.412891387939453,-25.443641662597656,-25.42209815979004,-25.109634399414062,-24.822439193725586,-24.784212112426758,-24.767608642578125,-24.4403133392334,-23.91180419921875,-23.345890045166016,-23.108158111572266,-22.670352935791016,-21.969215393066406,-21.23738670349121,-20.628969192504883
-26.379186630249023,-26.827133178710938,-27.159629821777344,-27.43184471130371,-27.638948440551758,-27.89995765686035,-28.153106689453125,-28.23165512084961,-28.23430061340332,-28.465219497680664,-28.830129623413086,-28.974002838134766,-28.87904167175293,-28.95057487487793,-28.96328353881836,-28.94795036315918,-28.601627349853516,-28.028657913208008,-27.841503143310547,-27.996353149414062,-28.159643173217773,-28.13624382019043,-27.9427490234375,-27.490188598632812,-27.08464241027832,-26.663976669311523,-26.299236297607422,-25.921842575073242,-25.501218795776367,-25.13097381591797,-24.962228775024414,-24.866182327270508,-24.79652214050293,-24.691261291503906,-24.479751586914062,-24.173349380493164,-23.75011444091797,-23.36237335205078,-23.0134220123291,-22.53003692626953,-21.870342254638672,-21.25041389465332,-20.588308334350586,-19.990686416625977
-26.377994537353516,-26.915773391723633,-27.069913864135742,-27.075145721435547,-27.225034713745117,-27.620685577392578,-28.066160202026367,-28.221101760864258,-28.081449508666992,-28.00057601928711,-28.242233276367188,-28.57425880432129,-28.628517150878906,-28.537931442260742,-28.476015090942383,-28.290220260620117,-28.27247428894043,-27.861665725708008,-27.56119728088379,-27.3928279876709,-27.38409423828125,-27.303071975708008,-27.152189254760742,-26.99131965637207,-26.684906005859375,-26.320913314819336,-25.927940368652344,-25.472423553466797,-24.972166061401367,-24.68939208984375,-24.72834014892578,-24.751224517822266,-24.517690658569336,-24.230085372924805,-24.00444221496582,-23.67194175720215,-23.226491928100586,-22.905902862548828,-22.576168060302734,-21.96689796447754,-21.30927085876465,-20.80650520324707,-20.18572235107422,-19.57364273071289
-25.994474411010742,-26.745906829833984,-26.991973876953125,-26.764379501342773,-26.575881958007812,-26.754060745239258,-27.28773307800293,-27.783662796020508,-27.968725204467773,-27.81268310546875,-27.644594192504883,-27.764236450195312,-28.078941345214844,-28.202425003051758,-27.8712215423584,-27.62127685546875,-27.58159065246582,-27.376712799072266,-27.1397647857666,-26.97763442993164,-26.849138259887695,-26.640758514404297,-26.512367248535156,-26.38494873046875,-26.09484100341797,-25.803409576416016,-25.56663703918457,-25.328577041625977,-24.880908966064453,-24.351255416870117,-24.088178634643555,-24.103899002075195,-24.0544376373291,-23.79230308532715,-23.41048812866211,-23.002225875854492,-22.6159610748291,-22.31743812561035,-22.040925979614258,-21.59602165222168,-21.030052185058594,-20.45927619934082,-19.715972900390625,-19.00385856628418
-25.272310256958008,-26.050861358642578,-26.481109619140625,-26.359968185424805,-25.98050880432129,-25.85582733154297,-26.242462158203125,-26.889925003051758,-27.411052703857422,-27.566591262817383,-27.435035705566406,-27.303293228149414,-27.338762283325195,-27.41796875,-27.373592376708984,-27.327621459960938,-27.219085693359375,-26.905502319335938,-26.583585739135742,-26.34528350830078,-26.37090492248535,-26.282203674316406,-26.069780349731445,-25.725576400756836,-25.31322479248047,-24.883392333984375,-24.590946197509766,-24.450817108154297,-24.325946807861328,-24.012619018554688,-23.74962615966797,-23.7037353515625,-23.61018180847168,-23.26358413696289,-22.760679244995117,-22.358888626098633,-22.059520721435547,-21.646291732788086,-21.240337371826172,-20.89142417907715,-20.53775405883789,-20.064970016479492,-19.377206802368164,-18.553068161010742
-24.482885360717773,-25.0122013092041,-25.503618240356445,-25.617868423461914,-25.440614700317383,-25.25926399230957,-25.428495407104492,-25.9359073638916,-26.440797805786133,-26.717592239379883,-26.74565315246582,-26.69822883605957,-26.618663787841797,-26.582426071166992,-26.769332885742188,-26.972896575927734,-26.949140548706055,-26.4548282623291,-25.959985733032227,-25.660499572753906,-25.628232955932617,-25.644935607910156,-25.463327407836914,-25.05706787109375,-24.673824310302734,-24.234920501708984,-23.75463104248047,-23.394662857055664,-23.304140090942383,-23.227643966674805,-23.153383255004883,-23.163969039916992,-23.028541564941406,-22.583688735961914,-21.93386459350586,-21.438291549682617,-21.35538673400879,-21.21843910217285,-20.560075759887695,-19.870248794555664,-19.6368350982666,-19.44613265991211,-18.92011070251465,-18.059751510620117
-23.625301361083984,-23.957313537597656,-24.435352325439453,-24.766992568969727,-24.8939266204834,-24.918079376220703,-24.94413185119629,-25.097122192382812,-25.310667037963867,-25.508056640625,-25.704484939575195,-25.8946533203125,-25.98805809020996,-25.968936920166016,-26.04232406616211,-26.171730041503906,-26.17850112915039,-25.90446662902832,-25.48125648498535,-25.113075256347656,-24.934297561645508,-24.914657592773438,-24.758516311645508,-24.24530601501465,-23.63825225830078,-23.19098472595215,-22.85523223876953,-22.491836547851562,-22.242149353027344,-22.267288208007812,-22.317325592041016,-22.29371452331543,-22.0939884185791,-21.646848678588867,-21.027660369873047,-20.616783142089844,-20.66956329345703,-20.639394760131836,-19.940170288085938,-19.10718536376953,-18.636598587036133,-18.540658950805664,-18.25792121887207,-17.58380889892578
-22.841447830200195,-23.207679748535156,-23.554731369018555,-23.974504470825195,-24.27611541748047,-24.5512638092041,-24.54332160949707,-24.296302795410156,-24.229562759399414,-24.373849868774414,-24.681453704833984,-24.927167892456055,-25.10401153564453,-25.25867462158203,-25.390846252441406,-25.33309555053711,-25.239723205566406,-25.0577335357666,-24.756933212280273,-24.410484313964844,-24.168607711791992,-24.035396575927734,-23.755212783813477,-23.353069305419922,-22.76631736755371,-22.234527587890625,-21.911090850830078,-21.57592010498047,-21.344879150390625,-21.236839294433594,-21.238733291625977,-21.204620361328125,-21.089284896850586,-20.79586410522461,-20.390045166015625,-20.00434112548828,-19.669103622436523,-19.584712982177734,-19.14179229736328,-18.470327377319336,-17.88379669189453,-17.60280418395996,-17.49256706237793,-17.1602840423584
-21.906221389770508,-22.489200592041016,-22.87132453918457,-23.266963958740234,-23.682737350463867,-24.057188034057617,-23.918664932250977,-23.531864166259766,-23.22136688232422,-23.420068740844727,-23.856094360351562,-23.999107360839844,-24.224712371826172,-24.364927291870117,-24.50967788696289,-24.42346954345703,-24.35608673095703,-24.27652931213379,-23.991657257080078,-23.53226089477539,-23.12431526184082,-22.827444076538086,-22.575593948364258,-22.41744613647461,-22.041648864746094,-21.501232147216797,-21.067106246948242,-20.736223220825195,-20.5203914642334,-20.382116317749023,-20.173175811767578,-19.917510986328125,-19.823780059814453,-19.771007537841797,-19.565250396728516,-19.360918045043945,-18.855539321899414,-18.473552703857422,-18.105894088745117,-17.506206512451172,-17.103097915649414,-16.7634220123291,-16.55372428894043,-16.311328887939453
-20.648488998413086,-21.33876609802246,-21.89361000061035,-22.347665786743164,-22.8048038482666,-23.132343292236328,-23.139814376831055,-22.87079620361328,-22.574420928955078,-22.603103637695312,-23.127384185791016,-23.414079666137695,-23.46310806274414,-23.49852180480957,-23.36756706237793,-23.34046745300293,-23.19093894958496,-23.337604522705078,-23.209918975830078,-22.759424209594727,-22.146133422851562,-21.682647705078125,-21.41849708557129,-21.21431541442871,-20.930095672607422,-20.6062068939209,-20.31083869934082,-20.127010345458984,-19.935714721679688,-19.607940673828125,-19.098796844482422,-18.727994918823242,-18.64023208618164,-18.50249481201172,-18.3901309967041,-18.294429779052734,-18.07854461669922,-17.550907135009766,-16.911937713623047,-16.500503540039062,-16.02805519104004,-15.759175300598145,-15.558751106262207,-15.417130470275879
-19.40436553955078,-19.932010650634766,-20.585124969482422,-21.26422882080078,-21.82968521118164,-22.184322357177734,-22.30615997314453,-22.148937225341797,-21.946168899536133,-21.983417510986328,-22.369266510009766,-22.847681045532227,-23.029804229736328,-22.799097061157227,-22.407878875732422,-22.196199417114258,-22.02852439880371,-22.031360626220703,-22.150314331054688,-21.94168472290039,-21.42673110961914,-20.977705001831055,-20.517480850219727,-20.14162826538086,-19.81971549987793,-19.400636672973633,-19.08598518371582,-19.07254981994629,-19.163084030151367,-18.856046676635742,-18.2796630859375,-17.860553741455078,-17.679183959960938,-17.627296447753906,-17.48183250427246,-17.151304244995117,-16.699872970581055,-16.20812225341797,-15.882973670959473,-15.471685409545898,-15.069719314575195,-14.692767143249512,-14.503209114074707,-14.279542922973633
-18.442096710205078,-18.903484344482422,-19.59158706665039,-20.22966766357422,-20.730764389038086,-21.143404006958008,-21.46125030517578,-21.52743148803711,-21.324420928955078,-21.219770431518555,-21.4811954498291,-22.002620697021484,-22.259706497192383,-22.224454879760742,-22.002967834472656,-21.560401916503906,-21.190406799316406,-20.992469787597656,-20.932573318481445,-20.792699813842773,-20.479263305664062,-20.165241241455078,-19.882810592651367,-19.55034065246582,-19.0835018157959,-18.472150802612305,-18.00370979309082,-17.865331649780273,-18.112224578857422,-18.183137893676758,-17.71656036376953,-17.075990676879883,-16.709068298339844,-16.741743087768555,-16.698341369628906,-16.31476593017578,-15.653098106384277,-14.989723205566406,-14.454503059387207,-14.152697563171387,-14.014277458190918,-13.763229370117188,-13.434852600097656,-13.205026626586914
-17.77373504638672,-18.30077362060547,-19.04473114013672,-19.524137496948242,-19.6767520904541,-19.971681594848633,-20.392581939697266,-20.75511932373047,-20.75394630432129,-20.58000373840332,-20.628662109375,-21.046297073364258,-21.338531494140625,-21.487403869628906,-21.524749755859375,-21.243986129760742,-20.76861000061035,-20.25656509399414,-19.88076400756836,-19.746797561645508,-19.499900817871094,-19.288040161132812,-19.11900520324707,-18.982131958007812,-18.642406463623047,-18.009675979614258,-17.453685760498047,-17.281347274780273,-17.305370330810547,-17.42516326904297,-17.185985565185547,-16.619422912597656,-15.982748031616211,-15.665010452270508,-15.610352516174316,-15.443607330322266,-14.747756958007812,-13.853565216064453,-13.369561195373535,-13.107948303222656,-12.964653015136719,-12.632187843322754,-12.379953384399414,-12.221763610839844
-17.070463180541992,-17.641826629638672,-18.292146682739258,-18.87004280090332,-18.85739517211914,-19.04440689086914,-19.368755340576172,-19.812362670898438,-20.04781723022461,-19.99155616760254,-20.027772903442383,-20.23584747314453,-20.507814407348633,-20.703720092773438,-20.721431732177734,-20.53812026977539,-20.021011352539062,-19.428152084350586,-19.093719482421875,-18.888856887817383,-18.610830307006836,-18.414365768432617,-18.30728530883789,-18.257465362548828,-18.093894958496094,-17.609142303466797,-17.11688232421875,-16.712120056152344,-16.59676170349121,-16.672771453857422,-16.600833892822266,-16.157072067260742,-15.427665710449219,-14.877344131469727,-14.543122291564941,-14.293533325195312,-13.915209770202637,-13.307770729064941,-12.612436294555664,-12.117414474487305,-11.909117698669434,-11.744207382202148,-11.4912748336792,-11.259672164916992
-16.470117568969727,-16.789636611938477,-17.237455368041992,-17.763296127319336,-18.1066837310791,-18.29102325439453,-18.42392921447754,-18.764524459838867,-19.24534034729004,-19.590116500854492,-19.7012939453125,-19.633302688598633,-19.715490341186523,-19.72210693359375,-19.62801170349121,-19.47406578063965,-19.076000213623047,-18.4742374420166,-17.964588165283203,-17.673294067382812,-17.56873321533203,-17.51403045654297,-17.41044044494629,-17.28840446472168,-17.16451072692871,-16.960386276245117,-16.736204147338867,-16.417858123779297,-16.1386775970459,-15.9256010055542,-15.721394538879395,-15.452597618103027,-15.069016456604004,-14.553031921386719,-13.950400352478027,-13.430127143859863,-12.920374870300293,-12.48547077178955,-12.033310890197754,-11.577507972717285,-11.219648361206055,-10.969976425170898,-10.711371421813965,-10.367441177368164
-15.9103422164917,-16.10953140258789,-16.33839225769043,-16.569223403930664,-16.894817352294922,-17.174739837646484,-17.419557571411133,-17.794021606445312,-18.328540802001953,-18.920854568481445,-19.191545486450195,-19.156984329223633,-19.013460159301758,-18.86000633239746,-18.659381866455078,-18.372272491455078,-17.989055633544922,-17.532745361328125,-17.045494079589844,-16.64453887939453,-16.441852569580078,-16.44651222229004,-16.442747116088867,-16.344463348388672,-16.242460250854492,-16.20937156677246,-16.07445526123047,-15.829641342163086,-15.564504623413086,-15.28791332244873,-15.010428428649902,-14.749945640563965,-14.42624568939209,-14.018369674682617,-13.496317863464355,-12.879003524780273,-12.376354217529297,-11.997476577758789,-11.607134819030762,-11.115482330322266,-10.517511367797852,-10.112030029296875,-9.850308418273926,-9.528544425964355
-14.961163520812988,-15.220693588256836,-15.40694522857666,-15.505960464477539,-15.682497024536133,-15.937259674072266,-16.29041290283203,-16.737939834594727,-17.28087615966797,-17.931339263916016,-18.385074615478516,-18.477802276611328,-18.224529266357422,-17.91954803466797,-17.730375289916992,-17.55026626586914,-17.2590274810791,-16.87087631225586,-16.3909912109375,-15.953648567199707,-15.7210054397583,-15.68903923034668,-15.596658706665039,-15.448545455932617,-15.429062843322754,-15.52864933013916,-15.49064826965332,-15.242443084716797,-14.8633394241333,-14.546918869018555,-14.3287992477417,-14.089478492736816,-13.800129890441895,-13.404007911682129,-12.888092994689941,-12.424582481384277,-12.035462379455566,-11.568683624267578,-11.007247924804688,-10.347373962402344,-9.778019905090332,-9.266557693481445,-8.900301933288574,-8.598165512084961
-14.110877990722656,-14.336060523986816,-14.509559631347656,-14.557292938232422,-14.614652633666992,-14.882611274719238,-15.262335777282715,-15.743605613708496,-16.294607162475586,-16.904993057250977,-17.376575469970703,-17.51621437072754,-17.31965446472168,-16.985471725463867,-16.726505279541016,-16.565431594848633,-16.394737243652344,-16.15308952331543,-15.837939262390137,-15.542885780334473,-15.341333389282227,-15.127501487731934,-14.930008888244629,-14.8272123336792,-14.843716621398926,-14.966714859008789,-15.087438583374023,-14.933816909790039,-14.515113830566406,-14.007613182067871,-13.617026329040527,-13.346534729003906,-13.042068481445312,-12.77140998840332,-12.415861129760742,-11.989208221435547,-11.479442596435547,-10.873103141784668,-10.229860305786133,-9.538622856140137,-8.949250221252441,-8.459879875183105,-8.06120491027832,-7.673171043395996
-13.328054428100586,-13.549988746643066,-13.801918983459473,-13.973565101623535,-13.96553897857666,-14.190781593322754,-14.43199348449707,-14.861942291259766,-15.46537971496582,-16.007837295532227,-16.376935958862305,-16.342939376831055,-16.194684982299805,-16.007226943969727,-15.811941146850586,-15.68488597869873,-15.592204093933105,-15.460433006286621,-15.325003623962402,-15.174735069274902,-14.940796852111816,-14.635671615600586,-14.451799392700195,-14.500371932983398,-14.658278465270996,-14.774872779846191,-14.806079864501953,-14.634610176086426,-14.302536964416504,-13.792771339416504,-13.217947006225586,-12.705949783325195,-12.373361587524414,-12.100460052490234,-11.858428001403809,-11.44226360321045,-10.822619438171387,-10.101484298706055,-9.449559211730957,-8.808398246765137,-8.264240264892578,-7.793124198913574,-7.425895690917969,-6.824295520782471
