data/wind_data/wind_33_3.json
{"header": {"parameterUnit": "KT", "parameterCategory": 2, "nx": 256, "ny": 198, "lo1": 44.73521041870117, "la1": -3.236724853515625, "lo2": 111.26478576660156, "la2": 43.468475341796875, "dx": 0.2609002888202667, "dy": -0.23708222806453705, "refTime": "2025-02-20 09:00:00", "forecastTime": 0, "parameterNumber": 2, "parameterNumberName": "eastward_wind"}, "data":
[rows 57 to 75 of 198, columns 0 to 43 of 256]
6.269561290740967,4.175453186035156,3.1363515853881836,2.478896141052246,3.6949872970581055,2.2924420833587646,0.9814953207969666,0.32530543208122253,-0.5722728967666626,-1.4740411043167114,-2.10370135307312,-3.2282371520996094,-4.447981834411621,-5.735579490661621,-6.695984363555908,-6.949529647827148,-6.823241710662842,-7.352667808532715,-7.757838726043701,-7.327124118804932,-8.152823448181152,-8.816985130310059,-10.425130844116211,-9.267535209655762,-8.256916999816895,-8.88936996459961,-9.139211654663086,-9.541228294372559,-11.028451919555664,-11.575202941894531,-11.897889137268066,-12.108259201049805,-11.854842185974121,-11.662262916564941,-10.85379695892334,-10.450078964233398,-10.376236915588379,-10.513484001159668,-10.703304290771484,-11.065985679626465,-11.49335765838623,-11.840446472167969,-12.258404731750488,-12.782090187072754
5.837812900543213,3.653621196746826,2.739736318588257,2.761798143386841,4.3379693031311035,3.349050521850586,2.5318121910095215,1.4467028379440308,0.041450582444667816,-0.8768986463546753,-1.290349006652832,-1.908387541770935,-3.145343780517578,-4.543416500091553,-5.522755146026611,-5.704705238342285,-5.552896976470947,-6.18243408203125,-7.142635822296143,-6.902520656585693,-7.163329124450684,-8.588969230651855,-9.513049125671387,-9.611474990844727,-8.583718299865723,-8.286642074584961,-8.491762161254883,-9.08923625946045,-10.073697090148926,-10.60425853729248,-10.976242065429688,-11.701465606689453,-11.959877014160156,-11.740727424621582,-11.038639068603516,-10.512200355529785,-10.267589569091797,-10.388951301574707,-10.58809757232666,-10.943131446838379,-11.420120239257812,-11.78322982788086,-12.067364692687988,-12.462568283081055
5.084413528442383,3.0900697708129883,2.443793535232544,2.797673463821411,4.584366798400879,4.197263717651367,3.639725685119629,2.7756214141845703,1.625702142715454,0.7736348509788513,-0.46506714820861816,-1.8352930545806885,-3.1572189331054688,-4.348886013031006,-4.966101169586182,-5.009742259979248,-4.700753211975098,-5.177129745483398,-6.352022171020508,-6.818948268890381,-7.129962921142578,-8.360100746154785,-9.008288383483887,-8.579585075378418,-8.289701461791992,-7.98980188369751,-8.066801071166992,-8.763734817504883,-9.64106559753418,-10.004862785339355,-10.081607818603516,-10.722183227539062,-11.465527534484863,-11.739097595214844,-11.525893211364746,-10.544872283935547,-10.0448579788208,-10.10144329071045,-10.463502883911133,-10.918608665466309,-11.371289253234863,-11.8958158493042,-12.17219352722168,-12.316649436950684
4.013647556304932,2.5651609897613525,2.332536220550537,2.526836633682251,4.046724319458008,4.230600833892822,3.8848929405212402,3.5109641551971436,2.9768543243408203,2.4456875324249268,0.7370671629905701,-1.566828727722168,-3.2828001976013184,-4.35010290145874,-4.664506435394287,-4.734966278076172,-4.644850730895996,-4.991973400115967,-6.013258457183838,-6.724300384521484,-7.105260848999023,-7.823843955993652,-8.353154182434082,-8.144838333129883,-7.787103176116943,-7.639997482299805,-7.8094329833984375,-8.483826637268066,-9.252232551574707,-9.570213317871094,-9.512895584106445,-9.847655296325684,-10.553436279296875,-10.835840225219727,-11.520955085754395,-10.739970207214355,-9.863264083862305,-9.93259048461914,-10.26682186126709,-10.783913612365723,-11.306689262390137,-11.923300743103027,-12.286970138549805,-12.477370262145996
3.053032398223877,2.3265671730041504,2.2472074031829834,2.58193302154541,4.119612693786621,4.360847473144531,4.322269439697266,4.4269022941589355,3.9904356002807617,3.135446071624756,1.4507180452346802,-0.8628610968589783,-2.6064114570617676,-3.4861316680908203,-4.097750663757324,-4.4936442375183105,-4.59780740737915,-4.860617637634277,-5.691717624664307,-6.525761127471924,-6.934764862060547,-7.31771993637085,-7.685104846954346,-7.678208827972412,-7.448125839233398,-7.344879627227783,-7.649765968322754,-8.251605033874512,-8.792014122009277,-9.011794090270996,-9.015132904052734,-9.279707908630371,-9.819925308227539,-10.108015060424805,-11.060667991638184,-10.917389869689941,-9.855425834655762,-10.06773853302002,-10.279046058654785,-10.594261169433594,-11.153974533081055,-11.73888874053955,-12.214303016662598,-12.461764335632324
2.5233805179595947,1.746726632118225,1.9390538930892944,2.9559624195098877,5.328118324279785,5.400768756866455,5.187936305999756,5.236721515655518,4.844903469085693,3.518688917160034,1.744084119796753,0.0849580392241478,-0.9998349547386169,-1.6086293458938599,-2.7496371269226074,-3.9374186992645264,-4.100646495819092,-4.300137042999268,-5.143587112426758,-6.13277006149292,-6.53107213973999,-6.77866268157959,-7.053049087524414,-7.214297294616699,-7.173539161682129,-7.030964374542236,-7.238941669464111,-7.850950241088867,-8.382749557495117,-8.603438377380371,-8.42824935913086,-8.393860816955566,-9.019588470458984,-10.2015962600708,-11.13764762878418,-10.885009765625,-10.258893966674805,-10.327706336975098,-10.377338409423828,-10.517377853393555,-10.926624298095703,-11.377089500427246,-11.893705368041992,-12.27110481262207
2.8275091648101807,3.271721601486206,2.7237420082092285,3.6204824447631836,6.660665988922119,7.10402774810791,6.8477582931518555,6.4566779136657715,5.566330909729004,3.923502206802368,2.055704355239868,1.11175537109375,0.5270798802375793,-0.5619471073150635,-1.8043268918991089,-2.905040979385376,-3.323141098022461,-3.532583713531494,-4.348072052001953,-5.383640289306641,-5.836033821105957,-6.051964282989502,-6.406213283538818,-6.755477428436279,-6.769622802734375,-6.7598137855529785,-6.771677017211914,-7.184295177459717,-7.835806846618652,-8.115778923034668,-7.8287224769592285,-7.608983039855957,-8.263655662536621,-9.815893173217773,-10.891366004943848,-10.730422019958496,-10.385688781738281,-10.323521614074707,-10.408242225646973,-10.428285598754883,-10.529362678527832,-10.798583030700684,-11.303483009338379,-11.831819534301758
2.6080856323242188,2.513493776321411,2.138547420501709,2.0211310386657715,1.392390251159668,2.755004405975342,4.004471778869629,5.488828659057617,6.155116081237793,5.692026615142822,4.502678871154785,2.756340503692627,1.2643909454345703,-0.1499253362417221,-1.2617486715316772,-1.765805721282959,-2.4339442253112793,-2.5844151973724365,-3.221466541290283,-4.194822788238525,-4.840244770050049,-5.267232894897461,-5.775458812713623,-6.242708683013916,-6.309659481048584,-6.252386093139648,-6.278784275054932,-6.685050964355469,-7.28366231918335,-7.421375751495361,-7.084963321685791,-7.020456314086914,-7.989316463470459,-9.313666343688965,-10.125770568847656,-10.356327056884766,-10.280160903930664,-10.129732131958008,-10.216629981994629,-10.293476104736328,-10.215616226196289,-10.346122741699219,-10.595637321472168,-11.09243106842041
3.126689910888672,5.6566925048828125,3.2818572521209717,0.6628650426864624,-4.834638595581055,-3.731196403503418,-2.392138719558716,1.2700248956680298,3.3986411094665527,2.5798306465148926,2.515221118927002,3.5217654705047607,3.0278382301330566,1.005921483039856,-0.7496447563171387,-1.0145207643508911,-1.3955676555633545,-1.5573259592056274,-2.06178879737854,-2.895328998565674,-3.4053773880004883,-4.228369235992432,-5.087289333343506,-5.649984359741211,-5.819418907165527,-5.647984981536865,-5.691439151763916,-6.175105571746826,-6.775979518890381,-6.808090686798096,-6.35479736328125,-6.337861061096191,-7.50698184967041,-8.791388511657715,-9.413816452026367,-9.76937198638916,-9.88191032409668,-9.794235229492188,-9.891315460205078,-10.004768371582031,-10.017156600952148,-10.064984321594238,-10.106485366821289,-10.3927640914917
5.966930389404297,7.43622350692749,4.7741217613220215,2.034986972808838,-2.7813777923583984,-4.519003868103027,-4.6333770751953125,-3.1933069229125977,-2.1525115966796875,-3.008450984954834,-2.9583840370178223,-0.672690749168396,1.708633542060852,1.341121792793274,-0.4068771302700043,-0.4344741702079773,-0.4861813485622406,-0.5152562856674194,-0.6499477028846741,-1.5620665550231934,-2.3425073623657227,-3.2258641719818115,-4.167757987976074,-4.840161323547363,-5.078549861907959,-5.0497331619262695,-5.147428035736084,-5.49423360824585,-6.052405834197998,-6.203085899353027,-5.810566425323486,-5.824340343475342,-6.7726640701293945,-7.945055961608887,-8.707883834838867,-9.124153137207031,-9.2838773727417,-9.346517562866211,-9.434850692749023,-9.566557884216309,-9.697614669799805,-9.816123008728027,-9.796402931213379,-9.846823692321777
6.2321014404296875,7.0654730796813965,6.369570732116699,4.763843536376953,2.433461904525757,-0.4097900688648224,-2.495652914047241,-3.3198728561401367,-3.740682363510132,-3.9560701847076416,-4.249142169952393,-3.5023910999298096,-2.5567688941955566,-2.7318718433380127,-3.1222167015075684,-2.1429789066314697,-0.28517669439315796,-0.052114810794591904,0.2184964120388031,-0.1836509108543396,-1.2292102575302124,-2.2645998001098633,-3.112091302871704,-3.843264102935791,-4.21666955947876,-4.214855670928955,-4.50367546081543,-4.900289535522461,-5.275537014007568,-5.394983768463135,-5.182122230529785,-5.341191291809082,-6.152283668518066,-7.038610458374023,-7.780181884765625,-8.373490333557129,-8.613232612609863,-8.736113548278809,-8.869987487792969,-9.011231422424316,-9.249140739440918,-9.467129707336426,-9.408670425415039,-9.270432472229004
6.206967353820801,7.967493534088135,8.42563533782959,6.679152488708496,3.376049280166626,2.9620161056518555,-0.669016420841217,-3.0099546909332275,-3.3541338443756104,-2.606936454772949,-2.5340828895568848,-3.204275131225586,-4.166301250457764,-4.837801933288574,-4.7617363929748535,-4.035478591918945,-2.07893705368042,0.6024618744850159,0.6922387480735779,0.8603233098983765,0.10788825154304504,-1.0742741823196411,-1.9856786727905273,-2.5607283115386963,-3.0514488220214844,-3.3389105796813965,-3.6307015419006348,-4.270698070526123,-4.668169975280762,-4.704558372497559,-4.482357025146484,-4.764717102050781,-5.5277862548828125,-6.2935404777526855,-6.9836883544921875,-7.530863285064697,-7.838074684143066,-7.977999687194824,-8.189523696899414,-8.32586669921875,-8.575590133666992,-8.815289497375488,-8.84697151184082,-8.69329833984375
6.1660475730896,8.27700138092041,8.797932624816895,6.896957874298096,6.323080539703369,4.072556972503662,0.5231504440307617,-1.5759778022766113,-2.1845316886901855,-1.2054203748703003,-1.1474555730819702,-1.791821002960205,-2.573399305343628,-2.8633718490600586,-2.9969913959503174,-3.2844560146331787,-3.4742980003356934,-1.1492269039154053,0.7082230448722839,0.9946709871292114,0.8806387186050415,0.48846349120140076,-0.4744645059108734,-1.298354983329773,-1.8536571264266968,-2.428755283355713,-2.699716806411743,-3.3810784816741943,-3.9757721424102783,-4.161251068115234,-4.075385570526123,-4.2053728103637695,-4.814749717712402,-5.525589942932129,-6.260696887969971,-6.721055030822754,-6.982215404510498,-7.23275899887085,-7.43815279006958,-7.581518650054932,-7.740467071533203,-7.965089797973633,-8.08371639251709,-8.0352144241333
5.65422248840332,8.064008712768555,8.2764892578125,7.801117420196533,9.330382347106934,5.396671772003174,0.9265661835670471,0.1644992083311081,0.16452477872371674,1.0024045705795288,-0.294258177280426,-1.2126539945602417,-1.212942123413086,-1.5929564237594604,-2.606985330581665,-2.5637080669403076,-1.6773091554641724,-1.2743979692459106,-1.0989654064178467,-0.34006842970848083,0.34752628207206726,0.8816018104553223,0.5912836790084839,-0.043454017490148544,-0.47863730788230896,-1.145309329032898,-2.045607089996338,-2.5515739917755127,-3.2351245880126953,-3.46880841255188,-3.664841890335083,-3.836557388305664,-4.159256935119629,-4.7235307693481445,-5.405426025390625,-5.909997463226318,-6.127856731414795,-6.439295768737793,-6.7063307762146,-6.865664482116699,-6.9906158447265625,-7.107790470123291,-7.194049835205078,-7.229916572570801
4.565267562866211,8.595368385314941,8.595658302307129,8.193553924560547,8.795336723327637,5.5111188888549805,2.460500717163086,1.665928840637207,1.3501842021942139,1.297857403755188,0.4003084599971771,-0.9475278258323669,-1.1751580238342285,-1.145620584487915,-0.960333526134491,-1.1405973434448242,-0.3760371208190918,0.7461211085319519,0.9375907182693481,0.7704479694366455,0.15292389690876007,0.04073264077305794,0.23360511660575867,0.07105200737714767,-0.18869566917419434,-0.4764787554740906,-1.1951059103012085,-1.767331838607788,-2.454704523086548,-2.9637508392333984,-2.993161916732788,-3.254331350326538,-3.4890246391296387,-3.9108569622039795,-4.542885780334473,-5.1011199951171875,-5.346760272979736,-5.623728275299072,-5.915074348449707,-6.123118877410889,-6.268857002258301,-6.316312789916992,-6.331406593322754,-6.347024440765381
3.4203264713287354,9.046727180480957,8.257918357849121,8.272570610046387,7.762105941772461,6.0525970458984375,3.818065643310547,2.8688812255859375,2.4500577449798584,1.6927162408828735,1.2037428617477417,0.6272729635238647,-0.09486878663301468,0.42651161551475525,1.022668719291687,-0.0038359896279871464,-0.335294246673584,0.043191246688365936,1.4965910911560059,1.2888762950897217,0.6234675049781799,0.38680827617645264,1.10960054397583,1.1869416236877441,0.72575443983078,0.30429261922836304,-0.16532763838768005,-0.8283483982086182,-1.5972976684570312,-2.7766616344451904,-2.8003439903259277,-2.668039560317993,-2.72202205657959,-2.991574287414551,-3.664712429046631,-4.334660053253174,-4.675785541534424,-4.8944292068481445,-5.124205589294434,-5.331931114196777,-5.4702372550964355,-5.520727157592773,-5.5202717781066895,-5.483301639556885
4.1720404624938965,9.367472648620605,8.378212928771973,8.647294998168945,8.815279960632324,7.521188259124756,5.0421462059021,3.9738266468048096,4.191404819488525,3.895691156387329,2.615877628326416,1.7691071033477783,1.6296422481536865,2.0426888465881348,2.1952853202819824,1.6503705978393555,0.8679031729698181,0.9759174585342407,2.797788381576538,2.07714581489563,1.2396854162216187,1.8624030351638794,2.317789316177368,1.860870122909546,1.525229573249817,1.5621765851974487,1.3031866550445557,0.485655814409256,-0.38280823826789856,-1.7149697542190552,-2.623873472213745,-2.5173745155334473,-2.154372215270996,-2.059131622314453,-2.636275053024292,-3.4930248260498047,-3.9874629974365234,-4.233850002288818,-4.421191692352295,-4.562970161437988,-4.6666998863220215,-4.720664024353027,-4.716103553771973,-4.659013271331787
5.631784915924072,8.800642967224121,8.862399101257324,8.71083927154541,9.881072044372559,9.28618335723877,6.7496137619018555,5.432461261749268,6.120560646057129,6.471827030181885,5.578747749328613,3.970346212387085,3.674075126647949,3.846160411834717,3.692199230194092,2.9974327087402344,3.0251171588897705,3.2949748039245605,3.761641502380371,3.998833417892456,1.9648383855819702,0.7397181987762451,0.3240397572517395,0.37030115723609924,2.0562078952789307,2.958240270614624,2.764143466949463,1.75397527217865,0.44841262698173523,-0.7443719506263733,-2.0259268283843994,-2.224647283554077,-1.9804484844207764,-1.6514887809753418,-1.7880117893218994,-2.6214892864227295,-3.248046875,-3.577239990234375,-3.7911219596862793,-3.901278018951416,-3.9513726234436035,-3.9698729515075684,-3.9525723457336426,-3.886655569076538
8.189041137695312,9.412063598632812,8.767550468444824,9.010995864868164,10.054584503173828,10.204654693603516,8.652816772460938,7.631850719451904,8.213897705078125,8.11251163482666,6.480676174163818,5.0207037925720215,4.80859375,4.9062018394470215,4.563436985015869,4.395353317260742,4.876216888427734,5.201452255249023,4.610802173614502,3.992056369781494,3.409182071685791,1.8920743465423584,1.0651541948318481,0.8853819370269775,2.9351415634155273,4.060373783111572,3.3733465671539307,2.7432479858398438,1.6694964170455933,0.5195983648300171,-0.7907819151878357,-1.400544285774231,-1.6536551713943481,-1.3032022714614868,-0.9664180874824524,-1.626357078552246,-2.4120004177093506,-2.8212904930114746,-3.074296236038208,-3.2146050930023193,-3.2601571083068848,-3.2810428142547607,-3.2696762084960938,-3.2277674674987793
