data/wind_data/wind_3_8.json
{"header": {"parameterUnit": "KT", "parameterCategory": 2, "nx": 256, "ny": 198, "lo1": 44.73521041870117, "la1": -3.236724853515625, "lo2": 111.26478576660156, "la2": 43.468475341796875, "dx": 0.2609002888202667, "dy": -0.23708222806453705, "refTime": "2025-02-19 03:00:00", "forecastTime": 0, "parameterNumber": 2, "parameterNumberName": "eastward_wind"}, "data":
[rows 171 to 189 of 198, columns 0 to 43 of 256]
47.192100524902344,46.64589309692383,47.20949172973633,48.89103698730469,50.752586364746094,50.33820343017578,47.81553268432617,45.391014099121094,44.973175048828125,46.32435989379883,48.07335662841797,49.316078186035156,49.047027587890625,47.576026916503906,46.481178283691406,46.21001052856445,46.330406188964844,45.62156677246094,44.03718566894531,43.212154388427734,44.0655632019043,45.55387496948242,46.51239013671875,46.71135711669922,46.8011474609375,47.66177749633789,49.27632141113281,50.79804229736328,51.69753646850586,51.897552490234375,51.376312255859375,50.32463836669922,49.30869674682617,48.422149658203125,47.17958068847656,45.39862823486328,43.45457077026367,42.05779266357422,42.017765045166016,43.3612174987793,45.11648178100586,46.381103515625,46.99445724487305,47.16592788696289
46.421234130859375,46.80026626586914,47.975135803222656,49.96453094482422,51.89134979248047,50.50679016113281,46.89385223388672,44.57748031616211,45.14305114746094,47.307899475097656,49.37173843383789,50.5907096862793,49.85146713256836,47.89082336425781,46.520137786865234,46.023441314697266,45.99788284301758,45.81398010253906,45.1872673034668,44.771453857421875,45.23968505859375,46.221282958984375,46.93317413330078,47.10844421386719,47.331993103027344,48.25021743774414,49.64494323730469,50.86262512207031,51.62192153930664,51.75297546386719,50.91180419921875,49.35263442993164,47.96044158935547,46.9336051940918,45.870033264160156,44.57842254638672,43.142547607421875,42.006675720214844,41.8900032043457,42.937339782714844,44.426753997802734,45.64049530029297,46.3076057434082,46.43476486206055
46.12007141113281,46.09642028808594,48.06031036376953,50.14500427246094,51.815773010253906,49.50236511230469,44.65934753417969,42.52412796020508,44.3228645324707,46.94968795776367,48.75901412963867,49.900726318359375,49.189823150634766,46.75332260131836,45.09331130981445,45.54844665527344,46.71685028076172,46.75608444213867,45.9189338684082,45.71560287475586,46.56184005737305,47.56818771362305,47.97566604614258,47.914588928222656,48.04391860961914,48.6939811706543,49.64260482788086,50.697608947753906,51.6478271484375,51.74174118041992,50.323734283447266,47.98810958862305,46.06911849975586,45.089839935302734,44.70246124267578,44.343379974365234,43.4727897644043,42.27464294433594,41.6590690612793,42.17558288574219,43.443119049072266,44.68605041503906,45.34266662597656,45.33871078491211
46.30546569824219,47.145259857177734,49.25479507446289,50.99332809448242,52.156982421875,48.76892852783203,43.24464416503906,41.97246551513672,45.110233306884766,48.17830276489258,49.90596008300781,50.82618713378906,49.71063232421875,46.875,45.23398208618164,46.09471893310547,47.56807327270508,47.55685806274414,46.30626678466797,45.636714935302734,46.43061828613281,47.886165618896484,48.903541564941406,49.26030731201172,49.35810470581055,49.524497985839844,49.93760299682617,50.86556625366211,51.9373664855957,51.784271240234375,49.56968688964844,46.31971740722656,43.842987060546875,43.06943130493164,43.61231231689453,44.244075775146484,43.71273422241211,42.16057205200195,40.94785690307617,40.94074630737305,41.99070739746094,43.30863952636719,44.05224609375,44.08466339111328
47.402809143066406,50.000858306884766,51.38203811645508,52.27732849121094,52.930091857910156,49.0120964050293,43.594390869140625,43.18611145019531,47.35652160644531,51.08110046386719,52.58831024169922,52.770076751708984,51.560970306396484,48.92067337036133,46.748085021972656,46.61776351928711,47.49588394165039,47.30142593383789,45.892723083496094,45.01655960083008,45.81879806518555,47.62378692626953,49.290992736816406,50.31855392456055,50.727935791015625,50.832298278808594,51.14193344116211,51.925228118896484,52.36845779418945,51.10148239135742,47.958370208740234,44.34564208984375,41.90498733520508,41.612709045410156,42.99580764770508,44.18925476074219,43.47489929199219,41.332977294921875,39.71070098876953,39.57536315917969,40.63248825073242,42.00289535522461,42.825592041015625,43.05990982055664
49.24588394165039,53.356842041015625,53.52641296386719,53.26388168334961,53.74113464355469,50.01643753051758,45.04095458984375,44.907466888427734,49.243560791015625,53.40530776977539,54.863338470458984,54.3377571105957,53.03839874267578,51.00043869018555,48.50136184692383,46.63421630859375,45.79674530029297,45.347286224365234,44.85468292236328,44.85420608520508,45.8870735168457,47.5627326965332,49.283180236816406,50.648292541503906,51.52415084838867,52.1895751953125,52.976158142089844,53.593326568603516,52.7995719909668,49.95357894897461,46.12969207763672,42.80962371826172,40.962703704833984,41.217777252197266,43.07501983642578,44.36753463745117,43.16874694824219,40.42073059082031,38.60712814331055,38.64443588256836,39.81092834472656,41.06660461425781,41.6948356628418,42.00165557861328
50.560726165771484,53.72039794921875,53.68037796020508,53.3121223449707,54.04859161376953,50.73529052734375,46.17879867553711,46.15203094482422,50.07805252075195,53.5597038269043,54.684566497802734,54.16876220703125,52.75398635864258,50.483219146728516,47.37482452392578,44.1767463684082,42.158111572265625,41.99496078491211,43.51216125488281,45.38440704345703,46.87208557128906,48.183876037597656,49.56216812133789,50.95115661621094,52.33087158203125,53.682403564453125,54.61330795288086,54.32377243041992,52.142513275146484,48.46110916137695,44.76640701293945,42.1090202331543,40.896854400634766,41.50619888305664,43.52897262573242,44.91408920288086,43.55094528198242,40.26972198486328,38.00238800048828,37.97102355957031,39.1568489074707,40.23414993286133,40.6401252746582,40.93461227416992
51.15583801269531,55.097469329833984,54.47003936767578,53.952110290527344,54.820709228515625,51.81199264526367,47.47542190551758,47.60148620605469,51.13417434692383,53.756282806396484,54.25771713256836,53.168888092041016,50.818668365478516,47.74370193481445,44.50210952758789,41.448097229003906,39.332515716552734,39.55574035644531,42.396873474121094,45.33749008178711,47.3393669128418,48.985496520996094,50.359920501708984,51.68027877807617,53.2846794128418,54.90489196777344,55.48185348510742,54.034732818603516,50.918418884277344,47.41375732421875,44.417388916015625,42.22780990600586,41.207000732421875,41.917179107666016,44.02860641479492,45.60830307006836,44.47998809814453,40.98436737060547,38.07410430908203,37.51142120361328,38.378334045410156,39.216182708740234,39.56464385986328,39.99228286743164
51.30569839477539,53.42901611328125,52.938018798828125,53.207759857177734,54.53290939331055,51.72459411621094,47.66677474975586,48.138519287109375,51.714195251464844,54.089012145996094,54.16735076904297,52.177467346191406,48.528934478759766,44.3745231628418,40.59445571899414,37.702083587646484,36.51205825805664,38.292724609375,41.6314811706543,44.895633697509766,47.95042419433594,50.32729721069336,51.49563217163086,52.35448455810547,53.774784088134766,55.328521728515625,55.49708557128906,53.50330352783203,50.45763397216797,47.623443603515625,45.300148010253906,43.65141677856445,43.02939224243164,43.71568298339844,45.37926483154297,46.614925384521484,45.625205993652344,42.2724609375,38.82939910888672,37.35014343261719,37.46039962768555,37.936405181884766,38.37468338012695,39.07956314086914
50.87687683105469,51.606197357177734,51.096961975097656,51.942588806152344,53.3875617980957,51.06508255004883,47.8607177734375,48.15968704223633,50.75632095336914,52.859066009521484,53.15420913696289,50.69386291503906,45.754188537597656,40.131736755371094,35.62429428100586,33.252742767333984,34.26115798950195,37.47411346435547,41.145816802978516,45.0399055480957,48.97040939331055,51.326576232910156,52.2331428527832,52.76247024536133,53.656612396240234,54.47425842285156,53.951141357421875,51.776573181152344,49.26563262939453,47.46108627319336,46.275550842285156,45.49516677856445,45.236366271972656,45.73683166503906,46.92324447631836,47.862239837646484,47.11322784423828,44.16389465332031,40.36320495605469,37.72376251220703,36.73198318481445,36.71015167236328,37.34076690673828,38.5478630065918
49.982398986816406,48.11473846435547,48.18546676635742,49.67042541503906,51.21439743041992,50.11951446533203,47.69731521606445,46.89407730102539,48.54619216918945,50.9263916015625,51.09547805786133,47.52913284301758,41.53426742553711,35.49763488769531,30.912477493286133,29.778656005859375,33.11180114746094,37.72709274291992,42.1491813659668,46.655582427978516,49.92713928222656,51.69947814941406,52.763492584228516,53.39334487915039,53.502628326416016,52.90906524658203,51.31586837768555,49.18885040283203,47.602378845214844,46.981990814208984,46.835716247558594,46.824031829833984,47.03514862060547,47.585235595703125,48.51054763793945,49.36777877807617,49.024147033691406,46.519744873046875,42.33071517944336,38.409366607666016,36.21330261230469,35.73615264892578,36.557411193847656,38.229095458984375
49.69496536254883,45.99782943725586,46.47404479980469,48.148799896240234,50.048397064208984,49.98178482055664,48.124053955078125,47.253387451171875,48.43651580810547,49.821109771728516,48.68789291381836,44.06473922729492,37.376895904541016,30.814556121826172,26.71415901184082,29.07681655883789,34.6451301574707,39.953819274902344,44.6074104309082,48.20812225341797,50.67240905761719,52.584598541259766,53.87879943847656,53.9424934387207,52.72016525268555,50.851932525634766,49.12336349487305,48.16875076293945,47.95637512207031,47.896976470947266,47.68414306640625,47.688472747802734,48.275482177734375,49.16462326049805,50.112606048583984,51.00594711303711,50.99728775024414,48.71257400512695,44.0035400390625,39.040775299072266,36.172306060791016,35.667449951171875,36.600311279296875,38.30298614501953
50.370487213134766,47.2111930847168,47.22663116455078,48.534915924072266,50.51603698730469,51.260562896728516,50.36659240722656,49.435142517089844,49.5472412109375,49.46723175048828,46.93442153930664,41.18960189819336,33.39531326293945,26.52953338623047,25.973163604736328,31.643550872802734,38.397865295410156,43.07379913330078,46.55279541015625,49.52433776855469,52.31023025512695,54.373714447021484,54.732810974121094,53.255680084228516,50.87405014038086,48.83551788330078,48.25363540649414,49.164676666259766,50.329002380371094,50.55913543701172,49.93669128417969,49.51046371459961,49.96189498901367,50.8747444152832,51.67540740966797,52.28440475463867,52.15861511230469,49.95343017578125,45.20370864868164,40.05646514892578,37.19887161254883,36.825225830078125,37.592681884765625,38.889991760253906
51.172096252441406,49.0312385559082,48.78144454956055,49.8370361328125,52.05031204223633,53.589698791503906,53.50937271118164,52.40901184082031,51.20289993286133,49.67393493652344,46.05375289916992,39.34048080444336,30.83396339416504,26.3113956451416,28.95615577697754,36.0889778137207,42.59735870361328,45.90363311767578,48.28657150268555,51.18292236328125,53.860469818115234,55.23293685913086,54.781646728515625,52.926204681396484,50.756900787353516,49.50290298461914,49.80559539794922,51.22566223144531,52.65364456176758,53.182682037353516,52.67308044433594,51.72738265991211,51.170509338378906,51.40845489501953,52.138755798339844,52.76689147949219,52.446407318115234,50.216339111328125,45.93030548095703,41.25983428955078,38.44142532348633,37.82191467285156,38.29532241821289,39.32961654663086
51.45048522949219,52.56203079223633,51.972190856933594,52.221553802490234,54.29352951049805,56.545162200927734,57.10536575317383,55.569515228271484,53.06343078613281,50.169498443603516,45.229801177978516,37.23759078979492,30.41701316833496,29.411357879638672,33.69642639160156,40.55185317993164,45.82639694213867,48.48748779296875,50.169010162353516,52.096065521240234,54.035457611083984,54.98167419433594,54.3041877746582,52.62275695800781,51.4207878112793,51.640567779541016,52.81599426269531,54.007694244384766,54.64106750488281,54.55165100097656,53.924930572509766,52.936378479003906,51.94807434082031,51.60501480102539,52.01802444458008,52.511348724365234,52.14699935913086,50.25334930419922,46.87187576293945,42.97662353515625,40.047637939453125,38.74370574951172,38.707672119140625,39.58118438720703
51.44047927856445,53.11335754394531,53.056785583496094,53.05223846435547,54.962562561035156,57.69453430175781,58.593204498291016,56.68573760986328,53.40243148803711,49.09196090698242,42.34327697753906,35.12240982055664,32.08516311645508,33.81206130981445,38.40618133544922,43.821449279785156,48.34507369995117,50.51728820800781,51.04136276245117,51.878360748291016,53.44524002075195,54.34520721435547,53.399169921875,51.616241455078125,51.103721618652344,52.38762283325195,54.337249755859375,55.73640060424805,56.02902603149414,55.2899284362793,54.033084869384766,52.679683685302734,51.58373260498047,51.21541976928711,51.600059509277344,52.050655364990234,51.63747787475586,50.0286979675293,47.61241149902344,44.73652648925781,41.888572692871094,39.90596008300781,39.306243896484375,39.9681510925293
51.11109924316406,50.494022369384766,51.55787658691406,52.16388702392578,54.21689987182617,56.974403381347656,57.905696868896484,56.08450698852539,52.321434020996094,47.28832244873047,41.18891906738281,36.52153015136719,35.46969985961914,38.22149658203125,41.98358917236328,45.6451301574707,49.051326751708984,50.996246337890625,51.43454360961914,51.79640579223633,52.52935028076172,52.89887237548828,52.40334701538086,51.58721923828125,51.45234680175781,52.457889556884766,54.1046257019043,55.4468879699707,55.80487823486328,54.920616149902344,53.060855865478516,50.996700286865234,49.6906623840332,49.70036315917969,50.59929656982422,51.30765914916992,51.072357177734375,49.97136688232422,48.30863952636719,46.00619125366211,43.26802062988281,41.15691375732422,40.50765609741211,41.0056037902832
50.46427917480469,49.906211853027344,51.343040466308594,52.219791412353516,54.18293762207031,56.33400344848633,56.554935455322266,54.43156051635742,51.15771484375,47.69331741333008,44.069190979003906,40.321937561035156,38.89524841308594,40.28219223022461,42.23411560058594,45.022369384765625,48.51530075073242,51.079952239990234,52.091487884521484,52.00642395019531,51.75120162963867,52.13784408569336,53.0546989440918,53.602657318115234,53.26405715942383,52.79835510253906,53.1014404296875,53.97514343261719,54.361656188964844,53.372589111328125,51.1967887878418,48.98419952392578,47.90403747558594,48.23550033569336,49.281036376953125,50.04745101928711,50.068416595458984,49.448097229003906,48.150630950927734,46.0634765625,43.755489349365234,42.37873077392578,42.2880973815918,42.57872009277344
49.493499755859375,49.227115631103516,51.498680114746094,53.07655715942383,55.35218048095703,56.40556335449219,55.161338806152344,53.33486557006836,51.603694915771484,50.30757141113281,48.745689392089844,44.69056701660156,40.28196334838867,38.8983039855957,41.410587310791016,45.551490783691406,48.925506591796875,50.818416595458984,51.623958587646484,51.520328521728516,51.37437438964844,52.44686508178711,54.343467712402344,55.27627182006836,54.33336639404297,52.880348205566406,52.655662536621094,53.47665023803711,53.68614959716797,52.32533264160156,50.03671646118164,48.1204833984375,47.32024383544922,47.569061279296875,48.3701286315918,49.15125274658203,49.44071960449219,48.917606353759766,47.4870719909668,45.50712585449219,43.868751525878906,43.39421081542969,43.84707260131836,43.996036529541016
