data/wind_data/wind_6_2.json
{"header": {"parameterUnit": "KT", "parameterCategory": 2, "nx": 256, "ny": 198, "lo1": 44.73521041870117, "la1": -3.236724853515625, "lo2": 111.26478576660156, "la2": 43.468475341796875, "dx": 0.2609002888202667, "dy": -0.23708222806453705, "refTime": "2025-02-19 06:00:00", "forecastTime": 0, "parameterNumber": 2, "parameterNumberName": "eastward_wind"}, "data":
[rows 57 to 75 of 198, columns 43 to 85 of 256]
-10.632822036743164,-10.691011428833008,-10.729019165039062,-11.086210250854492,-10.958084106445312,-11.205406188964844,-11.48285961151123,-11.750435829162598,-12.008158683776855,-12.196685791015625,-12.124955177307129,-11.840876579284668,-11.336684226989746,-10.712447166442871,-10.299365997314453,-10.378662109375,-10.65320873260498,-10.31395149230957,-10.017512321472168,-9.620397567749023,-9.224930763244629,-8.59645938873291,-7.985981464385986,-7.668748378753662,-7.2703142166137695,-6.7568440437316895,-6.061067581176758,-5.765003204345703,-5.982308864593506,-6.147820949554443,-6.108835220336914,-5.931962966918945,-5.88399600982666,-6.2960944175720215,-6.544070243835449,-5.815795421600342,-5.089910984039307,-4.8987202644348145,-5.0782670974731445,-5.473853588104248,-5.886934280395508,-6.115621089935303,-6.204553127288818
-10.716323852539062,-11.45240592956543,-11.543185234069824,-11.63454818725586,-11.73398208618164,-11.988899230957031,-12.308221817016602,-12.443130493164062,-12.494636535644531,-12.699823379516602,-12.846816062927246,-12.809863090515137,-12.52386474609375,-11.974156379699707,-11.39369010925293,-11.28580093383789,-11.418196678161621,-11.134437561035156,-11.083270072937012,-11.04746150970459,-10.889168739318848,-10.448901176452637,-9.64546012878418,-8.359830856323242,-7.562356948852539,-7.2288336753845215,-6.669919967651367,-6.281123638153076,-6.367500305175781,-6.481235504150391,-6.314467430114746,-6.17668342590332,-6.184345722198486,-6.443282127380371,-6.643664360046387,-6.43717098236084,-6.08272123336792,-5.914154052734375,-5.952044486999512,-6.099046230316162,-6.210354328155518,-6.40505838394165,-6.468440055847168
-10.789119720458984,-11.58809757232666,-12.203680038452148,-12.540838241577148,-12.727611541748047,-12.974678993225098,-13.186396598815918,-13.257298469543457,-13.139531135559082,-13.05068588256836,-13.066575050354004,-13.09989070892334,-13.004586219787598,-12.735135078430176,-12.392619132995605,-12.080102920532227,-11.845579147338867,-11.792600631713867,-11.83605670928955,-12.119443893432617,-12.297365188598633,-11.997880935668945,-11.348194122314453,-10.553256034851074,-9.550941467285156,-8.156082153320312,-7.376430511474609,-7.184237480163574,-6.9387640953063965,-6.927732467651367,-6.7912516593933105,-6.7676005363464355,-6.861588001251221,-7.253178596496582,-7.613982677459717,-7.459303855895996,-7.326876163482666,-7.537304878234863,-7.81083869934082,-7.888511657714844,-7.755044937133789,-7.664931297302246,-7.486223220825195
-11.583500862121582,-12.116572380065918,-12.654601097106934,-13.092894554138184,-13.476521492004395,-13.674097061157227,-13.745077133178711,-13.770925521850586,-13.690800666809082,-13.51780891418457,-13.357593536376953,-13.285432815551758,-13.16517448425293,-12.918986320495605,-12.66249942779541,-12.528909683227539,-12.525104522705078,-12.570019721984863,-12.6394681930542,-12.817158699035645,-12.997978210449219,-12.887710571289062,-12.463603019714355,-11.880682945251465,-11.302811622619629,-10.706100463867188,-9.974893569946289,-9.272326469421387,-8.739562034606934,-7.944613933563232,-7.5575666427612305,-8.129295349121094,-8.791582107543945,-9.203886032104492,-9.023024559020996,-8.662836074829102,-8.467316627502441,-8.482549667358398,-8.773921966552734,-9.005059242248535,-8.997570991516113,-8.90273666381836,-8.59902286529541
-12.602088928222656,-12.981525421142578,-13.169538497924805,-13.304171562194824,-13.497303009033203,-13.686748504638672,-13.755826950073242,-13.75464153289795,-13.702388763427734,-13.640579223632812,-13.562274932861328,-13.461737632751465,-13.31103229522705,-13.052194595336914,-12.822600364685059,-12.760555267333984,-12.85246467590332,-12.989404678344727,-13.135903358459473,-13.31304931640625,-13.467307090759277,-13.431022644042969,-13.142765998840332,-12.584322929382324,-11.793614387512207,-11.073909759521484,-10.76576042175293,-10.719202995300293,-10.42990779876709,-9.92415714263916,-9.508742332458496,-9.578433990478516,-9.865815162658691,-9.881485939025879,-9.674246788024902,-9.463768005371094,-9.294846534729004,-9.27105712890625,-9.397677421569824,-9.499382972717285,-9.47087574005127,-9.360980987548828,-9.136221885681152
-12.760748863220215,-13.180157661437988,-13.460091590881348,-13.487943649291992,-13.43025016784668,-13.39806842803955,-13.397290229797363,-13.389897346496582,-13.3253755569458,-13.257711410522461,-13.274161338806152,-13.276089668273926,-13.198725700378418,-13.056591033935547,-12.942126274108887,-12.984735488891602,-13.077363014221191,-13.165326118469238,-13.35532283782959,-13.57441520690918,-13.70341682434082,-13.6810941696167,-13.516092300415039,-13.111722946166992,-12.456642150878906,-11.743988990783691,-11.240313529968262,-10.992444038391113,-10.876062393188477,-10.755339622497559,-10.482453346252441,-10.298544883728027,-10.247268676757812,-10.169111251831055,-9.890872955322266,-9.571864128112793,-9.455510139465332,-9.558601379394531,-9.66442584991455,-9.630255699157715,-9.547541618347168,-9.387696266174316,-9.190534591674805
-12.649930953979492,-12.907752990722656,-13.180790901184082,-13.358501434326172,-13.393393516540527,-13.281000137329102,-13.117803573608398,-12.971799850463867,-12.83956527709961,-12.714058876037598,-12.679421424865723,-12.677680969238281,-12.664793014526367,-12.730374336242676,-12.935462951660156,-13.208949089050293,-13.349642753601074,-13.325948715209961,-13.384033203125,-13.517212867736816,-13.58544921875,-13.634719848632812,-13.71792221069336,-13.643043518066406,-13.344301223754883,-12.936681747436523,-12.501529693603516,-12.085062980651855,-11.723936080932617,-11.472758293151855,-11.295454025268555,-11.1318998336792,-10.869607925415039,-10.50280475616455,-10.042583465576172,-9.599710464477539,-9.331490516662598,-9.346700668334961,-9.442154884338379,-9.425511360168457,-9.360601425170898,-9.21406078338623,-8.94803237915039
-12.55134105682373,-12.594670295715332,-12.645116806030273,-12.726055145263672,-12.91562271118164,-13.047711372375488,-12.964902877807617,-12.718754768371582,-12.468080520629883,-12.304898262023926,-12.25668716430664,-12.23573112487793,-12.207393646240234,-12.283870697021484,-12.571188926696777,-12.99799633026123,-13.2939453125,-13.359808921813965,-13.401403427124023,-13.474226951599121,-13.4339017868042,-13.450908660888672,-13.621957778930664,-13.648801803588867,-13.477289199829102,-13.325653076171875,-13.14755630493164,-12.923503875732422,-12.730846405029297,-12.460335731506348,-12.100186347961426,-11.742798805236816,-11.393138885498047,-10.981639862060547,-10.487956047058105,-9.953154563903809,-9.349438667297363,-8.989919662475586,-9.068428039550781,-9.199859619140625,-9.21407699584961,-9.210814476013184,-9.220632553100586
-12.085294723510742,-12.17558765411377,-12.173978805541992,-12.144630432128906,-12.288345336914062,-12.4887113571167,-12.521759986877441,-12.324745178222656,-12.034858703613281,-11.857519149780273,-11.859246253967285,-11.955838203430176,-12.041691780090332,-12.131882667541504,-12.298303604125977,-12.60590934753418,-12.892669677734375,-13.085675239562988,-13.314806938171387,-13.523453712463379,-13.533446311950684,-13.468612670898438,-13.569121360778809,-13.63536548614502,-13.518762588500977,-13.350781440734863,-13.190718650817871,-13.112420082092285,-13.066328048706055,-12.870257377624512,-12.544971466064453,-12.167532920837402,-11.72684097290039,-11.257298469543457,-10.780414581298828,-10.197832107543945,-9.467406272888184,-8.987147331237793,-9.029067039489746,-9.302660942077637,-9.51540470123291,-9.705251693725586,-9.910490036010742
-11.435115814208984,-11.639824867248535,-11.72847843170166,-11.693260192871094,-11.747977256774902,-11.864986419677734,-11.918962478637695,-11.833757400512695,-11.627671241760254,-11.464974403381348,-11.485066413879395,-11.64171314239502,-11.852063179016113,-12.02705192565918,-12.161751747131348,-12.33934497833252,-12.539229393005371,-12.779570579528809,-13.093242645263672,-13.381114959716797,-13.476710319519043,-13.410244941711426,-13.347991943359375,-13.345093727111816,-13.388147354125977,-13.39372444152832,-13.2715482711792,-13.148702621459961,-13.074409484863281,-12.918641090393066,-12.665487289428711,-12.34653091430664,-11.904023170471191,-11.3971529006958,-10.936250686645508,-10.445682525634766,-9.87511920928955,-9.526005744934082,-9.584457397460938,-9.76534366607666,-9.942598342895508,-10.208585739135742,-10.46462631225586
-10.828368186950684,-11.102458000183105,-11.343095779418945,-11.41275691986084,-11.397281646728516,-11.322816848754883,-11.229278564453125,-11.221003532409668,-11.22964859008789,-11.227429389953613,-11.226601600646973,-11.346943855285645,-11.580652236938477,-11.79610824584961,-11.95543098449707,-12.072660446166992,-12.211954116821289,-12.474475860595703,-12.799468994140625,-13.032842636108398,-13.11850643157959,-13.117132186889648,-13.037158966064453,-12.919757843017578,-12.908758163452148,-12.989851951599121,-13.033865928649902,-12.97733211517334,-12.870827674865723,-12.726580619812012,-12.555000305175781,-12.355611801147461,-12.03081226348877,-11.539721488952637,-11.069151878356934,-10.725408554077148,-10.42409896850586,-10.270711898803711,-10.313315391540527,-10.354230880737305,-10.263458251953125,-10.403156280517578,-10.677022933959961
-10.159564971923828,-10.487056732177734,-10.873759269714355,-11.080242156982422,-11.072808265686035,-10.941055297851562,-10.75227165222168,-10.646398544311523,-10.742522239685059,-10.939642906188965,-11.065690994262695,-11.184471130371094,-11.411845207214355,-11.650534629821777,-11.756383895874023,-11.756489753723145,-11.798806190490723,-11.98940372467041,-12.262351989746094,-12.495759963989258,-12.662714958190918,-12.780760765075684,-12.771134376525879,-12.623541831970215,-12.480135917663574,-12.439738273620605,-12.502296447753906,-12.535665512084961,-12.47086238861084,-12.40475845336914,-12.391908645629883,-12.372934341430664,-12.139917373657227,-11.66003131866455,-11.18167495727539,-10.940357208251953,-10.839625358581543,-10.74875259399414,-10.682879447937012,-10.569201469421387,-10.346199035644531,-10.43730354309082,-10.835171699523926
-9.441473960876465,-9.781821250915527,-10.234912872314453,-10.536406517028809,-10.569890022277832,-10.459122657775879,-10.350478172302246,-10.296920776367188,-10.358344078063965,-10.580068588256836,-10.848599433898926,-11.05496597290039,-11.260509490966797,-11.452109336853027,-11.504838943481445,-11.470772743225098,-11.495198249816895,-11.567322731018066,-11.678768157958984,-11.862130165100098,-12.149914741516113,-12.416284561157227,-12.496310234069824,-12.350545883178711,-12.138522148132324,-12.078847885131836,-12.167882919311523,-12.20162582397461,-12.088608741760254,-12.012011528015137,-12.102461814880371,-12.22764778137207,-12.116623878479004,-11.712291717529297,-11.226737022399902,-10.979944229125977,-10.955063819885254,-10.852280616760254,-10.61125659942627,-10.387714385986328,-10.31722640991211,-10.580621719360352,-11.032705307006836
-8.845328330993652,-9.177261352539062,-9.59715461730957,-9.937257766723633,-10.024977684020996,-9.958133697509766,-9.919322967529297,-9.961963653564453,-10.01908016204834,-10.137349128723145,-10.383832931518555,-10.720507621765137,-11.000347137451172,-11.115791320800781,-11.080477714538574,-11.069674491882324,-11.221467018127441,-11.403766632080078,-11.457515716552734,-11.512450218200684,-11.717308044433594,-11.96900463104248,-12.113737106323242,-12.053813934326172,-11.846868515014648,-11.7517728805542,-11.855264663696289,-11.87180233001709,-11.660650253295898,-11.516321182250977,-11.67067813873291,-11.904223442077637,-11.89229965209961,-11.53935718536377,-11.075257301330566,-10.817798614501953,-10.793811798095703,-10.74973201751709,-10.528075218200684,-10.266514778137207,-10.287035942077637,-10.67630672454834,-11.1420259475708
-8.275735855102539,-8.683274269104004,-9.035181999206543,-9.310613632202148,-9.401803970336914,-9.385987281799316,-9.434993743896484,-9.584863662719727,-9.70112419128418,-9.736732482910156,-9.825369834899902,-10.162635803222656,-10.598173141479492,-10.797472953796387,-10.728222846984863,-10.671101570129395,-10.843326568603516,-11.144744873046875,-11.317038536071777,-11.369400024414062,-11.458735466003418,-11.556361198425293,-11.619622230529785,-11.607271194458008,-11.465435028076172,-11.33167839050293,-11.335661888122559,-11.358048439025879,-11.20760440826416,-11.04400634765625,-11.182015419006348,-11.532779693603516,-11.643277168273926,-11.315088272094727,-10.826638221740723,-10.569378852844238,-10.603743553161621,-10.703365325927734,-10.680447578430176,-10.602521896362305,-10.677475929260254,-11.064066886901855,-11.504218101501465
-7.4722208976745605,-8.062222480773926,-8.514761924743652,-8.743363380432129,-8.775248527526855,-8.793045043945312,-8.909876823425293,-9.08889389038086,-9.207663536071777,-9.251642227172852,-9.361565589904785,-9.682929992675781,-10.120925903320312,-10.407069206237793,-10.45237922668457,-10.41904067993164,-10.497871398925781,-10.737027168273926,-10.944474220275879,-11.052022933959961,-11.165541648864746,-11.227880477905273,-11.183210372924805,-11.056966781616211,-10.864622116088867,-10.683748245239258,-10.631664276123047,-10.714436531066895,-10.781542778015137,-10.788939476013184,-10.869527816772461,-11.107156753540039,-11.252333641052246,-11.038840293884277,-10.634232521057129,-10.450520515441895,-10.611162185668945,-10.880717277526855,-11.031911849975586,-11.138337135314941,-11.336790084838867,-11.72965145111084,-12.125716209411621
-6.5437164306640625,-7.108693599700928,-7.635263919830322,-8.003314971923828,-8.165875434875488,-8.270182609558105,-8.42875862121582,-8.592320442199707,-8.669711112976074,-8.714877128601074,-8.90044116973877,-9.266621589660645,-9.673389434814453,-9.970218658447266,-10.158232688903809,-10.24722671508789,-10.263607025146484,-10.309499740600586,-10.411345481872559,-10.5205717086792,-10.660398483276367,-10.767555236816406,-10.756060600280762,-10.605030059814453,-10.346334457397461,-10.073765754699707,-9.931714057922363,-10.0145845413208,-10.267998695373535,-10.561314582824707,-10.752167701721191,-10.84565258026123,-10.87214469909668,-10.81035041809082,-10.673507690429688,-10.647521018981934,-10.84376049041748,-11.176048278808594,-11.399605751037598,-11.510250091552734,-11.720739364624023,-12.132568359375,-12.569316864013672
-5.574477672576904,-6.117964744567871,-6.614291191101074,-7.041742324829102,-7.375696182250977,-7.652986526489258,-7.869241714477539,-8.027336120605469,-8.154704093933105,-8.280996322631836,-8.494607925415039,-8.828229904174805,-9.201156616210938,-9.522322654724121,-9.76600170135498,-9.936461448669434,-10.005175590515137,-10.005075454711914,-9.99974250793457,-10.018338203430176,-10.09188175201416,-10.155926704406738,-10.172625541687012,-10.095254898071289,-9.87454605102539,-9.61299991607666,-9.481781005859375,-9.518044471740723,-9.719257354736328,-10.077112197875977,-10.414809226989746,-10.550761222839355,-10.5509614944458,-10.617425918579102,-10.779398918151855,-10.987126350402832,-11.189253807067871,-11.358366012573242,-11.443533897399902,-11.469091415405273,-11.587512016296387,-11.939228057861328,-12.401313781738281
-4.388889312744141,-5.023149490356445,-5.593358993530273,-6.065333843231201,-6.498476982116699,-6.8842949867248535,-7.171494960784912,-7.3504486083984375,-7.526350975036621,-7.817742347717285,-8.173651695251465,-8.481635093688965,-8.768143653869629,-9.070796966552734,-9.315230369567871,-9.476561546325684,-9.605656623840332,-9.68636417388916,-9.695354461669922,-9.681292533874512,-9.699326515197754,-9.664713859558105,-9.559870719909668,-9.45431900024414,-9.313789367675781,-9.15426254272461,-9.096433639526367,-9.168415069580078,-9.308170318603516,-9.537418365478516,-9.831393241882324,-10.012479782104492,-10.10502815246582,-10.336464881896973,-10.713563919067383,-11.073403358459473,-11.302651405334473,-11.376009941101074,-11.330885887145996,-11.23002815246582,-11.243800163269043,-11.546590805053711,-11.999890327453613
