data/wind_data/wind_60_6.json
{"header": {"parameterUnit": "KT", "parameterCategory": 2, "nx": 256, "ny": 198, "lo1": 44.73521041870117, "la1": -3.236724853515625, "lo2": 111.26478576660156, "la2": 43.468475341796875, "dx": 0.2609002888202667, "dy": -0.23708222806453705, "refTime": "2025-02-21 12:00:00", "forecastTime": 0, "parameterNumber": 2, "parameterNumberName": "eastward_wind"}, "data":
[rows 80 to 99 of 198, columns 45 to 89 of 256]
46.22490692138672,46.19148254394531,46.050907135009766,46.004268646240234,46.172767639160156,46.50360107421875,46.865623474121094,47.154449462890625,47.32125473022461,47.392852783203125,47.49014663696289,47.696529388427734,47.979793548583984,48.20048141479492,48.17066192626953,47.74033737182617,46.9819450378418,46.183441162109375,45.651485443115234,45.52000427246094,45.694480895996094,45.97443771362305,46.17485046386719,46.18955993652344,46.03658676147461,45.83104705810547,45.690948486328125,45.66605758666992,45.7268180847168,45.82575988769531,45.922325134277344,45.98585891723633,45.99230194091797,45.92757797241211,45.80104064941406,45.644100189208984,45.50056838989258,45.38609313964844,45.28934860229492,45.21320724487305,45.152061462402344,45.05595016479492,44.85866165161133,44.58306884765625,44.33488845825195
48.859886169433594,48.840694427490234,48.51713943481445,48.14876174926758,48.02615737915039,48.21728515625,48.57444381713867,48.91282272338867,49.100494384765625,49.14176559448242,49.157432556152344,49.25846481323242,49.458213806152344,49.68326950073242,49.75698471069336,49.48195266723633,48.82479476928711,48.00105667114258,47.303836822509766,46.91695022583008,46.83857727050781,46.96969223022461,47.18089294433594,47.338191986083984,47.36524200439453,47.298927307128906,47.229339599609375,47.203426361083984,47.19002151489258,47.148460388183594,47.10901641845703,47.098411560058594,47.1082763671875,47.10430145263672,47.072471618652344,47.02874755859375,47.00767135620117,47.02455520629883,47.04659652709961,47.04158020019531,47.008880615234375,46.91292190551758,46.71957778930664,46.43159484863281,46.125144958496094
51.3844108581543,51.383487701416016,50.97381591796875,50.384254455566406,49.99542236328125,49.975563049316406,50.22402572631836,50.55012130737305,50.788978576660156,50.88875198364258,50.921173095703125,50.96605682373047,51.07339859008789,51.2321662902832,51.332275390625,51.20289611816406,50.73645782470703,50.0237922668457,49.28252029418945,48.71230697631836,48.39350509643555,48.30415344238281,48.38378143310547,48.53103256225586,48.64536666870117,48.69324493408203,48.690025329589844,48.650840759277344,48.54545974731445,48.36196517944336,48.16572952270508,48.066978454589844,48.078941345214844,48.1301383972168,48.17837142944336,48.23420715332031,48.32300567626953,48.44729232788086,48.584476470947266,48.674766540527344,48.67667007446289,48.59949493408203,48.45932388305664,48.25450134277344,47.98406982421875
53.60331344604492,53.61685562133789,53.25011444091797,52.66000747680664,52.192935943603516,52.02834701538086,52.1120491027832,52.305110931396484,52.506080627441406,52.66044616699219,52.751991271972656,52.78742980957031,52.8560676574707,52.996829986572266,53.107749938964844,53.04508590698242,52.71309280395508,52.12254333496094,51.384315490722656,50.67841339111328,50.15266418457031,49.87759780883789,49.850589752197266,49.99602127075195,50.18503952026367,50.30332946777344,50.291019439697266,50.15371322631836,49.926170349121094,49.63856506347656,49.34860610961914,49.14588928222656,49.067222595214844,49.06987762451172,49.11980056762695,49.248313903808594,49.484012603759766,49.7979850769043,50.10977554321289,50.317535400390625,50.345516204833984,50.22496032714844,50.071624755859375,49.93915557861328,49.76771926879883
55.55431365966797,55.56361389160156,55.35794448852539,55.00841522216797,54.68458557128906,54.49412536621094,54.42200469970703,54.383487701416016,54.3750114440918,54.44648361206055,54.569801330566406,54.680030822753906,54.80206298828125,54.97052764892578,55.11785888671875,55.09925079345703,54.81455993652344,54.27198791503906,53.52639389038086,52.717506408691406,52.02289962768555,51.58921813964844,51.46715545654297,51.59743118286133,51.83494186401367,51.99668502807617,51.965728759765625,51.738426208496094,51.43017578125,51.12372970581055,50.84077453613281,50.59480667114258,50.40324783325195,50.26234817504883,50.181175231933594,50.23413848876953,50.49909210205078,50.96562576293945,51.500770568847656,51.90266799926758,52.02473831176758,51.901371002197266,51.71220016479492,51.575355529785156,51.434295654296875
57.62284469604492,57.51777267456055,57.25359344482422,56.994136810302734,56.88155746459961,56.943878173828125,57.043739318847656,57.00077438354492,56.793701171875,56.60452651977539,56.56702423095703,56.660884857177734,56.84034729003906,57.07141876220703,57.26874542236328,57.295406341552734,57.05748748779297,56.554996490478516,55.84495544433594,55.00059127807617,54.197227478027344,53.62106704711914,53.36941909790039,53.39826583862305,53.55305862426758,53.640689849853516,53.538330078125,53.27326965332031,52.98381423950195,52.75603103637695,52.5616569519043,52.3486442565918,52.11713790893555,51.902130126953125,51.731475830078125,51.66591262817383,51.812103271484375,52.22499084472656,52.80878448486328,53.331451416015625,53.565956115722656,53.48671340942383,53.28042984008789,53.11865997314453,52.97205352783203
59.82090759277344,59.63467025756836,59.281150817871094,58.94603729248047,58.88615798950195,59.12932586669922,59.45672607421875,59.5919075012207,59.41876220703125,59.12450408935547,58.928672790527344,58.92325973510742,59.09526824951172,59.36891555786133,59.61439895629883,59.680843353271484,59.47569274902344,59.01256561279297,58.35133743286133,57.55356216430664,56.73843002319336,56.067787170410156,55.67089080810547,55.529693603515625,55.486732482910156,55.37721633911133,55.13265609741211,54.82123565673828,54.57210922241211,54.431884765625,54.331565856933594,54.17975616455078,53.96493148803711,53.76789093017578,53.64536666870117,53.59101486206055,53.64668273925781,53.912227630615234,54.39128875732422,54.90327835083008,55.18380355834961,55.10667037963867,54.812965393066406,54.530059814453125,54.30261993408203
62.1129035949707,61.723976135253906,61.34233474731445,61.10893630981445,61.163822174072266,61.45905303955078,61.80693817138672,61.93678665161133,61.75614929199219,61.459781646728516,61.24973678588867,61.21466064453125,61.34636306762695,61.56962585449219,61.778167724609375,61.860618591308594,61.74232482910156,61.41550064086914,60.90323257446289,60.233516693115234,59.471439361572266,58.746795654296875,58.20492935180664,57.87155532836914,57.643821716308594,57.38490676879883,57.03810119628906,56.66079330444336,56.362953186035156,56.192649841308594,56.09820556640625,55.98244857788086,55.81340026855469,55.68619918823242,55.674842834472656,55.72091293334961,55.783485412597656,55.970115661621094,56.3616943359375,56.82569885253906,57.084495544433594,56.95929718017578,56.536956787109375,56.0545654296875,55.646575927734375
64.68792724609375,64.03272247314453,63.43440628051758,63.252899169921875,63.494014739990234,63.852725982666016,64.10284423828125,64.10032653808594,63.89364242553711,63.64362335205078,63.48664474487305,63.470420837402344,63.566619873046875,63.71641159057617,63.84565734863281,63.86500549316406,63.730506896972656,63.472076416015625,63.127708435058594,62.68927001953125,62.14344787597656,61.53657913208008,60.944820404052734,60.41801071166992,59.96182632446289,59.562679290771484,59.18782424926758,58.818443298339844,58.480098724365234,58.212860107421875,58.01643753051758,57.841941833496094,57.67394256591797,57.593360900878906,57.66311264038086,57.81861114501953,57.986751556396484,58.234222412109375,58.626583099365234,59.036346435546875,59.20708084106445,58.992977142333984,58.48876190185547,57.90483093261719,57.37045669555664
67.30562591552734,66.71997833251953,65.97757720947266,65.63153076171875,65.7950210571289,66.08738708496094,66.2291030883789,66.15425872802734,65.93865966796875,65.73568725585938,65.64749145507812,65.66431427001953,65.74024963378906,65.82477569580078,65.87274932861328,65.81568908691406,65.61700439453125,65.32984161376953,65.02811431884766,64.7126235961914,64.3449935913086,63.90886306762695,63.40187454223633,62.85176086425781,62.3172607421875,61.848854064941406,61.44991683959961,61.10145568847656,60.785850524902344,60.49290084838867,60.21073532104492,59.93742370605469,59.700439453125,59.58063888549805,59.63993453979492,59.87128448486328,60.217105865478516,60.6247673034668,61.044525146484375,61.359554290771484,61.392459869384766,61.06226348876953,60.494041442871094,59.89974594116211,59.38393783569336
69.53633880615234,69.19190216064453,68.6048812866211,68.2658920288086,68.30828094482422,68.36246490478516,68.3447036743164,68.2452621459961,68.04837036132812,67.88214874267578,67.8305435180664,67.89068603515625,67.98949432373047,68.0444107055664,68.01023864746094,67.85515594482422,67.57648468017578,67.24066925048828,66.91791534423828,66.61579895019531,66.295654296875,65.9096908569336,65.41704559326172,64.851806640625,64.32170104980469,63.89215087890625,63.54708480834961,63.25971221923828,63.00717544555664,62.75644302368164,62.475826263427734,62.17588424682617,61.893428802490234,61.704471588134766,61.71665954589844,62.001338958740234,62.49494934082031,63.01622772216797,63.40315628051758,63.58439254760742,63.50971984863281,63.1356201171875,62.531246185302734,61.89739227294922,61.38343811035156
71.54743957519531,71.21748352050781,70.78710174560547,70.64482116699219,70.76821899414062,70.72203826904297,70.56549072265625,70.44290924072266,70.28585052490234,70.171142578125,70.18065643310547,70.28191375732422,70.3784408569336,70.37715911865234,70.22858428955078,69.93448638916016,69.55697631835938,69.18142700195312,68.85318756103516,68.56548309326172,68.26573944091797,67.86527252197266,67.31704711914062,66.69744873046875,66.12541961669922,65.65011596679688,65.2847900390625,65.05122375488281,64.91171264648438,64.76313018798828,64.5390396118164,64.26641082763672,64.00147247314453,63.82640838623047,63.85798263549805,64.17341613769531,64.68544006347656,65.16895294189453,65.4489974975586,65.52729797363281,65.46275329589844,65.19548034667969,64.66497802734375,63.99164581298828,63.372161865234375
73.62248229980469,73.1097640991211,72.67588806152344,72.65211486816406,72.84894561767578,72.8282470703125,72.6436996459961,72.5582504272461,72.5710220336914,72.62564086914062,72.68025207519531,72.71772003173828,72.72478485107422,72.64617919921875,72.41622161865234,72.04307556152344,71.60760498046875,71.19174194335938,70.84545135498047,70.57948303222656,70.30392456054688,69.86442565917969,69.22752380371094,68.54681396484375,67.942138671875,67.41841888427734,66.99987030029297,66.74284362792969,66.61160278320312,66.48750305175781,66.31536102294922,66.1356201171875,65.99510955810547,65.9344711303711,66.01117706298828,66.26953887939453,66.65548706054688,67.00760650634766,67.19044494628906,67.24349975585938,67.2509994506836,67.13632202148438,66.7507095336914,66.10710144042969,65.37560272216797
75.60813903808594,74.9975357055664,74.54447174072266,74.51142883300781,74.6328125,74.53868103027344,74.32169342041016,74.33564758300781,74.63046264648438,74.93326568603516,75.04425048828125,74.999755859375,74.87035369873047,74.6671371459961,74.399169921875,74.085693359375,73.71892547607422,73.30950927734375,72.94734954833984,72.69434356689453,72.420166015625,71.91667938232422,71.19523620605469,70.47053527832031,69.85822296142578,69.32931518554688,68.89163208007812,68.59210968017578,68.38768005371094,68.19375610351562,68.0276107788086,67.96728515625,68.026611328125,68.13908386230469,68.24182891845703,68.36007690429688,68.54649353027344,68.77228546142578,68.96025085449219,69.08692169189453,69.16529846191406,69.13316345214844,68.87493133544922,68.35655212402344,67.64302825927734
77.12036895751953,76.58684539794922,76.33181762695312,76.37435913085938,76.32469177246094,76.03453826904297,75.80941772460938,75.99063873291016,76.45973205566406,76.84306335449219,77.01195526123047,76.97926330566406,76.75479125976562,76.42225646972656,76.11986541748047,75.89379119873047,75.64620971679688,75.345703125,75.10346221923828,74.92325592041016,74.5860595703125,73.93949890136719,73.14962005615234,72.47441101074219,71.96180725097656,71.50187683105469,71.04950714111328,70.63835144042969,70.29328155517578,70.02433013916016,69.91110229492188,70.01655578613281,70.26732635498047,70.49057006835938,70.57074737548828,70.55816650390625,70.56895446777344,70.65825653076172,70.81029510498047,70.95806884765625,71.02262115478516,70.97731018066406,70.82547760009766,70.53273010253906,70.03288269042969
78.00909423828125,77.59855651855469,77.6898193359375,77.93364715576172,77.81422424316406,77.44483184814453,77.29402923583984,77.59354400634766,78.11620330810547,78.51579284667969,78.72505187988281,78.7289810180664,78.49301147460938,78.12625122070312,77.76517486572266,77.4643325805664,77.23604583740234,77.1412353515625,77.16433715820312,77.05953216552734,76.54495239257812,75.71468353271484,74.97288513183594,74.53614044189453,74.26969146728516,73.94746398925781,73.48783874511719,72.95760345458984,72.45394897460938,72.10723114013672,72.05282592773438,72.30135345458984,72.6870346069336,72.9848403930664,73.08428955078125,73.03330993652344,72.91645812988281,72.80699157714844,72.76981353759766,72.76897430419922,72.67426300048828,72.48274993896484,72.3261489868164,72.2288818359375,72.03668975830078
78.53700256347656,78.13555908203125,78.36476135253906,78.71138763427734,78.68659210205078,78.43247985839844,78.35237121582031,78.73750305175781,79.43081665039062,80.04736328125,80.35807800292969,80.34049224853516,80.13036346435547,79.78944396972656,79.3177261352539,78.84728240966797,78.64950561523438,78.8023681640625,78.99964141845703,78.76685333251953,78.00598907470703,77.15743255615234,76.6741943359375,76.55973815917969,76.51789093017578,76.32415008544922,75.94827270507812,75.45049285888672,74.92341613769531,74.52058410644531,74.42003631591797,74.6614761352539,75.08770751953125,75.46533966064453,75.65341186523438,75.6290054321289,75.41033935546875,75.09365844726562,74.8392105102539,74.65884399414062,74.39083099365234,74.01138305664062,73.73503112792969,73.6971206665039,73.7364501953125
79.3255844116211,78.84664916992188,78.92566680908203,79.15886688232422,79.20731353759766,79.02413177490234,78.91580963134766,79.35163879394531,80.31544494628906,81.2006607055664,81.5196762084961,81.49824523925781,81.40933227539062,81.08494567871094,80.47630310058594,79.98583984375,79.98927307128906,80.30037689208984,80.35115814208984,79.86373138427734,79.09129333496094,78.4961166381836,78.30073547363281,78.34852600097656,78.37079620361328,78.2696533203125,78.07278442382812,77.77881622314453,77.40772247314453,77.06137084960938,76.89635467529297,77.0246810913086,77.38894653320312,77.78294372558594,78.02111053466797,78.00013732910156,77.7001724243164,77.26288604736328,76.8961181640625,76.61372375488281,76.22754669189453,75.70426940917969,75.29415893554688,75.23136138916016,75.4065933227539
80.27539825439453,79.90740203857422,79.91224670410156,80.07978057861328,80.08492279052734,79.82861328125,79.7601547241211,80.33434295654297,81.27609252929688,81.95964050292969,82.14546203613281,82.1274185180664,82.08143615722656,81.59805297851562,80.81105041503906,80.50249481201172,80.82576751708984,81.1663818359375,81.10248565673828,80.70121765136719,80.19524383544922,79.8472900390625,79.76729583740234,79.80257415771484,79.81008911132812,79.81319427490234,79.81269073486328,79.7308578491211,79.5550765991211,79.35749816894531,79.24970245361328,79.33634185791016,79.58956909179688,79.87091064453125,80.04663848876953,79.9942626953125,79.67871856689453,79.24626159667969,78.86809539794922,78.52362060546875,78.0550537109375,77.46621704101562,76.99519348144531,76.8740005493164,77.05363464355469
80.39705657958984,80.30438232421875,80.5136947631836,80.79125213623047,80.73020935058594,80.57681274414062,80.98359680175781,81.90567779541016,82.60601806640625,82.8710708618164,82.96662139892578,82.92948150634766,82.36036682128906,81.29838562011719,80.53276824951172,80.62687683105469,81.17403411865234,81.5825424194336,81.69184112548828,81.51573181152344,81.17373657226562,80.92474365234375,80.888916015625,80.94896697998047,81.0587158203125,81.23258209228516,81.38232421875,81.40225219726562,81.32062530517578,81.23963165283203,81.2349624633789,81.34432983398438,81.52645111083984,81.71288299560547,81.83413696289062,81.7809066772461,81.51333618164062,81.11719512939453,80.69463348388672,80.26653289794922,79.78351593017578,79.26615905761719,78.84583282470703,78.66295623779297,78.72794342041016
