data/wind_data/wind_35_6.json
{"header": {"parameterUnit": "KT", "parameterCategory": 2, "nx": 256, "ny": 198, "lo1": 44.73521041870117, "la1": -3.236724853515625, "lo2": 111.26478576660156, "la2": 43.468475341796875, "dx": 0.2609002888202667, "dy": -0.23708222806453705, "refTime": "2025-02-20 11:00:00", "forecastTime": 0, "parameterNumber": 2, "parameterNumberName": "eastward_wind"}, "data":
[rows 120 to 139 of 198, columns 176 to 219 of 256]
82.0187759399414,81.66881561279297,81.8293685913086,82.59235382080078,83.17021942138672,83.32125854492188,83.08140563964844,82.82867431640625,83.3265609741211,84.21631622314453,84.59003448486328,84.59868621826172,84.41841125488281,84.37721252441406,84.79692840576172,85.65740966796875,86.80410766601562,87.85798645019531,88.58090209960938,88.82693481445312,88.2420425415039,87.58985900878906,87.95697784423828,89.28935241699219,89.77501678466797,88.60606384277344,88.45467376708984,90.21244812011719,91.5118637084961,91.51909637451172,91.24472045898438,90.83313751220703,91.33177185058594,92.53861236572266,92.95418548583984,92.6037826538086,91.24876403808594,90.9505386352539,92.94254302978516,93.09782409667969,92.1691665649414,94.11625671386719,95.63699340820312,95.43217468261719
77.9643783569336,78.15216064453125,78.46797943115234,79.32316589355469,80.49009704589844,80.75179290771484,80.06356048583984,79.8233413696289,80.77880096435547,81.83537292480469,82.03688049316406,81.83505249023438,81.30010986328125,80.96746826171875,81.3782958984375,82.27604675292969,83.31319427490234,84.3968505859375,85.50115203857422,86.38239288330078,86.56029510498047,86.62908172607422,87.40360260009766,88.21443939208984,87.92182159423828,87.2828369140625,87.82267761230469,89.28718566894531,90.5341796875,90.82073974609375,90.3783187866211,89.92289733886719,90.22227478027344,91.16693115234375,92.1064682006836,91.46051788330078,89.31060028076172,89.61615753173828,92.29637908935547,92.64707946777344,91.90267944335938,93.77130126953125,95.05025482177734,95.42015075683594
73.76908874511719,74.51490020751953,74.8826675415039,75.19539642333984,75.96704864501953,76.64469146728516,76.07926177978516,75.03961181640625,75.84021759033203,77.95592498779297,78.96350860595703,78.04302215576172,77.12724304199219,77.34468841552734,78.01526641845703,78.52855682373047,79.06615447998047,80.08505249023438,81.52406311035156,82.95117950439453,83.8152847290039,84.6783676147461,85.96328735351562,86.54015350341797,86.14876556396484,85.66265869140625,86.6671371459961,88.32085418701172,89.88175964355469,90.59230041503906,89.96490478515625,89.33916473388672,89.15369415283203,89.73828125,90.95822143554688,89.99776458740234,88.0240249633789,89.01033020019531,91.54795837402344,91.88811492919922,91.2962875366211,93.27125549316406,94.70369720458984,95.20768737792969
69.9239273071289,70.34849548339844,71.04927062988281,70.67327117919922,70.30949401855469,71.66761016845703,72.90989685058594,72.36067962646484,72.04956817626953,72.8960952758789,73.50772094726562,73.01654815673828,72.88871002197266,73.69963073730469,74.47042846679688,74.95586395263672,75.5644760131836,76.6646728515625,78.21310424804688,79.75787353515625,80.85896301269531,82.0503158569336,83.48455810546875,84.55799102783203,85.09346771240234,85.24034118652344,86.0176773071289,87.3365707397461,88.77533721923828,89.28275299072266,89.00164794921875,88.76774597167969,88.44708251953125,88.78540802001953,90.0235366821289,89.32521057128906,87.61459350585938,88.39531707763672,90.37112426757812,90.90846252441406,90.6038818359375,92.02845001220703,93.88941955566406,96.04698181152344
67.76529693603516,65.96849822998047,64.46247863769531,63.92540740966797,64.1446762084961,66.1532211303711,68.56101989746094,70.49336242675781,72.12991333007812,71.42781829833984,68.64443969726562,66.85223388671875,67.04339599609375,68.34308624267578,69.74250030517578,71.2740707397461,73.14200592041016,75.02957916259766,76.62297821044922,78.12159729003906,79.57901763916016,80.68771362304688,81.51717376708984,82.37642669677734,83.23717498779297,83.9085464477539,84.73345184326172,86.144287109375,86.7951889038086,87.23823547363281,88.27648162841797,88.55165100097656,87.74781036376953,87.758056640625,88.88208770751953,88.45179748535156,86.90169525146484,87.16973114013672,88.77342987060547,89.47395324707031,88.71204376220703,90.53931427001953,93.49659729003906,97.35753631591797
66.59934997558594,64.8266372680664,61.660701751708984,59.25802230834961,58.84851837158203,59.85332489013672,61.39798355102539,63.29698944091797,65.97520446777344,67.99653625488281,67.10403442382812,65.96244049072266,66.54764556884766,68.23374938964844,69.71546173095703,70.96754455566406,72.54051971435547,74.49972534179688,76.05975341796875,77.59536743164062,79.38479614257812,80.67181396484375,80.92794036865234,80.87644958496094,81.90277099609375,82.10212707519531,82.654296875,85.36808776855469,86.20730590820312,86.09877014160156,86.62737274169922,85.97814178466797,84.64463806152344,84.90919494628906,85.92256164550781,86.34431457519531,85.21199035644531,84.88304901123047,86.86775207519531,86.82129669189453,88.2161865234375,91.95431518554688,93.8113784790039,95.54629516601562
55.59349822998047,52.077999114990234,53.04375457763672,54.16109085083008,53.5965576171875,52.24748992919922,46.17629623413086,41.36879348754883,40.58394241333008,44.31317901611328,48.698604583740234,51.27910614013672,53.596153259277344,56.64534378051758,59.949920654296875,63.09327697753906,66.74901580810547,70.50840759277344,73.12720489501953,74.90753173828125,77.05561065673828,79.06532287597656,79.88452911376953,79.82584381103516,80.12654876708984,80.90614318847656,81.63822937011719,82.78624725341797,83.75377655029297,84.45956420898438,84.59120178222656,83.05941009521484,81.62999725341797,82.10020446777344,83.4084243774414,84.38890075683594,83.64335632324219,83.4365463256836,83.59123992919922,84.84703063964844,88.5654296875,91.44508361816406,92.59173583984375,93.15971374511719
52.18642044067383,50.90349197387695,50.223121643066406,48.54054641723633,39.279273986816406,23.286325454711914,18.123769760131836,20.66981315612793,30.588626861572266,39.97932815551758,47.78055191040039,53.258121490478516,56.64386749267578,59.07469940185547,61.03768539428711,62.63112258911133,65.03317260742188,67.44068145751953,68.49430084228516,69.09576416015625,70.92881774902344,74.12178039550781,75.64431762695312,75.24816131591797,75.53900146484375,76.90740203857422,78.45928192138672,78.9947280883789,79.24626159667969,80.87274932861328,82.06282806396484,81.45845794677734,80.5351333618164,80.9515380859375,82.32711029052734,83.30179595947266,82.66522216796875,82.2836685180664,80.95817565917969,83.04451751708984,87.55241394042969,89.77455139160156,91.06378936767578,90.97337341308594
42.72525405883789,43.60140609741211,42.762630462646484,42.35863494873047,40.704559326171875,37.75827407836914,35.30400466918945,37.072174072265625,39.14297866821289,42.469085693359375,47.83378601074219,52.81058883666992,56.04766082763672,58.012447357177734,59.461212158203125,60.653289794921875,62.618106842041016,65.06369018554688,65.34969329833984,64.5627670288086,65.79440307617188,68.1936264038086,70.1662826538086,71.12637329101562,70.68009948730469,71.0816879272461,72.99144744873047,73.38314819335938,74.4280014038086,78.04071807861328,79.68690490722656,78.97538757324219,78.66510772705078,80.18636322021484,81.88025665283203,82.5458755493164,81.46147155761719,80.37255859375,78.47515869140625,80.11052703857422,84.56787109375,87.06987762451172,89.08837127685547,88.47138977050781
33.00077438354492,34.08355712890625,36.94639205932617,38.491973876953125,39.59423065185547,41.900718688964844,43.3974609375,47.5689811706543,51.93063735961914,53.52891540527344,54.609458923339844,56.25384521484375,57.5685920715332,58.1744384765625,59.02013397216797,60.537147521972656,62.43410873413086,65.26643371582031,66.52307891845703,66.071533203125,66.29901123046875,66.69265747070312,68.28150177001953,69.80227661132812,67.58306121826172,66.29757690429688,68.16063690185547,69.65612030029297,71.93263244628906,75.38005065917969,76.79037475585938,76.2842025756836,75.97174835205078,77.66867065429688,79.7868423461914,80.86766052246094,80.21861267089844,78.64911651611328,77.45574951171875,76.759765625,80.31489562988281,84.55043029785156,85.9203109741211,84.9238510131836
27.785341262817383,33.73781967163086,37.91305160522461,38.806732177734375,38.6533203125,39.5316276550293,41.65219497680664,44.77099609375,47.49059295654297,51.58854293823242,54.18040084838867,57.09151840209961,59.22038650512695,57.63312530517578,56.607147216796875,57.570560455322266,59.62346267700195,61.7580680847168,63.24551010131836,64.5089340209961,65.84921264648438,67.01900482177734,68.64278411865234,68.75543975830078,64.17314910888672,62.35720443725586,65.49655151367188,68.51542663574219,69.8896484375,70.07898712158203,70.61541748046875,72.32888793945312,74.07585906982422,75.48782348632812,77.54524230957031,79.14266967773438,78.74930572509766,76.66019439697266,75.08873748779297,74.60795593261719,75.85205841064453,79.53977966308594,82.1972885131836,82.58493041992188
31.862239837646484,36.64680480957031,38.37895965576172,37.495887756347656,36.94879150390625,38.63754653930664,41.8615608215332,44.90134811401367,45.95759582519531,45.62570571899414,46.74381637573242,51.27645492553711,55.796512603759766,57.57322311401367,58.739837646484375,58.57612228393555,57.58464813232422,58.87055587768555,61.26918029785156,62.93247985839844,63.811065673828125,65.63410949707031,67.74659729003906,65.39476776123047,59.11552810668945,58.84748458862305,63.24630355834961,65.85218811035156,65.51971435546875,64.7191162109375,65.74803924560547,67.88298034667969,71.0135498046875,74.04801940917969,75.729736328125,76.55368041992188,77.53741455078125,76.71708679199219,74.77631378173828,73.36188507080078,73.99524688720703,75.67440032958984,76.9909439086914,79.13743591308594
24.99115753173828,26.74593734741211,28.12929344177246,30.172164916992188,31.478286743164062,34.51411437988281,37.98377227783203,38.45528030395508,35.92589569091797,33.980228424072266,35.605918884277344,41.18499755859375,47.346473693847656,52.61821365356445,57.04975891113281,57.028629302978516,55.32615280151367,56.31977081298828,58.927555084228516,60.83458709716797,61.66630935668945,63.28193664550781,64.53931427001953,61.05720901489258,55.89485549926758,57.421600341796875,62.06547927856445,63.376678466796875,62.314910888671875,62.27701950073242,63.41484451293945,64.3183822631836,66.28144836425781,68.75487518310547,72.08731079101562,72.84297943115234,73.76286315917969,75.60686492919922,75.57189178466797,74.35713195800781,74.22848510742188,74.68622589111328,75.01739501953125,76.53526306152344
18.61737632751465,20.859289169311523,24.360383987426758,28.20200538635254,31.683774948120117,34.93038558959961,36.60663986206055,34.82096862792969,33.80297088623047,38.05896759033203,43.653568267822266,46.6030387878418,48.74547576904297,51.63368225097656,53.68101119995117,53.56269073486328,53.13442611694336,54.50564956665039,56.906742095947266,58.75645446777344,59.37091064453125,59.64859390258789,59.91682052612305,58.09599304199219,56.5170783996582,58.8795166015625,61.848785400390625,62.138893127441406,61.76237106323242,62.63630294799805,63.45762252807617,62.471614837646484,62.98173904418945,65.14173126220703,69.05359649658203,70.28126525878906,70.66166687011719,71.76744079589844,72.47023010253906,73.96379852294922,75.3487777709961,75.93138122558594,76.50545501708984,77.1357421875
22.67487335205078,27.15721893310547,29.991374969482422,32.92993927001953,36.29994583129883,38.5244255065918,38.22605895996094,38.03378677368164,40.34968566894531,44.780338287353516,48.495689392089844,49.229042053222656,48.01134490966797,48.05261993408203,48.271629333496094,48.99811553955078,50.846431732177734,53.121604919433594,55.39970016479492,56.661136627197266,56.32518768310547,55.499786376953125,56.42915344238281,57.596126556396484,57.99812316894531,59.049625396728516,60.31836700439453,60.594364166259766,60.4860954284668,61.02978515625,61.60874938964844,61.72346496582031,62.141693115234375,63.733673095703125,66.8778305053711,68.63883972167969,68.76642608642578,68.85684204101562,69.96025848388672,71.90377044677734,75.88124084472656,78.060546875,79.15339660644531,79.32994842529297
29.83629035949707,31.270694732666016,31.37729263305664,35.55878829956055,39.49161148071289,39.479209899902344,40.423397064208984,42.56813049316406,41.37099075317383,42.68418884277344,43.424949645996094,44.455692291259766,46.6819953918457,48.49170684814453,48.356666564941406,48.628379821777344,50.37267303466797,52.08603286743164,53.493167877197266,54.347129821777344,54.19554138183594,53.6253776550293,54.94131851196289,56.66475296020508,56.450191497802734,55.84657287597656,56.77317428588867,57.885581970214844,58.44247055053711,57.78135299682617,58.051456451416016,57.87616729736328,58.5579833984375,59.33748245239258,61.99441909790039,64.60838317871094,66.3812484741211,67.77749633789062,67.41728210449219,69.3418960571289,73.7812271118164,76.4715576171875,79.0035629272461,80.76296997070312
37.700008392333984,38.485260009765625,41.296016693115234,43.37221145629883,43.23048400878906,42.415138244628906,43.28396224975586,44.56066131591797,46.64723587036133,48.516998291015625,48.71065139770508,47.54501724243164,49.875328063964844,53.28935623168945,53.67813491821289,52.172977447509766,50.84105682373047,49.36763381958008,48.187984466552734,48.7933464050293,50.331748962402344,50.67231369018555,51.90796661376953,52.87139892578125,51.6966552734375,50.030906677246094,51.16477966308594,53.86161804199219,54.849205017089844,55.203189849853516,53.83816909790039,55.22713088989258,56.88922119140625,57.82466506958008,58.78791427612305,59.287418365478516,60.381900787353516,62.21290588378906,62.728126525878906,65.90055847167969,70.67255401611328,75.27294921875,78.09591674804688,78.8510971069336
33.9254264831543,36.6523323059082,40.07685852050781,42.24453353881836,43.13173294067383,44.410369873046875,46.34992980957031,47.379886627197266,47.026702880859375,45.5109977722168,45.93610382080078,45.888004302978516,48.059326171875,50.18747329711914,49.905670166015625,48.916255950927734,48.4400749206543,47.183074951171875,45.54806900024414,45.476898193359375,47.24232482910156,48.36421203613281,48.97329330444336,49.03443908691406,48.71419906616211,48.48375701904297,49.87089157104492,52.365440368652344,53.66908645629883,54.02845001220703,54.01964569091797,55.0886344909668,57.10908508300781,57.505496978759766,56.966251373291016,57.9451789855957,60.85097122192383,64.40636444091797,67.50289154052734,70.55020141601562,73.97744750976562,76.15975189208984,76.76832580566406,77.0257339477539
31.56070899963379,34.327056884765625,37.70100402832031,40.66460037231445,42.92474365234375,43.716529846191406,44.32253646850586,44.6152229309082,43.692989349365234,42.74553680419922,45.908851623535156,49.23658752441406,48.455413818359375,46.88075256347656,44.96546936035156,46.56687545776367,47.84695053100586,46.19514465332031,43.81169128417969,42.31011962890625,43.60370635986328,45.03845977783203,46.199462890625,47.190921783447266,48.48417282104492,50.121150970458984,52.04393005371094,53.68712615966797,53.593353271484375,53.9764404296875,52.04612731933594,50.313446044921875,50.25948715209961,52.7137336730957,55.87800598144531,58.97190475463867,62.76300811767578,65.70687866210938,68.1325912475586,70.982177734375,73.46592712402344,74.11000061035156,73.0915298461914,73.68755340576172
33.063819885253906,36.718406677246094,39.543601989746094,41.39813232421875,42.190582275390625,42.62955093383789,42.537933349609375,42.79411315917969,42.73778533935547,43.21617126464844,44.62241744995117,45.65602493286133,45.51958084106445,46.09077835083008,48.05475616455078,49.42524337768555,48.84688186645508,46.62572479248047,42.58574676513672,38.75782012939453,38.20774841308594,38.953590393066406,40.9495735168457,44.39554977416992,48.27631378173828,51.41773986816406,53.79387283325195,55.29914093017578,54.63276290893555,54.32697296142578,53.867733001708984,51.29191970825195,49.193603515625,52.91556930541992,57.481998443603516,60.49063491821289,62.49477005004883,63.83815383911133,65.2911605834961,67.0566635131836,69.02610778808594,70.36495208740234,70.02804565429688,70.91343688964844
