data/wind_data/wind_9_4.json
{"header": {"parameterUnit": "KT", "parameterCategory": 2, "nx": 256, "ny": 198, "lo1": 44.73521041870117, "la1": -3.236724853515625, "lo2": 111.26478576660156, "la2": 43.468475341796875, "dx": 0.2609002888202667, "dy": -0.23708222806453705, "refTime": "2025-02-19 09:00:00", "forecastTime": 0, "parameterNumber": 2, "parameterNumberName": "eastward_wind"}, "data":
[rows 57 to 75 of 198, columns 88 to 131 of 256]
-15.455842971801758,-15.575972557067871,-15.561524391174316,-15.354700088500977,-15.00285530090332,-14.642770767211914,-14.409320831298828,-14.253561973571777,-14.077932357788086,-13.848273277282715,-13.477103233337402,-12.867025375366211,-12.051501274108887,-11.225639343261719,-10.609042167663574,-10.205866813659668,-9.969850540161133,-9.772674560546875,-9.442928314208984,-9.083362579345703,-8.940303802490234,-9.082786560058594,-9.316292762756348,-9.396364212036133,-9.291218757629395,-8.99303150177002,-8.601768493652344,-8.247431755065918,-8.084943771362305,-8.616122245788574,-6.924281120300293,-2.6150941848754883,-5.508521556854248,-10.396505355834961,-7.931046962738037,-4.881621360778809,-4.339105129241943,-4.71989107131958,-5.77654504776001,-5.177751064300537,-4.043914794921875,-4.502941608428955,-5.378493785858154,-5.763174533843994
-14.545265197753906,-14.684553146362305,-14.797945976257324,-14.743989944458008,-14.54136848449707,-14.275524139404297,-14.005228996276855,-13.7185640335083,-13.427444458007812,-13.199932098388672,-12.97677230834961,-12.655237197875977,-12.204733848571777,-11.68716049194336,-11.119494438171387,-10.522660255432129,-10.0441255569458,-9.712214469909668,-9.33666706085205,-8.817684173583984,-8.37287425994873,-8.298563003540039,-8.60105037689209,-8.948558807373047,-9.050850868225098,-8.907465934753418,-8.535019874572754,-8.221786499023438,-8.446507453918457,-7.471932411193848,-3.121873140335083,-3.9180688858032227,-9.763368606567383,-8.020882606506348,-4.907476425170898,-3.5399959087371826,-2.88230299949646,-3.380390167236328,-3.967927932739258,-3.6720376014709473,-3.4053845405578613,-3.841621160507202,-4.3097100257873535,-4.743052959442139
-13.496196746826172,-13.544333457946777,-13.720989227294922,-13.8325834274292,-13.788193702697754,-13.611412048339844,-13.335653305053711,-12.978639602661133,-12.623092651367188,-12.374612808227539,-12.149449348449707,-11.853323936462402,-11.571545600891113,-11.383016586303711,-11.200104713439941,-10.876497268676758,-10.431611061096191,-9.946704864501953,-9.388041496276855,-8.800104141235352,-8.377462387084961,-8.237224578857422,-8.258681297302246,-8.261299133300781,-8.158360481262207,-7.969316482543945,-7.839535713195801,-8.298929214477539,-8.594425201416016,-5.3641743659973145,-1.674330711364746,-6.969979763031006,-9.240772247314453,-5.186272144317627,-3.655726432800293,-2.8349034786224365,-1.993379831314087,-1.5902596712112427,-1.9393242597579956,-2.109868288040161,-2.88421368598938,-3.2633180618286133,-3.050581693649292,-3.0357770919799805
-12.385010719299316,-12.336088180541992,-12.441672325134277,-12.573500633239746,-12.608673095703125,-12.496282577514648,-12.251166343688965,-11.886602401733398,-11.493521690368652,-11.204124450683594,-10.963322639465332,-10.659546852111816,-10.411538124084473,-10.380020141601562,-10.45258903503418,-10.36572551727295,-10.037145614624023,-9.538887023925781,-8.963404655456543,-8.468400955200195,-8.242462158203125,-8.25633430480957,-8.200300216674805,-7.8932271003723145,-7.520382881164551,-7.351413726806641,-7.572838306427002,-8.272258758544922,-7.654103755950928,-3.1131298542022705,-3.309260845184326,-7.585733890533447,-6.74859094619751,-4.075033664703369,-2.986862897872925,-2.3012187480926514,-1.179404616355896,-0.20140846073627472,0.002606326248496771,-0.5209414958953857,-1.7885748147964478,-2.104635000228882,-1.4219672679901123,-1.0707826614379883
-11.1337251663208,-11.048789024353027,-11.089999198913574,-11.179374694824219,-11.212762832641602,-11.135595321655273,-10.971430778503418,-10.755407333374023,-10.467879295349121,-10.1635160446167,-9.91340160369873,-9.658181190490723,-9.421475410461426,-9.345942497253418,-9.443886756896973,-9.497762680053711,-9.283130645751953,-8.839571952819824,-8.36462688446045,-8.02790355682373,-7.871258735656738,-7.823533535003662,-7.751376152038574,-7.5559258460998535,-7.340489864349365,-7.354538917541504,-7.780180931091309,-7.908267498016357,-6.5752854347229,-3.84975266456604,-4.440079212188721,-7.158772945404053,-5.397327423095703,-2.8581864833831787,-1.8641610145568848,-1.14635169506073,-0.20814523100852966,0.6468449831008911,1.325166940689087,0.9834138751029968,-0.03952497988939285,-0.3210148811340332,-0.013389108702540398,0.08391312509775162
-9.917561531066895,-9.788220405578613,-9.804969787597656,-9.905272483825684,-9.921183586120605,-9.780915260314941,-9.611002922058105,-9.5114164352417,-9.40445327758789,-9.215897560119629,-8.990065574645996,-8.80280590057373,-8.684080123901367,-8.61965274810791,-8.59870433807373,-8.576225280761719,-8.410612106323242,-8.045090675354004,-7.66888427734375,-7.489075183868408,-7.446433067321777,-7.354105472564697,-7.188623905181885,-7.082332134246826,-7.080483436584473,-7.212254047393799,-7.905368328094482,-8.11754035949707,-6.460971832275391,-4.007143497467041,-5.2906599044799805,-7.653257369995117,-4.023373603820801,-1.5448976755142212,-0.4810262620449066,0.13226187229156494,0.8019865155220032,1.4775816202163696,1.9507160186767578,1.8992427587509155,1.5532598495483398,1.043761968612671,0.4871634542942047,0.3238746225833893
-8.871875762939453,-8.69666862487793,-8.649418830871582,-8.731687545776367,-8.768385887145996,-8.63133716583252,-8.417856216430664,-8.255900382995605,-8.192458152770996,-8.1681489944458,-8.099228858947754,-8.003397941589355,-7.979585647583008,-8.050285339355469,-8.1183443069458,-8.088584899902344,-7.901346683502197,-7.522704124450684,-7.11369514465332,-6.87671422958374,-6.745181560516357,-6.543864727020264,-6.323049068450928,-6.279054164886475,-6.346277236938477,-6.466885089874268,-7.413984298706055,-7.883968353271484,-4.717310905456543,-2.361992597579956,-6.617520332336426,-7.159486770629883,-2.846339702606201,-0.8187781572341919,0.7180639505386353,1.5419994592666626,1.8777780532836914,2.0579469203948975,2.3041269779205322,2.621100902557373,2.6677064895629883,2.185098886489868,1.326298475265503,0.778998076915741
-7.907079219818115,-7.777679920196533,-7.677432060241699,-7.651337146759033,-7.625011920928955,-7.565516471862793,-7.481961727142334,-7.326080322265625,-7.168639183044434,-7.162189483642578,-7.240001678466797,-7.2502031326293945,-7.199403762817383,-7.201169490814209,-7.286190986633301,-7.386663436889648,-7.391630172729492,-7.176025390625,-6.785268783569336,-6.370706081390381,-5.972723484039307,-5.5527825355529785,-5.224719524383545,-5.11863374710083,-5.175814151763916,-5.512276649475098,-6.785797595977783,-6.624990463256836,-1.739636778831482,-3.6064326763153076,-7.687595844268799,-4.638966083526611,-2.292431354522705,-0.7400926351547241,0.8882991075515747,2.0197794437408447,2.0122570991516113,1.9156664609909058,2.552558422088623,3.1270477771759033,3.3175041675567627,3.1116790771484375,2.540799140930176,1.8659130334854126
-6.794569492340088,-6.8343682289123535,-6.791257858276367,-6.70831823348999,-6.611665725708008,-6.53985071182251,-6.539452075958252,-6.4909281730651855,-6.34852409362793,-6.305481910705566,-6.401693344116211,-6.4528889656066895,-6.339556694030762,-6.144771099090576,-6.009282112121582,-6.038268089294434,-6.194280624389648,-6.236903190612793,-6.013800621032715,-5.631897926330566,-5.1558637619018555,-4.570244312286377,-4.122635364532471,-3.9733376502990723,-4.009830474853516,-4.571502685546875,-5.995332717895508,-4.347082138061523,-0.9218128323554993,-5.313048839569092,-5.98240852355957,-3.266735076904297,-1.8612923622131348,-0.5322130918502808,0.5577492713928223,1.2394112348556519,1.2907917499542236,1.217737078666687,2.035635232925415,2.8038289546966553,3.140444755554199,3.192525625228882,2.9248905181884766,2.8455021381378174
-5.610072135925293,-5.616971015930176,-5.6129913330078125,-5.625181674957275,-5.626010417938232,-5.5778608322143555,-5.510828018188477,-5.440155982971191,-5.363803863525391,-5.364468574523926,-5.446418285369873,-5.4735026359558105,-5.357353210449219,-5.112975597381592,-4.839955806732178,-4.664384365081787,-4.655371189117432,-4.730396270751953,-4.681342124938965,-4.435756683349609,-4.043043613433838,-3.506462574005127,-3.031628131866455,-2.8741514682769775,-2.8025872707366943,-3.5627784729003906,-4.548573017120361,-1.0225108861923218,-0.9746538996696472,-4.965115547180176,-3.924384117126465,-2.0494089126586914,-0.84015291929245,0.26893356442451477,1.0493121147155762,1.329472541809082,1.5809276103973389,1.258878469467163,1.364618182182312,2.0902295112609863,2.588871479034424,2.8514373302459717,2.9466545581817627,3.291564464569092
-4.48827600479126,-4.318755149841309,-4.193935394287109,-4.20559549331665,-4.298447132110596,-4.357556343078613,-4.32620906829834,-4.257790565490723,-4.216628074645996,-4.24015998840332,-4.287739276885986,-4.299402236938477,-4.241774082183838,-4.076328754425049,-3.821204900741577,-3.5818467140197754,-3.4539291858673096,-3.342113494873047,-3.1517722606658936,-2.8903183937072754,-2.5356454849243164,-2.1357169151306152,-1.8831839561462402,-1.851367473602295,-1.8125193119049072,-2.5824668407440186,-2.6997337341308594,0.5936239361763,-1.3245036602020264,-3.1513965129852295,-1.7134970426559448,-0.6143966913223267,0.585700273513794,1.6681654453277588,2.262216329574585,2.442826986312866,2.781491279602051,2.2423081398010254,1.5747712850570679,1.8049769401550293,2.2829668521881104,2.639479398727417,3.0575366020202637,3.4080967903137207
-3.39314603805542,-3.0567054748535156,-2.8123433589935303,-2.752415895462036,-2.8248636722564697,-2.8954250812530518,-2.892655849456787,-2.8833489418029785,-2.880707263946533,-2.8668265342712402,-2.857067823410034,-2.9218060970306396,-3.061109781265259,-3.0666143894195557,-2.826854705810547,-2.5287539958953857,-2.3918654918670654,-2.2955119609832764,-1.9991228580474854,-1.4782174825668335,-0.9626613259315491,-0.7001193165779114,-0.7303342819213867,-0.9363600015640259,-1.1724761724472046,-1.7521694898605347,-1.0353925228118896,0.3942433297634125,-1.5107004642486572,-1.0442469120025635,0.3528750538825989,1.1025750637054443,2.1016576290130615,3.0342390537261963,3.5424225330352783,3.708864212036133,3.8413219451904297,3.3614425659179688,2.428175210952759,2.1831064224243164,2.410224437713623,2.7173492908477783,3.1742212772369385,3.4498543739318848
-2.365206241607666,-2.0489542484283447,-1.7471861839294434,-1.590261459350586,-1.5207700729370117,-1.4700239896774292,-1.4102849960327148,-1.3449995517730713,-1.341326117515564,-1.3347418308258057,-1.2978456020355225,-1.3647258281707764,-1.6330418586730957,-1.8941631317138672,-1.8592108488082886,-1.6080167293548584,-1.4774935245513916,-1.422042965888977,-1.093059778213501,-0.4200063943862915,0.20246471464633942,0.3784177601337433,0.18257395923137665,-0.08964862674474716,-0.5159570574760437,-0.7134777307510376,0.3185434937477112,-0.1763109564781189,-0.8040177822113037,0.3609797954559326,1.5213618278503418,2.4397506713867188,3.1573054790496826,3.872502326965332,4.6756157875061035,4.930530071258545,4.5984787940979,4.1096062660217285,3.4570844173431396,3.1091225147247314,3.167053461074829,3.420454263687134,3.7321579456329346,3.9843356609344482
-1.1563152074813843,-1.0728932619094849,-0.863890528678894,-0.6561278700828552,-0.458898663520813,-0.2097724825143814,0.01835300587117672,0.14158393442630768,0.16941174864768982,0.16860631108283997,0.17375625669956207,0.12097518146038055,-0.07600726932287216,-0.37950730323791504,-0.5611581802368164,-0.5462452173233032,-0.5582288503646851,-0.6076640486717224,-0.30099546909332275,0.48296719789505005,1.2217018604278564,1.3529984951019287,1.0036633014678955,0.6356778740882874,0.2428697794675827,0.7187302708625793,1.0693472623825073,0.0906369611620903,0.15249940752983093,1.166290283203125,2.151463270187378,3.0092434883117676,3.645076274871826,4.203935623168945,5.213037014007568,5.682109832763672,5.2251362800598145,4.8181915283203125,4.612432956695557,4.512767791748047,4.413277626037598,4.511161804199219,4.983031272888184,5.293546676635742
0.1809319257736206,0.17565008997917175,0.3309599459171295,0.5280730724334717,0.7296732664108276,0.9840879440307617,1.2450571060180664,1.4138139486312866,1.456449031829834,1.4230847358703613,1.405572772026062,1.4204241037368774,1.3645870685577393,1.1480753421783447,0.912907063961029,0.7901592254638672,0.6971659064292908,0.557491660118103,0.7116196155548096,1.4317800998687744,2.2025017738342285,2.405087947845459,2.027775287628174,1.5020078420639038,1.1721627712249756,2.0118281841278076,2.3285505771636963,1.5483416318893433,1.4244667291641235,2.0573582649230957,2.7015676498413086,3.476210117340088,4.024845600128174,4.39098596572876,5.3202738761901855,5.791756629943848,5.660907745361328,5.655570030212402,5.798587322235107,5.890415191650391,5.5100884437561035,5.277592182159424,6.209968090057373,6.759015083312988
1.7446075677871704,1.7575007677078247,1.9038678407669067,2.0613536834716797,2.1824610233306885,2.2938904762268066,2.410505771636963,2.54074764251709,2.66137957572937,2.7314863204956055,2.7624661922454834,2.802229881286621,2.7519195079803467,2.4745264053344727,2.110572099685669,1.9419523477554321,1.9466392993927002,1.9740320444107056,2.0755069255828857,2.503995895385742,3.089890480041504,3.328564405441284,3.0608224868774414,2.613712787628174,2.4369559288024902,3.515577793121338,4.495703220367432,3.5623891353607178,3.3856935501098633,3.382878303527832,3.59541916847229,4.268538475036621,4.896999359130859,5.09658145904541,5.396236419677734,5.74403715133667,6.0154876708984375,6.320365905761719,6.5799384117126465,6.642320156097412,6.155856132507324,5.7336039543151855,6.9955010414123535,7.697959899902344
3.50555419921875,3.5612621307373047,3.681269884109497,3.7828590869903564,3.835550546646118,3.83878755569458,3.8174917697906494,3.8466625213623047,3.9750473499298096,4.12298583984375,4.224623680114746,4.293177127838135,4.239071846008301,3.897702932357788,3.351728916168213,3.000267267227173,3.025773525238037,3.2626760005950928,3.525935173034668,3.7277355194091797,3.9191174507141113,3.942106008529663,3.833519697189331,3.643298387527466,4.009377956390381,6.018130302429199,6.210244655609131,5.774111747741699,5.355510234832764,5.310676574707031,5.353519439697266,5.715371608734131,6.375770092010498,6.553816795349121,6.263246536254883,6.422006130218506,6.691625595092773,6.759763240814209,6.7609028816223145,6.645871639251709,6.190801620483398,6.108526229858398,7.665309906005859,8.400050163269043
5.213966369628906,5.274372100830078,5.321192264556885,5.321534633636475,5.299336910247803,5.289404392242432,5.327305793762207,5.395153522491455,5.495388031005859,5.608567237854004,5.697206020355225,5.725850582122803,5.623571395874023,5.323378562927246,4.84522819519043,4.393077373504639,4.238672733306885,4.404724597930908,4.702386856079102,4.843902111053467,4.7812628746032715,4.522191047668457,4.43116569519043,4.661485195159912,6.355425834655762,7.492825984954834,7.40357780456543,7.369950771331787,7.142462253570557,7.081583023071289,7.462905406951904,7.802695274353027,8.136018753051758,8.390450477600098,8.265222549438477,8.468490600585938,8.32746410369873,7.8476080894470215,7.3051371574401855,6.829576015472412,6.387040138244629,7.119405269622803,8.371118545532227,9.15772819519043
6.757630348205566,6.8547892570495605,6.8502116203308105,6.772019863128662,6.6910295486450195,6.65336275100708,6.694492816925049,6.822590351104736,6.973963260650635,7.077836036682129,7.115852355957031,7.068489074707031,6.878558158874512,6.549154758453369,6.206534385681152,5.942145824432373,5.770469665527344,5.734597206115723,5.7721171379089355,5.723744869232178,5.5765910148620605,5.2237958908081055,5.2910895347595215,6.461564064025879,7.801840782165527,8.231658935546875,8.540727615356445,8.50183391571045,8.397416114807129,8.489533424377441,8.997822761535645,9.562187194824219,9.942116737365723,10.359404563903809,10.76462173461914,11.050073623657227,10.947002410888672,10.01302433013916,8.91663646697998,8.012304306030273,7.487821578979492,8.093710899353027,8.696366310119629,9.93034839630127
