data/wind_data/wind_67_7.json
{"header": {"parameterUnit": "KT", "parameterCategory": 2, "nx": 256, "ny": 198, "lo1": 44.73521041870117, "la1": -3.236724853515625, "lo2": 111.26478576660156, "la2": 43.468475341796875, "dx": 0.2609002888202667, "dy": -0.23708222806453705, "refTime": "2025-02-21 19:00:00", "forecastTime": 0, "parameterNumber": 2, "parameterNumberName": "eastward_wind"}, "data":
[rows 80 to 99 of 198, columns 176 to 219 of 256]
38.53049087524414,38.12459182739258,39.05436706542969,40.59210968017578,40.870601654052734,39.35073471069336,37.22879409790039,35.54655075073242,34.448150634765625,34.060733795166016,34.83863067626953,35.983341217041016,36.07268524169922,35.067684173583984,34.16288375854492,33.969879150390625,34.392822265625,35.08818054199219,35.93809127807617,36.61806106567383,36.9262809753418,36.796478271484375,36.17772674560547,34.61880111694336,33.08583068847656,32.99534225463867,33.113014221191406,32.78339767456055,31.21148109436035,29.178678512573242,28.252620697021484,27.776517868041992,26.766897201538086,26.762529373168945,28.917953491210938,31.668710708618164,32.72480010986328,32.02313232421875,30.820146560668945,29.346019744873047,27.510587692260742,25.830551147460938,25.348712921142578,25.211498260498047
41.500152587890625,40.65185546875,40.23801803588867,41.16495895385742,42.4802131652832,42.442176818847656,40.768104553222656,38.58319854736328,36.82859420776367,35.911319732666016,36.5195426940918,37.96417236328125,38.578861236572266,38.113590240478516,37.2835693359375,36.67713165283203,36.62420654296875,36.687068939208984,36.72829055786133,37.507965087890625,38.6862678527832,39.37489700317383,39.18470764160156,37.705238342285156,36.22633361816406,35.63905715942383,34.81529998779297,33.62263488769531,32.3788948059082,31.781002044677734,31.997318267822266,31.587167739868164,30.18526840209961,29.326358795166016,30.320070266723633,32.97616958618164,35.041908264160156,35.071922302246094,34.18852996826172,33.1904182434082,31.808998107910156,29.716562271118164,28.2666072845459,27.643146514892578
44.27386474609375,43.91593933105469,43.08115005493164,42.6647834777832,43.4021110534668,44.3918342590332,44.159324645996094,42.49625015258789,40.47843551635742,39.176368713378906,39.25921630859375,40.13533020019531,40.6954231262207,40.75188446044922,40.25743865966797,39.38006591796875,38.81999588012695,38.438636779785156,38.262508392333984,38.9718132019043,40.196083068847656,41.16073989868164,41.54548263549805,40.96183395385742,39.82760238647461,38.734657287597656,37.42921829223633,35.44973373413086,33.673160552978516,33.64839553833008,35.1875,35.756561279296875,34.73654556274414,33.34635543823242,32.992774963378906,34.40079116821289,36.001373291015625,36.3886604309082,36.00590515136719,35.832820892333984,35.65077209472656,34.19916915893555,31.8746337890625,30.034698486328125
46.65741729736328,46.81285095214844,46.649330139160156,45.88105010986328,45.304481506347656,45.64685821533203,46.239742279052734,45.89778518676758,44.58214569091797,43.47166061401367,43.191932678222656,43.246246337890625,43.26533126831055,43.39630126953125,43.20991134643555,42.27467346191406,41.133541107177734,40.08494186401367,39.598968505859375,40.4369010925293,41.72772216796875,42.824066162109375,43.756378173828125,43.689788818359375,42.889923095703125,42.69226837158203,42.20404815673828,40.53036880493164,38.0200080871582,37.01674270629883,38.19209289550781,39.41529846191406,39.175750732421875,38.30537796020508,38.02016067504883,38.107669830322266,38.06160354614258,37.796817779541016,37.60445785522461,37.765350341796875,38.18729782104492,37.93260955810547,36.16257095336914,33.57748031616211
48.6718635559082,49.10844802856445,49.652462005615234,49.63075637817383,48.808536529541016,47.99871063232422,47.90287399291992,48.05023956298828,47.72455596923828,47.30340576171875,47.19780349731445,47.13040542602539,46.92215347290039,46.76573944091797,46.47458267211914,45.65560531616211,44.18968963623047,42.24520492553711,40.82791519165039,41.205078125,42.735740661621094,44.60279083251953,46.11874008178711,45.84234619140625,44.73276138305664,45.11460494995117,46.28612518310547,45.981327056884766,43.992462158203125,42.276180267333984,42.056007385253906,42.55430221557617,42.50391387939453,42.7359619140625,43.28310012817383,43.25379180908203,42.34206771850586,40.8226318359375,39.98830795288086,40.12892150878906,40.55620193481445,40.71539306640625,39.79778289794922,37.81281661987305
50.33061981201172,50.966922760009766,51.8222770690918,52.5352783203125,52.514286041259766,51.721534729003906,50.850379943847656,50.401885986328125,50.223411560058594,50.181007385253906,50.28081512451172,50.47879409790039,50.58441925048828,50.46018981933594,49.985809326171875,49.12820816040039,47.73677444458008,45.5826530456543,43.376834869384766,42.32638931274414,43.181251525878906,45.696231842041016,47.868343353271484,47.80508041381836,46.63633346557617,46.633087158203125,47.593017578125,48.18013381958008,47.65009307861328,46.54535675048828,46.27040481567383,46.292728424072266,45.6160888671875,45.54316329956055,46.6533203125,47.44210433959961,47.03190612792969,45.21629333496094,43.12874984741211,42.248104095458984,42.490692138671875,43.13408279418945,42.738948822021484,41.276432037353516
51.97323226928711,52.60719299316406,53.475669860839844,54.45380783081055,55.16302490234375,55.24447250366211,54.72427749633789,54.03947830200195,53.61081314086914,53.41244125366211,53.26211929321289,53.2545280456543,53.41368103027344,53.56074142456055,53.191986083984375,52.17649459838867,50.92353439331055,49.33604431152344,47.426029205322266,45.85380935668945,45.292213439941406,46.46992874145508,48.324459075927734,49.0817985534668,48.89338302612305,48.6855354309082,48.47950744628906,48.519737243652344,48.44835662841797,48.05388641357422,49.057350158691406,49.93350601196289,48.680049896240234,47.5855827331543,48.420127868652344,49.987335205078125,50.355499267578125,49.05613708496094,46.65520477294922,44.823299407958984,44.458953857421875,45.30788803100586,45.313751220703125,43.83967590332031
53.93019485473633,54.41230773925781,55.03788375854492,55.85285568237305,56.748653411865234,57.517974853515625,57.90785217285156,57.894615173339844,57.77699279785156,57.6841926574707,57.43732452392578,56.97040557861328,56.63103103637695,56.56906509399414,56.151065826416016,54.94536590576172,53.624446868896484,52.63380813598633,51.8107795715332,51.251644134521484,50.478599548339844,49.500911712646484,49.330570220947266,49.99314498901367,50.890560150146484,51.26183319091797,50.78880310058594,50.00442886352539,49.36574935913086,48.961181640625,50.19994354248047,51.79977798461914,51.2766227722168,49.83901596069336,50.018760681152344,51.08610534667969,52.18790817260742,52.129005432128906,50.90118408203125,48.398521423339844,46.6591682434082,47.04473876953125,47.26437759399414,45.940765380859375
56.08369064331055,56.474769592285156,56.87507247924805,57.37177658081055,58.020565032958984,58.82899856567383,59.68608093261719,60.476627349853516,61.176666259765625,61.72109603881836,61.96621322631836,61.7285041809082,61.17470169067383,60.678123474121094,59.860877990722656,58.30376434326172,56.7160758972168,55.94187545776367,55.9866828918457,56.56618118286133,56.44045639038086,54.771751403808594,52.96592330932617,52.53647994995117,53.4399528503418,54.4077033996582,54.46699142456055,53.668052673339844,52.5354118347168,51.442806243896484,51.63727951049805,53.19009780883789,53.42864227294922,52.073097229003906,51.65557861328125,52.24579620361328,53.01768112182617,54.2703742980957,55.066162109375,53.102745056152344,49.862403869628906,48.65367126464844,48.654090881347656,47.93568420410156
58.329627990722656,58.712100982666016,59.04356002807617,59.31684112548828,59.61994552612305,60.09776306152344,60.866363525390625,61.953189849853516,63.173458099365234,64.25445556640625,65.09677124023438,65.64191436767578,65.73087310791016,65.36431884765625,64.36904907226562,62.701786041259766,60.970706939697266,60.08967590332031,60.26144027709961,61.152854919433594,61.588985443115234,60.190673828125,57.80029296875,56.45513916015625,57.12363815307617,58.73337173461914,59.34715270996094,58.73619079589844,57.55975341796875,55.739349365234375,54.506988525390625,55.17741394042969,55.67683029174805,54.664649963378906,53.543785095214844,54.03508377075195,54.22455596923828,55.513938903808594,57.81788635253906,57.39032745361328,54.2960319519043,51.85158920288086,50.863250732421875,50.15636444091797
60.69490051269531,61.07902908325195,61.44743347167969,61.62765884399414,61.68314743041992,61.83225631713867,62.34437561035156,63.35130310058594,64.57410430908203,65.650634765625,66.63473510742188,67.71701049804688,68.62478637695312,68.82720947265625,68.2150650024414,67.06465911865234,65.75874328613281,64.95157623291016,64.93833923339844,65.54985046386719,66.0228271484375,64.97235107421875,62.4470100402832,60.48867416381836,60.93833923339844,62.893497467041016,63.988243103027344,63.90047836303711,62.818790435791016,60.68735122680664,58.55421829223633,58.22271728515625,58.628841400146484,58.151004791259766,57.036865234375,56.278682708740234,56.089805603027344,56.456329345703125,58.01763153076172,59.364803314208984,58.697776794433594,57.10049057006836,55.48781967163086,53.65279769897461
63.12897491455078,63.44917678833008,63.88794708251953,64.13037872314453,64.12438201904297,64.11100006103516,64.4391860961914,65.23538970947266,66.15880584716797,66.91622161865234,67.69461822509766,68.76187896728516,69.85466766357422,70.3546371459961,70.38037109375,70.17037963867188,69.58316040039062,69.12745666503906,69.27593994140625,69.71672058105469,69.90941619873047,69.13959503173828,67.08201599121094,65.0155029296875,64.82280731201172,66.09101104736328,67.19725799560547,67.47337341308594,66.9241714477539,65.3816146850586,63.320213317871094,62.26544952392578,62.39741134643555,62.21963119506836,60.86577606201172,59.78981399536133,59.197120666503906,57.56613540649414,57.34574890136719,59.38549041748047,61.34911346435547,61.79420471191406,60.75263595581055,58.535606384277344
65.64830017089844,65.74991607666016,66.17565155029297,66.62867736816406,66.8078384399414,66.82432556152344,67.07564544677734,67.63063049316406,68.14916229248047,68.56269073486328,69.10157775878906,69.83851623535156,70.54166412353516,70.97164154052734,71.43218994140625,71.91319274902344,71.85944366455078,71.65853881835938,72.01593780517578,72.57469940185547,72.82673645019531,72.49356079101562,71.24331665039062,69.82054138183594,69.3370590209961,69.51661682128906,69.7258529663086,69.60370635986328,69.49226379394531,69.27359771728516,68.08413696289062,66.81768798828125,66.51533508300781,65.73965454101562,64.77989196777344,64.28498077392578,62.84599685668945,60.27527618408203,58.47383499145508,59.501407623291016,62.37910842895508,64.05130004882812,64.0659408569336,63.159629821777344
68.45262908935547,68.22195434570312,68.4186019897461,69.00264739990234,69.55387878417969,69.85266876220703,70.08609008789062,70.27513122558594,70.37460327148438,70.5912857055664,71.01483917236328,71.47638702392578,71.78112030029297,72.03580474853516,72.53607177734375,73.0592269897461,73.08968353271484,72.92839813232422,73.25895690917969,73.90477752685547,74.46554565429688,74.61412048339844,74.03504943847656,73.51199340820312,73.5908432006836,73.40898132324219,72.77149200439453,72.15548706054688,71.90044403076172,72.0281753540039,71.73997497558594,70.9392318725586,70.233154296875,69.30559539794922,68.65982055664062,67.92095947265625,66.41595458984375,64.35594940185547,62.04880142211914,61.378631591796875,63.00822830200195,65.05176544189453,66.27505493164062,66.49822998046875
71.41631317138672,71.05453491210938,70.99356079101562,71.40245056152344,72.08135223388672,72.7373275756836,73.15213775634766,73.097412109375,72.83036041259766,72.8659896850586,73.21409606933594,73.60061645507812,73.79225158691406,73.89122009277344,74.14735412597656,74.37431335449219,74.17755889892578,73.82971954345703,73.96907806396484,74.56962585449219,75.25503540039062,75.59203338623047,75.39138793945312,75.60980224609375,76.4451904296875,76.58319091796875,76.01536560058594,75.56372833251953,75.16059875488281,74.74140930175781,74.30562591552734,73.79043579101562,73.30683898925781,72.56204986572266,71.86466979980469,71.38423156738281,70.50064086914062,68.62251281738281,66.18955993652344,64.53335571289062,64.85639190673828,66.86397552490234,68.58950805664062,68.93598175048828
74.00817108154297,73.93754577636719,73.8166732788086,73.87637329101562,74.28902435302734,75.04981994628906,75.77572631835938,75.91199493408203,75.64168548583984,75.53697967529297,75.64973449707031,75.87474060058594,76.16790771484375,76.27545166015625,76.17903137207031,76.02999114990234,75.68034362792969,75.2133560180664,75.13472747802734,75.48914337158203,75.92667388916016,76.07218933105469,75.9405288696289,76.58335876464844,77.96765899658203,78.56913757324219,78.5339126586914,78.5910873413086,78.50169372558594,77.9398193359375,77.08635711669922,76.26313781738281,75.64459991455078,75.04484558105469,74.48480987548828,74.62115478515625,74.47373962402344,72.70208740234375,70.37097930908203,68.75450897216797,68.4566650390625,69.57734680175781,70.93842315673828,71.400390625
76.10041809082031,76.423095703125,76.37078094482422,76.1651611328125,76.23785400390625,76.91397094726562,77.9061050415039,78.5022964477539,78.57894897460938,78.56893920898438,78.5801773071289,78.58212280273438,78.70842742919922,78.61946868896484,78.34574127197266,78.08692932128906,77.63165283203125,77.08120727539062,76.92310333251953,77.0603256225586,77.10242462158203,76.85664367675781,76.49891662597656,77.11862182617188,78.7809066772461,79.84335327148438,80.22807312011719,80.65251159667969,80.89132690429688,80.80484008789062,80.31211853027344,79.30167388916016,78.0185775756836,76.91517639160156,76.40878295898438,76.99320220947266,77.56002807617188,76.62020111083984,74.5659408569336,73.02112579345703,72.32940673828125,72.57127380371094,73.38133239746094,74.21835327148438
78.0457763671875,78.43465423583984,78.42408752441406,78.1781005859375,78.11881256103516,78.65684509277344,79.70121002197266,80.65188598632812,81.20126342773438,81.536376953125,81.71741485595703,81.818359375,81.86072540283203,81.25869750976562,80.3587646484375,79.91294860839844,79.61041259765625,79.22370910644531,79.13509368896484,79.20144653320312,79.03168487548828,78.48097229003906,77.7538833618164,77.96430969238281,79.49303436279297,80.78960418701172,81.41593170166016,81.88268280029297,82.3964614868164,83.02349853515625,83.05860900878906,82.1649169921875,80.73399353027344,79.28511810302734,78.4576187133789,78.71617889404297,79.62504577636719,79.68518829345703,78.59972381591797,77.08636474609375,75.79246520996094,75.35015106201172,75.88624572753906,77.00334167480469
80.11175537109375,80.2806396484375,80.25920867919922,80.11172485351562,80.06663513183594,80.43891143798828,81.30718994140625,82.33187103271484,83.19390869140625,83.93111419677734,84.49392700195312,84.98684692382812,85.30265808105469,84.61279296875,82.9266586303711,81.58509826660156,81.08253479003906,81.09085083007812,81.45159912109375,81.757568359375,81.63229370117188,80.94346618652344,79.92308807373047,79.60392761230469,80.60628509521484,81.81168365478516,82.4312744140625,82.88200378417969,83.62019348144531,84.46488189697266,84.70085906982422,84.23485565185547,83.37348175048828,82.28067779541016,81.32901763916016,81.01927185058594,81.35301971435547,81.6088638305664,81.36988830566406,80.50782775878906,79.19624328613281,78.30482482910156,78.50735473632812,79.42896270751953
82.24209594726562,82.164794921875,82.0404281616211,81.9234848022461,81.90957641601562,82.21084594726562,82.9510726928711,84.00721740722656,85.00762939453125,85.77953338623047,86.53631591796875,87.49703979492188,88.11959838867188,87.71434783935547,86.06130981445312,84.06499481201172,82.89708709716797,82.84935760498047,83.52130126953125,84.21244812011719,84.39574432373047,83.82823944091797,82.73722076416016,82.05340576171875,82.51602935791016,83.44973754882812,83.87351989746094,84.0760726928711,84.68049621582031,85.4044418334961,85.77449035644531,85.74535369873047,85.42321014404297,84.92858123779297,84.42414093017578,84.02104949951172,83.66343688964844,83.30238342285156,83.03146362304688,82.73434448242188,82.12627410888672,81.51103973388672,81.44015502929688,81.73223876953125
