data/wind_data/wind_65_5.json
{"header": {"parameterUnit": "KT", "parameterCategory": 2, "nx": 256, "ny": 198, "lo1": 44.73521041870117, "la1": -3.236724853515625, "lo2": 111.26478576660156, "la2": 43.468475341796875, "dx": 0.2609002888202667, "dy": -0.23708222806453705, "refTime": "2025-02-21 17:00:00", "forecastTime": 0, "parameterNumber": 2, "parameterNumberName": "eastward_wind"}, "data":
[rows 171 to 189 of 198, columns 88 to 131 of 256]
9.004520416259766,7.0819621086120605,7.0873212814331055,7.811922550201416,7.458911418914795,6.825433254241943,7.464437961578369,8.286614418029785,8.253684043884277,7.932335376739502,8.379623413085938,6.936606407165527,5.023106098175049,7.592392444610596,8.794862747192383,8.483256340026855,8.66979694366455,10.018385887145996,10.37869930267334,10.383929252624512,11.933989524841309,13.477273941040039,13.902467727661133,11.743249893188477,12.489418029785156,17.1462345123291,19.733537673950195,20.987140655517578,21.91070556640625,21.99676513671875,23.768674850463867,24.07463264465332,22.572784423828125,19.630998611450195,15.932608604431152,13.816797256469727,13.401480674743652,13.764043807983398,14.586530685424805,15.834952354431152,17.147930145263672,18.07872772216797,18.631052017211914,19.008037567138672
10.379340171813965,7.993502140045166,6.891592502593994,6.997531414031982,7.452513694763184,8.098552703857422,9.031949996948242,8.685871124267578,7.538074493408203,7.7472100257873535,7.597914218902588,5.750112056732178,6.271481990814209,7.576981067657471,7.844789028167725,8.808337211608887,9.709847450256348,11.008496284484863,9.38889217376709,9.21694278717041,11.465791702270508,12.990091323852539,13.853285789489746,13.036136627197266,11.045978546142578,15.80420207977295,19.611576080322266,20.323963165283203,21.515117645263672,23.337440490722656,24.604421615600586,23.747373580932617,18.557044982910156,13.77194595336914,12.181941032409668,12.54403018951416,13.720545768737793,14.8995361328125,15.874964714050293,16.679229736328125,17.20987319946289,17.492876052856445,17.774206161499023,17.77222442626953
10.486422538757324,9.638765335083008,8.253118515014648,8.270398139953613,8.765660285949707,8.991531372070312,9.563104629516602,7.768734455108643,6.865800857543945,7.102010726928711,6.748996257781982,6.517597675323486,6.937300205230713,7.407802104949951,7.985620021820068,8.958905220031738,10.011553764343262,10.767069816589355,9.435165405273438,9.661845207214355,10.79604721069336,11.983922004699707,13.528904914855957,14.001715660095215,11.048739433288574,14.210469245910645,18.32333755493164,19.860065460205078,21.950532913208008,23.293678283691406,23.217073440551758,19.330453872680664,13.705191612243652,10.503069877624512,10.771196365356445,12.095105171203613,13.760682106018066,15.064022064208984,15.581430435180664,15.524462699890137,15.298240661621094,15.154097557067871,15.188149452209473,15.325227737426758
9.335987091064453,9.573793411254883,8.403657913208008,8.482464790344238,8.931526184082031,9.972516059875488,9.192328453063965,7.139500617980957,5.946259021759033,5.960193157196045,7.603545665740967,8.046152114868164,8.10510540008545,8.43509578704834,8.681197166442871,9.609193801879883,9.991941452026367,9.715938568115234,9.947023391723633,10.167709350585938,9.391016006469727,9.969887733459473,13.037782669067383,13.83171272277832,11.984811782836914,14.210551261901855,16.672927856445312,18.721912384033203,20.669940948486328,20.699920654296875,18.713329315185547,13.637860298156738,10.237316131591797,10.232505798339844,11.234443664550781,12.281267166137695,13.344956398010254,14.145524024963379,14.167888641357422,13.575661659240723,13.370716094970703,13.71996021270752,13.9469633102417,14.270747184753418
10.054583549499512,9.552377700805664,8.244363784790039,8.484116554260254,9.494916915893555,8.907740592956543,7.175606727600098,7.007927417755127,4.974036693572998,4.760578632354736,6.937828063964844,7.523286819458008,7.705483913421631,8.157332420349121,8.629035949707031,9.471933364868164,9.571465492248535,9.242324829101562,9.865760803222656,10.579964637756348,9.711101531982422,8.083823204040527,12.408671379089355,13.487724304199219,12.498555183410645,13.855976104736328,15.707219123840332,17.525468826293945,18.925804138183594,17.687091827392578,13.444859504699707,10.227288246154785,10.03425407409668,10.926993370056152,11.638755798339844,11.95094108581543,12.245627403259277,12.82265567779541,13.016122817993164,12.778546333312988,12.864645004272461,13.561820030212402,13.942922592163086,14.128608703613281
9.983373641967773,9.79755973815918,9.349875450134277,9.244009017944336,9.469244003295898,7.17587423324585,5.614885330200195,4.989008903503418,3.0637447834014893,4.5306010246276855,5.456557750701904,5.842677116394043,6.755654811859131,7.560502052307129,8.037660598754883,8.404644966125488,8.68443489074707,9.19272518157959,9.672226905822754,10.278573989868164,10.51638412475586,10.08219051361084,11.970402717590332,12.868315696716309,13.017398834228516,13.701705932617188,14.847281455993652,16.99273109436035,17.390222549438477,14.886772155761719,10.653448104858398,8.587055206298828,9.690319061279297,10.889076232910156,11.301913261413574,11.33268928527832,11.57040786743164,12.15085220336914,12.421804428100586,12.51915454864502,12.910618782043457,13.715178489685059,14.375561714172363,14.332120895385742
10.048916816711426,9.44080638885498,9.932230949401855,10.020363807678223,7.081353187561035,4.008922100067139,3.5618653297424316,3.260361671447754,4.140388488769531,5.887330532073975,5.84100341796875,5.778819561004639,7.036657333374023,7.8183913230896,7.729640007019043,7.233522415161133,8.28304672241211,9.43521785736084,9.313633918762207,9.392437934875488,10.17862319946289,10.730450630187988,11.508825302124023,11.844380378723145,12.28657341003418,13.064579963684082,14.410207748413086,16.340824127197266,16.200366973876953,13.81777286529541,10.454757690429688,8.512727737426758,9.235369682312012,10.28689193725586,10.994207382202148,11.724614143371582,12.350936889648438,12.732722282409668,12.671497344970703,12.343806266784668,12.50666332244873,13.22472095489502,14.259234428405762,14.545731544494629
8.118705749511719,7.677966594696045,8.321611404418945,8.394247055053711,6.11755895614624,5.231505393981934,6.630863666534424,7.50845193862915,7.761003017425537,7.576382637023926,7.000939846038818,6.830389976501465,6.936792373657227,7.390676021575928,7.587482929229736,7.935637950897217,8.820024490356445,9.347410202026367,9.047833442687988,8.695525169372559,9.78662109375,10.254478454589844,10.71275806427002,11.113134384155273,11.613042831420898,12.327576637268066,13.324987411499023,14.644880294799805,15.439377784729004,14.252299308776855,12.108931541442871,10.443655967712402,9.808695793151855,10.318259239196777,11.378310203552246,12.601654052734375,13.459673881530762,13.581436157226562,13.15308952331543,12.237812042236328,11.833122253417969,12.231550216674805,13.484695434570312,14.075825691223145
7.2176432609558105,7.842918872833252,8.32504940032959,8.341928482055664,7.69189453125,8.59795093536377,10.375161170959473,10.798576354980469,10.03071117401123,9.047905921936035,7.957732200622559,7.103932857513428,6.42193603515625,6.37771463394165,6.7076029777526855,7.218664169311523,7.931241512298584,8.795024871826172,9.315706253051758,8.879756927490234,9.171313285827637,9.588780403137207,9.78066349029541,10.388641357421875,10.297480583190918,10.426664352416992,11.117559432983398,11.637869834899902,12.125327110290527,12.658419609069824,12.385250091552734,11.65359115600586,11.180889129638672,11.486083030700684,11.9694185256958,12.590978622436523,13.409971237182617,13.618342399597168,13.518933296203613,12.88548469543457,12.293143272399902,12.116693496704102,12.885427474975586,13.272880554199219
8.64657974243164,8.638222694396973,8.520414352416992,8.949265480041504,9.543213844299316,10.674540519714355,11.532933235168457,11.226963996887207,10.304903984069824,9.07677173614502,7.58406400680542,6.457984447479248,5.880067825317383,5.931772708892822,6.0478596687316895,5.980403900146484,6.453065872192383,7.344878196716309,7.951822280883789,8.262685775756836,8.640985488891602,8.797940254211426,8.919382095336914,9.490396499633789,9.25837230682373,9.13426685333252,9.138802528381348,7.930690288543701,7.154087543487549,8.454486846923828,9.72451400756836,9.739921569824219,9.991287231445312,10.630166053771973,11.138664245605469,11.432735443115234,11.970368385314941,12.665011405944824,13.282087326049805,13.502598762512207,13.39424991607666,13.034555435180664,12.793195724487305,12.483424186706543
8.729568481445312,8.241439819335938,8.891897201538086,9.816153526306152,10.642818450927734,11.23663330078125,10.906436920166016,9.849089622497559,8.860795021057129,7.801264762878418,6.737898826599121,5.905067443847656,5.764333248138428,6.061943531036377,5.963289737701416,5.757356643676758,6.124927997589111,6.780787944793701,7.213089942932129,7.66123104095459,8.081965446472168,8.0440673828125,7.8272624015808105,7.903446674346924,7.909601211547852,7.928701877593994,7.336663246154785,6.081151008605957,5.038193225860596,5.321800231933594,6.415846824645996,7.293976783752441,8.30553150177002,9.213114738464355,9.76419448852539,10.46802806854248,11.270955085754395,11.981561660766602,12.880559921264648,13.549274444580078,13.620487213134766,13.133739471435547,12.380355834960938,11.47542667388916
7.3569536209106445,8.431540489196777,9.578545570373535,10.34727954864502,10.735706329345703,10.460935592651367,9.487054824829102,8.538419723510742,7.715338706970215,6.186721324920654,5.047634601593018,5.071568012237549,5.703976631164551,5.912117004394531,5.6696271896362305,5.720968246459961,6.221146106719971,6.698822498321533,6.96157169342041,7.223705768585205,7.413548946380615,7.079537868499756,6.357065677642822,6.101005554199219,6.260779857635498,6.20942497253418,5.309628486633301,3.769946813583374,2.377267599105835,2.0260050296783447,3.091332197189331,5.488278388977051,7.974642753601074,9.330645561218262,9.513448715209961,10.246240615844727,11.204927444458008,11.792094230651855,12.814247131347656,13.497657775878906,13.484928131103516,12.751500129699707,11.80278205871582,10.18887996673584
7.571013450622559,9.189684867858887,10.050450325012207,10.254016876220703,9.96933364868164,9.2210693359375,8.367547035217285,7.597265243530273,6.6028547286987305,5.419117450714111,4.819028377532959,4.699667930603027,4.823843479156494,5.087550163269043,5.227389812469482,5.739520072937012,6.377089977264404,6.469426155090332,6.431164741516113,6.400812149047852,6.120743274688721,5.310939311981201,4.371429443359375,4.370145320892334,4.723230361938477,4.513227939605713,3.424147844314575,1.7455111742019653,0.4709625244140625,0.08327072113752365,0.7161046862602234,2.633256196975708,5.3002448081970215,7.169736385345459,8.67312240600586,10.020028114318848,11.104798316955566,11.484711647033691,12.608685493469238,13.231252670288086,12.427353858947754,11.366125106811523,10.986917495727539,10.657265663146973
8.488611221313477,9.565882682800293,9.953207969665527,9.627577781677246,8.847233772277832,8.187431335449219,7.597900390625,6.530618667602539,5.215700149536133,4.790097236633301,5.0684709548950195,5.318408012390137,4.654107093811035,4.091941833496094,4.286856174468994,5.259801864624023,6.143276214599609,6.026284217834473,5.669146537780762,5.0490827560424805,4.045166492462158,2.764072895050049,2.4159247875213623,3.118330478668213,3.321530342102051,2.3467185497283936,0.9250552654266357,-0.6048638224601746,-1.6363126039505005,-1.671854019165039,-0.8767068386077881,0.5268307328224182,2.827859401702881,5.195127010345459,7.276123046875,8.92261028289795,10.443949699401855,11.703103065490723,12.999497413635254,13.729914665222168,11.102837562561035,9.053484916687012,8.30147647857666,9.05599308013916
8.8362455368042,9.448675155639648,9.48090934753418,8.924696922302246,8.067893981933594,7.371187210083008,6.6707611083984375,5.454069137573242,4.532322883605957,4.7966532707214355,5.521612167358398,6.351999282836914,5.7774271965026855,4.279755592346191,3.941213369369507,4.723149299621582,5.175936222076416,4.904484272003174,4.329731464385986,3.208160161972046,1.7224153280258179,0.6837869882583618,1.8969523906707764,2.3696181774139404,1.0224096775054932,-0.7313374280929565,-2.0629031658172607,-3.0573370456695557,-3.2414159774780273,-2.863765001296997,-1.2996761798858643,0.3800719976425171,1.7072703838348389,3.386977434158325,5.827728748321533,8.119597434997559,10.397730827331543,12.409062385559082,13.639055252075195,14.148513793945312,10.827841758728027,7.604058742523193,5.571784496307373,5.042063236236572
8.65151309967041,9.16580867767334,9.098638534545898,8.502249717712402,7.669155120849609,6.515584468841553,5.366422653198242,4.330069065093994,3.9683876037597656,4.846113204956055,6.0415873527526855,6.871386528015137,7.591111183166504,5.485169410705566,4.569067478179932,4.546154022216797,4.050558567047119,3.603142261505127,2.8188247680664062,2.0394511222839355,1.7078148126602173,1.3706954717636108,2.6588971614837646,1.411720633506775,-1.4875813722610474,-3.1732065677642822,-4.3932204246521,-5.011045932769775,-4.561635494232178,-4.169124603271484,-2.3657121658325195,-0.06640904396772385,1.128655195236206,2.2686257362365723,4.455146789550781,6.978492259979248,9.623173713684082,11.756898880004883,12.842409133911133,12.891193389892578,12.658105850219727,10.964910507202148,7.5247602462768555,5.474486827850342
8.828160285949707,9.192184448242188,9.179509162902832,8.436174392700195,7.292685508728027,5.547116279602051,4.088841438293457,3.3035621643066406,3.3129093647003174,4.232283115386963,5.5430731773376465,7.2294816970825195,7.709399700164795,6.265586853027344,4.836897373199463,4.476282596588135,4.095305919647217,3.404289722442627,2.326819658279419,2.3946495056152344,2.7460527420043945,2.4405574798583984,2.183842658996582,0.17049410939216614,-2.9605484008789062,-4.645619869232178,-5.976809501647949,-7.29185152053833,-7.267055034637451,-6.739449501037598,-5.474100112915039,-3.427129030227661,-1.8452057838439941,-0.10408249497413635,2.2405011653900146,4.574993133544922,6.923501014709473,9.037911415100098,11.402656555175781,12.949694633483887,14.024072647094727,12.774717330932617,11.96567153930664,9.635367393493652
9.060371398925781,9.15363883972168,9.065858840942383,7.880821228027344,6.161470890045166,4.357677459716797,3.1926209926605225,2.920607805252075,3.7480671405792236,4.44062614440918,5.336976051330566,6.814019680023193,6.385268211364746,5.601590156555176,5.189664840698242,4.363337993621826,4.46560001373291,3.468794107437134,3.18882417678833,1.1737115383148193,-0.6417820453643799,-0.7986350059509277,-0.9981118440628052,-1.7146952152252197,-2.9734675884246826,-5.073712348937988,-6.666097640991211,-7.346401691436768,-7.95225715637207,-8.440004348754883,-8.394997596740723,-7.31202507019043,-5.701969146728516,-3.7650766372680664,-1.238136887550354,1.55512273311615,4.11719274520874,6.644825458526611,9.567047119140625,11.804159164428711,12.941323280334473,13.572951316833496,14.136597633361816,12.915952682495117
9.59934139251709,9.35106372833252,8.709473609924316,6.889553546905518,4.939642429351807,3.7531707286834717,2.8015952110290527,2.232592821121216,2.8092355728149414,3.8386757373809814,6.080365180969238,7.493985652923584,6.387533187866211,5.0526275634765625,4.4912285804748535,4.388747215270996,4.789063930511475,4.586294651031494,4.465156078338623,1.554761528968811,-0.42766040563583374,-0.6274348497390747,-1.2716243267059326,-1.7723809480667114,-2.550020933151245,-4.705687999725342,-7.28432559967041,-7.837926387786865,-7.310422420501709,-7.478217124938965,-7.944455623626709,-7.645823001861572,-6.445160388946533,-4.716383934020996,-2.5829594135284424,0.11491750180721283,2.871403932571411,5.548213958740234,8.220952033996582,10.530978202819824,12.57487964630127,13.591573715209961,13.89405345916748,13.319509506225586
