data/wind_data/wind_0_9.json
{"header": {"parameterUnit": "KT", "parameterCategory": 2, "nx": 256, "ny": 198, "lo1": 44.73521041870117, "la1": -3.236724853515625, "lo2": 111.26478576660156, "la2": 43.468475341796875, "dx": 0.2609002888202667, "dy": -0.23708222806453705, "refTime": "2025-02-19 00:00:00", "forecastTime": 0, "parameterNumber": 2, "parameterNumberName": "eastward_wind"}, "data":
[rows 152 to 170 of 198, columns 176 to 219 of 256]
7.276073932647705,8.986886978149414,10.191490173339844,8.926998138427734,7.314321517944336,7.713481426239014,8.821528434753418,9.336644172668457,9.325074195861816,9.113921165466309,8.90119457244873,9.159173011779785,9.719097137451172,9.58918285369873,8.623936653137207,8.724867820739746,9.745501518249512,9.554679870605469,8.162561416625977,7.49201774597168,7.8995361328125,8.165409088134766,8.459970474243164,8.63912296295166,8.379768371582031,7.423897743225098,6.330173015594482,5.486159801483154,4.615314960479736,4.397704124450684,4.75820779800415,4.764803886413574,4.301162242889404,4.158275127410889,4.3118510246276855,4.466108798980713,4.295350074768066,3.9934656620025635,4.139561176300049,4.635476589202881,5.50541353225708,6.371452331542969,5.831693172454834,5.274202346801758
7.7503342628479,9.89278793334961,11.331378936767578,9.308587074279785,9.079751014709473,9.923145294189453,9.963460922241211,9.516656875610352,9.410972595214844,9.634928703308105,9.46593189239502,9.139102935791016,8.94786548614502,8.5835542678833,8.30875015258789,8.672019958496094,8.78913688659668,8.550777435302734,7.550641059875488,6.869740009307861,6.458369255065918,5.742979526519775,5.7300519943237305,6.6609930992126465,7.371287822723389,5.624566555023193,4.099350452423096,4.705248832702637,4.942863941192627,4.540767669677734,4.681153297424316,4.885678291320801,5.081544876098633,5.157227993011475,5.2690863609313965,4.7110819816589355,4.380200386047363,4.414017677307129,5.09129524230957,6.433687686920166,7.273336887359619,7.125990390777588,6.014916896820068,5.104952812194824
10.218327522277832,11.578370094299316,11.746953964233398,10.32311725616455,10.04478645324707,10.446501731872559,10.258334159851074,9.029565811157227,8.682229042053223,9.25798225402832,9.378532409667969,9.122302055358887,8.69490909576416,8.609697341918945,8.274587631225586,7.356944561004639,6.990312099456787,7.080083847045898,6.512399673461914,6.396088123321533,5.624068737030029,4.480513572692871,4.377016544342041,4.826552391052246,4.8195719718933105,3.7626125812530518,3.6424176692962646,4.752042293548584,5.144467353820801,4.493874549865723,3.497079610824585,3.8829219341278076,4.725944519042969,5.414703845977783,5.458575248718262,4.356364727020264,4.164062023162842,4.271147727966309,4.849820613861084,5.782911777496338,5.872896194458008,5.358180522918701,5.669166088104248,6.036588191986084
11.358051300048828,10.727527618408203,10.140093803405762,9.529011726379395,9.86446475982666,9.250140190124512,7.261796474456787,5.500122547149658,6.7619123458862305,7.762998104095459,8.270217895507812,9.02719497680664,8.9791841506958,8.665444374084473,8.394192695617676,7.718628406524658,7.122828960418701,6.490316390991211,6.013607978820801,6.100122451782227,5.645529747009277,4.9601616859436035,4.583536624908447,4.349906921386719,3.5798869132995605,3.165735960006714,3.2633273601531982,4.1289753913879395,4.910378456115723,4.531033992767334,4.100735187530518,4.499791622161865,4.435807704925537,3.8245973587036133,3.5814902782440186,3.812501907348633,4.100381374359131,4.078733444213867,4.120824337005615,3.9904444217681885,4.482056140899658,5.288561820983887,6.088338851928711,7.172909736633301
11.684471130371094,10.590132713317871,9.156556129455566,7.837615966796875,7.047889709472656,6.4258036613464355,5.797846794128418,5.76997709274292,6.011112689971924,6.7037835121154785,8.072710037231445,9.081140518188477,8.951885223388672,9.032769203186035,8.83850383758545,8.169573783874512,7.491113662719727,7.424249649047852,7.25930643081665,6.562905311584473,6.208704948425293,6.09824275970459,5.413893222808838,4.536351680755615,4.273040294647217,4.374624729156494,4.40454626083374,5.076840400695801,5.819881916046143,5.881725311279297,5.079991817474365,5.008009910583496,5.0654449462890625,4.567572593688965,4.711289405822754,5.241023063659668,4.5055084228515625,3.8344051837921143,3.6912877559661865,3.7051899433135986,4.997880935668945,6.191296100616455,7.000605583190918,7.713778018951416
11.849591255187988,11.0303373336792,9.015518188476562,7.389021873474121,5.995277404785156,6.054101943969727,5.9525556564331055,5.724926471710205,5.22241735458374,6.662856101989746,7.785797119140625,8.281972885131836,8.977931022644043,9.026613235473633,8.069829940795898,7.166592597961426,6.853554725646973,7.752532482147217,7.811342239379883,6.883623123168945,6.7878007888793945,7.169604778289795,6.302337169647217,5.440133094787598,5.427098274230957,5.7124528884887695,5.687801361083984,5.865896224975586,6.2376813888549805,6.418290138244629,5.670882701873779,5.428460597991943,5.433854103088379,5.6751322746276855,5.7287774085998535,5.966397762298584,5.377096652984619,4.7584404945373535,4.959298610687256,5.493078231811523,6.104700088500977,6.35390043258667,6.9279303550720215,7.410215377807617
11.89024829864502,11.56653881072998,9.677640914916992,8.42419719696045,7.213239669799805,7.413599014282227,6.598469257354736,5.278616905212402,4.70194673538208,6.095571041107178,6.714297294616699,7.509477615356445,8.54134464263916,8.57432746887207,7.71634578704834,6.569718837738037,6.308272361755371,7.211892127990723,7.22166633605957,6.916730880737305,7.046451568603516,7.272140026092529,6.550028324127197,6.358950138092041,6.172564506530762,6.4116668701171875,6.702179431915283,6.685236930847168,6.593015193939209,7.159633636474609,7.02309513092041,6.523472309112549,5.681074619293213,5.842217445373535,6.158546447753906,6.623475074768066,6.748965740203857,6.447535514831543,6.716358184814453,7.191749095916748,7.186063289642334,7.012735366821289,7.340120315551758,7.427194118499756
11.006617546081543,11.656882286071777,10.473464965820312,9.450617790222168,8.614897727966309,8.476635932922363,7.1871843338012695,5.9301066398620605,5.3045477867126465,5.2899932861328125,5.532227993011475,6.9530487060546875,7.721347332000732,8.27653980255127,8.533376693725586,7.444082736968994,7.238373279571533,7.571838855743408,7.083200931549072,7.203101634979248,7.498669147491455,7.271831035614014,6.617063522338867,7.065006256103516,6.649846076965332,6.628154754638672,7.255242347717285,7.647970199584961,7.356797695159912,8.383365631103516,8.969966888427734,8.18855094909668,6.469721794128418,5.983683109283447,6.9007697105407715,7.9126200675964355,8.458725929260254,8.33505630493164,8.082889556884766,7.978907108306885,8.288416862487793,8.592731475830078,8.745674133300781,7.770512104034424
9.165148735046387,11.07728385925293,10.250436782836914,8.972493171691895,8.489563941955566,8.455639839172363,7.83470344543457,7.847928524017334,7.067741870880127,6.0887298583984375,5.410216331481934,5.99461555480957,7.287614822387695,8.658251762390137,9.445487976074219,8.869339942932129,9.60666561126709,10.150525093078613,8.802909851074219,8.244223594665527,8.859892845153809,8.740316390991211,7.563329696655273,7.873931884765625,7.451879978179932,7.048607349395752,7.412599563598633,8.298492431640625,8.209129333496094,8.821053504943848,9.882856369018555,9.505335807800293,7.983598232269287,7.548985958099365,8.257770538330078,9.138890266418457,9.98840045928955,9.900943756103516,9.131014823913574,8.92443561553955,9.402624130249023,9.599334716796875,9.346749305725098,7.203553676605225
9.800431251525879,10.519285202026367,8.348854064941406,7.982940196990967,8.277514457702637,7.697793960571289,7.916391849517822,8.869765281677246,8.379971504211426,7.108746528625488,5.713051795959473,5.993584156036377,7.103302001953125,8.95095157623291,10.57634449005127,10.614551544189453,11.402656555175781,11.862974166870117,10.291223526000977,9.524110794067383,10.22747802734375,9.98698902130127,8.6381254196167,8.340373039245605,8.461102485656738,8.389571189880371,8.58687686920166,9.343936920166016,9.210217475891113,9.03883171081543,10.05706787109375,10.482772827148438,9.389631271362305,8.675124168395996,8.987205505371094,9.958648681640625,10.537567138671875,9.399688720703125,8.701340675354004,9.59789752960205,9.717409133911133,9.204734802246094,7.485714912414551,6.014150142669678
9.79625415802002,9.72734546661377,7.417525768280029,6.262824058532715,6.978287696838379,7.035222053527832,7.562998294830322,8.19931697845459,8.463446617126465,7.998564720153809,7.278439044952393,7.080972671508789,7.285102844238281,8.379528999328613,9.82176685333252,10.499503135681152,11.305720329284668,12.460627555847168,11.855146408081055,10.600794792175293,9.816429138183594,9.065459251403809,8.506519317626953,8.589677810668945,8.592741012573242,8.212359428405762,8.449707984924316,8.778718948364258,9.274837493896484,10.164640426635742,11.624592781066895,11.57900619506836,10.629551887512207,10.471647262573242,11.151342391967773,11.574832916259766,10.990870475769043,10.261378288269043,10.329033851623535,10.523763656616211,10.508997917175293,9.610586166381836,7.677250385284424,7.326630592346191
10.117425918579102,10.57335090637207,8.291327476501465,5.257620811462402,6.286000728607178,7.386883735656738,7.910465240478516,8.085697174072266,8.865683555603027,9.140291213989258,9.105661392211914,9.011327743530273,8.987624168395996,9.267637252807617,9.893656730651855,10.332315444946289,10.536294937133789,11.609092712402344,11.988608360290527,10.493013381958008,9.062844276428223,9.129551887512207,9.154277801513672,8.535696983337402,7.90817403793335,7.4173583984375,7.347504138946533,8.057300567626953,9.667850494384766,11.160744667053223,11.974827766418457,11.803976058959961,12.104281425476074,13.003608703613281,13.555791854858398,13.198712348937988,12.423800468444824,11.950530052185059,11.78891658782959,11.67227554321289,11.162870407104492,10.060135841369629,8.490867614746094,8.634334564208984
11.134611129760742,11.48988151550293,9.556150436401367,6.646525859832764,7.44464635848999,9.222349166870117,9.378740310668945,9.243423461914062,9.828330993652344,9.836079597473145,9.905498504638672,10.222774505615234,10.477750778198242,10.511077880859375,10.487520217895508,10.407456398010254,10.16904067993164,10.665680885314941,11.05085563659668,9.749969482421875,8.623756408691406,9.369353294372559,10.093057632446289,9.465087890625,8.675684928894043,8.403865814208984,8.54587173461914,9.891115188598633,11.724685668945312,12.685200691223145,12.4271240234375,12.021966934204102,12.89663314819336,13.774857521057129,13.922429084777832,14.194941520690918,14.478144645690918,14.155548095703125,13.689797401428223,13.33772087097168,12.453436851501465,11.216110229492188,10.090190887451172,9.822982788085938
12.050322532653809,11.891581535339355,10.803815841674805,9.488350868225098,9.760644912719727,11.445039749145508,11.200945854187012,10.696516036987305,10.815032958984375,10.459508895874023,10.345320701599121,10.820228576660156,11.282816886901855,11.463863372802734,11.233903884887695,10.81142520904541,10.588003158569336,10.420251846313477,9.895069122314453,9.235801696777344,8.914316177368164,9.655180931091309,11.108808517456055,11.358399391174316,10.893702507019043,11.054214477539062,11.686043739318848,13.190362930297852,14.266684532165527,13.960455894470215,12.744148254394531,11.919804573059082,12.520718574523926,13.125774383544922,13.561820983886719,14.873530387878418,16.056793212890625,16.076284408569336,15.431995391845703,14.69963550567627,13.780385971069336,12.790202140808105,12.110393524169922,11.276139259338379
12.117526054382324,12.239937782287598,12.143669128417969,11.856155395507812,11.992948532104492,12.923013687133789,12.570357322692871,11.628660202026367,11.644144058227539,11.737388610839844,11.613744735717773,11.738504409790039,11.984010696411133,12.243449211120605,12.083991050720215,11.614723205566406,11.530294418334961,10.822183609008789,9.632976531982422,9.839483261108398,9.978487014770508,10.3847074508667,11.97177791595459,12.705763816833496,12.710529327392578,13.40609073638916,14.141789436340332,15.192445755004883,15.355069160461426,13.998876571655273,12.538798332214355,11.791378021240234,11.998842239379883,12.860538482666016,14.221643447875977,15.430318832397461,16.38707160949707,16.816640853881836,15.845687866210938,14.695561408996582,13.842203140258789,13.60540771484375,13.520236015319824,12.695487976074219
11.890274047851562,12.978812217712402,13.062203407287598,13.133984565734863,13.9389009475708,14.06296443939209,13.752571105957031,13.031554222106934,13.260997772216797,13.578344345092773,13.522334098815918,13.218644142150879,13.039361000061035,13.15723705291748,13.095157623291016,12.825057983398438,12.443303108215332,11.41082763671875,11.380854606628418,12.112265586853027,11.29474925994873,11.358891487121582,11.800945281982422,11.509923934936523,12.336905479431152,13.67923355102539,14.247989654541016,14.955467224121094,14.728453636169434,13.401830673217773,13.371259689331055,14.133950233459473,13.799432754516602,13.574225425720215,14.362106323242188,14.998379707336426,15.870767593383789,16.049406051635742,14.78656005859375,13.304020881652832,12.102856636047363,12.44258975982666,13.069795608520508,12.54175853729248
11.536921501159668,12.537163734436035,13.100242614746094,13.169846534729004,13.952470779418945,14.293211936950684,14.096343994140625,14.497706413269043,14.802345275878906,15.352246284484863,15.627789497375488,15.057299613952637,14.235061645507812,13.783164978027344,13.857863426208496,14.086389541625977,13.713361740112305,13.439486503601074,14.03369140625,13.216818809509277,11.426679611206055,11.115456581115723,10.667450904846191,10.633430480957031,12.270200729370117,13.686320304870605,14.363260269165039,14.325550079345703,13.924697875976562,13.617368698120117,14.732240676879883,15.742443084716797,14.663777351379395,14.343737602233887,14.795531272888184,14.919051170349121,15.028945922851562,15.432358741760254,14.60727310180664,12.229551315307617,10.470024108886719,10.571063041687012,10.788069725036621,10.847153663635254
11.545376777648926,11.949773788452148,12.719218254089355,12.746871948242188,13.127030372619629,13.973087310791016,14.397722244262695,14.816139221191406,15.59598445892334,16.662494659423828,17.21918296813965,16.49374008178711,15.097887992858887,14.458102226257324,14.766716957092285,15.380678176879883,15.086751937866211,15.008508682250977,15.408461570739746,13.757121086120605,11.751816749572754,10.652618408203125,10.108610153198242,10.954550743103027,12.20206356048584,13.110529899597168,13.503085136413574,13.109359741210938,12.704816818237305,12.773051261901855,14.452192306518555,15.185078620910645,14.759415626525879,14.424220085144043,14.493814468383789,15.017910957336426,15.500411987304688,15.933667182922363,15.063037872314453,12.805676460266113,10.383951187133789,9.195541381835938,8.582998275756836,8.331738471984863
12.092703819274902,11.67640209197998,12.405069351196289,12.590554237365723,12.577607154846191,13.328622817993164,14.026876449584961,14.955044746398926,16.332698822021484,17.37382698059082,17.574922561645508,17.037015914916992,16.41714859008789,16.20779037475586,16.237319946289062,16.757122039794922,16.501317977905273,16.043249130249023,15.597687721252441,13.46888542175293,11.5167818069458,10.873502731323242,10.578371047973633,11.18708324432373,11.827584266662598,12.183568000793457,12.200490951538086,11.792877197265625,11.410371780395508,11.382908821105957,12.830629348754883,13.584527015686035,13.626338005065918,13.633538246154785,14.29928970336914,15.171297073364258,16.047666549682617,16.258508682250977,14.964679718017578,13.21451187133789,10.984859466552734,9.034257888793945,7.686755180358887,7.096686363220215
