data/wind_data/wind_45_7.json
{"header": {"parameterUnit": "KT", "parameterCategory": 2, "nx": 256, "ny": 198, "lo1": 44.73521041870117, "la1": -3.236724853515625, "lo2": 111.26478576660156, "la2": 43.468475341796875, "dx": 0.2609002888202667, "dy": -0.23708222806453705, "refTime": "2025-02-20 21:00:00", "forecastTime": 0, "parameterNumber": 2, "parameterNumberName": "eastward_wind"}, "data":
[rows 80 to 99 of 198, columns 176 to 219 of 256]
39.885459899902344,40.056941986083984,40.21194839477539,40.1614875793457,39.858253479003906,39.49488067626953,39.48863983154297,40.10835647583008,41.01639175415039,41.5755500793457,41.61594009399414,41.457977294921875,41.302677154541016,41.07461929321289,40.605220794677734,40.050270080566406,39.94938659667969,40.41469192504883,40.964176177978516,41.47093963623047,42.057167053222656,42.42708969116211,42.17430114746094,41.47906494140625,40.93653106689453,40.942440032958984,41.32529067993164,41.48247146606445,41.22446823120117,40.788002014160156,40.14142990112305,38.647613525390625,36.40943145751953,34.636383056640625,34.454437255859375,35.70104217529297,36.62715148925781,35.96769332885742,34.439727783203125,33.51287078857422,33.60329055786133,33.75667190551758,33.46737289428711,32.83515167236328
42.20573806762695,42.286537170410156,42.39799118041992,42.36240768432617,42.04296875,41.632598876953125,41.5890998840332,42.05781173706055,42.57151794433594,42.67802810668945,42.55642318725586,42.58642578125,42.71281433105469,42.73481750488281,42.541015625,42.086570739746094,41.67438507080078,41.59999465942383,41.870628356933594,42.436302185058594,43.157474517822266,43.579193115234375,43.2884635925293,42.812591552734375,42.462059020996094,42.21186065673828,42.23506546020508,42.49303436279297,42.71933364868164,42.5742073059082,41.90561294555664,40.708885192871094,39.044254302978516,37.57557678222656,36.93054962158203,37.36542510986328,38.017616271972656,37.53524398803711,36.28224182128906,35.519832611083984,35.58282470703125,35.50446701049805,34.81778335571289,34.189781188964844
44.264915466308594,44.373783111572266,44.515995025634766,44.566226959228516,44.3829460144043,44.160804748535156,44.280059814453125,44.663841247558594,44.749839782714844,44.358436584472656,44.07318878173828,44.23221206665039,44.39405059814453,44.2918586730957,44.054054260253906,43.722145080566406,43.540771484375,43.473445892333984,43.40834426879883,43.742610931396484,44.48945999145508,44.991207122802734,44.850032806396484,44.44806671142578,44.17440414428711,44.07119369506836,43.81047821044922,43.655460357666016,43.95256042480469,44.0822639465332,43.58494567871094,42.61471176147461,41.26372146606445,39.97089767456055,39.368316650390625,39.63158416748047,40.074928283691406,39.694313049316406,38.49451446533203,37.41897964477539,37.10897445678711,37.02156066894531,36.47819519042969,35.88581466674805
46.068111419677734,46.18577575683594,46.32512664794922,46.461551666259766,46.50395584106445,46.602718353271484,47.01401901245117,47.50313186645508,47.53693389892578,47.08959197998047,46.726295471191406,46.750091552734375,46.79402160644531,46.60972595214844,46.2469367980957,45.8419189453125,45.80735778808594,45.78010940551758,45.417781829833984,45.4976692199707,46.16027069091797,46.75900650024414,46.86399841308594,46.58225631713867,46.37602615356445,46.34223937988281,45.98318862915039,45.505977630615234,45.4581298828125,45.44565200805664,45.20630645751953,44.719398498535156,43.52233123779297,41.90361404418945,41.30712890625,41.659427642822266,41.99222946166992,42.08733367919922,41.37623977661133,39.99381637573242,38.950927734375,38.553611755371094,38.24391555786133,37.87638473510742
48.015201568603516,48.0942497253418,48.114715576171875,48.1525993347168,48.227420806884766,48.501976013183594,49.13529968261719,49.82539367675781,50.1548957824707,50.13578796386719,50.03733444213867,49.9763069152832,49.86332321166992,49.70228576660156,49.4078483581543,49.08626174926758,49.060665130615234,48.74043655395508,48.01185607910156,47.85402297973633,48.28998565673828,48.651588439941406,48.73729705810547,48.61550521850586,48.76011657714844,49.07840347290039,48.570770263671875,47.687828063964844,47.34724807739258,47.19340896606445,47.249107360839844,47.344642639160156,46.293312072753906,44.21968460083008,43.08595657348633,43.4892463684082,44.1282958984375,44.31159973144531,43.96091079711914,43.056644439697266,41.86477279663086,40.91810989379883,40.38130187988281,40.094661712646484
50.07529830932617,50.227317810058594,50.193729400634766,50.04691696166992,49.95215606689453,50.178802490234375,50.81539535522461,51.49553680419922,51.951419830322266,52.31914520263672,52.67562484741211,52.866085052490234,52.848731994628906,52.8488655090332,52.81425857543945,52.795101165771484,52.93510818481445,52.580665588378906,51.628902435302734,51.0193977355957,50.90501022338867,50.738731384277344,50.45417022705078,50.12470626831055,50.604496002197266,51.61515426635742,51.306373596191406,50.245906829833984,49.55898666381836,49.198604583740234,49.364776611328125,49.70033264160156,49.00931930541992,47.344364166259766,45.94872283935547,45.650970458984375,45.92112350463867,46.50212097167969,46.86516189575195,46.1756591796875,44.94606018066406,44.10913848876953,43.56278610229492,42.98878479003906
51.78076934814453,52.10272979736328,52.19607162475586,52.04717254638672,51.89189529418945,52.094112396240234,52.716758728027344,53.25765609741211,53.48585891723633,53.74557113647461,54.1617317199707,54.52617263793945,54.763492584228516,55.05685043334961,55.317073822021484,55.623600006103516,56.1627082824707,56.298370361328125,55.64653396606445,54.82075500488281,54.1204948425293,53.31569290161133,52.46751022338867,51.74268341064453,52.04400634765625,53.272247314453125,53.612548828125,52.98360061645508,52.18790817260742,51.565879821777344,51.451072692871094,51.54039764404297,51.206851959228516,50.25639343261719,49.08806610107422,48.41050720214844,48.39592361450195,49.20052719116211,50.06073760986328,49.578834533691406,48.283016204833984,47.30634307861328,46.579925537109375,45.9694938659668
53.13588333129883,53.48153305053711,53.64356231689453,53.6086311340332,53.598304748535156,53.966400146484375,54.755279541015625,55.35163879394531,55.4515380859375,55.456024169921875,55.5951042175293,55.74190902709961,55.92628860473633,56.23783493041992,56.5400276184082,57.02569580078125,57.835086822509766,58.41899108886719,58.40833282470703,58.070430755615234,57.41331100463867,56.2581672668457,55.022117614746094,54.07893371582031,53.973628997802734,54.712066650390625,55.38087463378906,55.411216735839844,54.93238067626953,54.2757682800293,53.654449462890625,53.357460021972656,53.24678421020508,52.842350006103516,51.7913818359375,50.900550842285156,51.00765609741211,52.15620040893555,53.212833404541016,53.16957473754883,52.11628723144531,50.69851303100586,49.391719818115234,48.75755310058594
54.658729553222656,54.88392639160156,54.933902740478516,54.87485885620117,54.99116897583008,55.552978515625,56.462928771972656,57.1660270690918,57.37283706665039,57.404239654541016,57.472808837890625,57.45627212524414,57.418888092041016,57.464134216308594,57.50355911254883,57.85247802734375,58.58815383911133,59.22758483886719,59.59205627441406,59.802406311035156,59.648223876953125,58.796043395996094,57.62374496459961,56.65968704223633,56.40789794921875,56.86118698120117,57.39350891113281,57.618743896484375,57.450164794921875,56.89992141723633,56.172943115234375,55.8841667175293,55.53883743286133,55.00526428222656,54.19111633300781,53.09162902832031,53.11314392089844,54.521732330322266,55.99039077758789,56.199710845947266,55.35816192626953,54.190452575683594,53.095130920410156,52.321380615234375
56.48137664794922,56.64869689941406,56.61450958251953,56.47198486328125,56.606903076171875,57.24354934692383,58.11661148071289,58.77949523925781,59.060489654541016,59.16495895385742,59.26203536987305,59.27555465698242,59.221595764160156,59.13233184814453,59.017860412597656,59.17558670043945,59.6619758605957,60.182220458984375,60.56184768676758,60.812049865722656,60.89094161987305,60.48329544067383,59.528419494628906,58.51777648925781,58.44783020019531,59.4611930847168,60.102115631103516,60.02189254760742,59.89015579223633,59.63287353515625,59.03911590576172,58.638450622558594,58.11381149291992,57.571292877197266,56.956092834472656,55.701332092285156,55.07643508911133,55.63003158569336,57.1773567199707,58.267669677734375,58.30828857421875,57.951847076416016,57.59183883666992,56.950504302978516
58.48036575317383,58.669124603271484,58.667205810546875,58.52957534790039,58.648048400878906,59.22344970703125,59.99559783935547,60.61124038696289,60.914180755615234,60.999752044677734,61.013404846191406,60.97713851928711,60.898189544677734,60.74711227416992,60.69738006591797,60.990962982177734,61.457759857177734,61.84223175048828,62.04045104980469,62.10451126098633,62.106788635253906,61.820396423339844,60.95710372924805,59.897239685058594,59.970516204833984,61.442481994628906,62.517269134521484,62.53940963745117,62.350040435791016,62.251888275146484,61.90448760986328,61.42914581298828,60.99186325073242,60.704219818115234,60.4168701171875,59.21567916870117,57.41799545288086,56.56473159790039,57.370479583740234,59.04291534423828,60.34419631958008,61.19139099121094,61.75611114501953,61.520423889160156
60.71136474609375,60.86985778808594,60.93473815917969,60.9117317199707,61.03125762939453,61.43498992919922,61.986934661865234,62.50578308105469,62.85813522338867,63.01717758178711,63.010108947753906,62.855995178222656,62.62980270385742,62.40833282470703,62.444942474365234,62.85210037231445,63.39125061035156,63.768829345703125,63.840511322021484,63.70332336425781,63.54701232910156,63.283870697021484,62.58223342895508,61.7335090637207,61.769020080566406,62.8570556640625,64.065185546875,64.60868072509766,64.5237045288086,64.34953308105469,64.25784301757812,64.03297424316406,63.84608840942383,63.89141845703125,63.89921188354492,63.0577507019043,61.022525787353516,58.86664962768555,58.285438537597656,59.54930114746094,61.41574478149414,63.03219223022461,64.2626953125,64.68919372558594
63.14323425292969,63.21755599975586,63.28905487060547,63.362632751464844,63.52544021606445,63.81387710571289,64.12683868408203,64.44287872314453,64.74010467529297,64.97557067871094,65.07050323486328,64.90213775634766,64.60987091064453,64.51659393310547,64.59136962890625,64.80725860595703,65.29412841796875,65.70891571044922,65.68738555908203,65.31294250488281,64.96546173095703,64.77005767822266,64.34087371826172,63.93684768676758,64.08492279052734,64.65666961669922,65.5708999633789,66.31141662597656,66.3344497680664,66.1357650756836,66.18077087402344,66.24821472167969,66.26367950439453,66.37347412109375,66.43492126464844,66.14733123779297,64.89652252197266,62.62637710571289,60.895652770996094,60.98031234741211,62.70638656616211,64.6754379272461,65.79472351074219,66.264404296875
65.63785552978516,65.55850982666016,65.5315933227539,65.6347427368164,65.88369750976562,66.2097396850586,66.49270629882812,66.71989440917969,66.9065170288086,67.10081481933594,67.2389907836914,67.10028076171875,66.82173156738281,66.79228210449219,66.83344268798828,66.9439926147461,67.37906646728516,67.73370361328125,67.58839416503906,67.0396728515625,66.53882598876953,66.28120422363281,65.91348266601562,65.86298370361328,66.40814971923828,66.88196563720703,67.38473510742188,67.93917846679688,68.12152862548828,68.13135528564453,68.28792572021484,68.35630798339844,68.20464324951172,68.0278091430664,68.088134765625,68.24539184570312,67.7994613647461,66.29027557373047,64.49829864501953,63.59027862548828,64.71851348876953,66.81493377685547,67.71121215820312,67.60189819335938
68.24620056152344,67.92684173583984,67.67930603027344,67.74383544921875,68.10768127441406,68.59700012207031,69.02732849121094,69.33423614501953,69.5109634399414,69.67052459716797,69.82774353027344,69.69739532470703,69.3176498413086,69.16475677490234,69.09400939941406,69.0763168334961,69.44268798828125,69.7766342163086,69.59628295898438,69.0315933227539,68.50615692138672,68.10669708251953,67.57633972167969,67.56168365478516,68.30000305175781,68.76634979248047,68.99949645996094,69.4636459350586,69.95984649658203,70.31097412109375,70.52587890625,70.46435546875,70.11311340332031,69.64468383789062,69.56436920166016,69.78201293945312,69.61422729492188,68.80592346191406,67.61367797851562,66.55850982666016,67.14983367919922,69.0951919555664,70.07264709472656,69.71630096435547
70.85765838623047,70.44949340820312,70.1353988647461,70.16481018066406,70.51811218261719,71.04737854003906,71.53520965576172,71.91527557373047,72.21553039550781,72.48855590820312,72.7689208984375,72.74891662597656,72.1688003540039,71.6252212524414,71.41234588623047,71.3550796508789,71.56354522705078,71.77919006347656,71.6266098022461,71.18180084228516,70.75944519042969,70.28717803955078,69.58041381835938,69.39063262939453,70.0039291381836,70.38170623779297,70.51641082763672,70.91717529296875,71.42950439453125,72.08509063720703,72.56420135498047,72.45165252685547,72.02979278564453,71.6181869506836,71.46238708496094,71.58595275878906,71.34951782226562,70.53302001953125,69.56751251220703,68.83428955078125,69.28411102294922,70.94657135009766,72.160400390625,72.18435668945312
73.40538787841797,73.1221923828125,72.9691390991211,73.02398681640625,73.2245101928711,73.61775970458984,74.05110931396484,74.44295501708984,74.87938690185547,75.42593383789062,75.96216583251953,76.00624084472656,75.31185150146484,74.41065216064453,73.76016998291016,73.50743865966797,73.66596221923828,73.84723663330078,73.77458190917969,73.50531005859375,73.20640563964844,72.70354461669922,71.85794067382812,71.37230682373047,71.70696258544922,72.0772476196289,72.21955108642578,72.4863052368164,72.85869598388672,73.51895141601562,74.14013671875,74.30084228515625,74.1067123413086,73.74467468261719,73.49024963378906,73.57766723632812,73.40154266357422,72.39273834228516,71.16120147705078,70.47052764892578,70.84712219238281,72.20030212402344,73.57903289794922,74.23377990722656
75.89989471435547,75.76303100585938,75.90390014648438,76.10494995117188,76.07329559326172,76.11929321289062,76.43993377685547,76.97042083740234,77.63504028320312,78.44216918945312,79.13446807861328,79.15740203857422,78.45774841308594,77.41114807128906,76.37374877929688,75.80915069580078,75.75298309326172,75.81842803955078,75.90094757080078,75.94703674316406,75.89291381835938,75.41756439208984,74.42327117919922,73.61389923095703,73.56352996826172,73.83226013183594,73.9704818725586,74.13067626953125,74.5183334350586,75.16850280761719,75.65819549560547,75.9459228515625,76.16544342041016,76.02285766601562,75.5556640625,75.45997619628906,75.40489959716797,74.36123657226562,72.99054718017578,72.26603698730469,72.33324432373047,73.17913055419922,74.50347900390625,75.80571746826172
78.77386474609375,78.5830307006836,78.72525024414062,78.92344665527344,78.67875671386719,78.42870330810547,78.69770050048828,79.486083984375,80.48966979980469,81.45658874511719,82.0171890258789,81.8715591430664,81.31008911132812,80.41912841796875,79.21549987792969,78.43450164794922,78.19457244873047,78.091796875,78.18782806396484,78.38594055175781,78.48109436035156,78.13835144042969,77.27236938476562,76.43233489990234,76.03758239746094,75.92707061767578,75.8511962890625,75.93743133544922,76.30423736572266,76.85548400878906,77.3077163696289,77.68909454345703,78.1072006225586,78.13041687011719,77.68399047851562,77.53460693359375,77.42034149169922,76.36178588867188,74.99479675292969,74.20897674560547,73.97503662109375,74.37438201904297,75.47183227539062,77.0235595703125
81.9754638671875,81.61476135253906,81.55400085449219,81.62037658691406,81.2780532836914,80.87985229492188,81.00422668457031,81.84258270263672,83.09580993652344,84.24483489990234,84.7821044921875,84.48774719238281,83.90145111083984,83.26398468017578,82.21167755126953,81.2768325805664,80.86888885498047,80.724853515625,80.85689544677734,81.04637908935547,81.04426574707031,80.80219268798828,80.27305603027344,79.60982513427734,79.00357818603516,78.49303436279297,78.10533905029297,78.06498718261719,78.30679321289062,78.62310028076172,79.08089447021484,79.5591049194336,79.92572021484375,80.03470611572266,79.8292465209961,79.70314025878906,79.46023559570312,78.50125122070312,77.28125762939453,76.47916412353516,76.042724609375,76.00926208496094,76.67830657958984,78.11064910888672
