data/wind_data/wind_20_5.json
{"header": {"parameterUnit": "KT", "parameterCategory": 2, "nx": 256, "ny": 198, "lo1": 44.73521041870117, "la1": -3.236724853515625, "lo2": 111.26478576660156, "la2": 43.468475341796875, "dx": 0.2609002888202667, "dy": -0.23708222806453705, "refTime": "2025-02-19 20:00:00", "forecastTime": 0, "parameterNumber": 2, "parameterNumberName": "eastward_wind"}, "data":
[rows 38 to 56 of 198, columns 44 to 87 of 256]
-21.957521438598633,-21.528593063354492,-21.16522979736328,-21.05169105529785,-21.350107192993164,-21.841415405273438,-22.428062438964844,-23.07851791381836,-23.65035629272461,-23.950843811035156,-23.96653938293457,-23.83827018737793,-23.671531677246094,-23.585369110107422,-23.650299072265625,-23.770339965820312,-23.717557907104492,-23.48528289794922,-23.309490203857422,-23.391613006591797,-23.805023193359375,-24.262792587280273,-24.331146240234375,-24.206592559814453,-23.95907211303711,-23.72777557373047,-23.067256927490234,-22.827112197875977,-23.307527542114258,-23.55232810974121,-23.36774444580078,-23.34323501586914,-22.766597747802734,-22.622068405151367,-22.164003372192383,-22.410051345825195,-22.792144775390625,-23.227928161621094,-23.266082763671875,-23.307085037231445,-23.430011749267578,-23.556655883789062,-23.432270050048828,-23.24889373779297
-21.933866500854492,-21.599952697753906,-21.305679321289062,-21.226064682006836,-21.424182891845703,-21.877643585205078,-22.556438446044922,-23.37592887878418,-24.155933380126953,-24.600109100341797,-24.628765106201172,-24.42350196838379,-24.173023223876953,-23.925138473510742,-23.752155303955078,-23.764753341674805,-23.851377487182617,-23.879730224609375,-23.928022384643555,-23.882488250732422,-23.698299407958984,-23.87383460998535,-24.60456657409668,-24.871435165405273,-24.638328552246094,-24.60116958618164,-24.125293731689453,-23.906463623046875,-23.80585289001465,-24.000457763671875,-24.365694046020508,-24.498008728027344,-24.303394317626953,-23.997398376464844,-23.550315856933594,-23.742774963378906,-24.0833740234375,-24.41399383544922,-24.45142936706543,-24.257503509521484,-24.21465492248535,-24.215576171875,-24.139135360717773,-23.865480422973633
-21.261987686157227,-21.032804489135742,-20.78932762145996,-20.606971740722656,-20.657026290893555,-21.094470977783203,-21.88313865661621,-22.853713989257812,-23.78409767150879,-24.398975372314453,-24.534894943237305,-24.325803756713867,-24.082082748413086,-23.93915367126465,-23.743194580078125,-23.53069305419922,-23.468955993652344,-23.55031967163086,-23.691608428955078,-23.812406539916992,-23.821025848388672,-23.82673454284668,-24.00782012939453,-24.275136947631836,-24.372257232666016,-24.249113082885742,-23.998767852783203,-24.279077529907227,-24.827821731567383,-24.779905319213867,-24.350141525268555,-24.309486389160156,-24.86134910583496,-24.889463424682617,-24.260234832763672,-24.25984001159668,-25.0130672454834,-25.121370315551758,-25.196334838867188,-24.759939193725586,-24.72104835510254,-24.560087203979492,-24.543973922729492,-24.549739837646484
-20.232288360595703,-20.127256393432617,-19.994117736816406,-19.837697982788086,-19.797954559326172,-20.08463478088379,-20.75374412536621,-21.689401626586914,-22.673362731933594,-23.427988052368164,-23.772905349731445,-23.785539627075195,-23.704463958740234,-23.676618576049805,-23.62701988220215,-23.45955467224121,-23.3133602142334,-23.329544067382812,-23.420982360839844,-23.460596084594727,-23.446264266967773,-23.511140823364258,-23.601539611816406,-23.677648544311523,-23.886259078979492,-24.147781372070312,-24.08031463623047,-24.075950622558594,-24.513893127441406,-24.837438583374023,-24.512592315673828,-24.039356231689453,-24.25705909729004,-24.8110408782959,-24.818355560302734,-24.524511337280273,-24.89963722229004,-25.535490036010742,-25.57973289489746,-25.056961059570312,-24.6905574798584,-24.787275314331055,-24.688222885131836,-24.95881462097168
-19.145681381225586,-19.15439796447754,-19.200151443481445,-19.2248477935791,-19.224157333374023,-19.307392120361328,-19.626110076904297,-20.275087356567383,-21.19918441772461,-22.103342056274414,-22.632551193237305,-22.753768920898438,-22.71889305114746,-22.796234130859375,-23.03938865661621,-23.195842742919922,-23.16904067993164,-23.149995803833008,-23.323244094848633,-23.519983291625977,-23.440616607666016,-23.29583168029785,-23.37206268310547,-23.533842086791992,-23.53512191772461,-23.580341339111328,-23.72422981262207,-23.836898803710938,-23.979381561279297,-24.18941879272461,-24.372995376586914,-24.58050537109375,-24.703100204467773,-24.56836700439453,-24.259414672851562,-23.952425003051758,-23.867271423339844,-24.54208755493164,-25.83631134033203,-25.438058853149414,-24.665237426757812,-24.55838394165039,-24.698909759521484,-24.738725662231445
-18.161636352539062,-18.214942932128906,-18.377058029174805,-18.59659767150879,-18.740060806274414,-18.768840789794922,-18.78053855895996,-19.001462936401367,-19.62461280822754,-20.499101638793945,-21.182588577270508,-21.453880310058594,-21.53803825378418,-21.66988182067871,-21.983184814453125,-22.37033462524414,-22.681751251220703,-22.83242416381836,-22.98726463317871,-23.19717788696289,-23.29683494567871,-23.11044692993164,-22.998300552368164,-23.229736328125,-23.405534744262695,-23.19873046875,-23.033058166503906,-23.223796844482422,-23.520673751831055,-23.638696670532227,-23.50289535522461,-23.447465896606445,-23.576047897338867,-23.908126831054688,-24.241878509521484,-24.167200088500977,-23.79930305480957,-23.86000633239746,-24.533113479614258,-24.93804359436035,-24.828048706054688,-24.433727264404297,-24.281644821166992,-24.338369369506836
-17.29918098449707,-17.351097106933594,-17.52570343017578,-17.79921531677246,-18.03080177307129,-18.116209030151367,-18.068967819213867,-18.062776565551758,-18.35530662536621,-18.976900100708008,-19.624372482299805,-20.083662033081055,-20.412996292114258,-20.602611541748047,-20.813234329223633,-21.109172821044922,-21.52143669128418,-21.905675888061523,-22.231510162353516,-22.538381576538086,-22.763545989990234,-22.829187393188477,-22.74813461303711,-22.8016300201416,-22.90362548828125,-22.773834228515625,-22.532106399536133,-22.481109619140625,-22.631702423095703,-22.879182815551758,-22.98061752319336,-22.934309005737305,-22.86848258972168,-22.922677993774414,-23.02648162841797,-22.98884391784668,-23.037948608398438,-23.606233596801758,-24.286563873291016,-24.469331741333008,-24.21468734741211,-24.03658103942871,-23.918018341064453,-23.72396469116211
-16.474002838134766,-16.586570739746094,-16.767549514770508,-16.989776611328125,-17.165437698364258,-17.232919692993164,-17.238086700439453,-17.29998016357422,-17.505361557006836,-17.8818359375,-18.365190505981445,-18.81458282470703,-19.150266647338867,-19.415864944458008,-19.61478042602539,-19.813093185424805,-20.183361053466797,-20.65077018737793,-21.062822341918945,-21.47332000732422,-21.816614151000977,-22.09632682800293,-22.271963119506836,-22.256776809692383,-22.194164276123047,-22.156219482421875,-22.118314743041992,-21.979372024536133,-21.84440040588379,-21.778881072998047,-21.860319137573242,-21.976823806762695,-22.274517059326172,-22.570661544799805,-22.606489181518555,-22.39765167236328,-22.356843948364258,-22.74155616760254,-23.215503692626953,-23.50766944885254,-23.783716201782227,-23.90923500061035,-23.64019203186035,-23.2469539642334
-15.531503677368164,-15.79347038269043,-16.06639289855957,-16.258607864379883,-16.322038650512695,-16.298622131347656,-16.309345245361328,-16.448699951171875,-16.707962036132812,-17.05464744567871,-17.453296661376953,-17.795820236206055,-18.043315887451172,-18.251516342163086,-18.4107608795166,-18.55381202697754,-18.84994125366211,-19.382648468017578,-19.958751678466797,-20.41802215576172,-20.758953094482422,-21.010231018066406,-21.27507972717285,-21.407548904418945,-21.39396858215332,-21.362701416015625,-21.437326431274414,-21.485383987426758,-21.34302520751953,-21.133949279785156,-21.0604190826416,-21.098262786865234,-21.324132919311523,-21.64958381652832,-21.936159133911133,-22.047176361083984,-22.07224464416504,-22.095361709594727,-22.184640884399414,-22.495208740234375,-23.011194229125977,-23.274259567260742,-23.087148666381836,-22.764408111572266
-14.576047897338867,-14.897893905639648,-15.257018089294434,-15.526946067810059,-15.662795066833496,-15.67592716217041,-15.63002872467041,-15.619726181030273,-15.7402925491333,-16.10352325439453,-16.597660064697266,-16.96648597717285,-17.152292251586914,-17.279443740844727,-17.40306282043457,-17.53807830810547,-17.705429077148438,-18.092182159423828,-18.644508361816406,-19.234416961669922,-19.669780731201172,-19.845340728759766,-19.88227653503418,-20.03280258178711,-20.264453887939453,-20.50857162475586,-20.627948760986328,-20.639463424682617,-20.66687774658203,-20.612333297729492,-20.489002227783203,-20.463045120239258,-20.627269744873047,-20.955934524536133,-21.344552993774414,-21.64080047607422,-21.80687713623047,-21.784095764160156,-21.660112380981445,-21.656410217285156,-21.798511505126953,-21.885963439941406,-21.883230209350586,-21.99161720275879
-13.89820671081543,-14.169010162353516,-14.454875946044922,-14.723210334777832,-14.971858978271484,-15.127973556518555,-15.149595260620117,-15.08123779296875,-15.040130615234375,-15.194138526916504,-15.60092830657959,-16.053770065307617,-16.30615997314453,-16.392763137817383,-16.472970962524414,-16.62637710571289,-16.73554229736328,-16.896215438842773,-17.242950439453125,-17.702640533447266,-18.122386932373047,-18.358564376831055,-18.4483699798584,-18.612110137939453,-18.98014259338379,-19.365819931030273,-19.51902961730957,-19.5667667388916,-19.72746467590332,-19.84977149963379,-19.870269775390625,-19.817951202392578,-19.860380172729492,-20.080270767211914,-20.45870590209961,-20.855777740478516,-21.113845825195312,-21.235597610473633,-21.304044723510742,-21.327335357666016,-21.244829177856445,-20.995012283325195,-20.731733322143555,-20.813432693481445
-13.402280807495117,-13.740507125854492,-13.975281715393066,-14.105120658874512,-14.182000160217285,-14.299417495727539,-14.496654510498047,-14.673264503479004,-14.714126586914062,-14.658639907836914,-14.75744915008545,-15.119946479797363,-15.45750617980957,-15.550238609313965,-15.581656455993652,-15.719919204711914,-15.83888053894043,-15.898211479187012,-15.970054626464844,-16.14492416381836,-16.3922061920166,-16.603832244873047,-16.849836349487305,-17.22193145751953,-17.635217666625977,-18.007488250732422,-18.34054183959961,-18.478450775146484,-18.60434913635254,-18.846908569335938,-19.095619201660156,-19.171062469482422,-19.145408630371094,-19.242843627929688,-19.582256317138672,-20.032934188842773,-20.33426856994629,-20.44745635986328,-20.506818771362305,-20.624134063720703,-20.693687438964844,-20.519567489624023,-20.2205867767334,-20.152774810791016
-13.13296890258789,-13.531909942626953,-13.75154972076416,-13.784003257751465,-13.691372871398926,-13.6364107131958,-13.783927917480469,-14.089694023132324,-14.372088432312012,-14.48033332824707,-14.424381256103516,-14.365381240844727,-14.453679084777832,-14.592195510864258,-14.702898979187012,-14.849828720092773,-14.940223693847656,-14.940777778625488,-14.929571151733398,-14.913470268249512,-14.996634483337402,-15.098039627075195,-15.261907577514648,-15.527166366577148,-15.954431533813477,-16.52873992919922,-16.99454689025879,-17.277803421020508,-17.504087448120117,-17.796384811401367,-18.216238021850586,-18.531652450561523,-18.60211944580078,-18.641380310058594,-18.83682632446289,-19.15464210510254,-19.44723892211914,-19.721155166625977,-19.977123260498047,-20.07196044921875,-19.897579193115234,-19.631855010986328,-19.452970504760742,-19.407997131347656
-12.999427795410156,-13.42389965057373,-13.564013481140137,-13.504318237304688,-13.354047775268555,-13.274459838867188,-13.398305892944336,-13.664198875427246,-13.927067756652832,-14.131104469299316,-14.208476066589355,-14.097145080566406,-13.876253128051758,-13.747132301330566,-13.85926342010498,-14.027948379516602,-14.044373512268066,-13.99537467956543,-13.969670295715332,-13.92902660369873,-13.981706619262695,-14.094954490661621,-14.095927238464355,-14.027602195739746,-14.187735557556152,-14.671110153198242,-15.206719398498535,-15.7193021774292,-16.183088302612305,-16.60830307006836,-17.163055419921875,-17.660079956054688,-17.925378799438477,-18.04096031188965,-18.172719955444336,-18.32332992553711,-18.53629493713379,-18.81929588317871,-19.138511657714844,-19.26820945739746,-19.113025665283203,-18.82599449157715,-18.589574813842773,-18.492338180541992
-12.547844886779785,-12.994342803955078,-13.18693733215332,-13.164888381958008,-13.056434631347656,-12.996987342834473,-13.097559928894043,-13.373074531555176,-13.642803192138672,-13.823931694030762,-13.931827545166016,-13.875174522399902,-13.635339736938477,-13.359576225280762,-13.147579193115234,-13.113840103149414,-13.213112831115723,-13.299983024597168,-13.269172668457031,-13.146734237670898,-13.124616622924805,-13.20373249053955,-13.274118423461914,-13.127880096435547,-12.979907035827637,-13.14494514465332,-13.510804176330566,-13.969822883605957,-14.552017211914062,-15.185992240905762,-15.800186157226562,-16.32966423034668,-16.775053024291992,-17.188575744628906,-17.520483016967773,-17.739500045776367,-17.851924896240234,-17.93765640258789,-18.11177635192871,-18.169532775878906,-18.068300247192383,-17.852712631225586,-17.64834213256836,-17.556026458740234
-11.783364295959473,-12.171027183532715,-12.465188026428223,-12.58946704864502,-12.620955467224121,-12.66786003112793,-12.722430229187012,-12.89399528503418,-13.179234504699707,-13.4854736328125,-13.7303466796875,-13.792449951171875,-13.538846969604492,-13.151327133178711,-12.82968521118164,-12.623788833618164,-12.462661743164062,-12.40296459197998,-12.48090934753418,-12.621492385864258,-12.6476411819458,-12.562010765075684,-12.498455047607422,-12.429243087768555,-12.297857284545898,-12.249261856079102,-12.374595642089844,-12.724193572998047,-13.171560287475586,-13.728626251220703,-14.352592468261719,-14.910118103027344,-15.398978233337402,-15.956321716308594,-16.47394371032715,-16.79537010192871,-16.993677139282227,-17.091590881347656,-17.137075424194336,-17.09547996520996,-16.915170669555664,-16.68157958984375,-16.580669403076172,-16.631206512451172
-10.932658195495605,-11.129020690917969,-11.420604705810547,-11.705178260803223,-11.899454116821289,-12.087702751159668,-12.227882385253906,-12.352694511413574,-12.548298835754395,-12.838724136352539,-13.161836624145508,-13.449967384338379,-13.476884841918945,-13.18457317352295,-12.727587699890137,-12.317278861999512,-12.021340370178223,-11.829877853393555,-11.77929973602295,-11.854570388793945,-11.958069801330566,-11.99724006652832,-11.933576583862305,-11.808592796325684,-11.711682319641113,-11.606460571289062,-11.634509086608887,-11.948160171508789,-12.373153686523438,-12.756473541259766,-13.101901054382324,-13.529485702514648,-13.9873685836792,-14.468412399291992,-15.031913757324219,-15.540440559387207,-15.875713348388672,-16.064266204833984,-16.122663497924805,-16.144977569580078,-15.997066497802734,-15.779523849487305,-15.620891571044922,-15.574499130249023
-10.22910213470459,-10.323819160461426,-10.590575218200684,-10.942984580993652,-11.182019233703613,-11.327125549316406,-11.44924259185791,-11.578686714172363,-11.759505271911621,-11.999544143676758,-12.352629661560059,-12.714099884033203,-12.929437637329102,-12.895398139953613,-12.659767150878906,-12.348953247070312,-12.069507598876953,-11.746103286743164,-11.38523006439209,-11.134207725524902,-11.050048828125,-11.078767776489258,-11.194921493530273,-11.285795211791992,-11.216680526733398,-11.075745582580566,-11.080948829650879,-11.325660705566406,-11.762208938598633,-12.143991470336914,-12.392608642578125,-12.557879447937012,-12.758712768554688,-12.999165534973145,-13.444537162780762,-13.987444877624512,-14.487602233886719,-14.81261920928955,-14.966464042663574,-15.070866584777832,-15.065010070800781,-14.998164176940918,-14.831583023071289,-14.622838020324707
-9.606094360351562,-9.769548416137695,-10.003408432006836,-10.310534477233887,-10.554803848266602,-10.697632789611816,-10.813798904418945,-10.928138732910156,-11.019835472106934,-11.120378494262695,-11.31165885925293,-11.650594711303711,-11.957847595214844,-12.112072944641113,-12.152209281921387,-12.08264446258545,-11.985612869262695,-11.809653282165527,-11.412412643432617,-10.889849662780762,-10.513590812683105,-10.366838455200195,-10.358147621154785,-10.422146797180176,-10.508838653564453,-10.554438591003418,-10.6409912109375,-10.887736320495605,-11.240553855895996,-11.52601146697998,-11.740974426269531,-11.870823860168457,-11.940306663513184,-12.034464836120605,-12.183785438537598,-12.418490409851074,-12.791255950927734,-13.231342315673828,-13.575813293457031,-13.733847618103027,-13.881092071533203,-13.989654541015625,-13.961454391479492,-13.749444007873535
