data/wind_data/wind_19_4.json
{"header": {"parameterUnit": "KT", "parameterCategory": 2, "nx": 256, "ny": 198, "lo1": 44.73521041870117, "la1": -3.236724853515625, "lo2": 111.26478576660156, "la2": 43.468475341796875, "dx": 0.2609002888202667, "dy": -0.23708222806453705, "refTime": "2025-02-19 19:00:00", "forecastTime": 0, "parameterNumber": 2, "parameterNumberName": "eastward_wind"}, "data":
[rows 171 to 189 of 198, columns 132 to 175 of 256]
12.323647499084473,12.323878288269043,11.787075996398926,10.571548461914062,8.908921241760254,6.861843585968018,5.611576557159424,6.038222312927246,6.901551246643066,7.041285991668701,6.564521789550781,6.137387752532959,5.9920220375061035,5.908247947692871,5.932436466217041,6.322831153869629,7.204977989196777,8.381163597106934,9.056113243103027,9.116852760314941,9.371461868286133,10.370481491088867,11.432291030883789,11.862161636352539,12.245588302612305,12.85783576965332,13.659934043884277,14.735396385192871,15.561039924621582,14.932775497436523,13.224061965942383,11.726533889770508,12.21842098236084,15.28482437133789,18.29254722595215,20.43596839904785,22.463172912597656,24.5367374420166,27.169296264648438,29.254152297973633,27.546072006225586,25.335405349731445,26.650775909423828,27.86945343017578
13.611424446105957,13.239261627197266,12.226516723632812,10.916756629943848,9.489068984985352,7.8478498458862305,6.9242167472839355,7.214320659637451,7.671188831329346,7.477451324462891,6.941515922546387,6.528939723968506,6.549129009246826,6.98508358001709,7.47333288192749,7.958543300628662,8.706396102905273,9.808964729309082,10.752870559692383,11.346631050109863,11.777372360229492,12.628664016723633,13.840943336486816,13.813437461853027,13.220524787902832,13.343446731567383,14.364426612854004,15.522873878479004,15.64562702178955,13.759543418884277,10.737844467163086,8.722516059875488,9.568089485168457,12.7556791305542,16.434711456298828,19.424667358398438,21.977462768554688,24.482410430908203,27.262405395507812,28.968795776367188,27.691030502319336,26.484331130981445,28.46219825744629,30.048362731933594
13.941112518310547,13.765979766845703,12.963123321533203,11.839009284973145,10.407380104064941,9.006648063659668,8.406296730041504,8.590295791625977,8.697890281677246,8.281530380249023,7.798644542694092,7.708302974700928,8.113449096679688,8.865007400512695,9.58220100402832,10.098503112792969,10.620697975158691,11.489533424377441,12.423652648925781,13.006633758544922,13.375717163085938,14.134291648864746,15.0390043258667,15.313061714172363,14.927002906799316,14.521828651428223,14.573596954345703,14.523153305053711,13.99524211883545,12.661714553833008,10.956557273864746,10.037672996520996,10.918663024902344,12.96642017364502,15.064358711242676,18.055770874023438,21.749610900878906,24.764665603637695,27.14484214782715,28.708065032958984,28.804466247558594,28.425100326538086,29.635530471801758,30.880512237548828
13.942190170288086,13.68603229522705,13.044261932373047,12.159737586975098,11.191070556640625,10.365757942199707,9.950888633728027,9.775530815124512,9.54583740234375,9.193341255187988,9.046635627746582,9.481441497802734,10.315447807312012,11.100631713867188,11.593192100524902,11.930249214172363,12.52037525177002,13.44030475616455,14.011992454528809,13.959541320800781,14.130114555358887,14.69569206237793,15.295406341552734,15.812836647033691,15.776719093322754,14.754557609558105,13.23692512512207,11.92674446105957,11.376819610595703,11.368392944335938,11.535018920898438,11.900598526000977,12.78427791595459,13.799585342407227,14.642751693725586,16.260047912597656,19.814512252807617,23.320146560668945,25.80158042907715,27.71327018737793,29.076515197753906,29.839065551757812,30.489858627319336,31.269378662109375
13.804668426513672,13.257380485534668,12.673301696777344,12.275938034057617,12.043370246887207,11.602376937866211,10.988203048706055,10.468352317810059,10.153214454650879,10.099617004394531,10.449145317077637,11.326629638671875,12.378738403320312,13.05039119720459,13.267881393432617,13.482501983642578,14.116470336914062,14.897051811218262,15.060546875,14.705099105834961,14.602767944335938,14.696581840515137,15.133747100830078,15.427647590637207,14.565810203552246,12.490583419799805,10.261566162109375,9.297525405883789,9.812699317932129,10.975831031799316,12.159638404846191,13.14726448059082,13.797999382019043,14.011195182800293,14.421721458435059,16.08202362060547,19.113489151000977,22.14980125427246,24.389131546020508,26.32872200012207,28.125259399414062,29.491119384765625,30.46414566040039,30.877172470092773
13.198107719421387,12.417973518371582,12.022555351257324,12.065559387207031,12.107197761535645,11.65994644165039,11.017685890197754,10.616013526916504,10.550771713256836,10.943792343139648,11.80024242401123,12.91042423248291,13.889572143554688,14.547097206115723,14.802069664001465,14.837615013122559,15.054671287536621,15.455071449279785,15.494415283203125,15.222853660583496,15.093650817871094,14.939530372619629,14.424492835998535,13.136621475219727,11.144923210144043,9.316511154174805,8.537217140197754,9.003180503845215,10.139077186584473,11.476234436035156,12.855415344238281,13.962686538696289,14.28680419921875,14.260929107666016,15.075220108032227,17.23192024230957,19.965200424194336,22.33162498474121,24.087337493896484,25.67255210876465,27.208261489868164,28.61540412902832,29.562437057495117,29.8603515625
11.946755409240723,11.424142837524414,11.423364639282227,11.612788200378418,11.437482833862305,10.956253051757812,10.717193603515625,10.859132766723633,11.251312255859375,11.88700008392334,12.802342414855957,13.94479751586914,15.036070823669434,15.732084274291992,15.854747772216797,15.538554191589355,15.337231636047363,15.579290390014648,15.818587303161621,15.587912559509277,14.892204284667969,13.734040260314941,11.890783309936523,9.79495620727539,8.468585968017578,8.372152328491211,9.175361633300781,10.228793144226074,11.132062911987305,12.090997695922852,13.341482162475586,14.374661445617676,14.779112815856934,15.221416473388672,16.635957717895508,18.995393753051758,21.6026611328125,23.755800247192383,25.24469757080078,26.303831100463867,27.177661895751953,27.784568786621094,28.24840545654297,28.77539825439453
10.933892250061035,11.021615982055664,11.364448547363281,11.574458122253418,11.254753112792969,10.792075157165527,10.824394226074219,11.267518997192383,11.79680061340332,12.360166549682617,13.243531227111816,14.582016944885254,15.748056411743164,16.15037727355957,15.873385429382324,15.283496856689453,15.250798225402832,15.717735290527344,15.409756660461426,14.11337661743164,12.608311653137207,11.036517143249512,9.454550743103027,8.546846389770508,8.68704605102539,9.588970184326172,10.715263366699219,11.561422348022461,12.217129707336426,13.151301383972168,14.271042823791504,15.144315719604492,15.797539710998535,16.956201553344727,18.863021850585938,21.225521087646484,23.47907257080078,25.163429260253906,26.21465301513672,26.875167846679688,27.371274948120117,27.764265060424805,28.05657196044922,28.221214294433594
10.690899848937988,11.3290376663208,11.813746452331543,11.943618774414062,11.572912216186523,11.054193496704102,11.089081764221191,11.65447998046875,12.195056915283203,12.751110076904297,13.680069923400879,14.59769344329834,15.105829238891602,15.424150466918945,15.230703353881836,14.83660888671875,14.776751518249512,14.2274808883667,12.87988567352295,11.7528657913208,10.750656127929688,9.649787902832031,9.071921348571777,9.351530075073242,10.198086738586426,11.153935432434082,11.875115394592285,12.438531875610352,13.222253799438477,14.534419059753418,15.976836204528809,16.80572509765625,17.56133270263672,19.083938598632812,21.25695037841797,23.405309677124023,25.049179077148438,26.054386138916016,26.573041915893555,26.89301872253418,27.213884353637695,27.61302375793457,27.894018173217773,27.767921447753906
11.534993171691895,11.867292404174805,12.131148338317871,12.257006645202637,11.976222038269043,11.500175476074219,11.680472373962402,12.364886283874512,12.939884185791016,13.444579124450684,13.646456718444824,13.54028034210205,13.867303848266602,14.073801040649414,13.819293022155762,13.457493782043457,12.695826530456543,11.519904136657715,10.93797779083252,10.850431442260742,10.388886451721191,9.903914451599121,10.038045883178711,10.795696258544922,11.669214248657227,12.231963157653809,12.561369895935059,13.090106010437012,14.263392448425293,16.077669143676758,17.542686462402344,18.45439338684082,19.503576278686523,21.184192657470703,23.224910736083984,25.029861450195312,26.160640716552734,26.61371421813965,26.728206634521484,26.79572105407715,26.8577823638916,26.90937614440918,26.93452262878418,26.676401138305664
11.405807495117188,10.922998428344727,10.86175537109375,11.086060523986816,11.097661018371582,10.943208694458008,11.359170913696289,12.100676536560059,12.573746681213379,12.6433687210083,12.498722076416016,12.762365341186523,12.749306678771973,12.03717041015625,11.849440574645996,11.513303756713867,10.429783821105957,9.91915512084961,10.37849235534668,10.685582160949707,10.711321830749512,11.02565860748291,11.786476135253906,12.733996391296387,13.329785346984863,13.446556091308594,13.518839836120605,14.22372817993164,15.881729125976562,17.662046432495117,18.85871696472168,19.795812606811523,21.122390747070312,22.802448272705078,24.4322452545166,25.72720718383789,26.517963409423828,26.739574432373047,26.594072341918945,26.34728240966797,26.06131935119629,25.762598037719727,25.471614837646484,25.00752067565918
9.532523155212402,9.13223934173584,8.961045265197754,8.708648681640625,8.59659481048584,8.823161125183105,9.604111671447754,10.56466007232666,11.08818531036377,11.442028045654297,12.20370864868164,12.247076988220215,11.20058536529541,10.41319465637207,9.963582992553711,9.21690845489502,8.941536903381348,9.66373062133789,10.535059928894043,11.127447128295898,11.865022659301758,12.881865501403809,13.968693733215332,14.742985725402832,14.959750175476074,14.669938087463379,14.802922248840332,15.942350387573242,17.462060928344727,18.743318557739258,19.77935218811035,20.94856834411621,22.360464096069336,23.721561431884766,24.830223083496094,25.667587280273438,26.148056030273438,26.23114776611328,26.003585815429688,25.57676887512207,25.012075424194336,24.367895126342773,23.682083129882812,22.9574031829834
10.774006843566895,9.650213241577148,8.646503448486328,8.31474494934082,8.303228378295898,8.520281791687012,9.288860321044922,10.190421104431152,10.826922416687012,11.377909660339355,11.391290664672852,10.73060417175293,10.128814697265625,9.343245506286621,8.38950252532959,8.329089164733887,9.434185981750488,10.666082382202148,11.42878246307373,11.973771095275879,12.781353950500488,14.091899871826172,15.355398178100586,15.968032836914062,15.697657585144043,15.441156387329102,15.993841171264648,17.04894256591797,18.17279815673828,19.350431442260742,20.71626853942871,22.120716094970703,23.275053024291992,24.023727416992188,24.591100692749023,25.130184173583984,25.508832931518555,25.624515533447266,25.374868392944336,24.787405014038086,23.901723861694336,22.660825729370117,21.327110290527344,20.18593978881836
10.149543762207031,9.762688636779785,8.855791091918945,8.76715087890625,9.531020164489746,10.24713134765625,10.74971866607666,11.134441375732422,11.460360527038574,11.320162773132324,10.387979507446289,9.780960083007812,9.405365943908691,8.788400650024414,8.876763343811035,10.093927383422852,11.265363693237305,11.66102123260498,11.658367156982422,11.96480941772461,12.94678020477295,14.71821403503418,16.370267868041992,16.78740119934082,16.41973876953125,16.31814193725586,16.682498931884766,17.493040084838867,18.73159408569336,20.289575576782227,21.861356735229492,23.129247665405273,23.917423248291016,24.336158752441406,24.771581649780273,25.264305114746094,25.507213592529297,25.2643985748291,24.554048538208008,23.532445907592773,22.032245635986328,19.803874969482422,17.67988395690918,16.330429077148438
9.11465072631836,8.879826545715332,8.18812084197998,7.944391250610352,9.209563255310059,10.67036247253418,11.443155288696289,11.363101959228516,10.655699729919434,9.54028606414795,8.950154304504395,9.378727912902832,9.866839408874512,10.267834663391113,11.26681900024414,12.227060317993164,11.92126750946045,11.207498550415039,11.534138679504395,12.725168228149414,14.231348037719727,15.915505409240723,17.236133575439453,17.657020568847656,17.4476261138916,17.188920974731445,17.325986862182617,18.255043029785156,19.878257751464844,21.722209930419922,23.264995574951172,24.308685302734375,25.10943603515625,25.81293487548828,26.291366577148438,26.300378799438477,25.684120178222656,24.471702575683594,22.993614196777344,21.289257049560547,18.96802520751953,16.023054122924805,13.757655143737793,12.80058765411377
10.344286918640137,8.818572998046875,6.521658897399902,6.130677700042725,7.614300727844238,9.189781188964844,10.084680557250977,9.925312042236328,9.086773872375488,8.451567649841309,8.894691467285156,10.353768348693848,11.631454467773438,12.414713859558105,12.891552925109863,12.371047973632812,11.737592697143555,12.054003715515137,13.123760223388672,14.490270614624023,16.006092071533203,17.468177795410156,18.477706909179688,18.775611877441406,18.522539138793945,18.328046798706055,18.780773162841797,20.049762725830078,21.916976928710938,23.848365783691406,25.308591842651367,26.256853103637695,26.94830322265625,27.294269561767578,27.20417594909668,26.508012771606445,24.855003356933594,22.74563980102539,20.576766967773438,18.332612991333008,15.799494743347168,13.640789985656738,12.355276107788086,11.894671440124512
12.226908683776855,11.143780708312988,10.28345012664795,10.034080505371094,9.495052337646484,9.1258544921875,9.172744750976562,9.081768989562988,8.768487930297852,8.733513832092285,9.66397762298584,11.647344589233398,13.369791030883789,13.431777954101562,12.65564250946045,12.5136137008667,13.191069602966309,14.213240623474121,15.380534172058105,16.70672607421875,18.06183624267578,19.094181060791016,19.661474227905273,19.704652786254883,19.576854705810547,19.82274055480957,20.899415969848633,22.538972854614258,24.29585838317871,25.747941970825195,26.415151596069336,26.47182273864746,26.399057388305664,26.41878318786621,26.40171241760254,25.157928466796875,22.486934661865234,19.692678451538086,17.173311233520508,14.51639461517334,12.49398136138916,12.334793090820312,13.109186172485352,13.580415725708008
10.688216209411621,12.361255645751953,12.294697761535645,11.435199737548828,10.985455513000488,10.976177215576172,10.98177719116211,10.958316802978516,10.992249488830566,11.038436889648438,11.43943977355957,12.7818603515625,14.139555931091309,14.257015228271484,13.88187313079834,14.275445938110352,15.470961570739746,16.76251792907715,17.924591064453125,18.84501838684082,19.54877281188965,20.149620056152344,20.45859718322754,20.494617462158203,20.984413146972656,22.245864868164062,23.805904388427734,24.672115325927734,24.94236183166504,24.84404182434082,24.428876876831055,24.197790145874023,24.298837661743164,24.615713119506836,24.311084747314453,22.018339157104492,18.751659393310547,15.838715553283691,12.711363792419434,9.624727249145508,8.945311546325684,10.877220153808594,13.477852821350098,15.339129447937012
8.458882331848145,9.510801315307617,10.694580078125,11.62843132019043,10.361971855163574,10.334298133850098,11.271687507629395,11.514283180236816,11.895671844482422,12.722193717956543,13.860666275024414,14.86972427368164,15.340963363647461,15.438188552856445,15.735027313232422,16.735031127929688,18.289161682128906,19.555313110351562,20.28724479675293,20.788799285888672,21.418363571166992,21.893861770629883,22.361265182495117,23.2230167388916,24.50938606262207,25.924816131591797,25.984535217285156,24.443561553955078,23.01960563659668,22.563173294067383,22.515260696411133,22.651403427124023,22.88027000427246,23.054529190063477,21.80443572998047,18.57779884338379,14.931790351867676,11.256508827209473,8.440114974975586,7.960667610168457,9.094596862792969,11.175090789794922,13.739524841308594,15.916669845581055
