data/wind_data/wind_7_3.json
{"header": {"parameterUnit": "KT", "parameterCategory": 2, "nx": 256, "ny": 198, "lo1": 44.73521041870117, "la1": -3.236724853515625, "lo2": 111.26478576660156, "la2": 43.468475341796875, "dx": 0.2609002888202667, "dy": -0.23708222806453705, "refTime": "2025-02-19 07:00:00", "forecastTime": 0, "parameterNumber": 2, "parameterNumberName": "eastward_wind"}, "data":
[rows 133 to 151 of 198, columns 44 to 87 of 256]
21.618749618530273,20.703948974609375,21.152437210083008,20.582950592041016,24.317214965820312,28.5041561126709,19.244672775268555,10.023114204406738,7.666334629058838,8.203255653381348,7.602632522583008,7.963130474090576,10.604363441467285,13.462790489196777,16.919910430908203,19.58622169494629,21.171960830688477,23.90439796447754,24.150548934936523,23.91240882873535,24.3795223236084,25.290672302246094,25.478355407714844,25.091487884521484,24.463605880737305,24.101696014404297,24.994613647460938,25.11765480041504,24.408109664916992,24.54254913330078,24.58629035949707,23.76139259338379,21.81428337097168,20.41790008544922,21.096969604492188,21.447776794433594,22.464351654052734,22.56774139404297,23.829193115234375,25.0467586517334,25.775697708129883,26.164342880249023,31.240686416625977,32.25769805908203
11.942445755004883,15.710453987121582,18.278915405273438,17.668357849121094,22.613525390625,19.823162078857422,12.982728004455566,9.76741886138916,10.050387382507324,9.918919563293457,8.716925621032715,9.107648849487305,11.492047309875488,14.071185111999512,16.956829071044922,19.32427978515625,20.203506469726562,20.533926010131836,21.053874969482422,21.56416130065918,22.45566177368164,23.490163803100586,23.773820877075195,23.499183654785156,23.280292510986328,23.724037170410156,24.245075225830078,25.01176643371582,25.721233367919922,25.993318557739258,25.60577964782715,24.68035125732422,23.350318908691406,21.094085693359375,20.6606502532959,20.70810890197754,21.926815032958984,23.27947235107422,23.23504638671875,24.031415939331055,23.496679306030273,27.35287857055664,30.516565322875977,32.24364471435547
9.979108810424805,14.900979995727539,16.947742462158203,20.43282699584961,22.22832679748535,17.216182708740234,11.139029502868652,9.758804321289062,11.74737548828125,12.234488487243652,11.27297306060791,11.266372680664062,13.00460433959961,14.723812103271484,16.47443389892578,17.96014404296875,18.964492797851562,18.82805824279785,19.163219451904297,19.63335418701172,20.922353744506836,22.068777084350586,21.857545852661133,21.293724060058594,21.433935165405273,22.524633407592773,23.904943466186523,24.95639991760254,25.44170570373535,25.797527313232422,26.2823543548584,25.5637264251709,24.028724670410156,22.38463592529297,21.10053253173828,20.43212890625,21.277860641479492,23.220449447631836,24.24721336364746,24.521486282348633,23.29924774169922,27.353160858154297,31.285518646240234,33.54146194458008
9.65075969696045,12.955622673034668,15.902740478515625,19.392066955566406,18.009859085083008,15.692177772521973,12.146191596984863,11.594794273376465,13.366564750671387,14.580324172973633,14.801480293273926,14.984644889831543,15.580747604370117,15.884788513183594,15.951896667480469,16.305360794067383,16.770353317260742,16.55467414855957,17.235858917236328,18.179893493652344,19.77340316772461,21.024991989135742,20.752351760864258,20.173973083496094,20.58515739440918,21.936681747436523,23.47597885131836,24.847919464111328,25.51003074645996,25.815948486328125,25.973691940307617,25.347776412963867,24.11545753479004,22.899709701538086,21.190736770629883,20.83900260925293,21.760303497314453,24.164005279541016,25.049650192260742,25.325180053710938,23.928253173828125,26.915700912475586,32.57333755493164,36.32170867919922
9.182226181030273,13.380223274230957,15.641064643859863,14.659013748168945,14.549838066101074,13.223945617675781,12.244916915893555,13.260733604431152,14.610170364379883,15.856767654418945,16.837419509887695,17.18760108947754,16.816957473754883,15.979729652404785,15.070037841796875,14.373645782470703,14.694761276245117,15.401405334472656,16.748159408569336,17.785743713378906,19.23324203491211,20.50481605529785,20.22696304321289,19.32209587097168,20.148645401000977,22.305618286132812,24.04740333557129,24.909297943115234,24.552797317504883,24.449237823486328,24.735319137573242,24.408184051513672,24.541027069091797,23.276975631713867,21.46654510498047,21.234786987304688,22.674528121948242,25.285139083862305,28.100034713745117,28.647579193115234,28.694080352783203,30.206979751586914,34.3635139465332,36.945125579833984
10.843247413635254,14.463045120239258,14.0416841506958,11.874614715576172,10.872420310974121,11.634491920471191,13.646238327026367,15.506867408752441,16.26551055908203,16.667123794555664,17.49146270751953,18.097179412841797,17.71550178527832,17.08970069885254,16.133007049560547,14.831920623779297,15.045948028564453,16.158567428588867,17.267351150512695,17.9305419921875,18.467653274536133,19.591432571411133,19.615388870239258,18.15966796875,19.403789520263672,22.58127212524414,24.723424911499023,24.810638427734375,22.618192672729492,21.832542419433594,22.863317489624023,23.384580612182617,24.18075942993164,23.87321662902832,22.530017852783203,23.630605697631836,24.7023868560791,25.38032341003418,26.89136505126953,29.00286102294922,30.250715255737305,34.064273834228516,37.84468460083008,38.825462341308594
12.759849548339844,12.618163108825684,12.864439010620117,11.840662002563477,11.219854354858398,12.912115097045898,15.57617473602295,17.225563049316406,17.372255325317383,17.17551612854004,17.87270164489746,19.279277801513672,20.042499542236328,20.040708541870117,19.45664405822754,18.421676635742188,18.150341033935547,18.787025451660156,18.247901916503906,17.59710693359375,16.9255428314209,17.823659896850586,19.012771606445312,17.587018966674805,17.82862663269043,21.27726936340332,24.326425552368164,24.798904418945312,22.322412490844727,20.864534378051758,21.833332061767578,22.483341217041016,23.850984573364258,24.761518478393555,24.609912872314453,24.841283798217773,26.25701332092285,27.233055114746094,25.27324676513672,26.833391189575195,29.61607551574707,31.0213565826416,37.275169372558594,40.562931060791016
11.459464073181152,11.3462553024292,12.890215873718262,13.522130966186523,12.63234806060791,13.530007362365723,16.55227279663086,18.192840576171875,18.150941848754883,17.962841033935547,18.856782913208008,20.769723892211914,22.15399169921875,22.18329620361328,21.268123626708984,20.45216941833496,20.85708999633789,20.83973503112793,18.6158504486084,16.991390228271484,15.992242813110352,16.353727340698242,18.08641242980957,18.025449752807617,16.777421951293945,19.811721801757812,23.803560256958008,24.721216201782227,23.266319274902344,21.808330535888672,22.843727111816406,23.89936065673828,24.874570846557617,26.717018127441406,27.90222930908203,27.496238708496094,28.266220092773438,29.54579734802246,29.431251525878906,29.75440216064453,33.82953643798828,32.753231048583984,34.518314361572266,41.58420181274414
9.853498458862305,11.134148597717285,13.4909029006958,14.784058570861816,13.911999702453613,13.840864181518555,16.62074851989746,18.3072509765625,18.40007209777832,18.452714920043945,19.472272872924805,21.294517517089844,23.117023468017578,23.342134475708008,21.88076400756836,20.959091186523438,21.278362274169922,20.088499069213867,17.56621742248535,16.39058494567871,15.933109283447266,15.825861930847168,17.09992027282715,18.65907096862793,17.03502082824707,18.619808197021484,23.313756942749023,25.969038009643555,25.972597122192383,24.206201553344727,24.66766357421875,27.48988151550293,28.646278381347656,29.852380752563477,31.08875846862793,30.40281105041504,28.91403579711914,29.85324478149414,30.511655807495117,31.85348892211914,35.8939323425293,38.77666473388672,37.375732421875,40.73801803588867
10.48373031616211,11.528306007385254,13.56099796295166,15.184335708618164,14.63865852355957,14.066878318786621,15.48242473602295,16.81937026977539,17.367225646972656,17.97806739807129,19.184932708740234,20.792030334472656,22.900588989257812,23.445205688476562,21.442232131958008,20.73819923400879,21.31900405883789,19.667055130004883,17.286849975585938,15.895145416259766,15.805176734924316,15.675318717956543,16.570171356201172,18.55071449279785,18.806455612182617,17.97444725036621,22.041278839111328,26.366392135620117,28.464271545410156,28.417356491088867,27.447343826293945,29.65595817565918,32.1115837097168,31.4486026763916,31.304861068725586,30.79108238220215,28.834444046020508,28.09305191040039,28.453584671020508,30.191225051879883,35.81895446777344,38.83863830566406,34.830726623535156,31.151575088500977
11.3916597366333,11.71409797668457,13.383353233337402,14.726308822631836,14.494455337524414,14.052191734313965,14.537117958068848,15.051026344299316,15.485499382019043,16.277423858642578,17.571550369262695,19.248743057250977,21.41266632080078,22.68206787109375,21.112287521362305,21.43194007873535,22.07352638244629,20.377798080444336,17.924333572387695,16.20452308654785,16.07984733581543,15.812747955322266,15.762415885925293,17.22368049621582,19.487789154052734,19.392484664916992,20.33159637451172,25.41000747680664,28.974266052246094,31.04409408569336,30.537683486938477,30.541303634643555,33.79679489135742,32.14140701293945,29.22132682800293,28.76923942565918,28.141517639160156,27.546344757080078,27.33829116821289,28.645301818847656,31.760866165161133,28.732038497924805,18.767101287841797,12.988844871520996
11.676701545715332,11.582160949707031,12.868452072143555,14.164268493652344,14.209535598754883,13.947957992553711,13.783534049987793,13.48652458190918,13.129944801330566,13.537267684936523,15.026520729064941,17.29485511779785,19.64288330078125,21.464733123779297,21.111143112182617,22.192251205444336,21.534135818481445,18.403461456298828,15.827977180480957,15.773675918579102,16.434999465942383,16.530588150024414,14.99057388305664,15.10689640045166,17.289791107177734,19.434812545776367,20.680334091186523,24.778432846069336,30.04939079284668,33.58854293823242,35.76719284057617,33.287105560302734,34.86000442504883,35.9376335144043,36.140621185302734,32.61445617675781,28.634815216064453,26.365150451660156,26.518260955810547,27.55897331237793,27.57379150390625,20.796689987182617,11.180322647094727,4.786625385284424
11.280189514160156,11.533041000366211,12.40757942199707,12.854915618896484,12.46155071258545,11.989766120910645,11.479100227355957,11.042387008666992,10.607916831970215,11.480409622192383,13.459458351135254,16.12425994873047,18.299171447753906,20.009981155395508,20.180959701538086,21.314178466796875,19.107603073120117,14.733003616333008,12.406972885131836,13.91637134552002,15.906087875366211,17.165454864501953,17.05689239501953,14.319009780883789,13.95118522644043,14.949503898620605,18.31843376159668,24.328201293945312,26.703256607055664,25.10761833190918,26.479076385498047,31.434865951538086,34.62215805053711,25.637378692626953,26.4328670501709,28.453561782836914,26.273801803588867,24.608749389648438,25.69623565673828,25.02029037475586,23.641437530517578,18.852163314819336,10.233551025390625,5.860173225402832
10.898343086242676,11.231142044067383,11.824251174926758,10.81162166595459,9.907076835632324,9.758648872375488,9.661629676818848,9.095724105834961,9.320834159851074,10.953828811645508,13.02788257598877,15.358475685119629,17.349355697631836,18.815160751342773,18.57550048828125,19.310083389282227,17.438745498657227,13.251272201538086,11.410246849060059,12.396227836608887,14.66079330444336,16.409509658813477,17.391996383666992,15.273492813110352,13.194950103759766,11.825427055358887,11.59028148651123,21.149030685424805,27.971332550048828,17.704437255859375,14.136860847473145,24.873363494873047,27.096965789794922,20.2750301361084,18.455095291137695,21.395925521850586,19.899925231933594,19.358413696289062,23.824214935302734,27.223186492919922,21.994810104370117,20.754642486572266,12.325013160705566,4.738033294677734
10.332497596740723,9.798757553100586,10.114222526550293,8.579652786254883,8.572908401489258,9.426155090332031,9.556526184082031,9.089906692504883,9.425796508789062,10.325892448425293,11.490729331970215,13.913076400756836,16.554271697998047,17.835466384887695,17.34500503540039,17.005067825317383,16.082712173461914,12.83646011352539,10.81801700592041,10.967329025268555,12.561243057250977,14.758939743041992,15.42918872833252,12.016313552856445,10.605061531066895,11.944053649902344,8.261236190795898,12.887635231018066,25.113189697265625,20.648038864135742,12.653791427612305,19.923730850219727,18.65897560119629,18.573198318481445,20.19034767150879,22.83165168762207,20.523733139038086,17.758058547973633,20.242111206054688,26.502357482910156,27.609642028808594,22.80673599243164,18.76473045349121,11.906242370605469
9.482503890991211,8.043301582336426,7.847751617431641,7.322986125946045,9.058963775634766,10.30040454864502,9.625089645385742,8.846484184265137,8.553318977355957,8.467509269714355,9.36483383178711,12.305440902709961,14.845812797546387,15.607802391052246,15.066471099853516,14.576992988586426,14.596611022949219,12.083757400512695,9.96164608001709,9.269684791564941,10.599834442138672,12.341425895690918,12.70180606842041,9.397748947143555,7.511552810668945,9.277859687805176,8.400445938110352,7.730332374572754,18.63536834716797,21.997116088867188,14.44326400756836,13.537837982177734,12.781201362609863,12.020381927490234,16.945411682128906,22.481077194213867,24.440853118896484,24.858882904052734,24.39897346496582,24.10327911376953,27.52504539489746,27.60195541381836,24.005077362060547,23.875978469848633
8.366083145141602,6.984128952026367,6.663727283477783,7.572271347045898,9.870060920715332,9.582783699035645,7.643348217010498,7.076390743255615,7.282486915588379,8.050898551940918,10.216046333312988,12.14318561553955,12.846471786499023,12.280923843383789,11.61711311340332,12.477381706237793,13.824856758117676,13.057619094848633,11.61441421508789,10.224710464477539,10.408479690551758,11.010948181152344,11.02462387084961,9.896632194519043,9.115341186523438,9.503294944763184,9.384852409362793,8.938167572021484,14.83227825164795,20.74256706237793,17.81403350830078,13.72288703918457,10.27734661102295,7.254530429840088,11.970135688781738,18.814233779907227,22.013378143310547,26.33310317993164,27.15911102294922,23.804290771484375,25.030935287475586,29.182085037231445,28.59722328186035,27.68961524963379
6.736257076263428,6.3920392990112305,7.3441314697265625,8.560821533203125,9.132262229919434,7.108832836151123,5.408178806304932,6.292567729949951,7.96488618850708,10.343132972717285,11.67685604095459,11.442075729370117,10.996302604675293,10.131036758422852,9.583645820617676,10.78402328491211,12.754592895507812,13.51418685913086,13.2734375,12.293405532836914,11.557790756225586,11.468696594238281,10.908249855041504,9.910276412963867,8.927599906921387,8.46890640258789,8.772857666015625,7.978128433227539,9.703852653503418,15.889270782470703,17.704769134521484,14.356436729431152,9.900762557983398,2.3034889698028564,5.890157699584961,13.051974296569824,16.10105323791504,18.807104110717773,21.022005081176758,21.08861541748047,22.825340270996094,23.924726486206055,22.17355728149414,20.233240127563477
5.527561664581299,6.658322334289551,8.011547088623047,8.011414527893066,7.193237781524658,5.135274887084961,4.550739288330078,6.669120788574219,9.360916137695312,10.942534446716309,10.159770965576172,9.222562789916992,9.157076835632324,8.896947860717773,8.22479248046875,8.614470481872559,9.896629333496094,10.961307525634766,12.036107063293457,12.637633323669434,12.179186820983887,12.238748550415039,11.371745109558105,9.913375854492188,8.326311111450195,7.919475555419922,9.129739761352539,7.49287748336792,2.3455004692077637,4.1006293296813965,10.865665435791016,13.563740730285645,10.270490646362305,1.3588716983795166,-0.5304838418960571,4.421620845794678,7.333155155181885,9.699810981750488,12.651020050048828,14.46748161315918,15.222283363342285,13.723037719726562,12.525282859802246,12.855653762817383
