data/wind_data/wind_58_6.json
{"header": {"parameterUnit": "KT", "parameterCategory": 2, "nx": 256, "ny": 198, "lo1": 44.73521041870117, "la1": -3.236724853515625, "lo2": 111.26478576660156, "la2": 43.468475341796875, "dx": 0.2609002888202667, "dy": -0.23708222806453705, "refTime": "2025-02-21 10:00:00", "forecastTime": 0, "parameterNumber": 2, "parameterNumberName": "eastward_wind"}, "data":
[rows 40 to 59 of 198, columns 88 to 131 of 256]
-6.2593231201171875,-7.294936656951904,-7.869088649749756,-8.113508224487305,-8.691373825073242,-9.481762886047363,-10.13597297668457,-10.532291412353516,-10.784224510192871,-11.031148910522461,-11.255049705505371,-11.412324905395508,-11.639653205871582,-11.801737785339355,-11.563438415527344,-11.060214042663574,-10.38295841217041,-9.875178337097168,-9.49249267578125,-9.090694427490234,-9.251636505126953,-10.049583435058594,-10.686269760131836,-10.965444564819336,-11.083684921264648,-11.101079940795898,-11.167746543884277,-11.022183418273926,-10.696166038513184,-10.554298400878906,-11.047226905822754,-11.691285133361816,-11.242486953735352,-9.709050178527832,-8.593840599060059,-9.339140892028809,-10.947883605957031,-11.113598823547363,-9.61722183227539,-8.0429105758667,-7.0159831047058105,-6.625582218170166,-7.09694242477417,-7.8332319259643555
-6.335549354553223,-6.993500232696533,-7.549108982086182,-7.936805725097656,-8.236021995544434,-8.768677711486816,-9.394886016845703,-9.8030366897583,-10.285833358764648,-10.90964126586914,-11.395268440246582,-11.69788932800293,-12.033324241638184,-11.958451271057129,-11.375330924987793,-10.763108253479004,-10.359854698181152,-9.893596649169922,-9.1849365234375,-8.897343635559082,-9.3060302734375,-10.239213943481445,-10.99845027923584,-11.192484855651855,-11.119237899780273,-11.070822715759277,-10.889815330505371,-10.270560264587402,-9.87073040008545,-10.02203369140625,-10.779191017150879,-11.710426330566406,-11.540725708007812,-9.839406967163086,-7.844886302947998,-7.923985958099365,-10.09648609161377,-11.48198127746582,-10.535364151000977,-8.746614456176758,-7.2451300621032715,-6.221182823181152,-6.396505355834961,-7.695809364318848
-6.132653713226318,-6.7246294021606445,-7.279666900634766,-7.647159576416016,-7.807175636291504,-8.167325973510742,-8.606908798217773,-9.0338716506958,-9.767401695251465,-10.528641700744629,-11.10366153717041,-11.607954025268555,-11.87740421295166,-11.681636810302734,-11.212661743164062,-10.783738136291504,-10.3906888961792,-9.754511833190918,-9.04489517211914,-8.890567779541016,-9.398290634155273,-10.337825775146484,-11.047226905822754,-11.200915336608887,-11.092276573181152,-10.9589204788208,-10.594882011413574,-9.950101852416992,-9.6327543258667,-9.737456321716309,-10.273263931274414,-11.173334121704102,-11.389331817626953,-9.935115814208984,-7.566391468048096,-7.099963665008545,-9.442702293395996,-11.494622230529785,-10.936196327209473,-9.093603134155273,-7.5621161460876465,-6.377434730529785,-6.157158851623535,-7.229343414306641
-5.803208351135254,-6.320677757263184,-6.740414142608643,-7.198862552642822,-7.340442180633545,-7.457473278045654,-7.907528877258301,-8.465254783630371,-9.106661796569824,-9.676935195922852,-10.365019798278809,-11.215116500854492,-11.555351257324219,-11.483678817749023,-11.376031875610352,-11.012617111206055,-10.241981506347656,-9.322264671325684,-8.821944236755371,-8.959829330444336,-9.4755859375,-10.260054588317871,-10.863967895507812,-10.970134735107422,-10.738621711730957,-10.686126708984375,-10.326780319213867,-9.734894752502441,-9.565937995910645,-9.641152381896973,-9.970613479614258,-10.6741361618042,-11.094049453735352,-9.925350189208984,-7.47262716293335,-6.762814998626709,-9.249054908752441,-11.310761451721191,-10.590005874633789,-8.858019828796387,-7.821287631988525,-6.998513221740723,-6.354557514190674,-6.51853084564209
-5.0563645362854,-5.598867893218994,-6.1038312911987305,-6.428926467895508,-6.583975315093994,-6.7697625160217285,-7.191439628601074,-7.6493730545043945,-8.082694053649902,-8.531246185302734,-9.451634407043457,-10.617974281311035,-10.998735427856445,-11.127087593078613,-11.527739524841309,-11.248391151428223,-10.1228609085083,-9.108993530273438,-8.796162605285645,-9.18733024597168,-9.570934295654297,-10.070725440979004,-10.445130348205566,-10.356307029724121,-10.0675687789917,-10.177772521972656,-10.001031875610352,-9.64604663848877,-9.663496971130371,-9.83011245727539,-10.026314735412598,-10.344412803649902,-10.531346321105957,-9.510919570922852,-7.189018726348877,-6.537544250488281,-9.334028244018555,-11.19285774230957,-10.08141040802002,-8.300280570983887,-7.764672756195068,-7.516255855560303,-6.770656108856201,-6.250794410705566
-3.9888863563537598,-4.582087993621826,-5.203894138336182,-5.474410057067871,-5.671302318572998,-5.893128395080566,-6.144684791564941,-6.463238716125488,-6.876036167144775,-7.435183525085449,-8.55363655090332,-9.74753475189209,-9.983586311340332,-10.340534210205078,-10.99378490447998,-10.797897338867188,-9.984739303588867,-9.289180755615234,-9.203463554382324,-9.565984725952148,-9.6563138961792,-9.627124786376953,-9.735087394714355,-9.696218490600586,-9.530552864074707,-9.630261421203613,-9.74876880645752,-9.732157707214355,-9.68484115600586,-9.677844047546387,-9.549123764038086,-9.436420440673828,-9.364447593688965,-8.6376314163208,-6.838955879211426,-6.465245246887207,-9.037327766418457,-10.817129135131836,-9.864654541015625,-7.978400230407715,-7.488882064819336,-7.53347635269165,-7.0087809562683105,-6.450414657592773
-2.7801148891448975,-3.3115200996398926,-3.950404405593872,-4.328876972198486,-4.632917881011963,-4.851317405700684,-4.997718334197998,-5.293886661529541,-5.714448928833008,-6.480888843536377,-7.634334087371826,-8.543898582458496,-8.81363582611084,-9.388239860534668,-9.81313419342041,-9.810364723205566,-9.601051330566406,-9.234940528869629,-9.218989372253418,-9.542790412902832,-9.507810592651367,-9.231955528259277,-9.027791976928711,-8.846330642700195,-8.763875961303711,-9.066645622253418,-9.366202354431152,-9.315887451171875,-9.223840713500977,-9.053641319274902,-8.654019355773926,-8.200784683227539,-8.097192764282227,-7.946802139282227,-6.897331237792969,-6.247735500335693,-7.811527729034424,-9.919684410095215,-9.751276016235352,-7.83595609664917,-7.10825777053833,-7.3399577140808105,-7.265930652618408,-6.966404438018799
-1.5492546558380127,-1.9868512153625488,-2.562938690185547,-3.075042963027954,-3.5228140354156494,-3.9011428356170654,-4.122641563415527,-4.2349066734313965,-4.701565265655518,-5.539284706115723,-6.438302993774414,-7.135280132293701,-7.602196216583252,-8.071333885192871,-8.515929222106934,-8.864310264587402,-8.83742618560791,-8.689760208129883,-8.756148338317871,-8.938364028930664,-8.981675148010254,-9.024187088012695,-8.734123229980469,-7.903406143188477,-7.760569095611572,-8.650787353515625,-8.449745178222656,-8.109600067138672,-8.090851783752441,-8.016277313232422,-7.793984413146973,-7.6076130867004395,-7.74340295791626,-8.021011352539062,-7.271347522735596,-5.901701927185059,-6.617835998535156,-9.01229190826416,-9.289191246032715,-7.443617820739746,-6.626516819000244,-6.972860336303711,-7.337588310241699,-7.419890403747559
-0.5726590752601624,-0.9307432770729065,-1.3590348958969116,-1.7475645542144775,-2.242299795150757,-2.873506784439087,-3.250826120376587,-3.4853363037109375,-3.9951822757720947,-4.483545780181885,-5.151040554046631,-5.878344535827637,-6.311986446380615,-6.7356438636779785,-7.38979434967041,-7.870434761047363,-7.986492156982422,-8.042472839355469,-8.031989097595215,-8.140231132507324,-8.26175594329834,-8.367464065551758,-8.152470588684082,-7.350927352905273,-7.103442192077637,-7.950735092163086,-7.317010879516602,-6.746647357940674,-6.669734477996826,-6.794814109802246,-6.951322555541992,-7.200454235076904,-7.611716270446777,-7.938270092010498,-7.186264514923096,-5.49666690826416,-5.946339130401611,-8.438432693481445,-8.660861015319824,-6.9831342697143555,-6.123584270477295,-6.336787223815918,-6.87736177444458,-7.219423294067383
0.007108008489012718,-0.21914994716644287,-0.3755076229572296,-0.4735165536403656,-0.8242731094360352,-1.5267137289047241,-2.1875486373901367,-2.7433853149414062,-3.24180006980896,-3.771646738052368,-4.356689929962158,-4.725343227386475,-4.945667266845703,-5.475528717041016,-6.201156139373779,-6.668312072753906,-7.023311614990234,-7.2118449211120605,-7.189518451690674,-7.211538314819336,-7.214976787567139,-7.167117595672607,-7.137412071228027,-6.861839294433594,-6.6456427574157715,-6.9897589683532715,-6.655511856079102,-6.333894729614258,-6.138960838317871,-6.124880313873291,-6.264272689819336,-6.5620808601379395,-7.058985233306885,-7.275832176208496,-6.589411735534668,-5.1339640617370605,-5.5555243492126465,-7.693552494049072,-7.736243724822998,-6.346041202545166,-5.511013507843018,-5.62299919128418,-6.184830188751221,-6.477959632873535
0.2303314059972763,0.2985292077064514,0.37247389554977417,0.4041014015674591,0.1459760218858719,-0.35170620679855347,-0.9033161997795105,-1.5366500616073608,-2.305285692214966,-3.0941216945648193,-3.573312520980835,-3.7476961612701416,-3.782238006591797,-4.127204895019531,-4.690410137176514,-5.287541389465332,-5.826555252075195,-6.038651943206787,-6.061821937561035,-6.059266090393066,-6.052562713623047,-5.9658522605896,-5.984496116638184,-5.973400115966797,-5.8562541007995605,-5.887706756591797,-6.076760768890381,-6.257313251495361,-6.243946552276611,-6.083451271057129,-5.881628036499023,-6.027571678161621,-6.419073581695557,-6.4429030418396,-5.74822998046875,-4.674698352813721,-5.147807598114014,-6.5413818359375,-6.1483869552612305,-5.089110851287842,-4.729341983795166,-4.973692417144775,-5.335771560668945,-5.555870056152344
0.5109439492225647,0.6424405574798584,0.82080078125,0.8976662755012512,0.8649734854698181,0.641842782497406,0.21069268882274628,-0.2514660060405731,-1.1099565029144287,-1.9182677268981934,-2.5220248699188232,-2.8281829357147217,-2.895031452178955,-2.9839932918548584,-3.272280693054199,-3.8131279945373535,-4.366335391998291,-4.725273609161377,-4.907403945922852,-4.939176559448242,-4.837192058563232,-4.732207298278809,-4.727962017059326,-4.754085540771484,-4.731606960296631,-4.737565040588379,-5.078242301940918,-5.5207414627075195,-5.827204704284668,-5.811624526977539,-5.614221096038818,-5.664151668548584,-5.704079627990723,-5.46577262878418,-4.8213605880737305,-4.033899784088135,-4.459774971008301,-5.127078533172607,-4.443089008331299,-3.494054079055786,-3.5881147384643555,-4.190447807312012,-4.368571758270264,-4.490105152130127
1.1565423011779785,1.069922924041748,1.2602611780166626,1.3881562948226929,1.4362449645996094,1.35537850856781,1.1730539798736572,0.7784464955329895,0.082469142973423,-0.5848096013069153,-1.1987242698669434,-1.537541151046753,-1.8013532161712646,-1.994993805885315,-2.2153594493865967,-2.557910442352295,-3.023784637451172,-3.6135644912719727,-3.9652745723724365,-3.924391508102417,-3.730264663696289,-3.5655195713043213,-3.5521702766418457,-3.6565959453582764,-3.6454412937164307,-3.6059813499450684,-3.7887144088745117,-4.193626403808594,-4.631692886352539,-4.85603666305542,-4.965018272399902,-4.963346004486084,-4.6901068687438965,-4.422546863555908,-3.930324077606201,-3.3218414783477783,-3.7421720027923584,-3.8215792179107666,-3.101503610610962,-2.2576324939727783,-2.3396553993225098,-3.0720772743225098,-3.321509838104248,-3.5166196823120117
2.1287755966186523,1.9611181020736694,1.9230858087539673,2.0035667419433594,2.088261365890503,2.0722975730895996,1.9459264278411865,1.606732726097107,1.1426339149475098,0.6526089906692505,0.21842515468597412,-0.10557164251804352,-0.4118036925792694,-0.7285013198852539,-1.1036922931671143,-1.3716673851013184,-1.778531551361084,-2.3752291202545166,-2.80243182182312,-2.930051803588867,-2.820429563522339,-2.58547306060791,-2.6226978302001953,-2.7581937313079834,-2.619215726852417,-2.516418933868408,-2.569984197616577,-2.844003200531006,-3.1351687908172607,-3.422161817550659,-3.6734344959259033,-3.6472480297088623,-3.3955559730529785,-3.3074638843536377,-3.1898155212402344,-2.9679038524627686,-2.9886605739593506,-2.7601046562194824,-2.0797743797302246,-1.5075221061706543,-1.5355072021484375,-2.098804473876953,-2.3493540287017822,-2.4496424198150635
3.3021740913391113,3.0421950817108154,2.8835668563842773,2.8345227241516113,2.8520288467407227,2.9450643062591553,2.9250030517578125,2.644453763961792,2.2330243587493896,1.7887004613876343,1.3840335607528687,1.0923775434494019,0.9323662519454956,0.7034873366355896,0.33929088711738586,0.010391376912593842,-0.4067397117614746,-0.870871901512146,-1.2640633583068848,-1.6363605260849,-1.7431105375289917,-1.5411021709442139,-1.54669189453125,-1.610759973526001,-1.4671854972839355,-1.3805465698242188,-1.4651738405227661,-1.7023890018463135,-1.8084046840667725,-1.9294023513793945,-2.0273590087890625,-1.9468978643417358,-1.8575973510742188,-2.102313995361328,-2.5084803104400635,-2.302595615386963,-1.891255497932434,-1.7321547269821167,-1.3838424682617188,-0.9655223488807678,-0.857271671295166,-1.1345542669296265,-1.436922311782837,-1.5429903268814087
4.502126216888428,4.192383766174316,4.01993465423584,3.8636374473571777,3.8825643062591553,4.027520179748535,4.070383071899414,3.9294588565826416,3.574470043182373,3.011840343475342,2.4813992977142334,2.181159734725952,2.129249095916748,2.0386576652526855,1.8873913288116455,1.6082531213760376,1.1090396642684937,0.6849077343940735,0.39391401410102844,0.043581463396549225,-0.17494474351406097,-0.1649022102355957,-0.1871502548456192,-0.19933800399303436,-0.17693638801574707,-0.11016099900007248,-0.1791951060295105,-0.3893778920173645,-0.5011927485466003,-0.5971047282218933,-0.519868016242981,-0.44886544346809387,-0.47582489252090454,-0.9478421807289124,-0.974270761013031,-0.6452630758285522,-0.5965924263000488,-0.5238578915596008,-0.5670248866081238,-0.37416377663612366,-0.15309186279773712,-0.02843015268445015,-0.3041290044784546,-0.6496006846427917
5.600753307342529,5.363455295562744,5.196590900421143,5.108968257904053,5.125016212463379,5.2417683601379395,5.332744121551514,5.324038028717041,5.095906734466553,4.588744640350342,3.955273389816284,3.4654836654663086,3.2683463096618652,3.2647018432617188,3.3651719093322754,3.2615244388580322,2.8294410705566406,2.3657524585723877,2.0553171634674072,1.799778938293457,1.6207607984542847,1.4994168281555176,1.3822880983352661,1.273323893547058,1.173811674118042,1.272670865058899,1.3569891452789307,1.3218449354171753,1.2363337278366089,1.0053167343139648,0.8661891222000122,0.7394096851348877,0.5128799676895142,0.2940504252910614,0.7578274607658386,1.0498677492141724,0.7883888483047485,0.8293607234954834,0.8390083909034729,0.8701827526092529,0.8824827075004578,0.9378518462181091,0.8731600642204285,0.6578471660614014
6.561205863952637,6.488078594207764,6.418854713439941,6.36279296875,6.436646461486816,6.6138596534729,6.736546993255615,6.764840126037598,6.698608875274658,6.394542694091797,5.762725353240967,5.0199360847473145,4.529610633850098,4.467685222625732,4.661713123321533,4.780521869659424,4.651961803436279,4.2734527587890625,3.7862966060638428,3.4223785400390625,3.3744189739227295,3.3344037532806396,3.1678860187530518,2.913893461227417,2.7168843746185303,2.6702404022216797,2.7649781703948975,2.939728021621704,3.0910537242889404,2.9127039909362793,2.5949172973632812,2.0331614017486572,1.6851844787597656,1.712015986442566,2.125234365463257,2.2756400108337402,1.9820795059204102,2.050161838531494,2.4918062686920166,2.783909559249878,2.702406883239746,2.3996999263763428,2.2034385204315186,2.1947038173675537
7.3522443771362305,7.483797073364258,7.562332630157471,7.606316089630127,7.7355265617370605,7.969448089599609,8.159323692321777,8.23985767364502,8.271833419799805,8.124937057495117,7.625762939453125,6.851497650146484,6.103869915008545,5.7459611892700195,5.868645668029785,6.167109966278076,6.263191223144531,6.040262222290039,5.528709888458252,5.103281497955322,5.0362701416015625,5.082043170928955,4.994709014892578,4.767013072967529,4.538123607635498,4.270347595214844,4.149292469024658,4.289304256439209,4.532430171966553,4.5547566413879395,4.439316272735596,3.784019708633423,3.399723768234253,3.5215322971343994,3.683568000793457,3.4710471630096436,3.064218759536743,3.1308233737945557,3.808568000793457,4.49057674407959,4.695796966552734,4.457023620605469,4.122213363647461,3.9875826835632324
7.915900707244873,8.218050003051758,8.48402214050293,8.688471794128418,8.923569679260254,9.245519638061523,9.574991226196289,9.81855583190918,9.908120155334473,9.780166625976562,9.408514976501465,8.791707038879395,7.994290828704834,7.306122303009033,7.180288314819336,7.466801643371582,7.618480205535889,7.421802520751953,7.051325798034668,6.798345565795898,6.713376522064209,6.729212760925293,6.706286430358887,6.618838310241699,6.455172061920166,6.133393287658691,5.792470932006836,5.6964430809021,5.774441242218018,6.024895191192627,5.918528079986572,5.721373081207275,5.493942737579346,5.457206726074219,5.335665225982666,5.038417816162109,4.647507190704346,4.523692607879639,4.935402870178223,5.568576335906982,6.1485981941223145,6.439071178436279,6.248713970184326,5.850067138671875
