data/wind_data/wind_2025-02-19_07.json
{"header": {"parameterUnit": "KT", "parameterCategory": 2, "nx": 255, "ny": 198, "lo1": 44.73521041870117, "la1": -3.236724853515625, "lo2": 111.26478576660156, "la2": 43.468475341796875, "dx": 0.26192745566368103, "dy": -0.23708222806453705, "refTime": "2025-02-19 07:00:00", "forecastTime": 0, "parameterNumber": 2, "parameterNumberName": "eastward_wind"}, "data":
[rows 19 to 37 of 198, columns 0 to 42 of 255]
-10.772146224975586,-12.242973327636719,-12.99417495727539,-11.774297714233398,-11.32249927520752,-11.7794189453125,-11.149288177490234,-10.749030113220215,-10.572427749633789,-10.211935997009277,-10.078474044799805,-9.886563301086426,-9.587044715881348,-9.057351112365723,-8.503121376037598,-7.5940070152282715,-6.131568908691406,-5.075607776641846,-4.9867682456970215,-4.722883224487305,-4.474295616149902,-4.773437023162842,-4.8388190269470215,-5.008327484130859,-5.532980442047119,-5.895956993103027,-5.260482311248779,-4.937005043029785,-5.06795072555542,-4.4583048820495605,-4.690826416015625,-6.122447967529297,-8.119220733642578,-9.286543846130371,-8.463299751281738,-7.845381259918213,-8.653864860534668,-10.226239204406738,-11.892138481140137,-12.147297859191895,-11.311270713806152,-10.684253692626953,-10.355000495910645
-9.222512245178223,-10.089106559753418,-11.250479698181152,-12.630412101745605,-12.09273624420166,-12.394515037536621,-11.78589153289795,-11.163323402404785,-11.262187957763672,-10.845763206481934,-10.672877311706543,-10.201947212219238,-9.552374839782715,-8.748298645019531,-8.089807510375977,-7.731950759887695,-6.954470157623291,-5.409648418426514,-4.26625919342041,-4.650539875030518,-4.919224739074707,-4.9327006340026855,-5.269720077514648,-5.341304302215576,-5.606770992279053,-5.925170421600342,-6.192715644836426,-5.600968837738037,-4.677444934844971,-5.224420547485352,-6.197193145751953,-6.582378387451172,-7.431804180145264,-8.929418563842773,-8.915401458740234,-8.023075103759766,-8.371354103088379,-9.731483459472656,-11.34611988067627,-11.901947975158691,-11.498236656188965,-11.653118133544922,-11.60286808013916
-9.95008659362793,-10.123738288879395,-9.419923782348633,-10.994516372680664,-13.400837898254395,-13.541172981262207,-12.465391159057617,-11.489145278930664,-11.771296501159668,-11.453590393066406,-11.30107307434082,-10.56699275970459,-9.672503471374512,-8.817806243896484,-8.047736167907715,-7.469401836395264,-6.594776630401611,-5.378870010375977,-4.799705505371094,-4.321202754974365,-5.047484874725342,-6.195168495178223,-6.5284295082092285,-6.672464370727539,-6.093886852264404,-5.856371879577637,-5.565711498260498,-5.248948097229004,-5.186746597290039,-4.880754470825195,-5.5180840492248535,-6.42503547668457,-7.462562561035156,-8.461950302124023,-8.316067695617676,-7.9286675453186035,-8.681746482849121,-9.993474006652832,-10.98938274383545,-11.657835006713867,-11.582079887390137,-11.739290237426758,-11.817156791687012
-10.435921669006348,-10.01529598236084,-9.988717079162598,-10.100103378295898,-11.308167457580566,-14.095710754394531,-13.635113716125488,-11.928088188171387,-11.864593505859375,-11.861648559570312,-11.643913269042969,-10.843396186828613,-9.905035018920898,-8.996186256408691,-8.295907974243164,-7.607997417449951,-6.85207462310791,-5.710209846496582,-4.722510814666748,-5.658130168914795,-7.180787563323975,-8.18832015991211,-8.656676292419434,-8.075231552124023,-7.314393520355225,-6.188108921051025,-5.969854354858398,-5.832052707672119,-5.38917875289917,-5.650084972381592,-5.992809295654297,-6.580541133880615,-7.216221809387207,-7.900163650512695,-8.45382308959961,-8.78777027130127,-9.521241188049316,-10.160526275634766,-10.80712604522705,-11.391578674316406,-11.541521072387695,-11.682703018188477,-11.805262565612793
-10.741936683654785,-10.490571022033691,-10.593354225158691,-12.048959732055664,-12.925323486328125,-13.74928092956543,-14.200438499450684,-13.310517311096191,-12.011566162109375,-11.80164623260498,-11.810422897338867,-11.093707084655762,-10.187521934509277,-9.18631362915039,-8.328278541564941,-7.660068988800049,-6.639068126678467,-5.600240230560303,-5.0613932609558105,-5.240036964416504,-7.442288875579834,-9.60202693939209,-9.446671485900879,-8.546671867370605,-7.913294315338135,-7.4280571937561035,-6.787402629852295,-6.345517158508301,-6.071788787841797,-5.7221150398254395,-5.719618797302246,-5.852816581726074,-6.25489616394043,-7.19588565826416,-8.149486541748047,-8.612096786499023,-8.918789863586426,-9.635143280029297,-10.350043296813965,-10.751178741455078,-11.235552787780762,-11.67910099029541,-11.74935531616211
-10.987615585327148,-10.91468334197998,-10.834925651550293,-11.76588249206543,-13.009355545043945,-13.612183570861816,-13.348346710205078,-13.64625072479248,-13.383246421813965,-12.051973342895508,-12.172385215759277,-11.769333839416504,-10.762446403503418,-9.608484268188477,-8.486926078796387,-7.683978080749512,-7.123970031738281,-6.019559383392334,-4.798563003540039,-5.0406060218811035,-7.14531946182251,-10.009984016418457,-10.30768871307373,-8.937682151794434,-8.058744430541992,-7.7124223709106445,-7.039506435394287,-6.442440032958984,-6.020655632019043,-5.751175880432129,-5.790820121765137,-6.659087181091309,-7.056417465209961,-7.056739330291748,-7.379339218139648,-7.5674028396606445,-8.087233543395996,-8.987370491027832,-9.950202941894531,-10.564068794250488,-11.043675422668457,-11.437108039855957,-11.515445709228516
-10.81605052947998,-11.225091934204102,-11.287764549255371,-12.120705604553223,-13.345314025878906,-13.783499717712402,-12.915641784667969,-12.673630714416504,-13.592351913452148,-13.323440551757812,-12.37595272064209,-12.206522941589355,-11.481914520263672,-10.279380798339844,-8.993754386901855,-8.026086807250977,-7.272811412811279,-6.440333843231201,-5.137623310089111,-4.876829147338867,-6.993425369262695,-9.56999397277832,-10.157176971435547,-9.342184066772461,-8.468542098999023,-7.831478118896484,-7.506344318389893,-7.179531574249268,-6.525848865509033,-6.127157688140869,-6.157066822052002,-6.730838775634766,-7.554654121398926,-7.513166427612305,-7.187934398651123,-7.4852166175842285,-8.25316333770752,-9.20158576965332,-10.019026756286621,-10.520065307617188,-10.655037879943848,-10.504372596740723,-10.394758224487305
-10.738475799560547,-11.47568130493164,-11.66718578338623,-12.491372108459473,-13.476573944091797,-13.647629737854004,-12.526878356933594,-11.721519470214844,-12.304425239562988,-13.569171905517578,-13.19481372833252,-11.58181381225586,-11.150391578674316,-10.660221099853516,-9.582836151123047,-8.525351524353027,-7.999120235443115,-7.180965423583984,-6.334864139556885,-6.173945426940918,-6.963999271392822,-8.642863273620605,-9.417667388916016,-9.205538749694824,-8.641623497009277,-7.861715316772461,-7.402681827545166,-7.1723222732543945,-7.076528072357178,-6.882869243621826,-6.697246551513672,-6.871117115020752,-7.371781826019287,-7.635831832885742,-7.547264099121094,-7.650119781494141,-8.448148727416992,-9.202909469604492,-9.773438453674316,-10.356257438659668,-10.383279800415039,-10.111771583557129,-10.166732788085938
-10.961043357849121,-11.385647773742676,-11.904988288879395,-13.07923698425293,-13.9331693649292,-13.478263854980469,-12.008886337280273,-11.16508960723877,-11.231207847595215,-12.198493957519531,-13.422712326049805,-11.837434768676758,-9.754059791564941,-10.058260917663574,-9.775395393371582,-8.717516899108887,-8.146455764770508,-7.577930927276611,-7.042966842651367,-6.782207012176514,-7.2347307205200195,-8.092098236083984,-8.887995719909668,-9.10633373260498,-8.628473281860352,-8.087050437927246,-7.803940773010254,-7.7223029136657715,-7.631265163421631,-7.396280288696289,-7.043000221252441,-6.941312789916992,-7.316446781158447,-7.704371929168701,-7.840205669403076,-8.113880157470703,-8.271255493164062,-8.343969345092773,-8.509020805358887,-8.86732292175293,-9.383732795715332,-9.921765327453613,-9.986202239990234
-11.0756196975708,-11.264151573181152,-12.148419380187988,-13.867249488830566,-14.502357482910156,-13.42915153503418,-11.841899871826172,-11.15102767944336,-11.193456649780273,-11.578875541687012,-12.797627449035645,-12.98378849029541,-10.263704299926758,-9.22811222076416,-9.755361557006836,-9.112203598022461,-8.733054161071777,-8.037468910217285,-7.441675662994385,-7.25079345703125,-7.630526542663574,-8.21700668334961,-8.700862884521484,-9.294252395629883,-8.993654251098633,-8.484477996826172,-8.240459442138672,-8.22104263305664,-8.108270645141602,-7.745515823364258,-7.31358528137207,-7.189910411834717,-7.433684349060059,-7.615501403808594,-7.606168270111084,-7.638061046600342,-7.69377326965332,-7.563904285430908,-7.248192310333252,-7.373007297515869,-8.665983200073242,-10.123306274414062,-10.594773292541504
-10.8421049118042,-11.082083702087402,-12.555851936340332,-14.835817337036133,-14.883662223815918,-13.118429183959961,-11.822529792785645,-11.621604919433594,-11.78438663482666,-12.01740837097168,-12.949522972106934,-13.590084075927734,-12.501590728759766,-10.269289016723633,-9.677255630493164,-9.693947792053223,-9.193940162658691,-8.633166313171387,-8.125481605529785,-7.751325607299805,-7.867458343505859,-8.45952033996582,-9.093727111816406,-9.38508129119873,-9.264424324035645,-8.858565330505371,-8.605509757995605,-8.557777404785156,-8.432807922363281,-8.1318998336792,-7.870744228363037,-7.852452754974365,-7.852665901184082,-7.703376293182373,-7.5683274269104,-7.490900039672852,-7.1606645584106445,-6.650418281555176,-6.3473615646362305,-7.0899128913879395,-8.76554012298584,-10.08374309539795,-10.328635215759277
-10.4325532913208,-11.029380798339844,-12.926411628723145,-15.0887451171875,-14.570862770080566,-12.66774845123291,-11.861452102661133,-12.070128440856934,-12.353023529052734,-12.314067840576172,-12.691402435302734,-13.836928367614746,-14.285176277160645,-12.434070587158203,-9.997336387634277,-9.926851272583008,-9.786147117614746,-9.14329719543457,-8.810419082641602,-8.243135452270508,-8.102968215942383,-8.462160110473633,-9.113566398620605,-9.622854232788086,-9.64877700805664,-9.291694641113281,-8.874512672424316,-8.727235794067383,-8.726411819458008,-8.603677749633789,-8.428647994995117,-8.328587532043457,-8.246390342712402,-8.08069896697998,-7.853517055511475,-7.559139728546143,-7.0523247718811035,-6.408737659454346,-6.0800628662109375,-6.742680072784424,-8.255000114440918,-9.519432067871094,-9.683777809143066
-10.24984073638916,-11.335790634155273,-13.43224048614502,-15.045445442199707,-14.008757591247559,-12.309113502502441,-11.872584342956543,-12.319605827331543,-12.7189302444458,-12.708487510681152,-12.772482872009277,-13.261483192443848,-14.028862953186035,-13.563471794128418,-11.284475326538086,-9.919689178466797,-10.114795684814453,-9.525403022766113,-9.070402145385742,-8.427011489868164,-8.107044219970703,-8.418350219726562,-9.17417049407959,-9.803142547607422,-9.973663330078125,-9.800947189331055,-9.479862213134766,-9.227273941040039,-9.135527610778809,-9.094143867492676,-8.974884986877441,-8.757115364074707,-8.55727481842041,-8.384204864501953,-8.133096694946289,-7.611787796020508,-6.769373893737793,-6.080037593841553,-6.043069839477539,-6.918862342834473,-7.987223148345947,-8.78211498260498,-8.997466087341309
-10.914008140563965,-12.481791496276855,-13.872190475463867,-14.578530311584473,-13.380288124084473,-12.19655990600586,-11.970043182373047,-12.402771949768066,-12.939981460571289,-12.820446968078613,-12.478331565856934,-12.58346939086914,-13.268470764160156,-13.603232383728027,-12.866827964782715,-10.648458480834961,-9.705537796020508,-9.62613582611084,-9.093331336975098,-8.44660472869873,-8.100799560546875,-8.366867065429688,-9.05312728881836,-9.643810272216797,-9.95098876953125,-10.135294914245605,-10.229483604431152,-10.074960708618164,-9.78773021697998,-9.567070007324219,-9.412698745727539,-9.187429428100586,-8.822701454162598,-8.345797538757324,-7.868330478668213,-7.301281452178955,-6.480978012084961,-5.896470546722412,-5.97286319732666,-6.826356887817383,-7.618456840515137,-7.866293907165527,-7.968843936920166
-11.726787567138672,-13.758509635925293,-14.34735107421875,-13.947629928588867,-12.98526668548584,-12.32776927947998,-12.22432804107666,-12.70078182220459,-13.28327751159668,-13.067980766296387,-12.435548782348633,-11.944706916809082,-12.217352867126465,-13.070761680603027,-13.566713333129883,-12.378337860107422,-9.818965911865234,-9.46750545501709,-9.380967140197754,-8.662467956542969,-8.26767349243164,-8.383535385131836,-8.97827434539795,-9.439407348632812,-9.768706321716309,-10.204079627990723,-10.66833782196045,-10.775686264038086,-10.4525785446167,-10.090177536010742,-9.911445617675781,-9.672430992126465,-9.17095947265625,-8.408027648925781,-7.563051700592041,-6.903827667236328,-6.484190940856934,-6.346405982971191,-6.665722846984863,-7.224968433380127,-7.654238700866699,-7.702962398529053,-7.522566318511963
-12.392099380493164,-14.199763298034668,-14.162494659423828,-13.189645767211914,-12.30049991607666,-12.146903991699219,-12.217559814453125,-12.575252532958984,-13.17662239074707,-13.1631441116333,-12.848862648010254,-12.621238708496094,-12.227740287780762,-11.925666809082031,-12.60937786102295,-13.079960823059082,-10.830384254455566,-9.174744606018066,-9.628619194030762,-9.226109504699707,-8.774638175964355,-8.773371696472168,-9.111367225646973,-9.456001281738281,-9.66321086883545,-10.161690711975098,-10.86861801147461,-11.220947265625,-10.92981243133545,-10.54847526550293,-10.496030807495117,-10.285301208496094,-9.610465049743652,-8.569893836975098,-7.433191299438477,-6.738783359527588,-6.6225104331970215,-6.859037399291992,-7.161121845245361,-7.40167236328125,-7.675579071044922,-7.762792110443115,-7.817547798156738
-12.824607849121094,-13.979009628295898,-13.693662643432617,-12.793157577514648,-11.917924880981445,-11.694659233093262,-11.742151260375977,-12.00354290008545,-12.458531379699707,-12.53646183013916,-12.685166358947754,-12.96014404296875,-12.821930885314941,-12.5101957321167,-12.43930435180664,-12.571568489074707,-11.837326049804688,-9.502574920654297,-9.4713716506958,-9.881147384643555,-9.422882080078125,-9.468006134033203,-9.541389465332031,-9.805036544799805,-9.950498580932617,-10.242696762084961,-10.8401517868042,-11.302009582519531,-11.20932674407959,-10.898283004760742,-10.828492164611816,-10.668322563171387,-9.974116325378418,-8.830310821533203,-7.6797332763671875,-7.056190490722656,-6.960155010223389,-7.238196849822998,-7.692756175994873,-7.896431922912598,-7.858365535736084,-7.836516857147217,-7.945934772491455
-12.698334693908691,-13.538673400878906,-13.291187286376953,-12.602764129638672,-12.006697654724121,-11.614203453063965,-11.24988079071045,-11.337265014648438,-11.569421768188477,-11.63241195678711,-11.819927215576172,-12.063589096069336,-12.431604385375977,-12.609563827514648,-12.388638496398926,-12.746732711791992,-12.40636157989502,-10.244328498840332,-9.373422622680664,-10.396432876586914,-10.10293960571289,-9.992790222167969,-10.1754732131958,-10.383431434631348,-10.600781440734863,-10.612483978271484,-10.731579780578613,-10.977667808532715,-11.090503692626953,-10.933999061584473,-10.73281192779541,-10.496016502380371,-9.9623384475708,-9.189577102661133,-8.375268936157227,-7.723034381866455,-7.695724010467529,-8.056584358215332,-8.326149940490723,-8.370203018188477,-8.0828857421875,-7.839654922485352,-7.9868083000183105
-12.243690490722656,-12.59653091430664,-12.50415325164795,-12.375988960266113,-11.988831520080566,-11.583503723144531,-11.110590934753418,-10.959090232849121,-10.855636596679688,-10.7382230758667,-11.037546157836914,-11.413660049438477,-11.97255802154541,-12.559796333312988,-12.825837135314941,-12.8267183303833,-12.785400390625,-11.606803894042969,-9.962472915649414,-10.647254943847656,-10.91851806640625,-10.425079345703125,-10.81700325012207,-10.972533226013184,-11.089217185974121,-10.88093090057373,-10.580361366271973,-10.623321533203125,-10.836687088012695,-10.770384788513184,-10.409868240356445,-10.078877449035645,-9.73989486694336,-9.052062034606934,-8.233240127563477,-8.312419891357422,-8.788653373718262,-8.97752571105957,-9.072554588317871,-8.828298568725586,-8.407684326171875,-7.931034088134766,-7.4763312339782715
