data/wind_data/wind_13_4.json
{"header": {"parameterUnit": "KT", "parameterCategory": 2, "nx": 256, "ny": 198, "lo1": 44.73521041870117, "la1": -3.236724853515625, "lo2": 111.26478576660156, "la2": 43.468475341796875, "dx": 0.2609002888202667, "dy": -0.23708222806453705, "refTime": "2025-02-19 13:00:00", "forecastTime": 0, "parameterNumber": 2, "parameterNumberName": "eastward_wind"}, "data":
[rows 57 to 75 of 198, columns 176 to 219 of 256]
3.4004433155059814,3.0735297203063965,2.8881804943084717,2.9771664142608643,3.2533066272735596,3.52864670753479,3.785214900970459,3.900364637374878,3.4812588691711426,3.230424642562866,3.141151189804077,2.9759023189544678,2.56844425201416,2.2414777278900146,1.9654052257537842,1.1895490884780884,0.1120719239115715,-0.5634831786155701,-0.8425615429878235,-1.2514251470565796,-1.5552568435668945,-1.5125006437301636,-1.8480068445205688,-2.784888744354248,-3.8195836544036865,-4.9734625816345215,-6.497051239013672,-7.773601531982422,-8.424972534179688,-8.958761215209961,-8.82728385925293,-7.791257381439209,-8.132335662841797,-7.308632850646973,-7.710018634796143,-9.348112106323242,-9.810847282409668,-9.73448371887207,-9.375730514526367,-8.779816627502441,-7.910004615783691,-7.321743965148926,-7.7068705558776855,-7.97804594039917
3.926400661468506,3.613659381866455,3.3611645698547363,3.451805591583252,3.7418763637542725,3.9605863094329834,3.971658229827881,4.045614242553711,3.7194697856903076,3.295489549636841,3.390559673309326,3.318053960800171,2.8225820064544678,2.412353515625,2.2047648429870605,1.6893930435180664,0.8442838788032532,0.16786420345306396,-0.13560444116592407,-0.25617486238479614,-0.5363258123397827,-0.886231541633606,-1.370603084564209,-2.2612671852111816,-3.222567319869995,-3.992380380630493,-4.83502197265625,-5.8930487632751465,-6.7777228355407715,-7.316507339477539,-7.186728000640869,-6.550980567932129,-7.574883937835693,-6.018040180206299,-6.789116382598877,-8.599151611328125,-9.552531242370605,-9.538187026977539,-9.102344512939453,-8.395691871643066,-7.470102310180664,-6.883245944976807,-7.446555137634277,-8.003816604614258
4.525094032287598,4.142940044403076,3.8892979621887207,3.8072803020477295,3.938809871673584,4.23746395111084,4.3228349685668945,4.294872283935547,4.20485782623291,3.4980289936065674,3.2703514099121094,3.397812843322754,3.095294237136841,2.6904959678649902,2.502546548843384,2.1482365131378174,1.4711973667144775,1.0181297063827515,0.943405270576477,1.0615547895431519,0.8878046870231628,0.16149002313613892,-0.8089756965637207,-1.6799441576004028,-2.537628412246704,-3.294196367263794,-4.384525775909424,-6.465372562408447,-7.745131969451904,-6.265634536743164,-3.8983166217803955,-4.1167778968811035,-6.023257732391357,-4.3592400550842285,-5.686895847320557,-7.555521011352539,-8.951727867126465,-8.902310371398926,-8.639365196228027,-7.828071594238281,-6.569423198699951,-5.584434986114502,-5.978608131408691,-7.1429033279418945
5.7617506980896,5.017270088195801,4.558541297912598,4.28948974609375,4.131862163543701,4.136652946472168,4.300826072692871,4.487727165222168,4.754936218261719,4.313828945159912,3.5970194339752197,3.471001386642456,3.3341376781463623,3.0112600326538086,2.7706515789031982,2.5948610305786133,2.157627820968628,1.758772611618042,1.7776907682418823,2.0843350887298584,2.166311502456665,1.5585472583770752,0.4317132532596588,-0.6492626667022705,-1.6446239948272705,-2.564540147781372,-3.750500202178955,-6.301871299743652,-8.14438247680664,-6.7688469886779785,-4.529655456542969,-4.297972202301025,-4.34210205078125,-2.421505928039551,-3.9770870208740234,-6.691776752471924,-7.777262210845947,-7.996460914611816,-7.889419078826904,-7.089128017425537,-5.75937032699585,-4.691533088684082,-4.319835662841797,-4.392915725708008
7.0970778465271,6.272891521453857,5.409820079803467,4.762527942657471,4.502865314483643,4.3635969161987305,4.266664981842041,4.354479789733887,4.75942325592041,4.88039493560791,4.442488670349121,4.081394195556641,3.7953438758850098,3.4457974433898926,3.1388742923736572,2.857131004333496,2.6446921825408936,2.467332124710083,2.4470348358154297,2.560044288635254,2.739948272705078,2.6849255561828613,2.1325318813323975,0.9832552671432495,-0.45182904601097107,-1.554506540298462,-2.234977960586548,-3.3857274055480957,-5.177035808563232,-6.952749252319336,-6.647143840789795,-4.477926254272461,-3.199004650115967,0.12178507447242737,-1.7348591089248657,-5.724458694458008,-6.415794372558594,-7.02753210067749,-7.018106460571289,-6.561755657196045,-5.474684715270996,-4.487254619598389,-3.743640661239624,-3.4882261753082275
7.559792518615723,7.244046211242676,6.4044671058654785,5.446557521820068,4.782989978790283,4.595623970031738,4.68296480178833,4.73797607421875,4.813963890075684,4.899611949920654,4.804664611816406,4.8122477531433105,4.675055503845215,4.173194885253906,3.7823541164398193,3.3718605041503906,2.988961696624756,2.8367743492126465,2.8681578636169434,2.866541862487793,2.9044601917266846,3.1922049522399902,3.3202922344207764,2.5889573097229004,1.0765892267227173,-0.24161119759082794,-1.003670334815979,-1.337589979171753,-1.7782293558120728,-5.111873149871826,-9.247570991516113,-5.769635200500488,-2.2720375061035156,0.17304685711860657,-1.080763339996338,-4.682292938232422,-5.184285640716553,-5.67069149017334,-5.148325443267822,-4.452221393585205,-3.333796739578247,-2.731485605239868,-3.6071691513061523,-4.8977742195129395
7.448574542999268,7.558356285095215,7.101643085479736,6.270534038543701,5.412607192993164,4.936188220977783,5.1535258293151855,5.5342278480529785,5.722529411315918,5.308556079864502,4.877418518066406,4.913183689117432,5.338579177856445,5.175850868225098,4.5979509353637695,4.182123184204102,3.7149415016174316,3.3394691944122314,3.1536219120025635,3.0526795387268066,3.086761236190796,3.4481756687164307,3.799008846282959,3.514874219894409,2.470015525817871,1.1552112102508545,-0.06534948199987411,-0.3397500514984131,0.01995101384818554,-2.100663423538208,-6.867574691772461,-6.637701988220215,-2.964813232421875,-0.8605293035507202,-0.7141197919845581,-3.6812143325805664,-4.151811599731445,-3.7729899883270264,-3.3356752395629883,-3.0843210220336914,-2.35052490234375,-1.3342130184173584,-2.0853958129882812,-4.6474080085754395
7.188600063323975,7.547698497772217,7.424719333648682,6.934772968292236,6.326798439025879,5.818334579467773,5.727133274078369,5.8119354248046875,6.015887260437012,6.021012783050537,5.53839111328125,5.015120983123779,5.35259485244751,5.769781112670898,5.498213768005371,4.920020580291748,4.4630937576293945,4.010204792022705,3.6655361652374268,3.4613118171691895,3.3777153491973877,3.6930735111236572,4.058830738067627,3.8427164554595947,3.2353312969207764,2.3704395294189453,1.1977566480636597,0.8034274578094482,1.0424458980560303,-0.03766255080699921,-2.8066883087158203,-3.499817371368408,-1.3514961004257202,0.619295060634613,-0.4436397850513458,-3.196913480758667,-3.71821928024292,-2.7330102920532227,-2.565767526626587,-2.563718795776367,-1.4680548906326294,0.009145872667431831,1.1777111291885376,-1.47789466381073
6.589538097381592,7.202810764312744,7.4364142417907715,7.33406925201416,7.132817268371582,6.872359752655029,6.514874458312988,6.122387886047363,5.790903568267822,6.141411781311035,6.368678569793701,5.838080406188965,5.608617305755615,5.8680949211120605,5.961122035980225,5.599040508270264,5.016153812408447,4.4888811111450195,4.11928653717041,4.003398895263672,4.023217678070068,4.246381759643555,4.37603235244751,4.0731916427612305,3.635773181915283,3.3284926414489746,2.6743290424346924,2.073918581008911,1.9337849617004395,1.522512674331665,0.458504855632782,0.715528130531311,-3.818948268890381,-2.0245816707611084,-0.5469129085540771,-2.94912052154541,-2.620412826538086,-1.7466624975204468,-0.9497690200805664,-1.3642069101333618,-1.386134386062622,-0.1222926527261734,2.1177916526794434,2.3278825283050537
5.9110236167907715,6.576146125793457,7.106358051300049,7.380794048309326,7.525676250457764,7.611227512359619,7.308339595794678,6.7219061851501465,6.251226425170898,6.355016231536865,6.726539611816406,6.730287551879883,6.421992301940918,6.258910179138184,6.145753860473633,5.9445672035217285,5.585519790649414,4.9854254722595215,4.476855754852295,4.395857334136963,4.682950019836426,5.025247097015381,4.997323989868164,4.623645305633545,4.349147796630859,4.143044948577881,3.545815944671631,2.82973313331604,2.581082820892334,1.9432955980300903,0.012110382318496704,0.8856334686279297,0.28725162148475647,-0.6473334431648254,0.015663815662264824,-1.4284169673919678,-1.9396241903305054,0.12725642323493958,1.293099284172058,0.42576780915260315,0.33623531460762024,3.164297342300415,3.668164014816284,2.927584171295166
5.539453983306885,6.094245910644531,6.6594038009643555,7.150197505950928,7.550968170166016,7.884302616119385,7.914824485778809,7.5427141189575195,7.186133861541748,7.047720432281494,7.12925386428833,7.300923824310303,7.256358623504639,7.030604839324951,6.695767879486084,6.279233455657959,5.981620788574219,5.611157417297363,5.039864540100098,4.740152835845947,5.018651962280273,5.4979658126831055,5.637062072753906,5.387502670288086,5.343142986297607,5.301883220672607,4.327165603637695,2.9834489822387695,2.7538933753967285,3.640570878982544,0.1564524620771408,-1.8389536142349243,1.7210947275161743,-0.5063623785972595,-0.5616592764854431,-7.536355495452881,-3.942464590072632,-0.4956425130367279,2.4508473873138428,3.8018131256103516,6.174281120300293,6.929544448852539,6.244603157043457,4.155798435211182
5.837528705596924,6.105970859527588,6.4487714767456055,6.882231712341309,7.372458457946777,7.860918998718262,8.177868843078613,8.213667869567871,8.11573314666748,7.960928916931152,7.867672443389893,7.894484519958496,7.939386367797852,7.829493522644043,7.531498908996582,7.042266845703125,6.536128520965576,6.128990173339844,5.651938438415527,5.2404866218566895,5.26767635345459,5.666533946990967,5.976858139038086,5.94907283782959,6.13410758972168,6.474809646606445,5.424449443817139,3.2783169746398926,3.2767202854156494,3.456803560256958,0.28283482789993286,-0.21727553009986877,2.502830982208252,2.450467109680176,-3.7600457668304443,-6.433297157287598,-6.5591206550598145,-0.5604995489120483,2.8532838821411133,4.957382678985596,6.213719844818115,6.781983375549316,7.844481468200684,3.7303760051727295
6.590013027191162,6.788333415985107,6.908310413360596,6.980889797210693,7.222136974334717,7.6819844245910645,8.169053077697754,8.465548515319824,8.698704719543457,8.83616828918457,8.83804988861084,8.741536140441895,8.673603057861328,8.573951721191406,8.357468605041504,7.981152057647705,7.4395856857299805,6.853936195373535,6.282495021820068,5.769090175628662,5.5704498291015625,5.800024032592773,6.182654857635498,6.367066383361816,6.53064489364624,7.050527095794678,6.514283657073975,4.563770771026611,4.256197929382324,3.8982744216918945,1.9240977764129639,-3.198763608932495,0.9527631998062134,-5.092936992645264,-7.5827107429504395,-1.8731448650360107,-12.146340370178223,-3.1591198444366455,1.1756130456924438,2.655210494995117,5.893986701965332,5.724098205566406,6.632544040679932,1.1043248176574707
7.261838436126709,7.547170639038086,7.799204349517822,7.8476643562316895,7.7444000244140625,7.787240982055664,8.100564956665039,8.509793281555176,8.871102333068848,9.303062438964844,9.691307067871094,9.827557563781738,9.71628189086914,9.441973686218262,9.031173706054688,8.659642219543457,8.37058162689209,7.915126800537109,7.22126579284668,6.523693561553955,6.030570030212402,5.954986095428467,6.269893169403076,6.708512783050537,6.944301128387451,7.289675712585449,7.369470119476318,6.373326778411865,5.301743030548096,4.161349296569824,4.847838878631592,0.7395941019058228,4.841099262237549,2.067195177078247,-2.629704713821411,-0.8301081657409668,-7.995621204376221,-7.086694717407227,-1.3634999990463257,1.8881521224975586,5.155361175537109,6.721500873565674,5.998617649078369,1.2999554872512817
7.85711145401001,8.036685943603516,8.337316513061523,8.673687934875488,8.786299705505371,8.708161354064941,8.69515609741211,8.878061294555664,9.163130760192871,9.525383949279785,10.02979564666748,10.60057258605957,10.910089492797852,10.629180908203125,9.916983604431152,9.2897367477417,8.973912239074707,8.772042274475098,8.294219970703125,7.550816059112549,6.864717960357666,6.442348480224609,6.444202423095703,6.8729119300842285,7.443923473358154,7.8376874923706055,8.030167579650879,6.988070964813232,6.803593635559082,6.0634942054748535,6.966309547424316,6.393923759460449,4.661515712738037,6.285881996154785,1.9286460876464844,-2.3910434246063232,-6.83022403717041,-5.01772403717041,1.278242826461792,5.613803386688232,5.91103982925415,6.861069202423096,6.728335857391357,5.443165302276611
8.455321311950684,8.556608200073242,8.643646240234375,8.9367094039917,9.336491584777832,9.62258243560791,9.778780937194824,9.920772552490234,10.058491706848145,10.189363479614258,10.370624542236328,10.796579360961914,11.379043579101562,11.667491912841797,11.168222427368164,10.184027671813965,9.535698890686035,9.242043495178223,8.997870445251465,8.559632301330566,7.9178853034973145,7.301015377044678,7.0052714347839355,7.1762919425964355,7.800065517425537,8.462151527404785,8.737859725952148,7.293559551239014,7.419879913330078,7.259393215179443,7.567178249359131,9.90487289428711,9.332440376281738,5.713069438934326,1.9894497394561768,-0.5066643357276917,-0.6118140816688538,-4.792219161987305,4.3110575675964355,7.953123569488525,7.269909858703613,7.6662397384643555,7.744572162628174,7.992757797241211
8.858455657958984,9.17526626586914,9.209474563598633,9.224493980407715,9.452703475952148,9.871307373046875,10.31743335723877,10.759622573852539,11.176580429077148,11.392045021057129,11.361640930175781,11.276991844177246,11.494430541992188,11.779083251953125,11.883316040039062,11.818572044372559,11.234039306640625,10.668399810791016,10.10071086883545,9.401690483093262,8.818241119384766,8.257550239562988,7.77982759475708,7.745422840118408,8.152092933654785,8.865216255187988,9.269186973571777,8.35202693939209,7.617476463317871,7.8722429275512695,8.637993812561035,10.840694427490234,11.478748321533203,6.128085136413574,3.5777029991149902,2.3457369804382324,4.68088960647583,-3.0224990844726562,6.452088832855225,8.917343139648438,9.122139930725098,9.633169174194336,9.474827766418457,9.53548812866211
8.788792610168457,9.471146583557129,9.851758003234863,9.89572811126709,9.871331214904785,10.014510154724121,10.35505199432373,10.831575393676758,11.446823120117188,12.084617614746094,12.443668365478516,12.386974334716797,12.110428810119629,11.883720397949219,12.444717407226562,12.885214805603027,12.379294395446777,11.224669456481934,10.523358345031738,10.236504554748535,9.803686141967773,9.366562843322754,8.894762992858887,8.563375473022461,8.593523979187012,9.059001922607422,9.714157104492188,9.94119930267334,8.63870906829834,8.330074310302734,9.462599754333496,11.649199485778809,10.844320297241211,7.192332744598389,5.608579635620117,7.757443428039551,6.470168113708496,-2.5746359825134277,6.665709495544434,10.529582977294922,11.214396476745605,11.572203636169434,11.473372459411621,11.550987243652344
8.480374336242676,9.245298385620117,9.937005043029785,10.35397720336914,10.492998123168945,10.545856475830078,10.65975570678711,10.865086555480957,11.249387741088867,11.900589942932129,12.661221504211426,13.151881217956543,13.115717887878418,13.087545394897461,13.294918060302734,13.070382118225098,12.989497184753418,12.805229187011719,11.910562515258789,10.874597549438477,10.310294151306152,9.969992637634277,9.715461730957031,9.640390396118164,9.506224632263184,9.579818725585938,10.123015403747559,10.754432678222656,9.881750106811523,8.726492881774902,10.497478485107422,11.990089416503906,10.668390274047852,7.343804836273193,5.69778299331665,8.853693962097168,10.046133995056152,5.4034342765808105,6.569624900817871,12.438211441040039,13.314159393310547,13.512669563293457,13.560550689697266,13.238141059875488
