data/wind_data/wind_26_2.json
{"header": {"parameterUnit": "KT", "parameterCategory": 2, "nx": 256, "ny": 198, "lo1": 44.73521041870117, "la1": -3.236724853515625, "lo2": 111.26478576660156, "la2": 43.468475341796875, "dx": 0.2609002888202667, "dy": -0.23708222806453705, "refTime": "2025-02-20 02:00:00", "forecastTime": 0, "parameterNumber": 2, "parameterNumberName": "eastward_wind"}, "data":
[rows 133 to 151 of 198, columns 172 to 214 of 256]
18.559574127197266,20.609527587890625,24.09794807434082,25.51597023010254,26.431055068969727,27.89603042602539,21.157752990722656,11.459976196289062,11.86477279663086,14.807612419128418,13.415711402893066,9.635788917541504,7.733100414276123,5.317568778991699,2.5592610836029053,3.636840581893921,4.544070720672607,5.058389186859131,2.6182339191436768,1.0468158721923828,4.095513820648193,0.17286892235279083,-0.92381751537323,0.9632329344749451,1.3285073041915894,2.355983018875122,4.2934675216674805,5.600494861602783,3.9132230281829834,4.74308443069458,6.1832098960876465,8.068758010864258,8.10632610321045,6.533924579620361,5.650519371032715,5.306187152862549,5.074295997619629,4.6462554931640625,9.620894432067871,13.141179084777832,12.765166282653809,13.674758911132812,9.824068069458008
18.821910858154297,18.10332489013672,21.67711067199707,23.979541778564453,25.748544692993164,27.40373420715332,22.636905670166016,16.330785751342773,12.622893333435059,10.726694107055664,11.953581809997559,8.518003463745117,7.835330963134766,6.721985816955566,6.6356096267700195,5.81764030456543,6.650403022766113,5.096889019012451,-1.3355084657669067,-4.4810028076171875,-4.441824913024902,-1.4699381589889526,3.1674253940582275,5.964909076690674,6.110957145690918,4.199018955230713,3.3408493995666504,5.760695934295654,9.813556671142578,5.146682262420654,3.830918312072754,6.199049949645996,7.448054313659668,6.681103706359863,7.402576923370361,6.658803462982178,6.526645183563232,6.951445579528809,12.01921558380127,15.470788955688477,14.832018852233887,13.929987907409668,12.72277545928955
17.356964111328125,14.94741439819336,18.47754669189453,22.586284637451172,20.42571449279785,33.369625091552734,25.753820419311523,15.480262756347656,12.709844589233398,10.850122451782227,9.382013320922852,7.001016616821289,7.698441028594971,7.19484806060791,8.151930809020996,6.541835784912109,7.9460272789001465,10.643990516662598,9.603864669799805,7.810863018035889,8.334541320800781,11.410053253173828,9.43649959564209,6.048219680786133,3.6597392559051514,3.607117176055908,3.493075132369995,5.366522312164307,7.987157344818115,7.433874607086182,7.372626781463623,8.544890403747559,9.541106224060059,8.756999969482422,9.086065292358398,5.693192005157471,8.654914855957031,11.002955436706543,15.948478698730469,18.222278594970703,15.98902702331543,13.843292236328125,16.434165954589844
13.411707878112793,11.542356491088867,16.12310028076172,16.541105270385742,25.238431930541992,10.319482803344727,12.121929168701172,11.675172805786133,9.060827255249023,6.553619861602783,5.101889610290527,5.79173469543457,7.604976654052734,8.979172706604004,10.383328437805176,11.358663558959961,12.786221504211426,16.001598358154297,20.275943756103516,15.045184135437012,7.424445629119873,5.297155857086182,0.7689397931098938,1.2118000984191895,4.683680057525635,5.58735990524292,5.159092903137207,5.253376007080078,5.242452144622803,7.834426403045654,8.754057884216309,10.991850852966309,11.750457763671875,10.802227973937988,10.829733848571777,9.01453685760498,9.812041282653809,14.370991706848145,18.312427520751953,19.84780502319336,17.968894958496094,16.810222625732422,20.858200073242188
14.953919410705566,14.01071834564209,13.09803581237793,14.51395034790039,15.458608627319336,16.73950958251953,12.071256637573242,11.564912796020508,10.101383209228516,9.334088325500488,9.172389030456543,10.083897590637207,12.492176055908203,15.655954360961914,17.725666046142578,18.369665145874023,17.645673751831055,20.3006534576416,12.000898361206055,3.7607367038726807,2.6527817249298096,3.5865414142608643,2.496342420578003,3.8848578929901123,5.75731897354126,6.35593318939209,6.539439678192139,4.808069229125977,6.496654987335205,9.003938674926758,8.915322303771973,11.940142631530762,13.36054801940918,13.60218620300293,14.523388862609863,14.604031562805176,14.883570671081543,16.757251739501953,18.174514770507812,20.670486450195312,20.71307945251465,20.377227783203125,22.66584014892578
15.136990547180176,15.135061264038086,17.02111053466797,19.05451202392578,20.701278686523438,21.143064498901367,16.735532760620117,13.91071891784668,14.58419418334961,14.660962104797363,14.32570743560791,15.673810005187988,18.85646629333496,21.19740104675293,20.45191192626953,19.59468650817871,18.656742095947266,9.80664348602295,4.181695461273193,2.077113389968872,2.70646333694458,2.9879965782165527,3.371659994125366,4.435573577880859,6.514293670654297,7.718708038330078,7.227170467376709,6.05477237701416,4.844094276428223,5.601827144622803,10.312053680419922,13.125275611877441,14.872932434082031,17.378170013427734,18.103113174438477,18.220863342285156,18.371807098388672,18.480186462402344,19.267776489257812,23.270620346069336,24.55799102783203,24.489822387695312,23.136884689331055
13.735235214233398,14.89271354675293,17.085710525512695,19.685211181640625,21.6353702545166,23.860523223876953,22.778186798095703,16.884014129638672,14.496170043945312,14.671865463256836,16.726184844970703,20.42409896850586,21.695077896118164,20.10722541809082,19.336349487304688,18.276718139648438,9.862442970275879,3.5273685455322266,2.9738450050354004,3.2114596366882324,3.809530019760132,3.7106857299804688,4.787345886230469,6.04317045211792,7.597905158996582,7.073962688446045,5.192843437194824,3.0895726680755615,1.1305742263793945,4.083003044128418,10.144305229187012,13.981555938720703,16.471248626708984,19.295944213867188,20.60638427734375,20.724767684936523,22.056894302368164,22.422931671142578,23.180768966674805,25.3927059173584,26.301454544067383,25.31070327758789,23.174495697021484
13.282630920410156,13.098464965820312,13.721684455871582,15.542043685913086,17.059690475463867,21.058805465698242,24.714397430419922,20.15763282775879,14.358527183532715,14.23006534576416,17.361974716186523,20.082860946655273,19.41798210144043,18.240747451782227,17.12755584716797,11.997896194458008,4.537293910980225,3.6253585815429688,3.722975969314575,3.8892390727996826,4.55807638168335,5.934445858001709,8.072516441345215,9.053581237792969,11.027260780334473,8.402591705322266,5.130255222320557,4.5163140296936035,5.199620246887207,8.044113159179688,11.26141357421875,13.41853141784668,16.813518524169922,20.62410545349121,22.662952423095703,24.866792678833008,26.437992095947266,26.183012008666992,25.224647521972656,24.755023956298828,24.911022186279297,25.145606994628906,24.680809020996094
12.660943031311035,12.744626998901367,13.6112060546875,15.0220308303833,14.974957466125488,18.12668800354004,22.681245803833008,21.850391387939453,20.314163208007812,21.046144485473633,20.12738800048828,19.544565200805664,15.577881813049316,12.45602798461914,10.795960426330566,3.6902740001678467,0.5593572854995728,2.8831841945648193,5.165355682373047,6.79380989074707,8.424355506896973,10.217744827270508,11.631707191467285,12.628914833068848,11.207695960998535,8.12147331237793,5.7802510261535645,6.339524745941162,7.984112739562988,10.961844444274902,12.139259338378906,13.47143268585205,17.369056701660156,21.29603385925293,23.953584671020508,27.087919235229492,29.156394958496094,28.190004348754883,26.735546112060547,26.492353439331055,26.555652618408203,26.975784301757812,28.611873626708984
13.490260124206543,14.756916046142578,16.471492767333984,16.783498764038086,17.038557052612305,19.088415145874023,23.05657196044922,22.55351448059082,19.446264266967773,19.1568660736084,17.795621871948242,14.74604606628418,8.803384780883789,3.756878614425659,0.8386996388435364,-2.6090471744537354,0.18473830819129944,4.6024556159973145,7.567198276519775,9.471882820129395,11.054615020751953,12.426618576049805,12.145052909851074,11.999590873718262,11.058319091796875,10.758652687072754,9.318552017211914,8.654847145080566,10.07667350769043,13.03760814666748,13.873019218444824,15.377131462097168,18.283729553222656,21.198240280151367,24.11549949645996,27.177261352539062,28.319047927856445,27.02472496032715,27.547958374023438,29.448108673095703,29.63100814819336,29.322383880615234,32.4737548828125
16.536598205566406,17.136133193969727,17.602834701538086,17.882904052734375,18.098983764648438,19.1120662689209,21.104354858398438,21.34404182434082,15.794458389282227,13.517708778381348,13.765814781188965,11.151451110839844,6.819911479949951,3.3078131675720215,-0.3111729621887207,-0.032065875828266144,4.5068359375,8.08495807647705,9.291184425354004,9.778570175170898,11.140596389770508,10.734551429748535,9.055269241333008,10.340420722961426,10.804405212402344,11.356629371643066,11.936103820800781,11.669088363647461,12.957898139953613,15.113369941711426,15.44054126739502,15.916587829589844,18.20273780822754,21.0335750579834,23.327682495117188,25.213306427001953,25.78860855102539,27.013124465942383,29.513639450073242,31.68256378173828,32.453041076660156,34.65764236450195,37.21859359741211
19.452150344848633,19.213953018188477,18.122657775878906,17.32230567932129,17.950469970703125,17.627548217773438,17.600942611694336,18.742992401123047,16.32505989074707,13.716444969177246,13.153244018554688,11.583770751953125,10.305882453918457,9.200897216796875,8.664351463317871,8.550393104553223,7.280600070953369,7.772883415222168,8.540489196777344,9.332005500793457,9.547670364379883,7.589001655578613,8.257593154907227,10.048664093017578,11.747086524963379,13.020955085754395,12.287958145141602,11.947409629821777,12.825106620788574,14.575228691101074,14.59466552734375,15.140259742736816,17.704483032226562,20.199533462524414,20.932811737060547,22.970096588134766,25.937631607055664,28.5827579498291,31.30146026611328,33.19013977050781,34.84413146972656,37.183929443359375,38.062828063964844
21.05711555480957,20.695520401000977,19.988798141479492,18.78762435913086,17.920122146606445,16.787609100341797,13.822487831115723,14.87707233428955,16.926349639892578,16.881671905517578,16.359506607055664,16.552715301513672,16.9267520904541,17.241979598999023,14.151941299438477,7.2513322830200195,4.754778861999512,5.852519512176514,7.813965320587158,8.566862106323242,6.439939975738525,7.362468719482422,9.632030487060547,10.681198120117188,11.417835235595703,11.253807067871094,10.281275749206543,11.939574241638184,13.254623413085938,15.002676963806152,17.035993576049805,18.309412002563477,18.572601318359375,19.310470581054688,19.92998504638672,22.717653274536133,27.052644729614258,29.966318130493164,32.04167175292969,33.390010833740234,34.704097747802734,36.22428894042969,35.44047164916992
20.243270874023438,21.430578231811523,22.152637481689453,20.731082916259766,18.084692001342773,16.772626876831055,15.11454963684082,13.552597999572754,15.558916091918945,17.54714584350586,18.30418586730957,19.24676513671875,20.855731964111328,16.23487663269043,8.190101623535156,4.693243980407715,5.26963996887207,7.08347749710083,7.129371166229248,5.290811061859131,6.475903511047363,8.555448532104492,10.054442405700684,11.062103271484375,11.659278869628906,9.830648422241211,10.342769622802734,14.16112232208252,14.525185585021973,16.233274459838867,18.32249641418457,18.681419372558594,17.803443908691406,18.47113800048828,21.739513397216797,25.326574325561523,28.68170166015625,30.862504959106445,31.513212203979492,31.770822525024414,33.0710334777832,35.07538604736328,34.04505157470703
17.986181259155273,19.639188766479492,20.734399795532227,20.1679630279541,19.038549423217773,19.2558650970459,19.419925689697266,17.263338088989258,16.831819534301758,18.623384475708008,20.198514938354492,20.72712516784668,14.417901992797852,6.810023784637451,5.224401950836182,6.512161731719971,7.684837341308594,5.878249168395996,4.7399444580078125,6.423891544342041,7.516433238983154,8.665237426757812,10.343528747558594,11.515588760375977,10.883654594421387,11.531428337097168,13.801193237304688,15.83193302154541,17.792707443237305,19.948467254638672,21.22967529296875,21.460853576660156,21.057785034179688,21.17206573486328,23.17110252380371,26.6458683013916,29.454254150390625,30.530445098876953,30.38775634765625,30.392759323120117,31.49472999572754,34.74938201904297,33.0339469909668
17.60434913635254,17.550363540649414,17.132320404052734,17.808815002441406,19.390026092529297,21.886184692382812,22.873849868774414,21.536151885986328,21.464574813842773,20.324344635009766,17.57185935974121,11.289539337158203,4.737656593322754,3.4368906021118164,5.388998985290527,6.815967559814453,6.00624942779541,5.448102951049805,6.565615653991699,7.427047252655029,9.03063678741455,10.143891334533691,11.430461883544922,11.720260620117188,10.947491645812988,12.51711654663086,15.168439865112305,18.057920455932617,20.228057861328125,21.496511459350586,23.101682662963867,24.312641143798828,24.70901870727539,24.238561630249023,25.066171646118164,27.604528427124023,29.69637680053711,30.4671573638916,30.445837020874023,31.08443260192871,31.640289306640625,33.6677360534668,33.21630096435547
20.279434204101562,16.923065185546875,15.894460678100586,16.66650390625,19.144359588623047,22.99325942993164,23.975431442260742,26.125308990478516,19.70458984375,11.037303924560547,4.6857380867004395,1.656982421875,2.885593891143799,5.55834436416626,9.787208557128906,6.077242851257324,5.291780948638916,7.351559162139893,9.544299125671387,10.688140869140625,11.729022979736328,12.259702682495117,13.000079154968262,11.900897026062012,12.025897026062012,14.974078178405762,18.216716766357422,20.651653289794922,22.257055282592773,23.319791793823242,23.678848266601562,24.463233947753906,26.51152229309082,27.533267974853516,27.638591766357422,28.10337257385254,28.77864646911621,30.13360595703125,31.62537384033203,32.121700286865234,31.673168182373047,33.49236297607422,31.089717864990234
24.380691528320312,18.7728328704834,17.466217041015625,19.016029357910156,21.19797706604004,22.595298767089844,23.767536163330078,22.423032760620117,11.33373737335205,3.453157424926758,1.892154335975647,3.7047641277313232,5.865048885345459,9.211761474609375,9.868844032287598,8.110421180725098,8.307825088500977,9.701147079467773,11.451131820678711,13.05812931060791,13.763773918151855,14.498403549194336,14.647215843200684,13.904366493225098,15.490279197692871,18.169761657714844,20.534229278564453,22.598735809326172,24.35358238220215,25.4298152923584,25.426769256591797,26.4466609954834,27.205852508544922,28.879255294799805,29.0711727142334,28.05659294128418,28.02020263671875,29.028215408325195,30.83583641052246,30.548768997192383,31.281002044677734,33.06420135498047,26.258132934570312
25.223800659179688,21.695655822753906,21.642763137817383,24.776691436767578,27.26866912841797,23.94455909729004,18.73849105834961,14.780633926391602,9.854206085205078,7.156407833099365,6.736608028411865,7.879751682281494,8.920716285705566,10.10725212097168,10.429335594177246,9.886695861816406,9.392854690551758,10.565958976745605,13.03065299987793,15.13042163848877,16.310407638549805,17.08327293395996,16.213834762573242,16.493213653564453,18.73070526123047,20.870033264160156,22.96307945251465,24.898487091064453,25.81053924560547,25.78207015991211,26.156103134155273,28.028518676757812,29.626794815063477,29.912458419799805,29.311786651611328,28.660295486450195,28.937950134277344,28.13783836364746,28.906946182250977,31.311697006225586,34.926490783691406,33.9619026184082,22.823753356933594
