data/wind_data/wind_24_1.json
{"header": {"parameterUnit": "KT", "parameterCategory": 2, "nx": 256, "ny": 198, "lo1": 44.73521041870117, "la1": -3.236724853515625, "lo2": 111.26478576660156, "la2": 43.468475341796875, "dx": 0.2609002888202667, "dy": -0.23708222806453705, "refTime": "2025-02-20 00:00:00", "forecastTime": 0, "parameterNumber": 2, "parameterNumberName": "eastward_wind"}, "data":
[rows 57 to 75 of 198, columns 43 to 85 of 256]
-10.22941780090332,-9.596534729003906,-9.865970611572266,-10.440313339233398,-11.002595901489258,-11.756241798400879,-11.22750186920166,-10.90084457397461,-11.192634582519531,-10.723978042602539,-10.743340492248535,-10.753719329833984,-10.544930458068848,-9.489663124084473,-8.75632381439209,-9.03309154510498,-9.6978178024292,-9.973787307739258,-9.780094146728516,-9.384644508361816,-8.426689147949219,-8.678363800048828,-8.24915599822998,-8.432358741760254,-8.371500015258789,-7.224756717681885,-8.037172317504883,-8.444158554077148,-7.3284525871276855,-7.050442695617676,-7.074213027954102,-5.878580570220947,-4.71022367477417,-4.380749225616455,-6.051621913909912,-5.299437999725342,-5.478972434997559,-3.526024103164673,-1.2617725133895874,-3.7147326469421387,-5.56629753112793,-3.266798734664917,0.23535016179084778
-10.666537284851074,-10.096149444580078,-10.635308265686035,-10.88217830657959,-11.278648376464844,-11.027536392211914,-9.936772346496582,-10.513872146606445,-10.591509819030762,-10.084389686584473,-10.557884216308594,-9.839815139770508,-9.920607566833496,-9.130694389343262,-8.180180549621582,-8.153793334960938,-9.075188636779785,-9.050856590270996,-9.102607727050781,-9.138896942138672,-8.978569984436035,-8.867095947265625,-8.687365531921387,-8.503618240356445,-8.179780960083008,-7.916755199432373,-7.57414436340332,-7.857590675354004,-7.5741119384765625,-7.266167640686035,-6.970541954040527,-6.197793006896973,-5.306687831878662,-5.719691753387451,-6.490480899810791,-5.580454349517822,-4.95447301864624,-4.231544017791748,-3.1687958240509033,-4.339535713195801,-4.3225417137146,-2.363158702850342,-2.663473606109619
-9.777575492858887,-10.521641731262207,-10.275533676147461,-10.467608451843262,-11.119925498962402,-10.627886772155762,-9.81586742401123,-9.264445304870605,-9.229666709899902,-9.147665023803711,-9.17052173614502,-8.93718433380127,-8.828499794006348,-9.024331092834473,-8.119598388671875,-8.082066535949707,-8.030046463012695,-8.663199424743652,-8.969232559204102,-8.783045768737793,-8.864420890808105,-8.418087005615234,-8.143085479736328,-8.349339485168457,-8.274931907653809,-7.799830913543701,-6.827076435089111,-6.928962230682373,-7.494097709655762,-7.250593662261963,-6.953106880187988,-5.415609836578369,-6.229524612426758,-6.141330242156982,-5.21776819229126,-5.768259048461914,-4.9004902839660645,-5.146594524383545,-5.317213535308838,-4.111082553863525,-2.2852792739868164,-1.7588790655136108,-4.584026336669922
-9.395861625671387,-10.541893005371094,-10.152924537658691,-10.222402572631836,-10.328991889953613,-9.923209190368652,-9.753680229187012,-9.134743690490723,-9.476198196411133,-9.314987182617188,-8.631176948547363,-8.01753044128418,-8.433636665344238,-8.552783012390137,-8.469959259033203,-6.956789016723633,-6.954586982727051,-7.850470066070557,-7.411688804626465,-7.736273288726807,-8.115482330322266,-7.879003524780273,-7.7797675132751465,-7.81205415725708,-7.5512800216674805,-6.514371871948242,-6.5623931884765625,-6.135772228240967,-6.759898662567139,-6.223903656005859,-6.307563781738281,-4.969993591308594,-6.750027179718018,-5.33619499206543,-4.692799091339111,-4.696204662322998,-5.333538055419922,-4.494907379150391,-5.768533706665039,-4.7708353996276855,-3.517582893371582,-3.60025691986084,-3.591698169708252
-9.087569236755371,-10.311511993408203,-9.596064567565918,-9.089999198913574,-8.761401176452637,-8.698958396911621,-9.061297416687012,-8.657320976257324,-8.623826026916504,-8.592161178588867,-8.826656341552734,-8.625755310058594,-8.896642684936523,-8.798665046691895,-8.814191818237305,-8.338532447814941,-8.068227767944336,-7.548759937286377,-6.141533851623535,-7.249855041503906,-6.7820329666137695,-5.635341167449951,-6.417774200439453,-6.353613376617432,-6.578519821166992,-5.798886299133301,-6.186554431915283,-6.481085300445557,-5.20858097076416,-4.0483174324035645,-6.026926040649414,-5.045421123504639,-6.069879531860352,-5.032033443450928,-3.4109485149383545,-2.9030091762542725,-6.064696311950684,-4.8789472579956055,-4.3515305519104,-5.8075971603393555,-4.073613166809082,-4.365220546722412,-4.055112361907959
-9.063196182250977,-10.190369606018066,-9.697693824768066,-10.01292610168457,-9.65217113494873,-9.21888542175293,-8.784025192260742,-8.962342262268066,-9.253669738769531,-8.909440994262695,-8.828324317932129,-8.622995376586914,-8.541220664978027,-8.518213272094727,-8.170413970947266,-7.849576473236084,-7.417907238006592,-6.770748615264893,-6.877771377563477,-7.207442283630371,-7.0254926681518555,-7.065848350524902,-6.4709014892578125,-5.921438694000244,-6.048426628112793,-4.925332069396973,-5.4262375831604,-5.383173942565918,-5.127364158630371,-4.3143157958984375,-5.01719856262207,-3.1391851902008057,-4.870783805847168,-5.36492395401001,-3.9515130519866943,-3.4664433002471924,-5.305952072143555,-4.300870895385742,-3.4567861557006836,-5.13328742980957,-3.374821424484253,-2.7987096309661865,-3.5470879077911377
-9.094621658325195,-9.640573501586914,-9.841004371643066,-9.748357772827148,-9.469482421875,-9.138401985168457,-9.07143783569336,-8.899843215942383,-8.6652193069458,-8.514921188354492,-8.312396049499512,-8.19614028930664,-8.195345878601074,-8.25862979888916,-8.13236141204834,-7.761037826538086,-6.736298561096191,-5.606736183166504,-5.773495674133301,-5.613293647766113,-5.219630241394043,-5.479207992553711,-5.896885395050049,-6.244144439697266,-7.54521369934082,-5.851311683654785,-5.625059127807617,-4.813554763793945,-6.105280876159668,-7.230400562286377,-3.1018412113189697,-4.315616130828857,-5.353847980499268,-5.850476264953613,-3.866079092025757,-3.836909294128418,-4.470101833343506,-4.451618671417236,-4.59899377822876,-4.633216857910156,-4.297110080718994,-3.321499824523926,-3.723254680633545
-8.290081977844238,-9.145074844360352,-9.281085014343262,-9.399239540100098,-9.329314231872559,-8.72335433959961,-8.874238014221191,-8.779773712158203,-8.699893951416016,-8.550614356994629,-8.334073066711426,-8.122495651245117,-7.864607334136963,-7.6805219650268555,-7.570233345031738,-7.384090900421143,-6.752359867095947,-5.9976887702941895,-6.015450954437256,-5.396379470825195,-5.197749614715576,-5.2648539543151855,-6.033043384552002,-5.241056442260742,-5.157645225524902,-5.205294132232666,-5.57205867767334,-6.245515823364258,-5.512612819671631,-5.132811069488525,-5.766697406768799,-5.426447868347168,-5.899834632873535,-4.8764424324035645,-4.601830005645752,-5.169509410858154,-4.210065841674805,-5.108928203582764,-4.134742259979248,-4.216211795806885,-4.007118225097656,-4.769946098327637,-3.600492477416992
-6.829665660858154,-8.298035621643066,-8.81152057647705,-8.640982627868652,-8.811614990234375,-8.62244701385498,-8.51515007019043,-8.487420082092285,-8.408377647399902,-8.35537338256836,-8.159406661987305,-7.895905494689941,-7.640088081359863,-7.416771411895752,-7.220448017120361,-7.086884021759033,-6.980712413787842,-6.245574951171875,-5.436945915222168,-5.172770977020264,-5.2112812995910645,-5.3582963943481445,-5.24934720993042,-4.980172634124756,-4.948664665222168,-5.061830043792725,-5.453527450561523,-4.882349014282227,-5.406986713409424,-5.179049968719482,-4.958892822265625,-4.628729343414307,-4.8393940925598145,-5.106154441833496,-5.2737016677856445,-4.981602191925049,-5.022418975830078,-4.744854927062988,-4.089936256408691,-3.6483371257781982,-3.4654312133789062,-3.4925930500030518,-3.121335744857788
-6.592926502227783,-6.717703342437744,-8.081053733825684,-7.499711513519287,-8.474211692810059,-8.078999519348145,-8.104308128356934,-8.028379440307617,-7.950694561004639,-7.984709739685059,-7.961792945861816,-7.771076679229736,-7.495778560638428,-7.2510881423950195,-7.06473970413208,-6.9226393699646,-6.760767459869385,-6.497550964355469,-5.42642068862915,-5.158905982971191,-5.165123462677002,-5.210438251495361,-5.229755401611328,-5.115429401397705,-5.0065202713012695,-4.812451362609863,-4.597362518310547,-4.97115421295166,-5.141505718231201,-5.115336894989014,-5.1024088859558105,-4.779526233673096,-4.7408552169799805,-5.0938310623168945,-4.755529880523682,-4.9247236251831055,-4.884552955627441,-4.107479095458984,-4.481010437011719,-3.8663852214813232,-3.9277632236480713,-3.882462501525879,-3.0156145095825195
-6.923295974731445,-7.0576677322387695,-6.470803260803223,-7.021827220916748,-7.208858013153076,-7.665369987487793,-7.369603633880615,-7.392475605010986,-7.6574177742004395,-7.4259033203125,-7.556576728820801,-7.562398433685303,-7.366108417510986,-7.204682350158691,-7.059719562530518,-6.7826080322265625,-6.5174479484558105,-6.308176040649414,-5.569365978240967,-4.983879566192627,-5.2661051750183105,-5.349550247192383,-5.497492790222168,-5.432234287261963,-5.194079875946045,-5.169048309326172,-5.10376501083374,-5.067871570587158,-5.030529022216797,-4.6608500480651855,-4.564834117889404,-4.710707664489746,-4.858321666717529,-4.929896831512451,-4.5362982749938965,-4.520243167877197,-4.1966233253479,-3.5182390213012695,-4.230456352233887,-3.7973690032958984,-3.9600844383239746,-4.170485019683838,-3.031496524810791
-6.293241024017334,-6.498313903808594,-6.908926963806152,-6.7675347328186035,-6.709285259246826,-6.451823711395264,-6.651289463043213,-6.56489372253418,-7.412363052368164,-6.974289894104004,-7.235939025878906,-7.265779972076416,-7.252114295959473,-7.107377529144287,-6.956131935119629,-6.607770919799805,-6.151144027709961,-5.99338960647583,-5.512201309204102,-5.176895618438721,-5.137669563293457,-5.384191036224365,-5.590299129486084,-5.609940052032471,-5.666380405426025,-5.380060195922852,-5.337179183959961,-5.513824939727783,-5.49247932434082,-5.156081199645996,-4.8598103523254395,-4.4603071212768555,-4.216612815856934,-4.150038719177246,-4.476422309875488,-4.025398254394531,-3.512211561203003,-3.800374984741211,-3.9680118560791016,-3.5033557415008545,-3.3429882526397705,-2.919434070587158,-2.7149250507354736
-5.768462657928467,-5.992430686950684,-6.213278770446777,-6.2605671882629395,-6.2678375244140625,-6.239720344543457,-6.443464279174805,-6.358218193054199,-6.24770450592041,-6.556797027587891,-7.022186279296875,-6.952507972717285,-6.992784023284912,-6.978549003601074,-6.783397197723389,-6.304190635681152,-5.749792098999023,-5.385873317718506,-5.25615930557251,-5.673484802246094,-5.092961311340332,-5.507412910461426,-5.845134735107422,-6.0513834953308105,-6.1624860763549805,-5.566323280334473,-5.59529447555542,-5.737549304962158,-5.84920597076416,-5.582067489624023,-5.213078498840332,-4.783091068267822,-4.698479652404785,-3.8905558586120605,-3.226531744003296,-2.6948201656341553,-2.976727247238159,-3.637467384338379,-3.071664810180664,-3.062321662902832,-2.8819825649261475,-2.7114880084991455,-2.419543981552124
-5.2773871421813965,-5.431815147399902,-5.551304817199707,-5.712469577789307,-5.759517192840576,-5.7437920570373535,-5.820477485656738,-6.027310848236084,-6.287174224853516,-6.370472431182861,-6.198507308959961,-6.4730916023254395,-6.3693084716796875,-6.605330467224121,-6.239698886871338,-5.667810916900635,-5.584652900695801,-4.981983184814453,-4.859192848205566,-4.915899276733398,-5.272826194763184,-5.721634864807129,-6.274698257446289,-6.843432426452637,-6.5384345054626465,-6.0961995124816895,-6.102875709533691,-5.8160481452941895,-5.974012851715088,-5.7239089012146,-5.309948444366455,-4.958827972412109,-4.499489784240723,-3.6129260063171387,-3.943721055984497,-2.410062551498413,-3.3025097846984863,-2.67728590965271,-2.960602283477783,-2.8044850826263428,-2.8934686183929443,-2.667118787765503,-2.434717893600464
-4.74295711517334,-4.929584503173828,-4.989434242248535,-5.0124711990356445,-5.136257171630859,-5.177539825439453,-5.4131669998168945,-5.669571876525879,-5.934167385101318,-6.093235015869141,-6.240956783294678,-6.4172234535217285,-6.074640274047852,-6.006213188171387,-5.574711322784424,-4.585781574249268,-5.21127462387085,-4.641664505004883,-4.668698310852051,-4.7518391609191895,-5.098982334136963,-5.535819053649902,-5.62890100479126,-6.00311803817749,-6.534206867218018,-6.9569268226623535,-6.342657089233398,-6.120689392089844,-6.196895599365234,-5.792718887329102,-5.051229476928711,-5.284341812133789,-4.182552814483643,-3.3640196323394775,-3.4813754558563232,-2.824807643890381,-2.639444351196289,-2.670611619949341,-2.8502910137176514,-2.829220771789551,-3.0501654148101807,-2.7845370769500732,-2.67093563079834
-4.3135666847229,-4.488623142242432,-4.467370986938477,-4.395755767822266,-4.566487789154053,-4.717780113220215,-4.923417091369629,-5.157241344451904,-5.423904895782471,-5.564940929412842,-5.6833271980285645,-5.691397666931152,-5.58628511428833,-5.370146751403809,-5.172362327575684,-5.15762186050415,-4.361316680908203,-4.582343101501465,-4.490847587585449,-4.741194248199463,-4.860451698303223,-5.239944934844971,-5.714677333831787,-6.006991386413574,-6.069000244140625,-6.173371315002441,-6.516176700592041,-6.674778938293457,-6.4032979011535645,-5.842445373535156,-4.627983570098877,-5.217953681945801,-4.107790946960449,-3.6142914295196533,-2.7702078819274902,-2.498061180114746,-2.3893890380859375,-2.6707844734191895,-2.8891329765319824,-2.925872564315796,-3.0337514877319336,-2.957509994506836,-2.7234387397766113
-3.1586403846740723,-3.5391335487365723,-3.8642890453338623,-4.087965965270996,-4.180234432220459,-4.273626327514648,-4.506313323974609,-4.672905445098877,-4.8188042640686035,-4.877429485321045,-4.991736888885498,-4.942113876342773,-4.817885398864746,-4.744384288787842,-4.664481163024902,-4.456153392791748,-4.432730674743652,-4.417816162109375,-4.474043369293213,-4.6217217445373535,-4.737140655517578,-5.031032085418701,-5.364249229431152,-5.727231502532959,-6.126526832580566,-6.332714557647705,-6.090362071990967,-5.840185642242432,-5.57973051071167,-5.284648895263672,-5.098185062408447,-4.256230354309082,-3.940027952194214,-3.272829294204712,-2.9945147037506104,-2.6255106925964355,-2.6461105346679688,-2.633370876312256,-2.966759204864502,-2.8825039863586426,-3.0204014778137207,-3.001323699951172,-2.7290356159210205
-2.2957112789154053,-2.6119184494018555,-2.979027032852173,-3.169550657272339,-3.5096237659454346,-3.6702046394348145,-3.94051456451416,-4.129116535186768,-4.364998817443848,-4.358810901641846,-4.271325588226318,-4.137899398803711,-4.025960922241211,-4.093576908111572,-4.158565998077393,-4.077301025390625,-4.226617336273193,-4.320504665374756,-4.412379741668701,-4.488241672515869,-4.599961280822754,-4.862247943878174,-5.220235824584961,-5.695462226867676,-6.02764368057251,-6.139388561248779,-5.955194473266602,-5.549963474273682,-5.030306816101074,-4.690415382385254,-4.49268102645874,-4.099613189697266,-3.6384150981903076,-3.3367514610290527,-3.045510768890381,-2.926593065261841,-2.9488658905029297,-3.009852170944214,-3.0978357791900635,-3.093592405319214,-3.107187032699585,-3.082324743270874,-2.7690908908843994
-1.2571550607681274,-1.589721441268921,-2.0032970905303955,-2.2500805854797363,-2.671048164367676,-3.035682201385498,-3.3983259201049805,-3.5966570377349854,-3.768976926803589,-3.725626230239868,-3.575716018676758,-3.377195119857788,-3.3321731090545654,-3.4697067737579346,-3.778651714324951,-3.809089183807373,-3.9765262603759766,-4.054041385650635,-4.338347911834717,-4.526231288909912,-4.657085418701172,-4.80271577835083,-5.061944484710693,-5.480417728424072,-5.779483795166016,-5.8612060546875,-5.586887359619141,-5.083049774169922,-4.677280902862549,-4.220993518829346,-3.9166259765625,-3.6797685623168945,-3.4668989181518555,-3.2322332859039307,-3.228182554244995,-3.3188493251800537,-3.4643194675445557,-3.4890971183776855,-3.5853333473205566,-3.508589029312134,-3.3260934352874756,-3.1945483684539795,-2.7540640830993652
