data/wind_data/wind_21_2.json
{"header": {"parameterUnit": "KT", "parameterCategory": 2, "nx": 256, "ny": 198, "lo1": 44.73521041870117, "la1": -3.236724853515625, "lo2": 111.26478576660156, "la2": 43.468475341796875, "dx": 0.2609002888202667, "dy": -0.23708222806453705, "refTime": "2025-02-19 21:00:00", "forecastTime": 0, "parameterNumber": 2, "parameterNumberName": "eastward_wind"}, "data":
[rows 171 to 189 of 198, columns 172 to 214 of 256]
26.799734115600586,15.795493125915527,7.663794040679932,9.980091094970703,14.933310508728027,16.809980392456055,12.591300010681152,7.053735256195068,3.8649256229400635,2.409785509109497,2.938512086868286,3.4410765171051025,4.489973068237305,5.293692111968994,5.2077317237854,4.4740800857543945,2.23425555229187,4.333979606628418,9.562675476074219,14.483054161071777,18.199260711669922,24.199542999267578,32.56133270263672,38.203712463378906,39.409481048583984,37.92521286010742,36.3178825378418,35.74951934814453,35.48240661621094,33.699180603027344,32.302608489990234,33.21389389038086,34.005775451660156,31.367389678955078,27.79083824157715,25.320093154907227,24.282608032226562,23.151472091674805,20.747726440429688,16.221975326538086,11.891592979431152,9.213820457458496,5.815509796142578
27.2435302734375,22.30527114868164,18.24146270751953,20.24881935119629,25.985172271728516,16.991737365722656,4.659060955047607,1.319254755973816,2.7610015869140625,3.3653838634490967,4.1316633224487305,4.909592628479004,6.443537712097168,7.271009922027588,7.7231950759887695,9.595571517944336,12.01636791229248,13.241958618164062,12.984823226928711,14.810178756713867,20.59501838684082,26.657129287719727,31.053077697753906,34.598915100097656,36.17061233520508,36.247047424316406,35.73100662231445,34.04121780395508,32.82682800292969,33.43342971801758,34.70589065551758,36.17167282104492,34.21568298339844,29.85167121887207,26.178640365600586,24.30146598815918,23.999797821044922,23.995275497436523,19.83810043334961,13.073846817016602,8.620004653930664,6.339816570281982,3.6140565872192383
25.812957763671875,24.827625274658203,22.256900787353516,22.207258224487305,23.05418586730957,22.25162124633789,13.6625337600708,9.292025566101074,12.838157653808594,14.308100700378418,10.778661727905273,9.366281509399414,9.815526962280273,8.827439308166504,9.09689712524414,12.159902572631836,15.753868103027344,15.205180168151855,12.457358360290527,13.162433624267578,17.897247314453125,22.352258682250977,27.148656845092773,30.126253128051758,33.93619155883789,35.524871826171875,31.50692367553711,28.01912498474121,29.720630645751953,34.45212173461914,36.92729187011719,36.00355529785156,32.02095413208008,28.761886596679688,27.08823585510254,26.21908187866211,25.784894943237305,23.296567916870117,13.593461990356445,6.903573036193848,7.449888706207275,5.020336627960205,3.5275630950927734
18.755645751953125,21.56461524963379,21.63985252380371,21.40610122680664,23.194080352783203,23.011844635009766,22.55887794494629,22.479581832885742,24.874305725097656,24.661638259887695,20.273822784423828,17.67288589477539,16.76244354248047,15.569172859191895,15.853917121887207,19.146074295043945,21.576894760131836,16.90329360961914,10.69521427154541,11.279265403747559,14.38065242767334,19.210355758666992,27.76947593688965,35.25694274902344,34.31731033325195,30.295368194580078,26.952733993530273,28.38486671447754,32.09714126586914,35.13587951660156,35.794288635253906,33.588722229003906,31.00729751586914,28.498001098632812,27.922639846801758,27.834978103637695,25.283201217651367,15.477071762084961,6.3433308601379395,5.954610347747803,6.889720916748047,3.886833906173706,5.8833088874816895
2.5520572662353516,7.114451885223389,12.880143165588379,17.260330200195312,18.158565521240234,16.429973602294922,14.833706855773926,17.850128173828125,21.70903205871582,20.54791259765625,18.98626708984375,19.568260192871094,20.69084358215332,21.62622833251953,22.714479446411133,29.166698455810547,31.07563591003418,25.928180694580078,22.353652954101562,25.248201370239258,28.022714614868164,31.33786964416504,36.62620162963867,36.09339141845703,29.643024444580078,28.541841506958008,31.226831436157227,32.72354507446289,32.37262725830078,31.982776641845703,33.15614318847656,31.639217376708984,28.76203155517578,27.863672256469727,25.76346206665039,24.916433334350586,12.526115417480469,5.075667381286621,5.74675178527832,7.1158318519592285,5.154720783233643,4.763770580291748,5.823086261749268
-4.894549369812012,-0.8800123929977417,3.301687240600586,5.982423305511475,6.3218817710876465,6.872902870178223,8.239192008972168,10.772163391113281,13.866663932800293,13.305554389953613,12.102106094360352,14.211631774902344,17.295021057128906,19.709531784057617,23.72990608215332,31.157188415527344,33.318870544433594,24.23076057434082,22.265851974487305,27.29988670349121,30.62160873413086,33.199337005615234,35.78882598876953,34.00627899169922,31.395925521850586,31.010295867919922,34.70647430419922,34.58348846435547,29.83570671081543,28.930408477783203,31.473155975341797,30.61808204650879,27.05929946899414,25.419097900390625,17.672109603881836,7.6900200843811035,4.625960826873779,5.219276428222656,7.015941143035889,6.223147869110107,4.281221389770508,3.976661443710327,2.4197537899017334
-11.435419082641602,-9.472319602966309,-5.893320560455322,-2.2718162536621094,0.1595088094472885,1.7842730283737183,3.555265188217163,4.679662704467773,5.441891193389893,4.7546820640563965,2.8818399906158447,4.776337146759033,9.221705436706543,12.994051933288574,17.27120018005371,20.879051208496094,16.846223831176758,8.268576622009277,8.712623596191406,14.94247817993164,19.588226318359375,23.40318489074707,27.571420669555664,29.293888092041016,28.871545791625977,29.14557647705078,32.0849609375,27.982158660888672,22.137882232666016,23.5098819732666,27.56071662902832,25.417179107666016,19.324979782104492,12.18580436706543,7.374769687652588,5.63646125793457,6.696107387542725,7.174718379974365,4.370652198791504,3.0519466400146484,3.275643825531006,2.929054021835327,2.642885446548462
-11.646708488464355,-12.235200881958008,-11.260229110717773,-9.242173194885254,-6.922354698181152,-4.689062595367432,-2.6760637760162354,-1.1140577793121338,-0.04518362879753113,-0.21721062064170837,-0.8235149383544922,0.5343295931816101,3.091435670852661,4.470489501953125,4.666389465332031,5.299338340759277,3.514430522918701,2.4851696491241455,2.8955576419830322,2.5376062393188477,4.813387870788574,10.552860260009766,17.405067443847656,18.54007911682129,15.290382385253906,16.935726165771484,21.389373779296875,17.939048767089844,13.127439498901367,15.561756134033203,19.0765323638916,16.63090705871582,13.13244342803955,8.933213233947754,5.494560718536377,7.1457014083862305,7.6096978187561035,5.809978008270264,3.2331597805023193,1.3035868406295776,1.8820102214813232,3.0704736709594727,3.9490644931793213
-7.662642002105713,-8.445947647094727,-9.163273811340332,-9.376683235168457,-8.913905143737793,-8.231760025024414,-7.435439109802246,-6.309606075286865,-5.071253299713135,-3.966707229614258,-3.254227638244629,-2.947155714035034,-2.6678221225738525,-1.9962162971496582,-1.265982985496521,-1.8733608722686768,-2.761383056640625,-2.830223798751831,-1.557098388671875,-0.174576073884964,1.8415933847427368,4.837440490722656,8.114487648010254,8.353076934814453,6.91180419921875,7.473913192749023,10.479288101196289,10.737696647644043,10.264514923095703,11.673602104187012,13.217732429504395,13.438947677612305,12.214700698852539,8.811920166015625,7.003288269042969,6.938220024108887,4.385325908660889,1.0186526775360107,0.3992459177970886,1.4766474962234497,3.2653422355651855,4.460369110107422,5.236751079559326
-4.092255592346191,-4.7466511726379395,-5.795306205749512,-6.945734024047852,-7.42112922668457,-6.996185302734375,-6.441921234130859,-6.6820268630981445,-6.906463146209717,-5.9716315269470215,-4.7727952003479,-4.307162284851074,-4.5118255615234375,-4.917986869812012,-5.26574182510376,-5.430816173553467,-5.5243048667907715,-4.844783782958984,-3.8233418464660645,-2.5117788314819336,-0.33803626894950867,1.844935655593872,3.7854695320129395,4.441415786743164,4.697174072265625,5.551151752471924,7.308605194091797,8.93694019317627,9.482022285461426,9.246707916259766,9.034209251403809,9.308845520019531,8.790244102478027,7.402119159698486,6.279979228973389,4.0407514572143555,0.38053077459335327,-0.43497997522354126,1.0778948068618774,2.7850139141082764,4.171931266784668,5.035584926605225,5.127708435058594
-3.529801368713379,-3.395916223526001,-3.2232131958007812,-3.653489589691162,-4.87814474105835,-5.4333977699279785,-4.058859348297119,-2.3055191040039062,-2.0950591564178467,-2.089480400085449,-1.894307255744934,-2.24686861038208,-2.314608573913574,-2.477616786956787,-2.4989864826202393,-2.180583953857422,-2.019824743270874,-1.97500479221344,-2.3724441528320312,-3.1389431953430176,-2.176727771759033,-0.7482514977455139,0.23599083721637726,1.0693119764328003,2.0073890686035156,3.214564561843872,5.577969074249268,7.8779616355896,8.729521751403809,8.39748477935791,7.88149881362915,6.268481731414795,4.8655195236206055,5.858922004699707,6.277018070220947,4.287175178527832,1.707135796546936,1.4517366886138916,1.9094245433807373,2.2522497177124023,2.847836494445801,3.376838445663452,3.3371713161468506
-5.159741401672363,-5.466251850128174,-4.905820369720459,-3.7660820484161377,-2.9934191703796387,-3.2041916847229004,-3.0655620098114014,-0.9581051468849182,0.922690749168396,1.3523035049438477,1.3662837743759155,0.8528254628181458,-0.3922747075557709,-0.16895045340061188,1.3717049360275269,3.084252119064331,3.534661054611206,1.2724132537841797,-0.4737357199192047,-1.817305564880371,-2.9507884979248047,-2.3999674320220947,-1.168107032775879,0.2851249575614929,2.041515350341797,3.8387160301208496,5.672123908996582,7.733139991760254,9.409750938415527,9.779486656188965,9.09980297088623,7.224614143371582,5.8700151443481445,6.309549331665039,6.645592212677002,5.28071403503418,2.9174258708953857,1.892354130744934,1.8596246242523193,1.1089876890182495,0.7156210541725159,0.6532489657402039,0.7501587867736816
-4.471019268035889,-5.219748497009277,-5.243749141693115,-4.619215965270996,-3.6012940406799316,-2.445972442626953,-1.644993543624878,-0.2734752297401428,1.1622662544250488,1.8865872621536255,2.341931104660034,3.046034574508667,2.966500997543335,3.0511012077331543,4.385282516479492,6.1491522789001465,6.878656387329102,5.010489463806152,3.6425018310546875,3.1755199432373047,1.9100619554519653,1.0723127126693726,1.3691784143447876,1.8548471927642822,2.7461507320404053,3.6911377906799316,4.684202671051025,6.569217205047607,8.792913436889648,9.49849796295166,8.568595886230469,7.461946487426758,6.478853702545166,5.3638105392456055,4.095751762390137,3.2817254066467285,1.8464162349700928,2.183795690536499,2.2083637714385986,0.8782437443733215,-0.3165860176086426,-0.7861536145210266,-0.35522112250328064
-3.3590548038482666,-4.144431114196777,-4.694372653961182,-4.138799667358398,-3.146726608276367,-2.6806280612945557,-1.6764047145843506,-0.7847680449485779,-0.21549399197101593,0.43537864089012146,1.0448096990585327,1.7341597080230713,3.019833564758301,3.84505295753479,5.015336990356445,6.1415581703186035,5.717462539672852,4.884802341461182,5.77972936630249,7.487354755401611,7.4789581298828125,6.035792350769043,4.804146766662598,4.30639123916626,4.307521820068359,4.748081207275391,5.806106090545654,7.152057647705078,8.825798988342285,8.29641056060791,7.000279903411865,5.852136135101318,5.032251358032227,3.024486780166626,2.3028786182403564,2.5568461418151855,2.3904707431793213,2.410961151123047,1.8246299028396606,0.22220827639102936,-0.9885687828063965,-1.3113220930099487,-0.44555389881134033
-3.69417142868042,-4.496936321258545,-5.783203601837158,-5.999556541442871,-4.615535259246826,-2.963156223297119,-1.4325824975967407,-0.1504712700843811,0.30398568511009216,0.43537774682044983,0.48062407970428467,0.14752016961574554,0.9762240648269653,1.9202455282211304,2.831024408340454,3.5167672634124756,3.803278923034668,5.203157901763916,6.339375019073486,7.955141544342041,8.912921905517578,8.784149169921875,7.759607315063477,7.048000812530518,7.2069549560546875,7.928103923797607,8.453085899353027,8.472394943237305,8.172609329223633,7.484795093536377,5.989495277404785,4.313684463500977,3.7033512592315674,3.5151004791259766,3.788625717163086,2.5662271976470947,2.56011962890625,2.0254766941070557,0.30015790462493896,-1.278450846672058,-1.7178388833999634,-1.0845228433609009,-0.22684800624847412
-3.057504892349243,-3.436629056930542,-4.456279754638672,-5.784250259399414,-6.256580829620361,-5.385748863220215,-3.4504849910736084,-0.648009717464447,0.7815911173820496,1.1258512735366821,1.0118085145950317,1.1954580545425415,1.0198363065719604,1.5982588529586792,2.812635898590088,3.4677722454071045,4.332225799560547,6.013016223907471,7.119048595428467,7.9259796142578125,8.6109037399292,9.130788803100586,9.166376113891602,9.260289192199707,9.6950044631958,10.542197227478027,10.48520278930664,9.325156211853027,7.2405877113342285,6.3664703369140625,6.684977054595947,4.7611188888549805,3.233907461166382,4.102234363555908,2.8355519771575928,0.4436781704425812,0.33534863591194153,-0.052918072789907455,-1.9056906700134277,-2.4348268508911133,-2.205159902572632,-1.7658723592758179,-1.6044422388076782
-3.7471864223480225,-2.616781711578369,-2.0417580604553223,-1.4713248014450073,-1.4911919832229614,-2.1150107383728027,-2.705653190612793,-1.983649730682373,-0.3151792883872986,0.8155924677848816,1.5645250082015991,2.071646213531494,2.567906618118286,3.137730121612549,3.9116315841674805,4.573683261871338,4.747974395751953,5.7206878662109375,7.1862473487854,8.34227466583252,8.73190689086914,8.90087604522705,9.245993614196777,10.03693962097168,11.100116729736328,11.911133766174316,11.543623924255371,9.218832015991211,5.6863789558410645,2.855487585067749,4.199271202087402,4.991830348968506,2.87597918510437,3.0623981952667236,1.7647141218185425,-1.4751073122024536,-2.1935086250305176,-2.8459243774414062,-3.9461629390716553,-3.72271728515625,-3.4305596351623535,-3.631152868270874,-4.477583408355713
-3.3824009895324707,-2.381937265396118,-1.155868649482727,-0.09688947349786758,0.9547165036201477,1.1911767721176147,0.6251124739646912,-0.1176593005657196,-0.3598538339138031,0.7670444250106812,1.6582069396972656,2.785611867904663,3.9815351963043213,5.068990230560303,6.0224080085754395,6.437242031097412,5.8133931159973145,5.368300437927246,6.724173545837402,8.786145210266113,10.098785400390625,10.281986236572266,10.349200248718262,11.160694122314453,12.374354362487793,12.590741157531738,11.845052719116211,8.850115776062012,4.817378044128418,1.7611225843429565,2.8366570472717285,4.771058082580566,4.42753267288208,3.810784101486206,3.1361544132232666,-0.491265207529068,-3.240037202835083,-4.804699897766113,-5.391323089599609,-5.3164849281311035,-5.522885322570801,-6.369277000427246,-7.404173374176025
-1.6182503700256348,-1.8453383445739746,-0.46913519501686096,1.7274484634399414,2.8004772663116455,1.8269721269607544,-0.23806196451187134,-0.5463414788246155,0.7605413794517517,1.8848775625228882,2.387708902359009,3.0437614917755127,3.9386684894561768,4.917243957519531,5.888580799102783,6.206177234649658,5.634623050689697,4.547957897186279,5.377124309539795,8.070101737976074,10.491582870483398,11.675103187561035,12.539936065673828,13.180143356323242,13.410064697265625,12.599076271057129,11.433097839355469,8.69528865814209,6.144700527191162,4.886657238006592,4.96093225479126,5.652918338775635,5.628329753875732,5.425308704376221,4.875586986541748,1.748105764389038,-2.5012218952178955,-5.196069240570068,-6.44539213180542,-6.935266971588135,-7.217203140258789,-8.024269104003906,-8.671895027160645
