data/wind_data/wind_14_9.json
{"header": {"parameterUnit": "KT", "parameterCategory": 2, "nx": 256, "ny": 198, "lo1": 44.73521041870117, "la1": -3.236724853515625, "lo2": 111.26478576660156, "la2": 43.468475341796875, "dx": 0.2609002888202667, "dy": -0.23708222806453705, "refTime": "2025-02-19 14:00:00", "forecastTime": 0, "parameterNumber": 2, "parameterNumberName": "eastward_wind"}, "data":
[rows 95 to 113 of 198, columns 43 to 85 of 256]
2.3206868171691895,3.035167694091797,4.113821983337402,5.58026647567749,7.201136589050293,8.455883026123047,8.992742538452148,9.049089431762695,9.018945693969727,9.08678150177002,9.367518424987793,9.610605239868164,8.734875679016113,5.906439781188965,3.3126556873321533,1.611147165298462,0.5587756037712097,-0.04482356831431389,-0.6120070219039917,-2.016648530960083,-4.780491828918457,-7.047417163848877,-7.449965476989746,-6.438583850860596,-4.832265377044678,-3.2285187244415283,-1.6137930154800415,0.18254107236862183,1.8759013414382935,2.9539103507995605,3.2218990325927734,3.033040761947632,2.7686116695404053,2.62628436088562,2.6928858757019043,3.1479668617248535,4.35353946685791,6.358538627624512,8.643439292907715,10.383977890014648,10.950809478759766,10.15796184539795,8.319498062133789
0.9524444341659546,2.019113779067993,3.5999903678894043,5.5301995277404785,7.594873428344727,9.446649551391602,10.611294746398926,11.025670051574707,11.12973690032959,11.353792190551758,11.771515846252441,11.936841011047363,10.010086059570312,6.043689250946045,3.70493745803833,2.620604991912842,1.5721516609191895,0.07370419055223465,-1.3023446798324585,-3.7238729000091553,-6.277975082397461,-7.0530500411987305,-6.003244876861572,-4.061409950256348,-2.2844889163970947,-1.04860520362854,0.01657973974943161,1.281558871269226,2.641660690307617,3.4589741230010986,3.368990898132324,2.829089403152466,2.5018575191497803,2.6815712451934814,3.316682815551758,4.433913707733154,6.276771545410156,8.764039039611816,11.232166290283203,12.70073413848877,12.44973087310791,10.578990936279297,7.93097448348999
-0.6090366244316101,0.7152723073959351,2.7270419597625732,4.989808082580566,7.225094795227051,9.305206298828125,10.910224914550781,11.850157737731934,12.561413764953613,13.531915664672852,14.467475891113281,14.481671333312988,11.737408638000488,7.423062324523926,5.202490329742432,4.741547584533691,2.834135055541992,0.14269424974918365,-2.438775062561035,-5.310974597930908,-6.329085826873779,-5.294275760650635,-3.237053871154785,-1.1082408428192139,0.41028153896331787,1.3223944902420044,1.837561845779419,2.2175629138946533,2.6773035526275635,3.0037429332733154,2.9442691802978516,2.7499938011169434,2.897263526916504,3.540288209915161,4.535510063171387,5.8676347732543945,7.780930042266846,10.31957721710205,12.808401107788086,14.019350051879883,13.131773948669434,10.484620094299316,7.2275390625
-1.3085541725158691,-0.13364529609680176,2.0413429737091064,4.658144474029541,7.098848819732666,9.068785667419434,10.474861145019531,11.554627418518066,12.880520820617676,14.906734466552734,17.032093048095703,16.76411247253418,13.131485939025879,9.647481918334961,8.72893238067627,7.4173383712768555,3.1848669052124023,0.03192580118775368,-2.789781093597412,-4.809352874755859,-4.69625997543335,-3.2095417976379395,-1.3053032159805298,0.5567666888237,2.1190719604492188,3.184622287750244,3.5115973949432373,3.240449905395508,2.8785667419433594,2.765909433364868,2.860964298248291,3.0517303943634033,3.432063102722168,4.160068511962891,5.234508991241455,6.641424655914307,8.555811882019043,11.072593688964844,13.489771842956543,14.38776683807373,12.863300323486328,9.412729263305664,5.613433361053467
-0.6503384113311768,0.3249821662902832,2.557478189468384,5.483903408050537,7.974462985992432,9.414989471435547,10.177380561828613,11.188699722290039,13.226338386535645,16.363039016723633,18.7613582611084,17.87571144104004,13.86828327178955,11.380149841308594,12.128378868103027,10.044179916381836,4.350525379180908,-0.10568661987781525,-2.153676986694336,-2.5436906814575195,-2.3088669776916504,-1.2102127075195312,0.7536879181861877,2.7467966079711914,4.12913703918457,4.747591495513916,4.799179553985596,4.610378742218018,4.345098495483398,4.082659721374512,3.870654821395874,3.706449508666992,3.8154492378234863,4.555307865142822,5.950066566467285,7.7202534675598145,9.771761894226074,12.03110408782959,13.764514923095703,13.722354888916016,11.247480392456055,7.296999931335449,3.9294004440307617
0.33043980598449707,1.6441162824630737,4.368508815765381,7.505555629730225,9.441841125488281,9.802175521850586,9.97956371307373,11.538895606994629,15.008092880249023,18.339719772338867,19.082611083984375,17.43952751159668,14.760884284973145,12.907003402709961,12.628040313720703,10.995758056640625,6.109833240509033,1.015480875968933,-1.171878457069397,-1.2266418933868408,-0.12735486030578613,2.356966495513916,5.199151515960693,6.7777419090271,6.851329326629639,6.430588722229004,6.324007511138916,6.344349384307861,5.972071647644043,5.1944146156311035,4.39641809463501,3.920541763305664,4.213528633117676,5.642189979553223,7.941274166107178,10.369231224060059,12.325543403625488,13.413997650146484,13.32114028930664,11.805859565734863,8.922168731689453,5.793935298919678,3.4877939224243164
1.1015621423721313,2.9337146282196045,6.445713996887207,9.665696144104004,10.48038101196289,9.652817726135254,10.0701322555542,13.512286186218262,17.978540420532227,19.35547637939453,18.26691246032715,17.043249130249023,16.05522918701172,14.183966636657715,12.1094970703125,9.64250373840332,5.690703392028809,1.9702410697937012,0.0817108154296875,0.4239538013935089,3.1010403633117676,6.857680320739746,9.665807723999023,10.548635482788086,10.015031814575195,9.21873950958252,8.71961498260498,8.14180850982666,6.91097354888916,5.225449562072754,3.9247939586639404,3.752919912338257,5.071291923522949,7.7427592277526855,10.943803787231445,13.619369506835938,14.919734954833984,14.334733009338379,12.434258460998535,10.10183334350586,7.815281391143799,5.772272109985352,4.009970188140869
1.1781587600708008,3.4815192222595215,7.867681503295898,10.898632049560547,10.414814949035645,9.192158699035645,11.214560508728027,16.53306770324707,19.700101852416992,19.28321647644043,17.998401641845703,18.15787696838379,17.760116577148438,14.568456649780273,10.453656196594238,6.8612775802612305,3.508547782897949,1.6278088092803955,1.8141728639602661,3.5501084327697754,6.567171096801758,10.023911476135254,12.700835227966309,13.828349113464355,13.498024940490723,12.354436874389648,10.961474418640137,9.4140625,7.566696643829346,5.578353404998779,4.255769729614258,4.600934982299805,6.875807285308838,10.411369323730469,13.854979515075684,16.02497673034668,16.2563419342041,14.637574195861816,12.238783836364746,10.040821075439453,8.381471633911133,6.791098117828369,5.348996162414551
0.8520978093147278,3.755155086517334,8.41944408416748,10.227965354919434,8.957529067993164,9.517888069152832,13.697920799255371,17.977590560913086,19.46504783630371,19.28507423400879,19.47932243347168,19.676252365112305,18.116485595703125,14.100993156433105,8.567201614379883,3.575752019882202,0.7116771936416626,1.2126094102859497,3.8258514404296875,6.904946804046631,9.974737167358398,12.833118438720703,14.890661239624023,15.674407005310059,15.315079689025879,14.270733833312988,12.815742492675781,10.971219062805176,8.889678955078125,7.086103916168213,6.3032331466674805,7.1785712242126465,9.784318923950195,13.149147987365723,15.834531784057617,17.020912170410156,16.546743392944336,14.866923332214355,12.757096290588379,10.970966339111328,9.70211410522461,8.395230293273926,7.279630184173584
1.159549593925476,4.59669303894043,8.176136016845703,8.235445022583008,7.516989707946777,10.002026557922363,14.23414134979248,17.573972702026367,19.072420120239258,20.097774505615234,20.886276245117188,20.213275909423828,17.405242919921875,12.71019458770752,7.486491680145264,2.64094614982605,-0.3533518612384796,0.5763454437255859,4.479502201080322,9.014702796936035,12.730463027954102,15.077433586120605,16.056413650512695,16.047496795654297,15.52721118927002,14.807246208190918,13.974095344543457,12.880702018737793,11.53946304321289,10.527002334594727,10.488692283630371,11.48365306854248,13.18819522857666,14.94946002960205,16.206186294555664,16.747331619262695,16.466428756713867,15.29102897644043,13.471412658691406,11.878883361816406,10.852373123168945,9.92086124420166,8.989962577819824
1.1652686595916748,5.419682502746582,7.671934127807617,7.103663921356201,6.804682731628418,8.69969654083252,12.17461109161377,16.765783309936523,20.43869972229004,21.08917236328125,19.842470169067383,18.69902229309082,16.797006607055664,12.2684965133667,5.861998558044434,0.8161022067070007,-0.22595305740833282,2.6120834350585938,7.66580057144165,12.345681190490723,15.28126049041748,16.202804565429688,15.739773750305176,14.928455352783203,14.323814392089844,14.100109100341797,14.279824256896973,14.623520851135254,14.894322395324707,15.188596725463867,15.628345489501953,15.940359115600586,15.789328575134277,15.46922492980957,15.557368278503418,16.096614837646484,16.51283073425293,15.96869945526123,14.434013366699219,12.801339149475098,11.507431983947754,10.504473686218262,9.585741996765137
1.6438572406768799,6.2770915031433105,7.534891128540039,6.201390266418457,5.438023567199707,7.5757341384887695,11.457839012145996,15.370556831359863,19.345918655395508,21.775753021240234,20.610960006713867,16.57686424255371,12.74494743347168,9.95863151550293,6.532379150390625,3.6187262535095215,3.0019731521606445,5.042050838470459,9.408225059509277,14.559718132019043,18.08548355102539,18.235065460205078,15.970501899719238,13.773601531982422,12.902938842773438,13.427420616149902,14.92026424407959,16.618898391723633,17.939590454101562,18.80158805847168,19.166730880737305,18.72699737548828,17.454153060913086,16.101472854614258,15.61154842376709,16.089385986328125,16.75316619873047,16.621252059936523,15.581235885620117,14.007745742797852,12.147248268127441,10.598063468933105,9.69547176361084
3.660717248916626,8.710731506347656,7.948547840118408,4.870875835418701,4.505193710327148,7.559349536895752,12.048545837402344,15.046225547790527,17.47077751159668,19.66288948059082,19.386743545532227,15.203608512878418,9.996572494506836,6.2981743812561035,4.549957752227783,5.238705635070801,7.2614288330078125,10.266573905944824,13.6001615524292,16.895837783813477,18.665918350219727,17.803476333618164,15.766988754272461,14.380523681640625,14.062894821166992,14.72004222869873,16.120031356811523,17.805994033813477,19.35995101928711,20.51780128479004,20.953411102294922,20.32191276550293,18.772796630859375,17.20051383972168,16.43183135986328,16.539377212524414,16.94070053100586,16.980405807495117,16.366287231445312,14.995676040649414,13.163215637207031,11.577735900878906,10.604018211364746
5.458285331726074,10.729290962219238,8.539509773254395,3.438028573989868,3.3017380237579346,8.037513732910156,13.284957885742188,14.538769721984863,14.78711223602295,15.669989585876465,14.990785598754883,11.82178783416748,7.3922834396362305,3.8633227348327637,4.066441059112549,7.224206447601318,10.767587661743164,13.790247917175293,15.754698753356934,17.048316955566406,17.292518615722656,16.72466468811035,16.158843994140625,15.836228370666504,15.802766799926758,16.23756217956543,17.277042388916016,18.873992919921875,20.641048431396484,21.890666961669922,22.04351234436035,21.017953872680664,19.25526237487793,17.526382446289062,16.538747787475586,16.413211822509766,16.74555015563965,17.046916961669922,16.81056022644043,15.782885551452637,14.362252235412598,13.05250358581543,11.763246536254883
7.00177526473999,11.8482084274292,8.471803665161133,2.7943544387817383,3.644134998321533,8.656588554382324,12.548789978027344,12.170703887939453,11.165238380432129,10.324121475219727,8.785694122314453,6.79925012588501,3.826472520828247,2.856208086013794,5.870290756225586,9.925237655639648,12.547409057617188,13.184490203857422,13.666196823120117,14.5931978225708,15.461993217468262,16.1119441986084,16.516845703125,16.633399963378906,16.82837677001953,17.649822235107422,19.268320083618164,21.38524055480957,23.228586196899414,23.809810638427734,22.721921920776367,20.610185623168945,18.421863555908203,16.806406021118164,16.049938201904297,16.1028995513916,16.75478172302246,17.600143432617188,17.969402313232422,17.406579971313477,16.069381713867188,14.413472175598145,12.309396743774414
8.655173301696777,12.483894348144531,8.960453987121582,4.534298419952393,5.8725972175598145,9.463162422180176,10.621346473693848,8.852051734924316,6.729635715484619,4.600423336029053,4.000186920166016,2.716362953186035,0.8015596270561218,3.034406900405884,7.4593095779418945,10.220171928405762,9.925275802612305,9.216544151306152,9.881957054138184,11.876075744628906,14.155195236206055,15.732215881347656,16.442838668823242,16.82081413269043,17.640731811523438,19.347064971923828,21.82988739013672,24.440893173217773,25.997148513793945,25.341407775878906,22.555389404296875,19.18876838684082,16.734657287597656,15.672101020812988,15.698750495910645,16.457618713378906,17.765037536621094,19.256877899169922,20.267263412475586,20.28351593017578,19.038789749145508,16.31254768371582,12.389019966125488
10.291693687438965,12.899148941040039,10.47537612915039,8.106130599975586,8.638286590576172,9.538578033447266,8.661173820495605,6.267706871032715,2.847428560256958,0.3854941427707672,1.126099705696106,0.27787885069847107,-0.1173037514090538,3.371609687805176,5.364858627319336,5.182268142700195,4.768195629119873,4.902045249938965,6.5189642906188965,9.840049743652344,13.43804931640625,15.716723442077637,16.778873443603516,17.50548553466797,18.718299865722656,20.830585479736328,23.670927047729492,26.317461013793945,27.26036834716797,25.409334182739258,21.57767105102539,17.820520401000977,15.629283905029297,15.20037841796875,16.045989990234375,17.653562545776367,19.69713592529297,21.708253860473633,23.030168533325195,23.315412521362305,22.078874588012695,18.15664291381836,12.31436538696289
12.275214195251465,13.657299995422363,12.426689147949219,11.352234840393066,10.940729141235352,9.613176345825195,7.499588966369629,4.820244789123535,1.0764491558074951,-0.995779812335968,-1.266603708267212,-2.035851001739502,-1.1666560173034668,0.8360416889190674,1.003955602645874,0.8988949656486511,0.9832711219787598,2.3603579998016357,5.531486511230469,9.821083068847656,13.666473388671875,15.942099571228027,17.156667709350586,18.1427001953125,19.691953659057617,22.148208618164062,25.012760162353516,26.989423751831055,26.64970588684082,23.646263122558594,19.41455841064453,16.066505432128906,14.841670989990234,15.682589530944824,17.657920837402344,19.974105834960938,22.298675537109375,24.095989227294922,24.767597198486328,24.390695571899414,22.85800552368164,18.56951332092285,12.08898639678955
14.57695198059082,15.215898513793945,14.819354057312012,14.230059623718262,12.882749557495117,10.185311317443848,7.374975204467773,4.503221035003662,1.148942470550537,-0.5011005401611328,-2.925701379776001,-5.64247989654541,-3.9258267879486084,-1.0445466041564941,-0.4890696704387665,-1.0489206314086914,-0.5668681859970093,2.2376909255981445,6.461134433746338,10.608019828796387,13.55622673034668,15.294784545898438,16.421968460083008,17.793140411376953,19.950950622558594,22.687511444091797,25.146432876586914,26.051729202270508,24.30118179321289,20.351362228393555,16.060260772705078,13.485933303833008,13.903940200805664,16.542062759399414,19.735637664794922,22.548845291137695,24.52564239501953,24.876842498779297,23.542499542236328,21.98727798461914,20.890348434448242,17.82830238342285,12.044401168823242
