data/wind_data/wind_32_8.json
{"header": {"parameterUnit": "KT", "parameterCategory": 2, "nx": 256, "ny": 198, "lo1": 44.73521041870117, "la1": -3.236724853515625, "lo2": 111.26478576660156, "la2": 43.468475341796875, "dx": 0.2609002888202667, "dy": -0.23708222806453705, "refTime": "2025-02-20 08:00:00", "forecastTime": 0, "parameterNumber": 2, "parameterNumberName": "eastward_wind"}, "data":
[rows 152 to 170 of 198, columns 132 to 175 of 256]
38.65573501586914,36.43327331542969,33.54629135131836,30.865829467773438,28.827285766601562,26.963504791259766,26.0507869720459,26.87529754638672,29.12439727783203,31.85824203491211,33.96976089477539,34.99311828613281,35.702484130859375,37.09480667114258,38.39216232299805,37.3516960144043,33.06062698364258,27.736072540283203,25.874021530151367,27.664352416992188,29.95929718017578,29.410911560058594,27.010398864746094,26.461261749267578,28.242753982543945,30.270240783691406,30.770689010620117,29.993669509887695,29.38840675354004,30.35593032836914,33.40886306762695,37.258460998535156,40.170799255371094,41.59336853027344,42.01790237426758,42.2010383605957,42.50072479248047,43.02897262573242,43.87128448486328,44.895179748535156,45.5880012512207,45.44057083129883,44.98833465576172,45.18497085571289
37.82184982299805,35.7119026184082,32.703121185302734,29.746776580810547,27.54670524597168,26.557025909423828,26.929414749145508,28.41776466369629,30.915855407714844,33.72923278808594,35.29319763183594,35.21955490112305,35.08818435668945,35.41606903076172,34.41523361206055,30.222454071044922,24.45203971862793,21.858135223388672,23.796762466430664,27.516212463378906,30.242401123046875,30.149803161621094,28.6016788482666,28.19064712524414,29.473878860473633,31.185060501098633,31.991140365600586,31.653377532958984,31.016521453857422,31.273038864135742,33.36185836791992,36.533470153808594,39.00435256958008,40.22296905517578,41.01605987548828,42.190452575683594,43.662940979003906,44.436885833740234,44.38411331176758,44.737308502197266,46.03825759887695,46.65599060058594,45.68403625488281,44.81166076660156
36.263031005859375,34.74738311767578,31.610679626464844,28.635385513305664,27.624103546142578,28.141693115234375,29.2514591217041,30.627010345458984,32.256622314453125,33.37892532348633,32.985923767089844,31.962974548339844,31.313711166381836,30.221616744995117,27.395606994628906,24.358623504638672,23.550798416137695,24.822181701660156,27.111587524414062,29.818639755249023,31.715970993041992,32.186588287353516,32.02429962158203,32.14448928833008,32.644500732421875,33.2511100769043,33.59060287475586,33.219635009765625,32.407814025878906,32.09479522705078,33.313987731933594,35.747779846191406,37.87184143066406,39.06344985961914,40.118709564208984,41.83481979370117,43.87268829345703,44.59521484375,43.80143737792969,43.75720977783203,45.69697570800781,47.117008209228516,45.97549057006836,44.255558013916016
34.99225997924805,33.54147720336914,30.994951248168945,29.999155044555664,30.551124572753906,31.163776397705078,31.427276611328125,31.3421630859375,31.01740837097168,30.491052627563477,29.862136840820312,29.417003631591797,29.24074363708496,28.930410385131836,28.605680465698242,28.787525177001953,29.144229888916016,29.4212646484375,30.063793182373047,31.15574073791504,31.913949966430664,32.37871551513672,32.974205017089844,33.80097961425781,34.34910202026367,34.30574035644531,33.677635192871094,32.521644592285156,31.44346046447754,31.44559669494629,33.11147689819336,35.689842224121094,37.69778060913086,38.567832946777344,39.20585632324219,40.6385612487793,42.510433197021484,43.022735595703125,41.91242218017578,41.818729400634766,44.11425018310547,46.23917007446289,45.66624450683594,43.963619232177734
34.89226150512695,34.191871643066406,33.2851448059082,33.37886047363281,33.554203033447266,32.93846130371094,31.8491268157959,30.752408981323242,30.07120704650879,29.701053619384766,29.605199813842773,30.473365783691406,31.89722442626953,32.622589111328125,32.53922653198242,32.405799865722656,31.96166229248047,30.98297119140625,30.189489364624023,30.265195846557617,31.069915771484375,32.21182632446289,33.368690490722656,33.822425842285156,33.206912994384766,32.16309356689453,31.085716247558594,30.06608772277832,29.84600257873535,31.34874725341797,34.06388473510742,36.67822265625,38.19145965576172,38.546722412109375,38.5933837890625,39.32802963256836,40.61539840698242,41.029727935791016,40.23054504394531,40.143680572509766,42.135318756103516,44.565887451171875,45.19646072387695,44.40550994873047
35.0527229309082,34.19793701171875,34.17787551879883,34.62684631347656,34.0299186706543,32.44215774536133,31.129005432128906,30.814123153686523,31.485448837280273,32.583946228027344,33.3529167175293,33.917877197265625,33.53763961791992,32.06303787231445,31.116689682006836,30.727157592773438,29.810861587524414,28.795927047729492,28.218961715698242,27.656442642211914,27.35983657836914,27.683053970336914,28.255435943603516,28.511255264282227,28.900312423706055,29.90653419494629,30.541223526000977,30.418973922729492,30.854665756225586,32.745296478271484,35.29454040527344,37.1165657043457,37.89045333862305,38.16056442260742,38.23756790161133,38.608558654785156,39.399932861328125,39.67326736450195,38.97765350341797,38.7315788269043,40.25300979614258,42.752037048339844,44.36808776855469,44.57322692871094
35.31935119628906,35.033817291259766,35.59052276611328,34.816078186035156,33.23451614379883,32.73698806762695,33.099876403808594,33.50540542602539,33.72956085205078,34.076358795166016,34.190704345703125,32.28242492675781,28.6474552154541,25.35053825378418,23.817974090576172,22.785375595092773,19.724376678466797,16.29609489440918,16.799463272094727,20.606218338012695,24.574769973754883,27.05290412902832,28.14698028564453,28.908309936523438,30.116716384887695,31.326316833496094,31.499542236328125,30.903072357177734,31.201566696166992,33.1717529296875,35.43224334716797,36.53972625732422,37.007694244384766,37.59981155395508,37.98658752441406,38.2874870300293,38.74095916748047,38.47609329223633,37.12786102294922,36.31844711303711,37.51992416381836,40.1684455871582,42.69939422607422,44.01218795776367
34.97909164428711,34.66831970214844,33.78089904785156,32.71241760253906,33.2547607421875,34.78410339355469,35.1652717590332,34.08779525756836,32.961158752441406,31.86834144592285,29.79146385192871,25.52788734436035,20.55156135559082,18.686290740966797,19.95085906982422,21.106250762939453,21.645938873291016,22.17535400390625,23.18894386291504,25.283700942993164,27.734725952148438,29.059654235839844,29.477584838867188,30.665353775024414,32.392120361328125,32.86936569213867,31.757793426513672,30.463367462158203,30.85248374938965,33.06165313720703,35.054466247558594,35.78990936279297,36.339744567871094,37.249568939208984,37.71780776977539,37.606266021728516,37.38362503051758,36.698909759521484,35.336788177490234,34.19572448730469,34.81586837768555,37.364376068115234,40.56716537475586,42.86992645263672
33.41293716430664,32.875675201416016,32.51935958862305,33.3886833190918,35.223209381103516,35.58848571777344,33.972110748291016,31.204774856567383,28.160709381103516,25.20855140686035,22.273983001708984,21.56601905822754,23.30364990234375,26.12779426574707,28.65603256225586,29.731538772583008,29.441831588745117,28.935226440429688,28.903860092163086,29.54096221923828,30.341793060302734,30.52987289428711,30.835269927978516,32.2099609375,33.89811325073242,33.88142013549805,31.814327239990234,30.206830978393555,31.12268829345703,33.334922790527344,34.57963562011719,34.83548355102539,35.4016227722168,36.50000762939453,37.02637481689453,36.344818115234375,35.374267578125,34.818878173828125,34.18822479248047,33.293434143066406,33.69071960449219,36.15169906616211,39.239078521728516,41.64192199707031
33.486045837402344,32.756431579589844,32.20420455932617,33.42796325683594,34.241580963134766,32.62270736694336,29.209922790527344,25.59571075439453,24.122879028320312,25.263790130615234,27.111738204956055,27.923383712768555,28.531864166259766,30.419145584106445,32.79359817504883,33.9620361328125,33.64453887939453,32.69694519042969,31.889001846313477,31.22639274597168,30.702341079711914,30.681072235107422,31.45677947998047,32.87934875488281,33.54644012451172,32.2265739440918,30.404226303100586,30.31768226623535,31.769643783569336,32.78484344482422,32.617671966552734,32.685951232910156,33.851654052734375,35.33657455444336,35.535430908203125,34.436767578125,33.68033981323242,33.83110809326172,33.5335807800293,32.778873443603516,33.65498733520508,36.50352096557617,39.248165130615234,40.95145034790039
33.82509231567383,32.96612548828125,32.64283752441406,32.91527557373047,32.42961502075195,30.206989288330078,27.434345245361328,26.81414794921875,28.278297424316406,30.240568161010742,31.252887725830078,30.82718276977539,30.751232147216797,32.36048126220703,34.255699157714844,34.885498046875,34.21303939819336,33.00565719604492,31.926254272460938,30.947246551513672,30.225696563720703,30.418386459350586,31.377756118774414,31.964839935302734,31.330650329589844,30.133790969848633,29.83828353881836,30.642433166503906,31.026945114135742,30.153194427490234,29.60630989074707,31.178190231323242,33.581207275390625,34.331932067871094,33.27427291870117,32.40458679199219,32.92201614379883,33.61888122558594,32.99407958984375,32.299827575683594,33.699581146240234,36.78537368774414,39.38519287109375,40.55379867553711
32.643096923828125,31.371845245361328,30.96317481994629,31.380922317504883,31.381189346313477,30.418418884277344,29.68393325805664,30.239063262939453,31.428070068359375,32.388668060302734,32.41312026977539,31.62060546875,31.671770095825195,33.142066955566406,34.54083251953125,34.626224517822266,33.561683654785156,32.170814514160156,30.993255615234375,30.147132873535156,29.9420223236084,30.670255661010742,31.529932022094727,31.239065170288086,29.8509578704834,28.74457550048828,28.694002151489258,28.83928680419922,28.077817916870117,27.309598922729492,28.688613891601562,31.868995666503906,33.922332763671875,33.47038650512695,32.096622467041016,31.866533279418945,32.57377624511719,32.52265930175781,31.625974655151367,31.683753967285156,33.58054733276367,36.36914825439453,38.65701675415039,39.796756744384766
31.171432495117188,30.88385009765625,30.95624542236328,31.52256202697754,31.480789184570312,30.393625259399414,29.818918228149414,30.300830841064453,30.932126998901367,31.348806381225586,31.42557144165039,31.208337783813477,31.70154571533203,33.01726150512695,33.996368408203125,33.717472076416016,32.434471130371094,30.87177276611328,29.727006912231445,29.24207305908203,29.693239212036133,30.818870544433594,31.2948055267334,30.0369815826416,27.811939239501953,26.35965347290039,26.093791961669922,25.994529724121094,25.775442123413086,26.646883010864258,29.287235260009766,32.368621826171875,33.9136848449707,33.382625579833984,31.98569107055664,31.40504264831543,31.45534324645996,30.986343383789062,30.436342239379883,30.994853973388672,32.78507614135742,35.20391082763672,37.54689407348633,39.03049850463867
31.275440216064453,31.652462005615234,31.79762077331543,31.960716247558594,31.235952377319336,29.2579402923584,27.92608070373535,28.080678939819336,29.046396255493164,30.029733657836914,30.56324005126953,30.740259170532227,31.22052764892578,32.0555534362793,32.7487678527832,32.59795379638672,31.414112091064453,29.908952713012695,29.005922317504883,29.0445499420166,29.849943161010742,30.538082122802734,30.07402229309082,28.28607749938965,26.137046813964844,25.045822143554688,25.16895866394043,25.466140747070312,25.87653350830078,27.234756469726562,29.628631591796875,32.17866516113281,33.74094772338867,33.39326095581055,31.577375411987305,30.18274688720703,29.773868560791016,29.825965881347656,30.280420303344727,30.939498901367188,31.887203216552734,33.90760803222656,36.49110412597656,38.37236404418945
31.273420333862305,31.72844886779785,31.47942543029785,31.109622955322266,30.271608352661133,28.656558990478516,27.13896369934082,27.047901153564453,28.41981315612793,29.893512725830078,30.601612091064453,30.70051383972168,30.746591567993164,31.194900512695312,31.893835067749023,32.040130615234375,30.967742919921875,29.583232879638672,29.1198673248291,29.542089462280273,29.965614318847656,29.844526290893555,28.99358367919922,27.514802932739258,26.147018432617188,25.96611785888672,26.6641845703125,27.039480209350586,27.245420455932617,28.281787872314453,30.185644149780273,32.114322662353516,33.20938491821289,32.70979309082031,30.751279830932617,28.694316864013672,27.875211715698242,28.618022918701172,30.117908477783203,31.185932159423828,31.759191513061523,33.3588981628418,35.776187896728516,37.64018630981445
31.128061294555664,30.498754501342773,29.290555953979492,29.018461227416992,29.520065307617188,29.383739471435547,28.291133880615234,27.690250396728516,28.45087432861328,29.798978805541992,30.882184982299805,31.381988525390625,31.459745407104492,31.635740280151367,32.06885528564453,32.075008392333984,31.207603454589844,30.304096221923828,29.873647689819336,29.351198196411133,28.726560592651367,28.316070556640625,27.92665672302246,27.29283332824707,26.91029167175293,27.496253967285156,28.483240127563477,28.7309513092041,28.65227508544922,29.30356216430664,30.717710494995117,32.05099105834961,32.49160385131836,31.60806655883789,29.532747268676758,27.47185516357422,26.89612579345703,27.8577880859375,29.40263557434082,30.71710205078125,31.847917556762695,33.57720947265625,35.77418899536133,37.03127670288086
29.76149559020996,28.246721267700195,27.20282745361328,27.394256591796875,28.713516235351562,29.730981826782227,29.319366455078125,28.424449920654297,28.51304817199707,29.672998428344727,31.10114288330078,32.09884262084961,32.55067825317383,32.756980895996094,32.87551498413086,32.62495803833008,32.05034255981445,31.28447914123535,29.93006134033203,28.16324234008789,26.97233772277832,26.759811401367188,27.086395263671875,27.381710052490234,27.715320587158203,28.649991989135742,29.786401748657227,30.030263900756836,29.800601959228516,30.1415958404541,30.96814727783203,31.4953670501709,31.418149948120117,30.59391212463379,28.85765266418457,27.214704513549805,26.873931884765625,27.668582916259766,28.91815185546875,30.121824264526367,31.563289642333984,33.57247543334961,35.77412796020508,36.49753952026367
25.956295013427734,24.56072235107422,24.437515258789062,25.559463500976562,27.439130783081055,28.83917236328125,28.914737701416016,28.383258819580078,28.5614070892334,29.761943817138672,31.357990264892578,32.70310592651367,33.525978088378906,33.70869445800781,33.326576232910156,32.73126220703125,32.06700134277344,30.9212646484375,29.08740997314453,27.304479598999023,26.375301361083984,26.466684341430664,27.141586303710938,27.83289909362793,28.45096206665039,29.512310028076172,30.815753936767578,31.364938735961914,31.05008316040039,30.633203506469727,30.362552642822266,30.122711181640625,30.08408546447754,29.968461990356445,29.099023818969727,27.846153259277344,27.20899200439453,27.616147994995117,28.715383529663086,29.775943756103516,31.1766300201416,33.464786529541016,35.5399169921875,35.576011657714844
22.849868774414062,22.59037208557129,23.781734466552734,25.47632598876953,27.198110580444336,28.520971298217773,28.948057174682617,28.827953338623047,29.133161544799805,30.192285537719727,31.510101318359375,32.53123474121094,33.091163635253906,33.17537307739258,32.701026916503906,31.862329483032227,30.693618774414062,29.127164840698242,27.654401779174805,26.875133514404297,26.849857330322266,27.258909225463867,27.806079864501953,28.391395568847656,29.158838272094727,30.2890625,31.585126876831055,32.41900634765625,31.983943939208984,30.48187255859375,29.01420021057129,28.567359924316406,29.15073585510254,29.83735466003418,29.71706199645996,28.58405113220215,27.42269515991211,27.607120513916016,28.793109893798828,29.69014549255371,30.915931701660156,33.325740814208984,35.332828521728516,35.00058364868164
