data/wind_data/wind_60_2.json
{"header": {"parameterUnit": "KT", "parameterCategory": 2, "nx": 256, "ny": 198, "lo1": 44.73521041870117, "la1": -3.236724853515625, "lo2": 111.26478576660156, "la2": 43.468475341796875, "dx": 0.2609002888202667, "dy": -0.23708222806453705, "refTime": "2025-02-21 12:00:00", "forecastTime": 0, "parameterNumber": 2, "parameterNumberName": "eastward_wind"}, "data":
[rows 0 to 18 of 198, columns 43 to 85 of 256]
-8.731695175170898,-8.509485244750977,-7.851149559020996,-7.326726913452148,-6.9199934005737305,-6.708569049835205,-6.643834590911865,-6.550775527954102,-6.4918999671936035,-6.593154430389404,-6.728597640991211,-6.736664295196533,-6.640112400054932,-6.381893157958984,-6.083452224731445,-5.761765956878662,-5.650779724121094,-5.937867164611816,-6.169149875640869,-6.248331069946289,-6.103662490844727,-5.695569038391113,-5.490445137023926,-5.499880790710449,-5.419626235961914,-5.259543418884277,-5.0352396965026855,-4.766242027282715,-4.52559232711792,-4.312047481536865,-4.153155326843262,-4.043046474456787,-3.9881694316864014,-3.9759984016418457,-4.04983377456665,-4.012105464935303,-3.665719985961914,-3.3331141471862793,-3.1483194828033447,-2.974888563156128,-2.8049216270446777,-2.521466016769409,-2.104682207107544
-8.765795707702637,-8.478557586669922,-8.136274337768555,-7.829102516174316,-7.436026573181152,-7.15578556060791,-7.135096549987793,-7.418040752410889,-7.786920547485352,-7.853056907653809,-7.738648891448975,-7.5009026527404785,-7.1903462409973145,-6.941152572631836,-6.720409393310547,-6.368276119232178,-6.211626052856445,-6.590014457702637,-6.890964984893799,-6.940282344818115,-6.7653937339782715,-6.432168483734131,-6.227097034454346,-6.0305938720703125,-5.821285247802734,-5.775048732757568,-5.607021808624268,-5.333756923675537,-5.020491123199463,-4.681463241577148,-4.525508880615234,-4.473583698272705,-4.3791937828063965,-4.323117256164551,-4.433236122131348,-4.374847888946533,-3.8627257347106934,-3.391788959503174,-3.1505930423736572,-3.079566717147827,-3.1365175247192383,-3.007716178894043,-2.6958181858062744
-9.525650978088379,-9.349672317504883,-9.057050704956055,-8.701414108276367,-8.209877014160156,-7.820657253265381,-7.72800350189209,-7.999516010284424,-8.392210960388184,-8.542092323303223,-8.49892807006836,-8.310051918029785,-8.019657135009766,-7.745151996612549,-7.557586193084717,-7.296266555786133,-7.108773708343506,-7.292576313018799,-7.420537948608398,-7.394298553466797,-7.3202223777771,-7.061478137969971,-6.789714813232422,-6.581717014312744,-6.4144673347473145,-6.3352885246276855,-6.090208053588867,-5.766594886779785,-5.46890926361084,-5.118363380432129,-4.864533424377441,-4.751558303833008,-4.7947893142700195,-4.948054790496826,-4.957967281341553,-4.636445045471191,-4.0121169090271,-3.5501983165740967,-3.395620107650757,-3.36240553855896,-3.1872496604919434,-2.9602551460266113,-2.81425404548645
-11.443531036376953,-11.477120399475098,-11.209450721740723,-10.772745132446289,-10.349238395690918,-10.112020492553711,-10.127077102661133,-10.270221710205078,-10.372438430786133,-10.389067649841309,-10.302281379699707,-9.991230964660645,-9.596257209777832,-9.441669464111328,-9.460006713867188,-9.223477363586426,-8.813091278076172,-8.546728134155273,-8.152242660522461,-8.11209774017334,-8.231823921203613,-7.845467567443848,-7.460357666015625,-7.3776936531066895,-7.299333572387695,-7.0369672775268555,-6.7263994216918945,-6.590577125549316,-6.496923446655273,-6.051122665405273,-5.793338298797607,-5.809455394744873,-5.864258766174316,-6.120057582855225,-5.977468490600586,-5.442093849182129,-4.829004764556885,-4.410238742828369,-4.112923622131348,-3.6248509883880615,-2.736750364303589,-2.542177438735962,-2.9204862117767334
-16.987308502197266,-17.130123138427734,-16.807594299316406,-15.957860946655273,-15.508711814880371,-15.825446128845215,-16.06633758544922,-15.918634414672852,-15.93099594116211,-15.86247444152832,-15.556726455688477,-14.952763557434082,-14.161500930786133,-13.78464126586914,-13.205572128295898,-11.564963340759277,-10.542052268981934,-10.4234619140625,-9.577622413635254,-10.263690948486328,-10.731398582458496,-9.71989917755127,-9.109382629394531,-9.582240104675293,-9.544784545898438,-8.895332336425781,-8.831523895263672,-9.683601379394531,-10.17502498626709,-9.164898872375488,-9.450596809387207,-9.886826515197754,-9.117057800292969,-8.93958854675293,-8.149660110473633,-7.764796733856201,-7.405484199523926,-7.1691083908081055,-6.803924560546875,-3.978656768798828,-0.3761124312877655,-1.2342110872268677,-3.3860127925872803
-16.900806427001953,-16.60228157043457,-14.986440658569336,-11.855656623840332,-11.133044242858887,-13.739177703857422,-15.122895240783691,-14.888500213623047,-15.0966157913208,-15.270503044128418,-14.94374942779541,-14.107039451599121,-12.828190803527832,-11.658904075622559,-9.820537567138672,-6.128632068634033,-7.500143051147461,-9.966116905212402,-9.829063415527344,-11.874589920043945,-11.612910270690918,-9.446647644042969,-8.632452011108398,-10.228206634521484,-11.357447624206543,-11.955461502075195,-12.379546165466309,-12.508966445922852,-12.519058227539062,-11.877710342407227,-10.753410339355469,-9.794482231140137,-8.987714767456055,-7.166663646697998,-6.168949604034424,-6.264764785766602,-6.028572082519531,-5.116556644439697,-5.78521728515625,-6.184301376342773,-3.615898609161377,-4.139011383056641,-4.632869720458984
-17.927562713623047,-16.449790954589844,-13.85665225982666,-11.829337120056152,-12.128522872924805,-13.785235404968262,-14.35214614868164,-13.68505859375,-13.178860664367676,-12.804741859436035,-12.704131126403809,-12.833102226257324,-12.799701690673828,-12.720657348632812,-11.241450309753418,-11.181830406188965,-12.678701400756836,-12.542906761169434,-11.387627601623535,-11.717488288879395,-10.135725975036621,-9.458412170410156,-9.530960083007812,-11.23226547241211,-12.291352272033691,-12.811426162719727,-12.7587308883667,-12.212777137756348,-11.90936279296875,-11.60666561126709,-11.088245391845703,-10.042329788208008,-8.819418907165527,-7.534802436828613,-5.795812606811523,-4.655707359313965,-5.319385051727295,-2.210927724838257,-2.141474723815918,-7.285871505737305,-4.259009838104248,-6.199535846710205,-5.748927593231201
-16.827281951904297,-13.426379203796387,-10.405695915222168,-12.438627243041992,-14.577847480773926,-12.27210807800293,-11.747862815856934,-12.251712799072266,-11.469637870788574,-10.2672758102417,-10.956977844238281,-12.1512451171875,-12.023228645324707,-12.972769737243652,-12.888525009155273,-12.996325492858887,-13.576817512512207,-13.162489891052246,-12.292881965637207,-11.909625053405762,-11.545909881591797,-11.504714965820312,-11.07545280456543,-10.812308311462402,-10.87376594543457,-10.966395378112793,-10.556885719299316,-10.146209716796875,-10.340209007263184,-11.059903144836426,-11.624493598937988,-11.518054962158203,-9.926520347595215,-7.475561141967773,-4.721467018127441,-4.015881061553955,-6.398190021514893,-4.830930233001709,-7.977901458740234,-7.556546211242676,-7.654598236083984,-8.815515518188477,-7.03270959854126
-16.583845138549805,-13.772896766662598,-11.396062850952148,-13.686671257019043,-15.560230255126953,-11.663758277893066,-10.001359939575195,-12.245050430297852,-11.840730667114258,-9.910785675048828,-10.5904541015625,-11.542290687561035,-11.602203369140625,-12.96636962890625,-14.02768611907959,-13.810247421264648,-13.358647346496582,-13.594581604003906,-13.706976890563965,-13.804579734802246,-13.78966999053955,-12.91913890838623,-11.489387512207031,-10.90742301940918,-11.107932090759277,-10.593231201171875,-9.56399917602539,-9.486937522888184,-9.056480407714844,-8.523258209228516,-9.002814292907715,-11.298979759216309,-10.316807746887207,-6.73194694519043,-3.903604030609131,-6.46816873550415,-8.172727584838867,-7.2187957763671875,-8.336468696594238,-8.28494930267334,-7.871909141540527,-8.645644187927246,-7.915297985076904
-15.861286163330078,-14.909810066223145,-14.034382820129395,-14.157596588134766,-14.598358154296875,-12.201346397399902,-9.913103103637695,-9.71096134185791,-8.955496788024902,-9.70565414428711,-11.179143905639648,-11.269184112548828,-12.010584831237793,-12.73306941986084,-14.644564628601074,-15.253511428833008,-14.226737976074219,-14.429491996765137,-15.528892517089844,-15.677359580993652,-14.600008964538574,-12.834688186645508,-11.306036949157715,-11.06857681274414,-11.26531982421875,-9.564733505249023,-8.231338500976562,-9.620707511901855,-9.699840545654297,-7.8044962882995605,-5.116841793060303,-6.5827860832214355,-8.11924934387207,-6.903665542602539,-6.633254528045654,-7.884422302246094,-9.787281036376953,-9.908411979675293,-8.410311698913574,-7.878639221191406,-8.783670425415039,-9.079042434692383,-8.223875999450684
-15.000958442687988,-14.989895820617676,-13.710183143615723,-13.343183517456055,-13.513782501220703,-12.313620567321777,-12.082843780517578,-14.090929985046387,-14.268881797790527,-13.108072280883789,-14.440406799316406,-11.918750762939453,-13.028376579284668,-13.665631294250488,-14.787503242492676,-14.525453567504883,-13.051791191101074,-14.584455490112305,-15.589998245239258,-15.496963500976562,-14.266541481018066,-12.318045616149902,-10.774758338928223,-10.386268615722656,-10.03093147277832,-9.081522941589355,-8.422379493713379,-9.48766803741455,-11.496652603149414,-10.438730239868164,-6.239734649658203,-7.645256519317627,-6.304352283477783,-9.78972053527832,-10.590513229370117,-10.977892875671387,-12.218793869018555,-11.47133731842041,-9.221598625183105,-8.930237770080566,-9.638311386108398,-8.86249828338623,-6.38083553314209
-14.837404251098633,-15.300726890563965,-12.570096969604492,-9.278401374816895,-9.725930213928223,-11.941705703735352,-14.736952781677246,-18.965557098388672,-20.392324447631836,-18.705739974975586,-16.317407608032227,-14.084343910217285,-13.642938613891602,-14.345222473144531,-14.605367660522461,-12.274368286132812,-8.39285659790039,-11.18979549407959,-13.816329956054688,-13.55157470703125,-12.035883903503418,-9.922745704650879,-8.8465576171875,-9.233187675476074,-8.948576927185059,-8.506853103637695,-7.750385284423828,-8.063183784484863,-10.573646545410156,-10.657830238342285,-7.579922676086426,-7.70182466506958,-9.13316822052002,-11.54309368133545,-11.694519996643066,-12.461827278137207,-13.421706199645996,-11.054813385009766,-9.832742691040039,-10.01895809173584,-9.286731719970703,-9.41014289855957,-5.624927520751953
-16.01683235168457,-16.245086669921875,-15.303324699401855,-12.76904582977295,-14.24887752532959,-15.46255111694336,-16.50156593322754,-17.305450439453125,-17.759767532348633,-17.658456802368164,-16.994230270385742,-15.418929100036621,-14.516757011413574,-14.77161693572998,-14.542582511901855,-13.497015953063965,-10.61082649230957,-8.716508865356445,-12.598861694335938,-13.24180793762207,-11.181453704833984,-6.689591407775879,-5.910763740539551,-7.609726428985596,-7.276607036590576,-9.149148941040039,-8.949394226074219,-6.69673490524292,-7.78593111038208,-8.536844253540039,-7.252881050109863,-7.132900238037109,-9.888517379760742,-10.383073806762695,-11.126121520996094,-12.974442481994629,-13.700299263000488,-11.43410873413086,-8.397917747497559,-7.5568437576293945,-9.40639877319336,-9.17980670928955,-5.869564056396484
-17.254146575927734,-18.016244888305664,-17.707744598388672,-15.934906959533691,-16.528175354003906,-17.644092559814453,-16.939027786254883,-16.45911407470703,-15.900629043579102,-15.236922264099121,-15.258310317993164,-15.001300811767578,-14.53076457977295,-14.289674758911133,-14.034697532653809,-13.58352279663086,-12.891162872314453,-12.587056159973145,-12.581181526184082,-13.090721130371094,-11.945372581481934,-8.17831039428711,-8.037995338439941,-8.532463073730469,-6.943129062652588,-10.13975715637207,-9.784506797790527,-6.223031044006348,-6.404599189758301,-6.410900592803955,-8.492348670959473,-10.260010719299316,-9.775256156921387,-9.016706466674805,-10.581626892089844,-12.839254379272461,-10.769135475158691,-7.0027031898498535,-9.584663391113281,-9.213233947753906,-7.534181118011475,-8.695905685424805,-9.094165802001953
-20.759403228759766,-20.977609634399414,-19.1790714263916,-17.762121200561523,-17.874467849731445,-17.400615692138672,-16.447763442993164,-15.119288444519043,-14.293757438659668,-14.064801216125488,-14.565925598144531,-15.04095458984375,-14.762853622436523,-13.71458911895752,-12.993735313415527,-13.963533401489258,-13.215995788574219,-12.151996612548828,-12.219141960144043,-11.323892593383789,-10.697461128234863,-12.33939266204834,-13.586535453796387,-14.20964527130127,-13.66099739074707,-11.532638549804688,-9.972624778747559,-7.296614646911621,-6.822841167449951,-6.0361785888671875,-7.566985607147217,-10.213706970214844,-10.7068452835083,-9.054314613342285,-9.712332725524902,-11.818312644958496,-9.976492881774902,-8.84310531616211,-13.101624488830566,-11.669746398925781,-7.605712890625,-9.986747741699219,-12.121408462524414
-23.33390998840332,-21.83692741394043,-19.200157165527344,-17.640031814575195,-15.91471004486084,-14.918850898742676,-14.539304733276367,-13.630274772644043,-12.724654197692871,-13.44227123260498,-15.596406936645508,-16.571561813354492,-15.27726936340332,-13.565455436706543,-12.651708602905273,-14.19168472290039,-13.078434944152832,-10.152206420898438,-10.2272310256958,-10.6170072555542,-7.860025405883789,-11.990398406982422,-14.691189765930176,-13.322953224182129,-11.48408031463623,-11.984901428222656,-12.403521537780762,-9.582255363464355,-11.293691635131836,-8.131356239318848,-7.454665184020996,-9.822497367858887,-11.099996566772461,-9.341700553894043,-8.912981033325195,-9.536564826965332,-7.790838241577148,-9.188608169555664,-14.498971939086914,-13.797454833984375,-10.791922569274902,-11.551397323608398,-10.122944831848145
-21.693702697753906,-20.395301818847656,-18.672775268554688,-17.207422256469727,-15.1787691116333,-15.081116676330566,-17.052186965942383,-18.710124969482422,-17.948230743408203,-16.85578155517578,-16.899845123291016,-16.558378219604492,-14.147737503051758,-12.8801908493042,-14.237431526184082,-14.534250259399414,-11.337236404418945,-7.037416934967041,-7.341827869415283,-13.507081031799316,-7.124588966369629,-9.237961769104004,-12.098628044128418,-11.65761947631836,-9.441450119018555,-8.78079891204834,-10.258371353149414,-11.440096855163574,-13.510015487670898,-11.500090599060059,-7.926831245422363,-9.206933975219727,-9.17324447631836,-11.041269302368164,-10.4368257522583,-8.934531211853027,-8.895526885986328,-12.668628692626953,-13.834968566894531,-12.673687934875488,-11.414041519165039,-10.127772331237793,-8.789482116699219
-19.072843551635742,-18.3380126953125,-16.420007705688477,-15.740705490112305,-16.392627716064453,-18.20636558532715,-20.322071075439453,-21.21072769165039,-19.679176330566406,-18.013225555419922,-16.228395462036133,-13.57605266571045,-9.673638343811035,-10.638362884521484,-12.547015190124512,-12.39445686340332,-9.280527114868164,-9.394514083862305,-13.214423179626465,-11.057611465454102,-7.52088737487793,-9.423399925231934,-10.193689346313477,-9.619296073913574,-10.02214527130127,-10.856058120727539,-11.189891815185547,-12.869792938232422,-13.941006660461426,-12.914713859558105,-10.460651397705078,-10.449811935424805,-11.007330894470215,-12.588939666748047,-11.943440437316895,-10.070209503173828,-11.455083847045898,-11.700050354003906,-11.754302978515625,-12.391960144042969,-11.743967056274414,-10.487380027770996,-9.84168815612793
-16.943069458007812,-16.675905227661133,-15.098408699035645,-14.4552640914917,-15.706938743591309,-19.058513641357422,-20.573387145996094,-19.327106475830078,-17.584733963012695,-16.140024185180664,-14.329547882080078,-12.263506889343262,-11.16635513305664,-11.986085891723633,-11.45100212097168,-9.627495765686035,-5.969221591949463,-9.30703353881836,-13.146044731140137,-8.525248527526855,-7.861731052398682,-9.403178215026855,-9.33022403717041,-9.233349800109863,-11.240283012390137,-12.3072509765625,-11.015233039855957,-11.591814041137695,-13.351529121398926,-14.038680076599121,-14.131706237792969,-12.329963684082031,-9.784249305725098,-9.483498573303223,-10.43836784362793,-11.634456634521484,-13.416034698486328,-12.060798645019531,-9.709831237792969,-10.841015815734863,-12.354754447937012,-11.988900184631348,-9.065430641174316
