data/wind_data/wind_11_5.json
{"header": {"parameterUnit": "KT", "parameterCategory": 2, "nx": 256, "ny": 198, "lo1": 44.73521041870117, "la1": -3.236724853515625, "lo2": 111.26478576660156, "la2": 43.468475341796875, "dx": 0.2609002888202667, "dy": -0.23708222806453705, "refTime": "2025-02-19 11:00:00", "forecastTime": 0, "parameterNumber": 2, "parameterNumberName": "eastward_wind"}, "data":
[rows 38 to 56 of 198, columns 132 to 175 of 256]
1.492413878440857,1.9304325580596924,2.641589641571045,3.509230613708496,3.966508388519287,3.0867843627929688,3.928645610809326,2.275442600250244,3.1218743324279785,3.1268837451934814,3.127056121826172,3.446639060974121,3.6234564781188965,3.7605607509613037,4.089609146118164,4.111813545227051,3.951228380203247,3.653268337249756,3.8304049968719482,3.8435349464416504,3.71488881111145,3.3639869689941406,2.8006272315979004,2.3108925819396973,1.9719926118850708,1.5787242650985718,1.049604058265686,0.61274653673172,0.5514262318611145,0.6617364287376404,0.45559006929397583,0.3759700655937195,0.5487801432609558,0.3856026232242584,0.10938221961259842,0.2538442611694336,0.9439798593521118,1.4060767889022827,1.8879369497299194,2.4549036026000977,2.0123062133789062,0.7493928074836731,0.5753029584884644,0.7783651351928711
1.7372264862060547,1.9583178758621216,2.4840805530548096,3.325021505355835,4.514925956726074,4.369534969329834,2.4207425117492676,2.6974141597747803,3.580436944961548,3.278958320617676,3.295574426651001,3.7378134727478027,4.092048168182373,4.387833118438721,4.672451972961426,4.551084518432617,4.1523284912109375,3.903428554534912,4.013646602630615,3.9926931858062744,3.7923743724823,3.4724998474121094,3.096980571746826,2.8142995834350586,2.360271692276001,1.625380277633667,0.9402889013290405,0.6152656674385071,0.7086831331253052,1.048958420753479,1.0920854806900024,1.0461713075637817,1.144679069519043,1.2554426193237305,1.1128371953964233,1.1856751441955566,1.636157751083374,1.8002243041992188,1.8357447385787964,1.9745835065841675,2.082204818725586,1.1534295082092285,0.6225590705871582,0.9755667448043823
1.8625761270523071,2.597240686416626,2.937258005142212,3.4986953735351562,4.942469120025635,5.344658851623535,3.9985222816467285,3.7941484451293945,4.018959045410156,4.145284652709961,4.336273193359375,4.61295747756958,4.872012615203857,5.0404181480407715,5.020935535430908,4.76691198348999,4.493168354034424,4.202215671539307,3.975020408630371,3.740417242050171,3.515650510787964,3.417465925216675,3.264561414718628,3.1725103855133057,2.7996411323547363,1.9066368341445923,1.0666072368621826,0.7730702757835388,0.6345731616020203,0.9424225091934204,1.2092372179031372,1.7065798044204712,1.8364042043685913,1.9305932521820068,1.9933079481124878,1.944712519645691,2.3685827255249023,2.6403298377990723,2.2141714096069336,1.4727963209152222,1.5299501419067383,1.6859018802642822,1.1985888481140137,0.9974105358123779
-0.24754652380943298,1.050199031829834,1.7445104122161865,3.250899076461792,4.9617228507995605,5.764594078063965,5.463648796081543,5.396346569061279,5.725897312164307,5.981428623199463,6.196140766143799,6.023487091064453,5.634460926055908,5.359318733215332,5.216484546661377,4.992199420928955,4.547552108764648,4.129779815673828,3.9190595149993896,3.8640923500061035,3.5698082447052,3.2963309288024902,3.327338218688965,3.371544361114502,3.0990161895751953,2.4312212467193604,1.7917202711105347,1.3839643001556396,0.9386157989501953,0.9773589372634888,1.1099032163619995,1.9189095497131348,2.6212875843048096,2.5966577529907227,2.528949022293091,2.5966434478759766,3.066394090652466,3.4972047805786133,3.0512821674346924,1.9580038785934448,1.3749420642852783,1.7861546277999878,1.7272788286209106,1.3505065441131592
-4.41404914855957,-3.163722515106201,-1.7803611755371094,0.03590810298919678,1.529751181602478,2.661512851715088,3.8045575618743896,5.205185890197754,6.454087734222412,7.196282863616943,7.3993144035339355,6.882707595825195,6.0623321533203125,5.424813747406006,5.208439350128174,5.023655414581299,4.609694480895996,4.198126316070557,4.006937026977539,3.9190757274627686,3.6008107662200928,3.2939465045928955,3.2241523265838623,3.312284469604492,3.1386280059814453,2.8360137939453125,2.5044519901275635,2.2016541957855225,1.933298110961914,1.7642031908035278,1.6849818229675293,2.2801644802093506,2.9595932960510254,3.141779899597168,2.9880473613739014,3.1261630058288574,3.3876495361328125,3.5024008750915527,3.485813617706299,2.9495327472686768,2.0433406829833984,1.9884144067764282,2.094669818878174,1.8034387826919556
-7.965748310089111,-7.0578532218933105,-5.878641128540039,-4.54573917388916,-3.31609845161438,-2.1176981925964355,-0.7250999212265015,0.6818034648895264,1.6235064268112183,2.3156282901763916,3.0618691444396973,3.6533913612365723,3.857114791870117,4.08176326751709,4.486647605895996,4.826908588409424,4.944400787353516,4.8271660804748535,4.63582181930542,4.325363636016846,3.789030075073242,3.298987865447998,3.0856924057006836,2.910869836807251,2.8306374549865723,2.846937417984009,2.9195520877838135,3.037135362625122,2.9765899181365967,2.849510431289673,2.7916507720947266,3.138450860977173,3.543205976486206,3.652353048324585,3.500526189804077,3.4437077045440674,3.2981598377227783,2.99212384223938,3.236368417739868,3.2805213928222656,2.7219507694244385,2.5262601375579834,2.5558154582977295,2.3059885501861572
-9.849003791809082,-9.61598014831543,-9.085833549499512,-7.707931041717529,-6.029470443725586,-5.051778793334961,-4.456303119659424,-3.7974696159362793,-3.189744234085083,-2.557377338409424,-1.8182439804077148,-0.9836556911468506,0.013694600202143192,1.0241124629974365,1.8311767578125,2.7006256580352783,3.658907413482666,4.452969074249268,4.925736427307129,5.029844760894775,4.669520854949951,4.018233299255371,3.523139238357544,3.220139503479004,2.932082176208496,2.895324945449829,3.2681543827056885,3.6638989448547363,3.7851831912994385,3.774343252182007,3.8816840648651123,4.1812005043029785,4.424798488616943,4.349280834197998,4.065187454223633,3.7992048263549805,3.3840816020965576,3.1313223838806152,3.3303680419921875,3.271970748901367,2.7744393348693848,2.6345391273498535,2.8647477626800537,2.894352912902832
-11.026895523071289,-11.16343879699707,-11.032654762268066,-10.278314590454102,-8.324960708618164,-7.1698784828186035,-6.750355243682861,-6.1054534912109375,-5.589263916015625,-5.345020294189453,-4.996347427368164,-4.219099521636963,-3.023088216781616,-2.0345518589019775,-1.3486005067825317,-0.5297913551330566,0.5460800528526306,1.6837695837020874,2.68925142288208,3.485227108001709,4.015196800231934,4.227811813354492,4.140046119689941,3.946359395980835,3.763256311416626,3.5932538509368896,3.704117774963379,3.997683525085449,4.316652774810791,4.54123592376709,4.729491233825684,4.998380661010742,5.133385181427002,4.977727890014648,4.646008014678955,4.260096073150635,3.984428882598877,3.9320061206817627,3.89066743850708,3.6364731788635254,3.061650037765503,2.7534396648406982,2.9973855018615723,3.28371524810791
-10.944598197937012,-11.408974647521973,-11.677542686462402,-11.20350170135498,-9.765158653259277,-8.863665580749512,-8.473114967346191,-7.969398021697998,-7.65207052230835,-7.532796382904053,-7.0240960121154785,-6.0087666511535645,-4.851613998413086,-3.9367921352386475,-3.445777177810669,-2.9202370643615723,-2.1044843196868896,-1.1909970045089722,-0.3438850939273834,0.5394749045372009,1.4600151777267456,2.2923882007598877,2.958569049835205,3.4947690963745117,3.863844156265259,4.047739028930664,4.312191009521484,4.627715587615967,4.901659965515137,5.206343173980713,5.533535003662109,5.790838241577148,5.824464321136475,5.5284199714660645,5.095738887786865,4.852362155914307,4.8046650886535645,4.685477256774902,4.383177280426025,4.215395450592041,3.9064102172851562,3.4772355556488037,3.5082430839538574,3.713779926300049
-9.91317367553711,-10.644962310791016,-11.043774604797363,-10.548881530761719,-9.770560264587402,-9.334267616271973,-8.968635559082031,-8.6665620803833,-8.595298767089844,-8.40821361541748,-7.755270957946777,-6.797435760498047,-5.697174072265625,-4.807074546813965,-4.405670166015625,-4.04912805557251,-3.5255048274993896,-2.8741605281829834,-2.317690849304199,-1.620662808418274,-0.7275236248970032,0.26219120621681213,1.2109718322753906,2.023050308227539,2.722043514251709,3.3307669162750244,3.9580516815185547,4.601839065551758,5.243746757507324,5.811014652252197,6.230757236480713,6.534950256347656,6.735436916351318,6.471161365509033,5.890722274780273,5.627100467681885,5.496359825134277,5.200955390930176,4.794554710388184,4.6877946853637695,4.658644676208496,4.342702388763428,4.359553337097168,4.435824871063232
-8.644878387451172,-9.131681442260742,-9.415078163146973,-9.226977348327637,-8.812389373779297,-8.378244400024414,-8.121906280517578,-8.092347145080566,-7.97699499130249,-7.67421293258667,-7.315208911895752,-6.794040679931641,-6.002391815185547,-5.295133113861084,-4.838696479797363,-4.459768295288086,-4.125551700592041,-3.761587619781494,-3.464700222015381,-2.9175593852996826,-2.0400986671447754,-1.0602226257324219,-0.0985691174864769,0.6185367107391357,1.195099115371704,1.8398562669754028,2.5889530181884766,3.362399101257324,4.3242292404174805,5.469079494476318,6.533153057098389,7.16619873046875,7.548765182495117,7.578536510467529,7.1203532218933105,6.65071439743042,6.287121772766113,5.873504161834717,5.48249626159668,5.336301803588867,5.287823677062988,5.044601917266846,4.910818099975586,4.944583415985107
-7.335146427154541,-7.333808898925781,-7.538565635681152,-7.838310241699219,-7.786852836608887,-7.507156848907471,-7.375161647796631,-7.226250648498535,-6.74440336227417,-6.395264625549316,-6.24468994140625,-5.951048851013184,-5.530386447906494,-5.033543586730957,-4.698362350463867,-4.479557991027832,-4.20611047744751,-3.9431514739990234,-3.7354977130889893,-3.3112924098968506,-2.6798200607299805,-1.8661205768585205,-1.0626224279403687,-0.5864004492759705,-0.24316300451755524,0.3022429049015045,1.0575709342956543,1.9333893060684204,2.9007890224456787,4.047755241394043,5.384368419647217,6.640598773956299,7.578399658203125,8.237993240356445,8.35894775390625,7.985762596130371,7.457023620605469,6.937861442565918,6.598578929901123,6.523056983947754,6.332157135009766,5.840245723724365,5.253649711608887,5.03026008605957
-6.429941654205322,-6.027122974395752,-6.045560359954834,-6.522144317626953,-6.950423717498779,-7.120896339416504,-7.0328288078308105,-6.654042720794678,-5.964169502258301,-5.372122287750244,-5.1119465827941895,-4.878422737121582,-4.399927139282227,-3.954157829284668,-3.8777029514312744,-3.8898823261260986,-3.918264389038086,-3.7262325286865234,-3.4714138507843018,-3.070390224456787,-2.7371952533721924,-2.255242109298706,-1.7257435321807861,-1.3763165473937988,-1.1163711547851562,-0.6409828662872314,0.15692542493343353,1.1193633079528809,1.9882028102874756,2.8695101737976074,3.860976219177246,5.112481594085693,6.384167671203613,7.552583694458008,8.503218650817871,8.857535362243652,8.57387638092041,8.134056091308594,7.8682990074157715,7.803847312927246,7.586371898651123,6.930271148681641,6.0096755027771,5.314541816711426
-5.879745960235596,-5.163828372955322,-4.624282360076904,-4.971120357513428,-5.965017318725586,-6.2940592765808105,-6.010612964630127,-5.717210292816162,-5.27001953125,-4.763378143310547,-4.461576461791992,-4.143352508544922,-3.5485780239105225,-2.9716062545776367,-2.7468318939208984,-2.858278274536133,-3.122148275375366,-3.115849256515503,-2.8738481998443604,-2.6646978855133057,-2.306429624557495,-2.04335355758667,-1.7943286895751953,-1.5791822671890259,-1.4104560613632202,-1.0015974044799805,-0.15773265063762665,0.8686851263046265,1.6764272451400757,2.3156204223632812,2.943265199661255,3.827918767929077,4.815382480621338,5.978934288024902,7.2616801261901855,8.233988761901855,8.528231620788574,8.57320785522461,8.714098930358887,8.840659141540527,8.766685485839844,8.264616966247559,7.312600612640381,6.327157497406006
-5.041200637817383,-4.247657775878906,-3.4492459297180176,-3.6164700984954834,-4.483211994171143,-4.75570011138916,-4.435900688171387,-4.073565483093262,-3.8637473583221436,-3.7553818225860596,-3.7182962894439697,-3.5319015979766846,-3.059122085571289,-2.462581157684326,-2.0833752155303955,-2.027878999710083,-2.033503532409668,-1.9910202026367188,-2.0009162425994873,-1.9044568538665771,-1.705223798751831,-1.372441291809082,-1.1757442951202393,-1.0695048570632935,-0.9868147373199463,-0.7379631996154785,-0.10843659937381744,0.8135807514190674,1.662485122680664,2.2995681762695312,2.987114191055298,3.6263651847839355,4.242702960968018,4.90962028503418,5.650352954864502,6.650057315826416,7.5964765548706055,8.213576316833496,8.786120414733887,9.244787216186523,9.448383331298828,9.41055679321289,8.898089408874512,7.96752405166626
-3.6069061756134033,-2.971820592880249,-2.374692916870117,-2.4015307426452637,-2.9309377670288086,-3.236926794052124,-2.9026341438293457,-2.341911554336548,-2.035637140274048,-2.0215632915496826,-2.294367790222168,-2.5023064613342285,-2.4040167331695557,-2.01017689704895,-1.5964796543121338,-1.3560956716537476,-1.1151763200759888,-0.9126438498497009,-0.9031582474708557,-0.9819552898406982,-0.8911649584770203,-0.614245593547821,-0.3254973888397217,-0.15966401994228363,-0.06412837654352188,0.05676918476819992,0.348432719707489,0.9170863032341003,1.7210164070129395,2.5306613445281982,3.2938339710235596,3.8049914836883545,4.1516242027282715,4.525681972503662,4.900205135345459,5.481461524963379,6.4655280113220215,7.292627811431885,7.989908695220947,8.57807731628418,9.062867164611816,9.541872024536133,9.810091018676758,9.493059158325195
-1.9288259744644165,-1.599779486656189,-1.3900163173675537,-1.2689166069030762,-1.5000847578048706,-1.7453597784042358,-1.3742185831069946,-0.8595452904701233,-0.5061004757881165,-0.36248457431793213,-0.5871000289916992,-0.9557578563690186,-1.20766019821167,-1.194495439529419,-0.9268804788589478,-0.5990651845932007,-0.30396568775177,-0.03273529186844826,0.12791061401367188,0.1470668613910675,0.13841421902179718,0.2740258574485779,0.5178074240684509,0.7446017861366272,0.9109171032905579,1.0079463720321655,1.0967556238174438,1.341070294380188,1.8932081460952759,2.7125585079193115,3.4234445095062256,3.7898099422454834,4.015895843505859,4.418123722076416,4.867300510406494,5.263387203216553,5.929840564727783,6.6297760009765625,7.114011287689209,7.473995208740234,7.904076099395752,8.582054138183594,9.38100814819336,9.91364860534668
-0.5513874888420105,-0.41956827044487,-0.27422401309013367,-0.1832543909549713,-0.33225899934768677,-0.3850685954093933,0.09169964492321014,0.48628655076026917,0.7743960618972778,0.9561868906021118,0.9078694581985474,0.6723312139511108,0.3774292767047882,0.17007027566432953,0.17857782542705536,0.3829881548881531,0.6453137397766113,0.9418270587921143,1.2212635278701782,1.3207365274429321,1.3018707036972046,1.3244935274124146,1.4479037523269653,1.6143827438354492,1.7686724662780762,1.8731023073196411,1.926042079925537,2.087717056274414,2.475839614868164,3.0587141513824463,3.613063097000122,3.9887773990631104,4.2708516120910645,4.658555030822754,5.170831203460693,5.570416450500488,6.033246994018555,6.673617839813232,6.987255573272705,6.954998016357422,7.035233974456787,7.532772064208984,8.309906959533691,9.174498558044434
0.6097707748413086,0.7174809575080872,0.9182178974151611,0.8159096837043762,0.7336384654045105,0.9807600378990173,1.434377908706665,1.5746546983718872,1.870953917503357,2.17338228225708,2.2865889072418213,2.1721105575561523,1.9294182062149048,1.736365795135498,1.6684521436691284,1.715069055557251,1.867836356163025,2.1074507236480713,2.356499195098877,2.4637556076049805,2.4688260555267334,2.451307535171509,2.504258394241333,2.6217596530914307,2.751964807510376,2.82584810256958,2.86061692237854,2.949697256088257,3.152904987335205,3.4803695678710938,3.9043428897857666,4.393095970153809,4.913530349731445,5.419053554534912,5.945749282836914,6.289872646331787,6.389909744262695,6.700648307800293,7.150442123413086,7.231822967529297,7.099586009979248,7.2801289558410645,7.783692836761475,8.391714096069336
