data/wind_data/wind_test.json
{"header": {"parameterUnit": "KT", "parameterCategory": 2, "nx": 256, "ny": 198, "lo1": 44.73521041870117, "la1": -3.236724853515625, "lo2": 111.26478576660156, "la2": 43.468475341796875, "dx": 0.2609002888202667, "dy": -0.23708222806453705, "refTime": "2025-02-19 00:00:00", "forecastTime": 0, "parameterNumber": 2, "parameterNumberName": "eastward_wind"}, "data":
[rows 160 to 179 of 198, columns 44 to 87 of 256]
35.01560592651367,33.80712127685547,33.862823486328125,34.7285270690918,35.13991165161133,34.63182830810547,33.29703140258789,31.939176559448242,31.593666076660156,31.449819564819336,31.2675838470459,31.982587814331055,33.35940170288086,34.15284729003906,34.571022033691406,35.66242599487305,38.079036712646484,40.0423583984375,41.44111251831055,42.66717529296875,44.484840393066406,46.18214416503906,47.853912353515625,49.00110626220703,50.015403747558594,50.356380462646484,49.61991500854492,48.830108642578125,49.15338897705078,50.31310272216797,50.87009048461914,51.37178039550781,52.02003860473633,53.77190399169922,55.75798416137695,57.83073806762695,58.98502731323242,59.725894927978516,60.18739700317383,60.20059585571289,60.35665512084961,60.21247482299805,59.35594177246094,58.02585983276367
33.50181198120117,32.262332916259766,31.88042449951172,31.73532485961914,32.22775650024414,32.26985168457031,31.45697593688965,30.424396514892578,30.143882751464844,30.243131637573242,29.717443466186523,29.99561309814453,31.441919326782227,31.879562377929688,32.3994255065918,33.55635452270508,34.973670959472656,37.196590423583984,39.0167236328125,40.44716262817383,41.935028076171875,43.318058013916016,44.93437194824219,46.86110305786133,47.594398498535156,47.50543975830078,47.155155181884766,46.97917175292969,47.5466423034668,48.70561218261719,50.25774002075195,51.214820861816406,51.48127746582031,52.1437873840332,54.04908752441406,56.14139175415039,57.99928665161133,58.67849349975586,59.22734832763672,59.04884338378906,59.128841400146484,59.8193359375,59.758628845214844,58.8702392578125
32.850276947021484,32.004364013671875,31.26465606689453,30.182228088378906,28.950014114379883,29.026826858520508,29.36969566345215,28.94508171081543,28.82218360900879,29.003463745117188,28.336570739746094,28.84578514099121,29.97197723388672,30.57132339477539,30.93015480041504,31.38222312927246,32.608253479003906,34.37140655517578,36.31782150268555,38.061378479003906,39.78657531738281,41.06544876098633,42.164485931396484,43.949462890625,45.35569763183594,45.48124313354492,44.97633361816406,44.6890869140625,45.23931884765625,46.44664764404297,48.13600158691406,49.798728942871094,50.38591766357422,50.82406234741211,52.556617736816406,54.57235336303711,56.22686004638672,57.41783905029297,57.72444534301758,57.23357391357422,57.91958236694336,59.41537857055664,59.16609191894531,57.81960678100586
31.854576110839844,31.011890411376953,30.302705764770508,29.18674659729004,27.300395965576172,26.44301986694336,27.086069107055664,27.600467681884766,27.82598876953125,27.876001358032227,27.602176666259766,27.735286712646484,28.357919692993164,29.291656494140625,29.85887908935547,30.019609451293945,30.732805252075195,32.23124313354492,34.0212287902832,35.832244873046875,37.63873291015625,38.9815788269043,40.02339553833008,41.71467208862305,43.484596252441406,44.1396369934082,43.93709182739258,43.51352310180664,43.71864318847656,44.807701110839844,46.27714157104492,47.72021484375,48.662506103515625,49.499610900878906,51.40297317504883,53.071693420410156,54.37077331542969,55.598358154296875,56.111244201660156,55.771080017089844,56.33013916015625,58.290985107421875,58.814002990722656,57.58442687988281
30.741107940673828,29.689664840698242,29.126632690429688,28.345844268798828,26.598472595214844,24.808320999145508,24.720401763916016,25.96512222290039,26.84200668334961,26.816226959228516,26.596643447875977,26.5709171295166,26.956037521362305,28.016265869140625,28.78009033203125,28.863422393798828,29.253026962280273,30.472959518432617,32.0552978515625,33.772579193115234,35.52617263793945,36.904205322265625,37.99179458618164,39.7518424987793,41.702205657958984,42.741432189941406,43.07722091674805,43.01408767700195,43.03533172607422,43.750858306884766,45.00597381591797,46.19792938232422,47.13298034667969,48.25315856933594,50.1099853515625,51.45149230957031,52.60794448852539,53.7263069152832,54.59138107299805,54.934207916259766,55.34272384643555,57.03943634033203,58.4765625,58.021507263183594
29.698455810546875,28.280498504638672,27.7016544342041,27.31650733947754,25.972658157348633,23.727319717407227,22.56519317626953,23.703088760375977,25.13043975830078,25.5220947265625,25.276546478271484,25.32738494873047,25.67681312561035,26.725231170654297,27.553443908691406,27.755908966064453,28.107168197631836,28.95743751525879,30.308958053588867,31.873682022094727,33.50185012817383,34.853363037109375,35.9714241027832,37.65839385986328,39.631404876708984,40.921390533447266,41.78251266479492,42.34334182739258,42.63973617553711,43.133628845214844,44.23896408081055,45.2974967956543,45.897911071777344,47.01655960083008,48.69581604003906,49.87711715698242,51.04351806640625,52.18281936645508,53.358306884765625,54.52400588989258,54.98438262939453,56.05361557006836,57.952308654785156,58.39786148071289
28.790756225585938,27.007938385009766,26.08547019958496,25.87474250793457,24.96659278869629,22.857646942138672,20.994504928588867,21.08646011352539,22.548200607299805,23.859140396118164,24.068323135375977,24.040624618530273,24.27762222290039,25.342937469482422,26.26923942565918,26.806297302246094,27.196327209472656,27.76698112487793,28.798486709594727,30.099485397338867,31.551528930664062,32.89944076538086,34.0977897644043,35.462860107421875,37.25631332397461,38.83246612548828,40.08059310913086,41.097042083740234,41.9976921081543,42.724876403808594,43.685428619384766,44.49159240722656,44.767879486083984,45.783203125,47.49625015258789,48.643123626708984,49.71005630493164,50.896385192871094,52.23629379272461,53.87068557739258,54.50728225708008,55.28976821899414,57.151466369628906,58.09328079223633
28.0944766998291,26.573776245117188,25.007308959960938,24.192209243774414,23.778484344482422,22.539628982543945,20.369888305664062,19.19985008239746,20.183643341064453,22.162939071655273,23.067399978637695,22.861909866333008,22.705745697021484,23.543155670166016,24.898834228515625,25.790172576904297,26.33462905883789,26.96316146850586,27.65607452392578,28.389259338378906,29.624755859375,31.041940689086914,32.296913146972656,33.61453628540039,35.19443130493164,36.95811462402344,38.39345932006836,39.741092681884766,41.05312728881836,42.069847106933594,42.95806884765625,43.65287780761719,43.96929168701172,44.83881378173828,46.67867660522461,47.81749725341797,48.54877471923828,49.40574264526367,50.54845428466797,52.10409164428711,53.232669830322266,54.40876388549805,55.980995178222656,56.936153411865234
27.145244598388672,26.246421813964844,24.435562133789062,22.924732208251953,22.584314346313477,22.0718994140625,20.80794334411621,18.821025848388672,18.4681339263916,19.858741760253906,21.20494270324707,21.682016372680664,21.727508544921875,22.255308151245117,23.169015884399414,24.217119216918945,25.31906509399414,26.050718307495117,26.716081619262695,27.242252349853516,28.008161544799805,29.31434440612793,30.8868350982666,32.27162551879883,33.65583419799805,35.17989730834961,36.719383239746094,38.2198600769043,39.75305938720703,40.98684310913086,41.89472961425781,42.557029724121094,42.7940788269043,43.8525276184082,45.65266799926758,47.0212516784668,47.6518669128418,48.430206298828125,49.52064514160156,50.67487335205078,51.6401481628418,52.72224044799805,54.06985092163086,54.85661315917969
26.159950256347656,25.662353515625,24.264915466308594,22.222593307495117,21.203487396240234,21.54122543334961,21.446020126342773,19.166990280151367,17.88089370727539,17.391498565673828,18.578744888305664,19.748321533203125,20.3341007232666,20.972850799560547,21.743196487426758,22.83109474182129,23.914039611816406,24.863746643066406,25.74908447265625,26.309396743774414,26.963821411132812,28.032079696655273,29.52604866027832,31.082176208496094,32.49892044067383,33.76907730102539,35.06381607055664,36.48580551147461,38.183231353759766,39.91374588012695,40.915401458740234,41.302528381347656,41.5023193359375,42.38533020019531,44.2301139831543,45.75699996948242,46.36674118041992,47.047603607177734,48.31139373779297,49.4255256652832,49.988136291503906,51.14683151245117,52.44553756713867,53.13725662231445
25.334585189819336,24.90798568725586,24.123870849609375,22.37470817565918,20.64986228942871,20.414825439453125,20.521814346313477,19.872379302978516,18.578229904174805,16.79544448852539,16.59299659729004,17.843412399291992,19.173168182373047,19.883262634277344,20.52052879333496,21.52375030517578,22.54888153076172,23.67353057861328,24.525575637817383,25.172561645507812,25.947391510009766,27.0394229888916,28.432621002197266,29.955949783325195,31.37356185913086,32.56428909301758,33.639495849609375,34.899139404296875,36.61078643798828,38.46178436279297,39.67980194091797,40.22705841064453,40.640594482421875,41.285369873046875,43.19101333618164,44.5846061706543,45.10666275024414,45.79199981689453,47.15584945678711,48.36921691894531,48.788272857666016,49.88072204589844,51.39019775390625,52.32976531982422
24.86461067199707,24.44658660888672,23.946468353271484,22.831680297851562,20.935035705566406,19.72585678100586,19.436161041259766,20.29003143310547,19.514850616455078,17.78351593017578,16.29597282409668,16.641542434692383,18.065349578857422,19.01712989807129,19.52971839904785,20.240026473999023,21.14674186706543,22.322214126586914,23.154312133789062,23.97119140625,24.82691192626953,25.997602462768555,27.383007049560547,28.861467361450195,30.25710105895996,31.453134536743164,32.49525833129883,33.732173919677734,35.348323822021484,36.95880126953125,38.39848709106445,39.34784698486328,40.00648498535156,40.63972473144531,42.512149810791016,43.947696685791016,44.40615463256836,45.08797073364258,46.32499694824219,47.5362663269043,48.20846176147461,49.227760314941406,50.83525466918945,51.93559646606445
24.753698348999023,24.614797592163086,23.944664001464844,23.030948638916016,21.5496768951416,20.48862075805664,20.031164169311523,19.991724014282227,19.540395736694336,18.80714988708496,17.64519500732422,16.49292755126953,16.756454467773438,18.0674991607666,18.666170120239258,19.001384735107422,19.53203582763672,20.571767807006836,21.737886428833008,22.870933532714844,23.739459991455078,24.772796630859375,26.0552978515625,27.604780197143555,29.07166862487793,30.29924964904785,31.502519607543945,32.922462463378906,34.428287506103516,35.817726135253906,37.32190704345703,38.45411682128906,39.20404815673828,40.079524993896484,41.831504821777344,43.847137451171875,44.45966339111328,45.01735305786133,45.99961853027344,47.066593170166016,48.09955596923828,49.182212829589844,50.50898742675781,51.29292297363281
24.542200088500977,24.95447540283203,24.42568588256836,23.565044403076172,22.422895431518555,21.32063865661621,20.6289005279541,19.71703338623047,18.9885196685791,18.909339904785156,18.821945190429688,17.404111862182617,16.215166091918945,16.359500885009766,17.27295684814453,17.80127716064453,18.12911033630371,18.698266983032227,19.922679901123047,21.32264518737793,22.69257164001465,23.830738067626953,24.611934661865234,25.627283096313477,27.15411376953125,28.785696029663086,30.40847396850586,31.881229400634766,33.25707244873047,34.52571105957031,35.92166519165039,37.33174514770508,38.498138427734375,39.50883102416992,41.31545639038086,43.661827087402344,44.714839935302734,45.282630920410156,46.25423812866211,47.32000732421875,48.19449996948242,48.8775749206543,50.08543395996094,50.72581481933594
24.205066680908203,24.838298797607422,24.872379302978516,24.15626335144043,23.33291244506836,22.608325958251953,21.642309188842773,20.518640518188477,19.152616500854492,18.52228355407715,19.000019073486328,18.4088134765625,16.642332077026367,15.760517120361328,16.168230056762695,16.839649200439453,17.31841278076172,17.974824905395508,18.786666870117188,19.819246292114258,21.05779457092285,22.259601593017578,23.301504135131836,24.18584632873535,25.523263931274414,27.058712005615234,28.81631088256836,30.323848724365234,31.691612243652344,33.06450653076172,34.451847076416016,35.90897750854492,37.35541534423828,38.4759521484375,40.3671875,42.94364547729492,44.259185791015625,44.80736541748047,45.67818069458008,46.6533088684082,47.70657730102539,48.725364685058594,49.85803985595703,50.46524429321289
24.383373260498047,24.645444869995117,24.919898986816406,24.634366989135742,24.008968353271484,23.496379852294922,22.711162567138672,21.373517990112305,19.977022171020508,18.710020065307617,18.459131240844727,18.358434677124023,17.260578155517578,16.222963333129883,16.092958450317383,16.647336959838867,17.04970359802246,17.609451293945312,18.375110626220703,19.404090881347656,20.448734283447266,21.51032829284668,22.422950744628906,23.153234481811523,24.18467903137207,25.670156478881836,27.34770393371582,28.863323211669922,30.11113739013672,31.48835563659668,32.81010818481445,34.143829345703125,35.55570602416992,37.107765197753906,39.180625915527344,41.709983825683594,43.17918014526367,43.33434295654297,43.95545196533203,45.29129409790039,46.62736511230469,47.492061614990234,48.63490676879883,50.456539154052734
24.815448760986328,24.590206146240234,24.802339553833008,24.8348388671875,24.267642974853516,23.675155639648438,23.243520736694336,22.23870277404785,20.895915985107422,19.381996154785156,18.4001407623291,18.069639205932617,17.540143966674805,16.82400894165039,16.673316955566406,17.219676971435547,17.436500549316406,17.646963119506836,18.310117721557617,19.30388641357422,20.36209487915039,21.38255500793457,22.235788345336914,22.986194610595703,23.77259063720703,24.970359802246094,26.235990524291992,27.438907623291016,28.584104537963867,29.904844284057617,31.299392700195312,32.71809005737305,34.14162063598633,35.895816802978516,37.77054977416992,39.88325119018555,41.491973876953125,41.45750427246094,41.625179290771484,43.023658752441406,44.49738311767578,45.68463134765625,47.519195556640625,50.05469512939453
25.17908477783203,24.740440368652344,24.698474884033203,24.735206604003906,24.29220962524414,23.55716323852539,23.2344913482666,22.92326545715332,21.620866775512695,20.21295928955078,19.162317276000977,18.344886779785156,17.738082885742188,17.26714515686035,17.427913665771484,18.06342887878418,18.21173667907715,18.12984275817871,18.44690704345703,19.1570987701416,20.302885055541992,21.421905517578125,22.506256103515625,23.467037200927734,24.20479393005371,24.992578506469727,25.72348976135254,26.41444969177246,27.43511962890625,28.709646224975586,30.229591369628906,31.856536865234375,33.366641998291016,34.85940170288086,36.22432327270508,37.755584716796875,39.52689743041992,39.960330963134766,39.53263473510742,40.17428207397461,41.51460266113281,43.73981475830078,46.5107536315918,48.40500259399414
25.356002807617188,24.99082374572754,24.562885284423828,24.489551544189453,24.548995971679688,24.04227066040039,23.374038696289062,22.947595596313477,22.31358528137207,20.980134963989258,19.879484176635742,19.245256423950195,18.743932723999023,18.170778274536133,18.138395309448242,18.427165985107422,18.701074600219727,18.848939895629883,19.03120231628418,19.598482131958008,20.496288299560547,21.51296043395996,22.624906539916992,23.645383834838867,24.547853469848633,25.43836784362793,26.040525436401367,26.605375289916992,27.241809844970703,28.46933364868164,29.761491775512695,31.107423782348633,32.31884765625,33.48564910888672,34.78646469116211,35.999786376953125,37.84994888305664,39.24281311035156,38.26828384399414,37.677555084228516,38.70387268066406,41.471431732177734,43.969783782958984,44.95896530151367
25.11350440979004,24.7984676361084,24.67910385131836,24.48781394958496,24.571441650390625,24.47447395324707,23.845211029052734,23.111419677734375,22.655609130859375,21.62558937072754,20.568445205688477,20.009170532226562,19.70578956604004,19.252504348754883,18.891080856323242,18.690650939941406,18.7415828704834,19.411500930786133,20.145549774169922,21.057083129882812,21.992597579956055,22.936527252197266,23.608989715576172,24.401397705078125,25.279890060424805,25.859355926513672,26.400724411010742,26.921083450317383,27.607450485229492,28.672378540039062,29.905292510986328,30.776912689208984,31.338533401489258,32.433902740478516,34.066017150878906,34.80260467529297,35.85218811035156,36.7239990234375,35.45626449584961,35.49620819091797,36.95724105834961,39.00775909423828,41.2613410949707,42.416812896728516
