data/wind_data/wind_Surface_67.json
{"header": {"parameterUnit": "KT", "parameterCategory": 2, "nx": 255, "ny": 198, "lo1": 44.73521041870117, "la1": -3.236724853515625, "lo2": 111.26478576660156, "la2": 43.468475341796875, "dx": 0.26192745566368103, "dy": -0.23708222806453705, "refTime": "2025-02-21 19:00:00", "forecastTime": 0, "parameterNumber": 2, "parameterNumberName": "eastward_wind"}, "data":
[rows 133 to 151 of 198, columns 43 to 85 of 255]
11.584858894348145,12.702281951904297,9.243485450744629,5.124444961547852,5.381504535675049,13.672650337219238,18.82368278503418,14.04432201385498,9.8500394821167,7.482778549194336,2.6452736854553223,-2.89254093170166,-5.674505710601807,-5.49536657333374,-3.6090567111968994,0.2563008964061737,6.193757057189941,10.506025314331055,10.438249588012695,6.970831871032715,-1.5106801986694336,-4.047007083892822,0.08098171651363373,2.5061259269714355,1.8847154378890991,0.5181431770324707,0.29432740807533264,0.21885934472084045,1.1932059526443481,3.2056093215942383,4.226936340332031,2.6800875663757324,-1.86293363571167,-5.229898452758789,-5.773556709289551,-5.010446548461914,-4.376771926879883,-3.5559518337249756,-2.895897626876831,0.2755415737628937,3.9776501655578613,7.267736434936523,11.101987838745117
8.527402877807617,6.357104301452637,5.413671970367432,4.3591413497924805,6.572068691253662,14.828638076782227,16.135482788085938,12.237825393676758,8.398600578308105,4.592077732086182,-2.299708604812622,-7.667594909667969,-7.617933750152588,-4.958989143371582,-2.8891067504882812,0.6578332185745239,6.756080150604248,7.968497276306152,7.678932189941406,6.684129238128662,-0.685286283493042,-3.4106285572052,0.6565889120101929,3.0518648624420166,1.2886416912078857,-0.6953585743904114,0.7562270760536194,2.0092484951019287,1.4591795206069946,1.6484448909759521,-0.6400706768035889,-5.207671165466309,-6.251405715942383,-5.218905925750732,-5.495670318603516,-5.867522239685059,-4.2644572257995605,-2.925964117050171,-3.1829912662506104,-2.3928163051605225,0.6498289108276367,2.4982428550720215,5.091528415679932
2.5863547325134277,3.5857067108154297,5.536499500274658,5.8350934982299805,11.238411903381348,15.826278686523438,14.34323787689209,10.669495582580566,5.890580177307129,-0.9988327622413635,-7.052783489227295,-10.122020721435547,-9.055562973022461,-6.187357425689697,-3.4668612480163574,-0.3933783769607544,2.2513723373413086,3.402949333190918,5.543065547943115,6.393502712249756,0.08956675976514816,-2.0333778858184814,1.4071358442306519,1.8077448606491089,-1.4170513153076172,-3.322282075881958,-0.7538273930549622,2.2485780715942383,2.668555974960327,-0.2257188856601715,-4.412132740020752,-7.666174411773682,-7.115920543670654,-5.461182117462158,-4.765197277069092,-4.924935817718506,-4.083758354187012,-3.030413866043091,-3.8200948238372803,-3.8738903999328613,-1.5609441995620728,-0.6480997800827026,-0.15632487833499908
1.5703519582748413,3.632235527038574,5.724090099334717,9.822324752807617,13.904380798339844,13.166743278503418,11.696600914001465,8.474560737609863,0.8316961526870728,-7.089138031005859,-9.247387886047363,-9.788057327270508,-9.418496131896973,-9.231712341308594,-7.793201923370361,-4.902939319610596,-1.6274821758270264,1.200087308883667,5.200939178466797,6.092531204223633,0.6854667663574219,-1.3989312648773193,1.063401222229004,0.3875619173049927,-1.9453541040420532,-2.0619900226593018,-0.4649607241153717,1.2888725996017456,2.7433183193206787,-0.19234581291675568,-5.33571195602417,-8.135308265686035,-8.06173038482666,-5.630498886108398,-4.193461894989014,-4.531795978546143,-4.173076629638672,-2.638176918029785,-2.4770731925964355,-3.5914556980133057,-2.917208194732666,-2.2731940746307373,-2.0268118381500244
1.8753730058670044,3.7626824378967285,8.818885803222656,12.33307933807373,11.85146713256836,11.460906028747559,9.201333045959473,3.7476136684417725,-4.976860046386719,-8.545951843261719,-10.271079063415527,-9.118451118469238,-7.8905158042907715,-9.11124324798584,-8.862478256225586,-4.794951915740967,-0.04945112392306328,3.3178186416625977,6.556872367858887,6.006043434143066,1.4853596687316895,-2.297595739364624,-1.2958778142929077,-0.8630623817443848,-1.3954089879989624,-1.3898122310638428,-1.6279761791229248,-0.753879189491272,1.0821080207824707,-0.3891315460205078,-4.025158882141113,-6.828169345855713,-8.00257396697998,-6.357649803161621,-4.0676984786987305,-3.450932502746582,-2.712615489959717,-1.1944555044174194,-0.22028598189353943,-2.1695523262023926,-3.590754985809326,-1.0022550821304321,2.3473265171051025
2.0198521614074707,7.637739658355713,13.309845924377441,11.989947319030762,10.84727954864502,10.14059829711914,4.594970226287842,-3.61149263381958,-7.236067771911621,-8.87058162689209,-10.414018630981445,-9.461865425109863,-8.045550346374512,-7.714402198791504,-7.668397903442383,-2.2343578338623047,2.8632826805114746,4.1055908203125,5.04242467880249,5.701087951660156,3.384315013885498,-2.512803554534912,-4.481898784637451,-4.065738201141357,-3.435978412628174,-3.4675865173339844,-3.9804158210754395,-3.1079301834106445,-1.5041687488555908,-2.8791086673736572,-3.5179765224456787,-4.835334777832031,-6.331811904907227,-4.686692237854004,-2.4729926586151123,-1.6570019721984863,-1.2009108066558838,-0.4596124589443207,-0.1920699030160904,-0.8991788625717163,-1.639451503753662,0.08349481225013733,2.355888605117798
6.798704624176025,13.2018461227417,11.930042266845703,8.361166954040527,9.36693000793457,7.486697673797607,-2.3170440196990967,-6.365316867828369,-6.881349563598633,-8.849139213562012,-10.956265449523926,-10.156912803649902,-8.18397331237793,-6.579155445098877,-4.544682502746582,-0.7592890858650208,3.2405736446380615,4.0791802406311035,5.193409442901611,7.1775970458984375,5.290714740753174,-1.9172255992889404,-6.032873153686523,-6.042128086090088,-5.329984188079834,-5.331523895263672,-5.343734264373779,-3.8829288482666016,-3.0313963890075684,-5.081971645355225,-3.934159755706787,-3.600923538208008,-5.638756275177002,-4.866462707519531,-3.720134973526001,-2.7216944694519043,-1.9853248596191406,-1.3229944705963135,-0.8874182105064392,0.08046990633010864,1.5159271955490112,1.999577283859253,1.4376604557037354
10.637133598327637,13.844040870666504,10.50810718536377,7.181236267089844,7.644606113433838,4.329331874847412,-4.264063358306885,-6.399245738983154,-6.8816657066345215,-9.318785667419434,-11.173286437988281,-9.791485786437988,-7.802285671234131,-4.629168510437012,-1.8562302589416504,1.2023261785507202,4.624208450317383,6.08658504486084,7.609500408172607,8.391366004943848,7.531515121459961,-0.2146630883216858,-6.341034889221191,-6.6535420417785645,-6.335111141204834,-6.1642045974731445,-5.715713977813721,-4.922654151916504,-4.930812835693359,-5.934218883514404,-5.342179775238037,-4.633389949798584,-5.349056243896484,-6.874250411987305,-7.171431541442871,-5.065000534057617,-3.305347204208374,-1.051674485206604,-0.8044253587722778,-0.9338425993919373,-0.26996010541915894,-1.249772071838379,-1.8244645595550537
11.579366683959961,12.879339218139648,9.235990524291992,5.56601619720459,4.203873157501221,0.729379415512085,-2.1432807445526123,-5.992549896240234,-8.042099952697754,-9.5757417678833,-10.452211380004883,-8.952826499938965,-6.825465679168701,-3.235353946685791,-0.00021100490994285792,2.280776023864746,5.509005069732666,7.323158264160156,9.350984573364258,8.906058311462402,6.628509998321533,-0.6901509165763855,-6.05742073059082,-6.8612871170043945,-7.15810489654541,-6.907261848449707,-5.807799339294434,-6.286152362823486,-7.5561909675598145,-7.608925819396973,-7.130815029144287,-6.466052055358887,-5.35795259475708,-6.208064556121826,-7.841162204742432,-6.301496982574463,-3.579986095428467,-1.626236081123352,-0.8982789516448975,-0.9817878603935242,-3.140584945678711,-5.363365173339844,-3.086721658706665
11.170052528381348,9.230012893676758,5.134206295013428,1.0610713958740234,-1.1544392108917236,-0.5541210174560547,0.33794453740119934,-5.295599460601807,-9.074402809143066,-9.873922348022461,-9.643428802490234,-7.985775470733643,-5.794642448425293,-1.1024160385131836,2.5442559719085693,3.5515477657318115,5.3400559425354,9.08131217956543,11.483530044555664,7.968267440795898,2.546274185180664,-1.4041208028793335,-4.347835540771484,-6.2185139656066895,-7.753921031951904,-6.345219612121582,-5.6795830726623535,-6.122311115264893,-7.357619285583496,-8.837621688842773,-8.640437126159668,-6.477443218231201,-5.535813808441162,-4.266744136810303,-5.254317283630371,-5.875920295715332,-4.804482936859131,-5.164693832397461,-5.2851643562316895,-1.339003086090088,-0.3477022349834442,-2.057579755783081,-2.5343551635742188
7.342308044433594,4.399679660797119,1.4324231147766113,-1.4856516122817993,-2.939850091934204,-0.8068299889564514,1.219525933265686,-5.0979838371276855,-9.018360137939453,-8.718345642089844,-7.876995086669922,-6.56152868270874,-4.604010581970215,-1.0193392038345337,2.352428436279297,5.0446906089782715,7.247251510620117,10.34007453918457,10.510366439819336,3.2323620319366455,-2.6971118450164795,-1.5135024785995483,-3.1672911643981934,-6.694878101348877,-7.54461145401001,-6.5335869789123535,-6.347837448120117,-7.063671588897705,-8.702600479125977,-10.343863487243652,-9.533852577209473,-7.7387309074401855,-5.821169376373291,-4.753244400024414,-4.251565456390381,-5.398131847381592,-4.705465316772461,-5.603688716888428,-7.6299824714660645,-4.7395405769348145,-0.09386718273162842,0.24763883650302887,-4.2297186851501465
0.983923077583313,-4.469903469085693,-3.42417049407959,-1.9715187549591064,-3.162900924682617,-1.2502741813659668,-0.10715120285749435,-6.333044528961182,-9.005823135375977,-8.297365188598633,-7.861835479736328,-6.671993732452393,-5.02311897277832,-1.9389677047729492,1.8994563817977905,6.219481468200684,8.477219581604004,10.926057815551758,7.887414455413818,-1.0125306844711304,-4.071230411529541,-1.9636521339416504,-4.138325214385986,-6.302836894989014,-7.244259357452393,-7.312199115753174,-6.734858512878418,-7.8237433433532715,-9.698750495910645,-10.13637924194336,-8.845799446105957,-7.981634140014648,-5.626046657562256,-5.0206217765808105,-5.470069885253906,-4.271799087524414,-2.1441946029663086,-4.618789196014404,-8.211319923400879,-4.668333053588867,-0.04068487882614136,0.9317877292633057,0.29249057173728943
-4.691498756408691,-9.246487617492676,-6.595181941986084,-1.5723910331726074,-3.209031820297241,-5.619728088378906,-6.111852169036865,-7.289969444274902,-8.838431358337402,-8.741537094116211,-7.687188148498535,-6.601290225982666,-4.991519927978516,-2.397411823272705,2.289564609527588,6.5165276527404785,10.796143531799316,11.283658027648926,5.808376789093018,-2.26411771774292,-3.518014669418335,-3.814088821411133,-5.786261081695557,-6.695828914642334,-7.121952056884766,-8.021214485168457,-8.118765830993652,-8.578742027282715,-9.974422454833984,-9.592520713806152,-7.354458808898926,-5.621615409851074,-4.503097057342529,-2.65122127532959,-4.9674973487854,-5.070429801940918,-2.130059242248535,-3.677133560180664,-7.1527557373046875,-5.724040508270264,-2.080662488937378,0.8678910136222839,1.4336482286453247
-8.310619354248047,-10.99621295928955,-6.375868320465088,-2.2121028900146484,-6.613565921783447,-9.152713775634766,-6.986137866973877,-5.677712917327881,-7.317813396453857,-7.088682174682617,-5.481390953063965,-4.380238056182861,-3.886681079864502,-1.6226085424423218,3.802422523498535,6.730319976806641,10.079931259155273,10.945883750915527,5.534010410308838,-1.3048080205917358,-3.532620906829834,-4.812711715698242,-6.165079593658447,-7.290018081665039,-8.323540687561035,-8.879830360412598,-7.88672399520874,-7.097784519195557,-6.882038593292236,-6.323996067047119,-3.79382061958313,-3.3366904258728027,-2.048520088195801,-0.9092217087745667,-3.3039748668670654,-2.9448671340942383,-1.36941397190094,-4.162591934204102,-6.180443286895752,-5.102680206298828,-2.6875321865081787,0.6649034023284912,2.114166021347046
-11.035294532775879,-8.971096992492676,-2.6580567359924316,-2.7237799167633057,-8.351621627807617,-8.355908393859863,-4.292600631713867,-2.7934391498565674,-4.145655155181885,-3.0655548572540283,-2.050527334213257,-3.2438085079193115,-3.954702854156494,-0.9059833288192749,4.303343296051025,7.861073017120361,11.896583557128906,11.474730491638184,4.80462121963501,-1.3338698148727417,-4.381258010864258,-6.139686107635498,-6.317037582397461,-7.399467945098877,-9.867745399475098,-10.662805557250977,-8.58096694946289,-5.919862270355225,-4.0830535888671875,-2.946920394897461,-3.8302133083343506,-5.142562389373779,-2.9761791229248047,0.5764779448509216,0.30995267629623413,-0.16022685170173645,-0.8147660493850708,-4.852962017059326,-5.974015712738037,-4.648811340332031,-3.4465277194976807,-1.1396528482437134,2.1130456924438477
-11.296778678894043,-6.406282901763916,0.5088478326797485,-3.8421378135681152,-8.309035301208496,-3.6755523681640625,-0.013337566517293453,-0.9177107214927673,-1.0205328464508057,-0.5940604209899902,-3.0034453868865967,-4.284120082855225,-2.9752721786499023,0.8088060021400452,4.704135417938232,8.482511520385742,12.158985137939453,9.430917739868164,1.698455810546875,-3.6548879146575928,-5.5795578956604,-7.421201229095459,-8.487910270690918,-9.016937255859375,-10.577003479003906,-11.024726867675781,-8.920770645141602,-5.030393123626709,-1.529402256011963,0.0853794515132904,-0.04037366807460785,-1.3404850959777832,-1.0451544523239136,0.6938119530677795,0.9927148818969727,2.1030075550079346,-0.4692133367061615,-4.353982448577881,-4.051581382751465,-3.4824321269989014,-5.253005504608154,-3.9344255924224854,0.2171507626771927
-10.79037094116211,-6.037330150604248,-2.941843032836914,-6.997013568878174,-5.068422794342041,2.584139108657837,3.287621259689331,-0.8201708197593689,-3.5220947265625,-5.070290565490723,-5.6383056640625,-2.854929208755493,0.8219056129455566,3.5848865509033203,5.893902778625488,8.421181678771973,10.70799732208252,6.217170715332031,-2.593142032623291,-6.689670085906982,-7.318244457244873,-8.066862106323242,-9.500730514526367,-10.325345039367676,-10.57507038116455,-9.304369926452637,-6.115391254425049,-2.612305164337158,0.4416927993297577,0.832992434501648,1.0185961723327637,1.2742664813995361,1.0934780836105347,0.6764968037605286,0.42467936873435974,1.041900873184204,-0.45526930689811707,-2.751006603240967,-2.7626492977142334,-4.3867926597595215,-5.035745143890381,-4.380991458892822,-0.8691326379776001
-8.665224075317383,-9.275595664978027,-7.900993347167969,-6.951196193695068,-1.230607271194458,4.380609512329102,1.579709529876709,-4.9216814041137695,-6.643800735473633,-5.462154865264893,-1.6940895318984985,3.0020811557769775,5.232649326324463,6.789480209350586,7.45102071762085,7.749232769012451,7.907690048217773,4.456363677978516,-3.7767982482910156,-6.537023544311523,-6.770916938781738,-6.404991149902344,-7.182151794433594,-8.289650917053223,-7.729890823364258,-5.54148006439209,-3.030122995376587,-0.17414912581443787,1.496455192565918,0.9756898283958435,1.370418906211853,2.783147096633911,2.207437753677368,0.7719741463661194,0.6648195385932922,1.195522427558899,0.7875274419784546,0.19110852479934692,-1.533765435218811,-4.246245384216309,-3.350736141204834,-0.7821716070175171,0.9577876329421997
-8.126879692077637,-9.381104469299316,-7.434041500091553,-4.299101829528809,0.17849664390087128,3.375473737716675,-1.9288526773452759,-6.6206374168396,-2.988135576248169,2.6414151191711426,6.157055377960205,6.847931385040283,7.471547603607178,7.975944995880127,7.443838119506836,5.857899188995361,1.8807905912399292,-3.7305028438568115,-6.007538795471191,-5.231910705566406,-5.364673614501953,-3.825345993041992,-2.2426726818084717,-3.5798826217651367,-4.924869060516357,-3.5428457260131836,-0.9816103577613831,0.8640686273574829,1.4003158807754517,1.1401323080062866,1.1981221437454224,1.7964160442352295,1.6521029472351074,1.2157008647918701,1.5216631889343262,2.1132326126098633,2.0251543521881104,1.971671223640442,1.1075021028518677,-0.8849772810935974,-0.6008371114730835,0.3373827338218689,0.2575565278530121
