data/wind_data/wind_6_6.json
{"header": {"parameterUnit": "KT", "parameterCategory": 2, "nx": 256, "ny": 198, "lo1": 44.73521041870117, "la1": -3.236724853515625, "lo2": 111.26478576660156, "la2": 43.468475341796875, "dx": 0.2609002888202667, "dy": -0.23708222806453705, "refTime": "2025-02-19 06:00:00", "forecastTime": 0, "parameterNumber": 2, "parameterNumberName": "eastward_wind"}, "data":
[rows 140 to 159 of 198, columns 88 to 131 of 256]
35.568748474121094,33.20308303833008,22.543781280517578,22.3892822265625,30.33482551574707,37.11127471923828,41.785945892333984,43.49580383300781,44.28657531738281,45.054264068603516,45.3732795715332,45.21647644042969,43.727752685546875,42.44590377807617,42.9167366027832,44.51322555541992,45.21724319458008,44.92433166503906,45.313072204589844,46.73995590209961,48.50012969970703,49.993019104003906,51.07387161254883,52.055999755859375,52.95682144165039,53.20087814331055,52.227684020996094,50.50462341308594,49.134925842285156,48.619041442871094,48.86431884765625,49.147132873535156,48.81523132324219,48.03779220581055,47.258338928222656,46.96693420410156,46.89175033569336,46.8277702331543,47.03766632080078,46.6014289855957,45.75784683227539,46.53544235229492,47.92052459716797,47.91181182861328
31.144704818725586,27.367555618286133,18.508808135986328,25.78162384033203,34.093807220458984,38.48994064331055,41.94841003417969,43.55305862426758,44.03706741333008,43.5308723449707,41.656089782714844,39.90182113647461,38.674156188964844,38.05979919433594,39.006492614746094,41.1874885559082,43.5245475769043,45.898197174072266,48.301918029785156,49.611881256103516,50.07429122924805,50.384437561035156,50.999393463134766,52.028133392333984,52.373313903808594,50.812767028808594,48.33991622924805,46.55649948120117,45.71699523925781,45.763492584228516,46.058048248291016,45.79450225830078,44.67124557495117,43.48345947265625,43.59030532836914,43.68655776977539,43.096309661865234,43.98929977416992,45.567169189453125,44.82585144042969,44.38466262817383,45.9742431640625,47.623287200927734,47.4141731262207
27.07480812072754,30.154916763305664,26.02178382873535,22.406246185302734,28.872920989990234,36.04387283325195,40.18714141845703,41.2809944152832,41.36344528198242,41.37483215332031,40.18648147583008,38.642173767089844,37.82192611694336,37.952449798583984,38.869571685791016,40.13442611694336,43.26565170288086,47.93500900268555,51.343971252441406,51.98783874511719,51.16927719116211,50.60866165161133,50.7492561340332,51.1263542175293,49.790489196777344,46.934715270996094,44.57648468017578,43.816402435302734,43.86652374267578,43.74580764770508,43.01799392700195,41.79548263549805,40.701324462890625,40.947322845458984,41.87494659423828,41.889854431152344,41.12030792236328,43.284393310546875,45.190494537353516,43.646812438964844,44.51936721801758,46.645423889160156,47.46163558959961,46.65446472167969
29.668821334838867,38.15104675292969,36.73272705078125,28.167226791381836,25.408342361450195,31.898170471191406,38.10047912597656,40.549137115478516,40.56829071044922,40.54728317260742,42.13089370727539,43.75181198120117,44.28822708129883,44.94232177734375,45.82746505737305,46.808284759521484,48.931617736816406,51.893653869628906,53.36436462402344,52.57244110107422,51.18946838378906,50.32249069213867,49.77131271362305,48.73985290527344,46.329994201660156,43.82895278930664,42.30916213989258,41.86750411987305,41.83338928222656,41.1235466003418,39.88564682006836,39.15678405761719,39.35247802734375,40.42483139038086,41.3631477355957,41.28853988647461,40.81804275512695,42.964134216308594,44.629520416259766,43.608402252197266,44.37672424316406,46.28757095336914,46.10222625732422,45.340240478515625
35.03038024902344,42.200435638427734,44.47842788696289,41.59771728515625,36.97158432006836,34.95294952392578,37.40414810180664,40.8272590637207,41.824134826660156,41.42513656616211,43.38669967651367,47.7359619140625,51.12202072143555,52.67435836791992,53.42057418823242,53.805686950683594,53.91469192504883,53.7203254699707,52.944374084472656,51.51743698120117,50.25830841064453,49.29563522338867,47.91860580444336,46.16630935668945,43.75785827636719,41.50816345214844,40.224117279052734,39.86344528198242,39.65324783325195,39.27761459350586,38.7855224609375,38.74367141723633,39.51179885864258,40.65707778930664,41.40534210205078,41.493873596191406,41.62381362915039,42.81657028198242,43.83980941772461,43.623287200927734,43.40058898925781,43.982948303222656,44.02473449707031,44.67171859741211
39.94424819946289,45.706748962402344,49.043548583984375,51.551429748535156,51.69755554199219,46.906253814697266,42.54759216308594,42.298118591308594,43.827659606933594,45.51221466064453,48.1921272277832,52.1395149230957,56.081817626953125,58.37042236328125,58.31814193725586,56.51708221435547,53.96979522705078,51.876766204833984,50.7398681640625,49.95689010620117,49.0008659362793,47.59293746948242,45.66673278808594,43.65895462036133,41.41389465332031,39.3187141418457,38.293182373046875,38.18246841430664,38.39945983886719,38.85935974121094,39.15403366088867,39.29608154296875,39.253257751464844,39.80644989013672,41.126853942871094,42.233760833740234,42.43865203857422,42.33641052246094,42.591217041015625,42.98136901855469,42.53764343261719,42.28166580200195,43.23130416870117,44.53422164916992
41.79369354248047,47.707794189453125,53.130157470703125,57.5310173034668,58.6207275390625,54.18340301513672,48.01271057128906,45.111045837402344,46.38218307495117,49.949913024902344,53.72738265991211,56.96387481689453,59.0615348815918,59.05210494995117,56.661529541015625,53.18840026855469,50.39712142944336,49.125999450683594,49.032859802246094,48.9981803894043,47.81770324707031,45.619388580322266,43.17388916015625,41.267608642578125,39.09418487548828,37.254085540771484,37.067501068115234,37.589515686035156,38.332176208496094,39.010223388671875,39.14117431640625,38.769256591796875,38.506534576416016,39.43659973144531,41.39685821533203,42.19453430175781,40.95241928100586,40.48639678955078,41.354530334472656,42.24474334716797,42.6574592590332,42.602134704589844,42.89459228515625,43.42158126831055
45.415199279785156,52.285728454589844,59.19745635986328,62.04267120361328,59.853153228759766,55.21741485595703,50.52066421508789,47.942222595214844,49.20146179199219,52.66981887817383,55.704566955566406,57.101234436035156,56.37782669067383,53.67082977294922,50.339019775390625,48.246795654296875,47.997825622558594,48.7004280090332,49.27846908569336,48.92025375366211,46.83821487426758,43.57398986816406,41.02301788330078,39.208614349365234,37.06000900268555,36.22232437133789,36.98113250732422,37.678550720214844,38.38359069824219,38.84702682495117,38.677879333496094,38.53764343261719,39.234683990478516,40.62096405029297,41.318328857421875,40.20311737060547,39.3865966796875,40.19606018066406,41.31987380981445,42.88718795776367,44.045127868652344,42.81834030151367,41.18218231201172,41.30735778808594
50.653255462646484,56.64873123168945,62.61836624145508,62.98130798339844,58.3529052734375,54.01544189453125,51.49150848388672,50.26522445678711,51.055755615234375,52.51553726196289,53.228328704833984,52.83958053588867,50.747032165527344,47.87464904785156,46.359657287597656,47.143226623535156,49.039798736572266,50.187896728515625,50.047447204589844,48.60654067993164,45.724090576171875,42.11943054199219,39.63637924194336,37.59114074707031,35.93227767944336,36.62300491333008,37.29902267456055,37.10176467895508,38.13689041137695,39.42570114135742,39.465450286865234,39.48818588256836,40.34562301635742,40.64118194580078,39.26680374145508,38.6662483215332,39.496585845947266,40.49296569824219,41.61475372314453,43.6075553894043,44.454566955566406,41.505332946777344,38.78348159790039,39.24789047241211
52.31602096557617,57.318695068359375,61.16735076904297,60.56344985961914,55.942047119140625,52.08254623413086,50.59860610961914,50.486488342285156,50.88534164428711,51.196781158447266,51.023834228515625,49.70509338378906,47.206207275390625,46.04948043823242,47.184906005859375,49.53250503540039,51.230674743652344,51.29096603393555,50.01188278198242,47.745750427246094,44.732913970947266,41.691131591796875,39.29156494140625,37.163997650146484,36.51910400390625,37.01824188232422,37.618343353271484,37.906375885009766,38.406105041503906,38.934722900390625,39.01436233520508,39.63934326171875,40.46010208129883,39.30107116699219,37.568824768066406,38.26494216918945,39.657432556152344,40.7899284362793,42.26982116699219,43.56901168823242,42.78345489501953,39.43035125732422,36.99695587158203,37.19514083862305
50.49578857421875,55.271728515625,58.60727310180664,58.158103942871094,54.29180145263672,50.57991027832031,49.21659851074219,49.381072998046875,49.76173400878906,50.26477813720703,50.2086296081543,48.617984771728516,46.7525520324707,47.48630142211914,50.22069549560547,52.452308654785156,52.74603271484375,51.367183685302734,49.21110916137695,46.65773010253906,44.03329086303711,41.60254669189453,39.436527252197266,37.862998962402344,37.36014938354492,37.78563690185547,37.81841278076172,37.45042419433594,37.72270584106445,38.217628479003906,38.52643585205078,39.06882858276367,39.30714416503906,37.882568359375,37.29973220825195,39.01462173461914,40.74678421020508,41.681610107421875,42.145355224609375,41.83201599121094,40.090423583984375,37.9045524597168,36.11148452758789,35.337135314941406
51.447425842285156,55.19511413574219,57.99730682373047,56.781944274902344,53.38413619995117,50.674983978271484,49.76498794555664,49.34916305541992,49.07904815673828,49.33754348754883,48.45658874511719,47.24592971801758,47.8832893371582,50.13504409790039,52.456748962402344,53.448272705078125,52.4209098815918,50.216552734375,47.9106559753418,45.63959503173828,43.44417190551758,41.44257354736328,39.7888069152832,38.72585678100586,38.091224670410156,37.93269729614258,37.66981506347656,37.32782745361328,37.2859001159668,37.44928741455078,37.665618896484375,37.767112731933594,37.721763610839844,37.27616882324219,38.60586166381836,40.784664154052734,41.63300704956055,41.35943603515625,40.71481704711914,39.80730438232422,38.224857330322266,36.798099517822266,35.66520690917969,34.907955169677734
53.69166564941406,56.807621002197266,57.310420989990234,54.49995422363281,52.01295852661133,51.3648796081543,51.367881774902344,50.41028594970703,48.63187026977539,47.33668899536133,46.4814567565918,46.63360595703125,48.28071975708008,50.39965057373047,51.85441970825195,51.88653564453125,50.52635192871094,48.56145095825195,46.52702331542969,44.586936950683594,42.93668746948242,41.53736877441406,40.32722854614258,39.307315826416016,38.435081481933594,37.99060821533203,37.609519958496094,37.29875183105469,36.86511993408203,36.625396728515625,36.305450439453125,36.287742614746094,37.38774871826172,38.771820068359375,39.85780715942383,40.65576934814453,40.673133850097656,39.92243576049805,39.16823196411133,38.22304916381836,36.8901481628418,36.100196838378906,35.54323196411133,34.99958801269531
52.53709030151367,55.51799011230469,53.57230758666992,50.216644287109375,49.26108932495117,50.34027099609375,51.006935119628906,49.858909606933594,47.40973663330078,45.60516357421875,45.0492057800293,45.72222137451172,47.25286865234375,48.8452262878418,49.60856628417969,49.24995422363281,48.28071594238281,47.062747955322266,45.478397369384766,43.87615966796875,42.74773406982422,41.832611083984375,40.83484649658203,39.72734832763672,38.75341033935547,38.41668701171875,38.180458068847656,37.6517333984375,36.861995697021484,36.16952896118164,35.48659133911133,35.922698974609375,37.5680046081543,39.16532516479492,39.92316436767578,39.8620491027832,39.17601013183594,38.584754943847656,37.92692565917969,36.93719482421875,36.01274871826172,35.841453552246094,35.37921142578125,34.124046325683594
48.588138580322266,51.959651947021484,49.58380889892578,45.890625,45.039371490478516,46.06114196777344,46.92198944091797,46.73005676269531,45.56178665161133,44.51895523071289,44.61283874511719,45.420345306396484,46.22822189331055,47.20315170288086,47.54275894165039,47.2389030456543,46.801822662353516,46.05816650390625,44.83427429199219,43.521690368652344,42.75102615356445,42.16404342651367,41.29130172729492,40.19657897949219,39.179351806640625,38.93883514404297,38.97167205810547,38.545658111572266,37.41349792480469,36.30753707885742,35.711368560791016,36.312442779541016,38.32382583618164,39.72964859008789,39.83738708496094,39.21417236328125,38.156097412109375,37.445335388183594,37.02896499633789,36.12366485595703,35.21104049682617,35.12874221801758,34.4047966003418,32.453697204589844
45.359683990478516,49.32623291015625,48.09831237792969,43.8008918762207,40.7871208190918,40.30976486206055,41.80881118774414,43.60277557373047,44.37971878051758,44.004493713378906,44.69314193725586,45.63155746459961,45.72262191772461,46.04030227661133,46.257320404052734,46.20774459838867,46.17617416381836,45.69500732421875,44.638790130615234,43.51362609863281,42.789154052734375,42.4912109375,41.88313674926758,40.59259796142578,39.82050704956055,39.96543502807617,40.290382385253906,39.69272994995117,38.3116455078125,36.998680114746094,36.57322692871094,37.886474609375,39.54167938232422,40.05245590209961,39.65525436401367,38.44620895385742,37.1566047668457,36.6591796875,36.4522590637207,35.292667388916016,34.3658447265625,34.18459701538086,33.371978759765625,31.426156997680664
44.17665100097656,47.90764617919922,48.04823684692383,44.515010833740234,40.41514587402344,38.941650390625,40.52755355834961,43.10357666015625,44.45280456542969,44.24908447265625,45.180179595947266,45.879859924316406,45.37959671020508,45.14381408691406,45.43918991088867,45.86439895629883,45.9821662902832,45.559661865234375,44.81985092163086,43.81515884399414,42.8659553527832,43.00273513793945,42.536808013916016,40.8851203918457,40.84917068481445,41.70026779174805,41.118587493896484,39.3765754699707,38.538333892822266,37.79909133911133,38.40095520019531,39.59783172607422,39.918453216552734,39.668418884277344,38.8314208984375,37.65681457519531,37.12470626831055,37.098018646240234,36.11906814575195,34.44796371459961,33.879150390625,34.131649017333984,33.34324645996094,32.30965805053711
44.796531677246094,47.92555618286133,49.22624969482422,47.45351791381836,44.69168472290039,43.316184997558594,44.14491653442383,45.69615173339844,46.33600997924805,45.96792984008789,45.969970703125,45.69300842285156,44.887062072753906,44.39555740356445,44.924644470214844,45.79393005371094,46.062652587890625,45.65678024291992,45.15470886230469,44.2503776550293,43.34988021850586,43.5489616394043,43.03175354003906,41.82923126220703,41.644676208496094,41.82374572753906,40.837886810302734,39.555030822753906,39.07744216918945,39.20786666870117,40.10737609863281,40.73272705078125,39.991825103759766,38.64401626586914,37.70994186401367,37.43510055541992,37.86777877807617,37.799705505371094,36.071712493896484,34.72562026977539,34.67806625366211,34.963443756103516,34.65569305419922,35.09316635131836
46.60697937011719,49.898826599121094,52.11024475097656,51.357208251953125,50.21540832519531,49.68984603881836,49.87728500366211,50.194515228271484,49.680397033691406,48.28811264038086,46.77992630004883,45.33811950683594,44.003387451171875,43.907936096191406,45.16660690307617,46.22114181518555,46.77004623413086,46.5330696105957,45.60120391845703,44.800697326660156,44.18862533569336,43.8499755859375,43.30115509033203,42.696285247802734,42.40054702758789,41.728092193603516,40.60093688964844,40.06855010986328,40.328216552734375,40.866180419921875,41.13495635986328,40.86543273925781,39.7150993347168,38.33164596557617,37.847389221191406,38.42274475097656,39.19928741455078,38.267696380615234,36.448890686035156,35.98628616333008,36.06648254394531,36.36591720581055,36.925193786621094,38.04634475708008
49.589962005615234,53.083011627197266,54.34149932861328,54.3548469543457,54.56648254394531,54.64253616333008,54.13185119628906,53.501991271972656,52.38010787963867,50.06471252441406,46.9871940612793,44.62443542480469,44.115379333496094,44.90583419799805,45.75312423706055,46.444026947021484,47.666133880615234,47.68769836425781,45.98493957519531,45.182586669921875,44.75953674316406,44.33891677856445,43.86980056762695,43.18800354003906,42.367069244384766,41.48609161376953,41.0134162902832,41.269798278808594,41.6478271484375,41.977142333984375,41.767601013183594,40.93421173095703,39.89330291748047,38.88972854614258,38.75420379638672,39.67137908935547,39.987037658691406,38.34064483642578,36.81907272338867,36.756874084472656,37.06322479248047,37.582794189453125,38.3193473815918,39.43781661987305
