data/wind_data/wind_4_1.json
{"header": {"parameterUnit": "KT", "parameterCategory": 2, "nx": 256, "ny": 198, "lo1": 44.73521041870117, "la1": -3.236724853515625, "lo2": 111.26478576660156, "la2": 43.468475341796875, "dx": 0.2609002888202667, "dy": -0.23708222806453705, "refTime": "2025-02-19 04:00:00", "forecastTime": 0, "parameterNumber": 2, "parameterNumberName": "eastward_wind"}, "data":
[rows 19 to 37 of 198, columns 86 to 128 of 256]
-7.739652156829834,-8.748367309570312,-8.552617073059082,-7.635833740234375,-7.508397102355957,-7.858348846435547,-8.241803169250488,-8.283040046691895,-7.413435935974121,-6.627593994140625,-6.210652828216553,-6.669012069702148,-6.906364917755127,-6.56561803817749,-6.308663368225098,-6.17011022567749,-6.199703693389893,-6.752798080444336,-6.918285369873047,-6.822906494140625,-6.799882888793945,-7.082725524902344,-7.126932621002197,-7.4400434494018555,-7.733545780181885,-7.846467971801758,-7.762092113494873,-8.17010498046875,-8.698256492614746,-8.229936599731445,-8.409292221069336,-8.475349426269531,-7.68226432800293,-6.814011096954346,-6.261533737182617,-5.9222331047058105,-5.844825744628906,-5.7182793617248535,-5.924574851989746,-7.056624889373779,-7.4709672927856445,-7.76237678527832,-7.8468403816223145
-7.86196756362915,-8.552212715148926,-9.076834678649902,-7.8176116943359375,-8.13054084777832,-8.16163444519043,-8.632274627685547,-8.127985954284668,-6.823506832122803,-6.0888285636901855,-6.181012153625488,-6.563414573669434,-6.752457141876221,-6.61822509765625,-6.267841339111328,-6.065252304077148,-6.354764461517334,-6.91328239440918,-7.334967613220215,-7.266727447509766,-7.2002787590026855,-7.432008266448975,-7.833136081695557,-8.128564834594727,-8.201095581054688,-8.39261531829834,-8.505102157592773,-8.971087455749512,-9.129459381103516,-8.77967357635498,-8.9840726852417,-8.517932891845703,-7.980979919433594,-7.320887565612793,-7.195940971374512,-7.099366664886475,-6.946872711181641,-6.696124076843262,-6.8488569259643555,-6.7385382652282715,-6.952713966369629,-7.457808971405029,-7.7275919914245605
-8.32347583770752,-8.258058547973633,-8.361482620239258,-8.466615676879883,-8.784890174865723,-8.927558898925781,-8.340510368347168,-7.748924255371094,-6.897515773773193,-6.045349597930908,-6.04470157623291,-6.622252464294434,-6.895381450653076,-6.74108362197876,-6.233436584472656,-5.9798712730407715,-6.420854568481445,-7.086093425750732,-7.430489540100098,-7.4868083000183105,-6.988979816436768,-7.351378917694092,-8.56947135925293,-9.117650032043457,-8.661798477172852,-8.378379821777344,-9.190892219543457,-9.738020896911621,-9.323226928710938,-9.022599220275879,-9.350872039794922,-9.085638046264648,-8.851653099060059,-8.281766891479492,-7.78352689743042,-7.372045993804932,-7.336164951324463,-6.749695777893066,-6.840731143951416,-7.038720607757568,-7.199455738067627,-7.466904163360596,-7.345387935638428
-8.815403938293457,-8.178642272949219,-8.265946388244629,-8.714805603027344,-8.787375450134277,-8.829545974731445,-8.693548202514648,-8.006904602050781,-6.8309736251831055,-5.769985675811768,-5.940399169921875,-6.47641134262085,-6.667631149291992,-6.548635005950928,-6.653445243835449,-6.460365295410156,-6.79313850402832,-7.366028785705566,-7.680943489074707,-8.001014709472656,-7.050135612487793,-7.1641435623168945,-8.924938201904297,-9.567827224731445,-9.295446395874023,-9.119850158691406,-9.205096244812012,-8.986237525939941,-8.92088794708252,-8.98012924194336,-9.392202377319336,-9.733799934387207,-9.913507461547852,-9.589406967163086,-8.854461669921875,-7.87168025970459,-7.137955665588379,-6.82382869720459,-6.84075403213501,-6.9846367835998535,-7.201781272888184,-7.440428733825684,-7.353688716888428
-9.589824676513672,-9.072272300720215,-8.784989356994629,-8.553559303283691,-8.528949737548828,-8.790875434875488,-8.668146133422852,-7.899564266204834,-6.418472766876221,-5.4301981925964355,-5.719446659088135,-6.23946475982666,-6.440030097961426,-6.467082977294922,-6.71367073059082,-7.296453952789307,-7.849515438079834,-7.911125183105469,-8.591076850891113,-8.672394752502441,-7.178811073303223,-7.430886745452881,-8.449377059936523,-9.215041160583496,-9.217239379882812,-9.097559928894043,-9.12426471710205,-9.048852920532227,-8.733179092407227,-8.606417655944824,-9.14402961730957,-9.73559856414795,-10.298995018005371,-10.47475528717041,-10.090191841125488,-9.108750343322754,-8.052053451538086,-7.471599578857422,-7.148378372192383,-6.964272499084473,-6.815097808837891,-7.003538608551025,-7.099308013916016
-9.795184135437012,-9.449626922607422,-8.917683601379395,-8.436758995056152,-8.416962623596191,-8.627203941345215,-8.374486923217773,-7.792366981506348,-6.453200817108154,-5.845499515533447,-6.037028789520264,-6.2715935707092285,-6.726875305175781,-6.78620719909668,-6.51373291015625,-7.755351543426514,-8.56521987915039,-8.486559867858887,-9.049772262573242,-8.802845001220703,-7.652770042419434,-7.995401382446289,-8.353145599365234,-8.409799575805664,-8.740272521972656,-8.895136833190918,-8.638276100158691,-8.872557640075684,-8.792963981628418,-8.59833812713623,-9.020986557006836,-9.930110931396484,-10.761809349060059,-11.104890823364258,-10.70005989074707,-9.56628131866455,-8.759271621704102,-8.257793426513672,-7.806779861450195,-7.248918533325195,-6.705044746398926,-6.807878494262695,-6.907222270965576
-9.606401443481445,-9.239320755004883,-8.77906608581543,-8.221607208251953,-7.979682922363281,-8.135636329650879,-8.233513832092285,-7.7994489669799805,-6.779834270477295,-6.464946746826172,-6.678456783294678,-6.83365535736084,-7.1930131912231445,-7.327925682067871,-6.928747653961182,-7.054915428161621,-8.243773460388184,-8.85220718383789,-9.354706764221191,-9.336159706115723,-8.6009521484375,-8.455169677734375,-8.64017105102539,-8.796540260314941,-8.557032585144043,-8.276561737060547,-8.074195861816406,-8.52224349975586,-8.94393253326416,-9.060132026672363,-9.28465461730957,-10.035844802856445,-11.024177551269531,-11.355873107910156,-10.423582077026367,-9.118165969848633,-8.615556716918945,-8.190152168273926,-7.801126956939697,-7.365445613861084,-6.959845542907715,-6.989893436431885,-7.4832024574279785
-9.3196382522583,-9.183266639709473,-8.85708236694336,-8.20952320098877,-7.771749973297119,-7.79045295715332,-7.919036388397217,-7.749014377593994,-7.109280109405518,-7.0788068771362305,-7.522356986999512,-7.5412211418151855,-7.50087833404541,-7.507863521575928,-6.944931983947754,-6.790968418121338,-7.609833717346191,-8.799345016479492,-9.137578010559082,-9.496397972106934,-9.358659744262695,-8.810988426208496,-8.637961387634277,-8.882220268249512,-8.65701675415039,-7.8987531661987305,-7.487166404724121,-8.332635879516602,-9.07446002960205,-9.779289245605469,-10.042548179626465,-10.247904777526855,-10.15310287475586,-10.02586841583252,-9.204241752624512,-8.011932373046875,-7.562411308288574,-7.609618663787842,-7.352361679077148,-7.090859889984131,-7.04548978805542,-7.388035774230957,-8.463225364685059
-9.27257251739502,-8.818256378173828,-8.592235565185547,-8.453998565673828,-8.39232063293457,-8.232518196105957,-7.787633895874023,-7.350372314453125,-7.207523345947266,-7.604381561279297,-7.915303707122803,-7.84144401550293,-7.628961563110352,-7.522516250610352,-6.9321393966674805,-6.363471984863281,-7.1940484046936035,-8.568229675292969,-8.927205085754395,-9.609457015991211,-9.743226051330566,-9.31080150604248,-8.654789924621582,-8.300765991210938,-8.12835693359375,-7.617386817932129,-7.364442348480225,-8.133843421936035,-9.36127758026123,-10.544275283813477,-10.745696067810059,-10.162372589111328,-9.132278442382812,-8.40552806854248,-7.851454257965088,-7.14496374130249,-7.074068069458008,-7.371590614318848,-7.27660608291626,-7.146451473236084,-6.834582805633545,-7.1577606201171875,-8.758058547973633
-9.297369956970215,-8.512564659118652,-8.285844802856445,-8.381033897399902,-8.654725074768066,-8.471101760864258,-7.93885612487793,-7.192069053649902,-7.036931037902832,-7.52813720703125,-7.708895206451416,-7.1682844161987305,-7.117761135101318,-7.467779159545898,-6.81074333190918,-6.193778991699219,-7.280455112457275,-8.665237426757812,-9.155426025390625,-10.003646850585938,-9.959403038024902,-9.529123306274414,-8.353727340698242,-7.49577522277832,-7.42012357711792,-7.444263458251953,-7.725953578948975,-8.212141036987305,-9.103010177612305,-10.283738136291504,-10.662334442138672,-9.718510627746582,-8.275324821472168,-7.027607440948486,-6.489258289337158,-6.271744251251221,-6.216914653778076,-6.55875825881958,-7.297706604003906,-7.686574935913086,-7.302619457244873,-6.733172416687012,-8.011760711669922
-9.295589447021484,-8.709864616394043,-8.587121963500977,-8.428894996643066,-8.624077796936035,-8.445016860961914,-8.233235359191895,-7.773849010467529,-7.107699871063232,-6.7048258781433105,-6.600336074829102,-6.225472450256348,-6.354746341705322,-6.854270935058594,-6.497036457061768,-6.11794376373291,-7.650986194610596,-9.149539947509766,-9.638910293579102,-10.475353240966797,-10.227396011352539,-9.311620712280273,-8.179829597473145,-7.528311729431152,-7.478638172149658,-7.689378261566162,-8.084023475646973,-8.142282485961914,-8.437271118164062,-9.174884796142578,-9.53280258178711,-8.825185775756836,-7.66459321975708,-6.736071586608887,-6.274448394775391,-6.106381893157959,-5.955737590789795,-6.279317855834961,-7.145092010498047,-7.4844069480896,-7.579148769378662,-7.8373517990112305,-7.753157615661621
-9.197494506835938,-8.926674842834473,-8.99442195892334,-8.738480567932129,-8.571515083312988,-8.640120506286621,-8.79813003540039,-8.481476783752441,-7.637725353240967,-6.763927459716797,-5.997483253479004,-5.564159393310547,-6.148465156555176,-6.463485240936279,-5.964578151702881,-6.163577079772949,-8.11063003540039,-10.011595726013184,-10.594677925109863,-10.609724044799805,-9.771822929382324,-9.024802207946777,-8.50676155090332,-8.207182884216309,-7.950343132019043,-8.03637981414795,-8.34509563446045,-8.004352569580078,-7.96186637878418,-8.057049751281738,-8.05862808227539,-7.45288610458374,-7.281262397766113,-7.064971923828125,-6.543686389923096,-6.388325214385986,-6.30949592590332,-6.831017017364502,-7.4342803955078125,-7.466106414794922,-7.3443169593811035,-7.288850784301758,-7.161911487579346
-9.171952247619629,-9.032000541687012,-8.98800277709961,-8.75927448272705,-8.581685066223145,-8.76933479309082,-8.878849029541016,-8.42454719543457,-7.934878826141357,-7.778475284576416,-6.661983013153076,-5.492791652679443,-5.31703519821167,-5.496059894561768,-5.731377124786377,-6.129782199859619,-8.742584228515625,-11.172941207885742,-11.192662239074707,-10.060887336730957,-9.068561553955078,-8.923763275146484,-9.01685905456543,-8.865092277526855,-8.742643356323242,-8.59248161315918,-8.59440803527832,-8.191821098327637,-7.8985443115234375,-7.590035915374756,-7.554345607757568,-7.519074440002441,-7.582615375518799,-7.162810802459717,-6.842299938201904,-7.0415167808532715,-7.537173271179199,-7.843204975128174,-7.828820705413818,-7.744450569152832,-7.378479957580566,-6.588440418243408,-6.684169769287109
-9.305474281311035,-9.194475173950195,-8.860568046569824,-8.74948501586914,-8.86775016784668,-9.008346557617188,-8.978830337524414,-8.581527709960938,-8.129566192626953,-7.887290954589844,-7.214267253875732,-5.8673858642578125,-4.785048961639404,-4.949986457824707,-5.610504150390625,-6.625728607177734,-9.380597114562988,-11.228453636169434,-10.557721138000488,-9.241963386535645,-8.612847328186035,-8.964151382446289,-9.311942100524902,-9.296645164489746,-9.431161880493164,-9.267810821533203,-9.339506149291992,-9.118412017822266,-8.847527503967285,-8.37388801574707,-8.101968765258789,-8.05067253112793,-7.833773136138916,-7.4431562423706055,-7.612699508666992,-8.217300415039062,-8.602880477905273,-8.267979621887207,-8.012819290161133,-7.880669116973877,-7.445977687835693,-6.450182914733887,-5.981372356414795
-9.523966789245605,-9.25545597076416,-9.010625839233398,-8.940428733825684,-8.830377578735352,-8.810620307922363,-8.896607398986816,-8.796409606933594,-8.45107364654541,-7.960695743560791,-7.434250831604004,-6.497147083282471,-5.405702590942383,-5.361437797546387,-6.303579330444336,-7.603489398956299,-9.0416841506958,-9.851544380187988,-9.490381240844727,-8.709064483642578,-8.298982620239258,-8.799078941345215,-9.147110939025879,-9.468714714050293,-9.891765594482422,-9.957290649414062,-10.227601051330566,-10.126214981079102,-9.929555892944336,-9.576398849487305,-9.226839065551758,-8.842763900756836,-8.41162109375,-8.309904098510742,-8.703022003173828,-8.821493148803711,-8.265087127685547,-7.557518005371094,-7.468105792999268,-7.428319931030273,-6.913717746734619,-6.198500633239746,-5.495482921600342
-9.442983627319336,-9.318249702453613,-9.112600326538086,-8.862951278686523,-8.531344413757324,-8.250200271606445,-8.23780345916748,-8.2560396194458,-8.073864936828613,-7.704195022583008,-7.5518951416015625,-7.154659271240234,-6.619887351989746,-6.149829387664795,-6.263534069061279,-7.041104316711426,-8.027684211730957,-8.565643310546875,-8.31729793548584,-8.181407928466797,-8.001371383666992,-8.366238594055176,-8.711894989013672,-9.111974716186523,-9.87285327911377,-10.5507173538208,-10.851961135864258,-10.680408477783203,-10.421510696411133,-10.109615325927734,-9.770102500915527,-9.360491752624512,-9.249093055725098,-9.424375534057617,-9.418526649475098,-8.785676956176758,-7.630660057067871,-6.517320156097412,-6.162624835968018,-6.273615837097168,-6.24705696105957,-5.801894187927246,-4.847831726074219
-9.035233497619629,-9.003064155578613,-8.713541030883789,-8.364922523498535,-8.092264175415039,-7.700536727905273,-7.313231945037842,-7.176469326019287,-7.089331150054932,-7.029016017913818,-7.477982044219971,-7.163550853729248,-7.171250820159912,-6.381875038146973,-5.979100704193115,-6.201657295227051,-6.7642364501953125,-7.391561508178711,-7.338615417480469,-7.37211275100708,-7.316936016082764,-7.613522052764893,-7.795714855194092,-8.299029350280762,-9.234472274780273,-10.288290023803711,-11.017926216125488,-11.186960220336914,-10.839113235473633,-10.070480346679688,-9.429046630859375,-9.311765670776367,-9.691177368164062,-9.887299537658691,-9.428055763244629,-8.805526733398438,-8.175168991088867,-7.564765453338623,-7.176276683807373,-7.004490375518799,-6.555947303771973,-5.712814807891846,-4.338969707489014
-8.441462516784668,-8.45354175567627,-8.054542541503906,-7.638528823852539,-7.397519111633301,-7.195616245269775,-6.822512149810791,-6.429804801940918,-6.108803749084473,-6.2483038902282715,-6.66569185256958,-6.590602397918701,-6.529652118682861,-6.138117790222168,-6.074771404266357,-6.209802150726318,-6.506688117980957,-6.574101448059082,-6.499948978424072,-6.417645454406738,-6.350167274475098,-6.548768520355225,-6.865182399749756,-7.3985114097595215,-8.30234432220459,-9.56164264678955,-10.497200012207031,-10.841523170471191,-10.658203125,-10.077075004577637,-9.551234245300293,-9.5054292678833,-9.78038501739502,-9.54437255859375,-9.083087921142578,-9.290450096130371,-9.893810272216797,-10.552923202514648,-10.233123779296875,-9.239107131958008,-8.075268745422363,-6.591039657592773,-4.657650470733643
-8.133336067199707,-8.066372871398926,-7.650911331176758,-7.174113750457764,-6.880948066711426,-6.905716896057129,-6.740744590759277,-6.145358085632324,-5.470187664031982,-5.480999946594238,-5.802773952484131,-5.83958101272583,-5.753681659698486,-5.773569107055664,-5.882713794708252,-6.033039569854736,-6.078049659729004,-5.84706974029541,-5.537750244140625,-5.500235080718994,-5.489628791809082,-5.744157791137695,-6.008389472961426,-6.434520721435547,-7.131560802459717,-8.208389282226562,-9.088090896606445,-9.579609870910645,-9.768714904785156,-9.705942153930664,-9.75862979888916,-10.133572578430176,-10.345121383666992,-9.771798133850098,-9.365788459777832,-10.06637191772461,-11.2964448928833,-11.574943542480469,-10.668128967285156,-9.652530670166016,-8.706698417663574,-7.30653715133667,-5.672726631164551
