data/wind_data/wind_69_6.json
{"header": {"parameterUnit": "KT", "parameterCategory": 2, "nx": 256, "ny": 198, "lo1": 44.73521041870117, "la1": -3.236724853515625, "lo2": 111.26478576660156, "la2": 43.468475341796875, "dx": 0.2609002888202667, "dy": -0.23708222806453705, "refTime": "2025-02-21 21:00:00", "forecastTime": 0, "parameterNumber": 2, "parameterNumberName": "eastward_wind"}, "data":
[rows 60 to 79 of 198, columns 44 to 87 of 256]
9.551447868347168,9.487138748168945,9.622621536254883,9.81141471862793,9.866954803466797,9.83179759979248,9.870105743408203,10.10431957244873,10.542411804199219,11.095248222351074,11.62611198425293,11.937246322631836,12.009011268615723,11.950888633728027,11.878110885620117,11.789580345153809,11.679041862487793,11.633063316345215,11.721036911010742,11.929811477661133,12.275863647460938,12.719743728637695,13.15223217010498,13.486724853515625,13.710197448730469,13.826621055603027,13.81759262084961,13.668773651123047,13.497262954711914,13.519857406616211,13.811349868774414,14.183667182922363,14.41064167022705,14.497140884399414,14.53426742553711,14.588464736938477,14.633467674255371,14.616249084472656,14.56350326538086,14.569705963134766,14.728170394897461,15.00559139251709,15.25765609741211,15.390125274658203
11.121350288391113,11.005249977111816,11.04784870147705,11.256155014038086,11.481860160827637,11.635514259338379,11.74707317352295,11.925415992736816,12.225468635559082,12.64168643951416,13.09827709197998,13.455924987792969,13.623175621032715,13.665321350097656,13.692625045776367,13.739562034606934,13.760251998901367,13.75572395324707,13.791731834411621,13.94435977935791,14.228530883789062,14.60217571258545,15.003761291503906,15.385603904724121,15.70041561126709,15.902037620544434,15.969822883605957,15.944941520690918,15.858809471130371,15.744823455810547,15.697860717773438,15.797329902648926,16.0014591217041,16.18870735168457,16.252796173095703,16.2031307220459,16.09068489074707,15.964560508728027,15.883722305297852,15.893547058105469,16.033931732177734,16.301244735717773,16.596158981323242,16.767074584960938
12.575596809387207,12.545607566833496,12.493451118469238,12.557165145874023,12.779264450073242,13.115975379943848,13.482380867004395,13.828421592712402,14.145115852355957,14.457715034484863,14.772446632385254,15.063985824584961,15.246538162231445,15.346904754638672,15.455504417419434,15.602038383483887,15.760743141174316,15.871910095214844,15.910110473632812,15.951393127441406,16.08037567138672,16.31355857849121,16.612319946289062,16.947771072387695,17.298185348510742,17.582256317138672,17.709638595581055,17.705942153930664,17.699617385864258,17.73591423034668,17.740522384643555,17.675302505493164,17.650222778320312,17.761402130126953,17.932992935180664,18.0223388671875,17.943185806274414,17.729703903198242,17.49456214904785,17.35906410217285,17.390268325805664,17.57792091369629,17.840417861938477,18.054462432861328
13.798616409301758,14.014455795288086,14.13391399383545,14.170225143432617,14.255274772644043,14.512955665588379,14.912169456481934,15.337950706481934,15.713720321655273,16.059463500976562,16.384122848510742,16.682052612304688,16.913883209228516,17.079545974731445,17.2191219329834,17.37957191467285,17.60065460205078,17.819643020629883,17.951316833496094,17.981597900390625,17.977563858032227,18.021324157714844,18.153703689575195,18.385150909423828,18.702556610107422,19.039499282836914,19.282133102416992,19.351144790649414,19.311532974243164,19.304489135742188,19.380603790283203,19.483579635620117,19.53759002685547,19.540630340576172,19.545866012573242,19.573057174682617,19.56479263305664,19.46458625793457,19.274688720703125,19.062955856323242,18.943439483642578,19.007122039794922,19.21253204345703,19.419696807861328
14.676273345947266,14.909866333007812,15.215982437133789,15.473362922668457,15.691361427307129,15.96284008026123,16.31005859375,16.668685913085938,16.97641372680664,17.261016845703125,17.57521629333496,17.927637100219727,18.29460906982422,18.604881286621094,18.828750610351562,19.03525733947754,19.291584014892578,19.57169532775879,19.803314208984375,19.93602180480957,19.97881317138672,19.94972038269043,19.91921043395996,19.99159049987793,20.20491600036621,20.503427505493164,20.804773330688477,21.011259078979492,21.076862335205078,21.053543090820312,21.054969787597656,21.1575984954834,21.3356876373291,21.48048973083496,21.514602661132812,21.4185791015625,21.229890823364258,21.0031681060791,20.79814338684082,20.646459579467773,20.576642990112305,20.62568473815918,20.77251625061035,20.926536560058594
15.590632438659668,15.726203918457031,15.941040992736816,16.2158260345459,16.50946617126465,16.838571548461914,17.220067977905273,17.616722106933594,17.98573875427246,18.303804397583008,18.590923309326172,18.918102264404297,19.32070541381836,19.720348358154297,20.045207977294922,20.368946075439453,20.72655487060547,21.08470916748047,21.404691696166992,21.668489456176758,21.853803634643555,21.926361083984375,21.90116310119629,21.879112243652344,21.952613830566406,22.13258171081543,22.370140075683594,22.60187530517578,22.77947998046875,22.887123107910156,22.95515251159668,23.0394287109375,23.168832778930664,23.334550857543945,23.48657989501953,23.511037826538086,23.314035415649414,22.91792106628418,22.44804573059082,22.084260940551758,21.959991455078125,22.097978591918945,22.393400192260742,22.63515281677246
16.662912368774414,16.93060874938965,17.15088653564453,17.403587341308594,17.642675399780273,17.83231544494629,18.028564453125,18.291961669921875,18.63580894470215,19.019044876098633,19.411542892456055,19.827085494995117,20.26584815979004,20.6702938079834,21.01475715637207,21.362747192382812,21.762588500976562,22.204954147338867,22.63785743713379,23.023292541503906,23.343612670898438,23.585172653198242,23.721364974975586,23.783815383911133,23.839807510375977,23.932790756225586,24.060338973999023,24.21330451965332,24.388771057128906,24.55732536315918,24.69990348815918,24.822477340698242,24.965518951416016,25.154308319091797,25.358530044555664,25.487947463989258,25.41678810119629,25.07551383972168,24.523374557495117,23.92729949951172,23.493072509765625,23.394636154174805,23.66208839416504,24.085866928100586
17.63290023803711,18.16069984436035,18.613985061645508,19.034191131591797,19.380451202392578,19.578231811523438,19.652973175048828,19.700891494750977,19.793039321899414,19.975603103637695,20.276710510253906,20.686677932739258,21.150413513183594,21.630645751953125,22.094085693359375,22.493104934692383,22.83829689025879,23.19515609741211,23.5928955078125,24.01707649230957,24.44131088256836,24.84090805053711,25.18687629699707,25.467477798461914,25.68797492980957,25.853904724121094,25.96521759033203,26.046672821044922,26.13850212097168,26.257923126220703,26.3793888092041,26.470726013183594,26.55389976501465,26.705429077148438,26.96687889099121,27.247756958007812,27.36971092224121,27.18601417541504,26.713071823120117,26.099538803100586,25.511735916137695,25.097877502441406,25.007957458496094,25.25585174560547
18.887723922729492,19.460432052612305,20.01800537109375,20.543724060058594,21.024757385253906,21.413007736206055,21.694229125976562,21.841106414794922,21.865446090698242,21.84406089782715,21.888633728027344,22.054643630981445,22.308834075927734,22.66596794128418,23.128395080566406,23.633556365966797,24.09343719482422,24.47151756286621,24.808807373046875,25.139665603637695,25.485422134399414,25.859272003173828,26.2861385345459,26.761781692504883,27.23395538330078,27.63806915283203,27.93333625793457,28.124706268310547,28.22856903076172,28.274913787841797,28.303306579589844,28.326148986816406,28.331737518310547,28.341876983642578,28.435270309448242,28.66617202758789,28.952497482299805,29.090206146240234,28.916913986206055,28.45584487915039,27.87657356262207,27.3315486907959,26.935550689697266,26.809226989746094
20.6801815032959,21.20777702331543,21.70058822631836,22.133953094482422,22.524763107299805,22.944211959838867,23.42366600036621,23.853008270263672,24.128952026367188,24.22957420349121,24.223302841186523,24.161771774291992,24.129467010498047,24.21466827392578,24.432273864746094,24.766963958740234,25.185073852539062,25.639644622802734,26.079504013061523,26.456501007080078,26.760528564453125,27.031518936157227,27.37271499633789,27.839942932128906,28.398235321044922,28.976646423339844,29.500843048095703,29.931140899658203,30.2373046875,30.389514923095703,30.403032302856445,30.35654067993164,30.320341110229492,30.287647247314453,30.256582260131836,30.28471565246582,30.435691833496094,30.652128219604492,30.773733139038086,30.679367065429688,30.343107223510742,29.85474395751953,29.358463287353516,29.004047393798828
22.28899574279785,22.90785026550293,23.482786178588867,23.941402435302734,24.258865356445312,24.556528091430664,24.921173095703125,25.407211303710938,25.935955047607422,26.406225204467773,26.70254135131836,26.721071243286133,26.53910255432129,26.343402862548828,26.266626358032227,26.336889266967773,26.542871475219727,26.887041091918945,27.32767677307129,27.776060104370117,28.149038314819336,28.437185287475586,28.72312355041504,29.099212646484375,29.58761978149414,30.164152145385742,30.779109954833984,31.38648223876953,31.922542572021484,32.299888610839844,32.44770050048828,32.394283294677734,32.2537727355957,32.138633728027344,32.081905364990234,32.07554626464844,32.1253776550293,32.22502517700195,32.33135223388672,32.408721923828125,32.40147018432617,32.2318115234375,31.876447677612305,31.46506118774414
23.240222930908203,23.9536075592041,24.665264129638672,25.321163177490234,25.83509635925293,26.18290138244629,26.45836067199707,26.79029655456543,27.244112014770508,27.863252639770508,28.509889602661133,28.967178344726562,29.121768951416016,28.99271583557129,28.722692489624023,28.487903594970703,28.438682556152344,28.59809684753418,28.916086196899414,29.29947853088379,29.667850494384766,29.981979370117188,30.282272338867188,30.637773513793945,31.086822509765625,31.60425567626953,32.17835235595703,32.79365158081055,33.40175247192383,33.914608001708984,34.22892379760742,34.2847785949707,34.1345329284668,33.932373046875,33.81359100341797,33.807029724121094,33.86305618286133,33.92755889892578,33.95867919921875,33.949405670166016,33.97606658935547,34.04869842529297,34.042415618896484,33.846946716308594
23.93794059753418,24.653127670288086,25.41244888305664,26.13459587097168,26.743471145629883,27.23168182373047,27.67361831665039,28.079030990600586,28.467161178588867,28.93963623046875,29.51708221435547,30.173656463623047,30.784591674804688,31.155975341796875,31.204893112182617,31.04149055480957,30.89262580871582,30.88179588317871,31.032695770263672,31.26592445373535,31.503690719604492,31.74286651611328,32.01381301879883,32.352806091308594,32.74919128417969,33.192710876464844,33.689212799072266,34.2526741027832,34.84634780883789,35.38603973388672,35.77695846557617,35.94062042236328,35.86518859863281,35.652706146240234,35.47113037109375,35.422325134277344,35.503395080566406,35.64850616455078,35.766815185546875,35.77216720581055,35.67348861694336,35.61580276489258,35.67365646362305,35.72640609741211
25.152803421020508,25.63360595703125,26.270217895507812,26.959671020507812,27.552133560180664,28.101234436035156,28.66193199157715,29.156299591064453,29.630268096923828,30.103740692138672,30.555767059326172,31.05074691772461,31.613920211791992,32.15814971923828,32.59873580932617,32.92288589477539,33.12936782836914,33.29296875,33.492774963378906,33.68743133544922,33.81165313720703,33.8986701965332,34.04539489746094,34.306983947753906,34.632102966308594,34.95244216918945,35.28028869628906,35.685462951660156,36.19048309326172,36.73154067993164,37.199058532714844,37.49424743652344,37.56367111206055,37.435401916503906,37.22690963745117,37.07418441772461,37.05988693237305,37.201141357421875,37.44035339355469,37.64154052734375,37.66743087768555,37.54603958129883,37.42081832885742,37.3879280090332
27.2291202545166,27.463031768798828,27.81658935546875,28.260379791259766,28.801830291748047,29.44598388671875,30.06285858154297,30.5548095703125,31.04245376586914,31.538352966308594,31.993064880371094,32.39485168457031,32.72027587890625,32.98280715942383,33.29245376586914,33.7518424987793,34.3126220703125,34.889984130859375,35.439414978027344,35.90403747558594,36.22121047973633,36.37114334106445,36.465572357177734,36.62460708618164,36.87319564819336,37.117435455322266,37.289772033691406,37.437320709228516,37.6737060546875,38.06710433959961,38.55821990966797,39.00213623046875,39.26084899902344,39.29530715942383,39.1743278503418,39.012874603271484,38.90087890625,38.892250061035156,39.00809860229492,39.210662841796875,39.378265380859375,39.43104553222656,39.39137649536133,39.288944244384766
29.70330810546875,29.890871047973633,30.172290802001953,30.482664108276367,30.861766815185547,31.394514083862305,31.94056510925293,32.424468994140625,32.912757873535156,33.358577728271484,33.773990631103516,34.167049407958984,34.44556427001953,34.58349609375,34.69762420654297,34.859004974365234,35.13583755493164,35.63631820678711,36.35219192504883,37.16348648071289,37.89547348022461,38.448368072509766,38.81016540527344,39.075828552246094,39.32146453857422,39.53717041015625,39.660701751708984,39.683311462402344,39.69612503051758,39.813270568847656,40.10200500488281,40.521610260009766,40.938995361328125,41.222660064697266,41.3134651184082,41.240177154541016,41.08925247192383,40.954715728759766,40.901512145996094,40.93227005004883,40.97884750366211,40.98940658569336,41.0059814453125,41.05104064941406
32.07243347167969,32.30974578857422,32.58684158325195,32.916934967041016,33.2769889831543,33.693172454833984,34.0980224609375,34.52268981933594,34.9691162109375,35.35154342651367,35.7065315246582,36.07862091064453,36.396484375,36.618892669677734,36.80929183959961,36.950035095214844,36.98637771606445,37.0257682800293,37.26783752441406,37.834510803222656,38.65789031982422,39.53484344482422,40.29959487915039,40.90361022949219,41.37746047973633,41.717899322509766,41.902870178222656,41.931861877441406,41.8875846862793,41.90324783325195,42.055294036865234,42.33402633666992,42.68962860107422,43.05910110473633,43.36558151245117,43.53337478637695,43.522762298583984,43.36349868774414,43.15024948120117,42.980369567871094,42.856300354003906,42.711971282958984,42.55664825439453,42.500797271728516
34.08693313598633,34.37596130371094,34.6204833984375,34.9053840637207,35.2737922668457,35.67116928100586,36.048282623291016,36.51197052001953,37.0213508605957,37.43979263305664,37.792232513427734,38.12492370605469,38.43803024291992,38.733760833740234,39.02466583251953,39.267051696777344,39.433265686035156,39.499813079833984,39.48740768432617,39.543216705322266,39.801265716552734,40.324188232421875,41.02878952026367,41.786346435546875,42.51958084106445,43.13681411743164,43.54157257080078,43.715755462646484,43.752197265625,43.8057975769043,43.98237228393555,44.306026458740234,44.687068939208984,45.03511428833008,45.3118782043457,45.50136947631836,45.595088958740234,45.58776092529297,45.45020294189453,45.19038391113281,44.88117599487305,44.585201263427734,44.324981689453125,44.129276275634766
35.78691101074219,35.87792205810547,36.099239349365234,36.42081069946289,36.787437438964844,37.13443374633789,37.53875732421875,38.12149429321289,38.78194808959961,39.396854400634766,39.922359466552734,40.32514572143555,40.636295318603516,40.94404602050781,41.265811920166016,41.5474739074707,41.788307189941406,41.97469711303711,42.06846237182617,42.093406677246094,42.12506103515625,42.233360290527344,42.443782806396484,42.80690383911133,43.31843948364258,43.95537567138672,44.53915786743164,44.93723678588867,45.18666458129883,45.392784118652344,45.68612289428711,46.11283874511719,46.60783767700195,47.04534912109375,47.338531494140625,47.45909881591797,47.437103271484375,47.344688415527344,47.224544525146484,47.03274917602539,46.721012115478516,46.337623596191406,46.01337814331055,45.83790969848633
37.55345916748047,37.33960723876953,37.37077713012695,37.653751373291016,38.011470794677734,38.34314727783203,38.772029876708984,39.40495681762695,40.165462493896484,40.97296142578125,41.73311233520508,42.32667541503906,42.74976348876953,43.0910530090332,43.39158248901367,43.66886520385742,43.957847595214844,44.2166862487793,44.381988525390625,44.44770812988281,44.49222946166992,44.582027435302734,44.717552185058594,44.89499282836914,45.11443328857422,45.422176361083984,45.810569763183594,46.17591094970703,46.47841262817383,46.78969192504883,47.183006286621094,47.67580795288086,48.22605514526367,48.73172378540039,49.08880615234375,49.253421783447266,49.238128662109375,49.09514236450195,48.87666320800781,48.59440612792969,48.22163009643555,47.761871337890625,47.33113098144531,47.126277923583984
