data/wind_data/wind_56_2.json
{"header": {"parameterUnit": "KT", "parameterCategory": 2, "nx": 256, "ny": 198, "lo1": 44.73521041870117, "la1": -3.236724853515625, "lo2": 111.26478576660156, "la2": 43.468475341796875, "dx": 0.2609002888202667, "dy": -0.23708222806453705, "refTime": "2025-02-21 08:00:00", "forecastTime": 0, "parameterNumber": 2, "parameterNumberName": "eastward_wind"}, "data":
[rows 19 to 37 of 198, columns 129 to 171 of 256]
-10.384989738464355,-7.360856056213379,-8.227033615112305,-16.209928512573242,-12.441801071166992,-8.926631927490234,-8.493314743041992,-6.023438930511475,-6.201968193054199,-8.640750885009766,-9.365623474121094,-9.333163261413574,-11.329407691955566,-12.476375579833984,-9.863479614257812,-8.476713180541992,-6.485944747924805,-7.306742191314697,-11.083773612976074,-13.171880722045898,-12.409343719482422,-10.480642318725586,-9.879456520080566,-6.897422790527344,-6.5893120765686035,-4.928406715393066,-2.2359883785247803,-5.248246192932129,-8.407501220703125,-4.476203918457031,-0.3665946424007416,-4.441647529602051,-8.337231636047363,-6.652493000030518,-6.063479900360107,-3.6512465476989746,-2.451104164123535,-5.427009105682373,-5.119658470153809,-3.451899528503418,-0.6961243152618408,-2.848602771759033,-0.4301442503929138
-10.84566879272461,-8.263367652893066,-10.307097434997559,-14.322344779968262,-10.608165740966797,-10.596752166748047,-12.477789878845215,-10.200854301452637,-8.98867416381836,-8.33720588684082,-7.231823444366455,-6.47619104385376,-7.540683746337891,-10.370241165161133,-11.633810997009277,-8.318787574768066,-5.76200008392334,-10.214282035827637,-13.409660339355469,-10.106974601745605,-11.779414176940918,-9.42859935760498,-9.791805267333984,-7.5280375480651855,-6.339734077453613,-7.676150798797607,-10.668039321899414,-11.957928657531738,-7.793817520141602,-6.588634490966797,-5.901717185974121,-11.605320930480957,-9.189339637756348,-6.573103427886963,-5.918457984924316,-4.859232425689697,-4.550104141235352,-4.866418838500977,-3.014841079711914,-5.032534122467041,-4.555215835571289,-3.988737106323242,-0.2324300855398178
-11.410865783691406,-10.729215621948242,-10.1921968460083,-10.933234214782715,-10.285613059997559,-13.220795631408691,-15.273448944091797,-13.178510665893555,-10.389812469482422,-9.086071014404297,-6.919313907623291,-5.839509010314941,-6.262875080108643,-8.039027214050293,-9.968401908874512,-8.631352424621582,-8.667135238647461,-11.824264526367188,-9.125977516174316,-5.712844371795654,-11.884943008422852,-9.623581886291504,-9.534252166748047,-8.025026321411133,-8.25795841217041,-11.925775527954102,-12.483494758605957,-9.178510665893555,-8.386201858520508,-9.080345153808594,-8.805817604064941,-10.246277809143066,-8.90322208404541,-7.184492111206055,-6.2103142738342285,-5.852238178253174,-4.638904094696045,-1.8919461965560913,-1.492620587348938,-7.596732139587402,-6.887526988983154,-4.191282272338867,-1.9453283548355103
-12.08264446258545,-11.812119483947754,-11.802122116088867,-12.517868995666504,-13.305334091186523,-14.080961227416992,-12.984185218811035,-10.161107063293457,-9.758525848388672,-11.173630714416504,-7.771575450897217,-8.70976734161377,-10.456177711486816,-8.524065971374512,-7.089967250823975,-8.87998104095459,-10.650293350219727,-10.24172592163086,-9.069035530090332,-10.135859489440918,-10.932034492492676,-9.992500305175781,-8.791922569274902,-8.658719062805176,-12.187196731567383,-15.210992813110352,-13.42314338684082,-11.72003173828125,-10.252129554748535,-8.727712631225586,-9.602827072143555,-9.187386512756348,-7.654806137084961,-7.734542369842529,-6.271972179412842,-4.830589771270752,-4.599860191345215,-3.513493537902832,0.05943602696061134,-7.227089881896973,-6.63544225692749,-3.992218494415283,-3.1121981143951416
-11.943671226501465,-11.522680282592773,-10.971003532409668,-12.217792510986328,-13.334306716918945,-11.223152160644531,-9.274986267089844,-10.334599494934082,-12.330219268798828,-10.965731620788574,-8.977620124816895,-10.524877548217773,-11.34620189666748,-9.035561561584473,-8.074591636657715,-9.789702415466309,-9.782105445861816,-8.540096282958984,-9.075222969055176,-11.636015892028809,-11.368155479431152,-9.082613945007324,-8.53099536895752,-10.113102912902832,-13.814603805541992,-13.289642333984375,-11.54176139831543,-9.584189414978027,-8.468979835510254,-7.306286811828613,-9.156262397766113,-7.700979709625244,-5.7796149253845215,-8.619248390197754,-5.678574085235596,-4.685415267944336,-7.463099002838135,-7.972696304321289,-8.497199058532715,-11.700098991394043,-7.8875226974487305,-5.190560817718506,-1.9362839460372925
-13.58187198638916,-14.032681465148926,-12.073918342590332,-10.895073890686035,-12.41220760345459,-12.883535385131836,-13.349928855895996,-14.371085166931152,-12.410688400268555,-9.772361755371094,-10.038070678710938,-10.922250747680664,-9.578392028808594,-10.031296730041504,-11.681840896606445,-10.992475509643555,-8.508122444152832,-7.367128849029541,-9.118330955505371,-11.683606147766113,-11.840498924255371,-9.802925109863281,-9.77647590637207,-12.331680297851562,-12.891766548156738,-10.733607292175293,-7.782052993774414,-7.229191303253174,-9.712124824523926,-7.931581020355225,-9.346997261047363,-8.59975814819336,-8.486292839050293,-10.362638473510742,-7.2235260009765625,-6.6208815574646,-9.149585723876953,-10.329667091369629,-10.639777183532715,-10.777505874633789,-9.483458518981934,-6.947413444519043,-1.4938408136367798
-16.43782615661621,-16.335220336914062,-12.492477416992188,-9.722517967224121,-12.39826774597168,-14.513219833374023,-13.879509925842285,-12.204679489135742,-10.14011287689209,-9.15340805053711,-11.7435884475708,-9.674105644226074,-9.295138359069824,-13.21825885772705,-14.822070121765137,-12.176783561706543,-8.656108856201172,-7.915206432342529,-10.190427780151367,-11.549555778503418,-11.365947723388672,-11.209881782531738,-12.741841316223145,-13.079675674438477,-10.88353157043457,-9.583388328552246,-8.868555068969727,-10.661754608154297,-9.528690338134766,-6.661800384521484,-8.234320640563965,-10.122928619384766,-11.259136199951172,-10.497025489807129,-8.669724464416504,-8.181907653808594,-8.349142074584961,-10.19950008392334,-10.758524894714355,-9.03024959564209,-6.940106391906738,-9.005575180053711,-11.566777229309082
-15.905096054077148,-14.626076698303223,-10.926352500915527,-9.195588111877441,-12.042985916137695,-13.290212631225586,-12.048988342285156,-11.968170166015625,-13.200922012329102,-14.555586814880371,-13.828255653381348,-10.568380355834961,-11.536128044128418,-13.565649032592773,-14.348721504211426,-12.71108341217041,-10.168716430664062,-10.411038398742676,-11.97557258605957,-11.479528427124023,-11.085217475891113,-13.159783363342285,-14.581838607788086,-10.51598834991455,-6.851790428161621,-10.174355506896973,-11.047045707702637,-11.1638822555542,-7.247518539428711,-5.027770042419434,-8.8706693649292,-9.60678768157959,-11.020936012268066,-10.55496883392334,-10.264968872070312,-11.00664234161377,-11.385141372680664,-11.329752922058105,-9.682365417480469,-7.229198932647705,-6.18698787689209,-9.06937026977539,-12.777972221374512
-12.657710075378418,-11.904434204101562,-12.229789733886719,-12.090642929077148,-11.861061096191406,-12.416655540466309,-13.245670318603516,-15.745444297790527,-18.50637435913086,-17.308603286743164,-13.850486755371094,-11.324207305908203,-11.27418041229248,-12.114336013793945,-12.621774673461914,-12.306087493896484,-13.631999969482422,-15.241265296936035,-14.115861892700195,-10.684916496276855,-8.623044967651367,-11.971288681030273,-13.721443176269531,-9.391013145446777,-9.308005332946777,-12.688482284545898,-11.773719787597656,-9.965385437011719,-7.897830009460449,-10.291977882385254,-14.391853332519531,-9.980975151062012,-10.875967025756836,-12.463560104370117,-12.968449592590332,-13.031073570251465,-12.198763847351074,-10.345468521118164,-10.078537940979004,-10.442672729492188,-9.14830207824707,-7.443947792053223,-9.605064392089844
-11.98958969116211,-13.212965965270996,-13.659737586975098,-13.564621925354004,-12.049198150634766,-11.130125045776367,-14.224867820739746,-17.80567741394043,-16.146835327148438,-11.78299331665039,-10.911011695861816,-10.968530654907227,-10.529635429382324,-11.346994400024414,-12.27040958404541,-13.430074691772461,-15.299039840698242,-15.677390098571777,-12.850399017333984,-9.428918838500977,-7.033718585968018,-10.38173770904541,-12.353584289550781,-11.776483535766602,-14.694023132324219,-15.543376922607422,-12.890374183654785,-10.92175579071045,-13.35533618927002,-16.739093780517578,-15.182332992553711,-12.307771682739258,-12.457968711853027,-13.092427253723145,-11.80772590637207,-10.565693855285645,-11.283163070678711,-11.020944595336914,-11.709959983825684,-12.685471534729004,-11.435737609863281,-6.642773151397705,-7.697615146636963
-13.934224128723145,-14.625227928161621,-13.618807792663574,-13.284046173095703,-11.5280122756958,-9.79556941986084,-12.392544746398926,-16.822620391845703,-14.65378189086914,-9.202600479125977,-10.205589294433594,-14.41161823272705,-12.168156623840332,-12.104019165039062,-13.274762153625488,-14.051396369934082,-13.306368827819824,-12.170465469360352,-9.348986625671387,-9.565418243408203,-9.583779335021973,-11.05420207977295,-11.316450119018555,-11.97280216217041,-16.173412322998047,-17.04444122314453,-13.781413078308105,-10.149678230285645,-9.858177185058594,-12.841644287109375,-12.14255428314209,-11.681463241577148,-12.275948524475098,-10.145171165466309,-6.976352214813232,-8.505025863647461,-10.866929054260254,-11.288164138793945,-12.305492401123047,-12.33267593383789,-11.203729629516602,-9.253955841064453,-9.18838119506836
-13.612318992614746,-13.651090621948242,-13.015223503112793,-11.691160202026367,-11.357582092285156,-12.218005180358887,-10.38621711730957,-14.433602333068848,-14.405351638793945,-12.896551132202148,-15.549820899963379,-18.733112335205078,-14.44725513458252,-12.528645515441895,-13.126158714294434,-13.208399772644043,-10.494146347045898,-9.298693656921387,-10.225358963012695,-11.859195709228516,-13.217927932739258,-13.141719818115234,-12.946798324584961,-14.517014503479004,-16.309162139892578,-16.143646240234375,-13.607769012451172,-9.735028266906738,-9.302751541137695,-11.826522827148438,-6.976282596588135,-9.617303848266602,-11.76711654663086,-9.021615982055664,-9.182271003723145,-12.54021167755127,-13.791958808898926,-13.727034568786621,-13.00595474243164,-10.376011848449707,-10.058089256286621,-13.993391990661621,-16.879905700683594
-13.437372207641602,-11.88944149017334,-10.866927146911621,-12.664630889892578,-14.602571487426758,-13.291281700134277,-11.269006729125977,-12.78024959564209,-14.179584503173828,-15.247894287109375,-17.989381790161133,-19.142776489257812,-15.84314250946045,-12.360472679138184,-13.025870323181152,-13.498893737792969,-11.93918228149414,-11.225541114807129,-13.672972679138184,-15.508872032165527,-15.217815399169922,-14.785883903503418,-15.105219841003418,-15.471951484680176,-15.605262756347656,-15.135272979736328,-13.419843673706055,-11.87826919555664,-11.807113647460938,-12.524423599243164,-11.924358367919922,-13.201735496520996,-15.038251876831055,-12.529243469238281,-14.34158992767334,-15.972615242004395,-15.068853378295898,-14.593220710754395,-12.48159408569336,-10.552929878234863,-11.626411437988281,-16.596609115600586,-16.320987701416016
-11.9468355178833,-10.946454048156738,-9.87519359588623,-11.812691688537598,-12.356258392333984,-12.222678184509277,-12.655085563659668,-13.408012390136719,-14.518994331359863,-15.646864891052246,-16.037580490112305,-15.551556587219238,-16.148792266845703,-16.738845825195312,-15.130834579467773,-13.59901237487793,-14.203222274780273,-15.2196044921875,-15.60193157196045,-15.573776245117188,-15.736083984375,-15.446907997131348,-13.610814094543457,-13.50784969329834,-16.38785743713379,-16.45868492126465,-14.797178268432617,-14.912531852722168,-15.472236633300781,-15.728033065795898,-16.181171417236328,-16.50277328491211,-16.477388381958008,-15.685995101928711,-14.895139694213867,-14.262500762939453,-13.89972972869873,-13.066730499267578,-9.334759712219238,-14.678138732910156,-13.897762298583984,-17.03748321533203,-14.990522384643555
-10.139229774475098,-9.642006874084473,-9.914453506469727,-10.359672546386719,-10.526741027832031,-11.11385440826416,-12.951930046081543,-14.676436424255371,-15.58791446685791,-16.49688148498535,-17.446775436401367,-17.883766174316406,-17.910160064697266,-16.985593795776367,-14.37252140045166,-13.891849517822266,-16.374067306518555,-17.096635818481445,-16.54479217529297,-16.851139068603516,-17.393510818481445,-15.095690727233887,-11.85698413848877,-13.543741226196289,-19.855833053588867,-19.369972229003906,-17.410263061523438,-18.41278076171875,-18.74762535095215,-18.161935806274414,-16.886764526367188,-16.43330955505371,-16.40304946899414,-15.749906539916992,-15.620331764221191,-15.863469123840332,-14.72748851776123,-12.412759780883789,-13.235599517822266,-14.505334854125977,-17.384370803833008,-20.533763885498047,-20.176040649414062
-8.324459075927734,-7.881231784820557,-9.093528747558594,-9.735336303710938,-9.466556549072266,-10.485518455505371,-13.004801750183105,-15.775296211242676,-16.656766891479492,-16.81608772277832,-17.720867156982422,-18.140090942382812,-15.946907043457031,-13.150580406188965,-12.259215354919434,-14.232848167419434,-17.420846939086914,-18.488285064697266,-20.08399772644043,-20.444395065307617,-18.717954635620117,-15.812536239624023,-13.638163566589355,-15.751424789428711,-18.846445083618164,-17.533437728881836,-17.842510223388672,-19.818601608276367,-18.759180068969727,-16.274951934814453,-13.718360900878906,-13.553942680358887,-15.201314926147461,-15.341453552246094,-14.199481964111328,-13.135588645935059,-10.18930721282959,-10.923081398010254,-16.276687622070312,-17.388626098632812,-21.693208694458008,-20.986793518066406,-16.292922973632812
-6.64810037612915,-6.944183826446533,-8.480557441711426,-9.373245239257812,-9.964606285095215,-11.046686172485352,-13.11740493774414,-15.585634231567383,-16.18080711364746,-16.038034439086914,-16.549068450927734,-16.72028923034668,-14.831609725952148,-10.88267993927002,-11.973774909973145,-13.96601390838623,-16.35466194152832,-17.16448211669922,-19.778518676757812,-21.230133056640625,-20.212766647338867,-18.716480255126953,-17.737974166870117,-16.334775924682617,-13.51557731628418,-12.100144386291504,-14.794825553894043,-17.556915283203125,-17.265424728393555,-15.595226287841797,-12.702811241149902,-11.176817893981934,-11.659773826599121,-13.253166198730469,-12.927892684936523,-12.537759780883789,-14.30597972869873,-17.961891174316406,-20.019840240478516,-21.044832229614258,-18.992992401123047,-14.20336627960205,-12.506052017211914
-7.114990711212158,-4.247091770172119,-7.700156211853027,-9.055258750915527,-8.849198341369629,-6.513594627380371,-6.777972221374512,-11.655106544494629,-13.979498863220215,-13.056489944458008,-13.109856605529785,-11.700994491577148,-12.448962211608887,-13.347415924072266,-14.240736961364746,-13.90020751953125,-13.196165084838867,-13.567890167236328,-15.693093299865723,-16.70807647705078,-15.58922004699707,-16.061077117919922,-16.43096923828125,-14.383309364318848,-11.373154640197754,-10.383392333984375,-11.745063781738281,-13.824445724487305,-15.012728691101074,-16.242616653442383,-16.079984664916992,-15.23873233795166,-12.316696166992188,-12.717521667480469,-13.706130981445312,-14.888925552368164,-19.435617446899414,-21.65537452697754,-21.103504180908203,-16.324623107910156,-10.62735366821289,-12.045654296875,-19.781156539916992
-6.1714277267456055,-5.227145195007324,-7.13347864151001,-7.614319324493408,-6.908380508422852,-4.129098892211914,-3.201789379119873,-8.247868537902832,-13.399045944213867,-13.357552528381348,-11.905271530151367,-10.318166732788086,-8.741315841674805,-12.84144115447998,-14.428637504577637,-9.960921287536621,-8.732420921325684,-10.557633399963379,-10.819153785705566,-10.80126953125,-7.500184059143066,-8.990144729614258,-14.31675910949707,-12.44316577911377,-12.226901054382324,-12.348860740661621,-10.770919799804688,-15.595698356628418,-14.294415473937988,-16.6361083984375,-16.526878356933594,-16.23732566833496,-17.216779708862305,-18.167863845825195,-16.148696899414062,-15.294646263122559,-16.52897071838379,-17.411441802978516,-16.37837791442871,-13.396463394165039,-13.322151184082031,-22.196369171142578,-23.341781616210938
