data/wind_data/wind_4_8.json
{"header": {"parameterUnit": "KT", "parameterCategory": 2, "nx": 256, "ny": 198, "lo1": 44.73521041870117, "la1": -3.236724853515625, "lo2": 111.26478576660156, "la2": 43.468475341796875, "dx": 0.2609002888202667, "dy": -0.23708222806453705, "refTime": "2025-02-19 04:00:00", "forecastTime": 0, "parameterNumber": 2, "parameterNumberName": "eastward_wind"}, "data":
[rows 19 to 37 of 198, columns 44 to 87 of 256]
-12.207832336425781,-12.151705741882324,-11.579527854919434,-11.677416801452637,-12.801580429077148,-13.958704948425293,-14.86574649810791,-15.490299224853516,-15.524443626403809,-15.11421012878418,-14.24194049835205,-13.480748176574707,-13.011807441711426,-12.530653953552246,-11.529580116271973,-10.868168830871582,-11.647673606872559,-12.987342834472656,-13.514445304870605,-13.32131290435791,-13.13774585723877,-13.058464050292969,-13.0719633102417,-13.31374740600586,-13.349029541015625,-13.35399055480957,-13.504618644714355,-13.450922966003418,-13.125675201416016,-12.629087448120117,-11.87817668914795,-10.959829330444336,-10.486608505249023,-10.711701393127441,-10.922030448913574,-10.209150314331055,-8.960297584533691,-7.923305511474609,-7.485547065734863,-7.873261451721191,-8.445060729980469,-8.10485553741455,-7.781057834625244,-7.496323108673096
-11.86781120300293,-12.440566062927246,-12.392909049987793,-12.435547828674316,-13.163268089294434,-14.113017082214355,-14.821781158447266,-15.28378677368164,-15.157926559448242,-14.53352165222168,-13.617162704467773,-12.860106468200684,-12.343635559082031,-11.75015640258789,-11.011397361755371,-11.097261428833008,-12.304035186767578,-13.389860153198242,-13.786151885986328,-13.584810256958008,-13.07321548461914,-13.16795825958252,-13.950705528259277,-14.511982917785645,-14.421353340148926,-14.41008186340332,-14.230659484863281,-13.351459503173828,-11.830546379089355,-10.54630184173584,-9.87582015991211,-9.188438415527344,-9.074219703674316,-9.620901107788086,-9.780830383300781,-9.310267448425293,-8.560941696166992,-7.710964202880859,-7.465240478515625,-8.40915298461914,-9.26451301574707,-9.015972137451172,-8.703617095947266,-8.608247756958008
-11.255422592163086,-12.257668495178223,-12.826342582702637,-13.047722816467285,-13.516221046447754,-14.27965259552002,-14.562795639038086,-14.684399604797363,-14.908373832702637,-14.804200172424316,-14.201258659362793,-13.313804626464844,-12.443321228027344,-11.879355430603027,-11.880807876586914,-12.475293159484863,-13.12441635131836,-13.310647964477539,-13.28160285949707,-12.87063217163086,-12.074533462524414,-11.96115779876709,-12.923080444335938,-14.390678405761719,-15.4480562210083,-15.675107955932617,-14.750530242919922,-12.781498908996582,-10.366360664367676,-8.618184089660645,-7.830494403839111,-7.1508307456970215,-7.247475624084473,-8.24119758605957,-8.807826042175293,-8.78002643585205,-8.34499740600586,-7.423764228820801,-7.157360076904297,-7.924091339111328,-8.578850746154785,-8.699666976928711,-8.507638931274414,-9.571836471557617
-10.816411972045898,-12.107853889465332,-13.143399238586426,-13.743462562561035,-14.307397842407227,-14.687500953674316,-14.194618225097656,-13.873273849487305,-14.556206703186035,-15.171838760375977,-14.707646369934082,-13.581192016601562,-12.773242950439453,-12.66977596282959,-12.929489135742188,-13.129415512084961,-13.23060417175293,-12.753947257995605,-12.160605430603027,-11.217493057250977,-10.436084747314453,-10.810172080993652,-11.887425422668457,-13.3887939453125,-14.65893840789795,-14.739372253417969,-13.888875961303711,-12.555493354797363,-10.971515655517578,-9.412073135375977,-7.905452728271484,-6.77674674987793,-6.934784889221191,-8.018677711486816,-8.472301483154297,-8.084331512451172,-7.585170269012451,-7.162082195281982,-7.443362236022949,-8.166071891784668,-8.714338302612305,-8.888396263122559,-9.551640510559082,-11.557424545288086
-10.38376522064209,-11.89806842803955,-13.395974159240723,-14.515043258666992,-14.984146118164062,-14.567137718200684,-13.529325485229492,-13.22525405883789,-13.8817720413208,-14.563234329223633,-14.400408744812012,-13.383620262145996,-12.82400894165039,-12.996532440185547,-13.098286628723145,-12.93391227722168,-12.893611907958984,-12.390305519104004,-11.541281700134277,-10.549031257629395,-10.046895980834961,-10.709604263305664,-11.820411682128906,-12.687030792236328,-13.16523551940918,-12.8031005859375,-12.378204345703125,-12.026263236999512,-10.946415901184082,-9.134666442871094,-7.585018634796143,-7.254063129425049,-7.684601306915283,-7.896251201629639,-7.4435648918151855,-6.909825801849365,-6.991819858551025,-7.372629165649414,-8.203768730163574,-8.85760498046875,-8.792879104614258,-8.929972648620605,-10.5471830368042,-12.431200981140137
-9.791544914245605,-11.490836143493652,-13.241011619567871,-14.467134475708008,-14.461652755737305,-13.540925025939941,-12.736532211303711,-12.533650398254395,-12.703849792480469,-13.210057258605957,-13.532332420349121,-12.887958526611328,-12.074714660644531,-11.908347129821777,-12.46129322052002,-13.09537410736084,-13.268696784973145,-12.850958824157715,-12.336896896362305,-11.940954208374023,-11.563064575195312,-11.689123153686523,-12.285306930541992,-12.391088485717773,-12.142317771911621,-11.792387962341309,-11.341039657592773,-10.647744178771973,-9.257291793823242,-7.645601749420166,-6.7314982414245605,-6.768590927124023,-6.968419551849365,-6.481100082397461,-5.7833662033081055,-6.079299449920654,-7.16109561920166,-7.8414812088012695,-8.2904052734375,-8.813763618469238,-9.437501907348633,-10.687222480773926,-12.038122177124023,-12.161128997802734
-9.166025161743164,-10.455471992492676,-12.103270530700684,-13.483046531677246,-13.633573532104492,-12.896347045898438,-12.170731544494629,-11.502775192260742,-11.408636093139648,-12.161270141601562,-12.729744911193848,-12.11497688293457,-10.827594757080078,-10.48041820526123,-11.58993911743164,-13.099738121032715,-13.97994613647461,-14.118009567260742,-14.072409629821777,-14.028481483459473,-13.5054931640625,-12.711578369140625,-12.24095344543457,-11.90023422241211,-11.821592330932617,-11.991195678710938,-11.48483657836914,-10.02961254119873,-8.332437515258789,-7.269519329071045,-6.536647319793701,-5.534228324890137,-5.104768753051758,-5.633787155151367,-6.070907115936279,-6.24763298034668,-6.767131328582764,-7.2619404792785645,-7.502443313598633,-7.951271057128906,-8.68055534362793,-10.316496849060059,-12.24083423614502,-12.268381118774414
-8.741209983825684,-9.196733474731445,-10.645368576049805,-12.455894470214844,-13.044302940368652,-12.40265941619873,-11.33712100982666,-10.33886432647705,-10.617655754089355,-11.683545112609863,-11.93276309967041,-11.155112266540527,-10.233642578125,-10.151637077331543,-10.827601432800293,-11.848852157592773,-12.9550199508667,-14.003838539123535,-14.367552757263184,-14.185792922973633,-13.897260665893555,-13.149787902832031,-12.131501197814941,-11.72632122039795,-12.109638214111328,-12.416181564331055,-11.537019729614258,-9.529484748840332,-7.575686931610107,-6.726368427276611,-6.220205783843994,-5.151281356811523,-5.016547203063965,-6.090536117553711,-6.463344573974609,-5.654049396514893,-5.57832670211792,-6.733612060546875,-7.394614219665527,-7.1330437660217285,-7.002784729003906,-7.7632317543029785,-9.26115608215332,-10.108477592468262
-8.945708274841309,-8.697657585144043,-9.404397964477539,-11.196036338806152,-12.038394927978516,-11.32602596282959,-10.341979026794434,-9.9822416305542,-10.499465942382812,-10.831692695617676,-10.471811294555664,-10.06163501739502,-9.936119079589844,-10.123075485229492,-10.177632331848145,-9.995220184326172,-10.443826675415039,-11.792506217956543,-12.380691528320312,-11.957930564880371,-11.893831253051758,-11.980093002319336,-11.810111045837402,-11.849047660827637,-11.977209091186523,-11.179869651794434,-9.420109748840332,-7.5399861335754395,-6.064611434936523,-5.0959153175354,-4.664608955383301,-4.747387409210205,-5.153347015380859,-5.359402656555176,-5.579163074493408,-6.150657653808594,-7.019959926605225,-7.894780158996582,-7.813464641571045,-6.73089075088501,-6.207039833068848,-6.38458251953125,-6.278140068054199,-5.965704441070557
-8.664400100708008,-8.1591796875,-7.991322040557861,-8.8726167678833,-9.667623519897461,-9.765276908874512,-9.885345458984375,-10.288396835327148,-10.68967056274414,-10.104639053344727,-9.06097412109375,-8.668349266052246,-8.78381061553955,-9.065580368041992,-8.90191650390625,-8.293965339660645,-8.182260513305664,-8.936119079589844,-9.328489303588867,-8.792871475219727,-8.80665111541748,-9.638707160949707,-10.270394325256348,-10.653348922729492,-10.419137954711914,-8.827369689941406,-6.706393718719482,-5.394949913024902,-4.7331743240356445,-3.976409912109375,-3.543699026107788,-4.665152549743652,-5.712650775909424,-5.864834308624268,-6.600505828857422,-7.969852447509766,-8.94106388092041,-8.841811180114746,-7.820235729217529,-6.659017562866211,-5.798527717590332,-5.071372985839844,-4.066101551055908,-3.205392599105835
-7.432634353637695,-7.188819885253906,-7.061104774475098,-7.100220203399658,-7.416029930114746,-8.317608833312988,-9.584887504577637,-10.121641159057617,-9.71359920501709,-8.761762619018555,-7.977901458740234,-7.8625640869140625,-7.790739059448242,-7.430440902709961,-6.671659469604492,-5.883063793182373,-5.89310359954834,-6.369899272918701,-6.505930423736572,-6.583202838897705,-7.370538234710693,-8.315380096435547,-8.334568977355957,-8.162442207336426,-8.07771110534668,-6.745446681976318,-5.01919412612915,-3.8983616828918457,-3.226210117340088,-3.350649833679199,-3.8489952087402344,-5.1122026443481445,-6.103277206420898,-6.540528297424316,-7.1312642097473145,-7.619495391845703,-7.914665222167969,-7.474486827850342,-6.007417678833008,-5.21453857421875,-4.582782745361328,-3.3564231395721436,-2.4804677963256836,-2.2225077152252197
-6.348214626312256,-6.217174530029297,-6.750744819641113,-6.951083660125732,-6.679806232452393,-7.267176628112793,-8.380516052246094,-8.433577537536621,-7.568352222442627,-6.794203758239746,-6.671097278594971,-6.875656604766846,-6.481178283691406,-5.463243007659912,-4.48120641708374,-3.9956486225128174,-4.245138168334961,-4.657293319702148,-4.883632659912109,-5.495089054107666,-6.926994800567627,-7.924164772033691,-7.418570518493652,-6.382667541503906,-5.788428783416748,-4.4163594245910645,-2.920362949371338,-2.2600162029266357,-1.774582028388977,-2.1050803661346436,-3.3068206310272217,-4.037117958068848,-4.271925926208496,-4.5306220054626465,-4.234522342681885,-3.742955207824707,-3.767700433731079,-3.74849534034729,-3.033961772918701,-3.545764684677124,-3.451063871383667,-2.6606712341308594,-2.016814947128296,-1.982134222984314
-5.843766212463379,-5.461056232452393,-5.975648403167725,-6.6531171798706055,-6.382397651672363,-6.1389617919921875,-6.194672107696533,-5.997786998748779,-5.731611728668213,-5.52308464050293,-5.397624969482422,-5.347727298736572,-4.827322006225586,-4.231533527374268,-3.794215679168701,-3.4877963066101074,-3.6427297592163086,-3.7333948612213135,-4.106175899505615,-4.657565116882324,-5.360019207000732,-6.2913899421691895,-6.302678108215332,-5.168459415435791,-3.567314624786377,-1.8655965328216553,-0.6130253672599792,-0.12679214775562286,-0.42058423161506653,-0.47430315613746643,-1.1690125465393066,-1.3745076656341553,-1.3298425674438477,-1.5960427522659302,-1.6034975051879883,-1.1713767051696777,-0.4338948428630829,-1.7105892896652222,-3.3241446018218994,-4.247150897979736,-3.2457778453826904,-1.9254820346832275,-1.2478135824203491,-1.1761960983276367
-5.492108345031738,-4.406369686126709,-4.011814594268799,-4.785648345947266,-5.2938761711120605,-4.721683979034424,-4.359106540679932,-4.263840198516846,-4.449942111968994,-4.459840297698975,-4.033565998077393,-3.726935386657715,-3.2170093059539795,-3.1712851524353027,-3.3943018913269043,-2.9009552001953125,-2.2910218238830566,-2.0101587772369385,-2.575871229171753,-2.8617358207702637,-3.2305381298065186,-3.925079822540283,-4.223780155181885,-2.9067792892456055,-1.1095932722091675,-0.2047305554151535,-0.2563110291957855,-0.16881431639194489,-0.31035441160202026,0.1274224817752838,1.0581285953521729,1.74728262424469,2.0806450843811035,1.678099274635315,-0.2568545341491699,-0.6533010601997375,-0.06443748623132706,-1.2654868364334106,-2.5999755859375,-2.4258854389190674,-1.6219719648361206,-0.6447010040283203,-0.1840115636587143,0.10917244106531143
-4.440601825714111,-3.754180431365967,-2.859807014465332,-2.4007720947265625,-2.718304395675659,-2.7784574031829834,-2.8149309158325195,-2.776643991470337,-3.231722831726074,-3.3556249141693115,-2.2636966705322266,-1.4172104597091675,-1.2163803577423096,-1.359189510345459,-1.545330286026001,-1.2224522829055786,-0.1672956794500351,0.22275814414024353,-0.5963196158409119,-1.0557883977890015,-1.6822426319122314,-2.0394835472106934,-2.006997585296631,-1.1612588167190552,-0.3697983920574188,-0.18211165070533752,-0.6591470241546631,-0.3879798948764801,0.27696213126182556,1.2462718486785889,3.397860527038574,5.133291244506836,4.7635579109191895,2.338796615600586,0.23687151074409485,-0.0779886245727539,0.27864646911621094,0.034854456782341,-0.36787503957748413,-0.42155396938323975,0.3436533212661743,0.8419601917266846,1.0084887742996216,1.0198756456375122
-2.467400550842285,-2.8290398120880127,-2.6578640937805176,-1.6709496974945068,-0.7202160954475403,-0.4586105942726135,-0.719612181186676,-0.7991265058517456,-1.1120415925979614,-1.4801381826400757,-0.6735802888870239,0.29847902059555054,0.4781931936740875,0.6693435311317444,1.0704675912857056,1.0145604610443115,1.220617651939392,0.9220820665359497,0.3881604075431824,-0.16316331923007965,-0.3172335922718048,-0.4026557505130768,-0.359326034784317,-0.6876657009124756,-0.3354204595088959,0.39428994059562683,0.3411067724227905,0.12314590066671371,1.1638784408569336,3.35522723197937,5.495389461517334,5.477118492126465,3.7890114784240723,2.4242706298828125,1.1879761219024658,0.9406895637512207,0.961020290851593,1.0055228471755981,0.6541754007339478,0.5230839252471924,1.532839298248291,2.0988609790802,1.7812258005142212,0.533568263053894
-1.1558231115341187,-1.5673401355743408,-1.8462934494018555,-1.4918348789215088,-0.3279913365840912,1.5045500993728638,2.0794310569763184,1.637563705444336,1.4450703859329224,0.9015600085258484,0.39108920097351074,0.6097592115402222,1.235299825668335,2.423736333847046,2.8308157920837402,2.4856250286102295,2.0297417640686035,1.4159400463104248,1.1701984405517578,0.9072102308273315,1.406948447227478,1.443780779838562,0.8219157457351685,0.21833449602127075,0.4099932610988617,0.8872852921485901,0.8825416564941406,0.8250278234481812,1.545533537864685,3.387390613555908,4.208216667175293,3.398010730743408,2.6331493854522705,2.2919633388519287,1.9127599000930786,1.6928499937057495,1.317991852760315,1.550071120262146,2.6342062950134277,3.3787765502929688,2.6457080841064453,2.0569353103637695,1.5233550071716309,-1.197184681892395
-0.12861213088035583,-0.2635922133922577,-0.45486825704574585,-0.25460031628608704,0.5443214774131775,2.2732646465301514,3.336601495742798,3.0740325450897217,2.929185390472412,2.4587271213531494,1.3654426336288452,1.3345295190811157,2.205885648727417,2.860119342803955,3.0150225162506104,3.2307863235473633,2.98974871635437,2.4742863178253174,2.0756490230560303,2.0991930961608887,2.659304618835449,2.817426919937134,2.263667106628418,1.151450276374817,0.5361897945404053,0.5198115706443787,0.2798409163951874,-0.010542353615164757,0.7931249737739563,2.170954942703247,2.886897087097168,2.901355743408203,2.0899972915649414,1.9594236612319946,2.4689278602600098,2.2472009658813477,2.2605035305023193,2.1452436447143555,2.6394829750061035,2.725304365158081,0.4449470043182373,-0.1970793455839157,0.6333218812942505,-1.707504153251648
2.053387403488159,1.6545679569244385,1.2642862796783447,1.2741549015045166,2.322072982788086,3.2985453605651855,3.8906326293945312,4.0085768699646,3.6356515884399414,3.1425609588623047,2.454385280609131,2.3791394233703613,2.959782600402832,2.8031227588653564,3.5570027828216553,4.095676422119141,4.1642866134643555,3.7773826122283936,2.9540159702301025,2.6928582191467285,2.8963918685913086,3.1642820835113525,2.827162027359009,1.8747668266296387,1.3241814374923706,1.2541766166687012,1.5507889986038208,2.162966728210449,2.855940580368042,3.5961899757385254,4.2342529296875,4.061611652374268,3.257556676864624,3.0027287006378174,3.4489831924438477,3.638441324234009,2.892052173614502,1.5296427011489868,1.0839412212371826,0.7880820631980896,0.07001599669456482,-0.25006675720214844,-0.4413847029209137,-0.26978516578674316
