data/wind_data/wind_2025-02-20_11.json
{"header": {"parameterUnit": "KT", "parameterCategory": 2, "nx": 255, "ny": 198, "lo1": 44.73521041870117, "la1": -3.236724853515625, "lo2": 111.26478576660156, "la2": 43.468475341796875, "dx": 0.26192745566368103, "dy": -0.23708222806453705, "refTime": "2025-02-20 11:00:00", "forecastTime": 0, "parameterNumber": 2, "parameterNumberName": "eastward_wind"}, "data":
[rows 114 to 132 of 198, columns 129 to 171 of 255]
6.151188373565674,5.746764659881592,5.294106960296631,4.240415573120117,3.6339340209960938,1.827577829360962,0.833534300327301,0.88448166847229,0.7547115683555603,0.21881219744682312,0.9363768100738525,-1.6588343381881714,-1.2671679258346558,1.0821186304092407,-0.5723292827606201,-0.027760416269302368,-0.21898622810840607,-0.05094696208834648,0.8329671621322632,0.9648512601852417,1.0662792921066284,1.1221504211425781,0.6834885478019714,0.16041472554206848,-0.23613664507865906,-0.22429189085960388,1.5839197635650635,1.5781461000442505,0.1883782148361206,-0.17737631499767303,0.38362255692481995,1.4351638555526733,1.9572721719741821,2.941340684890747,3.32572078704834,3.491328001022339,4.2057013511657715,4.51793098449707,4.4061970710754395,4.583968162536621,4.354712963104248,4.822896480560303,5.38536262512207
5.373186111450195,5.275975227355957,5.098753452301025,3.8953282833099365,3.232401132583618,2.041900634765625,1.4010344743728638,1.4693466424942017,1.2877503633499146,0.9760497808456421,0.3497626781463623,-0.7630854249000549,-0.08429638296365738,-0.37458470463752747,-0.7746351361274719,-0.42177754640579224,-0.6381979584693909,0.2997819781303406,0.2610464096069336,0.5844423770904541,0.5162035822868347,0.038072679191827774,0.0074415323324501514,0.019973576068878174,0.43503615260124207,0.9896607995033264,1.5156738758087158,1.0999258756637573,1.299673080444336,1.7054386138916016,2.747770071029663,3.6175878047943115,3.6642138957977295,4.211644172668457,4.1281962394714355,4.415036678314209,4.870217323303223,5.114945888519287,5.079913139343262,4.7553229331970215,4.693608283996582,4.8897786140441895,5.4274516105651855
5.116347789764404,5.105056285858154,4.299471378326416,2.899169921875,2.78851318359375,2.5710761547088623,2.0716776847839355,1.5964783430099487,1.0427812337875366,0.33010825514793396,-0.601677417755127,-0.5707142353057861,-0.530345618724823,-1.006019115447998,-0.5329326391220093,-0.704177737236023,-0.5738580822944641,0.03291628509759903,0.1360500603914261,0.8950690031051636,0.1303306370973587,-0.36832189559936523,0.1706036776304245,0.4162573516368866,0.9752248525619507,1.5094469785690308,2.0091159343719482,2.081228017807007,2.4821600914001465,3.240330696105957,3.6580138206481934,4.098293781280518,4.1743483543396,4.248659133911133,4.096370697021484,4.146395683288574,4.5384039878845215,4.620686054229736,4.476287364959717,4.521781921386719,4.885700702667236,5.0975494384765625,5.418626308441162
3.808488607406616,3.5312514305114746,2.850438356399536,2.2855448722839355,2.8067128658294678,2.474378824234009,1.6445422172546387,0.9060198068618774,0.38922038674354553,-0.0788286030292511,-0.44350436329841614,-0.3834496736526489,-0.6435271501541138,-0.6254159808158875,-0.46081849932670593,-1.09000825881958,-0.6169390678405762,-0.01734534651041031,0.5330705642700195,1.455822467803955,0.06269410997629166,-0.35400694608688354,0.27061226963996887,0.9501454830169678,1.846903920173645,2.240090847015381,2.7511556148529053,2.8230202198028564,3.3844151496887207,3.858318567276001,4.373114585876465,4.576708793640137,4.470209121704102,3.9208428859710693,3.4192745685577393,3.8971071243286133,4.532038688659668,4.633364677429199,4.7785186767578125,5.215641975402832,5.1486358642578125,4.920660018920898,4.367719650268555
3.858734369277954,2.068591594696045,1.4761818647384644,2.117612600326538,2.350929021835327,1.2529889345169067,0.7120979428291321,0.4597022235393524,0.2837217450141907,0.3244141936302185,0.2775898873806,0.0424768328666687,-0.456962913274765,-0.7463459968566895,-0.9602143168449402,-1.2377445697784424,-0.5055862069129944,0.3748292326927185,1.3426508903503418,1.8562159538269043,0.09193706512451172,0.09154345840215683,0.924050509929657,1.6524323225021362,2.6125240325927734,3.028040647506714,3.5268802642822266,3.7042479515075684,4.267989635467529,4.259541988372803,5.086061954498291,5.188394546508789,4.011102199554443,3.284773111343384,3.6849863529205322,5.253253936767578,5.877665996551514,5.938030242919922,5.407539367675781,4.487051963806152,4.134643077850342,3.20508074760437,2.7613654136657715
3.4246504306793213,1.2567205429077148,1.3691211938858032,1.8434134721755981,1.3054248094558716,0.438081830739975,0.5906728506088257,0.7405145168304443,0.8341382741928101,0.7942548394203186,0.5990009903907776,0.2962365448474884,-0.5207594633102417,-0.88252192735672,-1.125125527381897,-1.3778554201126099,-0.5358496904373169,0.6409330368041992,1.775222659111023,1.6023247241973877,0.409223735332489,0.8984569311141968,1.6948065757751465,2.3915412425994873,3.2338056564331055,3.4286649227142334,3.7252721786499023,4.075213432312012,3.967015266418457,4.707813739776611,6.088621139526367,6.2528977394104,5.046822547912598,4.52208948135376,5.924272537231445,5.071998119354248,4.558417797088623,3.255843162536621,1.3079484701156616,1.6996593475341797,2.506868362426758,4.263288497924805,5.9822611808776855
1.180151343345642,0.5726937651634216,1.2238918542861938,1.092615008354187,0.8021993637084961,0.9137656688690186,1.3552206754684448,1.195522665977478,0.8520402312278748,0.44699186086654663,0.06748998910188675,-0.5017157793045044,-1.1103047132492065,-1.3307656049728394,-1.5429890155792236,-1.5063632726669312,-0.361190527677536,1.0665556192398071,2.0213606357574463,1.4588167667388916,1.015178918838501,2.2826812267303467,3.1652307510375977,3.2896311283111572,3.376716136932373,3.296506643295288,3.4338948726654053,4.489405632019043,4.9189252853393555,6.011972904205322,6.897343158721924,6.651376247406006,5.7063140869140625,5.047147274017334,6.144587516784668,8.362595558166504,6.32880973815918,0.975995659828186,0.6638038158416748,4.385931968688965,5.018651962280273,5.4491705894470215,6.292120456695557
0.46815577149391174,-1.1830588579177856,-2.000074863433838,-2.0608484745025635,-1.5507696866989136,-0.16644831001758575,1.090040683746338,0.969968855381012,0.4203985333442688,-0.41426950693130493,-1.1143261194229126,-1.4399006366729736,-1.5224918127059937,-1.2965823411941528,-1.6069954633712769,-1.3753188848495483,-0.3102515935897827,0.4579325020313263,0.774922251701355,0.08605997264385223,1.2777522802352905,2.784872055053711,3.3573079109191895,3.64927077293396,4.0951361656188965,4.253232479095459,4.805154800415039,5.201082706451416,5.445350170135498,6.296730995178223,7.09236478805542,8.270480155944824,4.772887706756592,3.0708773136138916,4.460043430328369,8.734109878540039,11.333817481994629,3.7163195610046387,1.1856662034988403,4.235841274261475,7.358458042144775,10.9138765335083,10.163203239440918
-1.2490016222000122,-3.534451961517334,-4.840122699737549,-4.704187870025635,-3.4646451473236084,1.0801855325698853,3.7881908416748047,2.620579242706299,0.49760082364082336,-0.9617590308189392,-1.6902719736099243,-1.7014881372451782,-1.2371939420700073,-2.496368646621704,-2.7929532527923584,-1.8831233978271484,-0.7338279485702515,-0.09761643409729004,-0.44350236654281616,0.5598083734512329,2.4998135566711426,3.364912986755371,4.125028610229492,4.960142135620117,5.8572998046875,7.399734973907471,6.966185092926025,6.280505657196045,6.2483601570129395,7.571310997009277,10.20914077758789,12.536388397216797,10.450837135314941,4.1719069480896,2.693824052810669,4.020405292510986,9.183916091918945,9.05907154083252,2.8109660148620605,1.532611608505249,8.963942527770996,11.725635528564453,4.563836574554443
-3.405501127243042,-5.495440483093262,-7.265573501586914,-7.059236526489258,-6.033411979675293,-0.49757498502731323,3.907146692276001,3.042954921722412,-0.10090817511081696,-1.3778281211853027,-1.8216673135757446,-1.7066479921340942,-2.756819725036621,-3.55942964553833,-1.820958137512207,-0.10642693191766739,0.624697744846344,1.6714707612991333,2.98195481300354,2.8778274059295654,2.651542901992798,2.551880359649658,2.8626081943511963,4.759299278259277,6.078498363494873,7.8377366065979,9.35258674621582,8.577672958374023,7.2596917152404785,8.647599220275879,10.937122344970703,13.5847806930542,15.645914077758789,7.909642219543457,1.995467185974121,5.190027236938477,11.844369888305664,12.808453559875488,5.502749919891357,2.2117295265197754,8.698227882385254,12.712930679321289,2.2465789318084717
-7.3349928855896,-8.516585350036621,-10.027693748474121,-8.703609466552734,-5.147434234619141,0.1240704357624054,2.488072156906128,1.3374910354614258,-0.4118022620677948,-0.6745048761367798,-0.9369922876358032,-2.3432371616363525,-3.0239174365997314,-1.044571042060852,1.2622146606445312,2.3164474964141846,1.5126444101333618,1.9668363332748413,3.8371946811676025,3.744971752166748,0.4934318959712982,0.3780772387981415,3.218291759490967,5.109504222869873,6.8320112228393555,7.276434421539307,6.933099269866943,7.488847255706787,8.077691078186035,9.043846130371094,11.554827690124512,15.080981254577637,17.385974884033203,12.855436325073242,5.395806789398193,7.419425010681152,11.912150382995605,14.74407958984375,13.799994468688965,7.951077938079834,8.959694862365723,11.573728561401367,3.769197940826416
-9.60143756866455,-10.011821746826172,-10.439397811889648,-7.942773342132568,-2.27799129486084,1.6210100650787354,2.6815428733825684,1.1281863451004028,0.3609746992588043,-0.11096251010894775,-1.618660569190979,-1.425517201423645,0.016504772007465363,2.5266926288604736,4.827337265014648,5.5438055992126465,5.996135234832764,5.793882846832275,3.1322975158691406,4.170754909515381,4.887288570404053,3.024639368057251,3.2740132808685303,4.049798965454102,5.286004066467285,5.69260835647583,4.048946857452393,5.409368991851807,10.432509422302246,12.89927864074707,15.384491920471191,16.68094825744629,18.371944427490234,17.603078842163086,12.79720401763916,11.678995132446289,13.726971626281738,15.155616760253906,16.61918830871582,14.584413528442383,14.774937629699707,14.3444185256958,9.899532318115234
-10.346772193908691,-10.275455474853516,-9.352768898010254,-6.92754602432251,-3.192934274673462,-0.6496962308883667,1.0029261112213135,0.700666606426239,0.1284763216972351,0.7266330122947693,-0.25304287672042847,0.097282774746418,3.1024587154388428,5.610910415649414,6.789584159851074,8.054232597351074,9.981348037719727,11.356768608093262,8.907526016235352,6.011009693145752,5.411628246307373,5.815296649932861,4.667224884033203,2.353081464767456,3.725595712661743,5.650735855102539,6.1595330238342285,8.438578605651855,12.671357154846191,16.789512634277344,18.355173110961914,16.134870529174805,15.347748756408691,18.2211971282959,18.79096794128418,17.80807113647461,16.938505172729492,15.279057502746582,17.360708236694336,19.404556274414062,19.477266311645508,18.917003631591797,15.92231273651123
-10.713651657104492,-11.153273582458496,-10.695830345153809,-9.605533599853516,-7.818175315856934,-4.953193187713623,-1.061420202255249,-1.1233998537063599,-0.44637754559516907,2.0117669105529785,1.629485845565796,2.0904908180236816,5.914824485778809,9.685577392578125,8.6829195022583,8.930673599243164,9.896566390991211,12.545577049255371,14.797863006591797,10.3336820602417,5.091155529022217,8.328572273254395,11.072850227355957,7.476222991943359,5.2729811668396,8.492602348327637,11.061193466186523,12.801994323730469,14.235624313354492,15.181870460510254,14.445558547973633,13.402225494384766,13.58728313446045,14.843774795532227,16.90570831298828,17.241182327270508,17.86737632751465,18.424087524414062,17.259008407592773,15.939597129821777,13.45718002319336,11.337445259094238,10.462263107299805
-10.857495307922363,-11.612850189208984,-11.586429595947266,-10.882650375366211,-9.693669319152832,-7.673169136047363,-2.6807079315185547,-0.7364685535430908,0.3294309973716736,1.7431331872940063,1.3848854303359985,3.273005723953247,6.8040547370910645,10.751179695129395,10.319779396057129,7.145955562591553,7.491337776184082,10.496642112731934,13.935725212097168,14.929581642150879,10.33999252319336,9.307835578918457,14.94124698638916,16.57322883605957,12.246024131774902,9.60492992401123,12.27690315246582,16.947284698486328,19.615238189697266,18.351640701293945,13.452518463134766,13.175309181213379,14.66197681427002,17.39651870727539,16.003644943237305,14.002917289733887,13.951874732971191,15.619067192077637,13.668550491333008,10.7483491897583,11.837388038635254,11.960006713867188,9.78976821899414
-10.714873313903809,-11.553938865661621,-10.974810600280762,-8.180026054382324,-7.933836936950684,-7.135186672210693,-4.459362506866455,-3.1182453632354736,-1.3179931640625,3.8544163703918457,5.6555938720703125,4.760612964630127,8.164400100708008,9.893266677856445,11.552813529968262,14.801459312438965,13.478761672973633,9.0591402053833,11.189732551574707,16.518415451049805,17.184972763061523,14.672840118408203,16.522350311279297,19.607189178466797,17.409191131591797,13.246251106262207,11.455018043518066,13.029598236083984,13.140618324279785,13.078451156616211,13.914983749389648,13.160429954528809,13.199671745300293,13.784967422485352,13.61063003540039,13.996087074279785,14.787371635437012,15.413971900939941,15.031200408935547,13.16483211517334,11.020901679992676,10.283101081848145,10.230056762695312
-11.164617538452148,-9.85616683959961,-8.243432998657227,-11.14029598236084,-11.87059211730957,-9.1096830368042,-8.646976470947266,-6.965599536895752,-2.76469349861145,2.9810426235198975,7.799123764038086,9.378523826599121,11.208213806152344,10.530963897705078,10.760416984558105,15.596631050109863,21.18724822998047,16.612335205078125,9.962687492370605,13.278708457946777,18.69182586669922,16.165285110473633,13.649858474731445,14.800700187683105,16.53757667541504,16.509000778198242,14.829233169555664,13.02099609375,11.662186622619629,10.538355827331543,10.431764602661133,12.243863105773926,14.653429985046387,15.125961303710938,13.61421012878418,13.999320983886719,15.512840270996094,15.141674995422363,14.445009231567383,13.823465347290039,12.105691909790039,10.668745040893555,10.356922149658203
-9.586379051208496,-9.991668701171875,-12.956707954406738,-15.085057258605957,-14.35168170928955,-10.456950187683105,-7.147098064422607,-8.715958595275879,-6.581445693969727,2.7231037616729736,10.078198432922363,11.557991027832031,11.583161354064941,7.623153209686279,6.3501482009887695,11.670951843261719,21.740598678588867,25.11577606201172,15.684391021728516,10.854804992675781,14.451241493225098,16.37141990661621,17.258338928222656,13.899336814880371,11.786971092224121,13.543420791625977,14.59037971496582,12.695250511169434,14.198623657226562,14.854153633117676,18.393272399902344,20.361255645751953,18.026689529418945,17.19498634338379,14.0038423538208,13.444489479064941,13.51164722442627,11.629048347473145,11.785609245300293,12.422079086303711,11.698195457458496,10.899201393127441,9.349430084228516
-8.759797096252441,-11.445869445800781,-13.039687156677246,-12.88244915008545,-10.175509452819824,-6.224175453186035,-5.107856273651123,-4.7696051597595215,-0.28077229857444763,8.132040977478027,17.115123748779297,18.137834548950195,7.21187162399292,0.9414114356040955,3.768097162246704,12.398582458496094,20.414798736572266,21.2706356048584,17.695165634155273,14.420212745666504,15.374576568603516,17.167417526245117,16.958145141601562,15.23310661315918,12.934243202209473,13.228744506835938,15.638291358947754,18.10776138305664,18.018020629882812,19.341140747070312,19.32265853881836,19.5272274017334,16.718442916870117,15.286412239074707,14.603498458862305,11.506654739379883,7.154231071472168,5.926995754241943,8.370394706726074,11.492325782775879,12.57786750793457,11.6843900680542,9.528377532958984
