data/wind_data/wind_15_2.json
{"header": {"parameterUnit": "KT", "parameterCategory": 2, "nx": 256, "ny": 198, "lo1": 44.73521041870117, "la1": -3.236724853515625, "lo2": 111.26478576660156, "la2": 43.468475341796875, "dx": 0.2609002888202667, "dy": -0.23708222806453705, "refTime": "2025-02-19 15:00:00", "forecastTime": 0, "parameterNumber": 2, "parameterNumberName": "eastward_wind"}, "data":
[rows 0 to 18 of 198, columns 0 to 42 of 256]
-11.622814178466797,-11.312337875366211,-10.984835624694824,-10.653961181640625,-10.475460052490234,-10.42010498046875,-10.351214408874512,-10.211524963378906,-9.609989166259766,-8.775529861450195,-8.116494178771973,-7.634016513824463,-7.532203674316406,-7.623596668243408,-7.883092403411865,-7.9106221199035645,-7.257802486419678,-6.652186393737793,-6.4644880294799805,-6.0241498947143555,-5.100228786468506,-4.433259010314941,-4.121743679046631,-4.0266852378845215,-4.139387130737305,-4.211045742034912,-4.236237525939941,-4.066433429718018,-3.752070188522339,-3.380953311920166,-3.0539143085479736,-3.1098828315734863,-3.384873628616333,-3.823063373565674,-4.166890621185303,-4.036190986633301,-3.7792012691497803,-3.5504302978515625,-3.352553129196167,-3.174600124359131,-3.240955352783203,-3.6837680339813232,-3.881077766418457
-12.590651512145996,-12.955513000488281,-12.486523628234863,-11.838172912597656,-11.599218368530273,-11.614089012145996,-11.44804859161377,-11.136265754699707,-10.580621719360352,-9.885414123535156,-9.133338928222656,-8.470958709716797,-8.20927619934082,-8.264906883239746,-8.69757080078125,-8.680155754089355,-7.659912586212158,-6.701879501342773,-6.173480033874512,-5.868264675140381,-5.593089580535889,-5.188437461853027,-4.901297569274902,-4.586187839508057,-4.229451656341553,-4.3713836669921875,-4.838033199310303,-4.898761749267578,-4.614161014556885,-4.2177205085754395,-3.88586688041687,-4.062931060791016,-4.46140718460083,-4.691588401794434,-4.721949100494385,-4.609574794769287,-4.582630634307861,-4.437956809997559,-4.3474602699279785,-4.461131572723389,-4.457475185394287,-4.467090129852295,-4.372200965881348
-13.875107765197754,-14.06371784210205,-13.76399040222168,-13.546876907348633,-13.365802764892578,-13.094705581665039,-12.699677467346191,-12.246530532836914,-11.649856567382812,-10.965781211853027,-10.151494026184082,-9.413782119750977,-9.159120559692383,-9.25337028503418,-9.56230354309082,-9.61873722076416,-9.101995468139648,-8.31058406829834,-7.505650520324707,-7.073047161102295,-6.930023670196533,-6.697268962860107,-6.445197105407715,-5.927681922912598,-5.296306133270264,-5.419934272766113,-5.956203937530518,-6.089791774749756,-5.976748466491699,-5.800268173217773,-5.679818630218506,-5.7120041847229,-5.670135974884033,-5.554553031921387,-5.370541572570801,-5.199920177459717,-5.245551586151123,-5.279031276702881,-5.4071478843688965,-5.651600360870361,-5.51693868637085,-5.2229814529418945,-5.029705047607422
-15.077840805053711,-14.980324745178223,-14.851067543029785,-15.458929061889648,-15.92432975769043,-15.355558395385742,-14.667394638061523,-14.123342514038086,-13.444169044494629,-12.828752517700195,-12.186806678771973,-11.66047191619873,-11.532523155212402,-11.601890563964844,-11.560014724731445,-11.312297821044922,-10.83979320526123,-10.077245712280273,-9.17307186126709,-8.598005294799805,-8.435124397277832,-8.389148712158203,-8.344198226928711,-8.028156280517578,-7.558106899261475,-7.529377460479736,-7.614502906799316,-7.499131679534912,-7.532881736755371,-7.6960601806640625,-7.886970520019531,-7.811835289001465,-7.321926116943359,-6.853983402252197,-6.478054046630859,-6.180660724639893,-6.112651348114014,-6.081184387207031,-6.2165374755859375,-6.5239410400390625,-6.465973854064941,-6.2361650466918945,-6.0518293380737305
-16.01454734802246,-15.792795181274414,-15.61164665222168,-16.58213996887207,-18.674728393554688,-17.823877334594727,-16.86224365234375,-16.287883758544922,-15.465435981750488,-14.984655380249023,-14.618831634521484,-14.515880584716797,-14.603621482849121,-14.550926208496094,-14.012249946594238,-13.098891258239746,-11.923418045043945,-10.715312957763672,-9.90955638885498,-9.43034553527832,-9.12194538116455,-9.28507137298584,-9.797945976257324,-10.303564071655273,-10.453207969665527,-10.094290733337402,-9.511299133300781,-9.159209251403809,-9.215813636779785,-9.54362964630127,-9.957818031311035,-10.067996978759766,-9.553604125976562,-8.855364799499512,-8.374750137329102,-7.948449611663818,-7.470438003540039,-7.028627395629883,-6.901561737060547,-7.116852283477783,-7.4166035652160645,-7.666121482849121,-7.572071552276611
-16.771160125732422,-16.46061897277832,-16.15556526184082,-16.63005256652832,-17.924715042114258,-17.480445861816406,-16.68512725830078,-16.081674575805664,-15.339404106140137,-14.795358657836914,-14.254756927490234,-13.886351585388184,-13.811487197875977,-13.734087944030762,-13.375473976135254,-12.63663101196289,-11.430074691772461,-9.818506240844727,-8.518266677856445,-7.7979865074157715,-7.303904056549072,-7.339991092681885,-8.103208541870117,-9.008489608764648,-9.590219497680664,-9.674551010131836,-9.537158966064453,-9.338687896728516,-9.220063209533691,-9.158419609069824,-9.18128490447998,-9.314260482788086,-9.304523468017578,-8.942276954650879,-8.404707908630371,-8.207475662231445,-8.4044828414917,-8.708399772644043,-8.7576265335083,-8.502201080322266,-8.554852485656738,-8.303997039794922,-7.899718761444092
-17.34197425842285,-17.081682205200195,-16.678709030151367,-17.101388931274414,-18.58460235595703,-18.33770179748535,-17.676280975341797,-17.181102752685547,-16.509830474853516,-16.006555557250977,-15.455321311950684,-15.028855323791504,-14.74197769165039,-14.418436050415039,-13.934080123901367,-13.280228614807129,-12.348930358886719,-11.066142082214355,-9.731291770935059,-8.76438045501709,-8.121299743652344,-7.99190616607666,-8.87466812133789,-10.03366470336914,-10.676718711853027,-10.75568675994873,-10.689848899841309,-10.54507064819336,-10.430241584777832,-10.45080280303955,-10.457399368286133,-10.29533863067627,-9.910930633544922,-9.161263465881348,-8.414541244506836,-8.617213249206543,-9.731840133666992,-10.464513778686523,-9.77684211730957,-8.968281745910645,-8.859461784362793,-8.854375839233398,-8.800273895263672
-17.803621292114258,-17.648164749145508,-17.159215927124023,-17.32501983642578,-18.50035858154297,-18.52012825012207,-18.138994216918945,-17.840036392211914,-17.183753967285156,-16.49764060974121,-15.673980712890625,-14.956700325012207,-14.434365272521973,-14.053173065185547,-13.61295223236084,-12.94127368927002,-11.933401107788086,-10.561942100524902,-9.183441162109375,-8.396665573120117,-8.140207290649414,-8.09102725982666,-8.64293384552002,-9.473734855651855,-10.202020645141602,-10.617433547973633,-10.80361557006836,-10.723511695861816,-10.558340072631836,-10.60354995727539,-10.777582168579102,-10.713394165039062,-10.322197914123535,-9.296470642089844,-7.794012069702148,-8.10660171508789,-11.231450080871582,-11.996707916259766,-10.002503395080566,-9.496333122253418,-9.14603328704834,-9.350411415100098,-9.697999954223633
-18.191818237304688,-18.191240310668945,-17.725130081176758,-17.846935272216797,-19.118947982788086,-19.38399887084961,-19.124309539794922,-18.920034408569336,-18.18703842163086,-17.3024845123291,-16.238758087158203,-15.33668327331543,-14.68635368347168,-14.248983383178711,-13.846996307373047,-13.312825202941895,-12.576598167419434,-11.601588249206543,-10.61896800994873,-10.064173698425293,-10.105720520019531,-10.156685829162598,-10.095757484436035,-10.125923156738281,-10.320441246032715,-10.58919620513916,-10.832613945007324,-10.910632133483887,-10.976844787597656,-11.327567100524902,-11.823249816894531,-11.974626541137695,-11.450069427490234,-10.16283130645752,-7.500288486480713,-6.469511985778809,-12.199457168579102,-11.71044921875,-9.049463272094727,-9.824894905090332,-9.640230178833008,-10.100398063659668,-10.978509902954102
-18.18996238708496,-18.485355377197266,-18.25929069519043,-18.384057998657227,-19.593660354614258,-20.026901245117188,-19.79295539855957,-19.567842483520508,-18.7148494720459,-17.649391174316406,-16.467693328857422,-15.528403282165527,-14.849884033203125,-14.403457641601562,-14.115408897399902,-13.774918556213379,-13.310442924499512,-12.678327560424805,-11.941354751586914,-11.41073226928711,-11.23620891571045,-11.058394432067871,-10.675308227539062,-10.279586791992188,-10.115391731262207,-10.138287544250488,-10.222734451293945,-10.449043273925781,-10.896880149841309,-11.56912612915039,-12.240720748901367,-12.342263221740723,-11.854239463806152,-11.147634506225586,-8.993230819702148,-7.167233943939209,-11.582624435424805,-9.23897933959961,-8.549480438232422,-10.321720123291016,-10.469480514526367,-10.953461647033691,-11.937387466430664
-17.76699447631836,-18.627365112304688,-18.81382942199707,-19.136383056640625,-20.340627670288086,-20.721933364868164,-20.48736572265625,-20.149986267089844,-19.264408111572266,-18.19754981994629,-17.12735939025879,-16.293954849243164,-15.666265487670898,-15.259886741638184,-14.987261772155762,-14.658303260803223,-14.282228469848633,-13.85892105102539,-13.355232238769531,-12.854528427124023,-12.42568588256836,-11.895608901977539,-11.191761016845703,-10.600144386291504,-10.362698554992676,-10.323307991027832,-10.21281623840332,-10.271245002746582,-10.731462478637695,-11.420656204223633,-11.98037338256836,-11.940699577331543,-11.548739433288574,-11.617337226867676,-11.946718215942383,-10.749807357788086,-7.7646636962890625,-7.255973815917969,-9.424336433410645,-10.883096694946289,-11.138175010681152,-11.721385955810547,-12.342244148254395
-17.502071380615234,-18.70650291442871,-19.23468589782715,-19.8175106048584,-20.959489822387695,-21.154447555541992,-20.979902267456055,-20.65224838256836,-19.8585147857666,-18.895614624023438,-17.936466217041016,-17.20384979248047,-16.69264030456543,-16.301782608032227,-15.818290710449219,-15.191286087036133,-14.567388534545898,-14.047158241271973,-13.634387969970703,-13.295499801635742,-12.953149795532227,-12.371774673461914,-11.52491283416748,-10.864425659179688,-10.754257202148438,-10.831843376159668,-10.536694526672363,-10.254399299621582,-10.473840713500977,-10.885931015014648,-11.100020408630371,-10.979135513305664,-10.830317497253418,-11.031651496887207,-10.6472749710083,-9.368263244628906,-8.753874778747559,-9.19454288482666,-11.064358711242676,-11.78642463684082,-11.511346817016602,-11.651789665222168,-12.05189037322998
-17.370567321777344,-18.642715454101562,-19.47835922241211,-20.463762283325195,-21.61487579345703,-21.591520309448242,-21.5065860748291,-21.263118743896484,-20.536104202270508,-19.603212356567383,-18.74687385559082,-18.149625778198242,-17.6995792388916,-17.16765785217285,-16.390682220458984,-15.505209922790527,-14.630532264709473,-13.927339553833008,-13.50278091430664,-13.384522438049316,-13.374290466308594,-13.026503562927246,-12.222428321838379,-11.435881614685059,-11.186558723449707,-11.141087532043457,-10.741673469543457,-10.318364143371582,-10.355267524719238,-10.480334281921387,-10.132613182067871,-9.971806526184082,-10.32748031616211,-10.601258277893066,-10.139266967773438,-8.428717613220215,-7.281259059906006,-9.161247253417969,-12.890141487121582,-12.600066184997559,-11.359960556030273,-11.157303810119629,-11.730303764343262
-17.038639068603516,-18.24996566772461,-19.418079376220703,-21.01180076599121,-22.114761352539062,-21.980880737304688,-21.978801727294922,-21.7099609375,-20.95328140258789,-20.055543899536133,-19.349172592163086,-18.834291458129883,-18.3302001953125,-17.66925048828125,-16.86504364013672,-15.937732696533203,-14.845511436462402,-13.836881637573242,-13.22409439086914,-13.147268295288086,-13.4483642578125,-13.521821022033691,-12.961503028869629,-12.106670379638672,-11.460713386535645,-10.974493980407715,-10.328272819519043,-9.719579696655273,-9.599228858947754,-9.768479347229004,-9.47502613067627,-8.982248306274414,-9.759939193725586,-11.403743743896484,-11.54178237915039,-9.416645050048828,-5.696891784667969,-7.818089962005615,-14.598185539245605,-13.282917022705078,-10.623897552490234,-10.613313674926758,-11.211675643920898
-16.600038528442383,-17.726139068603516,-19.21562385559082,-21.325035095214844,-22.4034481048584,-22.3410701751709,-22.31700325012207,-21.893585205078125,-21.144580841064453,-20.413631439208984,-19.850595474243164,-19.30683708190918,-18.707765579223633,-18.111570358276367,-17.491724014282227,-16.565711975097656,-15.296642303466797,-13.976888656616211,-13.090920448303223,-12.883891105651855,-13.266883850097656,-13.606975555419922,-13.287543296813965,-12.49815845489502,-11.643654823303223,-10.875734329223633,-9.89249038696289,-8.830507278442383,-8.420004844665527,-8.568450927734375,-8.70339584350586,-8.627092361450195,-8.673394203186035,-9.95944881439209,-11.581932067871094,-11.130155563354492,-8.029020309448242,-6.6500444412231445,-14.461111068725586,-12.704113006591797,-9.980864524841309,-10.343151092529297,-10.845429420471191
-16.35831642150879,-17.496173858642578,-19.033771514892578,-21.141340255737305,-22.530319213867188,-22.51492691040039,-22.4228458404541,-22.01283073425293,-21.353374481201172,-20.80556297302246,-20.299917221069336,-19.717674255371094,-19.07875633239746,-18.58097267150879,-18.011186599731445,-17.060224533081055,-15.784423828125,-14.397275924682617,-13.326047897338867,-12.895979881286621,-13.096403121948242,-13.402581214904785,-13.244117736816406,-12.651567459106445,-11.976799964904785,-11.422527313232422,-10.682538032531738,-9.382819175720215,-8.31085205078125,-8.45940113067627,-8.491543769836426,-8.54459285736084,-8.77283763885498,-8.985442161560059,-10.114073753356934,-11.352312088012695,-12.516952514648438,-12.041032791137695,-11.521027565002441,-10.50376033782959,-10.357769012451172,-10.558464050292969,-10.868067741394043
-16.45478057861328,-17.671098709106445,-18.942541122436523,-20.769458770751953,-22.420974731445312,-22.38945198059082,-22.276954650878906,-22.109529495239258,-21.661352157592773,-21.21271324157715,-20.69453239440918,-20.107805252075195,-19.45083999633789,-18.860118865966797,-18.20628547668457,-17.31734848022461,-16.204055786132812,-14.981575965881348,-13.922298431396484,-13.280603408813477,-13.191110610961914,-13.271507263183594,-13.159712791442871,-12.84481143951416,-12.508670806884766,-12.298402786254883,-12.017109870910645,-11.161005973815918,-9.780274391174316,-8.88266658782959,-8.93070125579834,-9.048701286315918,-9.282851219177246,-9.340816497802734,-9.480632781982422,-9.956971168518066,-11.948528289794922,-13.44511890411377,-12.201004028320312,-10.54146671295166,-11.134878158569336,-11.315112113952637,-10.730711936950684
-17.835493087768555,-18.627851486206055,-19.247644424438477,-20.591045379638672,-22.10224723815918,-21.96283531188965,-22.026283264160156,-22.078956604003906,-21.90424346923828,-21.508806228637695,-20.992435455322266,-20.39669418334961,-19.682476043701172,-18.956676483154297,-18.250967025756836,-17.483863830566406,-16.58991813659668,-15.58537483215332,-14.568031311035156,-13.762700080871582,-13.398652076721191,-13.319936752319336,-13.202956199645996,-13.086612701416016,-13.025317192077637,-13.059793472290039,-13.0936861038208,-12.908914566040039,-12.0822172164917,-10.371103286743164,-9.415475845336914,-10.01697826385498,-10.127960205078125,-10.04232120513916,-10.17430305480957,-10.275757789611816,-10.021364212036133,-10.679708480834961,-11.276777267456055,-11.214170455932617,-11.18595027923584,-10.996280670166016,-10.80249309539795
-19.2020320892334,-19.689485549926758,-20.096210479736328,-20.979721069335938,-22.035816192626953,-21.561323165893555,-21.860517501831055,-21.890661239624023,-21.914661407470703,-21.629234313964844,-21.199125289916992,-20.614810943603516,-19.821882247924805,-18.974287033081055,-18.216928482055664,-17.559484481811523,-16.935949325561523,-16.141937255859375,-15.116661071777344,-14.120611190795898,-13.501309394836426,-13.360869407653809,-13.316289901733398,-13.25656509399414,-13.245805740356445,-13.369403839111328,-13.539021492004395,-13.626636505126953,-13.55842113494873,-13.098494529724121,-12.150222778320312,-11.265180587768555,-10.671747207641602,-10.291138648986816,-10.133906364440918,-10.30672836303711,-10.492108345031738,-10.534241676330566,-10.288989067077637,-9.755277633666992,-11.240819931030273,-12.035933494567871,-11.397284507751465
