data/wind_data/wind_2025-02-21_23.json
{"header": {"parameterUnit": "KT", "parameterCategory": 2, "nx": 255, "ny": 198, "lo1": 44.73521041870117, "la1": -3.236724853515625, "lo2": 111.26478576660156, "la2": 43.468475341796875, "dx": 0.26192745566368103, "dy": -0.23708222806453705, "refTime": "2025-02-21 23:00:00", "forecastTime": 0, "parameterNumber": 2, "parameterNumberName": "eastward_wind"}, "data":
[rows 171 to 189 of 198, columns 172 to 214 of 255]
5.753879070281982,1.2451342344284058,3.51294207572937,3.531351089477539,2.585671901702881,3.562908411026001,5.217700481414795,6.8224287033081055,4.503743648529053,1.7189438343048096,1.0300168991088867,2.1221468448638916,3.9817705154418945,5.7162652015686035,3.2301034927368164,-5.987265110015869,-11.997639656066895,-9.719682693481445,-7.3006696701049805,-9.130502700805664,-11.052159309387207,-7.139861583709717,-1.5779868364334106,1.939621090888977,3.1478934288024902,3.816148281097412,4.179192543029785,4.582695007324219,3.851529359817505,0.9390208125114441,-0.040106192231178284,3.777600049972534,5.589203357696533,3.1359453201293945,1.947194218635559,4.483865737915039,4.874741077423096,3.105604648590088,3.053586959838867,1.9368994235992432,1.490403413772583,4.274637222290039,5.365649700164795
8.71335220336914,3.6204423904418945,2.3320093154907227,4.154078483581543,6.581148624420166,6.411144256591797,4.1857523918151855,1.7298004627227783,1.80274498462677,3.10050892829895,2.435654878616333,1.501131534576416,2.4931931495666504,4.32438850402832,-1.7697665691375732,-11.98227310180664,-12.206393241882324,-7.1843085289001465,-5.477065563201904,-7.168217182159424,-7.374638557434082,-4.79481315612793,-2.452131986618042,0.5185680985450745,4.031492233276367,5.660676956176758,4.367771148681641,0.9044913053512573,-2.0281355381011963,-0.2797803580760956,4.073667049407959,6.764749050140381,6.3661603927612305,2.561614751815796,2.6026010513305664,4.372929096221924,3.1310322284698486,2.138740301132202,2.4394028186798096,2.232147216796875,3.231926441192627,4.084648132324219,5.287405967712402
7.818615436553955,4.045018672943115,1.23405122756958,3.071404218673706,6.67116117477417,7.6506829261779785,4.907339096069336,2.164232015609741,3.6609275341033936,5.598392486572266,4.439665794372559,3.4383769035339355,2.4596469402313232,-2.142674446105957,-7.1451640129089355,-9.121285438537598,-8.440067291259766,-5.145360946655273,-2.961954355239868,-5.078773498535156,-5.500298500061035,-6.684261322021484,-6.762082576751709,-2.1988308429718018,4.010824680328369,7.0580620765686035,0.18895673751831055,-6.425759792327881,-1.4481252431869507,4.673781871795654,6.444385051727295,6.17663049697876,2.585798501968384,-1.2968072891235352,-0.8019235134124756,1.0881531238555908,3.671093702316284,4.290980339050293,2.5397064685821533,2.270153045654297,3.5352554321289062,2.469630241394043,-1.8155829906463623
3.297536849975586,5.008575439453125,5.093111515045166,4.254274845123291,5.113210201263428,5.786466598510742,5.326286792755127,5.035832405090332,6.797712326049805,7.2125725746154785,4.806118488311768,3.250661611557007,0.9811044931411743,-3.298051357269287,-4.3812174797058105,0.8297309279441833,2.0326457023620605,-1.1610816717147827,-4.240602970123291,-8.119194984436035,-10.866508483886719,-10.057180404663086,-3.3866353034973145,3.225369691848755,2.1947295665740967,-1.4501233100891113,-5.02878475189209,-3.673086643218994,2.5063676834106445,5.953541278839111,6.060231685638428,2.9169929027557373,-1.3699488639831543,-2.137075185775757,0.740658164024353,4.618662357330322,6.049725532531738,3.923128128051758,1.6731178760528564,2.206202983856201,1.3271844387054443,-4.481285095214844,-9.418103218078613
2.6792452335357666,5.158333778381348,5.6529388427734375,5.154094219207764,4.805400371551514,4.8639349937438965,5.353837013244629,6.283747673034668,6.863504409790039,6.2410430908203125,3.9063992500305176,0.5439053773880005,-3.0368876457214355,-4.5515594482421875,-3.158460855484009,3.138359785079956,7.716302394866943,2.6562294960021973,-3.2940187454223633,-4.20094633102417,-5.783492088317871,-3.0440480709075928,4.910567283630371,3.8127617835998535,-3.6477746963500977,-3.18886399269104,2.4882266521453857,5.341568946838379,4.7122626304626465,5.720710277557373,6.0709919929504395,3.570244550704956,1.123242735862732,3.355818033218384,5.548818588256836,5.560866832733154,5.147541522979736,4.163144111633301,2.606834650039673,1.6332454681396484,-2.60129714012146,-9.026603698730469,-9.883021354675293
2.8762285709381104,4.212009906768799,4.882080554962158,4.626079082489014,4.059486389160156,3.445236921310425,3.407926559448242,3.8485586643218994,4.223570346832275,3.625781774520874,2.5176305770874023,1.8550156354904175,0.0440838597714901,-1.9207733869552612,-0.17527714371681213,5.77847146987915,7.534396171569824,4.380636692047119,0.7693619132041931,0.6594058871269226,-0.8163998126983643,-0.36610323190689087,3.017292022705078,0.02272544987499714,-3.7212257385253906,1.2154285907745361,7.896332740783691,9.261622428894043,4.203634262084961,3.7630865573883057,7.154911994934082,6.154786586761475,4.72776460647583,4.702642917633057,4.018548011779785,4.429532527923584,4.386595726013184,2.5749692916870117,-0.5122940540313721,-3.2575275897979736,-7.306301116943359,-10.072254180908203,-9.2489013671875
1.67266047000885,4.985634803771973,5.09568977355957,4.088078022003174,3.0142054557800293,2.248528242111206,1.8162081241607666,1.6881123781204224,1.8983484506607056,1.9655481576919556,1.6692875623703003,1.8599472045898438,2.385755777359009,3.1707465648651123,4.539883136749268,6.290987491607666,6.806167125701904,5.310904026031494,4.244027614593506,2.9540188312530518,0.681036651134491,-0.3473846912384033,2.5432050228118896,2.6054487228393555,0.628877580165863,3.783276319503784,7.357809066772461,6.227736473083496,4.274805068969727,5.766834735870361,7.204030513763428,5.242933750152588,2.4190890789031982,0.7963033318519592,1.3819663524627686,2.0570340156555176,0.8528044819831848,-3.613232374191284,-7.652429580688477,-9.287941932678223,-8.979110717773438,-8.952414512634277,-8.411535263061523
-1.2607678174972534,1.7516494989395142,4.822518825531006,5.285411834716797,2.9979236125946045,0.9429587721824646,0.1881401091814041,0.3210759162902832,1.2589623928070068,1.7534371614456177,1.6187255382537842,2.3840677738189697,3.947265863418579,5.045838356018066,5.8092942237854,5.768396854400635,5.2351274490356445,4.4648118019104,3.7411444187164307,3.1478447914123535,2.8860042095184326,2.839909315109253,3.617393732070923,3.2832958698272705,2.4884374141693115,4.396255016326904,5.517114162445068,5.027538299560547,4.1488261222839355,4.690601348876953,4.122608661651611,-0.515155553817749,-3.990525007247925,-2.1906323432922363,-0.8706678748130798,-1.9512397050857544,-3.5277040004730225,-7.6840057373046875,-10.80579662322998,-8.355202674865723,-6.978303909301758,-7.758309841156006,-7.784061908721924
-2.1123766899108887,-1.056775450706482,-0.23453186452388763,1.027982473373413,1.5527772903442383,0.14361147582530975,-1.0248665809631348,-0.6163458824157715,0.6294944882392883,1.6584794521331787,2.063284397125244,2.798161506652832,3.7865583896636963,4.24733304977417,4.173094749450684,3.431593656539917,3.364985704421997,3.7062771320343018,3.356405019760132,3.613246440887451,4.657073974609375,4.861084938049316,4.145218372344971,3.351828098297119,3.4722766876220703,5.031869888305664,4.068336009979248,0.985082745552063,0.494098424911499,-0.34401968121528625,-4.858117580413818,-7.965564727783203,-7.154483795166016,-6.084637641906738,-5.806741714477539,-6.234029293060303,-5.743515968322754,-6.7335429191589355,-8.240013122558594,-7.418089389801025,-6.846948623657227,-7.763600826263428,-8.057018280029297
-2.2950708866119385,-1.8034858703613281,-1.58119535446167,-2.930203914642334,-4.514621734619141,-4.828239440917969,-6.065682888031006,-6.553191184997559,-6.054413795471191,-5.291867733001709,-3.31605863571167,-1.1739081144332886,-2.0386624336242676,-6.153604030609131,-7.564548969268799,-7.381533145904541,-5.694427490234375,-3.530377149581909,0.11870405822992325,2.1488165855407715,3.024045944213867,2.2825355529785156,0.5774427056312561,-0.5097752213478088,-1.7375836372375488,-5.165592193603516,-9.13795280456543,-10.075993537902832,-8.381117820739746,-7.824306488037109,-8.27579116821289,-8.276342391967773,-6.953497409820557,-6.3662214279174805,-8.048521041870117,-8.62806224822998,-8.093950271606445,-6.451571941375732,-4.848005771636963,-5.74236536026001,-7.551056861877441,-7.785741329193115,-6.9949140548706055
-4.480453968048096,-4.258697509765625,-3.205864191055298,-3.854848623275757,-6.194447994232178,-9.012627601623535,-12.764111518859863,-13.503683090209961,-12.20375919342041,-10.475798606872559,-9.020000457763672,-8.449308395385742,-9.940337181091309,-12.527665138244629,-13.800090789794922,-13.02865982055664,-11.575361251831055,-10.149438858032227,-9.018335342407227,-8.890739440917969,-9.893217086791992,-11.851064682006836,-13.101149559020996,-12.776914596557617,-12.933635711669922,-15.070664405822754,-15.684784889221191,-13.634666442871094,-10.289989471435547,-8.21060562133789,-5.457688808441162,-4.724484920501709,-6.15226411819458,-10.815662384033203,-12.483540534973145,-10.589054107666016,-8.216570854187012,-6.05081844329834,-5.069657325744629,-5.999670028686523,-6.67262077331543,-6.375733852386475,-5.9568891525268555
-4.395669937133789,-5.680402755737305,-4.736190319061279,-3.9470815658569336,-4.166498184204102,-7.558502197265625,-14.301182746887207,-15.679384231567383,-13.304240226745605,-10.20613956451416,-7.176456928253174,-6.048105239868164,-8.541264533996582,-13.856947898864746,-16.543506622314453,-16.076522827148438,-14.720215797424316,-14.514640808105469,-15.221389770507812,-15.363186836242676,-15.66472053527832,-16.800504684448242,-17.930410385131836,-18.606964111328125,-18.268001556396484,-17.511442184448242,-16.630844116210938,-15.268891334533691,-12.891571044921875,-9.508084297180176,-6.368631362915039,-6.0202460289001465,-9.622092247009277,-13.122316360473633,-12.664910316467285,-9.945262908935547,-7.2088398933410645,-4.436208248138428,-3.084913730621338,-4.412477970123291,-5.593430042266846,-5.305970668792725,-4.669744968414307
-4.530179023742676,-5.205513954162598,-5.1351423263549805,-4.514130592346191,-3.271883964538574,-3.0853075981140137,-7.774741172790527,-14.135923385620117,-13.0987548828125,-11.147025108337402,-8.129432678222656,-5.835735321044922,-6.9690446853637695,-12.808979988098145,-16.095876693725586,-15.798127174377441,-15.746621131896973,-16.863555908203125,-17.47694969177246,-16.532821655273438,-16.211925506591797,-17.161479949951172,-18.239126205444336,-18.746131896972656,-18.34498405456543,-17.3822078704834,-16.455995559692383,-15.28941822052002,-13.011704444885254,-9.574492454528809,-6.701684951782227,-6.593170166015625,-8.444766998291016,-9.88479995727539,-10.455870628356934,-9.726733207702637,-6.427502632141113,-3.72000789642334,-2.360947847366333,-2.9538636207580566,-4.518752574920654,-5.144979476928711,-4.997754096984863
-4.549633979797363,-3.8194403648376465,-3.668623685836792,-3.857813835144043,-3.921427011489868,-3.1382670402526855,-3.2086994647979736,-7.39761209487915,-12.520350456237793,-11.326813697814941,-8.595130920410156,-5.141207695007324,-5.645944118499756,-9.645564079284668,-12.893071174621582,-13.056492805480957,-15.289514541625977,-19.237653732299805,-20.226215362548828,-18.32946014404297,-16.8436279296875,-16.519548416137695,-16.517986297607422,-16.635873794555664,-17.10346794128418,-17.128145217895508,-15.88833999633789,-13.354240417480469,-10.042386054992676,-6.679656028747559,-4.454787254333496,-4.19437837600708,-5.1946702003479,-5.992433071136475,-7.944663047790527,-8.513467788696289,-6.411792278289795,-4.003458023071289,-3.426018714904785,-3.6494908332824707,-4.638776779174805,-5.4466753005981445,-5.389235019683838
-3.543346643447876,-1.677507758140564,-1.5436766147613525,-2.519991159439087,-3.144592523574829,-3.790891170501709,-4.50833797454834,-5.201521873474121,-5.947472095489502,-8.086806297302246,-6.8932719230651855,-4.705620288848877,-3.6012940406799316,-5.284531593322754,-6.4747724533081055,-7.737046241760254,-12.032310485839844,-17.598384857177734,-19.6231632232666,-18.691442489624023,-17.163616180419922,-16.332752227783203,-15.646010398864746,-14.989152908325195,-15.452975273132324,-15.960789680480957,-14.614809036254883,-11.480085372924805,-8.499650955200195,-6.154592514038086,-4.100285530090332,-3.332669973373413,-3.7109522819519043,-3.9277446269989014,-4.8330583572387695,-6.4330315589904785,-5.547640323638916,-3.8738183975219727,-3.205030679702759,-3.3431735038757324,-4.472984313964844,-5.288882255554199,-5.2803778648376465
-1.3344788551330566,-0.11722037941217422,-0.4755997061729431,-2.0099825859069824,-3.1437947750091553,-4.019440650939941,-5.234981536865234,-5.303183555603027,-5.182566165924072,-5.649160385131836,-5.829073905944824,-5.068888187408447,-4.558865547180176,-5.136682033538818,-4.785351753234863,-4.685945510864258,-7.221041679382324,-13.027297019958496,-15.481770515441895,-15.589071273803711,-15.670496940612793,-16.208303451538086,-16.288394927978516,-15.063253402709961,-13.303840637207031,-12.017950057983398,-11.925618171691895,-11.180133819580078,-9.517827987670898,-6.836349010467529,-4.702566146850586,-3.731139898300171,-3.8359341621398926,-2.9592418670654297,-2.341586112976074,-4.676832675933838,-5.415778160095215,-2.4088521003723145,-1.0614469051361084,-2.1503007411956787,-4.470217704772949,-6.171938419342041,-5.073906421661377
0.08526837080717087,-0.968187153339386,-2.43471622467041,-3.121853828430176,-3.6798629760742188,-4.337594985961914,-5.32719612121582,-5.621366500854492,-5.336360931396484,-5.873211860656738,-5.827674388885498,-6.208022594451904,-6.042149066925049,-5.8300347328186035,-5.4046854972839355,-5.341776371002197,-6.794307231903076,-10.294449806213379,-12.683446884155273,-12.721151351928711,-12.250581741333008,-13.391331672668457,-15.222583770751953,-15.35252857208252,-12.546134948730469,-9.354133605957031,-8.5603666305542,-10.128067016601562,-9.48090648651123,-6.0733747482299805,-3.6538522243499756,-3.9293041229248047,-5.141412734985352,-4.234342098236084,-2.8982434272766113,-3.350847005844116,-2.375278949737549,-0.20564870536327362,0.5018943548202515,-1.6731982231140137,-4.982021331787109,-6.396361827850342,-6.069473743438721
0.6637478470802307,-3.170186996459961,-5.472719192504883,-5.306879043579102,-3.339388370513916,-3.2754290103912354,-5.331110000610352,-5.540147304534912,-3.5703561305999756,-2.1013100147247314,-3.210966110229492,-5.15776252746582,-5.423890590667725,-4.549213886260986,-3.5963189601898193,-3.9642462730407715,-7.369131088256836,-12.123600006103516,-12.95281982421875,-13.02844524383545,-14.234872817993164,-15.379340171813965,-15.686851501464844,-14.898956298828125,-11.534211158752441,-7.310895919799805,-5.047305107116699,-5.278994083404541,-5.175113201141357,-2.870454788208008,-1.9201146364212036,-4.842667102813721,-5.960435390472412,-5.463177680969238,-4.091015338897705,-2.6295793056488037,-1.7417055368423462,-0.7102135419845581,0.2513773441314697,-1.3260886669158936,-4.204683303833008,-5.1403374671936035,-5.297032356262207
-0.942450225353241,-4.345254421234131,-7.002045631408691,-6.442931175231934,-4.182743072509766,-2.44140362739563,-3.769296169281006,-4.063358306884766,-1.189225435256958,1.6515685319900513,1.0828754901885986,-2.0934574604034424,-4.064514636993408,-5.086008071899414,-4.697688102722168,-4.4371018409729,-4.727747440338135,-6.973772048950195,-9.841937065124512,-12.044740676879883,-14.899120330810547,-15.959178924560547,-15.515563011169434,-13.521121978759766,-10.0158109664917,-6.085198402404785,-3.650846481323242,-3.4307093620300293,-2.0926029682159424,0.658431351184845,0.13001349568367004,-4.609114170074463,-5.905725955963135,-5.979095458984375,-4.303431987762451,-2.3979742527008057,-1.041105031967163,-0.7074373960494995,-0.7803816199302673,-1.5020989179611206,-3.566678762435913,-4.388413906097412,-3.956000566482544
