data/wind_data/wind_2025-02-20_16.json
{"header": {"parameterUnit": "KT", "parameterCategory": 2, "nx": 255, "ny": 198, "lo1": 44.73521041870117, "la1": -3.236724853515625, "lo2": 111.26478576660156, "la2": 43.468475341796875, "dx": 0.26192745566368103, "dy": -0.23708222806453705, "refTime": "2025-02-20 16:00:00", "forecastTime": 0, "parameterNumber": 3, "parameterNumberName": "northward_wind"}, "data":
[rows 38 to 56 of 198, columns 86 to 128 of 255]
-4.140174388885498,-5.087360858917236,-5.559797286987305,-6.210625648498535,-6.781312465667725,-5.672812461853027,-3.904947280883789,-3.5846338272094727,-4.571570873260498,-4.888078212738037,-5.169473648071289,-5.342853546142578,-4.721744537353516,-4.630358695983887,-4.920979022979736,-4.497411251068115,-4.119043350219727,-5.766062259674072,-5.8097920417785645,-5.132817268371582,-4.636078357696533,-5.17201042175293,-5.208942413330078,-4.973098278045654,-4.427651882171631,-3.0664925575256348,-5.035689353942871,-4.646803379058838,-4.260656356811523,-4.299911022186279,-4.115386962890625,-4.144118785858154,-4.231935024261475,-4.585986137390137,-4.801132678985596,-4.374465465545654,-4.2427449226379395,-4.153142929077148,-4.780919075012207,-6.050111770629883,-7.077726364135742,-7.954760551452637,-8.683938026428223
-4.7498602867126465,-4.745960235595703,-5.404959201812744,-6.201400279998779,-7.275661468505859,-6.778863906860352,-4.569363117218018,-3.6134488582611084,-4.483706474304199,-4.993511199951172,-5.1721577644348145,-5.819347858428955,-6.270416259765625,-5.874185562133789,-5.331842422485352,-4.254934310913086,-2.770909070968628,-4.373900890350342,-6.1648335456848145,-5.730325222015381,-5.116099834442139,-4.774496078491211,-4.565011501312256,-5.093662738800049,-4.469512462615967,-2.8602476119995117,-4.201419830322266,-4.015745639801025,-3.811657428741455,-3.132132053375244,-2.797719955444336,-3.5662407875061035,-2.4076125621795654,-2.953585147857666,-3.489745855331421,-3.056718111038208,-3.031729221343994,-3.2821578979492188,-3.991752862930298,-5.502688407897949,-7.219359874725342,-8.698814392089844,-9.899240493774414
-4.870611190795898,-4.9015398025512695,-5.4236531257629395,-5.4658427238464355,-4.734447479248047,-4.359760284423828,-4.463487148284912,-4.3133721351623535,-4.689052581787109,-5.35649299621582,-5.43789005279541,-5.871431350708008,-6.200367450714111,-5.492221832275391,-4.706110000610352,-4.428030490875244,-3.3314812183380127,-4.110503196716309,-5.651057243347168,-5.563914775848389,-5.327897071838379,-4.893793106079102,-4.171634674072266,-4.206594467163086,-3.8352243900299072,-3.6395468711853027,-3.7865641117095947,-4.108828067779541,-3.4392168521881104,-2.8552677631378174,-2.9736971855163574,-3.183004379272461,-1.7551246881484985,-1.8967839479446411,-2.0051162242889404,-1.8910517692565918,-1.9772995710372925,-2.350825071334839,-3.1878936290740967,-5.003885746002197,-7.013439655303955,-9.02031135559082,-10.549386978149414
-4.765552520751953,-4.924999713897705,-5.242687702178955,-5.361229419708252,-4.476175785064697,-4.297788143157959,-4.672566890716553,-4.999318599700928,-5.087100505828857,-5.213160514831543,-5.7064337730407715,-5.743372917175293,-5.209643840789795,-4.591222286224365,-3.8314080238342285,-3.991002082824707,-4.0495452880859375,-4.738626003265381,-5.426918029785156,-5.732490062713623,-5.594293117523193,-5.146144866943359,-4.168441295623779,-3.2467286586761475,-2.912867784500122,-2.9972646236419678,-3.649681568145752,-4.057150840759277,-3.502835512161255,-2.9972875118255615,-3.1441757678985596,-2.1574013233184814,-1.1651774644851685,-0.9526531100273132,-0.5396910905838013,-0.36344635486602783,-0.532962441444397,-1.1771849393844604,-3.0910098552703857,-5.33833646774292,-6.753205299377441,-8.881637573242188,-10.360973358154297
-5.106225967407227,-5.317626476287842,-4.816864967346191,-4.564004421234131,-4.9610395431518555,-5.210582733154297,-5.297503471374512,-5.409966468811035,-5.405819416046143,-4.66615104675293,-4.826724529266357,-5.593937397003174,-5.03672981262207,-4.671911239624023,-4.397233486175537,-4.539500713348389,-4.834375858306885,-5.219695091247559,-5.6537394523620605,-5.6682891845703125,-5.629810333251953,-5.550935745239258,-4.985836505889893,-4.02750301361084,-3.121462821960449,-2.670114517211914,-3.236048936843872,-3.4912617206573486,-3.6842949390411377,-3.0800161361694336,-2.61893892288208,-0.8594895601272583,-0.562167227268219,0.03144159913063049,0.6380788087844849,0.6825425624847412,0.7202762365341187,-0.542984127998352,-4.321019172668457,-6.468051910400391,-6.861831188201904,-8.79810619354248,-9.951608657836914
-5.305052757263184,-6.037914752960205,-4.969279766082764,-3.829249858856201,-4.7426371574401855,-5.353577613830566,-5.355705738067627,-5.345676422119141,-5.306188583374023,-4.859866142272949,-4.28632116317749,-5.400889873504639,-5.62876558303833,-5.475852966308594,-5.3902974128723145,-5.530475616455078,-5.885523319244385,-5.907980442047119,-6.000056266784668,-5.7470855712890625,-5.2799811363220215,-5.53409481048584,-5.569722652435303,-4.9066972732543945,-4.166774272918701,-3.217798948287964,-3.207972764968872,-3.1815006732940674,-3.841590404510498,-2.992236375808716,-2.4699923992156982,-1.3276102542877197,-0.23761111497879028,0.9792502522468567,1.6601141691207886,2.2149150371551514,2.682985544204712,0.4327237904071808,-5.957193374633789,-7.773715972900391,-7.528281211853027,-8.879925727844238,-9.733291625976562
-5.198641777038574,-5.705114841461182,-5.010712623596191,-4.512714862823486,-4.825019836425781,-5.036067008972168,-5.099722862243652,-5.34559440612793,-5.887080192565918,-6.270050048828125,-5.810846328735352,-5.203698635101318,-5.926663398742676,-5.812503814697266,-6.022843837738037,-6.361011505126953,-6.640382289886475,-6.657227993011475,-6.244095325469971,-6.17975378036499,-5.18787145614624,-4.662857532501221,-5.1782732009887695,-4.8419084548950195,-4.651091575622559,-3.8061318397521973,-3.669090986251831,-3.1372578144073486,-3.3102355003356934,-2.7939507961273193,-2.5983235836029053,-2.0963754653930664,-0.645566463470459,1.1901837587356567,2.378689765930176,3.954749345779419,4.679237365722656,0.44087594747543335,-5.343843936920166,-6.3807549476623535,-5.15523624420166,-8.201006889343262,-9.890007019042969
-5.139471530914307,-5.3099822998046875,-4.937806129455566,-4.944648265838623,-5.024535655975342,-4.91681432723999,-4.992373943328857,-5.438847541809082,-5.934544086456299,-6.5898051261901855,-6.415186405181885,-5.324300765991211,-5.667561054229736,-5.999780654907227,-6.455417633056641,-6.812112331390381,-6.619264125823975,-6.765460968017578,-5.938070774078369,-6.145127773284912,-5.580315589904785,-4.754421710968018,-4.66091775894165,-4.148553848266602,-4.6856184005737305,-4.371288299560547,-4.234958171844482,-3.6333985328674316,-3.4459969997406006,-3.9117348194122314,-3.092271327972412,-2.4430718421936035,-1.0059937238693237,0.7200239896774292,2.428795576095581,3.8440895080566406,4.466503620147705,-0.39048999547958374,-4.614671230316162,-3.3084747791290283,-2.9464244842529297,-4.024377346038818,-9.4199857711792
-4.466403961181641,-5.626590251922607,-5.471367835998535,-5.046858787536621,-5.2854156494140625,-5.919219493865967,-6.25257682800293,-6.172271251678467,-5.610052108764648,-5.289571762084961,-5.578492641448975,-5.846399307250977,-5.643960952758789,-6.0130181312561035,-6.47613525390625,-6.7085418701171875,-6.423452854156494,-6.192091464996338,-5.9544782638549805,-5.4236955642700195,-5.589664936065674,-5.483849048614502,-4.9972028732299805,-4.269954204559326,-4.597281455993652,-4.423155307769775,-4.326830863952637,-4.101970195770264,-4.538936138153076,-4.646078109741211,-3.7051479816436768,-3.597400426864624,-2.024948835372925,-0.2962268888950348,1.7053110599517822,2.8469324111938477,1.9667032957077026,-0.6491844058036804,-2.2231876850128174,0.785900890827179,-0.6521967649459839,-2.579148530960083,-7.260891914367676
-3.8761086463928223,-5.578460693359375,-6.2884650230407715,-6.408740520477295,-6.278876781463623,-6.4413743019104,-7.045129776000977,-7.157999038696289,-6.517548561096191,-5.192850589752197,-5.882381439208984,-6.818913459777832,-6.712069988250732,-6.606454849243164,-6.481568336486816,-6.353302001953125,-6.424768924713135,-6.185664653778076,-6.058652877807617,-5.0830559730529785,-4.975615501403809,-5.234069347381592,-5.15451717376709,-4.748071670532227,-4.552122116088867,-4.361135482788086,-4.154457092285156,-4.149855613708496,-4.367258548736572,-4.401474952697754,-3.901867151260376,-3.7063186168670654,-3.419363498687744,-2.0612058639526367,0.34596920013427734,1.9981307983398438,1.2626084089279175,-1.119901180267334,-2.875962257385254,1.338761568069458,0.7157036662101746,-0.9635883569717407,-2.9844791889190674
-4.653621673583984,-5.453643321990967,-6.478384494781494,-6.851770401000977,-6.544093132019043,-6.531842231750488,-6.9347944259643555,-7.457136154174805,-7.136913299560547,-6.342667102813721,-6.836706161499023,-7.213918209075928,-7.503715991973877,-7.352787494659424,-6.962935924530029,-6.670353412628174,-6.322935581207275,-6.565951824188232,-6.2484540939331055,-5.383700847625732,-4.7780680656433105,-4.859443187713623,-4.6622138023376465,-4.915616989135742,-4.911647319793701,-4.517448425292969,-4.060757160186768,-4.000114440917969,-3.589897394180298,-3.636591672897339,-3.2924716472625732,-3.4565629959106445,-3.595067024230957,-3.6927032470703125,-1.3989907503128052,0.9973491430282593,1.1762465238571167,-0.4193482995033264,-1.6199066638946533,-0.14104340970516205,0.6910400986671448,-0.1250571757555008,-0.9231610894203186
-6.215559482574463,-6.421875476837158,-6.421701908111572,-6.430759429931641,-6.899770259857178,-7.457334995269775,-7.520932197570801,-7.553671360015869,-7.397997856140137,-7.347113132476807,-7.571877479553223,-7.299474716186523,-7.458091735839844,-7.50173807144165,-7.200984001159668,-7.097922325134277,-6.681438446044922,-6.702071189880371,-6.570589065551758,-5.4528045654296875,-4.9796953201293945,-4.896022796630859,-4.7939276695251465,-5.224524974822998,-5.300507545471191,-4.69932222366333,-4.144765853881836,-4.014535427093506,-3.902632713317871,-3.900272846221924,-3.8534693717956543,-3.6584460735321045,-3.949967861175537,-4.724238395690918,-2.4376156330108643,0.7610214352607727,0.8047513961791992,0.31068772077560425,-0.2858770787715912,-0.0831918939948082,0.19776423275470734,0.26688921451568604,-0.05096236243844032
-7.13394021987915,-7.655587673187256,-7.754640102386475,-7.358774662017822,-7.773409843444824,-8.241081237792969,-7.524657726287842,-7.651156902313232,-8.456308364868164,-8.3060302734375,-8.102765083312988,-7.779638767242432,-7.3517560958862305,-7.458065032958984,-7.446502685546875,-7.094308376312256,-6.946314334869385,-6.361982345581055,-6.298450946807861,-5.8637824058532715,-5.365856170654297,-5.317869186401367,-5.347189426422119,-5.498791217803955,-5.116177558898926,-4.6744489669799805,-4.365390300750732,-4.361085414886475,-4.641539573669434,-4.819883346557617,-4.9585676193237305,-4.831367015838623,-5.130556583404541,-5.847028732299805,-4.1121826171875,0.11043885350227356,-0.2553582489490509,-1.3660058975219727,-2.430689811706543,-2.1868906021118164,-0.26447445154190063,0.43398573994636536,-0.16517511010169983
-7.844995021820068,-8.366809844970703,-8.673659324645996,-8.36202335357666,-8.113924026489258,-8.117762565612793,-8.164040565490723,-8.457366943359375,-8.974949836730957,-8.870100021362305,-8.431479454040527,-8.321484565734863,-7.6771674156188965,-7.69407844543457,-7.690509796142578,-7.126257419586182,-6.9314188957214355,-6.561248779296875,-6.317659378051758,-6.443960189819336,-5.815754413604736,-5.5958571434021,-5.795680522918701,-6.0767645835876465,-5.48457670211792,-5.134099960327148,-5.0350775718688965,-5.023940563201904,-5.081371307373047,-5.270219326019287,-5.518910884857178,-6.16300106048584,-6.885311126708984,-6.570039749145508,-4.637142181396484,-1.0382450819015503,-1.2919772863388062,-2.423177480697632,-2.4019062519073486,-3.2669625282287598,-2.0065340995788574,0.09360850602388382,0.7041638493537903
-8.31235408782959,-8.613334655761719,-8.501790046691895,-8.902149200439453,-8.651456832885742,-8.344599723815918,-9.179607391357422,-8.734552383422852,-8.30303955078125,-8.472016334533691,-8.37525463104248,-8.324211120605469,-7.544733047485352,-7.950867652893066,-7.705530166625977,-7.463752746582031,-7.052116394042969,-7.153594017028809,-6.620544910430908,-6.4608473777771,-5.883740425109863,-5.380931377410889,-5.38907527923584,-5.952804088592529,-6.0882134437561035,-6.083840370178223,-6.173316955566406,-6.019284725189209,-5.7095136642456055,-5.672865390777588,-5.991983890533447,-6.501293659210205,-7.668309211730957,-6.526240348815918,-2.3658132553100586,-0.3604641854763031,1.6212131977081299,2.7351362705230713,3.3608646392822266,2.6255548000335693,1.3498170375823975,2.0674784183502197,2.5444695949554443
-8.424783706665039,-8.795790672302246,-9.357295036315918,-9.42931842803955,-9.114432334899902,-9.276468276977539,-9.24157428741455,-8.934822082519531,-8.54778003692627,-8.247312545776367,-8.548806190490723,-8.138530731201172,-7.213862419128418,-8.11402702331543,-7.472235679626465,-7.768370628356934,-7.163112640380859,-7.101762294769287,-6.71287202835083,-6.5074357986450195,-5.770552635192871,-4.891016960144043,-4.620558261871338,-4.980219841003418,-5.512270450592041,-6.117646217346191,-6.797435283660889,-7.002081871032715,-6.495367050170898,-5.9403486251831055,-5.953167915344238,-5.969964027404785,-7.295232772827148,-6.286043643951416,-1.1000853776931763,0.9045920968055725,5.59492826461792,7.0632429122924805,7.518020153045654,6.815384387969971,5.096959590911865,3.687610626220703,3.8204076290130615
-9.678218841552734,-9.484733581542969,-9.64363956451416,-9.191455841064453,-8.931351661682129,-9.042434692382812,-8.934611320495605,-9.447564125061035,-10.028059959411621,-9.296025276184082,-8.751445770263672,-8.292747497558594,-8.100350379943848,-7.850620269775391,-6.85878849029541,-7.0241265296936035,-7.017871856689453,-6.623933792114258,-6.590356349945068,-6.443422794342041,-5.286190032958984,-4.242234230041504,-3.8680129051208496,-3.9564337730407715,-4.289097785949707,-5.070976734161377,-6.2355780601501465,-7.061358451843262,-7.090310573577881,-6.497574329376221,-6.2043046951293945,-5.914577960968018,-7.334047794342041,-5.408382415771484,-1.508118748664856,-2.207685947418213,-1.198013186454773,1.3328100442886353,4.220802307128906,4.521071910858154,3.954033613204956,2.682891368865967,1.585046648979187
-9.298006057739258,-9.18561840057373,-9.09752368927002,-9.16251277923584,-9.263541221618652,-9.308789253234863,-9.597909927368164,-9.538373947143555,-9.890828132629395,-9.363380432128906,-8.493439674377441,-8.074539184570312,-8.037023544311523,-7.123108863830566,-6.978523254394531,-6.4069719314575195,-6.615964412689209,-5.981141567230225,-6.02138614654541,-5.889185905456543,-5.156515121459961,-4.376462459564209,-3.8547940254211426,-3.4781811237335205,-3.3836207389831543,-3.7352702617645264,-4.710460186004639,-5.912989139556885,-6.984462738037109,-7.2954816818237305,-7.051443576812744,-6.893035411834717,-7.444394111633301,-2.7457709312438965,-2.501450300216675,-2.5278000831604004,-3.2714762687683105,-3.7915215492248535,0.7731214165687561,2.320413589477539,2.116492509841919,0.5193140506744385,-1.5534909963607788
-8.114635467529297,-8.62158489227295,-9.224119186401367,-9.379042625427246,-9.4052152633667,-9.419698715209961,-9.47233772277832,-9.188275337219238,-9.006211280822754,-8.6592435836792,-8.478216171264648,-7.857412338256836,-7.399783134460449,-7.3469929695129395,-7.2896246910095215,-6.843592166900635,-6.2492499351501465,-5.86890172958374,-5.645618438720703,-5.434203624725342,-5.222543239593506,-4.709934711456299,-4.054266452789307,-3.4127347469329834,-2.849360942840576,-2.7380361557006836,-3.27693772315979,-4.236810684204102,-5.727603912353516,-7.222886562347412,-7.916726589202881,-8.511722564697266,-6.467141151428223,-3.3601276874542236,-2.5961802005767822,0.6754355430603027,2.058224678039551,1.2541334629058838,-1.0608829259872437,0.23331984877586365,0.925744891166687,0.3681364357471466,-1.1151680946350098
