data/wind_data/wind_33_4.json
{"header": {"parameterUnit": "KT", "parameterCategory": 2, "nx": 256, "ny": 198, "lo1": 44.73521041870117, "la1": -3.236724853515625, "lo2": 111.26478576660156, "la2": 43.468475341796875, "dx": 0.2609002888202667, "dy": -0.23708222806453705, "refTime": "2025-02-20 09:00:00", "forecastTime": 0, "parameterNumber": 2, "parameterNumberName": "eastward_wind"}, "data":
[rows 76 to 94 of 198, columns 88 to 131 of 256]
5.0963029861450195,5.1812744140625,5.2862348556518555,5.407559394836426,5.545341491699219,5.70524787902832,5.904632568359375,6.181975364685059,6.5630645751953125,7.036214351654053,7.539853096008301,7.945899486541748,8.177961349487305,8.326448440551758,8.475021362304688,8.592233657836914,8.565945625305176,8.265350341796875,7.870896816253662,7.507715225219727,7.308131217956543,7.166901111602783,8.800127983093262,7.861508369445801,8.90223503112793,10.32850170135498,10.996870040893555,11.109614372253418,10.757431983947754,10.81084156036377,10.926313400268555,11.113751411437988,11.183418273925781,11.19127082824707,10.62965202331543,9.92551040649414,9.400796890258789,8.952913284301758,8.637482643127441,8.340106010437012,8.250307083129883,8.308395385742188,8.518570899963379,8.364734649658203
6.177406311035156,6.287652969360352,6.348908424377441,6.367445468902588,6.385554790496826,6.428150653839111,6.465522289276123,6.523651123046875,6.684673309326172,6.998151779174805,7.429318428039551,7.854173183441162,8.151045799255371,8.280323028564453,8.273904800415039,8.14192008972168,7.8673906326293945,7.41467809677124,6.8908233642578125,6.459588050842285,6.218852519989014,6.267441749572754,7.449002742767334,5.509121417999268,10.673638343811035,12.081225395202637,12.032876968383789,12.05599594116211,12.044193267822266,12.158180236816406,12.128360748291016,11.898368835449219,11.485221862792969,11.350318908691406,11.377903938293457,11.211851119995117,10.961579322814941,10.72081184387207,10.437292098999023,10.099564552307129,9.858600616455078,9.744922637939453,9.321720123291016,8.577959060668945
7.25492000579834,7.426948547363281,7.5647077560424805,7.657191753387451,7.713124752044678,7.7108283042907715,7.594703674316406,7.417835712432861,7.353965759277344,7.543312072753906,7.927780628204346,8.291915893554688,8.511120796203613,8.600251197814941,8.548395156860352,8.3032865524292,7.860208988189697,7.269092082977295,6.635529518127441,6.036503791809082,5.454169273376465,5.469913959503174,6.932703495025635,6.503736972808838,11.425469398498535,13.0440092086792,13.239815711975098,13.473012924194336,13.634451866149902,13.579995155334473,13.2186918258667,12.493602752685547,11.577683448791504,11.098356246948242,11.261514663696289,11.731622695922852,11.996980667114258,12.22812271118164,12.062162399291992,11.674227714538574,11.254377365112305,10.89095401763916,10.451814651489258,9.639630317687988
8.459352493286133,8.621360778808594,8.783905029296875,8.930169105529785,9.044672012329102,9.060856819152832,8.905397415161133,8.613832473754883,8.364602088928223,8.384994506835938,8.684532165527344,8.990118980407715,9.087323188781738,9.0437650680542,8.934148788452148,8.664731979370117,8.151626586914062,7.4259257316589355,6.690221309661865,5.996372222900391,5.160887718200684,6.23313045501709,6.684714317321777,6.323878288269043,11.634025573730469,13.37256908416748,14.40821647644043,14.767889022827148,14.479687690734863,13.996872901916504,13.474664688110352,12.827459335327148,12.184046745300293,11.799363136291504,11.741190910339355,12.012311935424805,12.36327838897705,12.645520210266113,12.824921607971191,12.807327270507812,12.374406814575195,11.647722244262695,11.302659034729004,10.468941688537598
9.949024200439453,10.033296585083008,10.121060371398926,10.21713924407959,10.299336433410645,10.307544708251953,10.176241874694824,9.907379150390625,9.605391502380371,9.46264362335205,9.608808517456055,9.869194030761719,9.957322120666504,9.849047660827637,9.697981834411621,9.432488441467285,8.922531127929688,8.138871192932129,7.1881184577941895,6.216989994049072,5.102230072021484,5.789467811584473,3.4711263179779053,7.5468220710754395,12.637198448181152,14.010458946228027,15.04996395111084,15.266660690307617,14.369199752807617,13.739120483398438,13.439682960510254,13.25334358215332,13.089537620544434,13.076743125915527,13.19551944732666,13.20445728302002,13.165913581848145,13.245248794555664,13.362641334533691,13.297868728637695,12.814104080200195,12.483396530151367,12.344718933105469,11.653162002563477
11.46889877319336,11.53215503692627,11.594633102416992,11.65750789642334,11.70653247833252,11.715789794921875,11.63980770111084,11.437045097351074,11.14510440826416,10.867921829223633,10.761374473571777,10.873088836669922,11.000879287719727,10.93957233428955,10.801823616027832,10.623397827148438,10.203103065490723,9.469993591308594,8.447699546813965,7.129413604736328,5.64643669128418,6.200328350067139,0.681454598903656,9.252289772033691,15.031850814819336,15.431607246398926,15.448249816894531,14.841404914855957,13.738875389099121,13.253192901611328,13.397684097290039,13.676633834838867,13.893905639648438,14.166056632995605,14.52157974243164,14.588650703430176,14.513884544372559,14.334538459777832,13.778825759887695,13.075485229492188,12.580957412719727,12.63149356842041,13.350286483764648,13.329298973083496
12.585134506225586,12.633033752441406,12.740789413452148,12.890122413635254,13.031229972839355,13.14306640625,13.179224967956543,13.083958625793457,12.87612533569336,12.61940860748291,12.406350135803223,12.345328330993652,12.367445945739746,12.234101295471191,11.952003479003906,11.721650123596191,11.377653121948242,10.722100257873535,9.801078796386719,8.471678733825684,6.957266330718994,6.596785068511963,5.232715129852295,11.779494285583496,16.77372169494629,16.445751190185547,15.355623245239258,14.248936653137207,13.101093292236328,12.606751441955566,12.956024169921875,13.650996208190918,14.446837425231934,14.882294654846191,15.173609733581543,15.311015129089355,15.334190368652344,15.103144645690918,14.188525199890137,12.953829765319824,12.513707160949707,12.72787094116211,13.270599365234375,13.680240631103516
13.470973014831543,13.432543754577637,13.479877471923828,13.63552188873291,13.860298156738281,14.10503101348877,14.296756744384766,14.390146255493164,14.392626762390137,14.326486587524414,14.215999603271484,14.122106552124023,14.054389953613281,13.794381141662598,13.251041412353516,12.75528621673584,12.324155807495117,11.62332820892334,10.682013511657715,9.586686134338379,8.319234848022461,7.408516883850098,7.414954662322998,13.416139602661133,16.49835205078125,16.477210998535156,15.083877563476562,13.888470649719238,13.120463371276855,12.8606538772583,12.788369178771973,13.25286865234375,14.240642547607422,15.061899185180664,15.3439302444458,15.419214248657227,15.357022285461426,15.092765808105469,14.372733116149902,13.29232406616211,13.059123039245605,13.55633544921875,13.557719230651855,13.299508094787598
14.369908332824707,14.366632461547852,14.35700511932373,14.409734725952148,14.57570743560791,14.846163749694824,15.141436576843262,15.402260780334473,15.616847038269043,15.755456924438477,15.771174430847168,15.677041053771973,15.507490158081055,15.180872917175293,14.540064811706543,13.83045768737793,13.264786720275879,12.511209487915039,11.440871238708496,10.420312881469727,9.615612983703613,9.40982723236084,10.923909187316895,14.952409744262695,16.24669647216797,15.774137496948242,14.950703620910645,14.241823196411133,13.674386024475098,13.575648307800293,13.50484561920166,13.838508605957031,14.241652488708496,14.884033203125,15.57299518585205,15.9136962890625,15.71071720123291,15.080791473388672,14.455466270446777,13.704741477966309,13.499323844909668,13.95677661895752,14.126663208007812,13.960906028747559
15.233558654785156,15.455876350402832,15.580399513244629,15.64555835723877,15.758861541748047,15.982916831970215,16.261096954345703,16.557819366455078,16.866344451904297,17.10810661315918,17.142229080200195,16.98138427734375,16.737409591674805,16.358572006225586,15.699195861816406,14.91837215423584,14.261279106140137,13.593364715576172,12.663269996643066,11.597105026245117,10.81825065612793,10.963428497314453,12.403935432434082,16.60934829711914,16.607044219970703,15.782622337341309,15.214980125427246,15.070868492126465,14.546521186828613,14.379343032836914,14.419814109802246,14.493085861206055,14.585634231567383,14.766697883605957,14.993785858154297,15.630167961120605,16.286218643188477,16.13885498046875,15.27589225769043,14.309248924255371,13.825571060180664,13.971580505371094,14.291458129882812,14.668022155761719
16.521459579467773,16.877079010009766,17.149011611938477,17.312763214111328,17.43166732788086,17.570417404174805,17.722063064575195,17.895742416381836,18.14727210998535,18.4118709564209,18.508373260498047,18.39210319519043,18.206411361694336,17.924402236938477,17.266456604003906,16.338008880615234,15.487051010131836,14.778154373168945,14.09637451171875,13.26006031036377,12.310314178466797,12.006051063537598,13.916385650634766,17.145769119262695,17.83457374572754,17.125917434692383,16.948047637939453,16.54267692565918,15.839579582214355,15.412111282348633,14.755514144897461,14.047587394714355,13.818923950195312,13.90795612335205,14.214353561401367,14.812198638916016,15.709525108337402,16.702360153198242,16.546478271484375,15.561724662780762,14.99741268157959,15.0499267578125,15.145774841308594,15.684834480285645
18.86518669128418,19.04673957824707,19.13825035095215,19.129436492919922,19.10483741760254,19.1202335357666,19.160236358642578,19.243085861206055,19.449914932250977,19.74786376953125,19.96923828125,20.019319534301758,19.993223190307617,19.949369430541992,19.567636489868164,18.63703727722168,17.537967681884766,16.51032829284668,15.586320877075195,14.835923194885254,14.175009727478027,13.679708480834961,14.06614875793457,17.240083694458008,19.784770965576172,19.60755157470703,18.643896102905273,17.681825637817383,16.599763870239258,15.667197227478027,14.761584281921387,14.040777206420898,14.161521911621094,14.617413520812988,14.762072563171387,14.883935928344727,15.883360862731934,16.788108825683594,16.550151824951172,16.165735244750977,16.654027938842773,17.31396484375,17.40439224243164,17.521663665771484
22.051721572875977,21.997098922729492,21.749006271362305,21.38966178894043,21.06497573852539,20.86487579345703,20.817291259765625,20.960737228393555,21.261018753051758,21.583402633666992,21.81222915649414,21.87014389038086,21.813425064086914,21.79778480529785,21.737707138061523,21.216995239257812,20.290952682495117,19.263988494873047,18.10256004333496,16.857765197753906,15.77414608001709,15.114165306091309,15.198834419250488,18.285226821899414,21.259315490722656,20.903074264526367,19.093183517456055,17.7134952545166,16.615140914916992,15.973738670349121,15.445701599121094,14.793167114257812,14.944332122802734,15.94180679321289,16.432661056518555,16.179033279418945,16.69793701171875,17.26072883605957,16.966787338256836,16.735998153686523,17.425479888916016,18.71034049987793,19.648517608642578,19.90511131286621
24.691761016845703,24.70050811767578,24.423131942749023,23.962791442871094,23.519729614257812,23.22049331665039,23.148786544799805,23.370168685913086,23.749814987182617,24.041093826293945,24.13658332824707,24.008657455444336,23.708698272705078,23.374187469482422,23.089698791503906,22.723716735839844,22.208791732788086,21.724044799804688,21.13379669189453,20.180784225463867,19.0148983001709,18.22129249572754,18.58660316467285,21.03630828857422,22.760299682617188,21.75650405883789,19.768632888793945,18.3906307220459,17.69989776611328,17.432003021240234,16.94855499267578,16.081111907958984,16.100690841674805,17.134361267089844,17.724763870239258,17.55721664428711,17.98244857788086,18.490262985229492,18.119800567626953,17.637149810791016,18.192323684692383,19.31353759765625,20.03107261657715,20.57976722717285
26.039186477661133,26.321077346801758,26.3356990814209,26.09670066833496,25.752208709716797,25.490909576416016,25.4501953125,25.653974533081055,25.963584899902344,26.237356185913086,26.36920738220215,26.283472061157227,26.00609588623047,25.54193115234375,24.793930053710938,23.88884162902832,23.133846282958984,22.65913200378418,22.489749908447266,22.33639907836914,22.14029884338379,22.41039276123047,23.5513916015625,24.84956932067871,25.162899017333984,24.17060089111328,22.388254165649414,21.130403518676758,20.443525314331055,20.219043731689453,19.690353393554688,18.722749710083008,18.35307502746582,18.641679763793945,18.796762466430664,18.688791275024414,19.21084976196289,19.685428619384766,19.706544876098633,19.49571418762207,19.491186141967773,19.87004852294922,20.306058883666992,20.774112701416016
26.805496215820312,27.319095611572266,27.552288055419922,27.456298828125,27.166528701782227,26.929140090942383,26.857192993164062,26.893115997314453,26.975004196166992,27.219755172729492,27.57762336730957,27.764944076538086,27.761045455932617,27.626489639282227,27.11693000793457,26.0374698638916,24.694398880004883,23.51222801208496,22.79169464111328,22.502193450927734,22.673091888427734,23.56450080871582,25.290517807006836,27.262826919555664,28.22292137145996,27.520723342895508,25.603731155395508,23.985597610473633,23.189659118652344,23.074872970581055,22.690366744995117,21.898704528808594,21.41985511779785,20.967548370361328,20.29305648803711,19.851613998413086,20.388256072998047,21.242145538330078,21.61507225036621,21.528884887695312,21.26310157775879,21.057004928588867,20.86981964111328,21.01385498046875
27.443798065185547,28.135465621948242,28.53066062927246,28.48147201538086,28.129457473754883,27.7956600189209,27.592729568481445,27.381256103515625,27.184978485107422,27.333984375,27.861751556396484,28.294151306152344,28.406023025512695,28.62664222717285,28.595897674560547,27.961563110351562,26.735010147094727,25.160383224487305,23.749553680419922,22.863967895507812,22.59185028076172,23.15306282043457,25.101499557495117,27.59857749938965,29.372303009033203,29.113048553466797,26.767911911010742,24.660295486450195,23.674591064453125,23.829435348510742,24.139324188232422,24.02438735961914,23.722501754760742,23.00057601928711,21.936262130737305,21.19161605834961,21.56157875061035,22.2696533203125,22.654056549072266,22.530519485473633,22.35263442993164,22.132204055786133,21.893085479736328,22.22014045715332
27.903287887573242,28.453449249267578,28.836706161499023,28.87203598022461,28.6342830657959,28.36884880065918,28.104576110839844,27.688047409057617,27.269441604614258,27.26700782775879,27.737354278564453,28.435087203979492,28.895309448242188,29.449304580688477,29.41506576538086,28.96937370300293,28.106435775756836,26.704326629638672,25.212236404418945,24.117820739746094,23.654253005981445,23.876237869262695,25.23643684387207,27.718339920043945,30.112741470336914,30.451326370239258,28.24818229675293,25.848079681396484,24.41014862060547,24.093273162841797,24.476137161254883,24.77078628540039,24.68010711669922,23.959430694580078,23.10674476623535,22.382352828979492,22.494243621826172,23.20710563659668,23.814210891723633,23.467920303344727,23.12508773803711,23.02842903137207,23.084270477294922,23.356088638305664
28.59279441833496,28.667051315307617,28.668123245239258,28.55295753479004,28.42148208618164,28.40140151977539,28.345664978027344,27.985353469848633,27.447362899780273,27.284582138061523,27.564241409301758,28.258113861083984,30.016536712646484,31.276264190673828,31.03770637512207,29.85891342163086,29.032798767089844,28.11021614074707,27.024980545043945,26.233245849609375,25.794179916381836,25.857093811035156,26.6474552154541,28.342639923095703,30.422197341918945,31.531694412231445,30.55846405029297,28.48755645751953,26.935047149658203,26.268739700317383,26.169763565063477,26.533374786376953,26.725133895874023,26.23807716369629,25.2310733795166,24.454505920410156,23.80344581604004,24.117111206054688,25.822837829589844,26.30467414855957,25.497398376464844,24.916404724121094,24.805633544921875,24.626052856445312
