data/wind_data/wind_Surface_2.json
{"header": {"parameterUnit": "KT", "parameterCategory": 2, "nx": 255, "ny": 198, "lo1": 44.73521041870117, "la1": -3.236724853515625, "lo2": 111.26478576660156, "la2": 43.468475341796875, "dx": 0.26192745566368103, "dy": -0.23708222806453705, "refTime": "2025-02-19 02:00:00", "forecastTime": 0, "parameterNumber": 3, "parameterNumberName": "northward_wind"}, "data":
[rows 76 to 94 of 198, columns 86 to 128 of 255]
-10.796525001525879,-11.481329917907715,-11.786576271057129,-12.129618644714355,-12.572641372680664,-12.127345085144043,-11.760953903198242,-11.48163890838623,-10.85970401763916,-10.850152969360352,-11.079588890075684,-11.289905548095703,-11.390486717224121,-11.30256175994873,-11.155365943908691,-11.59530258178711,-12.089152336120605,-12.355286598205566,-12.79899787902832,-12.457069396972656,-10.586441993713379,-7.957201957702637,-3.100853204727173,-0.34967416524887085,-1.6689393520355225,-1.7277361154556274,-1.879093050956726,-1.6249271631240845,-1.8984651565551758,-2.779557943344116,-2.9780728816986084,-2.115013360977173,0.7503064274787903,2.5859668254852295,2.1084587574005127,2.3092713356018066,2.671470880508423,2.622105121612549,1.4965142011642456,0.9435920715332031,0.7289577126502991,0.6825812458992004,0.9962763786315918
-11.301473617553711,-12.046258926391602,-12.241418838500977,-12.775679588317871,-13.39547061920166,-13.082141876220703,-12.818889617919922,-12.059258460998535,-11.306577682495117,-11.159524917602539,-10.9063081741333,-10.879617691040039,-10.964761734008789,-10.98742961883545,-10.962743759155273,-11.334463119506836,-11.761724472045898,-12.22248649597168,-13.2823486328125,-12.681539535522461,-10.540285110473633,-7.510161399841309,-2.0047192573547363,-0.6604519486427307,-1.7885124683380127,-2.677321672439575,-3.40797758102417,-3.0712223052978516,-2.743483543395996,-3.1182444095611572,-3.789374351501465,-3.694700002670288,-2.243964910507202,0.748746395111084,2.159762382507324,2.6683712005615234,2.515392541885376,2.8411550521850586,1.9904000759124756,1.5860832929611206,1.403802514076233,0.9498056769371033,0.7916631102561951
-11.657118797302246,-12.075695037841797,-12.254532814025879,-12.88016414642334,-13.414066314697266,-13.783599853515625,-13.93701457977295,-13.295787811279297,-12.783329963684082,-12.25586223602295,-11.543904304504395,-11.096662521362305,-10.984890937805176,-10.913324356079102,-10.777860641479492,-11.401619911193848,-11.674101829528809,-12.223315238952637,-12.936100959777832,-12.023058891296387,-9.966601371765137,-6.254702568054199,-0.9248214364051819,-0.8428616523742676,-1.5129138231277466,-3.1852054595947266,-3.714176893234253,-2.8546972274780273,-3.2555091381073,-3.229637622833252,-3.3335678577423096,-3.9824869632720947,-3.8454246520996094,-1.0858312845230103,1.574001669883728,2.4268858432769775,2.2804603576660156,2.8762576580047607,2.819692850112915,2.6772236824035645,2.2352476119995117,1.5636259317398071,1.617417335510254
-11.15306568145752,-11.418153762817383,-11.691758155822754,-12.166715621948242,-12.600990295410156,-12.940242767333984,-13.458416938781738,-13.457383155822754,-13.415959358215332,-12.87598991394043,-12.357566833496094,-11.768383026123047,-11.726088523864746,-11.616646766662598,-11.543526649475098,-11.909528732299805,-12.225024223327637,-12.672117233276367,-12.518327713012695,-11.66992473602295,-9.184995651245117,-4.019047737121582,-0.18785397708415985,-0.6558548212051392,-0.3286801278591156,-2.337341070175171,-4.101212501525879,-4.325220584869385,-5.57238245010376,-3.9715769290924072,-2.035858392715454,-2.3205718994140625,-2.8991782665252686,-2.1136391162872314,-0.19777461886405945,-0.12337413430213928,-1.0831327438354492,-0.8656399846076965,-0.1729065477848053,0.6996389627456665,1.3688868284225464,1.7890360355377197,2.266767740249634
-10.031669616699219,-10.332982063293457,-10.399650573730469,-11.077340126037598,-11.390859603881836,-11.716564178466797,-12.030699729919434,-12.679737091064453,-12.84621810913086,-12.893226623535156,-12.802485466003418,-12.481356620788574,-12.471114158630371,-12.462455749511719,-12.495697021484375,-12.398627281188965,-12.814245223999023,-13.062466621398926,-12.908283233642578,-11.953110694885254,-8.477014541625977,-1.6149510145187378,0.6889321208000183,-0.7944014668464661,-0.5453680753707886,-2.5841073989868164,-4.156222820281982,-5.598264694213867,-7.188933372497559,-5.711363315582275,-2.2659192085266113,-1.107305645942688,-2.3594205379486084,-3.5011022090911865,-3.266277551651001,-2.747821569442749,-3.25253963470459,-3.3772902488708496,-2.628887414932251,-1.0830183029174805,0.5070874094963074,1.3401178121566772,1.7140986919403076
-9.228368759155273,-9.553108215332031,-9.251779556274414,-10.0304536819458,-10.280661582946777,-10.938438415527344,-10.805163383483887,-11.967126846313477,-12.633805274963379,-13.08171272277832,-13.27117919921875,-13.27944564819336,-13.019074440002441,-12.89702320098877,-12.302943229675293,-12.165525436401367,-12.580432891845703,-12.837809562683105,-13.349421501159668,-12.952275276184082,-9.142465591430664,-0.9466925263404846,1.7402980327606201,-0.10178502649068832,-1.3946375846862793,-3.4647152423858643,-3.8867623805999756,-3.826281785964966,-5.047381401062012,-5.190239429473877,-3.3282763957977295,-2.653811454772949,-3.6138253211975098,-4.2753424644470215,-5.147150993347168,-4.266083240509033,-3.4142963886260986,-2.597282648086548,-1.3696717023849487,0.52427738904953,1.812721848487854,2.16965913772583,2.0191943645477295
-8.66282844543457,-8.898529052734375,-8.672444343566895,-9.594464302062988,-10.108441352844238,-10.659912109375,-10.841615676879883,-11.950189590454102,-12.856462478637695,-13.380621910095215,-13.795559883117676,-13.830190658569336,-13.42085075378418,-12.638425827026367,-11.770691871643066,-11.600886344909668,-12.031085014343262,-12.433258056640625,-13.375410079956055,-13.877935409545898,-10.980527877807617,-2.3459930419921875,1.1242516040802002,0.852713942527771,-0.5698678493499756,-1.9782878160476685,-3.3632521629333496,-2.8158388137817383,-2.9040439128875732,-3.516188621520996,-3.8513126373291016,-4.713292598724365,-4.855019569396973,-5.22450065612793,-5.790427207946777,-4.83132791519165,-3.56634259223938,-2.4783012866973877,-1.3309102058410645,0.45471739768981934,2.2319493293762207,3.31148099899292,3.174262762069702
-8.360978126525879,-8.657990455627441,-8.798674583435059,-9.579557418823242,-10.627155303955078,-11.036158561706543,-11.418912887573242,-12.283516883850098,-12.91008472442627,-13.237946510314941,-13.25828742980957,-13.297985076904297,-13.105535507202148,-12.226872444152832,-11.297993659973145,-10.895503044128418,-11.353182792663574,-11.963961601257324,-13.179259300231934,-13.98653793334961,-12.022425651550293,-3.8237996101379395,-0.6978312730789185,-0.4817880094051361,-0.7401285767555237,-0.40563225746154785,-1.8267697095870972,-2.7988264560699463,-3.067997694015503,-4.124215126037598,-5.550675392150879,-6.042479515075684,-6.294844150543213,-7.355727195739746,-6.89546012878418,-5.522144794464111,-4.164086818695068,-3.405082941055298,-2.2713687419891357,-0.359395295381546,1.420513391494751,3.17387318611145,3.6471846103668213
-8.465644836425781,-9.007902145385742,-9.313885688781738,-9.653905868530273,-11.028580665588379,-11.644196510314941,-11.825617790222168,-12.324307441711426,-12.668022155761719,-12.473894119262695,-12.385825157165527,-12.598498344421387,-12.69096565246582,-12.140061378479004,-11.013017654418945,-10.090171813964844,-10.491068840026855,-11.312631607055664,-12.606348037719727,-13.336380004882812,-12.139741897583008,-4.552020072937012,-1.105077862739563,-1.750676155090332,-1.024242639541626,-0.16763710975646973,-1.4926867485046387,-3.0053563117980957,-4.104026794433594,-6.233818531036377,-7.280499458312988,-7.657334804534912,-7.953787326812744,-7.9443359375,-7.112853050231934,-5.932101249694824,-4.658046245574951,-4.257373332977295,-3.5748682022094727,-1.308066487312317,1.0124194622039795,3.041987657546997,3.798872947692871
-8.422256469726562,-8.856740951538086,-9.11607837677002,-9.70994758605957,-10.89332103729248,-11.76349925994873,-11.949685096740723,-11.971053123474121,-12.249088287353516,-12.048635482788086,-12.098705291748047,-12.566025733947754,-12.568647384643555,-12.122726440429688,-10.63312816619873,-9.10498046875,-9.258087158203125,-10.227485656738281,-11.3543062210083,-12.13318157196045,-11.734375953674316,-5.160943031311035,-0.47248226404190063,-0.38179051876068115,-0.23646093904972076,-1.6084786653518677,-2.992060422897339,-4.090326309204102,-6.029488563537598,-7.403036594390869,-7.621484756469727,-7.605436325073242,-6.958088397979736,-5.298223972320557,-4.433367729187012,-3.7118821144104004,-2.976794719696045,-3.0290868282318115,-3.5864949226379395,-3.198176860809326,-0.7648455500602722,2.0750374794006348,3.149151086807251
-8.06040096282959,-8.37155532836914,-8.423773765563965,-9.502898216247559,-10.538999557495117,-11.286170959472656,-11.672561645507812,-11.642838478088379,-11.824688911437988,-11.46484375,-11.915584564208984,-12.374189376831055,-12.40473461151123,-11.708163261413574,-10.084773063659668,-8.657715797424316,-8.565982818603516,-9.107939720153809,-9.649771690368652,-10.497600555419922,-10.691841125488281,-5.742465019226074,-1.0936412811279297,1.3505820035934448,1.2942392826080322,-2.477388620376587,-4.748335361480713,-5.661846160888672,-6.271562576293945,-5.964757919311523,-5.078598976135254,-3.8779971599578857,-2.6542413234710693,-1.2301690578460693,-0.7057531476020813,-0.952791690826416,-1.0351166725158691,-1.0893934965133667,-1.8649379014968872,-3.389591693878174,-3.3194727897644043,-0.9485446810722351,0.8777878284454346
-7.968578815460205,-8.507821083068848,-8.341315269470215,-9.420478820800781,-10.470096588134766,-10.926228523254395,-11.334382057189941,-11.4490966796875,-11.428821563720703,-11.01218318939209,-11.644587516784668,-11.905135154724121,-11.707255363464355,-10.757471084594727,-9.321939468383789,-8.859484672546387,-8.982415199279785,-8.520563125610352,-8.314215660095215,-9.341094017028809,-9.157612800598145,-5.57853889465332,-2.6970951557159424,0.8907915353775024,2.266042709350586,-1.6498523950576782,-4.509718418121338,-4.193820953369141,-3.1462624073028564,-2.446319580078125,-1.464508056640625,-0.6661739945411682,-0.5468782782554626,-0.39597973227500916,-0.41926008462905884,-0.7531294226646423,-0.843390703201294,-0.6319795846939087,-0.747687578201294,-1.4355067014694214,-2.694737195968628,-2.2812612056732178,-0.8520660400390625
-8.097496032714844,-8.59537124633789,-8.919238090515137,-9.573798179626465,-10.304479598999023,-10.70844554901123,-10.910026550292969,-11.110618591308594,-11.35590648651123,-10.876255989074707,-11.255614280700684,-11.177189826965332,-11.065417289733887,-9.967910766601562,-8.577244758605957,-9.173317909240723,-9.502497673034668,-8.369915962219238,-7.78302001953125,-8.683549880981445,-7.618194103240967,-4.876894474029541,-3.1023216247558594,-1.193404197692871,-0.7584036588668823,-1.807308316230774,-3.447849750518799,-2.0099475383758545,-0.6633849740028381,0.17054541409015656,0.0993037149310112,-0.6375477313995361,-1.892507553100586,-2.8283300399780273,-3.3302578926086426,-3.2960245609283447,-3.140490770339966,-2.841888904571533,-2.7054097652435303,-1.4790759086608887,-0.44433385133743286,-0.5820728540420532,-0.10033944994211197
-7.841755390167236,-8.126705169677734,-8.807722091674805,-9.089072227478027,-9.525776863098145,-9.884217262268066,-10.387869834899902,-10.917410850524902,-11.431596755981445,-11.199921607971191,-11.388855934143066,-10.648548126220703,-10.458078384399414,-9.5174560546875,-8.012007713317871,-9.190078735351562,-9.261701583862305,-7.515685081481934,-7.5103864669799805,-8.257525444030762,-6.558328151702881,-3.4268951416015625,-2.771510601043701,-2.9015557765960693,-2.6554951667785645,-1.0487957000732422,-0.527610719203949,-0.6997749209403992,-0.8206340670585632,-1.2284572124481201,-1.8966680765151978,-2.4658865928649902,-3.400721788406372,-4.769393444061279,-5.339478015899658,-5.7364630699157715,-6.245288372039795,-5.9752044677734375,-5.208564281463623,-3.5918307304382324,-0.6029585599899292,0.9072786569595337,0.9800347685813904
-7.283430576324463,-7.705051422119141,-8.150236129760742,-8.466302871704102,-8.779951095581055,-9.149090766906738,-9.857616424560547,-10.691482543945312,-11.577696800231934,-12.023930549621582,-11.971670150756836,-10.73534870147705,-9.86413860321045,-9.057459831237793,-7.420736789703369,-8.545905113220215,-8.481758117675781,-7.098575592041016,-7.130187511444092,-8.063089370727539,-5.8536882400512695,-2.5104775428771973,-1.6478829383850098,-1.4422523975372314,-0.5527142286300659,0.9477918148040771,0.5887483358383179,-0.6584345698356628,-2.195044755935669,-3.431255578994751,-4.01630973815918,-4.049938678741455,-4.182383060455322,-4.660368919372559,-5.152378559112549,-5.618526458740234,-5.968597412109375,-5.571664810180664,-5.103945732116699,-4.079756736755371,-2.1373510360717773,-0.13056008517742157,0.17661765217781067
-6.97221565246582,-7.72346305847168,-8.108487129211426,-8.705281257629395,-8.932066917419434,-9.165218353271484,-9.583412170410156,-10.655595779418945,-11.779458999633789,-12.559222221374512,-12.193314552307129,-10.999659538269043,-10.039778709411621,-8.528578758239746,-6.609094142913818,-7.386617660522461,-7.917166709899902,-8.166312217712402,-7.285150051116943,-7.887585639953613,-5.828113079071045,-1.6955000162124634,-0.048971548676490784,0.7580345869064331,0.22821107506752014,-1.005694031715393,-1.4850214719772339,-1.0573664903640747,-1.6571869850158691,-1.90128493309021,-2.385446548461914,-3.323026180267334,-3.692775249481201,-3.826738119125366,-3.9260525703430176,-4.1562604904174805,-3.119039535522461,-2.2416481971740723,-2.573397397994995,-2.8730783462524414,-2.741189956665039,-2.1958956718444824,-1.6793253421783447
-7.557863235473633,-8.25245189666748,-8.712972640991211,-9.401042938232422,-9.562050819396973,-9.785382270812988,-10.12366008758545,-11.240887641906738,-12.060039520263672,-12.725651741027832,-12.205535888671875,-11.480740547180176,-10.259344100952148,-7.393618106842041,-5.296243667602539,-5.770628452301025,-7.220850467681885,-8.840974807739258,-7.780875205993652,-7.466972827911377,-6.372112274169922,-2.262847900390625,0.21206818521022797,0.8957996368408203,-0.28276655077934265,-3.0044846534729004,-3.12939453125,-1.233149766921997,-0.2682730555534363,1.315729022026062,2.2174720764160156,1.9105409383773804,0.35779717564582825,-0.27992358803749084,-0.35339489579200745,-0.5029842853546143,-0.19403518736362457,0.4802141785621643,0.09484270960092545,-1.025983452796936,-1.8655599355697632,-2.329752206802368,-2.120100736618042
-8.536834716796875,-8.828398704528809,-9.353450775146484,-9.9513578414917,-10.097085952758789,-10.521706581115723,-11.117230415344238,-11.822816848754883,-12.6132173538208,-13.069344520568848,-12.205872535705566,-11.215221405029297,-9.414087295532227,-7.1169114112854,-5.8710551261901855,-5.753303050994873,-6.631003379821777,-8.547298431396484,-7.9605817794799805,-7.543047904968262,-7.009029865264893,-3.649827718734741,-0.39058807492256165,1.436279535293579,1.646851658821106,-0.6444658637046814,-2.2265801429748535,-1.126387357711792,-0.02274205908179283,1.123879075050354,2.783541440963745,3.8518810272216797,4.3011651039123535,3.984860897064209,3.7579843997955322,3.03118896484375,1.7608989477157593,1.1669479608535767,0.7980321645736694,-0.365116149187088,-1.4465861320495605,-1.9641791582107544,-2.1939637660980225
-8.704649925231934,-8.936078071594238,-9.492420196533203,-10.17786979675293,-10.522788047790527,-10.863412857055664,-11.705758094787598,-12.157872200012207,-12.84768295288086,-13.122258186340332,-11.332118034362793,-9.252209663391113,-6.27942419052124,-6.760212421417236,-7.080641269683838,-6.552431583404541,-5.808710098266602,-8.145752906799316,-8.048876762390137,-8.01867389678955,-7.589344501495361,-4.852513313293457,-2.0006940364837646,1.3863270282745361,3.431816339492798,4.173124313354492,2.1995692253112793,0.6991004347801208,1.0383847951889038,1.0983951091766357,1.6365422010421753,2.3262529373168945,2.852776527404785,3.3696346282958984,2.7896389961242676,1.2634183168411255,-0.9085667133331299,-2.2133679389953613,-2.2356412410736084,-2.386497974395752,-3.1435317993164062,-3.1806490421295166,-3.351518392562866
