data/wind_data/wind_Surface_2.json
{"header": {"parameterUnit": "KT", "parameterCategory": 2, "nx": 255, "ny": 198, "lo1": 44.73521041870117, "la1": -3.236724853515625, "lo2": 111.26478576660156, "la2": 43.468475341796875, "dx": 0.26192745566368103, "dy": -0.23708222806453705, "refTime": "2025-02-19 02:00:00", "forecastTime": 0, "parameterNumber": 3, "parameterNumberName": "northward_wind"}, "data":
[rows 95 to 113 of 198, columns 129 to 171 of 255]
-5.10291051864624,-4.58010196685791,-5.104642391204834,-4.659523010253906,-4.02264404296875,-2.765681028366089,-0.38029390573501587,1.366593837738037,0.10009857267141342,-2.5247137546539307,-3.051776647567749,-1.817603349685669,0.247258722782135,1.7339893579483032,1.5773245096206665,0.4200023114681244,-0.1635720282793045,-0.2573159635066986,-0.8890504837036133,-1.5318405628204346,-1.4917656183242798,-1.3394954204559326,-2.3503425121307373,-3.5496926307678223,-3.39446759223938,-2.869080066680908,-2.759949207305908,-3.3314287662506104,-2.8190855979919434,-2.4246957302093506,-1.6735875606536865,-0.13049691915512085,2.3238275051116943,2.528313636779785,2.925114154815674,3.77396297454834,3.7086453437805176,4.083024024963379,3.69819712638855,2.8977909088134766,2.009707450866699,1.4396750926971436,0.6637070775032043
-5.827589988708496,-4.284362316131592,-4.5355000495910645,-5.288035869598389,-4.714615821838379,-3.3368513584136963,-0.9554412961006165,0.29543522000312805,-1.473650574684143,-4.296975612640381,-4.703160285949707,-3.8339664936065674,-3.1374566555023193,-1.6856625080108643,-0.9217694401741028,-0.8693079948425293,-1.0628401041030884,-1.892891764640808,-2.0247411727905273,-2.6634373664855957,-4.126222133636475,-2.3191957473754883,-1.81270170211792,-3.7561964988708496,-4.541667938232422,-3.875739812850952,-4.274378776550293,-3.3639771938323975,-2.328756809234619,-2.755997657775879,-2.4761829376220703,-0.26728591322898865,2.1766929626464844,3.66983962059021,3.83467173576355,3.9268741607666016,3.874267816543579,4.133602142333984,3.0918519496917725,2.0284276008605957,1.305198073387146,0.6854152083396912,-0.005774089600890875
-5.868130683898926,-5.687129497528076,-5.008068084716797,-5.0958571434021,-5.052346706390381,-4.394556045532227,-2.515493869781494,-1.328904628753662,-2.238879442214966,-4.314316749572754,-4.870254993438721,-4.596035480499268,-4.738851070404053,-4.169957160949707,-3.1637284755706787,-2.6379804611206055,-1.8186088800430298,-2.5705642700195312,-2.762273073196411,-3.159109592437744,-5.909883499145508,-2.4021074771881104,-0.39177170395851135,-2.088960886001587,-3.0235862731933594,-2.698754072189331,-3.095996856689453,-1.5797368288040161,-0.6605972647666931,-1.337925910949707,-1.2004669904708862,-0.029450032860040665,1.8863757848739624,4.049083709716797,3.2600038051605225,2.714186191558838,2.8410613536834717,2.528224468231201,0.5975866317749023,0.04557398334145546,-0.23499247431755066,-0.7750532627105713,-1.4301973581314087
-4.290579319000244,-5.928956985473633,-5.326415538787842,-4.4066081047058105,-4.272684574127197,-4.107152462005615,-3.068103551864624,-1.2243132591247559,-1.7025648355484009,-3.4178037643432617,-4.689932346343994,-4.1492533683776855,-4.077296257019043,-4.243437767028809,-3.4021389484405518,-3.8792049884796143,-3.399115800857544,-3.6563305854797363,-3.2141034603118896,-3.456366539001465,-4.159796714782715,-3.325456380844116,-1.2138701677322388,-0.9357857704162598,-0.8648136854171753,-0.38278496265411377,-0.1781880408525467,0.2696998119354248,0.6821597814559937,1.5003814697265625,0.6233925223350525,-1.0369794368743896,-0.18241533637046814,2.938112735748291,1.869550108909607,0.5787729024887085,-0.35739749670028687,-1.2568020820617676,-1.833782434463501,-0.9411129951477051,-0.6502981781959534,-0.8422083854675293,-1.2853790521621704
-0.8612226247787476,-3.2522733211517334,-3.904106855392456,-3.5114095211029053,-3.3105127811431885,-3.168539524078369,-2.3337249755859375,-0.44188129901885986,-0.16605597734451294,-1.6185071468353271,-4.188258171081543,-4.404595375061035,-2.822754383087158,-2.7171101570129395,-2.9443140029907227,-4.271991729736328,-4.500174522399902,-3.623643398284912,-2.444305896759033,-3.6473159790039062,-3.465520143508911,-3.9823145866394043,-2.040215015411377,-0.9684752225875854,-0.5685555338859558,-0.00043192695011384785,0.9891517758369446,0.5189223885536194,0.7134429812431335,1.5013326406478882,-0.2230876088142395,-2.981799364089966,-2.3136065006256104,0.4209675192832947,-0.1339198350906372,-1.1199513673782349,-2.266052484512329,-2.4100289344787598,-1.6339555978775024,-0.8081064820289612,-0.4031248688697815,-0.17346681654453278,-0.23467670381069183
2.5380353927612305,1.3328558206558228,-0.3550395667552948,-1.71625554561615,-2.7426905632019043,-3.0576655864715576,-2.0479514598846436,-0.1811014711856842,0.8497521877288818,-0.19260144233703613,-3.965898036956787,-6.550753116607666,-6.403214931488037,-5.672139644622803,-5.646317958831787,-5.638501167297363,-5.330826282501221,-3.7716221809387207,-3.2801036834716797,-4.0884013175964355,-4.1503095626831055,-4.3727593421936035,-3.547481060028076,-3.4020891189575195,-2.342790126800537,-1.4799118041992188,-0.39486539363861084,-0.5526372194290161,-0.5458221435546875,-0.4756844937801361,-2.5872604846954346,-5.136836051940918,-4.577138423919678,-2.247537136077881,-1.3866370916366577,-1.5694531202316284,-1.806914210319519,-1.4545432329177856,-1.1207245588302612,-0.7345594763755798,-0.4123593866825104,-0.02086423523724079,0.3143051862716675
2.6325790882110596,3.600508451461792,2.921499729156494,0.5660324692726135,-1.6213350296020508,-2.533508062362671,-2.029513359069824,-0.7458112239837646,0.08222097158432007,-1.0299708843231201,-3.728546380996704,-6.016271591186523,-7.242737770080566,-6.944699287414551,-6.247269153594971,-5.366787910461426,-4.279839992523193,-4.120768070220947,-5.377641201019287,-5.983255863189697,-5.69762659072876,-5.689737319946289,-7.15324068069458,-6.977475166320801,-4.959809303283691,-3.3487799167633057,-2.6376540660858154,-2.4397964477539062,-2.5768518447875977,-2.0761940479278564,-3.155503749847412,-5.083016872406006,-5.407249927520752,-3.627332925796509,-2.949388027191162,-2.9130756855010986,-2.882280111312866,-2.673063278198242,-2.016901731491089,-1.177526593208313,-0.5754135847091675,-0.2505306899547577,0.18835845589637756
-0.8902292251586914,0.4162946045398712,0.5082906484603882,-0.959802508354187,-2.1304707527160645,-2.4201912879943848,-2.003235340118408,-2.0593128204345703,-2.367567777633667,-2.4431965351104736,-2.3764023780822754,-1.1361030340194702,-0.8188719749450684,-2.455291271209717,-3.640106439590454,-4.131223201751709,-3.5028891563415527,-2.674776077270508,-3.435939311981201,-5.829920768737793,-7.143991947174072,-6.743429660797119,-7.564194202423096,-6.8488616943359375,-5.8808770179748535,-4.978386402130127,-4.03858757019043,-3.3684656620025635,-3.298429012298584,-3.191056251525879,-3.2776997089385986,-2.9483659267425537,-3.595954418182373,-3.6798291206359863,-4.052121639251709,-4.2538957595825195,-4.451391696929932,-4.157183647155762,-3.0107486248016357,-2.108482837677002,-1.5315629243850708,-1.1899943351745605,-0.8690564632415771
-4.673509120941162,-4.22080135345459,-3.7104992866516113,-3.5392260551452637,-3.4719395637512207,-2.863433361053467,-1.7842965126037598,-2.030210494995117,-2.5654001235961914,-1.3182628154754639,0.2479742020368576,2.2496652603149414,1.7064969539642334,-1.9023206233978271,-4.772564888000488,-5.531156063079834,-5.2467217445373535,-2.8815250396728516,-0.1254618763923645,-1.955259084701538,-4.588695049285889,-5.076524257659912,-5.142108917236328,-5.15516471862793,-5.081699371337891,-4.903537273406982,-4.1804938316345215,-3.2818853855133057,-3.137172222137451,-3.284442901611328,-3.2449076175689697,-2.0885562896728516,-2.6374661922454834,-3.0904033184051514,-2.9987905025482178,-3.1861050128936768,-3.8154091835021973,-4.062895774841309,-3.4626810550689697,-2.8822410106658936,-2.744978666305542,-2.821376085281372,-2.633143663406372
-5.585793972015381,-5.9491987228393555,-4.882458686828613,-3.5253424644470215,-3.1014766693115234,-3.0281643867492676,-2.1725213527679443,-1.0390352010726929,-0.12968799471855164,1.0216296911239624,2.12813401222229,2.194617748260498,-0.48477688431739807,-4.117311477661133,-6.185258388519287,-6.588521957397461,-5.42128324508667,-3.3277101516723633,-0.018102839589118958,1.2853729724884033,0.8994236588478088,0.021407335996627808,-1.3077669143676758,-2.871641159057617,-3.5319125652313232,-2.8303780555725098,-2.317685604095459,-2.4291839599609375,-2.508035898208618,-2.2786130905151367,-2.305065631866455,-2.5076076984405518,-2.4917564392089844,-2.1139352321624756,-1.7989140748977661,-2.122401475906372,-2.6658520698547363,-3.5029795169830322,-3.5199437141418457,-3.2497096061706543,-3.297271728515625,-3.4460792541503906,-2.998843193054199
-2.7083520889282227,-4.0972700119018555,-3.997001886367798,-2.844994306564331,-2.0826632976531982,-2.700939416885376,-2.838860034942627,-1.2260195016860962,0.6848078966140747,1.5088107585906982,1.9568413496017456,1.5044424533843994,-0.4497411847114563,-2.269127607345581,-3.0852465629577637,-3.0184903144836426,-1.7641290426254272,-0.4506414830684662,0.9164559841156006,3.0459539890289307,4.652865409851074,4.593170642852783,3.848633050918579,2.0583064556121826,-0.5757594704627991,-0.9476566314697266,-0.7309797406196594,-1.2062106132507324,-1.4602792263031006,-1.3044202327728271,-2.1977479457855225,-2.9840385913848877,-2.891860008239746,-2.472870111465454,-2.1315174102783203,-2.4774601459503174,-2.6887824535369873,-3.224996328353882,-3.048858642578125,-2.8717234134674072,-2.6752219200134277,-2.5401246547698975,-2.243319511413574
0.7698109149932861,-1.0938286781311035,-2.5981104373931885,-2.6908535957336426,-1.8527512550354004,-1.4825763702392578,-1.4958821535110474,-1.1415605545043945,-0.3647036850452423,0.6452881097793579,1.3224929571151733,1.5977059602737427,1.9607182741165161,2.00640869140625,2.0022847652435303,2.058366537094116,1.580796480178833,2.1167657375335693,2.7487399578094482,4.134392261505127,4.945608139038086,4.946870803833008,5.260544776916504,4.226850986480713,1.4538981914520264,-1.2415144443511963,-1.959542989730835,-1.8337291479110718,-1.8030611276626587,-2.071371078491211,-2.760815382003784,-2.7683136463165283,-2.6373910903930664,-2.7569549083709717,-3.049473524093628,-3.024243116378784,-2.9561712741851807,-2.8844196796417236,-2.670628309249878,-2.4010469913482666,-2.1025004386901855,-1.6548153162002563,-1.244844675064087
1.6157430410385132,0.26751822233200073,-1.4884330034255981,-2.691193103790283,-2.7187814712524414,-1.3158577680587769,-0.2939800024032593,-0.8153706789016724,-1.2821093797683716,-0.5046806931495667,0.32225337624549866,1.1761969327926636,2.66640043258667,3.6522727012634277,3.796863079071045,3.1143553256988525,2.288862466812134,2.890904188156128,3.040503740310669,3.6993894577026367,3.574491500854492,3.4738190174102783,3.578829050064087,2.979881525039673,2.530916929244995,0.6151361465454102,-0.5148676037788391,-1.2062208652496338,-1.8668789863586426,-2.1161153316497803,-2.057353973388672,-2.003763437271118,-1.6849071979522705,-1.4507917165756226,-2.411677598953247,-2.6592092514038086,-2.375709056854248,-1.9467147588729858,-1.8865140676498413,-1.8926807641983032,-2.2096242904663086,-1.9957503080368042,-1.3825477361679077
0.7259430289268494,0.5602602362632751,-0.26379847526550293,-1.4767431020736694,-2.452284336090088,-2.098299503326416,-1.263788104057312,-0.9985625743865967,-1.1548943519592285,-1.4193779230117798,-1.3723747730255127,-0.7751755714416504,0.14735083281993866,1.330435037612915,2.129138946533203,2.0388193130493164,1.7987536191940308,2.531358480453491,1.6669201850891113,1.34022057056427,1.639274001121521,2.5330777168273926,3.340198040008545,3.7377731800079346,4.127828598022461,4.440525054931641,3.9268553256988525,2.066549062728882,0.584027886390686,-0.3782665431499481,-0.9250613451004028,-1.4208362102508545,-1.2291347980499268,-0.5872156620025635,-1.2958711385726929,-2.1289350986480713,-2.0349645614624023,-1.5072802305221558,-1.3526771068572998,-1.2758790254592896,-1.6151227951049805,-2.0072503089904785,-1.9836188554763794
0.7696641683578491,0.8933417797088623,0.7447742223739624,0.4455115497112274,-0.2627549469470978,-0.9643145799636841,-1.2556225061416626,-0.7479098439216614,-0.47629523277282715,-1.038599967956543,-1.2565879821777344,-1.09075927734375,-0.9350302219390869,-0.07172848284244537,1.5068782567977905,2.0609705448150635,1.6444790363311768,1.6322699785232544,1.1249151229858398,0.4444575011730194,0.254131942987442,1.8152105808258057,3.684455156326294,4.445277690887451,4.673499584197998,4.51826286315918,4.180342674255371,3.6985785961151123,3.2326927185058594,2.4556658267974854,1.1712688207626343,0.14579889178276062,-0.35491809248924255,-0.6194888949394226,-1.3841116428375244,-2.573598861694336,-2.6675972938537598,-2.378169298171997,-2.2412800788879395,-1.9316431283950806,-1.668019413948059,-1.5098590850830078,-1.356427550315857
2.4285311698913574,2.1825454235076904,2.3273210525512695,2.310915946960449,1.6596596240997314,1.1357272863388062,1.6461153030395508,1.9045600891113281,1.5528967380523682,1.148991584777832,1.530899167060852,1.8336416482925415,2.116964340209961,2.2772300243377686,2.518505096435547,2.4118049144744873,2.716538906097412,3.15177321434021,4.089829921722412,4.070438385009766,2.98317551612854,2.4082024097442627,2.7861928939819336,2.930986166000366,2.844137191772461,2.596886396408081,2.6790201663970947,3.3891425132751465,4.142572402954102,4.654567241668701,3.6105639934539795,2.470047950744629,1.4112467765808105,0.29266369342803955,-0.7114187479019165,-2.3262693881988525,-2.8009519577026367,-2.943321466445923,-2.9239938259124756,-2.751798391342163,-2.424715518951416,-2.1051852703094482,-1.366841197013855
3.1275582313537598,3.7626335620880127,3.690735340118408,3.287055253982544,2.617739200592041,2.2071034908294678,3.0629396438598633,3.7922933101654053,4.015237331390381,3.8751256465911865,3.7734904289245605,3.8888535499572754,3.9177541732788086,3.6582090854644775,3.151975631713867,2.937821388244629,3.5996828079223633,4.735222339630127,5.398421287536621,5.456125259399414,4.897197723388672,3.4833970069885254,2.787590503692627,2.7011797428131104,2.0301156044006348,1.923287272453308,1.7180978059768677,1.6706500053405762,2.3744375705718994,3.198272466659546,3.446502923965454,3.0585763454437256,2.342947244644165,1.7265335321426392,1.309044361114502,-0.21656616032123566,-1.7657774686813354,-2.39656662940979,-2.260681629180908,-2.0217957496643066,-1.969407320022583,-2.2953155040740967,-1.882718563079834
1.864187479019165,2.9395055770874023,2.68684720993042,2.5335347652435303,2.76995587348938,2.7915420532226562,2.6789815425872803,2.9644954204559326,3.5652916431427,3.8582687377929688,3.4829094409942627,3.4272401332855225,3.4906318187713623,3.129960775375366,2.826590061187744,2.730438232421875,2.7564163208007812,2.9891302585601807,2.6887030601501465,2.5139966011047363,2.4185662269592285,2.3581597805023193,2.564546823501587,2.9965314865112305,2.5520823001861572,2.053260326385498,1.237743854522705,0.2745629847049713,-0.41249358654022217,0.041929975152015686,1.2011001110076904,1.3161267042160034,1.0881372690200806,1.2095412015914917,1.5714044570922852,0.9746030569076538,-0.7482278943061829,-1.6301398277282715,-1.6953654289245605,-1.5004396438598633,-1.6062233448028564,-2.223572254180908,-2.310079336166382
0.6719066500663757,0.790147602558136,0.7261123061180115,0.8444304466247559,1.452299952507019,1.953667402267456,2.1399104595184326,1.9692691564559937,1.6247612237930298,1.6033313274383545,1.9211353063583374,2.293919086456299,2.6683552265167236,2.7714686393737793,2.343724012374878,1.7611013650894165,1.1749314069747925,0.605789840221405,-0.14576120674610138,-0.5483357310295105,-0.7759138345718384,-0.5851761698722839,0.11343733966350555,1.117282509803772,1.7436386346817017,1.805093765258789,1.4273319244384766,0.12904639542102814,-1.486689567565918,-1.9697819948196411,-1.387287974357605,-1.071831464767456,-0.8706699013710022,-0.6681510806083679,-0.3177076578140259,-0.08188381791114807,-0.6000767350196838,-1.513418436050415,-2.0925328731536865,-2.043278694152832,-2.2852590084075928,-3.100994825363159,-3.481152296066284
