data/wind_data/wind_42_8.json
{"header": {"parameterUnit": "KT", "parameterCategory": 2, "nx": 256, "ny": 198, "lo1": 44.73521041870117, "la1": -3.236724853515625, "lo2": 111.26478576660156, "la2": 43.468475341796875, "dx": 0.2609002888202667, "dy": -0.23708222806453705, "refTime": "2025-02-20 18:00:00", "forecastTime": 0, "parameterNumber": 2, "parameterNumberName": "eastward_wind"}, "data":
[rows 38 to 56 of 198, columns 0 to 43 of 256]
-4.917166709899902,-7.218702793121338,-8.905431747436523,-10.050414085388184,-10.495340347290039,-10.570751190185547,-9.84935474395752,-9.107400894165039,-9.268917083740234,-9.650590896606445,-10.091361045837402,-10.597967147827148,-11.412384033203125,-12.56169605255127,-13.508451461791992,-13.63662338256836,-13.004894256591797,-12.313051223754883,-12.04603385925293,-12.249662399291992,-12.785265922546387,-13.44811725616455,-14.078027725219727,-14.612608909606934,-15.007411003112793,-15.081215858459473,-14.866610527038574,-14.529824256896973,-14.072137832641602,-13.358380317687988,-12.52182674407959,-11.77138614654541,-11.164057731628418,-10.653985023498535,-10.12278938293457,-9.657651901245117,-9.208428382873535,-8.695473670959473,-8.15881633758545,-7.615975379943848,-7.014203071594238,-6.350121021270752,-5.691854953765869,-4.914838790893555
-5.27897834777832,-8.022568702697754,-9.121827125549316,-10.317559242248535,-11.166501998901367,-10.527039527893066,-9.283151626586914,-8.159536361694336,-8.129475593566895,-8.394214630126953,-8.810763359069824,-9.370734214782715,-10.419414520263672,-11.80074405670166,-12.95688247680664,-13.52556324005127,-13.49463176727295,-13.085996627807617,-12.666897773742676,-12.38399887084961,-12.391400337219238,-12.854377746582031,-13.498549461364746,-14.175592422485352,-14.888116836547852,-15.348419189453125,-15.295015335083008,-14.902899742126465,-14.373507499694824,-13.649323463439941,-12.842973709106445,-12.107890129089355,-11.535778045654297,-11.126328468322754,-10.790324211120605,-10.246442794799805,-9.6903076171875,-9.218851089477539,-8.897711753845215,-8.613415718078613,-8.354453086853027,-7.926347732543945,-7.3391032218933105,-6.692434310913086
-5.467475414276123,-7.901597499847412,-8.900638580322266,-10.63713264465332,-11.589327812194824,-10.47355842590332,-9.273046493530273,-8.187893867492676,-7.737314701080322,-7.541465759277344,-7.965768337249756,-8.728657722473145,-9.925905227661133,-11.295785903930664,-12.360403060913086,-13.074323654174805,-13.55750560760498,-13.650701522827148,-13.280027389526367,-12.75650405883789,-12.52908992767334,-12.829848289489746,-13.456633567810059,-14.241707801818848,-15.185394287109375,-15.946039199829102,-16.028432846069336,-15.506124496459961,-14.810078620910645,-14.098382949829102,-13.443512916564941,-12.826533317565918,-12.279078483581543,-11.954263687133789,-11.687979698181152,-11.225605010986328,-10.592901229858398,-9.911547660827637,-9.539259910583496,-9.40017032623291,-9.292917251586914,-9.009973526000977,-8.451177597045898,-7.890225410461426
-5.395604610443115,-7.09576416015625,-8.102057456970215,-10.414037704467773,-11.566901206970215,-10.287270545959473,-9.1803617477417,-8.33536148071289,-7.622745037078857,-7.184601783752441,-7.532342433929443,-8.503161430358887,-9.757716178894043,-10.895748138427734,-11.733960151672363,-12.501428604125977,-13.340907096862793,-13.950758934020996,-14.010111808776855,-13.623820304870605,-13.294604301452637,-13.449013710021973,-14.082545280456543,-14.949810028076172,-15.940677642822266,-16.75551986694336,-16.83851432800293,-16.305816650390625,-15.604872703552246,-14.9487943649292,-14.371100425720215,-13.793463706970215,-13.361227035522461,-13.15123176574707,-12.959818840026855,-12.615328788757324,-11.930990219116211,-11.118614196777344,-10.476898193359375,-10.219061851501465,-10.032733917236328,-9.768291473388672,-9.372249603271484,-8.901071548461914
-4.679874897003174,-6.753655910491943,-7.649147033691406,-9.46912956237793,-10.832389831542969,-10.320762634277344,-9.256486892700195,-8.322284698486328,-7.460538864135742,-7.082762241363525,-7.462773323059082,-8.541550636291504,-9.75888442993164,-10.709449768066406,-11.396199226379395,-12.085638999938965,-13.161890983581543,-14.335150718688965,-14.973180770874023,-14.889100074768066,-14.522385597229004,-14.45975399017334,-14.936086654663086,-15.818231582641602,-16.922061920166016,-17.66326141357422,-17.670808792114258,-17.22740936279297,-16.573806762695312,-15.90273666381836,-15.411700248718262,-15.085833549499512,-14.823404312133789,-14.580042839050293,-14.39236068725586,-14.102815628051758,-13.447190284729004,-12.633703231811523,-11.85041618347168,-11.343921661376953,-10.793353080749512,-10.352261543273926,-10.047126770019531,-9.70345401763916
-3.793437957763672,-6.515196323394775,-7.382883548736572,-8.529657363891602,-10.101677894592285,-10.528468132019043,-9.298709869384766,-8.352189064025879,-7.6362433433532715,-7.444478511810303,-7.792365074157715,-8.66550064086914,-9.793227195739746,-10.77287769317627,-11.391984939575195,-12.078798294067383,-13.206783294677734,-14.69698715209961,-15.810708999633789,-16.146005630493164,-15.938935279846191,-15.780486106872559,-16.069652557373047,-16.73430061340332,-17.610044479370117,-18.214393615722656,-18.234973907470703,-17.83357048034668,-17.142244338989258,-16.453140258789062,-16.10079574584961,-16.02107810974121,-15.915081024169922,-15.702013969421387,-15.500510215759277,-15.216644287109375,-14.74120044708252,-14.133131980895996,-13.337478637695312,-12.514894485473633,-11.71242904663086,-10.99061393737793,-10.459053993225098,-10.078516960144043
-3.2939465045928955,-5.551116466522217,-6.5272722244262695,-8.221771240234375,-10.42369556427002,-10.621004104614258,-9.492459297180176,-8.742459297180176,-8.435527801513672,-8.518280982971191,-8.73620319366455,-9.122456550598145,-9.883596420288086,-10.871047973632812,-11.573582649230957,-12.27136516571045,-13.417013168334961,-14.967634201049805,-16.341487884521484,-17.04695701599121,-17.07842254638672,-16.934778213500977,-17.059755325317383,-17.411067962646484,-17.876541137695312,-18.270606994628906,-18.29140853881836,-17.94927978515625,-17.298526763916016,-16.538267135620117,-16.051450729370117,-15.93261432647705,-16.013938903808594,-16.10890007019043,-15.994124412536621,-15.749014854431152,-15.382192611694336,-14.92729377746582,-14.33983039855957,-13.568053245544434,-12.508415222167969,-11.4728422164917,-10.757917404174805,-10.38955307006836
-2.8334319591522217,-5.479060649871826,-6.311685562133789,-8.672636032104492,-11.067933082580566,-10.664464950561523,-10.045889854431152,-9.469217300415039,-9.396121978759766,-9.6046724319458,-9.80720329284668,-9.881539344787598,-10.180044174194336,-10.896402359008789,-11.629714012145996,-12.359787940979004,-13.497199058532715,-14.979708671569824,-16.2668514251709,-16.972362518310547,-17.322132110595703,-17.504562377929688,-17.564895629882812,-17.601720809936523,-17.71611213684082,-17.86187171936035,-17.85718536376953,-17.59139060974121,-16.919052124023438,-16.099681854248047,-15.574469566345215,-15.348647117614746,-15.426417350769043,-15.733253479003906,-15.90030574798584,-15.749574661254883,-15.402462005615234,-15.081239700317383,-14.615674018859863,-13.81828498840332,-12.73719310760498,-11.67409610748291,-10.843801498413086,-10.518538475036621
-2.2088065147399902,-5.732956409454346,-6.964505195617676,-9.466553688049316,-11.606316566467285,-10.79946517944336,-10.420455932617188,-10.002972602844238,-9.909605979919434,-10.04903507232666,-10.190104484558105,-10.162700653076172,-10.302837371826172,-10.930320739746094,-11.727618217468262,-12.476197242736816,-13.575617790222168,-14.843287467956543,-15.655068397521973,-16.014394760131836,-16.357650756835938,-16.755552291870117,-16.920499801635742,-16.873579025268555,-16.83892250061035,-16.941347122192383,-17.07746124267578,-16.84444808959961,-16.13192367553711,-15.451874732971191,-15.151314735412598,-14.9410400390625,-14.813701629638672,-15.037385940551758,-15.301633834838867,-15.301168441772461,-15.0540771484375,-14.599557876586914,-14.02669906616211,-13.249914169311523,-12.215803146362305,-11.160510063171387,-10.42834758758545,-10.163782119750977
-1.5852333307266235,-5.61110258102417,-7.149927139282227,-9.774358749389648,-12.05189037322998,-10.8927583694458,-10.469965934753418,-9.951139450073242,-9.720577239990234,-9.748862266540527,-9.8778076171875,-9.996402740478516,-10.096542358398438,-10.433698654174805,-11.282659530639648,-12.473198890686035,-13.52353286743164,-14.385954856872559,-14.694563865661621,-14.808197021484375,-14.995012283325195,-15.245692253112793,-15.471708297729492,-15.49428653717041,-15.516507148742676,-15.75701904296875,-16.0640811920166,-16.00282096862793,-15.556190490722656,-15.132406234741211,-14.899752616882324,-14.702746391296387,-14.553746223449707,-14.494098663330078,-14.460173606872559,-14.359601020812988,-14.085649490356445,-13.618754386901855,-13.029937744140625,-12.152344703674316,-11.059244155883789,-10.028400421142578,-9.441591262817383,-9.267836570739746
-0.9906082153320312,-4.2584333419799805,-6.277191638946533,-9.144712448120117,-11.61425495147705,-10.96601390838623,-10.343927383422852,-9.524561882019043,-8.959768295288086,-8.8255033493042,-9.086736679077148,-9.582054138183594,-9.91826057434082,-10.087799072265625,-10.671749114990234,-11.979924201965332,-13.114706993103027,-13.594801902770996,-13.596752166748047,-13.691818237304688,-13.920733451843262,-14.001497268676758,-14.073190689086914,-14.145966529846191,-14.245123863220215,-14.482233047485352,-14.880382537841797,-15.195363998413086,-15.17923355102539,-14.939642906188965,-14.7064208984375,-14.525347709655762,-14.287762641906738,-13.957319259643555,-13.611802101135254,-13.21738338470459,-12.775859832763672,-12.3206205368042,-11.702289581298828,-10.861071586608887,-9.82823657989502,-8.815741539001465,-8.147418975830078,-7.970263957977295
-0.5698497891426086,-3.205965042114258,-4.861895561218262,-7.520481109619141,-10.031683921813965,-10.119229316711426,-9.861858367919922,-9.182183265686035,-8.42629623413086,-8.04478645324707,-8.213653564453125,-8.918540000915527,-9.631625175476074,-9.994974136352539,-10.44926929473877,-11.467952728271484,-12.508155822753906,-12.82625961303711,-12.670226097106934,-12.726200103759766,-13.060649871826172,-13.285103797912598,-13.329168319702148,-13.366436004638672,-13.448984146118164,-13.548914909362793,-13.768507957458496,-14.106645584106445,-14.316856384277344,-14.291990280151367,-14.13129711151123,-13.897456169128418,-13.578682899475098,-13.14483642578125,-12.574882507324219,-11.932676315307617,-11.36770248413086,-10.89237117767334,-10.297577857971191,-9.554762840270996,-8.670047760009766,-7.735586166381836,-7.012674331665039,-6.72990608215332
-0.4469166398048401,-1.454949140548706,-2.447420835494995,-4.766787052154541,-7.572676658630371,-7.942403316497803,-8.523392677307129,-8.556670188903809,-8.131712913513184,-7.701625347137451,-7.603492736816406,-8.082398414611816,-8.941411018371582,-9.664410591125488,-10.22110652923584,-10.967901229858398,-11.800455093383789,-12.1771240234375,-12.127754211425781,-12.103686332702637,-12.313007354736328,-12.7109375,-12.956509590148926,-13.023229598999023,-13.026424407958984,-12.956822395324707,-12.845924377441406,-12.821070671081543,-12.928678512573242,-13.033978462219238,-13.057234764099121,-12.915595054626465,-12.606983184814453,-12.066466331481934,-11.275519371032715,-10.397064208984375,-9.657258987426758,-9.08646011352539,-8.510193824768066,-7.908788681030273,-7.247145175933838,-6.609050273895264,-6.116869926452637,-5.796699047088623
-0.3696683943271637,2.339578151702881,0.7861254215240479,-1.5336488485336304,-4.984542369842529,-5.6234588623046875,-6.400873184204102,-7.14177131652832,-7.448631286621094,-7.430473327636719,-7.261189937591553,-7.364076614379883,-7.9390869140625,-8.618414878845215,-9.274797439575195,-10.064973831176758,-10.850189208984375,-11.410639762878418,-11.64982795715332,-11.718851089477539,-11.784721374511719,-11.938881874084473,-12.049564361572266,-11.993180274963379,-11.909381866455078,-11.787267684936523,-11.523324012756348,-11.223820686340332,-11.138570785522461,-11.34902286529541,-11.684332847595215,-11.879844665527344,-11.68385124206543,-11.026921272277832,-10.098383903503418,-9.007279396057129,-7.912867546081543,-7.018908500671387,-6.35978364944458,-5.825293064117432,-5.301473617553711,-4.891195774078369,-4.629831790924072,-4.477325439453125
-0.3298812508583069,3.923527717590332,2.548990249633789,0.6527019739151001,-2.948472499847412,-3.8166518211364746,-4.4272050857543945,-5.2667317390441895,-6.026449203491211,-6.529796600341797,-6.66524076461792,-6.754055023193359,-7.1008124351501465,-7.573639392852783,-8.164124488830566,-9.022258758544922,-9.8773775100708,-10.488874435424805,-10.7484712600708,-10.70536994934082,-10.532125473022461,-10.314377784729004,-10.130060195922852,-9.97388744354248,-9.871479988098145,-9.81863784790039,-9.725356101989746,-9.633790969848633,-9.73033618927002,-10.071599960327148,-10.564255714416504,-10.914971351623535,-10.830323219299316,-10.190081596374512,-9.112532615661621,-7.867230415344238,-6.579660892486572,-5.384286880493164,-4.463250160217285,-3.8005788326263428,-3.2658286094665527,-2.875180721282959,-2.6776282787323,-2.6503679752349854
0.06260959804058075,0.4399466812610626,1.2407273054122925,0.43870311975479126,-2.588582992553711,-2.640896797180176,-2.895179271697998,-3.3872556686401367,-4.055350303649902,-4.706668376922607,-5.196602821350098,-5.587227821350098,-6.066802024841309,-6.629089832305908,-7.211822986602783,-7.8841118812561035,-8.546064376831055,-8.941327095031738,-8.960688591003418,-8.68352222442627,-8.275101661682129,-7.854687690734863,-7.603072166442871,-7.569687843322754,-7.6541643142700195,-7.750856399536133,-7.905436038970947,-8.27387523651123,-8.858732223510742,-9.495408058166504,-9.935951232910156,-10.086106300354004,-9.866466522216797,-9.203145027160645,-8.080302238464355,-6.77450704574585,-5.498707294464111,-4.277958393096924,-3.1929855346679688,-2.3113186359405518,-1.6420525312423706,-1.129455327987671,-0.8684322834014893,-0.8707042932510376
0.9916473627090454,0.2776968479156494,0.4250858426094055,-0.3645600378513336,-2.6808574199676514,-1.6022251844406128,-1.448828101158142,-1.6385083198547363,-2.0829102993011475,-2.6273655891418457,-3.1666910648345947,-3.687617301940918,-4.213364601135254,-4.7571306228637695,-5.283701419830322,-5.763932704925537,-6.164356708526611,-6.3477349281311035,-6.254742622375488,-5.914348125457764,-5.445518970489502,-5.094277381896973,-5.100478649139404,-5.516264915466309,-6.205689430236816,-6.875921249389648,-7.360964298248291,-7.877146244049072,-8.577847480773926,-9.25321102142334,-9.487606048583984,-9.10195541381836,-8.369606018066406,-7.46302604675293,-6.359228134155273,-5.2055182456970215,-4.173220634460449,-3.1971435546875,-2.2835493087768555,-1.4053527116775513,-0.6150025725364685,0.00020171361393295228,0.40104562044143677,0.5816453099250793
1.681148886680603,0.6302512288093567,0.3558037281036377,-0.508507251739502,-1.8531674146652222,-0.31215542554855347,-0.09209658950567245,-0.10767955332994461,-0.35225823521614075,-0.6210636496543884,-0.9522744417190552,-1.4090837240219116,-1.8973137140274048,-2.30562424659729,-2.5801596641540527,-2.7487475872039795,-2.860250949859619,-3.003669500350952,-3.139803647994995,-3.125046968460083,-3.0291905403137207,-3.091517686843872,-3.6245789527893066,-4.6282057762146,-5.744722366333008,-6.632033348083496,-7.157202243804932,-7.548446178436279,-8.128745079040527,-8.742218017578125,-8.838207244873047,-8.033446311950684,-6.736476421356201,-5.479685306549072,-4.321796894073486,-3.202923059463501,-2.253281831741333,-1.5506854057312012,-1.0653510093688965,-0.5790972709655762,0.0713532567024231,0.7451083064079285,1.2568188905715942,1.5188074111938477
1.9994994401931763,1.471460223197937,1.0239790678024292,0.032290540635585785,-0.2753828763961792,1.199898600578308,1.3714057207107544,1.4031531810760498,1.419863224029541,1.5066219568252563,1.494633674621582,1.1449273824691772,0.637796938419342,0.34523820877075195,0.26682862639427185,0.2679395377635956,0.28472158312797546,0.13488136231899261,-0.26049572229385376,-0.632487952709198,-0.9503304362297058,-1.332298994064331,-1.9249989986419678,-2.6680355072021484,-3.34118390083313,-3.8180525302886963,-4.115077018737793,-4.236684322357178,-4.4742889404296875,-5.134857177734375,-5.923131942749023,-5.951411724090576,-5.047685146331787,-3.7522506713867188,-2.5330708026885986,-1.4800031185150146,-0.5845316648483276,0.1570531129837036,0.6486036777496338,1.0269489288330078,1.3587617874145508,1.7424023151397705,2.131657600402832,2.3561596870422363
