data/wind_data/wind_Surface_21.json
{"header": {"parameterUnit": "KT", "parameterCategory": 2, "nx": 255, "ny": 198, "lo1": 44.73521041870117, "la1": -3.236724853515625, "lo2": 111.26478576660156, "la2": 43.468475341796875, "dx": 0.26192745566368103, "dy": -0.23708222806453705, "refTime": "2025-02-19 21:00:00", "forecastTime": 0, "parameterNumber": 2, "parameterNumberName": "eastward_wind"}, "data":
[rows 19 to 37 of 198, columns 43 to 85 of 255]
-11.138375282287598,-10.540970802307129,-10.28203296661377,-10.572563171386719,-10.692723274230957,-10.737443923950195,-10.831991195678711,-11.000103950500488,-11.045085906982422,-10.693268775939941,-10.114084243774414,-9.567098617553711,-9.25406551361084,-9.133523941040039,-9.045793533325195,-9.131006240844727,-9.3555326461792,-9.351225852966309,-9.09015941619873,-8.719833374023438,-8.185388565063477,-7.670933246612549,-7.475144863128662,-6.872841835021973,-5.162835597991943,-4.322772026062012,-6.458895683288574,-7.514432907104492,-6.552915573120117,-5.799722194671631,-4.418088436126709,-4.822739601135254,-6.160679817199707,-5.3715386390686035,-4.0573601722717285,-4.01553201675415,-5.238694190979004,-6.051764488220215,-5.773344039916992,-5.919788837432861,-5.887639045715332,-5.167137622833252,-4.4785943031311035
-11.460758209228516,-11.316887855529785,-10.50557804107666,-10.42369270324707,-10.88917350769043,-11.050747871398926,-11.431735038757324,-11.722092628479004,-11.74964714050293,-11.421679496765137,-10.825860977172852,-10.236287117004395,-9.737269401550293,-9.348189353942871,-9.200246810913086,-9.336247444152832,-9.699355125427246,-9.88155460357666,-9.528958320617676,-8.880956649780273,-8.584166526794434,-8.771650314331055,-8.858062744140625,-7.8676605224609375,-5.959568500518799,-6.0900774002075195,-7.414901256561279,-5.63834285736084,-3.719910144805908,-5.191884517669678,-5.853937149047852,-4.685566425323486,-5.480856895446777,-6.1856689453125,-5.356729984283447,-5.370312690734863,-5.688647747039795,-5.7787184715271,-6.010077953338623,-6.398300647735596,-6.287654876708984,-5.688946723937988,-5.419163703918457
-11.978293418884277,-11.332064628601074,-10.788786888122559,-10.418553352355957,-10.746228218078613,-10.89673900604248,-11.273234367370605,-11.890127182006836,-12.270715713500977,-12.26695728302002,-11.687734603881836,-10.83279800415039,-10.1210298538208,-9.752978324890137,-9.497614860534668,-9.296224594116211,-9.389126777648926,-9.837801933288574,-9.991341590881348,-9.494109153747559,-8.801332473754883,-8.64044189453125,-8.787928581237793,-8.260689735412598,-6.87952184677124,-6.212079048156738,-5.848641395568848,-5.918627738952637,-6.733587265014648,-6.440938949584961,-6.427491188049316,-6.121926784515381,-4.8479509353637695,-4.788572788238525,-5.643340110778809,-6.0028276443481445,-6.0128984451293945,-6.3968892097473145,-6.869858741760254,-6.881582736968994,-6.371041297912598,-5.786600589752197,-5.587796688079834
-12.783621788024902,-11.970159530639648,-11.142655372619629,-10.524681091308594,-10.642565727233887,-10.801270484924316,-11.042125701904297,-12.024189949035645,-12.529095649719238,-12.777566909790039,-12.857926368713379,-12.122926712036133,-10.793821334838867,-9.948471069335938,-9.673517227172852,-9.413628578186035,-9.229889869689941,-9.556652069091797,-9.89461898803711,-9.874772071838379,-9.301739692687988,-8.341978073120117,-8.043207168579102,-8.286354064941406,-7.881619453430176,-6.792660236358643,-5.877247333526611,-6.780832290649414,-7.927730560302734,-6.707983493804932,-5.850592613220215,-5.857354640960693,-4.936094284057617,-4.637979507446289,-5.3991289138793945,-5.585324764251709,-5.747802734375,-6.73654317855835,-7.179525852203369,-6.950157642364502,-6.527185440063477,-5.672052383422852,-4.890927314758301
-12.754311561584473,-12.818620681762695,-11.959352493286133,-10.212334632873535,-10.071126937866211,-10.815828323364258,-11.327488899230957,-12.174844741821289,-13.061539649963379,-13.455947875976562,-13.666954040527344,-13.3876371383667,-12.170608520507812,-10.693828582763672,-9.778982162475586,-9.387032508850098,-9.395018577575684,-9.765739440917969,-9.941335678100586,-9.817474365234375,-9.841314315795898,-9.331928253173828,-8.452653884887695,-8.133781433105469,-8.529415130615234,-8.527027130126953,-7.273223876953125,-6.351070880889893,-6.805355548858643,-7.035818576812744,-6.26785135269165,-5.243900775909424,-4.950755596160889,-5.60609769821167,-6.281766891479492,-5.762131690979004,-5.134099960327148,-6.268199920654297,-7.136033535003662,-6.922141075134277,-6.584838390350342,-5.881070613861084,-4.890424728393555
-8.615754127502441,-13.237699508666992,-13.704841613769531,-9.359267234802246,-7.416397571563721,-9.887911796569824,-12.182356834411621,-12.830218315124512,-13.374773025512695,-13.841161727905273,-13.789057731628418,-13.589844703674316,-13.083562850952148,-12.205811500549316,-10.666715621948242,-9.480554580688477,-9.540115356445312,-10.109661102294922,-10.398633003234863,-10.264437675476074,-9.767426490783691,-9.758718490600586,-9.786843299865723,-9.243602752685547,-8.785721778869629,-8.602498054504395,-7.678328037261963,-6.693719863891602,-6.985361576080322,-6.947165489196777,-6.431263446807861,-5.982913494110107,-6.021766185760498,-6.548061847686768,-6.900575160980225,-6.521997451782227,-5.658944129943848,-5.868565082550049,-6.699800491333008,-6.683149337768555,-6.201221466064453,-5.971107006072998,-5.99196195602417
-7.258021354675293,-12.31067943572998,-14.141779899597168,-9.98952579498291,-5.608530044555664,-7.161297798156738,-10.504627227783203,-12.513786315917969,-13.758639335632324,-14.190451622009277,-13.961222648620605,-13.710448265075684,-13.58503532409668,-12.786415100097656,-11.293045997619629,-10.087699890136719,-9.91209602355957,-10.49051570892334,-10.866729736328125,-10.50705337524414,-9.544466018676758,-9.331689834594727,-9.748725891113281,-10.034894943237305,-9.86660099029541,-8.833020210266113,-7.8281989097595215,-7.137190818786621,-6.5580902099609375,-6.616517543792725,-7.003883361816406,-6.907292366027832,-6.812032699584961,-6.948388576507568,-6.780645370483398,-6.627651691436768,-6.5311174392700195,-6.266605377197266,-6.2614922523498535,-6.326508045196533,-6.04703426361084,-5.788035869598389,-6.156761169433594
-10.30695629119873,-12.692110061645508,-13.210685729980469,-11.345906257629395,-8.081418991088867,-6.1805620193481445,-7.017268657684326,-10.166858673095703,-12.920486450195312,-14.16997241973877,-13.98310375213623,-13.753925323486328,-13.5128173828125,-12.378555297851562,-10.385574340820312,-9.318379402160645,-10.110126495361328,-11.424192428588867,-11.575859069824219,-10.4330415725708,-9.010254859924316,-8.925419807434082,-9.835460662841797,-10.105782508850098,-10.055015563964844,-9.77556324005127,-8.868414878845215,-8.053482055664062,-7.706690311431885,-7.541269779205322,-7.410867214202881,-7.264886379241943,-7.142758846282959,-7.261274337768555,-7.302665710449219,-7.007598876953125,-6.70339822769165,-6.4691853523254395,-6.30473518371582,-6.301943302154541,-6.118644714355469,-5.8540496826171875,-5.85252046585083
-9.677190780639648,-11.35550308227539,-11.461349487304688,-10.536653518676758,-8.910175323486328,-7.97600793838501,-8.432475090026855,-8.95463752746582,-9.94456958770752,-11.926305770874023,-14.284185409545898,-14.565444946289062,-13.256010055541992,-11.640414237976074,-9.30927562713623,-6.833735466003418,-7.984323024749756,-11.478752136230469,-12.127787590026855,-10.415108680725098,-9.111126899719238,-9.353705406188965,-9.982891082763672,-9.74229907989502,-9.665153503417969,-9.87722110748291,-9.689173698425293,-8.924769401550293,-8.178093910217285,-7.6864142417907715,-7.071969032287598,-7.040464401245117,-7.3862996101379395,-7.479023456573486,-7.456236362457275,-7.218693256378174,-6.803321838378906,-6.57413911819458,-6.456740856170654,-6.320652484893799,-6.11012077331543,-5.820865631103516,-5.601866722106934
-8.924882888793945,-9.363802909851074,-9.3291597366333,-9.089960098266602,-8.705543518066406,-8.859781265258789,-9.112053871154785,-9.579015731811523,-8.523801803588867,-9.114067077636719,-13.7825345993042,-15.588220596313477,-13.400012969970703,-11.223785400390625,-9.024345397949219,-5.5037665367126465,-5.303173065185547,-9.385987281799316,-11.442170143127441,-10.210826873779297,-9.67120361328125,-10.433303833007812,-10.522253036499023,-9.67595386505127,-9.252882957458496,-9.428882598876953,-9.686556816101074,-9.48623275756836,-8.761313438415527,-7.752291679382324,-7.097755432128906,-6.885015964508057,-7.055904865264893,-7.360610485076904,-7.552675724029541,-7.526054859161377,-7.062119483947754,-6.549316883087158,-6.209496021270752,-6.104374885559082,-6.095911026000977,-5.940544128417969,-5.587871074676514
-8.978878021240234,-9.137781143188477,-8.639168739318848,-8.914413452148438,-9.697713851928711,-9.83546257019043,-9.334096908569336,-9.242494583129883,-9.744539260864258,-11.117181777954102,-14.025460243225098,-14.821682929992676,-12.67565631866455,-10.928852081298828,-9.639717102050781,-7.8426713943481445,-7.680037021636963,-8.978753089904785,-9.001044273376465,-8.244827270507812,-8.795907020568848,-10.764921188354492,-11.377608299255371,-10.097916603088379,-9.155106544494629,-9.135934829711914,-9.587060928344727,-9.610467910766602,-8.984151840209961,-8.058321952819824,-7.123839855194092,-6.750726699829102,-7.038404941558838,-7.151850700378418,-7.073190212249756,-7.064149856567383,-6.935744285583496,-6.478710651397705,-5.832397937774658,-5.73164701461792,-5.907041549682617,-5.95985221862793,-5.9812397956848145
-9.81143569946289,-10.475668907165527,-9.830657958984375,-9.438865661621094,-10.21359634399414,-10.816916465759277,-10.704788208007812,-10.53610610961914,-10.603511810302734,-11.374106407165527,-12.88064193725586,-13.278093338012695,-12.259000778198242,-10.879430770874023,-9.560778617858887,-9.154372215270996,-9.809439659118652,-9.949892044067383,-7.210511207580566,-4.260581016540527,-6.022310256958008,-10.137418746948242,-12.12986946105957,-11.29688835144043,-9.60735034942627,-9.370087623596191,-9.808276176452637,-9.621435165405273,-9.02077579498291,-8.464641571044922,-7.564247131347656,-6.826929569244385,-6.95096492767334,-7.249284267425537,-6.996595859527588,-6.647291660308838,-6.453078269958496,-6.202141761779785,-5.82069206237793,-5.588043689727783,-5.887381076812744,-6.205417633056641,-6.396611213684082
-10.099085807800293,-10.926992416381836,-10.130165100097656,-9.676376342773438,-10.551424026489258,-11.102665901184082,-10.975921630859375,-11.104355812072754,-11.17362117767334,-10.98695182800293,-11.49736499786377,-12.190308570861816,-11.890176773071289,-10.562146186828613,-9.353592872619629,-9.406767845153809,-9.861103057861328,-8.577751159667969,-5.983571529388428,-3.841975212097168,-5.5536065101623535,-9.74460220336914,-12.38952922821045,-12.341031074523926,-10.69646167755127,-9.931153297424316,-9.6839599609375,-9.6035737991333,-9.516369819641113,-8.909587860107422,-7.97695779800415,-7.522568225860596,-7.456757068634033,-7.43153190612793,-7.090260028839111,-6.743063926696777,-6.884639739990234,-6.735795021057129,-6.1807780265808105,-5.739475727081299,-5.959064960479736,-6.415599346160889,-6.635407447814941
-9.890643119812012,-10.485254287719727,-10.431195259094238,-10.17628288269043,-10.902458190917969,-11.484034538269043,-11.113953590393066,-10.952406883239746,-11.236408233642578,-11.9719877243042,-12.623573303222656,-12.09697437286377,-11.260066032409668,-10.413121223449707,-9.778678894042969,-10.162686347961426,-9.960875511169434,-8.042427062988281,-6.73515510559082,-7.394590377807617,-7.922577857971191,-8.532280921936035,-11.88021183013916,-13.449950218200684,-11.835430145263672,-10.897969245910645,-9.9610013961792,-9.514837265014648,-9.49538803100586,-8.93320083618164,-8.113969802856445,-7.913536071777344,-7.879053592681885,-7.682357311248779,-7.4631547927856445,-7.064991474151611,-6.707079887390137,-6.6532793045043945,-6.471816539764404,-5.959441184997559,-5.9793877601623535,-6.228971481323242,-6.462222099304199
-9.903725624084473,-10.456618309020996,-10.552545547485352,-10.182218551635742,-10.913355827331543,-11.821332931518555,-11.68408203125,-11.601753234863281,-11.498311996459961,-11.545635223388672,-11.839584350585938,-11.688956260681152,-11.241398811340332,-10.730247497558594,-10.177027702331543,-9.61230182647705,-9.008764266967773,-8.070647239685059,-7.400394916534424,-7.380978584289551,-6.913352012634277,-8.344423294067383,-13.240373611450195,-14.429343223571777,-12.528244018554688,-11.155956268310547,-9.810527801513672,-9.544660568237305,-9.674099922180176,-9.399040222167969,-8.702364921569824,-8.426492691040039,-8.269638061523438,-8.04825210571289,-7.976779937744141,-7.511906147003174,-6.611838340759277,-6.273448944091797,-6.734030723571777,-6.6837639808654785,-6.463278770446777,-6.484150409698486,-6.5757622718811035
-10.001452445983887,-10.618941307067871,-10.439915657043457,-10.06572151184082,-10.689445495605469,-11.440690040588379,-11.787989616394043,-11.947826385498047,-11.610733985900879,-10.855941772460938,-10.272345542907715,-10.622492790222168,-11.278677940368652,-11.062070846557617,-10.129465103149414,-8.973607063293457,-7.827728748321533,-6.462995529174805,-4.986969470977783,-4.7316575050354,-7.3351006507873535,-10.65137004852295,-12.946637153625488,-13.828482627868652,-12.695135116577148,-10.872554779052734,-9.48664379119873,-9.570831298828125,-10.086030006408691,-9.848454475402832,-9.319385528564453,-9.175772666931152,-8.65391731262207,-8.196348190307617,-8.37519645690918,-8.100889205932617,-7.093593597412109,-6.122941493988037,-6.203872203826904,-6.876566410064697,-6.890872478485107,-6.526021480560303,-6.523513317108154
-9.695749282836914,-10.285539627075195,-9.894233703613281,-10.002187728881836,-10.641617774963379,-10.9191312789917,-11.6546630859375,-12.069799423217773,-12.084564208984375,-11.422053337097168,-10.401938438415527,-10.164080619812012,-10.884369850158691,-11.088423728942871,-10.243718147277832,-9.062851905822754,-7.671339511871338,-5.894028663635254,-4.219823837280273,-4.678967475891113,-8.989874839782715,-12.670994758605957,-12.777064323425293,-12.166706085205078,-11.179666519165039,-9.157123565673828,-7.738315582275391,-8.003835678100586,-9.05936050415039,-9.470033645629883,-9.33041763305664,-9.384387969970703,-8.886039733886719,-8.380958557128906,-8.382288932800293,-8.097183227539062,-7.683241844177246,-7.3873724937438965,-6.8859357833862305,-6.425149917602539,-6.47933292388916,-6.50325870513916,-6.408329486846924
-9.67679214477539,-10.254613876342773,-10.180516242980957,-9.895999908447266,-10.269622802734375,-10.990213394165039,-11.710575103759766,-12.12997817993164,-12.359847068786621,-12.12142276763916,-11.618897438049316,-11.202018737792969,-10.938291549682617,-10.55666732788086,-9.816378593444824,-8.886993408203125,-8.037721633911133,-7.006948947906494,-5.485384941101074,-5.07492208480835,-8.632484436035156,-13.025834083557129,-13.614225387573242,-11.368178367614746,-8.649036407470703,-6.826094150543213,-5.305720329284668,-3.887669801712036,-6.030223369598389,-9.123542785644531,-9.277820587158203,-8.761307716369629,-8.675650596618652,-8.466938972473145,-8.161660194396973,-8.163269996643066,-7.858241081237793,-7.536240100860596,-7.258316516876221,-7.034081935882568,-6.6980085372924805,-6.252437114715576,-6.027928352355957
-9.783880233764648,-10.11020278930664,-10.245407104492188,-10.167731285095215,-10.549903869628906,-10.97729206085205,-11.146868705749512,-11.52845287322998,-11.896677017211914,-12.109991073608398,-11.949178695678711,-11.555810928344727,-10.928315162658691,-9.978170394897461,-8.82524585723877,-7.978020191192627,-8.11656379699707,-8.171415328979492,-7.016607761383057,-6.375888347625732,-8.384000778198242,-11.960226058959961,-12.633056640625,-9.133315086364746,-6.8002848625183105,-7.257392883300781,-6.274567604064941,-3.364042282104492,-5.085830211639404,-9.433080673217773,-9.731520652770996,-8.145013809204102,-7.339293956756592,-7.380621910095215,-7.664970397949219,-7.938124656677246,-7.919211387634277,-7.472492694854736,-7.042757987976074,-6.935056686401367,-6.651528835296631,-6.118581295013428,-6.213136672973633
