data/wind_data/wind_12_7.json
{"header": {"parameterUnit": "KT", "parameterCategory": 2, "nx": 256, "ny": 198, "lo1": 44.73521041870117, "la1": -3.236724853515625, "lo2": 111.26478576660156, "la2": 43.468475341796875, "dx": 0.2609002888202667, "dy": -0.23708222806453705, "refTime": "2025-02-19 12:00:00", "forecastTime": 0, "parameterNumber": 2, "parameterNumberName": "eastward_wind"}, "data":
[rows 80 to 99 of 198, columns 176 to 219 of 256]
42.42939758300781,42.14282989501953,42.004478454589844,41.9530029296875,41.889461517333984,41.7996826171875,41.66465759277344,41.40400695800781,41.03662109375,40.734134674072266,40.52910614013672,40.26735305786133,39.844627380371094,39.200965881347656,38.65373992919922,38.434513092041016,38.3503532409668,38.525840759277344,39.464599609375,40.94889831542969,41.9053840637207,42.1938362121582,42.184417724609375,41.79014205932617,40.7987174987793,39.702362060546875,38.937137603759766,38.48339080810547,38.11153030395508,37.858428955078125,38.037540435791016,37.861656188964844,36.88172912597656,35.02634048461914,33.29413986206055,32.3140754699707,32.54088592529297,32.8391227722168,32.75577926635742,33.00638961791992,33.15349578857422,33.68983459472656,33.771419525146484,33.41960906982422
44.115989685058594,43.7532958984375,43.59432601928711,43.60420227050781,43.65584945678711,43.619380950927734,43.43224334716797,43.06638717651367,42.55086135864258,42.04872131347656,41.732120513916016,41.64903259277344,41.54816818237305,41.21147537231445,40.81970977783203,40.31709671020508,39.831993103027344,39.6653938293457,40.11572265625,41.30170440673828,42.4460563659668,43.04290771484375,43.38109588623047,43.54008865356445,43.23564910888672,42.4920539855957,41.49538803100586,40.60395050048828,40.04085159301758,39.81678771972656,40.6851921081543,41.22416687011719,40.135040283203125,38.179691314697266,35.88003921508789,34.05596160888672,34.08738327026367,35.2794075012207,35.684173583984375,35.27909851074219,34.95654296875,34.7348747253418,34.63481140136719,35.035003662109375
45.77069091796875,45.333778381347656,45.0577278137207,44.95710372924805,45.00666427612305,45.110286712646484,45.10779571533203,44.863380432128906,44.35587692260742,43.68295669555664,43.06571960449219,42.73078155517578,42.62638473510742,42.64766311645508,42.60450744628906,42.11431884765625,41.62128829956055,41.433563232421875,41.39487838745117,41.88532638549805,42.779727935791016,43.50959014892578,44.169273376464844,44.73535919189453,44.92681884765625,44.882080078125,44.23722457885742,42.94486999511719,41.97539138793945,41.93947219848633,43.082672119140625,43.807857513427734,43.035789489746094,41.639102935791016,39.38133239746094,37.3986701965332,36.971885681152344,37.71261215209961,38.238441467285156,38.138877868652344,37.624786376953125,36.42954635620117,35.85787582397461,36.33879852294922
47.73252868652344,47.17412185668945,46.66936492919922,46.33401107788086,46.20247268676758,46.21529006958008,46.282012939453125,46.297088623046875,46.15275573730469,45.749271392822266,45.13618469238281,44.45961380004883,43.975120544433594,43.87431335449219,43.7792854309082,43.45877456665039,43.48304748535156,43.597328186035156,43.185951232910156,42.915809631347656,43.3294677734375,44.032527923583984,44.835533142089844,45.51756286621094,45.93852615356445,46.44316864013672,46.475624084472656,45.326141357421875,44.15601348876953,44.18937683105469,45.22709655761719,45.87089157104492,45.45751953125,44.62115478515625,42.93190002441406,41.24081039428711,40.34730911254883,40.529998779296875,40.863224029541016,40.9818115234375,40.502113342285156,39.06473922729492,37.96409606933594,37.894901275634766
49.85698699951172,49.33177185058594,48.63722610473633,48.04145431518555,47.69975662231445,47.522552490234375,47.40955352783203,47.388492584228516,47.45468521118164,47.48798370361328,47.29302978515625,46.72587966918945,46.076480865478516,45.54153060913086,44.86702346801758,44.46073532104492,45.044036865234375,45.64760971069336,45.16050338745117,44.44702911376953,44.45306396484375,45.04431915283203,45.770164489746094,46.20235824584961,46.54862594604492,47.28538513183594,47.90522384643555,47.51329803466797,46.57766342163086,46.329280853271484,47.00320053100586,47.65428161621094,47.5922966003418,47.15121841430664,46.08888244628906,44.29043960571289,43.272621154785156,43.69288635253906,43.94541549682617,43.69098663330078,42.925113677978516,41.842140197753906,40.60652160644531,39.75600814819336
51.680599212646484,51.29216766357422,50.682525634765625,50.02632522583008,49.527427673339844,49.20695495605469,48.986568450927734,48.84721374511719,48.824092864990234,48.94418716430664,49.06782913208008,48.90126419067383,48.52340316772461,47.89801788330078,46.69404983520508,45.841426849365234,46.50986862182617,47.29281997680664,46.950740814208984,46.29415512084961,46.19062805175781,46.6815185546875,47.19435119628906,47.190711975097656,47.173065185546875,47.85591506958008,48.82863235473633,49.185569763183594,48.684608459472656,48.244911193847656,48.6154670715332,49.40113830566406,49.78392028808594,49.65236282348633,48.70675277709961,46.97188186645508,45.87519073486328,46.34394454956055,46.81850814819336,46.219512939453125,45.07630920410156,44.33899688720703,43.268497467041016,41.70179748535156
53.276519775390625,52.86834716796875,52.413455963134766,51.9288330078125,51.4478874206543,51.024757385253906,50.712615966796875,50.53093719482422,50.48790740966797,50.59610366821289,50.81330490112305,50.9277229309082,50.8541259765625,50.536903381347656,49.375736236572266,48.2026481628418,48.76652145385742,49.36151123046875,48.588680267333984,47.83177947998047,48.074981689453125,48.88954162597656,49.11296081542969,48.44355010986328,47.963584899902344,48.4823112487793,49.666847229003906,50.36295700073242,49.94801330566406,49.5030403137207,50.075984954833984,51.222312927246094,51.9058723449707,51.84282302856445,50.94368362426758,49.3639030456543,48.274288177490234,48.250431060791016,48.41989517211914,47.87317657470703,46.9044075012207,46.454261779785156,45.73877716064453,43.99522399902344
55.11183166503906,54.56705856323242,54.110416412353516,53.7851676940918,53.479042053222656,53.1083869934082,52.71464920043945,52.37935256958008,52.22856521606445,52.312225341796875,52.58430099487305,52.86290740966797,52.849700927734375,52.737186431884766,52.11009979248047,51.27787780761719,51.8399658203125,52.32372283935547,51.0439453125,49.70075607299805,49.93849182128906,50.91376876831055,50.8305549621582,49.7432975769043,48.9234504699707,49.21725845336914,50.462425231933594,51.16270446777344,50.659889221191406,50.264625549316406,50.9903450012207,52.667354583740234,53.64979553222656,53.27419662475586,52.27827453613281,50.96431350708008,50.0026741027832,49.788455963134766,49.71560287475586,49.034019470214844,48.078369140625,47.86564636230469,47.78123092651367,46.66444396972656
57.78347396850586,57.14369583129883,56.482547760009766,56.02841567993164,55.79741287231445,55.61119079589844,55.2973747253418,54.837013244628906,54.43936538696289,54.277462005615234,54.372249603271484,54.60917663574219,54.43098449707031,54.07535934448242,53.97846984863281,53.98158264160156,54.736419677734375,55.58335876464844,54.61800003051758,52.738922119140625,52.1894645690918,52.70639419555664,52.48667907714844,51.406471252441406,50.2425422668457,49.885047912597656,50.77885055541992,51.55488204956055,51.28300857543945,50.84752655029297,51.39407730102539,53.34223556518555,54.540748596191406,53.934326171875,52.80109405517578,51.74602127075195,51.07765197753906,50.980953216552734,51.08561325073242,50.60834503173828,49.63477325439453,49.147987365722656,49.180458068847656,48.86768341064453
60.73871994018555,60.481109619140625,59.8965950012207,59.184810638427734,58.63753128051758,58.339210510253906,58.08592987060547,57.66982650756836,57.17374038696289,56.76123809814453,56.523746490478516,56.41305160522461,55.86881637573242,55.03084945678711,54.92180252075195,55.65513229370117,56.945980072021484,58.04389953613281,57.603084564208984,56.10424041748047,55.3876953125,55.51836013793945,55.173519134521484,54.04191589355469,52.287784576416016,50.834266662597656,50.96413803100586,51.80043411254883,51.881622314453125,51.32817840576172,51.46532440185547,53.05948257446289,54.7369499206543,54.796504974365234,53.437076568603516,52.358577728271484,52.09730529785156,52.225135803222656,52.52630615234375,52.39461898803711,51.67831802368164,51.0692253112793,50.729549407958984,50.54214859008789
62.77872085571289,62.927024841308594,62.8779182434082,62.56876754760742,62.06549835205078,61.52076721191406,60.977943420410156,60.415122985839844,59.883819580078125,59.41328430175781,58.9417839050293,58.439788818359375,57.59496307373047,56.44437789916992,56.1823616027832,57.23072052001953,58.481468200683594,59.21343231201172,59.04429244995117,58.40071487426758,58.43632888793945,58.885780334472656,58.60484313964844,57.465946197509766,55.41666030883789,53.12086486816406,52.4074821472168,52.97054672241211,53.00841522216797,52.11642074584961,51.370113372802734,52.10519027709961,54.332759857177734,55.49643325805664,54.52701187133789,53.76639938354492,53.93173599243164,54.03553009033203,53.93693161010742,53.8861083984375,53.8784294128418,53.50693130493164,52.88138961791992,52.52272415161133
64.21436309814453,64.1631088256836,64.20963287353516,64.43852233886719,64.65975189208984,64.59386444091797,64.10090637207031,63.357791900634766,62.668025970458984,62.08958435058594,61.484474182128906,60.64153289794922,59.50575637817383,58.570953369140625,58.684730529785156,59.46161651611328,60.12078857421875,60.651527404785156,60.6744499206543,60.24871063232422,60.50997543334961,61.28557586669922,61.26304626464844,60.462059020996094,58.690956115722656,56.266666412353516,55.192630767822266,55.7206916809082,55.77532196044922,54.30437088012695,52.297603607177734,51.87004852294922,53.763973236083984,55.6404914855957,55.75381088256836,55.72751235961914,56.33387756347656,56.33474349975586,55.682228088378906,55.66319274902344,56.23021697998047,56.19091796875,55.36337661743164,54.73222351074219
65.55272674560547,65.31700134277344,64.9410171508789,64.8762435913086,65.36849975585938,66.06360626220703,66.35363006591797,66.04179382324219,65.4429702758789,64.77979278564453,64.05235290527344,63.09770584106445,61.85297775268555,60.98419952392578,61.492855072021484,62.546077728271484,62.93478775024414,63.05471420288086,63.07647705078125,62.65733337402344,62.59933853149414,63.07542419433594,63.06779861450195,62.54606246948242,61.13003158569336,59.0688362121582,57.988277435302734,58.59061813354492,59.13010025024414,57.81503677368164,55.2174072265625,53.61265563964844,54.5100212097168,56.385536193847656,57.20236587524414,57.721290588378906,58.479923248291016,58.64143753051758,58.20913314819336,57.76725769042969,58.08999252319336,58.679561614990234,58.154579162597656,57.20800018310547
66.21082305908203,66.4271469116211,66.03671264648438,65.38553619384766,65.29107666015625,65.96576690673828,66.82221221923828,67.31092834472656,67.33843994140625,66.95292663574219,66.35673522949219,65.51408386230469,64.22431945800781,63.44594192504883,64.36759185791016,65.8498764038086,66.23980712890625,65.9307632446289,65.73306274414062,65.43714141845703,65.28582000732422,65.38604736328125,65.21392822265625,64.74878692626953,63.65550231933594,61.7812385559082,60.31267547607422,60.65943908691406,61.45502471923828,60.75303268432617,58.7470703125,56.91590881347656,56.92163848876953,58.294334411621094,59.17354202270508,59.57365417480469,60.20318603515625,61.108123779296875,61.06312942504883,60.03595733642578,59.76667785644531,60.545928955078125,60.72132110595703,60.01242446899414
66.58052062988281,67.13634490966797,67.1968002319336,66.6868896484375,66.22227478027344,66.31314849853516,66.8529052734375,67.5242919921875,68.17176818847656,68.5137939453125,68.24815368652344,67.21886444091797,65.80916595458984,65.53218078613281,67.30394744873047,68.90630340576172,68.91999053955078,68.42660522460938,68.2563705444336,68.08338928222656,67.9252700805664,67.82664489746094,67.46731567382812,67.02757263183594,66.3254623413086,64.54346466064453,62.77903747558594,62.5160026550293,62.894039154052734,62.53752136230469,61.22344207763672,59.910343170166016,59.7579345703125,60.61467742919922,61.21654510498047,61.2777099609375,61.58844757080078,62.7733154296875,63.22460174560547,62.251434326171875,61.51468276977539,61.898494720458984,62.469024658203125,62.66594314575195
67.41664123535156,67.6456069946289,67.95086669921875,68.07981872558594,68.0236587524414,67.9470443725586,67.94686126708984,68.14840698242188,68.7370376586914,69.4864730834961,69.2016372680664,67.560791015625,66.16130828857422,66.808349609375,69.19166564941406,71.0671615600586,71.34011840820312,70.83158874511719,70.45761108398438,70.21556091308594,70.00165557861328,69.7367172241211,69.25088500976562,68.79218292236328,67.92943572998047,66.30475616455078,64.92659759521484,64.13893127441406,63.97121810913086,63.9879035949707,63.318267822265625,62.389366149902344,62.059200286865234,62.54574966430664,63.02824020385742,62.85808563232422,62.63346481323242,63.427391052246094,64.331298828125,64.09546661376953,63.18922424316406,62.8241081237793,63.589317321777344,64.63671112060547
68.1977310180664,68.04473114013672,68.41671752929688,69.00016021728516,69.3865737915039,69.41266632080078,69.23268127441406,69.17608642578125,69.49974060058594,70.05504608154297,69.47639465332031,67.34624481201172,65.88629150390625,67.07318115234375,69.7593994140625,71.9838638305664,72.7015609741211,72.3455581665039,72.12813568115234,72.3608627319336,72.45742797851562,71.98298645019531,71.17240905761719,70.50791931152344,69.32337951660156,67.62350463867188,66.20040130615234,65.01122283935547,64.0425796508789,64.02875518798828,65.02488708496094,65.05828094482422,64.18368530273438,63.97949981689453,64.58294677734375,64.61003112792969,64.00489807128906,64.21935272216797,65.40580749511719,65.76852416992188,64.54470825195312,63.315006256103516,63.96754837036133,65.69548034667969
68.96245574951172,68.87950897216797,69.22166442871094,69.73210906982422,70.09230041503906,70.14515686035156,70.05449676513672,70.00804901123047,70.16802978515625,70.46442413330078,69.76022338867188,67.70367431640625,66.24060821533203,66.81749725341797,69.0434799194336,71.71418762207031,73.2799072265625,73.3284683227539,73.14994812011719,73.64478302001953,74.27888488769531,74.18017578125,73.53985595703125,72.82083129882812,71.57060241699219,69.67139434814453,67.79798889160156,65.9300765991211,63.53743362426758,62.613887786865234,64.88125610351562,66.75221252441406,66.37997436523438,65.53082275390625,65.61557006835938,65.80452728271484,65.5274887084961,65.77727508544922,67.19493103027344,67.64201354980469,65.74850463867188,63.76836395263672,64.02388763427734,65.90394592285156
70.46549987792969,70.53632354736328,70.52507019042969,70.57011413574219,70.6709213256836,70.79389953613281,70.93305206298828,70.82803344726562,70.68476104736328,70.81739807128906,69.82503509521484,67.84563446044922,66.97000122070312,66.95349884033203,68.11138153076172,71.04190826416016,73.68540954589844,74.31700134277344,74.08052062988281,74.43698120117188,75.18132781982422,75.42198181152344,75.20987701416016,74.85548400878906,73.9518814086914,72.07720947265625,70.16275787353516,67.90528869628906,64.28301239013672,62.054176330566406,63.89949035644531,67.02993774414062,67.91352844238281,66.9761962890625,66.10964965820312,65.85469055175781,66.03387451171875,67.03501892089844,69.08564758300781,69.56843566894531,67.20160675048828,64.7104263305664,64.40962219238281,65.745361328125
71.8311767578125,72.11966705322266,71.87173461914062,71.54609680175781,71.33697509765625,71.3248062133789,71.5631103515625,71.61825561523438,71.4818115234375,71.51533508300781,70.49514770507812,68.1614761352539,67.2320556640625,67.24462890625,67.7545166015625,70.4052505493164,73.78472137451172,75.19195556640625,75.04903411865234,75.16680908203125,75.86781311035156,76.37124633789062,76.46060180664062,76.38921356201172,75.81837463378906,74.3172378540039,72.68960571289062,70.71629333496094,67.1520004272461,64.01934814453125,64.28895568847656,67.29301452636719,69.2945327758789,68.65264892578125,66.80528259277344,65.44828033447266,65.56531524658203,67.30178833007812,69.70572662353516,70.53750610351562,68.95756530761719,66.52127838134766,65.13654327392578,65.46056365966797
