data/wind_data/wind_25_2.json
{"header": {"parameterUnit": "KT", "parameterCategory": 2, "nx": 256, "ny": 198, "lo1": 44.73521041870117, "la1": -3.236724853515625, "lo2": 111.26478576660156, "la2": 43.468475341796875, "dx": 0.2609002888202667, "dy": -0.23708222806453705, "refTime": "2025-02-20 01:00:00", "forecastTime": 0, "parameterNumber": 2, "parameterNumberName": "eastward_wind"}, "data":
[rows 152 to 170 of 198, columns 129 to 171 of 256]
1.7347462177276611,4.999778747558594,6.870508670806885,8.329020500183105,9.05475902557373,9.720318794250488,10.646101951599121,11.028804779052734,11.379902839660645,13.237787246704102,16.425180435180664,15.816069602966309,14.50525951385498,15.98290729522705,18.346248626708984,17.680831909179688,15.8923978805542,16.960298538208008,19.07204818725586,20.726314544677734,20.102975845336914,19.611692428588867,21.13459014892578,23.610675811767578,23.81023597717285,18.050655364990234,13.689112663269043,15.91170883178711,21.394237518310547,25.173526763916016,26.350040435791016,26.607555389404297,26.34587287902832,24.516164779663086,21.5004940032959,19.513166427612305,19.93610382080078,21.863916397094727,23.221946716308594,21.817550659179688,20.901090621948242,21.846433639526367,23.144975662231445
4.8147358894348145,7.200716972351074,8.422804832458496,9.597936630249023,9.599000930786133,11.466530799865723,11.856218338012695,12.571455955505371,13.853833198547363,16.51270294189453,17.84249496459961,16.216217041015625,15.548765182495117,15.593114852905273,16.25457763671875,17.181657791137695,18.48995590209961,20.04961585998535,22.019235610961914,22.10797119140625,19.94468879699707,19.72443962097168,21.147750854492188,23.038427352905273,23.575057983398438,21.26325798034668,20.204957962036133,22.718900680541992,26.317550659179688,28.604751586914062,29.061519622802734,28.024620056152344,24.940889358520508,21.63111114501953,20.508756637573242,21.851669311523438,23.09272575378418,23.355106353759766,22.55482292175293,19.34013557434082,17.460729598999023,16.979501724243164,17.290313720703125
7.321331024169922,10.494002342224121,11.327301979064941,10.881720542907715,10.9473237991333,11.651618957519531,15.165451049804688,15.634589195251465,15.056146621704102,14.251103401184082,13.232768058776855,12.34969711303711,11.273880958557129,11.375201225280762,13.745869636535645,17.488584518432617,20.315656661987305,21.498620986938477,22.357038497924805,22.017772674560547,20.907209396362305,21.11042594909668,22.267663955688477,23.65570831298828,23.640323638916016,23.04713249206543,24.157066345214844,26.057720184326172,27.61881446838379,29.19222068786621,27.817363739013672,23.14848518371582,19.898014068603516,19.451305389404297,20.49785804748535,22.844398498535156,22.771076202392578,21.607698440551758,20.572385787963867,17.636043548583984,15.917198181152344,15.431111335754395,17.092182159423828
9.082019805908203,13.42208194732666,13.863028526306152,12.404781341552734,13.660090446472168,16.654232025146484,13.608609199523926,9.60801887512207,8.828373908996582,10.278335571289062,12.135438919067383,12.035282135009766,11.334772109985352,12.889642715454102,16.177522659301758,20.578353881835938,22.884618759155273,22.314672470092773,21.318952560424805,22.127639770507812,22.615135192871094,22.460756301879883,22.292491912841797,22.5925235748291,22.469497680664062,22.78705406188965,24.30747413635254,25.97484016418457,27.29932403564453,25.67333984375,21.06556510925293,17.838106155395508,18.045372009277344,19.336645126342773,20.709047317504883,20.933382034301758,19.05412483215332,18.67755699157715,19.17118263244629,20.110511779785156,17.37546730041504,15.07251262664795,16.768617630004883
11.301606178283691,14.684416770935059,14.900566101074219,13.903312683105469,12.960674285888672,6.528590679168701,3.7448787689208984,4.363815784454346,7.569741249084473,11.449789047241211,14.693265914916992,16.498092651367188,17.558780670166016,18.223739624023438,19.862770080566406,22.83588409423828,24.764698028564453,23.49388313293457,22.10735511779785,23.251506805419922,24.260906219482422,23.512279510498047,21.85555648803711,20.675079345703125,20.60753631591797,21.66130256652832,22.30342674255371,21.769765853881836,21.38035774230957,20.387243270874023,18.94004249572754,18.857669830322266,19.41629981994629,19.31292724609375,19.12729263305664,18.272409439086914,17.34553337097168,18.0255126953125,18.504011154174805,20.66773223876953,17.915918350219727,12.76093864440918,12.643244743347168
12.618653297424316,14.596360206604004,14.23002815246582,12.695650100708008,4.621558666229248,0.7810205221176147,2.5275368690490723,5.12685489654541,9.143856048583984,13.259222984313965,15.913969039916992,18.09909439086914,21.247535705566406,23.28919792175293,24.224655151367188,25.232881546020508,25.877826690673828,25.1373233795166,25.00619888305664,25.70404052734375,25.420673370361328,24.37527084350586,22.828407287597656,21.020341873168945,19.711902618408203,19.108366012573242,18.258249282836914,18.45360565185547,20.290067672729492,20.090187072753906,19.290334701538086,19.97185516357422,21.099441528320312,20.780467987060547,18.634706497192383,18.262989044189453,17.862550735473633,17.613819122314453,17.97927474975586,19.10227394104004,15.314229011535645,11.036199569702148,10.880658149719238
12.21802043914795,13.663971900939941,15.582428932189941,7.007368087768555,-0.009354284964501858,6.12696647644043,11.102792739868164,12.68224811553955,14.871003150939941,17.566043853759766,17.81623077392578,17.209108352661133,17.896610260009766,19.939960479736328,22.740127563476562,24.383371353149414,25.107364654541016,25.4832706451416,25.89760971069336,26.194103240966797,25.67953109741211,24.88367462158203,23.30474281311035,20.930471420288086,19.707332611083984,18.553247451782227,17.91128158569336,20.902254104614258,24.65994644165039,24.59198570251465,22.96371078491211,23.362939834594727,23.466678619384766,23.831932067871094,22.869876861572266,21.20635414123535,18.923070907592773,17.202232360839844,17.28095245361328,18.113922119140625,15.736104965209961,13.435837745666504,14.186018943786621
13.021750450134277,14.509308815002441,16.329885482788086,8.7735013961792,9.577805519104004,17.281978607177734,21.65264320373535,23.66808319091797,25.336267471313477,21.54710578918457,19.075626373291016,18.829580307006836,19.447141647338867,20.023029327392578,20.78295135498047,22.34981346130371,23.897136688232422,25.17995834350586,26.11833953857422,26.00971794128418,25.025611877441406,23.369155883789062,21.274662017822266,20.397628784179688,20.739778518676758,20.323354721069336,19.698240280151367,22.793420791625977,26.39640235900879,26.06820297241211,23.919897079467773,23.088790893554688,22.409521102905273,22.311344146728516,22.293550491333008,21.584823608398438,20.196453094482422,19.25690460205078,19.19917106628418,19.71116065979004,18.6988525390625,17.39153480529785,18.213930130004883
13.708386421203613,15.568131446838379,15.374239921569824,15.112354278564453,21.197505950927734,27.13005828857422,20.947139739990234,16.888500213623047,13.655319213867188,11.600221633911133,14.300490379333496,17.716846466064453,19.727149963378906,20.426103591918945,20.43315315246582,20.819530487060547,20.59587860107422,20.372562408447266,19.148283004760742,20.031156539916992,22.214740753173828,22.802654266357422,22.016809463500977,21.856870651245117,22.248430252075195,22.724905014038086,22.53744125366211,23.689054489135742,24.962265014648438,23.604827880859375,22.103635787963867,22.414255142211914,22.049522399902344,20.21586036682129,18.785078048706055,18.827213287353516,19.53862953186035,20.26542854309082,20.96699333190918,21.744529724121094,21.881481170654297,21.32630157470703,21.887664794921875
18.262910842895508,20.715421676635742,25.294540405273438,23.64287567138672,14.887170791625977,4.054821968078613,4.111928939819336,7.28468132019043,4.907891273498535,3.4285337924957275,1.541660189628601,2.0002293586730957,3.0345375537872314,7.407464027404785,14.166147232055664,18.8088436126709,20.81343650817871,19.66408348083496,18.301227569580078,19.426464080810547,21.19791603088379,22.43367576599121,22.9714298248291,22.855178833007812,22.815750122070312,23.77531623840332,24.774311065673828,24.34346580505371,23.237916946411133,22.184555053710938,22.26839828491211,23.633384704589844,24.37140464782715,22.716787338256836,20.76209831237793,20.642942428588867,21.1362247467041,21.56033706665039,22.499267578125,23.855915069580078,24.52416229248047,24.323074340820312,24.44989776611328
20.972251892089844,18.849197387695312,11.827899932861328,4.091453552246094,-1.436105728149414,-3.491962194442749,-3.004790782928467,3.3904953002929688,-1.938724160194397,-4.69146728515625,-3.1788535118103027,-2.560500144958496,-1.4749518632888794,-0.4466662108898163,3.688469886779785,12.418107032775879,15.173368453979492,14.622983932495117,15.136063575744629,15.73828125,16.048643112182617,17.465669631958008,19.803802490234375,21.29145622253418,21.741153717041016,21.968978881835938,22.418764114379883,22.204580307006836,21.987218856811523,22.452672958374023,23.39898681640625,24.50020980834961,25.296632766723633,25.16098976135254,25.226520538330078,25.956146240234375,25.395095825195312,24.458297729492188,24.84967613220215,25.861841201782227,26.447561264038086,26.698013305664062,26.541255950927734
21.463176727294922,7.720224380493164,-4.538821220397949,-7.345797538757324,-9.125391006469727,-8.22856616973877,-8.668387413024902,-6.797051429748535,-7.2063117027282715,-6.880579471588135,-7.475715637207031,-8.498046875,-7.563021183013916,-6.1987810134887695,-4.470792293548584,-1.823700189590454,-0.11521404981613159,0.43305322527885437,3.0276095867156982,6.355281352996826,9.125208854675293,11.482621192932129,14.43582820892334,16.782703399658203,18.224679946899414,19.6782169342041,20.706804275512695,21.034109115600586,21.450448989868164,22.96344566345215,25.229413986206055,26.52935218811035,26.5419979095459,26.943588256835938,28.206113815307617,28.667470932006836,27.7376766204834,26.92835235595703,27.213319778442383,27.727209091186523,28.268131256103516,29.348678588867188,29.951940536499023
5.458724021911621,-2.5222792625427246,-7.751293659210205,-9.570016860961914,-9.617881774902344,-10.748787879943848,-13.750383377075195,-13.19807243347168,-11.301863670349121,-11.216743469238281,-12.222397804260254,-12.9010591506958,-13.505599021911621,-14.134172439575195,-14.06275749206543,-12.75414752960205,-10.877663612365723,-8.891791343688965,-5.969142913818359,-1.9249399900436401,1.9133810997009277,5.710202693939209,10.554559707641602,14.294698715209961,17.475893020629883,22.255346298217773,24.40201187133789,23.800207138061523,23.743432998657227,25.758060455322266,28.50520896911621,30.022443771362305,30.336837768554688,30.308002471923828,29.980621337890625,29.541276931762695,28.257490158081055,27.258655548095703,28.36745262145996,30.017799377441406,31.1815128326416,30.65640640258789,29.266157150268555
-12.947572708129883,-13.020217895507812,-10.962347030639648,-9.785619735717773,-10.005423545837402,-11.567090034484863,-13.441794395446777,-13.04077434539795,-11.21920394897461,-10.559425354003906,-11.129010200500488,-12.1201753616333,-12.902992248535156,-13.8183012008667,-14.354397773742676,-14.02892017364502,-13.14134407043457,-11.915369987487793,-10.432332038879395,-8.509040832519531,-6.052114486694336,-2.6559298038482666,1.2472368478775024,5.335798740386963,10.705857276916504,17.9471492767334,21.245817184448242,21.70275115966797,24.438030242919922,28.53075408935547,29.9708194732666,30.23137855529785,31.24399757385254,31.183881759643555,31.2040958404541,29.49066925048828,28.55164909362793,27.10724639892578,23.38591194152832,24.043004989624023,27.015954971313477,27.636762619018555,27.16536521911621
-13.840917587280273,-11.81470012664795,-9.070843696594238,-8.89500617980957,-9.99328899383545,-10.92723274230957,-11.057869911193848,-9.86842155456543,-8.511993408203125,-8.419557571411133,-9.565317153930664,-10.841680526733398,-12.03521728515625,-13.125884056091309,-13.626980781555176,-13.305787086486816,-12.385575294494629,-11.5269136428833,-11.136900901794434,-10.709610939025879,-9.944680213928223,-8.495141983032227,-6.233960151672363,-3.3088278770446777,0.7973286509513855,5.226754665374756,8.35461139678955,11.626913070678711,19.73685646057129,26.415468215942383,28.515613555908203,27.57254981994629,26.314218521118164,26.271942138671875,27.657676696777344,27.969749450683594,28.705209732055664,30.478261947631836,30.538663864135742,30.388126373291016,29.71384048461914,27.721057891845703,27.12346076965332
-9.054662704467773,-7.842007637023926,-7.276439189910889,-8.094827651977539,-9.070038795471191,-9.747175216674805,-9.658388137817383,-8.974251747131348,-8.960346221923828,-10.099691390991211,-11.394569396972656,-12.273049354553223,-13.159811019897461,-13.957197189331055,-14.201067924499512,-13.831632614135742,-13.012818336486816,-12.302623748779297,-11.953885078430176,-11.663139343261719,-11.064337730407715,-9.734169006347656,-8.016829490661621,-6.84314489364624,-5.235889434814453,-2.853922128677368,-0.21527601778507233,4.094968795776367,9.878291130065918,14.79723072052002,19.2955265045166,22.37017059326172,20.50831413269043,16.787982940673828,16.407196044921875,19.338010787963867,22.438629150390625,24.783655166625977,26.268869400024414,27.705400466918945,28.634958267211914,27.03366470336914,27.19503402709961
-5.650586128234863,-5.643536567687988,-6.405179500579834,-7.673938751220703,-8.70726490020752,-9.296859741210938,-9.327523231506348,-9.019960403442383,-9.2076416015625,-10.17496109008789,-11.314008712768555,-12.316128730773926,-13.350122451782227,-14.08116340637207,-14.2730073928833,-14.071521759033203,-13.683906555175781,-13.229327201843262,-12.610629081726074,-11.935708045959473,-11.719670295715332,-11.883036613464355,-11.607857704162598,-10.43899917602539,-8.618315696716309,-6.738131999969482,-4.923710823059082,-1.8209829330444336,2.79826021194458,5.896488189697266,10.570967674255371,16.30345344543457,17.802284240722656,14.598064422607422,13.21019458770752,17.646406173706055,22.076353073120117,25.502704620361328,26.687973022460938,26.082136154174805,26.119503021240234,25.98415184020996,26.59674072265625
-4.55263614654541,-4.902027606964111,-6.01854133605957,-7.337274074554443,-8.350872039794922,-8.93508529663086,-9.089268684387207,-9.094767570495605,-9.511270523071289,-10.407827377319336,-11.612611770629883,-12.881279945373535,-14.077868461608887,-14.87684440612793,-15.004813194274902,-14.782919883728027,-14.594573974609375,-14.43766975402832,-14.005974769592285,-13.367913246154785,-13.178145408630371,-13.69466495513916,-14.320028305053711,-14.14764404296875,-13.135642051696777,-11.418913841247559,-8.918587684631348,-6.0520710945129395,-3.218698740005493,0.46015846729278564,6.960591793060303,13.878497123718262,17.757566452026367,18.44196319580078,19.47250747680664,21.71653175354004,22.26935386657715,23.594667434692383,24.656326293945312,24.31887435913086,24.927715301513672,25.34677505493164,27.672910690307617
-4.171103477478027,-4.230717182159424,-5.012778282165527,-6.049524784088135,-7.003039360046387,-7.882877349853516,-8.531377792358398,-9.055548667907715,-9.697774887084961,-10.5166654586792,-11.513848304748535,-12.680826187133789,-13.782414436340332,-14.419028282165527,-14.619610786437988,-14.749422073364258,-15.003908157348633,-15.094175338745117,-14.736907958984375,-14.180256843566895,-13.813641548156738,-13.71489429473877,-13.926783561706543,-14.48438549041748,-14.977145195007324,-14.79487133026123,-13.912665367126465,-12.741812705993652,-11.30872917175293,-8.979527473449707,-3.4293618202209473,4.0521240234375,10.335100173950195,14.543121337890625,17.117855072021484,19.313570022583008,20.40679359436035,22.974519729614258,23.883888244628906,23.116504669189453,23.960098266601562,26.962154388427734,27.614078521728516
