data/wind_data/wind_56_9.json
{"header": {"parameterUnit": "KT", "parameterCategory": 2, "nx": 256, "ny": 198, "lo1": 44.73521041870117, "la1": -3.236724853515625, "lo2": 111.26478576660156, "la2": 43.468475341796875, "dx": 0.2609002888202667, "dy": -0.23708222806453705, "refTime": "2025-02-21 08:00:00", "forecastTime": 0, "parameterNumber": 2, "parameterNumberName": "eastward_wind"}, "data":
[rows 57 to 75 of 198, columns 43 to 85 of 256]
5.942872524261475,6.823425769805908,8.113067626953125,9.0709228515625,9.291326522827148,9.153242111206055,9.093600273132324,9.117758750915527,9.1340970993042,9.245271682739258,9.759052276611328,10.662063598632812,11.678703308105469,12.417953491210938,12.966805458068848,13.54314136505127,13.829401016235352,13.609599113464355,13.059343338012695,12.45794677734375,11.944799423217773,11.338393211364746,10.458589553833008,9.414915084838867,8.357707977294922,7.639870643615723,7.326656818389893,7.180942535400391,7.143179893493652,7.4004411697387695,7.932949066162109,8.594633102416992,9.313338279724121,10.14238166809082,11.131834030151367,12.085801124572754,12.603402137756348,12.452280044555664,11.919376373291016,11.50529670715332,11.754693984985352,12.726566314697266,13.686141967773438
4.797579288482666,6.418547630310059,7.9681878089904785,8.87427043914795,8.984845161437988,8.689446449279785,8.434385299682617,8.417325973510742,8.530739784240723,8.841046333312988,9.575278282165527,10.689648628234863,11.86902904510498,12.68702507019043,13.104846000671387,13.356931686401367,13.363035202026367,12.959702491760254,12.145187377929688,11.261932373046875,10.576488494873047,9.98235034942627,9.302742004394531,8.681570053100586,8.192923545837402,7.850179195404053,7.6918044090271,7.630447864532471,7.599792003631592,7.628602027893066,7.825150012969971,8.301189422607422,8.971512794494629,9.78799819946289,10.806793212890625,12.054925918579102,13.136224746704102,13.537806510925293,13.092158317565918,12.188149452209473,11.682638168334961,11.999720573425293,12.926192283630371
4.6312761306762695,6.271918296813965,7.5320587158203125,8.171308517456055,8.309624671936035,8.127385139465332,7.926065921783447,7.932309627532959,8.17309856414795,8.724020957946777,9.566764831542969,10.583749771118164,11.623305320739746,12.469497680664062,13.019119262695312,13.142159461975098,12.851089477539062,12.086782455444336,10.99443531036377,9.894452095031738,9.072325706481934,8.508344650268555,8.288910865783691,8.377120971679688,8.415693283081055,8.28782844543457,8.148186683654785,8.04743766784668,7.987151145935059,7.962732791900635,8.108293533325195,8.517560005187988,9.132143020629883,9.905407905578613,10.866045951843262,12.079761505126953,13.362621307373047,14.200113296508789,14.088932991027832,13.084068298339844,12.04364013671875,11.920284271240234,12.779767036437988
4.736082553863525,5.808748722076416,6.693908214569092,7.179327487945557,7.308685302734375,7.320262908935547,7.332956314086914,7.504537582397461,7.952885627746582,8.689809799194336,9.493072509765625,10.169050216674805,10.864731788635254,11.675087928771973,12.410418510437012,12.639880180358887,12.182491302490234,11.116647720336914,9.836889266967773,8.633885383605957,7.731895446777344,7.40809440612793,7.777629852294922,8.369659423828125,8.65381145477295,8.664084434509277,8.572093963623047,8.42003059387207,8.313359260559082,8.354316711425781,8.637517929077148,9.12468147277832,9.738007545471191,10.413354873657227,11.135489463806152,11.97714900970459,13.059069633483887,14.100467681884766,14.383585929870605,13.624578475952148,12.573625564575195,12.375495910644531,13.169798851013184
4.614273548126221,5.327799320220947,5.938839912414551,6.247314929962158,6.363222599029541,6.467255592346191,6.667593002319336,7.036984443664551,7.653054714202881,8.438639640808105,9.121353149414062,9.508057594299316,9.91754150390625,10.596900939941406,11.309133529663086,11.587448120117188,11.146444320678711,10.099778175354004,8.818119049072266,7.640477180480957,6.948623180389404,6.975772380828857,7.54060173034668,8.177576065063477,8.625420570373535,8.882845878601074,8.962179183959961,8.930642127990723,8.925823211669922,9.057577133178711,9.339034080505371,9.73463249206543,10.26703929901123,10.818571090698242,11.221728324890137,11.576836585998535,12.28573989868164,13.307116508483887,13.897957801818848,13.547049522399902,12.846095085144043,12.811039924621582,13.58395767211914
4.2476277351379395,5.022793769836426,5.503117561340332,5.626710414886475,5.68074893951416,5.8930864334106445,6.235942363739014,6.673684597015381,7.257717132568359,7.878633975982666,8.38527774810791,8.732994079589844,9.085037231445312,9.543251991271973,10.025973320007324,10.201931953430176,9.824982643127441,8.987956047058105,7.977544784545898,7.149125576019287,6.825795650482178,6.976062774658203,7.34193754196167,7.834126949310303,8.38991928100586,8.902790069580078,9.23935604095459,9.411164283752441,9.523402214050293,9.66260814666748,9.8021821975708,9.947619438171387,10.191493034362793,10.46179485321045,10.592458724975586,10.677661895751953,11.11659049987793,12.037466049194336,12.930317878723145,13.152047157287598,12.872166633605957,12.891509056091309,13.57713508605957
3.5687572956085205,4.518479347229004,5.105278968811035,5.263381004333496,5.360347270965576,5.708981990814209,6.181234359741211,6.613041400909424,7.018960952758789,7.332896709442139,7.576169013977051,7.893800735473633,8.31454849243164,8.692634582519531,8.93531608581543,8.901801109313965,8.522477149963379,7.9685187339782715,7.453934669494629,7.164752960205078,7.083432674407959,7.0852580070495605,7.169329643249512,7.526925563812256,8.145207405090332,8.775705337524414,9.188322067260742,9.340017318725586,9.35865306854248,9.353570938110352,9.288326263427734,9.132691383361816,8.978056907653809,8.887906074523926,8.910080909729004,9.142568588256836,9.735570907592773,10.825319290161133,12.126376152038574,12.889437675476074,12.843317031860352,12.648261070251465,13.067002296447754
2.7101335525512695,3.6446142196655273,4.42473030090332,4.912112236022949,5.330244541168213,5.8701605796813965,6.427304744720459,6.8694329261779785,7.102850437164307,7.1140360832214355,7.041497707366943,7.203145503997803,7.651199817657471,8.08282470703125,8.207261085510254,7.996001243591309,7.597146511077881,7.287522792816162,7.233659267425537,7.335989475250244,7.2920050621032715,7.07253360748291,7.008764743804932,7.356530666351318,7.934033393859863,8.400131225585938,8.537086486816406,8.392440795898438,8.158742904663086,7.953943252563477,7.739374160766602,7.421750545501709,7.018981456756592,6.7626824378967285,6.8560895919799805,7.341026306152344,8.328337669372559,9.96635913848877,11.848114967346191,12.995465278625488,12.954153060913086,12.413959503173828,12.405707359313965
2.2451562881469727,2.9107208251953125,3.7027101516723633,4.5345611572265625,5.409646511077881,6.243560791015625,6.907824993133545,7.345160484313965,7.497573375701904,7.3247389793396,7.009335517883301,6.939321517944336,7.264636993408203,7.651291847229004,7.698271751403809,7.3982462882995605,7.032298564910889,6.905930995941162,7.07406759262085,7.267961025238037,7.223298072814941,7.060792446136475,7.060703754425049,7.24854040145874,7.471968173980713,7.599890232086182,7.534182071685791,7.267189979553223,6.895461082458496,6.532161235809326,6.214025974273682,5.871667385101318,5.45688009262085,5.090123653411865,5.06757116317749,5.702620029449463,7.179605007171631,9.41702651977539,11.78838062286377,13.264013290405273,13.305419921875,12.53319263458252,12.026047706604004
2.474437952041626,2.948026180267334,3.5718226432800293,4.4907989501953125,5.6192626953125,6.661965847015381,7.451032638549805,7.944310665130615,8.094393730163574,7.851934432983398,7.406408786773682,7.131037712097168,7.209256649017334,7.371284484863281,7.2576165199279785,6.88352632522583,6.556720733642578,6.512864112854004,6.697591304779053,6.912534713745117,7.08475923538208,7.19263219833374,7.1365861892700195,6.941621780395508,6.834260940551758,6.9118876457214355,6.994176864624023,6.870018005371094,6.4876322746276855,5.965998649597168,5.435141086578369,4.9337005615234375,4.459095478057861,4.112303256988525,4.155023574829102,4.928032398223877,6.6301774978637695,9.056238174438477,11.580368995666504,13.352921485900879,13.781192779541016,13.069765090942383,12.092053413391113
2.937554121017456,3.5317554473876953,4.227962017059326,5.0913519859313965,6.151482582092285,7.174270153045654,7.977339744567871,8.498117446899414,8.676143646240234,8.47016716003418,8.00960922241211,7.5829033851623535,7.367087364196777,7.212666988372803,6.8617024421691895,6.353884696960449,5.986682891845703,5.9347710609436035,6.136078834533691,6.525811672210693,6.938469409942627,7.05361270904541,6.81618070602417,6.563116073608398,6.555070400238037,6.727038860321045,6.890794277191162,6.877022743225098,6.59738302230835,6.082777976989746,5.455877304077148,4.867542743682861,4.408175945281982,4.154440402984619,4.259014129638672,4.970667362213135,6.507951736450195,8.751728057861328,11.219467163085938,13.199190139770508,14.090811729431152,13.707541465759277,12.483512878417969
3.2854654788970947,3.9978878498077393,4.959015369415283,6.005453109741211,7.059342861175537,7.967432975769043,8.607718467712402,8.993101119995117,9.13170337677002,8.97475528717041,8.551568031311035,8.05133056640625,7.613184452056885,7.161233425140381,6.554892539978027,5.879554271697998,5.379829406738281,5.225615501403809,5.520603179931641,6.102179527282715,6.484587669372559,6.460695743560791,6.298580646514893,6.247331619262695,6.319763660430908,6.484702110290527,6.7182183265686035,6.898238182067871,6.850070476531982,6.509081840515137,5.974708557128906,5.448019504547119,5.0741801261901855,4.872580528259277,4.910648822784424,5.397825717926025,6.593786716461182,8.506051063537598,10.769796371459961,12.739860534667969,13.864554405212402,13.81801986694336,12.730607986450195
3.632207155227661,4.273251533508301,5.314257621765137,6.5469560623168945,7.782500743865967,8.792081832885742,9.367413520812988,9.574915885925293,9.58525276184082,9.401660919189453,8.99259090423584,8.433121681213379,7.814934730529785,7.138216495513916,6.363710403442383,5.52707052230835,4.780956268310547,4.469371318817139,4.799333572387695,5.345894813537598,5.6361799240112305,5.7205729484558105,5.799219608306885,5.883798122406006,5.972977161407471,6.135925769805908,6.3985595703125,6.665342807769775,6.782402515411377,6.6687541007995605,6.374477863311768,6.056529998779297,5.8347249031066895,5.698280334472656,5.659876346588135,5.9212965965271,6.74735164642334,8.190766334533691,9.973663330078125,11.656550407409668,12.809708595275879,13.096543312072754,12.400232315063477
4.212673664093018,4.676452159881592,5.465428829193115,6.60335111618042,7.95084285736084,9.170426368713379,9.915715217590332,10.161966323852539,10.09697151184082,9.86181640625,9.479654312133789,8.879250526428223,8.05146312713623,7.145304203033447,6.237599849700928,5.227962017059326,4.209947109222412,3.683432102203369,3.7857933044433594,4.114517688751221,4.51856803894043,5.038316249847412,5.483348369598389,5.691387176513672,5.761398792266846,5.862926959991455,6.055459499359131,6.277380466461182,6.421278476715088,6.418903350830078,6.312714099884033,6.200310707092285,6.141995429992676,6.109579563140869,6.115612506866455,6.282269477844238,6.771090507507324,7.628280162811279,8.759736061096191,9.984766006469727,11.049237251281738,11.575624465942383,11.304373741149902
4.9826154708862305,5.340221881866455,5.817111492156982,6.627031326293945,7.79976224899292,9.027528762817383,9.951276779174805,10.414924621582031,10.462285041809082,10.305502891540527,10.049415588378906,9.502391815185547,8.509831428527832,7.282276630401611,6.058495998382568,4.818934440612793,3.700754404067993,2.9643070697784424,2.605489492416382,2.68668532371521,3.368123769760132,4.367222309112549,5.1593403816223145,5.593530178070068,5.790303707122803,5.887776851654053,5.949150562286377,5.9831767082214355,5.976545333862305,5.928616046905518,5.864297866821289,5.84011697769165,5.89409875869751,6.034505367279053,6.245207786560059,6.494835376739502,6.760242462158203,7.068214416503906,7.543215274810791,8.25436782836914,9.028202056884766,9.513879776000977,9.568136215209961
5.837800025939941,6.111545562744141,6.399301528930664,6.912192344665527,7.742353916168213,8.738290786743164,9.65903091430664,10.268494606018066,10.505468368530273,10.564175605773926,10.534110069274902,10.108463287353516,9.010201454162598,7.451984882354736,5.8176116943359375,4.362762928009033,3.218834400177002,2.2718489170074463,1.6048330068588257,1.6755508184432983,2.564714193344116,3.691263437271118,4.641225337982178,5.374565124511719,5.918243885040283,6.232884883880615,6.272243022918701,6.0896992683410645,5.848114013671875,5.664981842041016,5.553938865661621,5.503176212310791,5.579200744628906,5.8513360023498535,6.268489360809326,6.647652626037598,6.801127910614014,6.747838020324707,6.739635467529297,6.9796648025512695,7.302887439727783,7.505497455596924,7.752651691436768
6.584319114685059,6.701907634735107,6.870405673980713,7.283172607421875,7.92485237121582,8.677534103393555,9.446008682250977,10.056533813476562,10.420292854309082,10.65886116027832,10.73703670501709,10.269533157348633,9.045968055725098,7.349210262298584,5.598159313201904,4.09062385559082,2.8292315006256104,1.6905325651168823,1.032002568244934,1.2555937767028809,2.096069812774658,3.128080129623413,4.189127445220947,5.238150596618652,6.176725387573242,6.825057506561279,7.009303569793701,6.7340407371521,6.2925333976745605,5.967787265777588,5.810265064239502,5.746893882751465,5.785275936126709,6.000971794128418,6.376088619232178,6.684854507446289,6.732883930206299,6.5597310066223145,6.3932647705078125,6.360916614532471,6.290898323059082,6.196367263793945,6.4951348304748535
7.116492748260498,6.961859703063965,6.945702075958252,7.361077308654785,8.084352493286133,8.838647842407227,9.478534698486328,9.970548629760742,10.345925331115723,10.60622787475586,10.518412590026855,9.74156379699707,8.345500946044922,6.761599540710449,5.317780494689941,4.027114391326904,2.7169947624206543,1.5422626733779907,0.9914613962173462,1.1680573225021362,1.7863627672195435,2.7436375617980957,4.0154194831848145,5.394089698791504,6.643096446990967,7.532275199890137,7.881798267364502,7.652022838592529,7.126316547393799,6.698421478271484,6.530338287353516,6.527187347412109,6.55795431137085,6.607100486755371,6.664294719696045,6.63002872467041,6.463539123535156,6.301050662994385,6.280527114868164,6.284337997436523,6.057693958282471,5.781081676483154,5.973665714263916
7.553701400756836,7.082711219787598,6.77301025390625,7.095348358154297,7.934520244598389,8.841239929199219,9.494590759277344,9.882711410522461,10.156256675720215,10.271851539611816,9.896870613098145,8.789468765258789,7.239405155181885,5.826385974884033,4.798725128173828,3.8792264461517334,2.8251278400421143,1.8955111503601074,1.4237126111984253,1.3719390630722046,1.7216224670410156,2.627437114715576,4.042438507080078,5.646942138671875,7.09472131729126,8.131404876708984,8.588578224182129,8.441418647766113,7.932563304901123,7.465489864349365,7.2942399978637695,7.359668254852295,7.445623874664307,7.408477306365967,7.169635772705078,6.731236934661865,6.257809638977051,6.0363874435424805,6.183685302734375,6.379397392272949,6.265675067901611,5.988852024078369,5.9805498123168945
