data/wind_data/wind_26_6.json
{"header": {"parameterUnit": "KT", "parameterCategory": 2, "nx": 256, "ny": 198, "lo1": 44.73521041870117, "la1": -3.236724853515625, "lo2": 111.26478576660156, "la2": 43.468475341796875, "dx": 0.2609002888202667, "dy": -0.23708222806453705, "refTime": "2025-02-20 02:00:00", "forecastTime": 0, "parameterNumber": 2, "parameterNumberName": "eastward_wind"}, "data":
[rows 60 to 79 of 198, columns 180 to 224 of 256]
4.429999351501465,5.023955345153809,5.529778480529785,5.815141677856445,6.091676235198975,6.3339104652404785,6.470425605773926,6.567770957946777,6.641627788543701,6.742748260498047,6.925444602966309,7.158727169036865,7.397212028503418,7.4490838050842285,7.204129219055176,6.656054973602295,6.004153251647949,5.681055545806885,5.893280029296875,6.095023155212402,5.848264217376709,5.320854187011719,4.738277435302734,4.124426364898682,3.6989662647247314,4.1302714347839355,3.9509031772613525,2.78727388381958,1.994752287864685,2.117858409881592,2.692744493484497,3.53722882270813,4.679553985595703,6.012330055236816,7.247241020202637,8.152610778808594,9.163337707519531,11.048946380615234,13.10722827911377,14.58737564086914,15.45831298828125,15.89574909210205,17.207509994506836,15.752748489379883,13.65891170501709
5.841750144958496,6.470097064971924,7.184328556060791,7.547834396362305,7.865933418273926,8.222830772399902,8.564754486083984,8.615612983703613,8.437541007995605,8.425580024719238,8.66905403137207,8.994416236877441,9.133866310119629,9.048074722290039,8.769176483154297,8.292190551757812,7.745997905731201,7.449731826782227,7.564753532409668,7.754062652587891,7.663329601287842,7.484919548034668,7.575969219207764,7.5429182052612305,7.11767053604126,7.000461578369141,7.024715423583984,6.459572792053223,5.29379415512085,4.063254356384277,3.525975227355957,3.7147512435913086,5.03447151184082,6.782726287841797,7.828401565551758,8.335549354553223,9.030403137207031,10.445235252380371,12.001129150390625,13.445876121520996,14.007194519042969,14.589168548583984,16.247650146484375,16.4475154876709,15.049280166625977
7.694283962249756,8.00209903717041,8.740044593811035,9.198517799377441,9.38669204711914,9.604323387145996,10.042253494262695,10.324492454528809,10.329227447509766,10.5620756149292,10.84753704071045,10.935239791870117,10.808446884155273,10.563398361206055,10.180925369262695,9.712119102478027,9.350836753845215,9.26653003692627,9.406846046447754,9.472858428955078,9.323267936706543,9.295825004577637,9.542097091674805,9.677309036254883,9.524177551269531,9.256195068359375,9.119277954101562,9.359067916870117,9.332149505615234,8.25390911102295,6.696433067321777,5.78108024597168,6.4847893714904785,7.625680446624756,8.376568794250488,9.103228569030762,9.504537582397461,10.0291166305542,11.039704322814941,12.098662376403809,12.558196067810059,12.65652847290039,13.632508277893066,15.225310325622559,15.492584228515625
9.550711631774902,9.559353828430176,10.036568641662598,10.605756759643555,10.837236404418945,10.915122985839844,11.175006866455078,11.301900863647461,11.51561450958252,12.46265697479248,13.234067916870117,13.241304397583008,12.763762474060059,12.16429615020752,11.565958023071289,11.073531150817871,10.863855361938477,10.928923606872559,11.15007209777832,11.33752727508545,11.378170013427734,11.484526634216309,11.677128791809082,11.60360336303711,11.251235961914062,10.976839065551758,11.023893356323242,11.388834953308105,11.768407821655273,11.643057823181152,10.839861869812012,9.889448165893555,9.76113224029541,9.711172103881836,9.53160572052002,10.004700660705566,10.839984893798828,11.163840293884277,11.28454303741455,11.452717781066895,11.173086166381836,10.826011657714844,10.989594459533691,12.577926635742188,14.472469329833984
11.324992179870605,11.29648208618164,11.396846771240234,11.795583724975586,12.153788566589355,12.285422325134277,12.413727760314941,12.471417427062988,12.79699420928955,13.832114219665527,14.73485279083252,14.980890274047852,14.760095596313477,14.235443115234375,13.501816749572754,12.830652236938477,12.44831371307373,12.361595153808594,12.45175838470459,12.620989799499512,12.950953483581543,13.486882209777832,13.963727951049805,14.022629737854004,13.608757972717285,13.084882736206055,12.945425987243652,13.163847923278809,13.523571014404297,13.758585929870605,13.685579299926758,13.441983222961426,13.417499542236328,12.967470169067383,12.103680610656738,11.932465553283691,13.277918815612793,13.701473236083984,12.359905242919922,11.503617286682129,10.863320350646973,9.990656852722168,9.88150691986084,11.077811241149902,13.026927947998047
13.371221542358398,13.316526412963867,13.198610305786133,13.313193321228027,13.651054382324219,13.900651931762695,13.927016258239746,13.961101531982422,14.339451789855957,15.053820610046387,15.654740333557129,15.87100887298584,15.878602027893066,15.805347442626953,15.565224647521973,15.152772903442383,14.66828727722168,14.278871536254883,14.101318359375,14.114213943481445,14.402698516845703,15.060996055603027,15.790090560913086,16.11886215209961,15.991610527038574,15.619288444519043,15.380410194396973,15.205340385437012,15.169205665588379,15.43539047241211,15.797950744628906,16.13959312438965,16.335453033447266,15.904121398925781,15.156847953796387,14.642848014831543,15.245893478393555,15.548639297485352,14.157732009887695,12.797937393188477,12.453378677368164,11.635150909423828,10.443675994873047,10.284623146057129,11.209108352661133
16.034448623657227,15.754094123840332,15.413887023925781,15.18150520324707,15.380524635314941,15.790227890014648,15.967477798461914,15.965715408325195,16.05189323425293,16.23694610595703,16.50628662109375,16.77977752685547,16.970109939575195,17.06000518798828,17.021751403808594,16.88845443725586,16.6925106048584,16.532672882080078,16.558982849121094,16.711851119995117,16.936328887939453,17.409008026123047,18.034482955932617,18.254032135009766,18.12810516357422,18.10028839111328,18.052202224731445,17.59623146057129,17.18381690979004,17.452993392944336,18.12550163269043,18.5714168548584,18.633403778076172,18.340028762817383,17.914148330688477,17.75139617919922,17.646520614624023,17.091705322265625,15.756796836853027,14.487227439880371,14.229124069213867,14.374201774597168,13.989838600158691,12.888778686523438,12.44014835357666
18.97508430480957,18.578411102294922,18.110580444335938,17.5773868560791,17.388797760009766,17.70807456970215,18.08595085144043,18.186344146728516,18.04860496520996,17.819805145263672,17.723255157470703,17.913005828857422,18.296117782592773,18.663312911987305,18.87314796447754,18.907041549682617,18.825010299682617,18.905597686767578,19.318946838378906,19.920103073120117,20.542272567749023,21.20108413696289,21.761253356933594,21.789413452148438,21.374614715576172,21.28377342224121,21.22653579711914,20.497703552246094,19.826406478881836,19.939903259277344,20.661563873291016,21.28679847717285,21.122539520263672,20.61081886291504,20.32489776611328,20.361217498779297,20.022096633911133,19.138023376464844,17.98933982849121,17.191518783569336,16.99980926513672,16.86753273010254,16.93669319152832,17.0410213470459,17.43582534790039
21.686901092529297,21.256959915161133,20.820924758911133,20.351348876953125,19.956125259399414,19.914649963378906,20.20223045349121,20.427955627441406,20.346281051635742,20.063934326171875,19.845237731933594,19.904924392700195,20.218271255493164,20.62596893310547,21.04925537109375,21.457111358642578,21.845569610595703,22.358362197875977,23.027692794799805,23.715892791748047,24.395912170410156,25.215259552001953,25.914949417114258,26.03934669494629,25.675487518310547,25.48496437072754,25.249921798706055,24.3529109954834,23.59491729736328,23.46580696105957,23.61196517944336,24.04912757873535,24.173067092895508,23.51926040649414,22.71772575378418,22.476245880126953,22.16781234741211,21.356552124023438,20.50586700439453,20.26569175720215,20.361385345458984,20.38077735900879,20.335155487060547,20.455217361450195,21.02381134033203
23.928205490112305,23.50273895263672,23.032169342041016,22.690698623657227,22.52399253845215,22.564472198486328,22.87264060974121,23.2988338470459,23.53439712524414,23.462228775024414,23.26289176940918,23.18743896484375,23.322124481201172,23.594772338867188,23.938772201538086,24.34473991394043,24.85974884033203,25.5750789642334,26.477460861206055,27.246936798095703,27.793298721313477,28.417404174804688,28.90637969970703,28.985326766967773,28.69611167907715,28.560667037963867,28.371688842773438,27.702505111694336,27.31829071044922,27.37012481689453,27.096872329711914,26.955625534057617,27.203771591186523,26.79163932800293,25.78488540649414,24.91254234313965,24.50187110900879,23.940654754638672,23.37287139892578,23.345258712768555,23.674762725830078,23.829931259155273,23.680984497070312,23.790620803833008,23.861188888549805
25.783184051513672,25.512834548950195,25.145811080932617,24.899019241333008,24.984413146972656,25.321876525878906,25.816043853759766,26.45037078857422,27.042783737182617,27.300376892089844,27.191612243652344,26.961822509765625,26.83196258544922,26.881580352783203,27.097322463989258,27.409927368164062,27.785511016845703,28.324914932250977,29.020727157592773,29.593551635742188,29.921899795532227,30.204668045043945,30.675268173217773,30.891271591186523,30.613224029541016,30.36891746520996,30.067277908325195,29.478086471557617,29.4227237701416,29.82488441467285,29.40894889831543,28.9869384765625,29.237913131713867,29.4268798828125,28.934436798095703,27.842819213867188,26.92395782470703,26.36164665222168,26.206480026245117,26.526098251342773,27.065330505371094,27.376266479492188,26.80108070373535,25.913644790649414,25.2937068939209
27.66291046142578,27.725831985473633,27.70708465576172,27.632221221923828,27.757299423217773,28.112796783447266,28.46971893310547,28.79034996032715,29.165977478027344,29.47205924987793,29.52855110168457,29.427188873291016,29.364336013793945,29.42188262939453,29.623109817504883,29.935895919799805,30.27241325378418,30.691938400268555,31.17605972290039,31.522140502929688,31.59706687927246,31.70763397216797,32.065711975097656,32.29892349243164,32.2137565612793,32.00873947143555,31.65822982788086,31.125614166259766,31.147733688354492,31.371986389160156,30.594581604003906,29.840261459350586,30.047300338745117,30.74249267578125,30.882652282714844,30.274005889892578,29.5357608795166,28.949054718017578,28.477523803710938,28.728612899780273,29.640108108520508,30.44757652282715,30.145965576171875,29.100065231323242,28.229970932006836
29.615182876586914,29.766563415527344,29.9884033203125,30.15547752380371,30.32218360900879,30.54202651977539,30.670278549194336,30.621627807617188,30.56926155090332,30.64857292175293,30.782968521118164,30.931201934814453,31.17085838317871,31.505388259887695,31.86266326904297,32.209259033203125,32.60072708129883,32.986534118652344,33.18873596191406,33.17977523803711,33.027286529541016,33.02067565917969,33.32617950439453,33.666927337646484,33.70004653930664,33.627960205078125,33.41703414916992,33.18537902832031,33.189998626708984,33.096073150634766,32.33019256591797,31.694910049438477,31.877065658569336,32.391761779785156,32.51028823852539,32.22521209716797,32.060550689697266,32.05476379394531,31.668663024902344,31.16538429260254,31.386411666870117,32.14508819580078,32.64844512939453,32.69158172607422,32.491493225097656
31.70113754272461,31.849882125854492,32.0622673034668,32.218265533447266,32.33900451660156,32.515525817871094,32.666725158691406,32.631141662597656,32.469058990478516,32.40471649169922,32.533226013183594,32.81012725830078,33.21841049194336,33.71822738647461,34.17011260986328,34.512210845947266,34.885658264160156,35.173118591308594,35.1182746887207,34.88033676147461,34.561866760253906,34.381492614746094,34.56888961791992,34.969966888427734,35.298187255859375,35.484073638916016,35.58872985839844,35.4874153137207,35.385955810546875,34.940284729003906,34.202430725097656,33.763790130615234,33.9312744140625,34.28822326660156,34.27814483642578,33.9116325378418,33.73574447631836,33.86247253417969,33.88016891479492,33.564998626708984,33.41535949707031,33.77187728881836,34.12574005126953,34.41411209106445,34.80069351196289
33.92073059082031,34.06259536743164,34.294883728027344,34.43081283569336,34.485076904296875,34.58480453491211,34.74550247192383,34.82596206665039,34.747703552246094,34.6533088684082,34.72880935668945,35.012855529785156,35.42844772338867,35.89925765991211,36.31978988647461,36.673404693603516,37.010887145996094,37.152164459228516,36.98821258544922,36.77793502807617,36.58546829223633,36.418556213378906,36.40101623535156,36.587791442871094,36.91938781738281,37.29628372192383,37.6362190246582,37.715946197509766,37.59035873413086,36.85768508911133,36.034645080566406,35.520755767822266,35.48589324951172,35.64539337158203,35.70503616333008,35.46688461303711,35.14960479736328,34.96087646484375,34.887569427490234,34.9246711730957,35.27676010131836,35.79584503173828,35.903297424316406,35.77650451660156,35.860843658447266
36.1312141418457,36.210628509521484,36.44013977050781,36.618751525878906,36.659332275390625,36.69906997680664,36.845088958740234,37.00720977783203,37.06267547607422,37.05472183227539,37.13319396972656,37.37019729614258,37.68516540527344,38.00482940673828,38.33735275268555,38.696590423583984,38.99125671386719,39.09385681152344,38.96217346191406,38.8257942199707,38.800662994384766,38.76874923706055,38.70493698120117,38.61113357543945,38.59088134765625,38.82133865356445,39.140541076660156,39.37493133544922,39.295352935791016,38.73870849609375,38.022037506103516,37.521034240722656,37.340545654296875,37.44647216796875,37.54741668701172,37.35590362548828,37.130985260009766,36.90548324584961,36.57433319091797,36.506717681884766,36.941524505615234,37.466697692871094,37.47618865966797,37.17116165161133,37.109825134277344
38.4727668762207,38.38825988769531,38.527286529541016,38.71958541870117,38.795166015625,38.792789459228516,38.86851119995117,39.05356216430664,39.25291061401367,39.42156219482422,39.61671447753906,39.8723258972168,40.1260986328125,40.333072662353516,40.5292854309082,40.74561309814453,40.9766960144043,41.131961822509766,41.10042190551758,40.966129302978516,40.90355682373047,40.89222717285156,40.827239990234375,40.595584869384766,40.20924758911133,40.21025848388672,40.4948844909668,40.78472137451172,40.791404724121094,40.556541442871094,40.22475814819336,39.902523040771484,39.87712478637695,39.954795837402344,39.86302185058594,39.46961212158203,39.178951263427734,39.016727447509766,38.83554458618164,38.94560623168945,39.20589828491211,39.27360534667969,38.9931526184082,38.59413528442383,38.581146240234375
40.99619674682617,40.7546501159668,40.74198913574219,40.88188552856445,41.01116180419922,41.06599426269531,41.115413665771484,41.24197006225586,41.45992660522461,41.72937774658203,42.0218505859375,42.299739837646484,42.53987121582031,42.73937225341797,42.88972091674805,43.05161666870117,43.28058624267578,43.45886993408203,43.4224967956543,43.19338607788086,42.987884521484375,42.887939453125,42.79195022583008,42.4468879699707,41.83395004272461,41.768959045410156,42.04759979248047,42.27766418457031,42.33027267456055,42.22339630126953,42.262062072753906,42.45124816894531,42.60573959350586,42.50509262084961,42.123844146728516,41.50368118286133,41.0246696472168,40.76637268066406,40.75384521484375,41.19789123535156,41.59528732299805,41.44288635253906,40.92477035522461,40.424991607666016,40.36357879638672
43.576541900634766,43.23770523071289,43.06596755981445,43.12711715698242,43.30549240112305,43.47358322143555,43.5990104675293,43.730323791503906,43.9207878112793,44.14965057373047,44.378074645996094,44.53266906738281,44.6700439453125,44.87223815917969,45.14018630981445,45.48246383666992,45.83124542236328,46.002994537353516,45.855350494384766,45.44361114501953,45.054466247558594,44.805782318115234,44.64385986328125,44.16770553588867,43.448787689208984,43.48241424560547,43.54555130004883,43.95361328125,44.27288818359375,43.952457427978516,43.9124641418457,44.4626579284668,45.13459014892578,45.25222396850586,44.737300872802734,43.862159729003906,43.1786003112793,42.7591438293457,42.66570281982422,43.18921661376953,43.73955154418945,43.58303451538086,42.938690185546875,42.37449264526367,42.39109802246094
46.276161193847656,45.94348907470703,45.631858825683594,45.509033203125,45.58519744873047,45.76469039916992,45.98134994506836,46.207374572753906,46.419593811035156,46.592071533203125,46.723690032958984,46.689971923828125,46.64555358886719,46.85907745361328,47.30270004272461,47.83505630493164,48.27109146118164,48.3587760925293,48.09635925292969,47.604248046875,47.10966491699219,46.73173904418945,46.475341796875,45.78810119628906,45.01628112792969,44.90491485595703,44.93238067626953,45.710174560546875,46.30556106567383,45.95270538330078,45.73773956298828,46.40154266357422,47.203819274902344,47.58311080932617,47.352020263671875,46.55641174316406,45.701698303222656,45.14067459106445,44.85872268676758,44.98698043823242,45.38573455810547,45.537349700927734,45.1591796875,44.571937561035156,44.477291107177734
