data/wind_data/wind_26_7.json
{"header": {"parameterUnit": "KT", "parameterCategory": 2, "nx": 256, "ny": 198, "lo1": 44.73521041870117, "la1": -3.236724853515625, "lo2": 111.26478576660156, "la2": 43.468475341796875, "dx": 0.2609002888202667, "dy": -0.23708222806453705, "refTime": "2025-02-20 02:00:00", "forecastTime": 0, "parameterNumber": 2, "parameterNumberName": "eastward_wind"}, "data":
[rows 100 to 119 of 198, columns 176 to 219 of 256]
80.05697631835938,79.97384643554688,80.1352310180664,80.54053497314453,80.9520034790039,81.15275573730469,80.8437271118164,79.86355590820312,78.35003662109375,76.47163391113281,75.02715301513672,75.19358825683594,76.40423583984375,77.09001922607422,76.95358276367188,76.69430541992188,76.64269256591797,76.63014221191406,76.7217025756836,77.16619873046875,77.76424407958984,77.61178588867188,76.53714752197266,75.60966491699219,75.46504211425781,75.61634826660156,75.40831756591797,74.68949127197266,73.77812957763672,73.17849731445312,73.36616516113281,74.01306915283203,74.29076385498047,73.76661682128906,73.07062530517578,73.27996826171875,74.41179656982422,75.51061248779297,75.88414001464844,75.56289672851562,75.19587707519531,75.52108764648438,75.8262939453125,75.1728286743164
82.3770751953125,82.2646713256836,82.23989868164062,82.46614074707031,82.79110717773438,82.98188018798828,82.8184814453125,82.2215576171875,81.13926696777344,79.3222427368164,77.45972442626953,77.13944244384766,78.00493621826172,78.4748764038086,78.3743896484375,78.17359161376953,78.08895111083984,78.18254089355469,78.54076385498047,79.19331359863281,79.81929779052734,79.71003723144531,78.85845184326172,78.05854034423828,77.69578552246094,77.63488006591797,77.51870727539062,76.92240905761719,75.85624694824219,74.91943359375,74.70059204101562,75.05156707763672,75.44049835205078,75.25910949707031,74.55195617675781,74.35822296142578,75.04186248779297,75.9602279663086,76.46099090576172,76.4482421875,76.40748596191406,76.76763153076172,77.23096466064453,77.06893920898438
84.66144561767578,84.68411254882812,84.48958587646484,84.45923614501953,84.62377166748047,84.75732421875,84.68023681640625,84.36363220214844,83.7602767944336,82.34013366699219,80.21983337402344,79.18531036376953,79.6751480102539,79.94898986816406,79.65829467773438,79.43428802490234,79.35208892822266,79.4423828125,79.82367706298828,80.4746322631836,81.08364868164062,81.14559173583984,80.78861999511719,80.443115234375,80.02213287353516,79.63249206542969,79.39678192138672,78.91099548339844,77.98487091064453,76.98067474365234,76.3113784790039,76.04962158203125,76.15570831298828,76.28146362304688,75.9781723022461,75.7575912475586,76.2198257446289,76.88006591796875,77.22444152832031,77.37422943115234,77.6083984375,77.89803314208984,78.0185775756836,77.93336486816406
86.49918365478516,86.66057586669922,86.56670379638672,86.55404663085938,86.68343353271484,86.75907897949219,86.66570281982422,86.41646575927734,86.04142761230469,84.96154022216797,82.8185806274414,81.11609649658203,81.17090606689453,81.61692810058594,81.36673736572266,80.8958740234375,80.61662292480469,80.56893920898438,80.76668548583984,81.24982452392578,81.82965850830078,82.1199722290039,82.15296936035156,82.05411529541016,81.72576141357422,81.46347045898438,81.23890686035156,80.60411071777344,79.6572036743164,78.67735290527344,77.80220031738281,77.09746551513672,76.77459716796875,77.03792572021484,77.27916717529297,77.27494812011719,77.78312683105469,78.49851989746094,78.64961242675781,78.60115051269531,78.8534164428711,79.08833312988281,78.92019653320312,78.6017837524414
87.97835540771484,88.06546783447266,88.1524658203125,88.34014892578125,88.62094116210938,88.78673553466797,88.69590759277344,88.4234390258789,88.1047134399414,87.20980072021484,85.18496704101562,83.04254913330078,82.50614929199219,83.18645477294922,83.39244079589844,82.8370590209961,82.10333251953125,81.71094512939453,81.75836944580078,82.02933502197266,82.44342041015625,82.85541534423828,83.10497283935547,83.11711120605469,82.89592742919922,82.78247833251953,82.64550018310547,81.87545776367188,80.73885345458984,79.88433074951172,79.35264587402344,78.69380187988281,77.99526977539062,78.00013732910156,78.41929626464844,78.57334899902344,79.0691146850586,79.86243438720703,80.0509033203125,79.84403991699219,79.93128967285156,80.09197235107422,79.9022445678711,79.66041564941406
89.38600158691406,89.27853393554688,89.27173614501953,89.51972198486328,90.0372314453125,90.45408630371094,90.44363403320312,90.1236572265625,89.82135772705078,89.27249145507812,87.6693115234375,85.27104949951172,83.96704864501953,84.525146484375,85.14097595214844,84.7513656616211,83.79435729980469,83.09696197509766,82.95803833007812,83.21219635009766,83.57686614990234,83.7448501586914,83.76512145996094,83.8397445678711,83.8351821899414,83.66783142089844,83.4051513671875,82.85159301757812,81.95064544677734,81.1666030883789,80.72814178466797,80.19794464111328,79.5169448852539,79.33071899414062,79.5977554321289,79.64952087402344,79.9040756225586,80.60270690917969,80.94234466552734,80.86944580078125,80.95177459716797,81.05834197998047,81.01778411865234,80.93809509277344
90.80269622802734,90.52132415771484,90.30266571044922,90.3982925415039,90.90736389160156,91.46022033691406,91.65341186523438,91.47283172607422,91.22847747802734,91.03297424316406,90.05265045166016,87.673583984375,85.60368347167969,85.59857940673828,86.27808380126953,86.18189239501953,85.51252746582031,84.78511810302734,84.27555084228516,84.16500091552734,84.58698272705078,85.04222106933594,84.85993194580078,84.33422088623047,84.12773132324219,84.16813659667969,84.18907928466797,84.02999114990234,83.40340423583984,82.61305236816406,82.05020904541016,81.51981353759766,80.98180389404297,80.69784545898438,80.65194702148438,80.66178131103516,80.76983642578125,81.20555114746094,81.65412139892578,81.72996520996094,81.72994232177734,81.91615295410156,82.12361145019531,82.00616455078125
92.31097412109375,92.0726089477539,91.6304931640625,91.2886962890625,91.43351745605469,91.95652770996094,92.42693328857422,92.5638427734375,92.4710464477539,92.41246795654297,91.93438720703125,90.03508758544922,87.52217102050781,86.50098419189453,86.76312255859375,86.91179656982422,86.78472900390625,86.36268615722656,85.70806884765625,85.25672912597656,85.26486206054688,85.63509368896484,85.92644500732422,85.61614227294922,84.96954345703125,84.5816421508789,84.62167358398438,84.88613891601562,84.77758026123047,84.12945556640625,83.39535522460938,82.87064361572266,82.513671875,82.12034606933594,81.64373016357422,81.55089569091797,82.01547241210938,82.35076904296875,82.29761505126953,82.251953125,82.45194244384766,82.85649108886719,83.0505599975586,82.7596206665039
93.41304016113281,93.49728393554688,93.13317108154297,92.50489044189453,92.16691589355469,92.34137725830078,92.81642150878906,93.23162841796875,93.3685302734375,93.33604431152344,93.14464569091797,91.97802734375,89.57540130615234,87.57023620605469,87.13304138183594,87.55611419677734,87.79768371582031,87.44709777832031,86.79041290283203,86.35213470458984,86.24381256103516,86.28546905517578,86.56636047363281,86.96199035644531,86.96202087402344,86.38481140136719,85.5666275024414,85.2129898071289,85.35163879394531,85.16069030761719,84.5567398071289,84.1027603149414,83.92288208007812,83.64708709716797,83.0941390991211,82.83711242675781,83.28632354736328,83.59906768798828,83.12947845458984,82.65326690673828,83.00611877441406,83.83440399169922,84.04823303222656,83.57080078125
94.06446075439453,94.39495849609375,94.30902862548828,93.76587677001953,93.10244750976562,92.69903564453125,92.80225372314453,93.27928924560547,93.69295501708984,93.83948516845703,93.7781982421875,93.24617767333984,91.52750396728516,88.97086334228516,87.76902770996094,88.41433715820312,88.86048889160156,88.33592224121094,87.56237030029297,86.97943115234375,86.72047424316406,86.8069076538086,87.19326782226562,87.75952911376953,88.52528381347656,88.95455169677734,88.06398010253906,86.5512924194336,85.73790740966797,85.46431732177734,85.15341186523438,84.85079193115234,84.81564331054688,84.95498657226562,84.79326629638672,84.53382110595703,84.63817596435547,84.62940216064453,84.11687469482422,83.65184783935547,83.7237548828125,84.2547378540039,84.7308578491211,84.76143646240234
94.533447265625,94.74112701416016,94.75611114501953,94.4065933227539,93.69949340820312,92.93836212158203,92.69647216796875,93.11803436279297,93.70124053955078,94.11627960205078,94.22946166992188,93.973876953125,92.97675323486328,90.67780303955078,88.72459411621094,89.03990936279297,90.0378646850586,89.8647689819336,88.74600982666016,87.50639343261719,86.77794647216797,86.85708618164062,87.50634765625,88.25045013427734,89.27648162841797,90.4898910522461,90.41533660888672,88.81769561767578,87.18819427490234,86.10311889648438,85.32171630859375,84.93807983398438,85.07723236083984,85.68753814697266,86.30689239501953,86.58419036865234,86.5694808959961,86.175048828125,85.70716094970703,85.47807312011719,85.22295379638672,85.04815673828125,85.3884506225586,86.00772094726562
94.92051696777344,94.82697296142578,94.79232788085938,94.59581756591797,94.01260375976562,93.26909637451172,92.953369140625,93.32579040527344,93.97789001464844,94.51455688476562,94.62957763671875,94.36857604980469,94.05909729003906,92.80274963378906,90.34648132324219,89.26233673095703,90.5380630493164,91.44856262207031,90.43695831298828,88.66239929199219,87.41535949707031,87.13472747802734,87.63667297363281,88.46516418457031,89.46245574951172,90.77421569824219,91.43972778320312,90.57617950439453,89.25566101074219,87.97228240966797,86.36229705810547,85.25318908691406,85.19573211669922,85.99490356445312,87.17208099365234,87.976318359375,88.2204360961914,88.1064453125,87.88805389404297,87.65779113769531,87.41572570800781,87.06949615478516,86.80645751953125,87.03431701660156
94.8077163696289,94.48870086669922,94.54945373535156,94.60523223876953,94.35214233398438,93.92406463623047,93.70989990234375,94.01705932617188,94.5458984375,94.81230163574219,94.82304382324219,94.79978942871094,94.90279388427734,94.79876708984375,93.21607971191406,90.59331512451172,89.68759155273438,90.84300231933594,91.28821563720703,90.19427490234375,88.9096450805664,88.24983215332031,88.27679443359375,88.79095458984375,89.47026062011719,90.52470397949219,91.65826416015625,91.67088317871094,90.90312957763672,90.00848388671875,88.50688934326172,86.93206787109375,86.1963882446289,86.66682434082031,87.90568542480469,88.74676513671875,88.97393035888672,89.20337677001953,89.42041015625,89.3341064453125,89.44711303710938,89.63340759277344,88.96139526367188,87.91012573242188
94.31158447265625,93.75493621826172,93.7068862915039,93.93397521972656,94.10382080078125,94.02059173583984,93.93917083740234,94.24913024902344,94.77352142333984,94.9773941040039,94.9788818359375,95.14846801757812,95.29591369628906,95.40142822265625,95.08218383789062,93.118896484375,90.44145965576172,89.34947204589844,89.70886993408203,90.1164321899414,90.22232055664062,90.0925064086914,89.85525512695312,89.66816711425781,89.63301086425781,90.22811889648438,91.6193618774414,92.51933288574219,92.16988372802734,91.51549530029297,90.79898834228516,89.48841094970703,88.27565002441406,88.28521728515625,89.29180908203125,89.86531066894531,89.65943908691406,89.53209686279297,89.73506927490234,89.95590209960938,90.82608795166016,91.9130630493164,90.99398803710938,88.64241027832031
93.63362121582031,92.88436889648438,92.63311767578125,92.63511657714844,92.75141143798828,92.98326110839844,93.29383850097656,93.68150329589844,94.08631896972656,94.39282989501953,94.71582794189453,95.11082458496094,95.3023452758789,95.12031555175781,94.59310150146484,93.8428955078125,92.26986694335938,89.54825592041016,87.78441619873047,88.40235900878906,89.8392333984375,90.85922241210938,91.40180969238281,91.32095336914062,90.75562286376953,90.4844741821289,91.17024993896484,92.44257354736328,93.00995635986328,92.71438598632812,92.3253402709961,91.54288482666016,90.5457763671875,90.4489974975586,91.2197036743164,91.62129974365234,90.83012390136719,89.70001220703125,89.35570526123047,89.80838012695312,91.52011108398438,93.46099853515625,92.55387878417969,89.49993133544922
93.20516967773438,92.38606262207031,91.84363555908203,91.43940734863281,91.24737548828125,91.4545669555664,92.03213500976562,92.7595443725586,93.28190612792969,93.58757019042969,93.95760345458984,94.51850128173828,94.81497192382812,94.27013397216797,93.19497680664062,92.76146697998047,92.49193572998047,90.59066772460938,88.16021728515625,87.3628921508789,88.13985443115234,89.77493286132812,91.5949935913086,92.44265747070312,91.8990478515625,90.99118041992188,90.900146484375,92.05401611328125,93.40876007080078,93.55795288085938,93.03197479248047,92.78368377685547,92.40226745605469,92.19771575927734,92.63988494873047,93.35762023925781,92.6381607055664,90.48896026611328,89.1689682006836,89.61823272705078,91.88742065429688,93.96029663085938,93.00704956054688,90.14740753173828
93.32426452636719,92.47000885009766,91.58586883544922,90.697265625,90.08493041992188,90.02227020263672,90.56752014160156,91.45687866210938,92.18360900878906,92.57136535644531,92.93155670166016,93.52396392822266,93.84012603759766,93.19450378417969,91.94761657714844,91.36412048339844,91.72886657714844,91.25679779052734,89.44346618652344,87.9280776977539,87.62605285644531,88.66580200195312,90.64035034179688,92.09674835205078,91.97989654541016,91.09720611572266,90.94181823730469,92.01351928710938,93.55775451660156,94.08966064453125,93.56122589111328,93.49620819091797,93.67536163330078,93.28226470947266,93.11868286132812,94.28825378417969,94.51844024658203,92.0235366821289,89.70076751708984,89.77914428710938,91.97819519042969,93.4512710571289,92.1345443725586,89.85367584228516
94.01364135742188,93.1536636352539,92.0435562133789,90.70716857910156,89.62823486328125,89.18373107910156,89.47876739501953,90.22786712646484,90.99371337890625,91.55237579345703,92.05751037597656,92.61617279052734,92.6952133178711,92.01764678955078,90.96009826660156,90.36576843261719,90.77606201171875,91.38370513916016,90.81417083740234,89.481201171875,88.67070770263672,88.90605163574219,90.12334442138672,91.4475326538086,91.6318359375,91.03858184814453,91.00174713134766,91.85173034667969,93.26296997070312,94.38826751708984,94.4060287475586,94.04248046875,94.1548080444336,94.01752471923828,93.62388610839844,94.7689437866211,95.79148864746094,93.74606323242188,91.13843536376953,90.93359375,92.16912078857422,92.17609405517578,90.6393814086914,88.99057006835938
94.67601776123047,93.94622802734375,92.90514373779297,91.49044036865234,90.1766128540039,89.33758544921875,89.1723861694336,89.6111831665039,90.38384246826172,91.22628021240234,91.91442108154297,92.26368713378906,91.97586059570312,91.22450256347656,90.35649108886719,89.82960510253906,90.13884735107422,91.20560455322266,91.79417419433594,91.3004150390625,90.56385803222656,90.2301254272461,90.44964599609375,91.04322052001953,91.4604263305664,91.41493225097656,91.28781127929688,91.62944030761719,92.78348541259766,94.30821228027344,94.7870101928711,94.1339111328125,94.00841522216797,94.54777526855469,94.6418228149414,95.35420227050781,96.6286849975586,95.64376068115234,93.21406555175781,92.5628890991211,93.10086059570312,92.0603256225586,90.05876922607422,88.40618896484375
94.96040344238281,94.37755584716797,93.52825164794922,92.24857330322266,90.96922302246094,90.06588745117188,89.7563247680664,90.10694885253906,91.00765991210938,91.97102355957031,92.63683319091797,92.77117919921875,92.1270523071289,91.01625061035156,90.08604431152344,89.60228729248047,89.81005096435547,90.92296600341797,92.23807525634766,92.68061828613281,92.34310150146484,91.91793060302734,91.3783950805664,90.9268798828125,91.12567138671875,91.70005798339844,92.12703704833984,92.32490539550781,92.70674133300781,93.68292999267578,94.33543395996094,94.15106201171875,94.25727844238281,95.03105163574219,95.57549285888672,95.91586303710938,97.03624725341797,97.28479766845703,95.54473876953125,94.60507202148438,94.92803955078125,93.84847259521484,91.29098510742188,88.86116027832031
