data/wind_data/wind_10_1.json
{"header": {"parameterUnit": "KT", "parameterCategory": 2, "nx": 256, "ny": 198, "lo1": 44.73521041870117, "la1": -3.236724853515625, "lo2": 111.26478576660156, "la2": 43.468475341796875, "dx": 0.2609002888202667, "dy": -0.23708222806453705, "refTime": "2025-02-19 10:00:00", "forecastTime": 0, "parameterNumber": 2, "parameterNumberName": "eastward_wind"}, "data":
[rows 38 to 56 of 198, columns 172 to 214 of 256]
-8.325071334838867,-8.702804565429688,-8.435136795043945,-8.715364456176758,-9.012453079223633,-9.0187406539917,-8.13444709777832,-8.678116798400879,-9.140064239501953,-8.058919906616211,-7.402981281280518,-7.440598964691162,-6.996788024902344,-5.731253147125244,-7.142649173736572,-9.227054595947266,-9.249709129333496,-8.215158462524414,-6.474404335021973,-7.000491142272949,-6.136018753051758,-6.281023979187012,-6.406027793884277,-6.99448823928833,-7.713174819946289,-8.189590454101562,-8.23461627960205,-6.923473358154297,-5.886521339416504,-5.176591396331787,-4.495224952697754,-3.6615469455718994,-2.2205727100372314,-0.7198234796524048,0.8795763254165649,1.4690934419631958,0.05882007256150246,-2.48865008354187,-4.502891540527344,-7.154499053955078,-9.437270164489746,-7.106642246246338,-10.42919635772705
-8.024832725524902,-8.561244010925293,-8.12080192565918,-8.41756534576416,-8.978325843811035,-8.715063095092773,-8.185665130615234,-8.340216636657715,-8.32539176940918,-7.875643730163574,-7.707237243652344,-7.743330478668213,-7.475113391876221,-5.895920753479004,-5.994951248168945,-8.458142280578613,-8.980921745300293,-8.100560188293457,-5.917175769805908,-6.983398914337158,-6.597150802612305,-6.826988697052002,-7.443222522735596,-8.0682373046875,-8.79211139678955,-9.135354995727539,-8.864513397216797,-8.064265251159668,-7.177855968475342,-6.571540832519531,-6.1658525466918945,-4.820920944213867,-2.654175043106079,-0.060249797999858856,2.5894968509674072,2.7807364463806152,-0.20952489972114563,-5.745060920715332,-8.01200008392334,-6.582544326782227,-12.642529487609863,-11.682079315185547,-13.00718879699707
-7.61480188369751,-8.283051490783691,-8.218523025512695,-8.073748588562012,-8.496990203857422,-8.815145492553711,-8.102009773254395,-8.082453727722168,-7.769726276397705,-7.850794315338135,-8.18122673034668,-8.022579193115234,-7.687222480773926,-6.678725242614746,-6.342832088470459,-8.25282096862793,-8.487639427185059,-7.449268817901611,-6.3386549949646,-6.585439205169678,-6.82222318649292,-6.921779155731201,-7.644112586975098,-8.61885929107666,-9.288341522216797,-9.499006271362305,-9.465937614440918,-9.430476188659668,-8.86731243133545,-8.067231178283691,-7.352158546447754,-5.12392520904541,-1.9727610349655151,1.4839489459991455,4.122803688049316,3.9304325580596924,0.5326629281044006,-3.9332680702209473,-11.479558944702148,-11.648136138916016,-11.92252254486084,-14.284704208374023,-14.700005531311035
-7.1445441246032715,-7.727141857147217,-8.179762840270996,-7.946954250335693,-8.153721809387207,-8.04047966003418,-7.899110794067383,-7.754695892333984,-7.711730003356934,-7.93058443069458,-8.298874855041504,-8.229450225830078,-7.613375186920166,-6.856367588043213,-6.654269695281982,-7.9048380851745605,-6.8327250480651855,-6.553741455078125,-6.070338726043701,-6.1121134757995605,-6.679588794708252,-7.884956359863281,-7.985416889190674,-8.828241348266602,-9.677114486694336,-9.943400382995605,-9.858356475830078,-9.392476081848145,-8.742718696594238,-7.895251274108887,-6.703515529632568,-4.759633541107178,-1.483402967453003,1.9913828372955322,3.7965140342712402,2.975228786468506,1.3085182905197144,-11.32650375366211,-13.790318489074707,-11.185629844665527,-14.682686805725098,-12.909154891967773,-14.793280601501465
-6.923570156097412,-7.095333099365234,-7.494872093200684,-7.585948944091797,-7.286984920501709,-7.761078357696533,-7.803171634674072,-7.599830627441406,-7.706788063049316,-8.003667831420898,-8.05533218383789,-8.178780555725098,-7.982800006866455,-7.007750034332275,-6.240832805633545,-7.343470096588135,-6.656917572021484,-6.109831809997559,-5.467080116271973,-4.8357367515563965,-7.196521759033203,-9.693593978881836,-8.705938339233398,-8.436272621154785,-9.108514785766602,-9.366366386413574,-8.881016731262207,-8.484018325805664,-7.945822715759277,-6.810840129852295,-5.851751804351807,-4.196933269500732,-1.5118308067321777,1.1011022329330444,2.753054141998291,5.698084831237793,-3.8918473720550537,-19.792251586914062,-8.615983963012695,-15.497349739074707,-10.427177429199219,-14.293240547180176,-12.575851440429688
-7.363462448120117,-6.955082416534424,-6.7409210205078125,-7.2438154220581055,-7.230352401733398,-7.332531452178955,-7.502538204193115,-7.432922840118408,-7.649569988250732,-7.914691925048828,-8.107458114624023,-8.123799324035645,-8.419395446777344,-7.205641269683838,-6.435554504394531,-6.9145426750183105,-6.859585762023926,-5.624880313873291,-4.270227909088135,-6.002224445343018,-10.015459060668945,-11.236748695373535,-9.381961822509766,-8.150358200073242,-7.056240558624268,-6.758121490478516,-6.051599502563477,-5.291263580322266,-4.365577697753906,-2.8950369358062744,-1.8025790452957153,-1.3239301443099976,0.23625566065311432,1.9366525411605835,3.3756868839263916,0.5367642641067505,-11.698599815368652,-12.82972240447998,-11.065363883972168,-14.588446617126465,-10.786320686340332,-11.500802993774414,-12.95501708984375
-7.701826572418213,-7.3625168800354,-6.4966888427734375,-6.45451545715332,-7.224618434906006,-7.023283004760742,-7.1130547523498535,-7.135354995727539,-7.39262056350708,-7.608039379119873,-8.20817756652832,-8.52361011505127,-8.364195823669434,-7.499992370605469,-6.805360794067383,-7.106499195098877,-6.6820573806762695,-4.795525074005127,-4.336555480957031,-9.687644004821777,-11.307442665100098,-10.76554012298584,-10.318201065063477,-9.053266525268555,-6.3275980949401855,-4.4556779861450195,-3.194593906402588,-1.9962810277938843,-0.7639352083206177,0.912533700466156,1.6221026182174683,3.4291183948516846,1.0760416984558105,6.235072135925293,3.129483938217163,-3.645047187805176,-16.694128036499023,-7.127359390258789,-11.5296049118042,-12.878262519836426,-12.507155418395996,-9.611141204833984,-12.750921249389648
-7.929866313934326,-7.725973606109619,-7.153997898101807,-6.680440425872803,-7.236115455627441,-6.848528861999512,-6.528360843658447,-6.934778690338135,-7.090989112854004,-7.347290515899658,-7.765773296356201,-7.9686994552612305,-7.795951843261719,-7.539205551147461,-7.427056312561035,-7.234707832336426,-6.529085159301758,-5.434717655181885,-5.0150651931762695,-9.184429168701172,-10.788718223571777,-10.928260803222656,-10.819283485412598,-9.752673149108887,-7.359382629394531,-4.603001594543457,-1.9221335649490356,0.20106829702854156,1.9182220697402954,4.056280612945557,3.844890594482422,6.236977577209473,1.3417562246322632,5.659335136413574,-0.9061947464942932,-8.611574172973633,-14.558506965637207,-9.792682647705078,-15.10467529296875,-10.763192176818848,-12.137493133544922,-9.990255355834961,-12.956550598144531
-8.029078483581543,-7.848588466644287,-7.581623077392578,-7.487900257110596,-7.177231311798096,-6.518396377563477,-6.331936836242676,-6.639075756072998,-6.767847537994385,-6.840301036834717,-6.888468265533447,-6.987750053405762,-7.321403980255127,-7.733982086181641,-8.007553100585938,-7.519679069519043,-6.895777702331543,-7.327181816101074,-6.505331039428711,-7.012939929962158,-8.684232711791992,-11.32753849029541,-11.084352493286133,-10.399040222167969,-8.295231819152832,-6.002047538757324,-3.2508089542388916,-0.8800269365310669,1.349273920059204,4.1364030838012695,3.628171920776367,5.572233200073242,2.3820204734802246,5.171418190002441,-5.501755237579346,-11.508062362670898,-11.578022003173828,-11.714664459228516,-12.842188835144043,-9.8401460647583,-8.741415977478027,-12.094141006469727,-11.160934448242188
-8.271361351013184,-7.914322853088379,-7.617722988128662,-7.496242523193359,-7.181122303009033,-6.542921543121338,-6.466830253601074,-6.476036071777344,-6.408891677856445,-6.156453609466553,-6.1878581047058105,-6.413106441497803,-6.987293720245361,-7.619582653045654,-8.08691692352295,-7.887933254241943,-7.536563873291016,-8.25799560546875,-8.072443008422852,-7.106142044067383,-7.5996994972229,-8.948081970214844,-11.078889846801758,-11.1732759475708,-9.24241828918457,-6.935954570770264,-4.444854259490967,-1.8068956136703491,0.05612700805068016,2.3542025089263916,2.251070499420166,3.9688830375671387,3.1646382808685303,6.172222137451172,-10.06241226196289,-11.382805824279785,-11.169023513793945,-14.551019668579102,-10.036898612976074,-10.018782615661621,-8.256498336791992,-12.945999145507812,-10.22559928894043
-8.764618873596191,-8.229358673095703,-7.696738243103027,-7.233293533325195,-6.923555374145508,-6.68398904800415,-6.668264389038086,-6.540256500244141,-6.308541774749756,-5.89879035949707,-5.7007975578308105,-5.812889575958252,-6.288335800170898,-7.066976070404053,-7.807949542999268,-8.026280403137207,-7.880241870880127,-7.840085029602051,-7.666113376617432,-8.041998863220215,-8.577946662902832,-8.394875526428223,-10.077885627746582,-11.771950721740723,-10.177851676940918,-8.349664688110352,-5.559298038482666,-2.9182519912719727,-1.476717233657837,0.6832631230354309,2.5187442302703857,4.521918773651123,2.837294816970825,-0.8101223111152649,-11.3197603225708,-12.701488494873047,-11.534671783447266,-14.838883399963379,-11.979743957519531,-12.039846420288086,-9.25476360321045,-11.550803184509277,-9.564715385437012
-8.951919555664062,-8.56644058227539,-8.043532371520996,-7.400983810424805,-6.898563861846924,-6.698441028594971,-6.729935169219971,-6.679861545562744,-6.688652515411377,-6.448931694030762,-5.858128070831299,-5.425835609436035,-5.6420369148254395,-6.420043468475342,-7.142365455627441,-7.41713809967041,-7.554863929748535,-7.528566360473633,-7.188356876373291,-7.022204875946045,-7.947011947631836,-8.9672269821167,-9.58633041381836,-10.2875394821167,-10.583755493164062,-9.42541790008545,-7.078596115112305,-4.691734313964844,-2.7283685207366943,-0.5032390356063843,1.3010751008987427,1.5785969495773315,1.481658935546875,-1.2545872926712036,-15.109058380126953,-11.416570663452148,-13.114291191101074,-13.15942668914795,-10.947686195373535,-11.124221801757812,-9.894988059997559,-11.526371002197266,-9.571883201599121
-8.621811866760254,-8.603672981262207,-8.463851928710938,-8.080060958862305,-7.519759654998779,-6.98676872253418,-6.755783557891846,-6.73576545715332,-7.139249801635742,-7.289026260375977,-6.528094291687012,-5.555513381958008,-5.335887432098389,-5.734522819519043,-6.280441761016846,-6.632828235626221,-7.01323127746582,-7.327077865600586,-7.316746234893799,-6.958056926727295,-6.9021315574646,-7.845464706420898,-8.63644027709961,-9.303360939025879,-10.035850524902344,-9.512962341308594,-7.602407932281494,-5.445087432861328,-3.1877312660217285,-0.9102383852005005,-0.584143877029419,-1.082574725151062,-2.5576083660125732,-4.549141883850098,-15.03747272491455,-10.530315399169922,-11.637443542480469,-11.12716293334961,-11.589653968811035,-9.390546798706055,-10.422162055969238,-9.898969650268555,-9.639634132385254
-7.934164047241211,-8.308804512023926,-8.545674324035645,-8.596965789794922,-8.319696426391602,-7.654819011688232,-7.126638412475586,-7.055980682373047,-7.466507434844971,-7.7947916984558105,-7.237387657165527,-6.186079025268555,-5.629523277282715,-5.389593601226807,-5.423530578613281,-5.755101203918457,-6.290267467498779,-7.030311107635498,-7.239736080169678,-7.104777812957764,-7.000747203826904,-6.9962592124938965,-7.964186191558838,-8.349336624145508,-9.016735076904297,-8.929691314697266,-8.034650802612305,-5.918314456939697,-3.3906633853912354,-1.4528602361679077,-1.7885074615478516,-3.6821017265319824,-3.9735124111175537,-2.732440948486328,-9.619755744934082,-12.79429817199707,-9.323497772216797,-12.06993293762207,-10.602104187011719,-9.709393501281738,-9.570785522460938,-9.357765197753906,-9.012781143188477
-7.100563049316406,-7.546997547149658,-8.033137321472168,-8.431995391845703,-8.540897369384766,-8.303987503051758,-7.95138692855835,-7.711973190307617,-7.678499221801758,-7.783722400665283,-7.676909446716309,-7.10545015335083,-6.413113117218018,-5.6567840576171875,-4.945074081420898,-5.02639627456665,-5.2931599617004395,-6.222568988800049,-6.751765251159668,-6.8354034423828125,-6.657597541809082,-6.716987609863281,-7.026055812835693,-7.593388557434082,-7.984978199005127,-8.269391059875488,-8.028070449829102,-6.441117763519287,-3.859422206878662,-2.187864065170288,-2.4601261615753174,-4.444293022155762,-4.210817813873291,-2.688538074493408,-7.340332508087158,-13.588626861572266,-8.198412895202637,-12.131580352783203,-9.888004302978516,-9.274292945861816,-9.538028717041016,-8.388873100280762,-8.292365074157715
-6.448843479156494,-6.690330505371094,-7.104874610900879,-7.602625846862793,-8.008088111877441,-8.290491104125977,-8.548824310302734,-8.511883735656738,-7.940082550048828,-7.583524703979492,-7.872299671173096,-7.994781017303467,-7.187496662139893,-6.2704081535339355,-5.279456615447998,-4.908905982971191,-4.834636688232422,-5.164984703063965,-5.6734418869018555,-6.1020002365112305,-6.341351509094238,-6.5625834465026855,-6.66218900680542,-6.694011688232422,-6.989003658294678,-7.312056541442871,-7.127087593078613,-6.554271221160889,-4.601641654968262,-2.6571154594421387,-2.2777812480926514,-3.479241371154785,-3.7954790592193604,-0.9603139162063599,-5.844846248626709,-12.5137300491333,-8.6350679397583,-12.426190376281738,-7.692514419555664,-8.815594673156738,-7.64378547668457,-7.151891708374023,-6.742251396179199
-6.046701908111572,-6.107232093811035,-6.457006454467773,-6.846345901489258,-7.155132293701172,-7.5570197105407715,-8.232129096984863,-8.71476936340332,-8.184192657470703,-7.4232635498046875,-7.810229778289795,-8.475504875183105,-7.737202167510986,-6.718408584594727,-6.240023136138916,-5.254546165466309,-5.517124176025391,-4.611660957336426,-4.801604270935059,-4.888952732086182,-5.548107624053955,-5.913722515106201,-6.220959186553955,-6.189208984375,-6.237989902496338,-6.2991251945495605,-5.892598628997803,-5.8075971603393555,-4.78852653503418,-3.1299097537994385,-1.8946644067764282,-2.3482234477996826,-3.6065516471862793,-2.129136085510254,-4.605704307556152,-9.552971839904785,-10.745391845703125,-9.946615219116211,-5.77952766418457,-8.496946334838867,-5.087767124176025,-6.224971294403076,-4.22230863571167
-5.955467224121094,-5.7904372215271,-6.065798282623291,-6.480489730834961,-6.683152675628662,-6.936150074005127,-7.404389381408691,-7.916757106781006,-7.77571964263916,-6.911799907684326,-7.120664119720459,-8.496109008789062,-8.164560317993164,-6.879330635070801,-7.1275763511657715,-5.348404407501221,-6.475007057189941,-4.8183417320251465,-4.991015434265137,-4.053408622741699,-4.6061577796936035,-4.927703380584717,-5.3311004638671875,-5.4737749099731445,-5.545289993286133,-5.443382740020752,-5.058658599853516,-4.683762073516846,-4.248926639556885,-3.1921820640563965,-2.1578333377838135,-1.7267688512802124,-2.5461513996124268,-3.61265230178833,-6.588315486907959,-7.296555519104004,-8.811378479003906,-6.61141300201416,-5.476153373718262,-6.159946918487549,-3.7441599369049072,-4.7433857917785645,-2.1223294734954834
-5.9889750480651855,-5.740310192108154,-5.886435508728027,-6.2982635498046875,-6.511104583740234,-6.499943733215332,-6.590185165405273,-6.701262950897217,-6.566367149353027,-5.728509902954102,-5.76709508895874,-8.383965492248535,-8.723774909973145,-6.595202922821045,-7.863289833068848,-5.240126132965088,-6.571394443511963,-5.096062183380127,-5.319031238555908,-4.277194976806641,-4.1099042892456055,-4.017645835876465,-4.270966053009033,-4.46377420425415,-4.6092658042907715,-4.511196613311768,-4.218547821044922,-3.7976932525634766,-3.4658284187316895,-2.8463377952575684,-1.8078900575637817,-0.781710147857666,-0.7219035625457764,-2.275562286376953,-2.230473279953003,-0.7995018362998962,-4.267158508300781,-7.421395778656006,-5.548425674438477,-3.954606056213379,-2.967113494873047,-3.1890499591827393,-0.7010127902030945
