data/wind_data/wind_64_1.json
{"header": {"parameterUnit": "KT", "parameterCategory": 2, "nx": 256, "ny": 198, "lo1": 44.73521041870117, "la1": -3.236724853515625, "lo2": 111.26478576660156, "la2": 43.468475341796875, "dx": 0.2609002888202667, "dy": -0.23708222806453705, "refTime": "2025-02-21 16:00:00", "forecastTime": 0, "parameterNumber": 2, "parameterNumberName": "eastward_wind"}, "data":
[rows 38 to 56 of 198, columns 43 to 85 of 256]
-12.598402976989746,-12.584915161132812,-12.293757438659668,-11.91678237915039,-12.849549293518066,-12.339417457580566,-11.636102676391602,-11.485164642333984,-11.393946647644043,-11.627215385437012,-12.017614364624023,-11.941468238830566,-12.330981254577637,-12.113130569458008,-11.859269142150879,-11.66999626159668,-11.119436264038086,-11.854728698730469,-13.262282371520996,-12.459850311279297,-13.039506912231445,-13.288280487060547,-13.89075756072998,-13.718229293823242,-13.326349258422852,-11.900405883789062,-11.17911434173584,-11.475630760192871,-10.619239807128906,-10.658080101013184,-12.069840431213379,-12.580574989318848,-12.160259246826172,-9.644180297851562,-6.512412071228027,-7.914830207824707,-11.782267570495605,-9.547045707702637,-7.471578121185303,-7.844211578369141,-8.98233413696289,-10.01726245880127,-9.757033348083496
-12.597094535827637,-12.15944766998291,-12.619829177856445,-12.345232009887695,-12.074069023132324,-12.161781311035156,-11.662958145141602,-12.08643627166748,-11.471436500549316,-10.774353981018066,-11.4780855178833,-10.921890258789062,-12.246516227722168,-12.644285202026367,-12.211427688598633,-11.222129821777344,-11.775678634643555,-12.513422012329102,-12.340649604797363,-12.257174491882324,-13.602298736572266,-12.993399620056152,-11.852622032165527,-12.650923728942871,-13.486541748046875,-12.981134414672852,-11.853358268737793,-10.721632957458496,-9.481730461120605,-11.211343765258789,-13.628982543945312,-12.261580467224121,-10.093210220336914,-8.42030143737793,-8.75080680847168,-9.618998527526855,-10.325031280517578,-9.885369300842285,-9.308492660522461,-9.8409423828125,-9.447664260864258,-9.234509468078613,-9.008966445922852
-12.868369102478027,-12.744163513183594,-12.460318565368652,-11.61476993560791,-11.684362411499023,-12.412314414978027,-11.267602920532227,-10.450237274169922,-9.849034309387207,-9.897835731506348,-10.229223251342773,-10.74517822265625,-12.88513469696045,-13.19426155090332,-11.888842582702637,-10.933143615722656,-11.43815803527832,-12.255111694335938,-12.493042945861816,-12.584366798400879,-12.40751838684082,-10.066534042358398,-7.107852935791016,-9.228657722473145,-13.060696601867676,-14.886573791503906,-13.409018516540527,-10.048355102539062,-8.900023460388184,-10.621488571166992,-12.015283584594727,-12.490635871887207,-10.75399112701416,-9.791243553161621,-10.62640380859375,-10.061272621154785,-9.137429237365723,-8.152267456054688,-8.641670227050781,-8.088306427001953,-8.693394660949707,-7.246705532073975,-5.987497806549072
-12.24731159210205,-12.756590843200684,-12.348380088806152,-11.232685089111328,-11.353062629699707,-11.466032028198242,-10.868586540222168,-9.59916877746582,-9.427091598510742,-10.727136611938477,-11.295632362365723,-12.360292434692383,-13.402603149414062,-13.347420692443848,-11.829071998596191,-10.387436866760254,-9.737110137939453,-12.899944305419922,-13.973804473876953,-12.258310317993164,-11.546781539916992,-8.499388694763184,-6.932288646697998,-9.802903175354004,-14.591845512390137,-14.97117805480957,-14.142822265625,-10.748624801635742,-11.641036987304688,-12.777547836303711,-11.64521312713623,-12.64466381072998,-11.43320369720459,-9.92123031616211,-8.695125579833984,-6.839117050170898,-7.281123161315918,-7.905876159667969,-5.50354528427124,-5.3283562660217285,-8.284465789794922,-7.671858310699463,-4.350158214569092
-11.812515258789062,-12.537654876708984,-12.006878852844238,-11.02458667755127,-10.43619441986084,-9.950407028198242,-9.617944717407227,-10.458478927612305,-11.128622055053711,-11.951813697814941,-12.664423942565918,-13.20190143585205,-13.26006031036377,-12.743779182434082,-12.078518867492676,-11.218934059143066,-11.080002784729004,-12.306931495666504,-13.647772789001465,-12.32165241241455,-11.69483470916748,-10.683106422424316,-11.316293716430664,-14.066804885864258,-15.410935401916504,-14.485118865966797,-13.109496116638184,-12.439192771911621,-12.584183692932129,-12.756908416748047,-12.445063591003418,-11.821356773376465,-10.254854202270508,-9.199272155761719,-6.594365119934082,-4.264194965362549,-6.656351566314697,-9.818181991577148,-7.03336238861084,-4.8611884117126465,-6.370553493499756,-7.584808826446533,-6.988552093505859
-11.232495307922363,-11.733235359191895,-11.82905101776123,-10.528480529785156,-9.437833786010742,-8.665934562683105,-10.433652877807617,-11.62447738647461,-10.97898006439209,-12.593334197998047,-13.186905860900879,-13.350438117980957,-13.399039268493652,-12.409546852111816,-11.981953620910645,-11.887452125549316,-12.751882553100586,-11.880630493164062,-12.265769958496094,-12.96961498260498,-12.114381790161133,-11.120040893554688,-11.746123313903809,-13.626873970031738,-13.827436447143555,-11.821518898010254,-11.224872589111328,-10.745330810546875,-10.995140075683594,-11.95051097869873,-13.066137313842773,-11.32747745513916,-9.190744400024414,-8.525060653686523,-7.548663139343262,-7.82509708404541,-9.211038589477539,-9.977761268615723,-7.96480655670166,-7.049104690551758,-6.7105817794799805,-6.804769992828369,-7.933279037475586
-11.069486618041992,-11.349725723266602,-11.547109603881836,-10.234049797058105,-8.998641967773438,-10.067989349365234,-11.744888305664062,-11.292076110839844,-10.630514144897461,-12.2887544631958,-13.125256538391113,-13.875956535339355,-13.31600570678711,-12.591621398925781,-11.938100814819336,-12.34634780883789,-12.765671730041504,-13.171704292297363,-13.45941162109375,-12.05273723602295,-10.934219360351562,-11.366045951843262,-12.970890998840332,-13.524222373962402,-11.320144653320312,-10.7574462890625,-10.92626667022705,-11.194637298583984,-11.96202278137207,-13.119662284851074,-12.477914810180664,-10.81100845336914,-9.978307723999023,-9.519623756408691,-9.379049301147461,-9.729159355163574,-9.607232093811035,-8.911774635314941,-6.7797393798828125,-6.238649845123291,-6.446437358856201,-6.703665256500244,-7.191568374633789
-11.136330604553223,-11.289739608764648,-11.14234733581543,-9.971291542053223,-9.727746963500977,-10.98647403717041,-11.09174919128418,-11.185893058776855,-11.38402271270752,-11.827871322631836,-12.987842559814453,-13.659492492675781,-12.681900978088379,-12.147762298583984,-12.711155891418457,-13.982980728149414,-14.225768089294434,-13.866626739501953,-12.467334747314453,-10.68578052520752,-10.55272102355957,-13.18273639678955,-13.575766563415527,-11.450705528259277,-11.496634483337402,-11.50788402557373,-11.960695266723633,-12.183001518249512,-12.8436861038208,-12.072229385375977,-10.884439468383789,-10.338929176330566,-10.190352439880371,-9.907233238220215,-9.306742668151855,-9.181185722351074,-8.901666641235352,-7.713090419769287,-6.729227066040039,-6.331984043121338,-6.343164443969727,-5.779003620147705,-5.569339275360107
-10.328438758850098,-10.998028755187988,-10.981666564941406,-10.141698837280273,-9.781659126281738,-9.318352699279785,-8.893101692199707,-9.353044509887695,-11.58203125,-12.51324462890625,-12.09960651397705,-13.24312973022461,-12.384765625,-11.646464347839355,-13.343873977661133,-14.702040672302246,-13.394316673278809,-12.227855682373047,-11.177093505859375,-10.96643352508545,-11.762499809265137,-14.00033187866211,-13.033400535583496,-11.706671714782715,-12.070819854736328,-11.990413665771484,-12.960904121398926,-12.26093864440918,-12.08770751953125,-11.473769187927246,-10.543180465698242,-9.892212867736816,-9.843355178833008,-8.486509323120117,-8.169352531433105,-8.770922660827637,-8.081055641174316,-7.332482814788818,-6.103201866149902,-5.259940147399902,-5.716856956481934,-4.631984233856201,-3.7293412685394287
-10.151786804199219,-10.201469421386719,-11.448988914489746,-10.025581359863281,-9.390640258789062,-8.793320655822754,-8.725533485412598,-9.130852699279785,-12.469869613647461,-14.252442359924316,-12.088367462158203,-12.008360862731934,-10.82405948638916,-8.975085258483887,-11.57824993133545,-14.34048843383789,-12.988997459411621,-11.438393592834473,-12.046256065368652,-12.297541618347168,-12.575867652893066,-13.91246223449707,-13.140314102172852,-12.210793495178223,-12.421643257141113,-12.62867259979248,-11.642497062683105,-11.339924812316895,-11.67451286315918,-11.028139114379883,-9.988415718078613,-8.548280715942383,-7.793755054473877,-7.139994144439697,-7.96940279006958,-8.245854377746582,-7.467251300811768,-6.738105773925781,-5.058246612548828,-4.176192283630371,-4.122697830200195,-2.928489923477173,-2.6048803329467773
-11.115945816040039,-10.003487586975098,-10.233487129211426,-10.630309104919434,-9.875882148742676,-9.806255340576172,-11.212597846984863,-12.975656509399414,-13.875990867614746,-14.140344619750977,-13.384138107299805,-11.440704345703125,-11.430547714233398,-10.756877899169922,-11.941976547241211,-12.95415210723877,-13.46245002746582,-13.462626457214355,-13.73962116241455,-12.806591033935547,-12.891778945922852,-13.193845748901367,-12.358782768249512,-12.217537879943848,-12.444116592407227,-12.15507698059082,-9.653397560119629,-9.26103687286377,-11.117890357971191,-10.395625114440918,-9.331995010375977,-7.421626091003418,-6.355493545532227,-6.76370906829834,-8.715497016906738,-8.174842834472656,-6.326796054840088,-5.697478294372559,-5.598970413208008,-5.649502754211426,-3.42930006980896,-1.2787524461746216,-3.521411180496216
-10.808509826660156,-10.437106132507324,-9.80664348602295,-11.200784683227539,-10.37778091430664,-10.049595832824707,-12.650550842285156,-13.631718635559082,-13.345519065856934,-13.372366905212402,-12.58779239654541,-11.790234565734863,-12.983701705932617,-13.481993675231934,-13.157293319702148,-11.61353874206543,-12.05163288116455,-14.310162544250488,-14.304265975952148,-12.488208770751953,-13.235065460205078,-12.555597305297852,-11.597135543823242,-11.154051780700684,-11.811885833740234,-12.038592338562012,-9.883078575134277,-10.168701171875,-11.73613452911377,-10.971061706542969,-9.105457305908203,-7.903428077697754,-8.458929061889648,-9.693086624145508,-9.820261001586914,-8.914164543151855,-6.633722305297852,-7.43593168258667,-7.302247047424316,-6.133733749389648,-4.449295520782471,-3.373728036880493,-5.6388444900512695
-10.135592460632324,-9.496834754943848,-9.385017395019531,-9.962624549865723,-10.369569778442383,-10.679214477539062,-12.338676452636719,-11.860655784606934,-11.548850059509277,-13.032869338989258,-11.481149673461914,-13.10661506652832,-14.545736312866211,-12.4895601272583,-11.991555213928223,-12.885229110717773,-13.930410385131836,-13.289093971252441,-12.718367576599121,-13.246784210205078,-13.529839515686035,-11.849985122680664,-10.305377960205078,-10.227058410644531,-12.255311012268066,-13.071992874145508,-11.27170181274414,-11.499341011047363,-11.515525817871094,-10.190604209899902,-8.86978530883789,-8.64004898071289,-9.844611167907715,-9.939105033874512,-9.689607620239258,-8.716024398803711,-7.978000640869141,-7.295452117919922,-6.52083683013916,-5.916932106018066,-4.8362650871276855,-6.0760064125061035,-5.791424751281738
-8.686808586120605,-8.59531307220459,-9.371352195739746,-10.565142631530762,-10.04625129699707,-10.265237808227539,-11.391200065612793,-12.303912162780762,-11.925092697143555,-12.527233123779297,-11.605352401733398,-13.455710411071777,-14.464864730834961,-12.461018562316895,-12.645349502563477,-13.51065444946289,-12.990981101989746,-11.96410083770752,-11.807029724121094,-13.504661560058594,-13.89444637298584,-10.900821685791016,-10.50766372680664,-11.824633598327637,-12.65296745300293,-12.493270874023438,-11.529566764831543,-11.119569778442383,-10.131121635437012,-9.075270652770996,-8.6145601272583,-8.951407432556152,-8.836520195007324,-8.079046249389648,-7.8830885887146,-7.430873870849609,-7.332503795623779,-6.048894882202148,-4.089388847351074,-5.066839694976807,-6.0074052810668945,-5.593433856964111,-5.201223850250244
-8.083706855773926,-9.173484802246094,-10.457527160644531,-10.357855796813965,-9.927205085754395,-9.098370552062988,-10.718071937561035,-14.051936149597168,-12.83398151397705,-11.380949974060059,-12.314669609069824,-12.752484321594238,-13.629097938537598,-13.168773651123047,-12.822918891906738,-12.79713249206543,-12.224270820617676,-12.379905700683594,-12.621159553527832,-13.353398323059082,-12.339203834533691,-11.043469429016113,-11.961822509765625,-12.617311477661133,-11.765122413635254,-11.407495498657227,-10.414593696594238,-10.7540283203125,-10.157858848571777,-8.825887680053711,-8.465213775634766,-8.780651092529297,-8.3528413772583,-7.9195051193237305,-7.460996627807617,-6.464496612548828,-6.492974281311035,-5.195824146270752,-3.7835323810577393,-5.243800640106201,-5.48184061050415,-5.165380001068115,-4.686855316162109
-8.876704216003418,-9.026415824890137,-11.217018127441406,-9.834579467773438,-10.245670318603516,-9.872745513916016,-11.79891586303711,-13.736593246459961,-12.734588623046875,-11.107466697692871,-11.922574043273926,-11.460116386413574,-12.386160850524902,-14.159829139709473,-13.780962944030762,-12.010998725891113,-12.350470542907715,-13.119034767150879,-12.278882026672363,-11.759624481201172,-11.236860275268555,-11.388509750366211,-12.279036521911621,-12.269904136657715,-11.84884262084961,-11.56911849975586,-10.491595268249512,-10.760224342346191,-10.659468650817871,-9.544062614440918,-9.251976013183594,-9.085259437561035,-8.505446434020996,-7.987139701843262,-7.366868495941162,-6.7194085121154785,-5.815207481384277,-5.515234470367432,-4.5377583503723145,-4.856296539306641,-4.9207587242126465,-4.384794235229492,-4.168507099151611
-10.320191383361816,-8.819972038269043,-10.207696914672852,-10.68441104888916,-10.32669448852539,-9.925310134887695,-11.16236400604248,-12.025252342224121,-11.045095443725586,-11.763516426086426,-11.561485290527344,-11.134324073791504,-12.544083595275879,-14.3413667678833,-13.670272827148438,-11.537880897521973,-12.857736587524414,-13.78731918334961,-12.207940101623535,-12.087740898132324,-12.14775562286377,-12.168981552124023,-12.23837661743164,-12.41496467590332,-12.185402870178223,-11.28669261932373,-10.672143936157227,-10.914219856262207,-11.075469017028809,-10.046364784240723,-9.30611801147461,-8.523262977600098,-7.806024551391602,-7.191616535186768,-6.097583770751953,-4.6489996910095215,-5.30158805847168,-4.752748012542725,-4.676797866821289,-3.461228609085083,-4.14013671875,-4.3550310134887695,-3.3181183338165283
-10.874217987060547,-9.25754451751709,-10.516493797302246,-10.784014701843262,-10.327698707580566,-9.372044563293457,-10.270527839660645,-10.909080505371094,-10.88774299621582,-11.423686027526855,-11.911733627319336,-12.380298614501953,-13.40468692779541,-13.209508895874023,-11.779407501220703,-11.664776802062988,-12.973018646240234,-14.083599090576172,-12.309706687927246,-12.644820213317871,-12.051913261413574,-11.570489883422852,-12.024476051330566,-11.960838317871094,-11.431239128112793,-10.133657455444336,-9.998659133911133,-10.19505500793457,-10.609745979309082,-9.562525749206543,-8.541427612304688,-7.751342296600342,-6.592733383178711,-6.363649368286133,-5.684792995452881,-3.975630283355713,-3.936206340789795,-4.058382511138916,-3.4490926265716553,-2.766472339630127,-3.5474095344543457,-3.5059618949890137,-2.863374710083008
-9.897234916687012,-9.903099060058594,-10.44216251373291,-10.589360237121582,-9.785061836242676,-10.349035263061523,-10.853415489196777,-10.246528625488281,-10.618109703063965,-11.694552421569824,-12.255241394042969,-12.39153003692627,-12.37359619140625,-11.908889770507812,-11.942676544189453,-12.449393272399902,-12.902698516845703,-12.46028995513916,-12.634929656982422,-12.936151504516602,-11.250466346740723,-10.96257495880127,-11.317048072814941,-11.931517601013184,-11.84017562866211,-10.376973152160645,-10.17195987701416,-9.753003120422363,-9.33764362335205,-9.530332565307617,-8.340262413024902,-7.316993713378906,-5.678595542907715,-5.037540912628174,-5.161174297332764,-4.489884853363037,-4.063604354858398,-3.502608299255371,-2.838324785232544,-3.3307712078094482,-3.868025779724121,-3.8396530151367188,-3.7070939540863037
