data/wind_data/wind_49_3.json
{"header": {"parameterUnit": "KT", "parameterCategory": 2, "nx": 256, "ny": 198, "lo1": 44.73521041870117, "la1": -3.236724853515625, "lo2": 111.26478576660156, "la2": 43.468475341796875, "dx": 0.2609002888202667, "dy": -0.23708222806453705, "refTime": "2025-02-21 01:00:00", "forecastTime": 0, "parameterNumber": 2, "parameterNumberName": "eastward_wind"}, "data":
[rows 133 to 151 of 198, columns 132 to 175 of 256]
20.975746154785156,23.000944137573242,23.314102172851562,25.448732376098633,27.174144744873047,29.833890914916992,32.864559173583984,38.501441955566406,43.42299270629883,45.81159210205078,46.95068359375,42.660518646240234,37.30940628051758,38.669837951660156,38.675357818603516,35.07072067260742,29.664569854736328,28.142467498779297,31.595571517944336,38.65610122680664,45.02248001098633,46.28830337524414,42.7100715637207,35.65499496459961,26.400577545166016,23.206581115722656,25.06919288635254,23.2315673828125,19.281511306762695,19.76432991027832,21.840015411376953,22.688371658325195,22.5938777923584,22.269105911254883,21.653705596923828,20.92913246154785,21.3649959564209,21.56884765625,20.906570434570312,20.545595169067383,20.454133987426758,19.886150360107422,21.187061309814453,21.531635284423828
19.23954200744629,18.935821533203125,23.72892951965332,30.41300392150879,28.793594360351562,34.72462844848633,42.488525390625,44.58839797973633,42.87873840332031,45.53935623168945,45.57574462890625,44.251502990722656,40.98792266845703,37.405094146728516,31.78299331665039,30.81743812561035,31.290571212768555,28.5422420501709,30.038022994995117,36.80330276489258,42.99897384643555,45.03395080566406,40.44620895385742,30.25693702697754,22.38321304321289,22.529285430908203,24.26814079284668,22.71855354309082,20.738018035888672,21.507593154907227,22.960954666137695,23.59002685546875,23.120006561279297,22.5283260345459,21.615060806274414,21.060577392578125,21.73046112060547,22.479902267456055,22.53937339782715,21.583297729492188,20.677743911743164,19.02573013305664,20.67768669128418,21.821001052856445
20.28370475769043,21.411237716674805,27.966203689575195,38.55762481689453,42.78116989135742,46.403602600097656,50.57022476196289,47.888023376464844,42.23674011230469,44.967132568359375,43.370567321777344,40.33830642700195,39.200531005859375,39.32340621948242,36.80046463012695,33.625423431396484,32.799217224121094,31.20325469970703,34.53397750854492,39.04407501220703,42.93437957763672,47.96284103393555,41.27693176269531,27.337919235229492,21.692541122436523,22.018795013427734,22.810636520385742,22.602657318115234,22.488271713256836,23.462045669555664,24.53765869140625,23.966489791870117,23.06511116027832,23.029542922973633,22.963497161865234,22.731040954589844,23.041990280151367,23.365848541259766,23.61836814880371,22.75416374206543,21.804222106933594,20.750934600830078,20.965274810791016,21.51504898071289
35.76673889160156,38.87183380126953,41.409324645996094,47.5279655456543,52.99885177612305,54.9506721496582,53.5560188293457,48.58007049560547,42.181270599365234,41.86183166503906,42.4732666015625,38.29682922363281,36.66455841064453,38.43891525268555,40.695556640625,42.97346878051758,42.77204513549805,42.7642822265625,44.07160186767578,40.24934768676758,39.051963806152344,39.627323150634766,31.122947692871094,24.11174774169922,22.424938201904297,23.8577880859375,24.902921676635742,23.732858657836914,23.716215133666992,25.5114803314209,25.67113494873047,23.6463680267334,22.927961349487305,23.85732650756836,24.290054321289062,24.712976455688477,25.204368591308594,25.097959518432617,24.5767765045166,23.57575225830078,22.634366989135742,22.147687911987305,22.512229919433594,21.31637954711914
49.82661437988281,56.553951263427734,59.479312896728516,58.870269775390625,56.709251403808594,54.124542236328125,50.40312576293945,46.868141174316406,43.93874740600586,42.68343734741211,45.222007751464844,47.648033142089844,48.71398162841797,49.062767028808594,48.25161361694336,50.54068374633789,53.40536117553711,54.87445831298828,52.20444107055664,40.68755340576172,31.063276290893555,26.6092586517334,23.86966323852539,23.0479793548584,23.29970932006836,25.314350128173828,25.592058181762695,24.97953987121582,25.329906463623047,26.511152267456055,24.920167922973633,23.132680892944336,23.253507614135742,25.547760009765625,26.69295883178711,26.971084594726562,26.730270385742188,25.616832733154297,24.592512130737305,24.017906188964844,23.581371307373047,22.8560733795166,21.48363494873047,21.69013214111328
60.516937255859375,67.45726013183594,67.01104736328125,61.41972351074219,54.50489807128906,51.21513748168945,49.016544342041016,49.03330993652344,50.15330123901367,50.03245544433594,51.88528060913086,56.79487228393555,61.542911529541016,62.69989776611328,59.030059814453125,56.780494689941406,58.68989562988281,60.588226318359375,53.96307373046875,41.38418197631836,31.744672775268555,26.84473991394043,25.487733840942383,24.817806243896484,24.35980987548828,25.013545989990234,24.859825134277344,26.47994041442871,26.701181411743164,25.973787307739258,26.381486892700195,25.249935150146484,25.35922622680664,27.500635147094727,29.958715438842773,29.824207305908203,27.80083465576172,25.719696044921875,24.996292114257812,24.261348724365234,23.66189956665039,23.380529403686523,22.39815330505371,20.919349670410156
66.70677185058594,65.10444641113281,57.2359733581543,49.604736328125,48.170467376708984,49.51008605957031,51.988922119140625,55.79942321777344,58.218292236328125,58.22132110595703,58.399810791015625,61.035987854003906,65.16302490234375,66.43750762939453,62.362796783447266,58.44797134399414,59.29820251464844,60.70389175415039,50.84534454345703,41.25636672973633,36.442169189453125,33.14528274536133,32.94344711303711,32.7646484375,28.093013763427734,26.970796585083008,28.32929801940918,30.08065414428711,31.113916397094727,30.64918327331543,28.1568546295166,26.412399291992188,28.348838806152344,30.250608444213867,31.686904907226562,31.21035385131836,28.285968780517578,26.51662254333496,26.011030197143555,24.97149085998535,24.23979377746582,25.092710494995117,24.7570743560791,22.876720428466797
57.17530059814453,50.32261657714844,45.4821662902832,46.02527618408203,49.0141487121582,51.974639892578125,57.44377517700195,60.91720199584961,61.1060905456543,59.91269302368164,58.61029815673828,59.950584411621094,63.33620834350586,63.32618713378906,58.78192901611328,56.13557434082031,59.005306243896484,60.67045593261719,51.42054748535156,41.89552688598633,38.505821228027344,39.725013732910156,42.207454681396484,41.674747467041016,35.24486541748047,34.20480728149414,33.24211883544922,29.9383602142334,30.244604110717773,29.804651260375977,26.746450424194336,26.023569107055664,29.437814712524414,31.88960838317871,31.515546798706055,30.801286697387695,29.43058967590332,27.76251792907715,26.4537410736084,25.482006072998047,24.661466598510742,24.951133728027344,25.89239501953125,24.573516845703125
46.48627853393555,41.484561920166016,42.03975296020508,46.10133361816406,48.66321563720703,52.33732986450195,57.80069351196289,59.279052734375,57.40421676635742,55.42672348022461,54.43003845214844,55.13502502441406,57.57814025878906,58.07240295410156,55.462337493896484,55.405765533447266,58.95106887817383,56.06883239746094,44.56298065185547,38.683841705322266,40.094791412353516,42.03290939331055,40.24027633666992,36.39679718017578,35.59407043457031,36.24014663696289,33.578269958496094,31.30098533630371,29.467227935791016,27.032455444335938,25.11654281616211,25.989154815673828,30.287628173828125,33.49790573120117,31.973773956298828,30.09146499633789,29.289121627807617,27.50554847717285,25.673633575439453,24.122943878173828,22.587175369262695,22.15237045288086,22.808704376220703,23.094329833984375
46.38277053833008,39.900672912597656,42.286312103271484,48.92160415649414,51.9051628112793,54.25749588012695,52.648948669433594,47.97482681274414,47.7302131652832,49.590579986572266,49.96484375,50.250396728515625,51.45784378051758,52.41265106201172,52.60009765625,53.197853088378906,51.47203063964844,44.55180740356445,38.35230255126953,37.603084564208984,39.998905181884766,39.911930084228516,37.57503128051758,36.95151901245117,36.5883674621582,33.63594055175781,33.83406066894531,33.57356643676758,28.870750427246094,25.77092170715332,26.045143127441406,28.446481704711914,33.45857620239258,36.15658950805664,33.23267364501953,29.51761245727539,27.469650268554688,25.99337387084961,23.757583618164062,20.751073837280273,18.53894805908203,18.959728240966797,19.815040588378906,19.582778930664062
53.4777717590332,52.473819732666016,53.7818603515625,52.177757263183594,48.64394760131836,48.54075241088867,46.62055206298828,41.79609298706055,41.61748123168945,43.76984786987305,43.57374572753906,44.26462936401367,46.58892059326172,49.17536544799805,47.82099914550781,42.845706939697266,37.985904693603516,35.56557846069336,34.3468132019043,35.12751770019531,37.285099029541016,37.80857849121094,37.69358444213867,36.274658203125,33.04444885253906,32.52684020996094,36.36310577392578,35.66130065917969,29.629638671875,28.096786499023438,29.732524871826172,32.60790252685547,36.61652374267578,39.08997344970703,34.05268859863281,27.889331817626953,24.47568702697754,23.117935180664062,21.103742599487305,18.208370208740234,16.3997859954834,17.435558319091797,18.390377044677734,18.54137420654297
58.92945861816406,59.655975341796875,56.28339385986328,47.52864074707031,43.330718994140625,43.73359680175781,44.85927200317383,44.30341720581055,43.035118103027344,42.286746978759766,39.14229202270508,39.7080192565918,44.117252349853516,46.072269439697266,41.10459899902344,34.55397415161133,33.56365203857422,36.055843353271484,35.39787292480469,32.88527297973633,32.099647521972656,33.07815933227539,34.022769927978516,32.574100494384766,31.885908126831055,35.08746337890625,38.60990905761719,36.6366081237793,32.88131332397461,32.62605667114258,32.86273193359375,33.40471649169922,36.59236145019531,38.39075469970703,32.80595016479492,26.496299743652344,23.841928482055664,22.51214027404785,21.224210739135742,19.493608474731445,17.855148315429688,18.444990158081055,20.656757354736328,20.78911018371582
52.789608001708984,54.140892028808594,49.272769927978516,43.961021423339844,42.9232063293457,42.643463134765625,43.979496002197266,46.90626525878906,46.9964485168457,43.53477478027344,38.59774398803711,37.44505310058594,41.17726516723633,43.991336822509766,41.71427917480469,37.61241149902344,37.3986701965332,38.44851303100586,35.4637336730957,33.19324493408203,35.33617401123047,39.1243782043457,38.56355667114258,34.88452911376953,34.68263244628906,37.99497985839844,40.00812530517578,38.63664627075195,37.50257873535156,37.05201721191406,34.98070526123047,34.2744026184082,35.60964584350586,33.41267395019531,28.307533264160156,24.92646026611328,23.344419479370117,22.66172981262207,22.606447219848633,21.760957717895508,20.65350914001465,21.255390167236328,22.82394790649414,22.93853759765625
46.024261474609375,46.337554931640625,44.91774368286133,45.213035583496094,47.36001968383789,47.37074279785156,42.02760696411133,41.636871337890625,42.755043029785156,39.4302864074707,36.65149688720703,36.30600357055664,36.683135986328125,36.99559020996094,36.463130950927734,35.415035247802734,35.94222640991211,36.834896087646484,38.638526916503906,42.19216537475586,44.00126647949219,40.82292175292969,36.19940948486328,34.8299674987793,36.487281799316406,39.645450592041016,41.52396774291992,42.51340866088867,42.35631561279297,37.556610107421875,32.85782241821289,32.281776428222656,32.63267517089844,29.635738372802734,26.593563079833984,24.918102264404297,24.5744686126709,24.22191047668457,23.473148345947266,23.666053771972656,24.10232925415039,24.77032470703125,25.048383712768555,25.037752151489258
42.56287384033203,45.78270721435547,47.278770446777344,46.60223388671875,47.865394592285156,39.29909133911133,32.991416931152344,35.15068435668945,36.629180908203125,36.23881149291992,36.23630142211914,37.73439025878906,38.77909851074219,36.55991744995117,33.664859771728516,33.40386199951172,35.40891647338867,38.68635177612305,42.6015739440918,42.44953918457031,37.16474533081055,33.05770492553711,34.19202423095703,37.98563003540039,40.753578186035156,42.40324020385742,42.03133010864258,41.03896713256836,37.215171813964844,30.536272048950195,29.63450813293457,31.31517219543457,30.567113876342773,27.2811222076416,24.774641036987305,24.525476455688477,25.622474670410156,25.95400047302246,25.3574275970459,25.829635620117188,26.48372459411621,26.78778839111328,26.340848922729492,25.790508270263672
40.35511016845703,41.7778434753418,44.97129440307617,43.26979446411133,39.61082458496094,35.27347946166992,34.13174819946289,36.204139709472656,37.47645568847656,37.39225769042969,37.562129974365234,39.561527252197266,41.85186767578125,41.70486068725586,40.183837890625,38.95292282104492,39.39703369140625,42.38172149658203,40.128501892089844,33.410919189453125,30.289318084716797,32.65339279174805,36.70612335205078,40.35772705078125,41.51642608642578,40.37070846557617,36.41057586669922,33.03163146972656,31.5772647857666,29.144271850585938,28.61673927307129,30.345508575439453,29.371143341064453,25.66839599609375,24.424224853515625,26.175676345825195,27.255615234375,27.428152084350586,27.738101959228516,27.52063751220703,26.371049880981445,25.45216178894043,25.74315071105957,27.2503604888916
41.327388763427734,40.39509963989258,40.944488525390625,40.22579574584961,37.66927719116211,36.16947937011719,37.423919677734375,39.702369689941406,40.87362289428711,40.63533401489258,40.57006072998047,41.780513763427734,43.329627990722656,43.03044891357422,42.800540924072266,42.63184356689453,40.73793029785156,40.10074234008789,34.59767532348633,29.128982543945312,30.363996505737305,34.36579513549805,37.646305084228516,40.46756362915039,41.63674545288086,39.80091857910156,39.5120849609375,40.502010345458984,38.637882232666016,34.53036880493164,31.783491134643555,31.136629104614258,28.351802825927734,25.00495147705078,25.895017623901367,28.027931213378906,28.477006912231445,28.476511001586914,28.746826171875,28.48297691345215,26.558839797973633,25.708784103393555,25.634536743164062,28.996557235717773
40.56074523925781,39.9355354309082,39.51496505737305,40.06382369995117,39.71870422363281,38.66458511352539,38.755428314208984,40.133663177490234,41.54615020751953,40.776878356933594,40.10335922241211,41.68516159057617,41.76903533935547,40.82844543457031,41.43081283569336,41.023590087890625,39.51395034790039,39.05242156982422,37.3285026550293,34.90950012207031,34.29686737060547,35.50983428955078,38.45585250854492,40.544437408447266,40.42526626586914,41.05564498901367,41.981895446777344,41.4053955078125,38.00190353393555,34.21751022338867,32.021583557128906,30.287137985229492,27.23236656188965,25.314661026000977,26.48069190979004,28.196210861206055,29.3369140625,30.047624588012695,30.002504348754883,28.9079532623291,28.232521057128906,28.32859992980957,27.492446899414062,30.023725509643555
33.90202713012695,37.45549011230469,38.979469299316406,38.67668533325195,38.943824768066406,38.03391647338867,36.997779846191406,38.40164566040039,39.354713439941406,37.56809616088867,36.97614669799805,41.779972076416016,44.55503845214844,42.414772033691406,39.160282135009766,37.98759841918945,39.483428955078125,40.89073944091797,40.75016403198242,38.41514587402344,35.91535949707031,35.587257385253906,36.84220504760742,38.48342514038086,40.33313751220703,41.141334533691406,39.32606506347656,36.405250549316406,33.550048828125,31.458961486816406,30.26557731628418,28.24527931213379,26.035083770751953,26.111553192138672,27.556142807006836,29.334423065185547,31.39359474182129,32.27363967895508,31.495044708251953,30.573713302612305,31.10456657409668,31.29359245300293,28.95783233642578,29.96308135986328
