data/wind_data/wind_31_2.json
{"header": {"parameterUnit": "KT", "parameterCategory": 2, "nx": 256, "ny": 198, "lo1": 44.73521041870117, "la1": -3.236724853515625, "lo2": 111.26478576660156, "la2": 43.468475341796875, "dx": 0.2609002888202667, "dy": -0.23708222806453705, "refTime": "2025-02-20 07:00:00", "forecastTime": 0, "parameterNumber": 2, "parameterNumberName": "eastward_wind"}, "data":
[rows 133 to 151 of 198, columns 172 to 214 of 256]
15.650136947631836,16.041343688964844,9.511825561523438,7.047064781188965,10.839570999145508,9.542940139770508,13.562349319458008,7.0859694480896,0.9488234519958496,6.8948259353637695,12.932487487792969,15.551198959350586,17.63131332397461,17.925209045410156,11.838310241699219,7.900594711303711,3.7966127395629883,1.3540345430374146,1.2987366914749146,-0.10647426545619965,-9.205098152160645,-7.26138162612915,-2.51641583442688,2.729266405105591,9.051054000854492,11.892194747924805,18.118980407714844,19.840007781982422,12.914382934570312,5.254690647125244,8.861871719360352,17.667478561401367,19.366601943969727,16.51508140563965,15.880619049072266,11.184886932373047,13.779881477355957,11.584668159484863,10.356993675231934,12.277368545532227,14.659517288208008,17.780881881713867,17.621522903442383
12.929975509643555,12.821434020996094,14.963047981262207,17.108806610107422,19.620391845703125,18.42560577392578,17.930444717407227,19.156505584716797,13.766036987304688,6.718791484832764,10.940979957580566,15.420531272888184,16.345069885253906,18.41058349609375,18.543380737304688,15.016130447387695,9.578158378601074,3.9662816524505615,0.7024381160736084,0.45784661173820496,0.23165522515773773,2.8623266220092773,4.898392200469971,9.87331485748291,15.896198272705078,17.187345504760742,15.079346656799316,14.60801887512207,18.288536071777344,13.734204292297363,14.41668701171875,16.08924102783203,16.332752227783203,11.962995529174805,13.343212127685547,14.120203018188477,14.115558624267578,11.178235054016113,10.995891571044922,14.241592407226562,16.597618103027344,18.965553283691406,17.649789810180664
13.190513610839844,11.604241371154785,14.578221321105957,14.142132759094238,17.275360107421875,17.91358184814453,15.167135238647461,13.123808860778809,9.58321762084961,9.763179779052734,12.594311714172363,14.691160202026367,14.405089378356934,14.70304012298584,19.069068908691406,15.412620544433594,7.39801025390625,4.003422737121582,5.587958335876465,9.004860877990723,11.303068161010742,13.253138542175293,14.3579740524292,14.078901290893555,14.914142608642578,14.497400283813477,15.30629825592041,16.75701332092285,17.926298141479492,19.037763595581055,18.13924789428711,12.210917472839355,7.707947254180908,10.659676551818848,11.909931182861328,18.669971466064453,13.893698692321777,7.977809906005859,10.007766723632812,13.82275676727295,17.234472274780273,18.75398063659668,18.612972259521484
18.898731231689453,14.90736198425293,16.639856338500977,13.578017234802246,20.148073196411133,19.828044891357422,9.657890319824219,7.0902862548828125,15.950395584106445,19.89786148071289,15.82823657989502,13.002903938293457,11.683525085449219,10.266572952270508,10.603540420532227,11.251381874084473,5.509343147277832,1.8879690170288086,3.041408061981201,5.920175552368164,9.024100303649902,12.223288536071777,13.932486534118652,13.034937858581543,13.313249588012695,15.216842651367188,17.629150390625,17.20093536376953,19.94676399230957,16.69280242919922,9.160981178283691,7.343390941619873,8.670894622802734,12.46777057647705,12.663342475891113,14.82335090637207,16.311824798583984,15.897669792175293,15.369050025939941,16.075895309448242,16.821767807006836,16.24627113342285,18.06838607788086
13.159668922424316,13.517168045043945,12.881606101989746,15.032390594482422,17.069787979125977,19.054170608520508,21.9864559173584,20.951154708862305,14.46111011505127,16.620874404907227,14.17357063293457,9.82429313659668,9.305793762207031,9.542598724365234,9.24951171875,6.981335639953613,5.266115188598633,6.995708465576172,9.988872528076172,12.183658599853516,11.751476287841797,12.535123825073242,15.129890441894531,15.85435962677002,15.310945510864258,16.001577377319336,17.978736877441406,18.620195388793945,21.477846145629883,10.68128490447998,5.929941654205322,8.30687427520752,12.333357810974121,14.76286792755127,15.153776168823242,14.653809547424316,16.743928909301758,16.983814239501953,15.689825057983398,13.368629455566406,12.327962875366211,14.422640800476074,16.7904052734375
8.279036521911621,10.376526832580566,13.561393737792969,16.514673233032227,19.3298282623291,21.426855087280273,20.753618240356445,19.241121292114258,20.54050636291504,19.401002883911133,17.580381393432617,15.198235511779785,12.511513710021973,9.340205192565918,12.976946830749512,14.279379844665527,11.821617126464844,10.733479499816895,10.335819244384766,14.811725616455078,15.764975547790527,13.563928604125977,14.964706420898438,17.036420822143555,15.352524757385254,16.365324020385742,17.79244041442871,19.553646087646484,13.75845718383789,7.9586334228515625,7.176167011260986,10.370710372924805,14.35087776184082,15.295086860656738,14.905492782592773,15.070435523986816,15.072419166564941,13.773140907287598,12.882755279541016,13.497708320617676,14.730097770690918,16.06454086303711,17.705049514770508
12.582380294799805,14.712875366210938,16.69627571105957,18.88043785095215,20.460176467895508,21.50710105895996,22.33818244934082,22.392112731933594,22.738845825195312,22.25411033630371,18.86402702331543,14.9561767578125,15.139252662658691,14.41238021850586,12.017316818237305,12.571391105651855,13.925317764282227,12.72567367553711,11.048551559448242,11.57820987701416,11.221779823303223,10.89959716796875,16.469675064086914,20.312143325805664,20.24921417236328,19.15462875366211,17.617645263671875,17.655790328979492,11.148792266845703,8.756644248962402,9.554763793945312,11.208165168762207,13.33952808380127,13.857918739318848,14.777576446533203,13.281181335449219,14.971967697143555,12.040085792541504,8.903463363647461,9.85291576385498,12.422167778015137,15.180952072143555,16.845535278320312
15.706977844238281,17.510570526123047,18.581226348876953,19.706127166748047,21.871952056884766,23.393348693847656,23.7849178314209,23.63458824157715,22.818138122558594,22.41631317138672,22.046817779541016,20.92039680480957,17.96402931213379,18.03562355041504,20.537187576293945,13.402414321899414,14.136767387390137,13.838455200195312,6.939935207366943,9.79443645477295,13.72158432006836,15.85081958770752,21.553640365600586,24.263235092163086,28.35811424255371,25.01699447631836,16.174692153930664,14.098679542541504,10.62745475769043,10.198620796203613,10.00383472442627,9.750328063964844,10.4288969039917,12.651514053344727,14.183555603027344,14.490102767944336,14.666847229003906,13.227178573608398,12.355535507202148,12.250112533569336,13.680404663085938,15.766375541687012,17.004196166992188
16.298200607299805,17.560775756835938,18.282865524291992,18.83915901184082,21.149560928344727,22.987388610839844,23.393117904663086,23.66547966003418,24.06434440612793,24.790477752685547,25.122831344604492,25.269502639770508,22.708818435668945,21.97454833984375,21.081207275390625,19.5928897857666,18.85759735107422,10.302817344665527,7.113974571228027,13.897448539733887,19.168973922729492,23.24591827392578,26.996156692504883,28.809783935546875,32.88523483276367,22.168516159057617,13.677022933959961,11.41344928741455,10.029391288757324,9.187270164489746,7.726988315582275,7.316966533660889,9.223170280456543,12.560300827026367,14.002848625183105,15.413331031799316,15.132668495178223,12.838037490844727,12.550081253051758,12.319618225097656,13.382586479187012,15.060724258422852,17.336267471313477
14.735621452331543,15.160937309265137,16.828060150146484,18.421524047851562,19.995454788208008,21.301982879638672,22.271892547607422,23.144229888916016,24.147016525268555,25.31446075439453,25.993507385253906,25.764209747314453,25.28441047668457,26.19258689880371,21.48679542541504,13.7628755569458,17.164926528930664,8.440831184387207,12.114938735961914,20.672204971313477,26.30722427368164,28.608308792114258,31.996843338012695,31.22500991821289,23.80978775024414,17.429807662963867,12.707537651062012,8.59352970123291,7.966314315795898,7.330291271209717,7.967504501342773,9.426888465881348,11.443826675415039,12.801609992980957,13.30580997467041,13.836981773376465,13.362969398498535,12.347372055053711,11.774776458740234,12.812507629394531,14.790628433227539,16.87584114074707,19.80767250061035
12.583443641662598,12.246047973632812,14.632781028747559,17.80476951599121,19.601295471191406,20.287368774414062,21.37773323059082,22.601821899414062,23.587074279785156,24.21198081970215,25.093990325927734,25.34684181213379,25.379079818725586,26.622098922729492,24.89181137084961,19.637407302856445,19.95818328857422,20.17217445373535,14.005861282348633,17.939037322998047,24.061233520507812,26.348392486572266,24.89842414855957,23.13688850402832,20.93289566040039,18.569826126098633,10.51318359375,5.471081733703613,5.872110366821289,8.167201042175293,9.654733657836914,9.94359016418457,10.500255584716797,10.980874061584473,11.311209678649902,12.200942993164062,11.9223051071167,11.829036712646484,12.644472122192383,14.524234771728516,16.798370361328125,19.164989471435547,22.315645217895508
17.332609176635742,18.9429931640625,19.806011199951172,19.413148880004883,18.804824829101562,18.584678649902344,19.62978744506836,20.627174377441406,21.405195236206055,22.336671829223633,23.595314025878906,24.508514404296875,25.652755737304688,25.831308364868164,26.032718658447266,24.811840057373047,22.591089248657227,23.862110137939453,21.12077522277832,16.94509506225586,19.60378074645996,22.59033203125,20.918760299682617,18.701213836669922,18.43296241760254,14.766524314880371,7.234823226928711,4.519785404205322,5.526566505432129,7.163787841796875,6.134885311126709,5.1012420654296875,8.594367027282715,10.724434852600098,10.31752872467041,10.933575630187988,12.177556991577148,13.550233840942383,17.862266540527344,21.297386169433594,21.261474609375,22.75652313232422,24.885009765625
19.885543823242188,20.69093132019043,21.208608627319336,20.945276260375977,20.576662063598633,20.299360275268555,20.536235809326172,20.575284957885742,21.65096664428711,22.791963577270508,23.977453231811523,24.731822967529297,25.282470703125,25.49845314025879,24.939165115356445,24.322486877441406,23.558988571166992,22.7452392578125,23.11957550048828,21.89516258239746,20.5371150970459,16.550060272216797,10.94210147857666,10.505742073059082,11.628559112548828,11.545586585998535,10.168864250183105,7.315929412841797,4.399480819702148,4.397825717926025,8.774168014526367,11.84181022644043,13.126212120056152,12.948186874389648,11.644492149353027,12.673332214355469,17.215190887451172,21.555622100830078,23.009937286376953,21.771120071411133,21.530595779418945,24.1112117767334,25.149656295776367
20.3199405670166,20.23557472229004,20.521183013916016,20.03814697265625,19.79712677001953,20.59949493408203,20.469572067260742,20.731765747070312,22.181194305419922,24.395063400268555,25.461923599243164,25.263803482055664,24.838882446289062,24.567590713500977,23.404787063598633,23.950613021850586,25.721540451049805,23.2021484375,19.791912078857422,15.655652046203613,6.958517551422119,4.565406322479248,4.825476169586182,8.87924575805664,11.313291549682617,13.45085620880127,11.955591201782227,9.111063003540039,2.284752607345581,4.422237396240234,10.368958473205566,14.053596496582031,11.810870170593262,8.419692993164062,11.847853660583496,16.607688903808594,20.199235916137695,21.681936264038086,21.960813522338867,22.54949378967285,22.0479736328125,21.936418533325195,23.068742752075195
19.8087158203125,19.534502029418945,19.515094757080078,18.266401290893555,19.223880767822266,20.247407913208008,21.54019546508789,21.688873291015625,22.85990333557129,25.573688507080078,26.91640853881836,26.481491088867188,26.040130615234375,24.859451293945312,21.790185928344727,23.517623901367188,28.46862030029297,24.099651336669922,15.11782455444336,8.117919921875,5.661701679229736,8.004962921142578,9.461748123168945,12.510056495666504,15.080897331237793,16.597749710083008,14.397732734680176,10.55333137512207,6.297211170196533,3.9644250869750977,7.331423759460449,10.662267684936523,10.850202560424805,11.23741340637207,11.819269180297852,15.443652153015137,19.25218963623047,19.128358840942383,18.549739837646484,19.65336036682129,20.439462661743164,21.327651977539062,22.164520263671875
18.614328384399414,19.35700798034668,17.59665298461914,17.08423614501953,18.07170295715332,19.75660514831543,21.829160690307617,22.73495864868164,24.118824005126953,24.369293212890625,24.48397445678711,22.51841926574707,19.476619720458984,18.96871566772461,16.026050567626953,17.311113357543945,19.079700469970703,13.604899406433105,6.279445171356201,6.638039588928223,10.934303283691406,14.658268928527832,15.729653358459473,16.37366485595703,16.83289909362793,16.416961669921875,13.820531845092773,10.610496520996094,8.291183471679688,8.41417121887207,9.871726989746094,11.50016975402832,11.981220245361328,12.315056800842285,13.84333610534668,16.48967170715332,18.69904899597168,19.671117782592773,19.851036071777344,19.900009155273438,20.38106346130371,21.208024978637695,23.386272430419922
21.125516891479492,19.73871421813965,19.427688598632812,19.273456573486328,19.58807945251465,19.646013259887695,20.82973289489746,22.758169174194336,22.872228622436523,22.809402465820312,22.449195861816406,19.850107192993164,16.82770347595215,15.274352073669434,18.411142349243164,18.23892593383789,13.82711410522461,8.624215126037598,7.856966018676758,10.952519416809082,14.833937644958496,18.241470336914062,19.9188232421875,18.458372116088867,17.277122497558594,16.00801658630371,13.406362533569336,11.665732383728027,10.965968132019043,11.073083877563477,12.109856605529785,13.750653266906738,14.38460922241211,14.524969100952148,15.52316951751709,16.83877182006836,17.607635498046875,18.204071044921875,18.785314559936523,19.25734519958496,19.839950561523438,21.800434112548828,24.98575782775879
19.590137481689453,18.339521408081055,19.156856536865234,21.263635635375977,22.267118453979492,22.307918548583984,22.522598266601562,22.761411666870117,21.19251823425293,19.97421646118164,19.283601760864258,18.101041793823242,18.27830696105957,17.979726791381836,19.78484344482422,16.630857467651367,11.688142776489258,9.40070915222168,11.616393089294434,15.7717924118042,17.868013381958008,18.865758895874023,18.33599090576172,17.602800369262695,14.575080871582031,11.227129936218262,10.765323638916016,12.580410957336426,13.98039436340332,14.623991012573242,15.342256546020508,16.552949905395508,16.85249137878418,16.37723159790039,16.361825942993164,17.382312774658203,18.374792098999023,19.060325622558594,19.515790939331055,20.2275447845459,20.980295181274414,24.460437774658203,26.485092163085938
19.60459327697754,19.38933753967285,20.86193084716797,22.202707290649414,22.44184684753418,21.297117233276367,20.926250457763672,19.608070373535156,17.553680419921875,16.474090576171875,16.126611709594727,17.198131561279297,17.18391227722168,16.534242630004883,18.00979995727539,17.068225860595703,14.642847061157227,13.547966957092285,14.83727741241455,17.05611801147461,18.813919067382812,19.100465774536133,19.328815460205078,14.642227172851562,9.35027027130127,10.128589630126953,14.44934368133545,16.562780380249023,18.20755386352539,19.94646644592285,21.261676788330078,20.771814346313477,18.806175231933594,17.52737045288086,17.746950149536133,18.93410301208496,19.900955200195312,20.83035659790039,21.449108123779297,21.586641311645508,23.41414451599121,26.59956932067871,26.862106323242188
