data/wind_data/wind_38_3.json
{"header": {"parameterUnit": "KT", "parameterCategory": 2, "nx": 256, "ny": 198, "lo1": 44.73521041870117, "la1": -3.236724853515625, "lo2": 111.26478576660156, "la2": 43.468475341796875, "dx": 0.2609002888202667, "dy": -0.23708222806453705, "refTime": "2025-02-20 14:00:00", "forecastTime": 0, "parameterNumber": 2, "parameterNumberName": "eastward_wind"}, "data":
[rows 57 to 75 of 198, columns 0 to 43 of 256]
6.821777820587158,5.739776134490967,4.584754943847656,2.905804395675659,1.3070018291473389,0.42439478635787964,0.11564382165670395,-0.254106342792511,-0.35844799876213074,-0.9753664135932922,-1.5606982707977295,-1.4492440223693848,-0.9057757258415222,-1.681981086730957,-2.0393738746643066,-2.6725106239318848,-3.2229604721069336,-4.0486626625061035,-4.22288703918457,-1.6114437580108643,-2.815251588821411,-4.647776126861572,-5.487391471862793,-5.432187557220459,-4.006037712097168,-5.63223123550415,-6.171900749206543,-5.931920051574707,-6.771390914916992,-7.583145618438721,-7.914393424987793,-8.146712303161621,-8.962071418762207,-9.500797271728516,-8.981926918029785,-8.5928955078125,-8.655630111694336,-9.022481918334961,-9.3420991897583,-9.70363712310791,-10.070684432983398,-10.690999031066895,-11.255086898803711,-11.619467735290527
5.905627250671387,5.055058002471924,3.9742794036865234,2.271007776260376,0.2539706230163574,0.7780397534370422,0.9625012278556824,0.232505202293396,-0.30175620317459106,-0.5810444951057434,-1.45550537109375,-1.9105415344238281,-1.6551636457443237,-1.923579454421997,-2.4147162437438965,-2.8045554161071777,-2.3679404258728027,-2.2230167388916016,-2.486581802368164,-1.1083794832229614,-0.5233147740364075,-2.257248878479004,-4.381197929382324,-6.139217853546143,-4.269181251525879,-5.260068416595459,-5.235342025756836,-5.124199390411377,-5.654651165008545,-6.404588222503662,-6.635258197784424,-6.872668266296387,-7.974147796630859,-9.31542682647705,-9.715093612670898,-9.103781700134277,-8.255234718322754,-8.406204223632812,-8.859728813171387,-9.285354614257812,-9.772032737731934,-10.45009708404541,-11.098681449890137,-11.554169654846191
4.889673233032227,4.089305400848389,3.2558748722076416,1.8980268239974976,0.4035685956478119,1.2419624328613281,1.5802825689315796,0.9771149158477783,0.1895967721939087,-0.15080329775810242,-0.3551561236381531,-0.7619010806083679,-1.4009044170379639,-1.9000403881072998,-2.3466930389404297,-2.8374102115631104,-2.336805820465088,-2.105959892272949,-2.332641839981079,-1.1569761037826538,0.3884151577949524,-1.2425470352172852,-4.221256256103516,-5.2264723777771,-4.33498477935791,-5.2203803062438965,-4.478837966918945,-4.509763240814209,-4.86477518081665,-5.3048996925354,-5.599941253662109,-5.875519752502441,-6.3843207359313965,-7.722157001495361,-9.706024169921875,-10.13655948638916,-8.355725288391113,-7.965813159942627,-8.31965160369873,-9.029332160949707,-9.717266082763672,-10.409299850463867,-11.051241874694824,-11.543851852416992
3.782959222793579,2.916874885559082,2.484799861907959,1.669577717781067,1.0081288814544678,0.5432023406028748,0.27871108055114746,0.42753446102142334,0.5703189969062805,0.4777064621448517,0.5527233481407166,0.33845025300979614,-0.5937559604644775,-1.3012785911560059,-1.60923433303833,-2.1332154273986816,-1.9153000116348267,-1.6082432270050049,-1.8918734788894653,-1.1823854446411133,-0.05921017751097679,-1.395334243774414,-3.8199076652526855,-4.232968330383301,-3.8293774127960205,-4.5330705642700195,-3.997291326522827,-4.084469318389893,-4.461732864379883,-4.788741588592529,-5.348397731781006,-5.8104352951049805,-5.735389232635498,-5.652154922485352,-7.513084888458252,-10.17516040802002,-9.305353164672852,-7.880521774291992,-8.118200302124023,-8.708138465881348,-9.650618553161621,-10.357808113098145,-11.002561569213867,-11.596391677856445
3.2986137866973877,2.9397566318511963,2.44885516166687,1.7874165773391724,1.8949732780456543,1.1801023483276367,0.14587467908859253,0.06280667334794998,0.8286764025688171,1.2288053035736084,0.8614572882652283,0.12656503915786743,-0.597447395324707,-0.8454177975654602,-0.856638491153717,-1.2463271617889404,-1.256460428237915,-0.6352120041847229,-0.6176551580429077,-0.589170515537262,-0.261150985956192,-1.31427800655365,-3.041701316833496,-3.5540287494659424,-3.4843242168426514,-3.737506628036499,-3.541426181793213,-3.774425506591797,-4.223476886749268,-4.472543239593506,-5.2686614990234375,-6.44148063659668,-6.658014297485352,-5.142838954925537,-5.249997615814209,-9.269043922424316,-9.764060974121094,-7.704036235809326,-8.351881980895996,-8.584403038024902,-9.590568542480469,-10.261861801147461,-10.941200256347656,-11.434868812561035
3.252361536026001,3.1079416275024414,2.716982364654541,2.033128023147583,2.3978941440582275,2.7785143852233887,1.9636788368225098,0.9204122424125671,1.1529126167297363,1.6161972284317017,1.1978240013122559,-0.024926939979195595,-0.935736894607544,-0.9901289939880371,-0.7796967625617981,-0.7579931616783142,-0.5044324994087219,0.09007049351930618,0.5094662308692932,0.20490588247776031,-0.1201803907752037,-0.9558500647544861,-2.059978723526001,-2.740510940551758,-3.1560635566711426,-3.3104755878448486,-3.1522538661956787,-3.532801628112793,-4.140580654144287,-4.337869167327881,-4.955613136291504,-6.30900239944458,-6.722994804382324,-5.479959011077881,-5.95516300201416,-9.175496101379395,-9.415251731872559,-7.777704238891602,-8.492627143859863,-8.529857635498047,-9.399019241333008,-10.234375953674316,-10.827676773071289,-11.288890838623047
5.174659729003906,5.509432792663574,3.8345842361450195,2.6995038986206055,2.8835697174072266,2.934929132461548,3.3145389556884766,2.8399839401245117,2.204270839691162,1.5894224643707275,0.8081604838371277,0.0006527166115120053,-0.6251512169837952,-0.909396231174469,-0.8489210605621338,-0.6028160452842712,-0.04463478550314903,0.46979475021362305,0.898261547088623,0.7918121814727783,0.1978853940963745,-0.4718495309352875,-1.2523576021194458,-1.9481829404830933,-2.688877582550049,-2.9340925216674805,-2.978888750076294,-3.34320330619812,-3.874323606491089,-4.276561260223389,-4.744381904602051,-5.48767614364624,-5.780097961425781,-5.772172451019287,-7.215814590454102,-9.11948299407959,-8.881009101867676,-8.162687301635742,-8.434880256652832,-8.520161628723145,-9.247882843017578,-9.979507446289062,-10.584534645080566,-11.078468322753906
4.558957099914551,5.386804103851318,4.58105993270874,2.3292906284332275,-1.8345195055007935,-0.697113037109375,1.029200553894043,2.4390556812286377,2.9078729152679443,2.4595696926116943,1.6258149147033691,0.8135194182395935,0.013179979287087917,-0.34834563732147217,-0.34457913041114807,-0.19746384024620056,0.09157909452915192,0.62659752368927,1.0134190320968628,1.228987216949463,0.8230684399604797,0.0773373544216156,-0.6610881090164185,-1.4306185245513916,-2.2587831020355225,-2.4922990798950195,-2.743077039718628,-3.1408491134643555,-3.5223822593688965,-3.919205665588379,-4.445570945739746,-4.92978048324585,-5.262845516204834,-6.019545555114746,-7.521595478057861,-8.652295112609863,-8.608489990234375,-8.43637466430664,-8.393360137939453,-8.502138137817383,-9.163012504577637,-9.720725059509277,-10.289803504943848,-10.841828346252441
2.0893707275390625,6.105101108551025,5.363361358642578,3.1157279014587402,-2.957791566848755,-3.0051541328430176,-2.5328423976898193,-0.3859640955924988,0.3648396134376526,-0.27665796875953674,0.15824852883815765,1.4698479175567627,1.6215054988861084,0.9196038842201233,0.40416333079338074,0.22244875133037567,0.3928471803665161,0.8086279034614563,1.200881004333496,1.6219208240509033,1.423948884010315,0.5648027062416077,-0.20543180406093597,-1.0694490671157837,-1.8545703887939453,-2.1564741134643555,-2.253791570663452,-2.734074115753174,-3.2479898929595947,-3.6674139499664307,-3.889385461807251,-4.313157558441162,-5.129336833953857,-6.185615062713623,-7.2590742111206055,-7.954155445098877,-8.137903213500977,-8.248671531677246,-8.343731880187988,-8.603525161743164,-9.133828163146973,-9.57292366027832,-10.007061958312988,-10.527313232421875
4.36777925491333,6.390500068664551,5.023831367492676,4.143395900726318,0.5094926953315735,-0.8885433673858643,-2.4423928260803223,-3.1540961265563965,-3.0886542797088623,-2.920666456222534,-2.188143491744995,-0.24512556195259094,1.6761940717697144,1.5958161354064941,0.7216606140136719,0.6202794909477234,0.6861063838005066,1.1879042387008667,1.8581602573394775,2.0224454402923584,1.6331965923309326,0.8707968592643738,0.17962110042572021,-0.5892814993858337,-1.2920818328857422,-1.8318817615509033,-1.9316258430480957,-2.3038082122802734,-2.870527744293213,-3.47116756439209,-3.4742040634155273,-3.6527557373046875,-4.850139617919922,-6.082871437072754,-6.794477462768555,-7.29201078414917,-7.536179542541504,-7.6446733474731445,-7.93731164932251,-8.498337745666504,-9.00992488861084,-9.37585163116455,-9.760721206665039,-10.246657371520996
2.546438694000244,5.560115337371826,5.86824893951416,5.5773024559021,7.072540283203125,6.192026138305664,3.885838747024536,0.2396102249622345,-2.812568187713623,-2.5851643085479736,-2.2704031467437744,-1.3804717063903809,-0.26916733384132385,0.14609535038471222,-0.16750676929950714,-0.009498074650764465,1.3854668140411377,1.6904182434082031,2.1914632320404053,2.517207622528076,1.9772807359695435,1.3222953081130981,0.7179363369941711,-0.04337083548307419,-0.7435044646263123,-1.264000415802002,-1.6928842067718506,-2.1665401458740234,-2.622526168823242,-2.9983890056610107,-2.984753131866455,-3.1551458835601807,-4.328295707702637,-5.715188026428223,-6.351720333099365,-6.7069292068481445,-6.8977742195129395,-6.991832256317139,-7.3120012283325195,-7.942253112792969,-8.524287223815918,-8.9256010055542,-9.35807991027832,-9.754801750183105
-3.3793275356292725,4.319304466247559,6.714920997619629,7.072957515716553,8.24843692779541,8.212745666503906,6.3680901527404785,2.391622543334961,-0.21807490289211273,-0.7124297618865967,-0.8075731992721558,-0.9897359609603882,-1.025376796722412,-1.0659037828445435,-1.177427053451538,-1.473334789276123,-0.23664279282093048,2.4302127361297607,2.8762781620025635,2.8370232582092285,2.5533971786499023,2.0377285480499268,1.4816176891326904,0.7065567374229431,-0.008353208191692829,-0.49979230761528015,-1.1976152658462524,-2.008669137954712,-2.580549478530884,-2.6359145641326904,-2.43318772315979,-2.6041505336761475,-3.572852373123169,-4.923283100128174,-5.705994606018066,-6.112093925476074,-6.3406081199646,-6.400435924530029,-6.723008632659912,-7.221070766448975,-7.751089096069336,-8.302413940429688,-8.733280181884766,-8.970693588256836
-5.987293243408203,1.1185684204101562,4.897430896759033,6.664422988891602,7.02086067199707,5.53968620300293,4.410009384155273,1.83904230594635,1.84812331199646,1.9316983222961426,1.4418302774429321,0.20431992411613464,-0.42120420932769775,-0.483018159866333,-0.6609966158866882,-1.2188975811004639,-1.5941238403320312,0.40703457593917847,2.694122076034546,3.0128841400146484,2.853369951248169,2.676474094390869,2.1513335704803467,1.329149842262268,0.5903785824775696,0.05382725968956947,-0.521551251411438,-1.4034478664398193,-2.296053171157837,-2.3509719371795654,-2.151473045349121,-2.207761287689209,-2.843688488006592,-3.895432949066162,-4.758652210235596,-5.310337543487549,-5.62912130355835,-5.7568039894104,-6.099331855773926,-6.594735145568848,-7.048911094665527,-7.5561676025390625,-7.971243858337402,-8.118356704711914
-7.339810848236084,-3.733414649963379,-1.1365622282028198,1.1557129621505737,2.766815185546875,3.1176412105560303,5.78508186340332,4.260493278503418,3.882572889328003,3.839839220046997,2.564298629760742,1.0373308658599854,0.05649536848068237,-0.3815564811229706,-0.5763950943946838,-0.46102824807167053,-0.6498597264289856,-0.5502271056175232,0.17409147322177887,1.1958739757537842,1.9266911745071411,2.5814168453216553,2.86171293258667,2.462409019470215,1.4992902278900146,0.48432573676109314,-0.09166619181632996,-0.7296345233917236,-1.6804136037826538,-2.0981571674346924,-1.8521660566329956,-1.949601650238037,-2.3354098796844482,-2.9965639114379883,-3.77288818359375,-4.391007423400879,-4.73538875579834,-4.912612438201904,-5.338274002075195,-5.907121658325195,-6.404254913330078,-6.770618438720703,-7.091883659362793,-7.254452705383301
-5.340875625610352,-3.065622091293335,-3.3335676193237305,-0.5961211323738098,2.554471492767334,6.296050071716309,7.834996700286865,6.140786647796631,5.187565326690674,3.756395101547241,3.0270814895629883,2.1043083667755127,1.0059295892715454,0.5571361780166626,0.37499892711639404,0.3480364680290222,0.3519168198108673,-0.22052647173404694,0.308849960565567,0.5262147188186646,0.5023134350776672,0.6785318851470947,1.3242042064666748,1.9959368705749512,1.823925256729126,1.0005255937576294,0.42329391837120056,-0.17201663553714752,-0.8468266129493713,-1.6510474681854248,-1.662245512008667,-1.6493937969207764,-1.9603911638259888,-2.2571213245391846,-2.812363386154175,-3.418804168701172,-3.8182826042175293,-3.9835116863250732,-4.449156284332275,-5.056798934936523,-5.610447883605957,-5.96476411819458,-6.15318489074707,-6.274169445037842
-0.6830478310585022,0.45497262477874756,-2.4310545921325684,0.9716385006904602,6.951864242553711,11.648316383361816,10.946277618408203,8.468633651733398,6.774186611175537,4.926798343658447,1.7204108238220215,1.5553070306777954,1.3794559240341187,2.429241895675659,3.5419564247131348,3.249084711074829,1.1788980960845947,0.1672118753194809,1.130327582359314,1.0820485353469849,0.9437065124511719,1.1445449590682983,1.7302840948104858,2.7103259563446045,2.6887295246124268,1.8277654647827148,0.898169994354248,0.18120776116847992,-0.3988654315471649,-1.0376067161560059,-1.5254546403884888,-1.595172643661499,-1.6580191850662231,-1.7055567502975464,-1.8929469585418701,-2.342912197113037,-2.830472230911255,-3.1315221786499023,-3.501955032348633,-4.081620216369629,-4.650315284729004,-5.028048038482666,-5.180274486541748,-5.268112659454346
0.6437842845916748,1.993381381034851,-0.17403064668178558,3.425480604171753,10.478447914123535,14.56135082244873,12.722613334655762,9.356201171875,7.741290092468262,6.128039360046387,3.8346405029296875,2.4894838333129883,2.6162352561950684,3.6881067752838135,4.023746490478516,5.019702911376953,2.218886375427246,0.9234308004379272,2.5140297412872314,3.0873827934265137,3.6457924842834473,2.715421199798584,2.247544288635254,2.257371664047241,2.207190752029419,2.5647971630096436,2.2313106060028076,1.401939868927002,0.6205969452857971,-0.23003868758678436,-0.933677613735199,-1.478729486465454,-1.4042644500732422,-1.286954402923584,-1.1316413879394531,-1.2877346277236938,-1.6917587518692017,-2.125941753387451,-2.4721908569335938,-3.0154833793640137,-3.564779281616211,-3.9261105060577393,-4.127856731414795,-4.263855457305908
0.4935038983821869,2.8276290893554688,3.0275449752807617,6.088586807250977,11.693307876586914,14.732711791992188,13.725799560546875,10.450301170349121,8.804649353027344,7.004479885101318,4.891279697418213,3.0628225803375244,3.3652243614196777,4.343544006347656,1.8183995485305786,5.226342678070068,6.420205593109131,5.80666971206665,6.0425591468811035,6.368810653686523,4.87658166885376,3.785818099975586,2.6130409240722656,1.4662123918533325,1.658059000968933,3.1198627948760986,3.4652390480041504,2.9731128215789795,1.6302798986434937,0.6830902695655823,-0.28523311018943787,-1.0339691638946533,-0.9501931667327881,-0.8470677137374878,-0.580657958984375,-0.5195989012718201,-0.6975640654563904,-1.1022158861160278,-1.4651384353637695,-1.9291408061981201,-2.4236860275268555,-2.798800230026245,-3.0463943481445312,-3.209630250930786
5.180112361907959,4.9102935791015625,3.942378044128418,6.104832172393799,11.222743034362793,13.486974716186523,13.24435043334961,11.873003959655762,10.620844841003418,8.697524070739746,7.171784400939941,4.632473945617676,4.003986358642578,4.27047872543335,2.21644926071167,3.8701984882354736,9.953653335571289,9.202573776245117,8.668770790100098,7.739136219024658,6.302677154541016,4.344367980957031,2.828293800354004,1.4775186777114868,3.006120204925537,5.334414482116699,5.720399856567383,4.76360559463501,2.7328505516052246,2.3331894874572754,1.096912145614624,-0.009935235604643822,-0.48735544085502625,-0.5204479694366455,-0.06429057568311691,0.4302237927913666,0.31031280755996704,-0.07291360944509506,-0.46185681223869324,-0.9610898494720459,-1.4325029850006104,-1.7723495960235596,-2.0118980407714844,-2.1712396144866943
