data/wind_data/wind_71_7.json
{"header": {"parameterUnit": "KT", "parameterCategory": 2, "nx": 256, "ny": 198, "lo1": 44.73521041870117, "la1": -3.236724853515625, "lo2": 111.26478576660156, "la2": 43.468475341796875, "dx": 0.2609002888202667, "dy": -0.23708222806453705, "refTime": "2025-02-21 23:00:00", "forecastTime": 0, "parameterNumber": 2, "parameterNumberName": "eastward_wind"}, "data":
[rows 20 to 39 of 198, columns 88 to 131 of 256]
4.938398361206055,4.715976715087891,5.06747579574585,5.047390460968018,4.568715572357178,4.0811662673950195,3.3121836185455322,1.8998266458511353,0.3891367018222809,-0.6899259686470032,-2.1103906631469727,-2.9510514736175537,-2.215275764465332,-1.0503315925598145,-0.6980063319206238,-0.666097104549408,-0.4561989903450012,-1.8836355209350586,-2.3727095127105713,1.101859211921692,3.6865084171295166,3.3040502071380615,1.8042336702346802,-0.4926099479198456,-1.212578535079956,-3.2814207077026367,-4.4160614013671875,-1.9893563985824585,-0.7919575572013855,-2.4100582599639893,-3.407235860824585,-4.272916793823242,-4.137714862823486,-4.225794315338135,-4.548084735870361,-6.898570537567139,-8.280750274658203,-6.0133795738220215,-6.175951957702637,-6.961141109466553,-4.831171035766602,-2.7535104751586914,-5.01113224029541,-4.831524848937988
2.454871416091919,2.597503185272217,3.440199375152588,3.770705461502075,3.589001417160034,3.369373321533203,2.928752899169922,1.9569724798202515,0.8034352660179138,-0.4627031087875366,-2.3592677116394043,-3.566084623336792,-2.9918253421783447,-1.4790830612182617,-0.7531013488769531,-1.1772552728652954,-1.3665567636489868,-1.3427668809890747,-3.0715134143829346,-1.8189417123794556,2.891294002532959,2.252258777618408,0.43463271856307983,-2.05047607421875,-4.362290859222412,-5.050790309906006,-3.637173652648926,-0.9857958555221558,-1.777579665184021,-3.3586783409118652,-3.321340322494507,-4.038136959075928,-4.884615421295166,-3.7265326976776123,-5.261540412902832,-8.931889533996582,-7.7766523361206055,-7.151793003082275,-6.431614875793457,-5.405613899230957,-4.2724432945251465,-3.940882444381714,-4.168496608734131,-3.64593505859375
0.8610948324203491,1.152358889579773,2.0216152667999268,2.4436590671539307,2.684161901473999,2.9507510662078857,2.8343887329101562,2.203019857406616,1.167981505393982,-0.13076096773147583,-1.7819037437438965,-2.840923547744751,-2.4170684814453125,-1.1164977550506592,-0.4422610402107239,-1.291184425354004,-2.7286345958709717,-2.4421489238739014,-1.9653183221817017,-1.772424340248108,1.6795889139175415,1.9974693059921265,-1.5430165529251099,-2.7410998344421387,-4.533812522888184,-4.543277740478516,-2.6165225505828857,-1.326371669769287,-3.0897841453552246,-3.6510586738586426,-2.3755266666412354,-1.9790441989898682,-3.480414628982544,-3.146397352218628,-4.095101833343506,-8.363115310668945,-7.697934627532959,-8.36388111114502,-7.387501239776611,-5.919851779937744,-5.787825107574463,-4.466762065887451,-3.814835786819458,-3.4248969554901123
0.1987113356590271,0.5373395681381226,1.1807931661605835,1.3800650835037231,1.5270310640335083,2.0156612396240234,2.4951040744781494,2.5300564765930176,1.6375343799591064,0.15128900110721588,-1.3303359746932983,-2.0571930408477783,-1.634398341178894,-0.802778422832489,-0.6345124840736389,-1.6196030378341675,-3.8817994594573975,-5.9128193855285645,-5.306735992431641,-3.0472168922424316,-0.5929216146469116,0.33897143602371216,-2.7971317768096924,-2.9732892513275146,-3.054293155670166,-2.7185373306274414,-2.1503355503082275,-2.493394136428833,-3.5064990520477295,-2.9376351833343506,-1.182805061340332,0.15920954942703247,-0.3398551642894745,-0.6620749831199646,-2.893949508666992,-7.624588966369629,-8.435641288757324,-9.33333969116211,-8.146504402160645,-6.051142692565918,-5.451958179473877,-4.391717910766602,-3.898353338241577,-3.6948461532592773
-0.0815311148762703,0.33947843313217163,0.932453453540802,1.0462815761566162,1.0699079036712646,1.1808432340621948,1.9765419960021973,2.395169258117676,1.8186419010162354,0.48706144094467163,-1.057643175125122,-1.664726972579956,-1.347224473953247,-1.0889391899108887,-1.694459080696106,-2.8957607746124268,-5.050492763519287,-7.994274139404297,-8.641617774963379,-6.015999794006348,-3.2953524589538574,-1.7040443420410156,-2.5626871585845947,-2.88702130317688,-2.1515283584594727,-1.84708833694458,-2.428070545196533,-3.192936897277832,-3.0600595474243164,-1.55764901638031,0.18476729094982147,1.3783177137374878,1.8370327949523926,1.0264190435409546,-2.331857442855835,-6.102733135223389,-7.669076919555664,-8.381126403808594,-7.4901123046875,-5.430565357208252,-4.203812599182129,-3.287566661834717,-3.273576259613037,-4.301793098449707
-0.22007349133491516,0.3138376772403717,1.0443602800369263,1.4462097883224487,1.823787808418274,1.6623708009719849,1.869634747505188,2.0408835411071777,1.5082616806030273,0.4413519501686096,-1.0083391666412354,-1.5862871408462524,-1.4367916584014893,-1.558206558227539,-2.7705190181732178,-4.505379676818848,-6.080533504486084,-7.817066669464111,-8.260098457336426,-6.231766700744629,-3.6927082538604736,-2.161069393157959,-1.8475937843322754,-2.1242358684539795,-1.6230409145355225,-1.6296682357788086,-2.5686140060424805,-3.2380645275115967,-2.7366464138031006,-1.015075445175171,0.7030866742134094,1.9436805248260498,2.387108325958252,1.089112639427185,-1.5833063125610352,-3.9875404834747314,-5.523947715759277,-5.959104061126709,-5.519924163818359,-4.457960605621338,-3.318000316619873,-2.375382900238037,-2.4911751747131348,-3.5551559925079346
0.07591467350721359,0.5386219620704651,1.283775806427002,2.0683865547180176,2.685488224029541,2.631875514984131,2.150686025619507,2.267714500427246,1.8996639251708984,0.558417558670044,-0.8376601338386536,-1.623773217201233,-1.687497854232788,-1.7688254117965698,-2.6224918365478516,-4.903232574462891,-6.505842685699463,-6.795160293579102,-6.314421653747559,-5.01267147064209,-3.3718037605285645,-2.2480015754699707,-1.7532544136047363,-1.7276325225830078,-1.564234972000122,-1.6092725992202759,-2.1302623748779297,-2.5544395446777344,-2.220769166946411,-1.0727440118789673,0.20959854125976562,1.431834101676941,2.0448403358459473,1.3605191707611084,0.02733761817216873,-1.4123916625976562,-2.848043918609619,-3.6006710529327393,-3.3080286979675293,-2.573864221572876,-1.795355200767517,-1.221693992614746,-1.299530267715454,-1.9901901483535767
0.6350114941596985,1.3221806287765503,1.9728217124938965,2.723651647567749,3.1313583850860596,3.245544195175171,2.766176462173462,2.602496385574341,2.8462085723876953,2.2303836345672607,0.9256142377853394,-0.5999603271484375,-1.5388833284378052,-1.4339537620544434,-1.3690109252929688,-2.896852731704712,-5.2895050048828125,-6.118968963623047,-5.109853744506836,-3.702742338180542,-2.821153163909912,-2.385272979736328,-2.061565399169922,-1.72373628616333,-1.416685938835144,-1.1376711130142212,-0.9766177535057068,-0.8271859288215637,-0.4146789610385895,0.19495642185211182,0.7876561880111694,1.2807010412216187,1.6524806022644043,1.532923936843872,1.045775055885315,0.41988927125930786,-0.689420223236084,-1.7355234622955322,-1.7269206047058105,-0.6938789486885071,0.24711094796657562,0.44445106387138367,0.2532246708869934,0.12993964552879333
0.7112705707550049,1.855843424797058,2.6096744537353516,3.1320371627807617,3.322110176086426,3.4883360862731934,3.5152621269226074,3.279146909713745,3.6584455966949463,4.11749267578125,3.759080171585083,2.289313316345215,0.288722962141037,-0.2754032611846924,0.2643447816371918,0.3437206447124481,-1.50081205368042,-3.8998947143554688,-4.56584358215332,-3.2893478870391846,-2.062987804412842,-1.9491418600082397,-2.2414491176605225,-1.8334697484970093,-0.6693738698959351,0.33720311522483826,1.0306406021118164,1.5311031341552734,2.0372705459594727,2.389481544494629,2.5587525367736816,2.3860507011413574,2.0765380859375,1.7284457683563232,1.3100535869598389,1.234799861907959,0.937300443649292,0.275454044342041,-0.15939895808696747,0.30890020728111267,0.9908158183097839,1.289864182472229,1.494801640510559,1.859331727027893
1.0058259963989258,1.8812885284423828,2.452361583709717,2.7267332077026367,2.7964937686920166,3.1157233715057373,3.5208382606506348,3.59790301322937,3.853550910949707,4.679407596588135,5.392775535583496,5.185284614562988,3.6241559982299805,2.0656144618988037,1.9049640893936157,2.687455892562866,2.58314847946167,0.7956770658493042,-1.608370065689087,-2.469287395477295,-1.733228325843811,-1.1206797361373901,-1.1866739988327026,-1.3572920560836792,-0.3223765790462494,1.6039777994155884,2.9549102783203125,3.521106004714966,3.813504457473755,3.8286397457122803,3.7431271076202393,3.534391164779663,3.1650681495666504,2.7639317512512207,2.2767317295074463,2.1125502586364746,2.0871949195861816,1.8659887313842773,1.4053789377212524,1.190981388092041,1.4684199094772339,1.9384807348251343,2.526627540588379,2.7785542011260986
1.1230883598327637,1.9563820362091064,2.2511379718780518,2.079700231552124,1.8575987815856934,2.3055145740509033,3.097241163253784,3.6036536693573,3.956871747970581,4.588436603546143,5.599326133728027,6.322508335113525,6.2052412033081055,5.194554328918457,4.120443820953369,4.017207145690918,4.565181255340576,4.553837776184082,3.1527183055877686,1.055343747138977,-0.047913093119859695,0.13721634447574615,0.6776351928710938,0.961296796798706,1.1889277696609497,2.4631996154785156,4.051743030548096,4.872483730316162,5.0464372634887695,4.818482875823975,4.499641418457031,4.469933986663818,4.544931888580322,4.477302074432373,4.004119396209717,3.2750492095947266,2.681527853012085,2.493459939956665,2.569159507751465,2.730800151824951,3.0082199573516846,3.362537145614624,3.786968231201172,3.8745405673980713
-0.1587834358215332,0.7130047678947449,1.3307523727416992,1.5852935314178467,1.6837725639343262,2.196516752243042,2.959911584854126,3.5921072959899902,4.027701377868652,4.428844451904297,5.094592094421387,5.92009973526001,6.530368804931641,6.74057149887085,6.443872451782227,5.9389801025390625,5.81971549987793,6.017431735992432,5.950878143310547,4.921297073364258,3.5908777713775635,3.1070516109466553,3.3712079524993896,4.03853702545166,4.341793060302734,4.732580184936523,5.271480083465576,6.027217388153076,6.447162628173828,6.361289024353027,5.935633182525635,5.703408241271973,5.845824241638184,5.796357154846191,5.3013200759887695,4.25714111328125,3.31955623626709,3.2227437496185303,3.763066291809082,4.502830505371094,4.8065876960754395,4.874443531036377,5.105273723602295,5.264388561248779
-1.6958682537078857,-1.1627843379974365,-0.37078458070755005,0.5289022922515869,1.281136155128479,1.7213783264160156,1.9902058839797974,2.528548240661621,3.3386757373809814,4.042119979858398,4.516015529632568,5.0111846923828125,5.566680431365967,6.207345485687256,6.86250114440918,7.377569198608398,7.711033821105957,7.910065650939941,7.9022216796875,7.629652500152588,7.0778045654296875,6.766361713409424,6.637727737426758,6.810050010681152,6.80634880065918,7.203514575958252,7.519200801849365,7.708633899688721,7.956000804901123,8.048860549926758,7.75937557220459,7.201707363128662,6.798962593078613,6.445666790008545,6.058389186859131,5.473548412322998,4.922478199005127,4.942949295043945,5.489472389221191,6.059340476989746,6.194033622741699,5.997495174407959,6.175645351409912,6.430210113525391
-2.4742276668548584,-2.065789222717285,-1.4219684600830078,-0.6062573194503784,0.17125199735164642,0.5450004935264587,0.7132598757743835,1.0980101823806763,1.8099879026412964,2.7296502590179443,3.447319984436035,4.038171291351318,4.616232872009277,5.344588756561279,6.259928226470947,7.302444934844971,8.413137435913086,9.473681449890137,10.166383743286133,10.41574764251709,10.418661117553711,10.149184226989746,9.639575004577637,9.242764472961426,8.483716011047363,8.27216625213623,8.882054328918457,9.531633377075195,9.748054504394531,9.623845100402832,9.35323429107666,8.848129272460938,8.224146842956543,7.630093574523926,7.242740154266357,7.122884750366211,7.205986499786377,7.430853366851807,7.687168598175049,7.854025840759277,7.7632012367248535,7.379171848297119,7.450123310089111,7.438549518585205
-2.8863778114318848,-2.292255163192749,-1.909389853477478,-1.5330352783203125,-0.9858762621879578,-0.5323290228843689,-0.24381130933761597,0.13558751344680786,0.5062281489372253,1.1391119956970215,1.9204094409942627,2.750775098800659,3.671698570251465,4.65947961807251,5.658397197723389,6.648566246032715,7.7812113761901855,9.159011840820312,10.626508712768555,11.895176887512207,12.745857238769531,13.105945587158203,13.060346603393555,12.532198905944824,11.560367584228516,10.52340030670166,9.843753814697266,10.055212020874023,10.657634735107422,11.012642860412598,11.0872220993042,10.85335922241211,10.46531867980957,9.876137733459473,9.28927230834961,9.111259460449219,9.299687385559082,9.518818855285645,9.612234115600586,9.683371543884277,9.61549186706543,9.360498428344727,9.04086685180664,8.772894859313965
-3.3901445865631104,-2.7937064170837402,-2.457906484603882,-2.1667253971099854,-1.6215531826019287,-1.1914445161819458,-0.830167829990387,-0.2751399278640747,0.14309433102607727,0.4628829061985016,1.0327030420303345,1.8375362157821655,2.799100399017334,3.9362382888793945,5.101449012756348,6.0176825523376465,6.873279094696045,7.970103740692139,9.385862350463867,10.992491722106934,12.468952178955078,13.654217720031738,14.442811965942383,14.623401641845703,14.469953536987305,14.138014793395996,12.980481147766113,11.647490501403809,11.23928451538086,11.680510520935059,12.549932479858398,13.113763809204102,12.972206115722656,12.380746841430664,11.739977836608887,11.328380584716797,11.212259292602539,11.233978271484375,11.247109413146973,11.387532234191895,11.546592712402344,11.353178024291992,10.895879745483398,10.560980796813965
-3.64459490776062,-3.531087636947632,-3.171961784362793,-2.4904210567474365,-1.680450677871704,-0.9992480278015137,-0.5441778302192688,-0.21867632865905762,0.015255555510520935,0.4237900376319885,0.9238163232803345,1.727400302886963,2.6040496826171875,3.444762945175171,4.377915382385254,5.349916458129883,6.2779974937438965,7.17147159576416,8.201180458068848,9.454319953918457,10.851600646972656,12.202295303344727,13.39478874206543,14.335567474365234,14.97508716583252,15.52320671081543,15.628673553466797,14.929283142089844,13.728468894958496,13.113701820373535,13.800477981567383,14.809247970581055,15.242571830749512,14.995031356811523,14.44997787475586,13.886324882507324,13.543890953063965,13.410624504089355,13.321844100952148,13.341741561889648,13.402945518493652,13.262768745422363,13.071306228637695,12.99924087524414
-3.866375207901001,-3.831747055053711,-3.6638283729553223,-2.9299814701080322,-1.8017873764038086,-0.7180523872375488,-0.0313459150493145,0.2434043437242508,0.39875704050064087,0.5712040066719055,1.0160707235336304,1.7948142290115356,2.4197115898132324,3.060997486114502,3.711491346359253,4.567843437194824,5.64490270614624,6.726802825927734,7.715734958648682,8.586252212524414,9.573148727416992,10.78093433380127,12.129316329956055,13.390225410461426,14.332056999206543,15.065678596496582,15.898941993713379,16.609996795654297,16.45025062561035,15.76324462890625,15.670710563659668,16.19736671447754,16.782766342163086,17.15294075012207,17.137657165527344,16.646713256835938,16.083906173706055,15.721187591552734,15.458414077758789,15.26903247833252,15.047837257385254,14.859127044677734,14.862004280090332,15.029294967651367
-4.336452007293701,-3.875763177871704,-3.61391019821167,-3.065181255340576,-1.9866352081298828,-0.8093382716178894,0.03415888547897339,0.3101351261138916,0.40963420271873474,0.7538931965827942,1.3186957836151123,1.6202325820922852,1.7733134031295776,2.3534178733825684,3.1073501110076904,4.049963474273682,5.2025909423828125,6.317211627960205,7.345111846923828,8.141214370727539,8.961786270141602,10.044190406799316,11.371535301208496,12.715717315673828,13.809343338012695,14.685522079467773,15.616646766662598,16.498735427856445,17.052473068237305,17.340946197509766,17.558809280395508,17.785158157348633,18.12171173095703,18.69766616821289,19.136865615844727,19.07489585876465,18.539918899536133,17.877120971679688,17.300451278686523,16.756114959716797,16.26938819885254,15.873652458190918,15.801016807556152,16.06158447265625
-4.749399185180664,-4.095486640930176,-3.541459560394287,-3.014342784881592,-2.36672043800354,-1.5989402532577515,-0.8631271719932556,-0.36138060688972473,0.14210180938243866,0.7910593152046204,1.3432514667510986,1.4842900037765503,1.3906126022338867,1.7841150760650635,2.597263813018799,3.600297451019287,4.695838928222656,5.728548526763916,6.685845375061035,7.467604160308838,8.312806129455566,9.373348236083984,10.659239768981934,12.061652183532715,13.400239944458008,14.588051795959473,15.559407234191895,16.170080184936523,16.63298225402832,17.318008422851562,18.09209632873535,18.732254028320312,19.27378273010254,19.919837951660156,20.590070724487305,20.98609161376953,20.932720184326172,20.407699584960938,19.783910751342773,19.08765983581543,18.27159309387207,17.50066566467285,17.18318748474121,17.322322845458984
