data/wind_data/wind_17_7.json
{"header": {"parameterUnit": "KT", "parameterCategory": 2, "nx": 256, "ny": 198, "lo1": 44.73521041870117, "la1": -3.236724853515625, "lo2": 111.26478576660156, "la2": 43.468475341796875, "dx": 0.2609002888202667, "dy": -0.23708222806453705, "refTime": "2025-02-19 17:00:00", "forecastTime": 0, "parameterNumber": 2, "parameterNumberName": "eastward_wind"}, "data":
[rows 40 to 59 of 198, columns 176 to 219 of 256]
-13.25831127166748,-12.519340515136719,-11.007903099060059,-10.300399780273438,-10.855921745300293,-11.059263229370117,-10.440534591674805,-10.070636749267578,-10.927337646484375,-13.461666107177734,-15.114212989807129,-15.011883735656738,-11.938851356506348,-11.161234855651855,-11.473179817199707,-12.809677124023438,-13.770002365112305,-15.385978698730469,-16.09148597717285,-17.04746437072754,-17.473953247070312,-17.225820541381836,-16.861797332763672,-17.158435821533203,-17.68390464782715,-17.777751922607422,-17.30533218383789,-16.9140567779541,-16.98480987548828,-17.54591178894043,-17.962635040283203,-18.21257209777832,-19.037588119506836,-19.58902931213379,-18.105607986450195,-19.151107788085938,-18.51481819152832,-20.620702743530273,-21.67082977294922,-20.79820442199707,-17.309362411499023,-18.62953758239746,-19.665935516357422,-19.431066513061523
-12.026724815368652,-12.281277656555176,-12.444709777832031,-12.137027740478516,-11.764945030212402,-11.110382080078125,-9.254064559936523,-8.497660636901855,-11.746264457702637,-14.321016311645508,-15.107468605041504,-14.952629089355469,-12.67923355102539,-11.211837768554688,-10.704390525817871,-10.955109596252441,-11.423351287841797,-12.576138496398926,-13.89173698425293,-15.247891426086426,-15.691728591918945,-15.476371765136719,-14.942387580871582,-14.919914245605469,-15.390134811401367,-15.82034683227539,-15.710613250732422,-15.60955810546875,-15.753640174865723,-16.067733764648438,-16.513973236083984,-17.056652069091797,-17.673612594604492,-18.022554397583008,-17.60708999633789,-17.09490203857422,-16.69504737854004,-18.419021606445312,-19.47129249572754,-18.769939422607422,-16.99635124206543,-19.305561065673828,-19.375699996948242,-18.96160316467285
-11.70313835144043,-12.54308032989502,-13.805572509765625,-14.115105628967285,-13.063220977783203,-11.669636726379395,-9.566377639770508,-7.022487163543701,-7.873642444610596,-12.2022066116333,-14.287038803100586,-14.73796558380127,-12.720582008361816,-12.244102478027344,-11.077399253845215,-11.213345527648926,-11.0816068649292,-10.72053337097168,-11.51935863494873,-12.680233001708984,-13.680834770202637,-13.680301666259766,-13.315458297729492,-12.977025985717773,-12.843317985534668,-13.148591995239258,-13.345083236694336,-13.606307029724121,-14.021293640136719,-14.273420333862305,-14.50555419921875,-14.881185531616211,-14.907074928283691,-14.706090927124023,-14.703641891479492,-14.165619850158691,-13.866052627563477,-15.08847713470459,-15.63631534576416,-14.305274963378906,-18.33844757080078,-19.247238159179688,-19.593839645385742,-18.43763542175293
-11.066295623779297,-11.223130226135254,-12.073493957519531,-13.247451782226562,-13.403204917907715,-12.108402252197266,-10.161067008972168,-8.1561861038208,-6.995148181915283,-8.294644355773926,-11.008419036865234,-13.640641212463379,-14.215378761291504,-12.661611557006836,-12.804914474487305,-12.216279983520508,-11.563726425170898,-10.493675231933594,-11.164373397827148,-12.365726470947266,-11.856826782226562,-12.582220077514648,-12.019451141357422,-11.414141654968262,-10.90285873413086,-11.247367858886719,-11.66320514678955,-12.04296588897705,-12.32543659210205,-12.743762016296387,-12.67618179321289,-12.446564674377441,-12.11227035522461,-11.570582389831543,-11.253707885742188,-10.993992805480957,-10.015790939331055,-9.596564292907715,-12.792691230773926,-14.625166893005371,-18.005216598510742,-18.6917667388916,-18.421934127807617,-17.160932540893555
-10.012727737426758,-9.849987030029297,-10.740067481994629,-12.161169052124023,-12.52029037475586,-11.635054588317871,-10.050168991088867,-8.268542289733887,-7.007791042327881,-7.783944129943848,-10.40666389465332,-12.470956802368164,-13.825175285339355,-13.730589866638184,-13.883187294006348,-13.454428672790527,-12.28300952911377,-11.347843170166016,-12.02618408203125,-12.897538185119629,-11.088387489318848,-11.75463581085205,-10.889163970947266,-10.26480484008789,-9.96365737915039,-10.506360054016113,-11.11784553527832,-11.436108589172363,-11.735589027404785,-11.702742576599121,-11.204262733459473,-10.49915599822998,-9.80105209350586,-9.549521446228027,-9.444947242736816,-9.463068008422852,-8.674854278564453,-8.43626594543457,-12.13609790802002,-14.848739624023438,-16.555458068847656,-16.856199264526367,-16.126733779907227,-15.141197204589844
-9.887168884277344,-9.841715812683105,-9.208860397338867,-8.409767150878906,-8.363678932189941,-7.786106586456299,-7.312333106994629,-7.459446430206299,-6.824917316436768,-7.741507053375244,-9.745147705078125,-11.81429672241211,-13.245233535766602,-14.169946670532227,-14.402247428894043,-14.063880920410156,-13.024245262145996,-11.890305519104004,-11.865334510803223,-12.562586784362793,-10.766754150390625,-10.293047904968262,-9.70801830291748,-9.36856460571289,-9.359756469726562,-9.322134017944336,-10.061237335205078,-11.56021499633789,-11.390302658081055,-11.066187858581543,-10.396563529968262,-9.821499824523926,-8.914252281188965,-8.850812911987305,-9.15874195098877,-9.408819198608398,-9.015054702758789,-9.410075187683105,-11.762999534606934,-14.156431198120117,-15.23505687713623,-15.05201530456543,-14.229436874389648,-13.476710319519043
-8.347579002380371,-7.453707218170166,-6.770199298858643,-7.876303672790527,-9.631638526916504,-6.783405780792236,-1.3598498106002808,-2.4854934215545654,-5.96390438079834,-7.343022346496582,-8.953872680664062,-10.626487731933594,-12.108536720275879,-13.095481872558594,-13.34624195098877,-13.00621223449707,-12.269753456115723,-11.301507949829102,-10.557202339172363,-10.521150588989258,-9.78890609741211,-9.95209789276123,-8.184926986694336,-7.991729736328125,-7.608262538909912,-7.015271186828613,-8.066915512084961,-10.45743465423584,-10.766563415527344,-10.583250999450684,-10.356816291809082,-10.046891212463379,-9.477296829223633,-9.157259941101074,-9.278325080871582,-9.555213928222656,-9.479266166687012,-10.078694343566895,-11.874900817871094,-13.781743049621582,-14.497152328491211,-14.125991821289062,-13.351954460144043,-12.769290924072266
-7.808684825897217,-5.470047473907471,-0.6827444434165955,-6.813765048980713,-8.694130897521973,-5.538503646850586,-0.10002375394105911,0.936714231967926,-3.466322422027588,-6.01575231552124,-7.678192138671875,-8.789862632751465,-9.857276916503906,-10.66832160949707,-11.102368354797363,-11.012904167175293,-10.550630569458008,-9.435572624206543,-8.4126615524292,-7.986087799072266,-7.826026916503906,-9.28097915649414,-8.580229759216309,-6.846833229064941,-5.21563196182251,-4.7284650802612305,-7.839879512786865,-8.584725379943848,-8.878640174865723,-9.674942016601562,-9.803192138671875,-9.782445907592773,-9.925301551818848,-9.658812522888184,-9.371771812438965,-9.41882038116455,-9.856203079223633,-10.774126052856445,-12.337435722351074,-13.6765718460083,-13.985451698303223,-13.385754585266113,-12.614527702331543,-12.3589506149292
-6.286341667175293,-2.4957942962646484,1.153692364692688,-4.765588760375977,-7.3263163566589355,-5.313531398773193,-1.381429672241211,1.9217990636825562,0.7108765244483948,-2.893725872039795,-5.561070919036865,-6.91690731048584,-7.29091215133667,-7.699614524841309,-8.095458984375,-8.267489433288574,-8.077774047851562,-7.242578983306885,-6.191221237182617,-5.579216003417969,-4.981845855712891,-6.587054252624512,-8.033117294311523,-6.403322219848633,-3.949584484100342,-2.9273018836975098,-6.027873992919922,-6.051329612731934,-6.796143531799316,-8.261175155639648,-8.598533630371094,-8.62779712677002,-9.23719310760498,-9.870148658752441,-9.859268188476562,-9.581855773925781,-10.38433837890625,-11.55065631866455,-12.494386672973633,-13.066082954406738,-13.081619262695312,-12.541078567504883,-11.931798934936523,-11.90630054473877
-4.04183292388916,0.5152928233146667,1.4042785167694092,-1.8551256656646729,-5.430783271789551,-2.2489328384399414,-0.5939134955406189,0.813553512096405,2.485804319381714,0.8498805165290833,-1.9291801452636719,-4.1307806968688965,-5.012704372406006,-5.1439738273620605,-5.2979230880737305,-5.305271625518799,-5.083827495574951,-4.7851104736328125,-4.496667861938477,-4.134740829467773,-3.0526516437530518,-3.0775740146636963,-5.138879299163818,-4.872110843658447,-3.2628960609436035,-2.1860899925231934,-2.833972692489624,-2.936026096343994,-4.490872383117676,-6.199639797210693,-6.8274970054626465,-7.0044684410095215,-7.461682319641113,-9.356067657470703,-10.70449161529541,-10.3895263671875,-10.860081672668457,-11.81428050994873,-11.745047569274902,-11.27619743347168,-11.298593521118164,-11.421974182128906,-11.420097351074219,-11.650056838989258
-1.831815481185913,1.0844602584838867,1.4105026721954346,-0.5741999745368958,-2.6386802196502686,1.9862381219863892,1.6107280254364014,0.5304345488548279,1.0997018814086914,2.186845064163208,1.101794958114624,-0.09261474758386612,-1.5697451829910278,-2.4559988975524902,-2.8782825469970703,-2.998478412628174,-2.7023024559020996,-2.2524538040161133,-2.262295961380005,-2.6346211433410645,-1.8626245260238647,-0.8004583120346069,-1.5513145923614502,-2.069816827774048,-2.2810463905334473,-2.1233808994293213,-1.0901994705200195,-0.7157453298568726,-2.26237416267395,-4.334442138671875,-5.498564720153809,-5.5638251304626465,-5.2695488929748535,-7.420893669128418,-10.342267990112305,-10.776721954345703,-10.820528030395508,-11.220539093017578,-10.357457160949707,-9.056361198425293,-8.888001441955566,-9.680074691772461,-10.64588451385498,-11.321532249450684
0.23446345329284668,1.1503369808197021,1.370369553565979,0.9630911350250244,1.2991911172866821,3.9903619289398193,3.4947376251220703,1.941125512123108,0.9450027942657471,2.2527477741241455,2.1039113998413086,2.4687905311584473,2.2375998497009277,1.190208911895752,0.08314434438943863,-0.7946490049362183,-0.9917716979980469,-0.4678395092487335,0.004757650196552277,-0.2603917419910431,-0.4097786545753479,0.43611380457878113,1.1146669387817383,1.0408234596252441,-0.054299384355545044,-1.2578747272491455,-0.7241363525390625,0.03794632852077484,-0.8632264733314514,-3.026921510696411,-4.810359477996826,-4.679946422576904,-3.6461803913116455,-4.794332981109619,-8.052044868469238,-9.492624282836914,-9.380393028259277,-9.275285720825195,-8.499677658081055,-7.314434051513672,-6.824670314788818,-7.543128967285156,-8.967679977416992,-10.089113235473633
1.7424285411834717,2.1456615924835205,2.587779998779297,3.0450332164764404,4.247920989990234,5.574239253997803,5.44618034362793,4.60512638092041,3.2332205772399902,3.4561803340911865,3.229534387588501,3.61177659034729,4.528870105743408,4.5644025802612305,3.4893980026245117,2.116220235824585,1.2358825206756592,1.909630537033081,2.635883331298828,2.4707508087158203,1.784910798072815,1.7121840715408325,2.4673454761505127,2.661881446838379,1.5046284198760986,0.542230486869812,0.14018172025680542,0.5567438006401062,0.4524470865726471,-1.2899731397628784,-3.534882068634033,-3.7256646156311035,-2.758859157562256,-2.9025816917419434,-5.046413421630859,-6.831688404083252,-6.958617210388184,-6.485025405883789,-5.925964832305908,-5.377100944519043,-5.301626682281494,-5.846071243286133,-6.9610772132873535,-8.082366943359375
3.0669405460357666,2.8498711585998535,3.4177186489105225,3.6969923973083496,5.0098466873168945,6.489076137542725,7.207460880279541,7.507960796356201,6.827805995941162,5.801433563232422,4.19593620300293,3.0458717346191406,4.173725605010986,5.324199676513672,5.285015106201172,4.357384204864502,3.4475717544555664,4.09600305557251,5.3617353439331055,5.269773960113525,4.3691086769104,3.6008236408233643,3.2577807903289795,2.6887428760528564,3.8022091388702393,3.2231805324554443,1.9711456298828125,1.5106769800186157,1.7611554861068726,0.6803955435752869,-1.5768588781356812,-2.276780843734741,-1.7010549306869507,-1.594280481338501,-2.719940185546875,-3.941584587097168,-4.22629451751709,-3.6887903213500977,-3.0289723873138428,-2.9149088859558105,-3.7321178913116455,-4.87520694732666,-5.658799648284912,-6.068446636199951
4.47762393951416,3.336905002593994,1.6068203449249268,3.4203453063964844,5.091090679168701,6.629703044891357,8.062387466430664,8.808574676513672,8.489607810974121,6.917428016662598,4.373764991760254,1.8626317977905273,2.3074402809143066,3.8353075981140137,4.686132907867432,4.428949356079102,4.057881832122803,4.469909191131592,5.716543674468994,6.942659378051758,6.979022979736328,6.096890449523926,4.462803363800049,2.4587817192077637,4.840185165405273,6.301060676574707,4.195176601409912,2.6162683963775635,2.602755308151245,2.1529600620269775,0.4208080768585205,-0.717928946018219,-0.5592405200004578,-0.18235129117965698,-0.4971694052219391,-1.1745930910110474,-1.4801348447799683,-1.2403991222381592,-0.6115984916687012,-0.6857465505599976,-2.0064878463745117,-3.762238025665283,-4.550019264221191,-4.402186870574951
5.50443172454834,4.115438461303711,0.8959723711013794,1.3915050029754639,4.208628177642822,6.849930286407471,8.640569686889648,9.291560173034668,8.530515670776367,6.7100911140441895,4.993088722229004,3.2761404514312744,2.9923598766326904,3.4796664714813232,4.098204612731934,4.129351615905762,3.655874490737915,3.1159515380859375,3.8111953735351562,5.795159816741943,7.841338157653809,8.48226261138916,6.64519739151001,3.129023551940918,4.646305561065674,7.418678283691406,6.0722336769104,4.166898250579834,3.6286635398864746,3.3550918102264404,2.2332472801208496,1.1359248161315918,0.8729874491691589,0.6125441789627075,0.41275128722190857,0.6389168500900269,0.8919545412063599,0.8795557022094727,1.02864408493042,0.865947425365448,-0.4278944432735443,-2.2616071701049805,-3.233062505722046,-3.207166910171509
6.290923595428467,5.367685317993164,3.706251859664917,1.5624091625213623,2.077526569366455,4.624181747436523,7.26897668838501,8.750155448913574,8.093827247619629,6.974618911743164,6.529603958129883,6.544457912445068,6.599107265472412,6.277369022369385,6.1619873046875,6.139488697052002,5.544432640075684,4.0012526512146,2.987567901611328,4.1416544914245605,6.49844217300415,8.581500053405762,8.427096366882324,5.293923854827881,5.064094066619873,7.400716781616211,7.135981559753418,5.7448530197143555,4.790867328643799,4.185089588165283,3.4972307682037354,3.1343231201171875,3.109875440597534,2.7190682888031006,1.714247703552246,1.5112907886505127,2.117894411087036,2.5295002460479736,2.4090158939361572,1.920311689376831,0.7870921492576599,-0.746385931968689,-1.6184364557266235,-1.7256815433502197
7.360631465911865,6.700310707092285,6.956388473510742,5.733160972595215,3.4020180702209473,2.60386323928833,4.675454139709473,6.694586753845215,7.3463544845581055,7.638710975646973,7.909113883972168,8.60477352142334,9.478696823120117,9.658350944519043,9.480178833007812,9.414352416992188,9.033251762390137,7.884988784790039,6.022913932800293,4.965309143066406,5.8941168785095215,7.558985233306885,8.43042278289795,7.182636737823486,6.409435749053955,7.745367527008057,7.946170330047607,7.107612609863281,6.152347087860107,5.333803176879883,4.714037895202637,4.587806224822998,4.673521041870117,5.011977672576904,4.850040435791016,3.44393253326416,2.573718309402466,3.2205517292022705,3.7444777488708496,3.3023903369903564,2.0708096027374268,0.6892125010490417,0.0029921820387244225,0.06312088668346405
8.903350830078125,8.337318420410156,8.996563911437988,9.19445514678955,7.4738054275512695,5.0897674560546875,4.378093719482422,5.27152681350708,6.622313499450684,7.871663570404053,8.572750091552734,9.306118965148926,10.432047843933105,11.349727630615234,11.831178665161133,12.082866668701172,11.983332633972168,11.435070991516113,10.22529125213623,8.418060302734375,7.528680324554443,8.159950256347656,8.629692077636719,8.031601905822754,7.340625286102295,8.320815086364746,8.752253532409668,8.294158935546875,7.981289386749268,7.203935623168945,6.291418075561523,5.820672035217285,5.428969383239746,5.1327128410339355,5.44528341293335,6.819899082183838,5.49705171585083,3.951939344406128,4.276015281677246,4.642853260040283,3.9368908405303955,2.5653958320617676,1.8433207273483276,1.8640762567520142
9.998019218444824,10.029335975646973,10.617897987365723,11.008360862731934,10.142258644104004,8.324049949645996,6.295092582702637,5.5362114906311035,6.434919834136963,7.853366851806641,8.875629425048828,9.618698120117188,10.551533699035645,11.632984161376953,12.663369178771973,13.584029197692871,14.198863983154297,14.034574508666992,13.174652099609375,11.866483688354492,10.426813125610352,10.09499454498291,10.36048698425293,9.84549617767334,8.60187816619873,8.652286529541016,9.823396682739258,9.982828140258789,9.64225959777832,9.010104179382324,7.935642719268799,6.822886943817139,5.606942653656006,4.1547532081604,3.716531991958618,6.849789142608643,9.265164375305176,7.118542194366455,4.98103666305542,4.9005255699157715,5.14469051361084,4.626266956329346,3.9926865100860596,3.6795897483825684
