data/wind_data/wind_64_8.json
{"header": {"parameterUnit": "KT", "parameterCategory": 2, "nx": 256, "ny": 198, "lo1": 44.73521041870117, "la1": -3.236724853515625, "lo2": 111.26478576660156, "la2": 43.468475341796875, "dx": 0.2609002888202667, "dy": -0.23708222806453705, "refTime": "2025-02-21 16:00:00", "forecastTime": 0, "parameterNumber": 2, "parameterNumberName": "eastward_wind"}, "data":
[rows 57 to 75 of 198, columns 44 to 87 of 256]
0.6671187877655029,0.9453687071800232,1.261850118637085,1.9013909101486206,2.836702585220337,3.8431904315948486,4.551486968994141,4.576946258544922,4.059672832489014,3.443986415863037,2.911754846572876,2.385745048522949,1.7084888219833374,0.8528351783752441,-0.0621078684926033,-0.9566962122917175,-1.7503881454467773,-2.25535249710083,-2.283661365509033,-2.047327756881714,-2.005183458328247,-2.4582977294921875,-3.31817364692688,-4.263326644897461,-4.8843159675598145,-5.055324077606201,-4.971035480499268,-4.764408588409424,-4.477444648742676,-4.157554626464844,-3.9148988723754883,-3.9093573093414307,-4.244078159332275,-4.805318355560303,-5.337442874908447,-5.641330242156982,-5.672155380249023,-5.535428524017334,-5.409883499145508,-5.423210144042969,-5.647819995880127,-6.140337944030762,-6.784109592437744,-7.2265753746032715
2.7639591693878174,2.8462367057800293,2.878199815750122,3.053605794906616,3.461980104446411,4.208236217498779,5.141305923461914,5.773799419403076,5.726986885070801,5.184289455413818,4.5830206871032715,4.124305248260498,3.655437469482422,2.914146661758423,1.8479516506195068,0.5148478150367737,-0.8435060381889343,-1.8613840341567993,-2.2192749977111816,-2.0063607692718506,-1.7956089973449707,-1.9522337913513184,-2.426218032836914,-3.0856454372406006,-3.7354822158813477,-4.1537017822265625,-4.245471000671387,-4.082213878631592,-3.7737619876861572,-3.425973653793335,-3.0897951126098633,-2.895144462585449,-2.9663195610046387,-3.296790361404419,-3.76530122756958,-4.188538551330566,-4.503424644470215,-4.695961952209473,-4.771820068359375,-4.727428913116455,-4.694308280944824,-4.874067783355713,-5.32345724105835,-5.852689266204834
4.602252960205078,4.487570285797119,4.459352493286133,4.537712097167969,4.648536205291748,4.930595397949219,5.571720123291016,6.392855167388916,6.871353626251221,6.727950572967529,6.162755489349365,5.566016674041748,5.1054534912109375,4.639156818389893,3.917769432067871,2.7147367000579834,1.0904699563980103,-0.4953133165836334,-1.452750563621521,-1.638861894607544,-1.4486546516418457,-1.403509259223938,-1.593352198600769,-1.993131399154663,-2.5559885501861572,-3.0069029331207275,-3.107494354248047,-2.951111078262329,-2.745206117630005,-2.527519464492798,-2.2985551357269287,-2.1043500900268555,-2.0047976970672607,-2.0697364807128906,-2.297132968902588,-2.65614914894104,-3.0527188777923584,-3.457909107208252,-3.7838969230651855,-3.8993709087371826,-3.8569581508636475,-3.8252437114715576,-3.949315309524536,-4.203693866729736
5.925795555114746,5.800978183746338,5.714110851287842,5.830765247344971,6.000730991363525,6.110523700714111,6.318639278411865,6.862133979797363,7.5621442794799805,7.91403865814209,7.665103912353516,7.060997009277344,6.451925277709961,5.9362688064575195,5.387358665466309,4.549890518188477,3.218928575515747,1.5548827648162842,0.15493138134479523,-0.5867818593978882,-0.6862068176269531,-0.581962525844574,-0.6133112907409668,-0.9103864431381226,-1.3933465480804443,-1.729392647743225,-1.71169912815094,-1.513901948928833,-1.3999840021133423,-1.3667043447494507,-1.3378479480743408,-1.2714495658874512,-1.210028886795044,-1.2177870273590088,-1.2917571067810059,-1.438244104385376,-1.6218606233596802,-1.9352574348449707,-2.439242362976074,-2.953401565551758,-3.1911532878875732,-3.179222345352173,-3.0732932090759277,-3.0175979137420654
7.062530517578125,6.937371253967285,6.835626602172852,6.911341667175293,7.1255598068237305,7.2899065017700195,7.348109245300293,7.470561504364014,7.908626079559326,8.474798202514648,8.720619201660156,8.464664459228516,7.918778419494629,7.289558410644531,6.619197368621826,5.8355231285095215,4.818068981170654,3.5061662197113037,2.1249284744262695,1.074302315711975,0.5540302991867065,0.4758818447589874,0.46598634123802185,0.2208244502544403,-0.217514768242836,-0.497083455324173,-0.4107612073421478,-0.15977978706359863,-0.05094205588102341,-0.11907484382390976,-0.26028934121131897,-0.3847828805446625,-0.4848930537700653,-0.6107343435287476,-0.7661411166191101,-0.8456976413726807,-0.7605265974998474,-0.6691149473190308,-0.9808759093284607,-1.7297528982162476,-2.3800034523010254,-2.6376302242279053,-2.56093430519104,-2.419823408126831
8.27081298828125,7.996826171875,7.831422328948975,7.88297176361084,8.103569030761719,8.271560668945312,8.269302368164062,8.23388671875,8.311652183532715,8.643503189086914,9.12093734741211,9.358368873596191,9.167405128479004,8.658638954162598,7.968602180480957,7.153397560119629,6.221546649932861,5.172357559204102,4.035675525665283,2.977470636367798,2.2044520378112793,1.832135558128357,1.6916688680648804,1.4340349435806274,0.9894981384277344,0.6391063928604126,0.647132933139801,0.9164252877235413,1.1230279207229614,1.116021752357483,0.9225327968597412,0.6073891520500183,0.23227135837078094,-0.1448192149400711,-0.4559231400489807,-0.5933847427368164,-0.4541822373867035,-0.12000860273838043,0.0010682864813134074,-0.4523596167564392,-1.172169804573059,-1.6851154565811157,-1.8787122964859009,-1.929006576538086
9.143879890441895,8.834479331970215,8.622876167297363,8.615010261535645,8.840998649597168,9.09216594696045,9.106596946716309,8.996821403503418,8.966099739074707,9.046316146850586,9.313935279846191,9.668877601623535,9.829133033752441,9.66469669342041,9.230303764343262,8.58524227142334,7.771495819091797,6.821882247924805,5.8014421463012695,4.784907341003418,3.9164879322052,3.3418121337890625,3.065176010131836,2.7843213081359863,2.3033485412597656,1.7950618267059326,1.6037095785140991,1.8205596208572388,2.1549317836761475,2.3062937259674072,2.1978230476379395,1.8763476610183716,1.3310558795928955,0.6259250640869141,0.00797426700592041,-0.32194504141807556,-0.2855515480041504,0.021205829456448555,0.32643547654151917,0.3564993143081665,0.07656298577785492,-0.3015211224555969,-0.6668691039085388,-0.9917691349983215
9.76488971710205,9.283548355102539,9.103816032409668,9.173297882080078,9.388129234313965,9.685103416442871,9.877373695373535,9.823777198791504,9.736601829528809,9.746284484863281,9.787801742553711,9.928058624267578,10.143570899963379,10.2106351852417,10.069339752197266,9.77692985534668,9.297357559204102,8.56875228881836,7.601491928100586,6.512256145477295,5.470310688018799,4.682158946990967,4.256381511688232,4.026369571685791,3.674647569656372,3.1625332832336426,2.7888481616973877,2.818469285964966,3.1127898693084717,3.325604200363159,3.3493168354034424,3.222155809402466,2.8277106285095215,2.065479040145874,1.135847806930542,0.39531609416007996,0.08150192350149155,0.16627749800682068,0.49110034108161926,0.8229779005050659,1.0162748098373413,0.9870128631591797,0.7465178966522217,0.32775041460990906
10.302071571350098,9.702493667602539,9.41719913482666,9.506993293762207,9.81468677520752,10.179052352905273,10.513262748718262,10.608875274658203,10.483952522277832,10.423995971679688,10.464282989501953,10.481898307800293,10.559307098388672,10.707079887390137,10.74775505065918,10.634031295776367,10.4478120803833,10.08754825592041,9.396334648132324,8.343814849853516,7.0923566818237305,5.947597980499268,5.186302661895752,4.853701114654541,4.723405361175537,4.571830749511719,4.400532245635986,4.336334705352783,4.371766567230225,4.360823154449463,4.274395942687988,4.229136943817139,4.1334686279296875,3.7074084281921387,2.856898069381714,1.8308833837509155,1.0364514589309692,0.7435688376426697,0.962963879108429,1.4381802082061768,1.8776600360870361,2.100606679916382,2.0048820972442627,1.6111626625061035
10.554686546325684,10.06839370727539,9.836613655090332,9.856985092163086,10.067524909973145,10.431538581848145,10.888072967529297,11.214399337768555,11.206035614013672,11.017866134643555,10.989322662353516,11.093021392822266,11.165844917297363,11.288893699645996,11.495718002319336,11.588783264160156,11.504171371459961,11.29014778137207,10.854498863220215,10.02217960357666,8.802586555480957,7.433475494384766,6.268794059753418,5.5542426109313965,5.329302787780762,5.454404830932617,5.76064920425415,6.003422260284424,6.0351972579956055,5.814819812774658,5.477136135101318,5.215662956237793,5.059257984161377,4.8554887771606445,4.388285160064697,3.5754308700561523,2.65810227394104,2.0526010990142822,2.0229651927948,2.443772077560425,2.9418115615844727,3.215066432952881,3.1672234535217285,2.7694337368011475
10.66097640991211,10.248734474182129,10.125768661499023,10.208457946777344,10.3460054397583,10.556609153747559,10.952804565429688,11.42005729675293,11.665826797485352,11.588301658630371,11.46195125579834,11.519800186157227,11.680866241455078,11.84317684173584,12.095890998840332,12.396196365356445,12.528079986572266,12.420382499694824,12.075014114379883,11.402599334716797,10.329450607299805,8.9674072265625,7.641435146331787,6.6171555519104,6.05157470703125,6.020475387573242,6.440655708312988,6.966151237487793,7.210145950317383,7.087170600891113,6.797623157501221,6.509389400482178,6.197584629058838,5.814492225646973,5.3610124588012695,4.845142841339111,4.264486789703369,3.762434720993042,3.5621070861816406,3.7233574390411377,4.047085762023926,4.261664867401123,4.195923805236816,3.7916924953460693
10.862894058227539,10.461799621582031,10.268543243408203,10.281946182250977,10.447641372680664,10.711594581604004,11.050686836242676,11.454286575317383,11.794914245605469,11.903959274291992,11.835537910461426,11.852421760559082,12.085331916809082,12.392576217651367,12.64271354675293,12.878525733947754,13.10429859161377,13.199789047241211,13.045056343078613,12.544212341308594,11.644000053405762,10.42131519317627,9.118186950683594,8.020933151245117,7.255378723144531,6.9253740310668945,7.075076580047607,7.513930320739746,7.810969352722168,7.731307029724121,7.526765823364258,7.411548614501953,7.245809555053711,6.824808597564697,6.20017147064209,5.6450700759887695,5.332583904266357,5.1702423095703125,5.0644755363464355,5.0199666023254395,5.0430216789245605,5.055503845214844,4.933934211730957,4.561188220977783
11.261068344116211,10.800926208496094,10.51679515838623,10.387338638305664,10.417680740356445,10.660608291625977,11.071640968322754,11.511329650878906,11.866133689880371,12.056568145751953,12.077519416809082,12.124171257019043,12.412908554077148,12.885993003845215,13.258936882019043,13.39472770690918,13.42276668548584,13.481356620788574,13.513664245605469,13.333745956420898,12.753687858581543,11.77631950378418,10.573472023010254,9.463151931762695,8.651469230651855,8.19373607635498,8.102062225341797,8.28563117980957,8.455122947692871,8.328575134277344,8.019169807434082,7.792319297790527,7.598257541656494,7.2872514724731445,6.77725076675415,6.232222557067871,5.965875148773193,5.990394592285156,6.055351257324219,6.0169525146484375,5.908343315124512,5.742517471313477,5.477884769439697,5.067136287689209
12.058252334594727,11.347931861877441,10.918523788452148,10.742825508117676,10.688075065612793,10.730817794799805,10.952178955078125,11.357769966125488,11.799914360046387,12.134217262268066,12.329498291015625,12.515850067138672,12.867313385009766,13.372232437133789,13.806794166564941,13.95063591003418,13.83725643157959,13.703204154968262,13.669610023498535,13.653656005859375,13.45628833770752,12.89708423614502,11.976811408996582,10.88333511352539,9.958023071289062,9.440632820129395,9.292268753051758,9.342087745666504,9.368115425109863,9.13428783416748,8.678925514221191,8.213419914245605,7.774348258972168,7.307616233825684,6.857865333557129,6.4998979568481445,6.369816780090332,6.475497245788574,6.62173318862915,6.677998065948486,6.655714988708496,6.519073963165283,6.1944990158081055,5.689692974090576
13.529327392578125,12.550426483154297,11.798979759216309,11.437223434448242,11.339735984802246,11.246790885925293,11.111178398132324,11.156216621398926,11.507450103759766,12.019359588623047,12.50624942779541,12.965763092041016,13.469408988952637,13.988359451293945,14.36150074005127,14.449642181396484,14.278818130493164,14.040148735046387,13.903212547302246,13.883724212646484,13.870237350463867,13.678092002868652,13.1472749710083,12.308615684509277,11.378920555114746,10.706747055053711,10.455653190612793,10.469918251037598,10.465481758117676,10.210044860839844,9.691366195678711,9.009013175964355,8.250903129577637,7.496979713439941,6.864198684692383,6.486362457275391,6.459087371826172,6.721981048583984,7.026209354400635,7.233890056610107,7.375174522399902,7.408761501312256,7.197037696838379,6.719394683837891
15.22985553741455,14.299857139587402,13.410416603088379,12.732507705688477,12.33102035522461,12.049941062927246,11.686305046081543,11.344599723815918,11.357592582702637,11.835982322692871,12.55312728881836,13.295814514160156,14.002830505371094,14.587815284729004,14.916586875915527,14.929400444030762,14.683648109436035,14.371904373168945,14.185698509216309,14.187753677368164,14.307609558105469,14.364144325256348,14.15357494354248,13.611666679382324,12.86356258392334,12.133689880371094,11.6742525100708,11.551700592041016,11.521728515625,11.302290916442871,10.838101387023926,10.137632369995117,9.228739738464355,8.225226402282715,7.303812026977539,6.65877628326416,6.461423397064209,6.723121643066406,7.217206954956055,7.680998802185059,8.032465934753418,8.236459732055664,8.179343223571777,7.826760292053223
16.115121841430664,15.498862266540527,14.94511890411377,14.378493309020996,13.75894832611084,13.138854026794434,12.53476333618164,11.991219520568848,11.713552474975586,11.955547332763672,12.671818733215332,13.555952072143555,14.38506031036377,15.040592193603516,15.423407554626465,15.452546119689941,15.155022621154785,14.74257755279541,14.461479187011719,14.458277702331543,14.708651542663574,15.016550064086914,15.133638381958008,14.883076667785645,14.295684814453125,13.553006172180176,12.92359447479248,12.593877792358398,12.441564559936523,12.196393966674805,11.781144142150879,11.223359107971191,10.474729537963867,9.493553161621094,8.403020858764648,7.445056438446045,6.883148670196533,6.872891902923584,7.288236141204834,7.878140926361084,8.474167823791504,8.900798797607422,8.970962524414062,8.66335391998291
16.42494773864746,15.789430618286133,15.532368659973145,15.427650451660156,15.132915496826172,14.481741905212402,13.661040306091309,12.970812797546387,12.566205978393555,12.561266899108887,13.047268867492676,13.891999244689941,14.749810218811035,15.396355628967285,15.787018775939941,15.891050338745117,15.675934791564941,15.259469032287598,14.88998794555664,14.804708480834961,15.068199157714844,15.533737182617188,15.90825366973877,15.946514129638672,15.558606147766113,14.880484580993652,14.182502746582031,13.678034782409668,13.32868766784668,12.95537281036377,12.516626358032227,12.097583770751953,11.663690567016602,11.002138137817383,9.996358871459961,8.858229637145996,7.976752281188965,7.5874552726745605,7.675671100616455,8.073729515075684,8.644917488098145,9.236245155334473,9.5489501953125,9.358536720275879
16.444778442382812,15.836196899414062,15.724568367004395,15.86742877960205,15.907014846801758,15.565631866455078,14.877086639404297,14.16551399230957,13.691251754760742,13.525310516357422,13.730670928955078,14.349945068359375,15.157443046569824,15.795487403869629,16.130022048950195,16.208011627197266,16.075899124145508,15.785387992858887,15.478971481323242,15.354399681091309,15.544455528259277,15.9950532913208,16.46319007873535,16.684417724609375,16.491168975830078,15.950297355651855,15.306244850158691,14.726507186889648,14.208727836608887,13.69671630859375,13.197285652160645,12.822163581848145,12.618927955627441,12.338703155517578,11.627847671508789,10.523955345153809,9.473846435546875,8.825587272644043,8.591139793395996,8.637004852294922,8.886197090148926,9.316934585571289,9.771208763122559,9.877513885498047
