data/wind_data/wind_48_2.json
{"header": {"parameterUnit": "KT", "parameterCategory": 2, "nx": 256, "ny": 198, "lo1": 44.73521041870117, "la1": -3.236724853515625, "lo2": 111.26478576660156, "la2": 43.468475341796875, "dx": 0.2609002888202667, "dy": -0.23708222806453705, "refTime": "2025-02-21 00:00:00", "forecastTime": 0, "parameterNumber": 2, "parameterNumberName": "eastward_wind"}, "data":
[rows 152 to 170 of 198, columns 43 to 85 of 256]
8.190442085266113,7.898526668548584,10.860249519348145,9.357994079589844,4.5378289222717285,2.616957664489746,0.6071794629096985,0.014554395340383053,-1.114616870880127,-0.5437836647033691,-2.5785391330718994,4.226828575134277,7.656477928161621,7.200332164764404,4.378803253173828,-2.1807026863098145,-7.1792707443237305,-5.745278358459473,-1.864430546760559,1.342726230621338,3.9370667934417725,4.410604000091553,3.5620741844177246,2.9732165336608887,4.706261157989502,8.844529151916504,11.470768928527832,11.03524112701416,11.429561614990234,13.232592582702637,14.652833938598633,14.739510536193848,14.119210243225098,14.151762008666992,14.037368774414062,14.062613487243652,15.012626647949219,14.86082649230957,13.2356595993042,12.056702613830566,10.797051429748535,10.222976684570312,9.559885025024414
6.506344318389893,7.174428462982178,8.756490707397461,5.862437725067139,2.228959798812866,0.5316554307937622,-0.15523409843444824,3.6047072410583496,5.34091329574585,4.775022983551025,2.8095903396606445,4.300438404083252,2.746680974960327,1.30035400390625,-0.7644872665405273,-5.363658428192139,-6.434290885925293,-2.6595304012298584,0.05702381581068039,1.7516119480133057,4.035691261291504,5.204634666442871,4.339330673217773,4.282707691192627,6.316404819488525,9.707930564880371,10.726166725158691,9.811017036437988,10.158961296081543,11.617029190063477,13.535762786865234,14.632184982299805,14.702103614807129,15.112913131713867,13.837922096252441,12.132430076599121,12.429040908813477,12.908082008361816,12.53380012512207,11.883590698242188,11.310184478759766,10.853469848632812,10.02064037322998
4.56232213973999,5.641085624694824,4.73116397857666,2.2046802043914795,1.7154662609100342,-0.059259288012981415,-1.4347847700119019,1.8733201026916504,2.8164663314819336,0.7410230040550232,1.110371470451355,0.5705819725990295,-0.6171236634254456,-1.615906834602356,-2.9191231727600098,-4.158294200897217,-2.110342264175415,1.056990385055542,0.9844912886619568,1.3492001295089722,4.165757179260254,5.635226726531982,6.3098835945129395,7.6384453773498535,8.665986061096191,10.195372581481934,10.919829368591309,10.506922721862793,10.106919288635254,11.196674346923828,13.253360748291016,14.878375053405762,16.27144432067871,16.25543785095215,14.89976978302002,12.564276695251465,10.835545539855957,10.993108749389648,11.93200397491455,12.44784164428711,11.770923614501953,10.614850997924805,10.09599781036377
4.1622161865234375,3.1155707836151123,0.06648903340101242,-2.28959584236145,-0.8210954666137695,-1.2195794582366943,-3.470093011856079,-2.316391944885254,-2.019127130508423,-3.0272774696350098,-3.8638103008270264,-5.1125264167785645,-4.687618732452393,-4.387412071228027,-3.3444573879241943,-0.583003044128418,3.3093624114990234,3.3394322395324707,1.2499802112579346,1.4961994886398315,3.804407835006714,6.611917495727539,8.736288070678711,10.179051399230957,10.571264266967773,10.991613388061523,11.706884384155273,9.90212345123291,8.182158470153809,9.531201362609863,11.45374870300293,12.931624412536621,14.381209373474121,15.529339790344238,16.70310401916504,14.185379028320312,10.100152015686035,10.226855278015137,12.409589767456055,12.293474197387695,10.572765350341797,10.165546417236328,11.272790908813477
-0.12696795165538788,-1.3951475620269775,-4.455928802490234,-5.445382118225098,-3.3415300846099854,-3.751134157180786,-5.480179786682129,-4.1321702003479,-2.2659192085266113,-2.4675865173339844,-4.464386463165283,-5.572502136230469,-5.2043867111206055,-4.207699298858643,-1.2053308486938477,3.7005529403686523,6.8488545417785645,4.264487266540527,3.1088433265686035,4.4474897384643555,5.680436134338379,7.280150413513184,9.077098846435547,10.805816650390625,11.681459426879883,11.584331512451172,11.018359184265137,8.561355590820312,5.74332857131958,2.7856249809265137,3.6264405250549316,5.012167930603027,6.799014568328857,7.449224948883057,9.512593269348145,11.068685531616211,11.666587829589844,12.345882415771484,13.121065139770508,11.378320693969727,9.574143409729004,10.3455171585083,12.034527778625488
-7.892981052398682,-5.850902080535889,-5.015262126922607,-3.389138698577881,-1.2337514162063599,-1.056645393371582,-2.63547945022583,-2.2392680644989014,0.33400097489356995,1.0149046182632446,0.894206702709198,1.602311134338379,0.7468705773353577,0.38477012515068054,3.102250814437866,7.0369439125061035,7.464859962463379,4.065392017364502,4.41818904876709,7.047216415405273,8.343982696533203,7.56835412979126,7.9093523025512695,9.884563446044922,12.130105018615723,12.815292358398438,11.378074645996094,8.778783798217773,5.677518844604492,2.985133171081543,3.55676007270813,5.37483549118042,6.5141987800598145,6.59169864654541,6.915005207061768,9.257596969604492,11.3883695602417,12.41936206817627,11.651026725769043,10.924637794494629,10.589882850646973,10.028218269348145,9.4362154006958
-8.44600772857666,-5.349765300750732,-0.6694207191467285,1.5457184314727783,1.7062983512878418,1.1389310359954834,0.47135335206985474,1.6858272552490234,4.5786452293396,4.882833003997803,4.7952752113342285,5.872952938079834,5.4385085105896,5.208316802978516,7.578690528869629,8.411890983581543,7.028776168823242,6.161860942840576,6.849472522735596,8.377422332763672,8.176817893981934,7.4005889892578125,7.031215190887451,7.663388252258301,9.283231735229492,9.010634422302246,6.460958957672119,3.356179714202881,1.7474812269210815,3.5865750312805176,5.006669521331787,5.2701311111450195,5.270315170288086,4.917267799377441,4.960533618927002,5.292411804199219,6.976663589477539,8.905972480773926,9.478466987609863,9.666336059570312,9.220892906188965,7.373040676116943,6.360291481018066
-5.375734329223633,-4.286428451538086,1.187733769416809,5.454503059387207,7.191705703735352,7.599491119384766,5.96473503112793,5.911052703857422,6.952752590179443,7.556770324707031,7.300564289093018,7.245940685272217,5.240823745727539,6.711070537567139,7.731534481048584,5.837883472442627,5.742702007293701,7.088210105895996,7.4067702293396,7.571199417114258,6.7776103019714355,7.077752113342285,6.750926971435547,6.735961437225342,6.107803821563721,3.639484405517578,1.033194899559021,-1.930529236793518,-2.5076143741607666,0.792675256729126,1.339509129524231,0.8686013221740723,0.47088056802749634,0.7921430468559265,2.3112406730651855,3.977520227432251,5.240747928619385,6.205633640289307,6.96619987487793,6.719246864318848,6.8758931159973145,6.872770309448242,6.371450901031494
-4.622699737548828,-4.244894504547119,-0.893434464931488,0.6493890881538391,1.6243863105773926,4.116488456726074,6.755924701690674,5.67067289352417,2.505650520324707,1.407497763633728,1.025734782218933,2.35797381401062,4.492215156555176,7.822183132171631,3.8949742317199707,1.476596474647522,5.536586284637451,10.043411254882812,11.335541725158691,7.927352428436279,6.050412178039551,6.24435567855835,5.84789514541626,5.563802242279053,4.258345603942871,1.4767922163009644,-0.5299147367477417,-0.6874081492424011,-0.24677184224128723,1.0009046792984009,1.612318515777588,1.3184847831726074,-0.7129568457603455,-2.7379207611083984,0.8515232801437378,3.6482927799224854,5.868467330932617,7.1051483154296875,7.314962387084961,4.084708213806152,1.384631872177124,1.2638787031173706,-0.08714640140533447
-5.6515727043151855,-4.422966480255127,-1.619391679763794,-0.5114427804946899,0.0673920065164566,2.61722993850708,4.031750679016113,2.2916080951690674,0.8095311522483826,0.30765414237976074,-1.108261227607727,-0.01536536868661642,5.662870407104492,5.28324031829834,0.3346429467201233,4.277308464050293,5.945891857147217,8.262568473815918,9.605826377868652,8.795228958129883,5.034432411193848,3.876328229904175,4.0308966636657715,3.907005786895752,2.665128469467163,0.7744560837745667,0.668097198009491,2.495504856109619,3.672272205352783,4.077796936035156,3.799938678741455,2.4206063747406006,-1.4018216133117676,-4.062223434448242,-0.2740003764629364,1.166199803352356,1.70297372341156,-0.6252608895301819,-1.8643605709075928,-0.6560868620872498,-1.875501275062561,-6.741974353790283,-6.4691057205200195
-5.875757694244385,-3.2768852710723877,-0.437555193901062,-0.045513518154621124,0.7889667749404907,2.189119815826416,4.272865295410156,1.996753215789795,1.1942708492279053,0.20112435519695282,1.072821021080017,3.9652504920959473,5.164890766143799,-0.3051204979419708,3.9837021827697754,7.181246757507324,7.903977870941162,5.941629409790039,3.6665778160095215,6.177268981933594,4.017609596252441,2.1724839210510254,2.4685142040252686,2.0128092765808105,1.2728796005249023,1.5005136728286743,2.8331615924835205,3.7793891429901123,3.767514705657959,2.895261287689209,2.2736809253692627,0.5093021392822266,-3.771737813949585,-6.219883918762207,-5.940664768218994,-7.9499897956848145,-10.008055686950684,-12.851078033447266,-13.111342430114746,-11.790749549865723,-11.575285911560059,-13.213350296020508,-7.8871378898620605
-4.789834976196289,-3.9702422618865967,-0.4490300714969635,2.547714948654175,3.5447633266448975,3.2780635356903076,1.6905444860458374,-0.516164243221283,-1.137886881828308,1.441412091255188,4.429861068725586,4.317846775054932,-1.0100148916244507,1.6831225156784058,7.225450038909912,9.10973834991455,7.692939281463623,1.6860772371292114,1.763419508934021,3.8059356212615967,1.9726113080978394,0.5196988582611084,0.8627521991729736,0.6381313800811768,1.1525293588638306,0.7633667588233948,0.33189377188682556,0.5354968309402466,0.18320472538471222,0.6386853456497192,0.0365552082657814,-3.8029308319091797,-7.420258045196533,-10.03852367401123,-12.197257995605469,-14.48834228515625,-15.853066444396973,-17.72730827331543,-19.56524085998535,-20.961671829223633,-21.963733673095703,-21.820358276367188,-17.69988441467285
-5.212608337402344,-3.176811456680298,-2.0025553703308105,-1.8837103843688965,-2.7896928787231445,-2.1385021209716797,-3.344719886779785,-2.0519893169403076,1.774594783782959,4.668060779571533,3.931628704071045,1.099210262298584,1.9430067539215088,6.457109451293945,6.787073612213135,4.727192401885986,-0.32092031836509705,-2.3130908012390137,0.31952905654907227,1.0277469158172607,-0.5058009624481201,-1.3367983102798462,-0.483258992433548,-0.1548713743686676,-1.1213101148605347,-2.6982555389404297,-2.2103586196899414,-1.4182114601135254,-1.4443072080612183,-2.6019773483276367,-5.83652925491333,-9.807313919067383,-12.249632835388184,-13.98752498626709,-15.823492050170898,-17.612049102783203,-19.63498878479004,-22.986114501953125,-26.865982055664062,-29.635175704956055,-30.513084411621094,-29.836824417114258,-28.55890655517578
-5.609136581420898,-4.390095233917236,-2.8209142684936523,-2.8388240337371826,-3.8458468914031982,-3.3897342681884766,-1.6125940084457397,3.198704957962036,4.636814117431641,3.152379274368286,2.204988479614258,3.2907609939575195,6.226525783538818,4.748738765716553,2.675128221511841,-0.2553829252719879,-3.35850191116333,-2.4719252586364746,-0.9818372130393982,-0.708722710609436,-2.618452548980713,-3.299893617630005,-2.12320613861084,-2.168262004852295,-4.418570041656494,-4.305026531219482,-2.888216733932495,-3.7221131324768066,-6.033450126647949,-8.929667472839355,-12.251809120178223,-14.843573570251465,-16.47317886352539,-17.67620849609375,-19.04067611694336,-21.28888511657715,-24.840030670166016,-29.310165405273438,-33.03443145751953,-34.48060607910156,-33.07082748413086,-30.44782829284668,-28.108125686645508
-4.215561389923096,-3.8757622241973877,-2.2776849269866943,-1.8403692245483398,-1.1771169900894165,0.6454898715019226,2.6580779552459717,3.497515916824341,0.7632327675819397,1.2112526893615723,4.825788974761963,5.795248508453369,4.266530513763428,2.865678071975708,4.3487229347229,0.7713241577148438,-3.2520859241485596,-2.325752019882202,-1.7803915739059448,-2.2418675422668457,-4.645938396453857,-4.760124206542969,-3.8712220191955566,-4.828887462615967,-5.561501979827881,-4.373143196105957,-5.517179489135742,-7.9173688888549805,-10.430474281311035,-13.178871154785156,-15.385294914245605,-16.7724666595459,-17.994243621826172,-19.304418563842773,-21.14084815979004,-23.825998306274414,-27.296791076660156,-31.075763702392578,-34.04819869995117,-35.05900955200195,-33.58137893676758,-30.1556396484375,-25.05492401123047
1.5415220260620117,-0.7957907319068909,-0.8545148968696594,-0.33083710074424744,0.5721036791801453,0.6282935738563538,0.43146488070487976,1.0812852382659912,2.4451870918273926,5.34917688369751,5.69657564163208,2.331380605697632,1.6072611808776855,2.7318670749664307,1.8643447160720825,-1.587870478630066,-3.6296441555023193,-3.145878553390503,-2.949615955352783,-4.279239654541016,-6.3470282554626465,-5.76667594909668,-5.6904425621032715,-6.7246317863464355,-6.1555376052856445,-6.790480613708496,-8.369362831115723,-10.490845680236816,-13.05170726776123,-15.15998649597168,-16.30620002746582,-16.985132217407227,-17.73830223083496,-18.8387451171875,-20.47837257385254,-22.501726150512695,-25.19459342956543,-28.280986785888672,-29.837705612182617,-30.144655227661133,-30.894311904907227,-29.279621124267578,-23.257957458496094
3.1680634021759033,2.7188963890075684,-1.1463202238082886,-1.2247543334960938,-0.5522946715354919,0.0992264449596405,1.0908665657043457,2.8247227668762207,4.302280426025391,3.3632028102874756,-0.13748575747013092,-3.031243085861206,-2.7480051517486572,-0.3257216513156891,-1.7851734161376953,-4.107067108154297,-4.494812965393066,-4.059622287750244,-4.473441123962402,-6.416430473327637,-7.390504360198975,-6.739442825317383,-7.425157070159912,-7.962662220001221,-8.009235382080078,-9.047091484069824,-10.21805477142334,-12.358845710754395,-14.625785827636719,-15.969372749328613,-16.419307708740234,-16.5672664642334,-16.73072624206543,-17.222976684570312,-18.076871871948242,-19.349672317504883,-21.393875122070312,-23.018856048583984,-21.468408584594727,-18.62844467163086,-19.967382431030273,-23.070068359375,-21.77838134765625
0.6388863325119019,3.5021917819976807,-0.05448653921484947,-1.3178004026412964,-1.3648866415023804,0.22786039113998413,1.1522387266159058,1.6659349203109741,0.23600651323795319,-1.2326117753982544,-2.418917417526245,-3.113011121749878,-2.6385626792907715,-2.0961694717407227,-3.5276477336883545,-4.772706985473633,-4.771023750305176,-4.87563943862915,-6.62810754776001,-8.19653606414795,-7.878913879394531,-7.9525675773620605,-8.833846092224121,-9.184558868408203,-9.425865173339844,-10.126749992370605,-11.643182754516602,-13.658413887023926,-15.158034324645996,-15.812840461730957,-15.804522514343262,-15.511362075805664,-15.343647956848145,-15.725017547607422,-16.568729400634766,-17.545331954956055,-17.876049041748047,-16.50957489013672,-12.495332717895508,-7.717935562133789,-9.564087867736816,-16.57459831237793,-19.616424560546875
-2.44328236579895,-1.5231438875198364,-2.3300716876983643,-3.393444061279297,-2.2813000679016113,-0.8295537829399109,-0.8435168862342834,-0.9134775996208191,-0.03545300289988518,0.03122403845191002,-0.04619327187538147,-1.8666685819625854,-2.5919034481048584,-2.8994922637939453,-3.768602132797241,-4.344932556152344,-4.921548366546631,-6.164299964904785,-8.595128059387207,-9.025652885437012,-8.50752067565918,-9.261380195617676,-9.940123558044434,-9.973922729492188,-10.015456199645996,-10.792332649230957,-12.33995246887207,-13.75264835357666,-14.514137268066406,-14.726415634155273,-14.61231803894043,-14.444568634033203,-14.67590045928955,-15.419812202453613,-16.031986236572266,-15.545783042907715,-13.696859359741211,-11.158982276916504,-7.939037799835205,-5.35601282119751,-7.285054683685303,-13.956392288208008,-19.418052673339844
