data/wind_data/wind_61_2.json
{"header": {"parameterUnit": "KT", "parameterCategory": 2, "nx": 256, "ny": 198, "lo1": 44.73521041870117, "la1": -3.236724853515625, "lo2": 111.26478576660156, "la2": 43.468475341796875, "dx": 0.2609002888202667, "dy": -0.23708222806453705, "refTime": "2025-02-21 13:00:00", "forecastTime": 0, "parameterNumber": 2, "parameterNumberName": "eastward_wind"}, "data":
[rows 95 to 113 of 198, columns 43 to 85 of 256]
-1.4313896894454956,-0.38305944204330444,-1.6749871969223022,-1.7444233894348145,-1.5137678384780884,-1.7897300720214844,-2.543708086013794,-4.180118560791016,-1.8046296834945679,-3.4048116207122803,2.4104576110839844,6.314497947692871,4.822545051574707,4.387035846710205,3.0285980701446533,1.5067135095596313,1.127769947052002,1.544066071510315,2.089681625366211,2.08478045463562,1.4242823123931885,0.702552318572998,0.2627629041671753,-0.26139822602272034,-0.7992734313011169,-0.9270904660224915,-1.1002063751220703,-1.5741585493087769,-2.010688543319702,-2.302736282348633,-2.9287493228912354,-4.080453872680664,-5.253639221191406,-6.212835788726807,-6.898199081420898,-7.351285934448242,-7.737563133239746,-7.848781108856201,-7.5277814865112305,-7.037988185882568,-6.8282976150512695,-7.14805793762207,-7.552393913269043
-0.258597731590271,-0.19543789327144623,-2.0179712772369385,-0.5356519222259521,-0.7435927987098694,-0.5273273587226868,-1.825958490371704,-1.8466752767562866,-1.3434215784072876,0.8515079617500305,0.4048226773738861,2.8614766597747803,6.791849136352539,6.004939079284668,4.718332290649414,3.0158777236938477,2.0270683765411377,2.102769613265991,2.6979973316192627,2.548842668533325,1.5820566415786743,0.7378448247909546,0.3455524146556854,-0.10437868535518646,-0.4674772620201111,-0.5346378684043884,-0.7629578709602356,-1.2049897909164429,-1.6762553453445435,-2.1619391441345215,-3.0326578617095947,-4.235748767852783,-5.345670700073242,-6.18999719619751,-6.569077014923096,-6.662113666534424,-6.748677730560303,-6.661595821380615,-6.315178394317627,-5.938976764678955,-5.878348350524902,-6.3320794105529785,-6.879312515258789
0.5637985467910767,-1.1817620992660522,-2.2456958293914795,0.5409226417541504,-0.16739054024219513,0.4683784544467926,-1.4095702171325684,-0.32117199897766113,-0.18995077908039093,2.4463002681732178,3.138235330581665,2.417288064956665,3.4730639457702637,7.561470985412598,7.169795513153076,5.583512306213379,3.8678746223449707,3.245144844055176,3.435302734375,2.8810782432556152,1.583001732826233,0.7228280305862427,0.3709082305431366,-0.043194446712732315,-0.2463979572057724,-0.34361761808395386,-0.5845578908920288,-0.8887327313423157,-1.3990064859390259,-2.2081923484802246,-3.3730835914611816,-4.624577522277832,-5.584041595458984,-6.01746129989624,-5.891921520233154,-5.67466926574707,-5.584781646728516,-5.476996421813965,-5.283674240112305,-5.108654975891113,-5.157373905181885,-5.587390422821045,-6.110389709472656
-1.1826741695404053,-1.7141493558883667,-0.7056774497032166,0.7822772860527039,0.2464773803949356,0.9731996059417725,0.40855130553245544,0.7808694839477539,1.3236169815063477,3.861844778060913,5.188943862915039,5.354137420654297,3.305760383605957,6.014962673187256,8.441190719604492,6.75980806350708,4.930958271026611,4.456639289855957,4.156311988830566,2.925502061843872,1.4243897199630737,0.7136862277984619,0.42090195417404175,0.08392717689275742,-0.09990642219781876,-0.32591673731803894,-0.4619285762310028,-0.6203247308731079,-1.278154730796814,-2.4251091480255127,-3.861915349960327,-5.074446201324463,-5.611631393432617,-5.435758590698242,-4.9573798179626465,-4.6166839599609375,-4.5163187980651855,-4.563949108123779,-4.564208030700684,-4.486313343048096,-4.520339488983154,-4.844954490661621,-5.289223670959473
-2.884613513946533,1.1110789775848389,0.9718766808509827,0.5759297013282776,1.165148377418518,1.3504681587219238,0.4720747470855713,1.0658447742462158,3.154710054397583,5.512815952301025,7.770652770996094,6.793266296386719,6.835501194000244,4.90020751953125,9.080333709716797,8.183333396911621,6.317957878112793,5.930798053741455,5.00007438659668,2.9690728187561035,1.256617784500122,0.7520875334739685,0.6132568717002869,0.37478306889533997,0.10357033461332321,-0.2183631807565689,-0.28458479046821594,-0.572062611579895,-1.4858989715576172,-2.886528491973877,-4.400579452514648,-5.226719856262207,-5.079641819000244,-4.462922096252441,-3.895630121231079,-3.592846393585205,-3.6565747261047363,-3.935173273086548,-4.068580150604248,-4.007699966430664,-3.983948230743408,-4.182002067565918,-4.501025676727295
-0.7140341401100159,2.4044885635375977,1.3148486614227295,0.7276183366775513,1.5303388833999634,0.7412474751472473,1.128993034362793,1.9151616096496582,5.093738555908203,7.757164001464844,9.974603652954102,7.6864118576049805,9.268444061279297,8.065675735473633,9.121521949768066,9.71126651763916,8.102499961853027,7.062463283538818,5.536053657531738,2.982318878173828,1.178533673286438,0.9126479625701904,0.8466311097145081,0.644650936126709,0.34533190727233887,0.03236214816570282,-0.24702294170856476,-0.9471856355667114,-2.1403114795684814,-3.6026253700256348,-4.730830192565918,-4.808994293212891,-4.104862213134766,-3.3744583129882812,-2.8395705223083496,-2.6611123085021973,-2.9658546447753906,-3.390562057495117,-3.58211612701416,-3.5951101779937744,-3.5055251121520996,-3.5146260261535645,-3.646385431289673
1.476364016532898,0.6410987973213196,0.9795615673065186,0.5801394581794739,1.3489112854003906,0.9451016187667847,1.9364873170852661,3.640756607055664,6.457875728607178,9.379667282104492,9.8355131149292,7.9175567626953125,11.39207935333252,13.331987380981445,9.06737995147705,9.535481452941895,8.315120697021484,6.603085041046143,4.859223365783691,2.6661531925201416,1.331639289855957,1.142042636871338,1.0204765796661377,0.8394984006881714,0.5621260404586792,0.08452509343624115,-0.662976861000061,-1.7361786365509033,-2.982457160949707,-4.067025184631348,-4.337199687957764,-3.738929271697998,-2.909665822982788,-2.212003469467163,-1.7310521602630615,-1.7823296785354614,-2.3461177349090576,-2.76164174079895,-2.9006242752075195,-2.8255553245544434,-2.6575660705566406,-2.6188087463378906,-2.67903208732605
1.619425654411316,-0.8497523069381714,1.291969656944275,-0.029686078429222107,1.0305718183517456,1.2584198713302612,2.415268659591675,5.792015075683594,9.55866527557373,12.614192008972168,11.061676025390625,11.969922065734863,11.794241905212402,10.01318359375,6.185211658477783,9.084991455078125,8.345833778381348,5.542594909667969,3.5696394443511963,2.3765552043914795,1.7192164659500122,1.4264867305755615,1.2001839876174927,1.0338155031204224,0.5486068725585938,-0.450587660074234,-1.5729633569717407,-2.5896642208099365,-3.361682653427124,-3.5541911125183105,-3.088648796081543,-2.32883620262146,-1.589698076248169,-0.9581219553947449,-0.7120482921600342,-1.1648005247116089,-1.861415982246399,-2.145585060119629,-2.0414066314697266,-1.6893037557601929,-1.3771815299987793,-1.3438475131988525,-1.462876558303833
-0.3328956961631775,-0.25221937894821167,0.3737836480140686,0.46560078859329224,1.6648627519607544,4.9183125495910645,11.754522323608398,15.863362312316895,15.422840118408203,13.867547988891602,12.12122917175293,12.530165672302246,9.470052719116211,3.5704195499420166,-0.24840077757835388,5.865065574645996,7.797511100769043,5.245884418487549,2.75276517868042,2.163963556289673,1.9351474046707153,1.7021477222442627,1.5634980201721191,1.0397658348083496,-0.096867136657238,-1.502924919128418,-2.471832752227783,-2.89874267578125,-2.697890520095825,-2.14033842086792,-1.5208337306976318,-0.8737244009971619,-0.21006286144256592,0.12970669567584991,-0.08600681275129318,-0.7911746501922607,-1.4718602895736694,-1.628490686416626,-1.29917573928833,-0.8307458162307739,-0.30398157238960266,0.06760264188051224,0.20780806243419647
1.9977686405181885,0.48534566164016724,2.043954610824585,1.0511914491653442,7.662508964538574,8.326555252075195,9.386407852172852,7.572690010070801,7.007824897766113,8.422569274902344,7.4237380027771,4.5040059089660645,2.346280574798584,4.6329264640808105,-0.07859496027231216,1.0293834209442139,5.65363073348999,5.212581157684326,2.802896738052368,2.170806407928467,2.1037251949310303,2.081773519515991,1.8807189464569092,1.0429927110671997,-0.4110347032546997,-2.149150848388672,-2.951946258544922,-2.693563938140869,-1.6956508159637451,-0.6297143697738647,0.22608505189418793,0.8376659154891968,1.166985273361206,1.1318548917770386,0.5431391000747681,-0.34219858050346375,-0.8720026612281799,-0.7202726602554321,-0.3906705975532532,-0.17168787121772766,0.10055290162563324,0.3624073565006256,0.9609638452529907
2.053628921508789,2.448751211166382,3.1958959102630615,8.375842094421387,8.192054748535156,0.8704122304916382,0.1305619180202484,-0.25164785981178284,-1.2777085304260254,-1.0973061323165894,0.870966911315918,-3.874089002609253,-1.2739883661270142,0.7895547151565552,0.39385557174682617,-1.5147473812103271,2.6061692237854004,4.848037242889404,3.6565797328948975,2.8091232776641846,2.6605007648468018,2.4970388412475586,1.957772135734558,1.2657543420791626,-0.11372794955968857,-1.8221343755722046,-2.79789400100708,-2.5262656211853027,-1.0253913402557373,0.8435718417167664,2.2019670009613037,2.6967015266418457,2.4603705406188965,1.7874433994293213,0.7913908958435059,0.010551250539720058,-0.08630562573671341,0.5827822089195251,1.0990502834320068,1.082190990447998,0.6532613039016724,0.0037345681339502335,0.01691664382815361
2.45940899848938,3.7945048809051514,6.55036735534668,5.346235275268555,1.4452855587005615,2.366513967514038,1.2297289371490479,2.794790267944336,2.488746166229248,1.4961001873016357,-0.4357965588569641,-3.759720802307129,-3.977053642272949,-2.23926043510437,-1.2704800367355347,-2.2498600482940674,0.23393194377422333,3.7314164638519287,4.37465238571167,3.723155975341797,3.131411075592041,2.512559175491333,1.9545767307281494,1.3047659397125244,0.3340606689453125,-0.787152111530304,-1.7270978689193726,-1.6909821033477783,-0.18780294060707092,1.9350749254226685,3.374943256378174,3.7148640155792236,3.2742867469787598,2.1591875553131104,1.16854727268219,0.8637552857398987,0.8420454859733582,1.303749918937683,1.9207557439804077,1.67631995677948,0.7052976489067078,-0.10874516516923904,-0.44515088200569153
3.946690797805786,5.730506420135498,4.443331241607666,1.2249763011932373,3.0449936389923096,2.9192140102386475,4.469686031341553,5.483572483062744,5.473259449005127,4.5822672843933105,1.5081586837768555,-2.483328342437744,-5.370494365692139,-4.944928169250488,-3.681901454925537,-2.883070230484009,-0.0004337620921432972,3.0552966594696045,4.21068811416626,3.975555658340454,3.258192777633667,2.515655040740967,2.2094483375549316,1.7766306400299072,1.109262228012085,0.36642077565193176,-0.2524055242538452,-0.14956878125667572,1.0815298557281494,2.7049996852874756,3.7333154678344727,3.8652384281158447,3.235137701034546,2.3996517658233643,2.1346311569213867,1.9407145977020264,1.6368964910507202,1.6000653505325317,1.9523828029632568,1.9287346601486206,0.9951099157333374,0.4772644340991974,0.5453401207923889
5.222606658935547,6.130084991455078,3.5818569660186768,1.4120279550552368,0.9558022022247314,4.142783164978027,5.474588394165039,5.316906929016113,2.8910417556762695,0.6634373664855957,-0.5620515942573547,-2.033936023712158,-3.57228422164917,-4.036386013031006,-3.3183181285858154,-2.8968346118927,0.5049294233322144,3.450624465942383,4.675313949584961,4.262969017028809,2.9481327533721924,2.0458531379699707,1.8991737365722656,1.6331230401992798,1.3752845525741577,1.296278715133667,1.3081121444702148,1.5913817882537842,2.4222171306610107,3.243436813354492,3.5126962661743164,3.505720853805542,3.231398820877075,2.658949851989746,2.1728086471557617,1.7465935945510864,1.4807560443878174,1.7328168153762817,2.1627509593963623,1.8292030096054077,1.2453936338424683,1.8512200117111206,2.979557752609253
6.274669647216797,8.210360527038574,6.527419567108154,-1.8304733037948608,-0.05696215108036995,3.4213130474090576,4.2254180908203125,4.00275182723999,2.7397992610931396,2.0245320796966553,2.1296188831329346,2.662768840789795,1.739198088645935,0.25770002603530884,-0.15990805625915527,-0.5588963031768799,1.2372797727584839,4.229469299316406,5.197687149047852,4.187868595123291,2.663198232650757,1.8092586994171143,1.6342694759368896,1.3993515968322754,1.5355337858200073,2.1426501274108887,2.6646578311920166,3.1896450519561768,4.044588088989258,4.282408714294434,3.627101421356201,3.525648593902588,3.7720673084259033,3.231361150741577,2.408672571182251,1.84663724899292,1.5789676904678345,1.7166633605957031,1.6603217124938965,1.5373468399047852,1.8158332109451294,1.9325214624404907,2.238417387008667
4.818728923797607,8.191390037536621,5.5843281745910645,-2.8403148651123047,0.44564351439476013,2.458465337753296,3.3263113498687744,5.135172367095947,7.066472053527832,6.93444299697876,4.4258527755737305,1.2440059185028076,-0.3724721372127533,-0.39982810616493225,-0.010785154066979885,0.6650841236114502,1.9866408109664917,4.509914398193359,5.546778678894043,4.761837482452393,3.9942057132720947,3.59413480758667,2.8493292331695557,1.7545021772384644,1.6280773878097534,2.5482473373413086,3.6976468563079834,4.283979415893555,5.200720310211182,5.725160121917725,4.6112141609191895,3.402707099914551,3.554733991622925,3.538831949234009,3.3284950256347656,2.796600103378296,2.1040873527526855,2.0763206481933594,1.9082914590835571,2.1552186012268066,2.1255745887756348,0.8194568157196045,-0.1734149307012558
-0.6476828455924988,6.888110160827637,3.4102818965911865,-1.0983951091766357,1.9753445386886597,3.8484671115875244,4.439228534698486,5.471077919006348,7.479704856872559,8.417181015014648,6.22788667678833,2.692946195602417,0.4299166798591614,0.2189246565103531,1.274033546447754,2.384431838989258,3.0899248123168945,4.746146202087402,6.292052268981934,5.448586940765381,4.359255313873291,3.7149229049682617,2.5734050273895264,1.3505266904830933,1.2164814472198486,2.7379379272460938,4.351869583129883,5.088443756103516,5.268124103546143,6.0607008934021,6.326487064361572,3.957287073135376,2.2135119438171387,3.066340684890747,3.8923144340515137,3.175647020339966,2.2402095794677734,2.2425456047058105,2.382469892501831,1.6380937099456787,0.5910353660583496,-1.4785425662994385,-1.4568703174591064
0.8028363585472107,8.365982055664062,7.027957439422607,2.9335291385650635,3.9009203910827637,5.697046279907227,6.4416022300720215,7.050266742706299,7.80704402923584,8.59758472442627,8.16076374053955,6.3026227951049805,2.9595813751220703,0.15178506076335907,0.037969816476106644,0.9618328809738159,1.7638908624649048,3.4792182445526123,4.6102423667907715,5.56129264831543,6.1713361740112305,6.132074356079102,5.753169536590576,4.838498592376709,4.7628068923950195,4.9975080490112305,5.536409378051758,5.918460369110107,7.600437641143799,7.381137371063232,5.941284656524658,4.626972675323486,3.3883442878723145,3.5748257637023926,3.936213731765747,3.0691323280334473,2.334531784057617,2.6455605030059814,2.8385009765625,-1.3200840950012207,-3.2784013748168945,-3.3283519744873047,2.0259013175964355
-1.7611851692199707,5.841867446899414,8.566879272460938,5.383027076721191,5.174831867218018,5.7936320304870605,5.116146564483643,4.322869777679443,4.059673309326172,5.422759056091309,6.503899574279785,6.176607608795166,4.703164100646973,2.5231919288635254,1.9614068269729614,1.5883046388626099,1.3484939336776733,2.64328670501709,4.204117298126221,3.090742826461792,1.711211919784546,1.0949736833572388,0.5319017171859741,1.2469347715377808,1.1929880380630493,4.97058629989624,7.472796440124512,7.891031265258789,6.8055338859558105,6.119724750518799,5.833230018615723,5.91083288192749,5.8464789390563965,6.3197832107543945,5.402822971343994,2.780905246734619,1.8972827196121216,3.740229606628418,3.1604161262512207,-3.1177611351013184,-4.529897689819336,-3.35115647315979,0.9684703946113586
