data/wind_data/wind_17_8.json
{"header": {"parameterUnit": "KT", "parameterCategory": 2, "nx": 256, "ny": 198, "lo1": 44.73521041870117, "la1": -3.236724853515625, "lo2": 111.26478576660156, "la2": 43.468475341796875, "dx": 0.2609002888202667, "dy": -0.23708222806453705, "refTime": "2025-02-19 17:00:00", "forecastTime": 0, "parameterNumber": 2, "parameterNumberName": "eastward_wind"}, "data":
[rows 171 to 189 of 198, columns 176 to 219 of 256]
34.504642486572266,34.005645751953125,35.25973129272461,35.004940032958984,33.079444885253906,31.09832000732422,29.722915649414062,28.897632598876953,28.913631439208984,30.049781799316406,31.85902214050293,33.67585754394531,35.28329086303711,36.50370788574219,36.78980255126953,36.23023223876953,35.68720626831055,35.100494384765625,34.09777069091797,34.25847625732422,37.137943267822266,40.84269714355469,40.943885803222656,37.74095916748047,35.90386199951172,37.25648498535156,39.39789962768555,39.895751953125,39.236488342285156,39.07616424560547,39.7484130859375,40.110782623291016,39.32286834716797,38.27111053466797,38.39905548095703,39.319618225097656,38.732547760009766,36.283958435058594,34.71937561035156,35.602928161621094,37.833045959472656,40.426780700683594,43.34392547607422,45.71482467651367
34.60615539550781,34.27810287475586,35.513946533203125,34.99140930175781,33.13433837890625,31.370439529418945,29.590057373046875,27.792551040649414,27.10886573791504,28.127851486206055,30.173477172851562,32.61695098876953,35.16734313964844,36.660736083984375,36.226280212402344,35.05380630493164,34.84147644042969,34.89449691772461,34.102508544921875,33.96035385131836,36.14940643310547,39.230873107910156,40.29886245727539,39.185611724853516,37.97129440307617,37.95061492919922,38.52661895751953,38.71635818481445,38.71320724487305,39.3764533996582,40.532623291015625,40.64228439331055,39.175201416015625,37.882568359375,37.997581481933594,38.670108795166016,38.437686920166016,37.495487213134766,36.96434020996094,36.99884033203125,37.45639419555664,38.71591567993164,41.002037048339844,43.749351501464844
35.716392517089844,35.29307174682617,36.530677795410156,35.84210205078125,33.669593811035156,31.60293960571289,29.52223014831543,27.172632217407227,25.812623977661133,26.445777893066406,28.58890151977539,31.656898498535156,35.02821731567383,36.804290771484375,36.09785842895508,34.550289154052734,34.011173248291016,34.02793884277344,33.815433502197266,33.99239730834961,35.20323181152344,36.960208892822266,38.40941619873047,39.529502868652344,39.79829406738281,38.619625091552734,37.21430587768555,37.046817779541016,38.12012481689453,39.631980895996094,40.82701110839844,40.83749771118164,39.46885299682617,37.7803955078125,37.06715393066406,37.472965240478516,38.384891510009766,38.98645782470703,38.7122917175293,37.84415817260742,37.41293716430664,38.092124938964844,39.853939056396484,42.20402145385742
36.872920989990234,36.222896575927734,37.2832145690918,36.935787200927734,34.267818450927734,31.489917755126953,29.292640686035156,27.122211456298828,25.52806854248047,25.696456909179688,27.715261459350586,31.105619430541992,34.82367706298828,36.83769607543945,36.457767486572266,35.010807037353516,33.70307159423828,33.12202835083008,33.63019561767578,34.76472854614258,35.10544967651367,34.98914337158203,36.34507369995117,38.97414779663086,39.97584533691406,38.18122863769531,36.41917037963867,36.84334182739258,38.36156463623047,39.60823440551758,40.59547805786133,40.969635009765625,40.1368408203125,38.75661849975586,37.73497009277344,37.35764694213867,37.726768493652344,38.51723098754883,38.893463134765625,38.64392852783203,38.51585388183594,38.93196487426758,39.791748046875,41.14004135131836
36.89889907836914,36.6821174621582,37.24913787841797,37.6178092956543,35.65793228149414,32.441253662109375,29.621065139770508,27.42276382446289,25.823945999145508,25.262340545654297,26.641695022583008,30.086936950683594,34.071407318115234,36.44367980957031,36.74219512939453,35.88748550415039,34.219932556152344,32.64180374145508,33.05999755859375,34.72442626953125,34.938697814941406,34.218109130859375,35.712745666503906,38.863739013671875,39.437625885009766,37.22587966918945,35.9797248840332,36.883541107177734,38.04050827026367,39.030670166015625,40.598411560058594,41.799705505371094,41.34323501586914,39.8997688293457,38.5325927734375,37.50778579711914,37.16720199584961,37.761959075927734,38.7359619140625,39.399288177490234,39.711544036865234,39.90237808227539,40.21305465698242,40.91153335571289
35.47397994995117,36.34046173095703,36.66028594970703,37.17835998535156,36.556583404541016,34.13225555419922,30.996850967407227,28.211788177490234,26.15859603881836,24.879901885986328,25.252607345581055,28.255701065063477,32.482635498046875,35.13395690917969,35.83528518676758,35.981204986572266,35.31502151489258,33.60944747924805,33.04241943359375,34.064029693603516,33.900726318359375,33.08388900756836,34.819095611572266,38.233699798583984,39.067718505859375,37.29828643798828,36.41747283935547,37.16631317138672,37.913978576660156,38.66241455078125,40.149444580078125,41.63323974609375,41.881649017333984,40.94291687011719,39.615081787109375,38.36769104003906,37.66825866699219,37.85931396484375,38.73448181152344,39.649627685546875,40.23848342895508,40.640411376953125,41.08853530883789,41.5335693359375
33.29904556274414,35.16875076293945,35.871849060058594,36.29004669189453,36.322044372558594,35.234867095947266,32.903438568115234,30.1195125579834,27.75944709777832,26.034912109375,25.105737686157227,26.575498580932617,30.36015510559082,33.597930908203125,34.48159408569336,34.45093536376953,34.725013732910156,34.6544189453125,34.61880111694336,34.8955078125,33.59597396850586,31.49962043762207,32.54650115966797,36.18707275390625,37.91384506225586,37.009586334228516,36.64297103881836,37.75747299194336,38.609397888183594,38.87796401977539,39.712642669677734,41.08104705810547,41.9160270690918,41.608890533447266,40.34062194824219,39.08596420288086,38.71501922607422,39.12390899658203,39.70579147338867,40.05963134765625,40.27381896972656,40.7219123840332,41.52330017089844,42.357460021972656
31.592864990234375,33.76211929321289,34.996337890625,35.47311019897461,35.46353530883789,34.993385314941406,33.927371978759766,32.29677963256836,30.479839324951172,28.751169204711914,27.2512264251709,26.77035140991211,28.71981430053711,31.921947479248047,33.7302131652832,33.49266052246094,32.964744567871094,33.235450744628906,34.500328063964844,36.0395393371582,35.354248046875,32.369667053222656,31.244749069213867,33.57007598876953,35.69923782348633,35.834815979003906,35.85015106201172,37.032508850097656,38.56721496582031,39.72823715209961,40.586856842041016,41.18840026855469,41.31159210205078,40.97901916503906,40.50064468383789,40.17658233642578,40.25107192993164,40.57375717163086,40.79724884033203,40.884552001953125,40.91743469238281,41.08052062988281,41.65932846069336,42.47145080566406
30.598346710205078,32.4700813293457,33.93324661254883,34.519004821777344,34.30670166015625,33.90456771850586,33.759857177734375,33.59428024291992,32.88975524902344,31.517379760742188,29.847726821899414,28.631298065185547,28.87794303894043,30.857391357421875,32.96590042114258,33.39696502685547,32.22827911376953,31.387588500976562,32.2595100402832,34.518001556396484,35.57503128051758,33.846282958984375,32.08371353149414,33.123260498046875,35.151939392089844,35.582061767578125,35.15113830566406,35.65997314453125,37.323673248291016,39.32255172729492,40.795753479003906,41.241737365722656,40.863162994384766,40.50872802734375,40.65104293823242,40.95476150512695,41.05316162109375,40.98485565185547,40.996761322021484,41.289588928222656,41.73693084716797,42.06420135498047,42.324825286865234,42.71340560913086
30.06422996520996,31.438337326049805,32.62696075439453,32.93424987792969,32.617671966552734,32.57375717163086,33.271141052246094,34.209434509277344,34.458038330078125,33.51276397705078,31.838823318481445,30.440210342407227,30.108428955078125,31.106508255004883,32.57620620727539,32.99298095703125,31.843530654907227,30.41598129272461,30.332992553710938,31.840042114257812,33.485286712646484,33.6056022644043,32.883575439453125,33.41471481323242,35.21864700317383,36.24052429199219,35.96657943725586,35.76173782348633,36.61165237426758,38.26308822631836,39.79960632324219,40.5279541015625,40.51728057861328,40.3495979309082,40.39389419555664,40.58216857910156,40.70396041870117,40.67329788208008,40.66750717163086,40.95761489868164,41.51700210571289,42.04489517211914,42.445716857910156,42.931617736816406
29.665176391601562,30.558252334594727,31.115877151489258,30.86386489868164,30.60360336303711,31.298898696899414,32.87211990356445,34.50327682495117,35.22794723510742,34.571956634521484,33.01591491699219,31.64501190185547,31.23021125793457,31.74112319946289,32.41548156738281,32.28962326049805,31.132884979248047,29.719675064086914,29.11968421936035,29.793737411499023,31.252239227294922,32.43072509765625,32.84375,33.2127571105957,34.26646041870117,35.469295501708984,36.10106658935547,36.40652084350586,37.03917694091797,38.202728271484375,39.3997917175293,40.099369049072266,40.23213577270508,40.03612518310547,39.87099075317383,39.97581100463867,40.26126480102539,40.48857498168945,40.6108512878418,40.805850982666016,41.199100494384766,41.753173828125,42.35447311401367,42.95197296142578
29.041067123413086,29.505535125732422,29.49208641052246,28.999479293823242,29.083337783813477,30.436830520629883,32.534461975097656,34.38568878173828,35.27363586425781,34.90681457519531,33.52389907836914,32.05353927612305,31.486635208129883,31.850130081176758,32.17255401611328,31.667369842529297,30.402359008789062,29.07978057861328,28.409576416015625,28.71570587158203,29.887306213378906,31.332834243774414,32.213443756103516,32.38074493408203,32.63877868652344,33.5701904296875,34.9123649597168,36.167537689208984,37.25899124145508,38.41876983642578,39.54621124267578,40.168922424316406,40.059940338134766,39.6983642578125,39.708431243896484,40.1517333984375,40.67763137817383,41.04011154174805,41.272647857666016,41.50239562988281,41.82589340209961,42.206443786621094,42.57671356201172,42.84868240356445
28.065282821655273,28.361881256103516,28.161081314086914,27.885948181152344,28.429519653320312,30.049917221069336,32.12542724609375,33.88850402832031,34.835636138916016,34.78342819213867,33.74336624145508,32.18891906738281,31.15364646911621,31.117467880249023,31.433332443237305,31.155956268310547,30.07618522644043,28.94430160522461,28.43600845336914,28.595155715942383,29.331939697265625,30.40680503845215,31.022083282470703,30.80234146118164,30.663068771362305,31.543994903564453,33.3100700378418,35.192134857177734,36.71217727661133,38.02488327026367,39.27901840209961,40.044246673583984,39.93905258178711,39.553768157958984,39.78657150268555,40.649757385253906,41.48614501953125,41.97391891479492,42.275325775146484,42.59489059448242,42.95969772338867,43.23072814941406,43.28714370727539,43.137142181396484
26.991382598876953,27.242618560791016,27.109182357788086,27.262014389038086,28.256147384643555,29.875736236572266,31.567901611328125,33.02073287963867,34.00407409667969,34.23881530761719,33.55498504638672,32.204925537109375,30.842979431152344,30.158935546875,30.189476013183594,30.196081161499023,29.602205276489258,28.871896743774414,28.612459182739258,28.721782684326172,28.99518394470215,29.330745697021484,29.1935977935791,28.474687576293945,28.268714904785156,29.439998626708984,31.533823013305664,33.51839828491211,35.046165466308594,36.52363204956055,38.09126663208008,39.211429595947266,39.465518951416016,39.408687591552734,39.84244918823242,40.75918960571289,41.65919494628906,42.36248016357422,42.944766998291016,43.5097770690918,44.04962158203125,44.40037536621094,44.42423629760742,44.204078674316406
26.03291130065918,26.167327880859375,26.1468563079834,26.669418334960938,27.91495704650879,29.390111923217773,30.585712432861328,31.585094451904297,32.62135314941406,33.34368133544922,33.005882263183594,31.590896606445312,29.91132164001465,28.801076889038086,28.53312110900879,28.56281089782715,28.168643951416016,27.74050521850586,27.928197860717773,28.350967407226562,28.54299545288086,28.439451217651367,27.648576736450195,26.353445053100586,26.039716720581055,27.58419418334961,29.880081176757812,31.585004806518555,32.79450988769531,34.28990173339844,36.13754653930664,37.679805755615234,38.493343353271484,38.83903121948242,39.266902923583984,40.02248764038086,41.00225830078125,42.04359436035156,42.96969985961914,43.731075286865234,44.41172409057617,44.96930694580078,45.21207809448242,45.05485534667969
25.47398567199707,25.26313018798828,25.21015167236328,25.882192611694336,27.070966720581055,28.33250617980957,29.344375610351562,30.054529190063477,30.81927490234375,31.589521408081055,31.401121139526367,29.763118743896484,27.65877342224121,26.428489685058594,26.357004165649414,26.688282012939453,26.429866790771484,25.768529891967773,25.888755798339844,26.854694366455078,27.949037551879883,28.464914321899414,27.59185791015625,25.96707534790039,25.74906349182129,27.60576629638672,29.844133377075195,31.061323165893555,31.599205017089844,32.58371353149414,34.35699462890625,36.20695877075195,37.41101837158203,37.95146560668945,38.265865325927734,38.79499816894531,39.74019241333008,40.98323440551758,42.178829193115234,43.15269088745117,44.006568908691406,44.72450256347656,45.100677490234375,45.07954025268555
25.571542739868164,24.828739166259766,24.35376739501953,24.731847763061523,25.729154586791992,26.9594783782959,28.0765438079834,28.618209838867188,28.642467498779297,28.703489303588867,28.655628204345703,27.732728958129883,26.09479522705078,24.94408416748047,24.978130340576172,25.690902709960938,26.026323318481445,25.4038028717041,24.5855712890625,25.222347259521484,27.376863479614258,29.297822952270508,29.158489227294922,27.95864486694336,28.138561248779297,29.912384033203125,31.56265640258789,32.13433074951172,32.23106002807617,32.80293655395508,34.07072448730469,35.5413932800293,36.60989761352539,37.17011642456055,37.60619354248047,38.1741828918457,38.876617431640625,39.681884765625,40.594871520996094,41.61090850830078,42.62308120727539,43.43556594848633,43.864952087402344,43.96072006225586
25.917640686035156,24.741518020629883,23.810604095458984,23.589303970336914,24.034414291381836,24.975116729736328,26.200361251831055,27.188291549682617,27.555255889892578,27.66169548034668,28.04306411743164,28.344104766845703,27.903194427490234,27.030166625976562,26.64774513244629,27.078319549560547,27.783920288085938,27.76317596435547,26.73626708984375,26.364524841308594,28.062231063842773,30.343515396118164,30.913278579711914,30.376176834106445,30.76043701171875,32.17101287841797,33.15425491333008,33.41392135620117,33.76911926269531,34.439701080322266,35.17234802246094,35.8456916809082,36.375850677490234,36.7225456237793,37.09789276123047,37.644081115722656,38.18182373046875,38.5645866394043,38.881309509277344,39.29198455810547,39.82398223876953,40.40973663330078,41.00060272216797,41.53115463256836
26.006874084472656,24.615589141845703,23.48125648498535,22.875947952270508,23.013273239135742,24.007638931274414,25.780473709106445,27.91732406616211,29.63199234008789,30.576000213623047,31.21993064880371,31.84144401550293,32.03415298461914,31.631710052490234,31.117345809936523,30.86044692993164,30.866744995117188,30.795230865478516,30.288225173950195,29.80530548095703,30.329423904418945,31.519474029541016,31.949338912963867,31.719457626342773,32.100990295410156,33.21189498901367,34.01203918457031,34.30673599243164,34.73237609863281,35.415897369384766,36.07340621948242,36.652587890625,37.10965347290039,37.286407470703125,37.30039978027344,37.45522689819336,37.77205276489258,38.025821685791016,38.06902313232422,37.949012756347656,37.84817886352539,37.992149353027344,38.532135009765625,39.297447204589844
