data/wind_data/wind_66_2.json
{"header": {"parameterUnit": "KT", "parameterCategory": 2, "nx": 256, "ny": 198, "lo1": 44.73521041870117, "la1": -3.236724853515625, "lo2": 111.26478576660156, "la2": 43.468475341796875, "dx": 0.2609002888202667, "dy": -0.23708222806453705, "refTime": "2025-02-21 18:00:00", "forecastTime": 0, "parameterNumber": 2, "parameterNumberName": "eastward_wind"}, "data":
[rows 152 to 170 of 198, columns 172 to 214 of 256]
40.558921813964844,41.080257415771484,40.888519287109375,40.517398834228516,39.527610778808594,38.813785552978516,37.120506286621094,35.76436996459961,33.12239074707031,28.244848251342773,27.626344680786133,25.946041107177734,17.206785202026367,12.360089302062988,12.136027336120605,12.787775039672852,14.155542373657227,13.859768867492676,13.675366401672363,14.425289154052734,13.17708969116211,9.097427368164062,3.916532516479492,2.023193359375,3.731045961380005,6.739321231842041,7.958100318908691,8.002984046936035,8.427797317504883,9.748233795166016,11.753668785095215,12.979040145874023,15.008007049560547,16.818660736083984,15.335484504699707,15.698317527770996,22.465547561645508,30.814620971679688,33.9926643371582,33.05488586425781,32.51266098022461,33.93232345581055,35.300262451171875
35.6179084777832,39.348609924316406,39.96550369262695,38.82133865356445,37.057918548583984,36.64262390136719,36.61190414428711,35.1721305847168,34.3337287902832,30.855098724365234,28.309843063354492,26.810321807861328,21.38176727294922,16.865070343017578,16.267545700073242,15.670726776123047,13.294604301452637,11.033926963806152,9.11776065826416,5.671884059906006,2.6527535915374756,1.1131081581115723,-0.494539350271225,1.337658166885376,4.914571285247803,5.281533718109131,3.786867618560791,4.641226291656494,4.469345569610596,4.758749961853027,6.810643672943115,9.702447891235352,9.996432304382324,5.6663103103637695,1.1065336465835571,1.1668272018432617,6.285266399383545,16.061569213867188,25.42270851135254,31.863088607788086,30.64000701904297,25.10038185119629,24.868806838989258
31.425048828125,36.82497024536133,40.260902404785156,38.914363861083984,35.50859069824219,35.133262634277344,35.84627151489258,34.377586364746094,33.3862419128418,30.839923858642578,28.217866897583008,27.22176170349121,24.25087547302246,19.570083618164062,14.26998519897461,10.91378116607666,6.518836498260498,-0.389034241437912,-4.318896293640137,-3.430159330368042,-1.0396021604537964,1.4220021963119507,1.9191875457763672,1.8924012184143066,2.528754949569702,-0.9988362193107605,-2.211937427520752,-0.08161599934101105,1.620958924293518,5.569462776184082,4.960566997528076,0.8667541146278381,-1.1107388734817505,0.8708113431930542,5.113609313964844,7.6537089347839355,6.564511299133301,7.979622840881348,14.43925952911377,16.408212661743164,15.461991310119629,17.498491287231445,17.025161743164062
27.519222259521484,31.881126403808594,35.39409255981445,36.21373748779297,34.096614837646484,33.872554779052734,35.030975341796875,34.76283645629883,33.33706283569336,32.54729461669922,29.415311813354492,28.225786209106445,16.738204956054688,6.361006736755371,3.142091989517212,1.0606778860092163,-1.3630808591842651,-3.5708279609680176,-3.9151768684387207,-3.9269771575927734,-2.7699668407440186,0.06963791698217392,0.8268941044807434,-1.4519790410995483,-4.273818016052246,-2.791405200958252,0.28648069500923157,-0.3825899660587311,1.9001643657684326,4.400324821472168,1.1530945301055908,0.9566298127174377,4.560833930969238,6.220449447631836,6.823317050933838,8.586884498596191,13.607672691345215,12.658000946044922,13.22961139678955,11.696916580200195,11.565470695495605,14.659422874450684,13.6780366897583
24.230857849121094,28.565370559692383,31.460060119628906,32.09431838989258,31.275333404541016,31.318021774291992,31.6052303314209,32.19603729248047,31.222455978393555,30.573535919189453,26.558727264404297,15.547500610351562,1.3216294050216675,-4.997196674346924,-6.029329299926758,-6.534151554107666,-6.294159889221191,-6.144660472869873,-6.035065650939941,-6.842933177947998,-7.596158027648926,-5.06764554977417,-1.7392559051513672,1.2457246780395508,2.164518117904663,3.0873894691467285,2.647692918777466,0.012950311414897442,2.2259786128997803,4.3535051345825195,8.137733459472656,9.032530784606934,9.756763458251953,9.34548282623291,8.551846504211426,7.696229934692383,9.950214385986328,12.252067565917969,16.894075393676758,14.264296531677246,13.026628494262695,14.124297142028809,11.41959285736084
19.987276077270508,26.837688446044922,28.917129516601562,27.99445152282715,26.687236785888672,25.79384422302246,25.479162216186523,26.054332733154297,28.751615524291992,26.47498893737793,13.124303817749023,-0.31783655285835266,-7.4548187255859375,-10.823797225952148,-10.321852684020996,-8.630056381225586,-4.909140110015869,1.0858612060546875,3.681853771209717,2.2961838245391846,-2.01113224029541,-3.0654385089874268,-1.3980566263198853,1.0107338428497314,3.1470634937286377,4.338499546051025,4.841580867767334,5.177122592926025,4.6051859855651855,4.785881996154785,8.845449447631836,11.898663520812988,13.87209701538086,15.148223876953125,15.62643814086914,14.04575252532959,12.749117851257324,13.014822959899902,16.53360939025879,11.442480087280273,6.751266956329346,8.296055793762207,9.752908706665039
9.899574279785156,20.578115463256836,26.88335418701172,28.145212173461914,28.271514892578125,25.97416114807129,24.078081130981445,23.728761672973633,16.446868896484375,8.182214736938477,2.4239449501037598,-2.4076483249664307,-6.180187702178955,-7.598934650421143,-6.049191474914551,-1.5494076013565063,1.0563141107559204,3.4278411865234375,3.861656427383423,3.4341437816619873,1.9324144124984741,0.42389318346977234,-0.8600193858146667,1.7373000383377075,2.364331007003784,1.2249904870986938,2.350637912750244,5.040776252746582,8.18264102935791,10.153635025024414,13.332205772399902,17.841960906982422,19.456222534179688,18.86903953552246,18.159576416015625,16.897808074951172,15.205588340759277,17.821176528930664,17.675817489624023,7.270524024963379,-3.4181907176971436,-2.330174446105957,0.02554752305150032
-5.9109272956848145,3.6480157375335693,13.168604850769043,20.09910774230957,26.203853607177734,30.365365982055664,24.897493362426758,11.147993087768555,-3.389486789703369,-8.998343467712402,-7.631873607635498,-5.955326080322266,-5.361090183258057,-4.351597309112549,-2.84542179107666,-3.390707015991211,-5.104185581207275,-4.938743591308594,-3.923433542251587,-1.3794445991516113,0.21619299054145813,0.6706776022911072,-0.10079371184110641,3.5073771476745605,5.205240249633789,2.9870998859405518,2.466435670852661,5.1943039894104,8.283342361450195,12.185186386108398,15.8949556350708,19.236282348632812,20.698577880859375,20.510650634765625,20.069293975830078,18.195579528808594,17.07223892211914,21.423852920532227,15.314645767211914,-0.7778803706169128,-10.970274925231934,-16.63714027404785,-23.157909393310547
-11.048388481140137,-6.144861221313477,-1.3037819862365723,6.863457679748535,12.984451293945312,10.097457885742188,-0.7950648665428162,-8.01198959350586,-12.00037670135498,-12.512812614440918,-10.507219314575195,-7.600969314575195,-5.906325340270996,-6.0588765144348145,-5.903448581695557,-6.351322650909424,-5.21047830581665,-3.1579182147979736,-0.7855774760246277,2.823446273803711,3.417536973953247,1.8687971830368042,3.0252795219421387,5.558595657348633,7.105818271636963,5.877575874328613,5.387902736663818,7.869713306427002,11.83841609954834,15.986106872558594,17.86735725402832,19.371505737304688,21.25480842590332,22.868032455444336,22.549816131591797,20.33994483947754,20.18344497680664,18.697114944458008,8.358353614807129,-5.471085548400879,-10.029367446899414,-19.79611587524414,-32.89042663574219
-10.016766548156738,-8.568277359008789,-9.411019325256348,-8.378843307495117,-10.191374778747559,-14.318766593933105,-15.88955020904541,-13.83895492553711,-12.308913230895996,-10.413049697875977,-9.208504676818848,-9.819656372070312,-8.361907005310059,-6.6766037940979,-4.909181594848633,-2.1763408184051514,0.8678681254386902,2.719717502593994,3.4880967140197754,4.40563440322876,7.264185905456543,10.02788257598877,11.1101655960083,11.82461166381836,12.515495300292969,12.653278350830078,13.156813621520996,15.54959774017334,18.669212341308594,21.68760871887207,22.619335174560547,21.711942672729492,21.547121047973633,22.626041412353516,22.638872146606445,20.01237678527832,17.03722381591797,1.8587100505828857,-3.476893186569214,-0.1102026030421257,-4.940844535827637,-16.109817504882812,-30.841978073120117
-9.475240707397461,-6.075742721557617,-5.712980270385742,-8.862210273742676,-8.69225788116455,-13.336928367614746,-16.118860244750977,-14.336967468261719,-9.949308395385742,-6.7868428230285645,-6.567449569702148,-6.432828426361084,-5.805095195770264,-3.0784852504730225,1.5813169479370117,5.982841491699219,9.414613723754883,12.166458129882812,14.812002182006836,16.561967849731445,17.928585052490234,20.45492172241211,21.949996948242188,22.177949905395508,21.971935272216797,21.632415771484375,22.357341766357422,23.88947296142578,25.207475662231445,25.657516479492188,22.08618927001953,15.5211181640625,13.254820823669434,15.260211944580078,18.386198043823242,7.149022579193115,-4.299408912658691,-8.347196578979492,-1.9181948900222778,-5.691816806793213,-16.636640548706055,-22.108938217163086,-25.91374969482422
-5.393057346343994,-4.800295829772949,-5.889224052429199,-8.486515998840332,-8.4669189453125,-12.22530746459961,-13.326028823852539,-8.312993049621582,-5.478615760803223,-6.225677967071533,-5.515674591064453,-2.1876518726348877,1.791944146156311,4.2607035636901855,6.009640693664551,8.213665962219238,10.802227973937988,12.623457908630371,14.558490753173828,17.08081817626953,19.78443145751953,22.94737434387207,25.80108642578125,27.7835693359375,28.612268447875977,27.621463775634766,26.27293586730957,24.594329833984375,22.024574279785156,16.70326805114746,6.656010150909424,-4.3733415603637695,-7.373183727264404,-6.470390796661377,-9.489316940307617,-14.542211532592773,-13.256068229675293,-9.745833396911621,-8.802913665771484,-15.561487197875977,-20.07916259765625,-23.990737915039062,-27.64085578918457
0.8742507100105286,-1.4467273950576782,-7.746150016784668,-11.690563201904297,-12.904073715209961,-12.549363136291504,-10.146622657775879,-6.764860153198242,-6.358079433441162,-7.349093914031982,-5.493034362792969,0.43816888332366943,3.952894926071167,6.403118133544922,6.688033103942871,5.637321472167969,5.252558708190918,6.526299476623535,8.904369354248047,11.65906810760498,14.533424377441406,17.15473747253418,18.65318489074707,19.5156307220459,18.820743560791016,15.5638427734375,12.245295524597168,8.502508163452148,5.487680435180664,-5.556845188140869,-13.654069900512695,-14.705891609191895,-23.316041946411133,-23.565370559692383,-22.9830265045166,-18.223297119140625,-13.47138786315918,-11.588083267211914,-14.653274536132812,-17.690446853637695,-19.87598991394043,-23.557653427124023,-26.249988555908203
0.44634342193603516,-1.2434839010238647,-5.530049800872803,-12.413322448730469,-11.5639009475708,-8.977355003356934,-7.599675178527832,-7.228260517120361,-7.064365863800049,-5.562957763671875,-1.2656766176223755,3.8517849445343018,4.876325607299805,4.827193260192871,4.573586463928223,4.301245212554932,4.840086460113525,7.492008686065674,9.749527931213379,10.226312637329102,9.78916072845459,9.791407585144043,8.596413612365723,6.916406154632568,3.2421233654022217,-3.0738868713378906,-7.53266716003418,-12.057182312011719,-16.976552963256836,-24.239898681640625,-26.666933059692383,-25.93858528137207,-25.68090057373047,-22.747987747192383,-20.323867797851562,-16.63507843017578,-15.607266426086426,-17.698867797851562,-18.30820083618164,-18.019140243530273,-18.64712142944336,-18.623682022094727,-19.066864013671875
-1.658095121383667,-6.067226409912109,-6.561368942260742,-8.196209907531738,-9.867209434509277,-7.600733280181885,-6.238331317901611,-5.477512836456299,-3.9982638359069824,-2.4899797439575195,0.4537312388420105,3.143533706665039,4.68289852142334,2.841423749923706,1.5870782136917114,2.667642116546631,6.388881683349609,9.659811019897461,10.581507682800293,9.579669952392578,6.907469749450684,5.123256683349609,2.685838460922241,-1.3345246315002441,-6.611663818359375,-14.487029075622559,-19.71632194519043,-21.747657775878906,-22.474084854125977,-22.275407791137695,-23.199357986450195,-22.323686599731445,-17.958744049072266,-16.0436954498291,-16.512571334838867,-18.096363067626953,-18.741939544677734,-16.972293853759766,-14.470523834228516,-12.483107566833496,-11.15479564666748,-9.677398681640625,-8.676122665405273
-4.58580207824707,-6.566342353820801,-8.11545181274414,-8.214832305908203,-9.356413841247559,-5.700131416320801,-2.3156442642211914,-1.9466155767440796,-2.8082242012023926,-2.45312762260437,-1.2511507272720337,0.5230969786643982,1.8159817457199097,0.7010568380355835,-0.1954674869775772,1.651940941810608,4.555029392242432,6.840165615081787,8.44314956665039,8.674442291259766,6.881384372711182,4.109286308288574,2.7985217571258545,0.1041533425450325,-1.1697396039962769,-5.1993536949157715,-9.972810745239258,-12.631418228149414,-12.098580360412598,-13.756973266601562,-10.399324417114258,-8.334209442138672,-10.365270614624023,-13.556839942932129,-16.85079002380371,-17.76428985595703,-15.853200912475586,-12.418842315673828,-10.605101585388184,-8.99105167388916,-6.034980297088623,-4.751208305358887,-3.1445131301879883
-3.8210198879241943,-6.23087739944458,-8.293210983276367,-7.28679084777832,-3.724604606628418,-0.18895235657691956,1.4178544282913208,1.4648146629333496,-1.415372610092163,-3.093698263168335,-2.3060717582702637,0.03431767597794533,0.5565858483314514,-2.100726842880249,-3.1281936168670654,-1.6770732402801514,0.9965066909790039,3.4777910709381104,5.911624431610107,7.801708221435547,6.761829376220703,1.8779603242874146,0.7829912304878235,2.7539443969726562,1.2192059755325317,1.9654853343963623,-0.16881515085697174,-3.182431221008301,-4.078485012054443,-1.0778785943984985,-1.618678331375122,-2.666844606399536,-3.9976236820220947,-8.610379219055176,-12.726737022399902,-10.460238456726074,-7.125819683074951,-5.99241304397583,-5.2615065574646,-3.3221733570098877,-2.9905142784118652,-2.9101059436798096,-1.0716805458068848
-2.226670742034912,-2.645514965057373,-2.9216740131378174,-0.47834762930870056,1.9062800407409668,2.4112143516540527,3.601501226425171,7.532144069671631,4.81374979019165,-0.19163042306900024,-2.5036239624023438,-1.801885724067688,0.1599320024251938,-2.8120064735412598,-4.493390083312988,-2.014758586883545,0.8205558061599731,1.5834146738052368,2.6900899410247803,4.371325492858887,5.242286205291748,-0.8249738216400146,-3.588339328765869,-0.6225740313529968,0.1550271064043045,2.413973569869995,3.2304210662841797,2.9913089275360107,2.128662347793579,0.6634371876716614,0.20260582864284515,0.17013756930828094,-1.529493808746338,-0.7236534357070923,-1.1876534223556519,1.7478622198104858,2.3396027088165283,-1.573085069656372,0.7791251540184021,1.9103647470474243,-2.2668068408966064,-1.983282208442688,0.40133219957351685
1.073406457901001,1.7469269037246704,0.9201416969299316,4.510823726654053,6.322822093963623,3.0404186248779297,2.2755517959594727,6.199188232421875,8.390892028808594,3.935274839401245,-0.7636708617210388,-3.4899442195892334,-1.4560781717300415,-1.2357853651046753,-4.003531455993652,0.12934449315071106,-0.6764522194862366,-2.7969789505004883,-3.20151686668396,-3.1954333782196045,-1.0066609382629395,-2.0915932655334473,-1.755874752998352,1.5770350694656372,2.0982112884521484,0.5001802444458008,1.9119696617126465,3.1721770763397217,3.240448236465454,4.657003879547119,1.5749281644821167,0.9420400261878967,2.966534376144409,1.9249882698059082,4.318612098693848,7.323375701904297,5.97477912902832,2.8644859790802,5.819084167480469,4.028534412384033,-1.0303363800048828,1.1591583490371704,3.2821896076202393
