data/wind_data/wind_25_1.json
{"header": {"parameterUnit": "KT", "parameterCategory": 2, "nx": 256, "ny": 198, "lo1": 44.73521041870117, "la1": -3.236724853515625, "lo2": 111.26478576660156, "la2": 43.468475341796875, "dx": 0.2609002888202667, "dy": -0.23708222806453705, "refTime": "2025-02-20 01:00:00", "forecastTime": 0, "parameterNumber": 2, "parameterNumberName": "eastward_wind"}, "data":
[rows 171 to 189 of 198, columns 43 to 85 of 256]
-10.415668487548828,-11.880094528198242,-10.529914855957031,-8.433076858520508,-2.766216993331909,8.265342712402344,13.724061965942383,9.342897415161133,-2.765659809112549,-6.220174789428711,-7.057226657867432,-8.935869216918945,-10.311212539672852,-11.677765846252441,-11.543896675109863,-11.299857139587402,-11.342552185058594,-11.081134796142578,-10.5617036819458,-10.229270935058594,-9.539856910705566,-9.779358863830566,-10.109007835388184,-8.668932914733887,-7.8232808113098145,-7.2271270751953125,-6.752961158752441,-5.838988304138184,-4.8541975021362305,-4.375621795654297,-3.926544666290283,-3.6044251918792725,-3.5306835174560547,-3.4245777130126953,-3.868283748626709,-4.325596332550049,-5.029245853424072,-5.81364107131958,-6.773096561431885,-6.115469455718994,-5.295264720916748,-1.9013668298721313,2.8387739658355713
-7.432503700256348,-10.329532623291016,-8.348733901977539,-2.9390945434570312,4.0263991355896,11.000597953796387,7.473005771636963,-7.631718635559082,-11.920395851135254,-9.704861640930176,-10.704547882080078,-11.462420463562012,-11.622800827026367,-12.462571144104004,-11.516282081604004,-10.316834449768066,-10.994833946228027,-11.240375518798828,-10.767085075378418,-10.949129104614258,-10.0200834274292,-9.070013999938965,-9.262028694152832,-8.520001411437988,-7.541919708251953,-7.1681623458862305,-7.023728847503662,-6.506967544555664,-5.375514984130859,-4.300535202026367,-3.7200839519500732,-3.4427008628845215,-3.5867080688476562,-4.628471851348877,-4.144558429718018,-3.345148801803589,-3.4388999938964844,-3.1831350326538086,-3.835714340209961,-4.618873119354248,-5.888224124908447,-5.145314693450928,-4.87227725982666
-1.936415195465088,-5.333507537841797,-1.930484414100647,4.257786273956299,3.989302635192871,-2.0438897609710693,-10.547877311706543,-12.78790283203125,-10.958572387695312,-11.41889476776123,-11.75903606414795,-11.846831321716309,-12.285819053649902,-12.612820625305176,-12.281012535095215,-11.733311653137207,-11.566110610961914,-11.565628051757812,-11.405306816101074,-11.174636840820312,-10.761087417602539,-10.259441375732422,-9.452414512634277,-8.727158546447754,-8.37771224975586,-8.149389266967773,-7.456533432006836,-6.463406562805176,-5.092177391052246,-3.576542854309082,-2.848773717880249,-3.258227825164795,-4.368202209472656,-4.524077892303467,-3.1136951446533203,-2.1422319412231445,-2.236280918121338,-1.3785806894302368,-0.7112781405448914,-2.1324517726898193,-6.048117637634277,-6.479520797729492,-5.926991939544678
3.651782751083374,1.8948277235031128,0.7374601364135742,-3.9465434551239014,-10.027554512023926,-12.90392780303955,-11.34029483795166,-11.406875610351562,-11.761862754821777,-12.383841514587402,-12.532187461853027,-12.710372924804688,-13.115642547607422,-12.368560791015625,-12.001241683959961,-12.120811462402344,-11.529775619506836,-11.800834655761719,-11.419392585754395,-10.053048133850098,-9.869796752929688,-10.1887845993042,-9.718395233154297,-9.798596382141113,-9.276449203491211,-8.438765525817871,-7.125823020935059,-5.8056793212890625,-4.3439764976501465,-2.8407840728759766,-2.4196877479553223,-3.6367268562316895,-4.774888038635254,-3.789210081100464,-1.94905686378479,-1.3313007354736328,-1.2328929901123047,-1.310218334197998,-0.7681252956390381,-1.3734911680221558,-3.1199066638946533,-5.095856666564941,-5.9075398445129395
0.9486596584320068,-1.8694419860839844,-7.578894138336182,-12.192360877990723,-10.853373527526855,-10.89376163482666,-11.267594337463379,-11.541106224060059,-12.121376037597656,-12.543259620666504,-11.982112884521484,-11.596830368041992,-12.226250648498535,-11.880363464355469,-11.81495189666748,-11.58191967010498,-10.927328109741211,-11.32883358001709,-11.044407844543457,-10.51130199432373,-10.15157413482666,-9.713469505310059,-9.88158893585205,-10.176210403442383,-9.460273742675781,-7.94221305847168,-6.484612941741943,-5.19556999206543,-3.7011098861694336,-2.6421334743499756,-2.9731404781341553,-4.558173656463623,-4.4957990646362305,-2.751929521560669,-0.8523056507110596,-0.29310452938079834,0.12754733860492706,0.3669518828392029,-1.729009985923767,-5.903365135192871,-6.095677852630615,-5.708179473876953,-6.520219326019287
-6.277030944824219,-8.580695152282715,-11.41132926940918,-12.137151718139648,-11.816485404968262,-12.782968521118164,-13.314650535583496,-13.599626541137695,-13.203902244567871,-12.534497261047363,-12.590843200683594,-12.766587257385254,-12.270177841186523,-12.357805252075195,-12.156188011169434,-10.665595054626465,-10.734257698059082,-11.497106552124023,-11.165477752685547,-10.777856826782227,-10.805423736572266,-10.362979888916016,-10.102088928222656,-9.892207145690918,-8.900286674499512,-7.108938217163086,-5.829833507537842,-4.765780925750732,-3.5526771545410156,-3.423130512237549,-4.150234699249268,-4.611435413360596,-3.63189959526062,-1.7045032978057861,-0.06790135055780411,0.8767755627632141,0.9598218202590942,-0.840086817741394,-1.8951408863067627,-5.4537434577941895,-7.218822956085205,-5.8161702156066895,-4.3255205154418945
-10.411494255065918,-10.504718780517578,-10.955224990844727,-12.049605369567871,-12.220837593078613,-12.275071144104004,-12.397740364074707,-13.244680404663086,-13.724013328552246,-11.969388008117676,-11.447444915771484,-12.570544242858887,-12.937934875488281,-12.740070343017578,-11.983064651489258,-10.665648460388184,-10.596988677978516,-11.461634635925293,-11.402207374572754,-11.017626762390137,-10.870882987976074,-10.605440139770508,-10.229909896850586,-9.243870735168457,-7.706485271453857,-6.205195426940918,-5.404232025146484,-4.897260665893555,-4.485497951507568,-4.48853874206543,-4.611912250518799,-4.044910430908203,-2.4414010047912598,-0.677161455154419,0.9257668256759644,1.3671046495437622,-2.843475818634033,-5.251555919647217,-3.7523415088653564,-2.6068716049194336,-5.157923698425293,-3.3296620845794678,-1.6482737064361572
-13.457756042480469,-12.74963665008545,-10.820735931396484,-10.6454496383667,-11.643549919128418,-11.77591323852539,-11.689891815185547,-11.961801528930664,-12.304006576538086,-12.412833213806152,-12.633471488952637,-12.429831504821777,-12.673012733459473,-12.530601501464844,-11.709278106689453,-10.56945514678955,-10.166443824768066,-10.665534973144531,-10.337353706359863,-9.630874633789062,-9.697393417358398,-9.835936546325684,-9.64738941192627,-8.412636756896973,-6.6448073387146,-5.605445861816406,-5.533856391906738,-5.494953632354736,-5.094621181488037,-5.009674072265625,-4.700679302215576,-3.4376561641693115,-1.7957851886749268,0.1478787213563919,1.2040616273880005,-1.1790491342544556,-4.430515289306641,-5.274986743927002,-3.9273183345794678,-1.4943143129348755,-3.1145336627960205,-2.4890060424804688,-2.233969211578369
-15.37412166595459,-14.147872924804688,-10.640931129455566,-9.362865447998047,-10.870272636413574,-11.890474319458008,-11.483179092407227,-12.242926597595215,-13.095849990844727,-12.566268920898438,-11.962162017822266,-11.604330062866211,-12.078064918518066,-12.177414894104004,-10.932793617248535,-9.355928421020508,-8.787331581115723,-9.11518383026123,-9.059233665466309,-9.006319046020508,-9.254242897033691,-9.229601860046387,-8.630477905273438,-7.300394058227539,-5.942419052124023,-5.449202060699463,-5.859158515930176,-5.783872127532959,-5.338153839111328,-5.136415958404541,-4.560973167419434,-3.685279369354248,-2.2940781116485596,-0.39329105615615845,-0.8624950051307678,-4.566656589508057,-6.042941093444824,-5.755800247192383,-5.674905776977539,-5.915149688720703,-6.032134532928467,-5.910843372344971,-7.407888889312744
-13.586976051330566,-13.555084228515625,-10.740679740905762,-9.311724662780762,-10.35513973236084,-11.939687728881836,-13.15775203704834,-12.939087867736816,-12.350595474243164,-11.7385892868042,-11.363579750061035,-11.438977241516113,-11.743480682373047,-10.966711044311523,-9.458830833435059,-8.229543685913086,-8.032210350036621,-8.385880470275879,-8.441976547241211,-8.903045654296875,-9.203322410583496,-8.693307876586914,-7.634509563446045,-6.34202766418457,-5.37666130065918,-5.713093280792236,-6.244697570800781,-5.681458473205566,-5.6382036209106445,-5.479406356811523,-4.937136173248291,-4.295658588409424,-3.048229455947876,-1.599082350730896,-1.6571382284164429,-4.908385276794434,-7.27618408203125,-7.551614761352539,-7.172246932983398,-6.497093677520752,-5.873737335205078,-5.289237976074219,-5.688073635101318
-11.3854398727417,-11.245674133300781,-9.409772872924805,-8.9330472946167,-10.037491798400879,-10.801279067993164,-12.519405364990234,-12.555209159851074,-11.607720375061035,-11.427453994750977,-11.358820915222168,-11.190619468688965,-10.919059753417969,-9.903565406799316,-8.719813346862793,-7.919167995452881,-7.808522701263428,-8.114792823791504,-8.278698921203613,-8.663329124450684,-8.663222312927246,-7.787201404571533,-6.735636234283447,-5.750484466552734,-5.313420295715332,-6.2240729331970215,-6.459831714630127,-5.91342830657959,-5.865789890289307,-5.657835960388184,-5.770066738128662,-4.731245994567871,-3.174687623977661,-2.011873960494995,-2.0428202152252197,-4.606357097625732,-7.318609714508057,-6.860363006591797,-5.092449188232422,-4.4166975021362305,-4.5048394203186035,-3.5458667278289795,-1.583098292350769
-9.935258865356445,-9.171140670776367,-8.007429122924805,-8.860713958740234,-10.365626335144043,-9.68960952758789,-11.043412208557129,-11.65658950805664,-10.579546928405762,-10.270204544067383,-10.53647518157959,-10.427952766418457,-9.89618968963623,-8.992513656616211,-8.09808349609375,-7.511790752410889,-7.415204048156738,-7.8228840827941895,-8.208593368530273,-8.338510513305664,-8.061654090881348,-7.042176723480225,-5.975329399108887,-5.469120979309082,-6.036991596221924,-6.721681594848633,-6.4258294105529785,-5.1725687980651855,-5.4171223640441895,-7.645543575286865,-7.539828777313232,-4.709082126617432,-2.4225478172302246,-1.9477169513702393,-2.5883305072784424,-5.006413459777832,-6.457426071166992,-5.332272052764893,-3.230717420578003,-3.1761693954467773,-3.4700748920440674,-1.249668002128601,2.488976240158081
-6.826792240142822,-6.618500709533691,-7.733041286468506,-11.302287101745605,-10.730652809143066,-8.062944412231445,-9.71424388885498,-10.828401565551758,-9.869453430175781,-9.582751274108887,-9.903745651245117,-9.65807819366455,-8.89429759979248,-8.037130355834961,-7.372351169586182,-7.096714496612549,-7.135646343231201,-7.620486259460449,-7.946985721588135,-7.834256172180176,-7.4144721031188965,-6.36176061630249,-5.210833549499512,-5.385150909423828,-6.378097057342529,-7.241792678833008,-6.318017482757568,-4.411566257476807,-6.379046440124512,-8.768046379089355,-6.888905048370361,-3.559995651245117,-1.4470300674438477,-1.8066622018814087,-2.640239715576172,-4.220821857452393,-5.124428749084473,-3.4897570610046387,-2.046961784362793,-1.8749797344207764,-1.2877620458602905,0.8737457990646362,4.216368675231934
-3.339818000793457,-7.390995025634766,-11.754470825195312,-12.339396476745605,-9.247363090515137,-6.73256254196167,-8.681305885314941,-9.69528865814209,-8.771278381347656,-8.741290092468262,-9.0637845993042,-8.775404930114746,-8.181355476379395,-7.461572647094727,-6.937758445739746,-6.848283767700195,-6.902222633361816,-7.195090293884277,-7.49641227722168,-7.28520393371582,-6.629683017730713,-5.539829254150391,-4.526696681976318,-5.024098873138428,-6.3749775886535645,-7.473560810089111,-6.2061686515808105,-4.964444160461426,-7.411299228668213,-8.269937515258789,-5.100113868713379,-2.1249966621398926,-1.1076608896255493,-1.9029808044433594,-3.556689500808716,-5.466046333312988,-5.916746616363525,-3.779046058654785,-0.7998667359352112,1.258632779121399,1.851406216621399,2.480273485183716,3.681203603744507
-4.084745407104492,-12.07923698425293,-13.325024604797363,-9.991780281066895,-6.193694591522217,-5.729629993438721,-7.896024227142334,-7.7993388175964355,-6.970546722412109,-7.312352180480957,-7.794137001037598,-8.08603286743164,-7.586946487426758,-7.088293075561523,-6.334560394287109,-6.166574478149414,-6.247502326965332,-6.823843002319336,-7.305263996124268,-7.0659942626953125,-5.9702301025390625,-4.909645080566406,-4.088135719299316,-4.377384662628174,-6.1238884925842285,-7.320573329925537,-6.015326976776123,-5.11254358291626,-6.706756114959717,-6.7335638999938965,-4.181819438934326,-2.9902427196502686,-2.3616015911102295,-2.878380060195923,-5.383038520812988,-6.118473052978516,-4.751547336578369,-2.5309081077575684,-0.38711923360824585,0.8520678281784058,1.4254099130630493,1.5754947662353516,2.3941080570220947
-7.645423889160156,-12.830777168273926,-11.009559631347656,-6.2959160804748535,-3.7174956798553467,-4.119418144226074,-6.741805076599121,-7.445127487182617,-6.908021450042725,-7.013913154602051,-7.209681034088135,-7.3560051918029785,-7.02364444732666,-6.004149436950684,-5.270422458648682,-5.484750747680664,-6.526711940765381,-7.263463020324707,-7.099267482757568,-6.298745632171631,-5.230261325836182,-4.4694132804870605,-3.8567676544189453,-4.5764336585998535,-6.581313133239746,-7.08468770980835,-5.46950626373291,-4.012596130371094,-4.404852390289307,-4.811232566833496,-3.5482423305511475,-4.047092437744141,-3.3076975345611572,-3.443018913269043,-4.274377346038818,-3.865314483642578,-2.2906718254089355,-0.6920366883277893,0.003766327630728483,-0.8950618505477905,-0.8680151700973511,0.3927505910396576,1.5162770748138428
-7.2620625495910645,-9.827199935913086,-7.962695121765137,-4.833320617675781,-2.495328187942505,-1.8377856016159058,-4.926688194274902,-6.813606262207031,-6.637116432189941,-6.652426719665527,-6.280081272125244,-6.552300453186035,-6.3777689933776855,-5.503969669342041,-5.225063323974609,-6.0180463790893555,-6.963114261627197,-6.932672500610352,-7.037304878234863,-6.085562229156494,-4.624387741088867,-3.8908634185791016,-4.337172508239746,-5.63701057434082,-6.929214000701904,-6.606965065002441,-4.630466938018799,-2.712951183319092,-2.453913927078247,-2.8764407634735107,-2.6851389408111572,-3.976182222366333,-3.2899489402770996,-2.486527681350708,-0.9016320109367371,-0.6777645349502563,-0.4259875416755676,0.2275494933128357,0.5063425898551941,-0.9589541554450989,-1.4028645753860474,0.0202401801943779,0.6260988712310791
-5.904226303100586,-7.00827169418335,-6.271565914154053,-5.268153667449951,-2.4825754165649414,-0.9539455771446228,-4.53309440612793,-7.785558700561523,-7.106365203857422,-6.484328269958496,-6.118594169616699,-6.3232574462890625,-6.592967987060547,-6.477207660675049,-6.459163188934326,-7.326230049133301,-7.767221927642822,-8.302465438842773,-8.148197174072266,-5.918883800506592,-4.109478950500488,-3.8560454845428467,-4.9461493492126465,-6.4705424308776855,-6.937108039855957,-6.23033332824707,-4.808464050292969,-2.9018476009368896,-2.171959400177002,-2.4864954948425293,-2.302680253982544,-3.095792293548584,-3.625035285949707,-2.84330415725708,-1.1382478475570679,-1.53792142868042,-1.6437448263168335,-1.3046679496765137,-0.9829319715499878,-2.0924232006073,-2.060333013534546,-0.24608318507671356,0.8344894051551819
-4.756306171417236,-5.548951148986816,-5.782401084899902,-5.89484167098999,-3.9147768020629883,-2.787447690963745,-5.9782209396362305,-9.446297645568848,-7.15388822555542,-6.069162368774414,-5.65797758102417,-5.584809303283691,-6.251870155334473,-6.847369194030762,-7.530689716339111,-8.330045700073242,-9.049744606018066,-10.468884468078613,-8.400571823120117,-4.489575386047363,-2.514054775238037,-3.35086989402771,-5.227999687194824,-6.582352638244629,-7.027626991271973,-6.1637701988220215,-5.057027816772461,-4.141608238220215,-4.7422261238098145,-5.0040483474731445,-4.949596405029297,-4.852192401885986,-4.602948188781738,-4.077160358428955,-3.4644408226013184,-3.1818675994873047,-2.4319612979888916,-1.8543344736099243,-1.5838711261749268,-1.9982527494430542,-1.7730133533477783,-0.3379933834075928,0.963363766670227
