data/wind_data/wind_71_6.json
{"header": {"parameterUnit": "KT", "parameterCategory": 2, "nx": 256, "ny": 198, "lo1": 44.73521041870117, "la1": -3.236724853515625, "lo2": 111.26478576660156, "la2": 43.468475341796875, "dx": 0.2609002888202667, "dy": -0.23708222806453705, "refTime": "2025-02-21 23:00:00", "forecastTime": 0, "parameterNumber": 2, "parameterNumberName": "eastward_wind"}, "data":
[rows 160 to 179 of 198, columns 0 to 43 of 256]
96.28820037841797,96.2087631225586,96.19478607177734,94.94634246826172,93.45787811279297,92.43093872070312,91.5947036743164,92.24720764160156,93.75967407226562,95.06716918945312,95.54019927978516,94.5380630493164,93.30107116699219,93.43158721923828,94.43794250488281,95.47091674804688,96.12882232666016,95.7354736328125,94.22203826904297,92.30241394042969,91.20201873779297,90.70915222167969,90.1953353881836,90.30781555175781,91.33094787597656,91.61051940917969,90.41324615478516,88.04896545410156,83.0208969116211,77.94772338867188,76.8666763305664,77.54137420654297,78.15978240966797,77.97545623779297,75.7444076538086,73.2448959350586,73.05472564697266,73.79237365722656,73.43852996826172,72.2868423461914,71.09810638427734,69.876953125,68.52751922607422,66.99451446533203
98.20634460449219,99.52337646484375,98.20243072509766,94.88793182373047,91.74829864501953,89.64543914794922,89.37127685546875,91.0434799194336,92.60379791259766,93.26656341552734,92.86702728271484,91.34894561767578,90.64163970947266,91.4863510131836,92.62694549560547,93.27461242675781,93.27356719970703,92.43737030029297,91.0489730834961,89.56663513183594,88.7535400390625,88.55377197265625,88.5297622680664,89.00086975097656,88.43650817871094,86.6346664428711,85.15583801269531,81.87479400634766,77.67495727539062,77.29721069335938,77.77704620361328,76.93904876708984,76.1117172241211,75.42052459716797,74.04584503173828,72.58040618896484,72.42821502685547,72.69026184082031,71.95259857177734,70.7293472290039,69.43561553955078,67.99795532226562,67.02996826171875,66.24002075195312
100.60330200195312,101.314453125,99.1138687133789,94.92254638671875,91.63561248779297,90.3538818359375,90.97323608398438,92.21074676513672,93.07810974121094,93.09794616699219,91.1206283569336,88.92623138427734,89.34515380859375,90.51168060302734,91.01020812988281,91.17864990234375,90.86399841308594,89.77261352539062,88.64339447021484,87.8167724609375,87.18960571289062,87.09522247314453,87.27836608886719,86.72700500488281,85.35445404052734,83.66393280029297,81.39326477050781,78.01178741455078,76.43861389160156,77.17266845703125,76.68037414550781,75.20220947265625,74.08740997314453,73.36373138427734,72.54167938232422,71.64916229248047,71.48737335205078,71.16107177734375,69.67432403564453,68.55841827392578,67.80241394042969,66.73809814453125,66.17664337158203,65.62496185302734
100.88975524902344,99.721923828125,96.6397476196289,93.05664825439453,91.36298370361328,91.70491790771484,92.97889709472656,94.25123596191406,95.15294647216797,93.55883026123047,89.9103012084961,89.1851806640625,90.752685546875,91.41317749023438,91.34890747070312,91.00370025634766,90.19473266601562,89.0550537109375,88.07303619384766,87.4613037109375,87.02745056152344,87.04275512695312,86.47118377685547,85.31136322021484,84.0558090209961,81.49996948242188,78.54627990722656,76.2905044555664,75.48542022705078,75.69976806640625,75.30380249023438,74.25777435302734,73.22220611572266,72.3962173461914,71.58369445800781,70.81656646728516,70.33903503417969,69.54857635498047,68.31466674804688,67.72630310058594,67.22885131835938,66.4345932006836,65.82593536376953,64.9976577758789
100.06980895996094,96.51403045654297,92.59139251708984,90.14920806884766,90.2385025024414,91.57587432861328,93.19425201416016,94.72883605957031,94.67649841308594,91.56439208984375,89.62820434570312,91.3656234741211,93.04576110839844,93.34555053710938,92.9491195678711,92.20399475097656,91.55815887451172,90.45299530029297,89.09344482421875,88.37358093261719,87.96391296386719,87.37456512451172,86.0298843383789,84.63687896728516,82.96990966796875,79.99029541015625,77.26057434082031,75.91925048828125,75.5396728515625,75.30056762695312,74.89879608154297,74.1669692993164,73.16218566894531,72.12879943847656,71.23703002929688,70.46663665771484,69.8177719116211,68.9711685180664,68.08650207519531,67.64019775390625,67.220703125,66.4743881225586,65.64219665527344,64.6239242553711
99.64664459228516,94.00482177734375,89.92786407470703,88.7175064086914,89.54920196533203,90.76106262207031,92.03543853759766,92.44314575195312,90.7477035522461,88.8879165649414,89.69438934326172,91.84688568115234,93.43675994873047,93.94155883789062,93.6860122680664,93.57174682617188,93.28034973144531,91.95121002197266,90.61756134033203,90.0596694946289,89.52769470214844,88.19306182861328,86.47034454345703,84.88477325439453,82.42903137207031,79.27594757080078,77.4052963256836,77.24459075927734,77.02069854736328,76.3564453125,75.54058074951172,74.57398986816406,73.44075775146484,72.46395111083984,71.70709991455078,71.03173065185547,70.33714294433594,69.34132385253906,68.4210205078125,67.78177642822266,67.26374816894531,66.56631469726562,65.62189483642578,64.51676940917969
99.62273406982422,93.84871673583984,90.4415512084961,90.19680786132812,90.71428680419922,91.28489685058594,91.61892700195312,90.24462127685547,88.1285171508789,87.89124298095703,88.72069549560547,89.93631744384766,91.38378143310547,92.20454406738281,92.5767593383789,92.95279693603516,92.55921173095703,91.51264190673828,90.85205078125,90.53054809570312,89.85198974609375,88.59727478027344,87.06611633300781,85.07011413574219,82.07734680175781,79.55155181884766,78.70700073242188,78.64189910888672,78.30426788330078,77.53614044189453,76.63628387451172,75.560791015625,74.44532775878906,73.61302185058594,72.9817886352539,72.27731323242188,71.31233978271484,70.18426513671875,69.21424102783203,68.41249084472656,67.607666015625,66.9117660522461,65.97469329833984,64.73194122314453
99.89617919921875,94.52383422851562,92.18014526367188,92.53054809570312,92.70751953125,92.89157104492188,92.5343017578125,90.09334564208984,88.30097961425781,88.42813873291016,88.45724487304688,88.78790283203125,89.68904876708984,90.48847961425781,90.94107818603516,90.90845489501953,90.1656265258789,89.29467010498047,89.07240295410156,88.75149536132812,88.3370361328125,87.81686401367188,86.81607055664062,84.87666320800781,82.25559997558594,80.40866088867188,79.93888854980469,79.76087188720703,79.25284576416016,78.61856079101562,77.95735931396484,77.05253601074219,76.02835083007812,75.18220520019531,74.47238159179688,73.6365737915039,72.53827667236328,71.33831787109375,70.2872314453125,69.40301513671875,68.49793243408203,67.53227996826172,66.56539916992188,65.23219299316406
101.06060028076172,96.88343811035156,95.09043884277344,95.18685913085938,94.80780792236328,94.4843978881836,93.36359405517578,90.70706176757812,90.02438354492188,90.55537414550781,90.35545349121094,90.17214965820312,90.26407623291016,90.46968841552734,90.6551513671875,89.89126586914062,88.16130065917969,87.46762084960938,87.28874206542969,86.59500122070312,86.35792541503906,86.47753143310547,86.0941390991211,84.71680450439453,82.72203063964844,81.25071716308594,80.88018798828125,80.91802215576172,80.62317657470703,80.08207702636719,79.49736022949219,78.73143768310547,77.7342300415039,76.75390625,75.91680145263672,74.97625732421875,73.75788879394531,72.46917724609375,71.41288757324219,70.56383514404297,69.64627838134766,68.55298614501953,67.42435455322266,65.98716735839844
102.07040405273438,99.34249877929688,98.13192749023438,97.94434356689453,97.16114044189453,96.1228256225586,94.54430389404297,92.90189361572266,92.97161865234375,93.14704895019531,92.86111450195312,92.77001953125,92.36946868896484,91.59386444091797,91.39348602294922,90.06407165527344,87.92807006835938,87.32698822021484,86.68170928955078,85.57701110839844,85.33487701416016,85.50300598144531,85.2596435546875,84.29134368896484,82.90003204345703,81.73530578613281,81.47319030761719,81.91649627685547,82.22260284423828,81.99761962890625,81.46952056884766,80.7209701538086,79.7110595703125,78.65031433105469,77.6994857788086,76.59944915771484,75.15425109863281,73.6285629272461,72.40634155273438,71.48628234863281,70.64420318603516,69.66682434082031,68.53626251220703,67.132568359375
100.82469940185547,99.63589477539062,99.3039779663086,99.38257598876953,98.697998046875,97.71248626708984,96.73731231689453,95.8393783569336,95.50323486328125,95.34893035888672,95.21202087402344,95.1077880859375,93.79535675048828,92.2923812866211,92.3046875,91.24087524414062,89.47178649902344,88.38279724121094,87.13673400878906,85.91728210449219,85.60221099853516,85.52664184570312,85.0517349243164,84.1264877319336,83.05076599121094,82.16374969482422,82.03754425048828,82.7365493774414,83.58482360839844,83.8987808227539,83.58203125,82.87882232666016,81.93165588378906,80.91732788085938,79.85761260986328,78.5680923461914,76.9141616821289,75.15479278564453,73.64409637451172,72.50924682617188,71.60283660888672,70.76420593261719,69.84414672851562,68.63333129882812
97.68598937988281,97.63243103027344,98.12594604492188,98.63582611083984,98.31721496582031,97.96255493164062,97.6517333984375,97.0566635131836,96.70635986328125,96.57849884033203,96.33000946044922,95.9441146850586,94.68804168701172,94.03064727783203,93.8994369506836,92.1440200805664,90.63800048828125,89.7840805053711,88.41118621826172,87.17549133300781,86.7978515625,86.510986328125,85.75599670410156,84.69339752197266,83.68623352050781,82.97821807861328,82.94520568847656,83.67045593261719,84.72730255126953,85.36876678466797,85.30345153808594,84.69598388671875,83.83766174316406,82.92731475830078,81.82655334472656,80.44807434082031,78.78140258789062,76.97920227050781,75.33351135253906,74.03203582763672,73.06175994873047,72.29752349853516,71.47058868408203,70.2847900390625
93.62364196777344,94.40875244140625,95.41500854492188,96.3233413696289,96.49424743652344,96.40596771240234,96.3646469116211,96.38389587402344,96.44854736328125,96.29302215576172,96.11200714111328,96.02407836914062,95.7763442993164,95.6329116821289,94.44429779052734,92.44371032714844,91.56806945800781,90.97535705566406,89.69274139404297,88.69660186767578,88.38220977783203,87.94820404052734,87.01373291015625,85.8322982788086,84.75105285644531,84.07704162597656,84.08030700683594,84.74813079833984,85.77136993408203,86.55498504638672,86.58535766601562,85.92928314208984,85.09879302978516,84.31224822998047,83.33003997802734,82.01343536376953,80.39517974853516,78.64668273925781,77.0273208618164,75.6938705444336,74.71959686279297,73.95693969726562,73.081298828125,71.83793640136719
88.45880889892578,89.65826416015625,91.1554183959961,92.57365417480469,93.19729614257812,93.39318084716797,93.6727523803711,94.3208999633789,94.8289794921875,94.71211242675781,94.82408905029297,95.44486236572266,95.82221984863281,95.27314758300781,93.7019271850586,92.35745239257812,91.83511352539062,91.36005401611328,90.53340148925781,90.09246063232422,89.9278793334961,89.4034652709961,88.37541198730469,87.1258316040039,85.9422607421875,85.1891098022461,85.1651611328125,85.75994873046875,86.67804718017578,87.45072174072266,87.45869445800781,86.7581787109375,85.89815521240234,85.09803009033203,84.1659927368164,82.93769073486328,81.37704467773438,79.69001007080078,78.14772033691406,76.86526489257812,75.86670684814453,75.01956176757812,74.04781341552734,72.72261810302734
82.91048431396484,84.42361450195312,86.15265655517578,87.71800994873047,88.86429595947266,89.86935424804688,90.24800109863281,90.74805450439453,91.50859832763672,92.04679870605469,92.7662353515625,93.7459945678711,94.2425537109375,93.6528549194336,92.49871063232422,91.43407440185547,91.02503967285156,91.00186157226562,90.94739532470703,90.98799896240234,90.98040008544922,90.55435180664062,89.60549926757812,88.34705352783203,87.08427429199219,86.2161636352539,86.04290771484375,86.55714416503906,87.39450073242188,88.05906677246094,88.03224182128906,87.32064819335938,86.342041015625,85.32139587402344,84.2352066040039,82.98950958251953,81.47270965576172,79.87258911132812,78.47496795654297,77.35049438476562,76.3671646118164,75.36490631103516,74.16108703613281,72.73953247070312
78.15540313720703,79.90727996826172,81.57682800292969,83.31848907470703,84.96693420410156,85.88290405273438,85.56816101074219,85.76395416259766,86.8869400024414,88.10648345947266,89.24667358398438,90.47747802734375,91.07627868652344,90.5875015258789,89.94606018066406,89.56654357910156,89.61900329589844,90.05501556396484,90.43428802490234,90.65377807617188,90.84230041503906,90.81594848632812,90.3077392578125,89.31510162353516,88.1275863647461,87.15103149414062,86.75019073486328,87.12213897705078,87.94104766845703,88.55931091308594,88.4858627319336,87.72342681884766,86.48422241210938,85.0115737915039,83.63594055175781,82.36180114746094,80.88809204101562,79.34708404541016,78.0694351196289,77.15424346923828,76.14795684814453,75.00848388671875,73.73001098632812,72.3600082397461
73.86125183105469,75.94888305664062,77.8716812133789,79.90011596679688,81.2670669555664,81.43362426757812,80.7862548828125,81.06108093261719,82.21932983398438,83.29518127441406,84.5800552368164,86.00264739990234,86.57316589355469,86.5316390991211,86.75241088867188,87.14311981201172,87.62670135498047,88.20169067382812,88.69406127929688,89.09394073486328,89.50606536865234,89.86725616455078,89.90956115722656,89.4638442993164,88.62289428710938,87.63509368896484,87.01602172851562,87.232177734375,88.04081726074219,88.68016052246094,88.65032196044922,87.89917755126953,86.41520690917969,84.49993896484375,82.81364440917969,81.50413513183594,80.0873031616211,78.50806427001953,77.21294403076172,76.24060821533203,75.23502349853516,74.16201782226562,73.02259063720703,71.80240631103516
69.56201934814453,71.4742431640625,73.83529663085938,75.94966125488281,76.91744232177734,76.73908996582031,76.15618133544922,76.57869720458984,77.4736557006836,78.31131744384766,79.76268768310547,81.28182220458984,82.12224578857422,82.68836975097656,83.18511199951172,83.6184310913086,84.23477935791016,85.07208251953125,85.91132354736328,86.58346557617188,87.16558074951172,87.78225708007812,88.25652313232422,88.31012725830078,87.84425354003906,87.00321960449219,86.3277587890625,86.34998321533203,87.07140350341797,87.85259246826172,88.08999633789062,87.54818725585938,86.08698272705078,84.02728271484375,82.16922760009766,80.78382873535156,79.42190551757812,77.7951431274414,76.12075805664062,74.93315887451172,73.99691009521484,73.02445220947266,72.0331802368164,70.97164916992188
65.10079193115234,69.54878997802734,71.57598876953125,72.74809265136719,73.15052032470703,72.3089828491211,71.50969696044922,71.92435455322266,72.70052337646484,73.81505584716797,75.47744750976562,76.97061920166016,78.01881408691406,78.63270568847656,78.74757385253906,78.98544311523438,79.8082275390625,81.01676177978516,82.1579360961914,83.03105163574219,83.84532928466797,84.7318344116211,85.44072723388672,85.73587799072266,85.60087585449219,85.13288879394531,84.66009521484375,84.62120056152344,85.22640991210938,86.092529296875,86.58434295654297,86.26638793945312,85.0656509399414,83.2267074584961,81.46602630615234,80.08769226074219,78.69427490234375,76.93789672851562,75.1510238647461,73.8870620727539,72.8468017578125,71.8672103881836,71.02764892578125,70.1695785522461
60.825767517089844,67.43037414550781,69.37056732177734,69.85610961914062,69.82097625732422,68.51337432861328,67.58380889892578,67.80384826660156,68.63842010498047,69.96377563476562,71.4964370727539,72.7476577758789,73.66409301757812,74.01749420166016,73.90534210205078,74.12559509277344,75.04623413085938,76.32456970214844,77.54019927978516,78.69361114501953,79.8602066040039,80.92879486083984,81.73023986816406,82.20707702636719,82.40721130371094,82.41802978515625,82.40243530273438,82.60404205322266,83.1883544921875,83.97171783447266,84.45854187011719,84.2708969116211,83.30904388427734,81.77796173095703,80.2717056274414,78.98835754394531,77.52809143066406,75.87616729736328,74.44961547851562,73.19422149658203,71.94465637207031,70.962158203125,70.3277359008789,69.76949310302734
