data/wind_data/wind_69_2.json
{"header": {"parameterUnit": "KT", "parameterCategory": 2, "nx": 256, "ny": 198, "lo1": 44.73521041870117, "la1": -3.236724853515625, "lo2": 111.26478576660156, "la2": 43.468475341796875, "dx": 0.2609002888202667, "dy": -0.23708222806453705, "refTime": "2025-02-21 21:00:00", "forecastTime": 0, "parameterNumber": 2, "parameterNumberName": "eastward_wind"}, "data":
[rows 57 to 75 of 198, columns 129 to 171 of 256]
-20.713539123535156,-18.186031341552734,-14.548903465270996,-13.878320693969727,-12.783724784851074,-12.100692749023438,-11.63558292388916,-11.474328994750977,-11.721303939819336,-12.869051933288574,-14.875887870788574,-13.99130916595459,-10.897626876831055,-9.420327186584473,-12.255213737487793,-14.589085578918457,-12.041609764099121,-11.206725120544434,-15.238845825195312,-15.26611614227295,-11.984071731567383,-11.569791793823242,-15.551926612854004,-16.942907333374023,-15.260894775390625,-15.797080039978027,-16.6461238861084,-17.725379943847656,-18.30004119873047,-17.903461456298828,-17.520822525024414,-17.236528396606445,-17.072120666503906,-17.249065399169922,-17.31414794921875,-17.07762908935547,-17.072546005249023,-17.172657012939453,-17.326934814453125,-17.691112518310547,-17.945932388305664,-17.980178833007812,-18.11534309387207
-21.762033462524414,-18.84644889831543,-14.118660926818848,-12.471384048461914,-11.477998733520508,-9.259317398071289,-6.812360763549805,-7.407937049865723,-9.46943187713623,-11.796399116516113,-14.159361839294434,-12.887258529663086,-8.854872703552246,-8.953520774841309,-13.734440803527832,-12.818758010864258,-10.370643615722656,-11.343948364257812,-12.407848358154297,-13.032092094421387,-14.963262557983398,-15.114706993103027,-14.63914966583252,-14.36248779296875,-14.881092071533203,-16.23790740966797,-16.99972152709961,-17.646081924438477,-17.677001953125,-17.330726623535156,-17.56093406677246,-17.144067764282227,-16.398813247680664,-16.14490509033203,-16.463829040527344,-16.19730567932129,-16.30069351196289,-16.412439346313477,-16.47788429260254,-16.73285675048828,-16.873781204223633,-16.654386520385742,-16.497875213623047
-20.814382553100586,-18.4231014251709,-15.232254028320312,-12.525273323059082,-10.800972938537598,-8.996437072753906,-6.800875663757324,-6.5996503829956055,-9.63514518737793,-11.134003639221191,-11.241019248962402,-11.12551212310791,-11.819669723510742,-14.707878112792969,-14.732333183288574,-8.365242958068848,-8.327041625976562,-15.809473991394043,-13.24244499206543,-12.826006889343262,-15.904052734375,-15.591547966003418,-13.122295379638672,-12.431052207946777,-13.91581916809082,-14.923842430114746,-15.854867935180664,-16.7050838470459,-16.097497940063477,-15.788670539855957,-16.01596450805664,-16.053485870361328,-15.695273399353027,-15.244100570678711,-15.217398643493652,-15.475905418395996,-15.547808647155762,-15.632057189941406,-15.629963874816895,-15.779884338378906,-15.958102226257324,-15.817585945129395,-15.583877563476562
-19.917776107788086,-18.750106811523438,-15.500260353088379,-10.932605743408203,-8.620691299438477,-8.127663612365723,-7.906522274017334,-7.765411376953125,-10.08199691772461,-10.120169639587402,-9.90761947631836,-13.18105697631836,-14.841177940368652,-15.592571258544922,-12.758485794067383,-9.206158638000488,-10.226778030395508,-15.860196113586426,-13.88985538482666,-10.50802230834961,-9.67380142211914,-13.952589988708496,-13.056239128112793,-11.66463565826416,-13.133246421813965,-12.715798377990723,-13.861848831176758,-14.861345291137695,-15.230668067932129,-15.56485366821289,-15.429443359375,-15.165488243103027,-14.589373588562012,-13.940534591674805,-14.021281242370605,-14.495867729187012,-14.786481857299805,-14.967732429504395,-14.86177921295166,-14.66347599029541,-14.638436317443848,-14.775533676147461,-14.873915672302246
-21.465009689331055,-19.960344314575195,-14.809126853942871,-6.436120986938477,-5.998942852020264,-8.138937950134277,-8.204119682312012,-8.136091232299805,-8.531584739685059,-11.003908157348633,-12.079113960266113,-11.527093887329102,-11.229771614074707,-12.526945114135742,-12.868849754333496,-12.707962036132812,-11.092584609985352,-10.101836204528809,-11.88912582397461,-10.635870933532715,-10.426116943359375,-13.553561210632324,-12.875826835632324,-10.361283302307129,-10.74060344696045,-12.119894981384277,-12.587015151977539,-14.095210075378418,-14.6608304977417,-15.515233993530273,-15.237015724182129,-14.437742233276367,-13.279940605163574,-12.456361770629883,-12.603166580200195,-13.016043663024902,-13.634843826293945,-14.20609188079834,-14.248079299926758,-13.865118980407715,-13.409016609191895,-13.29838752746582,-13.586508750915527
-22.173694610595703,-19.435958862304688,-14.677530288696289,-7.210872173309326,-3.295764923095703,-7.911218643188477,-7.636573314666748,-6.683579921722412,-6.18879508972168,-10.55106258392334,-11.187154769897461,-11.501147270202637,-11.028532981872559,-10.54067325592041,-11.52185344696045,-12.418152809143066,-11.16329574584961,-10.020172119140625,-11.372415542602539,-11.694927215576172,-9.93299674987793,-10.444169044494629,-11.479708671569824,-10.723685264587402,-10.318758010864258,-9.659578323364258,-11.514145851135254,-13.127462387084961,-13.489949226379395,-14.841472625732422,-14.61197280883789,-13.673498153686523,-12.432183265686035,-11.520968437194824,-11.22864818572998,-11.522868156433105,-12.320094108581543,-13.087502479553223,-13.375274658203125,-13.112621307373047,-12.628805160522461,-12.290287971496582,-12.237654685974121
-23.362083435058594,-20.466726303100586,-15.470888137817383,-10.689848899841309,-8.80794906616211,-9.75806713104248,-7.819890022277832,-6.820568084716797,-7.522637844085693,-9.028096199035645,-9.842803001403809,-11.59130859375,-11.716453552246094,-10.752662658691406,-9.984697341918945,-9.909537315368652,-10.390742301940918,-12.010377883911133,-10.90658187866211,-9.040462493896484,-10.066845893859863,-10.26708984375,-7.953341484069824,-8.423752784729004,-9.955741882324219,-9.920705795288086,-11.208292007446289,-11.742900848388672,-12.647931098937988,-13.344902038574219,-12.767566680908203,-12.140508651733398,-11.775218963623047,-10.925497055053711,-10.301407814025879,-10.320999145507812,-10.894445419311523,-11.699889183044434,-12.119400024414062,-12.0722017288208,-11.841473579406738,-11.633169174194336,-11.441027641296387
-23.885515213012695,-22.786527633666992,-20.092445373535156,-15.976285934448242,-12.607365608215332,-10.196178436279297,-8.063852310180664,-7.618385314941406,-7.65434455871582,-8.072306632995605,-8.116206169128418,-10.726119041442871,-10.033458709716797,-9.483616828918457,-10.401413917541504,-10.693458557128906,-10.078751564025879,-9.919051170349121,-9.668699264526367,-9.003643989562988,-9.871682167053223,-9.606061935424805,-8.534089088439941,-7.786428928375244,-7.911407947540283,-9.42419147491455,-10.577171325683594,-11.610746383666992,-11.992033958435059,-11.284971237182617,-11.031468391418457,-11.189532279968262,-11.155742645263672,-10.483122825622559,-9.77560043334961,-9.583690643310547,-9.81329345703125,-10.163260459899902,-10.387490272521973,-10.6185302734375,-10.660199165344238,-10.625368118286133,-10.540828704833984
-23.089740753173828,-22.275266647338867,-21.108007431030273,-19.185401916503906,-14.907227516174316,-9.726812362670898,-7.86496114730835,-8.267460823059082,-7.737475395202637,-8.016732215881348,-8.444890022277832,-9.5277099609375,-8.491430282592773,-7.931883811950684,-9.033307075500488,-9.911806106567383,-10.01815414428711,-9.954733848571777,-9.843785285949707,-7.753912925720215,-8.253678321838379,-8.852839469909668,-8.138063430786133,-8.086440086364746,-8.405647277832031,-9.499302864074707,-10.461231231689453,-10.936822891235352,-10.668519973754883,-9.489191055297852,-9.614169120788574,-9.831399917602539,-9.885282516479492,-9.901424407958984,-9.560564041137695,-9.063613891601562,-8.914678573608398,-8.998162269592285,-8.883345603942871,-8.975401878356934,-9.179816246032715,-9.214667320251465,-9.218722343444824
-22.506738662719727,-21.524738311767578,-20.49992561340332,-18.71987533569336,-14.466423034667969,-8.974251747131348,-7.568787097930908,-7.930883884429932,-7.030951499938965,-7.588229179382324,-8.141958236694336,-8.904359817504883,-8.192168235778809,-7.565271854400635,-7.753632545471191,-8.377055168151855,-8.974835395812988,-9.130192756652832,-8.902990341186523,-8.076542854309082,-7.861996173858643,-7.850131034851074,-8.144204139709473,-8.862630844116211,-9.7507905960083,-10.088164329528809,-9.743795394897461,-9.279172897338867,-9.0762300491333,-8.221128463745117,-8.339923858642578,-8.396389961242676,-8.676094055175781,-8.778549194335938,-8.82353687286377,-8.711075782775879,-8.429269790649414,-8.086008071899414,-7.854495525360107,-7.735452175140381,-7.697237014770508,-7.720213890075684,-7.7311930656433105
-21.361072540283203,-20.361156463623047,-19.110715866088867,-16.49431800842285,-12.874167442321777,-9.713735580444336,-9.149627685546875,-8.97420597076416,-6.746110916137695,-7.904405117034912,-8.289493560791016,-8.320589065551758,-8.338849067687988,-8.02818775177002,-7.893243789672852,-7.433220386505127,-7.341511249542236,-7.231724262237549,-7.811740875244141,-7.9655961990356445,-7.413431644439697,-7.357809066772461,-8.527338981628418,-9.832237243652344,-10.00080394744873,-9.474308967590332,-8.545012474060059,-7.835726737976074,-7.513843059539795,-7.380038738250732,-7.075721740722656,-7.330137252807617,-7.448460102081299,-7.613657474517822,-7.730698108673096,-7.7770304679870605,-7.737684726715088,-7.517405986785889,-7.155765056610107,-6.860782623291016,-6.637749195098877,-6.466838359832764,-6.413448333740234
-18.002422332763672,-17.47774887084961,-17.406457901000977,-15.734879493713379,-13.202503204345703,-11.507646560668945,-10.59391975402832,-9.132514953613281,-7.847951889038086,-8.819208145141602,-8.31661319732666,-7.715869426727295,-8.238630294799805,-8.031190872192383,-7.64528226852417,-6.7144012451171875,-6.7476091384887695,-7.341768741607666,-6.539157867431641,-6.467756271362305,-6.508361339569092,-7.2984700202941895,-8.443381309509277,-9.290809631347656,-8.954768180847168,-8.11589241027832,-7.394577503204346,-6.8657097816467285,-6.202616214752197,-6.168774604797363,-6.31426477432251,-6.444489002227783,-6.438020706176758,-6.39388370513916,-6.492135047912598,-6.724466323852539,-6.984838962554932,-7.01625394821167,-6.733658313751221,-6.326253414154053,-5.940357208251953,-5.657006740570068,-5.515739440917969
-14.803139686584473,-14.63277816772461,-15.877266883850098,-15.296780586242676,-13.436216354370117,-12.39891242980957,-10.884303092956543,-8.588675498962402,-8.485039710998535,-8.406132698059082,-8.040486335754395,-7.560734272003174,-7.159272193908691,-7.591021537780762,-7.319636821746826,-5.831623077392578,-5.386882305145264,-6.744853496551514,-5.2310333251953125,-5.100760459899902,-6.479895114898682,-8.183563232421875,-7.829066276550293,-8.1323823928833,-7.852104187011719,-6.837024211883545,-6.051154136657715,-5.459855079650879,-5.182119369506836,-5.23560094833374,-5.425990104675293,-5.546248435974121,-5.506443023681641,-5.3433427810668945,-5.306851863861084,-5.512229919433594,-5.98242712020874,-6.44060754776001,-6.521673679351807,-6.234797477722168,-5.799676418304443,-5.383971691131592,-5.014936923980713
-13.900565147399902,-15.283676147460938,-17.050867080688477,-15.652395248413086,-13.432591438293457,-12.149518966674805,-11.003503799438477,-9.733552932739258,-9.528532981872559,-8.978623390197754,-8.521137237548828,-7.659058570861816,-6.657190322875977,-6.538819313049316,-5.816519260406494,-4.660410404205322,-4.737904071807861,-5.1478776931762695,-4.513368129730225,-4.2216901779174805,-6.663196086883545,-7.865054607391357,-6.924487113952637,-6.571386814117432,-6.393497467041016,-5.796825885772705,-5.064997673034668,-4.5344157218933105,-4.296175479888916,-4.380022048950195,-4.556391716003418,-4.664814472198486,-4.632918357849121,-4.60770845413208,-4.613659858703613,-4.663732528686523,-4.97321081161499,-5.541967391967773,-6.187047958374023,-6.485941410064697,-6.302624702453613,-5.828886032104492,-5.1485748291015625
-13.878549575805664,-16.56747055053711,-18.650548934936523,-16.644250869750977,-13.713130950927734,-11.878711700439453,-11.282205581665039,-10.640776634216309,-9.441629409790039,-8.694475173950195,-9.28332805633545,-8.096363067626953,-6.743512153625488,-5.935611248016357,-6.051319122314453,-4.942905902862549,-4.915709972381592,-4.506281852722168,-3.8759212493896484,-3.971470355987549,-4.918176174163818,-6.287473201751709,-5.941490173339844,-4.992584228515625,-4.856010437011719,-4.7203264236450195,-4.479968070983887,-3.995161771774292,-3.6096813678741455,-3.551640033721924,-3.7002007961273193,-3.8836653232574463,-4.01177453994751,-4.232231616973877,-4.429975986480713,-4.4332194328308105,-4.482691287994385,-4.7593793869018555,-5.497000217437744,-6.611883640289307,-7.255927562713623,-6.989084243774414,-6.125720977783203
-15.300592422485352,-17.476837158203125,-18.915456771850586,-16.61294937133789,-13.43298625946045,-11.53272533416748,-10.648026466369629,-9.76223373413086,-8.815349578857422,-8.958925247192383,-9.565048217773438,-8.57426643371582,-7.5266523361206055,-6.914239406585693,-6.525359630584717,-6.229190826416016,-6.365609169006348,-5.359100818634033,-3.5236356258392334,-3.6956288814544678,-4.060413837432861,-4.422362327575684,-4.225600242614746,-3.870816469192505,-3.679697036743164,-3.6494760513305664,-3.5106704235076904,-3.1871542930603027,-2.971621513366699,-2.896193504333496,-2.9620094299316406,-3.1755876541137695,-3.4850962162017822,-3.94177508354187,-4.351105213165283,-4.524768829345703,-4.731274127960205,-5.102280616760254,-5.611577033996582,-6.459057807922363,-7.538768291473389,-8.030680656433105,-7.527339935302734
-16.340906143188477,-18.21139907836914,-18.983463287353516,-16.106807708740234,-12.150611877441406,-10.743364334106445,-10.304909706115723,-9.070350646972656,-8.155341148376465,-8.60288143157959,-8.205106735229492,-8.091347694396973,-8.195945739746094,-7.6527862548828125,-6.331785678863525,-6.094695091247559,-6.2851457595825195,-4.826732158660889,-3.7665460109710693,-3.6244187355041504,-3.06945538520813,-2.8168015480041504,-2.743882179260254,-2.9507551193237305,-2.4632728099823,-2.2818479537963867,-2.0584335327148438,-1.9944109916687012,-2.212953567504883,-2.4762094020843506,-2.5791523456573486,-2.687448263168335,-3.1801743507385254,-3.905066728591919,-4.5851969718933105,-5.13623571395874,-5.800877571105957,-6.54825496673584,-7.063277721405029,-7.302596092224121,-7.584619998931885,-7.95880651473999,-7.9501800537109375
-16.7871150970459,-18.630435943603516,-18.66900062561035,-16.83281135559082,-12.800602912902832,-10.365954399108887,-9.810502052307129,-9.054814338684082,-8.005712509155273,-7.939816474914551,-6.980062961578369,-6.335198402404785,-7.39772367477417,-7.544430732727051,-6.386969566345215,-6.314116477966309,-6.488743305206299,-5.559196949005127,-4.367892265319824,-3.5757811069488525,-2.845820426940918,-2.1695659160614014,-2.5749969482421875,-2.9483108520507812,-2.8533034324645996,-2.6373214721679688,-1.9730314016342163,-1.7136529684066772,-2.2629752159118652,-2.7683417797088623,-2.852727174758911,-3.000638008117676,-3.641111373901367,-4.632259368896484,-5.639191627502441,-6.45483922958374,-7.337472438812256,-8.271862983703613,-8.948525428771973,-9.083230018615723,-8.765833854675293,-8.27788257598877,-7.864861011505127
-15.247432708740234,-16.46696662902832,-16.1943359375,-16.169816970825195,-14.111408233642578,-11.768908500671387,-10.170514106750488,-9.091609001159668,-7.961022853851318,-7.436740875244141,-6.795096397399902,-5.719296455383301,-5.8010358810424805,-5.737234115600586,-5.318410396575928,-6.13338041305542,-7.081412315368652,-6.606810092926025,-4.4005351066589355,-2.871476173400879,-3.499027967453003,-2.989358901977539,-4.000857830047607,-4.888694763183594,-4.263021469116211,-3.4423396587371826,-2.799651622772217,-2.7449686527252197,-3.4269907474517822,-3.952934503555298,-4.128684043884277,-4.486620903015137,-5.21316385269165,-6.317719459533691,-7.486979007720947,-8.110382080078125,-8.403206825256348,-8.82297420501709,-9.430254936218262,-9.900997161865234,-9.886385917663574,-9.306928634643555,-8.475261688232422
