data/wind_data/wind_58_3.json
{"header": {"parameterUnit": "KT", "parameterCategory": 2, "nx": 256, "ny": 198, "lo1": 44.73521041870117, "la1": -3.236724853515625, "lo2": 111.26478576660156, "la2": 43.468475341796875, "dx": 0.2609002888202667, "dy": -0.23708222806453705, "refTime": "2025-02-21 10:00:00", "forecastTime": 0, "parameterNumber": 2, "parameterNumberName": "eastward_wind"}, "data":
[rows 171 to 189 of 198, columns 132 to 175 of 256]
2.281520366668701,1.6402226686477661,1.2309460639953613,2.0448381900787354,3.7023394107818604,6.10675573348999,7.476416110992432,6.901509761810303,6.151072978973389,5.499605178833008,4.249752998352051,2.2098920345306396,-0.09669636934995651,-1.4965920448303223,-2.041172742843628,-1.4037889242172241,0.7479009032249451,2.368971824645996,2.6761605739593506,3.007601499557495,3.849393606185913,3.6197967529296875,2.092038631439209,0.0600040964782238,-1.5502736568450928,-2.7479023933410645,-3.7774715423583984,-3.342024803161621,-2.3306500911712646,-1.2972111701965332,-1.0881892442703247,-1.9483556747436523,-2.6459403038024902,-0.7903263568878174,0.8301173448562622,1.9748685359954834,3.777630090713501,4.7593512535095215,4.50786018371582,1.5542889833450317,3.705198287963867,3.272078514099121,1.1040773391723633,-1.6430708169937134
0.6156388521194458,0.4883882999420166,-0.25892043113708496,-0.3147469460964203,-0.09237542748451233,2.5337581634521484,6.087186336517334,6.072391986846924,3.4044692516326904,1.6140124797821045,0.45822757482528687,-0.07278432697057724,-0.07799775898456573,0.057607267051935196,-1.4987587928771973,-0.49370941519737244,0.3992733061313629,1.1045368909835815,1.8752508163452148,2.401451826095581,2.9354286193847656,3.600752592086792,3.723562479019165,3.1667368412017822,2.3205926418304443,1.400888442993164,0.528731644153595,0.17796935141086578,0.1454557180404663,-0.41800791025161743,-1.9392889738082886,-3.805454969406128,-3.9039907455444336,-1.0565872192382812,0.4871523976325989,1.2890794277191162,3.0770316123962402,4.610493183135986,3.990217447280884,2.197735548019409,4.447019100189209,2.5749051570892334,2.584266424179077,3.470585584640503
-1.6706104278564453,-0.9779431223869324,-1.5345979928970337,-1.7924258708953857,-1.3407139778137207,0.28119781613349915,1.3443372249603271,0.7628729343414307,-2.6346004009246826,-3.5250275135040283,-3.007460355758667,-1.9628573656082153,-1.0319428443908691,-0.44465363025665283,-0.6110568642616272,0.7322495579719543,0.1813918650150299,-0.22860001027584076,0.623175859451294,1.460561752319336,2.1595957279205322,2.8237879276275635,3.5733563899993896,3.9670209884643555,4.009674072265625,3.241776943206787,2.4825470447540283,2.8008055686950684,3.5008554458618164,3.2312986850738525,1.3044860363006592,-1.3546589612960815,-3.256953716278076,-3.3048863410949707,-1.5223642587661743,0.5661864280700684,3.3597779273986816,4.686952114105225,5.311695575714111,5.060260772705078,5.9796600341796875,6.517602920532227,6.014120578765869,6.272456169128418
-3.572183847427368,-3.6722586154937744,-3.7570695877075195,-3.4392709732055664,-2.4781861305236816,-1.5791261196136475,-1.574331283569336,-1.3552813529968262,-1.9632017612457275,-3.3222455978393555,-2.2077066898345947,-0.9777762293815613,0.014227259904146194,0.5545147061347961,0.9502931237220764,1.2196826934814453,1.02601158618927,0.478065550327301,-0.02501475065946579,0.045389607548713684,1.1892316341400146,2.675311803817749,3.791055679321289,3.863105297088623,3.5717434883117676,3.0558910369873047,3.4855220317840576,3.5015201568603516,3.4550557136535645,3.7096493244171143,3.000920057296753,1.2337182760238647,-0.788680911064148,-2.465984344482422,-3.2355973720550537,-1.3339539766311646,2.3654637336730957,3.7754623889923096,4.4150495529174805,5.453179836273193,6.7997589111328125,7.128533840179443,6.405727863311768,7.764238357543945
-2.6840579509735107,-3.2248997688293457,-3.7596585750579834,-4.171387195587158,-3.73341965675354,-3.0659313201904297,-2.6615283489227295,-2.2201056480407715,-1.696067452430725,-1.8373279571533203,-1.7014271020889282,-0.5230898261070251,0.7665929198265076,1.6866421699523926,2.1367976665496826,2.153172254562378,1.973038673400879,1.5465984344482422,0.43350279331207275,0.5991111993789673,2.3256869316101074,3.41495418548584,3.2233760356903076,2.944638729095459,2.880120277404785,2.7073936462402344,3.067112922668457,2.916741371154785,2.2564826011657715,1.738300085067749,1.546044945716858,0.791008472442627,-0.2580530345439911,-1.3002771139144897,-2.6768267154693604,-3.0935606956481934,-2.018587350845337,-0.9955897927284241,-0.6544854044914246,0.38119393587112427,2.9411208629608154,5.400378227233887,6.856758117675781,7.445770740509033
-1.657659649848938,-1.5946714878082275,-1.7896336317062378,-2.4987573623657227,-2.5855140686035156,-2.1113152503967285,-2.0008442401885986,-1.8798131942749023,-1.2026793956756592,-0.8217468857765198,-0.9001299142837524,-0.16442134976387024,1.208930253982544,2.5997462272644043,3.171990156173706,3.008859395980835,2.5401463508605957,1.8425943851470947,1.0007297992706299,1.7618871927261353,2.9382283687591553,4.038308620452881,3.7779464721679688,2.8139407634735107,2.95737624168396,3.202406883239746,3.0299346446990967,2.274036169052124,1.5411661863327026,1.1120610237121582,0.3576788008213043,-0.6345307230949402,-1.4891444444656372,-2.575547695159912,-3.7592151165008545,-4.137727737426758,-3.854084014892578,-4.227548599243164,-5.252826690673828,-5.394830226898193,-4.451138973236084,-3.013777017593384,-0.07177263498306274,2.348013162612915
-0.940102756023407,-0.5110117197036743,-0.45522093772888184,-0.6483827829360962,-0.794189453125,-1.1159498691558838,-1.2363556623458862,-0.9597002863883972,-0.23531271517276764,0.1775907725095749,0.16171525418758392,0.44034990668296814,1.60261869430542,3.2050204277038574,3.9242608547210693,3.714059591293335,3.133028984069824,2.5227179527282715,1.884696364402771,2.197152614593506,3.0114221572875977,3.8293893337249756,3.4077775478363037,2.91192889213562,3.613359212875366,3.777029275894165,3.000398874282837,1.6771386861801147,0.9958787560462952,0.5326188206672668,-0.27020978927612305,-0.9503861665725708,-1.5190188884735107,-2.5813815593719482,-3.93941330909729,-5.151651859283447,-6.014354705810547,-6.855769157409668,-7.272329807281494,-6.734348297119141,-5.306915283203125,-3.816467046737671,-2.9004220962524414,-2.4265527725219727
0.3847973048686981,0.46538281440734863,0.3884795010089874,0.2917393147945404,-0.17510946094989777,-1.2906614542007446,-1.403515100479126,-0.8118409514427185,-0.368084192276001,0.1799452304840088,0.7657298445701599,1.463994026184082,2.3373539447784424,3.49708890914917,4.414830684661865,4.519863128662109,3.8787078857421875,3.1720664501190186,2.5885510444641113,2.536646842956543,2.7976036071777344,2.951009750366211,2.7001953125,2.9018232822418213,3.2753520011901855,3.1591687202453613,2.2427897453308105,1.0052908658981323,0.7274025678634644,0.4098604917526245,-0.5881720781326294,-1.4054580926895142,-1.764391303062439,-2.696619749069214,-4.891408920288086,-7.921990394592285,-10.245189666748047,-11.10123062133789,-10.577844619750977,-9.12318229675293,-7.220526218414307,-5.295599460601807,-3.6153674125671387,-2.5155341625213623
2.5324156284332275,1.93715500831604,1.5099363327026367,0.9133012890815735,-0.6682640910148621,-2.1684627532958984,-1.5075236558914185,-1.2688305377960205,-0.8905015587806702,-0.05824294313788414,0.9744592308998108,1.9920177459716797,2.8543269634246826,3.4509778022766113,4.144028186798096,4.582827091217041,4.04694128036499,3.6165196895599365,2.9336578845977783,2.5004827976226807,2.301992893218994,1.9050769805908203,1.7917602062225342,1.9236228466033936,2.085629463195801,2.0909504890441895,1.5861314535140991,1.1065731048583984,1.1155587434768677,0.37127771973609924,-1.5932425260543823,-3.193553924560547,-3.8364555835723877,-5.134016990661621,-8.393383979797363,-11.346938133239746,-12.060891151428223,-11.707268714904785,-10.615256309509277,-9.010077476501465,-7.476954460144043,-6.080877780914307,-4.215456008911133,-1.7409392595291138
5.165468692779541,4.1332807540893555,2.628965139389038,0.6957113742828369,-1.6572868824005127,-2.760701894760132,-1.9626754522323608,-1.558215618133545,-1.0218937397003174,-0.2818167805671692,0.8356424570083618,1.7541041374206543,2.015411138534546,2.286865234375,2.6415419578552246,2.9093644618988037,2.813840389251709,2.2800731658935547,2.2792255878448486,2.0084402561187744,1.2191141843795776,0.727161705493927,0.7814803123474121,0.8034599423408508,1.023032546043396,1.2563904523849487,1.2314767837524414,1.1345292329788208,0.6696564555168152,-1.0943301916122437,-3.8457295894622803,-6.023719310760498,-7.374781608581543,-8.95116901397705,-10.486395835876465,-10.98255729675293,-10.918746948242188,-10.437507629394531,-9.151658058166504,-7.55482816696167,-6.242940425872803,-5.567354202270508,-4.985824108123779,-2.8208043575286865
5.6183366775512695,5.368546485900879,3.4954147338867188,0.34359681606292725,-2.1071290969848633,-2.677947521209717,-1.5878304243087769,-0.955254077911377,-0.9473156332969666,-0.573871374130249,-0.08644546568393707,0.0830402746796608,-0.45010310411453247,-0.890062153339386,-0.5532194972038269,0.22746641933918,0.5025584101676941,0.8088933229446411,1.1683331727981567,1.0681926012039185,0.04381222277879715,-0.14296747744083405,-0.034477509558200836,-0.0031371410004794598,0.4581783711910248,0.8630268573760986,0.6943334937095642,-0.10629117488861084,-1.6793321371078491,-4.064000129699707,-6.3279571533203125,-8.067066192626953,-9.321191787719727,-9.316676139831543,-8.566713333129883,-8.229266166687012,-8.277189254760742,-7.962878227233887,-6.895681381225586,-5.6284990310668945,-4.156255722045898,-3.3350956439971924,-3.4829344749450684,-3.234590768814087
4.0252838134765625,4.1571269035339355,3.5118658542633057,1.372780442237854,-0.9376746416091919,-1.2424741983413696,-0.7415242791175842,-0.9241454005241394,-1.9341398477554321,-1.7727534770965576,-1.6405982971191406,-1.9367499351501465,-2.3837625980377197,-2.6532793045043945,-2.410104990005493,-1.9864697456359863,-1.6671240329742432,-1.242002248764038,-0.4026137888431549,0.040825244039297104,-0.5542719960212708,-0.46483948826789856,-0.45898380875587463,-0.6576162576675415,-0.5645183324813843,-0.815619707107544,-1.7707234621047974,-3.0317680835723877,-4.042995929718018,-4.8914265632629395,-6.464405536651611,-8.711397171020508,-9.308996200561523,-8.197141647338867,-7.0323486328125,-6.225911617279053,-5.730978965759277,-5.115839004516602,-4.521270751953125,-3.511197090148926,-2.08498477935791,-1.0845996141433716,-0.7535035014152527,-1.2386648654937744
1.2748453617095947,1.7435654401779175,3.8724803924560547,3.6488332748413086,1.4500770568847656,0.5933169722557068,-0.043511465191841125,-1.0995978116989136,-2.654597282409668,-2.825263500213623,-2.8861467838287354,-3.1504740715026855,-3.292708396911621,-3.8096625804901123,-4.389021396636963,-4.427672386169434,-4.3392558097839355,-3.831145763397217,-2.781707525253296,-1.8134886026382446,-1.5517524480819702,-1.1362653970718384,-1.2128357887268066,-1.8282740116119385,-2.5790598392486572,-3.2501471042633057,-4.011224746704102,-4.347305774688721,-3.708087921142578,-3.5241544246673584,-5.1329851150512695,-7.688060760498047,-8.709680557250977,-7.6976847648620605,-5.823337078094482,-3.9988064765930176,-3.0129685401916504,-2.787803888320923,-3.0534162521362305,-1.6385905742645264,0.26152941584587097,1.1592299938201904,0.9089118838310242,0.3556611239910126
1.6493287086486816,0.4574164152145386,4.733142852783203,5.3580169677734375,3.892780303955078,2.0443849563598633,0.4708872437477112,-0.8964324593544006,-2.116325855255127,-3.7015695571899414,-4.079350471496582,-3.5510482788085938,-3.7606699466705322,-4.607712745666504,-5.506841659545898,-5.7643022537231445,-5.6642255783081055,-5.147749900817871,-4.164768218994141,-3.154296398162842,-2.2952747344970703,-1.6585503816604614,-1.857727289199829,-2.7244904041290283,-3.7019495964050293,-4.172369480133057,-4.673660755157471,-4.826780796051025,-3.9902961254119873,-3.299409866333008,-4.224213600158691,-7.3093485832214355,-7.283159255981445,-4.510488986968994,-2.4863431453704834,-0.04121973365545273,0.4949915111064911,-0.3883705735206604,-1.3451740741729736,0.664829671382904,3.0286877155303955,4.071293354034424,2.9992575645446777,1.401019811630249
4.790073871612549,5.549045562744141,5.67256498336792,5.391199111938477,3.879120111465454,1.8684605360031128,-0.45652344822883606,-0.21265506744384766,-0.27500680088996887,-3.317188262939453,-3.8416810035705566,-3.067473888397217,-3.2673258781433105,-4.135127544403076,-4.968568325042725,-5.381721019744873,-5.3903350830078125,-4.937193393707275,-4.053531169891357,-3.197038173675537,-2.320537805557251,-1.9348810911178589,-2.2487099170684814,-2.8937907218933105,-3.6343331336975098,-4.083742618560791,-4.322215557098389,-4.548486709594727,-4.230708599090576,-4.3916168212890625,-5.386785984039307,-5.054742336273193,-3.3325135707855225,-0.9966598749160767,-0.30584216117858887,2.4747610092163086,2.8582963943481445,1.4793756008148193,1.6151620149612427,4.0835089683532715,5.809333801269531,6.1662750244140625,4.89692497253418,2.4832708835601807
3.5560572147369385,4.877330303192139,4.334397315979004,3.033590078353882,1.8622201681137085,0.635066032409668,-0.46790194511413574,-0.6141875982284546,-0.7969875335693359,-2.2339255809783936,-3.096731185913086,-2.1037778854370117,-1.571875810623169,-2.2933897972106934,-3.4910154342651367,-3.968919515609741,-3.941354274749756,-3.620884656906128,-3.1453325748443604,-2.506558656692505,-2.0455095767974854,-1.8711470365524292,-2.2098817825317383,-2.6463005542755127,-2.7557249069213867,-3.284684419631958,-3.3708369731903076,-2.9178295135498047,-2.828110694885254,-2.3285951614379883,0.43373239040374756,2.3137001991271973,2.377251625061035,2.099531650543213,2.219905376434326,2.4162614345550537,4.271083831787109,4.904201984405518,5.559981822967529,5.985112190246582,6.240363597869873,6.000488758087158,5.084861755371094,2.617351531982422
0.37305933237075806,1.0369648933410645,-1.184037446975708,-2.105156183242798,-1.1403881311416626,0.44202274084091187,0.2876650094985962,-1.379017949104309,-1.8773419857025146,-2.247056007385254,-1.963467001914978,-0.6338917016983032,0.14325128495693207,-0.07547759264707565,-0.9159678220748901,-1.6665337085723877,-1.879298448562622,-1.7719600200653076,-1.78629732131958,-1.7559126615524292,-1.8341318368911743,-2.062509775161743,-2.6790771484375,-2.8947834968566895,-2.5362181663513184,-2.5225815773010254,-1.8511896133422852,-1.0105621814727783,-0.42036721110343933,0.39255234599113464,2.1573028564453125,2.999131441116333,2.699247121810913,2.464804172515869,2.207929849624634,2.564304828643799,4.684145927429199,5.884828090667725,4.5046844482421875,3.4829137325286865,3.030961513519287,3.0864880084991455,3.5764310359954834,2.7924132347106934
1.3837151527404785,-0.4107229709625244,-1.2201536893844604,-0.5369741320610046,1.9331886768341064,0.617745041847229,-0.08425433188676834,0.46377870440483093,-0.47603362798690796,-0.5335888862609863,0.1267170011997223,1.1022577285766602,1.1932249069213867,1.340927243232727,1.4131653308868408,0.9669097065925598,0.47042128443717957,-0.1961924135684967,-0.278866171836853,-1.0545871257781982,-2.511152982711792,-3.171724557876587,-3.7636985778808594,-3.4426841735839844,-2.905830144882202,-3.093928575515747,-2.3468925952911377,-0.8433794975280762,0.6432448625564575,1.9117220640182495,2.2550244331359863,2.047116994857788,2.608480930328369,2.9776816368103027,3.4625332355499268,4.968902587890625,5.863273620605469,3.549013137817383,0.3680933713912964,-0.8826231360435486,-1.8359860181808472,-0.860317587852478,1.2851405143737793,2.7430474758148193
3.9052047729492188,1.1357934474945068,0.3941517770290375,-1.3215227127075195,3.88166880607605,2.2954227924346924,1.88262939453125,0.18331262469291687,-0.7376100420951843,-0.10652905702590942,1.162399411201477,1.7946975231170654,1.682153344154358,1.6969377994537354,2.8794445991516113,3.9738881587982178,4.634634494781494,4.205697536468506,2.0489845275878906,0.22217269241809845,-1.6980488300323486,-2.5871422290802,-2.422969341278076,-2.3835065364837646,-0.7588167190551758,-0.2028288096189499,-1.189070463180542,-0.43012768030166626,1.7604674100875854,2.2777774333953857,3.044337749481201,3.534968137741089,4.40272331237793,5.550168514251709,6.397488594055176,7.58624267578125,3.726534605026245,-1.0933630466461182,-1.9222182035446167,-1.5470302104949951,-1.745948314666748,-2.2177841663360596,-1.2860438823699951,-0.12632060050964355
