data/wind_data/wind_45_2.json
{"header": {"parameterUnit": "KT", "parameterCategory": 2, "nx": 256, "ny": 198, "lo1": 44.73521041870117, "la1": -3.236724853515625, "lo2": 111.26478576660156, "la2": 43.468475341796875, "dx": 0.2609002888202667, "dy": -0.23708222806453705, "refTime": "2025-02-20 21:00:00", "forecastTime": 0, "parameterNumber": 2, "parameterNumberName": "eastward_wind"}, "data":
[rows 38 to 56 of 198, columns 172 to 214 of 256]
-13.183882713317871,-12.665017127990723,-15.322843551635742,-16.804866790771484,-11.035633087158203,-11.34552001953125,-15.047773361206055,-14.982401847839355,-16.963918685913086,-17.95291519165039,-17.863933563232422,-18.69977378845215,-18.3264217376709,-17.90892791748047,-18.285722732543945,-19.3618221282959,-20.794313430786133,-21.275516510009766,-20.588193893432617,-19.251245498657227,-18.413894653320312,-18.047311782836914,-19.136638641357422,-20.09556007385254,-18.704084396362305,-17.20626449584961,-17.005022048950195,-16.872751235961914,-17.26296615600586,-17.368600845336914,-17.382051467895508,-17.39795684814453,-16.787933349609375,-17.332284927368164,-20.754858016967773,-21.127668380737305,-19.548913955688477,-18.27751350402832,-17.10288429260254,-18.683448791503906,-23.004070281982422,-24.38367462158203,-23.07472038269043
-14.744855880737305,-18.61326789855957,-20.65851593017578,-18.14239501953125,-13.839430809020996,-14.30571460723877,-17.679136276245117,-17.3124942779541,-15.3706636428833,-16.656007766723633,-18.583648681640625,-18.999126434326172,-18.236061096191406,-18.855993270874023,-21.009798049926758,-22.643157958984375,-22.15772247314453,-20.51751136779785,-18.938081741333008,-18.114625930786133,-18.775493621826172,-17.864395141601562,-16.314342498779297,-13.61103630065918,-13.168725967407227,-19.307903289794922,-18.948116302490234,-16.39544105529785,-17.202289581298828,-17.60374641418457,-17.473112106323242,-18.902555465698242,-19.713478088378906,-18.919849395751953,-19.951171875,-20.991222381591797,-22.320608139038086,-23.243330001831055,-22.76047134399414,-23.701087951660156,-25.435821533203125,-25.321210861206055,-22.89727210998535
-15.032684326171875,-18.14512062072754,-17.44322395324707,-16.749303817749023,-15.104315757751465,-15.82320499420166,-16.27107810974121,-15.5873441696167,-16.090505599975586,-17.2440128326416,-17.621593475341797,-17.748607635498047,-18.572509765625,-18.345243453979492,-19.269948959350586,-20.571714401245117,-20.3619384765625,-15.674884796142578,-8.487957954406738,-8.87755012512207,-12.356537818908691,-12.627241134643555,-10.969025611877441,-11.248522758483887,-21.559980392456055,-21.991971969604492,-17.992700576782227,-18.2462100982666,-17.130855560302734,-16.68100929260254,-17.480878829956055,-17.644756317138672,-18.357511520385742,-19.034086227416992,-19.656288146972656,-20.859254837036133,-22.463043212890625,-24.477699279785156,-25.247390747070312,-24.244455337524414,-21.475582122802734,-18.907594680786133,-19.917789459228516
-11.73619270324707,-15.369772911071777,-16.564769744873047,-16.489627838134766,-16.236204147338867,-16.6824951171875,-15.907061576843262,-15.773621559143066,-16.092369079589844,-17.436010360717773,-15.9253511428833,-14.909783363342285,-15.304215431213379,-13.684670448303223,-9.92625904083252,-13.721729278564453,-16.810636520385742,-17.421157836914062,-12.157586097717285,-13.67261028289795,-13.136069297790527,-19.947099685668945,-20.518590927124023,-23.900358200073242,-24.301225662231445,-23.02298355102539,-20.715726852416992,-18.190105438232422,-16.73260498046875,-16.661508560180664,-17.513654708862305,-16.45205307006836,-15.192615509033203,-17.7481689453125,-23.23910140991211,-25.133529663085938,-22.87558937072754,-22.341798782348633,-24.015077590942383,-22.967939376831055,-19.41773223876953,-17.062166213989258,-15.707178115844727
-13.284387588500977,-10.711668014526367,-15.219193458557129,-16.84740447998047,-17.312740325927734,-17.910127639770508,-16.679424285888672,-15.832598686218262,-16.19270896911621,-18.583553314208984,-16.622282028198242,-12.958490371704102,-9.489245414733887,-8.846266746520996,-18.545835494995117,-20.338598251342773,-16.485403060913086,-17.958948135375977,-15.948330879211426,-14.95901870727539,-17.8748836517334,-20.61835479736328,-19.961332321166992,-20.987648010253906,-21.676443099975586,-20.22577476501465,-19.685482025146484,-18.883153915405273,-17.573322296142578,-18.532058715820312,-19.38893699645996,-19.402023315429688,-20.683317184448242,-22.43594741821289,-24.108531951904297,-24.034671783447266,-21.551742553710938,-18.84695816040039,-18.243785858154297,-19.054046630859375,-18.467559814453125,-15.314788818359375,-14.782374382019043
-16.099857330322266,-12.850529670715332,-19.662885665893555,-17.780670166015625,-17.231231689453125,-17.452617645263672,-17.208112716674805,-14.298221588134766,-9.820901870727539,-10.337828636169434,-17.9489803314209,-13.624735832214355,-11.99453353881836,-16.459699630737305,-20.401771545410156,-20.27194595336914,-16.07262420654297,-14.58424186706543,-14.53173542022705,-15.828221321105957,-17.900493621826172,-19.046106338500977,-19.40008544921875,-19.836139678955078,-17.984094619750977,-17.898696899414062,-18.879323959350586,-18.785247802734375,-16.803998947143555,-16.636920928955078,-18.547985076904297,-20.968372344970703,-21.52680015563965,-19.678936004638672,-17.082338333129883,-17.90053939819336,-21.52765655517578,-25.068729400634766,-23.06837272644043,-19.32257843017578,-17.184171676635742,-17.452484130859375,-18.60015106201172
-22.125558853149414,-20.490720748901367,-19.847585678100586,-20.304893493652344,-20.18936538696289,-19.09515953063965,-16.13759422302246,-14.00500202178955,-15.020145416259766,-17.718427658081055,-20.266847610473633,-17.027379989624023,-14.568666458129883,-15.776382446289062,-15.919461250305176,-14.95095443725586,-14.750515937805176,-15.483298301696777,-16.87883949279785,-16.527109146118164,-14.784652709960938,-16.391050338745117,-16.046489715576172,-13.192731857299805,-11.629891395568848,-17.319561004638672,-16.008949279785156,-17.982091903686523,-18.401962280273438,-18.220157623291016,-18.128997802734375,-18.42877960205078,-19.795669555664062,-21.34078598022461,-22.044872283935547,-21.824100494384766,-20.946815490722656,-19.142831802368164,-16.533918380737305,-12.55881404876709,-9.979028701782227,-9.860892295837402,-12.625348091125488
-20.267244338989258,-16.484567642211914,-15.20610237121582,-16.552959442138672,-14.751593589782715,-13.446802139282227,-16.276464462280273,-13.097710609436035,-13.50485610961914,-15.297741889953613,-16.86997413635254,-17.716333389282227,-17.346630096435547,-16.89389991760254,-16.016464233398438,-17.586334228515625,-19.573026657104492,-17.342487335205078,-14.892786026000977,-15.038299560546875,-15.548124313354492,-14.358034133911133,-11.315986633300781,-11.5888090133667,-14.700714111328125,-15.16381549835205,-16.588768005371094,-18.058757781982422,-20.47882080078125,-20.412656784057617,-19.757814407348633,-19.067188262939453,-20.746686935424805,-23.807241439819336,-24.70354461669922,-22.801355361938477,-20.22311782836914,-21.374479293823242,-23.483407974243164,-19.270822525024414,-16.39940071105957,-16.416440963745117,-16.013050079345703
-15.604141235351562,-14.918761253356934,-14.410421371459961,-17.033775329589844,-20.02275276184082,-20.409082412719727,-18.180160522460938,-14.17690658569336,-14.047103881835938,-17.80810546875,-20.08917999267578,-20.043441772460938,-20.399024963378906,-19.908761978149414,-19.59344482421875,-18.224077224731445,-14.887348175048828,-12.55175495147705,-11.827435493469238,-11.341796875,-10.19575023651123,-6.992101669311523,-2.7873361110687256,-10.35239028930664,-19.207551956176758,-16.265094757080078,-16.440576553344727,-18.98241424560547,-20.632654190063477,-20.281883239746094,-19.522066116333008,-18.737470626831055,-19.68256950378418,-22.467235565185547,-23.382768630981445,-20.34095001220703,-17.677703857421875,-20.910099029541016,-23.10042953491211,-19.213550567626953,-16.781681060791016,-16.583885192871094,-15.516626358032227
-14.130294799804688,-16.89075469970703,-13.910636901855469,-16.486482620239258,-16.369140625,-19.29410743713379,-17.834245681762695,-16.37657356262207,-18.199552536010742,-18.257160186767578,-17.066530227661133,-16.58933448791504,-17.13143539428711,-16.79229164123535,-14.616219520568848,-14.252374649047852,-15.868889808654785,-15.454477310180664,-12.736013412475586,-10.35730266571045,-10.465716361999512,-10.567977905273438,-8.020522117614746,-13.744921684265137,-22.50933265686035,-18.964336395263672,-15.2587890625,-18.795822143554688,-18.773841857910156,-17.491899490356445,-16.16615867614746,-16.258333206176758,-17.98361587524414,-20.353425979614258,-21.3863468170166,-18.482744216918945,-14.619665145874023,-15.301935195922852,-17.764244079589844,-15.300273895263672,-13.03496265411377,-12.088659286499023,-11.853649139404297
-19.755693435668945,-17.610193252563477,-14.397815704345703,-13.636514663696289,-10.40831470489502,-12.399264335632324,-14.786617279052734,-15.195524215698242,-15.147708892822266,-14.783473014831543,-13.418671607971191,-11.681480407714844,-13.944491386413574,-14.55943489074707,-13.064323425292969,-12.989509582519531,-14.931099891662598,-14.160737991333008,-11.450532913208008,-10.297239303588867,-13.334314346313477,-15.294999122619629,-14.947243690490723,-14.254792213439941,-16.713220596313477,-22.060386657714844,-16.412918090820312,-14.624224662780762,-15.903373718261719,-15.816201210021973,-14.372532844543457,-14.408903121948242,-14.823648452758789,-16.514659881591797,-17.587188720703125,-17.05878448486328,-13.278316497802734,-10.418569564819336,-8.969198226928711,-10.598499298095703,-10.490339279174805,-11.36046028137207,-11.51921272277832
-16.54141616821289,-16.49917221069336,-14.412996292114258,-11.004942893981934,-9.937840461730957,-13.068281173706055,-14.09213638305664,-11.910796165466309,-12.721803665161133,-14.302510261535645,-12.5454683303833,-11.607403755187988,-13.784306526184082,-15.363237380981445,-13.252981185913086,-11.105630874633789,-13.280974388122559,-12.406717300415039,-10.46434211730957,-12.257101058959961,-14.518524169921875,-12.711895942687988,-13.666085243225098,-18.133970260620117,-19.349885940551758,-17.20330238342285,-16.545236587524414,-14.840012550354004,-13.274222373962402,-12.64622974395752,-13.78248405456543,-12.941963195800781,-10.491361618041992,-9.269744873046875,-11.764155387878418,-12.456554412841797,-8.888884544372559,-7.137955665588379,-6.769037246704102,-5.947046756744385,-6.3884053230285645,-7.7364115715026855,-9.490943908691406
-18.621261596679688,-13.621726989746094,-13.518780708312988,-11.83930492401123,-13.248799324035645,-16.609697341918945,-14.539668083190918,-9.373797416687012,-7.4196953773498535,-17.716449737548828,-9.306699752807617,-4.1376166343688965,-9.007676124572754,-15.804181098937988,-13.686841011047363,-11.083730697631836,-11.7023286819458,-10.5017728805542,-11.582590103149414,-13.364990234375,-13.80259895324707,-14.587179183959961,-14.895589828491211,-12.802531242370605,-12.207271575927734,-15.078953742980957,-13.87735366821289,-13.290499687194824,-12.734402656555176,-11.841999053955078,-11.860267639160156,-11.374069213867188,-10.89609146118164,-11.548416137695312,-13.432324409484863,-13.64968204498291,-10.807275772094727,-7.317756175994873,-5.421302795410156,-3.6111979484558105,-3.0860795974731445,-2.1578919887542725,-3.2191805839538574
-17.89320182800293,-13.163481712341309,-11.581144332885742,-10.270781517028809,-9.796749114990234,-11.025042533874512,-11.384491920471191,-10.30931282043457,-10.185699462890625,-15.423099517822266,-12.548541069030762,-10.28587818145752,-16.704288482666016,-15.228017807006836,-12.884255409240723,-11.440713882446289,-9.1780424118042,-10.774853706359863,-13.512362480163574,-12.70368766784668,-12.979430198669434,-14.211921691894531,-14.96558666229248,-15.059956550598145,-14.40869140625,-13.998510360717773,-13.729934692382812,-10.861649513244629,-11.281745910644531,-11.717976570129395,-10.234769821166992,-9.14293098449707,-9.414437294006348,-10.03055191040039,-13.000689506530762,-13.83197021484375,-11.835762977600098,-9.39529800415039,-8.591190338134766,-7.504594802856445,-5.597296714782715,-4.696463584899902,-4.71161413192749
-16.295026779174805,-14.206356048583984,-11.80374526977539,-10.12059211730957,-8.7089204788208,-18.567583084106445,-15.725516319274902,-13.209071159362793,-13.110604286193848,-16.597623825073242,-10.55195140838623,-11.564573287963867,-14.09132194519043,-12.590791702270508,-13.237381935119629,-10.75400161743164,-9.583417892456055,-11.41741943359375,-10.889863014221191,-10.19974136352539,-12.970747947692871,-16.199413299560547,-16.486873626708984,-15.756072044372559,-14.117714881896973,-13.079662322998047,-12.259015083312988,-10.517547607421875,-8.677666664123535,-10.21939754486084,-9.789885520935059,-7.495693206787109,-8.018929481506348,-8.023077011108398,-7.293567180633545,-8.39099407196045,-7.646547794342041,-6.6874165534973145,-6.502803325653076,-4.916528701782227,-3.5078091621398926,-2.2973434925079346,-0.2785901725292206
-14.830994606018066,-14.557448387145996,-13.05703353881836,-12.085481643676758,-15.999919891357422,-16.514829635620117,-16.49025535583496,-15.377093315124512,-13.103796005249023,-12.86013126373291,-11.261343002319336,-10.353750228881836,-11.362885475158691,-11.424887657165527,-11.583178520202637,-10.43847370147705,-10.334202766418457,-11.256814002990723,-11.645023345947266,-10.519791603088379,-11.196227073669434,-16.079137802124023,-17.12796401977539,-15.412947654724121,-14.52132797241211,-12.672611236572266,-11.036233901977539,-9.934097290039062,-7.620518207550049,-7.073089599609375,-8.350177764892578,-7.0808563232421875,-6.971133708953857,-8.970649719238281,-7.271535873413086,-6.523345947265625,-5.579862117767334,-3.555363893508911,-2.401291608810425,-1.755840539932251,-1.6864866018295288,-1.9235458374023438,-2.6102776527404785
-14.273422241210938,-13.737130165100098,-11.386202812194824,-12.024242401123047,-19.05855941772461,-15.879570007324219,-17.302610397338867,-15.190656661987305,-12.247356414794922,-11.433544158935547,-10.721785545349121,-11.142969131469727,-11.72885513305664,-11.676654815673828,-10.043006896972656,-11.444462776184082,-11.087953567504883,-11.143162727355957,-11.985452651977539,-11.816680908203125,-9.50459098815918,-14.624370574951172,-17.64911460876465,-14.108989715576172,-12.94013786315918,-12.392111778259277,-12.066316604614258,-11.077739715576172,-9.162981986999512,-7.499101161956787,-6.947683334350586,-6.942975044250488,-5.347357749938965,-5.972901344299316,-8.49981689453125,-8.1287841796875,-6.467798709869385,-4.149628162384033,-2.274336099624634,-2.219696521759033,-3.314535140991211,-3.9352190494537354,-3.994067668914795
-11.92813491821289,-11.813664436340332,-15.241177558898926,-15.783105850219727,-15.69839096069336,-16.164154052734375,-15.708621978759766,-14.921873092651367,-12.36822509765625,-10.255751609802246,-9.703317642211914,-12.408281326293945,-11.481968879699707,-10.522180557250977,-10.326351165771484,-11.038534164428711,-12.107876777648926,-12.438939094543457,-11.34410572052002,-11.262371063232422,-11.179834365844727,-12.809741973876953,-13.686566352844238,-12.383318901062012,-11.745680809020996,-12.110065460205078,-12.21660327911377,-11.28536319732666,-9.853531837463379,-8.501282691955566,-6.8858962059021,-5.987911224365234,-5.3746337890625,-3.4741051197052,-4.363797187805176,-8.892352104187012,-8.74170970916748,-6.39194393157959,-4.4699602127075195,-4.268913745880127,-5.506450176239014,-5.580493927001953,-5.047587871551514
-12.89233684539795,-13.340155601501465,-14.649282455444336,-15.575308799743652,-14.912291526794434,-14.34727668762207,-14.207283973693848,-13.025428771972656,-10.290996551513672,-9.883599281311035,-11.322114944458008,-11.2578763961792,-10.688552856445312,-11.003283500671387,-9.945483207702637,-11.349865913391113,-14.180351257324219,-13.87087345123291,-13.473692893981934,-12.806329727172852,-11.5446195602417,-10.290793418884277,-9.859169960021973,-9.114051818847656,-8.828393936157227,-8.983999252319336,-9.168256759643555,-9.156028747558594,-8.919878005981445,-8.123004913330078,-6.990265846252441,-5.6297831535339355,-4.487950801849365,-3.7166318893432617,-3.7309951782226562,-6.948581695556641,-10.203173637390137,-8.755206108093262,-6.883302211761475,-5.510016441345215,-6.069124698638916,-5.895630836486816,-5.396415710449219
