data/wind_data/wind_34_4.json
{"header": {"parameterUnit": "KT", "parameterCategory": 2, "nx": 256, "ny": 198, "lo1": 44.73521041870117, "la1": -3.236724853515625, "lo2": 111.26478576660156, "la2": 43.468475341796875, "dx": 0.2609002888202667, "dy": -0.23708222806453705, "refTime": "2025-02-20 10:00:00", "forecastTime": 0, "parameterNumber": 2, "parameterNumberName": "eastward_wind"}, "data":
[rows 19 to 37 of 198, columns 176 to 219 of 256]
4.532851219177246,3.926790952682495,4.241971015930176,2.4902684688568115,3.605863571166992,5.186923027038574,6.085995674133301,5.543056964874268,4.388236045837402,4.710759162902832,6.415268421173096,6.844527721405029,6.5206298828125,6.372481346130371,6.351216793060303,6.023338317871094,5.3648881912231445,5.375300407409668,5.898733615875244,6.369817733764648,7.692877769470215,8.502644538879395,9.737163543701172,10.906839370727539,11.782584190368652,12.097671508789062,12.451803207397461,12.800271987915039,12.94119930267334,13.311456680297852,14.41838264465332,13.802009582519531,13.93808364868164,13.613734245300293,12.76474666595459,12.193500518798828,12.28684139251709,11.474559783935547,10.939385414123535,8.415419578552246,6.103705883026123,6.514222621917725,8.216757774353027,10.066279411315918
4.936059474945068,5.694417476654053,6.198546886444092,3.552220344543457,4.0768232345581055,4.895575523376465,6.7927727699279785,2.7811248302459717,3.832843542098999,5.304598331451416,6.13801383972168,5.974209785461426,5.777937889099121,6.141385078430176,5.543793201446533,5.065231800079346,5.090332984924316,5.596469879150391,6.418560028076172,6.70930814743042,8.011534690856934,8.764989852905273,9.244850158691406,10.120335578918457,11.26042366027832,11.711543083190918,11.933345794677734,11.870617866516113,11.963418006896973,13.07857894897461,13.874277114868164,11.577346801757812,11.501922607421875,11.935077667236328,11.663273811340332,10.91304874420166,11.368478775024414,10.48787784576416,8.030594825744629,5.509706020355225,4.438668727874756,5.245724678039551,6.412290096282959,8.068399429321289
5.495084762573242,6.2958903312683105,5.888943195343018,4.608658313751221,4.9518842697143555,4.780137062072754,5.116886615753174,4.941808223724365,6.658978462219238,7.013411521911621,7.52319860458374,6.725500583648682,6.493844985961914,6.2446675300598145,5.7479753494262695,5.5475544929504395,5.527866840362549,5.888568878173828,6.340991020202637,7.100902080535889,7.564826965332031,8.166254043579102,8.993209838867188,9.370723724365234,9.861308097839355,10.133922576904297,10.727347373962402,10.588622093200684,10.17760181427002,10.94186782836914,10.138758659362793,5.5852952003479,8.701996803283691,10.585366249084473,10.54000186920166,9.549509048461914,10.29301929473877,9.463600158691406,7.112418174743652,5.077079772949219,4.901004314422607,5.3321638107299805,5.351399898529053,5.935244083404541
4.4974541664123535,4.208336353302002,5.159102439880371,6.023146629333496,6.5761332511901855,6.390629768371582,5.4718337059021,5.303475856781006,5.825570583343506,6.73878812789917,8.49385929107666,8.720861434936523,8.13764476776123,7.111367225646973,6.632772445678711,6.5792741775512695,6.342469215393066,6.236953258514404,6.205861568450928,6.790576934814453,6.983166217803955,7.961154460906982,8.526902198791504,8.719879150390625,8.96137809753418,9.225778579711914,10.268310546875,9.43042278289795,7.738749980926514,-3.3804516792297363,13.016103744506836,12.542516708374023,12.744993209838867,9.96158218383789,8.003755569458008,7.66115665435791,9.053962707519531,8.879812240600586,7.56468391418457,6.5647292137146,6.501969814300537,6.566915512084961,6.0017008781433105,5.372646808624268
5.3343658447265625,3.474184036254883,5.960222244262695,6.455520153045654,6.834071159362793,6.703402042388916,6.669281959533691,6.2930121421813965,7.024540901184082,8.483388900756836,9.077579498291016,8.674304962158203,8.041608810424805,7.477791786193848,7.059498310089111,7.1540656089782715,6.819660186767578,6.213895320892334,5.966651916503906,6.66030740737915,7.26233434677124,8.135986328125,8.354207038879395,8.46783447265625,8.725187301635742,9.558182716369629,9.973416328430176,7.553565502166748,6.535004138946533,11.887386322021484,15.072688102722168,14.307453155517578,10.311355590820312,6.568715572357178,5.857156276702881,6.5622782707214355,7.356925010681152,7.629896640777588,8.071825981140137,7.702481746673584,7.182823657989502,6.958901882171631,7.570767879486084,7.703779697418213
6.210660934448242,5.652820587158203,6.598148345947266,6.901178359985352,8.08346176147461,7.702800750732422,6.945594310760498,6.931197643280029,7.624506950378418,8.916194915771484,9.403848648071289,8.958782196044922,8.41994571685791,7.9738335609436035,7.631541728973389,7.422390460968018,6.9546427726745605,6.414432525634766,6.302669525146484,6.834336280822754,7.45699405670166,8.03515338897705,8.19718074798584,8.46457576751709,9.166705131530762,10.63156795501709,9.501773834228516,8.027235984802246,9.844718933105469,13.930147171020508,14.23744010925293,11.468523025512695,7.359057903289795,4.889604091644287,5.393670558929443,5.624044418334961,5.2159810066223145,4.988461494445801,5.666402816772461,5.7285542488098145,5.607936859130859,6.217360973358154,7.245357513427734,8.91955852508545
5.544812202453613,6.46928596496582,7.08744478225708,7.996133327484131,7.96326208114624,7.860496520996094,7.304224014282227,7.205816745758057,8.038565635681152,8.880783081054688,9.358026504516602,8.562195777893066,8.05197525024414,7.9966721534729,7.915965557098389,7.241499423980713,6.838140487670898,6.576623439788818,6.887772083282471,7.337161540985107,7.499117851257324,7.844555377960205,8.278167724609375,8.355510711669922,10.510247230529785,11.378474235534668,13.13942813873291,12.876747131347656,12.912363052368164,11.308521270751953,9.836256980895996,7.213667869567871,4.942373275756836,4.220963001251221,4.7871246337890625,4.618178367614746,2.4768741130828857,0.5324581861495972,0.9104050397872925,2.8273870944976807,4.167396068572998,6.567793846130371,7.5708770751953125,8.803372383117676
5.853481292724609,6.620283603668213,7.383720397949219,8.163284301757812,8.386524200439453,7.84950065612793,7.340341567993164,7.520593166351318,8.392175674438477,8.900225639343262,8.474923133850098,8.009114265441895,7.2781662940979,7.615603446960449,7.221432209014893,6.964902877807617,6.519380569458008,6.61718225479126,7.167534351348877,7.629953384399414,7.500457286834717,7.437097072601318,8.024081230163574,8.48690128326416,10.80217456817627,7.662224769592285,8.207536697387695,9.592941284179688,9.763959884643555,7.9644455909729,6.633718967437744,5.533165454864502,4.864295482635498,4.140308856964111,3.550715208053589,3.299467086791992,3.3248848915100098,3.6695234775543213,4.557124614715576,6.589305877685547,7.84841775894165,7.493659019470215,8.589040756225586,8.822548866271973
6.248631477355957,6.7549824714660645,7.579756259918213,8.360017776489258,8.391858100891113,7.986090660095215,7.871774673461914,8.27981185913086,8.713111877441406,8.965892791748047,8.375487327575684,7.481977462768555,6.761557579040527,7.006258964538574,6.183479309082031,6.687860012054443,6.12783145904541,6.4362406730651855,7.060811519622803,7.5380659103393555,7.195368766784668,7.064579486846924,7.4603986740112305,9.81775951385498,5.907406806945801,-6.844140529632568,1.2869123220443726,8.314349174499512,10.312687873840332,8.6636381149292,7.310204029083252,6.616094589233398,5.802508354187012,4.885827541351318,3.898106336593628,2.167797088623047,1.6912683248519897,2.917368173599243,4.750553131103516,4.372905731201172,7.891829967498779,6.8899359703063965,7.760581970214844,7.46061897277832
7.0887250900268555,7.174498558044434,7.520110607147217,8.13610553741455,8.369606018066406,8.53297233581543,8.880123138427734,8.802536964416504,8.816081047058105,8.617440223693848,8.156237602233887,7.2943830490112305,7.278115749359131,6.91796350479126,6.361316680908203,6.335172653198242,5.936803817749023,6.198299407958984,6.741851806640625,6.861729621887207,6.5451531410217285,6.081953525543213,6.520077228546143,8.852490425109863,11.487166404724121,8.714144706726074,10.01618766784668,11.242406845092773,10.502276420593262,8.86214828491211,7.130842685699463,5.399515628814697,5.884085178375244,5.185342311859131,5.491631031036377,6.175444602966309,6.071850776672363,6.149512767791748,6.8914642333984375,5.284059047698975,7.324810028076172,7.510980129241943,5.781816482543945,4.6819167137146
6.590538501739502,7.1923089027404785,7.353298187255859,7.759881496429443,8.345076560974121,8.589058876037598,8.868542671203613,8.371874809265137,8.187716484069824,7.910331726074219,7.515308380126953,7.011634826660156,6.454263687133789,6.120530605316162,6.402697563171387,5.897485733032227,5.9178595542907715,6.138291835784912,6.238111972808838,5.6084794998168945,5.453438758850098,3.9541468620300293,8.581843376159668,-2.169799566268921,6.53970193862915,8.806777954101562,9.154350280761719,9.672325134277344,9.424141883850098,7.493698596954346,5.591441631317139,3.367717981338501,6.131141662597656,4.66724157333374,6.338369369506836,6.9794416427612305,6.3455729484558105,6.198938846588135,6.645470142364502,4.813879489898682,7.19572639465332,6.5416364669799805,4.281519889831543,1.8955183029174805
5.647468090057373,6.310783386230469,6.944619655609131,7.136740207672119,7.528749942779541,7.860098838806152,7.35247802734375,7.194436073303223,6.915360927581787,6.50581693649292,6.1956610679626465,5.89440393447876,5.743857383728027,5.666538238525391,5.666051864624023,5.8686981201171875,6.193836212158203,6.080624580383301,5.736297130584717,4.871639251708984,5.145203590393066,1.414855718612671,5.33781099319458,8.422022819519043,9.781002044677734,9.186334609985352,8.121550559997559,8.27400016784668,7.920648097991943,6.031158447265625,5.950656414031982,4.449552536010742,5.509453296661377,5.88213586807251,5.641336441040039,4.105911731719971,3.4648354053497314,3.081738233566284,3.8982326984405518,4.060948848724365,7.142917633056641,6.119454860687256,3.5421042442321777,0.7144348621368408
5.480172634124756,5.746062278747559,6.128871917724609,5.662017345428467,5.608360767364502,6.599648475646973,5.873833656311035,5.747439861297607,5.348195552825928,4.803985118865967,4.693808555603027,4.673159122467041,4.731333255767822,4.977530002593994,5.424802303314209,5.889712810516357,6.111959934234619,5.890284538269043,5.457006931304932,5.889941215515137,7.085204124450684,9.685576438903809,10.239972114562988,9.468724250793457,7.93292760848999,7.551731109619141,7.026585102081299,6.945230484008789,5.528224468231201,4.643412113189697,4.461122512817383,3.1170976161956787,0.06623507291078568,-1.1528918743133545,0.6251926422119141,2.4172110557556152,2.900965452194214,1.83065927028656,-0.010177917778491974,4.729164123535156,6.209731578826904,4.614049434661865,3.297149658203125,-0.7636504769325256
5.272401809692383,5.166532516479492,5.335434913635254,4.824840545654297,4.96246337890625,4.895111560821533,4.717160701751709,4.2803778648376465,3.825204849243164,3.407895803451538,3.549959897994995,3.9203896522521973,4.225228786468506,4.483033180236816,5.002875328063965,5.2016754150390625,5.224135398864746,5.411310195922852,5.203146457672119,5.720545291900635,6.986145973205566,7.468801975250244,6.9280524253845215,6.4237961769104,6.006016254425049,5.157130718231201,4.5725250244140625,3.7718403339385986,3.6995866298675537,2.6437830924987793,2.6487693786621094,1.225844383239746,1.286774754524231,1.7687861919403076,2.500572681427002,3.0502781867980957,3.119764804840088,3.3804564476013184,3.197972059249878,7.228178977966309,5.047088623046875,3.988125801086426,3.011847734451294,-1.5769530534744263
3.8245723247528076,3.5084609985351562,3.606416702270508,4.518436431884766,4.876762390136719,4.263645172119141,3.651672124862671,2.9364986419677734,2.7899632453918457,3.019672393798828,2.936124563217163,3.821660280227661,4.35530948638916,3.611935615539551,4.105842113494873,3.9288291931152344,4.126544952392578,4.662200450897217,4.914020538330078,4.407563209533691,4.610409259796143,4.821004867553711,4.39529275894165,2.9456939697265625,1.3248380422592163,0.35156089067459106,0.2062808871269226,0.3467870354652405,1.8322709798812866,2.3371171951293945,4.046936511993408,4.273918628692627,4.861114025115967,4.858060359954834,3.9071593284606934,3.0174055099487305,3.5558881759643555,6.0035200119018555,2.2787933349609375,5.509178161621094,4.790463924407959,4.297006607055664,1.7934142351150513,-1.899774432182312
2.8606414794921875,2.5649304389953613,2.9884471893310547,3.929687976837158,4.550044536590576,3.7633891105651855,3.0013270378112793,2.2721445560455322,2.165024518966675,3.1078312397003174,2.633584499359131,2.3943772315979004,5.416749954223633,2.860531806945801,3.955744743347168,3.386174440383911,3.3498001098632812,3.4616875648498535,2.747591018676758,1.9454166889190674,2.8252553939819336,2.804250955581665,1.1649322509765625,-1.6761956214904785,-3.621624708175659,-3.1432290077209473,-2.7870659828186035,-2.386336326599121,-0.915894627571106,0.5808406472206116,1.6064872741699219,2.1717896461486816,2.655500888824463,3.0011847019195557,2.4795968532562256,2.5935895442962646,3.4866998195648193,6.2294087409973145,5.246946334838867,5.595550060272217,4.949202060699463,4.421892166137695,-0.3114447593688965,-3.435344696044922
2.8976943492889404,2.2849791049957275,2.5165934562683105,3.2866370677948,3.2499122619628906,3.1822972297668457,2.8187689781188965,2.2577576637268066,2.1315722465515137,2.4594130516052246,2.7667574882507324,4.12401008605957,3.559337615966797,2.9454398155212402,3.652759313583374,3.3611390590667725,2.9885079860687256,1.2518619298934937,0.7704183459281921,0.7596164345741272,1.2408061027526855,-0.1649857759475708,-2.2714786529541016,-3.7102487087249756,-3.6943538188934326,-2.3970444202423096,-1.9527500867843628,-1.3228404521942139,0.1780671924352646,1.8307181596755981,1.7906875610351562,1.5547983646392822,1.994062900543213,2.093510150909424,2.0774872303009033,2.6019062995910645,3.262099027633667,4.562962055206299,4.7740373611450195,4.493741512298584,4.901589870452881,3.1763124465942383,-1.356499433517456,-3.2365312576293945
2.5420081615448,2.984555244445801,2.77689266204834,3.5478014945983887,2.1554365158081055,2.808706760406494,2.3670694828033447,1.8953744173049927,1.9660927057266235,2.2974085807800293,2.0355169773101807,3.9507927894592285,3.0970094203948975,2.9017624855041504,1.1282259225845337,4.037004470825195,2.287905216217041,0.2513650953769684,0.9631916880607605,0.6563047766685486,-0.18703711032867432,-2.270622968673706,-2.943129301071167,-1.1462620496749878,0.36625561118125916,0.29304802417755127,0.545798659324646,1.1947286128997803,2.3371288776397705,2.7925944328308105,2.3170666694641113,2.285980224609375,2.203829765319824,1.7984102964401245,1.9090232849121094,2.3052170276641846,2.5768978595733643,3.2337605953216553,3.0888893604278564,3.5605545043945312,3.781059741973877,0.44349732995033264,-2.1468393802642822,-2.841625213623047
2.3401918411254883,2.7438857555389404,3.5969855785369873,3.8893470764160156,2.8389668464660645,2.6835312843322754,2.1546943187713623,1.5220873355865479,1.6456767320632935,2.131155490875244,2.3595399856567383,2.8670356273651123,2.6037187576293945,2.4649882316589355,2.754713535308838,3.3474743366241455,1.404797077178955,1.1401921510696411,0.5181013941764832,-0.16977046430110931,-0.4882284104824066,-0.7469717860221863,-0.40285855531692505,1.765106439590454,2.5817153453826904,1.8971539735794067,1.2694165706634521,1.49550461769104,2.038680076599121,2.451425790786743,2.3009374141693115,2.125908851623535,1.5509428977966309,1.2061015367507935,1.5778356790542603,1.8733397722244263,1.9358131885528564,1.5654226541519165,1.2995625734329224,1.9546077251434326,1.3437193632125854,-1.314539909362793,-2.0068562030792236,-2.039034366607666
