data/wind_data/wind_Surface_60.json
{"header": {"parameterUnit": "KT", "parameterCategory": 2, "nx": 255, "ny": 198, "lo1": 44.73521041870117, "la1": -3.236724853515625, "lo2": 111.26478576660156, "la2": 43.468475341796875, "dx": 0.26192745566368103, "dy": -0.23708222806453705, "refTime": "2025-02-21 12:00:00", "forecastTime": 0, "parameterNumber": 3, "parameterNumberName": "northward_wind"}, "data":
[rows 152 to 170 of 198, columns 43 to 85 of 255]
-1.225768804550171,0.2661801874637604,1.132254958152771,1.3641612529754639,1.091475486755371,1.4841660261154175,1.61911141872406,2.4126126766204834,4.91085147857666,7.15267276763916,5.342418193817139,1.1993669271469116,-1.153634786605835,-1.1189383268356323,2.223196268081665,4.586562156677246,5.502707004547119,6.489092826843262,8.795611381530762,9.565848350524902,10.008328437805176,11.074868202209473,12.74940013885498,12.977799415588379,14.547682762145996,14.634111404418945,13.89592456817627,12.32254695892334,10.310148239135742,11.18598747253418,12.402886390686035,13.166728019714355,13.556740760803223,14.118685722351074,13.790279388427734,14.07022762298584,12.871545791625977,11.56859016418457,9.895371437072754,5.257094383239746,5.019058704376221,4.395737648010254,5.121967315673828
-0.452714204788208,0.039874110370874405,0.9607561826705933,1.7443013191223145,1.306899070739746,1.9934414625167847,2.5302634239196777,3.909299373626709,3.8522114753723145,1.9043550491333008,-0.7149823307991028,-1.464505672454834,-1.978702425956726,1.082632303237915,3.890613317489624,4.869209289550781,6.832595348358154,8.80083179473877,10.450139045715332,10.467897415161133,10.446958541870117,10.742795944213867,12.834308624267578,13.745061874389648,14.702651977539062,14.428228378295898,12.897499084472656,11.809426307678223,11.674413681030273,12.190662384033203,13.323619842529297,14.404162406921387,14.593022346496582,13.39404010772705,12.004117012023926,10.675680160522461,10.18198013305664,9.679140090942383,9.361257553100586,8.70685863494873,8.557662963867188,7.386819362640381,7.980167865753174
1.1213475465774536,0.7646573185920715,1.3648710250854492,2.7163305282592773,2.8168551921844482,3.35770583152771,4.400108814239502,4.335500240325928,1.0868053436279297,-1.688701868057251,-1.9200268983840942,0.3607894778251648,1.4017897844314575,2.809394359588623,4.1397013664245605,4.996391773223877,7.115201473236084,9.262700080871582,10.288623809814453,10.885419845581055,11.734954833984375,12.532485008239746,14.05021858215332,13.081304550170898,13.967575073242188,13.638089179992676,12.56451416015625,11.173836708068848,10.4096097946167,9.025662422180176,8.704564094543457,10.706854820251465,12.41050910949707,11.098797798156738,10.204253196716309,8.48350715637207,8.401519775390625,10.1897611618042,13.019965171813965,13.911216735839844,13.392776489257812,10.82513427734375,10.46165943145752
3.049551010131836,2.002680778503418,2.613388776779175,4.142920017242432,4.737314701080322,4.718257904052734,4.588321685791016,2.89044189453125,0.6457608938217163,0.247736394405365,0.5484113097190857,0.9126490354537964,2.336874008178711,3.664177417755127,5.071295738220215,5.927363872528076,6.729619979858398,7.707547664642334,8.920363426208496,10.447468757629395,12.149772644042969,13.225481986999512,11.579830169677734,11.013293266296387,10.110331535339355,9.041732788085938,7.928919792175293,2.7230567932128906,2.6635630130767822,3.589609146118164,1.9441287517547607,1.103710651397705,4.049795150756836,5.903000354766846,8.576096534729004,8.778291702270508,9.525533676147461,14.134980201721191,16.860078811645508,17.905195236206055,16.0053653717041,14.268331527709961,13.834952354431152
4.716383457183838,3.8249497413635254,4.397635459899902,6.125842571258545,6.990164279937744,6.701337814331055,6.063055038452148,5.000639915466309,4.097155570983887,3.163709878921509,2.6771399974823,3.7203195095062256,5.087002754211426,5.415036201477051,6.146975517272949,6.010471343994141,6.443536758422852,6.482428550720215,8.060111045837402,10.205789566040039,11.945463180541992,11.575525283813477,10.035300254821777,8.888628959655762,5.390883445739746,6.419507026672363,6.724149227142334,1.1969683170318604,1.4793448448181152,3.678349733352661,1.51803719997406,-0.7842308878898621,0.9097739458084106,3.0197794437408447,7.692590236663818,10.650124549865723,12.830757141113281,17.51133155822754,18.416500091552734,17.790287017822266,17.535053253173828,17.145492553710938,15.37063217163086
6.673418045043945,6.177622318267822,7.087410926818848,8.477886199951172,9.289286613464355,9.152377128601074,8.117103576660156,7.663394451141357,7.70347785949707,7.879946231842041,8.119281768798828,8.848997116088867,9.130885124206543,8.298327445983887,6.943354606628418,5.812534809112549,5.962265968322754,6.9811577796936035,9.372635841369629,11.55417251586914,12.101945877075195,11.389534950256348,9.336064338684082,6.62348747253418,3.111910581588745,5.174416542053223,7.116786003112793,4.600338935852051,5.158993244171143,6.01484489440918,6.807430744171143,7.069885730743408,7.466749668121338,6.69677734375,9.271627426147461,12.949334144592285,14.375025749206543,15.961477279663086,15.385823249816895,15.990541458129883,16.88101577758789,18.582138061523438,17.79620361328125
8.74763011932373,9.111082077026367,9.162601470947266,10.027043342590332,11.225297927856445,11.783493041992188,10.997337341308594,11.746842384338379,12.491037368774414,12.892057418823242,12.697945594787598,12.739120483398438,11.873573303222656,10.614211082458496,9.468107223510742,6.810066223144531,5.517279148101807,8.542859077453613,11.481061935424805,12.82823371887207,12.171900749206543,11.348299026489258,8.75203800201416,5.883886337280273,3.4321529865264893,3.0808258056640625,4.43161678314209,4.3675031661987305,4.220761775970459,5.7909417152404785,7.955587387084961,8.126752853393555,8.50902271270752,9.8802490234375,11.346803665161133,15.025540351867676,13.1648530960083,13.831491470336914,15.195588111877441,17.44314193725586,17.795812606811523,16.683610916137695,14.768196105957031
10.295510292053223,11.327789306640625,10.610904693603516,9.970141410827637,11.300646781921387,13.36976432800293,13.5389404296875,14.019218444824219,14.050971031188965,13.27245044708252,10.500788688659668,8.504756927490234,9.597295761108398,10.548011779785156,10.029467582702637,5.850863933563232,3.6230838298797607,8.535733222961426,12.039063453674316,12.83261775970459,12.254613876342773,10.601990699768066,9.299389839172363,7.563424587249756,5.973214149475098,4.280579090118408,4.352790832519531,4.062679767608643,3.8918168544769287,4.560649871826172,5.628149509429932,5.642572402954102,4.8336501121521,7.150002479553223,11.112668991088867,15.80306339263916,13.857528686523438,14.48508358001709,13.662114143371582,13.402734756469727,10.872998237609863,7.004544734954834,4.737081527709961
10.413836479187012,11.30834674835205,10.324655532836914,9.417145729064941,10.24793529510498,12.03985595703125,12.075827598571777,11.932955741882324,12.069639205932617,10.882163047790527,5.4595746994018555,3.902202606201172,6.206242084503174,8.342512130737305,7.293679237365723,3.6061928272247314,1.058600902557373,4.77443265914917,9.058165550231934,11.427899360656738,11.312284469604492,11.039458274841309,10.505167961120605,9.818514823913574,8.531732559204102,7.2397027015686035,6.678844928741455,4.108798503875732,3.6717581748962402,3.7523725032806396,3.7414605617523193,4.057532787322998,1.9147135019302368,1.6136765480041504,5.350135326385498,11.19645881652832,11.206402778625488,8.528056144714355,4.460198402404785,3.003657102584839,2.5778112411499023,0.7065979838371277,-1.1508924961090088
11.076543807983398,12.218153953552246,10.767666816711426,9.11985969543457,9.107521057128906,10.794472694396973,10.079438209533691,8.828685760498047,9.739773750305176,9.469271659851074,4.982553005218506,4.048627853393555,5.315150260925293,4.77951192855835,4.447824478149414,2.8736207485198975,1.8185606002807617,3.4730660915374756,6.55094051361084,10.271979331970215,12.220915794372559,12.926523208618164,12.462472915649414,12.02977180480957,10.22152042388916,9.432307243347168,7.746380805969238,5.644169807434082,5.400376319885254,4.393808841705322,3.808119058609009,2.5377984046936035,1.3489675521850586,1.674882411956787,1.1470140218734741,2.364241123199463,1.7446489334106445,-0.09678696095943451,-0.7869738936424255,-1.3115535974502563,-1.2398695945739746,-1.8329777717590332,-2.696366310119629
6.715319633483887,11.705888748168945,12.27902889251709,11.449138641357422,11.013187408447266,11.601726531982422,10.26116943359375,8.104179382324219,8.664649963378906,9.20815658569336,7.463903427124023,5.0356526374816895,4.730628490447998,3.337392568588257,2.883409261703491,4.3986077308654785,2.349022150039673,0.02033223956823349,3.263303756713867,8.534296989440918,12.82546329498291,14.074652671813965,13.856903076171875,13.070585250854492,11.886265754699707,11.176292419433594,8.322007179260254,7.28012228012085,7.157968044281006,6.127546310424805,5.59254264831543,3.6871931552886963,2.1333131790161133,1.6442033052444458,0.3431786596775055,-0.283195436000824,-0.9483376741409302,-1.2860418558120728,-0.4661053717136383,-0.717113733291626,-2.1086857318878174,-2.4085474014282227,-0.7116879224777222
0.745606005191803,6.083340167999268,9.521042823791504,11.698878288269043,11.622357368469238,10.862420082092285,10.02033519744873,8.383519172668457,8.246183395385742,9.669912338256836,8.528728485107422,6.937952041625977,3.558807134628296,2.8575098514556885,4.520910263061523,3.6761372089385986,-1.6976121664047241,-3.6182024478912354,-0.6901933550834656,5.143709659576416,10.703534126281738,13.277532577514648,14.026535034179688,13.722945213317871,12.71492862701416,11.714616775512695,9.094706535339355,8.065196990966797,7.578409671783447,7.085527420043945,6.027128219604492,6.07332706451416,3.946772813796997,1.0869282484054565,0.5569741129875183,1.0518572330474854,0.9787294268608093,0.10772765427827835,-0.578820526599884,-0.9401232004165649,-1.7472862005233765,-3.0632216930389404,-1.88007652759552
2.169131278991699,2.246558904647827,4.097574710845947,6.779595375061035,7.45310640335083,7.926971435546875,9.434392929077148,9.098453521728516,7.255269527435303,6.532653331756592,7.282262802124023,6.391267776489258,3.7791523933410645,3.64239239692688,2.473996639251709,-1.77655827999115,-3.609750509262085,-2.2902750968933105,-0.19538769125938416,4.0434417724609375,7.560295104980469,10.401206016540527,11.805916786193848,12.557036399841309,12.201448440551758,11.163630485534668,9.823606491088867,8.917756080627441,8.039461135864258,7.064685344696045,6.8121490478515625,5.998528957366943,4.865976810455322,3.341986656188965,2.055467128753662,1.9194350242614746,1.8230290412902832,1.5725208520889282,0.8551802039146423,-0.19558410346508026,-1.407226324081421,-2.5466761589050293,-2.952092409133911
1.4155017137527466,3.7922306060791016,2.8946595191955566,3.3207685947418213,5.28958797454834,8.026360511779785,8.673504829406738,8.891258239746094,6.0684967041015625,5.485123634338379,4.988131046295166,5.150275707244873,3.50089955329895,0.11360194534063339,-3.0974199771881104,-3.1875858306884766,-2.7238330841064453,-1.3790390491485596,1.5414605140686035,4.695990085601807,6.395097255706787,7.348934650421143,8.608526229858398,9.739819526672363,10.499918937683105,10.162075996398926,9.757667541503906,8.881183624267578,7.8767781257629395,7.0619096755981445,6.241528511047363,4.534792423248291,5.448514938354492,5.065220832824707,4.513294219970703,4.213318347930908,3.6884381771087646,3.0816380977630615,2.570084571838379,1.9727959632873535,1.454094648361206,1.38844895362854,1.7103396654129028
-1.1514694690704346,3.261619806289673,5.560784339904785,5.061544895172119,5.883399486541748,7.74563455581665,7.070426940917969,6.441208839416504,5.517086029052734,5.59257173538208,6.098966598510742,2.6594014167785645,-2.2161333560943604,-3.998115062713623,-3.351043939590454,-2.120128870010376,-1.7508257627487183,-0.3737819790840149,1.718430519104004,5.997502326965332,7.360844612121582,7.054324150085449,7.384218692779541,8.070043563842773,8.779947280883789,9.570562362670898,9.388762474060059,8.818341255187988,8.015541076660156,6.374808311462402,4.8357768058776855,5.3949737548828125,5.955437660217285,6.342692852020264,6.630283832550049,6.890625476837158,6.643780708312988,6.0529046058654785,5.435906887054443,4.301665782928467,2.462770462036133,1.8159255981445312,2.83089017868042
0.5545009970664978,-1.7620657682418823,0.039042361080646515,3.2303481101989746,3.438947916030884,5.411331653594971,6.011157512664795,5.0265727043151855,5.424242973327637,7.155520915985107,5.534369468688965,-3.2150092124938965,-4.84437370300293,-3.516172409057617,-2.4773693084716797,-1.8106157779693604,-0.09561020135879517,1.4450645446777344,2.27599835395813,5.807048797607422,7.246966361999512,7.646831512451172,7.7281880378723145,7.999715805053711,8.77326774597168,9.49007511138916,9.429744720458984,8.722880363464355,7.102016925811768,5.602686405181885,6.315096855163574,7.039154529571533,7.528370380401611,8.09589672088623,8.754341125488281,9.411161422729492,9.613500595092773,9.51718807220459,8.651471138000488,5.5911054611206055,0.7438576817512512,-1.772627592086792,-1.2885360717773438
0.3212766945362091,-4.528357982635498,-5.7439045906066895,-2.5551226139068604,1.5449331998825073,3.977391481399536,7.177951335906982,7.067970275878906,8.761015892028809,3.6674609184265137,-3.7640814781188965,-5.84798526763916,-4.2498979568481445,-4.354421615600586,-2.339404344558716,-1.4051570892333984,-0.0019730867352336645,1.2254289388656616,1.7042646408081055,3.986600637435913,6.491826057434082,7.72517728805542,8.639909744262695,9.165384292602539,9.5863618850708,9.81607437133789,9.002530097961426,7.138177871704102,6.213934421539307,7.217780113220215,8.246885299682617,8.982654571533203,9.919195175170898,10.312153816223145,10.981993675231934,11.592320442199707,11.929289817810059,11.81485652923584,9.074652671813965,4.5215678215026855,0.11879029124975204,-3.035663604736328,-4.688258171081543
-0.611849308013916,-2.0479636192321777,-2.7971677780151367,-1.2453854084014893,2.2511630058288574,7.077938079833984,6.841136932373047,4.241190433502197,0.8267979621887207,-6.2893290519714355,-7.137833595275879,-5.696924209594727,-5.079929351806641,-2.8133792877197266,-0.7403706312179565,0.2295994907617569,0.9137555956840515,1.0816293954849243,2.261197328567505,4.835388660430908,6.834721088409424,8.05125904083252,8.88800048828125,9.169212341308594,8.64957332611084,8.438435554504395,6.434435844421387,6.096328258514404,7.290257453918457,8.51024341583252,9.284438133239746,10.037178993225098,10.849771499633789,11.63533878326416,12.383605003356934,12.763619422912598,13.246127128601074,11.54003620147705,8.127025604248047,4.9035420417785645,3.112848997116089,0.5753622055053711,-1.8790770769119263
1.269924283027649,0.42630934715270996,-0.3537372350692749,0.45626360177993774,3.4963390827178955,3.2927472591400146,-3.141655445098877,-6.746794700622559,-7.735945701599121,-7.337588787078857,-6.578967094421387,-5.24819278717041,-2.984687089920044,-1.4190765619277954,-0.09962809085845947,1.079122543334961,1.708322286605835,2.6565074920654297,3.383751630783081,4.084399223327637,5.719794273376465,5.924625873565674,6.881622791290283,7.404460906982422,7.627547264099121,7.209309101104736,6.121432304382324,7.107142448425293,8.305299758911133,9.065587043762207,9.899961471557617,10.742730140686035,11.71707534790039,12.868480682373047,13.638742446899414,13.936911582946777,11.805638313293457,8.368993759155273,4.994070053100586,5.161105632781982,6.588813781738281,4.605726718902588,0.9651809930801392
