data/wind_data/wind_Surface_39.json
{"header": {"parameterUnit": "KT", "parameterCategory": 2, "nx": 255, "ny": 198, "lo1": 44.73521041870117, "la1": -3.236724853515625, "lo2": 111.26478576660156, "la2": 43.468475341796875, "dx": 0.26192745566368103, "dy": -0.23708222806453705, "refTime": "2025-02-20 15:00:00", "forecastTime": 0, "parameterNumber": 3, "parameterNumberName": "northward_wind"}, "data":
[rows 19 to 37 of 198, columns 129 to 171 of 255]
-6.235101222991943,-5.85906457901001,-4.688804626464844,-4.801104545593262,-8.242086410522461,-8.342660903930664,-7.837912559509277,-5.775651931762695,-2.4684574604034424,-5.600103855133057,-7.158579349517822,-6.584269046783447,-4.901861190795898,-4.071192264556885,-4.752634525299072,-5.265998840332031,-5.982503414154053,-6.564022064208984,-7.5513153076171875,-7.897799015045166,-6.923264503479004,-6.422954559326172,-6.5600504875183105,-5.964233875274658,-6.060283184051514,-7.093707084655762,-8.371150970458984,-8.730113983154297,-9.093603134155273,-9.254310607910156,-6.806713581085205,-9.044097900390625,-8.8198823928833,-6.44575309753418,-1.264327049255371,-4.062267303466797,-9.664926528930664,-10.057146072387695,-9.222677230834961,-8.303065299987793,-7.76350212097168,-7.985175609588623,-7.708745956420898
-5.5577850341796875,-4.804533958435059,-3.9324755668640137,-4.314960479736328,-6.453675270080566,-7.178363800048828,-7.650534629821777,-7.963328838348389,-6.876794815063477,-5.504031181335449,-6.015873908996582,-5.772102355957031,-4.871077060699463,-4.875187873840332,-6.133517742156982,-6.007730484008789,-5.574794292449951,-6.455723285675049,-7.725517749786377,-8.567173957824707,-8.724617958068848,-7.772075653076172,-7.255712985992432,-7.197147369384766,-7.70913553237915,-8.37927532196045,-9.037528991699219,-9.601768493652344,-10.534490585327148,-10.534936904907227,-8.597447395324707,-7.319840908050537,-3.9053313732147217,-1.6316293478012085,-0.5863472819328308,-3.0234594345092773,-7.408694744110107,-7.1470160484313965,-5.852528095245361,-6.522045612335205,-6.48350191116333,-6.865792751312256,-7.5917487144470215
-6.035600185394287,-5.379722595214844,-6.02694034576416,-6.637494087219238,-6.114899635314941,-4.73956298828125,-6.582704544067383,-7.957316875457764,-7.939062595367432,-6.70611047744751,-5.573814392089844,-5.825281620025635,-6.347193717956543,-6.753818035125732,-6.785668849945068,-6.45778226852417,-5.844953536987305,-5.79949426651001,-6.678120136260986,-7.6125102043151855,-8.122085571289062,-7.763851165771484,-7.617974281311035,-8.153307914733887,-8.726818084716797,-8.862034797668457,-9.26776123046875,-10.196630477905273,-10.35944938659668,-9.91502857208252,-9.176047325134277,-6.3775105476379395,-4.760394096374512,-2.9864041805267334,-3.782212495803833,-5.247234344482422,-6.944382667541504,-6.86271858215332,-6.454545497894287,-5.197563171386719,-5.169434070587158,-6.12050724029541,-7.197915554046631
-6.761638641357422,-6.970321178436279,-7.651397705078125,-7.840750694274902,-6.443099498748779,-4.649354457855225,-6.4729838371276855,-7.769906997680664,-7.926258563995361,-6.593105316162109,-5.545454502105713,-5.555069446563721,-6.3864264488220215,-7.062854766845703,-6.657137393951416,-6.279430866241455,-5.879818916320801,-5.6860809326171875,-6.133861064910889,-6.756863117218018,-7.127357482910156,-7.208296298980713,-7.673699378967285,-8.418320655822754,-8.85726547241211,-8.675980567932129,-9.390902519226074,-9.57714557647705,-8.536836624145508,-8.13329029083252,-8.450336456298828,-8.044261932373047,-8.178754806518555,-6.434055805206299,-6.352733612060547,-6.7076239585876465,-7.049370765686035,-7.7165632247924805,-6.907205581665039,-4.434455394744873,-3.954627275466919,-5.440515041351318,-6.672114849090576
-6.784641742706299,-6.790615558624268,-7.629708766937256,-8.6604642868042,-8.696476936340332,-7.356050491333008,-6.274226665496826,-7.611814975738525,-7.801563262939453,-6.328776836395264,-5.3621344566345215,-4.908858299255371,-5.039647102355957,-5.523766994476318,-5.966020107269287,-6.546339988708496,-6.367766857147217,-6.215081214904785,-6.567841053009033,-6.530615329742432,-6.298251628875732,-6.774990081787109,-7.1525678634643555,-8.053351402282715,-8.771960258483887,-9.009909629821777,-9.361157417297363,-8.43662166595459,-7.887050151824951,-8.297100067138672,-9.839995384216309,-8.627413749694824,-8.090997695922852,-7.297896385192871,-6.402303218841553,-6.223940372467041,-6.55438756942749,-6.574715614318848,-5.637737274169922,-4.454216003417969,-4.30418586730957,-5.625581741333008,-6.597952365875244
-6.804034233093262,-6.820590972900391,-8.23779010772705,-9.33041763305664,-9.920963287353516,-8.5524263381958,-6.669342041015625,-7.190791130065918,-7.809419631958008,-6.696927547454834,-5.309975624084473,-4.62908935546875,-4.233997821807861,-4.547213077545166,-6.03031587600708,-7.792518615722656,-7.640427112579346,-6.78109073638916,-6.697715759277344,-6.6180195808410645,-6.172071933746338,-6.247127056121826,-7.011939525604248,-8.030820846557617,-9.222290992736816,-9.638477325439453,-8.722027778625488,-8.560831069946289,-9.638467788696289,-11.2582426071167,-10.209835052490234,-8.045300483703613,-7.602163314819336,-5.680211544036865,-4.350890159606934,-6.130373954772949,-6.786211013793945,-6.448732852935791,-6.051685333251953,-5.686100959777832,-5.807125091552734,-5.972740650177002,-6.165523052215576
-6.472089767456055,-6.957920074462891,-7.726799964904785,-8.068002700805664,-8.445440292358398,-9.095306396484375,-8.67941665649414,-7.867053985595703,-7.783869743347168,-6.400782108306885,-3.801439046859741,-2.7396137714385986,-3.614630699157715,-5.128747463226318,-6.3726654052734375,-7.278830528259277,-7.683825492858887,-7.368162155151367,-7.115067005157471,-7.568044185638428,-8.261225700378418,-6.908851146697998,-6.406446933746338,-8.322205543518066,-9.645980834960938,-9.762887001037598,-8.5233154296875,-9.056754112243652,-11.420525550842285,-12.952519416809082,-11.05981159210205,-9.199172019958496,-9.456670761108398,-8.236637115478516,-5.368695259094238,-5.390675067901611,-6.679346084594727,-6.8527045249938965,-7.279016494750977,-7.891268253326416,-7.352802753448486,-6.949395179748535,-7.462396621704102
-5.464187145233154,-6.091519355773926,-6.342686176300049,-6.711353302001953,-7.349524974822998,-8.701638221740723,-8.902349472045898,-8.4594144821167,-8.632364273071289,-7.756253719329834,-2.637160301208496,-1.9602187871932983,-5.129104137420654,-6.870066165924072,-6.88319730758667,-6.8797407150268555,-7.262887477874756,-7.5659074783325195,-7.52132511138916,-8.50786304473877,-9.85123348236084,-8.530117988586426,-7.082961559295654,-8.891314506530762,-9.70917797088623,-10.218729972839355,-10.413565635681152,-10.753719329833984,-11.158449172973633,-11.491229057312012,-11.44976806640625,-10.542399406433105,-11.343452453613281,-12.473441123962402,-10.630317687988281,-7.321242332458496,-6.867815017700195,-6.908896446228027,-8.11267375946045,-9.270140647888184,-6.543127059936523,-6.354489326477051,-7.357084274291992
-5.881391525268555,-4.840339183807373,-5.21362829208374,-5.8075432777404785,-6.526548862457275,-6.994407653808594,-7.1945037841796875,-8.075600624084473,-9.974098205566406,-11.760950088500977,-8.825479507446289,-6.605241298675537,-8.30993938446045,-8.655773162841797,-7.84760046005249,-7.5818023681640625,-7.44160795211792,-7.860771656036377,-8.05742073059082,-8.605518341064453,-9.023027420043945,-8.765785217285156,-8.364696502685547,-9.504920959472656,-10.330998420715332,-11.512219429016113,-12.090656280517578,-11.741902351379395,-10.460748672485352,-9.628323554992676,-10.189264297485352,-10.8569974899292,-12.648280143737793,-13.755287170410156,-12.535714149475098,-10.118165969848633,-8.589482307434082,-7.740356922149658,-9.778708457946777,-10.950572967529297,-6.500753402709961,-3.878361463546753,-4.701848983764648
-6.635348320007324,-4.766981601715088,-5.011933326721191,-5.149341106414795,-5.625148773193359,-6.363696098327637,-7.062533855438232,-8.139294624328613,-10.226639747619629,-13.191624641418457,-13.758723258972168,-10.01159954071045,-9.298166275024414,-9.363519668579102,-8.966835021972656,-8.966794967651367,-8.818649291992188,-8.704839706420898,-8.739229202270508,-8.586982727050781,-8.286653518676758,-8.201492309570312,-8.644396781921387,-9.690518379211426,-10.715121269226074,-11.436225891113281,-11.460559844970703,-11.309199333190918,-10.94546890258789,-9.948352813720703,-9.597111701965332,-10.557080268859863,-12.645262718200684,-12.48033618927002,-10.753639221191406,-10.930671691894531,-12.103631973266602,-11.872817039489746,-12.161640167236328,-12.275240898132324,-9.572270393371582,-4.131767749786377,-4.355316638946533
-7.562708854675293,-6.078306674957275,-5.8696184158325195,-4.853157997131348,-5.028046607971191,-5.98033332824707,-7.090545654296875,-7.994361400604248,-9.411069869995117,-11.87092399597168,-13.431012153625488,-11.56566333770752,-9.686636924743652,-9.844261169433594,-10.11734676361084,-10.549671173095703,-10.217702865600586,-9.729437828063965,-9.24954891204834,-8.29069995880127,-8.065796852111816,-8.065451622009277,-8.48602294921875,-9.334051132202148,-10.344622611999512,-10.499655723571777,-10.551576614379883,-11.515398025512695,-12.29452896118164,-11.338839530944824,-10.111297607421875,-10.913915634155273,-12.258016586303711,-11.130643844604492,-9.578349113464355,-11.93315601348877,-13.94837474822998,-13.523797988891602,-11.626479148864746,-10.222943305969238,-9.399792671203613,-6.6693339347839355,-6.512382984161377
-7.80094051361084,-6.675172328948975,-5.678622245788574,-5.029250144958496,-5.099757671356201,-5.683823108673096,-6.540789604187012,-7.464569568634033,-8.803942680358887,-10.775611877441406,-12.443571090698242,-12.468452453613281,-10.915278434753418,-10.98208236694336,-11.267395973205566,-10.874702453613281,-10.471853256225586,-10.791108131408691,-10.461071968078613,-9.018447875976562,-8.334884643554688,-8.097423553466797,-8.544360160827637,-9.287543296813965,-9.93548583984375,-10.37807846069336,-10.976447105407715,-11.957796096801758,-11.52542781829834,-10.46953010559082,-10.341641426086426,-11.59546947479248,-12.222610473632812,-11.819705963134766,-11.370003700256348,-11.721924781799316,-11.82186508178711,-11.309011459350586,-10.779735565185547,-9.305254936218262,-6.771312236785889,-7.336581707000732,-7.9132161140441895
-6.278313636779785,-5.414080619812012,-4.792170524597168,-5.393868923187256,-5.369442462921143,-6.013583660125732,-6.42855167388916,-6.776873588562012,-8.088672637939453,-9.576831817626953,-10.221441268920898,-10.58570671081543,-10.84019947052002,-11.281633377075195,-11.733734130859375,-11.440072059631348,-11.12850570678711,-11.39444637298584,-11.517411231994629,-10.988664627075195,-9.535234451293945,-8.81995964050293,-9.213973999023438,-9.658907890319824,-9.837146759033203,-10.616718292236328,-11.275948524475098,-11.7496976852417,-10.756906509399414,-9.590214729309082,-10.132088661193848,-11.214874267578125,-11.530525207519531,-12.40685749053955,-12.873387336730957,-10.39217758178711,-9.726970672607422,-11.406590461730957,-11.247763633728027,-10.659062385559082,-9.423922538757324,-7.787509918212891,-7.075294017791748
-5.348023414611816,-4.5370025634765625,-4.274159908294678,-4.8112287521362305,-5.712184906005859,-6.414323329925537,-6.415243148803711,-5.999130725860596,-7.10996150970459,-8.587191581726074,-9.188237190246582,-9.713418960571289,-10.632808685302734,-11.309518814086914,-11.61138916015625,-11.682419776916504,-11.394378662109375,-11.226778030395508,-10.973079681396484,-11.145981788635254,-10.0281400680542,-9.137091636657715,-9.071763038635254,-9.506160736083984,-9.717062950134277,-10.108266830444336,-10.850133895874023,-11.60483169555664,-11.530494689941406,-10.352897644042969,-9.461435317993164,-10.382658958435059,-11.058176040649414,-11.915801048278809,-11.851078033447266,-10.511163711547852,-10.198160171508789,-10.790091514587402,-9.78988265991211,-10.265487670898438,-11.984454154968262,-8.463306427001953,-6.361043930053711
-5.515013217926025,-4.068271160125732,-2.906877279281616,-3.493638277053833,-5.370394706726074,-6.204953193664551,-5.995564937591553,-5.119010925292969,-6.34311056137085,-8.123143196105957,-8.995682716369629,-9.477400779724121,-10.138348579406738,-10.871657371520996,-10.814884185791016,-10.726853370666504,-11.04426097869873,-10.87065601348877,-10.91132640838623,-11.29845142364502,-10.469854354858398,-8.84381103515625,-8.472155570983887,-8.809040069580078,-9.063064575195312,-9.417656898498535,-10.311796188354492,-11.10934066772461,-11.490450859069824,-10.768400192260742,-9.773601531982422,-10.239541053771973,-11.110461235046387,-10.845532417297363,-9.460150718688965,-10.151866912841797,-9.71911334991455,-7.341010570526123,-7.9637346267700195,-9.957967758178711,-9.432172775268555,-7.869711399078369,-7.990437030792236
-5.828271389007568,-4.238457202911377,-2.742913246154785,-1.983276128768921,-3.1325244903564453,-4.872072219848633,-4.548516273498535,-3.8778798580169678,-6.164780616760254,-8.176873207092285,-9.079812049865723,-9.085874557495117,-9.66700267791748,-10.404994010925293,-10.208906173706055,-9.622438430786133,-10.313569068908691,-10.734015464782715,-11.441534042358398,-12.500730514526367,-12.052935600280762,-9.92423152923584,-8.358582496643066,-8.767836570739746,-8.894054412841797,-9.015089988708496,-9.627930641174316,-10.033366203308105,-10.094000816345215,-9.720008850097656,-10.6219482421875,-11.246845245361328,-10.697955131530762,-9.382183074951172,-8.736589431762695,-10.320940017700195,-10.130851745605469,-7.112860202789307,-7.417128086090088,-9.972271919250488,-8.993728637695312,-9.322713851928711,-11.58123779296875
-6.426743507385254,-5.536571502685547,-4.113162994384766,-2.161860227584839,-1.6796073913574219,-2.707409620285034,-2.243067741394043,-1.667105793952942,-4.834954738616943,-6.833780765533447,-8.595497131347656,-10.091641426086426,-9.682455062866211,-10.281050682067871,-10.362146377563477,-9.368245124816895,-9.506579399108887,-10.307732582092285,-11.115031242370605,-11.900752067565918,-12.070345878601074,-10.596696853637695,-8.656588554382324,-8.806512832641602,-8.67868709564209,-8.677165985107422,-9.519669532775879,-9.534430503845215,-8.6118745803833,-8.588553428649902,-10.707773208618164,-11.557635307312012,-9.425003051757812,-8.576319694519043,-9.314775466918945,-11.410043716430664,-13.072484016418457,-12.531289100646973,-8.33305549621582,-8.175348281860352,-10.183514595031738,-11.26432991027832,-12.266051292419434
-6.389370918273926,-5.804023742675781,-4.535576820373535,-3.067812919616699,-1.343827247619629,-0.33673733472824097,-0.7207258343696594,-1.103367805480957,-1.42902410030365,-2.14562726020813,-4.374426364898682,-10.09205150604248,-9.56456470489502,-9.71390151977539,-10.055914878845215,-8.92297077178955,-8.408114433288574,-9.433650016784668,-10.056747436523438,-10.05477523803711,-10.182692527770996,-9.833148002624512,-8.90565299987793,-8.620612144470215,-7.90999698638916,-8.136029243469238,-8.537510871887207,-8.598238945007324,-8.13805866241455,-8.307103157043457,-9.810330390930176,-9.953712463378906,-8.373515129089355,-8.68130111694336,-8.85350227355957,-11.1168212890625,-14.005962371826172,-14.3885498046875,-9.50753116607666,-7.1782636642456055,-7.56036901473999,-8.083176612854004,-8.735834121704102
-6.738852024078369,-6.205195903778076,-5.316230297088623,-4.0579023361206055,-2.2930004596710205,-0.9621201753616333,-1.1753287315368652,-1.0490189790725708,1.0702509880065918,-1.815754771232605,-4.542632579803467,-5.622814655303955,-7.9820876121521,-8.96993350982666,-8.915548324584961,-8.26138687133789,-7.6785173416137695,-8.422462463378906,-9.51330852508545,-9.684475898742676,-9.63814640045166,-9.700413703918457,-9.632537841796875,-9.340956687927246,-8.177321434020996,-7.415557384490967,-7.14138126373291,-7.474974155426025,-8.229963302612305,-8.668298721313477,-8.879960060119629,-8.404720306396484,-8.520524024963379,-10.034193992614746,-10.665579795837402,-11.031498908996582,-11.826719284057617,-12.670828819274902,-10.876230239868164,-8.672524452209473,-6.938136100769043,-6.783260345458984,-6.764804363250732
