data/wind_data/wind_59_2.json
{"header": {"parameterUnit": "KT", "parameterCategory": 2, "nx": 256, "ny": 198, "lo1": 44.73521041870117, "la1": -3.236724853515625, "lo2": 111.26478576660156, "la2": 43.468475341796875, "dx": 0.2609002888202667, "dy": -0.23708222806453705, "refTime": "2025-02-21 11:00:00", "forecastTime": 0, "parameterNumber": 2, "parameterNumberName": "eastward_wind"}, "data":
[rows 152 to 170 of 198, columns 0 to 42 of 256]
7.719703674316406,9.038467407226562,9.644665718078613,9.93978500366211,9.424348831176758,6.379976749420166,11.691062927246094,12.845664978027344,9.581961631774902,13.931256294250488,18.004640579223633,16.29777717590332,19.99277114868164,23.133541107177734,22.20253562927246,22.04522705078125,25.947317123413086,28.254962921142578,27.171768188476562,25.484092712402344,25.931827545166016,28.21479606628418,24.28940200805664,18.89381980895996,17.37388801574707,12.654365539550781,-0.21093423664569855,-3.2809276580810547,-2.346559762954712,0.0759718045592308,2.232980489730835,3.906696319580078,2.6942293643951416,3.8910200595855713,6.711066246032715,5.816716194152832,5.43283224105835,6.663695812225342,7.453873634338379,7.434978485107422,7.57312536239624,7.565895080566406,6.739821910858154
7.891763210296631,9.396492958068848,10.386393547058105,11.151942253112793,11.843986511230469,5.896095275878906,9.715168952941895,15.239938735961914,9.388029098510742,10.411087036132812,20.013511657714844,20.92908477783203,17.966033935546875,17.650726318359375,19.823192596435547,25.50237464904785,28.75314712524414,26.016067504882812,24.32229232788086,25.29064178466797,28.6799259185791,32.985939025878906,27.46554183959961,17.85441780090332,14.431225776672363,6.477181434631348,-0.376225084066391,-2.034605026245117,0.3249349594116211,6.263256072998047,11.626187324523926,12.588301658630371,8.475654602050781,7.492926120758057,6.6614885330200195,7.32631254196167,7.592912197113037,7.854275226593018,8.509969711303711,8.940804481506348,9.530782699584961,9.583054542541504,8.79477596282959
7.441828727722168,9.622644424438477,10.65218734741211,11.336977005004883,9.226194381713867,8.880132675170898,10.994754791259766,14.535018920898438,14.964282035827637,13.96729850769043,18.97629165649414,23.333911895751953,23.628917694091797,19.159440994262695,18.192262649536133,22.391096115112305,22.720722198486328,20.541975021362305,23.33023452758789,23.17270278930664,19.93001365661621,18.38408088684082,13.780162811279297,8.420344352722168,6.947727203369141,3.411259651184082,-0.3097274601459503,0.6407374143600464,4.3512468338012695,7.923648357391357,7.3538713455200195,7.89176607131958,9.163453102111816,9.459625244140625,9.545026779174805,9.740612983703613,10.061531066894531,9.560049057006836,9.951983451843262,9.70950984954834,10.229497909545898,10.28295612335205,9.648238182067871
6.957812786102295,9.422252655029297,10.397255897521973,11.601883888244629,7.470930576324463,10.414137840270996,14.988033294677734,19.215831756591797,16.515939712524414,17.198789596557617,19.48602867126465,23.14643096923828,25.990917205810547,25.622447967529297,25.405780792236328,25.215404510498047,19.806066513061523,18.647247314453125,23.54139518737793,26.450843811035156,18.160411834716797,8.314857482910156,1.810117483139038,1.191686749458313,1.2493081092834473,1.4227399826049805,1.2024011611938477,0.5704066157341003,-0.06707557290792465,3.182697057723999,6.812644004821777,8.726903915405273,10.24113941192627,9.235358238220215,9.746562004089355,9.93449878692627,10.045096397399902,8.49246597290039,8.316713333129883,8.653138160705566,9.33398723602295,9.356863021850586,8.674322128295898
7.0103912353515625,9.491785049438477,10.275640487670898,11.505819320678711,7.8255720138549805,5.378079891204834,16.042415618896484,22.457918167114258,22.20512580871582,18.233274459838867,20.411054611206055,23.986345291137695,25.374174118041992,23.484172821044922,25.68378257751465,29.44225311279297,29.5269775390625,28.042362213134766,29.872844696044922,32.86439514160156,31.16118812561035,19.0863094329834,7.021158695220947,4.06085729598999,3.2704193592071533,2.408007860183716,1.2586356401443481,0.43790265917778015,0.8478071093559265,3.857769250869751,6.9784321784973145,8.522735595703125,9.46243953704834,9.207235336303711,8.792617797851562,8.973206520080566,9.818476676940918,10.158812522888184,10.109177589416504,7.424748420715332,6.830146312713623,6.383887767791748,7.1557087898254395
7.284735679626465,9.383698463439941,10.145488739013672,11.100667953491211,8.625393867492676,4.742011070251465,16.461549758911133,24.28179359436035,26.724178314208984,26.430246353149414,22.362510681152344,21.12529754638672,23.243844985961914,23.347902297973633,20.118953704833984,16.917083740234375,18.207748413085938,23.469131469726562,30.970577239990234,33.43537139892578,34.608821868896484,24.10445785522461,14.669556617736816,12.232891082763672,9.79426383972168,4.507396221160889,2.618595600128174,1.0788573026657104,0.9837135672569275,5.217128753662109,10.04633617401123,10.262819290161133,7.926642417907715,6.056384086608887,6.678228378295898,9.847709655761719,11.658709526062012,13.885910034179688,9.813045501708984,6.287067890167236,1.5081028938293457,2.5558087825775146,3.538649797439575
7.8906731605529785,9.481460571289062,10.053499221801758,10.855035781860352,10.516400337219238,9.266240119934082,16.517173767089844,24.137147903442383,29.86275291442871,30.50184440612793,27.216068267822266,17.37209701538086,16.865488052368164,23.531232833862305,24.101957321166992,21.261507034301758,16.172239303588867,13.867425918579102,18.817970275878906,25.42337989807129,28.00632095336914,17.065715789794922,9.000497817993164,7.097335338592529,2.8075597286224365,-0.30103588104248047,1.3780789375305176,0.25981366634368896,5.380486488342285,13.055564880371094,12.433271408081055,7.443296909332275,9.611244201660156,9.209721565246582,9.7402982711792,12.825153350830078,14.292256355285645,14.621966361999512,10.637945175170898,4.179559707641602,0.19871677458286285,1.1194632053375244,5.977609634399414
9.16407299041748,10.590723037719727,10.851113319396973,11.194215774536133,13.726558685302734,13.42148494720459,19.169361114501953,26.022796630859375,32.39155578613281,34.19632339477539,31.012441635131836,21.59543228149414,11.223443984985352,14.193924903869629,21.99312400817871,27.820419311523438,29.021957397460938,24.37788963317871,16.27877426147461,12.2037353515625,6.745946407318115,-3.9336330890655518,-6.718285083770752,-5.841322898864746,-1.5455360412597656,2.437635660171509,5.733005046844482,6.056559085845947,13.161457061767578,21.519559860229492,23.175806045532227,14.607821464538574,7.145887851715088,7.935317039489746,9.992321014404297,13.906852722167969,12.919660568237305,6.539620876312256,2.5796456336975098,0.14962270855903625,0.9474197030067444,0.4671366810798645,3.984632730484009
9.111989974975586,11.444662094116211,12.306800842285156,13.24286937713623,16.784452438354492,18.37920570373535,24.07166290283203,27.13711929321289,27.13670539855957,27.502647399902344,26.579341888427734,27.744125366210938,21.540498733520508,11.931743621826172,11.303743362426758,19.37405776977539,25.27008819580078,26.301671981811523,17.25162124633789,1.2169641256332397,-2.186608076095581,-10.016671180725098,-10.53276538848877,-1.244901418685913,7.29682731628418,14.640741348266602,16.171794891357422,19.24359893798828,24.794771194458008,21.120786666870117,10.8631010055542,5.589697360992432,2.7753238677978516,0.3333472013473511,3.335484027862549,9.238497734069824,4.806456089019775,-2.9610722064971924,-1.7583532333374023,4.47862434387207,3.1235337257385254,5.648497581481934,5.24896764755249
6.134510040283203,12.926239967346191,13.977274894714355,16.880760192871094,20.1921443939209,22.645769119262695,24.811655044555664,22.589458465576172,20.767976760864258,22.0277042388916,22.701526641845703,28.444223403930664,28.449596405029297,20.890233993530273,15.386077880859375,13.862162590026855,13.138605117797852,18.570384979248047,15.834785461425781,-1.605968952178955,-5.196680068969727,-9.70077133178711,-0.9538930058479309,14.077001571655273,23.334884643554688,30.602598190307617,21.357074737548828,16.874977111816406,15.002538681030273,8.668490409851074,3.487408399581909,2.494124174118042,0.11924166232347488,-1.4850866794586182,6.033627986907959,5.230729579925537,6.506583213806152,0.02302858978509903,3.073467493057251,10.526578903198242,10.439813613891602,7.261353492736816,9.452873229980469
4.395506858825684,10.384611129760742,14.871475219726562,22.935949325561523,26.251548767089844,27.182889938354492,23.4407958984375,17.736614227294922,16.868919372558594,20.272680282592773,23.867401123046875,27.9925594329834,26.274259567260742,23.4323787689209,21.72674560546875,16.912311553955078,13.37388801574707,12.667606353759766,0.6636584997177124,-6.7435479164123535,-2.3500545024871826,0.34800660610198975,14.264876365661621,28.547285079956055,20.502193450927734,13.489357948303223,9.372722625732422,8.932458877563477,7.614011287689209,3.3129608631134033,1.8872393369674683,0.5684604644775391,0.0978056788444519,0.14598236978054047,4.598302364349365,11.340229988098145,10.240346908569336,8.093911170959473,10.814001083374023,5.656197547912598,4.66001033782959,5.265401840209961,8.374526977539062
6.125810623168945,11.871870040893555,17.04065704345703,24.705827713012695,29.06700325012207,28.02838706970215,18.756534576416016,13.317635536193848,15.508801460266113,21.981891632080078,29.08800506591797,28.53583335876465,19.03667640686035,16.380271911621094,21.33860206604004,22.41923713684082,17.684322357177734,2.8864591121673584,-3.9661381244659424,-4.443470001220703,-2.480506658554077,6.9014573097229,11.872014999389648,9.98483657836914,7.4092535972595215,6.776458740234375,4.89319372177124,5.0210862159729,5.599386215209961,3.3103723526000977,1.0170366764068604,2.9787209033966064,2.953458309173584,2.8099093437194824,3.59346866607666,6.586547374725342,6.743936061859131,3.149139881134033,1.5113142728805542,-0.44933775067329407,0.7527292966842651,3.9426791667938232,3.4482157230377197
9.286758422851562,17.542125701904297,21.15326499938965,23.62977409362793,25.847261428833008,22.14918327331543,15.094294548034668,12.089105606079102,17.73923110961914,27.082908630371094,34.09722137451172,26.050432205200195,15.335641860961914,11.292417526245117,18.967802047729492,23.289655685424805,7.017484664916992,-8.421640396118164,-7.333069801330566,-3.885047435760498,-0.13678546249866486,4.654815673828125,8.970168113708496,11.125482559204102,6.5053019523620605,0.5920349955558777,1.5618581771850586,1.3901798725128174,-0.8715755343437195,1.1480990648269653,4.313634395599365,5.632384300231934,5.669605731964111,5.971066951751709,6.639817237854004,7.920383930206299,8.358372688293457,8.070284843444824,4.9395551681518555,2.4816179275512695,-2.0492680072784424,0.07725480943918228,2.5997464656829834
11.986126899719238,22.04891586303711,23.266828536987305,22.291933059692383,19.792510986328125,16.607017517089844,13.553688049316406,12.76090145111084,21.65612030029297,29.967679977416992,27.96011734008789,18.140350341796875,12.64233112335205,14.881526947021484,7.124826431274414,7.064714431762695,-3.4188709259033203,-10.330589294433594,-5.951120376586914,2.255162239074707,5.916512966156006,8.59937858581543,11.713249206542969,11.115950584411621,6.723296165466309,5.174912452697754,4.000634670257568,-2.1851813793182373,-4.222705841064453,-2.275026798248291,0.3829563558101654,4.788774013519287,6.029903411865234,7.118529796600342,8.11178970336914,9.118204116821289,8.302764892578125,7.744911193847656,9.958171844482422,12.080981254577637,8.868532180786133,3.928954601287842,-0.7624337077140808
10.618946075439453,21.364458084106445,20.147253036499023,17.951169967651367,13.348871231079102,11.199797630310059,13.876270294189453,14.77379322052002,23.29155731201172,26.37191390991211,18.519657135009766,6.082768440246582,0.5004971623420715,3.1150014400482178,-6.223888874053955,-0.7609049081802368,-2.6796743869781494,-10.288479804992676,0.9689401984214783,7.518701553344727,8.778022766113281,7.031558990478516,6.208902359008789,3.192974328994751,1.9843705892562866,-2.4513933658599854,-8.581640243530273,-5.966673851013184,-4.326968669891357,-2.4552109241485596,1.2116878032684326,4.307016372680664,5.572126388549805,6.783926486968994,7.647785663604736,7.389353275299072,6.486534595489502,9.008153915405273,12.20822811126709,11.699552536010742,9.336543083190918,10.25653076171875,6.522092342376709
7.625975131988525,15.427029609680176,13.934565544128418,13.875489234924316,11.608044624328613,7.592103481292725,14.163655281066895,17.095523834228516,23.113075256347656,21.099294662475586,12.21253776550293,0.8841018676757812,-2.7051117420196533,2.8873400688171387,2.3189890384674072,6.0225372314453125,-9.250682830810547,-7.619429111480713,2.1096246242523193,2.79079008102417,-2.626816749572754,-6.184098720550537,-10.696043968200684,-14.297481536865234,-14.627026557922363,-13.331575393676758,-13.104209899902344,-10.686800956726074,-6.80190372467041,-3.554028272628784,1.2529608011245728,5.088804244995117,5.681490421295166,6.239522933959961,6.68237829208374,6.872869491577148,5.011749267578125,9.021060943603516,9.755766868591309,9.198939323425293,9.559090614318848,9.523937225341797,10.93444538116455
5.524590015411377,10.398734092712402,8.415306091308594,9.415634155273438,9.959615707397461,7.699174404144287,13.864439964294434,20.739688873291016,20.64178466796875,13.771069526672363,8.172654151916504,3.288327693939209,0.1459454745054245,7.685420513153076,12.702545166015625,16.64456558227539,-12.192866325378418,-5.299735069274902,1.4721626043319702,-3.6683499813079834,-9.606124877929688,-10.786712646484375,-10.59948444366455,-11.544480323791504,-13.289876937866211,-15.298039436340332,-15.016477584838867,-10.998847961425781,-7.1548686027526855,-5.2237677574157715,-1.6359829902648926,3.8053863048553467,5.583948135375977,5.9683661460876465,5.403479099273682,5.541074752807617,4.889312267303467,7.714463233947754,8.510638236999512,8.9807767868042,9.530803680419922,9.455742835998535,11.943953514099121
3.8228678703308105,6.076084613800049,5.260910511016846,6.124958515167236,8.044363975524902,10.106178283691406,15.096861839294434,19.9373722076416,14.456007957458496,4.002720832824707,4.628754138946533,6.35991096496582,4.857006072998047,6.385012626647949,7.0281758308410645,0.012315225787460804,-13.694750785827637,-4.343228340148926,-2.22513747215271,-8.607464790344238,-11.531997680664062,-12.871264457702637,-13.499083518981934,-12.6756010055542,-12.354806900024414,-13.265485763549805,-12.89239501953125,-8.907533645629883,-3.960901975631714,-2.132100820541382,-1.8357772827148438,3.4467239379882812,5.370192050933838,5.684903144836426,4.419325351715088,4.345402240753174,3.741156578063965,5.706480979919434,7.4840312004089355,9.486433029174805,10.492148399353027,10.66628646850586,12.205574035644531
1.8158183097839355,4.2434587478637695,3.3964455127716064,4.4146504402160645,4.8069000244140625,10.923563003540039,15.328293800354004,19.214298248291016,9.106173515319824,0.2554554045200348,8.415666580200195,13.080124855041504,11.765645027160645,-1.1134209632873535,-10.189891815185547,-15.80758285522461,-12.989285469055176,-7.901019096374512,-4.67927360534668,-13.076423645019531,-14.257760047912598,-14.013293266296387,-13.335012435913086,-12.615989685058594,-11.91805648803711,-11.374550819396973,-11.709883689880371,-9.871196746826172,-5.404209136962891,-1.2028393745422363,-1.680711269378662,3.5175535678863525,5.343461990356445,5.672473430633545,4.7353620529174805,4.063560962677002,2.8024585247039795,3.4487619400024414,5.054015636444092,7.138650894165039,9.365707397460938,10.64902114868164,10.76950740814209
