data/wind_data/wind_Surface_59.json
{"header": {"parameterUnit": "KT", "parameterCategory": 2, "nx": 255, "ny": 198, "lo1": 44.73521041870117, "la1": -3.236724853515625, "lo2": 111.26478576660156, "la2": 43.468475341796875, "dx": 0.26192745566368103, "dy": -0.23708222806453705, "refTime": "2025-02-21 11:00:00", "forecastTime": 0, "parameterNumber": 2, "parameterNumberName": "eastward_wind"}, "data":
[rows 0 to 18 of 198, columns 43 to 85 of 255]
-8.427438735961914,-7.820165157318115,-6.997922420501709,-6.41790771484375,-5.980196952819824,-5.626923561096191,-5.390353679656982,-5.279163360595703,-5.246671676635742,-5.257396221160889,-5.313416957855225,-5.364205360412598,-5.300747394561768,-5.126683235168457,-4.932922840118408,-4.767075538635254,-4.645687103271484,-4.669586658477783,-5.019392013549805,-5.341659069061279,-5.134757995605469,-4.891846179962158,-5.190280914306641,-5.471680164337158,-5.2220563888549805,-4.7793869972229,-4.426700115203857,-4.301466464996338,-4.429699420928955,-4.389748573303223,-4.059478282928467,-3.810826301574707,-3.748650312423706,-3.7388434410095215,-3.730226993560791,-3.6961824893951416,-3.605780839920044,-3.43343186378479,-3.183433771133423,-2.870594024658203,-2.4943203926086426,-2.020001173019409,-1.5359922647476196
-8.746020317077637,-8.112896919250488,-7.329455852508545,-6.807160377502441,-6.3457770347595215,-5.950568675994873,-5.807519912719727,-5.877177715301514,-5.893338203430176,-5.821547508239746,-5.770910263061523,-5.735858917236328,-5.693143844604492,-5.61794376373291,-5.448164463043213,-5.18425178527832,-4.935417175292969,-4.953300952911377,-5.472923755645752,-5.877772331237793,-5.462563514709473,-5.075067043304443,-5.466901779174805,-5.793307781219482,-5.493025302886963,-5.0364089012146,-4.729310035705566,-4.685822010040283,-4.867327690124512,-4.813066005706787,-4.427373886108398,-4.088766098022461,-3.9291622638702393,-3.898292064666748,-3.9513416290283203,-3.9938573837280273,-3.91974139213562,-3.6482625007629395,-3.2870914936065674,-3.007842540740967,-2.771578788757324,-2.485759973526001,-2.1039865016937256
-8.635786056518555,-8.220736503601074,-7.561300277709961,-7.028744697570801,-6.581277370452881,-6.295754432678223,-6.230026721954346,-6.322950839996338,-6.38602876663208,-6.379133224487305,-6.332342147827148,-6.254340171813965,-6.185346603393555,-6.101787090301514,-5.8996262550354,-5.584893226623535,-5.329854965209961,-5.365991115570068,-5.830644607543945,-6.197064399719238,-5.900509834289551,-5.62023401260376,-5.943237781524658,-6.179025650024414,-5.87410306930542,-5.513561248779297,-5.377240180969238,-5.274099349975586,-5.099959373474121,-4.829693794250488,-4.48945426940918,-4.172453880310059,-3.9815073013305664,-4.05423641204834,-4.2679924964904785,-4.286438465118408,-4.024242401123047,-3.6026127338409424,-3.2196707725524902,-3.018415927886963,-2.901149034500122,-2.7205474376678467,-2.454824209213257
-7.8844499588012695,-7.8565754890441895,-7.485426425933838,-7.062161922454834,-6.973936080932617,-7.005509376525879,-7.065039157867432,-7.158195495605469,-7.099039077758789,-7.063945770263672,-7.026336669921875,-7.005245685577393,-7.053191184997559,-6.940436363220215,-6.563683986663818,-6.046256065368652,-5.584280014038086,-5.442941665649414,-6.1770100593566895,-6.793172836303711,-6.525430679321289,-6.393416404724121,-6.68398904800415,-6.843850612640381,-6.45419454574585,-5.955509662628174,-5.732753753662109,-5.484225273132324,-5.181307315826416,-5.011256694793701,-4.7501540184021,-4.464857578277588,-4.302858352661133,-4.2983012199401855,-4.427947044372559,-4.334444522857666,-3.8385183811187744,-2.9723849296569824,-2.2431483268737793,-2.2748639583587646,-2.7755744457244873,-2.7608675956726074,-2.593048572540283
-6.940847396850586,-7.149390697479248,-7.152082443237305,-7.004895210266113,-7.655980587005615,-8.43185806274414,-8.598380088806152,-8.723687171936035,-8.598562240600586,-8.252001762390137,-8.199694633483887,-8.54535961151123,-8.819877624511719,-8.179132461547852,-6.687630653381348,-5.246086597442627,-4.643514156341553,-5.08992338180542,-7.588433742523193,-8.521410942077637,-7.285633087158203,-7.424727916717529,-8.034388542175293,-8.2779541015625,-7.582035541534424,-6.369004726409912,-5.364656925201416,-4.5452880859375,-4.6789984703063965,-5.8662004470825195,-5.852420806884766,-5.365753173828125,-5.3371076583862305,-4.7242045402526855,-4.071202754974365,-3.6210408210754395,-2.7804148197174072,-0.8404279947280884,1.0176981687545776,0.7040780186653137,-1.709816336631775,-1.8651704788208008,-1.974310278892517
-8.622782707214355,-7.962292671203613,-6.912870407104492,-6.371550559997559,-6.876771926879883,-7.437276363372803,-7.374988555908203,-7.229622840881348,-7.383446216583252,-7.585219383239746,-7.807168483734131,-8.045652389526367,-7.566863059997559,-6.317913055419922,-4.522724151611328,-2.875328540802002,-4.531574726104736,-7.602843284606934,-8.741992950439453,-7.951878070831299,-6.506331443786621,-7.175047397613525,-8.466946601867676,-8.40726375579834,-7.746720790863037,-6.905803203582764,-6.080058574676514,-5.616688251495361,-5.63109827041626,-5.7001423835754395,-5.531306266784668,-5.1173577308654785,-4.698959827423096,-4.8340606689453125,-5.049903869628906,-4.681076526641846,-3.4913477897644043,-2.2821223735809326,-2.7570981979370117,-3.237236976623535,-2.606257200241089,-1.2716563940048218,-1.3351415395736694
-7.730263710021973,-7.50771427154541,-7.195184707641602,-6.9879350662231445,-7.3533711433410645,-7.970645904541016,-8.04626750946045,-7.633771896362305,-7.553131580352783,-7.897716522216797,-8.155144691467285,-7.968851089477539,-7.1414361000061035,-6.046276092529297,-5.2698798179626465,-5.979527473449707,-8.595884323120117,-9.159645080566406,-8.09328556060791,-6.794409275054932,-5.0124711990356445,-7.133029937744141,-9.335858345031738,-8.815703392028809,-8.221006393432617,-7.5129523277282715,-6.9144415855407715,-6.212502956390381,-5.58781099319458,-5.164024353027344,-5.024695873260498,-5.00932502746582,-4.731756210327148,-4.1373291015625,-4.571840286254883,-4.998624801635742,-2.6741676330566406,-0.3071421682834625,-1.608524203300476,-4.211601734161377,-4.493435382843018,-2.608001232147217,-0.6990987658500671
-5.680370330810547,-5.758028507232666,-7.336335182189941,-8.325418472290039,-8.123490333557129,-8.122735977172852,-7.945185661315918,-7.000669479370117,-6.477758407592773,-7.7983293533325195,-9.170856475830078,-8.789299011230469,-7.822789192199707,-7.168276309967041,-7.469204902648926,-8.732343673706055,-9.557085037231445,-8.898843765258789,-7.353935241699219,-6.242854595184326,-6.580061435699463,-8.213263511657715,-8.771610260009766,-8.523638725280762,-8.167964935302734,-7.402398586273193,-6.71234655380249,-5.837996482849121,-5.065491199493408,-4.804871559143066,-5.060479640960693,-5.270884990692139,-4.919665813446045,-3.687760591506958,-2.7485055923461914,-4.295468807220459,-4.33540153503418,-2.423577308654785,-4.337947845458984,-7.127542018890381,-6.863201141357422,-4.858901023864746,-3.6750752925872803
-6.544284820556641,-5.960946083068848,-7.608534812927246,-9.33677864074707,-8.974709510803223,-8.638168334960938,-8.571556091308594,-6.974081516265869,-5.672997951507568,-7.2442851066589355,-9.202674865722656,-9.314216613769531,-8.980915069580078,-8.626830101013184,-8.40095043182373,-8.51611328125,-8.606513023376465,-8.42110538482666,-7.538889408111572,-6.79827356338501,-7.349461555480957,-8.561372756958008,-8.733986854553223,-7.837988376617432,-7.256752014160156,-7.016297817230225,-6.730165958404541,-5.80368185043335,-4.2112274169921875,-3.8049447536468506,-4.370205402374268,-4.998621463775635,-5.550478458404541,-4.835228443145752,-3.6075186729431152,-4.508330345153809,-5.196560859680176,-4.898853778839111,-6.47104549407959,-7.709845066070557,-7.37947416305542,-6.11531400680542,-4.302833557128906
-8.427733421325684,-8.062691688537598,-8.197199821472168,-8.472271919250488,-8.506486892700195,-8.751760482788086,-8.484042167663574,-7.014727592468262,-4.996845245361328,-5.356961727142334,-8.345349311828613,-10.482813835144043,-10.574151992797852,-9.662176132202148,-8.995123863220215,-8.743476867675781,-8.507843971252441,-8.120963096618652,-7.436674118041992,-6.962405204772949,-7.088361740112305,-7.254940032958984,-7.220096111297607,-6.518526554107666,-5.629108428955078,-6.088662147521973,-7.092074871063232,-6.3450822830200195,-4.35493803024292,-2.7398927211761475,-2.0592591762542725,-3.4295542240142822,-6.1613264083862305,-7.0931220054626465,-5.800868511199951,-5.317399024963379,-5.328348636627197,-5.272096157073975,-5.910895824432373,-6.737056732177734,-6.905977725982666,-6.103247165679932,-4.443422794342041
-9.235776901245117,-8.143177032470703,-6.935776710510254,-6.357751846313477,-6.474393844604492,-7.010476112365723,-7.493353366851807,-7.289811611175537,-5.462029933929443,-5.036643981933594,-8.625608444213867,-11.614838600158691,-11.08267879486084,-9.457903861999512,-8.531052589416504,-8.98928165435791,-9.621237754821777,-8.882761001586914,-7.536156177520752,-6.796806335449219,-6.881316661834717,-6.948298931121826,-6.716189861297607,-6.578604221343994,-6.550835609436035,-6.918270587921143,-7.014808177947998,-5.6942949295043945,-3.896552324295044,-2.1104977130889893,-1.6438443660736084,-4.440043926239014,-6.561941146850586,-6.136627197265625,-5.463775157928467,-5.085086822509766,-4.856375694274902,-5.063065052032471,-6.405298233032227,-7.254648208618164,-6.89430570602417,-6.2925519943237305,-5.047779560089111
-7.894515037536621,-6.465786457061768,-4.765167236328125,-3.7941837310791016,-4.440690517425537,-6.346590995788574,-7.845476150512695,-8.1970853805542,-8.71735668182373,-10.829875946044922,-11.793118476867676,-11.149924278259277,-10.488105773925781,-8.838104248046875,-6.988189697265625,-7.36220121383667,-9.200450897216797,-9.426915168762207,-7.940071105957031,-6.401027679443359,-5.79263973236084,-6.150566577911377,-6.670236587524414,-7.006965160369873,-7.4506402015686035,-7.663329601287842,-7.1536359786987305,-5.68058443069458,-3.613828420639038,-2.378633499145508,-5.299964427947998,-8.723343849182129,-7.414266109466553,-5.506685256958008,-5.378071308135986,-4.775469779968262,-4.075826168060303,-5.113903045654297,-7.961334228515625,-8.970376014709473,-7.17482852935791,-6.410295486450195,-6.587843418121338
-7.762444496154785,-6.183349609375,-5.062132358551025,-5.102283477783203,-7.649949550628662,-8.850318908691406,-8.297162055969238,-8.4467191696167,-9.58746337890625,-11.49886703491211,-11.563019752502441,-10.628154754638672,-9.785444259643555,-9.074370384216309,-8.113387107849121,-7.567161560058594,-8.724006652832031,-9.47847843170166,-7.858214378356934,-5.716517448425293,-4.16172981262207,-4.2453718185424805,-5.538084030151367,-6.236237049102783,-6.93200159072876,-8.01439380645752,-8.135785102844238,-6.690216064453125,-4.8322577476501465,-4.5924577713012695,-7.3373799324035645,-8.54990291595459,-6.266003131866455,-4.942052841186523,-5.21670389175415,-4.929015159606934,-4.317091464996338,-5.2142438888549805,-8.018665313720703,-9.29252815246582,-7.424532890319824,-6.964818000793457,-8.177315711975098
-8.98239803314209,-7.562179088592529,-6.612282752990723,-7.720094203948975,-10.60525894165039,-11.52283763885498,-9.844603538513184,-8.44442367553711,-8.455281257629395,-8.985546112060547,-9.361100196838379,-9.390064239501953,-8.973085403442383,-8.607380867004395,-8.753790855407715,-9.523977279663086,-9.959477424621582,-9.002359390258789,-7.656543254852295,-6.302501678466797,-4.828436851501465,-4.277052879333496,-4.933846473693848,-5.04163122177124,-4.7722978591918945,-6.236974716186523,-8.138568878173828,-8.215262413024902,-6.957212924957275,-6.766814708709717,-7.745495319366455,-7.430799961090088,-5.887306213378906,-5.420297622680664,-5.420088291168213,-4.700136184692383,-4.103765487670898,-4.290577411651611,-5.982062816619873,-7.997615814208984,-8.549755096435547,-8.774439811706543,-8.64162540435791
-9.39694881439209,-8.599747657775879,-9.162627220153809,-10.978476524353027,-12.054169654846191,-11.243645668029785,-9.5018949508667,-7.668553352355957,-6.91399621963501,-8.108804702758789,-9.112849235534668,-8.623648643493652,-7.445666790008545,-7.086203098297119,-7.931647777557373,-8.51447868347168,-8.34533977508545,-8.003342628479004,-7.732012748718262,-7.734034061431885,-8.230990409851074,-8.529502868652344,-7.897357940673828,-6.3489298820495605,-4.984684467315674,-6.154670238494873,-8.211252212524414,-8.575569152832031,-8.194546699523926,-8.098444938659668,-8.037994384765625,-7.005721092224121,-5.857069969177246,-5.735580921173096,-5.713932514190674,-5.05414342880249,-4.861727237701416,-5.529943466186523,-5.844979286193848,-7.730553150177002,-10.400771141052246,-9.396438598632812,-6.716484069824219
-8.777786254882812,-8.94951057434082,-10.979172706604004,-12.787450790405273,-12.600297927856445,-11.08834171295166,-8.894880294799805,-6.453924655914307,-6.23064661026001,-7.738656997680664,-8.609189987182617,-8.830587387084961,-8.199882507324219,-7.636109352111816,-7.803528308868408,-7.246496677398682,-5.866474628448486,-5.294134616851807,-6.329367637634277,-8.90575122833252,-10.57424545288086,-9.054438591003418,-6.8486104011535645,-5.7959980964660645,-5.673459529876709,-6.831010341644287,-7.196183204650879,-7.411444187164307,-8.448708534240723,-8.748477935791016,-8.1533842086792,-6.5521345138549805,-5.548609256744385,-6.140227317810059,-6.239803314208984,-5.039636135101318,-4.275627136230469,-5.941298961639404,-8.813183784484863,-11.316493034362793,-11.746021270751953,-8.511836051940918,-5.325695037841797
-8.284539222717285,-8.639620780944824,-10.570619583129883,-11.99703598022461,-11.980469703674316,-10.821467399597168,-9.433533668518066,-9.0509672164917,-9.708250045776367,-9.656638145446777,-8.725109100341797,-8.744723320007324,-9.729998588562012,-10.645532608032227,-9.890846252441406,-7.264027118682861,-4.532044410705566,-2.6992640495300293,-4.651167392730713,-10.29074478149414,-12.631951332092285,-9.606578826904297,-6.454169273376465,-5.299692153930664,-5.339130878448486,-5.89674186706543,-6.5817718505859375,-6.899511337280273,-7.471499443054199,-8.849493026733398,-8.919342041015625,-7.121453285217285,-6.380631446838379,-7.921918869018555,-7.508825778961182,-5.150372505187988,-4.731261730194092,-8.118917465209961,-11.595778465270996,-11.623339653015137,-10.836750030517578,-8.762755393981934,-7.471943378448486
-9.29637622833252,-8.792055130004883,-9.34488296508789,-10.34772777557373,-10.446751594543457,-9.968751907348633,-9.952119827270508,-10.864802360534668,-12.034194946289062,-11.555484771728516,-9.194408416748047,-7.283107280731201,-8.155731201171875,-10.129807472229004,-9.422121047973633,-6.744370460510254,-4.636466026306152,-3.6723527908325195,-6.479814529418945,-11.661195755004883,-12.328404426574707,-9.709890365600586,-7.717347145080566,-7.3782267570495605,-8.314183235168457,-8.464726448059082,-7.419029235839844,-6.870197296142578,-7.636390686035156,-9.268851280212402,-9.929815292358398,-9.14770221710205,-8.777835845947266,-9.115492820739746,-8.090648651123047,-6.521446228027344,-6.947984218597412,-9.144286155700684,-10.822084426879883,-11.086987495422363,-10.341068267822266,-9.30270767211914,-8.301937103271484
-11.137422561645508,-10.807735443115234,-9.826312065124512,-9.451101303100586,-9.319997787475586,-9.445565223693848,-10.13703727722168,-10.357275009155273,-10.07370376586914,-9.613001823425293,-8.726516723632812,-7.704776763916016,-8.007519721984863,-9.339944839477539,-8.553730964660645,-5.73708438873291,-3.965977668762207,-5.54205322265625,-10.215625762939453,-12.436485290527344,-11.031355857849121,-9.590392112731934,-8.982800483703613,-8.856101036071777,-8.861562728881836,-8.813642501831055,-8.486898422241211,-8.37901782989502,-8.949499130249023,-9.898215293884277,-9.414429664611816,-7.79575252532959,-7.621241569519043,-8.728426933288574,-8.812515258789062,-8.161161422729492,-8.542672157287598,-9.873825073242188,-11.185101509094238,-11.107985496520996,-9.639547348022461,-8.466608047485352,-8.742870330810547
