data/wind_data/wind_Surface_60.json
{"header": {"parameterUnit": "KT", "parameterCategory": 2, "nx": 255, "ny": 198, "lo1": 44.73521041870117, "la1": -3.236724853515625, "lo2": 111.26478576660156, "la2": 43.468475341796875, "dx": 0.26192745566368103, "dy": -0.23708222806453705, "refTime": "2025-02-21 12:00:00", "forecastTime": 0, "parameterNumber": 2, "parameterNumberName": "eastward_wind"}, "data":
[rows 114 to 132 of 198, columns 0 to 42 of 255]
-1.9155856370925903,-1.510835886001587,-1.0033998489379883,-1.886927843093872,-0.34954634308815,0.6768636107444763,0.04799988865852356,-0.00207542534917593,-0.1516830176115036,0.8172143697738647,1.1519526243209839,0.6217142343521118,0.03196639195084572,0.6459307074546814,0.4396727979183197,1.1405423879623413,1.3257911205291748,2.6817996501922607,1.9623469114303589,3.354888439178467,0.8618887066841125,-4.636101245880127,-3.0267858505249023,0.8193113803863525,4.411440372467041,1.5999072790145874,-1.6281689405441284,-0.19794617593288422,1.9485138654708862,3.0957188606262207,2.8585262298583984,1.9969351291656494,0.9837920069694519,-0.8252201676368713,-1.8321268558502197,-1.8291521072387695,-2.024951934814453,-2.91135311126709,-4.187532424926758,-5.189728736877441,-5.1450066566467285,-4.016063213348389,-2.773792028427124
-1.5892425775527954,-1.2584916353225708,-1.2047804594039917,-0.7283545136451721,0.2857229709625244,-0.001344475895166397,-0.5053337216377258,-0.5217217803001404,-0.3422616422176361,0.6475236415863037,1.0392842292785645,0.8024677634239197,0.7775587439537048,1.1352516412734985,1.0482964515686035,1.5858829021453857,1.7601436376571655,3.3254191875457764,2.691602945327759,4.161752223968506,1.4430880546569824,-4.4916791915893555,-2.54750394821167,0.23507146537303925,2.283149480819702,2.4780900478363037,2.9544177055358887,3.6129066944122314,3.484867572784424,3.299823760986328,2.3470282554626465,1.1814396381378174,-0.14960318803787231,-2.072340726852417,-3.0840799808502197,-3.6005678176879883,-4.460493087768555,-5.491339683532715,-6.3358988761901855,-6.354388236999512,-5.736466884613037,-5.230130672454834,-6.538463115692139
-1.7837927341461182,-1.4418824911117554,-1.3595482110977173,-0.9100580215454102,0.37965521216392517,0.7577146887779236,-0.8985680341720581,-0.4478095471858978,-0.48500531911849976,0.3322051465511322,1.7252987623214722,1.7036272287368774,2.271481513977051,1.6735609769821167,1.3418406248092651,1.6536204814910889,2.052215576171875,3.660677433013916,3.0171520709991455,4.554851055145264,1.3322808742523193,-4.065353870391846,-1.1158207654953003,0.7698489427566528,2.265629291534424,5.123509883880615,5.730397701263428,4.441610336303711,3.734391689300537,3.155287742614746,2.5527424812316895,1.7002308368682861,-0.4148222506046295,-2.961055040359497,-4.654534816741943,-5.858766078948975,-6.845977306365967,-7.3811564445495605,-7.338508605957031,-6.360321044921875,-5.286900520324707,-4.196537971496582,-4.1400299072265625
-2.20037841796875,-1.850189447402954,-1.9451203346252441,0.7234029769897461,0.4346945583820343,-0.8807542324066162,-1.404974341392517,-1.5628535747528076,-0.4444156587123871,0.11032397300004959,2.3453850746154785,2.9549050331115723,2.9219179153442383,2.4048216342926025,2.296189308166504,2.5662174224853516,2.921215057373047,3.3158297538757324,3.1131110191345215,4.11572265625,0.7903996109962463,-2.5232512950897217,0.03778392821550369,2.438051700592041,3.6607422828674316,4.052937984466553,3.4198784828186035,3.1305270195007324,3.2389209270477295,3.0901525020599365,2.622253656387329,2.068359851837158,-0.12568464875221252,-3.962141752243042,-6.832400798797607,-8.421012878417969,-8.95871353149414,-8.368156433105469,-7.309092998504639,-6.659983158111572,-6.102153301239014,-6.054098129272461,-5.864671230316162
-2.2686269283294678,-2.1473400592803955,-2.12292218208313,0.1347215175628662,-0.01533304713666439,-1.0712552070617676,-1.6768889427185059,-1.7840380668640137,0.6088917255401611,1.6784017086029053,2.530287504196167,3.147670269012451,3.4996392726898193,3.0784997940063477,3.0910794734954834,3.1571781635284424,3.6564221382141113,3.116318464279175,2.9886598587036133,1.6425199508666992,-0.7821754217147827,0.309274822473526,2.4401941299438477,3.881692409515381,4.107381820678711,4.433480262756348,4.497291088104248,3.9897515773773193,3.394847869873047,2.5691633224487305,2.0530710220336914,1.3092042207717896,-2.6716747283935547,-6.003705978393555,-6.279305934906006,-5.42394495010376,-4.77980375289917,-6.323260307312012,-7.326873779296875,-7.221219062805176,-4.663219928741455,-4.568164825439453,-5.386767864227295
-2.113482713699341,-2.335728883743286,-1.950992226600647,0.698870837688446,-0.7806697487831116,-3.3723702430725098,-0.37396422028541565,0.25779488682746887,1.032222867012024,1.7449681758880615,1.9295144081115723,3.4935173988342285,3.6606931686401367,3.523312568664551,3.3665409088134766,3.662334442138672,3.4671132564544678,2.2341971397399902,0.27699950337409973,-1.3179917335510254,0.1878798007965088,2.8425066471099854,4.0798234939575195,4.73024320602417,4.9484758377075195,4.896554470062256,4.434243679046631,3.9232895374298096,3.276467800140381,2.6739444732666016,2.024764060974121,1.3033868074417114,0.8429438471794128,-1.5195891857147217,-4.330008506774902,-4.142534255981445,-2.925300121307373,-3.9882795810699463,-5.257036209106445,-5.5825042724609375,-5.591190814971924,-4.68629264831543,-1.4713269472122192
-1.8072000741958618,-1.9429961442947388,-1.2773423194885254,-1.495039701461792,-0.9135692119598389,-1.0957223176956177,0.674902081489563,0.6565565466880798,1.1615668535232544,2.0795035362243652,1.6442854404449463,3.367706060409546,3.1532909870147705,3.4563961029052734,3.383244514465332,3.9319820404052734,1.6912426948547363,-1.6988837718963623,-2.9927380084991455,-0.9561748504638672,3.0242371559143066,4.770829200744629,5.1939311027526855,5.25836706161499,5.344810485839844,5.220378875732422,4.798694610595703,4.211021900177002,3.384875535964966,2.777402639389038,3.6346449851989746,5.675464630126953,3.9561538696289062,2.075486421585083,0.39595654606819153,-0.8302150964736938,0.2735663950443268,-0.30846667289733887,-1.2609864473342896,-2.3157265186309814,-3.5735511779785156,-4.469968318939209,-3.0746123790740967
-1.291608214378357,-0.8795062899589539,-0.3387100100517273,-0.8025054335594177,-0.5536804795265198,-0.8328530788421631,0.422998309135437,0.6162545680999756,1.601088047027588,2.658175230026245,2.7431018352508545,2.8840630054473877,2.9874978065490723,3.434630870819092,3.927138090133667,2.5016555786132812,-3.813140869140625,-5.743254661560059,-2.320209503173828,1.833459496498108,3.991547107696533,5.7099151611328125,6.212792873382568,5.947418212890625,5.8851799964904785,5.6159234046936035,4.907010078430176,3.6999106407165527,2.041227340698242,2.2211124897003174,4.13742208480835,6.109987258911133,6.380086421966553,6.283059597015381,6.083224296569824,4.6169257164001465,3.764120101928711,3.4522175788879395,1.863110065460205,-0.025079665705561638,-1.9888229370117188,-3.3403303623199463,-1.9753531217575073
-0.8603681325912476,-0.2790435254573822,0.14753997325897217,-0.14676351845264435,-0.31335920095443726,-0.11878319084644318,0.3136851191520691,0.7082396149635315,2.7665083408355713,3.1167116165161133,3.003265380859375,2.7333972454071045,2.977215528488159,3.106226682662964,4.487206935882568,0.13428746163845062,-6.647707462310791,-3.642099142074585,-0.23215359449386597,2.3298516273498535,4.946739196777344,6.789584636688232,7.230917930603027,6.6912150382995605,6.106227397918701,5.530719757080078,4.191915512084961,1.8315505981445312,0.31926459074020386,2.277350425720215,4.844953536987305,6.66483736038208,7.721284866333008,8.090621948242188,9.122396469116211,9.693742752075195,8.105758666992188,5.982700347900391,4.258700370788574,3.236941337585449,0.3354448676109314,-1.3178796768188477,0.284712553024292
-0.41669169068336487,-0.35621213912963867,0.06857704371213913,-0.08059106767177582,-0.031041987240314484,-0.03829740360379219,0.6595484018325806,1.4297430515289307,3.2221546173095703,3.059612989425659,2.066251039505005,3.331205129623413,3.147104501724243,3.466583728790283,4.388054370880127,-1.3606929779052734,-5.5121331214904785,-2.0237550735473633,0.8237947821617126,3.780611038208008,5.770543575286865,7.375094890594482,7.915865421295166,7.480250358581543,6.430267333984375,5.741812705993652,3.994636297225952,3.0624473094940186,2.995605707168579,4.187395095825195,6.718341827392578,8.022624015808105,8.764974594116211,9.485325813293457,10.378387451171875,11.66696834564209,11.657995223999023,8.944550514221191,5.242059230804443,4.195584774017334,4.1028733253479,2.839789867401123,2.897308349609375
-0.24304960668087006,-0.4196664094924927,-0.023486895486712456,0.15634547173976898,0.7393750548362732,0.6688109636306763,1.5299853086471558,2.284231424331665,2.8088061809539795,2.876079559326172,2.353022336959839,4.2838029861450195,2.540405750274658,4.187028884887695,3.1014256477355957,-3.3678436279296875,-2.938089609146118,-0.040274281054735184,3.245252847671509,5.286532402038574,6.232749938964844,7.441143035888672,8.187809944152832,8.378363609313965,7.045216083526611,7.593963146209717,6.252206325531006,4.630491256713867,5.2277727127075195,5.715216159820557,7.874351501464844,9.32590103149414,10.3392915725708,10.90174674987793,11.484945297241211,11.73011589050293,12.328234672546387,12.337523460388184,6.64503288269043,4.2190752029418945,6.470384120941162,7.010039329528809,6.382720470428467
-0.45783087611198425,-0.33109769225120544,-0.03768287971615791,0.7618048191070557,0.9536199569702148,1.723737359046936,1.860975742340088,2.681589126586914,3.720311164855957,3.5130391120910645,3.702254056930542,3.3012008666992188,2.249995231628418,4.223184585571289,1.8396377563476562,-3.363159418106079,-0.9205291271209717,2.5163145065307617,5.037695407867432,6.433204650878906,6.770251274108887,6.750710964202881,7.610435962677002,7.6853461265563965,7.053153991699219,7.994248390197754,7.395411968231201,6.294633865356445,6.821935653686523,7.034414291381836,8.544365882873535,9.852764129638672,10.610247611999512,11.28913688659668,11.94246768951416,12.102221488952637,11.412154197692871,12.49830150604248,11.784106254577637,9.051807403564453,8.356263160705566,8.971198081970215,9.49339485168457
-0.5875422954559326,-0.12412489205598831,0.18422333896160126,1.0343338251113892,1.5618005990982056,2.3688483238220215,2.683779239654541,3.662571430206299,3.895521640777588,3.8819549083709717,5.041492462158203,2.1801750659942627,2.566791296005249,2.2279422283172607,-2.292226552963257,-1.9836914539337158,0.9559632539749146,3.825056552886963,5.947858810424805,6.86356782913208,6.968912124633789,6.414886474609375,6.678382396697998,6.472722053527832,6.911019325256348,8.447354316711426,8.0608549118042,6.996469020843506,6.891899108886719,7.529797077178955,9.120817184448242,9.80245590209961,9.960418701171875,10.589540481567383,11.755895614624023,12.096549987792969,10.984025955200195,10.963549613952637,12.714896202087402,13.004660606384277,11.236479759216309,10.185768127441406,9.724735260009766
-0.20978733897209167,0.25883445143699646,0.6945699453353882,1.5563535690307617,2.4528229236602783,2.77964186668396,3.777682065963745,3.8814609050750732,4.2640204429626465,5.27254581451416,4.969444274902344,1.9123592376708984,2.5840041637420654,0.598763108253479,-4.155871868133545,-1.2872978448867798,2.520904541015625,5.37041711807251,6.740572452545166,7.031847953796387,7.117870330810547,6.716075420379639,6.789962291717529,5.177140712738037,5.134255886077881,8.187294960021973,7.946047782897949,6.534222602844238,6.043459415435791,7.051393508911133,9.603410720825195,10.118372917175293,9.411053657531738,9.641712188720703,10.856854438781738,11.581562042236328,11.08287239074707,11.176541328430176,13.244500160217285,14.50003719329834,13.304969787597656,12.16254711151123,11.39276123046875
0.4269062876701355,0.7975195646286011,1.2051184177398682,2.265756368637085,2.644369602203369,3.5754075050354004,4.424893856048584,4.053511619567871,4.975839138031006,4.843343734741211,3.4995150566101074,2.5997366905212402,2.4683918952941895,0.7750557661056519,-1.9887821674346924,-0.7052215933799744,3.4098832607269287,6.242109298706055,7.17864990234375,7.050705432891846,6.937112808227539,7.181436061859131,6.2974042892456055,5.725183963775635,6.230118751525879,7.693495750427246,7.516155242919922,6.16650915145874,6.179687976837158,7.428902626037598,10.30920124053955,10.389631271362305,9.353660583496094,9.498589515686035,10.388663291931152,11.117035865783691,11.598565101623535,12.462239265441895,13.515140533447266,13.694132804870605,13.235586166381836,12.529403686523438,12.413034439086914
1.315181016921997,1.5573533773422241,1.8391587734222412,2.2205991744995117,3.4851858615875244,3.6535873413085938,3.9827401638031006,4.116571426391602,4.5519890785217285,4.175400257110596,3.4704513549804688,3.5080435276031494,0.579081654548645,-1.6548469066619873,-1.2711817026138306,0.8061314225196838,4.179274082183838,6.741281509399414,7.381837368011475,6.372225284576416,6.433384418487549,6.519148826599121,6.4947710037231445,6.047239780426025,5.870565891265869,7.46863317489624,7.351891994476318,5.4730634689331055,7.202062129974365,11.103826522827148,11.730616569519043,10.07307243347168,9.67862606048584,10.631959915161133,11.372659683227539,11.632467269897461,12.432440757751465,13.243390083312988,12.782504081726074,11.730184555053711,11.89379596710205,13.32790756225586,13.19884967803955
2.4119560718536377,2.5433521270751953,2.4146487712860107,3.0775842666625977,3.838242769241333,4.040670394897461,4.504699230194092,4.146825313568115,4.997321128845215,3.919029474258423,4.822024822235107,3.086634635925293,-2.2618985176086426,-2.81459379196167,-1.7737717628479004,1.465227723121643,4.314778804779053,6.311359882354736,6.318106174468994,5.4076313972473145,5.73269510269165,4.374593257904053,5.1303486824035645,6.26305627822876,5.7290778160095215,7.417449951171875,7.0939226150512695,5.622313976287842,9.007956504821777,12.952861785888672,11.958903312683105,10.565923690795898,11.409873962402344,12.684521675109863,12.707804679870605,12.142566680908203,12.859946250915527,13.682415008544922,13.041426658630371,11.690279960632324,11.340959548950195,12.426889419555664,13.34681510925293
3.3886048793792725,3.5238068103790283,3.4136266708374023,3.957801580429077,4.200472354888916,4.632778644561768,5.340868949890137,4.800114154815674,4.567943572998047,3.909700393676758,5.18057107925415,4.575893878936768,5.1590752601623535,2.3643710613250732,-1.5763787031173706,1.939205527305603,4.170866012573242,5.528971195220947,5.09354305267334,4.72496223449707,5.335102081298828,5.213037490844727,5.123827934265137,4.159366607666016,3.883589029312134,6.361752510070801,6.310199737548828,6.796640872955322,11.282156944274902,13.396387100219727,11.307252883911133,9.366341590881348,11.556004524230957,13.110394477844238,13.585479736328125,14.11509895324707,14.346090316772461,14.345138549804688,13.547123908996582,12.933836936950684,13.076976776123047,12.908058166503906,13.551725387573242
4.368659496307373,4.607895374298096,4.765331745147705,4.85865592956543,5.15828275680542,5.139001369476318,5.163669586181641,4.478818416595459,5.23126745223999,4.981376647949219,5.795133113861084,5.8619232177734375,4.890933513641357,4.067239761352539,0.6278716921806335,1.4714428186416626,3.9090561866760254,4.6533002853393555,5.568264961242676,4.753783226013184,6.4844183921813965,5.609095096588135,3.381869316101074,2.0722603797912598,2.17207407951355,4.777109146118164,5.75027322769165,8.116061210632324,12.717805862426758,12.155391693115234,9.082036018371582,8.730831146240234,11.445470809936523,12.614580154418945,13.401299476623535,15.048436164855957,14.361753463745117,13.185882568359375,13.206833839416504,13.77395248413086,14.413604736328125,15.18593692779541,16.447477340698242
