data/wind_data/wind_17_4.json
{"header": {"parameterUnit": "KT", "parameterCategory": 2, "nx": 256, "ny": 198, "lo1": 44.73521041870117, "la1": -3.236724853515625, "lo2": 111.26478576660156, "la2": 43.468475341796875, "dx": 0.2609002888202667, "dy": -0.23708222806453705, "refTime": "2025-02-19 17:00:00", "forecastTime": 0, "parameterNumber": 2, "parameterNumberName": "eastward_wind"}, "data":
[rows 76 to 94 of 198, columns 44 to 87 of 256]
-2.8050923347473145,-2.6035897731781006,-2.354358196258545,-2.047675848007202,-1.8007644414901733,-1.614356279373169,-1.3281383514404297,-0.8868071436882019,-0.5094984769821167,-0.33579209446907043,-0.27641722559928894,-0.2100186049938202,-0.08714739233255386,0.056557293981313705,0.15320102870464325,0.18209142982959747,0.1613147109746933,0.1509496420621872,0.2292066067457199,0.460695743560791,0.8558791279792786,1.3045144081115723,1.7196004390716553,2.1168928146362305,2.5287065505981445,2.9223592281341553,3.1962227821350098,3.306220531463623,3.3146138191223145,3.324669122695923,3.4015040397644043,3.584728717803955,3.878213405609131,4.2546067237854,4.655296802520752,5.027216911315918,5.365340232849121,5.709768772125244,6.119504451751709,6.6239142417907715,7.170267581939697,7.652398109436035,8.026189804077148,8.313794136047363
-2.103675365447998,-1.714187502861023,-1.3427619934082031,-0.9900264739990234,-0.7322397828102112,-0.5517634153366089,-0.25765395164489746,0.20350326597690582,0.585330069065094,0.7207741737365723,0.7239564657211304,0.7854629755020142,0.9310989379882812,1.0509333610534668,1.074188470840454,1.0364960432052612,1.0349109172821045,1.1441922187805176,1.358737826347351,1.6460596323013306,1.9728749990463257,2.3106303215026855,2.647800922393799,2.9969518184661865,3.3580944538116455,3.6974008083343506,3.9452550411224365,4.0808892250061035,4.156002998352051,4.226665496826172,4.3094305992126465,4.404313087463379,4.543525218963623,4.756634712219238,5.034671306610107,5.345160484313965,5.673157691955566,6.044741153717041,6.5063629150390625,7.089632987976074,7.7659525871276855,8.472150802612305,9.107872009277344,9.56098461151123
-1.4771959781646729,-1.0239335298538208,-0.4688318967819214,-0.012548219412565231,0.2901739180088043,0.4869007468223572,0.8096675276756287,1.2608418464660645,1.5870964527130127,1.6561967134475708,1.605893850326538,1.6334266662597656,1.762454628944397,1.8753262758255005,1.920878291130066,1.9475536346435547,2.0450892448425293,2.268829345703125,2.6039586067199707,2.968019962310791,3.2820868492126465,3.5230531692504883,3.7274155616760254,3.9557652473449707,4.246959209442139,4.564789295196533,4.844724655151367,5.062629699707031,5.243558883666992,5.403860569000244,5.52604341506958,5.583409786224365,5.60243034362793,5.667052745819092,5.821774005889893,6.062295913696289,6.359801292419434,6.71467399597168,7.155442714691162,7.716639041900635,8.352858543395996,8.997142791748047,9.616096496582031,10.174834251403809
-0.5753829479217529,-0.4632016122341156,0.027892930433154106,0.6585135459899902,1.1281492710113525,1.451761245727539,1.8341208696365356,2.2527804374694824,2.5079195499420166,2.565290689468384,2.534611940383911,2.513636350631714,2.555579900741577,2.6387975215911865,2.7262489795684814,2.8625335693359375,3.1050848960876465,3.4650914669036865,3.8869802951812744,4.275054931640625,4.5526556968688965,4.726763725280762,4.864980697631836,5.0504350662231445,5.317615032196045,5.630423069000244,5.938163757324219,6.214332580566406,6.467207908630371,6.68612813949585,6.838709354400635,6.89969539642334,6.871463298797607,6.835794925689697,6.8808746337890625,7.032494068145752,7.268095016479492,7.589162826538086,8.009754180908203,8.51327133178711,9.02322006225586,9.470255851745605,9.84688949584961,10.202535629272461
0.5916889905929565,0.43839389085769653,0.4787796437740326,0.9038746356964111,1.5537315607070923,2.1696617603302,2.737107753753662,3.171566963195801,3.3847360610961914,3.488556146621704,3.603395462036133,3.627781391143799,3.569565773010254,3.551025867462158,3.654886245727539,3.8804123401641846,4.2016472816467285,4.614322662353516,5.076002597808838,5.481036186218262,5.744106769561768,5.892289638519287,6.024430751800537,6.222416400909424,6.508730888366699,6.838595867156982,7.1666388511657715,7.4729323387146,7.752435207366943,7.988957405090332,8.137408256530762,8.172844886779785,8.118633270263672,8.059867858886719,8.091980934143066,8.2246675491333,8.41281509399414,8.637978553771973,8.92715835571289,9.291207313537598,9.659770965576172,9.944459915161133,10.109610557556152,10.206852912902832
1.9980146884918213,1.4348781108856201,1.342424750328064,1.5383738279342651,1.8976459503173828,2.470726728439331,3.214799165725708,3.8505334854125977,4.2263946533203125,4.496028423309326,4.790950775146484,4.939179420471191,4.884186744689941,4.794837951660156,4.865180492401123,5.1034159660339355,5.414272785186768,5.760583877563477,6.135591506958008,6.487974643707275,6.760849952697754,6.967181205749512,7.190218448638916,7.482083797454834,7.824540138244629,8.15359878540039,8.460077285766602,8.757991790771484,9.03584098815918,9.262928009033203,9.40881061553955,9.451364517211914,9.397161483764648,9.317858695983887,9.321786880493164,9.450029373168945,9.65723991394043,9.874552726745605,10.089122772216797,10.309327125549316,10.506278991699219,10.62236213684082,10.62343692779541,10.546976089477539
3.8064322471618652,3.253371238708496,3.173266649246216,3.174931526184082,3.1094753742218018,3.1961352825164795,3.592304229736328,4.156503200531006,4.775912761688232,5.415589809417725,5.955048561096191,6.222168445587158,6.2160258293151855,6.1392292976379395,6.202459335327148,6.426236629486084,6.697936534881592,6.950595855712891,7.186265468597412,7.418398380279541,7.649088382720947,7.909892559051514,8.262253761291504,8.713408470153809,9.163214683532715,9.513001441955566,9.764077186584473,9.977154731750488,10.184416770935059,10.387338638305664,10.561914443969727,10.672722816467285,10.717541694641113,10.730234146118164,10.752436637878418,10.810431480407715,10.909309387207031,11.059215545654297,11.265825271606445,11.488224983215332,11.644265174865723,11.666607856750488,11.559118270874023,11.392529487609863
5.634191989898682,5.058185577392578,4.819026470184326,4.7552900314331055,4.658072471618652,4.564224720001221,4.5852460861206055,4.8045268058776855,5.302874565124512,6.026124000549316,6.714724063873291,7.148817539215088,7.319392204284668,7.358183860778809,7.42667818069458,7.568967342376709,7.739959239959717,7.9211812019348145,8.113303184509277,8.308273315429688,8.522453308105469,8.808751106262207,9.222597122192383,9.755098342895508,10.285235404968262,10.674361228942871,10.91308879852295,11.05748176574707,11.167682647705078,11.283834457397461,11.423722267150879,11.593210220336914,11.785942077636719,11.974079132080078,12.127941131591797,12.225810050964355,12.257305145263672,12.275015830993652,12.370035171508789,12.53775691986084,12.655200004577637,12.626165390014648,12.48477554321289,12.337804794311523
6.096429347991943,6.43264102935791,6.629777908325195,6.414959907531738,5.924779891967773,5.611309051513672,5.587749004364014,5.784383773803711,6.251132488250732,6.883988380432129,7.431538105010986,7.784308433532715,8.02731990814209,8.242952346801758,8.414735794067383,8.496369361877441,8.518113136291504,8.598235130310059,8.781557083129883,9.002775192260742,9.2504243850708,9.578462600708008,10.0281343460083,10.564252853393555,11.07145881652832,11.453831672668457,11.688830375671387,11.805174827575684,11.859564781188965,11.917091369628906,12.036993026733398,12.261293411254883,12.587394714355469,12.9383544921875,13.241366386413574,13.419142723083496,13.442511558532715,13.383817672729492,13.367383003234863,13.410589218139648,13.41804027557373,13.330560684204102,13.194914817810059,13.108468055725098
7.687810897827148,7.359896659851074,7.495961666107178,7.74212121963501,7.693263053894043,7.256964683532715,6.805245876312256,6.83989143371582,7.309482574462891,7.825127124786377,8.193658828735352,8.495809555053711,8.835969924926758,9.172591209411621,9.379907608032227,9.392600059509277,9.318474769592285,9.322370529174805,9.463101387023926,9.676504135131836,9.932311058044434,10.295825004577637,10.79394817352295,11.3129243850708,11.702152252197266,11.923408508300781,12.042657852172852,12.109114646911621,12.157302856445312,12.247920989990234,12.455166816711426,12.820294380187988,13.31571102142334,13.813194274902344,14.183609962463379,14.35488224029541,14.342248916625977,14.230449676513672,14.12006664276123,14.023550033569336,13.881115913391113,13.708111763000488,13.614335060119629,13.681633949279785
9.141716003417969,9.551300048828125,9.384964942932129,9.27233600616455,9.085695266723633,8.561091423034668,8.202301025390625,8.336565971374512,8.696663856506348,8.951401710510254,9.040267944335938,9.170086860656738,9.51264476776123,9.923318862915039,10.128028869628906,10.080362319946289,10.005366325378418,10.081560134887695,10.274015426635742,10.47813606262207,10.715417861938477,11.068445205688477,11.526920318603516,11.960437774658203,12.20174789428711,12.246393203735352,12.213550567626953,12.19070816040039,12.23846435546875,12.422934532165527,12.776700019836426,13.301411628723145,13.94662094116211,14.544900894165039,14.910367012023926,15.008281707763672,14.954296112060547,14.849767684936523,14.714603424072266,14.518317222595215,14.270352363586426,14.064011573791504,14.045610427856445,14.276895523071289
9.588165283203125,10.68017864227295,11.08219051361084,10.891512870788574,10.149527549743652,9.566431999206543,9.643597602844238,10.002853393554688,10.224112510681152,10.243657112121582,10.178959846496582,10.19775676727295,10.34619140625,10.498230934143066,10.527010917663574,10.50000286102295,10.593585968017578,10.841127395629883,11.131246566772461,11.40267276763916,11.714882850646973,12.110201835632324,12.485393524169922,12.682901382446289,12.672357559204102,12.547260284423828,12.410295486450195,12.353022575378418,12.457042694091797,12.755451202392578,13.202271461486816,13.749544143676758,14.338539123535156,14.823039054870605,15.077337265014648,15.143431663513184,15.15204906463623,15.14525032043457,15.077567100524902,14.90066909790039,14.673049926757812,14.561089515686035,14.71476936340332,15.107075691223145
11.519648551940918,12.225464820861816,12.501449584960938,12.425118446350098,11.959418296813965,11.507460594177246,11.446063041687012,11.502276420593262,11.479181289672852,11.425739288330078,11.393665313720703,11.34831714630127,11.247651100158691,11.063460350036621,10.870823860168457,10.832714080810547,11.022815704345703,11.350203514099121,11.730703353881836,12.204802513122559,12.791479110717773,13.378170013427734,13.75104808807373,13.783326148986816,13.560242652893066,13.299126625061035,13.114903450012207,13.054341316223145,13.179993629455566,13.493499755859375,13.899824142456055,14.315471649169922,14.667094230651855,14.834891319274902,14.80006217956543,14.739631652832031,14.788278579711914,14.894576072692871,14.952467918395996,14.930224418640137,14.916047096252441,15.064972877502441,15.451624870300293,15.963040351867676
13.245372772216797,13.865294456481934,13.635805130004883,12.960944175720215,12.466291427612305,12.006895065307617,12.163203239440918,12.417523384094238,12.454113006591797,12.473841667175293,12.517666816711426,12.429656982421875,12.068317413330078,11.530383110046387,11.13333511352539,11.106487274169922,11.34265422821045,11.658669471740723,12.129185676574707,12.886380195617676,13.803742408752441,14.582013130187988,14.988202095031738,14.972145080566406,14.692790985107422,14.423903465270996,14.307377815246582,14.32850456237793,14.477538108825684,14.755629539489746,15.09436321258545,15.380135536193848,15.490519523620605,15.291069030761719,14.858781814575195,14.508125305175781,14.411416053771973,14.495481491088867,14.65474796295166,14.88023567199707,15.22805404663086,15.73839282989502,16.351106643676758,16.896198272705078
14.780418395996094,15.064774513244629,14.890652656555176,14.040552139282227,13.853788375854492,13.325838088989258,13.26403522491455,13.463286399841309,13.56823444366455,13.633732795715332,13.57509994506836,13.397660255432129,12.949713706970215,12.27769947052002,11.827719688415527,11.869330406188965,12.198311805725098,12.608834266662598,13.200700759887695,14.055157661437988,14.938819885253906,15.572906494140625,15.8392333984375,15.759744644165039,15.53030014038086,15.425268173217773,15.551798820495605,15.789825439453125,16.030263900756836,16.309770584106445,16.64936065673828,16.938213348388672,16.97084617614746,16.568254470825195,15.861449241638184,15.22789192199707,14.869318008422852,14.778600692749023,14.947358131408691,15.391427040100098,16.060869216918945,16.825971603393555,17.51865005493164,17.99000358581543
16.898832321166992,16.90325355529785,16.444555282592773,15.457304000854492,16.103836059570312,16.635976791381836,16.55663299560547,16.221227645874023,15.726218223571777,15.220516204833984,14.884777069091797,14.689016342163086,14.282637596130371,13.665292739868164,13.31352424621582,13.454499244689941,13.910625457763672,14.517319679260254,15.312594413757324,16.146974563598633,16.712045669555664,16.8551025390625,16.660160064697266,16.333332061767578,16.1275691986084,16.24443244934082,16.677101135253906,17.218862533569336,17.678157806396484,18.04876708984375,18.385826110839844,18.63967514038086,18.60341453552246,18.106287002563477,17.35536766052246,16.70993423461914,16.281095504760742,16.0949764251709,16.255443572998047,16.803024291992188,17.574399948120117,18.302356719970703,18.816673278808594,19.06023406982422
18.043781280517578,18.241436004638672,18.214099884033203,16.763290405273438,17.139705657958984,17.926761627197266,18.526203155517578,18.8360652923584,18.387006759643555,17.573007583618164,16.934337615966797,16.3402042388916,15.58811092376709,15.126914978027344,15.397777557373047,16.138933181762695,16.88694190979004,17.564664840698242,18.265426635742188,18.837390899658203,18.99901580810547,18.66750144958496,18.098556518554688,17.630901336669922,17.462114334106445,17.62721061706543,18.058969497680664,18.60959815979004,19.132448196411133,19.56263542175293,19.90441131591797,20.124391555786133,20.037891387939453,19.5361270904541,18.879526138305664,18.365991592407227,18.028324127197266,17.906261444091797,18.162006378173828,18.7987003326416,19.526376724243164,20.02375030517578,20.197635650634766,20.09393310546875
18.893884658813477,19.000347137451172,19.624717712402344,18.334196090698242,18.066123962402344,18.38395881652832,18.822111129760742,19.362573623657227,19.259761810302734,18.795621871948242,18.521547317504883,17.85385513305664,16.764484405517578,16.391067504882812,17.223546981811523,18.619478225708008,19.90159034729004,20.87017250061035,21.518274307250977,21.748403549194336,21.465543746948242,20.851797103881836,20.270278930664062,19.956764221191406,19.954111099243164,20.1827449798584,20.45248794555664,20.636667251586914,20.782203674316406,20.980274200439453,21.240869522094727,21.46052360534668,21.385303497314453,20.93702507019043,20.41408920288086,20.06676483154297,19.88390350341797,19.87972640991211,20.207792282104492,20.838665008544922,21.435253143310547,21.69074249267578,21.551403045654297,21.11021614074707
19.616151809692383,19.810232162475586,20.6392879486084,20.513696670532227,19.12541961669922,19.093538284301758,19.148176193237305,18.97530174255371,19.125886917114258,19.631742477416992,19.94061279296875,19.332279205322266,18.112869262695312,17.875349044799805,19.13692855834961,20.8941707611084,22.310134887695312,23.234132766723633,23.702594757080078,23.69464874267578,23.351238250732422,22.980833053588867,22.760465621948242,22.687894821166992,22.75944709777832,22.94683837890625,23.1053466796875,23.092056274414062,22.9685001373291,22.928590774536133,23.053380966186523,23.2039794921875,23.111499786376953,22.706451416015625,22.255767822265625,22.003286361694336,21.973569869995117,22.130138397216797,22.48048973083496,22.89689826965332,23.12574577331543,23.02959632873535,22.591062545776367,21.862396240234375
