data/wind_data/wind_2025-02-19_22.json
{"header": {"parameterUnit": "KT", "parameterCategory": 2, "nx": 255, "ny": 198, "lo1": 44.73521041870117, "la1": -3.236724853515625, "lo2": 111.26478576660156, "la2": 43.468475341796875, "dx": 0.26192745566368103, "dy": -0.23708222806453705, "refTime": "2025-02-19 22:00:00", "forecastTime": 0, "parameterNumber": 3, "parameterNumberName": "northward_wind"}, "data":
[rows 76 to 94 of 198, columns 0 to 42 of 255]
0.6581693291664124,3.0903162956237793,4.316810131072998,5.306376934051514,7.459765911102295,7.625640869140625,9.357712745666504,10.526680946350098,7.050159454345703,5.794648170471191,6.825444221496582,8.501649856567383,9.197486877441406,8.518699645996094,7.104966163635254,6.78363561630249,5.2951202392578125,2.619006872177124,0.795813798904419,0.882440447807312,1.031564474105835,-0.1603272259235382,-2.546863317489624,-3.007922649383545,-3.085078716278076,-3.850985050201416,-5.481478691101074,-6.257932662963867,-7.6659111976623535,-6.767477989196777,-1.7191088199615479,-0.48985394835472107,-0.5968653559684753,0.424740731716156,0.8324351906776428,0.32907938957214355,-0.1572618931531906,-0.4675835967063904,-0.16694608330726624,0.3789685070514679,1.471756100654602,2.244473934173584,2.528247356414795
1.7209761142730713,4.322390556335449,5.6044487953186035,6.527735710144043,8.25001049041748,10.456789016723633,13.382192611694336,12.226804733276367,7.241299629211426,7.27388334274292,8.351967811584473,10.227989196777344,10.123743057250977,10.644299507141113,10.736648559570312,11.023056030273438,9.855021476745605,8.031499862670898,7.7028584480285645,8.216538429260254,7.798028469085693,6.332777500152588,4.212838172912598,1.407595157623291,-1.2597631216049194,-2.0355193614959717,-1.927943229675293,-3.145689010620117,-3.9743869304656982,-2.48044490814209,-1.1103894710540771,-1.1737730503082275,-2.3068478107452393,-2.803743362426758,-1.4961823225021362,-0.9410284757614136,0.25664234161376953,-0.08271347731351852,0.9752885699272156,2.1376328468322754,2.685861110687256,3.395566940307617,3.812967538833618
1.6768825054168701,2.1961491107940674,3.904707670211792,5.500936508178711,4.9975361824035645,7.613910675048828,9.629416465759277,7.656048774719238,4.956942081451416,6.76285457611084,7.51735258102417,7.9558868408203125,7.2866034507751465,8.654396057128906,9.489222526550293,10.071754455566406,11.350229263305664,11.846502304077148,12.768613815307617,13.563376426696777,13.679804801940918,12.110485076904297,9.431495666503906,6.818035125732422,5.341302394866943,4.429690361022949,5.058490753173828,4.868120193481445,5.093996524810791,7.0516276359558105,8.01591968536377,7.763576507568359,5.365573406219482,1.030191421508789,-0.6396409869194031,-2.2610135078430176,-1.581875205039978,-0.9406207203865051,0.1488226354122162,2.169919013977051,4.875355243682861,5.506874084472656,5.284783363342285
0.2877339720726013,0.09764361381530762,1.291627049446106,2.0964810848236084,-0.4685022830963135,0.5235676169395447,2.7543458938598633,2.60437273979187,4.106515884399414,5.1514410972595215,6.400345325469971,6.3598551750183105,6.266185760498047,7.869141578674316,9.769242286682129,10.257709503173828,11.307053565979004,12.146244049072266,13.732950210571289,14.145075798034668,14.269851684570312,13.446680068969727,12.227996826171875,11.074804306030273,9.513738632202148,8.726371765136719,8.975025177001953,9.396615982055664,10.1469087600708,10.568682670593262,11.542695999145508,11.570632934570312,11.314009666442871,10.315741539001465,7.9690728187561035,3.829873561859131,-0.11122049391269684,1.1445525884628296,1.1511479616165161,1.4233298301696777,5.222386360168457,8.409821510314941,7.202754974365234
-0.7827526926994324,-0.34280669689178467,-0.6763361096382141,-0.8813122510910034,-1.4694615602493286,-1.873770833015442,0.2705213129520416,2.741083860397339,4.4727959632873535,4.751285076141357,5.693828582763672,5.317131519317627,5.668428421020508,7.343279838562012,9.296440124511719,9.715250968933105,8.423249244689941,8.267624855041504,10.935722351074219,12.719637870788574,13.290974617004395,13.06814956665039,12.798343658447266,13.10733413696289,13.631224632263184,13.138275146484375,12.28101634979248,11.733100891113281,11.230328559875488,10.1395902633667,9.319062232971191,8.713860511779785,10.56671142578125,13.087960243225098,13.691977500915527,11.588171005249023,8.823473930358887,9.363317489624023,9.674160957336426,8.416430473327637,6.731671333312988,9.619124412536621,9.386192321777344
-0.02817714586853981,0.4326895475387573,-0.6860663890838623,-1.846105694770813,-1.2518879175186157,-0.4675147831439972,1.799000859260559,3.930293083190918,4.759079933166504,4.82766580581665,4.6245341300964355,2.5039241313934326,2.295825719833374,3.6543447971343994,5.8161725997924805,6.460181713104248,5.5655999183654785,5.3134002685546875,6.879558563232422,8.025944709777832,10.20194149017334,12.982061386108398,13.11190414428711,12.9876127243042,13.933978080749512,13.61630916595459,12.182902336120605,11.148655891418457,10.138961791992188,9.090550422668457,8.12100601196289,7.062489986419678,6.898365020751953,7.622369766235352,9.125447273254395,12.04251766204834,13.570631980895996,14.157695770263672,13.896795272827148,12.377182960510254,8.331454277038574,9.090167999267578,9.707201957702637
1.7032976150512695,1.6711184978485107,0.6560893058776855,-0.8414989709854126,-0.6346938610076904,1.2244881391525269,2.4775285720825195,3.3538405895233154,3.408111333847046,3.083103895187378,1.176928162574768,0.0390152707695961,0.0619950070977211,0.8309909701347351,2.129701614379883,3.2777857780456543,3.721977472305298,4.152170658111572,3.514955520629883,3.5591344833374023,5.861239910125732,9.398632049560547,12.034046173095703,11.440665245056152,11.092131614685059,11.28810977935791,11.150697708129883,10.619656562805176,10.182583808898926,9.54253101348877,8.497676849365234,7.175848960876465,6.338898658752441,5.849850177764893,5.340360641479492,6.414542198181152,8.747482299804688,9.144927978515625,6.859198570251465,7.478423118591309,7.524810791015625,7.017220973968506,5.914586544036865
3.0787460803985596,2.92604923248291,2.105886936187744,1.0637391805648804,1.0130451917648315,1.4621808528900146,1.0367659330368042,0.3986061215400696,-0.3894081115722656,-0.9647520184516907,-1.3642863035202026,-1.4480761289596558,-1.2641457319259644,-0.2752477824687958,1.0867153406143188,2.579864978790283,3.631735324859619,3.8650126457214355,3.5185701847076416,2.2381184101104736,2.873103380203247,6.130913734436035,8.108482360839844,8.731401443481445,7.8255791664123535,8.119147300720215,9.277997016906738,9.989773750305176,10.066734313964844,9.680570602416992,8.810870170593262,7.6618499755859375,6.917683124542236,6.473340034484863,5.971253871917725,5.549866676330566,5.7547926902771,5.2935051918029785,2.00663685798645,5.072664260864258,8.022998809814453,8.596111297607422,6.122645378112793
4.214319705963135,4.1945414543151855,3.5037291049957275,2.681004762649536,1.949021816253662,0.5700030326843262,-0.7454322576522827,-1.7208253145217896,-2.6235482692718506,-3.043869733810425,-2.967461109161377,-2.6999454498291016,-2.3948612213134766,-1.4975851774215698,-0.007508236449211836,1.7676904201507568,3.1183505058288574,3.508906841278076,4.170666217803955,4.349059104919434,4.014946460723877,4.467840671539307,6.029516696929932,6.631160736083984,6.362668514251709,6.780478477478027,7.0618157386779785,7.549180030822754,8.071798324584961,7.8597893714904785,7.5782341957092285,7.166261196136475,7.08751106262207,7.2122297286987305,7.11569356918335,7.016724586486816,6.526004314422607,5.3005757331848145,4.401228427886963,6.039632797241211,8.078402519226074,9.65821361541748,8.992403984069824
5.526136875152588,5.58159875869751,4.951171398162842,3.8159589767456055,2.22324275970459,0.9144627451896667,-0.1665707230567932,-0.9960248470306396,-2.029744863510132,-2.851297378540039,-3.186403512954712,-3.10925555229187,-2.7933883666992188,-2.246933698654175,-1.231310248374939,0.3655201196670532,2.05641508102417,3.243536949157715,4.7236247062683105,5.901951313018799,6.004042148590088,5.730208396911621,5.883854389190674,6.144328594207764,5.960058689117432,5.921279430389404,5.938390731811523,6.099826812744141,5.901755332946777,5.373584270477295,5.245879173278809,5.923871040344238,6.821837425231934,7.77628231048584,7.901923179626465,7.8475141525268555,7.615527153015137,7.037665367126465,6.718751430511475,6.84549617767334,7.524022579193115,8.06990909576416,8.8551025390625
6.547432899475098,7.006147861480713,6.069137096405029,5.140674114227295,3.593963146209717,2.5287210941314697,1.4332191944122314,0.325958251953125,-1.0499844551086426,-2.096564769744873,-2.5156772136688232,-2.555699348449707,-2.3393959999084473,-2.072755813598633,-1.800903081893921,-1.0457881689071655,0.6467366218566895,2.8381898403167725,4.725132942199707,6.137797832489014,6.6430583000183105,6.886172771453857,7.220301628112793,7.364866733551025,6.775845050811768,6.799074649810791,6.590123653411865,6.349776744842529,5.8111419677734375,4.931301116943359,4.353862762451172,5.096804618835449,6.808713912963867,7.951237678527832,8.419024467468262,8.483570098876953,8.388101577758789,8.160902976989746,7.5082011222839355,7.345771312713623,7.79344367980957,7.516427040100098,8.04973316192627
6.963076114654541,7.398773193359375,6.483595371246338,6.009200096130371,5.275742053985596,3.9019227027893066,2.421018362045288,1.159745454788208,-0.09478980302810669,-1.2453269958496094,-1.8479068279266357,-1.9433505535125732,-1.738806962966919,-1.5035979747772217,-1.5682398080825806,-1.5562312602996826,-0.5654761791229248,1.3483346700668335,3.0461528301239014,4.207983016967773,4.864914417266846,5.735889911651611,6.567047119140625,7.028956890106201,7.284674644470215,7.620192527770996,7.41230583190918,7.639956474304199,7.432745456695557,6.836599826812744,5.940959453582764,5.657812118530273,6.505630016326904,7.553194522857666,8.889063835144043,9.011313438415527,7.9947357177734375,7.928025245666504,8.044417381286621,8.448758125305176,8.718469619750977,8.347424507141113,7.833587646484375
6.88862419128418,7.296543598175049,6.515446662902832,6.0960869789123535,5.963401794433594,4.632844924926758,3.092884063720703,1.5745325088500977,0.5944711565971375,-0.2942371666431427,-1.1131038665771484,-1.5810753107070923,-1.5786868333816528,-1.3677890300750732,-1.349950909614563,-1.411399245262146,-1.176438331604004,-0.4385555684566498,0.3478298485279083,0.7707350254058838,0.9475018382072449,1.2203495502471924,2.2855889797210693,3.5489959716796875,4.203354835510254,4.897969722747803,5.6116042137146,6.344097137451172,6.124859809875488,6.291682720184326,6.152021408081055,5.735835552215576,5.898626327514648,6.694000720977783,7.486940383911133,8.683098793029785,8.157119750976562,7.419277191162109,7.690087795257568,8.592794418334961,9.034687042236328,9.010411262512207,7.784814357757568
7.0432515144348145,7.268068790435791,6.625694274902344,6.138037204742432,5.9589104652404785,4.803680896759033,3.7245988845825195,1.985601544380188,0.8811292052268982,0.24908430874347687,-0.4438856244087219,-1.0991160869598389,-1.4950491189956665,-1.5851463079452515,-1.4254366159439087,-1.1958638429641724,-1.3445225954055786,-1.2622915506362915,-0.8876961469650269,-0.8491503000259399,-0.9839063882827759,-1.2639482021331787,-1.2004649639129639,-0.6603218913078308,-0.6686486601829529,-0.9266819953918457,-0.9699335694313049,-0.8923928141593933,-0.7778841853141785,0.5125107765197754,1.3812389373779297,1.9936902523040771,3.8334007263183594,4.285248279571533,5.4325666427612305,6.983205795288086,7.651033878326416,7.045024394989014,6.968897819519043,7.342293739318848,7.850808620452881,8.40151309967041,7.821612358093262
6.663915157318115,6.674028396606445,6.416269779205322,6.001992225646973,5.561404705047607,4.591160297393799,3.527461290359497,2.3073503971099854,1.1642664670944214,0.3557462990283966,-0.08631709218025208,-0.5266372561454773,-1.349364995956421,-1.733416199684143,-1.343168020248413,-1.0996692180633545,-1.4438241720199585,-1.462470531463623,-1.3326376676559448,-1.3363456726074219,-1.5459834337234497,-2.0377681255340576,-2.482832431793213,-2.577644109725952,-2.854846477508545,-3.6671531200408936,-4.522013187408447,-5.151302814483643,-5.352968692779541,-4.613916873931885,-3.8806233406066895,-3.30361008644104,-0.9631777405738831,1.231866717338562,1.9749125242233276,3.476792097091675,4.712123870849609,5.419681072235107,6.121667861938477,6.819194316864014,6.938259601593018,7.094333171844482,7.346270561218262
6.087581157684326,5.799226760864258,5.693323135375977,4.3593645095825195,2.4665427207946777,2.4519505500793457,2.0882484912872314,1.793887972831726,0.8940850496292114,-0.3059898316860199,-0.8318331837654114,-0.8687243461608887,-1.3497719764709473,-1.7166739702224731,-1.548086166381836,-1.475810170173645,-1.8545066118240356,-2.213076114654541,-2.3753557205200195,-2.3097219467163086,-2.4582250118255615,-2.9704458713531494,-3.4107844829559326,-3.7068591117858887,-3.9903485774993896,-4.835958480834961,-5.816609859466553,-6.176730632781982,-6.0233845710754395,-5.666835784912109,-5.311451435089111,-5.275424003601074,-4.684535503387451,-2.044919013977051,-0.26673880219459534,0.8563052415847778,2.630518674850464,3.571249485015869,5.679211139678955,7.035250663757324,7.8654961585998535,7.5464863777160645,7.416080951690674
5.2143473625183105,4.570967674255371,3.8575210571289062,1.6525979042053223,-1.4874491691589355,-1.2487436532974243,-0.46082404255867004,-0.07680284976959229,-0.5433613061904907,-1.687811255455017,-2.5924417972564697,-2.6552140712738037,-2.180584669113159,-2.1582412719726562,-2.660336494445801,-2.52272891998291,-2.5902187824249268,-3.1794869899749756,-3.3165323734283447,-3.1515581607818604,-3.198824644088745,-3.507427453994751,-3.827805757522583,-4.104544162750244,-4.432089328765869,-4.952956199645996,-5.6447882652282715,-6.009920597076416,-5.812716960906982,-5.9150071144104,-5.79599666595459,-4.864891529083252,-4.6405110359191895,-4.217594146728516,-3.169461727142334,-2.1229515075683594,0.14041782915592194,1.9140255451202393,3.526514768600464,5.753509998321533,7.688954830169678,8.538423538208008,8.374113082885742
4.617920875549316,3.440824508666992,2.306025743484497,0.7038371562957764,-2.3222148418426514,-3.081916093826294,-2.6611757278442383,-2.408850908279419,-2.3477516174316406,-2.7891647815704346,-3.5814900398254395,-4.177365303039551,-3.6922738552093506,-3.314699172973633,-3.9128735065460205,-3.677168130874634,-3.1668782234191895,-3.193479299545288,-3.1847214698791504,-3.2549033164978027,-3.4232776165008545,-3.6160755157470703,-3.8638830184936523,-3.969054937362671,-4.259563446044922,-4.568871974945068,-5.028364658355713,-5.375370502471924,-5.472461700439453,-5.668759822845459,-5.675336837768555,-4.720573902130127,-3.5382344722747803,-3.5928359031677246,-3.945277214050293,-4.310715198516846,-3.522447347640991,-2.3239834308624268,-0.8221275210380554,0.6654828190803528,3.3498880863189697,6.325496196746826,7.435852527618408
4.299132823944092,3.276402473449707,2.8566014766693115,1.324141025543213,-1.9297797679901123,-2.224029779434204,-2.889951705932617,-3.8368074893951416,-3.7299611568450928,-3.3938450813293457,-3.7547221183776855,-4.395573616027832,-4.208503723144531,-3.6338605880737305,-3.7597219944000244,-3.622436285018921,-2.901184558868408,-2.47709059715271,-2.7462666034698486,-3.39444637298584,-3.854602813720703,-3.9184048175811768,-4.084254741668701,-4.388352394104004,-4.465953826904297,-4.428082466125488,-4.493413925170898,-4.573718070983887,-4.558927059173584,-4.8860955238342285,-5.055418491363525,-4.561544895172119,-3.3670167922973633,-3.1653504371643066,-3.606311321258545,-4.136127471923828,-4.273167610168457,-4.257417678833008,-2.784552574157715,-1.2311705350875854,-0.12276720255613327,1.4170469045639038,5.207873821258545
