data/wind_data/wind_44_1.json
{"header": {"parameterUnit": "KT", "parameterCategory": 2, "nx": 256, "ny": 198, "lo1": 44.73521041870117, "la1": -3.236724853515625, "lo2": 111.26478576660156, "la2": 43.468475341796875, "dx": 0.2609002888202667, "dy": -0.23708222806453705, "refTime": "2025-02-20 20:00:00", "forecastTime": 0, "parameterNumber": 2, "parameterNumberName": "eastward_wind"}, "data":
[rows 38 to 56 of 198, columns 0 to 42 of 256]
-11.336479187011719,-12.116487503051758,-11.826544761657715,-12.445279121398926,-13.575949668884277,-12.449233055114746,-12.946682929992676,-13.693985939025879,-12.780590057373047,-11.844964027404785,-11.102798461914062,-12.196097373962402,-13.54643440246582,-13.268221855163574,-12.806743621826172,-13.831114768981934,-13.764501571655273,-11.830714225769043,-12.179184913635254,-13.20279312133789,-12.519806861877441,-12.543299674987793,-11.353964805603027,-10.923584938049316,-11.916251182556152,-13.24327278137207,-13.449049949645996,-12.920421600341797,-12.766423225402832,-12.481964111328125,-12.200039863586426,-12.053303718566895,-11.640067100524902,-11.140347480773926,-9.941922187805176,-10.511616706848145,-11.713554382324219,-10.862529754638672,-10.46245002746582,-10.498372077941895,-10.380385398864746,-8.765063285827637,-7.329341888427734
-10.618741989135742,-12.261489868164062,-10.861848831176758,-11.511778831481934,-13.022408485412598,-12.828295707702637,-12.541714668273926,-13.380820274353027,-12.74706745147705,-12.23025131225586,-11.774109840393066,-12.31026554107666,-12.30137825012207,-11.997445106506348,-12.38662338256836,-12.04295825958252,-12.2974271774292,-11.474077224731445,-11.204447746276855,-13.431818962097168,-12.530552864074707,-11.275370597839355,-10.92870807647705,-10.893634796142578,-11.74095630645752,-13.329610824584961,-14.112746238708496,-13.051969528198242,-12.543603897094727,-12.43016529083252,-12.839900970458984,-12.867844581604004,-12.869787216186523,-11.42643928527832,-9.461613655090332,-10.29848575592041,-11.144909858703613,-11.896626472473145,-11.024924278259277,-9.509523391723633,-8.712723731994629,-8.709541320800781,-10.359394073486328
-12.979910850524902,-12.401360511779785,-10.125462532043457,-10.683871269226074,-13.138876914978027,-13.20608901977539,-12.213865280151367,-13.34183406829834,-12.595070838928223,-11.434789657592773,-10.679336547851562,-11.395526885986328,-11.65394401550293,-10.94584846496582,-10.0609769821167,-10.227357864379883,-10.472537994384766,-10.386302947998047,-9.046371459960938,-11.665645599365234,-12.701150894165039,-10.354694366455078,-11.695722579956055,-11.358181953430176,-11.881451606750488,-13.074821472167969,-14.053500175476074,-12.726515769958496,-12.407917976379395,-12.862421989440918,-12.92895793914795,-12.428764343261719,-12.071484565734863,-10.761298179626465,-8.18567943572998,-11.211323738098145,-10.595579147338867,-11.017837524414062,-10.405974388122559,-8.989509582519531,-6.660414695739746,-7.461706638336182,-11.224509239196777
-10.975249290466309,-10.057012557983398,-8.543553352355957,-9.35117244720459,-12.197077751159668,-12.51111888885498,-11.87240219116211,-12.78194522857666,-11.662074089050293,-10.974204063415527,-10.391640663146973,-10.348750114440918,-10.408753395080566,-10.481748580932617,-10.068195343017578,-10.88273811340332,-11.496288299560547,-9.955208778381348,-9.078333854675293,-10.15229606628418,-11.210350036621094,-11.141420364379883,-11.696088790893555,-11.797528266906738,-11.607171058654785,-12.622675895690918,-13.239802360534668,-12.255636215209961,-11.662280082702637,-12.360465049743652,-12.035493850708008,-10.707197189331055,-8.626904487609863,-8.031488418579102,-9.343973159790039,-12.051406860351562,-10.491392135620117,-10.15115737915039,-11.346491813659668,-8.191205024719238,-4.781409740447998,-9.387394905090332,-13.119439125061035
-9.235869407653809,-8.630569458007812,-8.077168464660645,-8.261038780212402,-11.34943675994873,-12.91346549987793,-12.130459785461426,-11.132144927978516,-9.852250099182129,-11.0133056640625,-9.518669128417969,-8.001299858093262,-8.799165725708008,-10.27573013305664,-10.828365325927734,-10.989407539367676,-11.608152389526367,-10.4262056350708,-8.540258407592773,-7.343690872192383,-9.284549713134766,-10.905961990356445,-11.372502326965332,-11.615592002868652,-10.669886589050293,-11.756436347961426,-11.99234676361084,-12.021198272705078,-11.716222763061523,-10.669354438781738,-10.708521842956543,-10.400651931762695,-8.724485397338867,-9.687813758850098,-12.206392288208008,-10.211565971374512,-11.26285171508789,-11.680806159973145,-9.493399620056152,-7.147308349609375,-9.610366821289062,-14.692693710327148,-12.498915672302246
-8.349200248718262,-8.613729476928711,-8.395634651184082,-8.21158218383789,-8.860057830810547,-10.70266342163086,-9.624810218811035,-7.622832775115967,-7.488193035125732,-10.425864219665527,-9.295549392700195,-8.145668983459473,-9.993064880371094,-11.645479202270508,-11.46226692199707,-11.206887245178223,-11.069106101989746,-9.63595962524414,-7.648653507232666,-6.419425964355469,-7.3855085372924805,-9.29476261138916,-10.74598503112793,-10.483823776245117,-9.999105453491211,-10.285565376281738,-10.816835403442383,-10.816307067871094,-11.105603218078613,-10.24287223815918,-10.288864135742188,-10.504677772521973,-12.065442085266113,-11.15562629699707,-10.460360527038574,-8.507928848266602,-12.096338272094727,-13.814483642578125,-8.24484634399414,-9.637587547302246,-14.43455696105957,-12.435458183288574,-10.417335510253906
-7.640161991119385,-7.723395824432373,-7.472768306732178,-6.6576313972473145,-5.010965824127197,-3.2741620540618896,-3.2440860271453857,-6.2752556800842285,-8.504262924194336,-9.976200103759766,-9.302567481994629,-9.994955062866211,-12.177696228027344,-12.318047523498535,-11.292078018188477,-10.927762985229492,-9.828046798706055,-8.29004192352295,-6.75578498840332,-6.887421607971191,-5.1475043296813965,-6.719750881195068,-9.616498947143555,-9.735032081604004,-9.319074630737305,-9.457866668701172,-9.697905540466309,-9.753008842468262,-10.66465950012207,-11.144079208374023,-11.223503112792969,-10.578547477722168,-10.691551208496094,-11.067671775817871,-10.161932945251465,-10.098199844360352,-11.766209602355957,-12.490926742553711,-11.83618450164795,-12.341463088989258,-12.273519515991211,-9.248769760131836,-8.602810859680176
-7.209252834320068,-6.869758605957031,-6.656404495239258,-5.597663879394531,-6.849926471710205,-5.854406833648682,-4.369505405426025,-5.4090094566345215,-9.28674602508545,-10.805052757263184,-9.995529174804688,-10.696467399597168,-12.160242080688477,-12.556158065795898,-11.4314546585083,-9.741024017333984,-8.488302230834961,-9.037298202514648,-7.576238632202148,-6.6306304931640625,-6.746321678161621,-4.316740036010742,-6.8746232986450195,-10.129794120788574,-8.669878005981445,-9.62747859954834,-9.384730339050293,-10.148731231689453,-11.088434219360352,-10.741621971130371,-9.630118370056152,-9.80724048614502,-9.822115898132324,-11.068893432617188,-11.551689147949219,-10.43925952911377,-10.51408576965332,-10.6286039352417,-10.37338924407959,-11.329666137695312,-9.335918426513672,-9.858528137207031,-11.278766632080078
-4.461275100708008,-5.210020065307617,-5.941956043243408,-7.515898704528809,-10.94094467163086,-8.010651588439941,-5.288547992706299,-0.14833566546440125,0.25018244981765747,-5.842039585113525,-10.23525619506836,-11.957231521606445,-13.661849975585938,-12.670616149902344,-10.071619033813477,-8.050094604492188,-10.47205638885498,-12.645674705505371,-7.892918109893799,-5.06232213973999,-6.241873264312744,-2.7482259273529053,-5.136387825012207,-9.16348648071289,-9.324786186218262,-8.260318756103516,-8.72635269165039,-8.881234169006348,-9.792095184326172,-10.25192928314209,-9.226423263549805,-9.931669235229492,-9.661964416503906,-9.813279151916504,-9.103528022766113,-8.376909255981445,-11.013015747070312,-11.489809036254883,-7.714459419250488,-8.512614250183105,-11.056554794311523,-11.583531379699707,-11.734789848327637
-0.2749495506286621,-2.88848614692688,-3.7656333446502686,-8.153827667236328,-9.969298362731934,-5.221085548400879,-3.918461799621582,-1.2971421480178833,-1.698660135269165,-4.592527389526367,-10.44297981262207,-13.225687026977539,-12.074899673461914,-9.490575790405273,-6.389090061187744,-9.813061714172363,-14.673898696899414,-11.306275367736816,-5.876921653747559,-3.8506224155426025,-3.7233314514160156,-4.704888343811035,-3.014101982116699,-6.044809818267822,-9.042550086975098,-7.228454113006592,-8.990873336791992,-9.202475547790527,-8.01331901550293,-7.743547439575195,-9.033452033996582,-8.606513977050781,-8.607488632202148,-9.499536514282227,-8.938467979431152,-8.98600959777832,-11.50648307800293,-10.228157043457031,-8.090614318847656,-10.102258682250977,-8.401875495910645,-10.15425968170166,-10.30947208404541
1.145443320274353,-2.5642459392547607,-4.63329553604126,-5.882635116577148,-4.365691661834717,-3.00056791305542,-1.5370956659317017,-1.7281028032302856,-6.15805721282959,-9.39782428741455,-8.99539852142334,-7.915834903717041,-6.4263153076171875,-6.572782516479492,-9.571842193603516,-14.684747695922852,-12.429534912109375,-7.935337543487549,-5.280755996704102,-4.377865314483643,-3.056215286254883,-3.168408155441284,-3.866765260696411,-4.994843482971191,-6.411410331726074,-6.85794734954834,-7.386732578277588,-9.54643440246582,-7.916037559509277,-6.675734043121338,-8.876213073730469,-9.073897361755371,-6.66281795501709,-8.022435188293457,-9.944877624511719,-9.053898811340332,-10.379802703857422,-10.118038177490234,-9.153766632080078,-10.46743392944336,-10.875040054321289,-9.780288696289062,-9.73265266418457
-0.5252073407173157,-4.140700340270996,-5.8693976402282715,-4.789705753326416,-1.7515937089920044,-1.403569221496582,-2.8993234634399414,-4.881377696990967,-4.3231730461120605,-7.746298789978027,-8.572415351867676,-5.807679176330566,-2.4035465717315674,-4.66110372543335,-10.036470413208008,-11.188566207885742,-8.450135231018066,-4.9100022315979,-4.292885780334473,-4.6732587814331055,-3.483877658843994,-1.2897201776504517,-2.1720175743103027,-2.9623937606811523,-4.898597717285156,-6.446338176727295,-6.857386589050293,-8.604511260986328,-8.325613975524902,-7.8768486976623535,-9.490065574645996,-9.010161399841309,-7.821739196777344,-9.364603042602539,-12.255895614624023,-10.161286354064941,-7.24989652633667,-9.274764060974121,-12.036175727844238,-10.335979461669922,-9.523276329040527,-8.158649444580078,-11.500736236572266
-1.803151249885559,-4.365013599395752,-4.4372735023498535,-2.5859055519104004,-2.019258499145508,-2.9468166828155518,-4.596081733703613,-3.5670254230499268,-3.9897654056549072,-12.13796329498291,-9.91710090637207,-4.302321910858154,-3.6307103633880615,-6.680362701416016,-9.285030364990234,-9.231406211853027,-6.573890209197998,-4.807322978973389,-5.241269111633301,-5.449746608734131,-4.3710808753967285,-1.9936344623565674,-2.5797765254974365,-2.8091483116149902,-3.965188503265381,-5.635648727416992,-5.435111045837402,-7.342923641204834,-8.619172096252441,-7.633957386016846,-7.95528507232666,-7.587406635284424,-9.50175952911377,-10.692312240600586,-9.523690223693848,-8.694247245788574,-9.724336624145508,-10.139281272888184,-9.126752853393555,-9.768380165100098,-10.18375015258789,-9.5001859664917,-7.032186508178711
0.15156245231628418,-0.020511092618107796,-1.6910772323608398,-0.49607133865356445,-0.8196821808815002,-5.546864032745361,-3.227285146713257,2.1856932640075684,-5.443156719207764,-16.79868507385254,-10.083976745605469,-0.6418075561523438,-1.869264841079712,-7.748003959655762,-10.885001182556152,-9.683764457702637,-6.574945449829102,-4.508813381195068,-3.0964086055755615,-2.669989585876465,-3.17362642288208,-3.0915579795837402,-3.369476556777954,-2.3282313346862793,-3.156843662261963,-4.406966686248779,-5.835000991821289,-6.5313873291015625,-7.846631050109863,-6.360936641693115,-5.536296367645264,-6.537374973297119,-8.376058578491211,-9.718461990356445,-9.905723571777344,-9.309240341186523,-9.59823989868164,-10.774375915527344,-9.623885154724121,-8.569535255432129,-9.415751457214355,-7.685442924499512,-5.736957550048828
-2.122328758239746,1.1015747785568237,0.7963476777076721,1.1992474794387817,-0.7463307976722717,-7.963840484619141,-2.351713180541992,5.446089267730713,-7.07122278213501,-16.09835433959961,-9.82587718963623,-0.09259861707687378,-4.525556564331055,-10.208195686340332,-10.154794692993164,-7.829680919647217,-6.422616481781006,-6.492345809936523,-6.124797821044922,-4.55383825302124,-4.497184753417969,-5.033931732177734,-3.6401596069335938,-1.2404783964157104,-0.6763360500335693,-4.492866039276123,-8.762639045715332,-4.754330635070801,-5.582517623901367,-4.810312271118164,-5.753561019897461,-7.6924238204956055,-9.826775550842285,-11.729827880859375,-10.245098114013672,-9.607175827026367,-8.629724502563477,-7.445810794830322,-7.608355522155762,-8.519684791564941,-9.293731689453125,-8.884683609008789,-8.467269897460938
-4.162485599517822,-4.133171081542969,-2.142740488052368,-1.2795859575271606,-2.9521028995513916,-6.830442428588867,-1.0243053436279297,6.105048656463623,0.4808867275714874,-10.231691360473633,-10.1234130859375,-4.739363670349121,-9.002480506896973,-11.007341384887695,-9.380209922790527,-8.214170455932617,-5.765760898590088,-4.122699737548828,-4.343805313110352,-6.357389450073242,-6.98168420791626,-3.800306797027588,-2.108602285385132,-0.8998637795448303,2.352189064025879,-1.523664951324463,-7.617985248565674,-5.5887675285339355,-6.33828067779541,-7.270633697509766,-8.881549835205078,-8.991473197937012,-10.307857513427734,-11.281197547912598,-10.277637481689453,-8.853235244750977,-7.144149303436279,-6.317051410675049,-7.0780744552612305,-9.715136528015137,-9.216071128845215,-7.667273044586182,-9.988489151000977
-5.909643650054932,-7.294513702392578,-7.962132453918457,-9.280950546264648,-9.551647186279297,-7.055604457855225,-4.222204685211182,-0.8089659810066223,0.6968696117401123,-4.601957321166992,-8.786023139953613,-8.198409080505371,-9.68028450012207,-10.852532386779785,-9.998882293701172,-7.959476470947266,-3.6867001056671143,1.1449644565582275,-5.226109504699707,-13.645835876464844,-9.217764854431152,-0.7538047432899475,2.4919095039367676,1.840743899345398,1.4991035461425781,-1.6251885890960693,-5.6349687576293945,-5.290938377380371,-6.738978862762451,-7.974130153656006,-7.109053611755371,-6.1426520347595215,-7.832948207855225,-9.0730619430542,-8.364089965820312,-8.717940330505371,-9.174272537231445,-8.529370307922363,-7.7119364738464355,-7.928750038146973,-8.210579872131348,-9.007293701171875,-8.474834442138672
-7.27902889251709,-9.394023895263672,-11.070646286010742,-12.914041519165039,-11.122623443603516,-8.28071403503418,-10.892858505249023,-10.946493148803711,-13.137069702148438,-10.245829582214355,-10.413710594177246,-9.588186264038086,-7.865964889526367,-7.3712310791015625,-7.25049352645874,-4.7103729248046875,-0.7826084494590759,2.6895570755004883,-6.6798624992370605,-13.309403419494629,-5.5038371086120605,2.2620673179626465,1.6075656414031982,-1.0872998237609863,-0.12329722940921783,-1.3888837099075317,-5.679533004760742,-6.904166221618652,-6.944281578063965,-6.960397243499756,-7.916929244995117,-8.878767013549805,-8.84737777709961,-7.635889053344727,-7.413079261779785,-9.504798889160156,-10.415644645690918,-8.181646347045898,-7.303205490112305,-8.36677360534668,-6.162243843078613,-6.962180137634277,-10.187394142150879
-8.203442573547363,-10.11410903930664,-11.307215690612793,-12.695562362670898,-12.319624900817871,-8.710871696472168,-12.040425300598145,-11.694398880004883,-14.723712921142578,-16.556316375732422,-17.7340087890625,-16.335817337036133,-13.784263610839844,-9.635930061340332,-7.591770172119141,-6.169537544250488,-2.9629132747650146,3.7089996337890625,1.0009183883666992,-7.282569885253906,-2.7766144275665283,0.7713230848312378,-6.163531303405762,-8.117269515991211,-0.8176264762878418,-2.458186149597168,-6.1259002685546875,-7.684278964996338,-7.226621627807617,-6.904664993286133,-7.0789899826049805,-8.7059326171875,-8.313085556030273,-9.065068244934082,-9.241442680358887,-9.686296463012695,-8.557201385498047,-7.864680290222168,-6.327450275421143,-7.133624076843262,-9.031471252441406,-9.432398796081543,-6.107108116149902
