data/wind_data/wind_40_4.json
{"header": {"parameterUnit": "KT", "parameterCategory": 2, "nx": 256, "ny": 198, "lo1": 44.73521041870117, "la1": -3.236724853515625, "lo2": 111.26478576660156, "la2": 43.468475341796875, "dx": 0.2609002888202667, "dy": -0.23708222806453705, "refTime": "2025-02-20 16:00:00", "forecastTime": 0, "parameterNumber": 2, "parameterNumberName": "eastward_wind"}, "data":
[rows 38 to 56 of 198, columns 44 to 87 of 256]
-23.446699142456055,-23.35959243774414,-23.689565658569336,-24.241273880004883,-24.5217227935791,-24.251718521118164,-23.87566566467285,-23.635936737060547,-23.55319595336914,-23.25001335144043,-22.806018829345703,-22.555965423583984,-22.683073043823242,-22.900758743286133,-22.699115753173828,-22.062959671020508,-21.63871955871582,-21.573543548583984,-21.367815017700195,-21.000041961669922,-20.64716339111328,-20.68216323852539,-20.650300979614258,-20.388193130493164,-19.881200790405273,-19.655107498168945,-19.351398468017578,-18.9555606842041,-18.823699951171875,-18.742156982421875,-18.662450790405273,-18.691295623779297,-18.634645462036133,-18.081981658935547,-17.780593872070312,-17.274805068969727,-17.07901954650879,-16.70124053955078,-15.790989875793457,-14.758264541625977,-14.188389778137207,-14.146553993225098,-14.229704856872559,-13.772042274475098
-23.2462215423584,-23.270750045776367,-23.66523551940918,-24.240951538085938,-24.496917724609375,-24.22629737854004,-23.799461364746094,-23.629486083984375,-23.45640754699707,-23.267168045043945,-23.067317962646484,-22.967870712280273,-22.88982391357422,-22.813642501831055,-22.65789222717285,-22.247417449951172,-21.89147186279297,-21.7738037109375,-21.70024299621582,-21.41904640197754,-21.01908302307129,-20.86507797241211,-20.851552963256836,-20.580551147460938,-19.90294647216797,-19.260601043701172,-18.89453887939453,-18.52627944946289,-18.19953727722168,-18.14826011657715,-18.23910140991211,-18.38800621032715,-18.33979034423828,-18.17142105102539,-17.798480987548828,-17.25031089782715,-17.045612335205078,-16.896930694580078,-16.14598846435547,-14.958147048950195,-14.529349327087402,-14.820035934448242,-14.32860279083252,-14.609119415283203
-23.01435089111328,-23.217878341674805,-23.57733154296875,-24.02256965637207,-24.15772819519043,-23.97394561767578,-23.672836303710938,-23.64394760131836,-23.651975631713867,-23.599761962890625,-23.47551727294922,-23.24643325805664,-22.931453704833984,-22.689367294311523,-22.595781326293945,-22.488754272460938,-22.36165428161621,-22.187644958496094,-21.940168380737305,-21.491785049438477,-20.949140548706055,-20.641559600830078,-20.749008178710938,-20.735427856445312,-20.153894424438477,-19.23496437072754,-18.508197784423828,-18.139041900634766,-18.15130615234375,-18.19481086730957,-18.076295852661133,-17.77479362487793,-17.683231353759766,-17.827577590942383,-17.845582962036133,-17.45098304748535,-16.790266036987305,-16.3906307220459,-16.29859733581543,-16.07498550415039,-15.384502410888672,-14.757166862487793,-15.012932777404785,-15.113529205322266
-22.783910751342773,-23.039714813232422,-23.229568481445312,-23.47799301147461,-23.786006927490234,-23.865917205810547,-23.707927703857422,-23.61733627319336,-23.738548278808594,-23.773588180541992,-23.515483856201172,-23.112239837646484,-22.757959365844727,-22.610322952270508,-22.601449966430664,-22.734350204467773,-22.831653594970703,-22.65504264831543,-22.200902938842773,-21.590620040893555,-20.998401641845703,-20.672550201416016,-20.724355697631836,-20.806476593017578,-20.522048950195312,-19.705577850341797,-18.899404525756836,-18.406686782836914,-18.226757049560547,-18.429475784301758,-18.491069793701172,-18.184640884399414,-17.72970199584961,-17.448476791381836,-17.448549270629883,-17.418155670166016,-17.19845199584961,-16.814289093017578,-16.320392608642578,-15.790573120117188,-15.57322883605957,-15.841655731201172,-16.05422019958496,-15.75347900390625
-22.138778686523438,-22.451618194580078,-22.702070236206055,-22.955053329467773,-23.228836059570312,-23.378793716430664,-23.302566528320312,-23.217632293701172,-23.290058135986328,-23.343732833862305,-23.1135196685791,-22.813861846923828,-22.57168197631836,-22.48192024230957,-22.438932418823242,-22.53118896484375,-22.733444213867188,-22.719881057739258,-22.326744079589844,-21.603797912597656,-21.259302139282227,-21.011615753173828,-20.990577697753906,-20.840269088745117,-20.691015243530273,-20.464778900146484,-20.121545791625977,-19.680646896362305,-19.355754852294922,-19.097515106201172,-18.99401092529297,-18.850406646728516,-18.60811996459961,-18.338937759399414,-18.13540267944336,-17.8846492767334,-17.475622177124023,-16.97983741760254,-16.646312713623047,-16.681493759155273,-16.860639572143555,-16.839431762695312,-16.7992000579834,-16.79249382019043
-21.238283157348633,-21.615419387817383,-21.676897048950195,-22.191184997558594,-22.564289093017578,-22.677352905273438,-22.503738403320312,-22.41941261291504,-22.456058502197266,-22.414276123046875,-22.438129425048828,-22.29241180419922,-22.129268646240234,-21.90839958190918,-21.797948837280273,-21.87578582763672,-22.115083694458008,-22.261274337768555,-22.18967056274414,-21.796825408935547,-21.496957778930664,-21.297000885009766,-21.22507095336914,-20.964937210083008,-20.688899993896484,-20.66765594482422,-20.835966110229492,-20.90247917175293,-20.808238983154297,-20.5643367767334,-20.197629928588867,-19.790409088134766,-19.425182342529297,-19.167150497436523,-18.981216430664062,-18.656780242919922,-18.14338493347168,-17.715667724609375,-17.806453704833984,-18.196115493774414,-18.24068832397461,-17.803062438964844,-17.382240295410156,-17.425128936767578
-20.455148696899414,-20.81624412536621,-20.953296661376953,-21.205224990844727,-21.54380989074707,-21.792280197143555,-21.664901733398438,-21.423490524291992,-21.30484962463379,-21.397741317749023,-21.505887985229492,-21.451234817504883,-21.309022903442383,-21.078828811645508,-20.91883087158203,-20.90912437438965,-21.13421058654785,-21.371585845947266,-21.434001922607422,-21.419902801513672,-21.430545806884766,-21.461910247802734,-21.38779640197754,-21.030040740966797,-20.65346908569336,-20.44272232055664,-20.60086441040039,-20.98569679260254,-21.337411880493164,-21.30759048461914,-20.90903663635254,-20.375913619995117,-19.93128204345703,-19.732210159301758,-19.625974655151367,-19.305822372436523,-18.656558990478516,-18.167835235595703,-18.308963775634766,-18.792753219604492,-18.831878662109375,-18.208850860595703,-17.507511138916016,-17.30313491821289
-19.17898178100586,-20.01911163330078,-20.419681549072266,-20.424718856811523,-20.43310546875,-20.678916931152344,-20.888317108154297,-20.70899772644043,-20.3874454498291,-20.173538208007812,-20.228538513183594,-20.290555953979492,-20.39094352722168,-20.433353424072266,-20.439002990722656,-20.252033233642578,-20.11636734008789,-20.13810157775879,-20.31884765625,-20.65315055847168,-20.935638427734375,-21.111751556396484,-21.091150283813477,-20.846904754638672,-20.500844955444336,-20.22466468811035,-20.237459182739258,-20.54706382751465,-20.925260543823242,-21.085691452026367,-20.88982582092285,-20.35153579711914,-19.80902099609375,-19.479984283447266,-19.320070266723633,-19.07944679260254,-18.58637046813965,-18.203615188598633,-18.158538818359375,-18.236988067626953,-18.117475509643555,-17.724740982055664,-17.276325225830078,-16.982772827148438
-17.82642936706543,-18.618844985961914,-19.540369033813477,-20.033313751220703,-19.886463165283203,-19.605731964111328,-19.67279815673828,-19.81591033935547,-19.81521987915039,-19.432161331176758,-19.07292938232422,-19.041000366210938,-19.3124942779541,-19.718774795532227,-19.88086700439453,-19.736600875854492,-19.434349060058594,-19.34818458557129,-19.53475570678711,-19.875051498413086,-20.1345272064209,-20.263471603393555,-20.22774887084961,-20.112329483032227,-19.983131408691406,-19.828508377075195,-19.600000381469727,-19.479646682739258,-19.643434524536133,-20.02662467956543,-20.24309539794922,-20.021955490112305,-19.42018699645996,-18.886260986328125,-18.577354431152344,-18.288990020751953,-17.87158203125,-17.487058639526367,-17.49602699279785,-17.72393798828125,-17.649730682373047,-17.113140106201172,-16.565210342407227,-16.357221603393555
-17.434492111206055,-17.645044326782227,-18.356658935546875,-19.153060913085938,-19.36795997619629,-18.98522186279297,-18.528472900390625,-18.599437713623047,-18.867359161376953,-18.869863510131836,-18.39268684387207,-18.059940338134766,-18.287538528442383,-18.72856903076172,-18.966970443725586,-19.012216567993164,-18.808256149291992,-18.6621150970459,-18.831449508666992,-19.044204711914062,-19.25455093383789,-19.313323974609375,-19.166536331176758,-19.01934242248535,-19.03863525390625,-19.05527687072754,-18.859848022460938,-18.428712844848633,-18.23026466369629,-18.53656768798828,-19.05545997619629,-19.28510856628418,-18.920059204101562,-18.271156311035156,-17.838851928710938,-17.653337478637695,-17.353374481201172,-16.998018264770508,-16.885713577270508,-16.916839599609375,-16.900426864624023,-16.76082992553711,-16.451248168945312,-16.07177734375
-17.032337188720703,-17.23944854736328,-17.676952362060547,-18.230138778686523,-18.469459533691406,-18.367904663085938,-18.074243545532227,-17.8333683013916,-17.866962432861328,-18.007171630859375,-17.816171646118164,-17.42336082458496,-17.30900764465332,-17.63401985168457,-17.875993728637695,-18.085880279541016,-18.16111183166504,-18.070722579956055,-17.964879989624023,-18.117406845092773,-18.34096336364746,-18.444129943847656,-18.199005126953125,-17.86955451965332,-17.839902877807617,-18.058115005493164,-18.149606704711914,-17.85527801513672,-17.41923713684082,-17.330278396606445,-17.740976333618164,-18.183860778808594,-18.102025985717773,-17.620779037475586,-17.315799713134766,-17.255401611328125,-17.16300392150879,-16.928537368774414,-16.578062057495117,-16.413822174072266,-16.357187271118164,-16.304615020751953,-16.047447204589844,-15.72135066986084
-16.203418731689453,-16.673681259155273,-17.17454719543457,-17.54878044128418,-17.634849548339844,-17.64002799987793,-17.609872817993164,-17.494239807128906,-17.368131637573242,-17.302486419677734,-17.1936092376709,-17.004976272583008,-16.742097854614258,-16.655899047851562,-16.820098876953125,-17.056610107421875,-17.20762062072754,-17.33943748474121,-17.33641815185547,-17.393953323364258,-17.572431564331055,-17.680397033691406,-17.494781494140625,-16.99822235107422,-16.674375534057617,-16.85377311706543,-17.20269012451172,-17.143619537353516,-16.868816375732422,-16.732898712158203,-16.943614959716797,-17.25131607055664,-17.24429702758789,-17.04916000366211,-16.92704963684082,-16.967365264892578,-16.98004150390625,-16.816329956054688,-16.439449310302734,-16.188228607177734,-15.922920227050781,-15.739153861999512,-15.560442924499512,-15.333639144897461
-15.078299522399902,-15.673036575317383,-16.36011505126953,-16.82169532775879,-16.950136184692383,-16.987808227539062,-17.054107666015625,-17.12447166442871,-17.071903228759766,-16.848339080810547,-16.569494247436523,-16.49033546447754,-16.498502731323242,-16.284372329711914,-16.108652114868164,-16.13070297241211,-16.255029678344727,-16.27559471130371,-16.41037368774414,-16.729167938232422,-16.910934448242188,-16.8596134185791,-16.807449340820312,-16.48785400390625,-16.13796043395996,-15.960567474365234,-16.133338928222656,-16.31255531311035,-16.22854995727539,-16.143115997314453,-16.33573341369629,-16.63147735595703,-16.564916610717773,-16.328779220581055,-16.30091667175293,-16.484046936035156,-16.589277267456055,-16.39091682434082,-16.140443801879883,-15.971126556396484,-15.817545890808105,-15.53158187866211,-15.076692581176758,-14.784065246582031
-14.09900951385498,-14.52087688446045,-15.178642272949219,-15.85547924041748,-16.2386474609375,-16.377540588378906,-16.455617904663086,-16.57345199584961,-16.68998146057129,-16.646484375,-16.476503372192383,-16.25847816467285,-16.033723831176758,-15.783365249633789,-15.499982833862305,-15.392237663269043,-15.444753646850586,-15.439109802246094,-15.487813949584961,-15.775078773498535,-16.10966682434082,-16.25872230529785,-16.10100555419922,-15.754603385925293,-15.586411476135254,-15.503217697143555,-15.56238079071045,-15.544865608215332,-15.473933219909668,-15.3850736618042,-15.536263465881348,-15.791838645935059,-15.902178764343262,-15.66219425201416,-15.553391456604004,-15.82009220123291,-16.021682739257812,-15.923409461975098,-15.600366592407227,-15.397295951843262,-15.299980163574219,-14.995125770568848,-14.467280387878418,-14.152300834655762
-13.270729064941406,-13.779539108276367,-14.263625144958496,-14.734453201293945,-15.215435981750488,-15.637653350830078,-15.972491264343262,-16.038593292236328,-15.987312316894531,-16.143869400024414,-16.283567428588867,-16.0349063873291,-15.719398498535156,-15.26340389251709,-14.972699165344238,-14.873396873474121,-14.819061279296875,-14.818338394165039,-14.887164115905762,-15.006028175354004,-15.199463844299316,-15.267791748046875,-15.22479248046875,-15.049856185913086,-14.956892967224121,-14.94648551940918,-14.89321517944336,-14.869396209716797,-14.762530326843262,-14.650301933288574,-14.631183624267578,-14.74239444732666,-14.884378433227539,-14.907533645629883,-14.728605270385742,-14.990151405334473,-15.243638038635254,-15.170992851257324,-14.708528518676758,-14.434887886047363,-14.497203826904297,-14.377144813537598,-13.988616943359375,-13.64814567565918
-12.156880378723145,-12.59998607635498,-13.209779739379883,-13.784370422363281,-14.334818840026855,-14.849544525146484,-15.256765365600586,-15.360075950622559,-15.286683082580566,-15.374351501464844,-15.609757423400879,-15.660720825195312,-15.435571670532227,-14.99423885345459,-14.577152252197266,-14.422113418579102,-14.341926574707031,-14.290474891662598,-14.316685676574707,-14.23849105834961,-14.261103630065918,-14.195818901062012,-14.277511596679688,-14.434375762939453,-14.351326942443848,-14.222986221313477,-14.249419212341309,-14.329856872558594,-14.219347953796387,-13.928362846374512,-13.758162498474121,-13.817707061767578,-13.885966300964355,-13.777265548706055,-13.59302043914795,-13.76555347442627,-14.278279304504395,-14.485684394836426,-14.100037574768066,-13.624747276306152,-13.424798011779785,-13.398472785949707,-13.351021766662598,-13.183759689331055
-11.216670036315918,-11.537528991699219,-12.022734642028809,-12.643304824829102,-13.229305267333984,-13.82675838470459,-14.335246086120605,-14.60861587524414,-14.712172508239746,-14.748190879821777,-14.785750389099121,-14.8330717086792,-14.819585800170898,-14.697341918945312,-14.45913314819336,-14.202750205993652,-13.861721992492676,-13.499022483825684,-13.358749389648438,-13.457825660705566,-13.38447093963623,-13.300856590270996,-13.247964859008789,-13.422420501708984,-13.482580184936523,-13.427159309387207,-13.52060317993164,-13.622650146484375,-13.679573059082031,-13.374236106872559,-13.06795597076416,-12.913615226745605,-12.90196418762207,-12.873283386230469,-12.714285850524902,-12.57591438293457,-12.890853881835938,-13.39919376373291,-13.407005310058594,-13.009622573852539,-12.750103950500488,-12.69032096862793,-12.777409553527832,-12.646528244018555
-10.395683288574219,-10.636974334716797,-11.05177116394043,-11.53899097442627,-12.116800308227539,-12.766803741455078,-13.352394104003906,-13.757059097290039,-13.954390525817871,-14.054378509521484,-14.071139335632324,-14.037580490112305,-14.023662567138672,-14.054856300354004,-14.024683952331543,-13.820601463317871,-13.460661888122559,-13.048941612243652,-12.76229190826416,-12.692766189575195,-12.723677635192871,-12.625664710998535,-12.40200138092041,-12.317645072937012,-12.40135383605957,-12.493268013000488,-12.505698204040527,-12.620890617370605,-12.713099479675293,-12.597737312316895,-12.432897567749023,-12.265331268310547,-12.054677963256836,-11.949575424194336,-11.988178253173828,-12.0263671875,-12.02145767211914,-12.0690336227417,-12.254539489746094,-12.327207565307617,-12.257242202758789,-12.203763008117676,-12.214795112609863,-12.095606803894043
-9.715492248535156,-9.7921142578125,-10.135910034179688,-10.60080337524414,-11.124876976013184,-11.623876571655273,-12.2137451171875,-12.840964317321777,-13.233686447143555,-13.343961715698242,-13.313153266906738,-13.2444429397583,-13.242265701293945,-13.291868209838867,-13.242599487304688,-13.059212684631348,-12.764851570129395,-12.495699882507324,-12.253971099853516,-12.07385540008545,-11.995073318481445,-11.860352516174316,-11.663357734680176,-11.573246955871582,-11.664416313171387,-11.670406341552734,-11.588057518005371,-11.577960014343262,-11.620847702026367,-11.603362083435059,-11.6343994140625,-11.611715316772461,-11.432783126831055,-11.15186882019043,-10.998647689819336,-11.20293140411377,-11.436351776123047,-11.428845405578613,-11.389223098754883,-11.399709701538086,-11.483793258666992,-11.5362548828125,-11.502806663513184,-11.373181343078613
