data/wind_data/wind_68_3.json
{"header": {"parameterUnit": "KT", "parameterCategory": 2, "nx": 256, "ny": 198, "lo1": 44.73521041870117, "la1": -3.236724853515625, "lo2": 111.26478576660156, "la2": 43.468475341796875, "dx": 0.2609002888202667, "dy": -0.23708222806453705, "refTime": "2025-02-21 20:00:00", "forecastTime": 0, "parameterNumber": 2, "parameterNumberName": "eastward_wind"}, "data":
[rows 0 to 18 of 198, columns 176 to 219 of 256]
9.166847229003906,9.45114803314209,9.470845222473145,9.26919174194336,8.588082313537598,8.077470779418945,8.476261138916016,9.132149696350098,9.71033763885498,10.53712272644043,11.871407508850098,12.682222366333008,12.675464630126953,12.414349555969238,11.956336975097656,11.027268409729004,9.68164348602295,9.81319522857666,11.013854026794434,10.738340377807617,9.600000381469727,8.900567054748535,8.38884162902832,7.989911079406738,7.706088066101074,7.628502368927002,7.415526390075684,6.562983512878418,5.788161277770996,5.457860946655273,5.5329813957214355,6.151889324188232,6.722402572631836,7.0807366371154785,7.523098468780518,8.091471672058105,8.376876831054688,8.378055572509766,8.24130916595459,7.96246337890625,7.573133945465088,7.134912014007568,7.034546375274658,6.991031169891357
10.005693435668945,10.206964492797852,10.800677299499512,11.402565002441406,10.7431001663208,9.762025833129883,10.072200775146484,10.83389949798584,11.239524841308594,12.034001350402832,13.623419761657715,14.345271110534668,13.382648468017578,12.491211891174316,12.03614330291748,11.007561683654785,9.39043140411377,9.405234336853027,11.02390193939209,10.956924438476562,9.530006408691406,8.394576072692871,7.565546035766602,7.250184059143066,6.821764945983887,6.43366813659668,6.409538269042969,5.883770942687988,5.281549453735352,5.273952484130859,5.448462009429932,5.600623607635498,5.844831943511963,6.257650852203369,6.965754508972168,7.941407680511475,8.141633033752441,7.599207878112793,7.2454023361206055,7.110645294189453,6.844719409942627,6.451937198638916,6.45583438873291,7.100640296936035
10.537965774536133,10.595552444458008,11.178921699523926,11.932228088378906,11.926433563232422,11.22827434539795,10.532695770263672,10.107160568237305,9.78607177734375,9.946861267089844,11.006935119628906,11.586039543151855,10.913300514221191,11.098388671875,12.498889923095703,12.886669158935547,11.652556419372559,10.40791130065918,9.877514839172363,9.256478309631348,8.310155868530273,7.245677471160889,6.400191783905029,6.1289896965026855,5.691784381866455,5.155779838562012,5.213315010070801,5.359200954437256,5.503407001495361,6.17510986328125,6.626436710357666,6.223480224609375,5.885899543762207,6.13309383392334,6.802896022796631,7.611484050750732,7.693120002746582,7.130583763122559,6.663459300994873,6.437184810638428,6.398920059204102,6.667076587677002,7.250894546508789,8.8138427734375
10.683164596557617,10.794021606445312,11.13493537902832,11.641305923461914,12.061285972595215,11.974936485290527,10.986663818359375,9.834952354431152,9.285855293273926,9.135788917541504,9.373859405517578,9.458436965942383,9.265562057495117,10.405597686767578,12.87270450592041,14.198549270629883,13.157183647155762,10.935905456542969,8.77397346496582,7.757214069366455,7.417944431304932,6.607293128967285,5.701362133026123,5.355109691619873,5.032128810882568,4.558053493499756,4.442587852478027,4.938287734985352,5.742863655090332,6.81674861907959,7.415661334991455,6.807342529296875,6.215173244476318,6.465250015258789,6.989513397216797,7.571103096008301,7.66982364654541,7.234711647033691,6.486162185668945,6.262313365936279,6.470583915710449,6.933248519897461,8.463337898254395,9.539289474487305
11.353180885314941,12.165582656860352,12.02087116241455,11.922359466552734,12.20207691192627,13.023097038269043,12.90788745880127,12.610339164733887,13.542699813842773,14.115823745727539,12.95048713684082,10.76339340209961,9.390125274658203,10.135499954223633,11.610733985900879,12.109282493591309,11.11337947845459,9.220842361450195,7.472958564758301,6.847931385040283,7.068517208099365,6.880466461181641,6.079366683959961,5.859159469604492,5.671126365661621,5.103526592254639,4.928220748901367,5.083992958068848,5.753889083862305,6.7133259773254395,7.185730457305908,6.916436672210693,7.061583518981934,7.905378341674805,8.63512897491455,9.678906440734863,10.21786117553711,10.534034729003906,9.189652442932129,8.896204948425293,9.288094520568848,9.404426574707031,10.449405670166016,10.710585594177246
10.456624031066895,11.360815048217773,11.93045711517334,12.060672760009766,12.682243347167969,13.813887596130371,14.064640998840332,13.11974811553955,12.54951286315918,12.046736717224121,10.5890474319458,8.820652961730957,8.525989532470703,9.31889533996582,10.18517017364502,10.040885925292969,9.264769554138184,8.316521644592285,7.646594524383545,6.929711818695068,6.687093257904053,6.743724346160889,6.936855316162109,7.116223335266113,6.839483261108398,6.286440372467041,6.142442226409912,6.231741905212402,6.534222602844238,7.053536415100098,7.674437522888184,7.941953659057617,8.274479866027832,9.06654167175293,9.777676582336426,10.761089324951172,11.151599884033203,9.813121795654297,8.688643455505371,8.463907241821289,8.923260688781738,8.084382057189941,10.232138633728027,12.748190879821777
10.359380722045898,10.538825035095215,10.300897598266602,11.445834159851074,12.848501205444336,13.56932544708252,12.475179672241211,10.435091972351074,10.193706512451172,9.843138694763184,8.700199127197266,7.7265706062316895,8.219316482543945,9.214497566223145,9.395127296447754,9.43934440612793,9.596979141235352,9.128429412841797,8.3009672164917,7.837359428405762,7.136022567749023,6.708775997161865,7.232540607452393,7.676488399505615,7.246868133544922,7.216527462005615,7.848047256469727,7.9461350440979,7.68112325668335,6.8098649978637695,6.048781871795654,6.253936290740967,7.038787841796875,8.35344123840332,9.323946952819824,10.361912727355957,9.698421478271484,9.005127906799316,7.9462971687316895,9.151130676269531,9.230972290039062,8.575748443603516,10.956087112426758,11.046147346496582
9.676403999328613,10.987157821655273,10.523931503295898,9.841950416564941,12.464742660522461,11.834651947021484,10.792377471923828,8.605284690856934,6.566157817840576,7.701680660247803,8.56340217590332,8.183034896850586,8.054603576660156,8.662280082702637,8.475078582763672,8.82926082611084,9.661797523498535,9.657140731811523,8.624424934387207,8.24058723449707,7.65302038192749,7.236586570739746,7.210085391998291,7.103156566619873,6.66298770904541,6.2874531745910645,7.284630298614502,7.664496421813965,6.351432800292969,5.026275634765625,5.452934741973877,7.169309616088867,8.32392406463623,9.092554092407227,9.45478630065918,9.402458190917969,8.19495964050293,7.461733341217041,8.58174991607666,9.201303482055664,9.881290435791016,10.434649467468262,9.08121109008789,5.755074501037598
8.202315330505371,11.86389446258545,10.617273330688477,9.39684772491455,8.270512580871582,11.507588386535645,8.296333312988281,10.297337532043457,4.594457626342773,6.352107524871826,7.478029727935791,7.224435806274414,8.062339782714844,8.799973487854004,8.265366554260254,7.896728515625,7.8560590744018555,8.305834770202637,9.1040620803833,8.534008979797363,7.858295917510986,7.045478820800781,6.588026523590088,5.974027156829834,5.232821464538574,5.4299774169921875,4.553652286529541,4.323903560638428,4.91121244430542,5.40219783782959,6.991232872009277,8.31334400177002,8.63830852508545,9.313457489013672,9.51598072052002,8.465642929077148,7.184783935546875,7.782977104187012,9.781362533569336,10.16690444946289,12.317882537841797,9.941235542297363,5.5319719314575195,5.416285514831543
8.03809642791748,8.89604377746582,8.730622291564941,8.540377616882324,8.8951416015625,8.009008407592773,6.95797061920166,6.819627285003662,6.716784477233887,10.71054458618164,8.808012008666992,4.241093635559082,7.568180084228516,8.236138343811035,6.662548065185547,6.531062126159668,8.235328674316406,6.831699848175049,7.823890686035156,7.246884822845459,6.695874214172363,7.404724597930908,4.739748477935791,4.233806610107422,5.2322797775268555,4.560042381286621,4.32528829574585,3.068578004837036,3.831312894821167,6.132871627807617,7.642399787902832,8.539555549621582,8.951311111450195,9.32565975189209,9.257623672485352,8.646956443786621,7.998021602630615,7.89229154586792,10.146074295043945,12.498732566833496,12.53544807434082,10.527606964111328,8.1011381149292,10.572786331176758
7.076254844665527,7.216133117675781,7.422600269317627,7.733447074890137,7.663348197937012,7.807766437530518,6.207617282867432,6.717352867126465,8.989189147949219,10.331033706665039,7.658490180969238,5.250484466552734,6.069131374359131,5.288887977600098,5.380385398864746,5.054361820220947,6.666675090789795,5.872772693634033,5.355376720428467,4.9362053871154785,0.24225114285945892,7.034574508666992,5.654996395111084,4.3484272956848145,4.805438995361328,4.100587368011475,4.314030170440674,4.5846781730651855,5.417006015777588,6.930935859680176,8.299118041992188,8.555042266845703,8.682161331176758,8.232946395874023,8.501906394958496,7.273019313812256,6.084012985229492,8.370368003845215,9.459665298461914,11.192522048950195,11.052226066589355,8.015290260314941,3.5615971088409424,11.155244827270508
5.872757434844971,6.1344475746154785,5.207247734069824,5.026589870452881,6.78745698928833,6.426314353942871,6.691031455993652,7.8867411613464355,9.517203330993652,8.012845039367676,6.466807842254639,5.9088335037231445,6.686615943908691,5.09476375579834,5.370065689086914,3.5521175861358643,3.0563457012176514,1.371010661125183,3.3074209690093994,3.867600440979004,3.0679943561553955,5.154819965362549,5.298999786376953,4.599955081939697,4.088811874389648,3.8932015895843506,4.537543296813965,5.2050676345825195,6.883507251739502,8.468971252441406,8.510700225830078,7.634571075439453,6.089417934417725,4.812572956085205,5.637540817260742,3.027839422225952,-1.4130438566207886,11.59953784942627,2.6658151149749756,2.8355703353881836,7.728336334228516,8.298601150512695,7.339200973510742,8.922210693359375
5.409398555755615,4.448222637176514,3.3083722591400146,3.5531060695648193,4.940421104431152,4.714300155639648,6.391829490661621,7.732122421264648,5.821998119354248,5.763192653656006,6.306384086608887,6.22641658782959,6.502992153167725,5.239431858062744,4.842574596405029,2.479555368423462,1.0561481714248657,0.3937734365463257,4.151174545288086,3.6758522987365723,3.9995429515838623,4.792087554931641,4.639166355133057,3.9644947052001953,3.63203763961792,4.555107593536377,4.932191371917725,5.9343953132629395,7.276381015777588,8.116244316101074,6.6898016929626465,4.394031047821045,3.1551990509033203,1.290314793586731,3.8907582759857178,5.54650354385376,4.867899417877197,5.593486309051514,9.117789268493652,10.08478832244873,9.759626388549805,8.13798713684082,7.725185394287109,9.217578887939453
4.723538875579834,4.065805435180664,3.150109052658081,2.9444258213043213,2.16682767868042,3.547271490097046,5.96042013168335,7.262808322906494,5.15927791595459,4.62099552154541,4.493550777435303,4.401226997375488,4.946341037750244,5.095200061798096,3.5017337799072266,-0.2761874496936798,0.509562611579895,2.2701869010925293,3.4787728786468506,4.156816482543945,4.115580081939697,4.335040092468262,3.9377527236938477,3.653226852416992,3.6537985801696777,4.413578987121582,5.031580924987793,5.632217884063721,5.847301483154297,5.71800422668457,4.723945140838623,3.4445040225982666,4.1062092781066895,4.745138168334961,4.559296131134033,6.376429557800293,4.347625732421875,4.262704372406006,6.471277713775635,6.813234806060791,6.74813175201416,7.017386436462402,7.402171611785889,8.254495620727539
2.936164617538452,4.920892238616943,2.4772534370422363,1.6993260383605957,0.5793401598930359,1.9995992183685303,4.420016288757324,5.442399501800537,4.364714622497559,4.255126953125,4.541004657745361,3.5496292114257812,2.9209840297698975,3.4475581645965576,1.1655161380767822,0.3487319350242615,1.1880477666854858,2.2204465866088867,3.309784173965454,4.089146137237549,4.015365123748779,3.679013252258301,3.0371546745300293,2.5875470638275146,3.3343088626861572,4.328275680541992,3.9998691082000732,3.78513765335083,3.9327332973480225,4.354655742645264,4.281533241271973,4.877773284912109,6.039000034332275,4.964298725128174,3.3397531509399414,3.425196409225464,3.610318422317505,5.918671607971191,8.211738586425781,8.693283081054688,7.466712474822998,6.870416164398193,7.686921119689941,8.254598617553711
1.2022241353988647,2.8881924152374268,2.5929107666015625,2.058715581893921,0.9726642966270447,1.2461093664169312,2.1914751529693604,3.392103433609009,2.6893527507781982,3.5275561809539795,4.064863681793213,2.577791929244995,1.6124428510665894,1.2649669647216797,0.41735702753067017,0.6575732827186584,1.240620493888855,1.8020979166030884,2.9924962520599365,3.4764699935913086,3.2744100093841553,2.99940824508667,1.9048017263412476,1.4648706912994385,2.3304250240325928,3.7025179862976074,2.0162432193756104,1.1367350816726685,1.6571017503738403,3.3021163940429688,3.6610496044158936,2.448129653930664,1.8985310792922974,2.3931639194488525,1.52614426612854,3.37807035446167,4.749342441558838,6.322105407714844,7.868557453155518,7.542032718658447,6.9427595138549805,6.647029399871826,6.714441299438477,6.633202075958252
-1.3346089124679565,1.2826048135757446,3.319547176361084,2.1405725479125977,1.420986533164978,0.755592942237854,0.6077426671981812,0.9312938451766968,1.0020709037780762,3.3600316047668457,1.669167160987854,1.5804795026779175,1.5047123432159424,-0.13668689131736755,-1.056204080581665,-0.4280538558959961,0.5812535285949707,1.505920648574829,2.5704569816589355,2.708498477935791,1.84859037399292,0.9060705304145813,-0.18934087455272675,-0.032541822642087936,1.1020675897598267,0.80129474401474,-0.42926183342933655,0.8094441294670105,2.4311583042144775,2.4739978313446045,0.3590956926345825,0.7506754994392395,1.6046223640441895,3.3835608959198,3.128632068634033,4.002734184265137,5.177793025970459,5.778090476989746,6.587488174438477,7.500255107879639,6.96483039855957,6.3275580406188965,5.834515571594238,4.721474647521973
2.507047414779663,2.3507988452911377,1.8979554176330566,0.8761975765228271,0.6844320893287659,0.7383480072021484,-1.3914780616760254,-0.6268278360366821,1.283973217010498,4.631832122802734,-1.5541452169418335,-0.2611379325389862,-0.49917566776275635,-1.3106188774108887,-1.9160637855529785,-0.5505889654159546,0.2928451895713806,1.1087476015090942,0.07327976822853088,-1.2836885452270508,-0.46040260791778564,0.08841569721698761,-0.06241217255592346,-0.43353089690208435,-0.790632963180542,-0.7211388945579529,0.8380097150802612,1.910577416419983,1.1327248811721802,-0.22127129137516022,-1.741226077079773,0.13012920320034027,0.7404463887214661,2.3081672191619873,3.1908669471740723,4.282530307769775,4.166741847991943,4.480340480804443,5.225631237030029,5.623777866363525,5.299468994140625,4.750704765319824,3.343642234802246,2.7356748580932617
1.1302309036254883,0.5947219133377075,0.10928109288215637,-0.6116527915000916,-2.1520204544067383,-2.215562582015991,-2.6546337604522705,-0.37386780977249146,0.6199935674667358,0.6461146473884583,-1.188866138458252,-1.9618136882781982,-2.244946241378784,-1.251678228378296,0.946498692035675,-0.38891613483428955,-0.8809223771095276,-1.7473502159118652,-2.4344661235809326,-3.0654306411743164,1.3390824794769287,-5.02255916595459,-0.05339481681585312,-0.49971333146095276,-0.9474406242370605,-0.8003811836242676,0.5073642134666443,-0.005489950068295002,-2.140523672103882,-3.4963219165802,-4.748741626739502,-1.8809120655059814,-0.41928020119667053,0.9156169295310974,2.966832160949707,3.34289813041687,3.218630790710449,3.3971920013427734,2.584724187850952,2.641486167907715,3.0707552433013916,2.519812822341919,2.009870767593384,3.457825183868408
