data/wind_data/wind_49_6.json
{"header": {"parameterUnit": "KT", "parameterCategory": 2, "nx": 256, "ny": 198, "lo1": 44.73521041870117, "la1": -3.236724853515625, "lo2": 111.26478576660156, "la2": 43.468475341796875, "dx": 0.2609002888202667, "dy": -0.23708222806453705, "refTime": "2025-02-21 01:00:00", "forecastTime": 0, "parameterNumber": 2, "parameterNumberName": "eastward_wind"}, "data":
[rows 0 to 19 of 198, columns 132 to 175 of 256]
-7.593034267425537,-7.297083377838135,-7.0785064697265625,-6.8156514167785645,-6.222795009613037,-5.5701985359191895,-5.211421012878418,-5.017885208129883,-5.119289875030518,-4.9275593757629395,-3.8689334392547607,-2.8949687480926514,-2.3559012413024902,-2.0673930644989014,-2.069791555404663,-1.861751914024353,-1.3301621675491333,-1.769312858581543,-3.1390230655670166,-2.985999822616577,-1.6386959552764893,-0.8002557158470154,-0.23916076123714447,0.23872891068458557,0.6155840754508972,0.9089400172233582,1.1118732690811157,1.2722339630126953,1.2244616746902466,0.6094276905059814,0.1904304027557373,0.566122829914093,0.9353922605514526,0.9011903405189514,1.3997128009796143,2.8145015239715576,3.385730504989624,2.8433687686920166,2.817455530166626,3.3235831260681152,3.5593996047973633,3.6152803897857666,3.9053962230682373,4.4174089431762695
-7.966673851013184,-7.193986892700195,-6.778508186340332,-6.472537994384766,-5.835334777832031,-5.242207050323486,-5.064777374267578,-5.0280303955078125,-4.980703353881836,-4.5616326332092285,-3.494168281555176,-2.5636680126190186,-2.1731021404266357,-1.9168704748153687,-1.505873203277588,-1.2599375247955322,-1.2587361335754395,-1.7604951858520508,-2.749554395675659,-2.4468600749969482,-1.291880488395691,-0.6189067959785461,-0.09871315956115723,0.3043195903301239,0.5369651317596436,0.6971360445022583,0.9715836048126221,1.3735377788543701,1.8060797452926636,2.0195162296295166,2.278148651123047,2.9628398418426514,3.6187736988067627,3.925326347351074,4.125349521636963,4.67194938659668,4.947041988372803,4.2448410987854,3.510986804962158,3.399003505706787,3.4560225009918213,3.5414209365844727,3.889073133468628,4.134089469909668
-6.928692817687988,-6.060753345489502,-5.289342880249023,-4.9496259689331055,-5.195847511291504,-5.558839797973633,-5.373718738555908,-4.765946388244629,-3.8426778316497803,-3.121583938598633,-2.8632874488830566,-2.4963388442993164,-1.8869810104370117,-1.4666868448257446,-1.282019853591919,-1.2877532243728638,-1.266256332397461,-1.021985650062561,-0.7681457996368408,-0.4710584580898285,-0.4695339500904083,-0.7897155284881592,-0.8462479710578918,-0.3735964596271515,0.3216727375984192,0.8789577484130859,1.3622660636901855,1.7395515441894531,2.308208465576172,3.120985984802246,3.839155673980713,4.524072170257568,4.938807010650635,4.883931636810303,4.473878383636475,4.023494243621826,3.8006973266601562,3.5222573280334473,2.9390621185302734,2.5266342163085938,2.308189868927002,2.2150354385375977,2.669630765914917,3.4470696449279785
-5.942444324493408,-5.293216228485107,-4.33326530456543,-4.127218723297119,-4.918776512145996,-5.969453811645508,-5.719226837158203,-4.536553382873535,-2.7979562282562256,-1.7335625886917114,-2.203738212585449,-2.572676181793213,-1.9837312698364258,-1.559970736503601,-1.4498343467712402,-1.6359002590179443,-1.653285026550293,-1.2117233276367188,-0.3273693323135376,-0.10764358937740326,-0.989521861076355,-2.035557508468628,-2.457052707672119,-1.952850103378296,-0.9566383957862854,-0.07100450992584229,0.6907840967178345,1.3042032718658447,1.9149158000946045,2.7028439044952393,3.3383235931396484,3.756831645965576,3.6934289932250977,3.1311357021331787,2.2555761337280273,1.3732292652130127,1.327524185180664,1.780831217765808,1.6072330474853516,1.5161240100860596,1.522741675376892,1.4336737394332886,1.8002090454101562,2.45444393157959
-6.919806957244873,-6.191893100738525,-6.129136562347412,-6.815976142883301,-5.741563320159912,-6.994495868682861,-7.031153678894043,-5.759444713592529,-4.624831676483154,-3.639373540878296,-3.6144628524780273,-4.113157272338867,-5.532116889953613,-6.809769153594971,-5.163707256317139,-5.3964667320251465,-5.347462177276611,-5.735010147094727,-5.589439392089844,-4.836353302001953,-5.0184431076049805,-5.729653835296631,-5.740116596221924,-5.108173847198486,-4.733813285827637,-4.23902702331543,-3.312836170196533,-2.372135639190674,-1.891860842704773,-2.409766674041748,-3.5252609252929688,-3.934549331665039,-3.726153612136841,-3.4979147911071777,-3.623656988143921,-3.220533847808838,-2.0384068489074707,-1.3082938194274902,-0.5991002321243286,1.632912039756775,2.318587064743042,1.5685878992080688,0.8928565979003906,0.04594838246703148
-6.783498287200928,-7.080533027648926,-7.31500244140625,-7.729930877685547,-7.055042266845703,-7.821704864501953,-8.343375205993652,-6.919105052947998,-6.134074687957764,-5.076211929321289,-4.744941711425781,-5.563730716705322,-7.4118218421936035,-8.339799880981445,-7.86848258972168,-7.635151386260986,-7.61656379699707,-8.57591724395752,-9.353020668029785,-8.97327995300293,-8.307479858398438,-7.69058084487915,-6.677645683288574,-5.3476033210754395,-4.284486293792725,-3.4731807708740234,-2.752584218978882,-2.0875627994537354,-1.7099602222442627,-2.025770425796509,-2.616746425628662,-3.0207643508911133,-2.8068721294403076,-2.3208701610565186,-1.99088716506958,-2.6402180194854736,-2.4501383304595947,-1.5075520277023315,-1.4027742147445679,0.11745912581682205,-1.2188547849655151,-0.8421168923377991,-1.3736921548843384,-2.6377336978912354
-6.905917644500732,-7.708821773529053,-8.036593437194824,-8.091058731079102,-8.298230171203613,-8.850651741027832,-8.252524375915527,-5.743928909301758,-6.013326168060303,-5.959101676940918,-5.493727684020996,-6.381942272186279,-8.82528018951416,-9.47827434539795,-8.704455375671387,-8.730061531066895,-9.3017578125,-10.590892791748047,-11.448315620422363,-11.119176864624023,-10.010644912719727,-8.6907320022583,-7.247681617736816,-5.742844581604004,-4.5580854415893555,-3.7373595237731934,-3.560795545578003,-3.87986421585083,-4.2919087409973145,-4.320771217346191,-3.929074287414551,-3.504690170288086,-3.067656993865967,-2.9262735843658447,-2.231374502182007,-4.0657243728637695,-3.957045555114746,-2.847921133041382,-2.910355806350708,-3.2867484092712402,-3.3396685123443604,-3.435758352279663,-4.985504150390625,-5.992092609405518
-8.235142707824707,-8.210679054260254,-8.494450569152832,-7.80113410949707,-7.682609558105469,-7.796175479888916,-6.645593166351318,-2.8372910022735596,-5.3703999519348145,-6.216733932495117,-6.841854572296143,-8.450045585632324,-10.221125602722168,-10.136521339416504,-9.235179901123047,-9.96048641204834,-10.841466903686523,-11.58203125,-12.138267517089844,-12.091382026672363,-11.289185523986816,-10.077020645141602,-8.38580322265625,-6.568366527557373,-5.072845935821533,-4.494476795196533,-4.681309700012207,-5.617272853851318,-6.031106472015381,-5.595305442810059,-4.700833320617676,-3.7172293663024902,-2.9171738624572754,-2.4374489784240723,-2.682762861251831,-4.800785064697266,-5.474629878997803,-5.191197395324707,-5.087527751922607,-5.637794017791748,-6.1684064865112305,-6.812243938446045,-7.891578674316406,-8.10106086730957
-10.25274658203125,-6.358886241912842,-9.16386890411377,-8.448468208312988,-7.3848042488098145,-7.253077507019043,-7.740312576293945,-5.931769847869873,-6.837630748748779,-7.338968276977539,-8.722541809082031,-10.02493953704834,-10.458369255065918,-9.854167938232422,-10.252043724060059,-11.007525444030762,-11.49059772491455,-11.449517250061035,-11.999984741210938,-12.440812110900879,-12.046332359313965,-11.060114860534668,-9.301769256591797,-7.176663398742676,-5.777976989746094,-5.294782638549805,-5.434470176696777,-5.881209373474121,-6.1244964599609375,-6.069155216217041,-5.7691330909729,-4.49879264831543,-2.271397590637207,-2.582240581512451,-4.483500957489014,-6.916538238525391,-8.076009750366211,-8.03348159790039,-8.175006866455078,-9.794466018676758,-10.963868141174316,-11.233489990234375,-11.08343505859375,-10.64216423034668
-10.761444091796875,-9.88304615020752,-10.337665557861328,-9.544913291931152,-8.336345672607422,-8.141748428344727,-8.514358520507812,-8.12740421295166,-8.931845664978027,-10.491541862487793,-11.054560661315918,-10.566680908203125,-9.68750286102295,-9.759305000305176,-10.788578987121582,-11.505904197692871,-11.379926681518555,-10.912026405334473,-11.090620994567871,-11.381796836853027,-11.492539405822754,-11.006437301635742,-9.536164283752441,-7.810194492340088,-6.979510307312012,-6.752744197845459,-6.9088897705078125,-5.664997577667236,-4.741470813751221,-4.7771477699279785,-5.358969688415527,-5.035647869110107,-3.291316032409668,-4.078684329986572,-7.727625370025635,-9.191178321838379,-10.034467697143555,-10.316376686096191,-10.921833038330078,-12.264522552490234,-12.777495384216309,-13.284354209899902,-13.673685073852539,-12.899418830871582
-11.427807807922363,-11.206771850585938,-11.068586349487305,-10.306347846984863,-9.046623229980469,-8.433085441589355,-8.47232437133789,-8.736601829528809,-9.543195724487305,-10.343962669372559,-10.747283935546875,-10.868659973144531,-10.598244667053223,-10.220877647399902,-11.55868148803711,-11.632927894592285,-11.230903625488281,-10.904533386230469,-11.040731430053711,-11.31153392791748,-11.299092292785645,-10.861281394958496,-9.962886810302734,-8.889334678649902,-7.833413600921631,-7.175670623779297,-6.683542728424072,-5.758703231811523,-5.390286922454834,-6.019233226776123,-5.955990791320801,-6.416999816894531,-8.046163558959961,-9.452352523803711,-10.293327331542969,-10.594236373901367,-11.113578796386719,-11.739869117736816,-11.588698387145996,-11.629562377929688,-12.214859008789062,-13.53266716003418,-13.566398620605469,-13.229762077331543
-12.333280563354492,-12.172948837280273,-11.735655784606934,-10.98692512512207,-9.609090805053711,-8.900012016296387,-9.231358528137207,-10.28264331817627,-11.060511589050293,-11.0488862991333,-11.140403747558594,-10.446137428283691,-10.980621337890625,-10.731368064880371,-10.865498542785645,-11.320486068725586,-10.960091590881348,-10.852252960205078,-10.180439949035645,-10.216631889343262,-11.86429214477539,-11.867425918579102,-9.38408374786377,-8.352020263671875,-7.679625511169434,-7.347004413604736,-7.272061347961426,-8.027406692504883,-7.758011341094971,-7.808797836303711,-8.01857852935791,-7.939255714416504,-10.714571952819824,-12.097535133361816,-11.499256134033203,-10.711732864379883,-11.22324275970459,-13.45153522491455,-11.715386390686035,-11.081799507141113,-11.731712341308594,-12.893542289733887,-10.733712196350098,-9.655152320861816
-12.868587493896484,-13.242288589477539,-12.833708763122559,-11.650494575500488,-10.087875366210938,-9.699418067932129,-10.677082061767578,-11.919061660766602,-11.908187866210938,-11.730280876159668,-11.361261367797852,-11.026838302612305,-11.604092597961426,-10.623706817626953,-10.589571952819824,-10.937524795532227,-10.244446754455566,-9.39515209197998,-8.879830360412598,-9.709190368652344,-10.443961143493652,-7.70178747177124,-6.541586399078369,-6.993244647979736,-7.667945384979248,-8.177375793457031,-8.307516098022461,-8.202483177185059,-8.539236068725586,-8.679330825805664,-7.922148704528809,-8.14988899230957,-11.243363380432129,-13.745773315429688,-12.455635070800781,-10.303021430969238,-10.35879135131836,-11.355114936828613,-10.924018859863281,-11.742115020751953,-11.737627029418945,-13.773543357849121,-13.09880256652832,-13.041318893432617
-10.761841773986816,-12.572855949401855,-12.435030937194824,-11.767343521118164,-10.510891914367676,-10.698373794555664,-11.91674518585205,-12.336343765258789,-11.81053352355957,-12.224472999572754,-13.309518814086914,-13.52415943145752,-11.759003639221191,-9.355043411254883,-10.455812454223633,-10.567042350769043,-9.42075252532959,-8.5061616897583,-7.947735786437988,-7.6242995262146,-6.494791507720947,-3.9834630489349365,-4.345646858215332,-7.274272918701172,-8.357502937316895,-8.628463745117188,-8.331891059875488,-7.87849760055542,-7.970829486846924,-7.339260101318359,-5.879420280456543,-5.428861141204834,-8.255756378173828,-12.561467170715332,-9.665400505065918,-9.857695579528809,-11.031851768493652,-10.190235137939453,-11.317516326904297,-12.788863182067871,-13.802571296691895,-12.12038516998291,-12.837056159973145,-13.996170997619629
-7.026636123657227,-9.279627799987793,-12.755525588989258,-12.022455215454102,-12.004770278930664,-11.509820938110352,-11.80810546875,-11.821208000183105,-11.754949569702148,-11.652782440185547,-11.002462387084961,-9.3883638381958,-8.551034927368164,-4.710685729980469,-8.904218673706055,-10.199485778808594,-8.842623710632324,-7.681286811828613,-6.837033271789551,-6.46854305267334,-5.470186710357666,-3.878556251525879,-2.7485814094543457,-4.944130897521973,-8.62551212310791,-9.855684280395508,-7.680871486663818,-7.657954692840576,-6.906169891357422,-5.124391078948975,-3.7123918533325195,-2.7095892429351807,-1.9750008583068848,-6.224334239959717,-6.727025985717773,-6.343480587005615,-12.628630638122559,-11.43586540222168,-12.368003845214844,-12.570378303527832,-12.385111808776855,-11.190645217895508,-11.38874340057373,-13.490851402282715
-12.279107093811035,-11.912368774414062,-11.621358871459961,-11.876120567321777,-11.952912330627441,-11.738224983215332,-11.1953706741333,-9.676926612854004,-9.218939781188965,-8.18050765991211,-5.495400905609131,-4.351136207580566,-5.621304512023926,-8.295119285583496,-9.944289207458496,-8.83946418762207,-8.584664344787598,-6.117205619812012,-6.040049076080322,-6.8137383460998535,-6.727859020233154,-5.640284538269043,-4.618648052215576,-4.751672744750977,-4.172354698181152,-3.562244176864624,-4.446368217468262,-6.59469747543335,-6.208214282989502,-4.706965446472168,-3.4792449474334717,-3.276137113571167,-5.877803325653076,-12.065777778625488,-10.690400123596191,-11.1041259765625,-11.53697681427002,-11.720370292663574,-10.741116523742676,-10.012931823730469,-10.989333152770996,-11.591010093688965,-12.87685775756836,-11.562750816345215
-14.690229415893555,-13.397109985351562,-10.920409202575684,-9.544498443603516,-10.122989654541016,-9.977974891662598,-10.484067916870117,-7.5189948081970215,-5.794395923614502,-4.776552677154541,-5.2387590408325195,-8.406878471374512,-9.09603214263916,-5.561196327209473,-2.6222307682037354,-9.866488456726074,-8.615918159484863,-6.964691162109375,-7.085259437561035,-7.994683742523193,-8.622050285339355,-8.755369186401367,-7.46464729309082,-5.731778144836426,-3.8144454956054688,-3.840820550918579,-4.527398586273193,-5.974756240844727,-5.724880695343018,-5.429718017578125,-4.803955078125,-5.49611234664917,-10.256524085998535,-13.544808387756348,-11.755050659179688,-11.703109741210938,-12.295757293701172,-12.1226806640625,-12.03593635559082,-12.548437118530273,-15.22844123840332,-16.895261764526367,-15.590206146240234,-9.691020011901855
-12.30947208404541,-11.231801986694336,-9.282490730285645,-8.140445709228516,-9.227078437805176,-8.491013526916504,-8.913887023925781,-5.322444438934326,-3.507727861404419,-3.9268598556518555,-4.749269008636475,-7.1057610511779785,-8.241353034973145,-7.423590183258057,-9.884294509887695,-11.94613265991211,-8.204835891723633,-8.191635131835938,-8.53168773651123,-9.021129608154297,-10.63204574584961,-10.843162536621094,-8.446078300476074,-7.274928569793701,-8.785737037658691,-6.646128177642822,-7.0597639083862305,-5.6640143394470215,-5.581071853637695,-6.297310829162598,-6.420680522918701,-6.905139923095703,-8.876599311828613,-12.160256385803223,-12.315292358398438,-11.786886215209961,-11.967771530151367,-13.6109037399292,-15.495184898376465,-16.79388999938965,-17.1377010345459,-16.883838653564453,-15.326658248901367,-12.393957138061523
-11.672662734985352,-10.365060806274414,-9.500527381896973,-9.132043838500977,-9.599508285522461,-10.719738006591797,-10.96257209777832,-8.741318702697754,-2.470980405807495,-1.8925508260726929,-3.8830296993255615,-5.087896347045898,-6.468875408172607,-7.952609539031982,-9.275411605834961,-9.418985366821289,-7.643318176269531,-8.40733814239502,-9.517570495605469,-10.581722259521484,-11.661419868469238,-11.402861595153809,-8.830831527709961,-6.279115676879883,-8.385687828063965,-7.709282875061035,-6.216932773590088,-5.145914077758789,-5.558382511138916,-6.748692512512207,-6.827304840087891,-7.225576400756836,-9.01615047454834,-11.733871459960938,-12.697627067565918,-12.208230972290039,-12.930829048156738,-14.235376358032227,-15.49312973022461,-17.04584312438965,-18.120996475219727,-17.62078094482422,-16.50881004333496,-14.270974159240723
-11.4175443649292,-10.426119804382324,-9.832969665527344,-9.665960311889648,-10.656736373901367,-11.004532814025879,-9.299064636230469,-7.458828449249268,-4.864421367645264,-4.976804733276367,-5.538712501525879,-5.879441738128662,-6.4561262130737305,-7.3852128982543945,-7.507140159606934,-7.191972732543945,-7.593969821929932,-10.014233589172363,-11.560165405273438,-12.271735191345215,-11.568999290466309,-8.940978050231934,-5.449586391448975,-5.364144802093506,-5.582098960876465,-5.838408946990967,-5.268607139587402,-5.1195292472839355,-6.1196608543396,-7.318782806396484,-8.239923477172852,-9.487295150756836,-10.800033569335938,-11.83583927154541,-12.639423370361328,-13.40166187286377,-14.445832252502441,-15.139094352722168,-16.259716033935547,-17.540077209472656,-18.18177604675293,-17.57342529296875,-16.377197265625,-15.558771133422852
