data/wind_data/wind_21_1.json
{"header": {"parameterUnit": "KT", "parameterCategory": 2, "nx": 256, "ny": 198, "lo1": 44.73521041870117, "la1": -3.236724853515625, "lo2": 111.26478576660156, "la2": 43.468475341796875, "dx": 0.2609002888202667, "dy": -0.23708222806453705, "refTime": "2025-02-19 21:00:00", "forecastTime": 0, "parameterNumber": 2, "parameterNumberName": "eastward_wind"}, "data":
[rows 171 to 189 of 198, columns 0 to 42 of 256]
4.973351955413818,11.99231243133545,4.4419331550598145,-0.12324332445859909,-4.357692241668701,-0.3066045045852661,1.85074782371521,8.727068901062012,7.3778462409973145,0.593596875667572,4.833631992340088,4.564328670501709,12.208989143371582,2.3309500217437744,-9.473832130432129,-1.9094253778457642,-0.719641387462616,2.5416300296783447,-4.650794506072998,-8.897939682006836,-10.0117769241333,-10.63686466217041,-10.496260643005371,-11.59052848815918,-11.617849349975586,-10.542417526245117,-9.765939712524414,-9.180335998535156,-9.4533109664917,-10.143282890319824,-9.513365745544434,-7.650782585144043,-6.1720147132873535,-5.773942947387695,-6.951881408691406,-8.016124725341797,-5.996411323547363,-3.793649196624756,-5.997758388519287,-10.601432800292969,-11.389998435974121,-10.253578186035156,-9.748919486999512
4.301261901855469,13.156499862670898,6.388589382171631,-0.14070886373519897,-6.113149166107178,-0.4480104148387909,5.704738140106201,10.051722526550293,9.477436065673828,10.929069519042969,5.4743571281433105,1.1519830226898193,-1.7004364728927612,-9.751133918762207,-9.204927444458008,-3.7279508113861084,-1.146128535270691,-4.745244026184082,-9.053281784057617,-10.746611595153809,-10.185776710510254,-10.385807037353516,-10.186323165893555,-10.428622245788574,-10.45510196685791,-9.408931732177734,-8.296271324157715,-8.531208992004395,-8.999308586120605,-9.750056266784668,-9.13739013671875,-7.534814357757568,-6.593259334564209,-6.638906002044678,-8.16526985168457,-8.977423667907715,-6.7204508781433105,-4.740066051483154,-7.09844446182251,-11.031339645385742,-12.59829044342041,-12.476973533630371,-9.48199462890625
3.3460991382598877,9.427650451660156,6.786603927612305,1.5991129875183105,-4.0806450843811035,3.8463659286499023,3.5476644039154053,0.6773964762687683,3.9423742294311523,7.1624016761779785,-3.4158976078033447,0.42145803570747375,-4.2409586906433105,-10.730846405029297,-7.599559307098389,-2.8885316848754883,-4.0892558097839355,-12.868687629699707,-12.6763916015625,-12.110183715820312,-10.982852935791016,-10.079647064208984,-9.31472110748291,-9.167024612426758,-9.042999267578125,-8.10246753692627,-7.6175127029418945,-7.534874439239502,-8.077600479125977,-9.35322093963623,-8.812384605407715,-7.775301933288574,-7.963179588317871,-8.356472969055176,-9.736869812011719,-10.765602111816406,-8.606562614440918,-5.8455963134765625,-5.977251052856445,-11.292893409729004,-14.31278133392334,-13.806879997253418,-8.740316390991211
4.090478897094727,9.19992733001709,5.565982341766357,1.370998501777649,-6.630705833435059,-4.544187068939209,-3.5439939498901367,-8.506288528442383,-0.28607892990112305,-3.1943559646606445,-2.6952762603759766,0.2935437560081482,-5.7507734298706055,-12.451544761657715,-9.28758716583252,-1.4573171138763428,-8.408764839172363,-17.13272476196289,-15.955755233764648,-14.388554573059082,-12.553878784179688,-10.375645637512207,-8.504339218139648,-7.712070465087891,-7.5511555671691895,-7.167787075042725,-6.908970832824707,-7.144824028015137,-7.710903167724609,-8.349621772766113,-8.527462005615234,-7.303492546081543,-8.126487731933594,-10.281097412109375,-11.330727577209473,-12.05872631072998,-10.406717300415039,-8.071943283081055,-5.470449924468994,-9.195117950439453,-16.42011070251465,-14.700284957885742,-8.646300315856934
4.435614109039307,8.389433860778809,2.316850185394287,-3.466815710067749,-12.018488883972168,-6.551113128662109,7.011418342590332,-6.453664779663086,-1.9472243785858154,-4.411154270172119,-1.0704376697540283,-0.5275712013244629,-9.291606903076172,-14.885388374328613,-6.845019340515137,-6.257579803466797,-11.80319595336914,-16.023500442504883,-17.929059982299805,-15.75400161743164,-13.844486236572266,-11.528461456298828,-8.72745418548584,-6.623669147491455,-5.77310848236084,-6.133799076080322,-6.506224155426025,-6.907822132110596,-7.053990364074707,-7.511863708496094,-7.457633018493652,-6.475378513336182,-6.77564811706543,-8.294960021972656,-10.46594524383545,-12.264463424682617,-12.554258346557617,-12.719985961914062,-8.68271255493164,-9.563453674316406,-13.08006763458252,-15.066295623779297,-9.08545207977295
5.458629608154297,3.6908440589904785,-3.0150630474090576,-6.7100300788879395,-9.82379150390625,1.4350296258926392,4.668821811676025,-3.6996946334838867,-3.64678692817688,-6.258599281311035,-1.8717447519302368,-5.731398105621338,-11.768387794494629,-12.600934982299805,-7.699125289916992,-11.773086547851562,-13.906312942504883,-14.39829158782959,-17.03908920288086,-15.90891170501709,-13.22091293334961,-11.630936622619629,-9.220608711242676,-6.874756336212158,-4.6504645347595215,-4.5757927894592285,-5.498720645904541,-6.320690155029297,-6.897566795349121,-6.995752811431885,-6.623398780822754,-4.837793827056885,-4.7680768966674805,-5.756820201873779,-6.566886901855469,-10.311955451965332,-15.128750801086426,-16.64445686340332,-14.91136360168457,-10.92186164855957,-7.8400750160217285,-9.232592582702637,-10.108386993408203
3.5916779041290283,-2.3593056201934814,-5.088823318481445,-4.654177665710449,-5.769865989685059,4.838360786437988,2.3292343616485596,-2.6670448780059814,-6.187442302703857,-6.82614803314209,-2.9447391033172607,-6.9313130378723145,-10.676708221435547,-10.726282119750977,-10.422571182250977,-13.020570755004883,-13.462650299072266,-15.142637252807617,-17.279212951660156,-15.373055458068848,-11.502581596374512,-9.703033447265625,-8.33603286743164,-7.177469253540039,-4.938267230987549,-3.591851234436035,-3.7778139114379883,-5.02609920501709,-6.356271266937256,-6.762164115905762,-6.616568565368652,-4.608349323272705,-4.894698619842529,-5.217675685882568,-3.0856704711914062,-4.843635559082031,-17.441492080688477,-20.613689422607422,-15.210518836975098,-7.013210773468018,-4.514645576477051,-6.675876140594482,-10.874493598937988
-2.9994752407073975,-3.5411312580108643,-3.037721872329712,0.9210876226425171,-2.1392581462860107,9.156010627746582,6.910785675048828,-3.5741498470306396,-5.377557754516602,-4.546606063842773,-1.2468838691711426,-4.983299255371094,-8.099445343017578,-8.290189743041992,-12.185212135314941,-14.823348045349121,-12.727295875549316,-13.660137176513672,-15.677488327026367,-13.992500305175781,-10.05889892578125,-7.601679801940918,-5.75214147567749,-5.608344554901123,-5.010716915130615,-3.6323153972625732,-2.7294719219207764,-3.414137363433838,-5.052001953125,-6.59940242767334,-6.27078914642334,-3.995358943939209,-4.661135196685791,-6.095530986785889,-4.755755424499512,-5.919469833374023,-17.10218048095703,-20.381607055664062,-14.71572494506836,-5.51716423034668,-4.4131951332092285,-8.892526626586914,-12.59212589263916
-6.716785907745361,-2.559288740158081,-0.6926795840263367,5.158127784729004,4.8110032081604,9.576054573059082,0.10009298473596573,-5.170081615447998,-5.527538299560547,-2.0890183448791504,0.40263259410858154,-1.2553737163543701,-3.171539068222046,-3.472198247909546,-9.549957275390625,-12.687240600585938,-14.185368537902832,-13.81761646270752,-11.675382614135742,-10.353954315185547,-7.402589321136475,-5.845788955688477,-3.6306068897247314,-2.6335034370422363,-3.2695436477661133,-3.1364243030548096,-2.726440191268921,-2.693974494934082,-3.4986631870269775,-5.772906303405762,-5.704592704772949,-3.9846911430358887,-4.793012619018555,-5.544731140136719,-6.956645488739014,-10.15076732635498,-13.263275146484375,-14.35531997680664,-10.776834487915039,-5.762086391448975,-6.005604267120361,-9.975570678710938,-13.370345115661621
-2.56713604927063,1.3449451923370361,3.5043110847473145,2.2614431381225586,3.850529909133911,1.598410964012146,-3.0292811393737793,-5.0076584815979,-4.251954078674316,-1.0919512510299683,2.9347660541534424,1.1105883121490479,-1.6515763998031616,-3.306227445602417,-5.109746932983398,-7.820539951324463,-12.890344619750977,-11.869365692138672,-7.681854724884033,-4.442715644836426,-2.5252959728240967,-2.8369028568267822,-2.350637435913086,-0.8203285932540894,-0.7045300602912903,-1.1502132415771484,-2.056884765625,-2.4723012447357178,-3.008923292160034,-4.432908535003662,-5.256316184997559,-4.138684272766113,-4.769562244415283,-4.521693229675293,-5.755077362060547,-9.928797721862793,-10.579360961914062,-8.50280475616455,-6.460367679595947,-5.695288181304932,-9.080583572387695,-13.642244338989258,-13.679430961608887
-0.40195682644844055,1.405523419380188,-0.12161888182163239,-2.320841073989868,-5.264993190765381,-3.620201826095581,-3.9390549659729004,-3.5158286094665527,-1.4531773328781128,0.965538740158081,3.877213478088379,2.0584325790405273,0.7627125382423401,-0.043318167328834534,1.7772516012191772,-5.145241737365723,-10.045308113098145,-7.33377742767334,-4.263978481292725,1.0940005779266357,2.5774283409118652,0.6248604655265808,-0.8965808749198914,-0.0792313665151596,0.9505181312561035,1.1753649711608887,0.0704251378774643,-1.2238012552261353,-3.234592914581299,-4.277005672454834,-5.36998987197876,-4.253968238830566,-4.561141490936279,-4.503590106964111,-3.9481234550476074,-7.751758575439453,-9.031641960144043,-9.575080871582031,-9.00076675415039,-11.101072311401367,-13.362165451049805,-13.296890258789062,-11.928600311279297
1.1344019174575806,-1.0324236154556274,-1.7427818775177002,-2.696408748626709,-4.844370365142822,-0.6594619154930115,1.3934926986694336,4.558516025543213,5.768941402435303,6.403883457183838,5.952093601226807,2.955726385116577,2.421931266784668,4.633175849914551,4.944151878356934,-3.9508585929870605,-6.783217430114746,-2.586090564727783,0.8457076549530029,6.190361499786377,5.512165546417236,2.5452260971069336,1.9690955877304077,0.9754570722579956,1.7424781322479248,2.520648241043091,2.5313162803649902,1.0979663133621216,-2.410945415496826,-4.210229873657227,-5.024665355682373,-3.931442975997925,-3.5833027362823486,-4.472967624664307,-3.832468271255493,-3.4892544746398926,-8.727956771850586,-9.960549354553223,-11.323212623596191,-12.894109725952148,-12.63012409210205,-10.637598037719727,-10.210053443908691
0.0339142382144928,-0.6466898322105408,-1.4174312353134155,-0.7375755310058594,0.28618738055229187,4.7370500564575195,5.928974628448486,8.294292449951172,11.222068786621094,9.169090270996094,2.675680160522461,1.2979333400726318,4.775720119476318,4.961095333099365,2.7816333770751953,-2.951197862625122,-2.645766258239746,2.517977476119995,7.10600471496582,10.544881820678711,8.831029891967773,4.64995813369751,3.4753754138946533,3.134413957595825,1.8796342611312866,2.8838086128234863,4.004580497741699,3.8327548503875732,0.13231568038463593,-3.090794801712036,-4.24977970123291,-4.13984489440918,-3.5165112018585205,-4.155084609985352,-6.650254249572754,-4.482326984405518,-3.327605962753296,-7.069207191467285,-9.580052375793457,-11.608378410339355,-10.766331672668457,-9.398002624511719,-8.76234245300293
-0.6946477293968201,-1.8721530437469482,-1.1263142824172974,-0.24969176948070526,4.642195224761963,8.904990196228027,10.117179870605469,12.318406105041504,10.898824691772461,4.988812446594238,-1.0224111080169678,3.042142629623413,-0.8395107388496399,2.383876323699951,4.864742279052734,-1.0622453689575195,1.3287909030914307,6.153017997741699,12.652505874633789,11.839866638183594,7.149700164794922,6.651194095611572,5.345133304595947,4.584204196929932,3.1984286308288574,2.829200029373169,4.1000261306762695,5.778634071350098,3.916329860687256,-0.5714442133903503,-2.9352643489837646,-4.4293670654296875,-3.660175085067749,-4.0789618492126465,-6.897134304046631,-8.096835136413574,-5.887346267700195,-6.587486267089844,-10.002531051635742,-12.866613388061523,-12.009711265563965,-9.612088203430176,-6.420008182525635
0.6843811869621277,2.1149520874023438,2.5433435440063477,3.264094829559326,5.474308013916016,10.945694923400879,10.285055160522461,7.517858505249023,2.1038131713867188,-1.871764063835144,-1.278244972229004,3.0946240425109863,-7.123723030090332,18.56281852722168,0.07017555832862854,-2.675150156021118,4.334720134735107,11.995307922363281,14.93709659576416,8.630180358886719,7.077575206756592,6.884216785430908,6.733057022094727,6.0790886878967285,5.299017906188965,4.05736780166626,4.2173542976379395,5.728363990783691,6.7051801681518555,3.3513927459716797,-1.288166880607605,-4.894545555114746,-3.6792900562286377,-4.812967300415039,-6.601719856262207,-7.969989776611328,-6.925817966461182,-9.975663185119629,-13.137552261352539,-14.318359375,-12.524697303771973,-8.129894256591797,-4.324375629425049
3.1749637126922607,6.489075660705566,4.885436058044434,6.968985557556152,6.840692043304443,9.084888458251953,6.032159805297852,3.4611778259277344,-2.885434627532959,-0.7715033292770386,-0.1290191411972046,5.583907604217529,8.58192253112793,2.7589752674102783,-5.29304313659668,3.5482542514801025,10.676374435424805,14.450629234313965,10.581143379211426,6.943507671356201,8.035980224609375,6.241236686706543,6.190669536590576,7.103857040405273,7.076717853546143,6.415284156799316,4.982385158538818,5.662221908569336,6.266114234924316,7.062899112701416,2.892542839050293,-4.460168838500977,-3.633256196975708,-4.404336452484131,-5.648216247558594,-8.143218994140625,-9.303291320800781,-11.784903526306152,-11.87385082244873,-11.542458534240723,-10.95004940032959,-6.979572772979736,-5.113182544708252
4.909363269805908,5.550137996673584,7.214664459228516,10.799737930297852,7.821710586547852,6.953064441680908,6.093228816986084,0.5243234634399414,-3.0521655082702637,1.061367392539978,1.4691210985183716,17.45305633544922,-5.84060525894165,-7.616000175476074,1.2804028987884521,7.81201696395874,12.753351211547852,13.238423347473145,9.191317558288574,7.625777244567871,7.542606353759766,6.624378681182861,6.3505778312683105,7.040771961212158,7.31398344039917,7.805774211883545,7.138188362121582,6.317540645599365,5.638978004455566,6.900424480438232,7.039366722106934,-0.5876765251159668,-5.753612518310547,-3.283252239227295,-5.1502861976623535,-9.216551780700684,-11.204673767089844,-10.336164474487305,-10.420904159545898,-8.397443771362305,-7.712886333465576,-5.758216381072998,-5.288342475891113
7.233590126037598,8.091225624084473,8.308713912963867,10.761784553527832,3.279268503189087,3.4167935848236084,0.5066964030265808,-1.102718710899353,-1.2751624584197998,-2.480647087097168,15.90188217163086,7.203830718994141,-7.891385078430176,-1.8915743827819824,2.4955387115478516,8.330947875976562,12.202225685119629,10.922551155090332,9.288100242614746,7.7973198890686035,7.499207973480225,6.643182754516602,6.535360813140869,7.110755443572998,5.9791035652160645,7.163713455200195,8.867369651794434,8.00931167602539,6.23343563079834,5.588779926300049,5.822325229644775,4.590670108795166,-6.0251288414001465,-3.522792100906372,-3.835566282272339,-9.356709480285645,-10.0740327835083,-6.105066299438477,-4.974325656890869,-5.698178768157959,-6.376284122467041,-5.611192226409912,-4.918765544891357
9.215998649597168,7.471925258636475,6.720578670501709,8.835213661193848,4.084803581237793,0.335966020822525,0.0931360200047493,-1.428934097290039,-0.6223053336143494,13.024445533752441,9.56157398223877,-4.138566493988037,-0.18485072255134583,0.16164393723011017,5.4957122802734375,11.028282165527344,11.259268760681152,8.778006553649902,8.499199867248535,8.488445281982422,7.666825294494629,6.946983337402344,5.914346218109131,5.664769172668457,5.755264759063721,6.060524940490723,8.564091682434082,9.631744384765625,7.352377414703369,5.939224720001221,3.9591872692108154,7.394075393676758,0.18073521554470062,-4.8668718338012695,-3.1652488708496094,-7.612905025482178,-7.354758262634277,-4.439484119415283,-1.888395071029663,-3.693859577178955,-5.312455177307129,-4.632925510406494,-3.666050910949707
