data/wind_data/wind_12_1.json
{"header": {"parameterUnit": "KT", "parameterCategory": 2, "nx": 256, "ny": 198, "lo1": 44.73521041870117, "la1": -3.236724853515625, "lo2": 111.26478576660156, "la2": 43.468475341796875, "dx": 0.2609002888202667, "dy": -0.23708222806453705, "refTime": "2025-02-19 12:00:00", "forecastTime": 0, "parameterNumber": 2, "parameterNumberName": "eastward_wind"}, "data":
[rows 171 to 189 of 198, columns 172 to 214 of 256]
24.405763626098633,15.228734970092773,5.839587211608887,8.250068664550781,9.725935935974121,9.94481086730957,5.001321792602539,1.6331120729446411,3.023784637451172,4.356349468231201,-8.194783210754395,-2.766369581222534,-2.161900520324707,-0.6113980412483215,2.008068799972534,3.355983018875122,6.0917439460754395,6.668650150299072,5.895068645477295,5.39022970199585,4.0577073097229,6.147334098815918,12.767865180969238,13.269227027893066,10.75421142578125,11.0548095703125,11.863658905029297,11.377714157104492,9.805298805236816,11.862190246582031,12.720744132995605,9.388936996459961,10.116987228393555,8.436363220214844,9.142563819885254,7.2100749015808105,-2.4485034942626953,-10.604063987731934,-6.531418323516846,-3.909902811050415,-4.419922828674316,-0.9697041511535645,4.711472988128662
20.78399085998535,13.454802513122559,9.307153701782227,11.376001358032227,14.456441879272461,11.259227752685547,5.77668571472168,4.680656433105469,7.775266170501709,8.206847190856934,-3.0202231407165527,-1.072040319442749,0.7370089888572693,0.9826574921607971,3.0498263835906982,3.055908679962158,6.922041416168213,5.397559642791748,2.874709367752075,3.3682785034179688,3.6084156036376953,5.4390482902526855,8.17248821258545,9.106108665466309,11.310613632202148,14.254982948303223,15.22846794128418,12.890219688415527,10.447686195373535,12.524434089660645,14.911532402038574,13.279735565185547,10.454323768615723,9.467026710510254,8.220786094665527,0.12604470551013947,-8.847537994384766,-4.409728050231934,-4.966541290283203,-4.193911552429199,-3.0604476928710938,2.1866424083709717,6.705636978149414
13.955188751220703,9.185970306396484,4.691102027893066,6.539682865142822,12.921337127685547,14.32387924194336,9.892594337463379,6.255695819854736,8.87515926361084,7.15572452545166,1.9398852586746216,0.43699029088020325,3.945675849914551,3.402421474456787,3.2978885173797607,2.4573557376861572,6.425107002258301,0.36355483531951904,0.6161530613899231,1.1887907981872559,0.37797248363494873,-0.46782469749450684,2.509246587753296,7.056402683258057,12.907426834106445,17.366451263427734,15.139321327209473,6.004779815673828,8.107208251953125,13.58242416381836,14.787530899047852,13.823431015014648,10.846102714538574,6.707058906555176,2.5524160861968994,-0.8251724243164062,-6.416833400726318,-2.8362343311309814,-3.5334136486053467,-2.3584117889404297,-0.9294102191925049,4.782108783721924,7.251128673553467
0.8007939457893372,2.1989169120788574,4.2916975021362305,6.617156982421875,10.401413917541504,12.51982593536377,9.470342636108398,4.544179916381836,5.3148512840271,5.018414497375488,1.0165420770645142,0.14943020045757294,5.019123077392578,4.631663799285889,4.06619930267334,5.604719161987305,5.30198860168457,-4.679350852966309,1.464268445968628,-2.0456583499908447,-3.939748764038086,-5.065785884857178,2.457078456878662,6.855555534362793,6.945484638214111,8.41477108001709,9.752575874328613,8.707793235778809,10.62215518951416,11.247049331665039,11.948102951049805,7.917553424835205,4.5226898193359375,0.19537688791751862,-0.59581059217453,0.3728911876678467,-0.7932702302932739,1.4979736804962158,-0.9412105083465576,-1.8341840505599976,0.881138026714325,4.435957431793213,0.525783896446228
-2.8569090366363525,-2.6706926822662354,1.8991730213165283,6.224945068359375,6.390384197235107,4.1480712890625,1.9613889455795288,1.2035599946975708,2.0390989780426025,1.4402357339859009,-2.017636775970459,-0.9697656631469727,2.4229090213775635,1.9108353853225708,3.6284003257751465,9.76093578338623,11.445672988891602,0.22647936642169952,-1.0320398807525635,-2.511531114578247,-1.130413293838501,0.6326396465301514,8.588994979858398,10.153590202331543,3.103727102279663,5.409636974334717,11.032355308532715,2.8949036598205566,0.53215092420578,-0.047990113496780396,5.612800121307373,-4.132455348968506,-3.98557448387146,-3.165642738342285,1.746782898902893,4.9320759773254395,4.413078308105469,4.106146812438965,3.8930954933166504,0.30037376284599304,0.8629140853881836,0.2805536985397339,-4.321864604949951
0.7207397818565369,1.5573959350585938,2.3184924125671387,1.7661598920822144,0.1081896722316742,-0.6109662652015686,1.2400577068328857,2.1438050270080566,2.4318926334381104,1.8185003995895386,1.0578646659851074,2.7000434398651123,3.8117480278015137,2.4809186458587646,4.621847152709961,10.27592945098877,9.603283882141113,-0.38242238759994507,-1.370226502418518,0.21208561956882477,0.30261626839637756,0.5203772783279419,7.2881693840026855,9.101016998291016,6.648936748504639,9.386296272277832,13.847627639770508,1.955756664276123,-2.0621449947357178,-0.8214166164398193,5.657598495483398,-0.7111673951148987,-0.34655457735061646,1.3390334844589233,1.6759816408157349,2.0213968753814697,3.3005728721618652,4.33858585357666,5.613013744354248,1.3043349981307983,-0.9604861736297607,-2.0875320434570312,-1.2759226560592651
0.2737679183483124,2.0345702171325684,1.3121405839920044,0.8955479264259338,1.5322545766830444,2.5758211612701416,3.0348246097564697,2.23749041557312,2.5886285305023193,4.302492618560791,4.041459083557129,4.183322429656982,3.8685786724090576,3.2422902584075928,4.07695198059082,4.730865478515625,0.19624970853328705,-2.7306180000305176,1.0992709398269653,0.005985460709780455,0.7451804280281067,1.7739754915237427,7.330850601196289,9.221878051757812,5.180741786956787,7.600536346435547,11.841791152954102,4.702967643737793,0.1709396094083786,3.2762277126312256,3.560490608215332,0.865074872970581,-0.9967217445373535,-2.6368868350982666,-3.5077884197235107,-2.5812206268310547,-0.3773401975631714,1.0572184324264526,0.26390504837036133,-2.8314125537872314,-2.5842747688293457,-0.8757293820381165,0.38672930002212524
0.6774674654006958,0.3907659649848938,1.8793846368789673,2.8281846046447754,2.810936212539673,2.7502098083496094,3.020968437194824,3.7457733154296875,3.131847381591797,3.0282657146453857,2.4132254123687744,1.5904819965362549,1.550182580947876,1.1059802770614624,-0.9341049790382385,-3.5193166732788086,-2.7296700477600098,-0.07436704635620117,2.6480181217193604,1.8768864870071411,2.8104724884033203,5.548586368560791,9.66932487487793,9.085600852966309,3.401733160018921,5.281915187835693,5.907675743103027,2.5452468395233154,2.1892948150634766,2.6562373638153076,0.5201860070228577,-2.290097713470459,-4.391684055328369,-4.4416937828063965,-3.8690237998962402,-4.04470157623291,-4.668952941894531,-4.946995735168457,-5.332995891571045,-3.7528467178344727,-1.8660937547683716,0.5026987791061401,0.535140335559845
1.6089445352554321,1.331225037574768,3.5803370475769043,4.303386688232422,3.9484941959381104,3.100449800491333,2.8379178047180176,3.009140729904175,3.9189321994781494,4.238391876220703,3.5526206493377686,3.409318208694458,2.029883861541748,0.5270821452140808,-0.23312196135520935,0.6555256843566895,0.8185564279556274,1.1273128986358643,1.4426639080047607,2.0004265308380127,2.1732211112976074,3.9749908447265625,5.184182167053223,3.501788854598999,2.0192153453826904,4.771758556365967,6.679470062255859,4.622452735900879,0.09473218023777008,-1.4733941555023193,-1.8578691482543945,-3.352086067199707,-4.729485988616943,-4.598657608032227,-6.335461616516113,-7.124448776245117,-6.8403801918029785,-6.22509765625,-5.3711161613464355,-2.9086549282073975,-0.6143902540206909,0.76288902759552,0.8377163410186768
4.135725975036621,1.8625763654708862,3.8402912616729736,5.4143781661987305,5.277871131896973,3.733255624771118,2.6771397590637207,3.295318841934204,4.652998924255371,5.523280143737793,5.409826755523682,5.299201011657715,3.2403066158294678,1.4906799793243408,2.1144118309020996,2.7145636081695557,2.0189197063446045,1.82345712184906,0.7660910487174988,0.41754093766212463,-0.2013688087463379,0.9715510010719299,2.8201498985290527,2.486525297164917,4.4845099449157715,5.193896293640137,6.085109710693359,1.2506552934646606,-3.6992883682250977,-3.853268623352051,-4.073100566864014,-3.8459270000457764,-2.872204065322876,-3.7423477172851562,-6.163202285766602,-6.580832481384277,-6.876456260681152,-6.644890785217285,-5.5063395500183105,-2.895648241043091,0.01156415045261383,0.3308866620063782,1.6211448907852173
5.833326816558838,3.675492286682129,4.770169258117676,6.5091705322265625,6.185337066650391,4.455925464630127,3.173588275909424,3.6367671489715576,5.105988025665283,6.589134693145752,6.684776306152344,6.6217265129089355,3.9054787158966064,1.518739104270935,2.5514872074127197,3.506619453430176,4.484756946563721,3.264230728149414,0.8408383727073669,-2.1753506660461426,0.10460115969181061,1.4040560722351074,4.06999397277832,3.8104331493377686,5.597918510437012,0.005305503960698843,-3.5359644889831543,-5.798830986022949,-5.632535457611084,-4.4426960945129395,-3.2142183780670166,-1.9614100456237793,0.3829558491706848,-0.7691616415977478,-6.030622482299805,-7.563079833984375,-6.798953056335449,-5.1899309158325195,-4.104248046875,-2.5742380619049072,-1.0630453824996948,-0.12045861035585403,3.1803414821624756
6.421125411987305,4.625242233276367,4.834897518157959,6.488461971282959,6.726017475128174,5.141907691955566,3.6837551593780518,3.7242672443389893,4.615233898162842,5.95259428024292,6.716331481933594,5.992483615875244,1.9271702766418457,0.7306990027427673,2.808553695678711,3.963831901550293,5.999205112457275,3.8931028842926025,-0.314616322517395,-3.128859281539917,-0.7788562178611755,1.2069116830825806,4.926811695098877,3.2621753215789795,-1.5792349576950073,-6.992611408233643,-7.464921951293945,-8.405061721801758,-5.716882705688477,-3.21553635597229,-0.43293294310569763,0.17846806347370148,1.217491865158081,0.18331840634346008,-4.0697712898254395,-6.702948093414307,-6.388362407684326,-4.217825412750244,-2.312617540359497,-2.778764009475708,-2.814683437347412,0.19053620100021362,3.8109817504882812
6.719212055206299,5.780966281890869,5.509255409240723,6.472630977630615,6.583226203918457,5.348747253417969,4.275147438049316,3.5025157928466797,4.38634729385376,5.6960039138793945,7.066360950469971,7.182608127593994,2.8862082958221436,0.36144718527793884,2.3844077587127686,4.744864463806152,6.5077128410339355,4.072429656982422,0.21570780873298645,-2.6175403594970703,-0.9108056426048279,1.201692819595337,4.243214130401611,-0.4741254150867462,-5.6113667488098145,-7.238309860229492,-7.08544921875,-6.536377429962158,-3.561039447784424,-2.7744946479797363,-2.1555802822113037,-2.849304676055908,-3.6838526725769043,-5.072443962097168,-6.263935565948486,-7.940835952758789,-6.894459247589111,-4.741848945617676,-1.9037489891052246,-2.1262147426605225,-3.931157112121582,-0.6413993239402771,2.5230319499969482
5.917447566986084,6.077847480773926,5.930417537689209,6.145715236663818,6.046571254730225,5.769016265869141,4.6211419105529785,3.9843075275421143,4.065676212310791,5.297937870025635,5.640126705169678,7.270308971405029,5.8455963134765625,2.9707021713256836,2.1194608211517334,4.412409782409668,5.2518391609191895,1.4155361652374268,0.8517764210700989,2.144528388977051,0.4694128632545471,-0.04369702190160751,1.3652989864349365,-1.2134371995925903,-4.188807487487793,-5.341460704803467,-4.923203945159912,-4.1503143310546875,-3.7271695137023926,-4.925388813018799,-3.983982563018799,-4.209806442260742,-5.614504814147949,-6.068512439727783,-6.4093217849731445,-7.916632652282715,-6.875358581542969,-3.9884567260742188,-1.7822173833847046,-2.7771174907684326,-4.396299839019775,-3.0973098278045654,-2.176941394805908
5.391142845153809,6.288705348968506,6.807257652282715,6.204243183135986,4.7570013999938965,4.087281703948975,3.1949691772460938,3.510420799255371,4.2197442054748535,5.0640411376953125,6.1038665771484375,5.981325626373291,6.662840366363525,5.765148639678955,2.4057910442352295,3.107844114303589,4.41989803314209,2.024892568588257,1.5928564071655273,4.306095123291016,3.3065452575683594,-0.6089521646499634,-0.5720513463020325,-0.6148729920387268,-1.4143692255020142,-1.461501955986023,-1.7911194562911987,-3.3446853160858154,-4.515214443206787,-4.497674942016602,-3.5187175273895264,-4.005019187927246,-5.428287029266357,-7.140142917633057,-6.377499103546143,-6.409879207611084,-6.009309768676758,-3.100024700164795,-2.397099256515503,-4.389039039611816,-5.229792594909668,-4.620155334472656,-5.023932456970215
2.7074830532073975,2.11623477935791,2.6148953437805176,3.060037612915039,3.231428623199463,2.2573866844177246,1.589843988418579,3.109292507171631,3.3197596073150635,3.3575809001922607,3.665233612060547,3.9647374153137207,3.541470766067505,4.266120433807373,2.6732285022735596,2.1580135822296143,3.2811899185180664,2.8560023307800293,2.2520594596862793,3.3109548091888428,4.058857440948486,1.6528725624084473,-0.2570169270038605,-0.20625349879264832,0.901642382144928,1.7304872274398804,0.8327528238296509,-2.9173104763031006,-4.491095542907715,-4.106561183929443,-3.6689867973327637,-5.307906150817871,-6.79609489440918,-6.964751720428467,-5.995328903198242,-5.137518882751465,-5.175763130187988,-4.059301376342773,-3.400142192840576,-5.407571315765381,-6.117493629455566,-6.012099266052246,-5.1449480056762695
-1.2335114479064941,0.05038401484489441,1.551479458808899,2.5767822265625,3.330942392349243,2.0105369091033936,0.8759585618972778,0.271185964345932,-2.667555332183838,-3.0458531379699707,-2.929016351699829,-2.166867256164551,-1.5108146667480469,0.2545090615749359,1.6078346967697144,2.794142007827759,3.301638126373291,3.6895081996917725,3.0881807804107666,3.185415744781494,4.156161308288574,2.2910397052764893,0.16321009397506714,-1.0671488046646118,0.6044865846633911,5.595837116241455,2.7576980590820312,-1.2506297826766968,-0.9903593063354492,-2.9080052375793457,-4.558866500854492,-5.9903178215026855,-6.844926357269287,-5.513439178466797,-4.118213176727295,-3.4267630577087402,-4.074125289916992,-4.099023342132568,-4.075575351715088,-6.075761795043945,-6.306577205657959,-5.927405834197998,-4.958744525909424
-0.5740551352500916,1.3312748670578003,2.5720558166503906,3.0125110149383545,4.915733814239502,1.5367000102996826,-3.3472177982330322,-5.075053691864014,-5.899293899536133,-4.469155311584473,-4.375680446624756,-3.4957528114318848,-1.179031252861023,0.18306678533554077,2.1694977283477783,2.2732760906219482,2.377603530883789,3.867248773574829,2.196007251739502,1.9643594026565552,1.9595249891281128,-0.9009352326393127,-3.5251219272613525,-4.479206562042236,-0.8431904911994934,6.926564693450928,7.265200138092041,1.0735759735107422,-2.0573644638061523,-4.590777397155762,-4.23283576965332,-3.1007120609283447,-4.130123138427734,-4.187469482421875,-3.7664072513580322,-3.7463245391845703,-3.563183069229126,-3.817788600921631,-4.679162502288818,-5.454925060272217,-5.482325553894043,-5.097533226013184,-4.798974514007568
-1.9444925785064697,-0.479928582906723,1.2008196115493774,2.0004217624664307,5.407957077026367,-1.8936741352081299,-5.784459590911865,-4.991471290588379,-4.818748474121094,-3.0737950801849365,-3.0810225009918213,-1.6432547569274902,2.059058427810669,1.9426970481872559,4.692026138305664,3.1603050231933594,1.4855148792266846,-1.5183138847351074,-5.651180744171143,-4.1970906257629395,-1.5469900369644165,-3.6424596309661865,-3.7062814235687256,-2.071866989135742,1.3948945999145508,7.077861309051514,8.333690643310547,-1.9159400463104248,-7.251525402069092,-5.036683559417725,-2.489187002182007,-3.295171022415161,-5.20272970199585,-5.217365741729736,-5.178832530975342,-5.162788391113281,-4.297003746032715,-4.098567008972168,-3.9951744079589844,-4.1713385581970215,-4.909570217132568,-5.035442352294922,-4.408623695373535
